{
"lowlevel": {
    "average_loudness": 0.162711426616,
    "barkbands_crest": {
        "dmean": 4.68754720688,
        "dmean2": 7.86915826797,
        "dvar": 13.8686761856,
        "dvar2": 39.4211158752,
        "max": 26.5683841705,
        "mean": 14.1121501923,
        "median": 14.0788059235,
        "min": 2.81063103676,
        "stdev": 6.5538482666,
        "var": 42.9529266357
    },
    "barkbands_flatness_db": {
        "dmean": 0.0542215295136,
        "dmean2": 0.0871141403913,
        "dvar": 0.0024220997002,
        "dvar2": 0.00585037888959,
        "max": 0.624977171421,
        "mean": 0.165781497955,
        "median": 0.14119514823,
        "min": 0.016543827951,
        "stdev": 0.107902273536,
        "var": 0.0116429012269
    },
    "barkbands_kurtosis": {
        "dmean": 52.997379303,
        "dmean2": 92.421005249,
        "dvar": 24135.1445312,
        "dvar2": 65929.21875,
        "max": 1713.17895508,
        "mean": 55.4662437439,
        "median": 7.62659597397,
        "min": -1.91696798801,
        "stdev": 161.671325684,
        "var": 26137.6171875
    },
    "barkbands_skewness": {
        "dmean": 2.38708949089,
        "dmean2": 3.88395833969,
        "dvar": 8.79915237427,
        "dvar2": 22.8470077515,
        "max": 31.412815094,
        "mean": 3.98602318764,
        "median": 2.88295078278,
        "min": -2.09832549095,
        "stdev": 4.74618959427,
        "var": 22.5263137817
    },
    "barkbands_spread": {
        "dmean": 18.4662647247,
        "dmean2": 30.6487827301,
        "dvar": 378.489990234,
        "dvar2": 906.608886719,
        "max": 132.130584717,
        "mean": 37.3607444763,
        "median": 26.8099193573,
        "min": 0.0754763707519,
        "stdev": 34.0320281982,
        "var": 1158.17895508
    },
    "dissonance": {
        "dmean": 0.00990313198417,
        "dmean2": 0.0171864163131,
        "dvar": 0.000162328768056,
        "dvar2": 0.000475862703752,
        "max": 0.5,
        "mean": 0.486514508724,
        "median": 0.491601467133,
        "min": 0.387838542461,
        "stdev": 0.01478930749,
        "var": 0.000218723609578
    },
    "dynamic_complexity": 21.1230182648,
    "erbbands_crest": {
        "dmean": 1.76503872871,
        "dmean2": 3.05489826202,
        "dvar": 3.09780478477,
        "dvar2": 8.59830284119,
        "max": 17.6765193939,
        "mean": 5.42509746552,
        "median": 4.86849212646,
        "min": 2.12441945076,
        "stdev": 2.19956278801,
        "var": 4.83807611465
    },
    "erbbands_flatness_db": {
        "dmean": 0.0174457579851,
        "dmean2": 0.0278448518366,
        "dvar": 0.000374360766727,
        "dvar2": 0.000885523390025,
        "max": 0.272205173969,
        "mean": 0.0845632851124,
        "median": 0.0774796828628,
        "min": 0.0339315906167,
        "stdev": 0.0321274846792,
        "var": 0.00103217537981
    },
    "erbbands_kurtosis": {
        "dmean": 1.29597353935,
        "dmean2": 2.14632844925,
        "dvar": 6.74523115158,
        "dvar2": 18.2545661926,
        "max": 45.3580245972,
        "mean": 0.70885938406,
        "median": 0.195295810699,
        "min": -1.70877981186,
        "stdev": 2.57438564301,
        "var": 6.62746095657
    },
    "erbbands_skewness": {
        "dmean": 0.491610080004,
        "dmean2": 0.768332004547,
        "dvar": 0.247634574771,
        "dvar2": 0.574736654758,
        "max": 6.11868429184,
        "mean": -0.27329364419,
        "median": -0.373727917671,
        "min": -3.32256817818,
        "stdev": 0.934287846088,
        "var": 0.872893810272
    },
    "erbbands_spread": {
        "dmean": 16.3109340668,
        "dmean2": 26.514131546,
        "dvar": 234.09828186,
        "dvar2": 614.313354492,
        "max": 157.188598633,
        "mean": 58.1510505676,
        "median": 53.4923286438,
        "min": 6.54321336746,
        "stdev": 27.1282939911,
        "var": 735.944335938
    },
    "hfc": {
        "dmean": 15.2107667923,
        "dmean2": 18.5872650146,
        "dvar": 4382.17871094,
        "dvar2": 7647.18798828,
        "max": 1575.50476074,
        "mean": 46.3827095032,
        "median": 0.0792280510068,
        "min": 3.25250880451e-07,
        "stdev": 206.857040405,
        "var": 42789.8359375
    },
    "loudness_ebu128": {
        "integrated": -19.8622283936,
        "loudness_range": 14.0985984802,
        "momentary": {
            "dmean": 3.14749217033,
            "dmean2": 4.33334493637,
            "dvar": 25.998336792,
            "dvar2": 33.5436019897,
            "max": -11.7684469223,
            "mean": -40.2061080933,
            "median": -45.7074356079,
            "min": -54.3135757446,
            "stdev": 11.5474348068,
            "var": 133.34324646
        },
        "short_term": {
            "dmean": 0.616424560547,
            "dmean2": 0.609839856625,
            "dvar": 2.88455700874,
            "dvar2": 2.38104057312,
            "max": -20.1311206818,
            "mean": -26.8725738525,
            "median": -26.989610672,
            "min": -42.8254318237,
            "stdev": 5.9010887146,
            "var": 34.822845459
        }
    },
    "melbands_crest": {
        "dmean": 6.53089952469,
        "dmean2": 10.9924373627,
        "dvar": 25.9736862183,
        "dvar2": 65.9902496338,
        "max": 39.7912750244,
        "mean": 24.1764984131,
        "median": 24.475315094,
        "min": 2.5857424736,
        "stdev": 9.18704605103,
        "var": 84.4018096924
    },
    "melbands_flatness_db": {
        "dmean": 0.0584644563496,
        "dmean2": 0.0937797725201,
        "dvar": 0.0025658137165,
        "dvar2": 0.00567398220301,
        "max": 0.749297380447,
        "mean": 0.220594450831,
        "median": 0.210329696536,
        "min": 0.0186636634171,
        "stdev": 0.121429570019,
        "var": 0.0147451404482
    },
    "melbands_kurtosis": {
        "dmean": 93.3074188232,
        "dmean2": 162.297805786,
        "dvar": 71445.2734375,
        "dvar2": 205187.1875,
        "max": 3561.50195312,
        "mean": 99.4116592407,
        "median": 32.6393699646,
        "min": -1.67269396782,
        "stdev": 249.788818359,
        "var": 62394.453125
    },
    "melbands_skewness": {
        "dmean": 2.97845864296,
        "dmean2": 4.97618055344,
        "dvar": 15.6794538498,
        "dvar2": 42.7792167664,
        "max": 46.2299575806,
        "mean": 6.21712207794,
        "median": 5.10247850418,
        "min": -0.748662471771,
        "stdev": 5.34069061279,
        "var": 28.5229740143
    },
    "melbands_spread": {
        "dmean": 20.2630596161,
        "dmean2": 33.371383667,
        "dvar": 748.041687012,
        "dvar2": 1852.40002441,
        "max": 235.058822632,
        "mean": 38.3552474976,
        "median": 15.3471870422,
        "min": 0.0870399326086,
        "stdev": 47.8742370605,
        "var": 2291.94262695
    },
    "pitch_salience": {
        "dmean": 0.14416654408,
        "dmean2": 0.241145968437,
        "dvar": 0.0146191883832,
        "dvar2": 0.0379926525056,
        "max": 0.877299427986,
        "mean": 0.420580089092,
        "median": 0.42408567667,
        "min": 0.02249394916,
        "stdev": 0.215388149023,
        "var": 0.046392057091
    },
    "silence_rate_20dB": {
        "dmean": 0.00298953661695,
        "dmean2": 0.00598802417517,
        "dvar": 0.00298060104251,
        "dvar2": 0.00595212215558,
        "max": 1,
        "mean": 0.997014939785,
        "median": 1,
        "min": 0,
        "stdev": 0.0545543655753,
        "var": 0.00297617865726
    },
    "silence_rate_30dB": {
        "dmean": 0.0059790732339,
        "dmean2": 0.0119760483503,
        "dvar": 0.00594333419576,
        "dvar2": 0.011832697317,
        "max": 1,
        "mean": 0.968656718731,
        "median": 1,
        "min": 0,
        "stdev": 0.174243479967,
        "var": 0.0303607881069
    },
    "silence_rate_60dB": {
        "dmean": 0.0418535135686,
        "dmean2": 0.0838323384523,
        "dvar": 0.0401014834642,
        "dvar2": 0.0797981098294,
        "max": 1,
        "mean": 0.825373113155,
        "median": 1,
        "min": 0,
        "stdev": 0.379647940397,
        "var": 0.144132569432
    },
    "spectral_centroid": {
        "dmean": 476.476959229,
        "dmean2": 746.584411621,
        "dvar": 214253.5625,
        "dvar2": 466920.875,
        "max": 5443.98730469,
        "mean": 2179.73828125,
        "median": 2296.1640625,
        "min": 87.7443695068,
        "stdev": 1086.82763672,
        "var": 1181194.375
    },
    "spectral_complexity": {
        "dmean": 1.55754852295,
        "dmean2": 2.28143715858,
        "dvar": 24.2077007294,
        "dvar2": 44.8999519348,
        "max": 67,
        "mean": 4.59402990341,
        "median": 0,
        "min": 0,
        "stdev": 13.7987880707,
        "var": 190.406539917
    },
    "spectral_decrease": {
        "dmean": 9.56915546801e-10,
        "dmean2": 1.52321999458e-09,
        "dvar": 1.65684425587e-17,
        "dvar2": 3.50923731727e-17,
        "max": -3.76063396632e-18,
        "mean": -1.87156778964e-09,
        "median": -5.70019864643e-11,
        "min": -8.58256825609e-08,
        "stdev": 8.14366707402e-09,
        "var": 6.63193114906e-17
    },
    "spectral_energy": {
        "dmean": 0.00453378912061,
        "dmean2": 0.0067956969142,
        "dvar": 0.000336996512488,
        "dvar2": 0.000639056088403,
        "max": 0.432936161757,
        "mean": 0.0112707857043,
        "median": 0.000230260571698,
        "min": 4.36947075744e-11,
        "stdev": 0.0478536300361,
        "var": 0.00228996993974
    },
    "spectral_energyband_high": {
        "dmean": 0.00136071059387,
        "dmean2": 0.00162442575675,
        "dvar": 3.52750394086e-05,
        "dvar2": 6.64485778543e-05,
        "max": 0.131908655167,
        "mean": 0.0040262080729,
        "median": 5.12906353833e-06,
        "min": 1.79872210876e-11,
        "stdev": 0.0176905579865,
        "var": 0.000312955846312
    },
    "spectral_energyband_low": {
        "dmean": 0.00232799141668,
        "dmean2": 0.00404004519805,
        "dvar": 0.000125901409774,
        "dvar2": 0.000345374515746,
        "max": 0.196363031864,
        "mean": 0.00280134147033,
        "median": 0.00011048225133,
        "min": 6.19668986263e-12,
        "stdev": 0.0137338517234,
        "var": 0.000188618694665
    },
    "spectral_energyband_middle_high": {
        "dmean": 0.00131824822165,
        "dmean2": 0.001674243249,
        "dvar": 3.32228992193e-05,
        "dvar2": 5.6539200159e-05,
        "max": 0.135326072574,
        "mean": 0.00306077534333,
        "median": 4.3496811486e-06,
        "min": 9.98800781665e-12,
        "stdev": 0.015193884261,
        "var": 0.000230854129768
    },
    "spectral_energyband_middle_low": {
        "dmean": 0.000301802443573,
        "dmean2": 0.000469502003398,
        "dvar": 1.48026879287e-06,
        "dvar2": 3.53377731699e-06,
        "max": 0.0332054682076,
        "mean": 0.000535635394044,
        "median": 6.4720275077e-06,
        "min": 3.72050350597e-12,
        "stdev": 0.00269024120644,
        "var": 7.23739731257e-06
    },
    "spectral_entropy": {
        "dmean": 0.193057209253,
        "dmean2": 0.292808592319,
        "dvar": 0.0508959516883,
        "dvar2": 0.115082666278,
        "max": 8.96479225159,
        "mean": 8.21479034424,
        "median": 8.32595825195,
        "min": 5.56790351868,
        "stdev": 0.438834130764,
        "var": 0.192575395107
    },
    "spectral_flux": {
        "dmean": 0.012076523155,
        "dmean2": 0.0192502830178,
        "dvar": 0.000566126895137,
        "dvar2": 0.00136504636612,
        "max": 0.457077175379,
        "mean": 0.0352509990335,
        "median": 0.0115416012704,
        "min": 0.00168874487281,
        "stdev": 0.0668046399951,
        "var": 0.00446285959333
    },
    "spectral_kurtosis": {
        "dmean": 1.09356617928,
        "dmean2": 1.67412054539,
        "dvar": 4.54661035538,
        "dvar2": 11.1022052765,
        "max": 40.1982879639,
        "mean": 2.576151371,
        "median": 2.01997113228,
        "min": -1.0445728302,
        "stdev": 3.09815573692,
        "var": 9.59856891632
    },
    "spectral_rms": {
        "dmean": 0.000492028717417,
        "dmean2": 0.000744735880289,
        "dvar": 7.95949745225e-07,
        "dvar2": 1.42945759762e-06,
        "max": 0.0205518063158,
        "mean": 0.00146851746831,
        "median": 0.000473966298159,
        "min": 2.06467873909e-07,
        "stdev": 0.00297310343012,
        "var": 8.83934353624e-06
    },
    "spectral_rolloff": {
        "dmean": 1553.32165527,
        "dmean2": 2743.74291992,
        "dvar": 6909809.5,
        "dvar2": 15758632,
        "max": 17872.5585938,
        "mean": 2908.17285156,
        "median": 215.33203125,
        "min": 21.533203125,
        "stdev": 4245.23144531,
        "var": 18021990
    },
    "spectral_skewness": {
        "dmean": 0.219261616468,
        "dmean2": 0.339706063271,
        "dvar": 0.0695222020149,
        "dvar2": 0.172901421785,
        "max": 5.05799102783,
        "mean": 1.31811451912,
        "median": 1.23233771324,
        "min": 0.146037966013,
        "stdev": 0.495224297047,
        "var": 0.245247095823
    },
    "spectral_spread": {
        "dmean": 1012557.1875,
        "dmean2": 1591398.625,
        "dvar": 1.03462148506e+12,
        "dvar2": 2.23185941299e+12,
        "max": 19170488,
        "mean": 7528402,
        "median": 7397818,
        "min": 1492749,
        "stdev": 1946916.125,
        "var": 3.79048217805e+12
    },
    "spectral_strongpeak": {
        "dmean": 0.0554657615721,
        "dmean2": 0.101977676153,
        "dvar": 0.0581878870726,
        "dvar2": 0.162648066878,
        "max": 2.65604186058,
        "mean": 0.0358521230519,
        "median": 0,
        "min": 0,
        "stdev": 0.198401764035,
        "var": 0.039363257587
    },
    "zerocrossingrate": {
        "dmean": 0.0242753885686,
        "dmean2": 0.0295263957232,
        "dvar": 0.000626376771834,
        "dvar2": 0.000849236908834,
        "max": 0.392578125,
        "mean": 0.0982341691852,
        "median": 0.0732421875,
        "min": 0,
        "stdev": 0.0891346037388,
        "var": 0.00794497784227
    },
    "barkbands": {
        "dmean": [0.00183803366963, 0.0014679619344, 0.000285304879071, 0.000119620854093, 8.60193322296e-05, 5.79109146202e-05, 5.05543066538e-05, 5.11324033141e-05, 4.04336060456e-05, 0.000209370336961, 0.000160726602189, 0.000117835064884, 0.00022106229153, 0.000160194773343, 0.000137098671985, 0.000153688248247, 0.00017458909133, 0.000212963539525, 0.000256502564298, 0.000247269344982, 0.000144214718603, 0.000138787334436, 0.000263230729615, 0.000464884011308, 0.00046132056741, 0.000194190040929, 0.000182767893421],
        "dmean2": [0.00296389125288, 0.00251728855073, 0.00049330847105, 0.000210354541196, 0.000128824220155, 9.57306619966e-05, 9.23492698348e-05, 8.71513475431e-05, 6.714797928e-05, 0.000350967951817, 0.000276676379144, 0.000171352818143, 0.000368946377421, 0.000256519968389, 0.000213184175664, 0.000236147126998, 0.000308873219183, 0.000331671966705, 0.000350645481376, 0.000314560107654, 0.000209842663025, 0.000220745161641, 0.000370135880075, 0.000558622297831, 0.000668926571961, 0.000290580588626, 0.000235567349591],
        "dvar": [8.11838835943e-05, 5.2460723964e-05, 2.59297917182e-06, 3.29256380383e-07, 1.35614840246e-07, 1.17030701574e-07, 9.89762654058e-08, 2.18096857907e-07, 4.23490646995e-08, 2.80644985651e-06, 1.49520462855e-06, 6.54921905152e-07, 2.40866029344e-06, 1.11450151508e-06, 4.37810228959e-07, 4.77805883747e-07, 8.34816603401e-07, 1.59924672971e-06, 2.0798697733e-06, 1.65385142736e-06, 3.88860314615e-07, 6.86052658239e-07, 1.73869761966e-06, 4.65355378765e-06, 4.79487925986e-06, 1.01253999674e-06, 8.46737805205e-07],
        "dvar2": [0.000163306831382, 0.00015626908862, 6.79837467032e-06, 9.86584268503e-07, 2.61735891627e-07, 3.03240597077e-07, 2.82820764141e-07, 5.91206628542e-07, 9.39421411772e-08, 8.03127386462e-06, 4.15305476054e-06, 1.20020854411e-06, 7.19449917597e-06, 2.99524640468e-06, 1.01471619018e-06, 9.66397010416e-07, 2.48909282163e-06, 3.0682031138e-06, 3.45151875081e-06, 2.94557708003e-06, 7.38158178137e-07, 1.36402047701e-06, 3.73909801965e-06, 8.28585689305e-06, 1.20813601825e-05, 2.46332137976e-06, 1.43260899677e-06],
        "max": [0.189164161682, 0.116635575891, 0.0300451889634, 0.00745425140485, 0.0074610337615, 0.00664072157815, 0.00459635816514, 0.0102315722033, 0.00480488222092, 0.0312907099724, 0.0285165049136, 0.0212635882199, 0.0337061434984, 0.024419374764, 0.0156921613961, 0.0160357188433, 0.0178725812584, 0.0339337810874, 0.0414034575224, 0.036265719682, 0.0115071069449, 0.0156037369743, 0.0248424075544, 0.0579893365502, 0.0484056808054, 0.0243302602321, 0.0250413678586],
        "mean": [0.00191767362412, 0.00151235563681, 0.000247217714787, 0.000103040918475, 0.000120043900097, 8.17374166218e-05, 5.370114377e-05, 4.95124986628e-05, 7.43731216062e-05, 0.000231733560213, 0.00025213311892, 0.000219220528379, 0.000297699763905, 0.000249299861025, 0.000212923871004, 0.000284400215605, 0.000300900137518, 0.00038379689795, 0.000412903202232, 0.000433355744462, 0.000283366302028, 0.000240352310357, 0.000458934024209, 0.000941475853324, 0.00100179505534, 0.000498283596244, 0.00039666792145],
        "median": [9.52174304985e-05, 3.74444425688e-05, 3.55402448804e-06, 1.41561122291e-06, 2.40008216679e-06, 1.17880813377e-06, 6.43343128104e-07, 2.23877222538e-07, 2.81991901829e-07, 2.44003047101e-07, 1.76257429985e-07, 1.35635815468e-07, 2.01582082582e-07, 1.89219434787e-07, 2.68444097173e-07, 3.86939603914e-07, 4.96899303926e-07, 5.4336391031e-07, 4.88759951622e-07, 5.83191763326e-07, 5.00345947785e-07, 3.89017657199e-07, 7.20369655483e-07, 1.09947427518e-06, 1.03735760604e-06, 3.33367268013e-07, 2.4201301585e-07],
        "min": [3.8972826702e-12, 3.32041750865e-12, 7.67950373431e-13, 4.05215574636e-13, 6.02737423774e-13, 6.7511930291e-13, 8.78494867997e-13, 3.70175136204e-13, 4.81222537946e-13, 9.03118183536e-13, 1.90380629555e-13, 4.19552603379e-13, 1.9910264301e-13, 2.37849155519e-13, 2.20276135656e-13, 5.45859689914e-13, 9.64515685202e-13, 4.51024417467e-12, 1.30728294943e-12, 1.49650983879e-12, 1.47048779403e-12, 1.10729296825e-12, 2.20086405697e-12, 8.75250772466e-13, 2.35032197697e-12, 4.08180303793e-12, 5.40849353151e-12],
        "stdev": [0.0112870493904, 0.00782259833068, 0.00152465468273, 0.000564075715374, 0.000618346442934, 0.000508605211508, 0.000312917982228, 0.000430458632763, 0.000427991239121, 0.00194867327809, 0.00200495473109, 0.00150012946688, 0.00219867494889, 0.00164493487682, 0.00110763998237, 0.00134686159436, 0.00141349423211, 0.00215713633224, 0.00242840917781, 0.00223910715431, 0.00121577456594, 0.00125079625286, 0.00220456486568, 0.00471000140533, 0.00470809685066, 0.00253470172174, 0.00207150192],
        "var": [0.000127397492179, 6.11930445302e-05, 2.32457182392e-06, 3.18181406556e-07, 3.8235231159e-07, 2.58679278886e-07, 9.79176633109e-08, 1.852946383e-07, 1.83176510404e-07, 3.79732773581e-06, 4.01984380005e-06, 2.25038843382e-06, 4.83417124997e-06, 2.70581085715e-06, 1.22686628856e-06, 1.81403606803e-06, 1.99796591005e-06, 4.65323728349e-06, 5.897171377e-06, 5.01360136695e-06, 1.47810783346e-06, 1.56449129918e-06, 4.86010594614e-06, 2.21841128223e-05, 2.21661775868e-05, 6.42471286483e-06, 4.29112060374e-06]
    },
    "erbbands": {
        "dmean": [0.081570379436, 0.200942441821, 0.316390514374, 0.363696962595, 0.324809908867, 0.254502922297, 0.459839463234, 0.546285927296, 0.598239064217, 1.07952964306, 0.984170019627, 0.845880031586, 4.06038331985, 8.44418811798, 6.32861709595, 5.23229169846, 8.72550201416, 7.933573246, 6.20931148529, 6.93991231918, 8.62527656555, 10.9484014511, 9.46918582916, 13.6180047989, 14.4175128937, 11.4081001282, 6.94856643677, 6.30828666687, 4.92814493179, 6.87360095978, 7.34915113449, 8.98373794556, 8.65874576569, 6.42713785172, 3.08270573616, 0.730582416058, 0.389623999596, 0.239804729819, 0.028073631227, 0.00110003049485],
        "dmean2": [0.14640301466, 0.342254400253, 0.553960859776, 0.638384580612, 0.553268551826, 0.411098331213, 0.749323427677, 0.943023860455, 1.02498817444, 1.96988332272, 1.6429361105, 1.51605534554, 6.49698114395, 14.8755149841, 10.8319139481, 7.82045793533, 14.6698865891, 12.9459047318, 8.66865921021, 10.8995084763, 13.8417453766, 19.255273819, 14.8028717041, 21.4691162109, 23.3143424988, 14.441447258, 11.0976486206, 9.62688541412, 7.89951324463, 10.6888189316, 10.0913352966, 12.7315273285, 11.7240571976, 8.58804225922, 4.96727561951, 1.05019068718, 0.581582546234, 0.340090274811, 0.038371168077, 0.00140007445589],
        "dvar": [0.190569609404, 0.836254000664, 2.96059036255, 3.78329253197, 2.08998632431, 1.24796783924, 6.11159038544, 14.0364465714, 8.44546890259, 80.1242370605, 56.5932350159, 19.4145946503, 714.077087402, 5012.81591797, 1923.68200684, 1121.03625488, 3731.32958984, 2562.55810547, 1009.66809082, 958.834350586, 1663.26586914, 3440.14013672, 2721.3503418, 7546.00390625, 7799.01025391, 3205.81176758, 999.433959961, 843.055480957, 827.527770996, 1505.27526855, 1230.82189941, 1781.09338379, 1644.63476562, 923.963745117, 268.534973145, 14.9424772263, 4.54795503616, 1.64889872074, 0.018609168008, 2.25383901125e-05],
        "dvar2": [0.573085606098, 2.26668906212, 7.65968561172, 10.8830766678, 5.65329313278, 3.00454306602, 17.2834358215, 33.350353241, 23.0311737061, 233.782440186, 149.154342651, 44.7836990356, 1884.42553711, 15283.0498047, 4953.28222656, 2515.71362305, 11537.5351562, 5571.25439453, 1897.18811035, 2549.74291992, 3909.88623047, 10563.6923828, 4366.60986328, 17057.8984375, 17614.6367188, 5075.54541016, 2206.44726562, 1914.24291992, 1667.96386719, 3429.77294922, 2752.94213867, 4445.44238281, 3130.86767578, 1907.34838867, 719.93762207, 36.7044639587, 10.5307769775, 3.37710213661, 0.0360114350915, 3.46467859345e-05],
        "max": [7.60579490662, 11.3437709808, 33.3485221863, 27.0017547607, 27.5561027527, 19.2567195892, 42.9235191345, 68.1860656738, 51.4892311096, 171.567520142, 172.434692383, 113.590812683, 566.889038086, 1444.48925781, 1040.34875488, 882.992370605, 1293.12634277, 1166.92675781, 799.161621094, 601.53729248, 920.614685059, 1157.66589355, 1339.89709473, 2423.55224609, 2291.02807617, 1588.55639648, 599.987487793, 525.459472656, 542.861694336, 721.475036621, 650.063903809, 1048.76318359, 905.909057617, 847.519042969, 313.460021973, 86.0263900757, 52.0002632141, 33.4968223572, 3.87244224548, 0.138452172279],
        "mean": [0.078416608274, 0.221471443772, 0.316236555576, 0.335601121187, 0.355593115091, 0.371201872826, 0.548047244549, 0.711520493031, 0.709900677204, 1.0157750845, 1.10733008385, 1.62471139431, 4.98754787445, 8.71024036407, 10.7387952805, 9.26617050171, 12.1452732086, 14.2793292999, 11.9264411926, 12.3639326096, 15.7231149673, 17.6629562378, 19.4850482941, 21.184419632, 22.7343387604, 20.5581893921, 13.3340587616, 10.213549614, 8.53614425659, 10.7045545578, 13.5510177612, 17.4899101257, 16.8366584778, 13.8578739166, 5.41783618927, 1.49592244625, 0.936812758446, 0.514901816845, 0.0625126957893, 0.0028417352587],
        "median": [0.00257841031998, 0.00519840046763, 0.00541835464537, 0.00450555654243, 0.00717570772395, 0.00734420306981, 0.00740083213896, 0.00998437404633, 0.0104199564084, 0.00749469734728, 0.00538911856711, 0.00672335829586, 0.00662890262902, 0.00776507239789, 0.00675264094025, 0.00600483827293, 0.00940998643637, 0.00990859698504, 0.0111105842516, 0.0190052781254, 0.0219147577882, 0.0289345886558, 0.0317679271102, 0.0258607119322, 0.0270118229091, 0.0277586951852, 0.0252256691456, 0.0163598395884, 0.013231029734, 0.0164680946618, 0.0204824432731, 0.0233630761504, 0.0172567777336, 0.0129550267011, 0.00614703400061, 0.00153132167179, 0.000557978753932, 0.000232823513215, 4.04411548516e-05, 2.90683010462e-06],
        "min": [1.56908139259e-10, 5.39672362354e-10, 9.33710220252e-10, 1.21127086139e-09, 1.5126377928e-09, 2.12910955533e-09, 2.963744139e-09, 6.60199406255e-09, 1.18557910156e-08, 1.19123058084e-08, 6.68495658829e-09, 9.93885507228e-09, 2.68606612508e-08, 1.95913205658e-08, 8.65295923802e-09, 1.76992536183e-08, 9.31105148538e-09, 1.09921618474e-08, 1.37227509356e-08, 8.81581563306e-09, 4.42850414117e-08, 6.95362700753e-08, 2.30894698916e-07, 1.26992560467e-07, 5.87933648433e-08, 7.47527408862e-08, 4.50781563188e-08, 7.6657393322e-08, 3.84424758693e-08, 4.32029523267e-08, 6.7048752328e-08, 2.61026951165e-08, 1.62212074883e-08, 2.11178345921e-08, 1.74000884812e-08, 1.84706738793e-08, 7.97351162873e-09, 2.55621257494e-09, 9.55353351983e-10, 7.44670991537e-11],
        "stdev": [0.445886850357, 1.07842242718, 1.78385865688, 1.84926533699, 1.83274722099, 1.83304178715, 3.20174741745, 4.82742166519, 3.75004029274, 7.75006484985, 8.0539150238, 9.36147689819, 36.8632621765, 76.0588378906, 81.0053100586, 61.5799179077, 86.1141586304, 94.7409057617, 68.1329269409, 56.8775024414, 72.4599227905, 85.0709152222, 101.597465515, 131.676147461, 133.208755493, 104.382369995, 57.2311592102, 46.6172447205, 44.318862915, 56.0036621094, 63.0302848816, 87.2462158203, 83.6391525269, 67.5754699707, 26.8186092377, 7.66696929932, 4.93573856354, 2.91103792191, 0.314548313618, 0.0132597154006],
        "var": [0.198815092444, 1.16299498081, 3.18215179443, 3.41978240013, 3.35896253586, 3.36004209518, 10.2511863708, 23.3039989471, 14.0628013611, 60.0635070801, 64.8655471802, 87.6372451782, 1358.90014648, 5784.94726562, 6561.85986328, 3792.08618164, 7415.6484375, 8975.83886719, 4642.09619141, 3235.05029297, 5250.44042969, 7237.06054688, 10322.0449219, 17338.609375, 17744.5742188, 10895.6787109, 3275.40551758, 2173.16748047, 1964.16162109, 3136.41015625, 3972.81689453, 7611.90234375, 6995.50830078, 4566.44384766, 719.237792969, 58.7824172974, 24.3615169525, 8.47414207458, 0.0989406332374, 0.000175820052391]
    },
    "gfcc": {
        "mean": [-242.351882935, 23.7459869385, -62.1108856201, 43.0642471313, -34.8767547607, 18.7394752502, -29.1378593445, 17.7160644531, -14.4838294983, 4.73548984528, -5.28014945984, 2.11506557465, -4.54566955566],
        "cov": [[23806.2636719, -4459.38867188, -2229.3515625, -369.620941162, 395.364685059, 559.46105957, 66.6645736694, 58.3264274597, -375.523193359, -67.1143188477, -118.908073425, -152.013504028, -46.6802520752], [-4459.38867188, 2436.54321289, 367.783477783, -216.368835449, -32.1078720093, -32.0534362793, 166.454650879, -52.6406669617, 83.6903991699, 65.7027053833, 50.5347595215, -27.5271034241, 35.8007545471], [-2229.3515625, 367.783477783, 690.880493164, 123.762649536, -15.546962738, -55.954574585, 4.52278661728, -19.6210765839, 38.1706886292, -9.9100894928, 17.5213909149, 18.9871330261, 0.117934860289], [-369.620941162, -216.368835449, 123.762649536, 336.729614258, 25.5083732605, -15.1528091431, -34.2695159912, 25.2281208038, 2.52507376671, -12.503276825, 2.46082735062, 13.717710495, -4.14510393143], [395.364685059, -32.1078720093, -15.546962738, 25.5083732605, 144.65625, 28.9530200958, 38.7868728638, -2.93236255646, 10.8107290268, 10.8999195099, 8.58322906494, -6.72364902496, 7.1613612175], [559.46105957, -32.0534362793, -55.954574585, -15.1528091431, 28.9530200958, 113.995033264, 32.5666503906, 8.25202560425, -0.396117210388, 4.53375816345, 1.65287339687, -6.82211971283, 7.69986772537], [66.6645736694, 166.454650879, 4.52278661728, -34.2695159912, 38.7868728638, 32.5666503906, 107.05897522, 5.92545318604, 15.2281169891, 18.3606243134, 18.8346138, -8.18831348419, 5.47541618347], [58.3264274597, -52.6406669617, -19.6210765839, 25.2281208038, -2.93236255646, 8.25202560425, 5.92545318604, 61.1119041443, 13.7289991379, 7.21320724487, 2.06647515297, 3.05863928795, 3.5646238327], [-375.523193359, 83.6903991699, 38.1706886292, 2.52507376671, 10.8107290268, -0.396117210388, 15.2281169891, 13.7289991379, 71.7519302368, 20.8694667816, 11.5096178055, 8.78531551361, 8.96081638336], [-67.1143188477, 65.7027053833, -9.9100894928, -12.503276825, 10.8999195099, 4.53375816345, 18.3606243134, 7.21320724487, 20.8694667816, 53.5383453369, 16.2076225281, 2.77767157555, 10.6840219498], [-118.908073425, 50.5347595215, 17.5213909149, 2.46082735062, 8.58322906494, 1.65287339687, 18.8346138, 2.06647515297, 11.5096178055, 16.2076225281, 47.7034873962, 11.0266056061, 5.43085956573], [-152.013504028, -27.5271034241, 18.9871330261, 13.717710495, -6.72364902496, -6.82211971283, -8.18831348419, 3.05863928795, 8.78531551361, 2.77767157555, 11.0266056061, 43.6334266663, 10.2466278076], [-46.6802520752, 35.8007545471, 0.117934860289, -4.14510393143, 7.1613612175, 7.69986772537, 5.47541618347, 3.5646238327, 8.96081638336, 10.6840219498, 5.43085956573, 10.2466278076, 39.1227111816]],
        "icov": [[0.000115728929813, 0.000198423382244, 0.000193732295884, 0.000145351252286, -0.000171311054146, -0.000275270576822, -0.000220238318434, 3.64155057468e-05, 0.000313785480103, -2.91327123705e-05, 1.09432912723e-05, 0.00023069990857, -4.14898131567e-05], [0.000198423382244, 0.000944867788348, 2.21234154196e-06, 0.000587607559282, 4.27062077506e-05, -0.00021779735107, -0.00120970152784, 0.000531857425813, 0.000145321144373, -0.000365572137525, -0.00015428639017, 0.000978665775619, -0.000578096427489], [0.000193732295884, 2.21234154196e-06, 0.00228002807125, -0.000694544636644, -4.65532284579e-05, 0.00014200102305, -0.000567513343412, 0.000876341422554, -0.000395333190681, 0.000805010204203, -0.000279581232462, -0.00017087883316, 8.30978606245e-05], [0.000145351252286, 0.000587607559282, -0.000694544636644, 0.0041143335402, -0.00138199259527, -0.000144655641634, 0.000902360130567, -0.00186658091843, 0.000624871638138, 0.000400631804951, -0.00052524113562, -0.000127486724523, 0.000252723548329], [-0.000171311054146, 4.27062077506e-05, -4.65532284579e-05, -0.00138199259527, 0.00893281307071, -0.000741300696973, -0.00293491501361, 0.00206195842475, -0.00173333787825, -0.000621343613602, -0.000402840174502, 0.0012607293902, -0.00136371096596], [-0.000275270576822, -0.00021779735107, 0.00014200102305, -0.000144655641634, -0.000741300696973, 0.0112584587187, -0.00259532593191, -0.00102849781979, -0.000364335282939, 0.000564361049328, 0.00031149192364, 0.000553050951567, -0.00202683941461], [-0.000220238318434, -0.00120970152784, -0.000567513343412, 0.000902360130567, -0.00293491501361, -0.00259532593191, 0.0148025359958, -0.00222061318345, -0.00104883289896, -0.00127175578382, -0.0040207086131, 0.00161881651729, 0.000841873406898], [3.64155057468e-05, 0.000531857425813, 0.000876341422554, -0.00186658091843, 0.00206195842475, -0.00102849781979, -0.00222061318345, 0.0193886049092, -0.00391194503754, -0.00150266592391, 0.000569503346924, 3.65146734111e-05, -0.0010567078134], [0.000313785480103, 0.000145321144373, -0.000395333190681, 0.000624871638138, -0.00173333787825, -0.000364335282939, -0.00104883289896, -0.00391194503754, 0.0188485644758, -0.00533027900383, -0.000466093013529, -0.00218371720985, -0.00102383294143], [-2.91327123705e-05, -0.000365572137525, 0.000805010204203, 0.000400631804951, -0.000621343613602, 0.000564361049328, -0.00127175578382, -0.00150266592391, -0.00533027900383, 0.0248292610049, -0.00626320764422, 0.00114358740393, -0.00433248328045], [1.09432912723e-05, -0.00015428639017, -0.000279581232462, -0.00052524113562, -0.000402840174502, 0.00031149192364, -0.0040207086131, 0.000569503346924, -0.000466093013529, -0.00626320764422, 0.0266946032643, -0.00696481624618, 0.00055838865228], [0.00023069990857, 0.000978665775619, -0.00017087883316, -0.000127486724523, 0.0012607293902, 0.000553050951567, 0.00161881651729, 3.65146734111e-05, -0.00218371720985, 0.00114358740393, -0.00696481624618, 0.0289549008012, -0.00763168791309], [-4.14898131567e-05, -0.000578096427489, 8.30978606245e-05, 0.000252723548329, -0.00136371096596, -0.00202683941461, 0.000841873406898, -0.0010567078134, -0.00102383294143, -0.00433248328045, 0.00055838865228, -0.00763168791309, 0.0300325844437]]
    },
    "melbands": {
        "dmean": [0.000617968675215, 0.000180939299753, 5.92545693507e-05, 1.9245846488e-05, 1.55570724019e-05, 1.12725674626e-05, 9.47837088461e-06, 1.21209377539e-05, 7.67233086663e-06, 5.47639865545e-06, 2.0946141376e-05, 3.52973365807e-05, 2.12493105209e-05, 1.58875791385e-05, 1.60493927979e-05, 2.11920832953e-05, 1.44337691381e-05, 9.48887009145e-06, 9.92930290522e-06, 1.07979894892e-05, 1.13491960292e-05, 1.10908367787e-05, 9.66629613686e-06, 9.14825977816e-06, 1.18425778055e-05, 1.04173150248e-05, 1.01846098914e-05, 7.55309838496e-06, 5.2667496675e-06, 3.35556910613e-06, 3.90942022932e-06, 2.97070573652e-06, 2.81244729194e-06, 4.51670757684e-06, 4.55076178696e-06, 5.11528241987e-06, 5.97855705564e-06, 6.59452825857e-06, 6.57805958326e-06, 5.71523469262e-06],
        "dmean2": [0.00109624536708, 0.000319399492582, 0.000102213802165, 3.0448227335e-05, 2.52517093031e-05, 1.93534724531e-05, 1.64982448041e-05, 2.20802448894e-05, 1.28250394482e-05, 9.79123615252e-06, 3.35503100359e-05, 6.25137472525e-05, 3.60444755643e-05, 2.58516010945e-05, 2.89333002002e-05, 3.41796549037e-05, 2.31137764786e-05, 1.38987779792e-05, 1.49181005327e-05, 1.79697108251e-05, 1.88096400962e-05, 1.98315483431e-05, 1.60126255651e-05, 1.43077468238e-05, 1.98785583052e-05, 1.61683728948e-05, 1.54212120833e-05, 1.09336624519e-05, 8.63030072651e-06, 4.73118689115e-06, 6.51630034554e-06, 4.76563218399e-06, 4.38948381998e-06, 7.28994609744e-06, 6.6592915573e-06, 7.64221113059e-06, 8.17083218863e-06, 9.18731893762e-06, 8.89260991244e-06, 8.58015482663e-06],
        "dvar": [9.64237187873e-06, 6.7195662723e-07, 8.25470962695e-08, 6.87450185666e-09, 6.73479894076e-09, 5.67800073625e-09, 2.41054443073e-09, 1.10541495957e-08, 3.14682457869e-09, 8.29813884273e-10, 1.8724318096e-08, 8.69882796906e-08, 2.53740779499e-08, 1.35157858239e-08, 1.41268836629e-08, 2.42925306537e-08, 8.64884697194e-09, 2.64062105515e-09, 1.78423265051e-09, 2.86242718417e-09, 3.0327889089e-09, 3.44540618258e-09, 2.90890334043e-09, 2.68702904371e-09, 6.2402558676e-09, 4.35831992718e-09, 3.87441190242e-09, 1.3258472098e-09, 6.22692564178e-10, 2.05879147064e-10, 4.04707850565e-10, 3.08255088122e-10, 2.99647390234e-10, 6.84559686714e-10, 5.21571008605e-10, 6.52703668891e-10, 9.00606311749e-10, 1.07148234729e-09, 8.5012547002e-10, 7.94142585026e-10],
        "dvar2": [2.7666992537e-05, 1.77356332642e-06, 2.47085353067e-07, 1.5165465328e-08, 1.84544255433e-08, 1.35569999671e-08, 6.65987176518e-09, 3.17952668638e-08, 8.30453039669e-09, 1.88741200446e-09, 4.93243490496e-08, 2.66068525434e-07, 6.36951469346e-08, 2.67440896096e-08, 4.38613696474e-08, 6.37451975649e-08, 1.99382110821e-08, 4.92645080286e-09, 4.21732027078e-09, 7.18775616804e-09, 7.7591266745e-09, 1.05811217566e-08, 6.59767618316e-09, 4.34313252029e-09, 1.54178927403e-08, 9.20999188025e-09, 9.37396471556e-09, 2.25818119759e-09, 1.56159019049e-09, 3.68189978506e-10, 1.04124986411e-09, 6.77914169245e-10, 6.41707353921e-10, 1.60456203879e-09, 1.20932241998e-09, 1.71312009023e-09, 2.02792715953e-09, 1.92506521834e-09, 2.02339522914e-09, 1.76524994622e-09],
        "max": [0.0541467890143, 0.0139784403145, 0.00431647850201, 0.00162638002075, 0.00146302045323, 0.00142250140198, 0.000798674591351, 0.00210913945921, 0.0012541837059, 0.000678644748405, 0.00291547668166, 0.00584806920961, 0.00391153106466, 0.00294722430408, 0.00269291689619, 0.00357081438415, 0.00221994332969, 0.00134050287306, 0.000899125181604, 0.00108831294347, 0.00107762194239, 0.00105998467188, 0.00131122220773, 0.00126950780395, 0.00209403363988, 0.00174279487692, 0.00157506810501, 0.000891472504009, 0.000471573963296, 0.000282520515611, 0.000349430280039, 0.000330253213178, 0.000302816508338, 0.000447068276117, 0.000380686164135, 0.000492398918141, 0.00083376764087, 0.000688869680744, 0.000678198237438, 0.000684530939907],
        "mean": [0.00065498839831, 0.000198743175133, 5.8157609601e-05, 2.58606542047e-05, 1.85491844604e-05, 1.55581456056e-05, 1.10927048809e-05, 1.12841325972e-05, 9.00584655028e-06, 1.06723337012e-05, 2.57216524915e-05, 3.49314395862e-05, 3.62820828741e-05, 2.78679599433e-05, 2.20748806896e-05, 3.15836186928e-05, 2.49661170528e-05, 1.87892073882e-05, 1.61285624927e-05, 1.84215568879e-05, 1.79490707524e-05, 1.74890992639e-05, 1.88835765584e-05, 1.72402342287e-05, 1.69188751897e-05, 1.58385082614e-05, 1.60963882081e-05, 1.31432352646e-05, 8.68876668392e-06, 6.64390881866e-06, 5.57941393708e-06, 4.75002025269e-06, 4.71495877719e-06, 6.48693276162e-06, 7.44741737435e-06, 9.14371867111e-06, 1.11705612653e-05, 1.15526208901e-05, 1.25090282381e-05, 1.13621990749e-05],
        "median": [2.44716775342e-05, 4.12243252867e-06, 9.16874569157e-07, 5.53239487999e-07, 2.6800509545e-07, 2.19736961071e-07, 1.58180199605e-07, 7.31144496058e-08, 4.41249561334e-08, 4.0239413579e-08, 3.28378426673e-08, 3.24277280583e-08, 2.35078818633e-08, 1.46969227899e-08, 1.82699686491e-08, 2.03655901032e-08, 1.7392943974e-08, 1.6048304019e-08, 2.14491198136e-08, 2.48984797224e-08, 2.47075249149e-08, 2.81967125204e-08, 2.87709625013e-08, 2.49490152981e-08, 2.02225258761e-08, 1.88298763248e-08, 1.88249895672e-08, 1.8497200216e-08, 1.61304338775e-08, 1.17842855474e-08, 8.44793035526e-09, 6.94527058087e-09, 7.19748260991e-09, 9.67127355977e-09, 1.13218536768e-08, 1.2913549341e-08, 1.4503347856e-08, 1.17629248564e-08, 1.18779368563e-08, 1.10449001056e-08],
        "min": [1.34860221948e-12, 5.49784935459e-13, 2.16896203146e-13, 1.28627970363e-13, 1.03701803275e-13, 1.48440680863e-13, 1.82841440014e-13, 1.21268663514e-13, 4.80191312603e-14, 6.98987647819e-14, 1.381076514e-13, 8.54535897338e-14, 2.48641337825e-14, 4.30295888168e-14, 4.04365465266e-14, 1.52432963983e-14, 2.10720570631e-14, 2.26727426574e-14, 1.51468159575e-14, 1.25773779344e-14, 6.19574785357e-14, 6.743057176e-14, 1.12522316497e-13, 2.54751189761e-13, 8.64948642766e-14, 4.58924991921e-14, 3.73274138378e-14, 5.35224262913e-14, 2.67083853948e-14, 3.56824385848e-14, 4.55885261724e-14, 2.03360786056e-14, 2.07451057336e-14, 2.75190162541e-14, 4.10412873933e-14, 2.76752751982e-14, 1.17091115653e-14, 6.81682925643e-15, 2.03820182845e-14, 1.66389153161e-14],
        "stdev": [0.00349230645224, 0.000961165118497, 0.000296336220345, 0.00013119961659, 0.000105832106783, 0.000101757286757, 5.97377729719e-05, 9.10452654352e-05, 6.28746129223e-05, 6.08462250966e-05, 0.000190725986613, 0.00030925986357, 0.00028258972452, 0.000202371564228, 0.00015738257207, 0.000229964891332, 0.000164919081726, 0.000110324908746, 7.82864735811e-05, 8.9243039838e-05, 8.42675217427e-05, 8.20652858238e-05, 9.88795800367e-05, 9.34163836064e-05, 0.000109544176667, 9.3825517979e-05, 9.2928588856e-05, 6.48317873129e-05, 3.88007392758e-05, 2.82506061922e-05, 2.68348321697e-05, 2.5011913749e-05, 2.54006317846e-05, 3.49977999576e-05, 3.58775869245e-05, 4.47132515546e-05, 5.82234169997e-05, 6.02821310167e-05, 6.06085013715e-05, 5.62035202165e-05],
        "var": [1.21962038975e-05, 9.23838399558e-07, 8.7815152483e-08, 1.72133383103e-08, 1.12004352459e-08, 1.03545456653e-08, 3.56860141437e-09, 8.28924040519e-09, 3.95321686497e-09, 3.70226316271e-09, 3.63764023348e-08, 9.56416670306e-08, 7.98569601557e-08, 4.09542515456e-08, 2.4769272855e-08, 5.28838484115e-08, 2.71983040534e-08, 1.21715855173e-08, 6.12877171235e-09, 7.96432075845e-09, 7.10101577539e-09, 6.73471101109e-09, 9.77717196093e-09, 8.72662031526e-09, 1.19999263859e-08, 8.80322836849e-09, 8.63572235943e-09, 4.20316048633e-09, 1.50549728239e-09, 7.98096699839e-10, 7.20108195296e-10, 6.25595852899e-10, 6.45192121951e-10, 1.2248460024e-09, 1.28720123449e-09, 1.9992749678e-09, 3.38996608562e-09, 3.63393537484e-09, 3.67339048069e-09, 3.15883563751e-09]
    },
    "melbands128": {
