{
"lowlevel": {
    "average_loudness": 0.945019483566,
    "barkbands_crest": {
        "dmean": 2.72309470177,
        "dmean2": 4.22940778732,
        "dvar": 14.0497655869,
        "dvar2": 32.6153411865,
        "max": 24.8455104828,
        "mean": 19.2687149048,
        "median": 21.9735774994,
        "min": 3.59596395493,
        "stdev": 6.20540142059,
        "var": 38.5070075989
    },
    "barkbands_flatness_db": {
        "dmean": 0.03849844262,
        "dmean2": 0.0523700304329,
        "dvar": 0.00249299732968,
        "dvar2": 0.00290516274981,
        "max": 0.643745720387,
        "mean": 0.392155468464,
        "median": 0.354382395744,
        "min": 0.0423714406788,
        "stdev": 0.218847498298,
        "var": 0.0478942282498
    },
    "barkbands_kurtosis": {
        "dmean": 15.8996047974,
        "dmean2": 22.0522766113,
        "dvar": 1085.34997559,
        "dvar2": 2063.40283203,
        "max": 310.321563721,
        "mean": 34.0318565369,
        "median": 8.91601371765,
        "min": -1.38678073883,
        "stdev": 67.6189880371,
        "var": 4572.32763672
    },
    "barkbands_skewness": {
        "dmean": 1.06928551197,
        "dmean2": 1.44128978252,
        "dvar": 3.56363224983,
        "dvar2": 5.05192041397,
        "max": 15.4281311035,
        "mean": 1.74160051346,
        "median": -0.573303997517,
        "min": -2.42453145981,
        "stdev": 4.93604898453,
        "var": 24.3645782471
    },
    "barkbands_spread": {
        "dmean": 5.7937707901,
        "dmean2": 9.36316013336,
        "dvar": 167.516616821,
        "dvar2": 269.988616943,
        "max": 101.463493347,
        "mean": 11.8578968048,
        "median": 2.47815322876,
        "min": 1.06522357464,
        "stdev": 17.700963974,
        "var": 313.32409668
    },
    "dissonance": {
        "dmean": 0.0489138439298,
        "dmean2": 0.0839647203684,
        "dvar": 0.00423986837268,
        "dvar2": 0.00884317047894,
        "max": 0.499966025352,
        "mean": 0.428675353527,
        "median": 0.457645595074,
        "min": 0.197701409459,
        "stdev": 0.0837763547897,
        "var": 0.00701847812161
    },
    "dynamic_complexity": 23.3387584686,
    "erbbands_crest": {
        "dmean": 1.9020087719,
        "dmean2": 2.66343021393,
        "dvar": 7.73657417297,
        "dvar2": 15.8783721924,
        "max": 33.3845214844,
        "mean": 19.3680496216,
        "median": 19.0923233032,
        "min": 1.96503770351,
        "stdev": 12.8355770111,
        "var": 164.752029419
    },
    "erbbands_flatness_db": {
        "dmean": 0.0217717029154,
        "dmean2": 0.0270097646862,
        "dvar": 0.00124065810814,
        "dvar2": 0.00130289723165,
        "max": 0.607881724834,
        "mean": 0.346155971289,
        "median": 0.319622933865,
        "min": 0.0297334399074,
        "stdev": 0.242998719215,
        "var": 0.0590483769774
    },
    "erbbands_kurtosis": {
        "dmean": 0.826551496983,
        "dmean2": 1.15649974346,
        "dvar": 1.97133338451,
        "dvar2": 3.17695379257,
        "max": 16.000497818,
        "mean": 6.07938098907,
        "median": 1.3965113163,
        "min": -1.41883182526,
        "stdev": 6.87148952484,
        "var": 47.2173652649
    },
    "erbbands_skewness": {
        "dmean": 0.297611355782,
        "dmean2": 0.394669860601,
        "dvar": 0.151446208358,
        "dvar2": 0.279394388199,
        "max": 1.51027643681,
        "mean": -0.585196614265,
        "median": -0.620866060257,
        "min": -2.59067034721,
        "stdev": 0.821602761745,
        "var": 0.675031065941
    },
    "erbbands_spread": {
        "dmean": 7.77945041656,
        "dmean2": 11.6930885315,
        "dvar": 144.88243103,
        "dvar2": 294.084014893,
        "max": 137.726455688,
        "mean": 26.1744251251,
        "median": 10.1773281097,
        "min": 1.25926470757,
        "stdev": 35.0567016602,
        "var": 1228.97241211
    },
    "hfc": {
        "dmean": 1.94174098969,
        "dmean2": 1.69769883156,
        "dvar": 27.2203121185,
        "dvar2": 21.6889801025,
        "max": 77.8846435547,
        "mean": 28.2442817688,
        "median": 0.012334943749,
        "min": 3.27320321958e-07,
        "stdev": 32.9937782288,
        "var": 1088.58947754
    },
    "loudness_ebu128": {
        "integrated": -17.6401042938,
        "loudness_range": 0,
        "momentary": {
            "dmean": 4.54009628296,
            "dmean2": 3.84897255898,
            "dvar": 43.6307754517,
            "dvar2": 40.5899505615,
            "max": -16.0472126007,
            "mean": -31.3652439117,
            "median": -19.7887268066,
            "min": -75.2628097534,
            "stdev": 20.9583015442,
            "var": 439.250396729
        },
        "short_term": {
            "dmean": 0,
            "dmean2": 0,
            "dvar": 0,
            "dvar2": 0,
            "max": -21.6059246063,
            "mean": -21.6059246063,
            "median": -21.6059246063,
            "min": -21.6059246063,
            "stdev": 0,
            "var": 0
        }
    },
    "melbands_crest": {
        "dmean": 2.56259942055,
        "dmean2": 3.40921330452,
        "dvar": 18.9454975128,
        "dvar2": 26.5385093689,
        "max": 39.4854431152,
        "mean": 24.7380657196,
        "median": 21.8126296997,
        "min": 8.42513179779,
        "stdev": 8.50742149353,
        "var": 72.3762130737
    },
    "melbands_flatness_db": {
        "dmean": 0.0389513596892,
        "dmean2": 0.0493760369718,
        "dvar": 0.00265288027003,
        "dvar2": 0.00313097378239,
        "max": 0.629224181175,
        "mean": 0.426250457764,
        "median": 0.439423084259,
        "min": 0.0596032515168,
        "stdev": 0.19172051549,
        "var": 0.0367567576468
    },
    "melbands_kurtosis": {
        "dmean": 74.5819091797,
        "dmean2": 131.505767822,
        "dvar": 31007.3320312,
        "dvar2": 82263.609375,
        "max": 1379.11291504,
        "mean": 131.982131958,
        "median": 5.00070667267,
        "min": -1.229170084,
        "stdev": 327.387542725,
        "var": 107182.601562
    },
    "melbands_skewness": {
        "dmean": 1.99534928799,
        "dmean2": 2.84644675255,
        "dvar": 13.6688537598,
        "dvar2": 23.6448783875,
        "max": 33.0890007019,
        "mean": 3.98757696152,
        "median": -0.213106557727,
        "min": -1.9588663578,
        "stdev": 9.546833992,
        "var": 91.1420440674
    },
    "melbands_spread": {
        "dmean": 7.21070671082,
        "dmean2": 10.6877765656,
        "dvar": 285.924072266,
        "dvar2": 433.918273926,
        "max": 134.67225647,
        "mean": 14.8611726761,
        "median": 3.34574508667,
        "min": 0.367374777794,
        "stdev": 22.8836650848,
        "var": 523.66217041
    },
    "pitch_salience": {
        "dmean": 0.06742015481,
        "dmean2": 0.0986051261425,
        "dvar": 0.0130716655403,
        "dvar2": 0.0219860132784,
        "max": 0.80083155632,
        "mean": 0.351961165667,
        "median": 0.357418507338,
        "min": 0.0518839471042,
        "stdev": 0.177153393626,
        "var": 0.0313833244145
    },
    "silence_rate_20dB": {
        "dmean": 0,
        "dmean2": 0,
        "dvar": 0,
        "dvar2": 0,
        "max": 1,
        "mean": 1,
        "median": 1,
        "min": 1,
        "stdev": 0,
        "var": 0
    },
    "silence_rate_30dB": {
        "dmean": 0,
        "dmean2": 0,
        "dvar": 0,
        "dvar2": 0,
        "max": 1,
        "mean": 1,
        "median": 1,
        "min": 1,
        "stdev": 0,
        "var": 0
    },
    "silence_rate_60dB": {
        "dmean": 0.0219780225307,
        "dmean2": 0.0444444455206,
        "dvar": 0.0214949920774,
        "dvar2": 0.0424691289663,
        "max": 1,
        "mean": 0.543478250504,
        "median": 1,
        "min": 0,
        "stdev": 0.498105973005,
        "var": 0.248109549284
    },
    "spectral_centroid": {
        "dmean": 189.538208008,
        "dmean2": 272.5625,
        "dvar": 88991.984375,
        "dvar2": 127356.054688,
        "max": 3544.5690918,
        "mean": 1627.64074707,
        "median": 1229.18530273,
        "min": 872.740844727,
        "stdev": 624.761657715,
        "var": 390327.09375
    },
    "spectral_complexity": {
        "dmean": 0.0879120901227,
        "dmean2": 0.111111111939,
        "dvar": 0.124139629304,
        "dvar2": 0.143209785223,
        "max": 4,
        "mean": 1.78260874748,
        "median": 0,
        "min": 0,
        "stdev": 1.9439214468,
        "var": 3.77883076668
    },
    "spectral_decrease": {
        "dmean": 3.95641991391e-10,
        "dmean2": 3.47987444416e-10,
        "dvar": 1.15156931254e-18,
        "dvar2": 9.32987352656e-19,
        "max": -3.60655792875e-18,
        "mean": -5.78201753143e-09,
        "median": -2.17026288434e-12,
        "min": -1.58955053564e-08,
        "stdev": 6.75038691611e-09,
        "var": 4.55677222756e-17
    },
    "spectral_energy": {
        "dmean": 0.00166936020833,
        "dmean2": 0.00146736414172,
        "dvar": 2.0460014639e-05,
        "dvar2": 1.65462734003e-05,
        "max": 0.067057646811,
        "mean": 0.0243844930083,
        "median": 9.30989517656e-06,
        "min": 4.33008871814e-11,
        "stdev": 0.0284701101482,
        "var": 0.000810547207948
    },
    "spectral_energyband_high": {
        "dmean": 2.43289946411e-07,
        "dmean2": 3.23880470887e-07,
        "dvar": 1.5141978383e-13,
        "dvar2": 2.29644618209e-13,
        "max": 5.29978660779e-06,
        "mean": 1.50183370806e-06,
        "median": 7.76018111992e-08,
        "min": 2.11489818713e-11,
        "stdev": 1.81014740974e-06,
        "var": 3.2766335218e-12
    },
    "spectral_energyband_low": {
        "dmean": 3.40854342085e-07,
        "dmean2": 5.72836427182e-07,
        "dvar": 1.43031392936e-13,
        "dvar2": 2.81458043721e-13,
        "max": 2.98422378364e-06,
        "mean": 5.59200032058e-07,
        "median": 3.83631828527e-07,
        "min": 7.53520509877e-12,
        "stdev": 5.54712300982e-07,
        "var": 3.0770573806e-13
    },
    "spectral_energyband_middle_high": {
        "dmean": 0.00157157715876,
        "dmean2": 0.00137318077032,
        "dvar": 1.77624733624e-05,
        "dvar2": 1.42635635711e-05,
        "max": 0.0627520233393,
        "mean": 0.0227066092193,
        "median": 7.75030457589e-06,
        "min": 5.74759554187e-12,
        "stdev": 0.0265415776521,
        "var": 0.00070445536403
    },
    "spectral_energyband_middle_low": {
        "dmean": 0.000102961756056,
        "dmean2": 0.000101134231954,
        "dvar": 1.18276858529e-07,
        "dvar2": 1.46129181644e-07,
        "max": 0.00436156289652,
        "mean": 0.00167555687949,
        "median": 1.38012103434e-06,
        "min": 1.93453543115e-12,
        "stdev": 0.0019328413764,
        "var": 3.7358759073e-06
    },
    "spectral_entropy": {
        "dmean": 0.174625813961,
        "dmean2": 0.200360447168,
        "dvar": 0.0835058689117,
        "dvar2": 0.083357617259,
        "max": 8.77630805969,
        "mean": 6.08870649338,
        "median": 6.12786245346,
        "min": 3.81355166435,
        "stdev": 2.05886888504,
        "var": 4.23894071579
    },
    "spectral_flux": {
        "dmean": 0.00552239501849,
        "dmean2": 0.00769887957722,
        "dvar": 0.000320956809446,
        "dvar2": 0.000743181852158,
        "max": 0.153101027012,
        "mean": 0.00734820077196,
        "median": 0.00167254393455,
        "min": 0.000173981214175,
        "stdev": 0.0195623226464,
        "var": 0.000382684462238
    },
    "spectral_kurtosis": {
        "dmean": 12.2204523087,
        "dmean2": 19.2223014832,
        "dvar": 234.583206177,
        "dvar2": 538.681152344,
        "max": 101.200515747,
        "mean": 32.0913848877,
        "median": 17.1238136292,
        "min": 1.84256362915,
        "stdev": 31.1593055725,
        "var": 970.902282715
    },
    "spectral_rms": {
        "dmean": 0.000194410298718,
        "dmean2": 0.000190106453374,
        "dvar": 3.63938113424e-07,
        "dvar2": 3.27315831328e-07,
        "max": 0.00808839220554,
        "mean": 0.00324873370118,
        "median": 9.28924127948e-05,
        "min": 2.05535329201e-07,
        "stdev": 0.00363805959933,
        "var": 1.32354780362e-05
    },
    "spectral_rolloff": {
        "dmean": 444.151885986,
        "dmean2": 627.333984375,
        "dvar": 3459763.75,
        "dvar2": 3834224.25,
        "max": 17355.7617188,
        "mean": 1249.86169434,
        "median": 1205.859375,
        "min": 21.533203125,
        "stdev": 1870.42687988,
        "var": 3498496.75
    },
    "spectral_skewness": {
        "dmean": 0.77559286356,
        "dmean2": 1.20229554176,
        "dvar": 0.779178380966,
        "dvar2": 1.75160574913,
        "max": 7.74334716797,
        "mean": 3.38161325455,
        "median": 2.80562973022,
        "min": 1.18873560429,
        "stdev": 1.96648776531,
        "var": 3.86707401276
    },
    "spectral_spread": {
        "dmean": 617261.625,
        "dmean2": 751654.3125,
        "dvar": 625948884992,
        "dvar2": 1.0903215145e+12,
        "max": 11426977,
        "mean": 3703554.75,
        "median": 2565798.5,
        "min": 717856.8125,
        "stdev": 3302454.5,
        "var": 1.09062054216e+13
    },
    "spectral_strongpeak": {
        "dmean": 0.531322956085,
        "dmean2": 0.809934258461,
        "dvar": 1.45711529255,
        "dvar2": 2.40812444687,
        "max": 12.2865371704,
        "mean": 4.0908036232,
        "median": 0.0642556846142,
        "min": 0,
        "stdev": 4.80176210403,
        "var": 23.0569190979
    },
    "zerocrossingrate": {
        "dmean": 0.00656765094027,
        "dmean2": 0.00761718768626,
        "dvar": 9.27802902879e-05,
        "dvar2": 0.000157842587214,
        "max": 0.10107421875,
        "mean": 0.0485999062657,
        "median": 0.0537109375,
        "min": 0.0078125,
        "stdev": 0.0202020611614,
        "var": 0.000408123276429
    },
    "barkbands": {
        "dmean": [4.80998380681e-07, 1.25865014411e-07, 7.87307552486e-09, 2.33678787431e-09, 6.5531264859e-09, 2.32374617326e-08, 9.87106929529e-09, 9.94042566163e-05, 6.5285025812e-06, 1.52690844857e-07, 5.97118443579e-08, 0.00153290980961, 2.19374456378e-07, 9.14845657007e-08, 5.14509520144e-05, 1.53770489675e-08, 1.66363270182e-06, 5.20208186572e-06, 6.01193164584e-07, 1.98717771127e-07, 4.2152041857e-08, 1.64173830086e-08, 9.85681225529e-09, 3.23442339578e-09, 2.73415534657e-09, 1.39449229941e-09, 5.53604273534e-10],
        "dmean2": [7.4552838214e-07, 2.30870455198e-07, 1.485132195e-08, 4.32584235099e-09, 1.23488836934e-08, 4.52077877355e-08, 1.65640887673e-08, 9.57604061114e-05, 9.69714710664e-06, 2.4845675739e-07, 9.69490940861e-08, 0.00134207471274, 3.55121784423e-07, 1.60439327601e-07, 4.5816796046e-05, 2.58099586148e-08, 2.04835032491e-06, 5.41961526324e-06, 6.43319935989e-07, 2.66979839125e-07, 5.94847335833e-08, 2.3367419999e-08, 1.44950966785e-08, 5.57807133816e-09, 4.1171026588e-09, 2.27592655833e-09, 8.46082148787e-10],
        "dvar": [3.45292235559e-13, 2.69779146668e-14, 8.72028942467e-16, 3.57222381219e-17, 1.99354974548e-16, 1.32106087544e-14, 6.77542977998e-16, 1.05657740335e-07, 5.96656668517e-10, 6.33076870007e-13, 5.35958132259e-14, 1.72258369275e-05, 2.1088676866e-13, 7.64232698392e-14, 7.87731035956e-09, 4.80931543166e-16, 5.52830654518e-12, 8.04333336046e-11, 1.07180735641e-12, 1.05606854912e-13, 4.11642469311e-15, 6.42139488962e-16, 2.53022637979e-16, 4.20103030111e-17, 1.78519605172e-17, 6.26026004012e-18, 4.10201295608e-19],
        "dvar2": [6.33685649527e-13, 7.56138451548e-14, 2.56806201806e-15, 1.01236173481e-16, 5.82340551072e-16, 3.89794838388e-14, 1.77811909145e-15, 1.2101307334e-07, 1.62389768299e-09, 1.58300011554e-12, 8.85156544958e-14, 1.41754744618e-05, 3.87309596287e-13, 1.89059827364e-13, 6.05623684535e-09, 1.2480882247e-15, 9.74051828778e-12, 7.36440422533e-11, 1.2805177925e-12, 1.80656013695e-13, 6.23468934628e-15, 1.20746907735e-15, 4.86729589569e-16, 1.27082404484e-16, 3.47282780455e-17, 1.64565961593e-17, 1.0775114187e-18],
        "max": [5.3227195167e-06, 9.82534402283e-07, 2.18935980456e-07, 4.16991738916e-08, 9.67339914837e-08, 8.13602866856e-07, 1.83613153126e-07, 0.00420805439353, 0.000218904096982, 6.63576793158e-06, 1.88000308299e-06, 0.0611790083349, 4.10890515923e-06, 2.14916099139e-06, 0.00144824979361, 1.25292899611e-07, 2.17956239794e-05, 0.000177546869963, 1.45755193444e-05, 4.22489574703e-06, 9.83383074527e-07, 2.71503552085e-07, 1.55895875764e-07, 3.45534765245e-08, 4.66587870562e-08, 1.45075498281e-08, 7.41030614648e-09],
        "mean": [6.85020154378e-07, 1.59162610203e-07, 6.90276502624e-09, 1.69550606888e-09, 4.94813257035e-09, 1.5497848338e-08, 1.00665875635e-08, 0.00162123469636, 5.42849411431e-05, 1.13811204017e-07, 8.48956673849e-08, 0.0221701674163, 3.54504862798e-07, 1.01235677619e-07, 0.000474950211355, 2.82520566941e-08, 5.84758981859e-06, 5.09596720804e-05, 3.98916154154e-06, 1.11255906177e-06, 2.51262974871e-07, 8.51880770369e-08, 4.01480448886e-08, 6.45365094698e-09, 1.7080562742e-08, 4.84793005739e-09, 2.22741824984e-09],
        "median": [3.92754429868e-07, 1.02966559723e-07, 3.22006576958e-09, 5.49923440119e-10, 1.85112525308e-09, 3.69684749479e-09, 4.15719902946e-09, 1.33120261125e-06, 7.36252019351e-08, 7.27928917144e-09, 2.2197145455e-08, 3.74834621653e-06, 1.35187775641e-07, 3.47721922367e-08, 3.2852261711e-07, 1.79646288956e-08, 1.59748339001e-07, 9.7096503282e-08, 6.17866575681e-08, 2.81841803229e-08, 2.06827337479e-08, 1.06686668389e-08, 4.57732207693e-09, 2.22249418869e-09, 2.30591967743e-09, 1.39384126463e-09, 1.24607624219e-09],
        "min": [5.61662565415e-12, 3.54158607822e-12, 1.13455815923e-12, 2.90387207552e-13, 4.70942187157e-13, 4.13271522039e-13, 4.00253642079e-13, 1.48925685152e-13, 1.13050654992e-13, 4.90574215365e-13, 8.19790944655e-14, 1.71707063173e-13, 2.53595376035e-13, 4.60794271663e-13, 7.83793386097e-13, 3.69018075645e-13, 1.37637319077e-12, 2.22720550769e-13, 1.10055822962e-12, 1.52814013613e-12, 1.41074825433e-12, 1.45157182715e-12, 3.2694179395e-12, 3.0883787281e-12, 3.04617659222e-12, 3.85430576344e-12, 4.55171100464e-12],
        "stdev": [8.40440520733e-07, 1.69879854184e-07, 2.26051586338e-08, 4.66699656698e-09, 1.09984332752e-08, 8.41751415237e-08, 2.42755024971e-08, 0.00187070516404, 6.36538024992e-05, 7.10364417955e-07, 2.89855222491e-07, 0.025920316577, 6.25074164873e-07, 2.89118190722e-07, 0.000568903284147, 3.13175121391e-08, 7.13660938345e-06, 6.23046071269e-05, 5.00744499732e-06, 1.36611276957e-06, 2.98640713936e-07, 9.46972491533e-08, 4.85256954619e-08, 7.48557393848e-09, 1.9109299032e-08, 4.92113017003e-09, 1.77141590285e-09],
        "var": [7.06340313929e-13, 2.88591646782e-14, 5.1099316598e-16, 2.1780858323e-17, 1.20965542821e-16, 7.08545389719e-15, 5.89300038465e-16, 3.49953779732e-06, 4.05180689e-09, 5.04617615055e-13, 8.40160528496e-14, 0.000671862799209, 3.90717677396e-13, 8.35893312033e-14, 3.23650937162e-07, 9.80786543527e-16, 5.09311932906e-11, 3.88186371936e-09, 2.50745032376e-11, 1.86626408771e-12, 8.91862809733e-14, 8.9675691528e-15, 2.35474312304e-15, 5.60338234993e-17, 3.65165300333e-16, 2.4217523958e-17, 3.13791420321e-18]
    },
    "erbbands": {
        "dmean": [9.50755929807e-06, 9.55722680374e-06, 1.06862826215e-05, 7.33288288757e-06, 1.1804211681e-05, 2.28072640311e-05, 7.79814145062e-05, 0.000318401987897, 0.00254704151303, 0.138979181647, 2.74424910545, 0.359837025404, 0.0149786723778, 0.0928024426103, 5.01964235306, 79.4481964111, 5.87077236176, 0.276324778795, 3.04084730148, 0.417282283306, 0.0504684858024, 0.0484765060246, 0.228872716427, 0.101038552821, 0.0433346703649, 0.0130194434896, 0.00370262609795, 0.000880448205862, 0.000434424553532, 0.000533283222467, 0.000134949412313, 6.97016585036e-05, 5.15331739734e-05, 5.68847026443e-05, 1.41757336678e-05, 8.78408900462e-06, 3.0365654311e-06, 5.91344303302e-07, 9.95092818812e-07, 2.03063177651e-06],
        "dmean2": [1.66984664247e-05, 1.79829057743e-05, 2.02686733246e-05, 1.37829838422e-05, 2.2895699658e-05, 4.30337895523e-05, 0.00014609239588, 0.000531365862116, 0.00257347151637, 0.138233870268, 2.66646242142, 0.369968086481, 0.0141422301531, 0.0768895149231, 4.47134685516, 69.1592254639, 5.0414481163, 0.231394022703, 2.70942807198, 0.375151365995, 0.0588033795357, 0.0594845674932, 0.237139865756, 0.10516910255, 0.0446306541562, 0.0165906120092, 0.00495406985283, 0.00122542143799, 0.000650739762932, 0.00077397946734, 0.000215642387047, 0.000121831297292, 9.31122995098e-05, 8.46328402986e-05, 2.08620713238e-05, 1.36457574627e-05, 4.2410115384e-06, 7.14185773631e-07, 8.95862285688e-07, 1.78430650521e-06],
        "dvar": [1.12614285952e-10, 7.2277006602e-10, 1.8150276837e-09, 3.51261325582e-10, 1.18747811584e-09, 1.91670501692e-09, 6.31054675182e-08, 1.50307641889e-06, 6.35384494672e-05, 0.191349864006, 81.9938049316, 1.59924042225, 0.00222068885341, 0.0488071590662, 164.340866089, 46278.1210938, 263.006011963, 0.4096814394, 26.8287448883, 0.571271002293, 0.00519787753001, 0.00482450705022, 0.153428822756, 0.0318490825593, 0.00566502800211, 0.000490823760629, 3.27073066728e-05, 1.95778420675e-06, 4.40869314389e-07, 7.74594752784e-07, 8.41644478555e-08, 2.80358758431e-08, 1.29174662078e-08, 6.2266205525e-09, 5.70679170586e-10, 2.85399925914e-10, 2.36632761996e-11, 9.94683393811e-13, 6.52493553979e-12, 3.01333576147e-11],
        "dvar2": [2.89003654341e-10, 2.14185980063e-09, 5.4222950574e-09, 9.87347537063e-10, 3.49944850875e-09, 5.71528824267e-09, 1.95946654458e-07, 4.79451773572e-06, 7.60733528296e-05, 0.211448267102, 96.8581848145, 2.42958307266, 0.00264341221191, 0.0293406117707, 128.479766846, 38001.5, 234.470657349, 0.267409324646, 19.6285095215, 0.496443927288, 0.00803083647043, 0.00783700030297, 0.141887098551, 0.0288766678423, 0.00655225245282, 0.000775072549004, 5.08997072757e-05, 2.33237119573e-06, 7.80789548571e-07, 1.50889422912e-06, 2.36504618556e-07, 7.95512420382e-08, 4.02879969386e-08, 1.16254899041e-08, 1.31326216568e-09, 7.03791969148e-10, 4.48434622768e-11, 1.49490727956e-12, 5.362725021e-12, 2.43202003675e-11],
        "max": [7.77626846684e-05, 0.000196747248992, 0.000310942967189, 0.000118981864944, 0.000242084992351, 0.000297595775919, 0.0017793669831, 0.0086257820949, 0.103944845498, 5.70353269577, 116.225875854, 15.1853971481, 0.625952363014, 3.59381532669, 192.379425049, 3173.98266602, 234.185333252, 10.3883237839, 85.0171432495, 12.1512022018, 0.949478209019, 0.803908824921, 7.6779923439, 3.55276823044, 1.10440289974, 0.288967460394, 0.0834617465734, 0.0227267071605, 0.00800935458392, 0.0089490218088, 0.00181716959924, 0.00110699166544, 0.00062601378886, 0.000847924908157, 0.000253559584962, 0.000128120591398, 6.42437371425e-05, 1.38120167321e-05, 3.83388469345e-05, 8.14958621049e-05],
        "mean": [1.38673485708e-05, 9.96545622911e-06, 9.90378612187e-06, 7.06663104211e-06, 1.32060404212e-05, 4.09598033002e-05, 0.000216844229726, 0.00197731354274, 0.0402079634368, 2.19575738907, 44.7459945679, 5.68756151199, 0.2394964993, 1.29929077625, 68.9741439819, 1150.14611816, 85.4673995972, 3.71028828621, 27.781879425, 4.04839706421, 0.290903389454, 0.230953738093, 2.23874878883, 1.00497019291, 0.304386854172, 0.0795385912061, 0.0231487359852, 0.00670976797119, 0.00262956088409, 0.00227019563317, 0.000457409594674, 0.000213359220652, 0.000135755093652, 0.000300263171084, 9.07712965272e-05, 4.64020849904e-05, 2.07854009204e-05, 5.21913489138e-06, 1.40141155498e-05, 2.96352736768e-05],
        "median": [9.38050470722e-06, 6.53372308079e-06, 4.97288510815e-06, 4.24453992309e-06, 6.51205209579e-06, 4.13434172515e-05, 0.000144344201544, 0.000258187850704, 0.000509903475177, 0.0025479265023, 0.0366854965687, 0.00451889354736, 0.000445401761681, 0.000922044855542, 0.00958099588752, 0.193796247244, 0.0258327741176, 0.00929148122668, 0.0270907860249, 0.00534510379657, 0.00595058593899, 0.0060924096033, 0.00433716084808, 0.00475746719167, 0.00274030864239, 0.00169599242508, 0.00148434948642, 0.000470827391837, 0.000423034129199, 0.000216301574255, 7.43638083804e-05, 5.72635581193e-05, 3.35594886565e-05, 2.48038013524e-05, 1.15685070341e-05, 6.5140065999e-06, 3.07807158606e-06, 7.33677097742e-07, 2.16891649529e-07, 3.09104102314e-08],
        "min": [1.81557380241e-10, 5.43640021888e-10, 1.2413501338e-09, 1.34953437314e-09, 8.39646352446e-10, 2.17616991094e-09, 2.20584350785e-09, 3.76727538054e-09, 4.91062612795e-09, 3.92945009864e-09, 4.85702678077e-09, 2.66370636659e-09, 1.1050183879e-08, 9.65696678179e-09, 4.50996440193e-09, 6.61149002212e-09, 9.82503589597e-09, 2.8232905791e-08, 1.71952727612e-08, 5.01843899769e-08, 2.28693277649e-08, 8.00011648039e-08, 2.12454889237e-08, 2.02748609013e-08, 8.11288245472e-08, 7.11606418236e-08, 5.36440118992e-08, 4.96549752427e-08, 3.8316809281e-08, 1.37988564575e-07, 7.7155753786e-08, 7.90274583551e-08, 3.71387329778e-08, 3.10274756998e-08, 2.46828832928e-08, 1.48830707758e-08, 7.87177789618e-09, 2.44069187083e-09, 6.33752550439e-10, 7.63899846157e-11],
        "stdev": [1.39526164276e-05, 2.04071693588e-05, 3.1972573197e-05, 1.47865175677e-05, 2.63869078481e-05, 4.45409750682e-05, 0.000255956896581, 0.00221335142851, 0.0461646877229, 2.52935552597, 51.6268386841, 6.5651922226, 0.275945484638, 1.50839269161, 80.6047210693, 1344.93566895, 99.941116333, 4.32367610931, 33.2821426392, 4.83804798126, 0.340030372143, 0.275729000568, 2.72995829582, 1.23144924641, 0.380742996931, 0.0977976992726, 0.0277139209211, 0.00773578789085, 0.00293846055865, 0.00276058539748, 0.000511592836119, 0.000230304227443, 0.000149216648424, 0.000343293097103, 9.89018808468e-05, 4.90396014357e-05, 2.30187106354e-05, 5.47829313291e-06, 1.62183969223e-05, 3.45894732163e-05],
        "var": [1.94675497944e-10, 4.1645253912e-10, 1.02224551046e-09, 2.18641105221e-10, 6.96268931399e-10, 1.98389860095e-09, 6.55139302808e-08, 4.89892454425e-06, 0.00213117850944, 6.3976392746, 2665.33032227, 43.1017494202, 0.076145902276, 2.27524852753, 6497.12109375, 1808851.875, 9988.2265625, 18.6941757202, 1107.70092773, 23.406709671, 0.115620657802, 0.0760264769197, 7.4526720047, 1.51646733284, 0.144965231419, 0.00956439040601, 0.000768061378039, 5.98424157943e-05, 8.63455079525e-06, 7.62083209338e-06, 2.61727223005e-07, 5.3040036363e-08, 2.22656062476e-08, 1.178501563e-07, 9.78158265497e-09, 2.40488251535e-09, 5.2986104393e-10, 3.00116979879e-11, 2.63036425974e-10, 1.19643173146e-09]
    },
    "gfcc": {
        "mean": [-432.790008545, 42.9004554749, -182.549102783, -42.8091468811, -26.6979522705, 10.9905948639, 4.72703742981, 19.1215362549, 0.520483791828, 25.0744743347, 15.2180624008, -2.30115151405, -17.4858036041],
        "cov": [[44272.515625, 2981.59204102, -19670.9707031, -12479.7363281, -1872.30859375, -2146.64916992, 2853.62939453, -97.272644043, 856.922973633, 743.127807617, 3304.77124023, -1476.33789062, -2023.15039062], [2981.59204102, 491.622283936, -1324.60925293, -862.284667969, -87.5866394043, -187.235977173, 161.662261963, 11.9218626022, 87.5168380737, 57.0238227844, 179.817123413, -108.006195068, -110.150978088], [-19670.9707031, -1324.60925293, 9480.63867188, 5903.06933594, 711.055236816, 950.126525879, -1388.52307129, 14.6272764206, -412.06048584, -359.897216797, -1518.18762207, 715.70513916, 958.703613281], [-12479.7363281, -862.284667969, 5903.06933594, 3984.5625, 451.019439697, 610.201293945, -885.68157959, 28.5331020355, -348.466033936, -224.27015686, -978.991394043, 495.95300293, 603.962646484], [-1872.30859375, -87.5866394043, 711.055236816, 451.019439697, 294.876251221, 161.721038818, -75.3090209961, 32.9768486023, 14.3657035828, -3.00225830078, -127.233665466, 47.1003074646, 88.3075408936], [-2146.64916992, -187.235977173, 950.126525879, 610.201293945, 161.721038818, 206.967941284, -106.904380798, 26.8753566742, -5.39287757874, -2.65187931061, -152.371307373, 59.667427063, 70.3906326294], [2853.62939453, 161.662261963, -1388.52307129, -885.68157959, -75.3090209961, -106.904380798, 318.379150391, 7.0660867691, 33.3218650818, 64.4258651733, 264.109191895, -100.485031128, -143.773712158], [-97.272644043, 11.9218626022, 14.6272764206, 28.5331020355, 32.9768486023, 26.8753566742, 7.0660867691, 62.0717926025, 41.258266449, 17.8247661591, -17.943857193, -2.66846132278, -8.72668743134], [856.922973633, 87.5168380737, -412.06048584, -348.466033936, 14.3657035828, -5.39287757874, 33.3218650818, 41.258266449, 139.563415527, 40.7718658447, 48.6420211792, -61.7760391235, -52.8271713257], [743.127807617, 57.0238227844, -359.897216797, -224.27015686, -3.00225830078, -2.65187931061, 64.4258651733, 17.8247661591, 40.7718658447, 46.9512214661, 62.653175354, -33.2962341309, -49.0383872986], [3304.77124023, 179.817123413, -1518.18762207, -978.991394043, -127.233665466, -152.371307373, 264.109191895, -17.943857193, 48.6420211792, 62.653175354, 298.050750732, -97.1331787109, -152.5809021], [-1476.33789062, -108.006195068, 715.70513916, 495.95300293, 47.1003074646, 59.667427063, -100.485031128, -2.66846132278, -61.7760391235, -33.2962341309, -97.1331787109, 93.8730545044, 92.4880752563], [-2023.15039062, -110.150978088, 958.703613281, 603.962646484, 88.3075408936, 70.3906326294, -143.773712158, -8.72668743134, -52.8271713257, -49.0383872986, -152.5809021, 92.4880752563, 141.50831604]],
        "icov": [[0.000532923208084, -0.000691200897563, 0.000647809240036, -0.000175762324943, 0.00082335411571, -0.000287918490358, 0.000751221610699, -0.000407630606787, -0.000133778143208, 0.000610481249169, -0.00298973708414, 0.00122454983648, -5.23777416674e-05], [-0.000691200897563, 0.00577967846766, -0.000562327099033, 0.00133851973806, -0.00218435400166, 0.00517666060477, -0.00172144838143, 0.000840406341013, -6.41465885565e-05, -0.00688658189029, 0.00900998245925, -0.00374106015079, -0.000445744051831], [0.000647809240036, -0.000562327099033, 0.0031800896395, -0.00319172325544, 0.00180424493738, -0.00184920313768, 0.000167630496435, 0.00208953698166, -0.00333512993529, 0.00269131269306, -0.00227402709424, 0.00229563633911, -0.00327000929974], [-0.000175762324943, 0.00133851973806, -0.00319172325544, 0.0118610858917, -0.00012564775534, -0.00449792621657, 0.00434789573774, -0.00745537178591, 0.0133997909725, -0.00732401991263, 0.0123542593792, -0.0137585382909, 0.000580242543947], [0.00082335411571, -0.00218435400166, 0.00180424493738, -0.00012564775534, 0.00975059811026, -0.00972087867558, 0.00116892543156, -0.00315130897798, 0.000286549358862, 0.00244834972546, -0.00478396937251, 0.00529119139537, -0.00953325722367], [-0.000287918490358, 0.00517666060477, -0.00184920313768, -0.00449792621657, -0.00972087867558, 0.0323789305985, -0.0117221456021, 0.0121994763613, -0.0132323382422, -0.0157459508628, 0.011099495925, -0.00914881750941, 0.0179922413081], [0.000751221610699, -0.00172144838143, 0.000167630496435, 0.00434789573774, 0.00116892543156, -0.0117221456021, 0.0265147555619, -0.0206391699612, 0.0190966688097, 0.00192549952772, -0.0258711632341, 0.017846737057, -0.0112880384549], [-0.000407630606787, 0.000840406341013, 0.00208953698166, -0.00745537178591, -0.00315130897798, 0.0121994763613, -0.0206391699612, 0.0465151257813, -0.0277374833822, -0.00871341116726, 0.024303060025, -0.0230252761394, 0.0181661620736], [-0.000133778143208, -6.41465885565e-05, -0.00333512993529, 0.0133997909725, 0.000286549358862, -0.0132323382422, 0.0190966688097, -0.0277374833822, 0.0391081348062, -0.0100119439885, -0.00389351882041, 0.0111831082031, -0.0128402253613], [0.000610481249169, -0.00688658189029, 0.00269131269306, -0.00732401991263, 0.00244834972546, -0.0157459508628, 0.00192549952772, -0.00871341116726, -0.0100119439885, 0.0654008761048, -0.0276968255639, 0.0151982763782, 0.00324600352906], [-0.00298973708414, 0.00900998245925, -0.00227402709424, 0.0123542593792, -0.00478396937251, 0.011099495925, -0.0258711632341, 0.024303060025, -0.00389351882041, -0.0276968255639, 0.0848590433598, -0.0595104657114, 0.0189671944827], [0.00122454983648, -0.00374106015079, 0.00229563633911, -0.0137585382909, 0.00529119139537, -0.00914881750941, 0.017846737057, -0.0230252761394, 0.0111831082031, 0.0151982763782, -0.0595104657114, 0.0923609361053, -0.0393652021885], [-5.23777416674e-05, -0.000445744051831, -0.00327000929974, 0.000580242543947, -0.00953325722367, 0.0179922413081, -0.0112880384549, 0.0181661620736, -0.0128402253613, 0.00324600352906, 0.0189671944827, -0.0393652021885, 0.0548105426133]]
    },
    "melbands": {
        "dmean": [8.13412341927e-08, 6.61701360372e-09, 1.41361045092e-09, 1.1492098384e-09, 2.250138742e-09, 4.98893282241e-09, 2.35061747844e-09, 3.26719987243e-06, 2.13878120121e-05, 8.49437014949e-07, 2.92676793912e-09, 3.16314228144e-08, 9.56481116532e-09, 0.000158953262144, 9.84964426607e-05, 1.97742480168e-08, 1.13555600478e-08, 4.26634233008e-06, 2.27592067858e-06, 4.94749852198e-10, 9.03900243543e-08, 8.03129225346e-08, 4.14066869681e-09, 4.13129441768e-07, 3.24207611868e-08, 3.30275327087e-08, 1.12944551489e-08, 1.07379003467e-08, 2.37631758715e-09, 1.95178739837e-09, 4.54601217781e-10, 2.3511195768e-10, 3.21573573325e-10, 3.42715800183e-10, 6.48166728623e-11, 5.05953230701e-11, 4.71703023863e-11, 4.17577951384e-11, 3.10832297401e-11, 4.98483684885e-11],
        "dmean2": [1.38673485139e-07, 1.28017116907e-08, 2.69560640476e-09, 2.23472662597e-09, 4.33706270897e-09, 9.65595425839e-09, 4.44145076273e-09, 3.23587732964e-06, 2.07829707506e-05, 1.04697141978e-06, 4.49684467441e-09, 4.95517760157e-08, 1.85176531886e-08, 0.000140259842738, 8.42043591547e-05, 2.92883033381e-08, 1.99645882049e-08, 3.8334292185e-06, 2.0444265374e-06, 7.79368847237e-10, 1.10603011194e-07, 9.93311530806e-08, 6.38824593224e-09, 4.28531052421e-07, 3.83889968703e-08, 3.5243424179e-08, 1.23863159729e-08, 1.43161908994e-08, 3.32982619256e-09, 2.69830091604e-09, 6.18704310007e-10, 3.37387506821e-10, 5.40857969522e-10, 4.88190821102e-10, 1.09650830082e-10, 8.50145162601e-11, 7.98904484234e-11, 7.54127107983e-11, 5.20205892252e-11, 7.3506062348e-11],
        "dvar": [8.10566908326e-15, 6.82000488883e-16, 1.31835218848e-17, 7.01533531867e-18, 5.63038615733e-17, 6.42745858673e-16, 6.99147347411e-17, 9.28875795725e-11, 5.05548669594e-09, 9.01812045179e-12, 1.21625844708e-16, 2.59545819759e-14, 1.54682795723e-15, 1.78017572239e-07, 7.35929859275e-08, 2.29816195744e-15, 1.12884885562e-15, 5.18200621302e-11, 1.68585076454e-11, 5.28823958532e-19, 1.60326142146e-14, 1.30980473931e-14, 4.3435518663e-17, 5.06128504992e-13, 3.77616732303e-15, 3.28474824143e-15, 3.50812035874e-16, 3.36906322449e-16, 1.24355653226e-17, 9.85494792708e-18, 4.99297694868e-19, 1.26813237328e-19, 3.77901624597e-19, 2.96531324903e-19, 2.60315935969e-20, 2.03106767712e-20, 8.10959390715e-21, 8.81158994284e-21, 2.22615790147e-21, 5.11606038985e-21],
        "dvar2": [1.73094621725e-14, 2.03503667809e-15, 3.73461624092e-17, 2.0205413437e-17, 1.66683868216e-16, 1.89321159898e-15, 1.98293496682e-16, 9.44294295535e-11, 6.23690299406e-09, 1.86903808402e-11, 2.22655421559e-16, 6.21756471178e-14, 3.46262198398e-15, 1.41519748809e-07, 6.41275690327e-08, 4.19430259635e-15, 2.68659157353e-15, 3.74267804248e-11, 1.44421497331e-11, 1.15255893074e-18, 2.87897012003e-14, 2.26720091269e-14, 1.07129180218e-16, 4.63487267229e-13, 4.10514306129e-15, 3.92149361283e-15, 4.24949547495e-16, 5.63891855844e-16, 2.11031178142e-17, 1.36398269707e-17, 7.06974519142e-19, 1.85201965139e-19, 9.01160441215e-19, 4.88497301007e-19, 7.83462630839e-20, 6.14531024006e-20, 2.13582864767e-20, 2.78397522548e-20, 6.1684368852e-21, 9.38646108151e-21],
        "max": [6.71755174153e-07, 1.8924724543e-07, 1.9458024525e-08, 1.84162001204e-08, 5.26656975808e-08, 1.79718838922e-07, 6.1138692331e-08, 0.000129578838823, 0.00090677535627, 3.03099968733e-05, 9.9731025216e-08, 1.38357495416e-06, 2.85639259801e-07, 0.00626994064078, 0.00394327333197, 4.68922365826e-07, 2.65231903995e-07, 0.000117927178508, 6.60026125843e-05, 5.42571010342e-09, 1.14780982585e-06, 1.08252652353e-06, 6.71375843808e-08, 1.40172405736e-05, 1.15666853162e-06, 8.04932540177e-07, 2.71793624051e-07, 2.322682775e-07, 4.81486637227e-08, 4.57279334398e-08, 7.50567252794e-09, 4.4193422255e-09, 4.70615901804e-09, 5.993392449e-09, 1.07871378496e-09, 9.90986404048e-10, 5.31492405642e-10, 5.58563584274e-10, 3.04149982977e-10, 7.51423590017e-10],
        "mean": [1.305287185e-07, 6.04324323916e-09, 1.10975439949e-09, 8.72107774885e-10, 1.64208391329e-09, 3.32712324358e-09, 2.11074357992e-09, 4.9425427278e-05, 0.000346966495272, 1.09657894427e-05, 3.37466032896e-09, 2.46661535641e-08, 1.34369182447e-08, 0.00226424541324, 0.00143632513937, 2.81538508062e-08, 1.27908403869e-08, 3.83682563552e-05, 2.19311568799e-05, 9.94754056904e-10, 3.08880601096e-07, 2.89318307978e-07, 1.80221846335e-08, 4.04762613471e-06, 3.0466952694e-07, 2.22759865665e-07, 7.17254380334e-08, 6.08013763781e-08, 1.33575568384e-08, 1.13361942056e-08, 1.84627002575e-09, 1.3880999683e-09, 1.24738375185e-09, 1.42033473871e-09, 1.32766866945e-10, 1.16366527525e-10, 1.05692607444e-10, 6.98141960909e-11, 1.05249829685e-10, 2.66115934844e-10],
        "median": [8.62157776282e-08, 3.36372396603e-09, 4.16155859773e-10, 3.50748652345e-10, 4.60259746982e-10, 8.79942230192e-10, 9.02276031667e-10, 4.50075212655e-08, 2.81246002487e-07, 1.18452581077e-08, 1.16587361987e-09, 1.99098026954e-09, 3.71045705272e-09, 3.45430009929e-07, 2.78503307527e-07, 1.01017079146e-08, 4.98985786024e-09, 3.4788183001e-08, 1.50123184994e-08, 8.26263724107e-10, 8.07560063265e-09, 7.14882819608e-09, 1.5158118094e-09, 5.23425125465e-09, 3.05109848497e-09, 2.0343158269e-09, 1.67048963551e-09, 9.76482894544e-10, 1.19287446587e-09, 4.97412389056e-10, 2.31455438149e-10, 2.67608546434e-10, 1.52505758022e-10, 1.05910058501e-10, 4.17790940732e-11, 3.90764122449e-11, 3.38119428289e-11, 2.47173150003e-11, 1.97665495083e-11, 1.99456822586e-11],
        "min": [1.57126178388e-12, 6.50756900623e-13, 2.06385757551e-13, 1.1154191313e-13, 8.15864032149e-14, 8.14535816725e-14, 7.89705960672e-14, 3.62950195885e-14, 4.09244544448e-14, 1.3486427246e-14, 6.04790469007e-14, 4.60326797568e-14, 1.28596855454e-14, 2.1960677634e-14, 1.28106016802e-14, 3.33199180053e-14, 5.35212539977e-14, 1.68966233962e-14, 7.28224785703e-14, 4.11464380634e-14, 2.27424924325e-14, 8.71198661714e-14, 4.18134494043e-14, 1.09606402188e-14, 1.31090384926e-14, 5.06581267819e-14, 5.03070316253e-14, 5.4068599912e-14, 2.53541186256e-14, 5.57604601327e-14, 1.74609624855e-14, 1.59923259395e-14, 3.90859795972e-14, 8.74951627534e-14, 4.31700641489e-14, 4.61527754762e-14, 4.23466498683e-14, 1.89562094185e-14, 3.44717337357e-14, 2.30533433597e-14],
        "stdev": [1.29425956175e-07, 1.94350118221e-08, 2.81696377336e-09, 2.03725747383e-09, 5.56086554582e-09, 1.85915265405e-08, 6.54300569281e-09, 5.69282710785e-05, 0.000400389777496, 1.26806608023e-05, 1.22109780065e-08, 1.49931508986e-07, 4.59304452249e-08, 0.00264701759443, 0.00167996494565, 6.02872844979e-08, 3.60539260669e-08, 4.60061673948e-05, 2.62344365183e-05, 1.14340548141e-09, 3.76744651476e-07, 3.53487166649e-07, 2.0743222251e-08, 4.94575215271e-06, 3.79185763677e-07, 2.79283568716e-07, 8.99747973904e-08, 7.5335194083e-08, 1.60088386991e-08, 1.38942093386e-08, 2.17080420306e-09, 1.53825607807e-09, 1.49495338331e-09, 1.77790127065e-09, 1.65241820227e-10, 1.51829521178e-10, 1.24943555502e-10, 9.66404040126e-11, 1.1195377958e-10, 3.08080838618e-10],
