{
"lowlevel": {
    "average_loudness": 0.858378410339,
    "barkbands_crest": {
        "dmean": 4.6146235466,
        "dmean2": 7.72738265991,
        "dvar": 12.7025346756,
        "dvar2": 35.3643608093,
        "max": 26.1312332153,
        "mean": 12.9315109253,
        "median": 12.1340408325,
        "min": 5.0660905838,
        "stdev": 5.0633597374,
        "var": 25.6376094818
    },
    "barkbands_flatness_db": {
        "dmean": 0.0407199524343,
        "dmean2": 0.0634453594685,
        "dvar": 0.00117052334826,
        "dvar2": 0.00283441226929,
        "max": 0.363446742296,
        "mean": 0.205655440688,
        "median": 0.204785183072,
        "min": 0.0655154958367,
        "stdev": 0.072218850255,
        "var": 0.00521556241438
    },
    "barkbands_kurtosis": {
        "dmean": 17.5856266022,
        "dmean2": 30.1820602417,
        "dvar": 690.057128906,
        "dvar2": 2013.81384277,
        "max": 247.340393066,
        "mean": 22.7728805542,
        "median": 7.86623477936,
        "min": -1.80310285091,
        "stdev": 39.0153656006,
        "var": 1522.19885254
    },
    "barkbands_skewness": {
        "dmean": 1.49870574474,
        "dmean2": 2.53341698647,
        "dvar": 2.42949461937,
        "dvar2": 6.00998258591,
        "max": 11.7696180344,
        "mean": 2.30666041374,
        "median": 1.93207991123,
        "min": -1.01933538914,
        "stdev": 2.71972107887,
        "var": 7.39688253403
    },
    "barkbands_spread": {
        "dmean": 4.9603061676,
        "dmean2": 8.5972366333,
        "dvar": 139.720733643,
        "dvar2": 296.352996826,
        "max": 127.679077148,
        "mean": 19.1479892731,
        "median": 6.3287525177,
        "min": 0.662944495678,
        "stdev": 34.8346862793,
        "var": 1213.45532227
    },
    "dissonance": {
        "dmean": 0.05005768314,
        "dmean2": 0.0826670825481,
        "dvar": 0.00311375735328,
        "dvar2": 0.00734208617359,
        "max": 0.49984523654,
        "mean": 0.425352394581,
        "median": 0.450140416622,
        "min": 0.15204949677,
        "stdev": 0.0789308026433,
        "var": 0.00623007165268
    },
    "dynamic_complexity": 20.5439510345,
    "erbbands_crest": {
        "dmean": 4.36941242218,
        "dmean2": 6.98517036438,
        "dvar": 19.4886646271,
        "dvar2": 47.5362243652,
        "max": 31.8371067047,
        "mean": 11.5509052277,
        "median": 9.21394252777,
        "min": 2.75748062134,
        "stdev": 7.07492446899,
        "var": 50.0545578003
    },
    "erbbands_flatness_db": {
        "dmean": 0.0396829806268,
        "dmean2": 0.0556847937405,
        "dvar": 0.00167303031776,
        "dvar2": 0.00358971138485,
        "max": 0.406386643648,
        "mean": 0.188953176141,
        "median": 0.170430794358,
        "min": 0.0466816388071,
        "stdev": 0.0913612917066,
        "var": 0.00834688544273
    },
    "erbbands_kurtosis": {
        "dmean": 7.3264131546,
        "dmean2": 11.1972484589,
        "dvar": 123.703826904,
        "dvar2": 266.894500732,
        "max": 76.6046981812,
        "mean": 8.05111217499,
        "median": 2.29129743576,
        "min": -1.11734437943,
        "stdev": 13.7487030029,
        "var": 189.02684021
    },
    "erbbands_skewness": {
        "dmean": 0.881739675999,
        "dmean2": 1.32081234455,
        "dvar": 0.848747968674,
        "dvar2": 2.0391600132,
        "max": 6.72930812836,
        "mean": 1.1919336319,
        "median": 0.808334171772,
        "min": -1.02610552311,
        "stdev": 1.44946849346,
        "var": 2.10095906258
    },
    "erbbands_spread": {
        "dmean": 8.39016342163,
        "dmean2": 13.0361776352,
        "dvar": 75.9566802979,
        "dvar2": 162.336151123,
        "max": 94.8190307617,
        "mean": 24.9557876587,
        "median": 21.7524585724,
        "min": 1.30347979069,
        "stdev": 20.1718921661,
        "var": 406.905212402
    },
    "hfc": {
        "dmean": 9.98009204865,
        "dmean2": 16.1767673492,
        "dvar": 1799.56225586,
        "dvar2": 4913.27148438,
        "max": 344.148620605,
        "mean": 7.78096866608,
        "median": 0.135580614209,
        "min": 1.04964801722e-05,
        "stdev": 35.0550422668,
        "var": 1228.8560791
    },
    "loudness_ebu128": {
        "integrated": -27.4524059296,
        "loudness_range": 0,
        "momentary": {
            "dmean": 2.90108752251,
            "dmean2": 3.29199647903,
            "dvar": 6.20466375351,
            "dvar2": 3.04680299759,
            "max": -22.8280849457,
            "mean": -37.6852989197,
            "median": -37.6981086731,
            "min": -64.8227615356,
            "stdev": 11.35916996,
            "var": 129.03074646
        },
        "short_term": {
            "dmean": 0,
            "dmean2": 0,
            "dvar": 0,
            "dvar2": 0,
            "max": -30.7043399811,
            "mean": -30.7043399811,
            "median": -30.7043399811,
            "min": -30.7043399811,
            "stdev": 0,
            "var": 0
        }
    },
    "melbands_crest": {
        "dmean": 6.42896795273,
        "dmean2": 10.7084140778,
        "dvar": 19.382768631,
        "dvar2": 58.2928352356,
        "max": 33.6110992432,
        "mean": 18.8689041138,
        "median": 18.2085456848,
        "min": 5.94325351715,
        "stdev": 6.62816095352,
        "var": 43.9325180054
    },
    "melbands_flatness_db": {
        "dmean": 0.041831176728,
        "dmean2": 0.0654608532786,
        "dvar": 0.00161307759117,
        "dvar2": 0.00354874366894,
        "max": 0.491471767426,
        "mean": 0.288024812937,
        "median": 0.309614479542,
        "min": 0.0211118143052,
        "stdev": 0.107841566205,
        "var": 0.0116298031062
    },
    "melbands_kurtosis": {
        "dmean": 20.8837909698,
        "dmean2": 34.4852752686,
        "dvar": 1290.08703613,
        "dvar2": 2826.2265625,
        "max": 451.656036377,
        "mean": 32.2582588196,
        "median": 10.0903635025,
        "min": -1.40434598923,
        "stdev": 70.9361343384,
        "var": 5031.93554688
    },
    "melbands_skewness": {
        "dmean": 1.48514795303,
        "dmean2": 2.44276475906,
        "dvar": 2.06138634682,
        "dvar2": 4.32640123367,
        "max": 13.2331485748,
        "mean": 2.49789476395,
        "median": 2.01689815521,
        "min": -1.67281341553,
        "stdev": 2.92737793922,
        "var": 8.56954193115
    },
    "melbands_spread": {
        "dmean": 6.28917503357,
        "dmean2": 10.109128952,
        "dvar": 230.656356812,
        "dvar2": 371.021697998,
        "max": 187.383178711,
        "mean": 25.0810012817,
        "median": 6.85262060165,
        "min": 0.452799856663,
        "stdev": 50.5648345947,
        "var": 2556.80249023
    },
    "pitch_salience": {
        "dmean": 0.13471122086,
        "dmean2": 0.214771568775,
        "dvar": 0.00865604169667,
        "dvar2": 0.0256551448256,
        "max": 0.749411642551,
        "mean": 0.497888505459,
        "median": 0.525636792183,
        "min": 0.190754234791,
        "stdev": 0.140182584524,
        "var": 0.0196511577815
    },
    "silence_rate_20dB": {
        "dmean": 0,
        "dmean2": 0,
        "dvar": 0,
        "dvar2": 0,
        "max": 1,
        "mean": 1,
        "median": 1,
        "min": 1,
        "stdev": 0,
        "var": 0
    },
    "silence_rate_30dB": {
        "dmean": 0.0185185186565,
        "dmean2": 0.0373831763864,
        "dvar": 0.0181756038219,
        "dvar2": 0.0359857454896,
        "max": 1,
        "mean": 0.972477078438,
        "median": 1,
        "min": 0,
        "stdev": 0.16360129416,
        "var": 0.0267653856426
    },
    "silence_rate_60dB": {
        "dmean": 0.074074074626,
        "dmean2": 0.149532705545,
        "dvar": 0.0685871019959,
        "dvar2": 0.127172544599,
        "max": 1,
        "mean": 0.66972476244,
        "median": 1,
        "min": 0,
        "stdev": 0.470311909914,
        "var": 0.221193298697
    },
    "spectral_centroid": {
        "dmean": 157.53024292,
        "dmean2": 252.704269409,
        "dvar": 97487.0078125,
        "dvar2": 183982.375,
        "max": 3883.55004883,
        "mean": 945.845153809,
        "median": 627.501403809,
        "min": 235.473510742,
        "stdev": 1032.69995117,
        "var": 1066469.125
    },
    "spectral_complexity": {
        "dmean": 1.12962961197,
        "dmean2": 1.6448597908,
        "dvar": 1.9646769762,
        "dvar2": 4.26639986038,
        "max": 13,
        "mean": 2.98165130615,
        "median": 1,
        "min": 0,
        "stdev": 3.65729641914,
        "var": 13.3758163452
    },
    "spectral_decrease": {
        "dmean": 3.57434237763e-09,
        "dmean2": 5.7973292833e-09,
        "dvar": 2.2224453117e-16,
        "dvar2": 6.05856091512e-16,
        "max": -9.18703118074e-17,
        "mean": -2.89691093336e-09,
        "median": -1.292456836e-10,
        "min": -1.21956517773e-07,
        "stdev": 1.23902399451e-08,
        "var": 1.53518051305e-16
    },
    "spectral_energy": {
        "dmean": 0.0143949817866,
        "dmean2": 0.0233437791467,
        "dvar": 0.00361298350617,
        "dvar2": 0.0098505821079,
        "max": 0.49150633812,
        "mean": 0.011639344506,
        "median": 0.000500100490171,
        "min": 1.29880128874e-09,
        "stdev": 0.0499374866486,
        "var": 0.00249375263229
    },
    "spectral_energyband_high": {
        "dmean": 1.60248564498e-05,
        "dmean2": 2.59580265265e-05,
        "dvar": 2.77010947514e-09,
        "dvar2": 7.1381265343e-09,
        "max": 0.000376542797312,
        "mean": 1.34582442115e-05,
        "median": 1.04311448013e-06,
        "min": 7.42733874404e-10,
        "stdev": 4.65900375275e-05,
        "var": 2.1706316744e-09
    },
    "spectral_energyband_low": {
        "dmean": 0.000339272693964,
        "dmean2": 0.00056678103283,
        "dvar": 6.73129875395e-07,
        "dvar2": 1.68351778029e-06,
        "max": 0.00528220040724,
        "mean": 0.000347523659002,
        "median": 6.89177395543e-05,
        "min": 2.622582429e-10,
        "stdev": 0.000801570131443,
        "var": 6.42514692117e-07
    },
    "spectral_energyband_middle_high": {
        "dmean": 0.000960924837273,
        "dmean2": 0.00140107888728,
        "dvar": 9.00229315448e-06,
        "dvar2": 1.8825121515e-05,
        "max": 0.0266228187829,
        "mean": 0.000875540892594,
        "median": 1.67676080309e-05,
        "min": 9.65248853069e-11,
        "stdev": 0.00315761542879,
        "var": 9.97053484753e-06
    },
    "spectral_energyband_middle_low": {
        "dmean": 0.0135138221085,
        "dmean2": 0.0221313759685,
        "dvar": 0.00353003339842,
        "dvar2": 0.0096521936357,
        "max": 0.484211593866,
        "mean": 0.0105636576191,
        "median": 0.000271302444162,
        "min": 5.57464109596e-11,
        "stdev": 0.0489873588085,
        "var": 0.00239976146258
    },
    "spectral_entropy": {
        "dmean": 0.34303098917,
        "dmean2": 0.548815727234,
        "dvar": 0.151466026902,
        "dvar2": 0.350684762001,
        "max": 8.93233776093,
        "mean": 7.05554103851,
        "median": 6.91342782974,
        "min": 5.15126800537,
        "stdev": 0.891764640808,
        "var": 0.795244157314
    },
    "spectral_flux": {
        "dmean": 0.0289130378515,
        "dmean2": 0.038040984422,
        "dvar": 0.00309817702509,
        "dvar2": 0.00525308214128,
        "max": 0.584348022938,
        "mean": 0.0524473749101,
        "median": 0.0182545147836,
        "min": 6.41248116153e-05,
        "stdev": 0.0870919972658,
        "var": 0.00758501654491
    },
    "spectral_kurtosis": {
        "dmean": 5.3258728981,
        "dmean2": 8.52163791656,
        "dvar": 37.827255249,
        "dvar2": 89.200668335,
        "max": 45.2452468872,
        "mean": 11.6031608582,
        "median": 8.91161823273,
        "min": 1.32660770416,
        "stdev": 9.00856781006,
        "var": 81.154296875
    },
    "spectral_rms": {
        "dmean": 0.00105841632467,
        "dmean2": 0.00147286430001,
        "dvar": 5.23126163898e-06,
        "dvar2": 1.10206638055e-05,
        "max": 0.0218979083002,
        "mean": 0.00172515935265,
        "median": 0.000698500487488,
        "min": 1.12566567623e-06,
        "stdev": 0.00289470003918,
        "var": 8.37928837427e-06
    },
    "spectral_rolloff": {
        "dmean": 425.480224609,
        "dmean2": 751.247375488,
        "dvar": 2454002,
        "dvar2": 4610080.5,
        "max": 18303.2226562,
        "mean": 2370.62768555,
        "median": 538.330078125,
        "min": 21.533203125,
        "stdev": 5262.69970703,
        "var": 27696008
    },
    "spectral_skewness": {
        "dmean": 0.522924005985,
        "dmean2": 0.815440535545,
        "dvar": 0.276864469051,
        "dvar2": 0.6376516819,
        "max": 5.83982181549,
        "mean": 2.68515968323,
        "median": 2.62073731422,
        "min": 1.0651986599,
        "stdev": 1.02832472324,
        "var": 1.05745184422
    },
    "spectral_spread": {
        "dmean": 803578.5,
        "dmean2": 1180855.5,
        "dvar": 614013075456,
        "dvar2": 1.33318626509e+12,
        "max": 11677818,
        "mean": 4923615,
        "median": 3936686.25,
        "min": 1634378.5,
        "stdev": 2518403.25,
        "var": 6.3423554519e+12
    },
    "spectral_strongpeak": {
        "dmean": 0.521331191063,
        "dmean2": 0.779741346836,
        "dvar": 1.95624685287,
        "dvar2": 4.23990535736,
        "max": 12.1797714233,
        "mean": 0.589135110378,
        "median": 0.0617741644382,
        "min": 0,
        "stdev": 1.55262339115,
        "var": 2.41063928604
    },
    "zerocrossingrate": {
        "dmean": 0.00997359678149,
        "dmean2": 0.0117917638272,
        "dvar": 0.000353906711098,
        "dvar2": 0.000203011411941,
        "max": 0.2763671875,
        "mean": 0.0506110228598,
        "median": 0.0283203125,
        "min": 0.0048828125,
        "stdev": 0.0707175657153,
        "var": 0.00500097358599
    },
    "barkbands": {
        "dmean": [2.05739252124e-05, 6.73377580824e-05, 0.000168177488376, 0.000299327395624, 0.000398082163883, 0.000839415821247, 0.000159454153618, 0.000678382290062, 0.0114996321499, 0.000776527216658, 0.000456062902231, 0.000253140926361, 0.00010008164827, 9.30161259021e-05, 5.07636177645e-05, 3.95324423152e-06, 1.04047478544e-06, 4.52558424513e-06, 2.07622724702e-06, 1.11044228106e-05, 2.34462027038e-06, 5.52222445549e-06, 3.5433283756e-06, 1.39651035624e-06, 3.44036806155e-07, 4.65975773523e-07, 4.01146600382e-08],
        "dmean2": [3.64676452591e-05, 0.000115052702313, 0.000264683942078, 0.000521322537679, 0.000671211862937, 0.00133078487124, 0.000253045698628, 0.00124068930745, 0.0201375894248, 0.00142177799717, 0.000845141301397, 0.000446830003057, 0.000160103823873, 0.000166514975717, 8.77005659277e-05, 6.60922160023e-06, 1.74041872469e-06, 8.0745185187e-06, 3.1440335988e-06, 1.95107386389e-05, 4.12260669691e-06, 9.34608306125e-06, 5.71223836232e-06, 2.13377143155e-06, 4.3382172521e-07, 7.49583477955e-07, 5.01091363958e-08],
        "dvar": [9.56014045705e-10, 2.62353108127e-08, 1.90636797015e-07, 9.05680337837e-07, 3.77773574201e-07, 4.78599895359e-06, 2.18760376924e-07, 7.98474502517e-06, 0.00345465377904, 9.31742124521e-06, 3.05146500068e-06, 1.35806351409e-06, 1.89098585679e-07, 1.95211327991e-07, 3.83495475376e-08, 1.47981196741e-10, 9.76878213738e-12, 1.95585075913e-10, 3.36588118488e-11, 3.93182730818e-09, 1.27870672384e-10, 3.10292014305e-10, 1.34656147344e-10, 1.34419402692e-11, 4.41993257315e-13, 2.09806803007e-12, 7.47312181891e-15],
        "dvar2": [2.37643238421e-09, 6.24816038908e-08, 4.74707519516e-07, 2.53589837484e-06, 1.01834643829e-06, 1.22403025671e-05, 4.53309411341e-07, 2.53481048276e-05, 0.00952435657382, 2.62943285634e-05, 8.83434495336e-06, 3.91442472392e-06, 4.69759527277e-07, 5.44579393136e-07, 1.03092595793e-07, 4.10541156626e-10, 2.60998670593e-11, 5.3826415547e-10, 8.33356716967e-11, 1.08863122961e-08, 3.61085800149e-10, 6.56801613097e-10, 3.32647798196e-10, 3.13702674948e-11, 6.3487995243e-13, 5.50466660101e-12, 9.37428472792e-15],
        "max": [0.00020749597752, 0.0010391442338, 0.00270825158805, 0.00635842233896, 0.00285815726966, 0.0163656193763, 0.0037131588906, 0.021886844188, 0.475692629814, 0.0237272009254, 0.0124510452151, 0.00900182500482, 0.00384252821095, 0.0036509623751, 0.00130073947366, 9.76813098532e-05, 2.5681052648e-05, 8.98008511285e-05, 4.38011084043e-05, 0.000513546343427, 9.18955774978e-05, 0.000118096948427, 8.02561480668e-05, 2.50645225606e-05, 6.93129368301e-06, 1.10873916128e-05, 1.00424927041e-06],
        "mean": [2.16971129703e-05, 7.10583117325e-05, 0.000163634162163, 0.000220024681767, 0.000371662841644, 0.000739594339393, 0.000149270752445, 0.000464618322439, 0.00829095952213, 0.000490600476041, 0.000280992186163, 0.000168415979715, 7.767349598e-05, 6.30974682281e-05, 3.76171337848e-05, 3.44331442648e-06, 1.08639335394e-06, 3.11567168865e-06, 1.91607296074e-06, 7.27759788788e-06, 1.66669951795e-06, 4.7313583309e-06, 2.91886772175e-06, 1.28671149469e-06, 5.16241868809e-07, 4.11065769867e-07, 8.53610231388e-08],
        "median": [1.20713284559e-05, 3.05154426314e-05, 8.56395126902e-06, 5.4267447922e-06, 3.37421006407e-05, 1.84066557267e-05, 1.06358720586e-05, 7.17459261068e-06, 2.73518662652e-06, 4.70909071737e-06, 8.00898419584e-07, 1.88279352642e-06, 5.60958937967e-07, 1.39216854222e-06, 7.50790604798e-07, 5.59103398245e-07, 1.22736025787e-07, 1.13432633952e-07, 1.53560449689e-07, 1.63963662203e-07, 9.01615493376e-08, 6.15461956954e-08, 1.79565134317e-07, 1.48892567609e-07, 9.61836406077e-08, 4.6393243025e-08, 2.66319784004e-08],
        "min": [1.99999267148e-10, 2.10063546419e-11, 5.34990194506e-12, 3.5932572022e-12, 1.73070932585e-11, 4.51559709763e-12, 5.71225748994e-12, 2.33501282546e-12, 3.49875033459e-12, 9.81972749642e-12, 5.62946520996e-12, 4.57446493879e-12, 5.23551991691e-12, 4.77816571032e-12, 1.09233160711e-11, 1.37284402596e-11, 1.78961481051e-11, 1.09355632189e-11, 1.03963174874e-11, 1.05291443966e-11, 1.85540437181e-11, 5.51950395111e-11, 5.65158857213e-11, 7.13432923849e-11, 1.28562688273e-10, 1.81931678056e-10, 2.37767888711e-10],
        "stdev": [3.26400440827e-05, 0.000156231573783, 0.000454864755739, 0.000781416252721, 0.000630817492492, 0.00206194887869, 0.000487911049277, 0.00234026019461, 0.0472329631448, 0.0024739082437, 0.00134818756487, 0.000904914399143, 0.000398476113332, 0.000359488738468, 0.00016626661818, 1.04529563032e-05, 3.06488755086e-06, 1.14670365292e-05, 5.588611657e-06, 4.98621811857e-05, 8.96247183846e-06, 1.74119431904e-05, 1.05383278424e-05, 3.67141456081e-06, 1.13504449928e-06, 1.32564309752e-06, 1.81847198633e-07],
        "var": [1.06537245692e-09, 2.44083029344e-08, 2.06901944466e-07, 6.10611323282e-07, 3.97930676854e-07, 4.25163352702e-06, 2.38057182855e-07, 5.4768179325e-06, 0.00223095295951, 6.12022222413e-06, 1.8176095864e-06, 8.18870091734e-07, 1.58783208803e-07, 1.29232148538e-07, 2.76445906167e-08, 1.09264298997e-10, 9.39353629603e-12, 1.31492927657e-10, 3.12325824925e-11, 2.48623699406e-09, 8.03259056492e-11, 3.03175762273e-10, 1.11056351615e-10, 1.34792853962e-11, 1.2883259997e-12, 1.75732963337e-12, 3.306840343e-14]
    },
    "erbbands": {
        "dmean": [0.00145180756226, 0.0180211402476, 0.143715471029, 0.634111821651, 1.02757537365, 1.25025486946, 3.35146808624, 8.80120944977, 3.70973467827, 1.95176112652, 35.0659255981, 313.978759766, 102.186210632, 11.2876062393, 18.339384079, 9.77280330658, 5.12075424194, 2.88141798973, 6.03474664688, 0.65935331583, 0.146630391479, 0.0743984803557, 0.218393534422, 0.163939133286, 0.302594900131, 0.445597290993, 0.145771548152, 0.078995257616, 0.260845541954, 0.0711450278759, 0.10473331809, 0.057911273092, 0.0132077233866, 0.00473983818665, 0.0023230551742, 0.00226194434799, 0.000837899628095, 5.68848299736e-05, 1.42979142765e-05, 1.68797068909e-05],
        "dmean2": [0.00259284884669, 0.0284996833652, 0.210892722011, 1.15079748631, 1.65995573997, 2.19248270988, 5.76359605789, 14.2603778839, 5.97046661377, 3.30663919449, 56.4365234375, 562.297729492, 162.378890991, 17.0033931732, 31.2846431732, 16.8770179749, 8.57005310059, 5.15178203583, 10.4283466339, 1.12547767162, 0.240125238895, 0.12253228575, 0.382763653994, 0.268250823021, 0.52037113905, 0.769642055035, 0.25718948245, 0.13821478188, 0.439189374447, 0.114523790777, 0.163321748376, 0.0915178284049, 0.019066683948, 0.00636512646452, 0.00290946546011, 0.00354484748095, 0.00134852877818, 7.00632226653e-05, 1.93147279788e-05, 2.6945159334e-05],
        "dvar": [2.70921100309e-06, 0.00230716634542, 0.114481553435, 3.86183929443, 8.66854858398, 4.00468492508, 39.2272033691, 646.543334961, 89.4916534424, 16.041103363, 18674.4238281, 3075766.5, 153440.09375, 762.701477051, 4543.59179688, 2142.04394531, 519.201477051, 173.912918091, 579.28515625, 3.6218791008, 0.114087566733, 0.0465268157423, 0.581165075302, 0.227460592985, 2.28325557709, 6.13318681717, 0.508995175362, 0.0771088600159, 0.691263139248, 0.0503414645791, 0.119400389493, 0.030974663794, 0.00113978877198, 0.000103455138742, 1.95733500732e-05, 4.24313548137e-05, 7.52520872993e-06, 1.62121871483e-08, 1.41995903924e-09, 4.83638817883e-09],
        "dvar2": [6.94238451615e-06, 0.00521702412516, 0.253128290176, 10.7050199509, 21.5016841888, 11.6685724258, 105.66973114, 1678.38537598, 179.151870728, 45.6825904846, 46206.8007812, 8659230, 383908.0625, 1793.91577148, 12323.7666016, 5983.10742188, 1369.75500488, 497.06628418, 1561.72338867, 9.62607192993, 0.304277092218, 0.123723350465, 1.63007926941, 0.600773334503, 6.39313220978, 16.7656822205, 1.42661905289, 0.192547768354, 1.51049816608, 0.123605437577, 0.277734130621, 0.0767879933119, 0.00268497923389, 0.00019269810582, 3.08072158077e-05, 0.000110044500616, 1.98289744731e-05, 2.99853368801e-08, 3.15749271174e-09, 1.30496395911e-08],
        "max": [0.0103019392118, 0.333423912525, 2.18344330788, 11.5659379959, 19.9803733826, 10.8147687912, 40.5560493469, 186.279586792, 61.0323905945, 28.4279670715, 1198.02172852, 14122.8066406, 2681.20166016, 161.727310181, 531.349182129, 379.485412598, 195.417495728, 106.181144714, 184.444900513, 12.6297140121, 2.33624267578, 1.47050774097, 5.42884492874, 3.27607607841, 12.2039337158, 20.5718078613, 5.79754829407, 2.00047016144, 5.42042064667, 1.42211914062, 2.78385138512, 1.14862239361, 0.311674267054, 0.103514231741, 0.0439868718386, 0.0506963729858, 0.0208817496896, 0.00137184944469, 0.000415938062361, 0.000582297972869],
        "mean": [0.00172001216561, 0.0192408710718, 0.155162543058, 0.497335761786, 0.909050881863, 1.10738015175, 3.56094455719, 6.84941005707, 3.54297089577, 1.98228704929, 30.9749126434, 204.95614624, 76.657875061, 9.08098983765, 12.8259325027, 6.77392959595, 3.79308629036, 2.0444662571, 4.29127216339, 0.538253486156, 0.144075378776, 0.074342623353, 0.155630081892, 0.127454817295, 0.216789126396, 0.299140959978, 0.100861497223, 0.0715075433254, 0.215593725443, 0.0610612034798, 0.0904083848, 0.0482300855219, 0.0136471968144, 0.00633643101901, 0.00359799782746, 0.00207203417085, 0.000733949535061, 8.11271456769e-05, 1.98130328499e-05, 1.45811154653e-05],
        "median": [0.00130231666844, 0.00519470404834, 0.00915673654526, 0.0199319403619, 0.0501496195793, 0.0809050053358, 0.144511938095, 0.189768791199, 0.220537915826, 0.264334857464, 0.15292930603, 0.0889663621783, 0.15595048666, 0.0712496489286, 0.0958894640207, 0.0776456147432, 0.0380046926439, 0.0428127236664, 0.0657272264361, 0.0340554304421, 0.0257203895599, 0.00785443279892, 0.00640105083585, 0.00631356146187, 0.00913220923394, 0.00709499977529, 0.00467553595081, 0.0035075545311, 0.00252469489351, 0.00216757250018, 0.00529348058626, 0.00345033872873, 0.00218183896504, 0.00107010256033, 0.000427831575507, 0.000163870790857, 7.89041368989e-05, 2.27448381338e-05, 4.34430467067e-06, 9.61892055784e-07],
        "min": [6.06236216782e-09, 2.50455145512e-09, 6.0932228152e-09, 1.12900693239e-08, 4.07685298853e-08, 4.73196912765e-08, 2.76466387561e-08, 4.65881768719e-08, 6.00333436296e-08, 1.02337736507e-07, 4.26791579855e-08, 9.50081116002e-08, 1.57826860914e-07, 3.98067101059e-07, 1.79354373131e-07, 1.59908495334e-07, 1.90634665387e-07, 2.97504101354e-07, 4.62271316337e-07, 5.76896638904e-07, 8.47037028961e-07, 9.81885136753e-07, 4.88163721002e-07, 4.87133604565e-07, 6.87308784109e-07, 5.60187459087e-07, 8.37955951738e-07, 8.63795037276e-07, 2.20976062337e-06, 1.60115121162e-06, 1.68840495007e-06, 1.29727732201e-06, 1.1396350601e-06, 1.23696679566e-06, 1.18209607081e-06, 6.17546163539e-07, 4.09260621836e-07, 1.49076612388e-07, 2.5063389586e-08, 3.51542484012e-09],
        "stdev": [0.00178405386396, 0.0491705276072, 0.398224025965, 1.60428619385, 2.78797674179, 1.95748984814, 7.29741096497, 22.6244163513, 10.0390043259, 4.22712039948, 138.188674927, 1368.02868652, 364.315704346, 27.3516845703, 57.3227539062, 37.2887153625, 19.700378418, 10.4591264725, 20.3976459503, 1.68673014641, 0.340041965246, 0.206811368465, 0.610363423824, 0.420304328203, 1.19357991219, 2.00179958344, 0.565419912338, 0.248527914286, 0.806957840919, 0.207018747926, 0.328005433083, 0.161345303059, 0.0371688231826, 0.0144341075793, 0.00774335023016, 0.00617609964684, 0.00248281168751, 0.000191839266336, 4.98561821587e-05, 5.9319248976e-05],
        "var": [3.18284833156e-06, 0.00241774064489, 0.158582374454, 2.57373428345, 7.77281427383, 3.83176660538, 53.2522087097, 511.864227295, 100.781600952, 17.8685474396, 19096.109375, 1871502.5, 132725.9375, 748.114685059, 3285.89794922, 1390.44836426, 388.104919434, 109.393318176, 416.063934326, 2.84505867958, 0.115628540516, 0.0427709445357, 0.372543483973, 0.176655724645, 1.42463290691, 4.0072016716, 0.319699674845, 0.0617661252618, 0.65118098259, 0.042856760323, 0.107587561011, 0.0260323081166, 0.00138152146246, 0.000208343451959, 5.99594750383e-05, 3.81442041544e-05, 6.16435363554e-06, 3.68023016506e-08, 2.48563902794e-09, 3.5187734948e-09]
    },
    "gfcc": {
        "mean": [-299.112365723, 95.2110595703, -76.9277496338, -1.60732257366, -57.1375312805, 14.0687971115, -28.9501934052, 2.05961704254, -14.8262023926, 2.68620848656, -11.939704895, -3.95621275902, -6.47842359543],
        "cov": [[38288.7617188, 10959.6894531, -2773.84204102, -2241.4465332, -3255.97460938, -545.992492676, -680.720458984, -1045.57397461, -444.77532959, -982.991882324, -579.568908691, -833.417724609, 0.177160471678], [10959.6894531, 4371.76855469, -200.266601562, -527.203979492, -607.58972168, -119.655586243, -269.287841797, -231.6953125, -53.8853111267, -213.773757935, -104.532112122, -295.536468506, 21.2302284241], [-2773.84204102, -200.266601562, 1043.06347656, 590.616943359, 477.849182129, 36.3225669861, -71.6278839111, 168.501846313, 23.2958278656, 122.781578064, 9.40937423706, -55.0106201172, -6.5821223259], [-2241.4465332, -527.203979492, 590.616943359, 627.627868652, 367.11895752, 59.2741661072, -50.7221107483, 66.5092849731, -16.5999107361, 85.0938415527, 6.7914185524, -17.1128673553, 14.7807207108], [-3255.97460938, -607.58972168, 477.849182129, 367.11895752, 569.78918457, 204.471054077, 75.835647583, 128.497924805, 58.7567138672, 147.337722778, 61.2873306274, 54.796749115, -22.1465015411], [-545.992492676, -119.655586243, 36.3225669861, 59.2741661072, 204.471054077, 351.934906006, 129.151473999, 2.40884423256, 27.9090194702, 58.7569389343, 41.8672599792, 98.8968429565, -52.6080551147], [-680.720458984, -269.287841797, -71.6278839111, -50.7221107483, 75.835647583, 129.151473999, 272.425628662, 87.9609909058, 39.1492271423, 7.53263139725, -11.7768774033, 45.497882843, -44.7644844055], [-1045.57397461, -231.6953125, 168.501846313, 66.5092849731, 128.497924805, 2.40884423256, 87.9609909058, 163.97718811, 52.0540122986, 60.5384674072, 2.98880267143, -16.6767940521, 2.46712613106], [-444.77532959, -53.8853111267, 23.2958278656, -16.5999107361, 58.7567138672, 27.9090194702, 39.1492271423, 52.0540122986, 65.561378479, 42.6648597717, 33.4974899292, 20.2151851654, 4.55115556717], [-982.991882324, -213.773757935, 122.781578064, 85.0938415527, 147.337722778, 58.7569389343, 7.53263139725, 60.5384674072, 42.6648597717, 127.857620239, 77.5604400635, 29.7735805511, 12.587310791], [-579.568908691, -104.532112122, 9.40937423706, 6.7914185524, 61.2873306274, 41.8672599792, -11.7768774033, 2.98880267143, 33.4974899292, 77.5604400635, 126.976509094, 78.8330001831, 10.9360599518], [-833.417724609, -295.536468506, -55.0106201172, -17.1128673553, 54.796749115, 98.8968429565, 45.497882843, -16.6767940521, 20.2151851654, 29.7735805511, 78.8330001831, 155.800369263, 13.4688644409], [0.177160471678, 21.2302284241, -6.5821223259, 14.7807207108, -22.1465015411, -52.6080551147, -44.7644844055, 2.46712613106, 4.55115556717, 12.587310791, 10.9360599518, 13.4688644409, 87.8994827271]],
        "icov": [[0.000478164642118, -0.00106852734461, 0.000995122129098, -0.00084864674136, 0.00165896280669, -0.000583090994041, 0.000329462025547, -0.000629261427093, 0.000861154694576, -0.000783829716966, 0.000963837432209, -9.7227297374e-05, 0.000691421737429], [-0.00106852734461, 0.0028554010205, -0.00270439730957, 0.00248561613262, -0.00333906337619, 0.00061347609153, -0.00063273269916, 0.00198093359359, -0.00229155388661, 0.00257192226127, -0.00298991985619, 0.00171807501465, -0.00230085873045], [0.000995122129098, -0.00270439730957, 0.0055755963549, -0.00426525250077, 0.00198468682356, -0.000445289973868, 0.00226546591148, -0.00442864187062, 0.00204305513762, -0.00194732053205, 0.00294701196253, -0.00153031491209, 0.00333840493113], [-0.00084864674136, 0.00248561613262, -0.00426525250077, 0.00676548853517, -0.00427428679541, 0.000228707955102, -0.000696072122082, 0.00281204725616, 0.00112006976269, 0.00173414603341, -0.00254201493226, 0.00241187331267, -0.00378876039758], [0.00165896280669, -0.00333906337619, 0.00198468682356, -0.00427428679541, 0.0117321470752, -0.00434351386502, 0.00093263637973, -0.002749474952, 0.000934832787607, -0.00479179387912, 0.00350147229619, -0.000387029984267, 0.00284042558633], [-0.000583090994041, 0.00061347609153, -0.000445289973868, 0.000228707955102, -0.00434351386502, 0.00792230572551, -0.00289983232506, 0.00340047827922, -0.0013511236757, -0.00324265169911, 0.00214011222124, -0.00491447281092, 0.00287721399218], [0.000329462025547, -0.00063273269916, 0.00226546591148, -0.000696072122082, 0.00093263637973, -0.00289983232506, 0.00885752774775, -0.00706894369796, -0.00044139334932, 0.00156035961118, 0.00274739530869, -0.00247731083073, 0.0034847354982], [-0.000629261427093, 0.00198093359359, -0.00442864187062, 0.00281204725616, -0.002749474952, 0.00340047827922, -0.00706894369796, 0.0189880952239, -0.00881918519735, -0.00423055887222, 0.000861191831063, 0.00387987843715, -0.00371136702597], [0.000861154694576, -0.00229155388661, 0.00204305513762, 0.00112006976269, 0.000934832787607, -0.0013511236757, -0.00044139334932, -0.00881918519735, 0.0303227882832, -0.00435952097178, -0.00278286915272, -0.000831578567158, -0.000506062293425], [-0.000783829716966, 0.00257192226127, -0.00194732053205, 0.00173414603341, -0.00479179387912, -0.00324265169911, 0.00156035961118, -0.00423055887222, -0.00435952097178, 0.0262368433177, -0.016888320446, 0.00763012981042, -0.00589111633599], [0.000963837432209, -0.00298991985619, 0.00294701196253, -0.00254201493226, 0.00350147229619, 0.00214011222124, 0.00274739530869, 0.000861191831063, -0.00278286915272, -0.016888320446, 0.0263697821647, -0.0133477048948, 0.0062333769165], [-9.7227297374e-05, 0.00171807501465, -0.00153031491209, 0.00241187331267, -0.000387029984267, -0.00491447281092, -0.00247731083073, 0.00387987843715, -0.000831578567158, 0.00763012981042, -0.0133477048948, 0.0193453580141, -0.00769750401378], [0.000691421737429, -0.00230085873045, 0.00333840493113, -0.00378876039758, 0.00284042558633, 0.00287721399218, 0.0034847354982, -0.00371136702597, -0.000506062293425, -0.00589111633599, 0.0062333769165, -0.00769750401378, 0.0184083357453]]
    },
    "melbands": {
        "dmean": [1.52077473103e-05, 5.94952762185e-05, 0.000121129713079, 7.04635313014e-05, 0.00010631816258, 0.000182647418114, 5.17481967108e-05, 2.25093990593e-05, 0.000357664132025, 0.00206910446286, 0.000430664018495, 3.60110861948e-05, 6.70469235047e-05, 2.57701940427e-05, 2.53263860941e-05, 5.37485448149e-06, 5.40062910659e-06, 1.19342166727e-05, 1.54815631959e-06, 3.76621159148e-07, 1.04388611533e-07, 7.02733515823e-08, 1.19680663602e-07, 2.28441393801e-07, 1.17947010381e-07, 8.94484841751e-08, 5.0230528359e-07, 2.38531868035e-07, 9.2196962953e-08, 5.69442377696e-08, 4.26088710981e-08, 1.79429633818e-07, 6.46954845251e-08, 3.41904922152e-08, 5.81870800431e-08, 6.78728113712e-08, 2.13294839568e-08, 9.79362546616e-09, 4.59331150893e-09, 3.68320818289e-09],
        "dmean2": [2.65349317488e-05, 8.79326253198e-05, 0.000202526323847, 0.000115155715321, 0.000188576610526, 0.000292174401693, 8.21134744911e-05, 4.20038486482e-05, 0.000509453122504, 0.00371858850121, 0.000662464008201, 6.09329108556e-05, 0.00012147952657, 4.00163771701e-05, 4.58195827377e-05, 8.47191222419e-06, 1.01377181636e-05, 2.06583790714e-05, 2.66569009e-06, 6.33482557078e-07, 1.68141312429e-07, 1.15073326867e-07, 2.03627990913e-07, 4.07729913832e-07, 1.88994150108e-07, 1.45642843563e-07, 8.92317814305e-07, 4.14071593013e-07, 1.63476300941e-07, 9.96616975613e-08, 7.06768048531e-08, 3.02380954054e-07, 1.06034427461e-07, 5.63356792327e-08, 8.93082940934e-08, 1.09536522075e-07, 3.3252018028e-08, 1.40369831314e-08, 6.41013775393e-09, 4.96700058861e-09],
        "dvar": [7.17610804113e-10, 1.85928890062e-08, 1.23872752056e-07, 1.62390989544e-08, 3.62897303319e-08, 2.54752393403e-07, 1.76082917136e-08, 2.95251734173e-09, 1.9610115487e-06, 0.000133594658109, 2.53445659837e-06, 1.24963319692e-08, 7.01603610764e-08, 8.95956464575e-09, 2.01476613171e-08, 3.16423137692e-10, 7.51023410128e-10, 2.29863128531e-09, 2.40226918219e-11, 1.58960832778e-12, 5.08116531977e-14, 4.20595599093e-14, 1.41800457552e-13, 5.85361511866e-13, 1.1881389427e-13, 9.81702173437e-14, 7.81991919135e-12, 1.79331972449e-12, 1.94930551735e-13, 7.83616945746e-14, 1.97835488497e-14, 3.47629450182e-13, 3.75272695677e-14, 1.47857292002e-14, 4.02733774877e-14, 4.74375990963e-14, 3.6402596161e-15, 6.440493365e-16, 1.57930987081e-16, 5.30925148248e-17],
        "dvar2": [1.75075509645e-09, 4.03417779182e-08, 3.32536046699e-07, 3.94360526457e-08, 9.49407308326e-08, 6.56623342365e-07, 3.56362654941e-08, 9.17817644108e-09, 4.39594987256e-06, 0.000375619129045, 5.97829011895e-06, 3.18164019575e-08, 2.00671578909e-07, 2.15768061196e-08, 5.68694176195e-08, 7.81785136628e-10, 2.18374562877e-09, 6.19299278526e-09, 6.47255304909e-11, 4.41670354803e-12, 1.27907924595e-13, 1.09491463205e-13, 3.81517869597e-13, 1.64090713673e-12, 3.09892004636e-13, 2.64062778805e-13, 2.17309451683e-11, 4.90674167963e-12, 5.4786410868e-13, 2.1895557741e-13, 4.3779416263e-14, 7.55066961646e-13, 8.59101472687e-14, 3.90263654184e-14, 8.99896747831e-14, 1.20811008224e-13, 8.7361877037e-15, 1.47049504209e-15, 3.49230175376e-16, 9.04367416314e-17],
        "max": [0.000169323247974, 0.000853345030919, 0.00228150072508, 0.000784062664025, 0.00118530367035, 0.00369639275596, 0.000873968296219, 0.000374295981601, 0.0126603934914, 0.0928367972374, 0.013302561827, 0.000765314267483, 0.0019910633564, 0.000791428843513, 0.00116012722719, 0.000112176028779, 0.000216857137275, 0.000376475945814, 3.12643533107e-05, 1.0148885849e-05, 2.14639544538e-06, 1.58116574767e-06, 2.42983992393e-06, 5.39350457984e-06, 2.48766400546e-06, 2.43712383963e-06, 2.27182645176e-05, 1.1147697478e-05, 3.55135966856e-06, 2.30581235883e-06, 1.00407521586e-06, 4.05590481023e-06, 1.07284563455e-06, 8.67472067512e-07, 1.69416875906e-06, 1.39886856232e-06, 4.04101541562e-07, 2.51744410207e-07, 9.98808857844e-08, 7.86762726079e-08],
        "mean": [1.78458649316e-05, 6.42832819722e-05, 0.000100420736999, 6.66738778818e-05, 0.000112627050839, 0.00014746976376, 4.80309354316e-05, 2.01903476409e-05, 0.000324573193211, 0.00138015754055, 0.000334871641826, 2.64783702733e-05, 4.26626611443e-05, 2.11959359149e-05, 1.66113095474e-05, 4.40633039034e-06, 3.64866855307e-06, 8.35397531773e-06, 1.20909101042e-06, 3.2675706052e-07, 1.15557277525e-07, 7.24080209125e-08, 9.3091031772e-08, 1.55630914378e-07, 9.44508258272e-08, 7.9895322358e-08, 3.24828675957e-07, 1.61724145187e-07, 6.39266133362e-08, 4.05349815935e-08, 3.93139067967e-08, 1.47103989434e-07, 5.60240103198e-08, 2.76979648106e-08, 5.25180290367e-08, 5.29645127756e-08, 1.91904625524e-08, 1.04414557001e-08, 5.18005416339e-09, 5.20765519596e-09],
        "median": [1.04435603134e-05, 5.76349657422e-06, 4.15177828472e-06, 5.90075615037e-06, 4.59842067357e-06, 4.18474337494e-06, 2.51538608609e-06, 2.5419310532e-06, 1.17310128189e-06, 3.67334848761e-07, 7.71059262661e-07, 3.53589541646e-07, 2.46255154934e-07, 1.80950053164e-07, 1.60133410532e-07, 6.08306010008e-08, 9.57625516662e-08, 1.19724603564e-07, 3.99516508764e-08, 4.43643592973e-08, 2.63297579295e-08, 7.30099047885e-09, 5.25014298702e-09, 5.31107957613e-09, 5.38402611383e-09, 5.73340264154e-09, 4.68651073504e-09, 4.62148586067e-09, 3.06023872909e-09, 1.91165039354e-09, 1.65742120029e-09, 1.10477182957e-09, 1.14055798139e-09, 1.44496126175e-09, 2.86602719335e-09, 2.88437451701e-09, 1.85540227626e-09, 1.59142721223e-09, 7.95955468202e-10, 9.81370540387e-10],
        "min": [5.35055021122e-11, 4.09887965583e-12, 3.27477563296e-12, 3.22933823779e-12, 1.23724099542e-12, 9.65684780405e-13, 1.01753794193e-12, 1.02374478252e-12, 3.84635763994e-13, 5.43522963182e-13, 8.15403029385e-13, 1.68185658542e-12, 6.47815134869e-13, 5.40548183471e-13, 2.75715702439e-13, 6.09398978762e-13, 4.93343647184e-13, 6.77840379312e-13, 8.03062911309e-13, 8.85183040148e-13, 9.315465066e-13, 1.01173605084e-12, 6.89418736943e-13, 4.86468341738e-13, 3.47956255822e-13, 5.20763011706e-13, 2.82634023607e-13, 3.825700607e-13, 6.78502067898e-13, 2.86945922752e-13, 5.28938438188e-13, 1.33873511235e-12, 9.82614163647e-13, 8.80012263147e-13, 1.10621082607e-12, 8.44413081125e-13, 6.79595594209e-13, 6.01054199901e-13, 1.04794178977e-12, 1.00856671105e-12],
        "stdev": [2.66929600912e-05, 0.000158860711963, 0.000307338341372, 0.000132110450068, 0.000220701724174, 0.000456931535155, 0.000140452975756, 4.64823824586e-05, 0.00149473978672, 0.00903216656297, 0.00157955079339, 9.95815789793e-05, 0.000208798635867, 8.95482080523e-05, 0.000112660382001, 1.66978225025e-05, 2.11241385841e-05, 4.06864492106e-05, 4.21179720433e-06, 1.06440165837e-06, 2.72587470818e-07, 2.05114048413e-07, 3.22001483255e-07, 6.11741938883e-07, 3.09182041747e-07, 2.69408900522e-07, 2.2098251975e-06, 1.08193660253e-06, 3.49086889173e-07, 2.24123354542e-07, 1.36729383371e-07, 5.72214787553e-07, 1.87171124821e-07, 1.04832267311e-07, 1.95196108166e-07, 1.92844638036e-07, 5.77650993705e-08, 2.91453616796e-08, 1.42948710646e-08, 1.13293623372e-08],
