{
"lowlevel": {
    "average_loudness": 0.722418010235,
    "barkbands_crest": {
        "dmean": 1.83150851727,
        "dmean2": 2.50287652016,
        "dvar": 8.32876491547,
        "dvar2": 17.4103393555,
        "max": 26.5211811066,
        "mean": 16.4192886353,
        "median": 14.8797502518,
        "min": 3.90850424767,
        "stdev": 5.41013669968,
        "var": 29.2695789337
    },
    "barkbands_flatness_db": {
        "dmean": 0.0330951027572,
        "dmean2": 0.0448243953288,
        "dvar": 0.00207747868262,
        "dvar2": 0.00404036743566,
        "max": 0.60742866993,
        "mean": 0.402220845222,
        "median": 0.410640567541,
        "min": 0.0446721874177,
        "stdev": 0.103218518198,
        "var": 0.0106540620327
    },
    "barkbands_kurtosis": {
        "dmean": 7.60342884064,
        "dmean2": 11.5378236771,
        "dvar": 443.777893066,
        "dvar2": 1043.58728027,
        "max": 196.180450439,
        "mean": 11.2828273773,
        "median": 3.58208274841,
        "min": -1.83815336227,
        "stdev": 25.0507965088,
        "var": 627.542358398
    },
    "barkbands_skewness": {
        "dmean": 0.709968924522,
        "dmean2": 0.967970967293,
        "dvar": 1.92874538898,
        "dvar2": 3.92671585083,
        "max": 13.5486526489,
        "mean": 2.31977939606,
        "median": 1.74183726311,
        "min": -0.527119100094,
        "stdev": 2.09296631813,
        "var": 4.38050794601
    },
    "barkbands_spread": {
        "dmean": 1.68666088581,
        "dmean2": 2.61103200912,
        "dvar": 15.5875329971,
        "dvar2": 37.5491752625,
        "max": 38.9388771057,
        "mean": 6.10027837753,
        "median": 4.58842420578,
        "min": 0.457722634077,
        "stdev": 5.55023860931,
        "var": 30.8051509857
    },
    "dissonance": {
        "dmean": 0.0438078120351,
        "dmean2": 0.0709535256028,
        "dvar": 0.00172441336326,
        "dvar2": 0.00410556606948,
        "max": 0.499576449394,
        "mean": 0.328601032495,
        "median": 0.318119555712,
        "min": 0.144769415259,
        "stdev": 0.0770743563771,
        "var": 0.00594045640901
    },
    "dynamic_complexity": 7.6736946106,
    "erbbands_crest": {
        "dmean": 1.79937660694,
        "dmean2": 2.51157736778,
        "dvar": 5.61358642578,
        "dvar2": 13.0114831924,
        "max": 28.7307815552,
        "mean": 15.8682355881,
        "median": 16.4696483612,
        "min": 2.4116165638,
        "stdev": 5.02307748795,
        "var": 25.2313079834
    },
    "erbbands_flatness_db": {
        "dmean": 0.0211795773357,
        "dmean2": 0.0268722064793,
        "dvar": 0.000977649120614,
        "dvar2": 0.00191245786846,
        "max": 0.563728928566,
        "mean": 0.370122283697,
        "median": 0.382845580578,
        "min": 0.0311284139752,
        "stdev": 0.105527721345,
        "var": 0.0111361006275
    },
    "erbbands_kurtosis": {
        "dmean": 1.74858427048,
        "dmean2": 2.18115544319,
        "dvar": 13.0690727234,
        "dvar2": 20.5819797516,
        "max": 47.8515739441,
        "mean": 2.10942149162,
        "median": 0.0536317825317,
        "min": -1.76913189888,
        "stdev": 5.86256742477,
        "var": 34.3696975708
    },
    "erbbands_skewness": {
        "dmean": 0.385639578104,
        "dmean2": 0.437593966722,
        "dvar": 0.278028219938,
        "dvar2": 0.446926414967,
        "max": 5.90786361694,
        "mean": 0.969544231892,
        "median": 0.813249349594,
        "min": -1.11963498592,
        "stdev": 1.11779105663,
        "var": 1.24945676327
    },
    "erbbands_spread": {
        "dmean": 3.30860638618,
        "dmean2": 4.68073749542,
        "dvar": 55.8353042603,
        "dvar2": 97.4378967285,
        "max": 114.640480042,
        "mean": 16.5084323883,
        "median": 12.9713134766,
        "min": 2.06201148033,
        "stdev": 16.9400844574,
        "var": 286.966430664
    },
    "hfc": {
        "dmean": 1.56894505024,
        "dmean2": 1.87241029739,
        "dvar": 15.428976059,
        "dvar2": 17.7927341461,
        "max": 62.715877533,
        "mean": 7.94183158875,
        "median": 2.79577708244,
        "min": 1.39835428854e-05,
        "stdev": 11.8279066086,
        "var": 139.899368286
    },
    "loudness_ebu128": {
        "integrated": -23.9274616241,
        "loudness_range": 3.75588417053,
        "momentary": {
            "dmean": 1.31471991539,
            "dmean2": 1.09823024273,
            "dvar": 1.56917345524,
            "dvar2": 1.78216993809,
            "max": -17.40209198,
            "mean": -26.8501396179,
            "median": -27.8865242004,
            "min": -46.8809661865,
            "stdev": 5.38800954819,
            "var": 29.0306472778
        },
        "short_term": {
            "dmean": 0.228235855699,
            "dmean2": 0.140679165721,
            "dvar": 0.061909776181,
            "dvar2": 0.031047090888,
            "max": -21.489358902,
            "mean": -23.1302013397,
            "median": -22.6834049225,
            "min": -26.5694446564,
            "stdev": 1.4436904192,
            "var": 2.08424186707
        }
    },
    "melbands_crest": {
        "dmean": 2.09569811821,
        "dmean2": 2.89553713799,
        "dvar": 14.2538986206,
        "dvar2": 29.7935905457,
        "max": 39.5277442932,
        "mean": 22.3618335724,
        "median": 21.2498264313,
        "min": 3.83251261711,
        "stdev": 6.52740955353,
        "var": 42.6070785522
    },
    "melbands_flatness_db": {
        "dmean": 0.0325939543545,
        "dmean2": 0.0433121882379,
        "dvar": 0.00215828721412,
        "dvar2": 0.00445700483397,
        "max": 0.681446671486,
        "mean": 0.436470866203,
        "median": 0.442141413689,
        "min": 0.100103579462,
        "stdev": 0.099810756743,
        "var": 0.00996218714863
    },
    "melbands_kurtosis": {
        "dmean": 17.6575145721,
        "dmean2": 25.5424671173,
        "dvar": 7496.42724609,
        "dvar2": 13490.3945312,
        "max": 1180.06201172,
        "mean": 28.4051303864,
        "median": 6.01474189758,
        "min": -1.71531164646,
        "stdev": 115.805770874,
        "var": 13410.9765625
    },
    "melbands_skewness": {
        "dmean": 0.877685129642,
        "dmean2": 1.1969370842,
        "dvar": 5.85947370529,
        "dvar2": 10.6636266708,
        "max": 32.515171051,
        "mean": 3.08985376358,
        "median": 2.21652173996,
        "min": 0.300446897745,
        "stdev": 3.72561812401,
        "var": 13.8802309036
    },
    "melbands_spread": {
        "dmean": 2.36907792091,
        "dmean2": 3.4916536808,
        "dvar": 34.6394805908,
        "dvar2": 86.2695617676,
        "max": 54.8788375854,
        "mean": 8.15412998199,
        "median": 6.01066112518,
        "min": 0.686526060104,
        "stdev": 7.89740467072,
        "var": 62.3689994812
    },
    "pitch_salience": {
        "dmean": 0.0565841570497,
        "dmean2": 0.0752331167459,
        "dvar": 0.00785057526082,
        "dvar2": 0.0147000458091,
        "max": 0.837726712227,
        "mean": 0.430954188108,
        "median": 0.457884252071,
        "min": 0.0429132059216,
        "stdev": 0.169013142586,
        "var": 0.0285654403269
    },
    "silence_rate_20dB": {
        "dmean": 0,
        "dmean2": 0,
        "dvar": 0,
        "dvar2": 0,
        "max": 1,
        "mean": 1,
        "median": 1,
        "min": 1,
        "stdev": 0,
        "var": 0
    },
    "silence_rate_30dB": {
        "dmean": 0,
        "dmean2": 0,
        "dvar": 0,
        "dvar2": 0,
        "max": 1,
        "mean": 1,
        "median": 1,
        "min": 1,
        "stdev": 0,
        "var": 0
    },
    "silence_rate_60dB": {
        "dmean": 0.0718954280019,
        "dmean2": 0.144262298942,
        "dvar": 0.0667264312506,
        "dvar2": 0.130008071661,
        "max": 1,
        "mean": 0.358306199312,
        "median": 0,
        "min": 0,
        "stdev": 0.479502946138,
        "var": 0.229923084378
    },
    "spectral_centroid": {
        "dmean": 88.2032623291,
        "dmean2": 100.929702759,
        "dvar": 36566.5429688,
        "dvar2": 56476.0273438,
        "max": 3211.76318359,
        "mean": 734.979309082,
        "median": 580.285522461,
        "min": 281.555908203,
        "stdev": 499.871124268,
        "var": 249871.140625
    },
    "spectral_complexity": {
        "dmean": 0.450980395079,
        "dmean2": 0.675409853458,
        "dvar": 0.46981960535,
        "dvar2": 0.737263739109,
        "max": 6,
        "mean": 3.5211725235,
        "median": 4,
        "min": 0,
        "stdev": 1.81435918808,
        "var": 3.29189944267
    },
    "spectral_decrease": {
        "dmean": 6.06250272206e-10,
        "dmean2": 7.29938942623e-10,
        "dvar": 2.47282686952e-18,
        "dvar2": 2.97466204431e-18,
        "max": -5.80038294346e-15,
        "mean": -3.17352966128e-09,
        "median": -1.33551414372e-09,
        "min": -2.0921341104e-08,
        "stdev": 4.45506431745e-09,
        "var": 1.98475966107e-17
    },
    "spectral_energy": {
        "dmean": 0.00242759357207,
        "dmean2": 0.00292005599476,
        "dvar": 3.9461596316e-05,
        "dvar2": 4.73644176964e-05,
        "max": 0.0846503525972,
        "mean": 0.0126979453489,
        "median": 0.00525991618633,
        "min": 2.5324307984e-08,
        "stdev": 0.0178711749613,
        "var": 0.000319378916174
    },
    "spectral_energyband_high": {
        "dmean": 4.5688125283e-07,
        "dmean2": 6.91484615345e-07,
        "dvar": 3.70550486996e-13,
        "dvar2": 7.71372874429e-13,
        "max": 6.45450882075e-06,
        "mean": 1.28408623823e-06,
        "median": 1.09569703e-06,
        "min": 6.28952223636e-10,
        "stdev": 1.12444854494e-06,
        "var": 1.26438464733e-12
    },
    "spectral_energyband_low": {
        "dmean": 2.38549745291e-07,
        "dmean2": 3.91537696487e-07,
        "dvar": 1.03323552242e-13,
        "dvar2": 2.36682608191e-13,
        "max": 3.1508623124e-06,
        "mean": 3.56047507921e-07,
        "median": 2.38407025677e-07,
        "min": 5.188375507e-09,
        "stdev": 4.20222164621e-07,
        "var": 1.76586664128e-13
    },
    "spectral_energyband_middle_high": {
        "dmean": 0.000517277221661,
        "dmean2": 0.000604918866884,
        "dvar": 1.09866300591e-06,
        "dvar2": 1.32586148993e-06,
        "max": 0.0174607615918,
        "mean": 0.00205243541859,
        "median": 0.00061686540721,
        "min": 5.91640236802e-10,
        "stdev": 0.00313178938814,
        "var": 9.80810546025e-06
    },
    "spectral_energyband_middle_low": {
        "dmean": 0.00213045650162,
        "dmean2": 0.00251917610876,
        "dvar": 3.22911000694e-05,
        "dvar2": 3.99629861931e-05,
        "max": 0.0807604417205,
        "mean": 0.0106578813866,
        "median": 0.00474163750187,
        "min": 5.29761901014e-10,
        "stdev": 0.0153283579275,
        "var": 0.000234958570218
    },
    "spectral_entropy": {
        "dmean": 0.283037543297,
        "dmean2": 0.35538226366,
        "dvar": 0.16279438138,
        "dvar2": 0.325814932585,
        "max": 8.7201795578,
        "mean": 5.38511419296,
        "median": 5.10540723801,
        "min": 3.59902143478,
        "stdev": 1.10496902466,
        "var": 1.22095656395
    },
    "spectral_flux": {
        "dmean": 0.011688108556,
        "dmean2": 0.0179218947887,
        "dvar": 0.000524792936631,
        "dvar2": 0.0011966205202,
        "max": 0.20631557703,
        "mean": 0.017448939383,
        "median": 0.00820899941027,
        "min": 8.84865003172e-05,
        "stdev": 0.0263214036822,
        "var": 0.000692816276569
    },
    "spectral_kurtosis": {
        "dmean": 11.9025964737,
        "dmean2": 19.1971683502,
        "dvar": 142.365112305,
        "dvar2": 336.760131836,
        "max": 121.437744141,
        "mean": 29.6746997833,
        "median": 27.018032074,
        "min": 1.40770435333,
        "stdev": 18.6812992096,
        "var": 348.990966797
    },
    "spectral_rms": {
        "dmean": 0.000342430110322,
        "dmean2": 0.000385345483664,
        "dvar": 4.78893639411e-07,
        "dvar2": 5.35002698143e-07,
        "max": 0.00908766780049,
        "mean": 0.00276756030507,
        "median": 0.00226530921645,
        "min": 4.97057772009e-06,
        "stdev": 0.00217459420674,
        "var": 4.72885949421e-06
    },
    "spectral_rolloff": {
        "dmean": 121.458457947,
        "dmean2": 206.153793335,
        "dvar": 108792.421875,
        "dvar2": 208820.65625,
        "max": 3552.97851562,
        "mean": 812.720825195,
        "median": 602.9296875,
        "min": 21.533203125,
        "stdev": 512.951721191,
        "var": 263119.46875
    },
    "spectral_skewness": {
        "dmean": 0.862001299858,
        "dmean2": 1.39565432072,
        "dvar": 0.576975762844,
        "dvar2": 1.40357375145,
        "max": 8.61119365692,
        "mean": 3.8851313591,
        "median": 3.88799977303,
        "min": 0.978611290455,
        "stdev": 1.3565479517,
        "var": 1.84022223949
    },
    "spectral_spread": {
        "dmean": 486716.71875,
        "dmean2": 736206.1875,
        "dvar": 393226354688,
        "dvar2": 670492065792,
        "max": 13531377,
        "mean": 2663789.25,
        "median": 2099912.75,
        "min": 865189.9375,
        "stdev": 1959487.75,
        "var": 3.83959223501e+12
    },
    "spectral_strongpeak": {
        "dmean": 0.235310778022,
        "dmean2": 0.298622339964,
        "dvar": 0.255042791367,
        "dvar2": 0.37973767519,
        "max": 5.66550636292,
        "mean": 1.38553118706,
        "median": 0.830486297607,
        "min": 0,
        "stdev": 1.38129091263,
        "var": 1.90796458721
    },
    "zerocrossingrate": {
        "dmean": 0.00460675824434,
        "dmean2": 0.00596823776141,
        "dvar": 7.81680064392e-05,
        "dvar2": 0.000137686365633,
        "max": 0.1103515625,
        "mean": 0.0295879356563,
        "median": 0.0244140625,
        "min": 0.00830078125,
        "stdev": 0.0157781727612,
        "var": 0.000248950731475
    },
    "barkbands": {
        "dmean": [4.16490280486e-07, 7.97206922698e-08, 9.9758130645e-09, 7.65761232202e-09, 3.84296035918e-05, 0.000217903070734, 0.000767846591771, 0.00117144046817, 6.17769619566e-05, 7.71263585193e-05, 6.65661355015e-05, 9.7489093605e-05, 5.96941608819e-05, 0.000282558379695, 2.76997179753e-05, 2.6035697374e-05, 1.07894629764e-05, 2.85610144601e-06, 6.42999623324e-07, 3.55893888582e-07, 1.70463252402e-07, 1.56068750812e-07, 4.70679246689e-08, 2.88165367124e-08, 5.018668503e-08, 5.41434941326e-09, 9.7873742444e-10],
        "dmean2": [7.03140926817e-07, 1.42134751968e-07, 1.86640036759e-08, 1.41796974162e-08, 3.42585481121e-05, 0.000241112909862, 0.000954003538936, 0.00136265682522, 7.58574678912e-05, 0.000102919599158, 8.92014359124e-05, 0.000114122165542, 6.67551576043e-05, 0.000315354409395, 3.36931771017e-05, 3.63508552255e-05, 1.37649903991e-05, 3.8062294152e-06, 9.68209292296e-07, 5.21895458405e-07, 2.55363630686e-07, 2.45191728254e-07, 6.54237126696e-08, 4.37053948588e-08, 7.7027813461e-08, 7.62864349468e-09, 1.70002956157e-09],
        "dvar": [4.43790972937e-13, 9.96007916171e-15, 8.47326920627e-16, 2.66785891051e-16, 1.26705019809e-08, 3.96862219532e-07, 7.66676021158e-06, 2.66443657893e-05, 4.14869809617e-08, 1.28712230207e-07, 1.90176621118e-08, 1.06048616999e-07, 4.15009147048e-08, 6.73596730394e-07, 5.30241761609e-09, 5.71677372108e-09, 7.83165143847e-10, 3.56916891875e-11, 1.31762439501e-12, 8.17503291624e-13, 5.67418765511e-14, 5.37366646406e-14, 5.48191041375e-15, 1.74455106987e-15, 5.57173910484e-15, 6.78352688556e-17, 3.34695928762e-18],
        "dvar2": [1.08542634516e-12, 2.96939935748e-14, 2.70471426695e-15, 8.13629461825e-16, 1.21273382447e-08, 3.91092754626e-07, 9.87053590507e-06, 3.31930059474e-05, 6.87944350375e-08, 2.3183615383e-07, 3.38243069109e-08, 1.03515787941e-07, 3.95141022125e-08, 7.34749164621e-07, 7.05442726456e-09, 1.45185801159e-08, 9.95197591003e-10, 5.49365553049e-11, 3.04644352279e-12, 1.33920869186e-12, 1.10311655372e-13, 1.3472396484e-13, 1.00348128786e-14, 3.72277841285e-15, 1.12984242527e-14, 1.43155741396e-16, 9.1337076443e-18],
        "max": [6.02829140917e-06, 7.01390149516e-07, 2.89544203724e-07, 1.22466190078e-07, 0.00186938350089, 0.00979165080935, 0.0422264039516, 0.0805813744664, 0.00380341801792, 0.00613347254694, 0.00165813299827, 0.00725896656513, 0.0041857114993, 0.0136510496959, 0.0015068607172, 0.00103238457814, 0.000389957218431, 7.97052489361e-05, 1.59900864674e-05, 1.31431834234e-05, 2.57876172327e-06, 2.68370718004e-06, 1.07852304154e-06, 3.96593520691e-07, 9.04797730072e-07, 1.27597701294e-07, 2.33896653157e-08],
        "mean": [4.83898134007e-07, 9.56369134997e-08, 8.0791791035e-09, 6.87315582226e-09, 0.000235127750784, 0.00142144458368, 0.00399217754602, 0.00470298295841, 0.000284757756162, 0.00026229096693, 0.000176482601091, 0.000319460727042, 0.000241242814809, 0.000861833046656, 9.96222879621e-05, 6.55173862469e-05, 2.51150195254e-05, 5.9046133174e-06, 1.56141459229e-06, 8.1224771975e-07, 3.96377060952e-07, 3.49734619931e-07, 1.01853757428e-07, 6.82314862388e-08, 1.22324948393e-07, 1.5065994674e-08, 2.46322495734e-09],
        "median": [2.59115040535e-07, 6.25856912961e-08, 3.0801046158e-09, 2.88153634287e-09, 4.05296702866e-08, 1.13866808533e-05, 3.4798948036e-05, 1.06450897874e-06, 6.1066566559e-07, 1.68907592979e-06, 1.97844856302e-05, 3.06899096358e-06, 3.1057097658e-06, 8.08154982224e-06, 4.78205402032e-06, 7.08195739207e-06, 3.64354036719e-06, 2.10147481994e-06, 7.12712676432e-07, 2.71030387466e-07, 3.04678906105e-07, 3.07349949935e-07, 8.21058065981e-08, 4.80238746547e-08, 8.00654973432e-08, 8.88902551566e-09, 1.72386682706e-09],
        "min": [8.36046065711e-10, 9.28843224557e-10, 3.25931538703e-11, 2.59154954441e-11, 6.55688281448e-11, 3.63781019197e-11, 3.21816219506e-11, 3.42755268612e-11, 8.88046407244e-12, 3.24229393334e-11, 2.28791742496e-11, 2.2957418952e-11, 3.6076058807e-11, 2.45734734644e-11, 4.11004459633e-11, 5.19987664038e-11, 3.76560831128e-11, 1.48568969627e-11, 6.99458616027e-11, 4.34061328547e-11, 5.6773526852e-11, 5.20319343167e-11, 7.40922392883e-11, 5.38072121581e-11, 1.01820191167e-10, 1.06428650615e-10, 1.92107829644e-10],
        "stdev": [7.44463136471e-07, 1.06753283546e-07, 2.17118270029e-08, 1.38297453489e-08, 0.000492248043884, 0.0023076555226, 0.00883130542934, 0.0142645463347, 0.000677538570017, 0.000860592874233, 0.00034094057628, 0.00102446845267, 0.000750963750761, 0.002245756099, 0.000249409582466, 0.000138054296258, 5.67630595469e-05, 1.02662061181e-05, 2.15185400521e-06, 1.95031907424e-06, 4.00614169394e-07, 3.37031963227e-07, 1.13978586569e-07, 7.34031644356e-08, 1.44560942772e-07, 1.89776638848e-08, 2.31645769233e-09],
        "var": [5.54225393877e-13, 1.13962633343e-14, 4.71403428361e-16, 1.9126185267e-16, 2.42308146881e-07, 5.32527428732e-06, 7.79919500928e-05, 0.000203477291507, 4.59058497881e-07, 7.40620066608e-07, 1.16240485681e-07, 1.04953562641e-06, 5.63946571219e-07, 5.04342006025e-06, 6.22051388177e-08, 1.90589872773e-08, 3.22204485315e-09, 1.05394991345e-10, 4.63047612406e-12, 3.80374421197e-12, 1.60491709983e-13, 1.1359054024e-13, 1.29911179538e-14, 5.38802485836e-15, 2.08978681257e-14, 3.60151738788e-16, 5.36597646832e-18]
    },
    "erbbands": {
        "dmean": [6.22024981567e-06, 6.57502005197e-06, 1.46651800605e-05, 8.28752163216e-05, 0.00253005698323, 0.117975562811, 0.872277259827, 2.00317311287, 10.4976444244, 19.8487262726, 13.0599040985, 2.11078929901, 0.950310111046, 3.37270331383, 3.7850959301, 3.90646386147, 3.85767436028, 13.3005847931, 4.4629945755, 1.43073344231, 0.77931278944, 0.484489738941, 0.296075046062, 0.0500999614596, 0.0277160536498, 0.0136305708438, 0.0047222985886, 0.00860707927495, 0.00562893692404, 0.0033283366356, 0.00100905355066, 0.000646301137749, 0.000478200614452, 0.000544715090655, 0.000398783187848, 5.03823284816e-05, 9.78716434474e-06, 1.45975354826e-06, 1.24886548747e-06, 2.78278139376e-06],
        "dmean2": [1.07648902485e-05, 1.19649093904e-05, 2.37928816205e-05, 8.80339575815e-05, 0.00204098131508, 0.0967839956284, 0.903156518936, 2.27753734589, 12.8841695786, 24.0116844177, 14.6981477737, 2.51485013962, 1.20672571659, 4.6640920639, 4.63029146194, 4.43512964249, 4.26167440414, 14.4725599289, 5.19308710098, 2.11185574532, 0.997136771679, 0.624602913857, 0.378823906183, 0.073076620698, 0.0402704589069, 0.0213602557778, 0.00677507417277, 0.0130791142583, 0.00871574413031, 0.00493141263723, 0.00149939651601, 0.00101811205968, 0.000722312019207, 0.000810547848232, 0.000635555479676, 7.69200050854e-05, 1.49279176185e-05, 2.31021090258e-06, 1.54601707436e-06, 3.34219430442e-06],
        "dvar": [6.05701322431e-11, 1.79188039406e-10, 1.14233233983e-09, 2.46808120608e-08, 4.42894452135e-05, 0.10006519407, 7.92766571045, 32.0373382568, 1383.64538574, 4707.41113281, 2940.21948242, 30.230682373, 5.68303012848, 302.398986816, 58.4916267395, 252.915924072, 125.226737976, 1366.08972168, 130.653396606, 22.2495708466, 2.20578193665, 1.60982882977, 0.687160432339, 0.00723657710478, 0.00310550793074, 0.000541055807844, 5.23443886777e-05, 0.000133167282911, 6.55290132272e-05, 1.92112875084e-05, 1.91326967069e-06, 1.00709280559e-06, 4.48912970796e-07, 6.62215256853e-07, 3.7557089172e-07, 5.8152282989e-09, 2.76359352069e-10, 6.93544137051e-12, 1.0017443472e-11, 5.14618521408e-11],
        "dvar2": [1.67284880392e-10, 5.65394286944e-10, 3.65151953119e-09, 2.48905518418e-08, 2.71529079328e-05, 0.0747772455215, 10.1008710861, 31.8333187103, 1737.85839844, 6336.73046875, 3494.07666016, 49.8408737183, 10.2183179855, 615.471923828, 71.4504394531, 233.807556152, 112.120643616, 1516.92565918, 146.70552063, 59.0411643982, 3.8735806942, 2.25710558891, 0.840806484222, 0.0119942985475, 0.00666179321706, 0.00116656639148, 0.000103101869172, 0.000263016845565, 0.00016535721079, 4.21764161729e-05, 3.59644150194e-06, 2.22790367843e-06, 8.86877330686e-07, 1.31000501824e-06, 8.81624771409e-07, 1.31387514202e-08, 5.63649460439e-10, 1.70067276234e-11, 1.23177605268e-11, 6.16224987704e-11],
        "max": [7.18701849109e-05, 0.000127380772028, 0.000327557354467, 0.00309713976458, 0.156803786755, 6.64566040039, 49.0279350281, 88.9978713989, 543.274658203, 941.454345703, 931.149230957, 98.4266204834, 29.4725666046, 291.444244385, 134.133041382, 373.74230957, 234.201049805, 553.806030273, 206.982589722, 66.0530776978, 20.5658302307, 17.575258255, 12.7505836487, 1.14218938351, 0.689065694809, 0.256428807974, 0.0808791220188, 0.119691364467, 0.0869115665555, 0.046514749527, 0.0157663822174, 0.00925450026989, 0.0086886389181, 0.00913705304265, 0.00734998937696, 0.0011322426144, 0.000283751025563, 3.84740997106e-05, 4.39510367869e-05, 9.82343481155e-05],
        "mean": [9.36392098083e-06, 1.23433765111e-05, 4.3899519369e-05, 0.000458398542833, 0.0156973470002, 0.742094576359, 5.50443696976, 12.811621666, 55.5739212036, 92.1420211792, 49.6451759338, 9.57530784607, 3.59459066391, 11.0761795044, 11.7538394928, 13.832157135, 15.9032850266, 41.0419311523, 15.0054454803, 4.1045627594, 2.13293457031, 1.2189643383, 0.670902311802, 0.14424341917, 0.0686739683151, 0.0312318895012, 0.012019649148, 0.0188661646098, 0.012540566735, 0.00703748967499, 0.00236518518068, 0.0014187929919, 0.00121527491137, 0.00133395614102, 0.000878012506291, 0.000132734436193, 2.99625371554e-05, 4.62689695269e-06, 6.715260497e-06, 1.45605063153e-05],
        "median": [6.7764326559e-06, 1.08082722363e-05, 3.16181285598e-05, 0.000150542153278, 0.00125062116422, 0.0196350384504, 0.552644431591, 2.00330138206, 1.63847947121, 4.22374916077, 4.20822477341, 0.600631892681, 1.11504209042, 0.784248769283, 1.69608163834, 1.17549836636, 2.2102701664, 2.7750082016, 2.38445830345, 0.9074909091, 0.372087746859, 0.235502138734, 0.150116875768, 0.0610925406218, 0.0278655365109, 0.0156732518226, 0.00854319054633, 0.0162208955735, 0.010907153599, 0.00556880189106, 0.00210489169694, 0.00101908086799, 0.000865196925588, 0.000876887643244, 0.000534820544999, 8.4054277977e-05, 1.76034573087e-05, 2.64603590949e-06, 2.72878173746e-06, 5.9136937125e-06],
        "min": [1.33940488922e-07, 3.23676033531e-07, 3.71620132e-07, 1.81380428899e-07, 1.86194853313e-07, 1.70590126913e-07, 3.34918581757e-07, 2.87494316353e-07, 5.12486735715e-07, 5.25836640008e-07, 5.66024709769e-07, 2.75330251043e-07, 7.96221740984e-07, 7.21576327578e-07, 9.30028591029e-07, 9.90316607385e-07, 1.79679739176e-06, 1.58012323936e-06, 1.90571518033e-06, 1.91428011931e-06, 2.83203166873e-06, 2.26520228352e-06, 7.99860231382e-07, 2.85810938294e-06, 2.51743085755e-06, 1.8908281163e-06, 1.67592133948e-06, 2.5583299248e-06, 1.6268888885e-06, 2.16825560528e-06, 2.04006414606e-06, 1.00681131698e-06, 1.12247107609e-06, 1.32964589739e-06, 5.59813315704e-07, 3.95196764202e-07, 2.27500436267e-07, 9.081642105e-08, 2.53941436767e-08, 2.72414535374e-09],
        "stdev": [9.20136608329e-06, 1.16972005344e-05, 4.5909659093e-05, 0.000728051469196, 0.034009411931, 1.55307078362, 11.1112318039, 20.5494441986, 120.01865387, 196.687805176, 143.127349854, 17.7933101654, 5.89044809341, 37.328327179, 24.7904491425, 50.4032974243, 41.6872596741, 99.5294876099, 32.130607605, 8.47162342072, 3.62178325653, 2.37948489189, 1.72834002972, 0.194670170546, 0.114612191916, 0.0440809316933, 0.0139689724892, 0.0177118945867, 0.0117644146085, 0.00710840476677, 0.00226688478142, 0.00151965022087, 0.00136125751305, 0.00158358830959, 0.00108207075391, 0.000165182209457, 3.82962352887e-05, 5.41716417501e-06, 9.17023771763e-06, 2.05218148039e-05],
        "var": [8.46651360131e-11, 1.36824496177e-10, 2.1076969059e-09, 5.30058969161e-07, 0.00115664012264, 2.41202878952, 123.459472656, 422.279693604, 14404.4775391, 38686.0898438, 20485.4375, 316.601898193, 34.6973762512, 1393.40405273, 614.56640625, 2540.49243164, 1737.82751465, 9906.11816406, 1032.37597656, 71.7684020996, 13.117313385, 5.66194868088, 2.98715925217, 0.0378964729607, 0.0131359538063, 0.00194312853273, 0.000195132204681, 0.000313711207127, 0.000138401446748, 5.05294192408e-05, 5.13876693731e-06, 2.3093366508e-06, 1.85302189948e-06, 2.50775201494e-06, 1.1708771126e-06, 2.72851643501e-08, 1.46660150691e-09, 2.93456682565e-11, 8.4093267072e-11, 4.21144868978e-10]
    },
    "gfcc": {
        "mean": [-273.682006836, 101.144561768, -181.071929932, -60.1043548584, -76.4952392578, -26.3004741669, -51.9042510986, -10.3931217194, -0.586406767368, 13.3691310883, 6.84098958969, 4.57805585861, 5.43090724945],
        "cov": [[19612.7226562, 2538.02392578, -6322.92919922, -4063.51318359, -1814.09558105, -1190.45776367, -1230.23754883, -990.596740723, 431.563995361, 395.777099609, 785.650268555, -33.4254989624, 559.481079102], [2538.02392578, 1538.80297852, -336.313323975, -516.388122559, -451.149353027, -530.539855957, -284.196075439, -564.170043945, -319.307434082, -427.998138428, -166.423522949, -95.0277328491, 259.047119141], [-6322.92919922, -336.313323975, 2611.74023438, 1454.25012207, 370.83001709, 268.508514404, 258.19442749, 9.36065292358, -436.557861328, -415.237579346, -456.372253418, 15.9828910828, 12.1129665375], [-4063.51318359, -516.388122559, 1454.25012207, 1237.13720703, 264.311981201, 219.037734985, 233.812728882, 142.701049805, -248.420288086, -246.951004028, -303.849151611, 9.10605239868, -66.6404495239], [-1814.09558105, -451.149353027, 370.83001709, 264.311981201, 389.321746826, 191.33442688, 160.415008545, 214.213562012, 120.692810059, 148.036315918, 75.1540603638, 10.6013269424, -151.598449707], [-1190.45776367, -530.539855957, 268.508514404, 219.037734985, 191.33442688, 343.266784668, 99.5955276489, 153.115875244, 58.4167861938, 110.318885803, 22.1196498871, 92.5210494995, -7.27258205414], [-1230.23754883, -284.196075439, 258.19442749, 233.812728882, 160.415008545, 99.5955276489, 190.42175293, 188.910873413, 74.3522644043, 42.5993804932, -22.4282283783, -35.758731842, -110.675384521], [-990.596740723, -564.170043945, 9.36065292358, 142.701049805, 214.213562012, 153.115875244, 188.910873413, 405.333404541, 236.030105591, 172.799041748, 46.1067733765, -36.7049827576, -190.794967651], [431.563995361, -319.307434082, -436.557861328, -248.420288086, 120.692810059, 58.4167861938, 74.3522644043, 236.030105591, 345.811584473, 291.979217529, 156.711288452, -60.7865715027, -176.804321289], [395.777099609, -427.998138428, -415.237579346, -246.951004028, 148.036315918, 110.318885803, 42.5993804932, 172.799041748, 291.979217529, 408.830566406, 270.417449951, 6.76173877716, -156.466598511], [785.650268555, -166.423522949, -456.372253418, -303.849151611, 75.1540603638, 22.1196498871, -22.4282283783, 46.1067733765, 156.711288452, 270.417449951, 340.550048828, 101.547828674, -63.9644241333], [-33.4254989624, -95.0277328491, 15.9828910828, 9.10605239868, 10.6013269424, 92.5210494995, -35.758731842, -36.7049827576, -60.7865715027, 6.76173877716, 101.547828674, 177.825256348, 115.166542053], [559.481079102, 259.047119141, 12.1129665375, -66.6404495239, -151.598449707, -7.27258205414, -110.675384521, -190.794967651, -176.804321289, -156.466598511, -63.9644241333, 115.166542053, 261.158874512]],
        "icov": [[0.00108551664744, -0.000284363602987, 0.00192958756816, 0.000327105924953, 0.00172164326068, -0.000206384647754, 0.00161124451552, 0.000411442975746, -0.000131523745949, -3.33211210091e-06, -0.000404959428124, 0.000884783279616, -0.000652816670481], [-0.000284363602987, 0.00480071408674, -0.000760434137192, 0.00197989842854, -0.00126731581986, 0.00353621644899, -0.00150232145097, 0.00355557654984, -0.000514841754921, 0.00427218107507, -0.000723176577594, 0.00193987693638, -0.00111001892947], [0.00192958756816, -0.000760434137192, 0.00497783580795, -0.00062851072289, 0.00190313230269, -0.000604839937296, 0.0023007215932, 0.00134949886706, 0.000625789631158, -0.000431382417446, 0.000446057849331, 0.00104834174272, -0.00090976327192], [0.000327105924953, 0.00197989842854, -0.00062851072289, 0.00496125407517, -9.87610328593e-05, 0.00142425426748, -0.00141972629353, 0.000771631661337, 0.00272041559219, 0.00083502556663, 0.00281710969284, -0.00236647715792, 0.00265044043772], [0.00172164326068, -0.00126731581986, 0.00190313230269, -9.87610328593e-05, 0.0100343087688, -0.00304595241323, 0.00133018032648, -0.0005416070926, -0.00144594616722, -0.000311911018798, -0.0034956720192, 0.00177457276732, 0.000558764790185], [-0.000206384647754, 0.00353621644899, -0.000604839937296, 0.00142425426748, -0.00304595241323, 0.0108081838116, -0.00261720595881, 0.00194248254411, -0.000101675301266, -0.00216381414793, 0.00559444073588, -0.00616465834901, -0.00110766047146], [0.00161124451552, -0.00150232145097, 0.0023007215932, -0.00141972629353, 0.00133018032648, -0.00261720595881, 0.0175443161279, -0.00530768046156, -0.000978542142548, 0.00132155988831, -0.0033260199707, 0.00539830652997, -0.0012398037361], [0.000411442975746, 0.00355557654984, 0.00134949886706, 0.000771631661337, -0.0005416070926, 0.00194248254411, -0.00530768046156, 0.0126999374479, -0.00626872899011, 0.0040407339111, 0.00211179070175, -0.00263168942183, 0.00234936387278], [-0.000131523745949, -0.000514841754921, 0.000625789631158, 0.00272041559219, -0.00144594616722, -0.000101675301266, -0.000978542142548, -0.00626872899011, 0.0176789276302, -0.00869267620146, 0.00363028096035, 0.000469524937216, 0.0030636920128], [-3.33211210091e-06, 0.00427218107507, -0.000431382417446, 0.00083502556663, -0.000311911018798, -0.00216381414793, 0.00132155988831, 0.0040407339111, -0.00869267620146, 0.0193707644939, -0.012643031776, 0.00952636543661, -0.00230363197625], [-0.000404959428124, -0.000723176577594, 0.000446057849331, 0.00281710969284, -0.0034956720192, 0.00559444073588, -0.0033260199707, 0.00211179070175, 0.00363028096035, -0.012643031776, 0.0238187145442, -0.0227856170386, 0.0113077554852], [0.000884783279616, 0.00193987693638, 0.00104834174272, -0.00236647715792, 0.00177457276732, -0.00616465834901, 0.00539830652997, -0.00263168942183, 0.000469524937216, 0.00952636543661, -0.0227856170386, 0.0351671017706, -0.0183121301234], [-0.000652816670481, -0.00111001892947, -0.00090976327192, 0.00265044043772, 0.000558764790185, -0.00110766047146, -0.0012398037361, 0.00234936387278, 0.0030636920128, -0.00230363197625, 0.0113077554852, -0.0183121301234, 0.0200704913586]]
    },
    "melbands": {
        "dmean": [5.47213403479e-08, 6.26963725381e-09, 4.37463976155e-09, 3.04199124912e-06, 2.45844712481e-05, 4.69226506539e-05, 0.000162486976478, 0.000255459919572, 8.47445626277e-05, 1.10742294055e-05, 4.18760373577e-06, 1.35039781526e-05, 1.11389026642e-05, 1.07054747787e-05, 8.08465483715e-06, 8.2848700913e-06, 2.79384566966e-05, 9.69650773186e-06, 1.71099873114e-06, 2.07098037208e-06, 7.08568563823e-07, 4.15154261191e-07, 6.93050651535e-07, 5.76343630598e-08, 4.30601829748e-08, 1.8249508571e-08, 1.85853643586e-08, 7.26673432538e-09, 2.07032102573e-09, 4.97914998121e-09, 5.49655521098e-09, 3.49733930705e-09, 2.81850898176e-09, 1.64630786781e-09, 6.10230033171e-10, 4.66078620143e-10, 3.54681201076e-10, 3.16791926025e-10, 4.46914755203e-10, 4.9023812787e-10],
        "dmean2": [9.13731881269e-08, 1.16341789536e-08, 7.72127162207e-09, 2.37906442635e-06, 2.47249936365e-05, 5.39359061804e-05, 0.000199207337573, 0.000303275475744, 9.43940976867e-05, 1.37182887556e-05, 5.2106943258e-06, 1.86822344403e-05, 1.40678184835e-05, 1.25333108372e-05, 9.29429734242e-06, 9.1860174507e-06, 3.08254457195e-05, 1.1181165064e-05, 2.24425662054e-06, 3.02322018797e-06, 8.62549484282e-07, 5.60844057418e-07, 8.71970826211e-07, 8.63274394192e-08, 6.33931378502e-08, 2.80845515732e-08, 2.63352308849e-08, 1.22167804761e-08, 3.15332471246e-09, 7.54569740025e-09, 8.33821722779e-09, 5.52561463252e-09, 4.47555503769e-09, 2.32486319085e-09, 9.51683620798e-10, 7.01713631646e-10, 5.78186887257e-10, 4.95312846294e-10, 6.50456022377e-10, 7.52274242899e-10],
        "dvar": [5.27445341025e-15, 2.8901886479e-16, 8.04393441038e-17, 7.2764211323e-11, 5.67106761551e-09, 2.35135821924e-08, 3.62108437457e-07, 9.54476149673e-07, 1.20688426364e-07, 1.41526002029e-09, 1.25309942978e-10, 5.27479349088e-09, 4.77340278415e-10, 9.59179291549e-10, 7.01856350815e-10, 5.13139974956e-10, 6.51661791196e-09, 8.83936923657e-10, 1.47815076151e-11, 4.76680465933e-11, 2.07552096169e-12, 1.38657152166e-12, 4.93368974147e-12, 1.10895442338e-14, 6.19984791655e-15, 1.35008835573e-15, 2.93127673386e-15, 1.95798124384e-16, 1.06041005924e-17, 7.14457600281e-17, 5.43656979888e-17, 3.04260256529e-17, 1.99369023384e-17, 5.66482234798e-18, 7.96619339148e-19, 4.06174968127e-19, 3.13099494079e-19, 2.0887460765e-19, 4.21143189052e-19, 5.32245022449e-19],
        "dvar2": [1.2567006863e-14, 9.27807597291e-16, 2.42211003561e-16, 4.82136101876e-11, 7.02738756075e-09, 2.26941967441e-08, 4.54203870959e-07, 1.23178040212e-06, 1.41119826935e-07, 2.37716335505e-09, 2.2142175593e-10, 1.04431334691e-08, 6.40506925276e-10, 9.5352037377e-10, 6.32510210874e-10, 5.28849686265e-10, 7.12279257797e-09, 9.79190284411e-10, 2.36579835583e-11, 1.21659377017e-10, 2.88903905139e-12, 2.09700702983e-12, 6.0354889489e-12, 1.64144075394e-14, 1.09636556561e-14, 3.45595985809e-15, 4.76154362046e-15, 5.07189882168e-16, 1.81009964755e-17, 1.48358217758e-16, 1.15591727576e-16, 8.08402355334e-17, 4.98139017489e-17, 1.12246490064e-17, 1.57249236815e-18, 9.36614022654e-19, 6.9790727546e-19, 4.54596751168e-19, 8.74851341447e-19, 1.07990465901e-18],
        "max": [7.18344608686e-07, 1.634212623e-07, 6.66847199682e-08, 0.00019638997037, 0.00133132445626, 0.00249547907151, 0.00901727285236, 0.0144478324801, 0.00603914773092, 0.000700973265339, 0.0001372176921, 0.00120071228594, 0.000317688391078, 0.00064858206315, 0.00055689032888, 0.000373801507521, 0.00130829436239, 0.000551351055037, 8.14402519609e-05, 9.25304411794e-05, 2.12043905776e-05, 1.89708989637e-05, 3.43350766343e-05, 1.39638586916e-06, 1.16522448934e-06, 5.87688134601e-07, 7.92013622686e-07, 1.84014666615e-07, 4.70577745659e-08, 1.08583591896e-07, 6.89134083132e-08, 7.26708009324e-08, 4.73107419907e-08, 3.72278492478e-08, 9.55297441152e-09, 5.55252555046e-09, 4.93630292198e-09, 4.97717733694e-09, 8.51595505225e-09, 7.89116239019e-09],
        "mean": [8.0196343788e-08, 5.68413227597e-09, 5.57211699004e-09, 1.82933490578e-05, 0.000159827512107, 0.000305653113173, 0.000855645281263, 0.00113589467946, 0.000312339194352, 5.09655255883e-05, 1.54010522238e-05, 4.4585984142e-05, 3.2581272535e-05, 3.54858930223e-05, 3.07286536554e-05, 3.29049471475e-05, 8.52927551023e-05, 3.05196881527e-05, 6.35251353742e-06, 4.98182089359e-06, 1.8902554757e-06, 1.02449905626e-06, 1.50802918597e-06, 1.29362504708e-07, 1.0967726638e-07, 4.09004705659e-08, 4.45674430694e-08, 1.4628754208e-08, 4.88896567674e-09, 1.07173452335e-08, 1.09984377161e-08, 7.34360927623e-09, 5.69396796379e-09, 3.15606074608e-09, 1.33414590486e-09, 9.82992798271e-10, 7.51345985428e-10, 7.42413686083e-10, 1.06355668716e-09, 1.13279263747e-09],
        "median": [5.32277759646e-08, 2.57409715765e-09, 2.1316501897e-09, 5.96135230069e-09, 2.66594753384e-07, 4.83866715513e-05, 1.07524720079e-05, 3.16860823659e-05, 1.46196744026e-05, 3.84893240835e-07, 1.39963810852e-06, 6.94334232776e-07, 3.81450968234e-06, 1.55193583851e-06, 3.13058592383e-07, 4.01592842536e-07, 1.73143655502e-06, 1.98653992811e-06, 3.80750208251e-07, 4.83487326619e-07, 1.37902176789e-07, 1.99051228833e-07, 1.53508906919e-07, 5.36741282531e-08, 4.14035525864e-08, 2.07157757615e-08, 1.48078198592e-08, 7.26842630527e-09, 3.18351545125e-09, 6.93349111458e-09, 9.9443608903e-09, 6.43495701169e-09, 4.62123450617e-09, 2.29705232613e-09, 1.12943987496e-09, 7.62502894158e-10, 5.30668287091e-10, 5.21101384265e-10, 6.83459400186e-10, 7.06506519954e-10],
        "min": [1.03842234811e-09, 2.12456108262e-10, 3.23510142286e-11, 1.1417290724e-11, 8.87052323956e-12, 6.06288066626e-12, 7.82723191817e-12, 4.52660868858e-12, 3.18616097048e-12, 1.44433813867e-12, 3.78764077394e-12, 2.71097272235e-12, 3.23088300905e-12, 2.60794337514e-12, 2.02672991237e-12, 3.07962054295e-12, 2.81609371239e-12, 2.56443065567e-12, 3.36188303758e-12, 3.11540355145e-12, 2.88101270271e-12, 2.45953561337e-12, 7.47606566497e-13, 8.54374730686e-13, 2.06394862139e-12, 1.80965225444e-12, 2.01496892088e-12, 9.6220893666e-13, 8.93991803329e-13, 1.37214783806e-12, 1.36454660505e-12, 8.60491690922e-13, 1.03476884179e-12, 1.19569415133e-12, 1.08601560904e-12, 1.1563415156e-12, 3.98762728566e-13, 5.43774552296e-13, 1.38692768208e-12, 1.03188551454e-12],
        "stdev": [9.3480188923e-08, 1.30694823852e-08, 8.97796059718e-09, 4.32036322309e-05, 0.000304358603898, 0.000560463231523, 0.00193856831174, 0.00276415306143, 0.000908471411094, 0.000123460253235, 2.74199228443e-05, 0.000158863011166, 6.43048260827e-05, 9.84832295217e-05, 8.7426706159e-05, 7.55270375521e-05, 0.000220459231059, 8.17601394374e-05, 1.34710235216e-05, 1.17037761811e-05, 3.88151511288e-06, 2.05370974982e-06, 4.65467428512e-06, 2.00419719931e-07, 1.65438933664e-07, 6.31223358027e-08, 1.16437632869e-07, 2.19690949876e-08, 6.41470476737e-09, 1.46223602115e-08, 1.03162793863e-08, 7.30690397077e-09, 5.80441916753e-09, 3.79199915912e-09, 1.32480904025e-09, 1.0163935249e-09, 8.22935830591e-10, 8.38613789522e-10, 1.29276844785e-09, 1.370212388e-09],
