{
"lowlevel": {
    "average_loudness": 0.974724948406,
    "barkbands_crest": {
        "dmean": 2.07166552544,
        "dmean2": 3.44037342072,
        "dvar": 5.20815944672,
        "dvar2": 13.4856004715,
        "max": 22.2520694733,
        "mean": 7.19786405563,
        "median": 6.71594715118,
        "min": 2.21838521957,
        "stdev": 4.48433876038,
        "var": 20.1092948914
    },
    "barkbands_flatness_db": {
        "dmean": 0.0199585389346,
        "dmean2": 0.0324040912092,
        "dvar": 0.000473330554087,
        "dvar2": 0.00118226010818,
        "max": 0.33019939065,
        "mean": 0.141829401255,
        "median": 0.149478763342,
        "min": 0.022096388042,
        "stdev": 0.0926463380456,
        "var": 0.00858334358782
    },
    "barkbands_kurtosis": {
        "dmean": 1.86860477924,
        "dmean2": 3.13737034798,
        "dvar": 10.0810403824,
        "dvar2": 25.3028717041,
        "max": 25.1098842621,
        "mean": 1.08047938347,
        "median": 0.192614555359,
        "min": -1.61548125744,
        "stdev": 3.3412232399,
        "var": 11.163772583
    },
    "barkbands_skewness": {
        "dmean": 0.514047384262,
        "dmean2": 0.86449098587,
        "dvar": 0.401112049818,
        "dvar2": 1.02880501747,
        "max": 4.0017490387,
        "mean": -0.0773285627365,
        "median": -0.134216040373,
        "min": -2.33217954636,
        "stdev": 1.09425079823,
        "var": 1.19738471508
    },
    "barkbands_spread": {
        "dmean": 5.90322208405,
        "dmean2": 9.52714633942,
        "dvar": 31.2262077332,
        "dvar2": 74.3710479736,
        "max": 71.1768951416,
        "mean": 27.6160526276,
        "median": 16.8860321045,
        "min": 1.7322281599,
        "stdev": 20.6403522491,
        "var": 426.024108887
    },
    "dissonance": {
        "dmean": 0.0128381187096,
        "dmean2": 0.0218046996742,
        "dvar": 0.000272764824331,
        "dvar2": 0.000796419975813,
        "max": 0.499890953302,
        "mean": 0.481988757849,
        "median": 0.488854646683,
        "min": 0.355664730072,
        "stdev": 0.0202624648809,
        "var": 0.000410567474319
    },
    "dynamic_complexity": 28.149559021,
    "erbbands_crest": {
        "dmean": 2.45302796364,
        "dmean2": 4.10256242752,
        "dvar": 8.20425415039,
        "dvar2": 20.6076450348,
        "max": 25.5622901917,
        "mean": 8.42382526398,
        "median": 7.61481761932,
        "min": 2.68635940552,
        "stdev": 5.01873445511,
        "var": 25.1876945496
    },
    "erbbands_flatness_db": {
        "dmean": 0.0200041010976,
        "dmean2": 0.0317512489855,
        "dvar": 0.000488765479531,
        "dvar2": 0.00107730494346,
        "max": 0.419089615345,
        "mean": 0.214904248714,
        "median": 0.222884312272,
        "min": 0.0857132896781,
        "stdev": 0.0972311124206,
        "var": 0.00945388991386
    },
    "erbbands_kurtosis": {
        "dmean": 1.47513890266,
        "dmean2": 2.43588161469,
        "dvar": 5.1453332901,
        "dvar2": 12.5682592392,
        "max": 15.7539081573,
        "mean": 1.10068881512,
        "median": 0.0785306692123,
        "min": -1.49099624157,
        "stdev": 2.92611503601,
        "var": 8.56214904785
    },
    "erbbands_skewness": {
        "dmean": 0.43511864543,
        "dmean2": 0.714947938919,
        "dvar": 0.217031374574,
        "dvar2": 0.59145373106,
        "max": 2.41756153107,
        "mean": -0.180082336068,
        "median": -0.42273837328,
        "min": -1.64042079449,
        "stdev": 0.691899657249,
        "var": 0.478725105524
    },
    "erbbands_spread": {
        "dmean": 5.41965389252,
        "dmean2": 8.91343021393,
        "dvar": 37.6851768494,
        "dvar2": 99.9557189941,
        "max": 62.9972381592,
        "mean": 24.4661827087,
        "median": 24.8486976624,
        "min": 2.04890727997,
        "stdev": 11.6406993866,
        "var": 135.505874634
    },
    "hfc": {
        "dmean": 6.96729421616,
        "dmean2": 11.1727514267,
        "dvar": 1136.25524902,
        "dvar2": 3221.03540039,
        "max": 407.935150146,
        "mean": 10.6014909744,
        "median": 0.0162401981652,
        "min": 3.13797390845e-05,
        "stdev": 35.0033569336,
        "var": 1225.23486328
    },
    "loudness_ebu128": {
        "integrated": -20.1288223267,
        "loudness_range": 1.57766342163,
        "momentary": {
            "dmean": 5.43893003464,
            "dmean2": 5.99481010437,
            "dvar": 84.667755127,
            "dvar2": 98.7479248047,
            "max": -16.2011833191,
            "mean": -39.8648834229,
            "median": -25.4718112946,
            "min": -80.3370819092,
            "stdev": 24.8414134979,
            "var": 617.095825195
        },
        "short_term": {
            "dmean": 0.425730764866,
            "dmean2": 0.501130759716,
            "dvar": 0.348525196314,
            "dvar2": 0.421388298273,
            "max": -22.9805641174,
            "mean": -23.6110095978,
            "median": -23.1821670532,
            "min": -25.9376926422,
            "stdev": 0.849903106689,
            "var": 0.722335338593
        }
    },
    "melbands_crest": {
        "dmean": 2.94103002548,
        "dmean2": 5.17320394516,
        "dvar": 9.32389736176,
        "dvar2": 22.2100276947,
        "max": 26.9267482758,
        "mean": 8.81932640076,
        "median": 7.64271974564,
        "min": 1.86245656013,
        "stdev": 5.73632240295,
        "var": 32.9053955078
    },
    "melbands_flatness_db": {
        "dmean": 0.0227129142731,
        "dmean2": 0.036069303751,
        "dvar": 0.000822975474875,
        "dvar2": 0.00196980847977,
        "max": 0.332390964031,
        "mean": 0.145052269101,
        "median": 0.164506018162,
        "min": 0.00481897266582,
        "stdev": 0.110386647284,
        "var": 0.0121852122247
    },
    "melbands_kurtosis": {
        "dmean": 2.52843952179,
        "dmean2": 4.3094291687,
        "dvar": 26.7952270508,
        "dvar2": 73.4112167358,
        "max": 44.0395927429,
        "mean": 1.69307601452,
        "median": -0.291479587555,
        "min": -1.37319159508,
        "stdev": 5.37327384949,
        "var": 28.8720722198
    },
    "melbands_skewness": {
        "dmean": 0.558917284012,
        "dmean2": 0.947084724903,
        "dvar": 0.460116446018,
        "dvar2": 1.1609082222,
        "max": 5.30183744431,
        "mean": 0.640289127827,
        "median": 0.328832507133,
        "min": -2.55264663696,
        "stdev": 1.03570604324,
        "var": 1.07268691063
    },
    "melbands_spread": {
        "dmean": 11.3672847748,
        "dmean2": 19.3604831696,
        "dvar": 199.512588501,
        "dvar2": 513.536193848,
        "max": 152.667236328,
        "mean": 57.7739677429,
        "median": 29.5263309479,
        "min": 3.88626408577,
        "stdev": 48.7855377197,
        "var": 2380.02856445
    },
    "pitch_salience": {
        "dmean": 0.0612086169422,
        "dmean2": 0.10049572587,
        "dvar": 0.00446161767468,
        "dvar2": 0.0105578182265,
        "max": 0.879967689514,
        "mean": 0.679414153099,
        "median": 0.723749756813,
        "min": 0.324850201607,
        "stdev": 0.110049411654,
        "var": 0.0121108721942
    },
    "silence_rate_20dB": {
        "dmean": 0,
        "dmean2": 0,
        "dvar": 0,
        "dvar2": 0,
        "max": 1,
        "mean": 1,
        "median": 1,
        "min": 1,
        "stdev": 0,
        "var": 0
    },
    "silence_rate_30dB": {
        "dmean": 0.0103626940399,
        "dmean2": 0.0208333339542,
        "dvar": 0.0102553283796,
        "dvar2": 0.030815878883,
        "max": 1,
        "mean": 0.99484539032,
        "median": 1,
        "min": 0,
        "stdev": 0.0716106146574,
        "var": 0.00512808049098
    },
    "silence_rate_60dB": {
        "dmean": 0.0414507761598,
        "dmean2": 0.0833333358169,
        "dvar": 0.0397325493395,
        "dvar2": 0.0763890296221,
        "max": 1,
        "mean": 0.654639184475,
        "median": 1,
        "min": 0,
        "stdev": 0.475485682487,
        "var": 0.226086631417
    },
    "spectral_centroid": {
        "dmean": 253.291854858,
        "dmean2": 425.681610107,
        "dvar": 140210.015625,
        "dvar2": 303315.5625,
        "max": 3812.75195312,
        "mean": 2145.38183594,
        "median": 1854.24121094,
        "min": 414.950256348,
        "stdev": 1150.29187012,
        "var": 1323171.25
    },
    "spectral_complexity": {
        "dmean": 1.61658036709,
        "dmean2": 2.01041674614,
        "dvar": 9.71825027466,
        "dvar2": 14.4998855591,
        "max": 35,
        "mean": 6.70618534088,
        "median": 0,
        "min": 0,
        "stdev": 9.52485370636,
        "var": 90.7228469849
    },
    "spectral_decrease": {
        "dmean": 1.13271803048e-09,
        "dmean2": 1.75295655769e-09,
        "dvar": 1.5774744563e-17,
        "dvar2": 4.3381861111e-17,
        "max": -6.01909076797e-16,
        "mean": -1.99569383241e-09,
        "median": -3.73377977841e-12,
        "min": -4.67015937033e-08,
        "stdev": 5.13456832607e-09,
        "var": 2.63637896411e-17
    },
    "spectral_energy": {
        "dmean": 0.00488186720759,
        "dmean2": 0.00753859803081,
        "dvar": 0.000322275998769,
        "dvar2": 0.00089184747776,
        "max": 0.213263392448,
        "mean": 0.0084937857464,
        "median": 1.52056736624e-05,
        "min": 5.1179807059e-09,
        "stdev": 0.0223758649081,
        "var": 0.000500679307152
    },
    "spectral_energyband_high": {
        "dmean": 3.32275558321e-05,
        "dmean2": 5.55438018637e-05,
        "dvar": 3.39242269831e-08,
        "dvar2": 9.00376946333e-08,
        "max": 0.0025328702759,
        "mean": 5.22860100318e-05,
        "median": 1.24450735939e-07,
        "min": 2.72092282039e-09,
        "stdev": 0.000234354665736,
        "var": 5.49221077506e-08
    },
    "spectral_energyband_low": {
        "dmean": 1.66024110513e-05,
        "dmean2": 2.45531409746e-05,
        "dvar": 3.11717918144e-09,
        "dvar2": 6.41753272745e-09,
        "max": 0.000512966827955,
        "mean": 1.61546849995e-05,
        "median": 1.12323540691e-07,
        "min": 7.01196947728e-11,
        "stdev": 6.19098864263e-05,
        "var": 3.83283405014e-09
    },
    "spectral_energyband_middle_high": {
        "dmean": 0.00376927782781,
        "dmean2": 0.00613672891632,
        "dvar": 0.000283572124317,
        "dvar2": 0.000807212956715,
        "max": 0.199296161532,
        "mean": 0.00539645412937,
        "median": 6.78736614645e-06,
        "min": 1.69141867179e-09,
        "stdev": 0.0175787247717,
        "var": 0.000309011578793
    },
    "spectral_energyband_middle_low": {
        "dmean": 0.0019178512739,
        "dmean2": 0.00341821485199,
        "dvar": 2.75928086921e-05,
        "dvar2": 7.88772013038e-05,
        "max": 0.0518320687115,
        "mean": 0.0030721698422,
        "median": 4.48690661869e-06,
        "min": 2.43798481403e-10,
        "stdev": 0.00778418825939,
        "var": 6.05935856584e-05
    },
    "spectral_entropy": {
        "dmean": 0.128159359097,
        "dmean2": 0.201416552067,
        "dvar": 0.0243923906237,
        "dvar2": 0.0523885339499,
        "max": 8.67528152466,
        "mean": 7.70818853378,
        "median": 7.61796140671,
        "min": 6.56009054184,
        "stdev": 0.708757400513,
        "var": 0.502337038517
    },
    "spectral_flux": {
        "dmean": 0.010784348473,
        "dmean2": 0.0156065402552,
        "dvar": 0.000635907810647,
        "dvar2": 0.00120791967493,
        "max": 0.344531834126,
        "mean": 0.0367079824209,
        "median": 0.00315401284024,
        "min": 5.90547570027e-05,
        "stdev": 0.056138176471,
        "var": 0.00315149500966
    },
    "spectral_kurtosis": {
        "dmean": 3.34165048599,
        "dmean2": 5.75581121445,
        "dvar": 25.8567085266,
        "dvar2": 66.4888458252,
        "max": 58.0136489868,
        "mean": 9.09241485596,
        "median": 5.35605239868,
        "min": -0.275393009186,
        "stdev": 9.49886226654,
        "var": 90.2283859253
    },
    "spectral_rms": {
        "dmean": 0.000480248301756,
        "dmean2": 0.000661952828523,
        "dvar": 1.07707523966e-06,
        "dvar2": 2.42908299697e-06,
        "max": 0.0144243491814,
        "mean": 0.00156114797574,
        "median": 0.000121798053442,
        "min": 2.23453616854e-06,
        "stdev": 0.00241856160574,
        "var": 5.84943973081e-06
    },
    "spectral_rolloff": {
        "dmean": 653.359802246,
        "dmean2": 1140.13806152,
        "dvar": 1466367.625,
        "dvar2": 2801873.75,
        "max": 12661.5234375,
        "mean": 5062.74560547,
        "median": 2067.1875,
        "min": 322.998046875,
        "stdev": 4511.24658203,
        "var": 20351346
    },
    "spectral_skewness": {
        "dmean": 0.312003821135,
        "dmean2": 0.514418363571,
        "dvar": 0.126779720187,
        "dvar2": 0.332578808069,
        "max": 4.98297405243,
        "mean": 1.96314060688,
        "median": 1.70740449429,
        "min": 0.406485825777,
        "stdev": 0.853770434856,
        "var": 0.728923976421
    },
    "spectral_spread": {
        "dmean": 442925.5625,
        "dmean2": 668227.25,
        "dvar": 269208813568,
        "dvar2": 540951805952,
        "max": 7904910,
        "mean": 4305790.5,
        "median": 3445184,
        "min": 1016711.1875,
        "stdev": 2408714.75,
        "var": 5.80190732288e+12
    },
    "spectral_strongpeak": {
        "dmean": 0.518710017204,
        "dmean2": 0.883758068085,
        "dvar": 1.69480764866,
        "dvar2": 4.31516075134,
        "max": 10.9083423615,
        "mean": 0.746187806129,
        "median": 0.0323624163866,
        "min": 0,
        "stdev": 1.73822116852,
        "var": 3.02141284943
    },
    "zerocrossingrate": {
        "dmean": 0.01275856141,
        "dmean2": 0.0151646928862,
        "dvar": 0.000450198393082,
        "dvar2": 0.00054652307881,
        "max": 0.31689453125,
        "mean": 0.144410431385,
        "median": 0.086181640625,
        "min": 0.02197265625,
        "stdev": 0.108034938574,
        "var": 0.011671547778
    },
    "barkbands": {
        "dmean": [2.71704525545e-08, 6.60330243818e-08, 3.50508344127e-06, 4.13417183154e-05, 0.000553171383217, 0.000991830369458, 0.000494113075547, 0.000244675087743, 0.000175030407263, 0.000303142995108, 0.000373691116692, 0.000541948189493, 0.00019483747019, 0.000180583112524, 0.00154377170838, 0.00130136322696, 9.24977721297e-05, 4.45300756837e-05, 3.43833162333e-05, 1.53506862262e-05, 3.31625938088e-06, 6.6086508923e-06, 1.10850332931e-05, 1.17757026601e-05, 4.26609233273e-07, 1.76463004209e-08, 1.90555993207e-09],
        "dmean2": [4.62008529212e-08, 1.11873561082e-07, 5.60536136618e-06, 6.39697173028e-05, 0.000844438967761, 0.0017779081827, 0.000790420977864, 0.000427756895078, 0.000227517288295, 0.000453121698229, 0.000599656428676, 0.000868735602126, 0.000275700032944, 0.00032027027919, 0.00256399391219, 0.00204432406463, 0.000139063296956, 7.29403327568e-05, 5.86731657677e-05, 2.6770750992e-05, 4.6555182962e-06, 9.62906324276e-06, 1.92142524611e-05, 2.18840559683e-05, 6.98515293607e-07, 2.47429827738e-08, 2.72331868167e-09],
        "dvar": [6.09339323925e-15, 1.55865429477e-14, 1.43235798222e-10, 1.75103380684e-08, 3.12427368954e-06, 1.26415243358e-05, 3.29877434524e-06, 3.90062609767e-07, 2.92523026246e-07, 8.00741759122e-07, 1.65212782122e-06, 2.48256810664e-06, 2.31372638382e-07, 3.33116446427e-07, 4.01218749175e-05, 7.80086338636e-05, 2.61411031488e-07, 2.08178008165e-08, 6.24768237145e-09, 4.41890657399e-09, 2.33802921468e-10, 9.32749655291e-10, 3.96989507934e-09, 5.78508663196e-09, 3.54270128858e-12, 6.24019929561e-15, 3.06584700224e-17],
        "dvar2": [1.79440406219e-14, 4.37107388316e-14, 3.49110712561e-10, 3.49522366605e-08, 6.6825000431e-06, 3.60576486855e-05, 8.60144518811e-06, 1.04357491182e-06, 5.79857101002e-07, 1.65652375017e-06, 4.20470723839e-06, 6.90386514179e-06, 4.87183626774e-07, 8.71644033396e-07, 0.000121277669678, 0.000208452504012, 6.14569160007e-07, 4.83930371331e-08, 1.81618080575e-08, 1.16616289958e-08, 3.28587518306e-10, 1.63917446283e-09, 1.16326566157e-08, 1.70226872598e-08, 7.61283137224e-12, 1.18701003413e-14, 5.7684981881e-17],
        "max": [7.95214418758e-07, 1.1614097275e-06, 0.000104947321233, 0.00140424771234, 0.0200516059995, 0.0280491877347, 0.0228072386235, 0.00458526005968, 0.00794237013906, 0.00930597819388, 0.0173738785088, 0.0129907727242, 0.00489975325763, 0.00585677381605, 0.0653000921011, 0.108680635691, 0.0061281141825, 0.00160410697572, 0.000571112439502, 0.000673189002555, 0.000240207737079, 0.000484062766191, 0.000766851997469, 0.000905487977434, 2.26695028687e-05, 1.03057857359e-06, 7.22927993024e-08],
        "mean": [2.69197535374e-08, 9.42395530501e-08, 3.31451133206e-06, 3.99850396207e-05, 0.000704425154254, 0.0011273229029, 0.000568304327317, 0.000317424477544, 0.000253682926996, 0.000387811887776, 0.00053994555492, 0.000632643408608, 0.000302572501823, 0.000234954888583, 0.00185592006892, 0.00124629808124, 9.94727233774e-05, 7.1376132837e-05, 4.34708053945e-05, 1.81076884473e-05, 5.73969555262e-06, 1.31623291963e-05, 1.46838883666e-05, 1.23518793771e-05, 6.79762763411e-07, 2.77473990451e-08, 3.76563802362e-09],
        "median": [1.06020026092e-09, 9.46306766281e-09, 3.1237071596e-08, 1.6181181195e-07, 5.53938207304e-07, 5.42168379525e-07, 9.10470760118e-07, 2.25976634738e-07, 2.93913672067e-07, 6.09597179846e-07, 3.19940340887e-07, 1.60942863658e-06, 6.53747463275e-07, 8.09251218925e-07, 5.70366523789e-07, 3.2076073353e-07, 1.62369360623e-07, 2.38969164457e-07, 4.98405583471e-08, 1.21389529539e-08, 9.90204984674e-09, 1.56970170195e-08, 3.31122436137e-08, 2.08490771314e-08, 3.76869069285e-09, 7.80262854327e-10, 5.92346227624e-10],
        "min": [9.67426694309e-11, 5.30939918766e-12, 2.59337668528e-12, 1.81338115097e-12, 1.11540039358e-11, 1.99920132532e-11, 8.35311420727e-12, 2.74982779602e-11, 1.77989827738e-11, 4.0768614179e-11, 1.7336593966e-11, 3.70025537988e-11, 5.45439908517e-11, 6.52126824763e-11, 7.39637795455e-11, 1.0274636697e-10, 1.46732001549e-10, 6.98943819488e-11, 2.27807162023e-10, 3.11155823329e-10, 2.38734892966e-10, 3.35627692305e-10, 3.25050875105e-10, 2.99496205614e-10, 4.74142058948e-10, 2.94840402093e-10, 2.22528273586e-10],
        "stdev": [8.15100165141e-08, 1.77596703566e-07, 1.19707674457e-05, 0.000153798639076, 0.00244279182516, 0.00396899972111, 0.00204654154368, 0.000772452331148, 0.000941558682825, 0.00116801157128, 0.00196447200142, 0.00180417345837, 0.000756031135097, 0.000699197989888, 0.00634452886879, 0.00840639974922, 0.000533435493708, 0.000193677085917, 9.47555163293e-05, 7.39374299883e-05, 2.62462472165e-05, 5.63355388294e-05, 6.97851719451e-05, 7.18338633305e-05, 2.62319849753e-06, 1.06341801143e-07, 9.41821198808e-09],
        "var": [6.64388249277e-15, 3.15405897743e-14, 1.43299275224e-10, 2.36540227405e-08, 5.96723202761e-06, 1.57529593707e-05, 4.18833269578e-06, 5.96682582454e-07, 8.86532802724e-07, 1.36425092023e-06, 3.85915063816e-06, 3.25504197463e-06, 5.71583086639e-07, 4.88877844873e-07, 4.02530458814e-05, 7.06675564288e-05, 2.84553436813e-07, 3.75108157868e-08, 8.97860807925e-09, 5.46674350232e-09, 6.88865520182e-10, 3.17369286407e-09, 4.86996976079e-09, 5.16010389973e-09, 6.88117011288e-12, 1.13085793307e-14, 8.87027129871e-17]
    },
    "erbbands": {
        "dmean": [2.57482497545e-06, 5.66427443118e-05, 0.00273862527683, 0.0644062533975, 0.323314100504, 1.5696451664, 8.37451553345, 7.76681804657, 3.89622688293, 8.81461048126, 5.8792514801, 4.06554985046, 5.61441612244, 11.9613761902, 15.2188262939, 20.350194931, 9.19449424744, 6.88242673874, 33.6915283203, 118.986862183, 29.3981876373, 5.58565711975, 1.70782530308, 2.820540905, 1.03330218792, 0.732468426228, 0.127109736204, 0.175647869706, 0.167661577463, 0.297592431307, 0.338931262493, 0.368634939194, 0.0806720331311, 0.0114023229107, 0.00153283413965, 0.000164230150403, 2.33087266679e-05, 4.36338223153e-06, 3.31821888722e-06, 6.22757806923e-06],
        "dmean2": [4.12166946262e-06, 8.87173737283e-05, 0.00401444500312, 0.100909970701, 0.53842651844, 2.70412921906, 13.4429130554, 14.0630598068, 6.39996194839, 14.8944253922, 9.93753623962, 6.07977628708, 8.61274051666, 17.8662090302, 23.8344173431, 32.6782646179, 13.8262090683, 11.0949888229, 49.2105369568, 218.042617798, 48.9112243652, 8.56771373749, 2.49496459961, 4.81461572647, 1.77746260166, 1.32679128647, 0.204575762153, 0.248949110508, 0.230515480042, 0.417971342802, 0.599170744419, 0.691633760929, 0.141964137554, 0.0191694889218, 0.00243248534389, 0.000270172866294, 3.53680225089e-05, 6.77566958984e-06, 5.11018106408e-06, 9.60995839705e-06],
        "dvar": [2.75445291575e-11, 2.06172785511e-08, 6.90065789968e-05, 0.0411727279425, 0.740784943104, 26.8355083466, 582.608520508, 1086.42138672, 126.354347229, 1059.4510498, 288.673492432, 196.082550049, 207.120422363, 1654.69006348, 1409.97387695, 3686.65014648, 532.596984863, 479.582611084, 9780.90625, 604743.3125, 32667.3945312, 773.672912598, 34.1050567627, 55.1629486084, 10.7017192841, 10.547252655, 0.211839392781, 0.839832544327, 0.496642708778, 2.54910850525, 4.02707862854, 5.78986263275, 0.182778328657, 0.00281183887273, 4.76635541418e-05, 6.57827683881e-07, 1.23512622352e-08, 2.30162652826e-10, 1.84069579023e-10, 5.90535120804e-10],
        "dvar2": [6.1426974618e-11, 4.76395598525e-08, 0.000142333781696, 0.0816402733326, 2.04041051865, 65.7939071655, 1473.54919434, 2665.32470703, 332.942474365, 2773.81030273, 683.752502441, 460.272796631, 469.736297607, 4178.55517578, 3159.1496582, 10629.1259766, 1164.31201172, 1314.06689453, 23094.9277344, 1772919.625, 89211.9765625, 1875.51135254, 73.3029251099, 148.79524231, 28.6849155426, 27.5099620819, 0.564380347729, 1.23233151436, 0.979682445526, 5.11947631836, 11.5182237625, 16.6161594391, 0.525104224682, 0.00664535583928, 9.89761319943e-05, 1.19700598589e-06, 2.65636188601e-08, 5.60541779659e-10, 5.14933817808e-10, 1.64607494302e-09],
        "max": [4.57524038211e-05, 0.00123763957527, 0.070126272738, 1.94008100033, 6.77047204971, 50.8310203552, 283.117462158, 326.324615479, 140.625747681, 374.06137085, 158.937652588, 174.118652344, 138.729949951, 590.068237305, 550.150390625, 504.048492432, 200.561752319, 265.732391357, 979.283996582, 8881.72949219, 2276.28979492, 308.168304443, 65.0322494507, 75.5733718872, 34.0250091553, 31.6937389374, 5.99561214447, 14.5167942047, 9.60801315308, 25.3321819305, 25.0648155212, 28.8315830231, 4.4291267395, 0.582708716393, 0.0877576544881, 0.0100191524252, 0.00143978709821, 0.000171603242052, 0.000167648220668, 0.000292137847282],
        "mean": [4.81039842271e-06, 8.27486728667e-05, 0.00317669077776, 0.0686357319355, 0.343641847372, 1.90418863297, 10.3670711517, 8.02114868164, 5.33172464371, 10.0292186737, 7.61820411682, 5.75674295425, 7.45320987701, 18.7960109711, 25.1285858154, 23.9829483032, 14.5182991028, 10.9795761108, 54.5087890625, 121.801437378, 32.3245620728, 6.32119321823, 2.95594573021, 4.20784664154, 1.38884329796, 0.927481293678, 0.205479085445, 0.300567030907, 0.347958564758, 0.547669529915, 0.446223855019, 0.387846410275, 0.0983045995235, 0.0166617184877, 0.00216183485463, 0.000274391350104, 4.34504290752e-05, 7.79870333645e-06, 5.9518965827e-06, 1.06775678432e-05],
        "median": [1.97369274701e-07, 3.26217650581e-06, 3.81279496651e-05, 0.000265677692369, 0.00144939916208, 0.00166974100284, 0.00450849346817, 0.00441049784422, 0.00710727926344, 0.0194208472967, 0.00506195658818, 0.00780888646841, 0.0121046071872, 0.0197524800897, 0.0171211622655, 0.0681113004684, 0.0425903573632, 0.0422011166811, 0.0481990650296, 0.0254268497229, 0.0182937905192, 0.0123588582501, 0.0120281502604, 0.00490440987051, 0.00203056423925, 0.000682534126099, 0.000548911688384, 0.000640181824565, 0.000720440177247, 0.00100577587727, 0.00113482272718, 0.000633317511529, 0.000177553054527, 6.79933727952e-05, 1.33814464789e-05, 4.01486977353e-06, 1.43917179685e-06, 4.38465519892e-07, 9.75122702584e-08, 2.49395046836e-08],
        "min": [5.34524480234e-10, 1.36433075948e-09, 5.30526600429e-09, 1.03190815892e-08, 2.29930545714e-08, 2.56387426845e-08, 7.98588146722e-08, 2.05076830184e-07, 1.37991008842e-07, 3.95915037643e-07, 6.91385878326e-07, 5.42318844055e-07, 1.09313998564e-06, 8.294213103e-07, 1.46020454395e-06, 1.47897651459e-06, 3.19079481415e-06, 2.66267852567e-06, 3.71397868548e-06, 5.30824081579e-06, 7.38607786843e-06, 7.03898740539e-06, 4.22889843321e-06, 7.685142009e-06, 1.19488922792e-05, 1.57449449034e-05, 7.53332915338e-06, 1.0413336895e-05, 1.19220212582e-05, 1.18573907457e-05, 7.57275847718e-06, 9.67716550804e-06, 4.59968896394e-06, 6.05311743129e-06, 2.65473909167e-06, 1.19771368645e-06, 4.62304655002e-07, 1.66568852933e-07, 2.13858175613e-08, 3.94657195812e-09],
        "stdev": [9.13537496672e-06, 0.000186493401998, 0.0101229185238, 0.243534564972, 0.986745774746, 6.51511573792, 34.6990203857, 34.6632347107, 14.9948453903, 35.3364906311, 21.6873931885, 21.8774986267, 20.1071090698, 61.493106842, 75.6603164673, 69.0151977539, 36.360408783, 27.3297939301, 153.956512451, 677.02355957, 178.811386108, 29.4796733856, 8.18938732147, 9.89542770386, 3.72253632545, 3.67782258987, 0.668017268181, 1.5329195261, 1.32659482956, 2.55806255341, 2.19131398201, 2.26561570168, 0.487625569105, 0.0704095512629, 0.00875208899379, 0.00109421322122, 0.000149775543832, 2.24326558964e-05, 1.63604054251e-05, 2.90594580292e-05],
        "var": [8.34550831219e-11, 3.47797879385e-08, 0.000102473488369, 0.0593090876937, 0.97366720438, 42.4467315674, 1204.02209473, 1201.53979492, 224.845397949, 1248.66748047, 470.342987061, 478.624908447, 404.295837402, 3781.40234375, 5724.48388672, 4763.09765625, 1322.07922363, 746.917663574, 23702.6054688, 458360.90625, 31973.5136719, 869.051147461, 67.0660629272, 97.9194869995, 13.8572759628, 13.5263795853, 0.44624710083, 2.34984230995, 1.75985383987, 6.54368400574, 4.80185699463, 5.13301467896, 0.237778708339, 0.00495750503615, 7.65990625951e-05, 1.19730259485e-06, 2.24327134646e-08, 5.03224073523e-10, 2.67662891851e-10, 8.44452119342e-10]
    },
    "gfcc": {
        "mean": [-399.41229248, 41.7809867859, -159.803939819, -7.44273090363, -67.1989898682, 2.57303309441, -51.6537895203, -12.4960660934, -16.5770397186, -14.8065748215, -7.49029922485, -6.35565376282, -7.78134059906],
        "cov": [[71437.71875, 17535.1972656, -12757.2744141, -4531.4921875, -3006.06445312, -1623.54504395, -4695.94384766, -3597.31323242, 424.881652832, -3699.10205078, 1346.84155273, -1863.69152832, 1024.68762207], [17535.1972656, 6846.36376953, -2387.31542969, -1463.03771973, -476.615844727, -558.615661621, -1384.31298828, -994.757446289, 84.5606155396, -1233.25756836, 220.419403076, -440.058624268, 60.1375083923], [-12757.2744141, -2387.31542969, 2938.78173828, 794.356140137, 514.524536133, 196.918518066, 733.622009277, 611.92388916, -96.4489440918, 590.349914551, -309.912536621, 376.464538574, -187.452484131], [-4531.4921875, -1463.03771973, 794.356140137, 609.652954102, 122.306167603, 154.251037598, 297.851287842, 217.818283081, -45.3312911987, 281.625488281, -107.237510681, 92.7040786743, -55.322807312], [-3006.06445312, -476.615844727, 514.524536133, 122.306167603, 359.639648438, 46.8608818054, 170.406143188, 156.863723755, -7.22007989883, 114.847129822, -62.1528739929, 49.1746826172, -65.2305221558], [-1623.54504395, -558.615661621, 196.918518066, 154.251037598, 46.8608818054, 306.87298584, 181.902481079, -10.9542484283, -42.2616653442, 120.925498962, -37.6739807129, -14.9401702881, -43.4856147766], [-4695.94384766, -1384.31298828, 733.622009277, 297.851287842, 170.406143188, 181.902481079, 410.626281738, 242.055160522, -37.8727798462, 264.304901123, -73.650062561, 112.753807068, -63.0142288208], [-3597.31323242, -994.757446289, 611.92388916, 217.818283081, 156.863723755, -10.9542484283, 242.055160522, 298.557006836, 11.2858972549, 174.532043457, -64.3357620239, 112.493621826, -40.0811462402], [424.881652832, 84.5606155396, -96.4489440918, -45.3312911987, -7.22007989883, -42.2616653442, -37.8727798462, 11.2858972549, 74.6296386719, -11.9894628525, 1.10432934761, -10.3900079727, -3.74865555763], [-3699.10205078, -1233.25756836, 590.349914551, 281.625488281, 114.847129822, 120.925498962, 264.304901123, 174.532043457, -11.9894628525, 304.673583984, -44.0274162292, 91.305557251, -28.1294555664], [1346.84155273, 220.419403076, -309.912536621, -107.237510681, -62.1528739929, -37.6739807129, -73.650062561, -64.3357620239, 1.10432934761, -44.0274162292, 85.5276794434, -22.0707206726, 28.6754341125], [-1863.69152832, -440.058624268, 376.464538574, 92.7040786743, 49.1746826172, -14.9401702881, 112.753807068, 112.493621826, -10.3900079727, 91.305557251, -22.0707206726, 115.684677124, 0.686105668545], [1024.68762207, 60.1375083923, -187.452484131, -55.322807312, -65.2305221558, -43.4856147766, -63.0142288208, -40.0811462402, -3.74865555763, -28.1294555664, 28.6754341125, 0.686105668545, 92.0596237183]],
        "icov": [[0.000483861978864, -0.000456143403426, 0.000848143536132, -5.6578348449e-05, 0.000947466993239, 0.000122063065646, 0.000750181032345, 0.000394290575059, -0.0005077632959, 0.000506785872858, -0.000595211866312, 0.00129439320881, -0.00167065637652], [-0.000456143403426, 0.00203131348826, -0.00147870997898, 0.00138361239806, -0.00113066833001, 0.000240829860559, 0.00166904542129, 0.0018082956085, 0.000319660874084, 0.00278974650428, 0.000411873828853, -0.000907303474378, 0.0035570289474], [0.000848143536132, -0.00147870997898, 0.00341520179063, -0.000792174891103, 0.00123608636204, 0.000307516253088, 0.000396312680095, -0.000548745330889, 0.000811141682789, -0.00176099070814, 0.00239743525162, -0.000845576287247, -0.0021885142196], [-5.6578348449e-05, 0.00138361239806, -0.000792174891103, 0.00499637424946, 0.000375260075089, -0.000378999335226, 0.00251348153688, 0.000128269588458, 0.00203048088588, 3.92137820882e-07, 0.00250001973473, 0.000788295816164, 0.00227681477554], [0.000947466993239, -0.00113066833001, 0.00123608636204, 0.000375260075089, 0.00624768668786, 9.55775685725e-05, 0.000859953637701, -0.00120164291002, -0.000526811520103, 0.000198617577553, -0.000729324179702, 0.00399686116725, -0.00229078065604], [0.000122063065646, 0.000240829860559, 0.000307516253088, -0.000378999335226, 9.55775685725e-05, 0.00914538372308, -0.00601963419467, 0.00672706170008, 0.000739614712074, -0.000741647148971, 0.00225489563309, 0.00372676574625, 0.00115190865472], [0.000750181032345, 0.00166904542129, 0.000396312680095, 0.00251348153688, 0.000859953637701, -0.00601963419467, 0.0188030172139, -0.00446236087009, 0.00300283334218, 0.00165649375413, -0.00108351313975, -0.00125927804038, 0.00254601449706], [0.000394290575059, 0.0018082956085, -0.000548745330889, 0.000128269588458, -0.00120164291002, 0.00672706170008, -0.00446236087009, 0.0176282916218, -0.00542153930292, 0.00482469191775, 0.000735634821467, -0.000662113016006, 0.00136574672069], [-0.0005077632959, 0.000319660874084, 0.000811141682789, 0.00203048088588, -0.000526811520103, 0.000739614712074, 0.00300283334218, -0.00542153930292, 0.0200414750725, -0.0053401067853, 0.00593840517104, -0.00145016249735, 0.00533131277189], [0.000506785872858, 0.00278974650428, -0.00176099070814, 3.92137820882e-07, 0.000198617577553, -0.000741647148971, 0.00165649375413, 0.00482469191775, -0.0053401067853, 0.0184281766415, -0.00646123290062, 0.00176708726212, -0.000611088704318], [-0.000595211866312, 0.000411873828853, 0.00239743525162, 0.00250001973473, -0.000729324179702, 0.00225489563309, -0.00108351313975, 0.000735634821467, 0.00593840517104, -0.00646123290062, 0.0258157830685, -0.00634587556124, 0.00314063183032], [0.00129439320881, -0.000907303474378, -0.000845576287247, 0.000788295816164, 0.00399686116725, 0.00372676574625, -0.00125927804038, -0.000662113016006, -0.00145016249735, 0.00176708726212, -0.00634587556124, 0.0261390767992, -0.00935790780932], [-0.00167065637652, 0.0035570289474, -0.0021885142196, 0.00227681477554, -0.00229078065604, 0.00115190865472, 0.00254601449706, 0.00136574672069, 0.00533131277189, -0.000611088704318, 0.00314063183032, -0.00935790780932, 0.0244265943766]]
    },
    "melbands": {
        "dmean": [1.31646720192e-08, 1.45826095377e-06, 1.76052435563e-05, 5.4142485169e-05, 0.000256770988926, 0.000169831255334, 7.17034345143e-05, 8.50135402288e-05, 4.70366685477e-05, 2.42766054726e-05, 3.01380478049e-05, 4.73772379337e-05, 4.82424038637e-05, 6.65870757075e-05, 3.45779262716e-05, 1.73014905158e-05, 1.30736780193e-05, 3.92828369513e-05, 0.000138352450449, 0.000138901232276, 1.62351825566e-05, 6.47504975859e-06, 1.22287644899e-06, 2.18659374696e-06, 2.51666983786e-06, 7.56613701469e-07, 8.62945057634e-07, 4.22034332814e-07, 7.86480853776e-08, 5.04373964816e-08, 1.17083374107e-07, 8.24814989642e-08, 1.81909442176e-07, 1.86255547874e-07, 2.07762823834e-07, 2.4589112968e-07, 2.181496086e-07, 5.90002393608e-08, 2.35482637834e-08, 5.26675414392e-09],
        "dmean2": [2.17284252813e-08, 2.18024138121e-06, 2.84284378722e-05, 9.37849108595e-05, 0.000413426809246, 0.000307186710415, 0.000114562426461, 0.000143062890857, 7.99888657639e-05, 3.63946164725e-05, 4.47246457043e-05, 7.13945555617e-05, 7.48706952436e-05, 0.000109586726467, 5.18524757354e-05, 2.56727344095e-05, 2.25046824198e-05, 5.7244553318e-05, 0.000236121399212, 0.000246301613515, 2.76010305242e-05, 9.77429863269e-06, 1.84404336778e-06, 3.65192749996e-06, 4.30283080277e-06, 1.27182420329e-06, 1.43512579598e-06, 7.80676202794e-07, 1.22783077927e-07, 6.12690840285e-08, 1.83338144666e-07, 1.28596511217e-07, 2.47357831995e-07, 2.83786533828e-07, 3.82424872214e-07, 4.26195697401e-07, 4.18198851548e-07, 9.74827187861e-08, 4.23032737729e-08, 8.04769051399e-09],
        "dvar": [5.17238181082e-16, 2.15558369765e-11, 2.60914267969e-09, 2.44821904971e-08, 5.05896480263e-07, 4.68992709557e-07, 5.5936915544e-08, 8.57586499592e-08, 2.32286918589e-08, 7.40254302301e-09, 5.9104161565e-09, 2.65987267767e-08, 2.0905545739e-08, 4.35377565111e-08, 1.00523296354e-08, 1.95148719406e-09, 1.84406379056e-09, 1.03962021214e-08, 4.0629751652e-07, 9.41174675972e-07, 7.05064318041e-09, 1.32627797633e-09, 2.44613999195e-11, 5.15385373268e-11, 4.14317503916e-11, 3.53040947171e-12, 1.13533175916e-11, 3.49527546663e-12, 8.86194194199e-14, 3.454310812e-14, 4.15299224047e-13, 1.24132366712e-13, 6.31343068103e-13, 9.61318156155e-13, 1.7562454312e-12, 2.07668431063e-12, 2.05130617353e-12, 9.32864964204e-14, 1.76847892477e-14, 3.58467546121e-16],
        "dvar2": [1.39838024515e-15, 4.3089597862e-11, 6.1062075396e-09, 6.10621881947e-08, 1.29362831558e-06, 1.21178538848e-06, 1.48308529901e-07, 2.24654101544e-07, 5.36103073046e-08, 1.81301196278e-08, 1.33346391706e-08, 6.429245758e-08, 4.85733586686e-08, 1.25196649492e-07, 2.5435193507e-08, 4.44330972016e-09, 5.25402299445e-09, 2.26308074502e-08, 1.16753653856e-06, 2.66112260761e-06, 1.90183371274e-08, 3.11327053026e-09, 5.12373511674e-11, 1.19455112468e-10, 1.14654251371e-10, 9.95603599563e-12, 2.87881263966e-11, 9.51209770672e-12, 2.39287891802e-13, 3.48545485822e-14, 6.66379874458e-13, 2.74224707612e-13, 1.05038699093e-12, 2.36068196241e-12, 5.01554527077e-12, 5.81810337755e-12, 6.01883343512e-12, 2.59701412935e-13, 4.15780182907e-14, 7.39118779252e-16],
        "max": [2.60188130596e-07, 4.24669087806e-05, 0.000546482740901, 0.00153091398533, 0.00856801215559, 0.0063834884204, 0.00307660223916, 0.00330083770677, 0.00149724038783, 0.000976140610874, 0.000722157594282, 0.00230764760636, 0.00228516175412, 0.00178068561945, 0.0012002189178, 0.000411954184528, 0.000486046134029, 0.00115901406389, 0.00703193992376, 0.0115336962044, 0.00108231557533, 0.000440206204075, 4.67685495096e-05, 7.79401088948e-05, 6.17119876551e-05, 1.57314098033e-05, 3.02596417896e-05, 1.56767073349e-05, 3.93964637624e-06, 3.02256285067e-06, 9.71592089627e-06, 4.22163202529e-06, 1.32413233587e-05, 1.40862330227e-05, 1.60758718266e-05, 1.76881785592e-05, 1.6754551325e-05, 3.067847274e-06, 1.43256283991e-06, 2.35884982658e-07],
        "mean": [2.2205806971e-08, 1.54055589974e-06, 1.94440981431e-05, 6.45308537059e-05, 0.000317460478982, 0.000180926421308, 9.28984081838e-05, 0.000100602686871, 5.93611366639e-05, 3.50552800228e-05, 3.74718147214e-05, 7.36109213904e-05, 7.84330622992e-05, 7.74252912379e-05, 4.51942869404e-05, 2.58853760897e-05, 1.80015013029e-05, 6.35890755802e-05, 0.000169134567841, 0.00013299274724, 1.8986826035e-05, 6.86773410052e-06, 1.90234993624e-06, 3.66844369637e-06, 3.51909443452e-06, 1.07647417735e-06, 9.0426016186e-07, 5.14063742685e-07, 1.20453620411e-07, 9.62623829537e-08, 1.95677102965e-07, 1.38617679113e-07, 3.50511299985e-07, 2.752796604e-07, 2.61867853624e-07, 2.70977295713e-07, 2.23117339715e-07, 6.92466031182e-08, 3.14512895727e-08, 8.0212219089e-09],
        "median": [2.05032701928e-09, 1.56346722235e-08, 8.98549075146e-08, 1.01256830476e-07, 1.45271258134e-07, 9.91936701666e-08, 1.35483873009e-07, 1.97743773356e-07, 4.61227926962e-08, 4.80447361895e-08, 5.81180472636e-08, 7.62423439937e-08, 4.35432383483e-08, 1.70331816207e-07, 1.36181839139e-07, 5.20678966609e-08, 6.50779412581e-08, 6.84421053165e-08, 4.41855974032e-08, 1.64675331149e-08, 1.3469316329e-08, 9.21060383519e-09, 8.67279581485e-09, 7.44503303451e-09, 2.97260749349e-09, 1.16070175693e-09, 3.50209916622e-10, 3.45048156714e-10, 3.40915073949e-10, 2.07552863785e-10, 2.87538493016e-10, 4.59076832104e-10, 2.23110807607e-10, 5.4638860103e-10, 5.69559788222e-10, 5.11924835855e-10, 3.19195059273e-10, 1.46799600254e-10, 6.83389594913e-11, 3.88114609895e-11],
        "min": [1.00564435251e-11, 3.60549741105e-12, 1.93293558243e-12, 2.19100237085e-12, 2.60080628908e-12, 4.31760530106e-12, 1.90821121925e-12, 4.91964498653e-12, 6.07416113935e-12, 3.09278991306e-12, 4.94578596827e-12, 2.87022771002e-12, 2.78766267882e-12, 3.47322192708e-12, 5.72215235264e-12, 6.86421839508e-12, 3.90934637093e-12, 5.3898756118e-12, 5.39817539627e-12, 5.41025427583e-12, 7.82039537295e-12, 7.56811020103e-12, 5.14875034968e-12, 3.88212335542e-12, 4.76691516121e-12, 5.66721149176e-12, 7.80600497435e-12, 1.04418678565e-11, 4.10869732334e-12, 4.09448776967e-12, 6.69677811468e-12, 7.62181637248e-12, 4.38018371574e-12, 8.00274256585e-12, 4.03155156828e-12, 4.8979492337e-12, 4.63216097424e-12, 2.47745899316e-12, 4.10964274764e-12, 4.63948237467e-12],
        "stdev": [4.22436130521e-08, 5.41089775652e-06, 6.28232810413e-05, 0.000187977901078, 0.00103387259878, 0.000726716767531, 0.000291107309749, 0.000326426437823, 0.000186770266737, 0.000134627218358, 0.000102779224108, 0.000239479530137, 0.000261304230662, 0.000225140436669, 0.000129064588691, 6.48866116535e-05, 4.93500992889e-05, 0.000171555424458, 0.00062163505936, 0.000884848239366, 8.88060676516e-05, 3.79211778636e-05, 6.56673955746e-06, 9.77069521468e-06, 8.40077791509e-06, 2.39302335103e-06, 3.60750050277e-06, 2.07507810046e-06, 4.02950348644e-07, 3.73374632545e-07, 1.04577270577e-06, 5.20820663041e-07, 1.51896051648e-06, 1.33666367219e-06, 1.38336076816e-06, 1.4375984847e-06, 1.32486150051e-06, 3.55553709142e-07, 1.59514428333e-07, 2.89371531181e-08],
