{
"lowlevel": {
    "average_loudness": 0.976242005825,
    "barkbands_crest": {
        "dmean": 1.45849132538,
        "dmean2": 2.45121026039,
        "dvar": 1.89946269989,
        "dvar2": 3.69298744202,
        "max": 11.7119846344,
        "mean": 5.81124544144,
        "median": 5.68157625198,
        "min": 2.32368969917,
        "stdev": 1.7998098135,
        "var": 3.23931527138
    },
    "barkbands_flatness_db": {
        "dmean": 0.0607562437654,
        "dmean2": 0.0867076069117,
        "dvar": 0.00581614812836,
        "dvar2": 0.0117152221501,
        "max": 0.362372845411,
        "mean": 0.105980493128,
        "median": 0.0695287510753,
        "min": 0.0239579919726,
        "stdev": 0.0876025557518,
        "var": 0.00767420837656
    },
    "barkbands_kurtosis": {
        "dmean": 1.32567095757,
        "dmean2": 2.46841740608,
        "dvar": 3.69966864586,
        "dvar2": 10.2856712341,
        "max": 8.14183425903,
        "mean": -0.143008232117,
        "median": -0.620737314224,
        "min": -1.65669000149,
        "stdev": 1.66569054127,
        "var": 2.77452516556
    },
    "barkbands_skewness": {
        "dmean": 0.490136176348,
        "dmean2": 0.827569842339,
        "dvar": 0.236930847168,
        "dvar2": 0.613717377186,
        "max": 1.65798139572,
        "mean": -0.6897315979,
        "median": -0.712496995926,
        "min": -1.92227780819,
        "stdev": 0.505894899368,
        "var": 0.255929678679
    },
    "barkbands_spread": {
        "dmean": 20.3759651184,
        "dmean2": 30.3433589935,
        "dvar": 430.147125244,
        "dvar2": 725.520874023,
        "max": 124.534568787,
        "mean": 58.0760345459,
        "median": 53.0890617371,
        "min": 5.50884389877,
        "stdev": 38.1609420776,
        "var": 1456.25756836
    },
    "dissonance": {
        "dmean": 0.00711727375165,
        "dmean2": 0.0129821747541,
        "dvar": 0.000128780025989,
        "dvar2": 0.000335848075338,
        "max": 0.5,
        "mean": 0.493701756001,
        "median": 0.496466606855,
        "min": 0.409946680069,
        "stdev": 0.00992733519524,
        "var": 9.85519873211e-05
    },
    "dynamic_complexity": 10.6562051773,
    "erbbands_crest": {
        "dmean": 2.00948262215,
        "dmean2": 3.23292732239,
        "dvar": 4.21248817444,
        "dvar2": 9.87845611572,
        "max": 16.7329559326,
        "mean": 6.03960800171,
        "median": 5.21359920502,
        "min": 2.8527469635,
        "stdev": 2.66719603539,
        "var": 7.11393499374
    },
    "erbbands_flatness_db": {
        "dmean": 0.0721513926983,
        "dmean2": 0.0977117568254,
        "dvar": 0.00723974918947,
        "dvar2": 0.0140288248658,
        "max": 0.464809387922,
        "mean": 0.168983802199,
        "median": 0.114825218916,
        "min": 0.0612213201821,
        "stdev": 0.109136074781,
        "var": 0.0119106834754
    },
    "erbbands_kurtosis": {
        "dmean": 0.692648947239,
        "dmean2": 1.08359968662,
        "dvar": 0.330127745867,
        "dvar2": 0.910947203636,
        "max": 2.37386751175,
        "mean": -0.0694445371628,
        "median": -0.121375083923,
        "min": -1.49036514759,
        "stdev": 0.770311117172,
        "var": 0.593379199505
    },
    "erbbands_skewness": {
        "dmean": 0.388577818871,
        "dmean2": 0.592927396297,
        "dvar": 0.131425917149,
        "dvar2": 0.299818634987,
        "max": 1.81712627411,
        "mean": -0.35817939043,
        "median": -0.455840170383,
        "min": -1.47845411301,
        "stdev": 0.48516997695,
        "var": 0.235389903188
    },
    "erbbands_spread": {
        "dmean": 8.52748966217,
        "dmean2": 12.0216960907,
        "dvar": 54.3670654297,
        "dvar2": 113.281036377,
        "max": 66.7682342529,
        "mean": 30.945400238,
        "median": 32.841506958,
        "min": 9.10206127167,
        "stdev": 11.6900157928,
        "var": 136.656478882
    },
    "hfc": {
        "dmean": 28.350938797,
        "dmean2": 56.2170257568,
        "dvar": 3913.63085938,
        "dvar2": 10930.9931641,
        "max": 313.815002441,
        "mean": 14.4581537247,
        "median": 0.00932716298848,
        "min": 5.19741588505e-05,
        "stdev": 46.8142662048,
        "var": 2191.57568359
    },
    "loudness_ebu128": {
        "integrated": -46.9008178711,
        "loudness_range": 1.95767974854,
        "momentary": {
            "dmean": 2.72691059113,
            "dmean2": 5.28881597519,
            "dvar": 53.9170303345,
            "dvar2": 126.088119507,
            "max": -44.2289352417,
            "mean": -49.2888145447,
            "median": -47.2961425781,
            "min": -86.8066558838,
            "stdev": 8.88116931915,
            "var": 78.8751678467
        },
        "short_term": {
            "dmean": 0.169675707817,
            "dmean2": 0.311291366816,
            "dvar": 0.0323852226138,
            "dvar2": 0.0554868839681,
            "max": -46.0017623901,
            "mean": -47.1887321472,
            "median": -47.0341644287,
            "min": -48.6218643188,
            "stdev": 0.748990297318,
            "var": 0.560986459255
        }
    },
    "melbands_crest": {
        "dmean": 2.7734837532,
        "dmean2": 4.51387166977,
        "dvar": 5.59916543961,
        "dvar2": 16.3752441406,
        "max": 19.1622371674,
        "mean": 7.8263092041,
        "median": 7.40379619598,
        "min": 2.06418466568,
        "stdev": 3.20271587372,
        "var": 10.2573890686
    },
    "melbands_flatness_db": {
        "dmean": 0.0454625226557,
        "dmean2": 0.0628827884793,
        "dvar": 0.00282174837776,
        "dvar2": 0.00640331255272,
        "max": 0.233674913645,
        "mean": 0.0580299906433,
        "median": 0.0261523034424,
        "min": 0.00694417674094,
        "stdev": 0.0619225502014,
        "var": 0.00383440218866
    },
    "melbands_kurtosis": {
        "dmean": 0.864784598351,
        "dmean2": 1.50125110149,
        "dvar": 2.61384701729,
        "dvar2": 7.36468315125,
        "max": 19.1253566742,
        "mean": -0.488651037216,
        "median": -0.84534239769,
        "min": -1.56764960289,
        "stdev": 1.38985860348,
        "var": 1.93170702457
    },
    "melbands_skewness": {
        "dmean": 0.414333879948,
        "dmean2": 0.71394354105,
        "dvar": 0.19646717608,
        "dvar2": 0.549137115479,
        "max": 3.7815592289,
        "mean": 0.39169678092,
        "median": 0.418249309063,
        "min": -0.860943496227,
        "stdev": 0.457488119602,
        "var": 0.209295392036
    },
    "melbands_spread": {
        "dmean": 38.4468536377,
        "dmean2": 58.1225280762,
        "dvar": 1288.59399414,
        "dvar2": 2369.46264648,
        "max": 196.683288574,
        "mean": 107.269859314,
        "median": 114.148628235,
        "min": 16.577375412,
        "stdev": 56.7449417114,
        "var": 3219.98852539
    },
    "pitch_salience": {
        "dmean": 0.071302741766,
        "dmean2": 0.120649375021,
        "dvar": 0.00560483429581,
        "dvar2": 0.0110734514892,
        "max": 0.967696249485,
        "mean": 0.74338966608,
        "median": 0.733557760715,
        "min": 0.564145088196,
        "stdev": 0.104487024248,
        "var": 0.0109175378457
    },
    "silence_rate_20dB": {
        "dmean": 0,
        "dmean2": 0,
        "dvar": 0,
        "dvar2": 0,
        "max": 1,
        "mean": 1,
        "median": 1,
        "min": 1,
        "stdev": 0,
        "var": 0
    },
    "silence_rate_30dB": {
        "dmean": 0,
        "dmean2": 0,
        "dvar": 0,
        "dvar2": 0,
        "max": 1,
        "mean": 1,
        "median": 1,
        "min": 1,
        "stdev": 0,
        "var": 0
    },
    "silence_rate_60dB": {
        "dmean": 0.190476194024,
        "dmean2": 0.381861567497,
        "dvar": 0.15419536829,
        "dvar2": 0.236043572426,
        "max": 1,
        "mean": 0.774346768856,
        "median": 1,
        "min": 0,
        "stdev": 0.418011158705,
        "var": 0.17473334074
    },
    "spectral_centroid": {
        "dmean": 248.775527954,
        "dmean2": 402.648834229,
        "dvar": 85605.0859375,
        "dvar2": 228031.9375,
        "max": 5038.45751953,
        "mean": 3511.66650391,
        "median": 3545.42456055,
        "min": 1497.79833984,
        "stdev": 359.346923828,
        "var": 129130.210938
    },
    "spectral_complexity": {
        "dmean": 3.3476190567,
        "dmean2": 6.57756567001,
        "dvar": 47.7317008972,
        "dvar2": 131.852722168,
        "max": 24,
        "mean": 1.73634207249,
        "median": 0,
        "min": 0,
        "stdev": 5.23819541931,
        "var": 27.4386920929
    },
    "spectral_decrease": {
        "dmean": 1.56877622004e-09,
        "dmean2": 3.12434789151e-09,
        "dvar": 1.19177105545e-17,
        "dvar2": 3.33036745074e-17,
        "max": -4.64796253735e-16,
        "mean": -7.92991283749e-10,
        "median": -1.9336503156e-13,
        "min": -1.68622680263e-08,
        "stdev": 2.57501997503e-09,
        "var": 6.6307277667e-18
    },
    "spectral_energy": {
        "dmean": 0.00849241856486,
        "dmean2": 0.0168910045177,
        "dvar": 0.000349752779584,
        "dvar2": 0.000977210584097,
        "max": 0.0918977186084,
        "mean": 0.00430432101712,
        "median": 1.5088434111e-06,
        "min": 6.46844933172e-09,
        "stdev": 0.0139635549858,
        "var": 0.000194980879314
    },
    "spectral_energyband_high": {
        "dmean": 0.00132964889053,
        "dmean2": 0.00260875024833,
        "dvar": 8.74527177075e-06,
        "dvar2": 2.43960348598e-05,
        "max": 0.0156139591709,
        "mean": 0.000692216563039,
        "median": 7.93823460299e-07,
        "min": 3.58754737029e-09,
        "stdev": 0.00222989520989,
        "var": 4.97243308928e-06
    },
    "spectral_energyband_low": {
        "dmean": 1.817824824e-08,
        "dmean2": 3.25621627439e-08,
        "dvar": 1.28645902897e-15,
        "dvar2": 3.68551616295e-15,
        "max": 4.30161577469e-07,
        "mean": 4.00341768625e-08,
        "median": 3.36572121284e-08,
        "min": 8.1884971026e-10,
        "stdev": 2.93347870439e-08,
        "var": 8.60529781994e-16
    },
    "spectral_energyband_middle_high": {
        "dmean": 0.00720915338024,
        "dmean2": 0.0143753578886,
        "dvar": 0.000251637393376,
        "dvar2": 0.000703360477928,
        "max": 0.0770004019141,
        "mean": 0.00363496411592,
        "median": 4.80234461975e-07,
        "min": 8.8597190695e-10,
        "stdev": 0.0118206655607,
        "var": 0.000139728130307
    },
    "spectral_energyband_middle_low": {
        "dmean": 3.27767997987e-06,
        "dmean2": 6.39824384052e-06,
        "dvar": 5.02752423026e-11,
        "dvar2": 1.40640402102e-10,
        "max": 5.30576435267e-05,
        "mean": 1.79883431883e-06,
        "median": 7.55075149073e-08,
        "min": 5.92625171159e-10,
        "stdev": 5.36968127562e-06,
        "var": 2.88334755377e-11
    },
    "spectral_entropy": {
        "dmean": 0.268476843834,
        "dmean2": 0.376965969801,
        "dvar": 0.0940725058317,
        "dvar2": 0.236159816384,
        "max": 9.56615829468,
        "mean": 8.45846366882,
        "median": 8.60723018646,
        "min": 7.50320100784,
        "stdev": 0.374518424273,
        "var": 0.140264049172
    },
    "spectral_flux": {
        "dmean": 0.0393084660172,
        "dmean2": 0.0707879364491,
        "dvar": 0.00530852377415,
        "dvar2": 0.00810956768692,
        "max": 0.299475550652,
        "mean": 0.0407842770219,
        "median": 0.00124222331215,
        "min": 0.00034228459117,
        "stdev": 0.0779019296169,
        "var": 0.00606871116906
    },
    "spectral_kurtosis": {
        "dmean": 1.90288949013,
        "dmean2": 3.57342910767,
        "dvar": 9.4818277359,
        "dvar2": 27.9153766632,
        "max": 18.0506019592,
        "mean": 2.96030521393,
        "median": 2.16004657745,
        "min": -0.0191659927368,
        "stdev": 2.56401705742,
        "var": 6.57418346405
    },
    "spectral_rms": {
        "dmean": 0.00124168337788,
        "dmean2": 0.00232881004922,
        "dvar": 5.75414878767e-06,
        "dvar2": 1.55307134264e-05,
        "max": 0.00946870166808,
        "mean": 0.000731733278371,
        "median": 3.83672049793e-05,
        "min": 2.51210713031e-06,
        "stdev": 0.0019141320372,
        "var": 3.66390145246e-06
    },
    "spectral_rolloff": {
        "dmean": 2880.3215332,
        "dmean2": 4303.86523438,
        "dvar": 7911025,
        "dvar2": 17123304,
        "max": 18453.9550781,
        "mean": 11296.0791016,
        "median": 10917.3339844,
        "min": 2088.72070312,
        "stdev": 4663.88720703,
        "var": 21751844
    },
    "spectral_skewness": {
        "dmean": 0.356135696173,
        "dmean2": 0.672265052795,
        "dvar": 0.235711693764,
        "dvar2": 0.72140532732,
        "max": 3.40968561172,
        "mean": 1.34871518612,
        "median": 1.23208034039,
        "min": 0.711494028568,
        "stdev": 0.406027793884,
        "var": 0.164858564734
    },
    "spectral_spread": {
        "dmean": 2316743.75,
        "dmean2": 3726432,
        "dvar": 1.41257573663e+13,
        "dvar2": 4.29428320502e+13,
        "max": 30121870,
        "mean": 7556586,
        "median": 7925196,
        "min": 1939847.375,
        "stdev": 3265990,
        "var": 1.06666907402e+13
    },
    "spectral_strongpeak": {
        "dmean": 0.0845079421997,
        "dmean2": 0.132153734565,
        "dvar": 0.0201222095639,
        "dvar2": 0.0489331446588,
        "max": 0.616332471371,
        "mean": 0.0637326017022,
        "median": 0,
        "min": 0,
        "stdev": 0.135414227843,
        "var": 0.0183370113373
    },
    "zerocrossingrate": {
        "dmean": 0.0196219310164,
        "dmean2": 0.0257891751826,
        "dvar": 0.000304989313008,
        "dvar2": 0.000397048774175,
        "max": 0.32666015625,
        "mean": 0.272365838289,
        "median": 0.27734375,
        "min": 0.0693359375,
        "stdev": 0.0305182524025,
        "var": 0.000931363727432
    },
    "barkbands": {
        "dmean": [2.22610552214e-08, 6.7039995777e-09, 5.79335424078e-09, 5.01409402887e-09, 2.27942074105e-08, 5.62960487116e-08, 1.15994531313e-07, 1.44976766592e-07, 1.08800190901e-06, 1.28084129756e-05, 6.93853553457e-06, 2.37080348597e-05, 2.25416406465e-05, 4.27040613431e-05, 0.00109206535853, 0.00216576922685, 5.73982797505e-05, 0.000140467658639, 0.00217967736535, 0.00175111624412, 0.000118293508422, 0.000247207004577, 0.00057814840693, 4.48382234026e-05, 7.31342743165e-06, 7.81151214824e-08, 6.03139440614e-08],
        "dmean2": [3.85859522112e-08, 1.24610934904e-08, 1.03068522606e-08, 8.82875905717e-09, 4.06040996381e-08, 9.65379811646e-08, 2.2640712416e-07, 2.74385001831e-07, 2.13884391087e-06, 2.52696227108e-05, 1.36849539558e-05, 4.68516955152e-05, 4.42249001935e-05, 8.47329138196e-05, 0.00218189065345, 0.00432135164738, 0.000110609194962, 0.000275468919426, 0.00433874735609, 0.00350427883677, 0.000233954109717, 0.000492038961966, 0.00112012273166, 8.3172795712e-05, 1.22163837659e-05, 1.33369269406e-07, 1.16463326094e-07],
        "dvar": [6.11440844431e-16, 3.92402068269e-16, 1.60669338721e-16, 1.20463636095e-16, 7.75569455121e-15, 8.71728192831e-15, 9.65158332487e-14, 1.56558509104e-13, 7.71131422606e-12, 6.78736622461e-10, 2.05589739677e-10, 2.54946086464e-09, 2.64945287931e-09, 9.24776077937e-09, 5.76452475798e-06, 2.23473871301e-05, 1.64380331569e-08, 8.71157226356e-08, 2.32245347433e-05, 1.60606432473e-05, 7.38886782869e-08, 3.04103735971e-07, 1.6177980342e-06, 9.12087383398e-09, 1.91718474429e-10, 1.62973570728e-13, 2.71738875976e-13],
        "dvar2": [1.75213963804e-15, 1.14197161943e-15, 4.56563622883e-16, 3.42130371681e-16, 2.28103380775e-14, 2.33930594757e-14, 2.83073477853e-13, 4.43160644899e-13, 2.19095245418e-11, 1.87402204865e-09, 5.68826652447e-10, 7.08008229822e-09, 7.42183869917e-09, 2.59119374846e-08, 1.61162643053e-05, 6.23927189736e-05, 4.57399487175e-08, 2.40779399974e-07, 6.49417706882e-05, 4.51776577393e-05, 2.07498715099e-07, 8.51402205626e-07, 4.49075287179e-06, 2.48955380755e-08, 4.7964826555e-10, 4.85089019734e-13, 8.13929598633e-13],
        "max": [2.80014603504e-07, 2.06388477864e-07, 1.55433326654e-07, 1.33371699462e-07, 1.22459675822e-06, 6.25002087418e-07, 2.80830977317e-06, 3.55777456207e-06, 2.43811609835e-05, 0.000109767250251, 5.64133079024e-05, 0.000242851267103, 0.000297909311485, 0.000495309126563, 0.0115536823869, 0.022584432736, 0.000814349157736, 0.00126932794228, 0.0232314337045, 0.0211460664868, 0.00149089714978, 0.00284801167436, 0.00732037937269, 0.000572955759708, 7.80978807597e-05, 5.0165376706e-06, 6.82235304339e-06],
        "mean": [1.16899805391e-07, 5.24962606718e-09, 4.8884283288e-09, 4.53662929445e-09, 2.25440217605e-08, 5.44121476764e-08, 7.06633471736e-08, 8.67348788347e-08, 5.78443007271e-07, 6.63579794491e-06, 3.6034139157e-06, 1.21996754388e-05, 1.17473664432e-05, 2.17603828787e-05, 0.000548491138034, 0.0010905895615, 3.08745293296e-05, 7.31506515876e-05, 0.00110275205225, 0.000876678619534, 6.06423272984e-05, 0.000125168531667, 0.00030791136669, 2.58045656665e-05, 5.12017413712e-06, 1.19082443462e-07, 1.07647231573e-07],
        "median": [1.14682428887e-07, 2.15972861817e-09, 1.84491266708e-09, 1.85379245288e-09, 1.08759845574e-08, 1.72962195677e-08, 7.37739469514e-09, 5.59032109493e-09, 9.70062874472e-09, 1.7890881665e-08, 1.74390599739e-08, 2.78072640469e-08, 2.11702300135e-08, 2.24356142553e-08, 3.96886363774e-08, 3.21514335155e-08, 2.85047079274e-08, 3.77621525161e-08, 8.61926281459e-08, 7.46780699501e-08, 5.67533682272e-08, 8.60353921439e-08, 2.04545841598e-07, 1.00544362169e-07, 8.6170615532e-08, 7.41327070841e-08, 8.22120114208e-08],
        "min": [6.26175222784e-10, 8.31365809528e-11, 4.63783317306e-11, 1.82233637902e-11, 1.43188669255e-10, 6.07785974327e-11, 2.57265476283e-11, 6.86493570323e-11, 2.04597505604e-10, 6.81144030068e-11, 6.72403938085e-11, 1.59391250198e-11, 7.51669074206e-11, 5.42330312603e-11, 7.66245816797e-11, 6.26797572179e-11, 5.39270607336e-11, 1.66483660191e-10, 2.19341822483e-10, 1.18187737375e-10, 9.58092771786e-11, 1.55904317234e-10, 4.41849473676e-10, 3.67312763538e-10, 3.6096239886e-10, 1.31400890169e-09, 8.63516425031e-10],
        "stdev": [2.43212863182e-08, 1.49321337517e-08, 1.03340225266e-08, 9.1277092551e-09, 6.64042403287e-08, 9.23304952494e-08, 2.33210130318e-07, 3.02938133245e-07, 2.06932486435e-06, 1.97267490876e-05, 1.08462763819e-05, 3.80292149202e-05, 3.86891697417e-05, 7.17740331311e-05, 0.00178651930764, 0.00352388527244, 9.78383031907e-05, 0.000224201008677, 0.00359419779852, 0.00296692037955, 0.000202945346246, 0.000411005574279, 0.000970142195001, 7.56479712436e-05, 1.23197396533e-05, 2.94603239581e-07, 3.70057307464e-07],
        "var": [5.91524929319e-16, 2.22968611991e-16, 1.06792028018e-16, 8.33150805168e-17, 4.40952350385e-15, 8.52492074599e-15, 5.43869623274e-14, 9.17715136197e-14, 4.28210505249e-12, 3.89144605428e-10, 1.17641715813e-10, 1.44622125386e-09, 1.49685175366e-09, 5.15151210578e-09, 3.19165110341e-06, 1.24177677208e-05, 9.57233314836e-09, 5.02660917334e-08, 1.29182571982e-05, 8.80261632119e-06, 4.1186812183e-08, 1.68925581079e-07, 9.41175869684e-07, 5.72261571463e-09, 1.5177599455e-10, 8.67910683101e-14, 1.36942418668e-13]
    },
    "erbbands": {
        "dmean": [2.43336330641e-07, 1.52923723817e-06, 5.83261498832e-06, 1.17646222861e-05, 3.26006265823e-05, 7.7804463217e-05, 0.000285218295176, 0.000518337648828, 0.0011788996635, 0.00274334754795, 0.00330999284051, 0.0221127402037, 0.238630220294, 0.394073188305, 0.44605076313, 1.00392234325, 1.09236478806, 2.01266503334, 22.1421470642, 115.533195496, 74.8784255981, 7.15134572983, 7.55286645889, 37.7758750916, 158.610366821, 77.6253433228, 11.6483755112, 4.996945858, 10.3470211029, 4.47865962982, 21.4087677002, 4.32941865921, 0.358469039202, 0.147749960423, 0.0155420601368, 0.000977222924121, 0.000187148310943, 5.84374975006e-05, 2.15864893107e-05, 1.65727760759e-05],
        "dmean2": [4.53590445204e-07, 2.7961559681e-06, 1.04431519503e-05, 2.08901583392e-05, 5.76191087021e-05, 0.00013944307284, 0.000479182985146, 0.000935821095482, 0.00227172719315, 0.00535067217425, 0.00622849399224, 0.0433749258518, 0.469714850187, 0.778825640678, 0.882900834084, 1.98498821259, 2.15364122391, 3.97237920761, 44.1029624939, 230.644775391, 149.545654297, 14.0502567291, 14.7699155807, 74.6298904419, 316.870239258, 155.298721313, 23.204990387, 9.89441680908, 20.6095333099, 8.76712036133, 41.5024528503, 8.23996067047, 0.663639426231, 0.249622359872, 0.0262386742979, 0.00164140248671, 0.000325269094901, 0.000106832805614, 4.14947207901e-05, 3.27718662447e-05],
        "dvar": [3.92451831666e-13, 1.840795745e-11, 1.74660355623e-10, 7.30459637222e-10, 8.52078319014e-09, 1.17689232582e-07, 2.83717326965e-07, 9.42699557527e-07, 7.75372063799e-06, 6.4670239226e-05, 8.13748047221e-05, 0.00313765578903, 0.230600699782, 0.66092312336, 0.863409876823, 4.66701698303, 6.16540956497, 20.3647060394, 2356.74951172, 63963.0625, 26797.4863281, 247.813095093, 257.225494385, 6495.45166016, 127372.203125, 31467.9140625, 723.42401123, 127.111000061, 533.489624023, 96.0789413452, 2241.93652344, 87.6068649292, 0.5435333848, 0.0801598876715, 0.000869295909069, 5.73705847273e-06, 6.62327465761e-07, 9.71535243366e-08, 7.90258081196e-09, 1.47600720535e-09],
        "dvar2": [1.1563249273e-12, 5.32034763467e-11, 4.98958763195e-10, 2.05262806752e-09, 2.46532891879e-08, 3.49015380152e-07, 7.30269789528e-07, 2.5976012239e-06, 2.29130728258e-05, 0.000186697361642, 0.000229698896874, 0.00892693176866, 0.636027693748, 1.82852125168, 2.39234519005, 12.9821395874, 17.2782096863, 56.9572677612, 6581.70947266, 178678.6875, 74851.0234375, 690.613586426, 711.744384766, 18032.9316406, 357329.53125, 88494.875, 2035.94360352, 356.053436279, 1493.94091797, 267.225952148, 6228.765625, 241.451034546, 1.47345221043, 0.206314057112, 0.0019586966373, 1.56685509864e-05, 1.96319001589e-06, 2.8983825473e-07, 2.33418600004e-08, 4.1560244135e-09],
        "max": [6.07903939454e-06, 4.59915972897e-05, 0.000161259347806, 0.000340951053659, 0.000969031534623, 0.00483326939866, 0.00631756382063, 0.00524666439742, 0.0214274730533, 0.0815094932914, 0.0839635804296, 0.51385819912, 2.45762062073, 3.19528436661, 3.81018090248, 10.8553085327, 14.1282091141, 23.5390453339, 231.219955444, 1222.97741699, 777.728881836, 85.860534668, 77.0794754028, 373.189331055, 1776.83898926, 950.271850586, 157.496582031, 61.0307731628, 117.471412659, 48.6084938049, 276.446075439, 56.0692558289, 4.00905179977, 1.58834290504, 0.180533304811, 0.0269701126963, 0.00996954552829, 0.00398728437722, 0.00110432086512, 0.000272360892268],
        "mean": [3.98070739038e-07, 1.19078811167e-06, 5.0045991884e-06, 1.14817239592e-05, 3.16761615977e-05, 7.40031537134e-05, 0.000328447145876, 0.000418417737819, 0.000764271011576, 0.0015985397622, 0.00202106265351, 0.0118206739426, 0.124482259154, 0.203426122665, 0.22967427969, 0.51594132185, 0.564008057117, 1.0361456871, 11.1894035339, 58.1176986694, 37.6354293823, 3.71116304398, 3.95405888557, 19.3942317963, 79.6717987061, 38.883556366, 5.88553380966, 2.55596423149, 5.23127651215, 2.34226870537, 11.3890066147, 2.38087797165, 0.207644417882, 0.0985158160329, 0.012654338032, 0.00100240297616, 0.000251390621997, 8.06153766462e-05, 2.20762576646e-05, 9.55999166763e-06],
        "median": [3.11805621322e-07, 4.10548977925e-07, 1.87273326446e-06, 5.08525999976e-06, 1.34889151013e-05, 3.54405310645e-05, 0.000132193832542, 0.000100266981462, 0.000101679899672, 0.000119569929666, 0.000132892862894, 0.000228523102123, 0.000448682665592, 0.000589762115851, 0.000867162540089, 0.00115038477816, 0.0010494759772, 0.0010856668232, 0.00181549042463, 0.00228665606119, 0.00174338044599, 0.00187681021634, 0.00211043655872, 0.00350748514757, 0.00442750332877, 0.00337191717699, 0.00239630741999, 0.00264082266949, 0.00321567454375, 0.00359137170017, 0.00683372700587, 0.00328805996105, 0.00141861999873, 0.000976923503913, 0.000577463069931, 0.000296895072097, 0.000137955663376, 5.12883161718e-05, 1.16915725812e-05, 1.17797117127e-06],
        "min": [2.25467147175e-08, 4.18393852897e-08, 8.20735692741e-08, 9.2137987906e-08, 2.28215810694e-07, 5.61002366339e-07, 6.10198071627e-07, 4.50972919452e-07, 2.47351380267e-07, 1.07069774913e-06, 2.9131078918e-06, 4.61735771751e-06, 2.91687570098e-06, 2.66910933533e-06, 1.90807577383e-06, 1.0457188182e-06, 3.78236563847e-06, 2.71622025139e-06, 2.2034646463e-06, 4.91330820296e-06, 3.45378475686e-06, 3.69813710677e-06, 9.59805493039e-06, 8.32575460663e-06, 1.03649999801e-05, 7.25088102627e-06, 4.48396167485e-06, 3.45996363649e-06, 6.18108470007e-06, 1.30527450892e-05, 1.01614841697e-05, 7.44442877476e-06, 6.01657984589e-06, 3.77442893296e-06, 3.09015149469e-06, 3.73120792574e-06, 2.47952152677e-06, 7.29176065306e-07, 1.21138185705e-07, 1.25913732774e-08],
        "stdev": [4.73931180522e-07, 3.27886141349e-06, 1.06247889562e-05, 2.24763170991e-05, 7.30670144549e-05, 0.000254020793363, 0.000548065581825, 0.000863008666784, 0.0021505644545, 0.00598907563835, 0.00694266473874, 0.0416996404529, 0.364420890808, 0.614149689674, 0.700289070606, 1.62456548214, 1.86034691334, 3.38389706612, 36.2255020142, 188.392318726, 121.910247803, 11.8675613403, 12.1944637299, 60.7142715454, 264.967346191, 131.373001099, 19.9611606598, 8.42795372009, 17.204240799, 7.41892242432, 36.0769844055, 7.25355863571, 0.588681101799, 0.245963573456, 0.0276839863509, 0.00198139785789, 0.000598367769271, 0.000224155184696, 6.41906081e-05, 2.86403883365e-05],
        "var": [2.24610775942e-13, 1.07509322625e-11, 1.12886144876e-10, 5.05184838406e-10, 5.33878807829e-09, 6.45265600951e-08, 3.00375887718e-07, 7.44783960727e-07, 4.62492698716e-06, 3.58690267603e-05, 4.82005962112e-05, 0.00173885992263, 0.132802590728, 0.377179861069, 0.490404754877, 2.63921284676, 3.46089076996, 11.450758934, 1312.2869873, 35491.6640625, 14862.1083984, 140.839004517, 148.704956055, 3686.22290039, 70207.6875, 17258.8652344, 398.447937012, 71.0304031372, 295.985870361, 55.0404129028, 1301.54882812, 52.614112854, 0.346545428038, 0.0604980811477, 0.000766403099988, 3.92593710785e-06, 3.58044019322e-07, 5.02455499429e-08, 4.12043421605e-09, 8.20271794932e-10]
    },
    "gfcc": {
        "mean": [-407.522155762, -77.6156921387, -135.405670166, 13.8563899994, -53.9429321289, 11.7562837601, -31.9827842712, 1.98830616474, -17.0453186035, -2.45583415031, -7.33561229706, 3.00906515121, -2.04047393799],
        "cov": [[17671.2148438, -2355.46582031, -8569.36816406, 1725.58605957, -913.264831543, 1028.70202637, -535.692871094, -91.4424819946, 341.602416992, -982.398193359, 258.091644287, -812.440979004, 662.065246582], [-2355.46582031, 707.724914551, 1353.53466797, -424.456512451, 20.119430542, -177.464996338, 86.4247131348, 12.2364349365, -90.6200332642, 137.467453003, -85.2502441406, 147.029098511, -109.49155426], [-8569.36816406, 1353.53466797, 4433.40625, -911.964111328, 357.410339355, -503.047576904, 234.696990967, 36.6632003784, -220.772537231, 467.334259033, -137.878753662, 424.122650146, -350.914093018], [1725.58605957, -424.456512451, -911.964111328, 390.126342773, 18.3753433228, 109.694030762, -91.2080841064, -39.7913742065, 38.5272979736, -97.6715774536, 58.4961738586, -116.077278137, 57.1534500122], [-913.264831543, 20.119430542, 357.410339355, 18.3753433228, 152.847137451, -47.0955123901, 32.3479804993, -8.78834819794, -0.430346548557, 58.0975990295, -7.11382293701, 14.9911365509, -33.6444244385], [1028.70202637, -177.464996338, -503.047576904, 109.694030762, -47.0955123901, 130.991882324, -32.6320648193, 19.6719474792, 14.4224443436, -82.4561004639, 8.71666526794, -47.228012085, 33.1658401489], [-535.692871094, 86.4247131348, 234.696990967, -91.2080841064, 32.3479804993, -32.6320648193, 102.403839111, 24.5653591156, 14.9499549866, 42.120475769, -19.7655067444, 12.1069030762, -14.8211088181], [-91.4424819946, 12.2364349365, 36.6632003784, -39.7913742065, -8.78834819794, 19.6719474792, 24.5653591156, 47.0442276001, 12.3064537048, -1.71953773499, -12.5197820663, 5.70922327042, -7.76787900925], [341.602416992, -90.6200332642, -220.772537231, 38.5272979736, -0.430346548557, 14.4224443436, 14.9499549866, 12.3064537048, 52.6055297852, -0.666097223759, 8.22344684601, -26.4650650024, 17.6507892609], [-982.398193359, 137.467453003, 467.334259033, -97.6715774536, 58.0975990295, -82.4561004639, 42.120475769, -1.71953773499, -0.666097223759, 93.68384552, -2.06909990311, 44.248210907, -36.9263801575], [258.091644287, -85.2502441406, -137.878753662, 58.4961738586, -7.11382293701, 8.71666526794, -19.7655067444, -12.5197820663, 8.22344684601, -2.06909990311, 43.9529418945, -6.5763502121, 12.9811925888], [-812.440979004, 147.029098511, 424.122650146, -116.077278137, 14.9911365509, -47.228012085, 12.1069030762, 5.70922327042, -26.4650650024, 44.248210907, -6.5763502121, 65.5257644653, -22.9152183533], [662.065246582, -109.49155426, -350.914093018, 57.1534500122, -33.6444244385, 33.1658401489, -14.8211088181, -7.76787900925, 17.6507892609, -36.9263801575, 12.9811925888, -22.9152183533, 49.8706665039]],
        "icov": [[0.00283697643317, -0.00310884136707, 0.00450149038807, -0.00353939528577, 0.00572017161176, -0.00272700749338, 7.76206506998e-05, 0.00125776173081, -0.000108833897684, 0.000710022810381, -0.00133295939304, 0.00238968501799, -0.000856438477058], [-0.00310884136707, 0.0114954095334, -0.004857246764, 0.0075361635536, -0.00346773094498, 0.0055097155273, -0.0015752655454, 0.00234475918114, 0.00460760714486, -0.00274985516444, 0.00908541493118, -0.00718192383647, 0.00825714599341], [0.00450149038807, -0.004857246764, 0.00994231458753, -0.00454780785367, 0.00675217946991, -0.00236378028058, -0.00133112410549, 0.00204975530505, 0.00340454047546, -0.000618844060227, -0.00053519802168, -0.00464178808033, 0.00714071467519], [-0.00353939528577, 0.0075361635536, -0.00454780785367, 0.0222953800112, -0.0164648331702, 0.00290961470455, 0.00691536720842, 0.00192140042782, 0.00340550928377, 0.00301572983153, -0.00796995870769, 0.0125514967367, 0.00416292529553], [0.00572017161176, -0.00346773094498, 0.00675217946991, -0.0164648331702, 0.0300320647657, -0.00635617831722, -0.00550496671349, 0.00666418718174, -0.00244909361936, -0.00692744320258, 0.00836387462914, -0.000663543643896, -2.63857327809e-05], [-0.00272700749338, 0.0055097155273, -0.00236378028058, 0.00290961470455, -0.00635617831722, 0.0273443926126, -0.000830904580653, -0.0127558996901, 0.00442268233746, 0.0129508338869, 0.00129208853468, -0.007346350234, 0.00793737918139], [7.76206506998e-05, -0.0015752655454, -0.00133112410549, 0.00691536720842, -0.00550496671349, -0.000830904580653, 0.0221459157765, -0.00965920463204, -0.00285194278695, -0.00506726605818, -0.00341600948013, 0.0203805509955, -0.0123535916209], [0.00125776173081, 0.00234475918114, 0.00204975530505, 0.00192140042782, 0.00666418718174, -0.0127558996901, -0.00965920463204, 0.0477018617094, -0.0185128301382, 0.00746772997081, 0.0092257168144, -0.0172291453928, 0.0199734903872], [-0.000108833897684, 0.00460760714486, 0.00340454047546, 0.00340550928377, -0.00244909361936, 0.00442268233746, -0.00285194278695, -0.0185128301382, 0.051196474582, -0.0228781718761, 0.00095787178725, 0.0121715962887, -0.00642715813592], [0.000710022810381, -0.00274985516444, -0.000618844060227, 0.00301572983153, -0.00692744320258, 0.0129508338869, -0.00506726605818, 0.00746772997081, -0.0228781718761, 0.054649733007, -0.0173328965902, -0.00798525009304, 0.0125018479303], [-0.00133295939304, 0.00908541493118, -0.00053519802168, -0.00796995870769, 0.00836387462914, 0.00129208853468, -0.00341600948013, 0.0092257168144, 0.00095787178725, -0.0173328965902, 0.0515391603112, -0.02847006917, 0.0085456687957], [0.00238968501799, -0.00718192383647, -0.00464178808033, 0.0125514967367, -0.000663543643896, -0.007346350234, 0.0203805509955, -0.0172291453928, 0.0121715962887, -0.00798525009304, -0.02847006917, 0.097717858851, -0.0446368418634], [-0.000856438477058, 0.00825714599341, 0.00714071467519, 0.00416292529553, -2.63857327809e-05, 0.00793737918139, -0.0123535916209, 0.0199734903872, -0.00642715813592, 0.0125018479303, 0.0085456687957, -0.0446368418634, 0.0779651626945]]
    },
    "melbands": {
        "dmean": [2.79623058042e-09, 2.60983856748e-09, 2.49924125839e-09, 3.75927777796e-09, 8.39620462045e-09, 1.16267377948e-08, 1.97732710205e-08, 3.18667012777e-08, 2.2860268345e-08, 1.57980835525e-07, 1.30654234454e-06, 1.7066398641e-06, 1.14814599783e-06, 2.31375724979e-06, 3.06260744765e-06, 1.97270355784e-06, 2.93970538223e-06, 2.01675356948e-05, 0.000104793660284, 0.000192631327081, 5.96796380705e-05, 4.05646051149e-06, 5.37255755262e-06, 6.34519028608e-06, 2.47902498813e-05, 0.000108780826849, 0.000109331514977, 3.63692342944e-05, 7.06986202204e-06, 3.47165837411e-06, 2.84785028271e-06, 6.86342764311e-06, 3.24028860632e-06, 1.7941194983e-06, 1.36368080348e-05, 8.35959690448e-06, 7.1692960546e-07, 1.82899640322e-07, 1.37722338422e-07, 1.12367040117e-07],
        "dmean2": [5.08938713395e-09, 4.73309613724e-09, 4.3430334884e-09, 6.7886181121e-09, 1.41161580203e-08, 2.07443431322e-08, 3.82580296332e-08, 6.17137416725e-08, 4.2715445403e-08, 3.10191467179e-07, 2.57157421402e-06, 3.37221990776e-06, 2.26731958719e-06, 4.57616579297e-06, 6.07625815974e-06, 3.83510587199e-06, 5.79453171667e-06, 4.01059478463e-05, 0.000209272533539, 0.00038439425407, 0.000119253920275, 7.91422007751e-06, 1.02368276202e-05, 1.25589731397e-05, 4.87414508825e-05, 0.000216756467125, 0.000218836052227, 7.27502992959e-05, 1.4068578821e-05, 6.91010154696e-06, 5.62392824577e-06, 1.36696980917e-05, 6.45100635666e-06, 3.49549168277e-06, 2.65053804469e-05, 1.60541967489e-05, 1.32858235702e-06, 3.43459191754e-07, 2.30915532029e-07, 1.90788441046e-07],
        "dvar": [3.16297951285e-17, 3.97550711716e-17, 3.64244383614e-17, 2.2162251782e-16, 3.28774673806e-16, 4.51870372141e-16, 2.36298242427e-15, 8.46475599575e-15, 4.58468356459e-15, 1.64913533675e-13, 6.92253112472e-12, 1.23968856014e-11, 5.6516844156e-12, 2.40030825077e-11, 4.57239315854e-11, 2.0535810899e-11, 4.44449650694e-11, 1.95538985004e-09, 5.29945616279e-08, 1.76961009402e-07, 1.70369780506e-08, 8.18402498548e-11, 1.36813477214e-10, 1.77720949068e-10, 2.72602407314e-09, 5.77820244985e-08, 6.26310736607e-08, 6.97973989716e-09, 2.70553218717e-10, 6.22650681015e-11, 4.13502600216e-11, 2.34994357307e-10, 5.27361140867e-11, 1.52111309659e-11, 9.11170305873e-10, 3.34217681308e-10, 2.38094071368e-12, 1.43801284899e-13, 6.74087250862e-14, 4.70460360935e-14],
        "dvar2": [9.23619019367e-17, 1.13169808916e-16, 1.0379286964e-16, 6.56882838563e-16, 8.91881224229e-16, 1.24714865341e-15, 6.96865398299e-15, 2.43519651465e-14, 1.30581733171e-14, 4.69190495917e-13, 1.9091624115e-11, 3.42931100183e-11, 1.56417569869e-11, 6.66242269687e-11, 1.27754737345e-10, 5.74685091181e-11, 1.24480759034e-10, 5.45898126703e-09, 1.48126389377e-07, 4.94111361604e-07, 4.75964831992e-08, 2.28256982759e-10, 3.77763820225e-10, 4.9231296817e-10, 7.54326467955e-09, 1.61593291637e-07, 1.76188478918e-07, 1.9642092397e-08, 7.62076068916e-10, 1.7481513459e-10, 1.15763759689e-10, 6.58107013329e-10, 1.47745454759e-10, 4.22256847543e-11, 2.53325938004e-09, 9.24952336945e-10, 6.50960275267e-12, 3.92125215761e-13, 1.69534322019e-13, 1.21825238699e-13],
        "max": [5.45230633975e-08, 7.68659234041e-08, 7.47030384218e-08, 2.00264111072e-07, 2.38544203057e-07, 1.20176295582e-07, 3.95850520363e-07, 9.19666547361e-07, 6.97087273238e-07, 3.65414689441e-06, 1.32718005261e-05, 1.36852886499e-05, 9.43970462686e-06, 2.2768839699e-05, 3.57518547389e-05, 2.69433512585e-05, 3.5367829696e-05, 0.000212260114495, 0.00111341115553, 0.00202164193615, 0.000620901817456, 5.4029533203e-05, 6.41060905764e-05, 5.45807852177e-05, 0.000238388587604, 0.00115376431495, 0.00128950341605, 0.000468624260975, 0.000102654579678, 4.08159212384e-05, 3.60393860319e-05, 7.787055074e-05, 3.7954065192e-05, 1.95432494365e-05, 0.000172358180862, 0.000110911445518, 9.22648359847e-06, 1.85845999567e-06, 1.36003177431e-06, 1.2450026361e-06],
        "mean": [6.57006760107e-09, 2.27506813388e-09, 2.51487697334e-09, 3.52942275406e-09, 9.45581479783e-09, 9.85201964454e-09, 1.25402976892e-08, 1.84905868394e-08, 1.42757201615e-08, 8.41377243432e-08, 6.81345227349e-07, 8.81075209236e-07, 5.94566074597e-07, 1.18954505979e-06, 1.56224189141e-06, 1.04564696812e-06, 1.51757581079e-06, 1.02241010609e-05, 5.26824842382e-05, 9.69817992882e-05, 2.99650455418e-05, 2.1333105451e-06, 2.94692813441e-06, 3.24697134602e-06, 1.28442634377e-05, 5.49231226614e-05, 5.47119925614e-05, 1.82235216926e-05, 3.57991075361e-06, 1.75745242359e-06, 1.46427498748e-06, 3.4702782159e-06, 1.64048503848e-06, 9.46975319494e-07, 7.21971673556e-06, 4.52297763331e-06, 4.12960304175e-07, 1.0379999793e-07, 9.42155793382e-08, 7.43917425439e-08],
        "median": [5.75732395092e-09, 8.98319696407e-10, 1.0960753416e-09, 1.54892321191e-09, 4.19434487142e-09, 2.52993226368e-09, 1.48925072274e-09, 1.30148991584e-09, 1.1057391669e-09, 1.45966083664e-09, 2.32090546781e-09, 2.38720998524e-09, 2.60237298377e-09, 3.41970740614e-09, 2.51371234938e-09, 1.9812649299e-09, 1.93680049776e-09, 2.71059641399e-09, 3.14751402719e-09, 2.60607846414e-09, 1.7462044033e-09, 1.75533498847e-09, 1.66467517548e-09, 1.84048321028e-09, 2.64521804461e-09, 3.43489481303e-09, 2.72775513288e-09, 2.08427675119e-09, 1.64917757228e-09, 1.16672616013e-09, 1.63535085473e-09, 1.81100379137e-09, 1.77418901792e-09, 1.91614102363e-09, 3.74632724842e-09, 3.08987258002e-09, 1.36801181494e-09, 1.00726749164e-09, 8.78729811138e-10, 8.27275081772e-10],
        "min": [1.91623092394e-10, 4.66374439068e-11, 1.91785302917e-11, 2.89142494669e-11, 2.30945072094e-11, 1.00911926385e-11, 4.08451788017e-12, 1.36580191601e-11, 2.6300376807e-11, 2.92365506804e-11, 1.37363054958e-11, 1.0319882969e-11, 8.09817837788e-12, 1.54185345047e-12, 6.41280214694e-12, 6.9027301236e-12, 5.04267417753e-12, 2.94758445082e-12, 6.90374450316e-12, 5.39440844424e-12, 3.34173314021e-12, 3.56751347214e-12, 4.43042304232e-12, 1.05026846595e-11, 5.92449049888e-12, 9.49100173453e-12, 3.99617361771e-12, 5.2260218722e-12, 2.42611031091e-12, 2.60287950048e-12, 1.77854887935e-12, 3.4760369496e-12, 3.13972003778e-12, 9.57285379438e-12, 5.78734889872e-12, 4.27581667989e-12, 5.07719257262e-12, 5.46585866845e-12, 2.19519324593e-12, 3.4909020119e-12],
        "stdev": [4.45994707832e-09, 5.00765384714e-09, 4.96523266946e-09, 1.10745617121e-08, 1.70625735763e-08, 1.93330258469e-08, 3.70995323351e-08, 6.88037644636e-08, 5.17270457578e-08, 3.02340453118e-07, 1.99689952751e-06, 2.66046117758e-06, 1.7962217953e-06, 3.68938322026e-06, 5.05753541802e-06, 3.42618545801e-06, 4.99781663166e-06, 3.30402617692e-05, 0.00017137665418, 0.000313538999762, 9.71578556346e-05, 6.84334963807e-06, 9.04276566871e-06, 1.00464631032e-05, 3.95540810132e-05, 0.000179140435648, 0.000185244163731, 6.18497579126e-05, 1.22078545246e-05, 5.86914120504e-06, 4.81705865241e-06, 1.14181848403e-05, 5.40939709026e-06, 2.96472944683e-06, 2.29525285249e-05, 1.40476658999e-05, 1.22062294849e-06, 2.99122433489e-07, 2.29970879673e-07, 1.87166577348e-07],
