{
"lowlevel": {
    "average_loudness": 0.686551511288,
    "barkbands_crest": {
        "dmean": 3.47136211395,
        "dmean2": 6.01965808868,
        "dvar": 7.6101307869,
        "dvar2": 23.1242752075,
        "max": 21.4895248413,
        "mean": 11.0683574677,
        "median": 10.1879501343,
        "min": 4.54531669617,
        "stdev": 4.02184104919,
        "var": 16.1752052307
    },
    "barkbands_flatness_db": {
        "dmean": 0.0328749269247,
        "dmean2": 0.052241936326,
        "dvar": 0.000938040146139,
        "dvar2": 0.00214288942516,
        "max": 0.332140028477,
        "mean": 0.171442270279,
        "median": 0.173473581672,
        "min": 0.033190663904,
        "stdev": 0.0645326375961,
        "var": 0.00416446104646
    },
    "barkbands_kurtosis": {
        "dmean": 8.79496574402,
        "dmean2": 15.2896871567,
        "dvar": 124.11101532,
        "dvar2": 408.475463867,
        "max": 78.5031661987,
        "mean": 13.245516777,
        "median": 10.5499668121,
        "min": -1.8277412653,
        "stdev": 13.0210046768,
        "var": 169.546554565
    },
    "barkbands_skewness": {
        "dmean": 0.870369613171,
        "dmean2": 1.46869468689,
        "dvar": 0.546635508537,
        "dvar2": 1.59706258774,
        "max": 5.78633260727,
        "mean": 2.49002552032,
        "median": 2.52473306656,
        "min": 0.0722326859832,
        "stdev": 1.0212341547,
        "var": 1.04291915894
    },
    "barkbands_spread": {
        "dmean": 6.92799425125,
        "dmean2": 9.71438026428,
        "dvar": 105.638206482,
        "dvar2": 141.248458862,
        "max": 89.6087799072,
        "mean": 16.1275844574,
        "median": 8.82963562012,
        "min": 1.02913892269,
        "stdev": 19.7657051086,
        "var": 390.683105469
    },
    "dissonance": {
        "dmean": 0.0312400255352,
        "dmean2": 0.0506618916988,
        "dvar": 0.000735268811695,
        "dvar2": 0.00221943599172,
        "max": 0.499999940395,
        "mean": 0.451466262341,
        "median": 0.459469139576,
        "min": 0.344767391682,
        "stdev": 0.0324998013675,
        "var": 0.00105623702984
    },
    "dynamic_complexity": 21.4027767181,
    "erbbands_crest": {
        "dmean": 2.58559298515,
        "dmean2": 4.24229574203,
        "dvar": 5.16407585144,
        "dvar2": 15.6773338318,
        "max": 21.043794632,
        "mean": 7.5324921608,
        "median": 7.12474155426,
        "min": 2.64468836784,
        "stdev": 2.88451123238,
        "var": 8.32040500641
    },
    "erbbands_flatness_db": {
        "dmean": 0.0236249621958,
        "dmean2": 0.0359267219901,
        "dvar": 0.00045426611905,
        "dvar2": 0.000835267244838,
        "max": 0.262554317713,
        "mean": 0.151043266058,
        "median": 0.156915456057,
        "min": 0.0540898442268,
        "stdev": 0.0514656826854,
        "var": 0.0026487163268
    },
    "erbbands_kurtosis": {
        "dmean": 2.25211071968,
        "dmean2": 3.67297291756,
        "dvar": 7.46664619446,
        "dvar2": 20.6867904663,
        "max": 23.7147121429,
        "mean": 3.29904794693,
        "median": 2.10030412674,
        "min": -1.43407273293,
        "stdev": 4.31751441956,
        "var": 18.6409301758
    },
    "erbbands_skewness": {
        "dmean": 0.535982906818,
        "dmean2": 0.867140710354,
        "dvar": 0.233347326517,
        "dvar2": 0.644237160683,
        "max": 3.85321259499,
        "mean": 1.2262969017,
        "median": 1.14910054207,
        "min": -0.512227773666,
        "stdev": 0.809365749359,
        "var": 0.655072927475
    },
    "erbbands_spread": {
        "dmean": 10.234998703,
        "dmean2": 14.517039299,
        "dvar": 162.277801514,
        "dvar2": 214.711334229,
        "max": 101.43296051,
        "mean": 34.1466331482,
        "median": 26.2735080719,
        "min": 6.18095111847,
        "stdev": 23.339012146,
        "var": 544.709472656
    },
    "hfc": {
        "dmean": 3.3422203064,
        "dmean2": 4.96085119247,
        "dvar": 48.8370246887,
        "dvar2": 117.610855103,
        "max": 51.9296073914,
        "mean": 4.65258264542,
        "median": 0.0811238586903,
        "min": 5.95870915276e-05,
        "stdev": 9.6052904129,
        "var": 92.2616043091
    },
    "loudness_ebu128": {
        "integrated": -15.1522932053,
        "loudness_range": 0.00761032104492,
        "momentary": {
            "dmean": 2.50726866722,
            "dmean2": 1.50400972366,
            "dvar": 7.91925096512,
            "dvar2": 3.89429879189,
            "max": -12.4083328247,
            "mean": -34.2235565186,
            "median": -25.3733978271,
            "min": -64.8265838623,
            "stdev": 20.4253444672,
            "var": 417.194702148
        },
        "short_term": {
            "dmean": 0.00380516052246,
            "dmean2": 0.00344467163086,
            "dvar": 2.96644066111e-06,
            "dvar2": 0,
            "max": -18.1387500763,
            "mean": -18.1419811249,
            "median": -18.140832901,
            "min": -18.1463603973,
            "stdev": 0.00321123655885,
            "var": 1.03120401036e-05
        }
    },
    "melbands_crest": {
        "dmean": 3.36850404739,
        "dmean2": 5.97307443619,
        "dvar": 6.4745464325,
        "dvar2": 17.8296356201,
        "max": 25.9993686676,
        "mean": 13.6920318604,
        "median": 13.1803131104,
        "min": 6.48371934891,
        "stdev": 3.53831338882,
        "var": 12.5196619034
    },
    "melbands_flatness_db": {
        "dmean": 0.0393153466284,
        "dmean2": 0.0618318393826,
        "dvar": 0.00129355874378,
        "dvar2": 0.00259906519204,
        "max": 0.45437002182,
        "mean": 0.263039112091,
        "median": 0.27582770586,
        "min": 0.0938088968396,
        "stdev": 0.0847249552608,
        "var": 0.00717831822112
    },
    "melbands_kurtosis": {
        "dmean": 10.4206609726,
        "dmean2": 18.3400821686,
        "dvar": 80.0001296997,
        "dvar2": 240.699295044,
        "max": 47.9280509949,
        "mean": 16.6896877289,
        "median": 13.9907016754,
        "min": 2.24045372009,
        "stdev": 10.1686878204,
        "var": 103.402206421
    },
    "melbands_skewness": {
        "dmean": 0.905787169933,
        "dmean2": 1.53608608246,
        "dvar": 0.503843963146,
        "dvar2": 1.35620617867,
        "max": 5.69320249557,
        "mean": 2.8919479847,
        "median": 2.89302611351,
        "min": 1.20127058029,
        "stdev": 0.965441763401,
        "var": 0.932077825069
    },
    "melbands_spread": {
        "dmean": 4.80798435211,
        "dmean2": 7.71852827072,
        "dvar": 38.0492172241,
        "dvar2": 78.8279724121,
        "max": 48.4303855896,
        "mean": 10.9836492538,
        "median": 7.33388710022,
        "min": 1.09351587296,
        "stdev": 10.0751543045,
        "var": 101.508743286
    },
    "pitch_salience": {
        "dmean": 0.107160739601,
        "dmean2": 0.190995782614,
        "dvar": 0.00806367211044,
        "dvar2": 0.0267688333988,
        "max": 0.838214695454,
        "mean": 0.634267687798,
        "median": 0.652726411819,
        "min": 0.334288358688,
        "stdev": 0.102168515325,
        "var": 0.0104384049773
    },
    "silence_rate_20dB": {
        "dmean": 0,
        "dmean2": 0,
        "dvar": 0,
        "dvar2": 0,
        "max": 1,
        "mean": 1,
        "median": 1,
        "min": 1,
        "stdev": 0,
        "var": 0
    },
    "silence_rate_30dB": {
        "dmean": 0,
        "dmean2": 0,
        "dvar": 0,
        "dvar2": 0,
        "max": 1,
        "mean": 1,
        "median": 1,
        "min": 1,
        "stdev": 0,
        "var": 0
    },
    "silence_rate_60dB": {
        "dmean": 0.0583941601217,
        "dmean2": 0.117647059262,
        "dvar": 0.054984267801,
        "dvar2": 0.133218377829,
        "max": 1,
        "mean": 0.644927561283,
        "median": 1,
        "min": 0,
        "stdev": 0.478534936905,
        "var": 0.22899569571
    },
    "spectral_centroid": {
        "dmean": 195.271728516,
        "dmean2": 307.357208252,
        "dvar": 72597.15625,
        "dvar2": 127495.765625,
        "max": 2528.44433594,
        "mean": 637.784362793,
        "median": 456.862640381,
        "min": 211.544082642,
        "stdev": 480.340454102,
        "var": 230726.9375
    },
    "spectral_complexity": {
        "dmean": 2.08759117126,
        "dmean2": 2.91176462173,
        "dvar": 12.2842969894,
        "dvar2": 25.918636322,
        "max": 28,
        "mean": 5.65942049026,
        "median": 0,
        "min": 0,
        "stdev": 7.98866701126,
        "var": 63.8187980652
    },
    "spectral_decrease": {
        "dmean": 2.35367103585e-09,
        "dmean2": 3.69947339429e-09,
        "dvar": 2.61309316812e-17,
        "dvar2": 6.41049886954e-17,
        "max": -2.57581126838e-14,
        "mean": -2.79507772483e-09,
        "median": -1.37283465845e-11,
        "min": -3.20749116156e-08,
        "stdev": 5.85360560024e-09,
        "var": 3.42646962518e-17
    },
    "spectral_energy": {
        "dmean": 0.00918570533395,
        "dmean2": 0.0143950795755,
        "dvar": 0.00039599230513,
        "dvar2": 0.000971562811173,
        "max": 0.125768139958,
        "mean": 0.0109712611884,
        "median": 5.99787927058e-05,
        "min": 1.02621747544e-07,
        "stdev": 0.0229211132973,
        "var": 0.000525377457961
    },
    "spectral_energyband_high": {
        "dmean": 4.45578916697e-05,
        "dmean2": 6.08789559919e-05,
        "dvar": 1.01031707445e-08,
        "dvar2": 1.77708407989e-08,
        "max": 0.00110515067354,
        "mean": 7.79392430559e-05,
        "median": 9.45105227856e-07,
        "min": 2.99632740841e-09,
        "stdev": 0.000183178519364,
        "var": 3.35543717256e-08
    },
    "spectral_energyband_low": {
        "dmean": 0.00147708225995,
        "dmean2": 0.00200853287242,
        "dvar": 1.61043772096e-05,
        "dvar2": 3.05001358356e-05,
        "max": 0.0362563580275,
        "mean": 0.00190522312187,
        "median": 3.23870744978e-06,
        "min": 3.74701798478e-08,
        "stdev": 0.00552608631551,
        "var": 3.05376306642e-05
    },
    "spectral_energyband_middle_high": {
        "dmean": 0.000777314067818,
        "dmean2": 0.00117102183867,
        "dvar": 3.65270443581e-06,
        "dvar2": 8.8504730229e-06,
        "max": 0.014307721518,
        "mean": 0.0010510700522,
        "median": 3.45735566043e-06,
        "min": 4.88248774744e-09,
        "stdev": 0.00246961344965,
        "var": 6.09899052506e-06
    },
    "spectral_energyband_middle_low": {
        "dmean": 0.00804507732391,
        "dmean2": 0.01334079355,
        "dvar": 0.00034517905442,
        "dvar2": 0.000860927335452,
        "max": 0.116239361465,
        "mean": 0.00882942508906,
        "median": 4.02532496082e-05,
        "min": 4.31431637082e-08,
        "stdev": 0.0199002381414,
        "var": 0.000396019459004
    },
    "spectral_entropy": {
        "dmean": 0.310288131237,
        "dmean2": 0.470872610807,
        "dvar": 0.0758909806609,
        "dvar2": 0.145966604352,
        "max": 8.48365020752,
        "mean": 7.20536184311,
        "median": 7.12329959869,
        "min": 5.52123117447,
        "stdev": 0.694530010223,
        "var": 0.482371896505
    },
    "spectral_flux": {
        "dmean": 0.0210695937276,
        "dmean2": 0.0335314571857,
        "dvar": 0.00139429233968,
        "dvar2": 0.00339601654559,
        "max": 0.253879517317,
        "mean": 0.0453725941479,
        "median": 0.00824240688235,
        "min": 0.000184062082553,
        "stdev": 0.0633945539594,
        "var": 0.00401886971667
    },
    "spectral_kurtosis": {
        "dmean": 2.99904751778,
        "dmean2": 4.84220790863,
        "dvar": 14.3311262131,
        "dvar2": 40.4369163513,
        "max": 28.9112911224,
        "mean": 8.55738639832,
        "median": 6.83078718185,
        "min": 0.64836025238,
        "stdev": 6.70316553116,
        "var": 44.9324302673
    },
    "spectral_rms": {
        "dmean": 0.000875271100085,
        "dmean2": 0.00126762792934,
        "dvar": 2.22710764319e-06,
        "dvar2": 4.75449996884e-06,
        "max": 0.0110770314932,
        "mean": 0.00187986704987,
        "median": 0.000240977402427,
        "min": 1.00059369288e-05,
        "stdev": 0.00267764157616,
        "var": 7.16976410331e-06
    },
    "spectral_rolloff": {
        "dmean": 734.015197754,
        "dmean2": 1054.17700195,
        "dvar": 2482471.25,
        "dvar2": 4052606,
        "max": 14341.1132812,
        "mean": 1306.50402832,
        "median": 516.796875,
        "min": 215.33203125,
        "stdev": 2343.75292969,
        "var": 5493177.5
    },
    "spectral_skewness": {
        "dmean": 0.391240358353,
        "dmean2": 0.581023156643,
        "dvar": 0.184792354703,
        "dvar2": 0.446972131729,
        "max": 4.68552970886,
        "mean": 2.38144397736,
        "median": 2.29217863083,
        "min": 0.914411783218,
        "stdev": 0.906973719597,
        "var": 0.822601318359
    },
    "spectral_spread": {
        "dmean": 865313.8125,
        "dmean2": 1228343.75,
        "dvar": 1.11500263424e+12,
        "dvar2": 1.8162277417e+12,
        "max": 12598104,
        "mean": 5389329,
        "median": 4876472,
        "min": 2120875.5,
        "stdev": 2408839,
        "var": 5.8025050112e+12
    },
    "spectral_strongpeak": {
        "dmean": 0.180551350117,
        "dmean2": 0.323370993137,
        "dvar": 0.221833333373,
        "dvar2": 0.672227561474,
        "max": 2.86692047119,
        "mean": 0.227359011769,
        "median": 0.023940814659,
        "min": 0,
        "stdev": 0.458524405956,
        "var": 0.210244625807
    },
    "zerocrossingrate": {
        "dmean": 0.0164554342628,
        "dmean2": 0.016576429829,
        "dvar": 0.000619687663857,
        "dvar2": 0.000617365003563,
        "max": 0.298828125,
        "mean": 0.0569059960544,
        "median": 0.0419921875,
        "min": 0.0087890625,
        "stdev": 0.0527488291264,
        "var": 0.0027824388817
    },
    "barkbands": {
        "dmean": [2.42704982156e-06, 0.000202972747502, 0.000688396685291, 0.00132989767008, 0.00607335707173, 0.000846949056722, 0.000460319424747, 0.000263600901235, 0.000269680720521, 0.000362068414688, 0.000117796087579, 8.77759302966e-05, 0.000181433846592, 9.68351669144e-05, 5.76352722419e-05, 5.65799382457e-05, 3.0652667192e-05, 2.09326553886e-05, 1.80244533112e-05, 1.10354067147e-05, 1.09600232463e-05, 7.55057362767e-06, 7.09969071977e-06, 8.0968002294e-06, 5.92952255829e-06, 1.95520942725e-06, 7.20044795344e-07],
        "dmean2": [4.12080044043e-06, 0.000316945632221, 0.0010417472804, 0.00196836655959, 0.0107994014397, 0.00137163465843, 0.000764298252761, 0.000437811628217, 0.000436005124357, 0.000577897997573, 0.000190386068425, 0.000145436089952, 0.000262351590209, 0.000158222261234, 9.82344645308e-05, 9.12963296287e-05, 4.77893700008e-05, 3.15170109388e-05, 2.66648276011e-05, 1.65202927747e-05, 1.52458824232e-05, 1.13388769023e-05, 1.01224250102e-05, 9.71379176917e-06, 8.05298805062e-06, 2.55777717939e-06, 1.00001807368e-06],
        "dvar": [6.03869246274e-11, 2.92376483912e-07, 4.28644671047e-06, 1.45812773553e-05, 0.000242333699134, 3.6459639432e-06, 1.42977592077e-06, 3.51256460362e-07, 4.03811839078e-07, 1.68501776443e-06, 6.9491306931e-08, 5.05377499849e-08, 6.09787548456e-07, 5.57305419591e-08, 2.28112355671e-08, 2.32367636244e-08, 4.93131979695e-09, 2.25191665315e-09, 1.55326285167e-09, 5.50666900967e-10, 6.42800146444e-10, 2.86192486376e-10, 3.4575775576e-10, 3.89186322058e-10, 2.90490131949e-10, 2.52469833234e-11, 7.55404072628e-12],
        "dvar2": [1.58162288821e-10, 6.19964282578e-07, 1.06171610241e-05, 2.95501704386e-05, 0.000693767797202, 8.42243298393e-06, 3.71676810573e-06, 7.92247647041e-07, 9.24370056055e-07, 4.46853618996e-06, 1.6823877047e-07, 1.35424912173e-07, 1.31075285026e-06, 1.24697550064e-07, 6.17984667883e-08, 6.2956708291e-08, 1.24385142186e-08, 5.42286793248e-09, 3.34219163456e-09, 1.27263910521e-09, 1.21904597528e-09, 5.21368503925e-10, 7.06922631544e-10, 6.12590700388e-10, 5.90453297367e-10, 4.87697417173e-11, 1.49090653018e-11],
        "max": [7.02337274561e-05, 0.00446374202147, 0.0169887226075, 0.0347058102489, 0.0918580591679, 0.010288967751, 0.00870348978788, 0.00421990081668, 0.00440417323261, 0.0120614739135, 0.00217105564661, 0.00188602658454, 0.00803852174431, 0.00183416367508, 0.00117452861741, 0.00136465183459, 0.000482926145196, 0.00029649346834, 0.000340903148754, 0.000176293528057, 0.000278664811049, 0.000154011984705, 0.000186625635251, 0.00021355759236, 0.000174327942659, 3.86868778151e-05, 2.17029464693e-05],
        "mean": [3.57987732968e-06, 0.000290063442662, 0.000790424528532, 0.00147167115938, 0.0050016110763, 0.00104807619937, 0.000536423001904, 0.000307944195811, 0.000293079705443, 0.000325927307131, 0.000163615375641, 0.000113089452498, 0.000198818088393, 0.000123796911794, 7.0324203989e-05, 5.86870883126e-05, 3.65288651665e-05, 2.71320423053e-05, 2.42566584348e-05, 1.7689753804e-05, 1.90784412553e-05, 1.36204289447e-05, 1.08340809675e-05, 1.37052593345e-05, 8.03420516604e-06, 2.50051812145e-06, 7.43898169731e-07],
        "median": [1.73921996804e-08, 5.2626046454e-07, 5.58615965929e-07, 4.86678572997e-06, 2.2753905796e-05, 6.08557866144e-06, 4.55510053143e-06, 1.99775604415e-06, 9.71441750153e-07, 8.69406676429e-07, 2.79696223515e-07, 4.11163199487e-07, 4.90034267386e-07, 2.64079091039e-07, 1.59423379387e-07, 1.47999600131e-07, 1.41991421287e-07, 6.65205277528e-08, 1.02798978219e-07, 1.0434417419e-07, 1.17455115856e-07, 1.20307078078e-07, 1.03392650885e-07, 1.91824611306e-07, 9.16011018148e-08, 4.46432473211e-08, 1.10778657358e-08],
        "min": [1.8524114187e-10, 1.82470270005e-08, 6.49374887196e-10, 2.84683787655e-09, 1.17348228912e-08, 5.20655518699e-09, 2.72473021923e-09, 1.88003856927e-09, 4.13967882196e-09, 1.6212304832e-09, 5.33388444524e-10, 2.26778443246e-10, 1.61593280423e-10, 1.16552989482e-10, 6.30488855569e-11, 3.08345293742e-11, 3.7455091112e-11, 7.76880504372e-11, 7.09798331222e-11, 5.49725855115e-11, 1.31901101152e-10, 1.4236037349e-10, 1.73894648681e-10, 3.01608543696e-10, 3.69499347785e-10, 3.64187235924e-10, 5.13945108693e-10],
        "stdev": [1.10494192995e-05, 0.000742672360502, 0.00240777223371, 0.0048007639125, 0.0140358172357, 0.00230744923465, 0.0012545848731, 0.000709545856807, 0.000720143434592, 0.00117356446572, 0.000359477271559, 0.000254949118244, 0.000849107454997, 0.000315199664328, 0.00017132415087, 0.000161110496265, 8.46053517307e-05, 6.20345308562e-05, 5.52262499696e-05, 3.7688165321e-05, 4.56253692391e-05, 3.20097751683e-05, 2.83285316982e-05, 3.5297969589e-05, 2.28887201956e-05, 6.49928961138e-06, 2.78479637927e-06],
        "var": [1.22089657828e-10, 5.51562266082e-07, 5.79736661166e-06, 2.30473342526e-05, 0.000197004163056, 5.32432250111e-06, 1.57398324063e-06, 5.0345533964e-07, 5.18606555033e-07, 1.37725362492e-06, 1.29223906242e-07, 6.49990568036e-08, 7.20983507563e-07, 9.93508280089e-08, 2.93519644146e-08, 2.59565915428e-08, 7.15806525164e-09, 3.84828258149e-09, 3.049938746e-09, 1.4203979104e-09, 2.08167438842e-09, 1.0246257176e-09, 8.02505673025e-10, 1.24594667916e-09, 5.2389348415e-10, 4.22407629708e-11, 7.75509084033e-12]
    },
    "erbbands": {
        "dmean": [0.00433394918218, 0.057623218745, 0.529116034508, 3.1546151638, 5.40682506561, 29.4188137054, 16.6825027466, 7.82202959061, 6.15649080276, 7.01560306549, 5.84821844101, 5.95685529709, 13.9590892792, 5.9563369751, 4.58046007156, 3.78218102455, 9.00821304321, 6.02372932434, 3.08212471008, 2.8611433506, 3.07212233543, 1.69459652901, 1.19821321964, 1.07297360897, 0.719733059406, 0.52731603384, 0.444397956133, 0.384144872427, 0.286610782146, 0.218129858375, 0.201747342944, 0.191878527403, 0.134300619364, 0.0793995708227, 0.0366830378771, 0.0103505188599, 0.00341668212786, 0.000812957063317, 0.000127889885334, 1.54201807163e-05],
        "dmean2": [0.00561135448515, 0.0881494730711, 0.849828243256, 4.10143280029, 8.91885662079, 54.3666000366, 29.2648162842, 12.0144090652, 9.68982219696, 12.1181354523, 9.40661144257, 9.21844863892, 22.550409317, 9.60950756073, 7.34129714966, 6.40260505676, 13.1184501648, 9.8429069519, 5.09526443481, 5.07620573044, 4.91425561905, 2.7210316658, 1.89557898045, 1.53453886509, 1.03350257874, 0.750986218452, 0.631474256516, 0.537925601006, 0.411588430405, 0.308905392885, 0.274523019791, 0.229750350118, 0.158880248666, 0.109367065132, 0.0480416566133, 0.0126677760854, 0.00482888659462, 0.00111793447286, 0.000174613422132, 2.35256320593e-05],
        "dvar": [0.000118344330986, 0.0223361458629, 2.68452167511, 75.5736999512, 149.311203003, 7224.29882812, 1483.23596191, 329.550628662, 229.038330078, 271.858917236, 162.820739746, 167.721740723, 2996.31640625, 219.010681152, 86.1435470581, 115.339683533, 1580.32727051, 229.238693237, 70.8466873169, 60.7684135437, 63.6011276245, 15.7472553253, 7.58614778519, 5.51029491425, 2.29295277596, 1.19246613979, 0.91474032402, 1.00941681862, 0.40728059411, 0.258770912886, 0.252409011126, 0.254737854004, 0.101418957114, 0.0521056726575, 0.0106852306053, 0.000608917849604, 9.5261115348e-05, 6.57505916024e-06, 2.35780134972e-07, 1.01529218366e-09],
        "dvar2": [0.000250415643677, 0.0453491844237, 7.10182571411, 145.981582642, 318.776824951, 21257.140625, 4010.79418945, 713.09588623, 518.117248535, 704.436645508, 385.378051758, 376.214538574, 7923.890625, 540.914489746, 191.540283203, 307.78805542, 3469.36791992, 507.687835693, 185.910293579, 161.572509766, 176.533432007, 38.9993629456, 18.5209770203, 13.0091285706, 4.52546072006, 2.62538218498, 1.90468978882, 1.70980238914, 0.79430937767, 0.479089230299, 0.539285182953, 0.494545221329, 0.158567503095, 0.110682308674, 0.0215126499534, 0.00100956950337, 0.000196162014618, 1.32402938107e-05, 4.8029556865e-07, 2.17432760685e-09],
        "max": [0.0944348499179, 1.22038257122, 13.4832830429, 86.4150695801, 65.8679275513, 512.691040039, 219.57119751, 125.197654724, 97.7322845459, 101.903137207, 110.414924622, 94.1234817505, 489.64175415, 100.63596344, 67.064163208, 99.0186538696, 407.530517578, 110.401039124, 71.8523178101, 60.2335014343, 68.9471206665, 28.1127262115, 18.7129154205, 16.8870258331, 12.715051651, 8.27424049377, 8.95139789581, 12.2980222702, 5.80651044846, 5.53965616226, 5.18617963791, 5.61006402969, 2.96361327171, 2.33394432068, 1.10143792629, 0.249442324042, 0.0715108662844, 0.020500889048, 0.00388354342431, 0.000187587938854],
        "mean": [0.00702919112518, 0.0793583244085, 0.621557414532, 3.544506073, 6.1309428215, 22.7707881927, 15.1625995636, 9.66500473022, 7.9668545723, 7.72097110748, 6.62608623505, 6.6402130127, 11.7353534698, 7.77258110046, 6.08190155029, 5.10231018066, 9.89769172668, 7.63039159775, 3.49112224579, 3.71423125267, 3.21755290031, 2.13214564323, 1.52709281445, 1.34665179253, 1.06669068336, 0.821156144142, 0.800360023975, 0.71159029007, 0.508827209473, 0.358404606581, 0.303773552179, 0.30053409934, 0.217473298311, 0.105617195368, 0.048643078655, 0.0143742086366, 0.00421826681122, 0.000915336247999, 0.000132950648549, 1.88681879081e-05],
        "median": [1.0563109754e-05, 0.000178714995855, 0.00109565607272, 0.0121008595452, 0.0470222085714, 0.0842730551958, 0.0587245151401, 0.0323376841843, 0.0510275140405, 0.0773182362318, 0.0499591007829, 0.0222103446722, 0.0226806793362, 0.0304374750704, 0.0107472389936, 0.0172427222133, 0.0240875147283, 0.0156323816627, 0.00956179946661, 0.0102427918464, 0.0078215226531, 0.00865078065544, 0.00409904122353, 0.00616677617654, 0.00447833817452, 0.0045801140368, 0.00499008223414, 0.00475866207853, 0.00423285737634, 0.00368175841868, 0.00306544685736, 0.00471491832286, 0.00198538834229, 0.0010985401459, 0.000636576791294, 0.000253239122685, 8.16823448986e-05, 1.53363143909e-05, 1.99992609851e-06, 7.87690851212e-07],
        "min": [4.6670098186e-07, 4.69088581667e-06, 6.88205000188e-06, 8.9562681751e-06, 3.17625053867e-05, 2.12054892472e-05, 2.66336955974e-05, 5.61520173505e-05, 2.89828167297e-05, 6.03675871389e-05, 0.000108794629341, 0.000103806589323, 4.57966343674e-05, 5.0998522056e-05, 1.33158873723e-05, 1.09912089101e-05, 9.85749284155e-06, 4.82006544189e-06, 8.95452649274e-06, 4.76522927784e-06, 2.92206664199e-06, 2.60978549704e-06, 4.66526307719e-06, 4.41609381596e-06, 3.73714078705e-06, 3.38631434715e-06, 3.84203940484e-06, 5.15671717949e-06, 4.9945565479e-06, 4.81029701405e-06, 4.53293432656e-06, 5.73372426516e-06, 4.99169618706e-06, 3.78231675313e-06, 2.76039259006e-06, 1.66544259628e-06, 6.51674781693e-07, 2.36138802734e-07, 6.97620166079e-08, 6.63375665511e-09],
        "stdev": [0.0173088740557, 0.20706538856, 1.85907495022, 11.4144277573, 14.1795005798, 72.759803772, 37.9145698547, 22.9057865143, 18.6729030609, 17.6338787079, 15.1741437912, 15.558836937, 47.6039466858, 18.5450668335, 12.3726348877, 12.237531662, 42.7047157288, 20.0275821686, 8.74787521362, 9.6093416214, 8.6321849823, 4.90853500366, 3.52268981934, 3.05219721794, 2.36833167076, 1.76034283638, 1.7500821352, 1.80327260494, 1.1924687624, 0.88391572237, 0.786188781261, 0.800737321377, 0.561861693859, 0.303809165955, 0.138132452965, 0.0372257977724, 0.0112989395857, 0.00276331230998, 0.000486444012495, 3.65027663065e-05],
        "var": [0.00029959710082, 0.0428760759532, 3.45615959167, 130.289154053, 201.058227539, 5293.98876953, 1437.51452637, 524.675048828, 348.677276611, 310.953704834, 230.254638672, 242.077392578, 2266.13574219, 343.919525146, 153.082092285, 149.75718689, 1823.69262695, 401.104064941, 76.5253219604, 92.3394470215, 74.5146179199, 24.0937137604, 12.4093437195, 9.31590747833, 5.60899543762, 3.09880685806, 3.06278729439, 3.25179219246, 1.42198169231, 0.78130698204, 0.618092775345, 0.641180276871, 0.315688550472, 0.0923000052571, 0.0190805755556, 0.0013857599115, 0.000127666033222, 7.63589468988e-06, 2.36627769823e-07, 1.33245203759e-09]
    },
    "gfcc": {
        "mean": [-309.994720459, 97.0065307617, -70.8550872803, 3.24891209602, -66.8260040283, 1.92236018181, -40.9181404114, -2.77640604973, -28.1805438995, -5.3892455101, -17.6265106201, -5.62425279617, -9.88847541809],
        "cov": [[60749.1328125, 962.257995605, -10203.4589844, 442.482299805, -2363.49487305, -733.452819824, -3218.38671875, -1983.47131348, -1388.2734375, -638.962524414, -51.0859222412, -223.186248779, 501.987213135], [962.257995605, 2357.51977539, 208.025665283, 200.829330444, 317.795135498, 104.305160522, 289.095245361, 41.1074142456, 213.94631958, -180.553115845, 16.280752182, -174.102050781, -2.81846499443], [-10203.4589844, 208.025665283, 2108.74194336, -4.85092401505, 559.293151855, 194.225769043, 660.030456543, 360.395904541, 304.124389648, 104.918266296, 11.1516094208, -9.68542385101, -128.713180542], [442.482299805, 200.829330444, -4.85092401505, 248.408187866, 110.629234314, 103.284645081, 76.634185791, 52.7781677246, 42.9517822266, 5.13432788849, 37.6666069031, -24.388425827, -15.6226119995], [-2363.49487305, 317.795135498, 559.293151855, 110.629234314, 321.108062744, 150.105667114, 270.54006958, 132.730743408, 143.75189209, 28.1135616302, 22.3861083984, -20.9993858337, -42.9686088562], [-733.452819824, 104.305160522, 194.225769043, 103.284645081, 150.105667114, 172.417114258, 154.547042847, 98.934677124, 87.5091705322, 49.2313957214, 31.0249977112, -0.837868511677, -24.7686576843], [-3218.38671875, 289.095245361, 660.030456543, 76.634185791, 270.54006958, 154.547042847, 334.470947266, 177.665054321, 162.380752563, 38.7941589355, 25.1935253143, -12.5435848236, -42.423576355], [-1983.47131348, 41.1074142456, 360.395904541, 52.7781677246, 132.730743408, 98.934677124, 177.665054321, 141.151229858, 104.263427734, 50.1259689331, 18.9303283691, 2.42274093628, -30.0322551727], [-1388.2734375, 213.94631958, 304.124389648, 42.9517822266, 143.75189209, 87.5091705322, 162.380752563, 104.263427734, 119.892036438, 39.487953186, 22.4798164368, -9.56836509705, -24.3071403503], [-638.962524414, -180.553115845, 104.918266296, 5.13432788849, 28.1135616302, 49.2313957214, 38.7941589355, 50.1259689331, 39.487953186, 75.4233398438, 28.1224327087, 20.5907649994, -11.8560695648], [-51.0859222412, 16.280752182, 11.1516094208, 37.6666069031, 22.3861083984, 31.0249977112, 25.1935253143, 18.9303283691, 22.4798164368, 28.1224327087, 42.6223258972, 15.6337003708, 6.02215099335], [-223.186248779, -174.102050781, -9.68542385101, -24.388425827, -20.9993858337, -0.837868511677, -12.5435848236, 2.42274093628, -9.56836509705, 20.5907649994, 15.6337003708, 37.0185394287, 13.840470314], [501.987213135, -2.81846499443, -128.713180542, -15.6226119995, -42.9686088562, -24.7686576843, -42.423576355, -30.0322551727, -24.3071403503, -11.8560695648, 6.02215099335, 13.840470314, 36.0225105286]],
        "icov": [[0.000157609974849, -7.03546174918e-05, 0.000602706277277, -0.000176643414306, -7.61668502491e-07, -0.00050774338888, 0.00041924713878, 0.00101712357718, -0.000448257429525, -3.49985566572e-05, -0.000103734106233, 0.00053539685905, 0.00036442533019], [-7.03546174918e-05, 0.00209626904689, -0.000325527857058, 0.000728561892174, 0.00018367334269, -0.000933939823881, -0.000100981880678, 0.00141768797766, -0.00588090345263, 0.00704498682171, -0.00539584225044, 0.00765441078693, -0.00275128963403], [0.000602706277277, -0.000325527857058, 0.00454961694777, 0.00024227880931, -0.00202485173941, 0.0010571727762, -0.00259090238251, 0.00268648774363, 0.000422779557994, -0.00225562858395, 0.00041758545558, 0.000731041480321, 0.00462929718196], [-0.000176643414306, 0.000728561892174, 0.00024227880931, 0.0103275254369, -0.00421128096059, -0.00320870010182, 0.0024716341868, -0.00874888896942, 0.00543009955436, 0.00661855796352, -0.0143205113709, 0.0119924936444, -0.0001207305977], [-7.61668502491e-07, 0.00018367334269, -0.00202485173941, -0.00421128096059, 0.0155124012381, -0.00481545785442, -0.00627538468689, 0.0100144790486, -0.0103857675567, 0.00259971409105, 0.00331393978558, -0.00259101740085, 0.00140380731318], [-0.00050774338888, -0.000933939823881, 0.0010571727762, -0.00320870010182, -0.00481545785442, 0.021770151332, -0.0105347493663, -0.00598884001374, 0.00702304253355, -0.01345222909, 0.00593466265127, -0.00947669986635, 0.00417400337756], [0.00041924713878, -0.000100981880678, -0.00259090238251, 0.0024716341868, -0.00627538468689, -0.0105347493663, 0.0315235592425, -0.0134429326281, -0.00843032542616, 0.0139319775626, -0.00910740811378, 0.00653002271429, -0.0049368548207], [0.00101712357718, 0.00141768797766, 0.00268648774363, -0.00874888896942, 0.0100144790486, -0.00598884001374, -0.0134429326281, 0.0523578934371, -0.0291258338839, -0.00500627793372, 0.0117490198463, -0.0069421348162, 0.00679094949737], [-0.000448257429525, -0.00588090345263, 0.000422779557994, 0.00543009955436, -0.0103857675567, 0.00702304253355, -0.00843032542616, -0.0291258338839, 0.0645276755095, -0.0289325881749, 0.000381237128749, -0.00167217955459, 0.00247980025597], [-3.49985566572e-05, 0.00704498682171, -0.00225562858395, 0.00661855796352, 0.00259971409105, -0.01345222909, 0.0139319775626, -0.00500627793372, -0.0289325881749, 0.0616339556873, -0.0371762216091, 0.0157861299813, 0.00284719723277], [-0.000103734106233, -0.00539584225044, 0.00041758545558, -0.0143205113709, 0.00331393978558, 0.00593466265127, -0.00910740811378, 0.0117490198463, 0.000381237128749, -0.0371762216091, 0.0738410428166, -0.0464255958796, -0.00307771493681], [0.00053539685905, 0.00765441078693, 0.000731041480321, 0.0119924936444, -0.00259101740085, -0.00947669986635, 0.00653002271429, -0.0069421348162, -0.00167217955459, 0.0157861299813, -0.0464255958796, 0.0978708937764, -0.0325279980898], [0.00036442533019, -0.00275128963403, 0.00462929718196, -0.0001207305977, 0.00140380731318, 0.00417400337756, -0.0049368548207, 0.00679094949737, 0.00247980025597, 0.00284719723277, -0.00307771493681, -0.0325279980898, 0.0589702762663]]
    },
    "melbands": {
        "dmean": [5.09387027705e-05, 0.000223026101594, 0.000535892089829, 0.0011504284339, 0.000874517892953, 0.000162839045515, 9.59301323746e-05, 7.12745022611e-05, 4.36572336184e-05, 3.93640038965e-05, 7.02844845364e-05, 2.45399842242e-05, 1.60585095728e-05, 1.07492542156e-05, 1.41662958413e-05, 1.90096216102e-05, 1.00822280729e-05, 5.18967999596e-06, 4.15626391259e-06, 3.6835103856e-06, 3.5256123283e-06, 1.90566800029e-06, 1.20975596474e-06, 1.06154357127e-06, 8.63086199843e-07, 6.52932840239e-07, 3.86157040566e-07, 3.58602790129e-07, 2.69528982244e-07, 2.73589336075e-07, 2.35640413848e-07, 1.64619464726e-07, 1.49759472379e-07, 1.13833841908e-07, 1.08565608059e-07, 1.19440954904e-07, 1.23979106093e-07, 1.05763888314e-07, 7.01816205151e-08, 6.57404086724e-08],
        "dmean2": [7.29424282326e-05, 0.000346779823303, 0.000755336077418, 0.00204405095428, 0.00159115844872, 0.000253982958384, 0.000150730149471, 0.000121146906167, 7.07194703864e-05, 6.48892964819e-05, 0.000113445581519, 4.01813013013e-05, 2.54844198935e-05, 1.80369133886e-05, 2.30764635489e-05, 3.03822289425e-05, 1.6476973542e-05, 8.43951602292e-06, 7.26048983779e-06, 6.45956788503e-06, 5.59781938136e-06, 3.00615147353e-06, 1.89528964256e-06, 1.5896740706e-06, 1.26139900658e-06, 9.63977868196e-07, 6.1302262111e-07, 5.28499981556e-07, 4.19473025204e-07, 3.94588823838e-07, 3.1028426406e-07, 2.51650533301e-07, 1.96869677893e-07, 1.67797296058e-07, 1.58994168942e-07, 1.69445854681e-07, 1.49666064431e-07, 1.25981841848e-07, 9.36073760727e-08, 9.50258893795e-08],
        "dvar": [1.77749992503e-08, 4.29955179015e-07, 2.03887543648e-06, 8.50517062645e-06, 5.08742868988e-06, 1.3963600054e-07, 5.46863780926e-08, 2.61394053069e-08, 1.0090947633e-08, 8.46850056746e-09, 7.50795550175e-08, 3.87692811188e-09, 1.12798692609e-09, 6.60303811628e-10, 2.30728347539e-09, 7.27405469192e-09, 5.98796123796e-10, 2.13833228901e-10, 1.11731394969e-10, 8.75820110879e-11, 8.67479005295e-11, 1.93852642272e-11, 7.86125851915e-12, 6.45714341371e-12, 3.82401532315e-12, 2.04923231162e-12, 7.14248376155e-13, 5.96007672469e-13, 3.69687733117e-13, 4.21541274109e-13, 4.4433369744e-13, 1.44056628063e-13, 1.11981387704e-13, 7.88786692755e-14, 7.07889693044e-14, 1.18638863382e-13, 1.02624594207e-13, 6.26038595421e-14, 3.39054210597e-14, 4.26606958039e-14],
        "dvar2": [3.92048740139e-08, 9.97922143142e-07, 3.93024038203e-06, 2.42883816099e-05, 1.44145433296e-05, 3.06496701796e-07, 1.25459251876e-07, 6.71084308124e-08, 2.48962042093e-08, 1.81544947964e-08, 1.99834516934e-07, 9.8056496256e-09, 2.74217692997e-09, 1.77171843863e-09, 5.80682169016e-09, 1.53152850402e-08, 1.35508426702e-09, 5.718356344e-10, 3.11569464673e-10, 2.43707748426e-10, 2.35461150577e-10, 4.78643687185e-11, 1.9646881344e-11, 1.66260512302e-11, 9.02528919655e-12, 4.38595470706e-12, 1.49001687724e-12, 1.40208612949e-12, 8.37477765088e-13, 8.76384739518e-13, 8.70990074769e-13, 2.66751356247e-13, 2.6771843748e-13, 1.38907602868e-13, 1.49078598316e-13, 2.59775301313e-13, 1.9318280428e-13, 9.14328427424e-14, 7.08288205105e-14, 9.39437736587e-14],
        "max": [0.00112704758067, 0.00518141174689, 0.0126115661114, 0.0174763835967, 0.0131392516196, 0.00245547899976, 0.00145010882989, 0.00110020220745, 0.000913418247364, 0.00059082248481, 0.00243610120378, 0.000444363919087, 0.000240165711148, 0.00020857436175, 0.0004842664639, 0.000850744370837, 0.000188799764146, 0.000120405755297, 7.21195683582e-05, 7.60963594075e-05, 8.21838548291e-05, 2.99825442198e-05, 2.38243665081e-05, 1.6388232325e-05, 1.45633630382e-05, 1.21388775369e-05, 6.87442752678e-06, 5.49755031898e-06, 5.63026151212e-06, 6.17004616288e-06, 8.44612077344e-06, 3.55912061423e-06, 3.25335918205e-06, 3.00701685774e-06, 2.69844576906e-06, 3.34043875228e-06, 3.45353578268e-06, 2.31204694501e-06, 1.58897250913e-06, 2.08994424611e-06],
        "mean": [7.3809591413e-05, 0.000287630537059, 0.000650985457469, 0.000964403501712, 0.000733220542315, 0.000203367089853, 0.000121934230265, 7.95478699729e-05, 4.94845808134e-05, 4.40709518443e-05, 5.77242644795e-05, 3.03971173707e-05, 2.09190056921e-05, 1.35981263156e-05, 1.68175320141e-05, 2.10163016163e-05, 1.29012596517e-05, 5.25604446011e-06, 5.16804584549e-06, 4.33743616668e-06, 3.66053677681e-06, 2.37801418734e-06, 1.44052637552e-06, 1.28039323499e-06, 1.07168432351e-06, 8.85602048584e-07, 6.27111830909e-07, 5.22644995726e-07, 5.04329477735e-07, 4.6400000997e-07, 3.98493313014e-07, 3.05952198687e-07, 2.222270723e-07, 1.88891519315e-07, 1.64916983181e-07, 1.7819814957e-07, 1.90396747257e-07, 1.71312095176e-07, 1.02957898207e-07, 8.3493297609e-08],
        "median": [1.21681352994e-07, 4.06471684755e-07, 4.67130485049e-06, 4.89220747113e-06, 2.37187555285e-06, 8.67926871706e-07, 7.82935046573e-07, 7.58669557399e-07, 3.67063535123e-07, 1.31324938479e-07, 1.06439919989e-07, 1.25704517018e-07, 3.9232716631e-08, 2.97289091122e-08, 4.97265588706e-08, 4.66936498356e-08, 2.52944527546e-08, 1.48427750091e-08, 1.30398145615e-08, 1.24534231816e-08, 8.40053093754e-09, 8.46343439775e-09, 3.55180374001e-09, 3.69398422961e-09, 5.18198861599e-09, 3.6561058625e-09, 3.54280604853e-09, 3.09494652129e-09, 2.78614664673e-09, 2.95414870344e-09, 2.39922570699e-09, 2.30863128614e-09, 2.20372653459e-09, 2.03855998748e-09, 1.71509551006e-09, 1.82764181567e-09, 3.57758311864e-09, 1.68247349386e-09, 8.88206563854e-10, 7.9922457541e-10],
        "min": [7.14854175854e-09, 4.44323955406e-09, 2.27192797908e-09, 2.90233792555e-09, 1.16814014017e-09, 1.02078301367e-09, 5.71294511698e-10, 6.48285702898e-10, 9.97132154623e-10, 5.6370591528e-10, 2.12284051448e-10, 2.12834957991e-10, 6.51625697845e-11, 3.41787362301e-11, 3.15707494869e-11, 6.91832442029e-12, 7.22300387904e-12, 1.38652917273e-11, 4.98719772077e-12, 3.54572577896e-12, 3.11707972801e-12, 2.33622084352e-12, 2.87972553789e-12, 3.60983790602e-12, 3.40958337952e-12, 2.92197906496e-12, 2.51097515176e-12, 1.93265780983e-12, 1.93587919133e-12, 2.72493442741e-12, 2.51663165134e-12, 2.45127529386e-12, 2.09724316906e-12, 1.59051775656e-12, 2.60094940377e-12, 2.48705916972e-12, 3.55541399273e-12, 3.1943189413e-12, 3.27960315155e-12, 2.56454753267e-12],
        "stdev": [0.000187492987607, 0.000820237968583, 0.00189631979447, 0.00261973612942, 0.00206803577021, 0.000470827100798, 0.000282318273094, 0.000178392132511, 0.00011432836618, 0.000108556603664, 0.000235835352214, 7.41079929867e-05, 4.40063267888e-05, 2.95751888189e-05, 5.3442108765e-05, 9.13918265724e-05, 3.2524803828e-05, 1.40344873216e-05, 1.23947111206e-05, 1.1188208191e-05, 1.00324805317e-05, 5.48040452486e-06, 3.50120308212e-06, 2.96631060337e-06, 2.47577440859e-06, 2.01755210583e-06, 1.38125926696e-06, 1.13526232326e-06, 1.08393135179e-06, 1.0988089798e-06, 1.06357595087e-06, 7.16417559943e-07, 5.40702046692e-07, 4.76201876154e-07, 4.17520794826e-07, 4.92155436405e-07, 5.08400944454e-07, 4.47022870276e-07, 2.72427854497e-07, 2.54072631378e-07],
        "var": [3.51536186827e-08, 6.72790349654e-07, 3.59602881872e-06, 6.863017461e-06, 4.27677196058e-06, 2.21678149614e-07, 7.97036108224e-08, 3.18237525221e-08, 1.3070974525e-08, 1.17845360137e-08, 5.56183152867e-08, 5.4919944148e-09, 1.93655669278e-09, 8.74691818975e-10, 2.85605916694e-09, 8.352465386e-09, 1.05786290838e-09, 1.96966831734e-10, 1.53628859634e-10, 1.25176008448e-10, 1.00650661417e-10, 3.00348322602e-11, 1.2258423443e-11, 8.79899798856e-12, 6.12945891959e-12, 4.07051605963e-12, 1.90787706814e-12, 1.28882061273e-12, 1.17490717676e-12, 1.20738120023e-12, 1.13119387989e-12, 5.1325415272e-13, 2.92358720783e-13, 2.26768229845e-13, 1.74323608933e-13, 2.42216999496e-13, 2.58471493991e-13, 1.99829451489e-13, 7.4216938747e-14, 6.45529026825e-14]
    },
    "melbands128": {
