{
"lowlevel": {
    "average_loudness": 0.965473175049,
    "barkbands_crest": {
        "dmean": 1.89998710155,
        "dmean2": 3.15768527985,
        "dvar": 11.9785089493,
        "dvar2": 35.670375824,
        "max": 26.9429149628,
        "mean": 22.5855083466,
        "median": 26.2233009338,
        "min": 3.64362215996,
        "stdev": 6.5214509964,
        "var": 42.5293235779
    },
    "barkbands_flatness_db": {
        "dmean": 0.0254584308714,
        "dmean2": 0.0390108153224,
        "dvar": 0.00169503118377,
        "dvar2": 0.00470853038132,
        "max": 0.559094130993,
        "mean": 0.387570649385,
        "median": 0.451413750648,
        "min": 0.0530499592423,
        "stdev": 0.151826456189,
        "var": 0.0230512730777
    },
    "barkbands_kurtosis": {
        "dmean": 70.8222045898,
        "dmean2": 108.429916382,
        "dvar": 12016.6992188,
        "dvar2": 32124.7929688,
        "max": 992.16217041,
        "mean": 199.910140991,
        "median": 134.813232422,
        "min": -1.96446549892,
        "stdev": 203.312484741,
        "var": 41335.9648438
    },
    "barkbands_skewness": {
        "dmean": 3.45622706413,
        "dmean2": 5.62047052383,
        "dvar": 13.5541601181,
        "dvar2": 37.8404998779,
        "max": 26.8495597839,
        "mean": 6.09514474869,
        "median": 4.37366294861,
        "min": -7.14002561569,
        "stdev": 6.56728172302,
        "var": 43.1291885376
    },
    "barkbands_spread": {
        "dmean": 6.35031700134,
        "dmean2": 9.85354042053,
        "dvar": 249.911437988,
        "dvar2": 693.940185547,
        "max": 142.161590576,
        "mean": 12.3916378021,
        "median": 0.712090492249,
        "min": 0.0931927934289,
        "stdev": 26.0115451813,
        "var": 676.600524902
    },
    "dissonance": {
        "dmean": 0.00805194023997,
        "dmean2": 0.0132459085435,
        "dvar": 0.000505679519847,
        "dvar2": 0.000667614978738,
        "max": 0.500000119209,
        "mean": 0.492254048586,
        "median": 0.498730808496,
        "min": 0.190300196409,
        "stdev": 0.023027729243,
        "var": 0.000530276331119
    },
    "dynamic_complexity": 13.6741027832,
    "erbbands_crest": {
        "dmean": 1.45639336109,
        "dmean2": 2.19690561295,
        "dvar": 7.36887836456,
        "dvar2": 21.1074447632,
        "max": 33.6734657288,
        "mean": 25.8147239685,
        "median": 32.4243011475,
        "min": 2.63902187347,
        "stdev": 10.4620838165,
        "var": 109.455192566
    },
    "erbbands_flatness_db": {
        "dmean": 0.0152964284644,
        "dmean2": 0.0194697920233,
        "dvar": 0.000206303899176,
        "dvar2": 0.000346816377714,
        "max": 0.611305177212,
        "mean": 0.42092230916,
        "median": 0.515164732933,
        "min": 0.03919903934,
        "stdev": 0.183737844229,
        "var": 0.0337595976889
    },
    "erbbands_kurtosis": {
        "dmean": 14.415471077,
        "dmean2": 20.1246471405,
        "dvar": 269.154815674,
        "dvar2": 463.259277344,
        "max": 261.015563965,
        "mean": 99.6482925415,
        "median": 106.350616455,
        "min": -1.73129343987,
        "stdev": 85.1770248413,
        "var": 7255.12548828
    },
    "erbbands_skewness": {
        "dmean": 0.966601073742,
        "dmean2": 1.48470294476,
        "dvar": 0.844028711319,
        "dvar2": 1.8751963377,
        "max": 10.8873949051,
        "mean": 4.27107381821,
        "median": 4.60418272018,
        "min": -2.3336083889,
        "stdev": 3.47381973267,
        "var": 12.0674228668
    },
    "erbbands_spread": {
        "dmean": 3.33568930626,
        "dmean2": 4.83435106277,
        "dvar": 66.3613357544,
        "dvar2": 141.244369507,
        "max": 129.11680603,
        "mean": 12.4744691849,
        "median": 0.695592880249,
        "min": 0.241256505251,
        "stdev": 23.9841747284,
        "var": 575.240661621
    },
    "hfc": {
        "dmean": 1.57388746738,
        "dmean2": 1.06447458267,
        "dvar": 4.10211706161,
        "dvar2": 2.06865525246,
        "max": 70.4479141235,
        "mean": 21.1456375122,
        "median": 13.513964653,
        "min": 9.51727270149e-06,
        "stdev": 21.9222335815,
        "var": 480.584289551
    },
    "loudness_ebu128": {
        "integrated": -19.4023838043,
        "loudness_range": 1.44130706787,
        "momentary": {
            "dmean": 2.31461644173,
            "dmean2": 1.11513972282,
            "dvar": 6.6135802269,
            "dvar2": 4.2352514267,
            "max": -16.1839561462,
            "mean": -27.9525642395,
            "median": -21.7480182648,
            "min": -62.4328231812,
            "stdev": 13.9626607895,
            "var": 194.9559021
        },
        "short_term": {
            "dmean": 0.183275312185,
            "dmean2": 0.0581781491637,
            "dvar": 0.0102907735854,
            "dvar2": 0.000787853088696,
            "max": -18.8375759125,
            "mean": -19.6734962463,
            "median": -19.6029262543,
            "min": -21.042640686,
            "stdev": 0.624874055386,
            "var": 0.390467584133
        }
    },
    "melbands_crest": {
        "dmean": 2.05791592598,
        "dmean2": 3.17574262619,
        "dvar": 25.0983066559,
        "dvar2": 64.0905456543,
        "max": 39.7361793518,
        "mean": 21.0640487671,
        "median": 20.2480278015,
        "min": 5.67044258118,
        "stdev": 6.83035612106,
        "var": 46.6537666321
    },
    "melbands_flatness_db": {
        "dmean": 0.0229306314141,
        "dmean2": 0.0304278209805,
        "dvar": 0.00132991641294,
        "dvar2": 0.00258672004566,
        "max": 0.555515289307,
        "mean": 0.386296361685,
        "median": 0.445473670959,
        "min": 0.0571514517069,
        "stdev": 0.142986193299,
        "var": 0.0204450525343
    },
    "melbands_kurtosis": {
        "dmean": 82.1103668213,
        "dmean2": 117.113525391,
        "dvar": 169479.765625,
        "dvar2": 362285.8125,
        "max": 5403.18212891,
        "mean": 173.506118774,
        "median": 129.175643921,
        "min": -1.33021736145,
        "stdev": 461.971282959,
        "var": 213417.453125
    },
    "melbands_skewness": {
        "dmean": 2.60894775391,
        "dmean2": 3.91800498962,
        "dvar": 22.0344924927,
        "dvar2": 45.2283401489,
        "max": 61.6112327576,
        "mean": 1.00028884411,
        "median": -0.0381337739527,
        "min": -10.3489160538,
        "stdev": 7.34939622879,
        "var": 54.0136222839
    },
    "melbands_spread": {
        "dmean": 5.66046571732,
        "dmean2": 8.08224201202,
        "dvar": 195.278213501,
        "dvar2": 365.968170166,
        "max": 145.162246704,
        "mean": 14.1229448318,
        "median": 1.14402616024,
        "min": 0.101159006357,
        "stdev": 29.3504524231,
        "var": 861.44909668
    },
    "pitch_salience": {
        "dmean": 0.0591030977666,
        "dmean2": 0.0874305963516,
        "dvar": 0.00970263965428,
        "dvar2": 0.0256230421364,
        "max": 0.79480111599,
        "mean": 0.194353461266,
        "median": 0.0991956070065,
        "min": 0.0181069020182,
        "stdev": 0.19284401834,
        "var": 0.0371888130903
    },
    "silence_rate_20dB": {
        "dmean": 0,
        "dmean2": 0,
        "dvar": 0,
        "dvar2": 0,
        "max": 1,
        "mean": 1,
        "median": 1,
        "min": 1,
        "stdev": 0,
        "var": 0
    },
    "silence_rate_30dB": {
        "dmean": 0,
        "dmean2": 0,
        "dvar": 0,
        "dvar2": 0,
        "max": 1,
        "mean": 1,
        "median": 1,
        "min": 1,
        "stdev": 0,
        "var": 0
    },
    "silence_rate_60dB": {
        "dmean": 0.0185185186565,
        "dmean2": 0.037209302187,
        "dvar": 0.0181755404919,
        "dvar2": 0.0358248762786,
        "max": 1,
        "mean": 0.400921672583,
        "median": 0,
        "min": 0,
        "stdev": 0.490085214376,
        "var": 0.240183517337
    },
    "spectral_centroid": {
        "dmean": 119.691215515,
        "dmean2": 190.084625244,
        "dvar": 101203.445312,
        "dvar2": 248415.09375,
        "max": 6250.22753906,
        "mean": 2238.95727539,
        "median": 2169.14355469,
        "min": 955.9765625,
        "stdev": 482.667236328,
        "var": 232967.671875
    },
    "spectral_complexity": {
        "dmean": 0.074074074626,
        "dmean2": 0.148837208748,
        "dvar": 0.068587385118,
        "dvar2": 0.135986700654,
        "max": 2,
        "mean": 1.07373273373,
        "median": 1,
        "min": 0,
        "stdev": 0.794045805931,
        "var": 0.630508780479
    },
    "spectral_decrease": {
        "dmean": 1.57319171579e-10,
        "dmean2": 1.05649176907e-10,
        "dvar": 4.11361636137e-20,
        "dvar2": 2.28434165651e-20,
        "max": 4.03644165889e-14,
        "mean": -2.06629025001e-09,
        "median": -1.2988563558e-09,
        "min": -6.87346135564e-09,
        "stdev": 2.15899609302e-09,
        "var": 4.66126366777e-18
    },
    "spectral_energy": {
        "dmean": 0.000735969340894,
        "dmean2": 0.000493102066685,
        "dvar": 8.97286270174e-07,
        "dvar2": 4.87059935494e-07,
        "max": 0.0323318094015,
        "mean": 0.00971661321819,
        "median": 0.00612794188783,
        "min": 1.16364642366e-08,
        "stdev": 0.0101358005777,
        "var": 0.000102734462416
    },
    "spectral_energyband_high": {
        "dmean": 9.82065193966e-06,
        "dmean2": 1.56488167704e-05,
        "dvar": 1.70642597275e-10,
        "dvar2": 3.61356167211e-10,
        "max": 0.000135716109071,
        "mean": 3.36593147949e-05,
        "median": 2.79579617199e-05,
        "min": 2.50056086948e-10,
        "stdev": 2.87904422294e-05,
        "var": 8.28889512583e-10
    },
    "spectral_energyband_low": {
        "dmean": 9.18852606446e-07,
        "dmean2": 1.41100929341e-06,
        "dvar": 8.9457120097e-13,
        "dvar2": 1.8796344689e-12,
        "max": 7.49800119593e-06,
        "mean": 1.33224750698e-06,
        "median": 9.90385387922e-07,
        "min": 3.71534003563e-09,
        "stdev": 1.27949567741e-06,
        "var": 1.6371090681e-12
    },
    "spectral_energyband_middle_high": {
        "dmean": 0.000733605178539,
        "dmean2": 0.000489893078338,
        "dvar": 8.95841594684e-07,
        "dvar2": 4.87200566113e-07,
        "max": 0.0322753861547,
        "mean": 0.0096798306331,
        "median": 0.00608736602589,
        "min": 8.44588343707e-10,
        "stdev": 0.0101151047274,
        "var": 0.000102315338154
    },
    "spectral_energyband_middle_low": {
        "dmean": 3.24677046137e-07,
        "dmean2": 5.56797203899e-07,
        "dvar": 1.37292534654e-13,
        "dvar2": 4.08473710585e-13,
        "max": 2.2963029096e-06,
        "mean": 6.58187673253e-07,
        "median": 6.06205844633e-07,
        "min": 1.77579717597e-09,
        "stdev": 4.77932928789e-07,
        "var": 2.2841987633e-13
    },
    "spectral_entropy": {
        "dmean": 0.127402201295,
        "dmean2": 0.149382263422,
        "dvar": 0.0143265938386,
        "dvar2": 0.0201125331223,
        "max": 8.74000358582,
        "mean": 5.65590190887,
        "median": 4.76137495041,
        "min": 3.77848863602,
        "stdev": 1.74016022682,
        "var": 3.02815771103
    },
    "spectral_flux": {
        "dmean": 0.00162893778179,
        "dmean2": 0.00249863788486,
        "dvar": 3.42594967151e-06,
        "dvar2": 5.99350823904e-06,
        "max": 0.0262623447925,
        "mean": 0.00687096174806,
        "median": 0.00669358065352,
        "min": 0.000281719083432,
        "stdev": 0.00448687793687,
        "var": 2.01320726774e-05
    },
    "spectral_kurtosis": {
        "dmean": 1.8165473938,
        "dmean2": 2.97975444794,
        "dvar": 2.92522931099,
        "dvar2": 7.91610574722,
        "max": 23.1649112701,
        "mean": 9.52433395386,
        "median": 9.69966602325,
        "min": -0.925115346909,
        "stdev": 6.26866817474,
        "var": 39.2961997986
    },
    "spectral_rms": {
        "dmean": 0.00011404594261,
        "dmean2": 7.65367440181e-05,
        "dvar": 1.16849507847e-08,
        "dvar2": 5.36504041193e-09,
        "max": 0.00561633612961,
        "mean": 0.00241603772156,
        "median": 0.00244509289041,
        "min": 3.36936909662e-06,
        "stdev": 0.0019085041713,
        "var": 3.64238826478e-06
    },
    "spectral_rolloff": {
        "dmean": 746.28503418,
        "dmean2": 1382.03076172,
        "dvar": 5121730.5,
        "dvar2": 14637697,
        "max": 15331.640625,
        "mean": 2866.59277344,
        "median": 2174.85351562,
        "min": 21.533203125,
        "stdev": 2846.23071289,
        "var": 8101029
    },
    "spectral_skewness": {
        "dmean": 0.210164234042,
        "dmean2": 0.33661365509,
        "dvar": 0.0283958464861,
        "dvar2": 0.0670781210065,
        "max": 4.37154054642,
        "mean": 2.70233201981,
        "median": 2.98969268799,
        "min": 0.560493648052,
        "stdev": 1.03757584095,
        "var": 1.07656359673
    },
    "spectral_spread": {
        "dmean": 677986.5,
        "dmean2": 1043278.0625,
        "dvar": 499255574528,
        "dvar2": 1.10026437427e+12,
        "max": 14303033,
        "mean": 5800123,
        "median": 4644832,
        "min": 3018990.5,
        "stdev": 2647287.5,
        "var": 7.0081314816e+12
    },
    "spectral_strongpeak": {
        "dmean": 0.321084082127,
        "dmean2": 0.275292247534,
        "dvar": 0.17083927989,
        "dvar2": 0.211528509855,
        "max": 15.0922746658,
        "mean": 6.23495006561,
        "median": 6.08815431595,
        "min": 0,
        "stdev": 5.12333917618,
        "var": 26.2486019135
    },
    "zerocrossingrate": {
        "dmean": 0.0131858540699,
        "dmean2": 0.0137331942096,
        "dvar": 0.00104642717633,
        "dvar2": 0.00124242145102,
        "max": 0.47412109375,
        "mean": 0.10927824676,
        "median": 0.09814453125,
        "min": 0.0009765625,
        "stdev": 0.0664987266064,
        "var": 0.00442208023742
    },
    "barkbands": {
        "dmean": [2.1697539978e-06, 1.81435183322e-07, 2.36148767208e-09, 1.79191483873e-09, 4.16703294093e-09, 2.04835401973e-08, 1.35821082381e-07, 2.50009037472e-07, 3.6908858192e-08, 1.38309648179e-08, 6.49826176868e-07, 7.89069531493e-07, 1.51401465587e-07, 0.000112057154183, 3.36568689363e-07, 0.000691392400768, 2.36081433513e-07, 1.42836853456e-07, 1.2143338779e-07, 5.99311249516e-07, 1.52315266178e-07, 4.72031985055e-07, 2.9462117368e-07, 1.21888240301e-06, 6.57822647554e-06, 4.10781012761e-06, 7.45224326693e-07],
        "dmean2": [3.77209357794e-06, 2.97979283914e-07, 3.80636233643e-09, 2.984816172e-09, 6.85324019756e-09, 3.58542138201e-08, 2.46486820288e-07, 4.37790362184e-07, 6.20037283738e-08, 2.42967104214e-08, 1.12915677164e-06, 1.41968507705e-06, 2.46884098942e-07, 0.000110079541628, 5.65041943901e-07, 0.000441713084001, 4.10904135606e-07, 2.50877974395e-07, 2.14216555605e-07, 9.07983348952e-07, 2.46096192313e-07, 7.79157460329e-07, 4.70223483262e-07, 2.03903459806e-06, 1.06378229248e-05, 6.76814306644e-06, 1.14414876862e-06],
        "dvar": [4.97016013415e-12, 3.70979356718e-14, 2.610765151e-17, 2.81546902612e-17, 4.64781205665e-17, 6.44955238237e-16, 2.53634207414e-14, 9.23566372034e-14, 2.11220497947e-15, 1.80466404522e-16, 7.42105216254e-13, 9.09492479158e-13, 3.58697616152e-14, 1.53043984596e-07, 1.61028471373e-13, 8.49442471917e-07, 8.82637130159e-14, 2.61785459575e-14, 2.08534869873e-14, 1.04594794197e-12, 2.89393515933e-14, 4.92885192296e-13, 9.23108296616e-14, 4.16068698592e-12, 8.46114775466e-11, 8.98825319728e-11, 4.44899152241e-12],
        "dvar2": [1.36357158204e-11, 9.37197639373e-14, 5.86582822944e-17, 8.43508628449e-17, 1.35782954865e-16, 1.91012409408e-15, 7.07379440397e-14, 2.80614100749e-13, 5.57175562198e-15, 5.08649743452e-16, 2.16552947449e-12, 2.55125651508e-12, 8.31280370602e-14, 1.59084578399e-07, 4.37823063394e-13, 3.86234859207e-07, 2.50214942082e-13, 7.02593094381e-14, 6.75430170778e-14, 2.35203978689e-12, 7.41679192563e-14, 1.35449193094e-12, 2.48565274266e-13, 1.07649826553e-11, 1.91411372863e-10, 1.95742477782e-10, 7.26473568802e-12],
        "max": [1.43631405081e-05, 1.44200816976e-06, 5.28830312874e-08, 5.74746010784e-08, 9.91775763737e-08, 2.34878299921e-07, 9.82655365078e-07, 1.43672468766e-06, 3.98224813125e-07, 9.30232175733e-08, 5.09599794896e-06, 7.98132259661e-06, 1.28907174712e-06, 0.00829501170665, 3.1397426028e-06, 0.032263495028, 2.22163134822e-06, 1.12930069918e-06, 1.46810077695e-06, 1.75063469214e-05, 2.03922809305e-06, 6.3470151872e-06, 2.63291303781e-06, 1.70892617462e-05, 9.00204540812e-05, 0.000115617716801, 2.96374892059e-05],
        "mean": [2.21516006604e-06, 2.59506435896e-07, 2.97018876161e-09, 2.28887286902e-09, 7.34267135982e-09, 2.78746625781e-08, 1.88511876331e-07, 3.67379300314e-07, 5.94215734395e-08, 2.36971668954e-08, 9.0431086619e-07, 1.38890811741e-06, 2.41279735747e-07, 0.000318308535498, 6.50338563446e-07, 0.00935693085194, 4.27260971492e-07, 3.16537779099e-07, 3.32466868258e-07, 2.77071808341e-06, 5.54148812171e-07, 1.2135740235e-06, 9.47730711687e-07, 2.83390545519e-06, 1.55780071509e-05, 8.66761092766e-06, 1.40289569117e-06],
        "median": [1.29125442072e-06, 1.83886584182e-07, 1.42716416462e-09, 8.78266570581e-10, 4.54058524113e-09, 1.96937648411e-08, 1.539977319e-07, 2.74803369393e-07, 4.84952167312e-08, 2.07790051832e-08, 6.70972099215e-07, 1.25931023831e-06, 1.78218115821e-07, 1.61447769642e-05, 4.75821508417e-07, 0.00601952755824, 3.43118642832e-07, 3.06308606923e-07, 2.90591373187e-07, 5.92417677581e-07, 5.02631621657e-07, 9.50524452037e-07, 1.05542665096e-06, 1.98580528377e-06, 1.15486427603e-05, 4.05556829719e-06, 5.38263066119e-07],
        "min": [2.02937222582e-09, 1.95868388175e-09, 4.34620603396e-11, 4.26818302923e-11, 1.10223989658e-10, 9.69105629078e-11, 8.19720125111e-11, 1.5835124878e-10, 5.68274212409e-11, 4.68097574591e-11, 6.43214995155e-11, 6.07990324752e-11, 4.4583808867e-11, 6.13421813345e-11, 1.2240607139e-10, 7.22010853882e-11, 5.74294604927e-11, 8.39651889684e-11, 2.06781536338e-11, 7.11525144359e-11, 1.05217133617e-10, 1.45013489064e-11, 9.67401853069e-12, 1.0891432721e-11, 8.61346063918e-12, 4.51789603992e-12, 5.52013122712e-12],
        "stdev": [2.42563169195e-06, 2.61582243866e-07, 5.8724487495e-09, 6.11267880757e-09, 1.12430447174e-08, 3.00253866214e-08, 1.73351523358e-07, 3.48424492813e-07, 5.64422144578e-08, 1.85893007654e-08, 9.25206222746e-07, 1.20590937058e-06, 2.44394897209e-07, 0.00111693434883, 6.02535919825e-07, 0.00982013810426, 4.04121323072e-07, 2.28587722972e-07, 2.73538404372e-07, 4.20566266257e-06, 4.49579147244e-07, 1.09882398647e-06, 6.67882034122e-07, 3.27098018715e-06, 1.60152630997e-05, 1.31988635985e-05, 3.37451865562e-06],
        "var": [5.88368936905e-12, 6.84252730431e-14, 3.44856560457e-17, 3.73648401474e-17, 1.26406061911e-16, 9.01523847301e-16, 3.00507502996e-14, 1.21399635136e-13, 3.18572352539e-15, 3.45562125667e-16, 8.56006563375e-13, 1.45421738887e-12, 5.97288603126e-14, 1.24754228636e-06, 3.63049542686e-13, 9.64351202128e-05, 1.63314037315e-13, 5.22523478208e-14, 7.48232517069e-14, 1.76875979141e-11, 2.02121414224e-13, 1.20741426839e-12, 4.46066415142e-13, 1.06993112287e-11, 2.56488635886e-10, 1.74209993653e-10, 1.1387376285e-11]
    },
    "erbbands": {
        "dmean": [1.84561922651e-05, 6.68366510581e-06, 3.08268909066e-06, 3.74878686671e-06, 8.14289705886e-06, 1.56132282427e-05, 6.19830752839e-05, 0.000208119963645, 0.00096455856692, 0.00452861282974, 0.00411377288401, 0.000862734508701, 0.00031958668842, 0.00323526700959, 0.0365661121905, 0.0287826638669, 0.207590565085, 6.19148349762, 0.916171312332, 6.54622459412, 39.9268455505, 1.51865375042, 0.0620555318892, 0.00989172887057, 0.00825889315456, 0.012667298317, 0.0238789245486, 0.00788861699402, 0.0154037559405, 0.0161282438785, 0.00776018435135, 0.00916898995638, 0.034186270088, 0.0382624305785, 0.0672652870417, 0.0325137972832, 0.00316603924148, 0.000828860676847, 5.78169892833e-05, 1.65761703101e-05],
        "dmean2": [2.88757928502e-05, 1.13167943709e-05, 4.97320525028e-06, 6.22091056357e-06, 1.42060807775e-05, 2.6175604944e-05, 0.00010636888328, 0.000369707762729, 0.00171484041493, 0.00766015565023, 0.00718020508066, 0.0014260278549, 0.000550556287635, 0.00542135071009, 0.0635251700878, 0.0473220199347, 0.213207036257, 6.14148521423, 0.869844257832, 3.9403026104, 26.3585395813, 1.0521914959, 0.0462920889258, 0.0127263125032, 0.0124655477703, 0.0197501666844, 0.036273021251, 0.0131311714649, 0.0248417630792, 0.0270163826644, 0.0126309040934, 0.0145354000852, 0.0575428977609, 0.0631270185113, 0.108159452677, 0.0547519102693, 0.0048915152438, 0.00141643243842, 9.61763144005e-05, 2.41735797317e-05],
        "dvar": [3.63457347552e-10, 5.4298388702e-11, 3.01399044611e-11, 7.19725529175e-11, 4.58028476258e-10, 5.92399018728e-10, 9.59659196553e-09, 7.35294776177e-08, 1.13065300411e-06, 3.03660763166e-05, 2.89527142741e-05, 1.29211355215e-06, 1.03923966321e-07, 1.35035452331e-05, 0.00225192052312, 0.00116844091099, 0.525211036205, 473.882843018, 9.23955059052, 71.4656066895, 2904.04980469, 4.29964923859, 0.0067214500159, 0.000116737457574, 0.000450314139016, 0.000418754701968, 0.00160097272601, 0.000124468802824, 0.000431682536146, 0.000761118833907, 6.99105512467e-05, 0.000110033790406, 0.00328332185745, 0.00271394709125, 0.0110755488276, 0.00529132736847, 3.84329359804e-05, 3.5668547298e-06, 1.45182088573e-08, 3.92954380146e-09],
        "dvar2": [8.1206580349e-10, 1.52515597374e-10, 7.21773127377e-11, 2.14755296879e-10, 1.3853660441e-09, 1.76962722254e-09, 2.17785274259e-08, 2.21354440555e-07, 3.24224720316e-06, 8.76613194123e-05, 8.90794763109e-05, 3.34535002366e-06, 3.15485095825e-07, 4.03874400945e-05, 0.00644213799387, 0.00302526424639, 0.548568606377, 491.99230957, 9.79714775085, 29.2878074646, 1383.83911133, 2.2038371563, 0.00343438237906, 0.000238636464928, 0.000839040498249, 0.000957934360486, 0.0032798871398, 0.000330909795593, 0.00113236531615, 0.00212072068825, 0.000192929524928, 0.000269498676062, 0.00875295232981, 0.00636660400778, 0.0238749682903, 0.0119880465791, 7.1857990406e-05, 9.50366393226e-06, 3.78871760631e-08, 6.45159037305e-09],
        "max": [0.000147037877468, 5.73506549699e-05, 4.81761780975e-05, 9.86671511782e-05, 0.000266367074801, 0.000281939923298, 0.00109177606646, 0.0023305977229, 0.00663746986538, 0.0377331599593, 0.0314976647496, 0.011239554733, 0.00254226429388, 0.0231499355286, 0.335736304522, 0.390719532967, 15.1993589401, 461.208190918, 67.5185470581, 311.304443359, 1843.3704834, 68.6230697632, 2.75984406471, 0.327657014132, 0.367942810059, 0.357289254665, 0.71791857481, 0.13139282167, 0.245106086135, 0.294569224119, 0.0713462531567, 0.119395844638, 0.476735413074, 0.398824065924, 1.09315752983, 0.846337616444, 0.0758122652769, 0.0201277285814, 0.00155945273582, 0.000880556239281],
        "mean": [2.74955364148e-05, 1.01377290775e-05, 4.57850228486e-06, 5.50810545974e-06, 1.19902169899e-05, 2.69511183433e-05, 9.73088244791e-05, 0.000294139608741, 0.00146463990677, 0.00637737615034, 0.00634850794449, 0.00162855791859, 0.000752847932745, 0.00610151747242, 0.0573087893426, 0.0618951953948, 0.597510993481, 17.6921367645, 4.05112218857, 89.1237182617, 537.391601562, 20.18034935, 0.819714128971, 0.0946860089898, 0.0351884663105, 0.0641960576177, 0.111424989998, 0.0273960586637, 0.040774948895, 0.0452966615558, 0.0235367435962, 0.0309131331742, 0.0725888609886, 0.0995459482074, 0.150570049882, 0.0650738254189, 0.00773062882945, 0.00126816623379, 0.0001485087123, 4.26201113441e-05],
        "median": [1.88350422832e-05, 7.95202231529e-06, 2.751133934e-06, 2.56414182331e-06, 5.97255711909e-06, 1.72383752215e-05, 6.84141559759e-05, 0.000224954681471, 0.00123534630984, 0.00506114540622, 0.00489004002884, 0.00137203442864, 0.000697886396665, 0.00528793223202, 0.0461289994419, 0.0504679754376, 0.0511807985604, 0.856366753578, 1.46648049355, 53.3050384521, 344.419281006, 13.09968853, 0.53348761797, 0.0673316270113, 0.0204584877938, 0.0228746477515, 0.0365049615502, 0.0233216602355, 0.0332633927464, 0.0413791909814, 0.0253306943923, 0.0302292555571, 0.0463467538357, 0.0780601501465, 0.0783104300499, 0.0301221832633, 0.00431267218664, 0.000614190939814, 0.00013555039186, 2.14198571484e-05],
        "min": [8.74824621633e-08, 3.35923346029e-07, 4.35547832467e-07, 2.90568664241e-07, 1.876033906e-07, 3.57539818197e-07, 5.34049092948e-07, 6.91896445915e-07, 4.6480306537e-07, 4.33676632383e-06, 4.6791387831e-06, 1.91553749573e-06, 1.98935049411e-06, 1.3444043816e-06, 3.16808632306e-06, 3.05621324515e-06, 1.83413897048e-06, 3.38106701747e-06, 7.05245201971e-06, 4.05727269026e-06, 3.36858556693e-06, 4.15600879933e-06, 3.85322982766e-06, 4.4035477913e-06, 2.10022631109e-06, 3.24937286678e-06, 2.75153047369e-06, 3.89162005376e-06, 6.38234041617e-07, 2.78965671896e-07, 3.16540905487e-07, 3.3551185652e-07, 1.29917580693e-07, 5.58242803095e-08, 7.46266408669e-08, 3.25254880806e-08, 6.3485972035e-09, 2.04348493682e-09, 8.65623295265e-10, 9.39692421098e-11],
        "stdev": [2.69411029876e-05, 8.84340897755e-06, 6.55209441902e-06, 1.21338598547e-05, 2.67715622613e-05, 3.78517834179e-05, 0.000141588127008, 0.000291679607471, 0.00118864350952, 0.00602748105302, 0.0061486470513, 0.00144581811037, 0.00051651179092, 0.00497658690438, 0.0552581995726, 0.0672817602754, 2.07234525681, 62.3049736023, 9.09803771973, 94.3089523315, 562.532348633, 21.0475482941, 0.844034016132, 0.0916916877031, 0.0489273183048, 0.0873928964138, 0.161734640598, 0.0249875430018, 0.0370209179819, 0.0394404381514, 0.0167120303959, 0.0240848138928, 0.0851924791932, 0.0932201743126, 0.173040211201, 0.101690210402, 0.0097085563466, 0.00205190107226, 0.000154202265549, 0.000100644421764],
        "var": [7.25823012804e-10, 7.82058792725e-11, 4.29299408522e-11, 1.47230561076e-10, 7.16716519467e-10, 1.43275746822e-09, 2.0047199456e-08, 8.50769978911e-08, 1.4128733028e-06, 3.63305298379e-05, 3.78058612114e-05, 2.09038989851e-06, 2.66784411451e-07, 2.47664193012e-05, 0.00305346865207, 0.00452683493495, 4.29461479187, 3881.90966797, 82.7742843628, 8894.17871094, 316442.65625, 442.999267578, 0.712393462658, 0.00840736553073, 0.00239388248883, 0.00763751799241, 0.0261580962688, 0.000624377338681, 0.00137054838706, 0.00155554828234, 0.000279291940387, 0.00058007822372, 0.00725775910541, 0.00869000051171, 0.0299429148436, 0.010340899229, 9.42560654948e-05, 4.21029790232e-06, 2.37783392976e-08, 1.01293000654e-08]
    },
    "gfcc": {
        "mean": [-323.600158691, -77.9665298462, -170.441040039, -8.28207778931, 2.09444212914, 30.3301315308, -64.2019882202, 26.6467933655, 19.7179870605, 34.7915534973, -12.9642505646, 17.2584114075, 7.66544914246],
        "cov": [[16128.5302734, -6338.765625, -5198.28808594, -1624.48071289, 2398.10302734, 91.667755127, -3134.05957031, 273.353790283, 1500.03820801, 575.340393066, -1169.57495117, 412.370544434, 1210.01831055], [-6338.765625, 3275.69238281, 1836.69787598, 734.916015625, -1110.57092285, -172.627243042, 1255.24865723, -288.632354736, -657.474121094, -365.997131348, 513.28692627, -287.116973877, -560.540344238], [-5198.28808594, 1836.69787598, 1990.77185059, 455.905853271, -828.525878906, 44.7121887207, 1037.04431152, -2.64289975166, -448.486724854, -124.785072327, 413.850799561, -66.0785522461, -382.15411377], [-1624.48071289, 734.916015625, 455.905853271, 342.132873535, -263.96282959, -44.9844703674, 354.670288086, -21.6629123688, -167.072052002, -95.6090774536, 123.177253723, -61.2200279236, -111.245605469], [2398.10302734, -1110.57092285, -828.525878906, -263.96282959, 679.846069336, -12.3298606873, -561.727844238, 58.2587394714, 321.788482666, 93.2205505371, -247.610733032, 63.6357154846, 258.24508667], [91.667755127, -172.627243042, 44.7121887207, -44.9844703674, -12.3298606873, 150.802307129, 39.9785804749, 22.3943004608, -9.25360393524, 63.3390617371, 30.9781093597, 29.996547699, -31.8864517212], [-3134.05957031, 1255.24865723, 1037.04431152, 354.670288086, -561.727844238, 39.9785804749, 741.94732666, -50.8000793457, -357.173187256, -85.2396392822, 267.360137939, -75.8837280273, -287.947692871], [273.353790283, -288.632354736, -2.64289975166, -21.6629123688, 58.2587394714, 22.3943004608, -50.8000793457, 128.247924805, 69.501449585, 39.4393959045, -36.4931716919, 54.059135437, 60.5112876892], [1500.03820801, -657.474121094, -448.486724854, -167.072052002, 321.788482666, -9.25360393524, -357.173187256, 69.501449585, 299.34387207, 18.9828147888, -109.067840576, 56.2344932556, 187.596801758], [575.340393066, -365.997131348, -124.785072327, -95.6090774536, 93.2205505371, 63.3390617371, -85.2396392822, 39.4393959045, 18.9828147888, 155.575408936, -42.9272613525, 35.5887718201, -8.42621135712], [-1169.57495117, 513.28692627, 413.850799561, 123.177253723, -247.610733032, 30.9781093597, 267.360137939, -36.4931716919, -109.067840576, -42.9272613525, 173.704971313, -48.1939926147, -105.662162781], [412.370544434, -287.116973877, -66.0785522461, -61.2200279236, 63.6357154846, 29.996547699, -75.8837280273, 54.059135437, 56.2344932556, 35.5887718201, -48.1939926147, 92.2359542847, 62.2544670105], [1210.01831055, -560.540344238, -382.15411377, -111.245605469, 258.24508667, -31.8864517212, -287.947692871, 60.5112876892, 187.596801758, -8.42621135712, -105.662162781, 62.2544670105, 215.006454468]],
        "icov": [[0.00137431803159, 0.00103418831713, 0.00213774107397, 0.000396518938942, 0.000949542038143, -0.000119248325063, 0.00143068272155, 0.000146253631101, -0.00074198335642, -0.000418673153035, -0.000566417817026, -0.000449522602139, 0.000166080208146], [0.00103418831713, 0.00382685335353, 0.00075706129428, -0.000724460580386, 0.0013483153889, 0.00276103755459, -0.000479002104839, 0.00301711075008, -0.00102061766665, 0.00215326528996, -0.00113118474837, 0.00079458107939, 0.00261576264165], [0.00213774107397, 0.00075706129428, 0.0059602339752, 0.0017257159343, 0.00119885546155, 0.000289774383418, -0.000337785255397, -0.00232317950577, -0.00115716096479, -0.000772330502514, -0.00286362529732, -0.00246718619019, 0.000520485278685], [0.000396518938942, -0.000724460580386, 0.0017257159343, 0.00840071588755, -0.000379730423447, 0.00164160400163, -0.00389706925489, -0.00331156654283, 0.000706433726009, 0.00102014711592, -0.000732842017896, 0.00108180276584, -0.00154375971761], [0.000949542038143, 0.0013483153889, 0.00119885546155, -0.000379730423447, 0.00747712654993, -0.0012339586392, 0.000594769662712, 0.00311150634661, -0.00444041797891, -0.00299408705905, 0.00573836592957, 0.00379816116765, -0.00365996127948], [-0.000119248325063, 0.00276103755459, 0.000289774383418, 0.00164160400163, -0.0012339586392, 0.0144884595647, -0.00398553861305, 0.000556425948162, -0.00018721804372, 4.96157517773e-05, -0.00691972207278, -0.0041663707234, 0.00534142041579], [0.00143068272155, -0.000479002104839, -0.000337785255397, -0.00389706925489, 0.000594769662712, -0.00398553861305, 0.016291892156, -0.00252931192517, 0.0048741614446, 0.000732761109248, -0.0048789200373, -0.00318316090852, 0.00360807590187], [0.000146253631101, 0.00301711075008, -0.00232317950577, -0.00331156654283, 0.00311150634661, 0.000556425948162, -0.00252931192517, 0.0186796206981, -0.00562433805317, -0.00343263777904, 0.00545695237815, -0.000517365988344, -0.00349481590092], [-0.00074198335642, -0.00102061766665, -0.00115716096479, 0.000706433726009, -0.00444041797891, -0.00018721804372, 0.0048741614446, -0.00562433805317, 0.0141303399578, 0.00358855957165, -0.00645156949759, -0.00214955001138, -0.0014965160517], [-0.000418673153035, 0.00215326528996, -0.000772330502514, 0.00102014711592, -0.00299408705905, 4.96157517773e-05, 0.000732761109248, -0.00343263777904, 0.00358855957165, 0.0160510595888, -0.0029831668362, -0.00305079529062, 0.00959132798016], [-0.000566417817026, -0.00113118474837, -0.00286362529732, -0.000732842017896, 0.00573836592957, -0.00691972207278, -0.0048789200373, 0.00545695237815, -0.00645156949759, -0.0029831668362, 0.0247596949339, 0.00989652052522, -0.00640438543633], [-0.000449522602139, 0.00079458107939, -0.00246718619019, 0.00108180276584, 0.00379816116765, -0.0041663707234, -0.00318316090852, -0.000517365988344, -0.00214955001138, -0.00305079529062, 0.00989652052522, 0.0244064796716, -0.00896876025945], [0.000166080208146, 0.00261576264165, 0.000520485278685, -0.00154375971761, -0.00365996127948, 0.00534142041579, 0.00360807590187, -0.00349481590092, -0.0014965160517, 0.00959132798016, -0.00640438543633, -0.00896876025945, 0.022797236219]]
    },
    "melbands": {
        "dmean": [2.00332706868e-07, 2.26882401755e-09, 7.22487347726e-10, 7.17111925397e-10, 1.74706160649e-09, 4.73348515939e-09, 1.79740702322e-08, 5.25663104156e-08, 2.87790040687e-08, 4.66208360805e-09, 1.66999503115e-09, 8.97068286321e-09, 1.01700713628e-07, 8.66998988158e-08, 6.27268903486e-08, 1.13615492126e-07, 1.41132513818e-05, 1.40815836858e-06, 1.46903627041e-08, 3.67417414964e-05, 3.90401874029e-05, 9.18021036966e-09, 1.74537824194e-08, 5.35710897864e-09, 6.53941967244e-09, 4.84075535212e-09, 8.09555711356e-09, 1.15111502552e-08, 2.54901042496e-08, 4.20571044657e-09, 5.76830716525e-09, 8.81437944855e-09, 1.10501314765e-08, 9.53447720775e-09, 5.37400524081e-09, 4.26785540242e-09, 6.45525499721e-09, 2.76236011842e-08, 2.57674592774e-08, 4.14606553534e-08],
        "dmean2": [3.06446622744e-07, 3.82429865553e-09, 1.24767751686e-09, 1.21758281235e-09, 2.94700175374e-09, 8.30658031248e-09, 3.17126236382e-08, 9.03851713474e-08, 5.05952364449e-08, 7.65354180032e-09, 2.87225265794e-09, 1.55355834863e-08, 1.75103735955e-07, 1.54875735348e-07, 1.11044329287e-07, 1.35487326247e-07, 1.39776702781e-05, 1.42720341501e-06, 2.45649989239e-08, 2.24174382311e-05, 2.6281684768e-05, 1.64401772196e-08, 2.9881842778e-08, 9.21034182255e-09, 1.14427729514e-08, 7.99627031256e-09, 1.17793614862e-08, 1.77444565708e-08, 3.85323382091e-08, 6.90804569103e-09, 9.92659821009e-09, 1.48754919493e-08, 1.84935107228e-08, 1.53594985619e-08, 9.11523123648e-09, 7.46017381204e-09, 1.03585202638e-08, 4.64059830563e-08, 4.23202877187e-08, 6.87134047439e-08],
        "dvar": [4.23875717241e-14, 1.01414526856e-17, 3.44480172599e-18, 1.66609271414e-18, 7.50220555542e-18, 3.28440499456e-17, 3.98592026228e-16, 4.07372152707e-15, 1.34438898866e-15, 3.95443882696e-17, 2.85008905765e-18, 1.09449057877e-16, 1.75822135578e-14, 1.12395368281e-14, 5.6700842887e-15, 2.05079903797e-13, 2.46035325446e-09, 2.03982837566e-11, 3.41898893459e-16, 2.29448349209e-09, 2.80431944333e-09, 1.38844859855e-16, 4.41120915235e-16, 3.51863772862e-17, 7.43144290099e-17, 4.55405907515e-17, 6.13223531148e-16, 3.85748597998e-16, 1.9562590141e-15, 2.56678164173e-17, 7.39550554297e-17, 2.16627326302e-16, 2.87664194409e-16, 1.75538591828e-16, 3.56242734676e-17, 3.03804082964e-17, 7.37515756165e-17, 2.90454098591e-15, 2.07876411871e-15, 4.13262716284e-15],
        "dvar2": [8.91991694266e-14, 2.66536866673e-17, 1.05594386296e-17, 4.90150628257e-18, 1.68527015218e-17, 9.69249478329e-17, 1.17111685848e-15, 1.16380632887e-14, 4.09191791236e-15, 1.03291452605e-16, 8.91406968497e-18, 3.27426091475e-16, 5.07926457784e-14, 3.17481738327e-14, 1.53606646717e-14, 3.17534464434e-13, 2.55289456241e-09, 2.3428363416e-11, 9.69506711647e-16, 9.59769708153e-10, 1.37825661994e-09, 4.08160030991e-16, 1.15574585746e-15, 9.95785895601e-17, 2.22745577628e-16, 1.12091019814e-16, 1.09352324067e-15, 8.49261755636e-16, 4.01375413551e-15, 6.34330533402e-17, 2.0815326459e-16, 5.88610130129e-16, 7.99193849882e-16, 4.93052531701e-16, 9.59877720512e-17, 7.31524917122e-17, 1.72270619604e-16, 7.48963472621e-15, 5.44288082961e-15, 9.29471191175e-15],
        "max": [1.64744642461e-06, 2.90598745067e-08, 2.31100987236e-08, 1.93189180209e-08, 3.22111297635e-08, 4.85658055993e-08, 1.25528160311e-07, 4.25017958605e-07, 2.15417813365e-07, 6.36244337215e-08, 1.23731336288e-08, 7.29225533291e-08, 8.96699702935e-07, 7.83318512276e-07, 5.67566758036e-07, 6.60164459987e-06, 0.00105162325781, 8.93983524293e-05, 1.62327765452e-07, 0.00173993839417, 0.00178676273208, 7.57118243655e-08, 1.46207071339e-07, 4.82712856353e-08, 8.80678356907e-08, 1.0026538888e-07, 4.04360690709e-07, 3.3511864217e-07, 7.73213571392e-07, 5.55027277471e-08, 9.81660264188e-08, 1.80574758701e-07, 1.57198215334e-07, 1.36080203106e-07, 4.32730082878e-08, 5.655402191e-08, 1.04392192668e-07, 4.37389189756e-07, 4.4559806156e-07, 4.91716434681e-07],
        "mean": [2.96593611893e-07, 3.50371909263e-09, 1.14092923997e-09, 1.28929866783e-09, 2.90605806086e-09, 6.61865806606e-09, 2.64430308761e-08, 7.67377628108e-08, 4.46526833286e-08, 7.74359687483e-09, 2.94881119522e-09, 1.34282993614e-08, 1.57822356073e-07, 1.56840485488e-07, 9.79773986387e-08, 2.2889992124e-07, 4.0206938138e-05, 3.61542720384e-06, 3.11776418016e-08, 0.000499729474541, 0.000522618531249, 1.9136125573e-08, 3.09853618319e-08, 1.31756712207e-08, 1.56576227539e-08, 1.19452199243e-08, 1.91899403035e-08, 5.21554675004e-08, 1.12108800465e-07, 1.31209487719e-08, 1.41821594468e-08, 2.14651283414e-08, 2.65993467252e-08, 2.43928308663e-08, 1.31080737376e-08, 1.27517205684e-08, 1.89618329927e-08, 5.1087887698e-08, 5.18305114383e-08, 9.05331702938e-08],
        "median": [2.14552954958e-07, 2.42500508563e-09, 5.22625831501e-10, 8.20957524184e-10, 1.96346428005e-09, 5.07612307743e-09, 2.12744737382e-08, 6.32161345493e-08, 3.43086554722e-08, 6.29307139732e-09, 2.51051557321e-09, 1.03274295782e-08, 1.27744328893e-07, 1.3401576382e-07, 7.57893872105e-08, 3.15513801752e-08, 1.78737957413e-06, 4.15326297798e-07, 2.39580462136e-08, 0.000307263049763, 0.000334135082085, 1.5900411654e-08, 2.47833327194e-08, 1.33259092649e-08, 1.25311654386e-08, 9.66919522227e-09, 8.44130010336e-09, 1.51632182366e-08, 2.83188157368e-08, 1.15049987315e-08, 1.17257847876e-08, 1.80828454432e-08, 2.02311483122e-08, 2.44227038593e-08, 1.27104549108e-08, 1.39200029281e-08, 1.86335213925e-08, 2.52335752293e-08, 3.32180789542e-08, 5.46489644648e-08],
        "min": [7.59993346033e-10, 2.12594442051e-10, 5.99491012387e-11, 1.28078086331e-11, 1.50065498222e-11, 1.53874638725e-11, 9.28374564724e-12, 5.55121955348e-11, 2.13293011725e-11, 8.9014767779e-12, 4.859411918e-12, 4.999907606e-12, 9.44373659134e-12, 7.31195399367e-12, 4.75720764864e-12, 4.98160714069e-12, 6.31289031466e-12, 9.36022093168e-12, 6.93352970524e-12, 5.52640008408e-12, 3.16525126422e-12, 4.06259574592e-12, 3.46150733944e-12, 3.79632566702e-12, 3.26286285317e-12, 1.40106269685e-13, 2.19491894278e-12, 2.17422932956e-12, 5.85378696471e-13, 2.517522215e-12, 2.16514545008e-12, 3.08827833098e-13, 1.61810587715e-13, 1.17710637244e-13, 1.29510361853e-13, 2.69531440352e-13, 1.69919823654e-13, 9.49217646758e-14, 5.51526530067e-14, 4.20899785565e-14],
        "stdev": [2.84250234017e-07, 3.77002562502e-09, 2.60907939698e-09, 2.08103911881e-09, 4.14878487121e-09, 6.54439835657e-09, 2.24020748618e-08, 7.14405530289e-08, 4.27675423964e-08, 7.66338903446e-09, 2.30816854518e-09, 1.25109682614e-08, 1.51703659412e-07, 1.36333966338e-07, 9.51101171154e-08, 8.79377807905e-07, 0.000142039527418, 1.16910596262e-05, 2.9412225544e-08, 0.000527601863723, 0.000546302238945, 1.71874194876e-08, 2.80279834897e-08, 8.69946248372e-09, 1.41441365287e-08, 1.3202882343e-08, 4.87711524499e-08, 7.71742492134e-08, 1.73359140376e-07, 1.11284697013e-08, 1.3930057996e-08, 2.10078621166e-08, 2.5598527742e-08, 2.04312762264e-08, 1.02050332629e-08, 9.54244949725e-09, 1.58028683472e-08, 7.64155814181e-08, 6.80509444351e-08, 1.04635816456e-07],
