{
"lowlevel": {
    "average_loudness": 0.923799037933,
    "barkbands_crest": {
        "dmean": 2.90834188461,
        "dmean2": 4.92739486694,
        "dvar": 8.73605823517,
        "dvar2": 22.8121414185,
        "max": 26.369884491,
        "mean": 11.8149423599,
        "median": 11.8255815506,
        "min": 3.61959576607,
        "stdev": 4.12099885941,
        "var": 16.982629776
    },
    "barkbands_flatness_db": {
        "dmean": 0.0305262412876,
        "dmean2": 0.0406784042716,
        "dvar": 0.00105323607568,
        "dvar2": 0.00152757414617,
        "max": 0.479638546705,
        "mean": 0.175561860204,
        "median": 0.133634626865,
        "min": 0.0270788390189,
        "stdev": 0.106785967946,
        "var": 0.0114032430574
    },
    "barkbands_kurtosis": {
        "dmean": 4.41009712219,
        "dmean2": 7.1768784523,
        "dvar": 65.5799102783,
        "dvar2": 149.543502808,
        "max": 113.138473511,
        "mean": 6.4178776741,
        "median": 2.73646616936,
        "min": -1.76752948761,
        "stdev": 10.4227437973,
        "var": 108.633583069
    },
    "barkbands_skewness": {
        "dmean": 0.620796918869,
        "dmean2": 0.959543287754,
        "dvar": 0.503747940063,
        "dvar2": 1.05731511116,
        "max": 9.09042739868,
        "mean": 0.955528080463,
        "median": 0.998191297054,
        "min": -2.81584072113,
        "stdev": 1.65740716457,
        "var": 2.74699854851
    },
    "barkbands_spread": {
        "dmean": 7.59647846222,
        "dmean2": 11.7460651398,
        "dvar": 157.964187622,
        "dvar2": 280.910339355,
        "max": 122.599708557,
        "mean": 39.7656135559,
        "median": 11.9941539764,
        "min": 0.2693541646,
        "stdev": 42.0918960571,
        "var": 1771.7277832
    },
    "dissonance": {
        "dmean": 0.0381558202207,
        "dmean2": 0.0657273903489,
        "dvar": 0.00200025411323,
        "dvar2": 0.00532393949106,
        "max": 0.499998837709,
        "mean": 0.452470570803,
        "median": 0.473096132278,
        "min": 0.196507200599,
        "stdev": 0.0556486286223,
        "var": 0.00309676979668
    },
    "dynamic_complexity": 22.103509903,
    "erbbands_crest": {
        "dmean": 3.52827048302,
        "dmean2": 5.81110334396,
        "dvar": 12.7599782944,
        "dvar2": 30.5346279144,
        "max": 32.3714828491,
        "mean": 11.6403570175,
        "median": 11.1653327942,
        "min": 2.10819792747,
        "stdev": 7.35041809082,
        "var": 54.0286483765
    },
    "erbbands_flatness_db": {
        "dmean": 0.0316117294133,
        "dmean2": 0.0401965603232,
        "dvar": 0.00124358187895,
        "dvar2": 0.00152316119056,
        "max": 0.549990355968,
        "mean": 0.212698936462,
        "median": 0.188133835793,
        "min": 0.0248733535409,
        "stdev": 0.137066811323,
        "var": 0.0187873095274
    },
    "erbbands_kurtosis": {
        "dmean": 3.03590488434,
        "dmean2": 4.90063095093,
        "dvar": 22.4588127136,
        "dvar2": 51.9645347595,
        "max": 48.9456443787,
        "mean": 4.24317359924,
        "median": 1.72853302956,
        "min": -1.32869923115,
        "stdev": 6.52383756638,
        "var": 42.5604553223
    },
    "erbbands_skewness": {
        "dmean": 0.504091262817,
        "dmean2": 0.811962842941,
        "dvar": 0.287049949169,
        "dvar2": 0.652359008789,
        "max": 5.48663330078,
        "mean": 0.841308474541,
        "median": 0.821769714355,
        "min": -1.78309571743,
        "stdev": 1.18551623821,
        "var": 1.40544879436
    },
    "erbbands_spread": {
        "dmean": 5.16496038437,
        "dmean2": 7.93300390244,
        "dvar": 52.1018829346,
        "dvar2": 101.07585907,
        "max": 90.185760498,
        "mean": 24.1357154846,
        "median": 11.967546463,
        "min": 0.694156289101,
        "stdev": 21.9929008484,
        "var": 483.687652588
    },
    "hfc": {
        "dmean": 7.26292610168,
        "dmean2": 10.5581226349,
        "dvar": 626.999023438,
        "dvar2": 1409.92834473,
        "max": 319.984771729,
        "mean": 8.61185741425,
        "median": 0.0607670880854,
        "min": 9.07967696548e-05,
        "stdev": 28.1190223694,
        "var": 790.679382324
    },
    "loudness_ebu128": {
        "integrated": -44.7616500854,
        "loudness_range": 4.2188873291,
        "momentary": {
            "dmean": 4.03787517548,
            "dmean2": 5.89369249344,
            "dvar": 47.2112808228,
            "dvar2": 72.6059417725,
            "max": -39.3314208984,
            "mean": -58.3916015625,
            "median": -48.3974342346,
            "min": -82.7955093384,
            "stdev": 15.999455452,
            "var": 255.982589722
        },
        "short_term": {
            "dmean": 0.286953479052,
            "dmean2": 0.457354724407,
            "dvar": 0.310514658689,
            "dvar2": 0.53881084919,
            "max": -44.9941177368,
            "mean": -47.6258621216,
            "median": -47.0470962524,
            "min": -53.320350647,
            "stdev": 1.5685158968,
            "var": 2.460242033
        }
    },
    "melbands_crest": {
        "dmean": 3.77355933189,
        "dmean2": 6.37202882767,
        "dvar": 10.6075639725,
        "dvar2": 27.3121318817,
        "max": 37.2648200989,
        "mean": 14.2183513641,
        "median": 13.1798591614,
        "min": 5.06712865829,
        "stdev": 5.28859472275,
        "var": 27.9692325592
    },
    "melbands_flatness_db": {
        "dmean": 0.0306301563978,
        "dmean2": 0.0410321615636,
        "dvar": 0.00107433926314,
        "dvar2": 0.00160133512691,
        "max": 0.527660310268,
        "mean": 0.21123765409,
        "median": 0.218248397112,
        "min": 0.0152999805287,
        "stdev": 0.138019189239,
        "var": 0.0190492961556
    },
    "melbands_kurtosis": {
        "dmean": 4.21392345428,
        "dmean2": 6.8555226326,
        "dvar": 44.7748565674,
        "dvar2": 95.5212173462,
        "max": 98.2210464478,
        "mean": 6.4641957283,
        "median": 4.6172208786,
        "min": -1.48429572582,
        "stdev": 9.18836688995,
        "var": 84.4260864258
    },
    "melbands_skewness": {
        "dmean": 0.634014248848,
        "dmean2": 0.983311831951,
        "dvar": 0.377481490374,
        "dvar2": 0.770813047886,
        "max": 8.97208118439,
        "mean": 1.31560540199,
        "median": 1.20338785648,
        "min": -2.01084804535,
        "stdev": 1.21874439716,
        "var": 1.48533785343
    },
    "melbands_spread": {
        "dmean": 6.83692216873,
        "dmean2": 10.7407312393,
        "dvar": 201.533309937,
        "dvar2": 372.127105713,
        "max": 198.317993164,
        "mean": 45.4183387756,
        "median": 8.89523887634,
        "min": 0.586304843426,
        "stdev": 65.2628479004,
        "var": 4259.23925781
    },
    "pitch_salience": {
        "dmean": 0.0752503424883,
        "dmean2": 0.123820275068,
        "dvar": 0.00570005457848,
        "dvar2": 0.0135380281135,
        "max": 0.912805914879,
        "mean": 0.609102845192,
        "median": 0.638563275337,
        "min": 0.100634604692,
        "stdev": 0.11916743964,
        "var": 0.0142008783296
    },
    "silence_rate_20dB": {
        "dmean": 0,
        "dmean2": 0,
        "dvar": 0,
        "dvar2": 0,
        "max": 1,
        "mean": 1,
        "median": 1,
        "min": 1,
        "stdev": 0,
        "var": 0
    },
    "silence_rate_30dB": {
        "dmean": 0.0263591427356,
        "dmean2": 0.0528052821755,
        "dvar": 0.0256644822657,
        "dvar2": 0.0566176362336,
        "max": 1,
        "mean": 0.973684191704,
        "median": 1,
        "min": 0,
        "stdev": 0.160072371364,
        "var": 0.025623165071
    },
    "silence_rate_60dB": {
        "dmean": 0.0691927522421,
        "dmean2": 0.138613864779,
        "dvar": 0.0644049420953,
        "dvar2": 0.126000702381,
        "max": 1,
        "mean": 0.733552634716,
        "median": 1,
        "min": 0,
        "stdev": 0.442100465298,
        "var": 0.195452809334
    },
    "spectral_centroid": {
        "dmean": 153.67767334,
        "dmean2": 244.693557739,
        "dvar": 74941.296875,
        "dvar2": 137850.390625,
        "max": 4125.49560547,
        "mean": 1581.46118164,
        "median": 879.070922852,
        "min": 477.313354492,
        "stdev": 1223.96936035,
        "var": 1498100.875
    },
    "spectral_complexity": {
        "dmean": 1.12026357651,
        "dmean2": 1.35313534737,
        "dvar": 3.48306751251,
        "dvar2": 4.78949451447,
        "max": 19,
        "mean": 3.16282892227,
        "median": 0,
        "min": 0,
        "stdev": 4.76398801804,
        "var": 22.6955814362
    },
    "spectral_decrease": {
        "dmean": 2.32607422213e-09,
        "dmean2": 3.25523452638e-09,
        "dvar": 5.16776058434e-17,
        "dvar2": 1.08915532999e-16,
        "max": 1.34458904514e-13,
        "mean": -2.83802559231e-09,
        "median": -1.25504658749e-11,
        "min": -8.11399161194e-08,
        "stdev": 8.85659368066e-09,
        "var": 7.84392544699e-17
    },
    "spectral_energy": {
        "dmean": 0.00943163968623,
        "dmean2": 0.0132405525073,
        "dvar": 0.000860321742948,
        "dvar2": 0.00182178453542,
        "max": 0.33526340127,
        "mean": 0.0114924451336,
        "median": 5.23124399479e-05,
        "min": 8.36508959878e-08,
        "stdev": 0.0359174273908,
        "var": 0.0012900615111
    },
    "spectral_energyband_high": {
        "dmean": 1.38695725127e-06,
        "dmean2": 1.6584426703e-06,
        "dvar": 8.68569452472e-12,
        "dvar2": 1.19016784275e-11,
        "max": 4.03964841098e-05,
        "mean": 3.33807065545e-06,
        "median": 1.24384860101e-06,
        "min": 2.80807532782e-09,
        "stdev": 5.09557185069e-06,
        "var": 2.59648535311e-11
    },
    "spectral_energyband_low": {
        "dmean": 1.45234128013e-06,
        "dmean2": 2.4338376079e-06,
        "dvar": 7.64853944069e-11,
        "dvar2": 2.2118111509e-10,
        "max": 0.000153855013195,
        "mean": 1.99847431759e-06,
        "median": 4.78877552723e-07,
        "min": 2.01662175847e-09,
        "stdev": 9.33950468607e-06,
        "var": 8.7226351142e-11
    },
    "spectral_energyband_middle_high": {
        "dmean": 0.00574979651719,
        "dmean2": 0.00891950447112,
        "dvar": 0.000658063043375,
        "dvar2": 0.00161517900415,
        "max": 0.327953606844,
        "mean": 0.00573972985148,
        "median": 1.68565675267e-05,
        "min": 1.30503963192e-08,
        "stdev": 0.0246264506131,
        "var": 0.00060646206839
    },
    "spectral_energyband_middle_low": {
        "dmean": 0.00486660050228,
        "dmean2": 0.00668831635267,
        "dvar": 0.000281386717688,
        "dvar2": 0.000547572912183,
        "max": 0.257670402527,
        "mean": 0.00585795519873,
        "median": 2.53731159319e-05,
        "min": 9.91333859446e-09,
        "stdev": 0.0219842344522,
        "var": 0.000483306561364
    },
    "spectral_entropy": {
        "dmean": 0.224949851632,
        "dmean2": 0.310039311647,
        "dvar": 0.0680499449372,
        "dvar2": 0.103477872908,
        "max": 8.89927577972,
        "mean": 7.43853759766,
        "median": 7.41219234467,
        "min": 4.93835878372,
        "stdev": 1.08943891525,
        "var": 1.18687725067
    },
    "spectral_flux": {
        "dmean": 0.0188637562096,
        "dmean2": 0.026139324531,
        "dvar": 0.00168764567934,
        "dvar2": 0.00287288217805,
        "max": 0.481311887503,
        "mean": 0.0427546799183,
        "median": 0.00533672980964,
        "min": 0.000676561496221,
        "stdev": 0.0770556628704,
        "var": 0.00593757489696
    },
    "spectral_kurtosis": {
        "dmean": 4.6400437355,
        "dmean2": 6.74235105515,
        "dvar": 51.3031425476,
        "dvar2": 120.102203369,
        "max": 75.2844390869,
        "mean": 15.4213142395,
        "median": 8.23719215393,
        "min": 1.8913974762,
        "stdev": 15.2402162552,
        "var": 232.264205933
    },
    "spectral_rms": {
        "dmean": 0.000766460725572,
        "dmean2": 0.000895832257811,
        "dvar": 2.49822892329e-06,
        "dvar2": 4.07243351219e-06,
        "max": 0.0180855263025,
        "mean": 0.00161016557831,
        "median": 0.000225910800509,
        "min": 9.03385989659e-06,
        "stdev": 0.00293589988723,
        "var": 8.61950775288e-06
    },
    "spectral_rolloff": {
        "dmean": 1071.19665527,
        "dmean2": 1769.70361328,
        "dvar": 8903829,
        "dvar2": 18540746,
        "max": 20908.7402344,
        "mean": 7620.70703125,
        "median": 1022.82714844,
        "min": 43.06640625,
        "stdev": 8723.90234375,
        "var": 76106472
    },
    "spectral_skewness": {
        "dmean": 0.367970705032,
        "dmean2": 0.538519203663,
        "dvar": 0.232899025083,
        "dvar2": 0.483779489994,
        "max": 7.03784894943,
        "mean": 2.84749674797,
        "median": 2.48707580566,
        "min": 1.24783480167,
        "stdev": 1.39456963539,
        "var": 1.94482445717
    },
    "spectral_spread": {
        "dmean": 620621.5,
        "dmean2": 856436.4375,
        "dvar": 667913093120,
        "dvar2": 807876952064,
        "max": 11897246,
        "mean": 6198395,
        "median": 6189535,
        "min": 813716.8125,
        "stdev": 3697811.5,
        "var": 1.36738095759e+13
    },
    "spectral_strongpeak": {
        "dmean": 0.503116309643,
        "dmean2": 0.741249799728,
        "dvar": 1.88952350616,
        "dvar2": 4.0688586235,
        "max": 15.843621254,
        "mean": 0.703522861004,
        "median": 0.0582497343421,
        "min": 0,
        "stdev": 1.75428521633,
        "var": 3.07751655579
    },
    "zerocrossingrate": {
        "dmean": 0.0183053184301,
        "dmean2": 0.0196158532053,
        "dvar": 0.00084451562725,
        "dvar2": 0.000746378325857,
        "max": 0.5380859375,
        "mean": 0.190950900316,
        "median": 0.090576171875,
        "min": 0.0234375,
        "stdev": 0.175886377692,
        "var": 0.0309360157698
    },
    "barkbands": {
        "dmean": [9.26744519347e-07, 7.31163424916e-07, 3.91997190263e-07, 3.27324727323e-07, 1.67330688328e-06, 0.000123185614939, 0.00195964472368, 0.0029456152115, 0.000374899012968, 0.00247051171027, 0.00362698058598, 0.000216064407141, 0.000175344262971, 4.81761671836e-05, 5.18243359693e-05, 1.46903048517e-05, 4.4217690629e-06, 1.59325122695e-06, 6.12039059433e-07, 3.92106784375e-07, 4.78202252907e-07, 5.60733042221e-07, 1.92534443499e-07, 9.46569329585e-08, 5.45825251663e-08, 2.27093011063e-08, 8.68776837137e-08],
        "dmean2": [1.51891185851e-06, 1.31732815589e-06, 6.28475333997e-07, 5.4171107422e-07, 2.98088912132e-06, 0.000203469826374, 0.0027167997323, 0.00437462329865, 0.000591626740061, 0.00402841065079, 0.00629025325179, 0.000327970104991, 0.000275530852377, 7.28925297153e-05, 7.62070631026e-05, 2.25904495892e-05, 6.23862661087e-06, 2.23588881454e-06, 8.41615758418e-07, 5.315157523e-07, 6.25333598236e-07, 7.22686820609e-07, 2.49459617407e-07, 1.18584779329e-07, 7.7048696312e-08, 3.77306506039e-08, 1.48644900833e-07],
        "dvar": [1.95675853992e-11, 3.10252483426e-11, 2.76178212244e-12, 1.20506469387e-12, 2.19769948767e-11, 1.67464733636e-07, 4.38588795078e-05, 0.000197208137251, 3.57930707651e-06, 0.000137970404467, 0.000461776333395, 1.19021160572e-06, 4.59972852696e-07, 1.87542994468e-08, 4.56284965367e-08, 2.91530688479e-09, 3.01051267249e-10, 2.69792729823e-11, 3.39329302504e-12, 1.32393423481e-12, 1.53952198212e-12, 1.79127155817e-12, 2.14581241773e-13, 5.98637215103e-14, 2.16802351896e-14, 5.20913615858e-16, 4.87062791154e-15],
        "dvar2": [4.49961873317e-11, 9.55134027425e-11, 7.03894754983e-12, 3.42479516968e-12, 6.1991585476e-11, 4.40352380338e-07, 9.17334036785e-05, 0.000378313561669, 6.64390063321e-06, 0.000375274859834, 0.00118260609452, 2.77195726994e-06, 1.13630028409e-06, 4.86701488001e-08, 9.33148882609e-08, 7.33602689706e-09, 5.78760983583e-10, 5.17771901742e-11, 7.05774067661e-12, 2.86421819422e-12, 2.94849799957e-12, 3.43745778369e-12, 4.16115194602e-13, 1.01099765495e-13, 3.44586962046e-14, 1.12490443494e-15, 1.31026882866e-14],
        "max": [7.51223706175e-05, 9.33498668019e-05, 3.06570254907e-05, 1.69240938703e-05, 5.27334377693e-05, 0.00446639861912, 0.101191207767, 0.229014083743, 0.0273127984256, 0.154894053936, 0.320519626141, 0.0210936460644, 0.00933267828077, 0.00125685147941, 0.00339953415096, 0.000638777739368, 0.00028252491029, 6.19339116383e-05, 1.87216592167e-05, 1.92462230189e-05, 1.68543938344e-05, 1.53212095029e-05, 6.49621961202e-06, 4.4690359573e-06, 2.09804034057e-06, 3.78347294827e-07, 9.87185330814e-07],
        "mean": [1.33543983338e-06, 6.97915481851e-07, 4.91084904297e-07, 3.3159417967e-07, 1.70844668901e-06, 9.34964991757e-05, 0.00217110593803, 0.00296199391596, 0.000452098989626, 0.0022151961457, 0.00307190767489, 0.000210473750485, 0.00017909934104, 5.17579755979e-05, 5.43485621165e-05, 1.47304845086e-05, 5.03979299538e-06, 1.99481041818e-06, 7.58910744025e-07, 5.42963334738e-07, 7.42843781154e-07, 8.63054367528e-07, 3.21307453532e-07, 1.9415702468e-07, 1.6177224893e-07, 1.49923778281e-07, 7.23595348973e-07],
        "median": [7.76525553192e-07, 9.43701508049e-08, 8.09688316394e-08, 6.84942449425e-08, 3.63377495205e-07, 6.93423373832e-07, 7.32554599381e-06, 5.07688309881e-06, 9.84501866697e-07, 5.56981513e-06, 4.53388338428e-06, 4.93299012305e-07, 5.9804006014e-07, 2.30032995319e-07, 2.10415777246e-07, 1.25369041371e-07, 6.22147098284e-08, 5.89867710232e-08, 5.24579490957e-08, 5.60534409999e-08, 6.81935716784e-08, 6.70961242122e-08, 6.68461055398e-08, 8.53829931202e-08, 1.11877582754e-07, 1.46602531004e-07, 7.22002255316e-07],
        "min": [3.13100934068e-10, 2.23170190661e-10, 2.02939002408e-11, 2.441782887e-11, 5.10928022113e-10, 3.53489737481e-10, 4.35697061762e-10, 7.8245887547e-10, 6.55313414644e-10, 6.26553808836e-10, 6.70073718734e-10, 1.19662169062e-09, 1.27417620899e-09, 5.63217250615e-10, 8.42789837918e-10, 5.347244314e-10, 1.22254939505e-09, 6.03957439615e-10, 3.18453458048e-10, 2.51694359799e-10, 1.57890006625e-10, 2.1154855645e-10, 3.11662834429e-10, 4.43605180367e-10, 2.80707429523e-10, 4.5015852157e-10, 8.2158324588e-10],
        "stdev": [4.90808997711e-06, 4.98232338941e-06, 2.11295696317e-06, 1.09500285816e-06, 4.22944913225e-06, 0.000351842696546, 0.00805572699755, 0.0170239005238, 0.00233960431069, 0.0103700663894, 0.0188530739397, 0.0011100510601, 0.000698166608345, 0.000153405591846, 0.000237826709053, 5.30509096279e-05, 2.07205503102e-05, 6.39421432425e-06, 2.18255104301e-06, 1.39948474498e-06, 1.75919171852e-06, 1.96326686819e-06, 6.66444009312e-07, 3.59167557917e-07, 2.07043783007e-07, 4.07218223586e-08, 8.45053378384e-08],
        "var": [2.40893485715e-11, 2.48235442618e-11, 4.46458668646e-12, 1.19903132562e-12, 1.78882412355e-11, 1.23793284956e-07, 6.48947388981e-05, 0.000289813178824, 5.47374884263e-06, 0.000107538275188, 0.000355438387487, 1.23221343529e-06, 4.87436636831e-07, 2.35332748844e-08, 5.65615465575e-08, 2.81439915817e-09, 4.2934120148e-10, 4.08859751611e-11, 4.76352898099e-12, 1.95855766501e-12, 3.09475535476e-12, 3.85441678574e-12, 4.44147648347e-13, 1.29001342486e-13, 4.28671278975e-14, 1.65826689403e-15, 7.14115181918e-15]
    },
    "erbbands": {
        "dmean": [4.31430526078e-05, 8.67325506988e-05, 0.00032327932422, 0.00087606679881, 0.00156050466467, 0.00739938998595, 0.0685199797153, 1.31556737423, 11.7588472366, 61.6635398865, 52.0590133667, 12.3792953491, 27.0742321014, 168.776657104, 61.6194343567, 9.39537715912, 8.05526065826, 3.16842532158, 3.0084426403, 1.4561920166, 0.805844128132, 0.250587463379, 0.106637552381, 0.0457943677902, 0.0235892105848, 0.0199190936983, 0.014691080898, 0.0226954463869, 0.0225087366998, 0.0119495419785, 0.00382798537612, 0.00197364413179, 0.00166939885821, 0.000853143283166, 0.00029330997495, 0.00011923344573, 4.8362348025e-05, 2.44206876232e-05, 1.4761154489e-05, 1.2375321603e-05],
        "dmean2": [7.58547394071e-05, 0.000159182731295, 0.00053070357535, 0.00142870296258, 0.00272562215105, 0.0129669979215, 0.111313819885, 2.14718985558, 17.4636459351, 85.5520782471, 78.4714050293, 18.6533279419, 43.1472740173, 267.299438477, 101.341781616, 14.2005901337, 12.7063694, 4.5486035347, 4.66118240356, 2.08470129967, 1.2071274519, 0.356726437807, 0.146601974964, 0.0646187588573, 0.0327476225793, 0.0267199333757, 0.0202412232757, 0.0292488113046, 0.0302292481065, 0.0146736958995, 0.00493234908208, 0.00254931789823, 0.0021637706086, 0.0011829509167, 0.000415934278863, 0.000181666036951, 7.90274934843e-05, 4.17554474552e-05, 2.40348745137e-05, 1.78779500857e-05],
        "dvar": [1.11721931262e-07, 3.94509811485e-07, 1.64806078828e-06, 1.38120212796e-05, 1.90090613614e-05, 0.000356844451744, 0.050290338695, 16.2875556946, 1209.81152344, 57938.4765625, 89515.046875, 2826.23046875, 8753.86621094, 639739.6875, 121155.453125, 2357.43139648, 1148.00231934, 88.3366546631, 140.392471313, 30.2122116089, 11.5892086029, 0.793359816074, 0.132473468781, 0.0189176592976, 0.00459098536521, 0.0033709758427, 0.00140302570071, 0.00328911910765, 0.00297563755885, 0.000767757592257, 7.03094556229e-05, 2.01196799026e-05, 2.2171796445e-05, 5.95924848312e-06, 3.0407247209e-07, 1.74200369685e-08, 2.02144723183e-09, 3.89365983899e-10, 2.38029956856e-10, 1.14961995479e-09],
        "dvar2": [3.29463063053e-07, 1.28230362861e-06, 4.34197499999e-06, 3.95314054913e-05, 5.28680211573e-05, 0.00100263545755, 0.128251299262, 42.8454856873, 2692.46826172, 117475.34375, 196640.46875, 6039.49316406, 20847.0429688, 1594820.75, 319704, 5732.15917969, 2942.81445312, 211.903274536, 290.733764648, 64.8361663818, 29.7783432007, 1.57965004444, 0.267134070396, 0.0374791398644, 0.00954596791416, 0.00712978700176, 0.00249670632184, 0.00593608850613, 0.00599387800321, 0.0013587399153, 0.000127076520585, 3.47434979631e-05, 3.87351610698e-05, 9.01477960724e-06, 5.22838320194e-07, 3.5639033058e-08, 4.92115725947e-09, 1.13312870198e-09, 5.23647181172e-10, 2.44537634586e-09],
        "max": [0.00544909015298, 0.0109101785347, 0.0226372815669, 0.0585407614708, 0.0653885677457, 0.181525632739, 2.7028632164, 43.947265625, 474.902313232, 3721.15649414, 5385.53173828, 692.163391113, 1029.08581543, 9295.8828125, 5409.88476562, 954.345275879, 509.723510742, 95.0704040527, 159.871185303, 79.9767227173, 41.8957519531, 13.1323680878, 4.06450080872, 1.65328681469, 0.792362928391, 0.990888595581, 0.489649355412, 0.672551989555, 0.667850077152, 0.344966799021, 0.102026291192, 0.0561203919351, 0.0971446931362, 0.0381908342242, 0.00929329544306, 0.00188956456259, 0.000717804592568, 0.000280333828414, 0.000263157882728, 0.000413182133343],
        "mean": [4.37355192844e-05, 8.46125476528e-05, 0.000428214465501, 0.0010193643393, 0.00200292281806, 0.00809417013079, 0.067820943892, 1.23351442814, 13.8664150238, 64.8057937622, 49.3454475403, 13.9709796906, 26.6738128662, 152.942596436, 54.0400276184, 10.0038127899, 8.18384170532, 3.68840956688, 3.37111783028, 1.65735447407, 0.776184618473, 0.284804970026, 0.129535570741, 0.0610078126192, 0.0311184488237, 0.0272214133292, 0.0244290530682, 0.0346572808921, 0.0330332443118, 0.0191610958427, 0.00710883969441, 0.00399405928329, 0.00332751357928, 0.0020429729484, 0.00102952774614, 0.000553965393919, 0.00027983385371, 0.000161020841915, 8.67721173563e-05, 2.71704848274e-05],
        "median": [4.92469371238e-06, 2.08324363484e-05, 9.27887158468e-05, 0.000210881771636, 0.000612769916188, 0.00145828537643, 0.00199979706667, 0.00940985232592, 0.0532762408257, 0.190925911069, 0.0894348025322, 0.0306945536286, 0.0977242738008, 0.335503637791, 0.0964128673077, 0.0308609977365, 0.0286168195307, 0.0160756576806, 0.0133086740971, 0.00940007902682, 0.00602606823668, 0.00379095552489, 0.0031490852125, 0.00286123994738, 0.00259659090079, 0.00265132845379, 0.0026551024057, 0.00271075870842, 0.00245376490057, 0.00215409277007, 0.00186990690418, 0.00170239037834, 0.00149974459782, 0.00119121093303, 0.00083350535715, 0.000498302280903, 0.000273148179986, 0.00016129843425, 8.32441292005e-05, 1.4744064174e-05],
        "min": [3.45888935271e-08, 6.69861464075e-08, 3.81159743768e-08, 2.18202245605e-07, 6.87686792844e-07, 1.4768265828e-06, 1.34582728606e-06, 4.27352279075e-06, 6.32486489849e-06, 1.08602998807e-05, 2.1765992642e-05, 1.87352979992e-05, 2.90689040412e-05, 4.01891484216e-05, 3.16257355735e-05, 4.46757512691e-05, 6.09351372987e-05, 3.87916807085e-05, 1.69832383108e-05, 5.25290124642e-05, 3.15018587571e-05, 7.38268354326e-05, 4.07307597925e-05, 2.12485210795e-05, 1.19850337796e-05, 1.3510345525e-05, 8.01955684437e-06, 6.32794626654e-06, 7.20346997696e-06, 8.93257401913e-06, 9.29401085159e-06, 8.26559971756e-06, 7.57193220124e-06, 3.14748513119e-06, 1.96865744329e-06, 1.12443240141e-06, 9.65074377746e-07, 3.96821320692e-07, 1.69092288616e-07, 1.05704023312e-08],
        "stdev": [0.000318447942846, 0.000514061423019, 0.00170013797469, 0.00385363842361, 0.00433337921277, 0.0183359403163, 0.21492561698, 3.78000450134, 42.443157196, 279.261260986, 323.532043457, 66.157409668, 93.7042617798, 753.932312012, 299.17779541, 47.3510551453, 33.27526474, 10.8654327393, 13.398686409, 6.17643165588, 3.20276069641, 1.05951154232, 0.429232478142, 0.172310322523, 0.0828082934022, 0.0718401744962, 0.0555523000658, 0.0828463956714, 0.0767638608813, 0.042486011982, 0.0132568338886, 0.00671374145895, 0.00671822763979, 0.00347844860516, 0.000830494915135, 0.000239816115936, 7.57460147724e-05, 2.80926906271e-05, 2.1840662157e-05, 4.18166891905e-05],
        "var": [1.01409099784e-07, 2.6425917099e-07, 2.89046920443e-06, 1.48505296238e-05, 1.87781770364e-05, 0.00033620672184, 0.0461930185556, 14.2884340286, 1801.42150879, 77986.859375, 104672.984375, 4376.80322266, 8780.48828125, 568413.9375, 89507.359375, 2242.12231445, 1107.24316406, 118.057632446, 179.524795532, 38.1483078003, 10.2576761246, 1.12256467342, 0.18424052, 0.0296908468008, 0.00685721309856, 0.00516101112589, 0.00308605795726, 0.00686352513731, 0.0058926907368, 0.00180506135803, 0.000175743640284, 4.50743245892e-05, 4.51345804322e-05, 1.20996046462e-05, 6.89721787239e-07, 5.75117660162e-08, 5.73745850829e-09, 7.89199261497e-10, 4.7701453898e-10, 1.74863534763e-09]
    },
    "gfcc": {
        "mean": [-314.528778076, 22.2780246735, -113.628684998, -52.353427887, -66.0428848267, -5.05217456818, -18.1700725555, -0.0993328318, -5.55036020279, 4.56337165833, -5.83425045013, 3.29873776436, -4.3320479393],
        "cov": [[16366.4199219, 7494.81982422, -5819.51464844, -4694.84033203, -2778.90991211, -516.835998535, 70.971321106, -315.973175049, 880.209106445, 470.662231445, 153.678726196, 299.774414062, 58.8892555237], [7494.81982422, 4013.63842773, -2256.953125, -2220.43334961, -1312.49084473, -285.115753174, -13.2347869873, -152.658477783, 330.678222656, 211.472946167, 19.8786964417, 113.377716064, -16.1386585236], [-5819.51464844, -2256.953125, 2630.109375, 1852.79968262, 1045.46166992, 172.966033936, -49.8711738586, 118.295097351, -398.655761719, -199.277923584, -116.646530151, -176.387268066, -78.9370193481], [-4694.84033203, -2220.43334961, 1852.79968262, 1664.69445801, 931.776367188, 168.306121826, -29.5314884186, 84.3093185425, -268.493011475, -157.081954956, -66.8214492798, -130.18888855, -37.3916854858], [-2778.90991211, -1312.49084473, 1045.46166992, 931.776367188, 599.893615723, 147.935317993, -10.0848903656, 66.3374786377, -153.236602783, -103.917190552, -54.4947357178, -78.2995986938, -4.27313089371], [-516.835998535, -285.115753174, 172.966033936, 168.306121826, 147.935317993, 111.507606506, 45.2485923767, 53.646522522, -25.7180423737, -40.2316551208, -26.9760169983, -38.1859588623, 2.16595005989], [70.971321106, -13.2347869873, -49.8711738586, -29.5314884186, -10.0848903656, 45.2485923767, 81.8367538452, 50.1329994202, 15.3936758041, -4.61875915527, 9.4352684021, -6.44617033005, -10.2445335388], [-315.973175049, -152.658477783, 118.295097351, 84.3093185425, 66.3374786377, 53.646522522, 50.1329994202, 86.751625061, 6.45466423035, -18.9135932922, -15.2370519638, -38.6877670288, -13.7274332047], [880.209106445, 330.678222656, -398.655761719, -268.493011475, -153.236602783, -25.7180423737, 15.3936758041, 6.45466423035, 124.320404053, 74.3231277466, 31.572851181, 19.3617401123, -4.17623901367], [470.662231445, 211.472946167, -199.277923584, -157.081954956, -103.917190552, -40.2316551208, -4.61875915527, -18.9135932922, 74.3231277466, 94.617477417, 50.8172836304, 24.3861179352, -9.02464008331], [153.678726196, 19.8786964417, -116.646530151, -66.8214492798, -54.4947357178, -26.9760169983, 9.4352684021, -15.2370519638, 31.572851181, 50.8172836304, 70.8733291626, 51.0794258118, 4.068775177], [299.774414062, 113.377716064, -176.387268066, -130.18888855, -78.2995986938, -38.1859588623, -6.44617033005, -38.6877670288, 19.3617401123, 24.3861179352, 51.0794258118, 90.5241165161, 39.7743492126], [58.8892555237, -16.1386585236, -78.9370193481, -37.3916854858, -4.27313089371, 2.16595005989, -10.2445335388, -13.7274332047, -4.17623901367, -9.02464008331, 4.068775177, 39.7743492126, 62.448348999]],
        "icov": [[0.00427865888923, -0.00639200862497, 0.00601200805977, -0.00509902043268, 0.00364548782818, -0.00228166510351, -0.00141871557571, 0.00248753488995, -0.00300277816132, 0.00392340030521, -0.00445297174156, 0.00471997074783, -0.00284766685218], [-0.00639200862497, 0.0108779072762, -0.00938550662249, 0.0090497834608, -0.00409355061129, 0.00304854102433, 0.00233091576956, -0.00301491841674, 0.00431324308738, -0.00672196736559, 0.00909024942666, -0.0077018593438, 0.00535794859752], [0.00601200805977, -0.00938550662249, 0.0123958075419, -0.0104950871319, 0.00416743708774, -0.00245161610655, -4.72661522508e-05, -0.00270283501595, 0.00474859215319, -0.000852017779835, -0.00145524879918, 0.00244479137473, -0.000209757796256], [-0.00509902043268, 0.0090497834608, -0.0104950871319, 0.0175413247198, -0.0157202277333, 0.0101492581889, -0.00297005311586, 0.00344669143669, -0.00149775634054, 0.00115101959091, -0.000917842960916, 0.00184576993342, 0.00217716721818], [0.00364548782818, -0.00409355061129, 0.00416743708774, -0.0157202277333, 0.0320192053914, -0.0231645163149, 0.0104116853327, -0.00187576177996, -0.00232519395649, 2.03737795346e-06, 0.00333587662317, -0.00399925466627, -0.00217577652074], [-0.00228166510351, 0.00304854102433, -0.00245161610655, 0.0101492581889, -0.0231645163149, 0.0375863350928, -0.0187998749316, -0.000236454579863, 0.000599486287683, 0.00225330516696, -0.000117069503176, 0.00992828980088, -0.00605738302693], [-0.00141871557571, 0.00233091576956, -4.72661522508e-05, -0.00297005311586, 0.0104116853327, -0.0187998749316, 0.0361517891288, -0.020326571539, 0.00683627696708, -0.00200026552193, -0.00239307340235, -0.0119760083035, 0.010880805552], [0.00248753488995, -0.00301491841674, -0.00270283501595, 0.00344669143669, -0.00187576177996, -0.000236454579863, -0.020326571539, 0.0409365780652, -0.0249006915838, 0.0199730042368, -0.0147761516273, 0.0227861180902, -0.0112626124173], [-0.00300277816132, 0.00431324308738, 0.00474859215319, -0.00149775634054, -0.00232519395649, 0.000599486287683, 0.00683627696708, -0.0249006915838, 0.0475640594959, -0.0373714268208, 0.0219046417624, -0.0182216987014, 0.012478493154], [0.00392340030521, -0.00672196736559, -0.000852017779835, 0.00115101959091, 2.03737795346e-06, 0.00225330516696, -0.00200026552193, 0.0199730042368, -0.0373714268208, 0.0560220927, -0.0440562739968, 0.0272395834327, -0.0107225701213], [-0.00445297174156, 0.00909024942666, -0.00145524879918, -0.000917842960916, 0.00333587662317, -0.000117069503176, -0.00239307340235, -0.0147761516273, 0.0219046417624, -0.0440562739968, 0.0725308433175, -0.047610796988, 0.0214475039393], [0.00471997074783, -0.0077018593438, 0.00244479137473, 0.00184576993342, -0.00399925466627, 0.00992828980088, -0.0119760083035, 0.0227861180902, -0.0182216987014, 0.0272395834327, -0.047610796988, 0.0595472790301, -0.0319263339043], [-0.00284766685218, 0.00535794859752, -0.000209757796256, 0.00217716721818, -0.00217577652074, -0.00605738302693, 0.010880805552, -0.0112626124173, 0.012478493154, -0.0107225701213, 0.0214475039393, -0.0319263339043, 0.0387141034007]]
    },
    "melbands": {
        "dmean": [3.16040882353e-07, 1.39607138294e-07, 1.5121646868e-07, 2.81990764961e-07, 1.61220930295e-06, 3.22675768984e-05, 0.000237271073274, 0.000709044223186, 0.000356096163159, 5.90392774029e-05, 0.000135627342388, 0.000671349116601, 0.000350292248186, 2.91498599836e-05, 1.81668638106e-05, 1.57590402523e-05, 4.79983191326e-06, 4.97219070894e-06, 3.34511901201e-06, 1.0199986491e-06, 9.66937705016e-07, 2.85335886474e-07, 1.30741241833e-07, 7.62044152225e-08, 3.8183124218e-08, 1.72823479971e-08, 1.58760649072e-08, 1.33278135195e-08, 8.54360138192e-09, 1.28557253731e-08, 1.45983403144e-08, 1.47092578118e-08, 8.68268568155e-09, 6.18445561429e-09, 2.45995157577e-09, 1.42283951288e-09, 1.17357934482e-09, 1.23119225925e-09, 1.15294362946e-09, 6.33016195017e-10],
        "dmean2": [5.38169786068e-07, 2.37417083326e-07, 2.48426232474e-07, 4.91947787395e-07, 2.69320889856e-06, 5.28442651557e-05, 0.000345864129486, 0.00100559310522, 0.000538248219527, 9.10855815164e-05, 0.00022576309857, 0.00105212326162, 0.000592889613472, 4.44688703283e-05, 2.88182363875e-05, 2.50408193097e-05, 6.95120343153e-06, 7.93842900748e-06, 4.89981812279e-06, 1.50407106503e-06, 1.53764835886e-06, 4.05694720484e-07, 1.93901854573e-07, 1.07138873773e-07, 5.41066320636e-08, 2.44139091166e-08, 2.19743352403e-08, 1.80221331192e-08, 1.20869811937e-08, 1.81677322075e-08, 1.90821101143e-08, 2.08956070225e-08, 1.10270681475e-08, 8.04367239482e-09, 3.42940653653e-09, 1.97318494877e-09, 1.56074986268e-09, 1.69261038518e-09, 1.58027879671e-09, 9.15351516806e-10],
        "dvar": [5.72752435757e-12, 3.63098602834e-13, 2.76230481631e-13, 5.07675336232e-13, 3.22547058507e-11, 1.00902814992e-08, 5.54580878998e-07, 7.94704556029e-06, 4.5093593144e-06, 8.61591118451e-08, 2.39638382027e-07, 9.85479800875e-06, 4.50681864095e-06, 2.197275073e-08, 4.05729050357e-09, 4.10094891379e-09, 2.02998853838e-10, 3.99880767388e-10, 1.91869978239e-10, 9.25732667606e-12, 2.16374661244e-11, 1.33707476514e-12, 3.03791795322e-13, 6.95002188396e-14, 1.46676714421e-14, 2.52371518459e-15, 2.26546119172e-15, 1.35639938646e-15, 4.45867661402e-16, 1.50435645471e-15, 1.25019119575e-15, 1.46181867185e-15, 3.72343772212e-16, 2.25697858027e-16, 3.43301361644e-17, 9.75209794407e-18, 7.55804190113e-18, 1.27054164538e-17, 1.21681485839e-17, 2.7450141656e-18],
        "dvar2": [1.63874348119e-11, 1.09361358944e-12, 7.86877344967e-13, 1.4264765584e-12, 8.0751814957e-11, 2.57860897079e-08, 1.2145370647e-06, 1.59448718478e-05, 1.00990955616e-05, 1.64765268096e-07, 5.69632447878e-07, 2.47010084422e-05, 1.18039924928e-05, 5.08497244311e-08, 1.03701287557e-08, 9.72382618869e-09, 5.14659814765e-10, 8.7387957981e-10, 3.96779775702e-10, 2.0839501999e-11, 5.79445623428e-11, 2.77849661681e-12, 7.54012249773e-13, 1.50763150336e-13, 3.22980845627e-14, 5.33648417407e-15, 4.89370363013e-15, 2.77920170906e-15, 8.1460529672e-16, 3.21442904846e-15, 2.34128101665e-15, 3.19344317191e-15, 6.66871104016e-16, 4.36189648235e-16, 7.6000501031e-17, 1.99213132926e-17, 1.29548436686e-17, 2.53198579295e-17, 2.00398151871e-17, 4.15116289071e-18],
        "max": [4.08986998082e-05, 8.27670282888e-06, 8.00590350991e-06, 6.70432746119e-06, 6.00954299443e-05, 0.000975883565843, 0.0101930899546, 0.0384065359831, 0.0395532175899, 0.00443429965526, 0.00554037839174, 0.0377301052213, 0.0330065824091, 0.00288535398431, 0.000690004613716, 0.000893528864253, 0.000141784141306, 0.000260937435087, 0.00020542126731, 3.3601460018e-05, 5.59449727007e-05, 1.93182277144e-05, 6.81621986587e-06, 3.78450044991e-06, 1.48154163071e-06, 6.34921093479e-07, 6.68010727622e-07, 5.96754944127e-07, 2.59505611666e-07, 5.11874304721e-07, 3.80873217409e-07, 4.79959453514e-07, 1.66929453371e-07, 1.88551567248e-07, 7.59677831752e-08, 4.20627870312e-08, 3.91721854953e-08, 7.29366078644e-08, 6.26240748147e-08, 2.50800749058e-08],
        "mean": [3.45666734347e-07, 1.84033709161e-07, 1.90247277487e-07, 2.9223278375e-07, 1.43542763453e-06, 2.64493555733e-05, 0.000276993756415, 0.000744270335417, 0.000330746115651, 6.87690990162e-05, 0.000124846963445, 0.000610220595263, 0.000295259815175, 2.8822598324e-05, 1.79588005267e-05, 1.63304812304e-05, 5.36560855835e-06, 5.43968371858e-06, 3.47024774783e-06, 1.21715163459e-06, 8.46620366701e-07, 3.14912455224e-07, 1.3702698709e-07, 9.16869709044e-08, 4.49271517766e-08, 2.1942145878e-08, 2.00274694606e-08, 1.75530434632e-08, 1.33453044171e-08, 1.82306276741e-08, 2.10787902688e-08, 1.99948981816e-08, 1.39061917537e-08, 9.31851218411e-09, 4.17948875509e-09, 2.66471467114e-09, 2.29388530393e-09, 2.32718888604e-09, 2.19785611932e-09, 1.54850665623e-09],
        "median": [6.40062580715e-08, 4.24541397592e-08, 4.25228776635e-08, 6.93945452213e-08, 6.21941467216e-08, 1.89577804122e-07, 9.71938447947e-07, 1.98669886231e-06, 4.45953446615e-07, 1.38720537279e-07, 4.37200782244e-07, 1.27977136799e-06, 4.71847897643e-07, 5.96796709829e-08, 6.93522821393e-08, 5.48706857728e-08, 2.21740208417e-08, 2.04181738184e-08, 1.46537164625e-08, 9.34497457195e-09, 6.35471497645e-09, 3.77578057709e-09, 3.00968450162e-09, 2.76608824734e-09, 2.19218065922e-09, 1.97291050164e-09, 1.78304204734e-09, 1.77499448473e-09, 1.70917291431e-09, 1.63624269689e-09, 1.5690557742e-09, 1.44850753614e-09, 1.28515087461e-09, 1.16047704779e-09, 1.05552655505e-09, 1.05418429541e-09, 1.04095221332e-09, 1.02538399993e-09, 1.03191366563e-09, 1.00245856061e-09],
        "min": [3.11456110902e-10, 4.5274155952e-11, 6.69915442564e-11, 1.01851860279e-10, 5.65370528172e-11, 9.49593043087e-11, 9.17515854959e-11, 1.13412536307e-10, 1.49584108988e-10, 8.95332696871e-11, 1.2664488902e-10, 1.28965199631e-10, 1.04675379475e-10, 1.06552711099e-10, 1.19285192834e-10, 1.06593213423e-10, 6.83583467609e-11, 1.32815512061e-11, 7.99461677414e-11, 5.14007343633e-11, 3.01681943315e-11, 7.6537970406e-11, 5.6068035631e-11, 2.58502767803e-11, 1.62928993214e-11, 1.15187815883e-11, 5.45968825705e-12, 1.01205198735e-11, 5.10876800933e-12, 4.85482183968e-12, 3.00554373056e-12, 4.43812087775e-12, 3.53369048432e-12, 5.06178085558e-12, 5.11120009164e-12, 4.7241798147e-12, 5.54614991086e-12, 6.54272512904e-12, 2.99771817612e-12, 2.4490687256e-12],
        "stdev": [2.33267201111e-06, 7.03337548202e-07, 5.70575991787e-07, 6.65292247959e-07, 5.30581064595e-06, 8.97270583664e-05, 0.000908061105292, 0.00329405954108, 0.00225566676818, 0.000361180573236, 0.000477787369164, 0.00296153500676, 0.00182407244574, 0.000152049135068, 6.33727613604e-05, 6.51691079838e-05, 1.60833005793e-05, 2.18030090764e-05, 1.5172006897e-05, 3.55144220521e-06, 4.08024789067e-06, 1.32298873723e-06, 5.37171274573e-07, 3.04474042423e-07, 1.37429807978e-07, 6.06638437262e-08, 5.59992550109e-08, 4.64416878287e-08, 3.0566585707e-08, 4.83232014403e-08, 5.03609314251e-08, 4.89458074071e-08, 3.05372473974e-08, 2.12957704804e-08, 8.21233214765e-09, 4.41849579147e-09, 4.01506738967e-09, 4.76737671562e-09, 4.81656048379e-09, 2.35784769487e-09],
