{
"lowlevel": {
    "average_loudness": 0.00183660583571,
    "barkbands_crest": {
        "dmean": 0.632743537426,
        "dmean2": 0.936370134354,
        "dvar": 0.505875051022,
        "dvar2": 1.18889081478,
        "max": 26.1361351013,
        "mean": 14.28008461,
        "median": 8.68033504486,
        "min": 5.94950580597,
        "stdev": 8.1509180069,
        "var": 66.4374694824
    },
    "barkbands_flatness_db": {
        "dmean": 0.00990939605981,
        "dmean2": 0.0159329362214,
        "dvar": 0.00016370373487,
        "dvar2": 0.000215959298657,
        "max": 0.67673265934,
        "mean": 0.235407948494,
        "median": 0.0917868316174,
        "min": 0.0557395927608,
        "stdev": 0.211149647832,
        "var": 0.0445841737092
    },
    "barkbands_kurtosis": {
        "dmean": 6.44405221939,
        "dmean2": 7.11963748932,
        "dvar": 694.651611328,
        "dvar2": 1704.79125977,
        "max": 766.192443848,
        "mean": 67.7344207764,
        "median": -1.31935048103,
        "min": -1.77968764305,
        "stdev": 162.126327515,
        "var": 26284.9472656
    },
    "barkbands_skewness": {
        "dmean": 0.30853036046,
        "dmean2": 0.399025082588,
        "dvar": 0.58453053236,
        "dvar2": 1.54271709919,
        "max": 11.2000932693,
        "mean": -0.90400660038,
        "median": -0.595032811165,
        "min": -13.0134372711,
        "stdev": 4.13408660889,
        "var": 17.0906734467
    },
    "barkbands_spread": {
        "dmean": 3.80763936043,
        "dmean2": 5.95135688782,
        "dvar": 17.3757038116,
        "dvar2": 48.9742507935,
        "max": 128.412826538,
        "mean": 73.8112945557,
        "median": 112.455047607,
        "min": 0.149096220732,
        "stdev": 54.1170539856,
        "var": 2928.65551758
    },
    "dissonance": {
        "dmean": 0.00237021548674,
        "dmean2": 0.00382640236057,
        "dvar": 2.58309792116e-05,
        "dvar2": 3.60302874469e-05,
        "max": 0.500000059605,
        "mean": 0.497031807899,
        "median": 0.498162448406,
        "min": 0.424507856369,
        "stdev": 0.00548386992887,
        "var": 3.00728279399e-05
    },
    "dynamic_complexity": 35.7494697571,
    "erbbands_crest": {
        "dmean": 0.465789526701,
        "dmean2": 0.622109889984,
        "dvar": 0.496114581823,
        "dvar2": 0.625084757805,
        "max": 35.3527755737,
        "mean": 15.7084493637,
        "median": 3.96688985825,
        "min": 2.67759490013,
        "stdev": 14.8612689972,
        "var": 220.857315063
    },
    "erbbands_flatness_db": {
        "dmean": 0.00866813398898,
        "dmean2": 0.0139650693163,
        "dvar": 0.000113829439215,
        "dvar2": 0.000153901972226,
        "max": 0.697615981102,
        "mean": 0.267533659935,
        "median": 0.10080178082,
        "min": 0.0740525946021,
        "stdev": 0.229416459799,
        "var": 0.0526319146156
    },
    "erbbands_kurtosis": {
        "dmean": 3.57558131218,
        "dmean2": 4.51122236252,
        "dvar": 58.0340919495,
        "dvar2": 128.365524292,
        "max": 290.734344482,
        "mean": 58.3513946533,
        "median": 0.372669935226,
        "min": -1.68336582184,
        "stdev": 96.3560256958,
        "var": 9284.48339844
    },
    "erbbands_skewness": {
        "dmean": 0.265293210745,
        "dmean2": 0.361001491547,
        "dvar": 0.142097517848,
        "dvar2": 0.364089667797,
        "max": 12.6300878525,
        "mean": 2.56457090378,
        "median": -0.527884840965,
        "min": -1.23174190521,
        "stdev": 4.47359228134,
        "var": 20.0130290985
    },
    "erbbands_spread": {
        "dmean": 2.01114845276,
        "dmean2": 3.26395106316,
        "dvar": 5.52033662796,
        "dvar2": 16.5284557343,
        "max": 46.8840293884,
        "mean": 23.182516098,
        "median": 33.3484420776,
        "min": 0.157868847251,
        "stdev": 16.4555454254,
        "var": 270.785003662
    },
    "hfc": {
        "dmean": 31.332983017,
        "dmean2": 24.2185516357,
        "dvar": 65047.6679688,
        "dvar2": 89463.40625,
        "max": 8354.38867188,
        "mean": 84.657699585,
        "median": 0.00281895929947,
        "min": 8.09915800346e-05,
        "stdev": 649.028259277,
        "var": 421237.65625
    },
    "loudness_ebu128": {
        "integrated": -34.2027740479,
        "loudness_range": 21.1444358826,
        "momentary": {
            "dmean": 0.809382915497,
            "dmean2": 0.144560799003,
            "dvar": 1.20354199409,
            "dvar2": 0.268170654774,
            "max": -26.237285614,
            "mean": -74.3042526245,
            "median": -86.7950439453,
            "min": -86.9324951172,
            "stdev": 17.872127533,
            "var": 319.41293335
        },
        "short_term": {
            "dmean": 1.04424023628,
            "dmean2": 0.152346238494,
            "dvar": 1.09495019913,
            "dvar2": 0.306708544493,
            "max": -34.676399231,
            "mean": -72.3958129883,
            "median": -78.673500061,
            "min": -86.8544998169,
            "stdev": 16.0402584076,
            "var": 257.289886475
        }
    },
    "melbands_crest": {
        "dmean": 1.27588820457,
        "dmean2": 2.09740114212,
        "dvar": 2.28683662415,
        "dvar2": 6.7652721405,
        "max": 23.0230712891,
        "mean": 15.9242458344,
        "median": 14.3636293411,
        "min": 9.0767993927,
        "stdev": 4.0646648407,
        "var": 16.5214996338
    },
    "melbands_flatness_db": {
        "dmean": 0.00830316357315,
        "dmean2": 0.0126413637772,
        "dvar": 0.0001827920496,
        "dvar2": 0.000159186180099,
        "max": 0.70207375288,
        "mean": 0.210915446281,
        "median": 0.0325224921107,
        "min": 0.0163516160101,
        "stdev": 0.247757971287,
        "var": 0.0613840147853
    },
    "melbands_kurtosis": {
        "dmean": 2.9465034008,
        "dmean2": 3.62161183357,
        "dvar": 34.9456825256,
        "dvar2": 62.1079559326,
        "max": 313.595092773,
        "mean": 56.38489151,
        "median": -1.08599901199,
        "min": -1.72820591927,
        "stdev": 100.668525696,
        "var": 10134.1513672
    },
    "melbands_skewness": {
        "dmean": 0.279296338558,
        "dmean2": 0.359571129084,
        "dvar": 0.130189329386,
        "dvar2": 0.275118350983,
        "max": 12.3379440308,
        "mean": 0.0349511429667,
        "median": 0.426714926958,
        "min": -11.0460186005,
        "stdev": 4.57163381577,
        "var": 20.8998355865
    },
    "melbands_spread": {
        "dmean": 6.42438173294,
        "dmean2": 10.5420179367,
        "dvar": 58.0067481995,
        "dvar2": 165.019378662,
        "max": 197.78503418,
        "mean": 107.478683472,
        "median": 163.479721069,
        "min": 0.355122566223,
        "stdev": 79.6419754028,
        "var": 6342.84375
    },
    "pitch_salience": {
        "dmean": 0.0181686393917,
        "dmean2": 0.0274029448628,
        "dvar": 0.000528854026925,
        "dvar2": 0.000993569963612,
        "max": 0.803230941296,
        "mean": 0.403457641602,
        "median": 0.572748064995,
        "min": 0.00557556096464,
        "stdev": 0.252010047436,
        "var": 0.0635090619326
    },
    "silence_rate_20dB": {
        "dmean": 0.00289855082519,
        "dmean2": 0.00581395346671,
        "dvar": 0.00289015169255,
        "dvar2": 0.00578020419925,
        "max": 1,
        "mean": 0.988439321518,
        "median": 1,
        "min": 0,
        "stdev": 0.106897830963,
        "var": 0.0114271463826
    },
    "silence_rate_30dB": {
        "dmean": 0.00289855082519,
        "dmean2": 0.00581395346671,
        "dvar": 0.00289015169255,
        "dvar2": 0.00578020373359,
        "max": 1,
        "mean": 0.979768812656,
        "median": 1,
        "min": 0,
        "stdev": 0.140789717436,
        "var": 0.0198217425495
    },
    "silence_rate_60dB": {
        "dmean": 0.00289855082519,
        "dmean2": 0.00581395346671,
        "dvar": 0.00289015122689,
        "dvar2": 0.00578019768,
        "max": 1,
        "mean": 0.867052018642,
        "median": 1,
        "min": 0,
        "stdev": 0.339516371489,
        "var": 0.115271374583
    },
    "spectral_centroid": {
        "dmean": 81.3693389893,
        "dmean2": 120.077774048,
        "dvar": 10624.8076172,
        "dvar2": 22197.9765625,
        "max": 5736.10888672,
        "mean": 3152.51782227,
        "median": 3753.26904297,
        "min": 1970.1328125,
        "stdev": 900.063415527,
        "var": 810114.125
    },
    "spectral_complexity": {
        "dmean": 0.0724637657404,
        "dmean2": 0.0465116277337,
        "dvar": 0.710689008236,
        "dvar2": 0.259467959404,
        "max": 25,
        "mean": 0.413294792175,
        "median": 0,
        "min": 0,
        "stdev": 1.57647657394,
        "var": 2.485278368
    },
    "spectral_decrease": {
        "dmean": 1.99241970145e-10,
        "dmean2": 1.23537055585e-10,
        "dvar": 1.63076010787e-18,
        "dvar2": 1.91024975439e-18,
        "max": -3.96996269095e-16,
        "mean": -1.36138456064e-09,
        "median": -2.8253305728e-14,
        "min": -6.1122463535e-08,
        "stdev": 5.95030424932e-09,
        "var": 3.5406122779e-17
    },
    "spectral_energy": {
        "dmean": 0.00359396729618,
        "dmean2": 0.00265896576457,
        "dvar": 0.000773682259023,
        "dvar2": 0.00104343472049,
        "max": 0.988457202911,
        "mean": 0.0128169748932,
        "median": 3.52563006345e-07,
        "min": 8.84453399408e-09,
        "stdev": 0.0800799429417,
        "var": 0.00641279667616
    },
    "spectral_energyband_high": {
        "dmean": 0.00343071692623,
        "dmean2": 0.00271355942823,
        "dvar": 0.000793636601884,
        "dvar2": 0.00108404713683,
        "max": 0.92903983593,
        "mean": 0.00882703904063,
        "median": 1.84761191235e-07,
        "min": 4.84663553735e-09,
        "stdev": 0.0721620097756,
        "var": 0.00520735513419
    },
    "spectral_energyband_low": {
        "dmean": 1.40212705446e-07,
        "dmean2": 1.26881886331e-07,
        "dvar": 4.54272947384e-12,
        "dvar2": 3.27730030614e-12,
        "max": 4.60496303276e-05,
        "mean": 2.10697663761e-07,
        "median": 2.78352185745e-08,
        "min": 1.00157060423e-09,
        "stdev": 2.49551635534e-06,
        "var": 6.22760176761e-12
    },
    "spectral_energyband_middle_high": {
        "dmean": 0.000252944679232,
        "dmean2": 0.000103764374217,
        "dvar": 7.72613589106e-07,
        "dvar2": 5.98501060267e-07,
        "max": 0.0716624483466,
        "mean": 0.00396553706378,
        "median": 4.01111215353e-08,
        "min": 1.39874489768e-09,
        "stdev": 0.0127046573907,
        "var": 0.000161408330314
    },
    "spectral_energyband_middle_low": {
        "dmean": 7.83689392847e-06,
        "dmean2": 6.28642192169e-06,
        "dvar": 1.40714950803e-08,
        "dvar2": 8.86311823933e-09,
        "max": 0.00270231673494,
        "mean": 9.66377956502e-06,
        "median": 8.68583427405e-09,
        "min": 5.42038358642e-10,
        "stdev": 0.000147943210322,
        "var": 2.18871925028e-08
    },
    "spectral_entropy": {
        "dmean": 0.0635022073984,
        "dmean2": 0.08512327075,
        "dvar": 0.0157081522048,
        "dvar2": 0.0124293481931,
        "max": 8.84204864502,
        "mean": 7.10401105881,
        "median": 8.72128772736,
        "min": 2.74791264534,
        "stdev": 2.30558753014,
        "var": 5.31573390961
    },
    "spectral_flux": {
        "dmean": 0.00253068772145,
        "dmean2": 0.0011206016643,
        "dvar": 0.000503427931108,
        "dvar2": 0.00016161010717,
        "max": 0.858484625816,
        "mean": 0.00829328410327,
        "median": 0.000330439244863,
        "min": 0.0002942297142,
        "stdev": 0.0599051304162,
        "var": 0.00358862476423
    },
    "spectral_kurtosis": {
        "dmean": 1.42125487328,
        "dmean2": 2.63773417473,
        "dvar": 8.19216918945,
        "dvar2": 29.0161380768,
        "max": 49.1537818909,
        "mean": 8.40080356598,
        "median": 2.12879538536,
        "min": -0.665135383606,
        "stdev": 12.1697778702,
        "var": 148.103485107
    },
    "spectral_rms": {
        "dmean": 0.000102559024526,
        "dmean2": 4.75796659885e-05,
        "dvar": 3.21425233096e-07,
        "dvar2": 3.03413429492e-07,
        "max": 0.0310539603233,
        "mean": 0.00106842990499,
        "median": 1.85462631634e-05,
        "min": 2.9374841688e-06,
        "stdev": 0.00337086804211,
        "var": 1.13627520477e-05
    },
    "spectral_rolloff": {
        "dmean": 362.007629395,
        "dmean2": 639.360778809,
        "dvar": 355678.28125,
        "dvar2": 758789.1875,
        "max": 18518.5546875,
        "mean": 11570.0566406,
        "median": 17032.7636719,
        "min": 1981.0546875,
        "stdev": 7265.52929688,
        "var": 52787916
    },
    "spectral_skewness": {
        "dmean": 0.146479725838,
        "dmean2": 0.266572475433,
        "dvar": 0.0468017198145,
        "dvar2": 0.159942299128,
        "max": 6.25587463379,
        "mean": 2.12013101578,
        "median": 1.29073786736,
        "min": 0.46333399415,
        "stdev": 1.46485042572,
        "var": 2.14578676224
    },
    "spectral_spread": {
        "dmean": 375221.4375,
        "dmean2": 664120.4375,
        "dvar": 98155003904,
        "dvar2": 283203272704,
        "max": 11783106,
        "mean": 7707754.5,
        "median": 9315011,
        "min": 1615239.125,
        "stdev": 2734584,
        "var": 7.47794910413e+12
    },
    "spectral_strongpeak": {
        "dmean": 1.61440372467,
        "dmean2": 1.31053495407,
        "dvar": 215.864883423,
        "dvar2": 295.206878662,
        "max": 319.932983398,
        "mean": 4.61006498337,
        "median": 0,
        "min": 0,
        "stdev": 26.0132770538,
        "var": 676.690551758
    },
    "zerocrossingrate": {
        "dmean": 0.00895606912673,
        "dmean2": 0.0103901708499,
        "dvar": 0.00025400929735,
        "dvar2": 0.000243751899689,
        "max": 0.408203125,
        "mean": 0.201911360025,
        "median": 0.2529296875,
        "min": 0.08349609375,
        "stdev": 0.0843711793423,
        "var": 0.00711849611253
    },
    "barkbands": {
        "dmean": [1.42684825732e-07, 6.72638265087e-08, 9.01697916333e-09, 3.06627576663e-08, 6.99463271303e-07, 3.56470286533e-06, 1.21397204111e-06, 1.88647516097e-06, 4.15145080979e-07, 1.92309883573e-07, 3.2932035765e-07, 6.26394012215e-07, 8.77335310179e-07, 9.85598148873e-07, 0.000317758851452, 4.10797256336e-05, 1.30859498313e-05, 2.16194694076e-05, 2.87965303869e-06, 7.97887059889e-06, 0.000327990623191, 0.000211932565435, 0.000736073940061, 0.000122470970382, 0.00229894346558, 4.49052240583e-05, 2.40670360654e-05],
        "dmean2": [1.34635030236e-07, 6.39875281649e-08, 1.38596627508e-08, 5.31170556428e-08, 6.2528727085e-07, 3.21614925269e-06, 6.72334692808e-07, 1.36823575758e-06, 3.76105361966e-07, 1.72286064526e-07, 3.22706682709e-07, 5.90204763284e-07, 8.19093372684e-07, 9.76792648544e-07, 0.00013118442439, 3.80787641916e-05, 1.29865566123e-05, 1.9212046027e-05, 2.81616530629e-06, 7.47394506107e-06, 0.000328839902068, 0.000181702329428, 0.000805572257377, 0.000171546998899, 0.00183255004231, 3.48707653757e-05, 1.70853818418e-05],
        "dvar": [3.02998229805e-12, 1.32767592493e-12, 1.64425934077e-14, 1.96687555565e-13, 1.34424207876e-10, 3.57103369097e-09, 2.22925927718e-10, 6.97159052709e-10, 4.80117438861e-11, 9.83786056091e-12, 3.50069070953e-11, 1.18003246063e-10, 2.2680501921e-10, 3.22046028733e-10, 2.7426451652e-06, 3.44891589066e-07, 5.76377701123e-08, 1.2773664082e-07, 2.70459477036e-09, 1.48746526207e-08, 8.84906421561e-06, 4.30265208706e-06, 4.1271232476e-05, 2.58677368947e-06, 0.00037679867819, 4.17512723061e-07, 1.11299513605e-07],
        "dvar2": [1.89218410905e-12, 1.17038941472e-12, 2.47000821353e-14, 4.52999074883e-13, 1.075151565e-10, 2.86561352425e-09, 6.03330441162e-11, 3.4823766093e-10, 4.11134043476e-11, 8.0905317168e-12, 3.34317400152e-11, 1.06682267187e-10, 2.0171983528e-10, 3.18248177811e-10, 1.29196848775e-06, 3.80050181548e-07, 5.69628255676e-08, 1.00603543274e-07, 2.62855048838e-09, 1.50090055939e-08, 9.67984215094e-06, 4.20565902459e-06, 4.98978552059e-05, 3.54802159563e-06, 0.000568633666262, 2.60794678297e-07, 5.12344584536e-08],
        "max": [3.9350175939e-05, 2.28612243518e-05, 2.94629126074e-06, 8.45505655889e-06, 0.000240982029936, 0.0012294636108, 0.000418252951931, 0.000650285510346, 0.000142742792377, 6.57203345327e-05, 0.000113085341582, 0.000215479041799, 0.000301546650007, 0.000339068996254, 0.0690618604422, 0.012262060307, 0.0045138602145, 0.00745794642717, 0.00099270301871, 0.00273575866595, 0.113156020641, 0.0731157809496, 0.171357288957, 0.0412192046642, 0.554372489452, 0.0154905244708, 0.00830101128668],
        "mean": [3.64942309261e-07, 7.22933677366e-08, 1.79764789721e-08, 4.50486190573e-08, 7.85064912634e-07, 3.9315682443e-06, 1.8588959847e-06, 2.52376253229e-06, 4.72751338521e-07, 2.22818755446e-07, 3.40168440971e-07, 6.77343734878e-07, 9.59571366366e-07, 1.01363514204e-06, 0.00376200606115, 0.000149410931044, 1.32644991027e-05, 2.43208614847e-05, 2.99966291095e-06, 1.4882938558e-05, 0.00107413134538, 0.000622405437753, 0.0019262842834, 0.000341330567608, 0.00476426770911, 6.25212851446e-05, 3.23897183989e-05],
        "median": [1.05250592242e-07, 1.24198740181e-09, 4.02018002221e-10, 3.74587805219e-10, 1.18040155428e-09, 1.30007582477e-09, 1.28398480737e-09, 1.52553392141e-09, 2.21036788872e-09, 2.31162045061e-09, 2.01689931423e-09, 2.62995669686e-09, 3.0254050376e-09, 3.20045678848e-09, 4.62618832131e-09, 4.53758364216e-09, 4.58187798813e-09, 5.46242695521e-09, 7.00347513316e-09, 8.34864710697e-09, 1.10451932045e-08, 1.36817721597e-08, 1.6153141047e-08, 2.13077342437e-08, 2.96888131857e-08, 4.18283221393e-08, 5.79491121755e-08],
        "min": [7.87930165558e-10, 1.52599738401e-10, 7.73274846932e-12, 1.64879498943e-11, 1.78093095826e-10, 4.77076399219e-11, 3.76859758677e-11, 1.94339466394e-12, 3.27237507924e-11, 1.1690549917e-10, 1.86664260438e-11, 1.39709882552e-10, 2.69810996462e-11, 1.29782767866e-10, 7.60634472075e-11, 6.06392783209e-11, 1.26048324556e-10, 1.06588717019e-10, 5.28433907743e-10, 1.59639218511e-10, 2.40137271179e-10, 2.22708532172e-10, 3.97426924703e-10, 6.895520821e-10, 5.62567881168e-10, 7.80779330078e-10, 2.04292027739e-09],
        "stdev": [2.14998340198e-06, 1.22944481973e-06, 2.15635353129e-07, 5.71913290059e-07, 1.30110711325e-05, 6.63149694446e-05, 2.46578420047e-05, 3.62619721272e-05, 7.70160113461e-06, 3.55204610969e-06, 6.07223728366e-06, 1.15892698886e-05, 1.62284213729e-05, 1.82031017175e-05, 0.0120495697483, 0.000749897735659, 0.000242320427787, 0.000402843754273, 5.33047641511e-05, 0.000153637389303, 0.00891137123108, 0.00547165190801, 0.0138414641842, 0.0031432560645, 0.0411791279912, 0.000857998093124, 0.0004644698638],
        "var": [4.62242874186e-12, 1.51153449566e-12, 4.6498605476e-14, 3.27084794796e-13, 1.69287972529e-10, 4.39767511295e-09, 6.08009143033e-10, 1.31493049782e-09, 5.93146642913e-11, 1.26170315515e-11, 3.68720678989e-11, 1.34311173294e-10, 2.63361665809e-10, 3.31352889571e-10, 0.000145192127093, 5.62346599509e-07, 5.87191877344e-08, 1.62283086524e-07, 2.84139778373e-09, 2.36044463975e-08, 7.94125298853e-05, 2.99389739666e-05, 0.000191586121218, 9.88005831459e-06, 0.00169572059531, 7.36160700399e-07, 2.15732242737e-07]
    },
    "erbbands": {
        "dmean": [3.64725997315e-06, 9.6453641163e-06, 1.1489046301e-05, 4.44810102636e-05, 0.000319170067087, 0.00244521535933, 0.0176422856748, 0.031312379986, 0.0234215632081, 0.0131244240329, 0.045998070389, 0.0109262345359, 0.00434296904132, 0.00942555908114, 0.0145422574133, 0.0296928789467, 0.0391034074128, 0.0581273064017, 0.9111328125, 20.5318870544, 1.37556087971, 0.829684734344, 1.26302862167, 0.227846100926, 0.273421704769, 0.358790248632, 1.84196066856, 21.8586711884, 7.88440990448, 1.70582687855, 10.0577583313, 20.5164337158, 2.27428221703, 48.9939193726, 4.49474191666, 0.301398158073, 0.0519961938262, 0.0166417360306, 0.00369790778495, 0.000361932616215],
        "dmean2": [3.57580688615e-06, 8.68588995218e-06, 1.24927946672e-05, 6.11164941802e-05, 0.000572252320126, 0.00228194473311, 0.0168468151242, 0.0271650906652, 0.01412160974, 0.00918827671558, 0.0332786440849, 0.0092544760555, 0.00385617977008, 0.00883146189153, 0.0136727653444, 0.0283164586872, 0.0354828350246, 0.0493697412312, 0.426984965801, 7.60283994675, 0.699722766876, 0.793162405491, 1.13482010365, 0.198614746332, 0.261634111404, 0.313658326864, 1.44402086735, 22.7902755737, 7.00895929337, 1.3880931139, 10.3226709366, 20.4059562683, 1.68234980106, 38.8460845947, 3.63502788544, 0.156721666455, 0.039409019053, 0.011201732792, 0.00260067498311, 0.000237136759097],
        "dvar": [3.96467836339e-09, 2.44593287846e-08, 2.07686561282e-08, 4.00532030653e-07, 2.70426698989e-05, 0.00177631329279, 0.0971117764711, 0.257359802723, 0.0907213166356, 0.0313881896436, 0.414264947176, 0.0295387785882, 0.00490109575912, 0.0261821132153, 0.0631327554584, 0.271760106087, 0.422368973494, 0.592490136623, 10.5897397995, 8518.55175781, 28.1409873962, 209.679794312, 444.421203613, 13.6355400085, 13.4116363525, 33.6201896667, 653.837158203, 42914.3203125, 5303.53857422, 658.630493164, 7397.09619141, 30794.1621094, 350.482421875, 172142.109375, 1407.5690918, 10.5922231674, 0.554052531719, 0.0492373108864, 0.002584122587, 2.21485188376e-05],
        "dvar2": [3.65534380542e-09, 1.89010442853e-08, 2.00648742066e-08, 5.51799928417e-07, 5.02102484461e-05, 0.00156661274377, 0.08855561167, 0.188187330961, 0.0288335643709, 0.0162565410137, 0.203405559063, 0.0217000544071, 0.00418816693127, 0.0232920628041, 0.0552215836942, 0.253833293915, 0.365198820829, 0.634806632996, 10.4117002487, 3375.10571289, 40.8545532227, 202.348739624, 358.47479248, 10.7409877777, 15.5629711151, 30.4334087372, 419.74319458, 51698.6289062, 4994.01953125, 530.484313965, 8284.05859375, 39804.8046875, 452.436676025, 259145.703125, 2103.84301758, 3.15524888039, 0.349998950958, 0.0203198473901, 0.00118027650751, 8.94138611329e-06],
        "max": [0.00122572435066, 0.00327393668704, 0.00380396423861, 0.0149530749768, 0.106261536479, 0.842265188694, 6.08432531357, 10.7992887497, 8.07404136658, 4.51886129379, 15.8572330475, 3.75907993317, 1.48217225075, 3.23442649841, 4.99839305878, 10.2266368866, 13.4543123245, 18.739988327, 263.837005615, 4755.92236328, 342.592498779, 286.023223877, 435.724090576, 78.5796508789, 84.4101333618, 123.742454529, 635.438720703, 7541.22265625, 2720.08032227, 588.473327637, 2636.57226562, 4867.10595703, 600.598205566, 11692.3632812, 1138.46240234, 103.972084045, 17.9346637726, 5.7397646904, 1.27542626858, 0.124835081398],
        "mean": [4.27303166362e-06, 1.08967833512e-05, 2.08296914934e-05, 8.2897800894e-05, 0.000637148448732, 0.00264519127086, 0.0185128767043, 0.0356725789607, 0.0339476801455, 0.0185834541917, 0.0614279918373, 0.0131196770817, 0.00523516023532, 0.0103394202888, 0.0157907344401, 0.0330029353499, 0.0566156022251, 0.32686984539, 14.6735954285, 259.8175354, 19.1422195435, 1.4472193718, 1.45082271099, 0.276726454496, 0.549600660801, 0.524417102337, 3.00679993629, 71.1039428711, 24.2706298828, 2.58294320107, 29.2322673798, 50.8005943298, 5.61766529083, 100.32245636, 9.90200901031, 0.603670716286, 0.0734386965632, 0.0237391125411, 0.0050946585834, 0.000549360876903],
        "median": [3.06917399939e-07, 1.70003417566e-07, 4.24072567284e-07, 1.00409965853e-06, 2.14500960283e-06, 4.12892813983e-06, 6.91390141583e-06, 1.10555793071e-05, 1.71664469235e-05, 2.41254256252e-05, 3.92423971789e-05, 4.94730484206e-05, 6.70683439239e-05, 7.79408219387e-05, 8.67990020197e-05, 0.000106488143501, 0.000135603506351, 0.000172463944182, 0.000226106509217, 0.000242418376729, 0.000282970722765, 0.000286144088022, 0.000298013037536, 0.000337044766638, 0.0003883104946, 0.000395015522372, 0.000424824364018, 0.000449037121143, 0.000484640011564, 0.000475311157061, 0.000458616239484, 0.0004274105886, 0.000377002696041, 0.00029869118589, 0.000227472293773, 0.000150081788888, 8.11552308733e-05, 3.20731996908e-05, 8.22379115561e-06, 8.67084395395e-07],
        "min": [2.41447626337e-08, 2.61481378772e-08, 3.38933681121e-08, 4.51215242947e-08, 1.9944056362e-07, 3.44290839394e-07, 3.42506467632e-07, 4.71902467325e-07, 7.6548940342e-07, 1.32319343038e-07, 9.19584834946e-08, 5.36732216005e-07, 3.52263805325e-06, 2.00510930881e-06, 2.24925406656e-06, 5.2879663599e-06, 1.63255276675e-06, 6.43357407171e-06, 4.973725936e-06, 2.08448909689e-06, 5.49359219804e-06, 6.28271300229e-06, 5.11581311002e-06, 1.60938143381e-05, 2.62938974629e-05, 8.97851077752e-06, 1.09492884803e-05, 8.13813130662e-06, 6.22468269285e-06, 8.5048350229e-06, 1.18811494758e-05, 1.42470926221e-05, 1.10011869765e-05, 7.43300824979e-06, 3.53459086e-06, 2.00313183996e-06, 1.64288769611e-06, 9.03776424366e-07, 2.95455038213e-07, 3.18152899581e-08],
        "stdev": [6.58292192384e-05, 0.000176895613549, 0.000255236285739, 0.00104049278889, 0.0079546822235, 0.0453209914267, 0.326954990625, 0.584790289402, 0.466803759336, 0.254763692617, 0.884434998035, 0.204335749149, 0.0802757889032, 0.174040064216, 0.268855154514, 0.549671828747, 0.726767301559, 1.33203196526, 47.0399894714, 830.824462891, 61.5105552673, 15.463142395, 23.5099029541, 4.25454092026, 4.93341875076, 6.74402618408, 35.7343597412, 596.549743652, 206.798980713, 32.4342346191, 214.806121826, 372.947967529, 46.5844993591, 866.703552246, 85.7458114624, 6.3962931633, 0.994861602783, 0.324851304293, 0.0715100243688, 0.007117156405],
        "var": [4.33348645856e-09, 3.12920604983e-08, 6.51455636103e-08, 1.08262520371e-06, 6.32769661024e-05, 0.00205399235711, 0.106899566948, 0.341979682446, 0.21790574491, 0.0649045407772, 0.782225251198, 0.0417530983686, 0.00644420273602, 0.0302899442613, 0.0722830966115, 0.302139133215, 0.528190672398, 1.77430927753, 2212.76049805, 690269.25, 3783.54833984, 239.108764648, 552.715515137, 18.1011199951, 24.3386211395, 45.4818878174, 1276.94458008, 355871.59375, 42765.8164062, 1051.97961426, 46141.6679688, 139090.1875, 2170.11572266, 751175, 7352.34375, 40.9125671387, 0.989749610424, 0.105528362095, 0.0051136831753, 5.06539181515e-05]
    },
    "gfcc": {
        "mean": [-495.49331665, -87.2882232666, -117.530548096, 4.23643302917, -22.2130184174, 19.1163215637, -45.7680015564, 2.80792808533, 8.03994750977, 8.64881801605, -15.8187246323, 0.0627032220364, 3.03257417679],
        "cov": [[11648.8662109, -3039.30664062, -3975.55712891, 948.225341797, 979.56640625, 1679.16467285, -2797.45898438, -724.481018066, 2203.18725586, 110.675262451, -429.851501465, -821.101806641, 845.141601562], [-3039.30664062, 1267.72033691, 885.9609375, -459.985778809, 24.3632240295, -522.024414062, 561.404174805, 186.063796997, -382.80166626, -18.5284385681, 3.78538203239, 202.277404785, -189.097229004], [-3975.55712891, 885.9609375, 2376.59423828, -186.955078125, -1065.28271484, -863.805786133, 1524.61083984, 354.768676758, -1401.57885742, 26.23387146, 244.799789429, 406.092895508, -423.142578125], [948.225341797, -459.985778809, -186.955078125, 228.090011597, -88.6277542114, 177.679168701, -120.772666931, -71.6323852539, 49.4278068542, -29.6061763763, 38.1229248047, -63.3609161377, 28.201669693], [979.56640625, 24.3632240295, -1065.28271484, -88.6277542114, 719.008911133, 308.347290039, -682.516296387, -127.052284241, 688.937988281, -2.57605171204, -175.83416748, -160.879623413, 189.758743286], [1679.16467285, -522.024414062, -863.805786133, 177.679168701, 308.347290039, 398.33493042, -544.457519531, -148.480636597, 481.599182129, -48.6366844177, -44.4297790527, -168.027786255, 137.208999634], [-2797.45898438, 561.404174805, 1524.61083984, -120.772666931, -682.516296387, -544.457519531, 1040.83972168, 244.351608276, -916.485412598, 17.2876472473, 167.052734375, 268.246185303, -280.986022949], [-724.481018066, 186.063796997, 354.768676758, -71.6323852539, -127.052284241, -148.480636597, 244.351608276, 84.9636306763, -192.745239258, 25.5268135071, 19.5385932922, 65.6343307495, -61.1163444519], [2203.18725586, -382.80166626, -1401.57885742, 49.4278068542, 688.937988281, 481.599182129, -916.485412598, -192.745239258, 878.927612305, -12.0068788528, -157.266387939, -238.226791382, 244.392486572], [110.675262451, -18.5284385681, 26.23387146, -29.6061763763, -2.57605171204, -48.6366844177, 17.2876472473, 25.5268135071, -12.0068788528, 131.305160522, -78.5104064941, 10.9407024384, 62.0029678345], [-429.851501465, 3.78538203239, 244.799789429, 38.1229248047, -175.83416748, -44.4297790527, 167.052734375, 19.5385932922, -157.266387939, -78.5104064941, 134.558258057, 50.0941963196, -96.0141906738], [-821.101806641, 202.277404785, 406.092895508, -63.3609161377, -160.879623413, -168.027786255, 268.246185303, 65.6343307495, -238.226791382, 10.9407024384, 50.0941963196, 97.1385421753, -64.0447616577], [845.141601562, -189.097229004, -423.142578125, 28.201669693, 189.758743286, 137.208999634, -280.986022949, -61.1163444519, 244.392486572, 62.0029678345, -96.0141906738, -64.0447616577, 139.231887817]],
        "icov": [[0.00132435443811, -4.68071302748e-05, 0.000476261193398, -0.00175454944838, 0.00454769236967, -0.00104998250026, 0.00561602273956, -0.00213763536885, -0.000402287201723, -0.000483270530822, 0.00400253897533, -0.00210238667205, 0.00164693174884], [-4.68071302748e-05, 0.0314270295203, -0.022447835654, 0.0189934447408, -0.0282747745514, 0.0322021618485, -0.0192685164511, 0.034745298326, -0.0297946389765, 0.0180295854807, 0.00261085433885, 0.0037952279672, 0.00188005971722], [0.000476261193398, -0.022447835654, 0.037678360939, -0.0178644862026, 0.0244005955756, -0.00685300771147, 0.00901043042541, -0.0326451249421, 0.0346508659422, -0.00978580024093, 0.00165797292721, -0.00426078960299, 0.00482046930119], [-0.00175454944838, 0.0189934447408, -0.0178644862026, 0.0474825762212, -0.0144795961678, -0.00728574953973, -0.0165328159928, 0.0387947335839, -0.0081733269617, 0.00412219390273, -0.00887694675475, 0.0161899421364, -0.00304944580421], [0.00454769236967, -0.0282747745514, 0.0244005955756, -0.0144795961678, 0.0554269738495, -0.0385195948184, 0.0336285755038, -0.0328893773258, 0.0165389627218, -0.0132436109707, 0.0258605796844, -0.0238682888448, 0.0106527749449], [-0.00104998250026, 0.0322021618485, -0.00685300771147, -0.00728574953973, -0.0385195948184, 0.0899259224534, -0.0346053130925, 0.02900162898, -0.032767906785, 0.0293540079147, -0.013741414994, 0.0301033519208, -0.0136547116563], [0.00561602273956, -0.0192685164511, 0.00901043042541, -0.0165328159928, 0.0336285755038, -0.0346053130925, 0.0680674985051, -0.0548340305686, 0.0366582237184, -0.0165857952088, 0.0150339091197, -0.0217319726944, 0.0154535025358], [-0.00213763536885, 0.034745298326, -0.0326451249421, 0.0387947335839, -0.0328893773258, 0.02900162898, -0.0548340305686, 0.118479266763, -0.0549269244075, 0.00749960681424, 0.00116095435806, 0.00757722975686, 0.00804334972054], [-0.000402287201723, -0.0297946389765, 0.0346508659422, -0.0081733269617, 0.0165389627218, -0.032767906785, 0.0366582237184, -0.0549269244075, 0.0772505402565, -0.0219688899815, -0.0179326198995, 0.0141761051491, -0.00309826619923], [-0.000483270530822, 0.0180295854807, -0.00978580024093, 0.00412219390273, -0.0132436109707, 0.0293540079147, -0.0165857952088, 0.00749960681424, -0.0219688899815, 0.0384667441249, 0.0140681173652, -0.00364969950169, -0.0147585580125], [0.00400253897533, 0.00261085433885, 0.00165797292721, -0.00887694675475, 0.0258605796844, -0.013741414994, 0.0150339091197, 0.00116095435806, -0.0179326198995, 0.0140681173652, 0.068267583847, -0.0628870949149, 0.0385956354439], [-0.00210238667205, 0.0037952279672, -0.00426078960299, 0.0161899421364, -0.0238682888448, 0.0301033519208, -0.0217319726944, 0.00757722975686, 0.0141761051491, -0.00364969950169, -0.0628870949149, 0.115377880633, -0.0495324134827], [0.00164693174884, 0.00188005971722, 0.00482046930119, -0.00304944580421, 0.0106527749449, -0.0136547116563, 0.0154535025358, 0.00804334972054, -0.00309826619923, -0.0147585580125, 0.0385956354439, -0.0495324134827, 0.0645036399364]]
    },
    "melbands": {
        "dmean": [3.17606030364e-08, 8.12465650313e-09, 1.94151699162e-08, 7.69546204538e-08, 5.24078870967e-07, 6.92259106927e-07, 3.18784998399e-07, 1.9329661427e-07, 3.47284355939e-07, 4.78407500282e-08, 1.98647267524e-08, 3.60672949284e-08, 4.73308539028e-08, 5.12163289557e-08, 1.13810678215e-07, 7.44979189449e-08, 7.35150820219e-08, 3.18092162388e-07, 1.92531515495e-05, 1.59869050549e-05, 3.7867803826e-07, 6.15877695509e-07, 1.65393623774e-06, 7.12303574346e-07, 1.10224547711e-07, 1.24875356278e-07, 2.79381112023e-07, 1.87941807894e-07, 6.27746999271e-07, 1.56114481342e-06, 1.96943892661e-05, 5.88726788919e-06, 6.1108198679e-07, 8.98091968793e-07, 7.99760016434e-07, 2.87255297735e-05, 4.54227256341e-06, 1.39585708325e-07, 6.29693147403e-07, 6.60816513118e-05],
        "dmean2": [3.08373344637e-08, 5.20115817082e-09, 3.30613509902e-08, 5.94067977033e-08, 4.97148050727e-07, 6.10065910678e-07, 1.842212356e-07, 1.35671413659e-07, 2.62587832367e-07, 4.18191135054e-08, 1.76103061023e-08, 3.34797647383e-08, 4.54637465452e-08, 4.73254466726e-08, 1.08347997241e-07, 6.95979238685e-08, 7.25019333458e-08, 3.10154462113e-07, 7.31887621441e-06, 5.24355709786e-06, 3.67603803397e-07, 6.09502535553e-07, 1.55880320563e-06, 6.01859881044e-07, 9.79134213708e-08, 1.24205584484e-07, 2.59993981899e-07, 1.78248882321e-07, 5.78183176003e-07, 1.54224846938e-06, 2.30038986047e-05, 6.33791478322e-06, 6.07563606536e-07, 8.81259779817e-07, 7.74382101554e-07, 2.92145850835e-05, 4.34628555013e-06, 1.32321062551e-07, 6.37426182948e-07, 5.28321324964e-05],
        "dvar": [2.74451278761e-13, 1.05162299835e-14, 7.76275745074e-14, 1.27326686521e-12, 8.46123310305e-11, 1.29186938924e-10, 1.62013041871e-11, 6.90202365747e-12, 2.50670820906e-11, 5.95210892292e-13, 1.01648913895e-13, 3.75583814266e-13, 6.95895977561e-13, 7.57368343388e-13, 3.97924748707e-12, 1.63570849573e-12, 1.77015661244e-12, 3.27689264612e-11, 7.80662645639e-09, 3.93206711635e-09, 4.61457434764e-11, 1.26938626277e-10, 8.33253577248e-10, 1.27087104729e-10, 3.2934913477e-12, 4.01217600809e-12, 1.15533138612e-11, 1.082243236e-11, 1.14808745844e-10, 8.13376754838e-10, 3.78021134395e-08, 3.26673132989e-09, 1.23389631845e-10, 2.65569649605e-10, 2.04914321622e-10, 6.05849876933e-08, 1.50982037983e-09, 5.98886608708e-12, 4.53830584224e-11, 3.16522573485e-07],
        "dvar2": [2.38766932658e-13, 3.43284792885e-15, 1.73639789071e-13, 7.1178544829e-13, 7.60619900397e-11, 9.8274381688e-11, 4.84931929681e-12, 3.34219739558e-12, 1.40297244308e-11, 4.68111714755e-13, 8.71061239089e-14, 3.27839914504e-13, 6.35762492998e-13, 6.50302511493e-13, 3.69093687905e-12, 1.46244930228e-12, 1.73686965418e-12, 3.11606573877e-11, 3.20860449321e-09, 1.48688072965e-09, 4.44739661765e-11, 1.24927609924e-10, 7.41545214122e-10, 8.91210924503e-11, 2.72676781328e-12, 4.28616387174e-12, 1.39834784377e-11, 9.78262956752e-12, 9.95189555764e-11, 7.97155341736e-10, 5.37901279074e-08, 4.20014112379e-09, 1.22135343505e-10, 2.57962984307e-10, 1.94306293277e-10, 7.69634169728e-08, 1.92974924929e-09, 5.50366349716e-12, 6.03933292265e-11, 4.81856261558e-07],
        "max": [1.04783621282e-05, 2.73012938123e-06, 5.45193734069e-06, 2.64808750217e-05, 0.000180734830792, 0.000238753578742, 0.00010987931455, 6.65854895487e-05, 0.000119714000903, 1.64349894476e-05, 6.76951685818e-06, 1.23671270558e-05, 1.62556189025e-05, 1.75991044671e-05, 3.91569301428e-05, 2.56033854384e-05, 2.52677127719e-05, 0.000109680804599, 0.00445419782773, 0.00393046112731, 0.000130594635266, 0.000212428698433, 0.000570565578528, 0.000245707924478, 3.79919110856e-05, 4.07450424973e-05, 8.42862937134e-05, 6.48015266052e-05, 0.000216544678551, 0.000538566207979, 0.00679455697536, 0.00203108019195, 0.000210787271499, 0.000309815193759, 0.000275808619335, 0.00672791944817, 0.00114414549898, 4.81368115288e-05, 0.000181510971743, 0.0156372021884],
        "mean": [4.32351185964e-08, 1.16514708992e-08, 2.9594929174e-08, 9.72060902882e-08, 5.53340044007e-07, 7.7925591313e-07, 4.72957566444e-07, 2.68784788204e-07, 4.52010624485e-07, 5.61887816275e-08, 2.40754527425e-08, 3.98306596594e-08, 4.97625549656e-08, 5.63088562444e-08, 1.21883360293e-07, 8.16801772885e-08, 7.61031486718e-08, 3.30115739189e-07, 0.0002435350616, 0.000215460822801, 3.99406502538e-07, 6.27040833479e-07, 1.75957688953e-06, 8.36576475649e-07, 1.27537816752e-07, 1.78590440214e-07, 6.48866432584e-07, 2.01164922942e-07, 6.8889181648e-07, 1.58738123446e-06, 6.67858766974e-05, 1.93069445231e-05, 6.31479622371e-07, 9.2174150268e-07, 8.33732485717e-07, 7.11585016688e-05, 1.18684965855e-05, 1.49549720163e-07, 1.22940048186e-06, 0.000133267225465],
        "median": [5.23331822322e-09, 2.18702750354e-10, 2.09003980789e-10, 2.36896946504e-10, 2.42375869375e-10, 2.54460813531e-10, 2.68039812568e-10, 2.73734479528e-10, 3.3254696219e-10, 3.14747200525e-10, 3.4295094542e-10, 3.16481119089e-10, 2.78231521156e-10, 2.84807066819e-10, 3.03697816895e-10, 2.84903878267e-10, 3.05907799092e-10, 3.04149372354e-10, 3.49952733458e-10, 3.2519456572e-10, 2.78563144773e-10, 2.72694616887e-10, 2.63902844022e-10, 2.60054533463e-10, 2.58909060857e-10, 2.7554425408e-10, 2.73397027239e-10, 2.56635324103e-10, 2.51455578582e-10, 2.57857735164e-10, 2.59625543286e-10, 2.67911720586e-10, 2.68392280622e-10, 2.54935877964e-10, 2.55325149912e-10, 2.64897714874e-10, 2.65186372861e-10, 2.61753174691e-10, 2.55224952284e-10, 2.5395230363e-10],
        "min": [2.05536601627e-10, 3.17201438726e-11, 9.21340261029e-12, 3.85051851515e-11, 1.57618432195e-11, 1.07833733262e-11, 1.06110675802e-11, 8.44584114017e-13, 8.40105003792e-13, 4.33976595979e-12, 1.83184162283e-11, 8.8877507784e-12, 4.34539947428e-12, 1.72681053484e-11, 6.2660462756e-12, 3.70625015053e-12, 1.32704186181e-11, 7.91336267347e-12, 5.19972172958e-12, 1.58797096566e-12, 8.37644797275e-12, 7.75375510326e-12, 3.31695955424e-12, 5.51817359168e-12, 1.30444465993e-11, 2.23733739868e-11, 1.11107000336e-11, 4.49216098347e-12, 7.82585541509e-12, 3.86732789889e-12, 5.85488602045e-12, 3.6325211502e-12, 3.84719513191e-12, 4.92497882754e-12, 4.55644679973e-12, 1.37455238164e-11, 6.14474877231e-12, 6.5004958881e-12, 8.48665495518e-12, 5.31448626426e-12],
        "stdev": [5.63329194847e-07, 1.57472555884e-07, 3.71984469894e-07, 1.45926117057e-06, 9.71509962255e-06, 1.29068275783e-05, 6.41149608782e-06, 3.74382352675e-06, 6.6239717853e-06, 8.9003259518e-07, 3.66844176369e-07, 6.65927075261e-07, 8.73429996773e-07, 9.47780563365e-07, 2.10483221963e-06, 1.37792392252e-06, 1.35662548928e-06, 5.88985722061e-06, 0.00077923113713, 0.000688347208779, 7.01400722392e-06, 1.14042122732e-05, 3.06797592202e-05, 1.33485136757e-05, 2.05335277315e-06, 2.22138874051e-06, 5.21020729138e-06, 3.48372077497e-06, 1.16618393804e-05, 2.89136023639e-05, 0.000555660109967, 0.000162306445418, 1.13176220111e-05, 1.66345053003e-05, 1.48137123688e-05, 0.000519530265592, 8.82188396645e-05, 2.58774889517e-06, 1.1638308024e-05, 0.00115305231884],
