{
"lowlevel": {
    "average_loudness": 0.959496617317,
    "barkbands_crest": {
        "dmean": 2.7907128334,
        "dmean2": 4.77873563766,
        "dvar": 4.88431453705,
        "dvar2": 14.3883800507,
        "max": 21.4624423981,
        "mean": 7.36546993256,
        "median": 6.89511585236,
        "min": 2.44996261597,
        "stdev": 2.96437931061,
        "var": 8.78754520416
    },
    "barkbands_flatness_db": {
        "dmean": 0.0229318067431,
        "dmean2": 0.0399204529822,
        "dvar": 0.000352167437086,
        "dvar2": 0.00101952406112,
        "max": 0.232152268291,
        "mean": 0.114396676421,
        "median": 0.109230071306,
        "min": 0.0474939830601,
        "stdev": 0.028865436092,
        "var": 0.000833213445731
    },
    "barkbands_kurtosis": {
        "dmean": 3.14099574089,
        "dmean2": 5.51383638382,
        "dvar": 11.3192739487,
        "dvar2": 29.6345214844,
        "max": 30.7242202759,
        "mean": 2.81188821793,
        "median": 1.50140237808,
        "min": -1.40385127068,
        "stdev": 3.91507172585,
        "var": 15.3277873993
    },
    "barkbands_skewness": {
        "dmean": 0.629860937595,
        "dmean2": 1.07335960865,
        "dvar": 0.301558613777,
        "dvar2": 0.771653115749,
        "max": 5.00527048111,
        "mean": 1.38515222073,
        "median": 1.34544682503,
        "min": -1.03387916088,
        "stdev": 0.820400476456,
        "var": 0.673056960106
    },
    "barkbands_spread": {
        "dmean": 6.60506820679,
        "dmean2": 11.1160707474,
        "dvar": 29.429063797,
        "dvar2": 72.428237915,
        "max": 84.4664382935,
        "mean": 18.4929676056,
        "median": 18.230890274,
        "min": 3.90296602249,
        "stdev": 7.79878616333,
        "var": 60.8210639954
    },
    "dissonance": {
        "dmean": 0.0230988711119,
        "dmean2": 0.0415835976601,
        "dvar": 0.000713226792868,
        "dvar2": 0.00203102314845,
        "max": 0.500000119209,
        "mean": 0.478607147932,
        "median": 0.486592173576,
        "min": 0.161941871047,
        "stdev": 0.024741595611,
        "var": 0.00061214651214
    },
    "dynamic_complexity": 5.49517583847,
    "erbbands_crest": {
        "dmean": 2.06603693962,
        "dmean2": 3.56009316444,
        "dvar": 3.09418678284,
        "dvar2": 8.57438278198,
        "max": 23.7213020325,
        "mean": 5.75631093979,
        "median": 5.17135429382,
        "min": 2.46099352837,
        "stdev": 2.20536875725,
        "var": 4.86365127563
    },
    "erbbands_flatness_db": {
        "dmean": 0.0159668903798,
        "dmean2": 0.0267432816327,
        "dvar": 0.000174910892383,
        "dvar2": 0.000466198660433,
        "max": 0.269548088312,
        "mean": 0.162140995264,
        "median": 0.161322772503,
        "min": 0.0649230405688,
        "stdev": 0.021621318534,
        "var": 0.000467481411761
    },
    "erbbands_kurtosis": {
        "dmean": 1.12915074825,
        "dmean2": 1.99156153202,
        "dvar": 1.49633657932,
        "dvar2": 4.10541391373,
        "max": 7.14346313477,
        "mean": 0.219265922904,
        "median": -0.22066617012,
        "min": -1.36113452911,
        "stdev": 1.24805426598,
        "var": 1.55763947964
    },
    "erbbands_skewness": {
        "dmean": 0.543470621109,
        "dmean2": 0.918504953384,
        "dvar": 0.23640166223,
        "dvar2": 0.610218524933,
        "max": 2.35575652122,
        "mean": 0.422963917255,
        "median": 0.262787371874,
        "min": -0.846321642399,
        "stdev": 0.623558819294,
        "var": 0.388825595379
    },
    "erbbands_spread": {
        "dmean": 7.9818406105,
        "dmean2": 13.4361515045,
        "dvar": 41.9007759094,
        "dvar2": 114.1616745,
        "max": 66.3716430664,
        "mean": 32.5530891418,
        "median": 31.5341854095,
        "min": 7.14004850388,
        "stdev": 9.43590450287,
        "var": 89.0363006592
    },
    "hfc": {
        "dmean": 12.7390003204,
        "dmean2": 23.7535572052,
        "dvar": 356.601165771,
        "dvar2": 981.647521973,
        "max": 110.479537964,
        "mean": 9.98918151855,
        "median": 2.6763856411,
        "min": 1.92469702398e-08,
        "stdev": 16.2690029144,
        "var": 264.680450439
    },
    "loudness_ebu128": {
        "integrated": -20.4517097473,
        "loudness_range": 2.93723869324,
        "momentary": {
            "dmean": 1.03846549988,
            "dmean2": 1.5286949873,
            "dvar": 1.22965276241,
            "dvar2": 2.06451511383,
            "max": -17.2143383026,
            "mean": -21.424911499,
            "median": -20.4707813263,
            "min": -51.6371231079,
            "stdev": 3.88973736763,
            "var": 15.1300563812
        },
        "short_term": {
            "dmean": 0.126618936658,
            "dmean2": 0.19228027761,
            "dvar": 0.0122424792498,
            "dvar2": 0.0198017731309,
            "max": -19.2693691254,
            "mean": -20.6016731262,
            "median": -20.0545578003,
            "min": -25.5594387054,
            "stdev": 1.30758941174,
            "var": 1.70979011059
        }
    },
    "melbands_crest": {
        "dmean": 3.47144675255,
        "dmean2": 5.96004581451,
        "dvar": 7.10287475586,
        "dvar2": 20.4982872009,
        "max": 25.8885765076,
        "mean": 10.7307395935,
        "median": 10.1258020401,
        "min": 3.27472162247,
        "stdev": 4.00107192993,
        "var": 16.0085754395
    },
    "melbands_flatness_db": {
        "dmean": 0.0329530313611,
        "dmean2": 0.0564691722393,
        "dvar": 0.000659699784592,
        "dvar2": 0.00181344919838,
        "max": 0.339960873127,
        "mean": 0.172312751412,
        "median": 0.168841451406,
        "min": 0.0483747124672,
        "stdev": 0.0459361337125,
        "var": 0.00211012829095
    },
    "melbands_kurtosis": {
        "dmean": 5.35770750046,
        "dmean2": 9.27122497559,
        "dvar": 42.0617332458,
        "dvar2": 115.303207397,
        "max": 78.1842880249,
        "mean": 7.78753376007,
        "median": 5.96641921997,
        "min": -0.833005189896,
        "stdev": 8.09913158417,
        "var": 65.5959396362
    },
    "melbands_skewness": {
        "dmean": 0.697387337685,
        "dmean2": 1.18397367001,
        "dvar": 0.412283033133,
        "dvar2": 1.10054731369,
        "max": 7.37965488434,
        "mean": 2.11103320122,
        "median": 2.00008177757,
        "min": -0.558231830597,
        "stdev": 1.00669145584,
        "var": 1.01342773438
    },
    "melbands_spread": {
        "dmean": 8.81647491455,
        "dmean2": 14.8946866989,
        "dvar": 61.9920120239,
        "dvar2": 139.871307373,
        "max": 137.611206055,
        "mean": 21.8983135223,
        "median": 19.1369075775,
        "min": 3.36223173141,
        "stdev": 12.2144441605,
        "var": 149.192657471
    },
    "pitch_salience": {
        "dmean": 0.087130934,
        "dmean2": 0.149040266871,
        "dvar": 0.00528550427407,
        "dvar2": 0.0152953024954,
        "max": 0.936851024628,
        "mean": 0.732080817223,
        "median": 0.74320435524,
        "min": 0.291526585817,
        "stdev": 0.101931527257,
        "var": 0.0103900367394
    },
    "silence_rate_20dB": {
        "dmean": 0,
        "dmean2": 0,
        "dvar": 0,
        "dvar2": 0,
        "max": 1,
        "mean": 1,
        "median": 1,
        "min": 1,
        "stdev": 0,
        "var": 0
    },
    "silence_rate_30dB": {
        "dmean": 0.00158730160911,
        "dmean2": 0.00317712477408,
        "dvar": 0.00158477562945,
        "dvar2": 0.00475556124002,
        "max": 1,
        "mean": 0.999206960201,
        "median": 1,
        "min": 0,
        "stdev": 0.0281496532261,
        "var": 0.000792402948719
    },
    "silence_rate_60dB": {
        "dmean": 0.209523811936,
        "dmean2": 0.418586164713,
        "dvar": 0.16562281549,
        "dvar2": 0.32279664278,
        "max": 1,
        "mean": 0.394924670458,
        "median": 0,
        "min": 0,
        "stdev": 0.488834559917,
        "var": 0.238959237933
    },
    "spectral_centroid": {
        "dmean": 350.981323242,
        "dmean2": 592.033630371,
        "dvar": 86484.0625,
        "dvar2": 216552.1875,
        "max": 3088.06811523,
        "mean": 1228.2052002,
        "median": 1149.2923584,
        "min": 374.026123047,
        "stdev": 475.257263184,
        "var": 225869.46875
    },
    "spectral_complexity": {
        "dmean": 5.9984126091,
        "dmean2": 9.61953926086,
        "dvar": 31.4793300629,
        "dvar2": 71.5082931519,
        "max": 50,
        "mean": 12.4353685379,
        "median": 10,
        "min": 0,
        "stdev": 8.23735713959,
        "var": 67.854057312
    },
    "spectral_decrease": {
        "dmean": 5.83661607934e-09,
        "dmean2": 1.08876934135e-08,
        "dvar": 8.17276481294e-17,
        "dvar2": 2.24843228253e-16,
        "max": -7.11712596766e-20,
        "mean": -4.27892477006e-09,
        "median": -8.58049742369e-10,
        "min": -5.67573437138e-08,
        "stdev": 7.68918617666e-09,
        "var": 5.91235879326e-17
    },
    "spectral_energy": {
        "dmean": 0.0231710709631,
        "dmean2": 0.0432283431292,
        "dvar": 0.00127857481129,
        "dvar2": 0.00351633853279,
        "max": 0.224236428738,
        "mean": 0.0170556865633,
        "median": 0.0034795710817,
        "min": 2.01437304337e-12,
        "stdev": 0.0304400809109,
        "var": 0.000926598499063
    },
    "spectral_energyband_high": {
        "dmean": 0.000217915177927,
        "dmean2": 0.000397799070925,
        "dvar": 1.29210192767e-07,
        "dvar2": 3.60486666295e-07,
        "max": 0.00345932296477,
        "mean": 0.000195485714357,
        "median": 8.14063096186e-05,
        "min": 1.19505121944e-12,
        "stdev": 0.000308908696752,
        "var": 9.54245820139e-08
    },
    "spectral_energyband_low": {
        "dmean": 0.00312276789919,
        "dmean2": 0.00570860411972,
        "dvar": 5.20042012795e-05,
        "dvar2": 0.000145910991705,
        "max": 0.0675867497921,
        "mean": 0.0024246792309,
        "median": 0.000728212005924,
        "min": 2.25638464076e-13,
        "stdev": 0.00588056817651,
        "var": 3.45810840372e-05
    },
    "spectral_energyband_middle_high": {
        "dmean": 0.00291909277439,
        "dmean2": 0.00536774005741,
        "dvar": 1.81333525688e-05,
        "dvar2": 4.99716697959e-05,
        "max": 0.0270632132888,
        "mean": 0.00256534758955,
        "median": 0.000940116704442,
        "min": 2.59522682207e-13,
        "stdev": 0.0037748683244,
        "var": 1.42496310218e-05
    },
    "spectral_energyband_middle_low": {
        "dmean": 0.0182144585997,
        "dmean2": 0.0341970995069,
        "dvar": 0.000866146874614,
        "dvar2": 0.0024035370443,
        "max": 0.192052930593,
        "mean": 0.0123741962016,
        "median": 0.00173477339558,
        "min": 1.21797103653e-13,
        "stdev": 0.0245144311339,
        "var": 0.00060095731169
    },
    "spectral_entropy": {
        "dmean": 0.165618941188,
        "dmean2": 0.284636735916,
        "dvar": 0.0211426559836,
        "dvar2": 0.0588853284717,
        "max": 8.91696357727,
        "mean": 7.74811410904,
        "median": 7.78326225281,
        "min": 7.03147172928,
        "stdev": 0.19390180707,
        "var": 0.0375979095697
    },
    "spectral_flux": {
        "dmean": 0.0570842064917,
        "dmean2": 0.10150975734,
        "dvar": 0.00572069874033,
        "dvar2": 0.0108681349084,
        "max": 0.442393988371,
        "mean": 0.0982554480433,
        "median": 0.0507153980434,
        "min": 0.000418511684984,
        "stdev": 0.0888466089964,
        "var": 0.00789371971041
    },
    "spectral_kurtosis": {
        "dmean": 1.87302029133,
        "dmean2": 3.33057332039,
        "dvar": 3.64865493774,
        "dvar2": 11.4630260468,
        "max": 18.3520469666,
        "mean": 4.13589906693,
        "median": 3.81522846222,
        "min": 0.498435735703,
        "stdev": 2.11472439766,
        "var": 4.47205972672
    },
    "spectral_rms": {
        "dmean": 0.0022593406029,
        "dmean2": 0.00406432989985,
        "dvar": 7.61034380048e-06,
        "dvar2": 2.02592182177e-05,
        "max": 0.0147907827049,
        "mean": 0.00305667473003,
        "median": 0.00184247212019,
        "min": 4.43310490539e-08,
        "stdev": 0.00270119146444,
        "var": 7.29643579689e-06
    },
    "spectral_rolloff": {
        "dmean": 478.242218018,
        "dmean2": 803.29675293,
        "dvar": 389425.53125,
        "dvar2": 641319.25,
        "max": 18238.6230469,
        "mean": 1262.43273926,
        "median": 1098.19335938,
        "min": 150.732421875,
        "stdev": 804.905700684,
        "var": 647873.1875
    },
    "spectral_skewness": {
        "dmean": 0.305270880461,
        "dmean2": 0.519668161869,
        "dvar": 0.068385258317,
        "dvar2": 0.170963853598,
        "max": 3.13088679314,
        "mean": 1.43621516228,
        "median": 1.37099087238,
        "min": 0.706241130829,
        "stdev": 0.36976352334,
        "var": 0.136725068092
    },
    "spectral_spread": {
        "dmean": 373434.09375,
        "dmean2": 620435,
        "dvar": 223518474240,
        "dvar2": 417735606272,
        "max": 15919252,
        "mean": 3628297.5,
        "median": 3584100,
        "min": 2332997.5,
        "stdev": 652967.8125,
        "var": 426366992384
    },
    "spectral_strongpeak": {
        "dmean": 0.210002809763,
        "dmean2": 0.374561101198,
        "dvar": 0.109214566648,
        "dvar2": 0.3043012321,
        "max": 3.84408974648,
        "mean": 0.230970904231,
        "median": 0.130627125502,
        "min": 0,
        "stdev": 0.316605716944,
        "var": 0.100239187479
    },
    "zerocrossingrate": {
        "dmean": 0.00608646450564,
        "dmean2": 0.00854084920138,
        "dvar": 0.000117656789371,
        "dvar2": 0.000139087045682,
        "max": 0.4931640625,
        "mean": 0.0507227815688,
        "median": 0.05029296875,
        "min": 0.013671875,
        "stdev": 0.0183142032474,
        "var": 0.000335410033586
    },
    "barkbands": {
        "dmean": [0.000138131275889, 0.00139379815664, 0.00129659834784, 0.00114403921179, 0.00306327035651, 0.00587476510555, 0.00447706552222, 0.00258326740004, 0.00155877228826, 0.000976045732386, 0.000715745904017, 0.000441601645434, 0.000346948712831, 0.000172211104655, 0.000134000030812, 0.000162215888849, 0.000135150388815, 8.99024744285e-05, 7.27149526938e-05, 7.27537990315e-05, 5.36256884516e-05, 4.49576182291e-05, 2.90284588118e-05, 2.51709207078e-05, 1.71470273926e-05, 1.06671823232e-05, 2.76917535302e-06],
        "dmean2": [0.000262488960288, 0.00257136090659, 0.00239981105551, 0.00212666275911, 0.00579284317791, 0.0110128019005, 0.00845138262957, 0.00492148799822, 0.00293840141967, 0.00180709315464, 0.00132994062733, 0.000813691178337, 0.000637708057184, 0.000315300509101, 0.000242027381319, 0.000292517710477, 0.000246101553785, 0.000161265794304, 0.000131247303216, 0.000130585569423, 9.66460502241e-05, 8.12350263004e-05, 5.34751125087e-05, 4.66969468107e-05, 3.24056818499e-05, 2.0370573111e-05, 5.34981836608e-06],
        "dvar": [1.50348296302e-06, 1.28151714307e-05, 8.57721806824e-06, 8.65975562192e-06, 0.000117380754091, 0.000139212992508, 6.1705839471e-05, 2.35481293203e-05, 9.17180568649e-06, 2.89726835945e-06, 1.62125240877e-06, 5.23551420883e-07, 2.92715867545e-07, 9.76342704462e-08, 4.47477681575e-08, 6.46688249617e-08, 4.17421723853e-08, 1.96783194184e-08, 1.25845422971e-08, 1.11658842172e-08, 6.33345109691e-09, 4.82244066902e-09, 2.47586884328e-09, 2.57858823183e-09, 2.35264385751e-09, 2.34398034316e-09, 1.54006737918e-10],
        "dvar2": [4.4355360842e-06, 3.60014164471e-05, 2.44591192313e-05, 2.40771423705e-05, 0.000341625855071, 0.000392468675273, 0.00017438478244, 6.72282985761e-05, 2.6264353437e-05, 8.07538526715e-06, 4.58921113022e-06, 1.46441016113e-06, 8.28995382562e-07, 2.79727117913e-07, 1.23521729734e-07, 1.81533991395e-07, 1.16546338802e-07, 5.5553826428e-08, 3.52514639701e-08, 3.15552917129e-08, 1.79075403395e-08, 1.32516451146e-08, 6.89960311107e-09, 7.32836369366e-09, 6.77996814247e-09, 6.89144563637e-09, 4.53821064061e-10],
        "max": [0.0309806261212, 0.0385327860713, 0.0336558669806, 0.0427846424282, 0.110139347613, 0.0722844898701, 0.0592989251018, 0.0381223335862, 0.0243718400598, 0.0177544616163, 0.0078082899563, 0.00567357055843, 0.00369103276171, 0.00298226624727, 0.00194034271408, 0.00213713943958, 0.00171049602795, 0.00148493226152, 0.000949568580836, 0.000779318273999, 0.000645066145808, 0.000542581663467, 0.000514820741955, 0.000520717992913, 0.000530024990439, 0.000710767693818, 0.000173390857526],
        "mean": [8.30050339573e-05, 0.000976898008958, 0.000981517136097, 0.000857551640365, 0.00210297829472, 0.00367633812129, 0.00282128434628, 0.00162983918563, 0.00104005204048, 0.00073084916221, 0.000507350079715, 0.000365660787793, 0.000299094681395, 0.000154903609655, 0.000134180940222, 0.000156265494297, 0.000133561770781, 9.49608875089e-05, 7.78839603299e-05, 7.60018228902e-05, 5.38943022548e-05, 4.15395734308e-05, 2.34585277212e-05, 1.77209185495e-05, 1.09493848868e-05, 6.27227427685e-06, 1.54772794758e-06],
        "median": [4.5482488531e-06, 0.00020027186838, 0.000306419620756, 0.00025815126719, 0.000455165980384, 0.000207147997571, 0.000176337329322, 0.000148088409333, 0.00015145818179, 0.000169523904333, 0.000108482585347, 0.000120073302242, 0.000107906147605, 6.85115228407e-05, 6.83493926772e-05, 7.74311556597e-05, 6.57140408293e-05, 5.02993752889e-05, 4.30869913544e-05, 4.03420708608e-05, 2.85048135993e-05, 1.81120212801e-05, 7.78332923801e-06, 3.34997253049e-06, 9.01337386949e-07, 1.80489195145e-07, 8.52964010534e-09],
        "min": [1.09069525601e-13, 1.17804556258e-13, 4.03042332039e-14, 2.66892441443e-14, 5.11883219731e-14, 1.15883492309e-14, 7.76802904499e-15, 1.00795768758e-14, 1.31655889532e-14, 7.7933062022e-15, 9.8368104569e-15, 1.37019158159e-14, 3.0635711253e-14, 2.85156860418e-14, 2.85077171559e-14, 1.81363933339e-14, 7.09916651357e-15, 4.43264741861e-14, 2.61307360298e-14, 5.70955975099e-14, 4.65925651468e-14, 8.89176292275e-14, 7.24454946987e-14, 2.24763797526e-13, 8.02696938865e-14, 1.95849778994e-13, 5.02062855266e-13],
        "stdev": [0.000892905867659, 0.0028584941756, 0.00235565332696, 0.00239384546876, 0.00806334707886, 0.00944728963077, 0.00640412978828, 0.00387997203507, 0.0024257930927, 0.00143870373722, 0.00104708597064, 0.000620927487034, 0.000474692118587, 0.000258608721197, 0.000187409401406, 0.000223750423174, 0.000183439871762, 0.00012678312487, 0.000100325043604, 9.73455316853e-05, 7.13961198926e-05, 6.19099591859e-05, 4.19749048888e-05, 4.07730040024e-05, 3.68260116375e-05, 3.53113828169e-05, 8.99001861399e-06],
        "var": [7.97280904408e-07, 8.17098862171e-06, 5.54910229766e-06, 5.73049601371e-06, 6.50175643386e-05, 8.92512762221e-05, 4.1012877773e-05, 1.50541827679e-05, 5.88447210248e-06, 2.06986828744e-06, 1.09638904178e-06, 3.85550919191e-07, 2.25332613013e-07, 6.68784636559e-08, 3.5122283748e-08, 5.00642549639e-08, 3.36501884135e-08, 1.60739599409e-08, 1.00651140755e-08, 9.47615319546e-09, 5.09740605281e-09, 3.83284293193e-09, 1.76189252077e-09, 1.66243785404e-09, 1.35615507713e-09, 1.2468936994e-09, 8.08204336789e-11]
    },
    "erbbands": {
        "dmean": [0.0312241893262, 0.349245876074, 1.32450211048, 2.79177236557, 6.46823072433, 10.4465293884, 21.1487808228, 57.9516868591, 68.2776641846, 61.7116127014, 52.9542427063, 35.9630584717, 33.0305137634, 28.369884491, 27.1261196136, 17.4060115814, 15.7873497009, 11.2257165909, 6.67756795883, 7.00591135025, 9.61453723907, 7.63548469543, 5.15184259415, 4.28815698624, 3.45056891441, 3.44959354401, 2.73138165474, 1.77010130882, 1.63477861881, 1.22120046616, 0.796093165874, 0.571533620358, 0.387050628662, 0.184144034982, 0.129971683025, 0.0555342063308, 0.0181686393917, 0.00357853760943, 0.000445677171228, 5.27459233126e-05],
        "dmean2": [0.0573781691492, 0.645863056183, 2.46383810043, 5.11722612381, 12.2752227783, 19.6534461975, 39.3358612061, 109.057907104, 128.195846558, 117.29511261, 100.840942383, 67.7917556763, 61.6806602478, 52.0474662781, 50.3240280151, 31.8789997101, 28.9720287323, 20.7303695679, 12.0623264313, 12.655957222, 17.4435882568, 13.8730239868, 9.25204277039, 7.74496746063, 6.19471931458, 6.19132900238, 4.92230415344, 3.17927455902, 2.96264505386, 2.21314930916, 1.47243976593, 1.06049180031, 0.720946967602, 0.343902379274, 0.246441975236, 0.10552983731, 0.0348569117486, 0.00688679795712, 0.000861458480358, 0.000100340192148],
        "dvar": [0.00718042207882, 0.782229840755, 9.34142398834, 39.3006591797, 674.517028809, 1360.39440918, 2189.19628906, 13788.4082031, 15460.6630859, 11325.9697266, 10783.6533203, 4822.28320312, 3470.30639648, 2246.98779297, 2147.70727539, 751.912719727, 574.699890137, 395.296234131, 101.586395264, 127.819244385, 219.031723022, 129.267913818, 60.2279434204, 49.1470870972, 26.6374282837, 24.8576030731, 17.0344905853, 6.40150785446, 6.32862615585, 3.87928676605, 2.06998920441, 1.23466670513, 0.666496634483, 0.199622303247, 0.170445472002, 0.0473079644144, 0.00875061377883, 0.000290579511784, 3.63940534953e-06, 2.48325058294e-08],
        "dvar2": [0.0200316030532, 2.2033302784, 26.545627594, 109.29499054, 1957.78540039, 3958.40576172, 6154.89501953, 39060.8164062, 44121.0703125, 31722.1328125, 31020.8457031, 13811.2167969, 9734.63574219, 6276.80810547, 6078.36181641, 2102.92602539, 1612.0045166, 1128.23803711, 281.001342773, 354.445526123, 610.674621582, 361.460723877, 170.164489746, 138.794174194, 74.2493515015, 70.6054000854, 48.2438621521, 17.9482593536, 17.2536373138, 10.7728824615, 5.81045627594, 3.49732589722, 1.89579379559, 0.571025848389, 0.493728369474, 0.138345375657, 0.0258308779448, 0.000855171761941, 1.07119949462e-05, 7.23054043306e-08],
        "max": [1.05209410191, 9.41180706024, 32.569858551, 66.7895431519, 400.349121094, 371.042755127, 414.591186523, 753.386047363, 1010.33538818, 644.346069336, 886.226989746, 492.412994385, 545.432983398, 333.971282959, 316.829528809, 193.073486328, 151.553146362, 172.423126221, 70.6565170288, 88.2177200317, 113.821037292, 86.0707092285, 67.5965423584, 89.3724822998, 48.0180015564, 39.2049560547, 36.4401397705, 18.1484451294, 20.050037384, 18.0125083923, 14.9312238693, 10.7285871506, 8.62637805939, 5.40716171265, 4.37087059021, 2.7381465435, 1.51461195946, 0.290894001722, 0.0313368365169, 0.00299852713943],
        "mean": [0.021394841373, 0.24886444211, 1.00004065037, 2.20346355438, 4.52350759506, 7.10784006119, 13.9217281342, 35.8011665344, 42.6090888977, 39.2406044006, 33.5197868347, 23.9329051971, 23.8657798767, 21.3965301514, 19.7720317841, 14.7313566208, 13.8288965225, 9.83409786224, 6.81063222885, 7.12090921402, 9.1315984726, 7.58355855942, 5.42637777328, 4.52198553085, 3.77505874634, 3.58358240128, 2.7330083847, 1.78392219543, 1.52563107014, 1.06283557415, 0.625894784927, 0.417743593454, 0.26568081975, 0.122095495462, 0.0802179798484, 0.0335311405361, 0.0104610417038, 0.00202289549634, 0.000252609053859, 3.46872475347e-05],
        "median": [0.00367033900693, 0.0538343191147, 0.288162976503, 0.720216095448, 1.1275370121, 1.32983732224, 1.47425293922, 1.76596105099, 2.3975212574, 2.88096165657, 3.22932124138, 3.4879348278, 5.00673055649, 4.81379985809, 4.49788808823, 5.13177204132, 5.08817815781, 4.09831142426, 3.43549799919, 3.65480232239, 4.37427377701, 3.71789860725, 2.89028072357, 2.48200583458, 2.1255133152, 1.91273105145, 1.41622769833, 0.940058767796, 0.678982555866, 0.427807301283, 0.192386701703, 0.0980361551046, 0.0419635027647, 0.0137928482145, 0.00468311086297, 0.00143172312528, 0.000216595159145, 2.00375234272e-05, 3.8421676436e-06, 4.36937034465e-06],
        "min": [5.01492944394e-12, 2.10508294823e-11, 4.62823009084e-11, 7.37290645203e-11, 1.23375906713e-10, 1.82855688924e-10, 1.58630455993e-10, 7.58998905392e-11, 9.18819395568e-11, 1.52841503342e-10, 2.65786281872e-10, 3.12162268257e-10, 1.89962517938e-10, 3.65533159297e-10, 4.01925770444e-10, 6.55009602113e-10, 1.34101019178e-09, 1.54290724641e-09, 1.81644321806e-09, 1.07881870104e-09, 7.22653714647e-10, 5.40056721565e-10, 2.25470131454e-09, 2.16976392409e-09, 1.69011704632e-09, 2.57144772142e-09, 1.92415083866e-09, 1.88082216468e-09, 3.25944493618e-09, 2.20811435803e-09, 2.66294897244e-09, 3.54939322378e-09, 4.07796374446e-09, 1.33077671105e-09, 5.15614162477e-10, 8.09300682025e-10, 3.2471936251e-10, 3.17109366543e-10, 6.91213475346e-11, 5.40019591544e-12],
        "stdev": [0.067741215229, 0.705612719059, 2.45171117783, 5.19305706024, 19.4272270203, 27.4699821472, 37.1963996887, 93.3484802246, 100.44833374, 87.1115875244, 82.2909164429, 55.5936660767, 49.0104560852, 40.6674690247, 38.2739448547, 23.9291172028, 21.3610248566, 16.4859447479, 9.06149482727, 9.90945339203, 13.0647115707, 10.2558746338, 7.07724952698, 6.12950086594, 4.75287437439, 4.56577587128, 3.68523025513, 2.31859922409, 2.25422620773, 1.71098637581, 1.19104003906, 0.901519954205, 0.648472189903, 0.347374945879, 0.309679418802, 0.16032807529, 0.0677277222276, 0.0123772872612, 0.00138454744592, 0.000117043193313],
        "var": [0.00458887219429, 0.497889280319, 6.01088762283, 26.9678421021, 377.417175293, 754.599914551, 1383.57214355, 8713.93847656, 10089.8671875, 7588.42919922, 6771.79443359, 3090.65576172, 2402.0246582, 1653.84313965, 1464.89477539, 572.602661133, 456.293365479, 271.786376953, 82.1106948853, 98.197265625, 170.686691284, 105.18296814, 50.0874633789, 37.5707817078, 22.5898151398, 20.8463077545, 13.5809211731, 5.3759021759, 5.08153581619, 2.92747426033, 1.41857635975, 0.812738239765, 0.420516163111, 0.120669357479, 0.0959013476968, 0.0257050935179, 0.00458704447374, 0.000153197237523, 1.91697176888e-06, 1.36991094024e-08]
    },
    "gfcc": {
        "mean": [-67.7167816162, 116.911468506, -142.663375854, 32.4029312134, -65.1598052979, 8.06118202209, -31.1240024567, 0.929144740105, -20.9348678589, -3.85128712654, -14.0242738724, -4.49714803696, -9.29874801636],
        "cov": [[9487.59472656, -828.26574707, 695.610412598, -883.802490234, -892.639709473, -394.479888916, -521.148925781, 185.056838989, 57.8919410706, 371.974517822, 147.603668213, 453.00604248, -25.7207984924], [-828.26574707, 414.654083252, -38.3603096008, 163.58644104, 166.007461548, 54.1258926392, 145.374954224, -33.4377555847, 19.7093257904, -83.3300704956, -3.15022969246, -89.9227676392, 11.3273992538], [695.610412598, -38.3603096008, 540.752380371, -185.738876343, 14.9263048172, -60.8310012817, -73.6512832642, 42.0888748169, -36.8701515198, 80.1341781616, -3.82700967789, 74.2889099121, -16.1532535553], [-883.802490234, 163.58644104, -185.738876343, 361.112792969, 140.868270874, 119.110916138, 86.5581130981, -47.8997497559, -6.39234399796, -113.689201355, -32.0099906921, -100.18812561, 7.58991336823], [-892.639709473, 166.007461548, 14.9263048172, 140.868270874, 194.523483276, 80.2550735474, 103.706069946, -6.4150633812, -5.54995679855, -50.6125450134, -24.0408725739, -57.3964271545, -2.73754119873], [-394.479888916, 54.1258926392, -60.8310012817, 119.110916138, 80.2550735474, 95.2588119507, 66.9147491455, 4.68102025986, 1.95374715328, -33.4510536194, -13.2419843674, -44.1625289917, -5.8353266716], [-521.148925781, 145.374954224, -73.6512832642, 86.5581130981, 103.706069946, 66.9147491455, 142.034683228, 19.1980686188, 36.5882720947, -36.8148841858, 0.315725445747, -51.1844291687, -7.59009885788], [185.056838989, -33.4377555847, 42.0888748169, -47.8997497559, -6.4150633812, 4.68102025986, 19.1980686188, 60.9220733643, 31.1839351654, 33.7509536743, 7.48948431015, 12.8683252335, -13.2674217224], [57.8919410706, 19.7093257904, -36.8701515198, -6.39234399796, -5.54995679855, 1.95374715328, 36.5882720947, 31.1839351654, 63.5723953247, 19.5817928314, 19.382730484, -4.63195705414, -6.75897884369], [371.974517822, -83.3300704956, 80.1341781616, -113.689201355, -50.6125450134, -33.4510536194, -36.8148841858, 33.7509536743, 19.5817928314, 78.899848938, 25.7112102509, 46.6275482178, -5.06929302216], [147.603668213, -3.15022969246, -3.82700967789, -32.0099906921, -24.0408725739, -13.2419843674, 0.315725445747, 7.48948431015, 19.382730484, 25.7112102509, 43.0415267944, 27.1202373505, 11.1532354355], [453.00604248, -89.9227676392, 74.2889099121, -100.18812561, -57.3964271545, -44.1625289917, -51.1844291687, 12.8683252335, -4.63195705414, 46.6275482178, 27.1202373505, 76.6695556641, 18.2782154083], [-25.7207984924, 11.3273992538, -16.1532535553, 7.58991336823, -2.73754119873, -5.8353266716, -7.59009885788, -13.2674217224, -6.75897884369, -5.06929302216, 11.1532354355, 18.2782154083, 37.1376686096]],
        "icov": [[0.000271208875347, -0.000169879407622, -0.000360224017641, -0.000102503487142, 0.00139975687489, -0.000432420754805, 7.80702248449e-05, -0.000264527392574, -0.000378976401407, 0.000363970757462, 0.000163217322552, -0.00112321949564, 0.000545116898138], [-0.000169879407622, 0.00722968019545, -0.00142501224764, -0.000479380367324, -0.0033280714415, 0.00462902942672, -0.00531760742888, 0.00348645215854, -0.00111815216951, 0.00201449776068, -0.00479112379253, 0.00775448186323, -0.00451007997617], [-0.000360224017641, -0.00142501224764, 0.00444071460515, 0.00129897345323, -0.00476751290262, 0.00110105006024, 0.0029947203584, -0.00285089155659, 0.00308009167202, -0.00231865770184, 0.00135006429628, -0.00198284606449, 0.00208087684587], [-0.000102503487142, -0.000479380367324, 0.00129897345323, 0.00999058503658, -0.00430266093463, -0.00829736329615, 0.00578158628196, 0.00228240690194, -0.004469236359, 0.00835328642279, -0.00202762475237, 0.00306423124857, -0.00159783195704], [0.00139975687489, -0.0033280714415, -0.00476751290262, -0.00430266093463, 0.0239477343857, -0.00653564976528, -0.00927063357085, 0.000810986850411, 0.00208004657179, -0.00247750454582, 0.00693679181859, -0.00640679709613, 0.00103396666236], [-0.000432420754805, 0.00462902942672, 0.00110105006024, -0.00829736329615, -0.00653564976528, 0.032349281013, -0.0111144036055, -0.00723438337445, 0.010413274169, -0.00622825929895, -0.00302347843535, 0.00972162187099, -0.00262325000949], [7.80702248449e-05, -0.00531760742888, 0.0029947203584, 0.00578158628196, -0.00927063357085, -0.0111144036055, 0.030089572072, -0.0100248903036, -0.0102359177545, 0.0119281485677, -0.00662147626281, -3.01387899526e-05, 0.00370415230282], [-0.000264527392574, 0.00348645215854, -0.00285089155659, 0.00228240690194, 0.000810986850411, -0.00723438337445, -0.0100248903036, 0.0409269556403, -0.016031647101, -0.00902309268713, 0.00858725141734, -0.00529740937054, 0.00442119734362], [-0.000378976401407, -0.00111815216951, 0.00308009167202, -0.004469236359, 0.00208004657179, 0.010413274169, -0.0102359177545, -0.016031647101, 0.0393362678587, -0.0130924871191, -0.0105510903522, 0.00955326575786, 0.000140749689308], [0.000363970757462, 0.00201449776068, -0.00231865770184, 0.00835328642279, -0.00247750454582, -0.00622825929895, 0.0119281485677, -0.00902309268713, -0.0130924871191, 0.0459024533629, -0.0155777353793, -0.00751130282879, 0.00723311351612], [0.000163217322552, -0.00479112379253, 0.00135006429628, -0.00202762475237, 0.00693679181859, -0.00302347843535, -0.00662147626281, 0.00858725141734, -0.0105510903522, -0.0155777353793, 0.0509483106434, -0.0210230685771, -0.00467371055856], [-0.00112321949564, 0.00775448186323, -0.00198284606449, 0.00306423124857, -0.00640679709613, 0.00972162187099, -3.01387899526e-05, -0.00529740937054, 0.00955326575786, -0.00751130282879, -0.0210230685771, 0.0550427213311, -0.0255387816578], [0.000545116898138, -0.00451007997617, 0.00208087684587, -0.00159783195704, 0.00103396666236, -0.00262325000949, 0.00370415230282, 0.00442119734362, 0.000140749689308, 0.00723311351612, -0.00467371055856, -0.0255387816578, 0.0468982830644]]
    },
    "melbands": {
        "dmean": [0.000338563026162, 0.000611274619587, 0.000575502868742, 0.000605100067332, 0.000692185654771, 0.00127776665613, 0.00102595891804, 0.000650508969557, 0.000401295168558, 0.000216635948163, 0.000163056756719, 0.00011526747403, 9.89519103314e-05, 5.45984948985e-05, 3.75375821022e-05, 3.34662654495e-05, 1.91489743884e-05, 1.0276345165e-05, 1.05351127786e-05, 9.213861631e-06, 1.17826093629e-05, 8.07810010883e-06, 6.07064021096e-06, 3.96547602577e-06, 3.51764720108e-06, 2.6099733077e-06, 2.42691703534e-06, 2.32346610574e-06, 1.88929277556e-06, 1.22117091905e-06, 9.67827986642e-07, 9.28977385684e-07, 8.80497793787e-07, 5.99451539074e-07, 4.72235882398e-07, 3.82253972475e-07, 3.40780417218e-07, 2.95394841032e-07, 1.98986924715e-07, 1.37051074489e-07],
        "dmean2": [0.000624529202469, 0.00112399097998, 0.00106596003752, 0.00114701490384, 0.00128598872107, 0.00240174192004, 0.00192634749692, 0.0012361650588, 0.000763959949836, 0.000408540596254, 0.00030403630808, 0.000211181511986, 0.00018387271848, 0.000100789846329, 6.91429231665e-05, 6.17072510067e-05, 3.52100105374e-05, 1.85728640645e-05, 1.89986749319e-05, 1.66415029526e-05, 2.14179726754e-05, 1.46723114085e-05, 1.098796929e-05, 7.12517248758e-06, 6.36782579022e-06, 4.69577798867e-06, 4.32292426922e-06, 4.18170338889e-06, 3.41417830896e-06, 2.20632341552e-06, 1.73403964254e-06, 1.67859002431e-06, 1.59825901846e-06, 1.0903470411e-06, 8.73193243933e-07, 7.0867059776e-07, 6.32148100976e-07, 5.50819663658e-07, 3.70484144696e-07, 2.56325677128e-07],
        "dvar": [7.83473922183e-07, 2.02831415663e-06, 2.33834816754e-06, 5.65751906834e-06, 2.54193355431e-06, 6.61069680064e-06, 3.38068434758e-06, 1.27973987674e-06, 6.50895685794e-07, 1.74687343701e-07, 8.61611937353e-08, 3.82973510682e-08, 3.05041290005e-08, 8.15689826794e-09, 3.42759798322e-09, 2.89175705603e-09, 1.21716225987e-09, 2.56645926733e-10, 2.99368696499e-10, 2.20135659701e-10, 3.31842886503e-10, 1.47724887878e-10, 8.96510851667e-11, 3.87370031885e-11, 3.48364774527e-11, 1.70130853849e-11, 1.29395426665e-11, 1.21187183552e-11, 8.60001739961e-12, 3.36392914392e-12, 2.00570983433e-12, 2.01666374572e-12, 2.16732686485e-12, 9.37288224465e-13, 7.27883519517e-13, 5.17777227343e-13, 4.92378707251e-13, 3.9907137382e-13, 1.87860130555e-13, 1.26684415996e-13],
        "dvar2": [2.18582226807e-06, 5.74333716941e-06, 6.54115638099e-06, 1.64879875229e-05, 7.18642695574e-06, 1.8713884856e-05, 9.63479851634e-06, 3.59756336366e-06, 1.87888019809e-06, 4.99067823512e-07, 2.41564947601e-07, 1.07087778645e-07, 8.65886278234e-08, 2.28016840964e-08, 9.54601198089e-09, 8.18957612836e-09, 3.48922224447e-09, 7.14300230076e-10, 8.29718849182e-10, 6.16500128725e-10, 9.22404985726e-10, 4.12378464709e-10, 2.54124471466e-10, 1.07856605591e-10, 9.87954509868e-11, 4.76011487172e-11, 3.66823481313e-11, 3.44591438717e-11, 2.42560693753e-11, 9.58779756977e-12, 5.61584806436e-12, 5.5216096452e-12, 5.99863431497e-12, 2.59730041294e-12, 2.04263971189e-12, 1.46648090806e-12, 1.40214055644e-12, 1.13725142584e-12, 5.3334631633e-13, 3.64061835149e-13],
        "max": [0.00958356354386, 0.0141935646534, 0.0222654026002, 0.0284327603877, 0.0143750058487, 0.0157245472074, 0.0147109786049, 0.00666875112802, 0.00690939277411, 0.00302130240016, 0.00284641166218, 0.00139595312066, 0.00104813289363, 0.000711977016181, 0.000388974265661, 0.000365864398191, 0.000332298310241, 0.000127983759739, 0.000172535888851, 0.000136931455927, 0.000135228416184, 9.61008845479e-05, 8.39006970637e-05, 6.58719654894e-05, 7.69236430642e-05, 3.58473662345e-05, 3.49439251295e-05, 2.87539733108e-05, 2.41569669015e-05, 1.36585831569e-05, 1.30845455715e-05, 1.1625164916e-05, 1.29300733533e-05, 8.92051866686e-06, 7.99325971457e-06, 6.90286378813e-06, 7.39472488931e-06, 6.53052438793e-06, 5.22755999555e-06, 4.46002513854e-06],
        "mean": [0.000236118488829, 0.000466773810331, 0.000446771271527, 0.000419421674451, 0.000457910384284, 0.000792317208834, 0.000642217288259, 0.00041295750998, 0.00025414841366, 0.000145200712723, 0.000118094445497, 8.69707073434e-05, 7.02078614268e-05, 4.435700248e-05, 3.34360847773e-05, 2.82181117655e-05, 1.66778445418e-05, 1.04083428596e-05, 1.03215643321e-05, 9.29251746129e-06, 1.09442116809e-05, 7.95070627646e-06, 6.07219908488e-06, 4.20313199356e-06, 3.62049513569e-06, 2.80744438896e-06, 2.59999092123e-06, 2.34217759498e-06, 1.85605483694e-06, 1.22626079246e-06, 9.66502284427e-07, 8.7496539436e-07, 7.66101607041e-07, 5.16968555075e-07, 3.69922759091e-07, 2.8775812666e-07, 2.43351024665e-07, 2.01542363243e-07, 1.35003062951e-07, 8.96360390357e-08],
        "median": [4.5113840315e-05, 0.000132521789055, 0.000144810124766, 9.99098847387e-05, 5.53611826035e-05, 3.98971496907e-05, 3.65196137864e-05, 3.29615213559e-05, 2.59943590208e-05, 2.15176551137e-05, 2.51292822213e-05, 1.97806766664e-05, 1.46382626554e-05, 1.37482129503e-05, 1.22848850879e-05, 1.02676631286e-05, 6.85644135956e-06, 5.47561512576e-06, 5.11969619765e-06, 4.86571661895e-06, 5.16719182997e-06, 3.89306842408e-06, 2.97824408335e-06, 2.23772894969e-06, 1.91667845684e-06, 1.56962335041e-06, 1.40373867907e-06, 1.23172503663e-06, 9.4493685765e-07, 6.51971333809e-07, 5.01435863498e-07, 3.9186230083e-07, 3.04951242924e-07, 2.01107383191e-07, 1.14275948704e-07, 7.85538958326e-08, 5.07434911867e-08, 3.21609228138e-08, 1.68206355511e-08, 9.21660969766e-09],
        "min": [4.39902224348e-14, 2.51265157904e-14, 1.40928613316e-14, 1.11710186389e-14, 6.2627278309e-15, 1.78078046897e-15, 1.45416265868e-15, 1.75395260619e-15, 2.31924736035e-15, 1.85932837527e-15, 9.09430688105e-16, 1.44825248629e-15, 1.34143083197e-15, 1.32702153099e-15, 2.44897596194e-15, 3.15812422736e-15, 2.71756566259e-15, 2.91766194978e-15, 1.77090025315e-15, 1.44388581969e-15, 6.84947369446e-16, 4.92406245562e-16, 9.66734796327e-16, 2.55501178144e-15, 1.76177326139e-15, 5.61719057515e-16, 2.41607868457e-15, 1.36487532753e-15, 9.84361128443e-16, 1.37711548301e-15, 9.09006853994e-16, 2.00360116783e-15, 1.54817505726e-15, 1.0174587291e-15, 1.73564070678e-15, 1.3403948048e-15, 2.32352762959e-15, 3.03435450255e-15, 1.76446036754e-15, 9.94278084311e-16],
        "stdev": [0.000709718791768, 0.00114921689965, 0.00122871983331, 0.00176336767618, 0.00125610886607, 0.002048821887, 0.00149103091098, 0.000922510225791, 0.00063678319566, 0.000335166230798, 0.000244162802119, 0.000167665144545, 0.000143126278999, 7.70169936004e-05, 5.22289556102e-05, 4.61857125629e-05, 2.87333896267e-05, 1.42204289659e-05, 1.50691566887e-05, 1.30095440909e-05, 1.60681975103e-05, 1.09180255095e-05, 8.52553421282e-06, 5.61784281672e-06, 5.09603933097e-06, 3.69905728803e-06, 3.33336652147e-06, 3.12557813231e-06, 2.59808075498e-06, 1.63649599472e-06, 1.29306613417e-06, 1.27899829749e-06, 1.2668351701e-06, 8.41612063596e-07, 7.0549396014e-07, 5.88289140069e-07, 5.62079378597e-07, 4.99736529491e-07, 3.43501739053e-07, 2.73940003126e-07],
        "var": [5.03700789523e-07, 1.32069942538e-06, 1.50975233737e-06, 3.10946552418e-06, 1.57780959853e-06, 4.19767138737e-06, 2.22317316911e-06, 8.51025163229e-07, 4.05492841082e-07, 1.12336401514e-07, 5.96154734467e-08, 2.81116019352e-08, 2.04851335894e-08, 5.93161786355e-09, 2.72786371269e-09, 2.13312012498e-09, 8.25607693322e-10, 2.02220601375e-10, 2.27079480219e-10, 1.69248226545e-10, 2.58186971802e-10, 1.19203272253e-10, 7.26847401711e-11, 3.15601572654e-11, 2.59696153471e-11, 1.36830243316e-11, 1.11113323403e-11, 9.76923836965e-12, 6.75002415074e-12, 2.67811901128e-12, 1.67202016121e-12, 1.63583654001e-12, 1.60487129228e-12, 7.08310905588e-13, 4.97721709767e-13, 3.46084136826e-13, 3.15933233351e-13, 2.49736619188e-13, 1.17993437829e-13, 7.50431211312e-14]
    },
    "melbands128": {
