{
"lowlevel": {
    "average_loudness": 0.90491861105,
    "barkbands_crest": {
        "dmean": 1.41477918625,
        "dmean2": 2.37630748749,
        "dvar": 10.1686983109,
        "dvar2": 30.8577232361,
        "max": 26.5628871918,
        "mean": 21.3729801178,
        "median": 21.6470947266,
        "min": 3.26739168167,
        "stdev": 4.7242269516,
        "var": 22.318321228
    },
    "barkbands_flatness_db": {
        "dmean": 0.0206732265651,
        "dmean2": 0.0308931879699,
        "dvar": 0.00105140497908,
        "dvar2": 0.00268250936642,
        "max": 0.53824031353,
        "mean": 0.38752245903,
        "median": 0.430737376213,
        "min": 0.0506654903293,
        "stdev": 0.134590744972,
        "var": 0.0181146673858
    },
    "barkbands_kurtosis": {
        "dmean": 51.5196456909,
        "dmean2": 68.7397766113,
        "dvar": 19144.2167969,
        "dvar2": 46698.3242188,
        "max": 1612.71911621,
        "mean": 103.541366577,
        "median": 3.16164064407,
        "min": -1.84557390213,
        "stdev": 284.102813721,
        "var": 80714.40625
    },
    "barkbands_skewness": {
        "dmean": 1.35671877861,
        "dmean2": 1.99506962299,
        "dvar": 8.35102176666,
        "dvar2": 21.4438285828,
        "max": 35.1070098877,
        "mean": 4.91243457794,
        "median": 2.01815414429,
        "min": -1.19093048573,
        "stdev": 6.8526968956,
        "var": 46.9594573975
    },
    "barkbands_spread": {
        "dmean": 3.23944234848,
        "dmean2": 4.77341842651,
        "dvar": 110.663703918,
        "dvar2": 224.193374634,
        "max": 132.333007812,
        "mean": 11.742275238,
        "median": 5.32881069183,
        "min": 0.0852132290602,
        "stdev": 21.9206123352,
        "var": 480.513275146
    },
    "dissonance": {
        "dmean": 0.0357722751796,
        "dmean2": 0.0571302883327,
        "dvar": 0.000985170830972,
        "dvar2": 0.00306087662466,
        "max": 0.499329328537,
        "mean": 0.34766381979,
        "median": 0.329962134361,
        "min": 0.19021295011,
        "stdev": 0.0818152576685,
        "var": 0.00669373665005
    },
    "dynamic_complexity": 13.2454967499,
    "erbbands_crest": {
        "dmean": 0.859126865864,
        "dmean2": 1.22092247009,
        "dvar": 2.50299024582,
        "dvar2": 6.45445013046,
        "max": 22.3422260284,
        "mean": 12.9791440964,
        "median": 12.2023134232,
        "min": 2.55768275261,
        "stdev": 4.65475416183,
        "var": 21.6667346954
    },
    "erbbands_flatness_db": {
        "dmean": 0.00680817151442,
        "dmean2": 0.00776609312743,
        "dvar": 0.000110642802611,
        "dvar2": 0.000122082681628,
        "max": 0.446390092373,
        "mean": 0.338121205568,
        "median": 0.385034352541,
        "min": 0.0329593084753,
        "stdev": 0.116292722523,
        "var": 0.013523997739
    },
    "erbbands_kurtosis": {
        "dmean": 4.60456514359,
        "dmean2": 5.63592815399,
        "dvar": 175.452590942,
        "dvar2": 357.73260498,
        "max": 178.151428223,
        "mean": 13.3882074356,
        "median": -0.832054972649,
        "min": -1.22506713867,
        "stdev": 38.2982902527,
        "var": 1466.7590332
    },
    "erbbands_skewness": {
        "dmean": 0.302625983953,
        "dmean2": 0.340149044991,
        "dvar": 0.302918255329,
        "dvar2": 0.436790853739,
        "max": 11.2868461609,
        "mean": 1.49168109894,
        "median": 0.303544968367,
        "min": -1.64043426514,
        "stdev": 2.74240231514,
        "var": 7.52077102661
    },
    "erbbands_spread": {
        "dmean": 2.2176129818,
        "dmean2": 2.28614783287,
        "dvar": 27.1722450256,
        "dvar2": 29.3721923828,
        "max": 109.957679749,
        "mean": 19.0673065186,
        "median": 17.2039852142,
        "min": 0.902016460896,
        "stdev": 16.4069080353,
        "var": 269.18661499
    },
    "hfc": {
        "dmean": 0.360371559858,
        "dmean2": 0.336250960827,
        "dvar": 1.04658699036,
        "dvar2": 1.16914927959,
        "max": 23.8167591095,
        "mean": 10.3454179764,
        "median": 8.9336643219,
        "min": 3.75838382638e-09,
        "stdev": 9.03797721863,
        "var": 81.6850357056
    },
    "loudness_ebu128": {
        "integrated": -9.48316955566,
        "loudness_range": 2.35246944427,
        "momentary": {
            "dmean": 1.47777044773,
            "dmean2": 0.942413747311,
            "dvar": 7.18240785599,
            "dvar2": 4.76101446152,
            "max": -7.55774021149,
            "mean": -17.9778137207,
            "median": -10.4013204575,
            "min": -59.5732498169,
            "stdev": 15.4598789215,
            "var": 239.007858276
        },
        "short_term": {
            "dmean": 0.275185972452,
            "dmean2": 0.0300705172122,
            "dvar": 0.00705375242978,
            "dvar2": 5.61705601285e-05,
            "max": -9.53606033325,
            "mean": -10.6936597824,
            "median": -10.5486135483,
            "min": -12.2879199982,
            "stdev": 0.886890292168,
            "var": 0.786574363708
        }
    },
    "melbands_crest": {
        "dmean": 1.72461307049,
        "dmean2": 2.66248559952,
        "dvar": 17.4713096619,
        "dvar2": 47.0968208313,
        "max": 39.4261894226,
        "mean": 23.154094696,
        "median": 22.7051849365,
        "min": 5.04750394821,
        "stdev": 4.28365659714,
        "var": 18.3497142792
    },
    "melbands_flatness_db": {
        "dmean": 0.0175821967423,
        "dmean2": 0.0233501065522,
        "dvar": 0.00098312983755,
        "dvar2": 0.00198314152658,
        "max": 0.617220282555,
        "mean": 0.443213939667,
        "median": 0.482161223888,
        "min": 0.0273762177676,
        "stdev": 0.148957118392,
        "var": 0.0221882238984
    },
    "melbands_kurtosis": {
        "dmean": 18.3598937988,
        "dmean2": 27.0633087158,
        "dvar": 8554.88769531,
        "dvar2": 21753.6425781,
        "max": 1039.05859375,
        "mean": 39.6450462341,
        "median": 6.9656624794,
        "min": -1.31848573685,
        "stdev": 97.7091445923,
        "var": 9547.07714844
    },
    "melbands_skewness": {
        "dmean": 0.696889221668,
        "dmean2": 0.906650483608,
        "dvar": 4.43398141861,
        "dvar2": 8.94449996948,
        "max": 29.6958522797,
        "mean": 3.51790189743,
        "median": 2.63165473938,
        "min": 0.149853751063,
        "stdev": 2.88153886795,
        "var": 8.30326652527
    },
    "melbands_spread": {
        "dmean": 3.19019007683,
        "dmean2": 4.70523786545,
        "dvar": 158.865280151,
        "dvar2": 290.533233643,
        "max": 175.307266235,
        "mean": 14.0817394257,
        "median": 6.23095417023,
        "min": 0.272913306952,
        "stdev": 29.5392208099,
        "var": 872.565551758
    },
    "pitch_salience": {
        "dmean": 0.0407138466835,
        "dmean2": 0.0583908557892,
        "dvar": 0.00557898404077,
        "dvar2": 0.0148676093668,
        "max": 0.874181687832,
        "mean": 0.313390105963,
        "median": 0.370559990406,
        "min": 0.0166375525296,
        "stdev": 0.146384820342,
        "var": 0.0214285161346
    },
    "silence_rate_20dB": {
        "dmean": 0,
        "dmean2": 0,
        "dvar": 0,
        "dvar2": 0,
        "max": 1,
        "mean": 1,
        "median": 1,
        "min": 1,
        "stdev": 0,
        "var": 0
    },
    "silence_rate_30dB": {
        "dmean": 0,
        "dmean2": 0,
        "dvar": 0,
        "dvar2": 0,
        "max": 1,
        "mean": 1,
        "median": 1,
        "min": 1,
        "stdev": 0,
        "var": 0
    },
    "silence_rate_60dB": {
        "dmean": 0.00578034669161,
        "dmean2": 0.0116279069334,
        "dvar": 0.00574694154784,
        "dvar2": 0.0114926919341,
        "max": 1,
        "mean": 0.275862067938,
        "median": 0,
        "min": 0,
        "stdev": 0.446947753429,
        "var": 0.199762284756
    },
    "spectral_centroid": {
        "dmean": 61.9739494324,
        "dmean2": 89.2927780151,
        "dvar": 29323.7773438,
        "dvar2": 46489.46875,
        "max": 3917.46972656,
        "mean": 711.359619141,
        "median": 399.03515625,
        "min": 267.91998291,
        "stdev": 805.667785645,
        "var": 649100.5625
    },
    "spectral_complexity": {
        "dmean": 0.161849707365,
        "dmean2": 0.279069781303,
        "dvar": 0.228140071034,
        "dvar2": 0.363981306553,
        "max": 9,
        "mean": 4.17241382599,
        "median": 4,
        "min": 0,
        "stdev": 3.23844361305,
        "var": 10.4875164032
    },
    "spectral_decrease": {
        "dmean": 2.11765618929e-10,
        "dmean2": 1.82059783915e-10,
        "dvar": 5.54370656269e-19,
        "dvar2": 6.61319681099e-19,
        "max": -1.00120382302e-20,
        "mean": -6.86159840058e-09,
        "median": -6.49137410491e-09,
        "min": -1.46396219591e-08,
        "stdev": 5.62949997729e-09,
        "var": 3.16912678829e-17
    },
    "spectral_energy": {
        "dmean": 0.000831133453175,
        "dmean2": 0.000716605340131,
        "dvar": 8.42316421767e-06,
        "dvar2": 1.00246688817e-05,
        "max": 0.057413443923,
        "mean": 0.0268355514854,
        "median": 0.0253102146089,
        "min": 3.78684415639e-13,
        "stdev": 0.0220644492656,
        "var": 0.000486839941004
    },
    "spectral_energyband_high": {
        "dmean": 2.14218559336e-07,
        "dmean2": 2.87132223775e-07,
        "dvar": 7.95038134719e-14,
        "dvar2": 1.48862774321e-13,
        "max": 6.67279891786e-06,
        "mean": 2.07627454074e-06,
        "median": 1.24734015117e-06,
        "min": 2.29346056035e-13,
        "stdev": 2.16981243284e-06,
        "var": 4.70808591765e-12
    },
    "spectral_energyband_low": {
        "dmean": 6.79347067489e-07,
        "dmean2": 1.13357521059e-06,
        "dvar": 5.78062717051e-13,
        "dvar2": 1.44140157709e-12,
        "max": 7.01843464412e-06,
        "mean": 8.31810325508e-07,
        "median": 6.05714717494e-07,
        "min": 3.68917475236e-14,
        "stdev": 7.84811334142e-07,
        "var": 6.15928857396e-13
    },
    "spectral_energyband_middle_high": {
        "dmean": 0.000168228172697,
        "dmean2": 0.000169001170434,
        "dvar": 1.1177793624e-07,
        "dvar2": 1.12673610886e-07,
        "max": 0.0096918893978,
        "mean": 0.0037551317364,
        "median": 0.00294201495126,
        "min": 6.54797600147e-14,
        "stdev": 0.00367666245438,
        "var": 1.35178470373e-05
    },
    "spectral_energyband_middle_low": {
        "dmean": 0.00075156375533,
        "dmean2": 0.000645622087177,
        "dvar": 7.5879815995e-06,
        "dvar2": 9.15173040994e-06,
        "max": 0.0523853935301,
        "mean": 0.0249978546053,
        "median": 0.024255387485,
        "min": 5.74216891009e-15,
        "stdev": 0.0202295407653,
        "var": 0.000409234286053
    },
    "spectral_entropy": {
        "dmean": 0.0944520682096,
        "dmean2": 0.109014801681,
        "dvar": 0.0183708649129,
        "dvar2": 0.015038093552,
        "max": 8.99472332001,
        "mean": 5.24399662018,
        "median": 4.762758255,
        "min": 3.54647111893,
        "stdev": 1.51366877556,
        "var": 2.29119300842
    },
    "spectral_flux": {
        "dmean": 0.00269885617308,
        "dmean2": 0.00387462670915,
        "dvar": 0.000177922964212,
        "dvar2": 0.000438224553363,
        "max": 0.159479111433,
        "mean": 0.00538058718666,
        "median": 0.00344613334164,
        "min": 1.1338072909e-05,
        "stdev": 0.0124774640426,
        "var": 0.000155687113875
    },
    "spectral_kurtosis": {
        "dmean": 13.9797563553,
        "dmean2": 23.507276535,
        "dvar": 185.873275757,
        "dvar2": 403.216247559,
        "max": 84.5820007324,
        "mean": 36.6152191162,
        "median": 39.4514770508,
        "min": 0.952178001404,
        "stdev": 22.3578224182,
        "var": 499.8722229
    },
    "spectral_rms": {
        "dmean": 0.000103904450953,
        "dmean2": 8.63421082613e-05,
        "dvar": 1.38892360724e-07,
        "dvar2": 1.54051235768e-07,
        "max": 0.00748419109732,
        "mean": 0.00426566274837,
        "median": 0.00496829301119,
        "min": 1.922103543e-08,
        "stdev": 0.00282580312341,
        "var": 7.98516339273e-06
    },
    "spectral_rolloff": {
        "dmean": 224.667251587,
        "dmean2": 399.61618042,
        "dvar": 1814111.5,
        "dvar2": 3602759.5,
        "max": 19379.8828125,
        "mean": 1182.34521484,
        "median": 775.1953125,
        "min": 21.533203125,
        "stdev": 2923.6105957,
        "var": 8547499
    },
    "spectral_skewness": {
        "dmean": 1.04015684128,
        "dmean2": 1.69712018967,
        "dvar": 0.801790595055,
        "dvar2": 1.76761877537,
        "max": 7.6946978569,
        "mean": 4.17802715302,
        "median": 4.39832687378,
        "min": 0.579404294491,
        "stdev": 1.70451283455,
        "var": 2.90536403656
    },
    "spectral_spread": {
        "dmean": 473864.21875,
        "dmean2": 719752,
        "dvar": 249625427968,
        "dvar2": 337039294464,
        "max": 16063254,
        "mean": 2771763,
        "median": 1787822.5,
        "min": 1053203.625,
        "stdev": 2473001.75,
        "var": 6.11573720678e+12
    },
    "spectral_strongpeak": {
        "dmean": 0.0331929475069,
        "dmean2": 0.0206101350486,
        "dvar": 0.0104857487604,
        "dvar2": 0.00359232351184,
        "max": 2.41234612465,
        "mean": 1.396261096,
        "median": 1.60681271553,
        "min": 0,
        "stdev": 0.916850447655,
        "var": 0.84061473608
    },
    "zerocrossingrate": {
        "dmean": 0.00708713429049,
        "dmean2": 0.00923476088792,
        "dvar": 0.000492965918966,
        "dvar2": 0.000746715464629,
        "max": 0.50830078125,
        "mean": 0.0406704619527,
        "median": 0.0244140625,
        "min": 0.0068359375,
        "stdev": 0.0616261810064,
        "var": 0.00379778631032
    },
    "barkbands": {
        "dmean": [1.61950720212e-06, 1.14626971026e-07, 1.52059342895e-08, 2.45825937384e-08, 0.000660570163745, 1.24916668938e-05, 3.47135902246e-08, 2.74547943491e-07, 4.71108114652e-06, 0.000160858413437, 3.12145275529e-05, 9.40433255892e-06, 3.37409728672e-05, 4.35350466432e-06, 7.69103917264e-06, 4.45371824753e-06, 4.32969227404e-06, 1.2389366475e-06, 9.38336825129e-07, 1.428492169e-07, 1.42748774579e-07, 3.02433527111e-08, 4.49248949153e-09, 3.43835382388e-09, 2.65667887689e-09, 2.46336995247e-09, 1.27903121427e-09],
        "dmean2": [2.91560104415e-06, 1.89201784906e-07, 2.44444233743e-08, 4.32353886026e-08, 0.000558920961339, 1.58928050951e-05, 5.57264705492e-08, 3.31106463136e-07, 7.55312294132e-06, 0.000187535159057, 2.66956012638e-05, 8.92866228241e-06, 4.0215341869e-05, 4.94291361974e-06, 1.01512769106e-05, 7.04617423253e-06, 5.43802752873e-06, 1.67554355812e-06, 1.25779331483e-06, 2.14413290678e-07, 2.0653754973e-07, 4.58901467937e-08, 7.37414351804e-09, 5.59014257107e-09, 4.46406600574e-09, 4.24718527015e-09, 2.07982608913e-09],
        "dvar": [5.41503777582e-12, 1.01580934419e-14, 2.5341404661e-16, 2.99734500729e-14, 6.19520551481e-06, 1.03442832078e-09, 1.71556253192e-15, 2.72643317428e-13, 3.89450763305e-11, 9.54682377596e-08, 2.50184428729e-09, 2.37326658326e-10, 3.0349947e-09, 4.71161928917e-11, 1.22193324903e-10, 3.04943847951e-11, 3.54959325821e-11, 4.65668692842e-12, 1.67275362398e-12, 3.56098478612e-14, 3.09234280164e-14, 2.06657446757e-15, 2.77346760703e-17, 1.58892776449e-17, 8.42767259553e-18, 6.03433757609e-18, 1.64439742104e-18],
        "dvar2": [1.50364772716e-11, 2.30629521015e-14, 6.08138898245e-16, 7.45835955929e-14, 7.53094491301e-06, 1.92753413231e-09, 3.93578771733e-15, 5.2875482855e-13, 1.14649366389e-10, 1.13690717285e-07, 1.65991409506e-09, 2.19605236773e-10, 3.84439990953e-09, 6.3299428199e-11, 1.90140250766e-10, 7.49081213725e-11, 4.81123196838e-11, 7.21213063229e-12, 2.53020239309e-12, 7.27768810927e-14, 6.44646960596e-14, 3.79280897935e-15, 5.63918471207e-17, 3.97000669696e-17, 2.24635552979e-17, 1.46562425192e-17, 3.67125213805e-18],
        "max": [1.99454461836e-05, 7.54987752316e-07, 1.01340866365e-07, 2.19850062422e-06, 0.0447634756565, 0.000544763577636, 3.61793013326e-07, 6.32087039776e-06, 9.09061927814e-05, 0.00792014505714, 0.00163715553936, 0.00041901122313, 0.0017180206487, 0.000246333074756, 0.000229459401453, 8.21954527055e-05, 0.000131517241243, 4.23955316364e-05, 4.78237307107e-05, 3.06941706185e-06, 4.34562343798e-06, 5.5471292626e-07, 7.70188677279e-08, 6.29262899565e-08, 4.9929823831e-08, 3.18667616739e-08, 1.58826658492e-08],
        "mean": [1.4057561657e-06, 1.91038878938e-07, 1.50060657234e-08, 3.07733394322e-08, 0.0218226090074, 0.000281719607301, 9.75922844759e-08, 1.91525737137e-06, 2.87956208922e-05, 0.0032221393194, 0.000517473032232, 0.000142601027619, 0.000605418637861, 6.67036947561e-05, 6.39290810796e-05, 2.34983763221e-05, 3.17755184369e-05, 1.18024609037e-05, 1.11097888293e-05, 7.76719161877e-07, 1.37040387926e-06, 1.56822750341e-07, 2.19098179599e-08, 2.36254873442e-08, 1.62028221951e-08, 1.46074610186e-08, 1.02835064908e-08],
        "median": [7.81651806392e-07, 1.65720990708e-07, 8.61349835901e-09, 6.86851553411e-09, 0.0213738661259, 0.000359575409675, 9.16440825449e-08, 2.19430057768e-06, 1.35430545924e-05, 0.00304433191195, 0.00013332409435, 5.68918840145e-05, 0.000280643260339, 5.25477253177e-06, 2.81009833998e-05, 1.65311794262e-05, 1.16224691737e-05, 1.05979388536e-05, 4.858241482e-06, 4.51715322924e-07, 7.32862986297e-07, 1.9428472342e-07, 1.6608556308e-08, 2.00663503591e-08, 1.36449003207e-08, 1.34172424282e-08, 1.05408783924e-08],
        "min": [2.1241577155e-14, 2.10540728596e-14, 4.72073314955e-15, 1.05019390553e-15, 8.28048768384e-16, 5.91276007512e-16, 1.04536359427e-15, 5.52314080125e-16, 1.0327405799e-15, 3.27346978598e-15, 8.39810636126e-15, 9.661068061e-15, 5.47367047724e-15, 4.97941277648e-15, 2.22245415261e-15, 5.81717579515e-15, 5.86503146261e-15, 1.31751578844e-14, 5.88026069148e-15, 3.73298685393e-15, 6.58930138372e-15, 3.62232555691e-14, 1.40375238221e-14, 1.60576965543e-14, 1.90493830427e-14, 3.68061395977e-14, 1.13289518283e-13],
        "stdev": [1.9816375243e-06, 1.29572143237e-07, 1.70884959516e-08, 1.99850816784e-07, 0.0173195656389, 0.000205286822165, 7.87335707741e-08, 1.46794104694e-06, 3.0601513572e-05, 0.00304565764964, 0.000594656914473, 0.000150420644786, 0.000646932749078, 8.27149342513e-05, 7.23575358279e-05, 2.54785245488e-05, 3.83223123208e-05, 1.25519327412e-05, 1.4393199308e-05, 8.6257023213e-07, 1.52819177401e-06, 1.32149693854e-07, 1.84422432881e-08, 1.7920729789e-08, 1.22639134403e-08, 7.5518151732e-09, 2.88004242677e-09],
        "var": [3.92688746104e-12, 1.67889400976e-14, 2.92016699679e-16, 3.99403512379e-14, 0.000299967359751, 4.21426769037e-08, 6.19897462558e-15, 2.15485095045e-12, 9.36452582145e-10, 9.27603014134e-06, 3.53616854909e-07, 2.26263701109e-08, 4.18521977963e-07, 6.84176093557e-09, 5.23561283217e-09, 6.4915517406e-10, 1.46859968631e-09, 1.57551013902e-10, 2.07164188581e-10, 7.44027452496e-13, 2.33537017849e-12, 1.74635408538e-14, 3.40116312621e-16, 3.21152541951e-16, 1.50403577333e-16, 5.70299143929e-17, 8.29464458224e-18]
    },
    "erbbands": {
        "dmean": [1.22441642816e-05, 1.20629747471e-05, 7.58805690566e-05, 0.00163034815341, 0.0882780924439, 2.8227930069, 2.75836157799, 0.113327756524, 0.00607668748125, 0.00447389064357, 0.00639299023896, 0.319964617491, 6.04184341431, 0.671860516071, 1.76344048977, 0.434859871864, 1.67772555351, 0.26286226511, 0.239788591862, 0.230891957879, 0.180597409606, 0.146233141422, 0.080564789474, 0.0733614191413, 0.00675947731361, 0.00531739043072, 0.00632436852902, 0.00573953427374, 0.00120193324983, 0.000614842167124, 0.000126080849441, 0.000102481862996, 8.21383655421e-05, 3.70427515008e-05, 1.85384524229e-05, 1.46031416079e-05, 4.10658549299e-06, 1.18474395094e-06, 4.90882086979e-07, 9.32811076382e-07],
        "dmean2": [2.00307604246e-05, 1.6413796402e-05, 7.93479266576e-05, 0.00166322512086, 0.09267244488, 2.49003434181, 2.28616499901, 0.0993278324604, 0.0053633726202, 0.00541747780517, 0.00782510917634, 0.417463034391, 7.14056348801, 0.756965816021, 1.5118727684, 0.46249717474, 1.95221793652, 0.288024038076, 0.310514599085, 0.293494790792, 0.286676079035, 0.181022331119, 0.108172319829, 0.101370900869, 0.00911162234843, 0.00796574912965, 0.00863926764578, 0.00815626420081, 0.00180582585745, 0.000951306952629, 0.000202411727514, 0.00016658482491, 0.000139345720527, 5.93545810261e-05, 3.03990855173e-05, 2.58274922089e-05, 6.8250460572e-06, 2.00100907932e-06, 5.76016191189e-07, 8.07384765267e-07],
        "dvar": [1.47327469668e-10, 7.71323782622e-10, 8.85130759798e-08, 5.01702816109e-05, 0.157744064927, 116.890083313, 98.9379043579, 0.156550228596, 0.000467497186037, 0.000103317470348, 0.000210862839594, 0.308722943068, 130.60383606, 1.90267074108, 8.24292945862, 0.569348394871, 7.69727993011, 0.184868007898, 0.132285937667, 0.0995322093368, 0.0590816661716, 0.0397287644446, 0.0185178536922, 0.0106161236763, 7.80318005127e-05, 4.45999103249e-05, 5.52604869881e-05, 5.90042654949e-05, 2.73053069577e-06, 8.58330906794e-07, 2.14645030638e-08, 1.14849587618e-08, 9.59037294024e-09, 1.75443093386e-09, 4.44258296817e-10, 2.39879283104e-10, 1.72955556127e-11, 1.69010487029e-12, 2.03726271963e-12, 1.04241311763e-11],
        "dvar2": [3.17678161554e-10, 1.19397558507e-09, 1.45571874555e-07, 9.51993933995e-05, 0.306777745485, 156.474716187, 102.191902161, 0.175391376019, 0.000532467849553, 0.000175042499905, 0.000330719194608, 0.43512660265, 156.716156006, 2.214864254, 5.75070762634, 0.514827489853, 9.25782203674, 0.226145803928, 0.197579011321, 0.148138105869, 0.127466216683, 0.0534849055111, 0.0282505806535, 0.0160859469324, 0.000128147556097, 9.95983355097e-05, 0.000126711180201, 0.000131846623844, 5.26259373146e-06, 1.57686463353e-06, 4.84426081471e-08, 3.10421235383e-08, 2.36768578077e-08, 4.73496131193e-09, 1.21565124633e-09, 5.69167935005e-10, 3.76059218488e-11, 3.79048745516e-12, 2.3723555672e-12, 1.23599385934e-11],
        "max": [0.000119249460113, 0.000445584097179, 0.0042056501843, 0.0979849845171, 5.34197330475, 181.345840454, 196.652099609, 7.85854625702, 0.419250369072, 0.141563013196, 0.320004016161, 14.85069561, 297.182983398, 33.970916748, 92.1207427979, 23.6356754303, 86.4150238037, 15.5064268112, 8.52058315277, 7.34944248199, 5.89169788361, 4.4864320755, 2.79538917542, 3.52161169052, 0.322836190462, 0.123167060316, 0.204595640302, 0.181426465511, 0.0201557185501, 0.0112305246294, 0.00217760377564, 0.00161590497009, 0.00122810911853, 0.000755304703489, 0.000317522149999, 0.000220563306357, 6.80870361975e-05, 1.76259472937e-05, 2.88130249828e-05, 6.43556122668e-05],
        "mean": [4.62242169306e-05, 0.000208600264159, 0.00201589358039, 0.0398341603577, 1.97430539131, 87.2675704956, 97.5344619751, 3.92878746986, 0.208380252123, 0.061412256211, 0.131228879094, 5.81972551346, 120.251792908, 13.9546852112, 29.7118835449, 8.11987876892, 30.6950187683, 4.551466465, 2.59097194672, 2.26234126091, 1.61674451828, 1.1188904047, 0.84610414505, 0.903115093708, 0.0871273204684, 0.0325701273978, 0.052067976445, 0.0488385260105, 0.0074417325668, 0.00279962457716, 0.000680503319018, 0.000571819837205, 0.000452754145954, 0.000227864889894, 0.000108879175968, 8.38481282699e-05, 3.13696727972e-05, 8.54212976265e-06, 1.39325011332e-05, 3.00458923448e-05],
        "median": [5.04290219396e-05, 0.00021771385218, 0.00190630962607, 0.0367594286799, 1.78680300713, 82.2867736816, 101.743797302, 4.19962120056, 0.218112781644, 0.0726225972176, 0.121826544404, 4.77984476089, 111.344444275, 13.910528183, 8.99287223816, 2.7583026886, 14.7880592346, 0.875583708286, 0.826050758362, 1.09066724777, 1.01183176041, 0.46519780159, 0.780694246292, 0.516243338585, 0.0485938489437, 0.017541879788, 0.0221272185445, 0.0216775033623, 0.00889062322676, 0.00301819713786, 0.000633730611298, 0.000552119454369, 0.00040367100155, 0.00016109207354, 0.000106872663309, 7.21480173524e-05, 3.0924067687e-05, 9.21771788853e-06, 1.29297004605e-05, 2.82177006738e-05],
        "min": [9.38547200027e-13, 3.58840149435e-12, 6.05165483697e-12, 4.60754741652e-12, 2.41045269682e-12, 3.14813257928e-12, 2.58264134904e-12, 6.19927893741e-12, 1.49651749326e-11, 1.1860234149e-11, 1.55213220748e-11, 2.32944288858e-11, 6.70387426127e-11, 1.72486941397e-10, 4.18638346211e-10, 3.72522013237e-10, 2.70896582943e-10, 2.1119668514e-10, 2.43162212588e-10, 9.61730833859e-11, 3.91606524985e-10, 3.32318450535e-10, 5.85026305178e-10, 5.81612757955e-10, 1.72663938702e-10, 2.17111412182e-10, 1.86803864044e-10, 5.87881854308e-10, 1.28716404202e-09, 6.57363441459e-10, 4.78380557389e-10, 4.56534088311e-10, 2.1368574965e-10, 2.33533664629e-10, 1.11599930686e-10, 1.12219837589e-10, 7.57736928758e-11, 2.98652387543e-11, 1.34335710958e-11, 2.03967333474e-12],
        "stdev": [2.75851689366e-05, 0.000156539870659, 0.00161305640358, 0.0321353562176, 1.60590088367, 70.0296707153, 76.1466217041, 3.04295706749, 0.162155970931, 0.046654921025, 0.118424452841, 5.60292959213, 113.971504211, 13.1102266312, 33.5277023315, 8.84779071808, 32.6474266052, 5.34147548676, 2.94658851624, 2.4662168026, 1.78668904305, 1.31465923786, 0.870514333248, 1.0889081955, 0.10007391125, 0.0353126823902, 0.060844335705, 0.0544134639204, 0.00621997751296, 0.00248039350845, 0.000553219288122, 0.000426819606218, 0.000353460578481, 0.000184861681191, 7.50318431528e-05, 5.41070912732e-05, 1.64602606674e-05, 3.78668210033e-06, 1.0643614587e-05, 2.46779636655e-05],
        "var": [7.60941532008e-10, 2.45047324654e-08, 2.60195110968e-06, 0.00103268120438, 2.57891774178, 4904.15527344, 5798.30761719, 9.25958824158, 0.0262945573777, 0.00217668153346, 0.0140243507922, 31.3928222656, 12989.5029297, 171.878051758, 1124.10681152, 78.2833938599, 1065.85449219, 28.5313587189, 8.68238449097, 6.08222484589, 3.19225764275, 1.72832882404, 0.757795214653, 1.18572103977, 0.0100147882476, 0.00124698563013, 0.0037020330783, 0.0029608248733, 3.86881183658e-05, 6.15235194346e-06, 3.06051560983e-07, 1.82174971997e-07, 1.24934373957e-07, 3.41738406462e-08, 5.62977797713e-09, 2.9275772917e-09, 2.70940159197e-10, 1.43389605745e-11, 1.13286532932e-10, 6.09001904461e-10]
    },
    "gfcc": {
        "mean": [-266.762756348, 127.172233582, -137.576766968, -25.3959712982, -39.948387146, -25.40092659, -37.2096061707, -38.5400123596, -50.1661376953, -33.8380813599, -17.5981636047, 10.1529006958, 23.7246398926],
        "cov": [[36204.9179688, 11095.9394531, -6848.31298828, -4017.78564453, -308.454498291, -2194.25830078, -937.532775879, -3419.14331055, -3054.09814453, -3728.12133789, -1108.00146484, -418.688995361, 1739.28564453], [11095.9394531, 3991.36572266, -1799.79748535, -1399.16174316, -274.628509521, -934.319458008, -416.319274902, -1267.91784668, -1046.40563965, -1349.92749023, -394.067230225, -142.483047485, 610.4296875], [-6848.31298828, -1799.79748535, 2102.21899414, 963.920898438, -180.943405151, 154.642532349, -29.6425800323, 550.214172363, 542.364929199, 723.247802734, 203.12461853, 98.5012054443, -288.091583252], [-4017.78564453, -1399.16174316, 963.920898438, 764.681640625, 70.7021408081, 202.36100769, 21.6341648102, 396.720703125, 354.889404297, 507.192840576, 120.471717834, 63.3002738953, -190.247238159], [-308.454498291, -274.628509521, -180.943405151, 70.7021408081, 148.57723999, 145.479156494, 83.0921325684, 90.2922821045, 57.4749145508, 61.8551902771, 12.6623249054, 0.0210065338761, -35.7164077759], [-2194.25830078, -934.319458008, 154.642532349, 202.36100769, 145.479156494, 390.558654785, 222.887756348, 351.183532715, 279.653076172, 315.220977783, 107.384101868, 30.891040802, -184.5574646], [-937.532775879, -416.319274902, -29.6425800323, 21.6341648102, 83.0921325684, 222.887756348, 162.562942505, 182.404708862, 129.455383301, 133.115020752, 55.4917411804, 10.1464996338, -90.6594543457], [-3419.14331055, -1267.91784668, 550.214172363, 396.720703125, 90.2922821045, 351.183532715, 182.404708862, 459.604644775, 360.332122803, 454.039154053, 140.059265137, 52.0504951477, -204.856933594], [-3054.09814453, -1046.40563965, 542.364929199, 354.889404297, 57.4749145508, 279.653076172, 129.455383301, 360.332122803, 325.604827881, 378.151519775, 112.556434631, 48.9798698425, -181.337219238], [-3728.12133789, -1349.92749023, 723.247802734, 507.192840576, 61.8551902771, 315.220977783, 133.115020752, 454.039154053, 378.151519775, 524.280334473, 157.550979614, 51.8287620544, -212.688644409], [-1108.00146484, -394.067230225, 203.12461853, 120.471717834, 12.6623249054, 107.384101868, 55.4917411804, 140.059265137, 112.556434631, 157.550979614, 66.455368042, 11.7936534882, -75.7988204956], [-418.688995361, -142.483047485, 98.5012054443, 63.3002738953, 0.0210065338761, 30.891040802, 10.1464996338, 52.0504951477, 48.9798698425, 51.8287620544, 11.7936534882, 23.1935806274, -19.455039978], [1739.28564453, 610.4296875, -288.091583252, -190.247238159, -35.7164077759, -184.5574646, -90.6594543457, -204.856933594, -181.337219238, -212.688644409, -75.7988204956, -19.455039978, 131.927612305]],
        "icov": [[0.001625298406, -0.00608168076724, 0.00409799162298, -0.00504531897604, 0.00575871765614, -0.00768590951338, 0.00607501622289, -0.00655518611893, 0.00584433646873, -0.00163769617211, 0.000228858116316, 0.000857301463839, -0.00116054038517], [-0.00608168076724, 0.0275073833764, -0.0158962588757, 0.0214080065489, -0.0199009329081, 0.0269660279155, -0.0238650776446, 0.0326115675271, -0.0199964288622, 0.00803946144879, -0.00279187853448, -0.00581245264038, -0.00134999665897], [0.00409799162298, -0.0158962588757, 0.0150433676317, -0.0190692450851, 0.0246045198292, -0.019314467907, 0.0156103372574, -0.0194353125989, 0.00756998825818, 0.000251078658039, -0.00317520229146, 0.00804119743407, -0.00476188026369], [-0.00504531897604, 0.0214080065489, -0.0190692450851, 0.0366191975772, -0.0419034287333, 0.0357604958117, -0.0146652683616, 0.0259500518441, -0.00570366345346, -0.0149578433484, 0.0161702688783, -0.022628903389, 0.0215246845037], [0.00575871765614, -0.0199009329081, 0.0246045198292, -0.0419034287333, 0.0724222734571, -0.0586459636688, 0.0242761783302, -0.0255824755877, 0.00724483886734, 0.0191015060991, -0.0136604113504, 0.0333295911551, -0.0381947495043], [-0.00768590951338, 0.0269660279155, -0.019314467907, 0.0357604958117, -0.0586459636688, 0.101645678282, -0.0635897442698, 0.0295297950506, -0.0311689563096, -0.0163582451642, 0.0206892285496, -0.0258922558278, 0.0532756112516], [0.00607501622289, -0.0238650776446, 0.0156103372574, -0.0146652683616, 0.0242761783302, -0.0635897442698, 0.0826032087207, -0.0486234612763, 0.0252676419914, 0.0105230314657, -0.0134175755084, 0.0145616922528, -0.0117162531242], [-0.00655518611893, 0.0326115675271, -0.0194353125989, 0.0259500518441, -0.0255824755877, 0.0295297950506, -0.0486234612763, 0.0826691165566, -0.0309468302876, -0.0135440444574, -0.00136142061092, -0.0205157157034, -0.00833307020366], [0.00584433646873, -0.0199964288622, 0.00756998825818, -0.00570366345346, 0.00724483886734, -0.0311689563096, 0.0252676419914, -0.0309468302876, 0.0818250924349, -0.0298729371279, 0.0280720833689, -0.0314850211143, 0.0272433515638], [-0.00163769617211, 0.00803946144879, 0.000251078658039, -0.0149578433484, 0.0191015060991, -0.0163582451642, 0.0105230314657, -0.0135440444574, -0.0298729371279, 0.0615275651217, -0.0513382218778, 0.0293318647891, -0.035181581974], [0.000228858116316, -0.00279187853448, -0.00317520229146, 0.0161702688783, -0.0136604113504, 0.0206892285496, -0.0134175755084, -0.00136142061092, 0.0280720833689, -0.0513382218778, 0.103583209217, -0.0147646330297, 0.0533521026373], [0.000857301463839, -0.00581245264038, 0.00804119743407, -0.022628903389, 0.0333295911551, -0.0258922558278, 0.0145616922528, -0.0205157157034, -0.0314850211143, 0.0293318647891, -0.0147646330297, 0.101121105254, -0.0380889847875], [-0.00116054038517, -0.00134999665897, -0.00476188026369, 0.0215246845037, -0.0381947495043, 0.0532756112516, -0.0117162531242, -0.00833307020366, 0.0272433515638, -0.035181581974, 0.0533521026373, -0.0380889847875, 0.0987300053239]]
    },
    "melbands": {
        "dmean": [1.4107817492e-07, 8.80697470507e-09, 2.94484209462e-07, 8.559285925e-05, 0.000132251429022, 7.98005828528e-07, 5.94187721248e-09, 5.67679983021e-08, 1.61841455792e-08, 2.28025896831e-06, 3.03940705635e-05, 2.33546961681e-06, 4.41367683379e-06, 2.66108304459e-06, 3.18188449455e-06, 2.09668928619e-06, 4.73407283152e-07, 2.71224848802e-07, 7.46136777252e-07, 3.74883541099e-07, 2.08043616112e-07, 2.35507044977e-07, 4.21767083481e-08, 9.4760423508e-08, 6.91213415394e-08, 5.14439912891e-09, 4.59265692143e-09, 4.81595385793e-09, 4.73069716733e-09, 4.80998352259e-09, 2.85983903225e-09, 5.91517390625e-10, 1.04740460749e-09, 1.27305638253e-10, 8.29650931289e-11, 1.04069149132e-10, 4.75260074351e-11, 6.27339222237e-11, 5.4367024771e-11, 3.35014897768e-11],
        "dmean2": [2.32666451438e-07, 1.40835849649e-08, 4.40675904656e-07, 7.76512024458e-05, 0.000108678024844, 1.02182934825e-06, 9.35046706729e-09, 6.88351562417e-08, 2.08996677742e-08, 3.30796888193e-06, 3.56690070475e-05, 2.63052220362e-06, 3.80710753234e-06, 2.27584064305e-06, 3.93764139517e-06, 2.39427572524e-06, 5.30392583187e-07, 3.39074063049e-07, 9.73630790213e-07, 5.9161959598e-07, 2.9968441595e-07, 2.9514092148e-07, 5.9648748163e-08, 1.27947828332e-07, 9.48380645127e-08, 7.36287830705e-09, 6.84648915339e-09, 7.30057525544e-09, 6.9099157507e-09, 6.7726406705e-09, 4.20392476386e-09, 8.65188642951e-10, 1.58362223335e-09, 2.01784658427e-10, 1.40232533918e-10, 1.67270419738e-10, 7.92577392605e-11, 1.08058770265e-10, 8.94294985287e-11, 5.59999338567e-11],
        "dvar": [2.34685080885e-14, 8.53453258471e-17, 5.51943386828e-12, 1.12054415524e-07, 2.35825922346e-07, 3.97837145172e-12, 7.04799770321e-17, 1.09592612492e-14, 9.23794461066e-16, 1.16047007073e-11, 3.34333960517e-09, 2.39245585149e-11, 5.09632197554e-11, 1.87611627622e-11, 2.59590543505e-11, 1.24112334993e-11, 5.4446518908e-13, 1.80488911035e-13, 1.15208016738e-12, 2.16706467766e-13, 9.81353602439e-14, 1.02380458983e-13, 3.48993265554e-15, 2.77777763492e-14, 9.14230696762e-15, 3.65647480456e-17, 3.75986377845e-17, 3.86438201931e-17, 3.32629408253e-17, 4.4079882434e-17, 1.48810635923e-17, 5.57429053186e-19, 2.4962598623e-18, 2.7434514534e-20, 1.05687154344e-20, 1.1455930457e-20, 2.94348040645e-21, 5.27778348923e-21, 4.49010236652e-21, 1.5226055505e-21],
        "dvar2": [5.74758881981e-14, 1.94377319259e-16, 1.36101876297e-11, 1.5988165103e-07, 2.5538614068e-07, 7.83931253245e-12, 1.87556057056e-16, 2.08585844316e-14, 1.8181541037e-15, 2.21410407369e-11, 3.97915833616e-09, 2.90681645421e-11, 3.5871052656e-11, 1.29595145379e-11, 3.50479402444e-11, 1.44198888941e-11, 7.37343346102e-13, 2.5255443353e-13, 1.72853409103e-12, 5.33122862263e-13, 1.70532126831e-13, 1.40824106391e-13, 5.94113779644e-15, 4.30033375717e-14, 1.4687464908e-14, 8.01547873557e-17, 8.46330571653e-17, 8.92013242255e-17, 8.1117824112e-17, 8.55783194646e-17, 3.22514643723e-17, 1.11449942018e-18, 4.85398186124e-18, 6.04215887897e-20, 2.63023934655e-20, 2.98260940177e-20, 8.33582215012e-21, 1.37109936357e-20, 1.26641739523e-20, 4.13329065837e-21],
        "max": [1.44533430557e-06, 6.58193073377e-08, 2.78183179034e-05, 0.0053316061385, 0.00935236085206, 3.58262186637e-05, 8.39029183908e-08, 1.27789053295e-06, 3.81127506444e-07, 9.04933694983e-05, 0.00149698043242, 9.99165713438e-05, 0.000229100478464, 0.000135659967782, 0.000158501556143, 0.000108447078674, 2.70134150924e-05, 1.06959068944e-05, 2.24603845709e-05, 7.04886360836e-06, 7.59312524679e-06, 6.79951017446e-06, 9.66262291513e-07, 3.2647790249e-06, 3.31159299094e-06, 1.01842260847e-07, 1.16653119164e-07, 9.93717677034e-08, 1.59602805638e-07, 1.29277808014e-07, 8.80911272816e-08, 8.52018100517e-09, 1.67980687138e-08, 1.95794980229e-09, 1.20802701176e-09, 1.42151379556e-09, 8.23061563349e-10, 8.14426970308e-10, 8.02550192969e-10, 5.7799559583e-10],
        "mean": [1.82155503126e-07, 1.23269003893e-08, 4.52296688991e-07, 0.00256122741848, 0.00459785247222, 1.80440765689e-05, 1.20880212506e-08, 4.07504643363e-07, 9.84924923841e-08, 3.34521500918e-05, 0.000607292691711, 4.34146350017e-05, 7.33266424504e-05, 4.42323871539e-05, 5.51562079636e-05, 3.8884991227e-05, 7.24591518519e-06, 3.47741661244e-06, 6.29003898212e-06, 1.99637520382e-06, 2.00469412448e-06, 1.65870392266e-06, 3.23763657661e-07, 9.76087562776e-07, 7.62094487072e-07, 3.12316110751e-08, 2.45911682129e-08, 2.06676080694e-08, 3.52933646752e-08, 3.26667617401e-08, 2.18418314546e-08, 2.8476485614e-09, 3.90834831165e-09, 5.3017062962e-10, 3.21060150688e-10, 4.51226195297e-10, 2.55383658665e-10, 2.96119101462e-10, 2.57820542693e-10, 1.57488286301e-10],
        "median": [1.39895220741e-07, 8.87497186852e-09, 1.72292658362e-07, 0.00240081641823, 0.00464447587729, 2.3010190489e-05, 1.07916076075e-08, 4.62227660591e-07, 1.12964031018e-07, 2.10985417652e-05, 0.000567321898416, 5.15458450536e-05, 2.08067031053e-05, 1.40418151204e-05, 2.34608814935e-05, 1.99779642571e-05, 5.37710548087e-07, 7.35783373784e-07, 2.97088013212e-06, 1.39484859574e-06, 1.06436107217e-06, 6.09028177223e-07, 2.60841204636e-07, 8.99916756225e-07, 3.52337735876e-07, 1.7115304729e-08, 8.46621617256e-09, 1.16611191814e-08, 1.14587273004e-08, 1.99424512459e-08, 7.63987628716e-09, 2.38158093246e-09, 3.76336739549e-09, 5.65230307004e-10, 2.37144193171e-10, 4.65866456523e-10, 2.02901806468e-10, 3.00773517203e-10, 1.93254259817e-10, 1.08570305524e-10],
        "min": [8.1373074579e-15, 3.5819265746e-15, 7.28988794599e-16, 1.88003727203e-16, 1.03938685039e-16, 1.41513278337e-16, 2.26751090557e-16, 1.20968441262e-16, 1.37148821962e-16, 1.45005065783e-16, 3.4141960516e-16, 6.36254304044e-16, 1.30314462512e-15, 1.16231269215e-15, 8.43450421404e-16, 4.40969243398e-16, 3.90510802516e-16, 4.59485198337e-16, 1.01598445502e-16, 2.02295767062e-16, 5.1325950851e-16, 3.05738871652e-16, 4.13162581108e-16, 7.03960135678e-16, 4.53220701477e-16, 1.88856107046e-16, 6.15016461669e-17, 1.63497594967e-16, 1.26973428402e-16, 6.4104254159e-17, 4.75246628601e-16, 8.75001710475e-16, 4.85057546531e-16, 2.75144094537e-16, 2.27685209079e-16, 3.8489444468e-16, 2.10089873075e-16, 1.41024778555e-16, 2.00408233548e-16, 1.88018457636e-16],
        "stdev": [1.64439256878e-07, 9.91200987954e-09, 2.2081901534e-06, 0.00205881264992, 0.00362088857219, 1.31340402731e-05, 1.10796944952e-08, 3.13726900458e-07, 7.43305506035e-08, 3.33112657245e-05, 0.000574866833631, 3.96276227548e-05, 8.33312078612e-05, 4.92585713801e-05, 5.94678458583e-05, 4.10711581935e-05, 9.03791442397e-06, 4.03083231504e-06, 7.07967546987e-06, 2.18856894207e-06, 2.30425189329e-06, 1.99461373995e-06, 3.31825162903e-07, 1.01216744497e-06, 9.9136548215e-07, 3.25866089668e-08, 3.03890956843e-08, 2.30362697806e-08, 4.56051161279e-08, 3.52282079064e-08, 2.53064964539e-08, 2.574980007e-09, 3.72401531834e-09, 4.11365302933e-10, 2.82858653167e-10, 3.51738027593e-10, 2.06603650854e-10, 2.25135035614e-10, 2.10409731305e-10, 1.3406020738e-10],
