{
"lowlevel": {
    "average_loudness": 0.982859671116,
    "barkbands_crest": {
        "dmean": 0.893251001835,
        "dmean2": 1.19016098976,
        "dvar": 3.04556798935,
        "dvar2": 6.62286424637,
        "max": 25.7745761871,
        "mean": 9.80302715302,
        "median": 8.81170940399,
        "min": 4.07322740555,
        "stdev": 3.39776539803,
        "var": 11.5448102951
    },
    "barkbands_flatness_db": {
        "dmean": 0.0112335765734,
        "dmean2": 0.01734543778,
        "dvar": 0.000364772073226,
        "dvar2": 0.000757633533794,
        "max": 0.325791090727,
        "mean": 0.236066013575,
        "median": 0.25029733777,
        "min": 0.0540746375918,
        "stdev": 0.0486416779459,
        "var": 0.00236601266079
    },
    "barkbands_kurtosis": {
        "dmean": 4.18250083923,
        "dmean2": 6.96711683273,
        "dvar": 267.048675537,
        "dvar2": 782.625549316,
        "max": 178.653442383,
        "mean": 4.54563140869,
        "median": -0.545603871346,
        "min": -1.84497261047,
        "stdev": 21.4430599213,
        "var": 459.804840088
    },
    "barkbands_skewness": {
        "dmean": 0.368265450001,
        "dmean2": 0.533467710018,
        "dvar": 1.06922352314,
        "dvar2": 2.75494217873,
        "max": 13.124379158,
        "mean": 1.00854098797,
        "median": 0.44058662653,
        "min": -0.923428952694,
        "stdev": 1.95316946507,
        "var": 3.81487107277
    },
    "barkbands_spread": {
        "dmean": 1.80367803574,
        "dmean2": 2.39189553261,
        "dvar": 52.1660423279,
        "dvar2": 63.0364990234,
        "max": 126.246994019,
        "mean": 11.3735027313,
        "median": 8.78656673431,
        "min": 1.83972084522,
        "stdev": 11.1709327698,
        "var": 124.789733887
    },
    "dissonance": {
        "dmean": 0.0384362712502,
        "dmean2": 0.0688585937023,
        "dvar": 0.00108733982779,
        "dvar2": 0.00302499649115,
        "max": 0.498973011971,
        "mean": 0.318693011999,
        "median": 0.292075574398,
        "min": 0.206413641572,
        "stdev": 0.0788139849901,
        "var": 0.00621164450422
    },
    "dynamic_complexity": 5.60561132431,
    "erbbands_crest": {
        "dmean": 0.7845723629,
        "dmean2": 1.25565934181,
        "dvar": 1.63534915447,
        "dvar2": 4.56570529938,
        "max": 16.658372879,
        "mean": 9.16355705261,
        "median": 9.18257904053,
        "min": 2.27838397026,
        "stdev": 2.40105700493,
        "var": 5.76507472992
    },
    "erbbands_flatness_db": {
        "dmean": 0.00694403005764,
        "dmean2": 0.00927406549454,
        "dvar": 8.46544717206e-05,
        "dvar2": 0.000116624585644,
        "max": 0.33403557539,
        "mean": 0.257871508598,
        "median": 0.285969138145,
        "min": 0.0261001233011,
        "stdev": 0.0743158012629,
        "var": 0.00552283832803
    },
    "erbbands_kurtosis": {
        "dmean": 0.287439465523,
        "dmean2": 0.462514072657,
        "dvar": 0.300243854523,
        "dvar2": 0.738522410393,
        "max": 7.04543304443,
        "mean": 0.798399627209,
        "median": 0.734202504158,
        "min": -1.49550664425,
        "stdev": 0.789172232151,
        "var": 0.622792840004
    },
    "erbbands_skewness": {
        "dmean": 0.109003208578,
        "dmean2": 0.170441731811,
        "dvar": 0.0408089719713,
        "dvar2": 0.0910305082798,
        "max": 1.80884218216,
        "mean": -0.133110910654,
        "median": -0.157753705978,
        "min": -1.53018927574,
        "stdev": 0.320110619068,
        "var": 0.102470807731
    },
    "erbbands_spread": {
        "dmean": 3.02707481384,
        "dmean2": 4.56136894226,
        "dvar": 74.8436508179,
        "dvar2": 205.06086731,
        "max": 139.366348267,
        "mean": 17.4723186493,
        "median": 11.0320949554,
        "min": 8.01175689697,
        "stdev": 20.9299411774,
        "var": 438.062469482
    },
    "hfc": {
        "dmean": 1.41735517979,
        "dmean2": 1.46739983559,
        "dvar": 2.39613938332,
        "dvar2": 2.14891386032,
        "max": 42.655544281,
        "mean": 23.062379837,
        "median": 26.8129119873,
        "min": 3.17199228448e-05,
        "stdev": 11.7082300186,
        "var": 137.082641602
    },
    "loudness_ebu128": {
        "integrated": -32.1717376709,
        "loudness_range": 0.719259262085,
        "momentary": {
            "dmean": 1.46079039574,
            "dmean2": 0.92488950491,
            "dvar": 16.0616016388,
            "dvar2": 7.2473950386,
            "max": -30.9686889648,
            "mean": -34.6803131104,
            "median": -32.0793533325,
            "min": -78.6403121948,
            "stdev": 8.75752830505,
            "var": 76.6943054199
        },
        "short_term": {
            "dmean": 0.0665066689253,
            "dmean2": 0.0255113169551,
            "dvar": 0.00352919986472,
            "dvar2": 0.000801219604909,
            "max": -31.7830219269,
            "mean": -32.1020545959,
            "median": -32.0519065857,
            "min": -32.8534317017,
            "stdev": 0.271963506937,
            "var": 0.0739641413093
        }
    },
    "melbands_crest": {
        "dmean": 1.05963468552,
        "dmean2": 1.40135645866,
        "dvar": 5.92132520676,
        "dvar2": 9.5686416626,
        "max": 38.350440979,
        "mean": 15.6666574478,
        "median": 13.5685501099,
        "min": 9.28080844879,
        "stdev": 6.21443080902,
        "var": 38.6191520691
    },
    "melbands_flatness_db": {
        "dmean": 0.0114749278873,
        "dmean2": 0.016735246405,
        "dvar": 0.000501240079757,
        "dvar2": 0.00103490659967,
        "max": 0.392991125584,
        "mean": 0.315753757954,
        "median": 0.333600461483,
        "min": 0.0936617553234,
        "stdev": 0.0561508908868,
        "var": 0.00315292249434
    },
    "melbands_kurtosis": {
        "dmean": 17.028011322,
        "dmean2": 28.3474121094,
        "dvar": 4574.10595703,
        "dvar2": 14832.9423828,
        "max": 639.254089355,
        "mean": 19.8041610718,
        "median": -0.211088180542,
        "min": -1.38107514381,
        "stdev": 85.6974639893,
        "var": 7344.05517578
    },
    "melbands_skewness": {
        "dmean": 0.620482444763,
        "dmean2": 0.903736352921,
        "dvar": 3.53821921349,
        "dvar2": 10.1879749298,
        "max": 23.6049041748,
        "mean": 1.75533986092,
        "median": 0.676594316959,
        "min": -0.605938255787,
        "stdev": 3.75148200989,
        "var": 14.0736169815
    },
    "melbands_spread": {
        "dmean": 1.83251845837,
        "dmean2": 1.99471473694,
        "dvar": 35.9703025818,
        "dvar2": 32.8243560791,
        "max": 88.2389526367,
        "mean": 16.0118408203,
        "median": 14.0947952271,
        "min": 1.18678438663,
        "stdev": 12.8465547562,
        "var": 165.033966064
    },
    "pitch_salience": {
        "dmean": 0.0230693910271,
        "dmean2": 0.0278802290559,
        "dvar": 0.00261728814803,
        "dvar2": 0.0035973500926,
        "max": 0.773900926113,
        "mean": 0.655140578747,
        "median": 0.71647632122,
        "min": 0.0578009709716,
        "stdev": 0.162214457989,
        "var": 0.0263135302812
    },
    "silence_rate_20dB": {
        "dmean": 0,
        "dmean2": 0,
        "dvar": 0,
        "dvar2": 0,
        "max": 1,
        "mean": 1,
        "median": 1,
        "min": 1,
        "stdev": 0,
        "var": 0
    },
    "silence_rate_30dB": {
        "dmean": 0,
        "dmean2": 0,
        "dvar": 0,
        "dvar2": 0,
        "max": 1,
        "mean": 1,
        "median": 1,
        "min": 1,
        "stdev": 0,
        "var": 0
    },
    "silence_rate_60dB": {
        "dmean": 0.00692041544244,
        "dmean2": 0.0138888889924,
        "dvar": 0.00687250029296,
        "dvar2": 0.013695968315,
        "max": 1,
        "mean": 0.158620685339,
        "median": 0,
        "min": 0,
        "stdev": 0.365321367979,
        "var": 0.133459702134
    },
    "spectral_centroid": {
        "dmean": 67.6232147217,
        "dmean2": 96.1775741577,
        "dvar": 41013.9140625,
        "dvar2": 95049.5859375,
        "max": 3365.25683594,
        "mean": 801.47265625,
        "median": 590.388122559,
        "min": 257.860412598,
        "stdev": 609.539367676,
        "var": 371538.25
    },
    "spectral_complexity": {
        "dmean": 0.657439470291,
        "dmean2": 1.13888883591,
        "dvar": 0.661197245121,
        "dvar2": 1.41126406193,
        "max": 15,
        "mean": 10.0103445053,
        "median": 12,
        "min": 0,
        "stdev": 4.40805387497,
        "var": 19.4309406281
    },
    "spectral_decrease": {
        "dmean": 4.67979155427e-10,
        "dmean2": 5.02293706628e-10,
        "dvar": 4.79911424743e-19,
        "dvar2": 3.94815193377e-19,
        "max": -5.23061744352e-16,
        "mean": -1.09559987749e-08,
        "median": -1.28030954727e-08,
        "min": -1.80667214522e-08,
        "stdev": 5.16278042539e-09,
        "var": 2.6654303744e-17
    },
    "spectral_energy": {
        "dmean": 0.00189209007658,
        "dmean2": 0.00202002492733,
        "dvar": 7.4251611295e-06,
        "dvar2": 6.06054300079e-06,
        "max": 0.0720567703247,
        "mean": 0.0434422232211,
        "median": 0.0508133247495,
        "min": 4.85124829197e-09,
        "stdev": 0.0205305628479,
        "var": 0.000421503995312
    },
    "spectral_energyband_high": {
        "dmean": 2.10183725358e-06,
        "dmean2": 3.07231312036e-06,
        "dvar": 2.1102843431e-11,
        "dvar2": 3.3301507385e-11,
        "max": 0.000117190582387,
        "mean": 1.2097587387e-05,
        "median": 8.90065348358e-06,
        "min": 1.9962189679e-09,
        "stdev": 1.40775555337e-05,
        "var": 1.98177557698e-10
    },
    "spectral_energyband_low": {
        "dmean": 0.000323752261465,
        "dmean2": 0.000386241095839,
        "dvar": 1.29062357246e-06,
        "dvar2": 1.57549652613e-06,
        "max": 0.0250123329461,
        "mean": 0.00924634654075,
        "median": 0.010488926433,
        "min": 1.16359588631e-09,
        "stdev": 0.00435005826876,
        "var": 1.89230067917e-05
    },
    "spectral_energyband_middle_high": {
        "dmean": 0.000798572669737,
        "dmean2": 0.000909267924726,
        "dvar": 7.3509596632e-07,
        "dvar2": 8.71971451488e-07,
        "max": 0.0199027005583,
        "mean": 0.00944991316646,
        "median": 0.010624460876,
        "min": 4.14323020337e-10,
        "stdev": 0.00527474517003,
        "var": 2.78229381365e-05
    },
    "spectral_energyband_middle_low": {
        "dmean": 0.0013598742662,
        "dmean2": 0.00152021821123,
        "dvar": 5.17041371495e-06,
        "dvar2": 4.35194533566e-06,
        "max": 0.0546559169888,
        "mean": 0.0352044254541,
        "median": 0.0413581952453,
        "min": 4.25396273762e-10,
        "stdev": 0.0163032729179,
        "var": 0.000265796697931
    },
    "spectral_entropy": {
        "dmean": 0.0690712481737,
        "dmean2": 0.100580111146,
        "dvar": 0.00921629462391,
        "dvar2": 0.013797420077,
        "max": 8.85182380676,
        "mean": 6.40916490555,
        "median": 6.09269714355,
        "min": 5.7639093399,
        "stdev": 0.769985496998,
        "var": 0.592877626419
    },
    "spectral_flux": {
        "dmean": 0.00358844804578,
        "dmean2": 0.00506833428517,
        "dvar": 2.59237931459e-05,
        "dvar2": 3.79384036933e-05,
        "max": 0.110937207937,
        "mean": 0.0151272974908,
        "median": 0.0139813292772,
        "min": 0.000740386371035,
        "stdev": 0.010954993777,
        "var": 0.000120011885883
    },
    "spectral_kurtosis": {
        "dmean": 6.36296129227,
        "dmean2": 11.667965889,
        "dvar": 32.5342559814,
        "dvar2": 100.358734131,
        "max": 50.6123008728,
        "mean": 25.3638477325,
        "median": 25.4064311981,
        "min": -0.12211728096,
        "stdev": 12.6230573654,
        "var": 159.341567993
    },
    "spectral_rms": {
        "dmean": 0.00015656548203,
        "dmean2": 0.000158020469826,
        "dvar": 7.89608449736e-08,
        "dvar2": 4.22199804007e-08,
        "max": 0.00838446710259,
        "mean": 0.00597287761047,
        "median": 0.00704087875783,
        "min": 2.17552860704e-06,
        "stdev": 0.00258985813707,
        "var": 6.7073651735e-06
    },
    "spectral_rolloff": {
        "dmean": 124.57963562,
        "dmean2": 139.367675781,
        "dvar": 989661.8125,
        "dvar2": 985642.4375,
        "max": 16774.3652344,
        "mean": 958.82220459,
        "median": 925.927734375,
        "min": 21.533203125,
        "stdev": 1055.85595703,
        "var": 1114831.875
    },
    "spectral_skewness": {
        "dmean": 0.433540135622,
        "dmean2": 0.778901875019,
        "dvar": 0.126773253083,
        "dvar2": 0.39458334446,
        "max": 5.55715799332,
        "mean": 3.72743630409,
        "median": 3.9470076561,
        "min": 0.635028004646,
        "stdev": 1.1040148735,
        "var": 1.2188488245
    },
    "spectral_spread": {
        "dmean": 266727.5625,
        "dmean2": 396483.5625,
        "dvar": 205767835648,
        "dvar2": 268067586048,
        "max": 14849590,
        "mean": 2708850,
        "median": 1906004.75,
        "min": 1256305.75,
        "stdev": 2248766,
        "var": 5.05694807654e+12
    },
    "spectral_strongpeak": {
        "dmean": 0.10559822619,
        "dmean2": 0.180610075593,
        "dvar": 0.121901936829,
        "dvar2": 0.283641546965,
        "max": 2.95107316971,
        "mean": 1.42354118824,
        "median": 0.941094279289,
        "min": 0,
        "stdev": 0.979023218155,
        "var": 0.958486437798
    },
    "zerocrossingrate": {
        "dmean": 0.00383359915577,
        "dmean2": 0.00480651855469,
        "dvar": 7.21645919839e-05,
        "dvar2": 0.000113341295219,
        "max": 0.11962890625,
        "mean": 0.0303862467408,
        "median": 0.02392578125,
        "min": 0.0087890625,
        "stdev": 0.0205528978258,
        "var": 0.000422421609983
    },
    "barkbands": {
        "dmean": [8.91957006388e-06, 1.45071373936e-06, 5.46562041563e-05, 0.000424894416938, 1.58139046107e-05, 0.000111705230665, 0.000682168116327, 2.4871666028e-05, 0.000157845570357, 0.000531229074113, 0.000169901497429, 0.000374403723981, 0.000140125819598, 9.38795055845e-05, 2.89057261398e-05, 1.01695841295e-05, 6.98311396263e-06, 5.66813741898e-06, 5.63760795558e-06, 1.44232080856e-06, 7.44575174849e-07, 4.71313626349e-07, 3.69343126749e-07, 4.37177703816e-07, 4.08546725339e-07, 1.8988104955e-07, 4.61180071909e-08],
        "dmean2": [1.52288812387e-05, 2.49386312134e-06, 7.23228222341e-05, 0.000507610151544, 2.29337438213e-05, 0.00012404131121, 0.00068755238317, 3.07262089336e-05, 0.00022365465702, 0.000667112646624, 0.000217013730435, 0.000522395945154, 0.000186984922038, 0.000130734799313, 4.09619533457e-05, 1.52922384586e-05, 1.14301992653e-05, 9.27373821469e-06, 9.210771168e-06, 2.37341100728e-06, 1.26990391891e-06, 7.49784646814e-07, 6.03217074513e-07, 6.33547585949e-07, 5.59526085908e-07, 2.65206267613e-07, 6.79755629562e-08],
        "dvar": [1.03181511946e-10, 1.83133629789e-12, 2.28102781108e-08, 2.76610694527e-06, 2.68575428564e-09, 5.68519169519e-08, 7.5989277093e-07, 8.79042949542e-10, 2.76123888199e-08, 3.38592172966e-07, 3.14064436679e-08, 1.67248742855e-07, 1.91505531433e-08, 1.01673247599e-08, 9.3769059184e-10, 1.30676830468e-10, 7.715549033e-11, 5.14948465813e-11, 7.52369416768e-11, 5.67941180196e-12, 1.33534242691e-12, 4.70951782346e-13, 5.11607737511e-13, 1.57399549124e-12, 7.21060689456e-13, 1.38932620833e-13, 8.08213935501e-15],
        "dvar2": [2.93132268459e-10, 4.95237358067e-12, 3.01323304086e-08, 3.49023571289e-06, 5.11010167514e-09, 6.18364950355e-08, 5.85513475926e-07, 1.12716991296e-09, 4.45721077824e-08, 3.98655373601e-07, 5.08556610157e-08, 2.81782661204e-07, 3.7934650976e-08, 1.70908229791e-08, 1.72682335098e-09, 2.65153482504e-10, 1.76633555005e-10, 1.26817750745e-10, 1.91601845501e-10, 1.50802773047e-11, 2.93454019765e-12, 1.06676245528e-12, 1.23409735122e-12, 2.59471545812e-12, 6.96640553403e-13, 2.50596391511e-13, 1.65679288729e-14],
        "max": [7.52250707592e-05, 1.1754008483e-05, 0.00321734673344, 0.0352901704609, 0.00101104250643, 0.00459557818249, 0.0223512500525, 0.000771748134866, 0.00447161216289, 0.0133705157787, 0.00442459667102, 0.00880803540349, 0.00232596416026, 0.00177804334089, 0.000498119159602, 0.000230877427384, 0.000131106979097, 9.06114582904e-05, 8.66862246767e-05, 4.7836030717e-05, 1.91773488041e-05, 1.46805932673e-05, 1.41707287185e-05, 3.09795505018e-05, 2.24354371312e-05, 1.0232668501e-05, 2.19148819269e-06],
        "mean": [9.94884976535e-06, 1.83320332781e-06, 0.00120594352484, 0.0127349002287, 0.000220368077862, 0.00125690444838, 0.0124589223415, 0.000366645865142, 0.00237058568746, 0.0059653786011, 0.00182982068509, 0.00325004290789, 0.000941666250583, 0.000555316102691, 0.000173535067006, 3.75019881176e-05, 1.85287408385e-05, 1.59869887284e-05, 1.35025666168e-05, 4.65154016638e-06, 2.47752200266e-06, 1.77613787855e-06, 1.33121443469e-06, 1.66465849816e-06, 1.97416193259e-06, 8.8684680577e-07, 2.17363918864e-07],
        "median": [5.56448867428e-06, 1.41432508372e-06, 0.00136694440152, 0.0144622698426, 0.000242218520725, 0.00114461383782, 0.0147400032729, 0.000375397095922, 0.00258331326768, 0.00668361224234, 0.00194856268354, 0.00337740802206, 0.00103174173273, 0.000558321829885, 0.000166438156157, 3.04166278511e-05, 1.27877774503e-05, 1.03324618976e-05, 6.85692430125e-06, 3.08787366521e-06, 2.17079150389e-06, 1.21512812257e-06, 9.52817799771e-07, 9.01842895473e-07, 1.29931561332e-06, 6.08031996308e-07, 1.47688353991e-07],
        "min": [1.23653487449e-09, 2.57609267251e-10, 3.17249199133e-10, 7.34217547871e-11, 1.49081663681e-10, 6.79949777038e-11, 2.62913232851e-11, 2.35076402788e-11, 5.83302434132e-11, 6.0306898364e-11, 1.76833946791e-11, 1.82793710723e-11, 1.67588512512e-11, 9.97594541696e-12, 2.01871505623e-11, 9.94336835092e-11, 1.58334526046e-11, 1.39167496971e-11, 1.25621721359e-10, 3.92870735944e-11, 2.40683428049e-11, 9.23600015912e-11, 1.41006470389e-10, 2.27483906712e-10, 4.07017725079e-10, 4.35188413084e-10, 7.18778314646e-10],
        "stdev": [1.14616386782e-05, 1.5668214246e-06, 0.000573466299102, 0.00599108124152, 0.000113471316581, 0.000907801440917, 0.00643902551383, 0.000215734515223, 0.00124849146232, 0.0034532120917, 0.00104354054201, 0.00197343667969, 0.000587176997215, 0.000400577147957, 0.000125809092424, 3.47563291143e-05, 1.92283350771e-05, 1.59733008331e-05, 1.72291693161e-05, 5.33474076292e-06, 2.15593672692e-06, 1.85566875643e-06, 1.66459551565e-06, 3.13485452352e-06, 2.93498351311e-06, 1.15908687803e-06, 2.54211244055e-07],
        "var": [1.31369165546e-10, 2.45492927202e-12, 3.28863592358e-07, 3.58930519724e-05, 1.28757395856e-08, 8.24103437935e-07, 4.14610476582e-05, 4.65413805273e-08, 1.55873101448e-06, 1.19246742543e-05, 1.08897688733e-06, 3.89445267501e-06, 3.44776850625e-07, 1.60462050758e-07, 1.58279274132e-08, 1.20800247583e-09, 3.6972885864e-10, 2.55146320738e-10, 2.96844299141e-10, 2.84594570132e-11, 4.64806361802e-12, 3.44350633077e-12, 2.77087836183e-12, 9.82731257482e-12, 8.61412850772e-12, 1.3434825084e-12, 6.4623355495e-14]
    },
    "erbbands": {
        "dmean": [0.000113765207061, 0.000672372058034, 0.0464424528182, 0.90547990799, 0.527027845383, 0.0414859168231, 0.863421797752, 0.438417494297, 4.2192440033, 9.87295055389, 1.84961152077, 2.87871789932, 21.9525203705, 6.99165248871, 11.0655298233, 8.15467834473, 5.92376041412, 6.31562519073, 1.74778521061, 0.870971560478, 0.464542150497, 0.426441758871, 0.261135369539, 0.402310758829, 0.149658471346, 0.0610453151166, 0.0374398902059, 0.0243641864508, 0.018452970311, 0.013283717446, 0.0100727323443, 0.00687790522352, 0.00956274475902, 0.00574396317825, 0.00310480035841, 0.00131516752299, 0.000262252026005, 6.44802348688e-05, 7.73190004111e-06, 2.24001200877e-06],
        "dmean2": [0.000192700070329, 0.000883231055923, 0.0582517534494, 1.07585763931, 0.66326212883, 0.0508504658937, 0.94454318285, 0.534823179245, 4.13454341888, 10.3735151291, 2.16463923454, 3.88522434235, 28.5240383148, 8.53218460083, 15.3789787292, 11.832408905, 7.66262817383, 8.13817882538, 2.17739105225, 1.43997490406, 0.69175028801, 0.680518329144, 0.425935834646, 0.655820429325, 0.246978834271, 0.102893739939, 0.0639733374119, 0.040062520653, 0.0305157694966, 0.0216661449522, 0.0164485964924, 0.0105195669457, 0.0137689709663, 0.00808277633041, 0.00439703091979, 0.00190262496471, 0.000383624457754, 8.73778990353e-05, 1.11544040919e-05, 2.38266238739e-06],
        "dvar": [1.54396975205e-08, 4.12533745475e-06, 0.0220741871744, 11.3319711685, 4.80617046356, 0.0174305588007, 3.02791976929, 1.1246111393, 28.306180954, 156.215179443, 6.70381069183, 9.39714431763, 564.308044434, 51.0341339111, 144.055557251, 82.2624893188, 33.4229354858, 43.4603614807, 3.51424312592, 0.878503680229, 0.33058860898, 0.242176696658, 0.176907643676, 0.353280037642, 0.0807329937816, 0.00971007999033, 0.00404618680477, 0.000830435834359, 0.000664348364808, 0.000763183401432, 0.000400354416342, 0.000316740770359, 0.000612944946624, 0.000145644458826, 3.99818345613e-05, 8.00578618509e-06, 1.88842662396e-07, 1.71012786154e-08, 1.76184830614e-10, 9.64483527766e-12],
        "dvar2": [3.35394574336e-08, 5.27244446857e-06, 0.0280352197587, 14.0060882568, 6.65868759155, 0.0222581028938, 3.20210409164, 1.35341477394, 21.6104393005, 126.457977295, 5.58844232559, 13.1111164093, 726.534667969, 76.1574707031, 259.287231445, 165.498382568, 64.7875518799, 70.5177536011, 4.38431453705, 2.09844779968, 0.597051620483, 0.557828247547, 0.451757311821, 0.881165742874, 0.209551498294, 0.0267407614738, 0.0088335108012, 0.00200865091756, 0.00186290731654, 0.00160198612139, 0.00100510346238, 0.000481736700749, 0.0011169409845, 0.000214461542782, 4.51199448435e-05, 1.54586123244e-05, 2.2847977732e-07, 3.14803436652e-08, 3.16772497122e-10, 7.67026546444e-12],
        "max": [0.00152768124826, 0.0435594320297, 3.20926213264, 72.9706726074, 44.7828445435, 2.72635698318, 33.589389801, 20.7880115509, 133.175506592, 323.880187988, 76.1326293945, 80.9845657349, 523.598937988, 175.37310791, 231.866470337, 191.733703613, 103.258590698, 129.597305298, 39.667514801, 12.8134756088, 11.3535108566, 7.20931911469, 6.73029756546, 6.81506156921, 4.13742303848, 1.97152161598, 1.0506478548, 0.527720451355, 0.421740710735, 0.595893502235, 0.416079372168, 0.410439282656, 0.601220011711, 0.316761732101, 0.161721751094, 0.0737135633826, 0.0121092302725, 0.00337329064496, 0.000383254518965, 8.81538508111e-05],
        "mean": [0.000688607222401, 0.0162238627672, 1.18892598152, 26.6699047089, 14.9480485916, 0.907905101776, 9.75775909424, 6.38515663147, 77.6494369507, 175.585571289, 41.3254165649, 45.6120796204, 237.457763672, 80.0158004761, 97.6855773926, 64.5942077637, 40.509513855, 42.4096031189, 15.2750282288, 3.46013355255, 1.74258029461, 1.16284883022, 0.799731492996, 1.04624986649, 0.456251680851, 0.209461763501, 0.123655952513, 0.0835353583097, 0.0666562467813, 0.0472832284868, 0.0360466837883, 0.0281655509025, 0.0318813472986, 0.0224594287574, 0.0144094815478, 0.00537773268297, 0.00131613190752, 0.000302722415654, 5.60797379876e-05, 5.07480435772e-05],
        "median": [0.000735108973458, 0.0184232126921, 1.34894132614, 30.2551689148, 16.9793205261, 0.970150232315, 8.87763786316, 6.26165771484, 92.0306015015, 205.733581543, 44.6126022339, 51.4998168945, 267.092437744, 87.4823455811, 104.76133728, 66.1320648193, 42.4882202148, 43.8401947021, 16.3209152222, 3.41801166534, 1.53846025467, 0.838501513004, 0.515103578568, 0.557458400726, 0.223987147212, 0.145449995995, 0.105806365609, 0.0723127424717, 0.0468440502882, 0.0339266136289, 0.0233481321484, 0.0167489238083, 0.0165720228106, 0.0145104136318, 0.00903459079564, 0.00345529569313, 0.000937665288802, 0.000204091396881, 4.87807701575e-05, 5.86837122682e-05],
        "min": [1.82031421048e-08, 3.30572369478e-08, 2.99484582911e-07, 3.68845519461e-07, 1.34982158784e-07, 6.77863056353e-07, 5.43805299458e-07, 7.41648193525e-07, 4.24589615022e-07, 5.52489325401e-07, 5.88933858126e-07, 8.9477146048e-07, 2.41092584474e-06, 1.21614380078e-06, 7.27376857412e-07, 8.80662810232e-07, 7.36291383419e-07, 5.39891232165e-07, 6.17880232312e-07, 3.60308831659e-06, 3.92616084355e-06, 1.06659945232e-06, 7.41214307709e-07, 6.24617632639e-06, 3.59224964086e-06, 1.65117262441e-06, 9.54938400355e-07, 1.81071561656e-06, 2.72892589237e-06, 3.71033888769e-06, 4.29957299275e-06, 5.04226409248e-06, 3.45053990713e-06, 4.38319830209e-06, 2.82727819467e-06, 1.25856888644e-06, 9.00510769952e-07, 3.39123374715e-07, 8.01420156904e-08, 1.30403545739e-08],
        "stdev": [0.000297745282296, 0.00759508041665, 0.561856508255, 12.5459032059, 7.06729030609, 0.466223835945, 7.03432893753, 3.87762832642, 39.6997070312, 91.2695541382, 21.514541626, 22.732542038, 136.918395996, 43.5347595215, 56.7694091797, 40.1523590088, 25.3358840942, 28.8617649078, 9.81628608704, 2.47191238403, 1.628292799, 1.15491735935, 0.85553663969, 1.25414443016, 0.607321202755, 0.215719893575, 0.110107086599, 0.0679524317384, 0.065547272563, 0.0563666522503, 0.0481271594763, 0.048521861434, 0.0609614290297, 0.0352463759482, 0.0214218255132, 0.00751618668437, 0.00164966681041, 0.000376525858883, 4.59100992884e-05, 2.39832261286e-05],
        "var": [8.86522499854e-08, 5.76852471568e-05, 0.315682709217, 157.399688721, 49.9465942383, 0.217364653945, 49.4817810059, 15.0360012054, 1576.06665039, 8330.13085938, 462.875488281, 516.768432617, 18746.6484375, 1895.27526855, 3222.765625, 1612.21191406, 641.906982422, 833.001464844, 96.3594665527, 6.11035060883, 2.65133738518, 1.3338341713, 0.731942951679, 1.57287812233, 0.3688390553, 0.0465350747108, 0.0121235698462, 0.0046175327152, 0.0042964448221, 0.00317719927989, 0.00231622345746, 0.0023543711286, 0.00371629581787, 0.00124230689835, 0.000458894617623, 5.64930633118e-05, 2.72140050583e-06, 1.41771721474e-07, 2.10773731801e-09, 5.75195169272e-10]
    },
    "gfcc": {
        "mean": [-98.215461731, 143.343917847, -118.330375671, -37.6497955322, -57.2297286987, 8.25332736969, -29.114944458, -2.849401474, -29.8502464294, -7.39872217178, -19.8419380188, -19.0976734161, -24.9219341278],
        "cov": [[24209.8164062, 7691.80810547, -2846.43823242, -3934.4440918, -2356.32666016, -829.485107422, -1078.40905762, -1098.15686035, -1333.90734863, -1068.5456543, -578.92779541, -1570.29931641, -872.074829102], [7691.80810547, 2835.3684082, -900.785217285, -1445.06982422, -755.285400391, -275.26763916, -341.062988281, -414.628173828, -367.125305176, -350.027832031, -192.075576782, -585.439147949, -251.622192383], [-2846.43823242, -900.785217285, 662.444885254, 479.60256958, 200.911392212, 114.899505615, 90.3843002319, 140.053710938, 122.408454895, 112.79510498, 81.9160766602, 167.360427856, 104.159301758], [-3934.4440918, -1445.06982422, 479.60256958, 828.793273926, 394.030487061, 115.727264404, 187.291748047, 209.791305542, 166.256469727, 153.054626465, 83.9338378906, 311.135437012, 120.494064331], [-2356.32666016, -755.285400391, 200.911392212, 394.030487061, 288.443511963, 86.4596252441, 114.477966309, 104.992851257, 141.292098999, 108.975784302, 60.0652503967, 161.372497559, 86.3149642944], [-829.485107422, -275.26763916, 114.899505615, 115.727264404, 86.4596252441, 63.259765625, 45.2907676697, 32.7305412292, 56.6078491211, 52.8131408691, 23.4564914703, 48.8084182739, 34.3274917603], [-1078.40905762, -341.062988281, 90.3843002319, 187.291748047, 114.477966309, 45.2907676697, 88.0524139404, 49.2090301514, 63.6973609924, 51.6044960022, 18.3226337433, 73.1836624146, 37.7038574219], [-1098.15686035, -414.628173828, 140.053710938, 209.791305542, 104.992851257, 32.7305412292, 49.2090301514, 84.6183395386, 52.9929695129, 44.9895210266, 30.6498699188, 85.9009094238, 34.292224884], [-1333.90734863, -367.125305176, 122.408454895, 166.256469727, 141.292098999, 56.6078491211, 63.6973609924, 52.9929695129, 110.198501587, 73.556968689, 33.3014907837, 74.8408279419, 58.0534973145], [-1068.5456543, -350.027832031, 112.79510498, 153.054626465, 108.975784302, 52.8131408691, 51.6044960022, 44.9895210266, 73.556968689, 74.5431137085, 36.3329658508, 70.6611328125, 42.719203949], [-578.92779541, -192.075576782, 81.9160766602, 83.9338378906, 60.0652503967, 23.4564914703, 18.3226337433, 30.6498699188, 33.3014907837, 36.3329658508, 45.0916976929, 40.9509925842, 21.1296291351], [-1570.29931641, -585.439147949, 167.360427856, 311.135437012, 161.372497559, 48.8084182739, 73.1836624146, 85.9009094238, 74.8408279419, 70.6611328125, 40.9509925842, 135.184310913, 51.9878234863], [-872.074829102, -251.622192383, 104.159301758, 120.494064331, 86.3149642944, 34.3274917603, 37.7038574219, 34.292224884, 58.0534973145, 42.719203949, 21.1296291351, 51.9878234863, 47.1091690063]],
        "icov": [[0.00221789791249, -0.0055354591459, 0.00357957417145, -0.00227474584244, 0.00482937786728, -0.00944011192769, 0.00597461173311, -0.00572422333062, 0.00875104963779, -0.00258614029735, 0.000662357429974, -0.00401641381904, 0.00250635342672], [-0.0055354591459, 0.0268949568272, -0.0101047605276, 0.0180743858218, -0.0123418932781, 0.038067791611, -0.0227854270488, 0.0296779349446, -0.0247949864715, 0.0199020765722, -0.0034112741705, 0.0227999109775, -0.00232284655795], [0.00357957417145, -0.0101047605276, 0.0117590660229, -0.0114790024236, 0.0140404440463, -0.0244772583246, 0.0143321184441, -0.0132467327639, 0.0120891593397, -0.00275426614098, -0.00472312187776, 0.000462461728603, -0.00485608400777], [-0.00227474584244, 0.0180743858218, -0.0114790024236, 0.0338714122772, -0.0174939222634, 0.0310241244733, -0.0222291331738, 0.0178093556315, -0.00244457833469, 0.0150194559246, 0.00780249014497, -0.0135453902185, 0.00829023122787], [0.00482937786728, -0.0123418932781, 0.0140404440463, -0.0174939222634, 0.0388514026999, -0.0325186289847, 0.0140840634704, -0.0108355702832, 0.000473663589219, 0.00264956103638, -0.011301830411, -0.00626191869378, -0.00469981739298], [-0.00944011192769, 0.038067791611, -0.0244772583246, 0.0310241244733, -0.0325186289847, 0.110903553665, -0.0462369918823, 0.0436851605773, -0.0351825095713, -0.00517564313486, 0.00463180150837, 0.0314937420189, -0.00146487681195], [0.00597461173311, -0.0227854270488, 0.0143321184441, -0.0222291331738, 0.0140840634704, -0.0462369918823, 0.054347101599, -0.0273728072643, 0.018057866022, -0.01775367558, 0.0075705787167, -0.0116730844602, 0.00171417370439], [-0.00572422333062, 0.0296779349446, -0.0132467327639, 0.0178093556315, -0.0108355702832, 0.0436851605773, -0.0273728072643, 0.0726702362299, -0.0357758142054, 0.0301487073302, -0.0108923865482, 0.00841501541436, 0.00566528504714], [0.00875104963779, -0.0247949864715, 0.0120891593397, -0.00244457833469, 0.000473663589219, -0.0351825095713, 0.018057866022, -0.0357758142054, 0.0903004035354, -0.0425524525344, 0.0132084498182, -0.0155771588907, -0.0159826744348], [-0.00258614029735, 0.0199020765722, -0.00275426614098, 0.0150194559246, 0.00264956103638, -0.00517564313486, -0.01775367558, 0.0301487073302, -0.0425524525344, 0.0975519865751, -0.0281853396446, -0.0041675674729, -0.00150091724936], [0.000662357429974, -0.0034112741705, -0.00472312187776, 0.00780249014497, -0.011301830411, 0.00463180150837, 0.0075705787167, -0.0108923865482, 0.0132084498182, -0.0281853396446, 0.0506078898907, -0.0151713145897, 0.00705458549783], [-0.00401641381904, 0.0227999109775, 0.000462461728603, -0.0135453902185, -0.00626191869378, 0.0314937420189, -0.0116730844602, 0.00841501541436, -0.0155771588907, -0.0041675674729, -0.0151713145897, 0.109645232558, -0.0184261966497], [0.00250635342672, -0.00232284655795, -0.00485608400777, 0.00829023122787, -0.00469981739298, -0.00146487681195, 0.00171417370439, 0.00566528504714, -0.0159826744348, -0.00150091724936, 0.00705458549783, -0.0184261966497, 0.0871596708894]]
    },
    "melbands": {
        "dmean": [9.4890026503e-07, 2.79073974525e-05, 0.000138201066875, 1.34086449179e-05, 2.25713120017e-05, 1.33987959998e-05, 9.69740867731e-05, 8.65541005624e-05, 2.02714745683e-05, 2.29634042626e-05, 0.000106981802674, 2.29585730267e-05, 2.88805767923e-05, 4.447819083e-05, 1.17754389066e-05, 1.75321256393e-05, 1.21698903968e-05, 2.95562063002e-06, 2.1589823973e-06, 7.40818052236e-07, 5.26515634647e-07, 4.73505991749e-07, 3.67366936871e-07, 2.61425384451e-07, 3.63087195865e-07, 1.6960945004e-07, 7.89597009998e-08, 3.94304997542e-08, 2.71393183482e-08, 2.24499121515e-08, 1.34807427443e-08, 1.2470619204e-08, 9.59957358049e-09, 8.25569390628e-09, 5.90182169802e-09, 7.0888903636e-09, 4.47829684447e-09, 6.9397789737e-09, 7.7532620324e-09, 4.93566920667e-09],
        "dmean2": [1.57651015797e-06, 3.41987943102e-05, 0.000166470505064, 1.71375995706e-05, 2.48308751907e-05, 1.54629378812e-05, 9.54152710619e-05, 9.0667817858e-05, 2.4719418434e-05, 3.22107916872e-05, 0.000138476010761, 2.84113993985e-05, 3.87184882129e-05, 6.33988311165e-05, 1.90322098206e-05, 2.22446997213e-05, 1.66624849953e-05, 3.72049225916e-06, 3.75224090021e-06, 1.13310716188e-06, 8.13760152596e-07, 7.78767798693e-07, 5.92759988649e-07, 4.23054899557e-07, 5.95711640017e-07, 2.74754711427e-07, 1.25429707509e-07, 6.77902605162e-08, 4.71163481564e-08, 3.67996015882e-08, 2.2507455455e-08, 2.11278301521e-08, 1.60631916657e-08, 1.40966580631e-08, 9.86613013509e-09, 1.15679252843e-08, 6.782489681e-09, 9.70989955107e-09, 1.16151754881e-08, 7.49765405317e-09],
        "dvar": [9.70491157055e-13, 8.55991988402e-09, 2.85929274924e-07, 3.12279824222e-09, 2.09610728774e-09, 9.1192625673e-10, 1.52805252895e-08, 1.19928253994e-08, 6.9929229074e-10, 5.15041176374e-10, 1.34707462962e-08, 5.56911738947e-10, 9.55863610486e-10, 2.39675479463e-09, 2.57410870397e-10, 3.08405856408e-10, 1.71974129382e-10, 1.0964353557e-11, 5.85901769809e-12, 7.53170908887e-13, 3.98435868717e-13, 3.18136792951e-13, 5.36229914638e-13, 1.03716622964e-13, 2.99972557644e-13, 7.16077452325e-14, 1.64535557081e-14, 4.61640410144e-15, 1.57244128065e-15, 1.2880626741e-15, 2.0515022839e-16, 2.51459941601e-16, 3.88108749426e-16, 2.40832722137e-16, 9.26325421982e-17, 3.36919001473e-16, 9.39658051444e-17, 2.23392234344e-16, 5.86287883425e-16, 6.53170994604e-17],
        "dvar2": [2.35239063472e-12, 1.064770494e-08, 3.62870792969e-07, 4.53420101465e-09, 2.22685314633e-09, 1.04478747875e-09, 1.14933582651e-08, 9.69009050777e-09, 6.5809258043e-10, 8.65584048881e-10, 1.71674248151e-08, 8.57776072394e-10, 1.62657776137e-09, 4.26419255461e-09, 5.72387026665e-10, 5.7835869427e-10, 2.90431956262e-10, 1.39866417059e-11, 1.40668527174e-11, 1.69305964647e-12, 7.76312499527e-13, 7.69829187376e-13, 1.43609386535e-12, 2.65947149285e-13, 7.56299320046e-13, 1.90418698604e-13, 4.06058514721e-14, 1.30620340932e-14, 3.65870502907e-15, 2.87488975056e-15, 5.2868032565e-16, 7.23827240516e-16, 7.55859856059e-16, 5.83389177861e-16, 2.33767461506e-16, 8.55925469711e-16, 1.44778563879e-16, 3.11593536914e-16, 1.45314463096e-15, 9.67160748021e-17],
        "max": [8.12429334474e-06, 0.00202183914371, 0.0113135287538, 0.00114347145427, 0.000881619052961, 0.000573611760046, 0.00313286925666, 0.00283802882768, 0.000754308421165, 0.000519621768035, 0.00258391909301, 0.000587581715081, 0.000649174617138, 0.000970281660557, 0.00031630002195, 0.000315595447319, 0.000238537337282, 6.85466147843e-05, 2.75591009995e-05, 1.45047224578e-05, 1.20100166896e-05, 6.98087569617e-06, 1.11342469609e-05, 4.8820415941e-06, 6.0863917497e-06, 2.81574807559e-06, 2.29613146985e-06, 1.10918665541e-06, 5.57479609142e-07, 6.59005934267e-07, 2.28430465654e-07, 2.25006118626e-07, 3.59828220553e-07, 3.00652345686e-07, 1.88311787497e-07, 3.55352824499e-07, 2.36346650695e-07, 3.88290118281e-07, 4.65865127808e-07, 2.11585472698e-07],
        "mean": [1.49187053466e-06, 0.000749367463868, 0.00408787792549, 0.000358862860594, 0.000252441881457, 0.000149444269482, 0.00178958731703, 0.00153804209549, 0.000392180285417, 0.00030138308648, 0.00115837377962, 0.000258450832916, 0.000285943096969, 0.000380689511076, 4.80188209622e-05, 0.000118531541375, 7.39215684007e-05, 2.55852137343e-05, 6.99378460922e-06, 2.57791884906e-06, 1.62782816915e-06, 1.16184116905e-06, 8.42656334044e-07, 7.50609217448e-07, 8.78097296209e-07, 3.85782414014e-07, 2.44345159217e-07, 1.12570745614e-07, 7.75147555032e-08, 6.33766958913e-08, 4.26681729948e-08, 3.99877109203e-08, 2.97773450342e-08, 2.48852174423e-08, 2.02088550338e-08, 1.9690807207e-08, 1.58912332182e-08, 2.21433680281e-08, 2.12824229351e-08, 1.85355251148e-08],
        "median": [1.09169991447e-06, 0.00084973796038, 0.00464036967605, 0.000408571242588, 0.000229309123824, 0.000137246388476, 0.00211929902434, 0.00180154130794, 0.000411067274399, 0.000338018056937, 0.00129800126888, 0.000281118147541, 0.000306555011775, 0.00041467504343, 2.14275169128e-05, 0.000123461446492, 7.43443524698e-05, 2.75551483355e-05, 6.5386911956e-06, 2.10815824175e-06, 1.45159765452e-06, 8.23266816496e-07, 5.241096801e-07, 4.97840119351e-07, 4.56917859992e-07, 1.79903409503e-07, 1.3041898228e-07, 8.81193500391e-08, 6.59677681369e-08, 5.29665342697e-08, 3.6740740228e-08, 2.86485644097e-08, 1.82162214202e-08, 1.96726084312e-08, 1.4284971428e-08, 1.07968833873e-08, 9.93440174568e-09, 1.19169065727e-08, 1.04440474047e-08, 1.32499362593e-08],
        "min": [1.76892125947e-10, 1.15072854023e-10, 5.42470721121e-11, 2.66176698738e-11, 2.47238462342e-11, 1.52005873166e-11, 6.46929385062e-12, 5.4784592661e-12, 4.96748345583e-12, 7.06886025409e-12, 1.22112727916e-11, 4.98679266284e-12, 2.44320752865e-12, 1.98731200766e-12, 2.46125472433e-12, 1.29055360149e-12, 9.51261855744e-13, 9.11790066192e-13, 1.88587557029e-12, 7.08009952749e-12, 4.13365478999e-12, 9.9569105131e-13, 5.56950644458e-13, 7.20007495465e-13, 5.82281098338e-12, 4.17236514436e-12, 1.95070283711e-12, 7.57816118885e-13, 5.45780976836e-13, 5.72758257922e-13, 1.37599187686e-12, 1.73337819792e-12, 1.4896970376e-12, 2.34523685194e-12, 2.87182213773e-12, 1.45669576661e-12, 3.98614301289e-12, 2.24759880846e-12, 2.74241046538e-12, 4.21113057619e-12],
        "stdev": [1.31434740069e-06, 0.000353467446985, 0.00192416354548, 0.000170392522705, 0.000182877236512, 0.000107523344923, 0.00092000287259, 0.000800129084382, 0.000218809946091, 0.000150948908413, 0.000670873327181, 0.000142439486808, 0.000162452008226, 0.000225655021495, 6.35823962511e-05, 7.71132254158e-05, 5.27626907569e-05, 1.68488295458e-05, 5.296575182e-06, 2.32801244238e-06, 1.57158535785e-06, 1.15606303552e-06, 1.1061109717e-06, 7.4901345215e-07, 1.08850167635e-06, 4.98468068599e-07, 3.43932128999e-07, 1.06996054683e-07, 6.67987478664e-08, 5.99216321007e-08, 3.38764749586e-08, 3.70092436697e-08, 4.02139690436e-08, 2.70835496252e-08, 2.37144472948e-08, 3.66704071553e-08, 2.60111701067e-08, 4.03395326032e-08, 4.67208600696e-08, 2.47392737407e-08],
