{
"lowlevel": {
    "average_loudness": 0.99068403244,
    "barkbands_crest": {
        "dmean": 1.77914702892,
        "dmean2": 3.03341817856,
        "dvar": 1.11266422272,
        "dvar2": 2.99657559395,
        "max": 8.867852211,
        "mean": 5.6746969223,
        "median": 5.47836875916,
        "min": 3.26155781746,
        "stdev": 1.57926225662,
        "var": 2.49406933784
    },
    "barkbands_flatness_db": {
        "dmean": 0.0187190975994,
        "dmean2": 0.0248796828091,
        "dvar": 0.000308040791424,
        "dvar2": 0.00090908666607,
        "max": 0.144079685211,
        "mean": 0.075020596385,
        "median": 0.0705488175154,
        "min": 0.0461815781891,
        "stdev": 0.0236870553344,
        "var": 0.000561076623853
    },
    "barkbands_kurtosis": {
        "dmean": 1.16551983356,
        "dmean2": 1.8877351284,
        "dvar": 2.13304686546,
        "dvar2": 5.10285520554,
        "max": 4.30297040939,
        "mean": 0.0407700128853,
        "median": -0.58313202858,
        "min": -1.43385767937,
        "stdev": 1.41656649113,
        "var": 2.00666046143
    },
    "barkbands_skewness": {
        "dmean": 0.415483593941,
        "dmean2": 0.708123981953,
        "dvar": 0.349144101143,
        "dvar2": 0.763819396496,
        "max": 1.36047530174,
        "mean": 0.425601959229,
        "median": 0.585759997368,
        "min": -0.967551350594,
        "stdev": 0.658681094646,
        "var": 0.433860808611
    },
    "barkbands_spread": {
        "dmean": 16.133108139,
        "dmean2": 28.3038845062,
        "dvar": 728.970214844,
        "dvar2": 1339.36218262,
        "max": 115.696617126,
        "mean": 41.6104393005,
        "median": 29.3806648254,
        "min": 8.57835388184,
        "stdev": 33.5117874146,
        "var": 1123.03979492
    },
    "dissonance": {
        "dmean": 0.0569288320839,
        "dmean2": 0.1068065539,
        "dvar": 0.00755722308531,
        "dvar2": 0.0215323027223,
        "max": 0.498090386391,
        "mean": 0.455324470997,
        "median": 0.482661604881,
        "min": 0.220802217722,
        "stdev": 0.0697436183691,
        "var": 0.00486417254433
    },
    "dynamic_complexity": 3.52817845345,
    "erbbands_crest": {
        "dmean": 2.07958936691,
        "dmean2": 3.86873793602,
        "dvar": 5.5385518074,
        "dvar2": 14.7655248642,
        "max": 11.4055500031,
        "mean": 4.98331308365,
        "median": 4.26080942154,
        "min": 2.85725927353,
        "stdev": 2.11647319794,
        "var": 4.4794588089
    },
    "erbbands_flatness_db": {
        "dmean": 0.0244784522802,
        "dmean2": 0.0390227660537,
        "dvar": 0.00108906428795,
        "dvar2": 0.0027106187772,
        "max": 0.219148471951,
        "mean": 0.136405482888,
        "median": 0.135503575206,
        "min": 0.0591257885098,
        "stdev": 0.0328698791564,
        "var": 0.00108042894863
    },
    "erbbands_kurtosis": {
        "dmean": 0.921408355236,
        "dmean2": 1.53409385681,
        "dvar": 1.50985348225,
        "dvar2": 4.03364467621,
        "max": 4.35598230362,
        "mean": 0.369531452656,
        "median": -0.0402566194534,
        "min": -0.627588033676,
        "stdev": 1.21650993824,
        "var": 1.47989654541
    },
    "erbbands_skewness": {
        "dmean": 0.54376667738,
        "dmean2": 0.858954071999,
        "dvar": 0.337793171406,
        "dvar2": 0.867622733116,
        "max": 1.58432018757,
        "mean": 0.145555496216,
        "median": 0.0978289246559,
        "min": -0.786650121212,
        "stdev": 0.591156363487,
        "var": 0.349465847015
    },
    "erbbands_spread": {
        "dmean": 5.97029161453,
        "dmean2": 8.30691719055,
        "dvar": 42.1189308167,
        "dvar2": 83.8711471558,
        "max": 53.2218322754,
        "mean": 31.6017780304,
        "median": 32.4840011597,
        "min": 13.2827510834,
        "stdev": 7.94207525253,
        "var": 63.0765571594
    },
    "hfc": {
        "dmean": 14.2173757553,
        "dmean2": 21.7563495636,
        "dvar": 334.518280029,
        "dvar2": 811.135925293,
        "max": 70.6920013428,
        "mean": 14.2606945038,
        "median": 5.30511665344,
        "min": 1.64995029195e-07,
        "stdev": 20.308298111,
        "var": 412.426971436
    },
    "loudness_ebu128": {
        "integrated": -19.3170051575,
        "loudness_range": 0,
        "momentary": {
            "dmean": 0.785813629627,
            "dmean2": 1.42770195007,
            "dvar": 0.195402488112,
            "dvar2": 0.230960205197,
            "max": -18.4340686798,
            "mean": -19.3551177979,
            "median": -19.5710067749,
            "min": -19.8443908691,
            "stdev": 0.566084206104,
            "var": 0.320451319218
        },
        "short_term": {
            "dmean": 0,
            "dmean2": 0,
            "dvar": 0,
            "dvar2": 0,
            "max": -25.5266990662,
            "mean": -25.5266990662,
            "median": -25.5266990662,
            "min": -25.5266990662,
            "stdev": 0,
            "var": 0
        }
    },
    "melbands_crest": {
        "dmean": 2.51165223122,
        "dmean2": 3.93721818924,
        "dvar": 2.89286136627,
        "dvar2": 3.58316230774,
        "max": 15.9638261795,
        "mean": 9.09574699402,
        "median": 8.32234382629,
        "min": 5.09942865372,
        "stdev": 2.85427999496,
        "var": 8.14691448212
    },
    "melbands_flatness_db": {
        "dmean": 0.0276532825083,
        "dmean2": 0.0430218204856,
        "dvar": 0.00137578579597,
        "dvar2": 0.00336775719188,
        "max": 0.167564362288,
        "mean": 0.101052589715,
        "median": 0.105230413377,
        "min": 0.0193058252335,
        "stdev": 0.0408388189971,
        "var": 0.00166780909058
    },
    "melbands_kurtosis": {
        "dmean": 1.45562398434,
        "dmean2": 2.43481707573,
        "dvar": 3.10056495667,
        "dvar2": 9.03078460693,
        "max": 5.66121292114,
        "mean": 1.66764092445,
        "median": 1.80590248108,
        "min": -1.32430875301,
        "stdev": 1.67103588581,
        "var": 2.79236102104
    },
    "melbands_skewness": {
        "dmean": 0.288195252419,
        "dmean2": 0.395966589451,
        "dvar": 0.0553986057639,
        "dvar2": 0.108250208199,
        "max": 1.79162919521,
        "mean": 1.13352310658,
        "median": 1.2144753933,
        "min": 0.197657302022,
        "stdev": 0.394006580114,
        "var": 0.155241176486
    },
    "melbands_spread": {
        "dmean": 25.3282489777,
        "dmean2": 45.6494064331,
        "dvar": 2049.74145508,
        "dvar2": 4300.52050781,
        "max": 179.863998413,
        "mean": 59.1330528259,
        "median": 38.4588394165,
        "min": 13.542429924,
        "stdev": 52.9838676453,
        "var": 2807.29003906
    },
    "pitch_salience": {
        "dmean": 0.0928487852216,
        "dmean2": 0.154983624816,
        "dvar": 0.00719960033894,
        "dvar2": 0.0202782265842,
        "max": 0.931251525879,
        "mean": 0.716049432755,
        "median": 0.715872704983,
        "min": 0.607724308968,
        "stdev": 0.0833415016532,
        "var": 0.00694580608979
    },
    "silence_rate_20dB": {
        "dmean": 0,
        "dmean2": 0,
        "dvar": 0,
        "dvar2": 0,
        "max": 1,
        "mean": 1,
        "median": 1,
        "min": 1,
        "stdev": 0,
        "var": 0
    },
    "silence_rate_30dB": {
        "dmean": 0,
        "dmean2": 0,
        "dvar": 0,
        "dvar2": 0,
        "max": 1,
        "mean": 1,
        "median": 1,
        "min": 1,
        "stdev": 0,
        "var": 0
    },
    "silence_rate_60dB": {
        "dmean": 0.24137930572,
        "dmean2": 0.5,
        "dvar": 0.183115318418,
        "dvar2": 0.25,
        "max": 1,
        "mean": 0.466666668653,
        "median": 0,
        "min": 0,
        "stdev": 0.498887568712,
        "var": 0.24888882041
    },
    "spectral_centroid": {
        "dmean": 448.58984375,
        "dmean2": 808.750610352,
        "dvar": 600005.75,
        "dvar2": 979708,
        "max": 3921.10693359,
        "mean": 2038.69152832,
        "median": 1796.91870117,
        "min": 1030.35412598,
        "stdev": 942.966796875,
        "var": 889186.4375
    },
    "spectral_complexity": {
        "dmean": 8.86206912994,
        "dmean2": 10.2857141495,
        "dvar": 60.6016731262,
        "dvar2": 95.9183731079,
        "max": 38,
        "mean": 13.4333333969,
        "median": 6.5,
        "min": 0,
        "stdev": 13.2933139801,
        "var": 176.712203979
    },
    "spectral_decrease": {
        "dmean": 3.8523113588e-09,
        "dmean2": 6.28716190221e-09,
        "dvar": 2.87398212829e-17,
        "dvar2": 7.18417148437e-17,
        "max": -1.69120881267e-18,
        "mean": -3.57505314241e-09,
        "median": -1.1398909594e-09,
        "min": -1.95563725214e-08,
        "stdev": 5.46656675482e-09,
        "var": 2.98833521576e-17
    },
    "spectral_energy": {
        "dmean": 0.0158290676773,
        "dmean2": 0.0257025640458,
        "dvar": 0.000478981150081,
        "dvar2": 0.0011946700979,
        "max": 0.0802222341299,
        "mean": 0.014786561951,
        "median": 0.00478340126574,
        "min": 2.13485583378e-11,
        "stdev": 0.0224686134607,
        "var": 0.00050483859377
    },
    "spectral_energyband_high": {
        "dmean": 0.000320719234878,
        "dmean2": 0.000451693689683,
        "dvar": 1.31717627028e-07,
        "dvar2": 3.00347068105e-07,
        "max": 0.00144110014662,
        "mean": 0.000377386139007,
        "median": 0.000172623695107,
        "min": 1.14108037255e-11,
        "stdev": 0.000465811201138,
        "var": 2.16980069467e-07
    },
    "spectral_energyband_low": {
        "dmean": 0.000376021926058,
        "dmean2": 0.00067545066122,
        "dvar": 1.59052035542e-07,
        "dvar2": 3.09971625256e-07,
        "max": 0.00124886306003,
        "mean": 0.000435320776887,
        "median": 0.000206142663956,
        "min": 3.93927208561e-12,
        "stdev": 0.000470944389235,
        "var": 2.21788624799e-07
    },
    "spectral_energyband_middle_high": {
        "dmean": 0.00594946416095,
        "dmean2": 0.00861830916256,
        "dvar": 5.51270422875e-05,
        "dvar2": 0.000126976112369,
        "max": 0.0296318586916,
        "mean": 0.00599969411269,
        "median": 0.0017426609993,
        "min": 2.27694187289e-12,
        "stdev": 0.00866057910025,
        "var": 7.50056278775e-05
    },
    "spectral_energyband_middle_low": {
        "dmean": 0.00944775063545,
        "dmean2": 0.0164608713239,
        "dvar": 0.000205108546652,
        "dvar2": 0.000524762319401,
        "max": 0.0486477687955,
        "mean": 0.00811657309532,
        "median": 0.00177925114986,
        "min": 1.53288081013e-12,
        "stdev": 0.013437198475,
        "var": 0.000180558301508
    },
    "spectral_entropy": {
        "dmean": 0.186852321029,
        "dmean2": 0.298624455929,
        "dvar": 0.0845075249672,
        "dvar2": 0.140019699931,
        "max": 9.1165189743,
        "mean": 8.13427257538,
        "median": 8.00371837616,
        "min": 7.69972896576,
        "stdev": 0.375915557146,
        "var": 0.141312509775
    },
    "spectral_flux": {
        "dmean": 0.0515336096287,
        "dmean2": 0.0657012984157,
        "dvar": 0.00222950917669,
        "dvar2": 0.00383546529338,
        "max": 0.230987608433,
        "mean": 0.0877455025911,
        "median": 0.0774559527636,
        "min": 2.67900031758e-05,
        "stdev": 0.0730836242437,
        "var": 0.00534121599048
    },
    "spectral_kurtosis": {
        "dmean": 1.48496162891,
        "dmean2": 2.80415606499,
        "dvar": 2.32398509979,
        "dvar2": 5.7464838028,
        "max": 8.99976158142,
        "mean": 3.78488922119,
        "median": 3.60396695137,
        "min": 1.42328596115,
        "stdev": 1.57150042057,
        "var": 2.46961355209
    },
    "spectral_rms": {
        "dmean": 0.00185088312719,
        "dmean2": 0.00237549911253,
        "dvar": 3.54959115612e-06,
        "dvar2": 7.68919016991e-06,
        "max": 0.00884678401053,
        "mean": 0.00269892322831,
        "median": 0.00215960294008,
        "min": 1.44318619277e-07,
        "stdev": 0.00267240125686,
        "var": 7.14172892913e-06
    },
    "spectral_rolloff": {
        "dmean": 2070.15722656,
        "dmean2": 4103.61279297,
        "dvar": 25387020,
        "dvar2": 48167964,
        "max": 18109.4238281,
        "mean": 5038.77001953,
        "median": 2056.42089844,
        "min": 1141.25976562,
        "stdev": 6349.01171875,
        "var": 40309952
    },
    "spectral_skewness": {
        "dmean": 0.239372447133,
        "dmean2": 0.376845806837,
        "dvar": 0.0555043257773,
        "dvar2": 0.140993431211,
        "max": 2.32397603989,
        "mean": 1.50852310658,
        "median": 1.43536782265,
        "min": 1.02177429199,
        "stdev": 0.291433662176,
        "var": 0.0849335715175
    },
    "spectral_spread": {
        "dmean": 1138133.75,
        "dmean2": 1449269.625,
        "dvar": 4.1977380864e+12,
        "dvar2": 4.0447335465e+12,
        "max": 18152658,
        "mean": 5698865.5,
        "median": 4375583,
        "min": 3851575.25,
        "stdev": 3155639.5,
        "var": 9.95806098227e+12
    },
    "spectral_strongpeak": {
        "dmean": 0.174119383097,
        "dmean2": 0.227430537343,
        "dvar": 0.0237039737403,
        "dvar2": 0.0527096167207,
        "max": 0.661632835865,
        "mean": 0.190967991948,
        "median": 0.0872094780207,
        "min": 0,
        "stdev": 0.21944154799,
        "var": 0.0481545962393
    },
    "zerocrossingrate": {
        "dmean": 0.0338597781956,
        "dmean2": 0.0393763966858,
        "dvar": 0.0024196410086,
        "dvar2": 0.00232730968855,
        "max": 0.3193359375,
        "mean": 0.125309243798,
        "median": 0.080322265625,
        "min": 0.03515625,
        "stdev": 0.0904601663351,
        "var": 0.00818304158747
    },
    "barkbands": {
        "dmean": [7.03690966475e-05, 0.000290378840873, 2.86529902951e-05, 0.000838847307023, 0.00341584929265, 0.000465176737634, 0.00314159668051, 0.0010047792457, 0.00123353209347, 0.000736396876164, 0.00158674432896, 0.00137862283736, 0.000766006472986, 0.00124677526765, 0.000259201129666, 0.000260023894953, 0.000261525332462, 0.000174545522896, 0.000110352302727, 5.31886071258e-05, 8.91935560503e-05, 6.28233174211e-05, 8.14577215351e-05, 5.20373541804e-05, 2.43622180278e-05, 1.38606919791e-05, 1.06511777176e-06],
        "dmean2": [0.000127742168843, 0.000477728870464, 5.40323853784e-05, 0.00140010763425, 0.00538862450048, 0.000846045615617, 0.00605025049299, 0.00149373395834, 0.00207172613591, 0.00100266677327, 0.00219827098772, 0.00238746427931, 0.00115041993558, 0.00214292295277, 0.000438650371507, 0.00038532281178, 0.000346501532476, 0.000211253252928, 0.000147923448822, 6.96963470546e-05, 0.000141601689393, 8.20347413537e-05, 0.000118642630696, 8.34197417134e-05, 3.95354945795e-05, 2.03024137591e-05, 1.72224065409e-06],
        "dvar": [5.80732573141e-09, 9.43192972613e-08, 2.15907869361e-09, 1.39963663059e-06, 2.01941911655e-05, 3.43071178577e-07, 2.8192789614e-05, 1.81043219527e-06, 3.19982950714e-06, 8.61583203005e-07, 4.22658104071e-06, 4.71476869279e-06, 8.52233654314e-07, 3.23258609569e-06, 1.10257055042e-07, 1.18703383123e-07, 8.40826288595e-08, 2.56781582664e-08, 1.48243879394e-08, 3.43881301212e-09, 1.54237831396e-08, 4.91506124689e-09, 1.22980745587e-08, 5.59073409789e-09, 1.12284159748e-09, 3.296254103e-10, 2.59776315042e-12],
        "dvar2": [1.97479455011e-08, 1.7026169985e-07, 5.96113336471e-09, 3.67716233995e-06, 5.33351376362e-05, 9.55312430051e-07, 7.27084625396e-05, 4.36430173067e-06, 8.37297193357e-06, 1.25379858673e-06, 6.39795689494e-06, 1.23770705613e-05, 2.18404807129e-06, 8.60438922246e-06, 2.4111452035e-07, 3.03302442717e-07, 1.60523413228e-07, 4.99717316416e-08, 2.55228531643e-08, 5.17006659706e-09, 4.04951414623e-08, 1.08717310709e-08, 3.20272874887e-08, 1.4720185959e-08, 2.92885338204e-09, 8.45262804194e-10, 7.42734953402e-12],
        "max": [0.000214051877265, 0.000993528985418, 0.000152153384988, 0.0039644446224, 0.0156622901559, 0.00211666896939, 0.0154853919521, 0.00513126328588, 0.00620690872893, 0.00500901835039, 0.010580688715, 0.0077540720813, 0.00309299305081, 0.00619098450989, 0.00138101179618, 0.0013208091259, 0.00133280898444, 0.000750873994548, 0.000501281116158, 0.000247380521614, 0.000522339076269, 0.000330424401909, 0.000436017115135, 0.000269645475782, 0.000123173827888, 6.55830444884e-05, 5.78141180085e-06],
        "mean": [5.3225310694e-05, 0.000320679042488, 2.24918385356e-05, 0.000595827004872, 0.00267344643362, 0.000395201903302, 0.00229279021733, 0.000893520133104, 0.000971707690042, 0.000851681339554, 0.00156451866496, 0.000966876978055, 0.000639381760266, 0.000905018358026, 0.000308829796268, 0.000276808510534, 0.000307268433971, 0.000208310477319, 0.000138298331876, 6.4885316533e-05, 9.05809865799e-05, 7.50717008486e-05, 8.377773338e-05, 4.88682017021e-05, 2.35916413658e-05, 1.29235668282e-05, 9.93955609374e-07],
        "median": [2.18753993977e-05, 3.31700139213e-05, 7.72082239564e-06, 3.10924006044e-05, 0.000213225823245, 0.000171713269083, 0.000175571738509, 0.000140520132845, 0.000300766463624, 0.000202500523301, 7.70690530771e-05, 0.000167619611602, 9.88037354546e-05, 0.000157968810527, 9.11196038942e-05, 8.00395355327e-05, 9.39237361308e-05, 6.01882420597e-05, 4.59916809632e-05, 2.17122942558e-05, 4.05125829275e-05, 3.6177738366e-05, 2.38457250816e-05, 1.80754304893e-05, 8.96527490113e-06, 4.61472745883e-06, 3.23339349961e-07],
        "min": [2.48227220029e-12, 2.07405360247e-12, 1.31772332846e-13, 2.96556263704e-13, 3.04188938578e-13, 1.38056124692e-13, 1.80943096877e-13, 7.13048665794e-14, 3.75731076026e-13, 4.08495801204e-13, 6.48620222744e-14, 1.3213493071e-13, 1.37632648876e-13, 1.77348993781e-13, 1.08332471411e-13, 2.34404645217e-13, 1.74556292272e-13, 4.04454383396e-13, 2.73314899359e-13, 4.06456172972e-13, 7.04877887829e-13, 5.66292401426e-13, 6.60078654062e-13, 1.38098018264e-12, 3.0734965354e-12, 2.12700972287e-12, 3.02962060821e-12],
        "stdev": [6.80163429934e-05, 0.000372286740458, 3.85316270695e-05, 0.00108833797276, 0.00440400606021, 0.000540164008271, 0.00451682368293, 0.00144915410783, 0.00168090476654, 0.00125338928774, 0.00257666385733, 0.00189444981515, 0.000972497102339, 0.00163224933203, 0.000385318970075, 0.000371235655621, 0.00041264979518, 0.000237316489802, 0.000168219165062, 7.69922771724e-05, 0.000132692584884, 9.15038399398e-05, 0.000117043193313, 7.3934395914e-05, 3.36865705322e-05, 1.95815518964e-05, 1.49448987941e-06],
        "var": [4.62622296027e-09, 1.38597414434e-07, 1.48468637384e-09, 1.18447962905e-06, 1.93952673726e-05, 2.91777183747e-07, 2.04016978387e-05, 2.10004759538e-06, 2.82544101537e-06, 1.5709846366e-06, 6.63919718136e-06, 3.58894021701e-06, 9.45750628034e-07, 2.66423785433e-06, 1.48470718386e-07, 1.37815916901e-07, 1.70279861322e-07, 5.63191164815e-08, 2.82976877486e-08, 5.92781024267e-09, 1.76073218228e-08, 8.37295210943e-09, 1.36991085142e-08, 5.46629541631e-09, 1.13478493269e-09, 3.83437170903e-10, 2.23350006025e-12]
    },
    "erbbands": {
        "dmean": [0.0170217957348, 0.0394020602107, 0.0424682833254, 1.20741009712, 13.6068906784, 6.14602041245, 3.62267255783, 4.52502012253, 16.7227993011, 60.296787262, 23.6685657501, 25.1045570374, 30.7557868958, 55.5559921265, 57.0259132385, 43.0841636658, 39.6732025146, 66.5971221924, 19.5355300903, 16.6774501801, 13.7372846603, 14.2053947449, 9.44842433929, 5.98059463501, 5.09801912308, 2.83470106125, 3.69395208359, 2.83329486847, 1.90313303471, 2.22145557404, 2.39412617683, 1.36074304581, 0.80358082056, 0.302966117859, 0.164579361677, 0.0681284144521, 0.0218793302774, 0.00456335488707, 0.000117552437587, 2.22690177907e-05],
        "dmean2": [0.0303342975676, 0.0493744239211, 0.0661223381758, 1.99205076694, 21.049905777, 10.7688760757, 6.72615861893, 8.18559169769, 29.4063167572, 113.558509827, 35.9463119507, 42.5123100281, 43.8943481445, 79.1614379883, 82.6980361938, 73.6363525391, 64.4408340454, 111.082077026, 27.6665096283, 28.7557811737, 18.7687320709, 18.9217376709, 13.0478382111, 8.74906730652, 7.11336517334, 3.73159003258, 5.91475009918, 4.1006526947, 2.29641866684, 2.84818291664, 3.64082074165, 2.1098382473, 1.37644171715, 0.484250605106, 0.260732412338, 0.0996102541685, 0.0322467647493, 0.0070404172875, 0.00018539892335, 3.55971897079e-05],
        "dvar": [0.000334075448336, 0.00161829695571, 0.00363502954133, 2.89043593407, 304.333251953, 99.9736938477, 24.6407871246, 31.2313766479, 632.518676758, 9992.06933594, 1037.53918457, 1378.74963379, 1575.56176758, 5135.15234375, 5957.90673828, 4696.99365234, 2572.43896484, 8671.59765625, 616.10345459, 607.784362793, 270.300933838, 240.882125854, 93.3160934448, 46.1570625305, 29.4677715302, 8.93628501892, 25.3614788055, 10.7728786469, 4.27145195007, 6.10406351089, 11.8243656158, 3.61433935165, 1.44025659561, 0.175411790609, 0.0474143251777, 0.00765152135864, 0.000851343560498, 4.03184130846e-05, 2.85114953869e-08, 9.34938348962e-10],
        "dvar2": [0.000874792167451, 0.00184905785136, 0.0101930201054, 7.62539625168, 773.147583008, 277.802886963, 67.6737136841, 83.5895614624, 1452.92480469, 26561.7167969, 2627.36572266, 3581.40454102, 3206.97119141, 9111.85644531, 11216.4228516, 12462.0419922, 6865.36865234, 22964.65625, 1600.47399902, 1677.46948242, 653.475646973, 461.762939453, 169.938186646, 56.403881073, 77.75025177, 13.2326984406, 62.6878356934, 26.3816223145, 9.89680290222, 11.8733119965, 31.7183856964, 9.24265384674, 3.7961204052, 0.488595634699, 0.117582522333, 0.0189800877124, 0.00222787354141, 0.000108729160274, 7.69490497987e-08, 2.34835795254e-09],
        "max": [0.0539482571185, 0.160381793976, 0.219081193209, 5.85358572006, 57.0451660156, 35.9521522522, 16.3194885254, 19.5784702301, 79.3104171753, 290.104888916, 112.881622314, 128.123977661, 179.423522949, 326.862976074, 338.00289917, 248.339736938, 163.385986328, 332.860595703, 97.5933456421, 83.6200866699, 64.5160369873, 71.1633834839, 42.9247093201, 28.1579360962, 21.6734352112, 13.1041755676, 22.4443149567, 14.1518907547, 9.07884597778, 10.8275585175, 12.9227190018, 6.87872934341, 4.2700343132, 1.53655588627, 0.801236450672, 0.320505976677, 0.107420735061, 0.023054657504, 0.000613882439211, 0.000113508205686],
        "mean": [0.0151558183134, 0.0497903749347, 0.0394718013704, 0.888763129711, 10.2082996368, 5.22744035721, 2.86228609085, 3.89395308495, 14.2533178329, 41.8971633911, 20.9476337433, 20.7302761078, 27.8735542297, 57.5636978149, 51.9923248291, 32.3343925476, 31.193857193, 50.4478912354, 21.1349124908, 16.4760456085, 15.3443841934, 16.7642345428, 11.7427577972, 8.39844417572, 5.29770183563, 3.34781885147, 3.98763227463, 3.14567494392, 2.42765069008, 2.89560985565, 2.28267669678, 1.23305165768, 0.753940999508, 0.276836872101, 0.169126316905, 0.067056670785, 0.0203533880413, 0.004165221937, 0.000110618893814, 2.11681472138e-05],
        "median": [0.00124290364329, 0.00764739187434, 0.00845395214856, 0.0490163303912, 0.422821342945, 0.747576594353, 1.37921380997, 1.46601235867, 3.0802731514, 1.45659899712, 4.52608728409, 5.89504575729, 8.97017288208, 11.770152092, 7.86092996597, 8.81733798981, 6.27072429657, 8.62536525726, 6.33902835846, 4.01433944702, 4.33346366882, 4.69829654694, 3.87913751602, 2.56299376488, 2.35869932175, 1.21858477592, 1.35327911377, 1.4929060936, 1.29583835602, 1.25743126869, 0.679620862007, 0.414703249931, 0.252646863461, 0.10776463896, 0.0705377608538, 0.0244755931199, 0.00692296307534, 0.00136946619023, 3.48225294147e-05, 7.36708079785e-06],
        "min": [9.85113865482e-11, 3.36170757897e-10, 2.43976616687e-10, 8.57244331076e-10, 1.08495412654e-09, 9.97621873999e-10, 5.14823739195e-10, 1.4781699198e-09, 2.58926813324e-09, 2.32039809589e-09, 1.81622361595e-09, 8.137329921e-09, 1.41344367321e-08, 8.43587866228e-09, 2.00158134511e-09, 6.11531314476e-09, 6.72745548158e-09, 5.36852251543e-09, 1.14718812227e-08, 8.70008332043e-09, 9.77445946404e-09, 1.10266400455e-08, 1.76793495399e-08, 1.82085280187e-08, 1.46770426923e-08, 2.03473984328e-08, 1.8257269474e-08, 3.37082433077e-08, 1.97744114416e-08, 1.84176798257e-08, 2.17215063714e-08, 1.86062631968e-08, 2.93430506559e-08, 3.68104267068e-08, 2.05509795848e-08, 6.17715656404e-09, 6.01121818988e-09, 1.37829558877e-09, 4.32806263051e-10, 4.13690366685e-11],
        "stdev": [0.0188042353839, 0.0573450960219, 0.0572532527149, 1.58184909821, 17.2844409943, 8.79228401184, 4.33664608002, 5.40812587738, 25.0355014801, 84.3452682495, 33.5077934265, 35.143283844, 45.3975753784, 89.995300293, 86.2353134155, 60.3732948303, 49.717414856, 87.3338699341, 27.9333305359, 23.2674121857, 20.0927886963, 22.0246887207, 13.2228155136, 9.66748428345, 6.66314649582, 4.03088998795, 5.68610143661, 4.05135202408, 2.83248519897, 3.37727928162, 3.41538691521, 1.92767715454, 1.14048337936, 0.403312921524, 0.235071882606, 0.098132841289, 0.03076114133, 0.00635805027559, 0.000166740239365, 3.16881487379e-05],
        "var": [0.000353599258233, 0.00328846019693, 0.00327793508768, 2.50224661827, 298.75189209, 77.3042526245, 18.8064994812, 29.2478237152, 626.776367188, 7114.12451172, 1122.7722168, 1235.05041504, 2060.93969727, 8099.15429688, 7436.52880859, 3644.93481445, 2471.82128906, 7627.20458984, 780.270935059, 541.372436523, 403.720153809, 485.086914062, 174.842849731, 93.4602508545, 44.3975219727, 16.2480754852, 32.3317489624, 16.4134540558, 8.02297306061, 11.4060153961, 11.6648683548, 3.71593928337, 1.30070245266, 0.162661314011, 0.0552587881684, 0.00963005516678, 0.000946247775573, 4.04248021368e-05, 2.78023097877e-08, 1.00413888315e-09]
    },
    "gfcc": {
        "mean": [-193.429916382, 42.9456367493, -132.383499146, 11.1088857651, -65.057434082, 14.5472831726, -36.9248390198, 6.6629076004, -22.9090652466, 1.61420893669, -15.9659891129, 7.91923618317, -9.58289813995],
        "cov": [[125321.257812, 19951.0253906, -9256.32324219, 592.695068359, -4554.75, 639.940185547, -3236.12011719, -750.089294434, -1879.73718262, -568.272033691, -1362.39086914, 423.742523193, -1249.73168945], [19951.0253906, 3701.74365234, -1523.01940918, 364.917755127, -726.952331543, 101.134552002, -456.973052979, -123.680549622, -297.447296143, -70.0780639648, -169.421524048, 70.8994979858, -96.9883499146], [-9256.32324219, -1523.01940918, 820.830444336, -6.54027700424, 443.950286865, -4.89813232422, 238.678909302, 61.5952720642, 133.716629028, 56.9503593445, 84.9574432373, -81.1176452637, 62.0190200806], [592.695068359, 364.917755127, -6.54027700424, 405.053649902, 160.584274292, 70.9409942627, 59.6365966797, 44.5203475952, 33.8142738342, 98.5174026489, 75.8525314331, 22.2442054749, 105.044761658], [-4554.75, -726.952331543, 443.950286865, 160.584274292, 344.954803467, 41.394153595, 147.27180481, 49.1351661682, 76.8855514526, 63.5518341064, 60.4414024353, -45.0888404846, 50.7941436768], [639.940185547, 101.134552002, -4.89813232422, 70.9409942627, 41.394153595, 36.1599845886, -4.85955238342, 12.3058271408, -1.63696551323, 19.9970283508, 2.41783928871, -1.22943043709, -0.926722466946], [-3236.12011719, -456.973052979, 238.678909302, 59.6365966797, 147.27180481, -4.85955238342, 113.563064575, 25.2162494659, 47.3724822998, 23.5895442963, 43.6630554199, -9.70913982391, 52.0829582214], [-750.089294434, -123.680549622, 61.5952720642, 44.5203475952, 49.1351661682, 12.3058271408, 25.2162494659, 38.5913391113, 38.0936126709, 45.629360199, 36.7767410278, 25.7604827881, 36.6634292603], [-1879.73718262, -297.447296143, 133.716629028, 33.8142738342, 76.8855514526, -1.63696551323, 47.3724822998, 38.0936126709, 66.7835769653, 56.1361618042, 57.0315055847, 24.0491981506, 53.4542541504], [-568.272033691, -70.0780639648, 56.9503593445, 98.5174026489, 63.5518341064, 19.9970283508, 23.5895442963, 45.629360199, 56.1361618042, 81.8449172974, 66.0721664429, 39.0365791321, 64.1466293335], [-1362.39086914, -169.421524048, 84.9574432373, 75.8525314331, 60.4414024353, 2.41783928871, 43.6630554199, 36.7767410278, 57.0315055847, 66.0721664429, 76.3305435181, 41.8817062378, 72.0322418213], [423.742523193, 70.8994979858, -81.1176452637, 22.2442054749, -45.0888404846, -1.22943043709, -9.70913982391, 25.7604827881, 24.0491981506, 39.0365791321, 41.8817062378, 62.3906669617, 42.1916351318], [-1249.73168945, -96.9883499146, 62.0190200806, 105.044761658, 50.7941436768, -0.926722466946, 52.0829582214, 36.6634292603, 53.4542541504, 64.1466293335, 72.0322418213, 42.1916351318, 84.7880859375]],
        "icov": [[0.00069843872916, -0.00148648861796, 0.00392439169809, 0.000801810703706, -0.000464960961835, -0.00295040220954, 0.00210074242204, 0.000752826570533, 0.0053014298901, -0.00988916587085, 0.00196118885651, 0.000401220051572, 0.00563429109752], [-0.00148648861796, 0.0134882247075, -0.00973694305867, -0.0224873255938, 0.0285168029368, -0.00881660170853, 0.00820833165199, 0.00231219781563, 0.00304621644318, 0.0143161760643, 0.00091525062453, 0.00861617736518, -0.0125374943018], [0.00392439169809, -0.00973694305867, 0.0570852831006, 0.0352182239294, -0.0404078327119, -0.023440355435, 0.00443143723533, -0.0253840573132, 0.0245332270861, -0.0364307463169, -0.0224365144968, 0.0592180751264, -0.00478869630024], [0.000801810703706, -0.0224873255938, 0.0352182239294, 0.0809185579419, -0.0909462124109, -0.00846716668457, -0.0174682494253, -0.0184973217547, -0.0167704541236, 0.0199563708156, -0.0195040423423, 0.0304015986621, -0.0698803886771], [-0.000464960961835, 0.0285168029368, -0.0404078327119, -0.0909462124109, 0.134373873472, -0.0377161353827, 0.0073654288426, 0.0293096452951, 0.0263403411955, -0.0402977652848, 0.0193579271436, -0.0111675271764, 0.0728802755475], [-0.00295040220954, -0.00881660170853, -0.023440355435, -0.00846716668457, -0.0377161353827, 0.18088658154, -0.0325467288494, -0.0458027981222, -0.00107529829256, -0.0121358893812, -0.0180298704654, -0.0454431027174, 0.0862229019403], [0.00210074242204, 0.00820833165199, 0.00443143723533, -0.0174682494253, 0.0073654288426, -0.0325467288494, 0.100458875299, -0.0153089221567, 0.0305621214211, 0.0299644730985, 0.0186004210263, 0.0177965406328, -0.0676993578672], [0.000752826570533, 0.00231219781563, -0.0253840573132, -0.0184973217547, 0.0293096452951, -0.0458027981222, -0.0153089221567, 0.191098213196, -0.0250213053077, -0.0962917432189, 0.106152914464, -0.107128672302, 0.0156865064055], [0.0053014298901, 0.00304621644318, 0.0245332270861, -0.0167704541236, 0.0263403411955, -0.00107529829256, 0.0305621214211, -0.0250213053077, 0.16616512835, -0.132713660598, 0.00234788050875, 0.0198297016323, 0.044496037066], [-0.00988916587085, 0.0143161760643, -0.0364307463169, 0.0199563708156, -0.0402977652848, -0.0121358893812, 0.0299644730985, -0.0962917432189, -0.132713660598, 0.33265131712, -0.105358101428, 0.0490619838238, -0.183127135038], [0.00196118885651, 0.00091525062453, -0.0224365144968, -0.0195040423423, 0.0193579271436, -0.0180298704654, 0.0186004210263, 0.106152914464, 0.00234788050875, -0.105358101428, 0.206297129393, -0.109541386366, -0.0411155335605], [0.000401220051572, 0.00861617736518, 0.0592180751264, 0.0304015986621, -0.0111675271764, -0.0454431027174, 0.0177965406328, -0.107128672302, 0.0198297016323, 0.0490619838238, -0.109541386366, 0.195168986917, -0.0773018822074], [0.00563429109752, -0.0125374943018, -0.00478869630024, -0.0698803886771, 0.0728802755475, 0.0862229019403, -0.0676993578672, 0.0156865064055, 0.044496037066, -0.183127135038, -0.0411155335605, -0.0773018822074, 0.346551269293]]
    },
    "melbands": {
        "dmean": [0.000110513341497, 2.32763431995e-05, 0.000618578167632, 0.000775279651862, 0.000138971940032, 9.45418141782e-05, 0.000379782431992, 0.000548807496671, 0.000162976735737, 0.0001799321617, 0.000146535676322, 0.000205447184271, 0.000202797877137, 0.000162574782735, 8.86343113962e-05, 8.34915626911e-05, 0.000124168218463, 3.25057044392e-05, 2.30093919527e-05, 1.85172466445e-05, 1.72408781509e-05, 1.58210241352e-05, 1.44136911331e-05, 5.47739864487e-06, 5.33305774297e-06, 4.11943983636e-06, 2.62206935986e-06, 1.91389881365e-06, 1.9080553102e-06, 2.70389682555e-06, 1.41952102695e-06, 1.14202998702e-06, 1.09315340069e-06, 1.36429321174e-06, 1.42638918987e-06, 1.10927589958e-06, 7.03045998307e-07, 6.34995728888e-07, 3.31322951297e-07, 2.20001737716e-07],
        "dmean2": [0.000189295082237, 3.05644898617e-05, 0.00098029000219, 0.00122027006, 0.000261100678472, 0.000165302975802, 0.000717349234037, 0.00104062457103, 0.000244107286562, 0.000306556990836, 0.000211884951568, 0.000294821336865, 0.000282212306047, 0.00027584770578, 0.000161806456163, 0.000120110045827, 0.000210410144064, 4.62065036118e-05, 3.99915552407e-05, 3.06543006445e-05, 2.34471572185e-05, 2.21752852667e-05, 1.9385759515e-05, 7.53632730266e-06, 8.19812339614e-06, 5.57916519028e-06, 4.10429538533e-06, 2.538683475e-06, 3.12928568746e-06, 4.34876619693e-06, 2.09304312193e-06, 1.60018839779e-06, 1.61916989327e-06, 1.7052889234e-06, 2.15894465327e-06, 1.73080513832e-06, 1.09918255475e-06, 1.1040544905e-06, 5.38686037999e-07, 3.53755268634e-07],
        "dvar": [1.38827775942e-08, 7.68477392832e-10, 6.58058411318e-07, 1.08915378405e-06, 4.20183994265e-08, 1.24363914722e-08, 3.81646202641e-07, 8.42911447307e-07, 4.6851450719e-08, 7.25084987607e-08, 3.63952139537e-08, 6.92523869361e-08, 7.35133269814e-08, 6.30258512047e-08, 1.85370687689e-08, 9.58074419799e-09, 3.19298543161e-08, 1.68721370208e-09, 8.39250113849e-10, 7.57666929196e-10, 4.21167295483e-10, 3.2485053536e-10, 2.45044373681e-10, 3.25834151327e-11, 3.60252487563e-11, 2.01578979203e-11, 9.9236539125e-12, 4.12663089464e-12, 5.41286893779e-12, 1.84019535721e-11, 2.55041647523e-12, 1.81361371233e-12, 1.54646629703e-12, 2.39276588994e-12, 4.30504893886e-12, 2.49096294806e-12, 9.73793636873e-13, 8.83513531433e-13, 2.48270859166e-13, 8.29877480754e-14],
        "dvar2": [3.0289896813e-08, 1.587443621e-09, 1.68485087215e-06, 2.9196048672e-06, 1.15986431126e-07, 3.39810561911e-08, 9.27969324493e-07, 2.18379432226e-06, 1.17709120673e-07, 1.89942383599e-07, 7.37818623975e-08, 1.21094146266e-07, 1.23141347785e-07, 1.56143670438e-07, 5.02427219828e-08, 2.4223457018e-08, 8.50850341294e-08, 4.41315206601e-09, 2.05433292599e-09, 2.083827777e-09, 9.95725724096e-10, 5.95818117066e-10, 5.89028936737e-10, 3.25919430333e-11, 5.23504573025e-11, 5.23284089671e-11, 2.53294711594e-11, 6.14141246538e-12, 1.20861229011e-11, 4.96978361242e-11, 5.02324657564e-12, 4.52327064693e-12, 2.29195460354e-12, 5.49333972408e-12, 1.17810856556e-11, 6.25987499683e-12, 2.52075270379e-12, 2.28351148754e-12, 6.88621956766e-13, 2.29231808231e-13],
        "max": [0.000371117901523, 0.000110863446025, 0.00266455626115, 0.00373146194033, 0.000677110452671, 0.00039812605246, 0.00184092670679, 0.00268692686222, 0.000805949675851, 0.000930793001316, 0.000849943142384, 0.00119757687207, 0.00132204650436, 0.000883127620909, 0.000447060156148, 0.000352819042746, 0.000635560718365, 0.000166942802025, 0.000108066087705, 9.78680400294e-05, 7.98320761533e-05, 8.07414689916e-05, 6.81799283484e-05, 2.21101436182e-05, 2.4294728064e-05, 1.91815252037e-05, 1.24803918879e-05, 7.81834842201e-06, 1.10051214506e-05, 1.69154118339e-05, 6.07588845014e-06, 5.34612399861e-06, 5.85237967243e-06, 6.75217506796e-06, 7.73182091507e-06, 5.82852862863e-06, 3.52190545527e-06, 3.30948705596e-06, 1.85944907116e-06, 1.02975639038e-06],
        "mean": [0.000112738853204, 3.10144423565e-05, 0.000454122462543, 0.000615217955783, 0.000107115934952, 8.12773723737e-05, 0.000305036141071, 0.000400585005991, 0.000149103012518, 0.000143950936035, 0.000130872140289, 0.000214712286834, 0.000191710612853, 0.000120511234854, 6.28109410172e-05, 7.36856163712e-05, 9.26200591493e-05, 3.25665860146e-05, 2.46537329076e-05, 1.84189466381e-05, 1.91337057913e-05, 1.80668648682e-05, 1.41597556649e-05, 8.48341733217e-06, 6.72726491757e-06, 4.51461573903e-06, 2.48734045272e-06, 2.16292596633e-06, 2.25448002311e-06, 2.4545481665e-06, 1.73580599494e-06, 1.3100062688e-06, 1.47411981288e-06, 1.66031691151e-06, 1.37857171012e-06, 9.90230205389e-07, 6.41717235794e-07, 5.91402965711e-07, 3.24039405086e-07, 1.90497218e-07],
        "median": [1.06899260572e-05, 1.20992790471e-05, 1.95858301595e-05, 4.22724224336e-05, 3.92825168092e-05, 3.2253410609e-05, 4.31614316767e-05, 1.55918332894e-05, 4.17694245698e-05, 4.09941858379e-05, 4.22923549195e-05, 4.6823577577e-05, 1.98471170734e-05, 3.06137590087e-05, 1.4645790543e-05, 1.21990196931e-05, 1.59294195328e-05, 1.08047925096e-05, 6.32938917988e-06, 5.53853533347e-06, 4.90795537189e-06, 5.06229935127e-06, 5.85343332205e-06, 2.84662928607e-06, 1.96293740373e-06, 2.16233797801e-06, 6.13432575847e-07, 9.56913936534e-07, 7.48738898437e-07, 8.83593259005e-07, 8.1723896983e-07, 5.68581469906e-07, 6.04906574608e-07, 7.03341356711e-07, 3.60831023727e-07, 2.82194605461e-07, 2.21041574378e-07, 1.90067623862e-07, 1.21318407764e-07, 7.66041452493e-08],
        "min": [8.46850204978e-13, 2.48441106012e-13, 1.5474770174e-13, 7.64117163098e-14, 2.23856120408e-14, 3.26161691514e-14, 3.93232809596e-14, 2.35425692613e-14, 1.68415560903e-14, 5.6629681955e-14, 7.0995889289e-14, 3.615756647e-14, 6.47158455636e-15, 1.27996571675e-14, 1.52672979239e-14, 1.37945507271e-14, 9.71445315954e-15, 2.25301582132e-14, 6.04762931966e-15, 1.75232871697e-14, 8.93926808797e-15, 7.25096032343e-15, 2.43441436443e-14, 1.23341685173e-14, 1.50060441639e-14, 1.0895216241e-14, 1.23249629632e-14, 1.2682823372e-14, 9.52067827923e-15, 1.80342716536e-14, 1.92823187972e-14, 1.17062875574e-14, 8.71332628445e-15, 9.90633830934e-15, 1.16508983789e-14, 1.07619262894e-14, 1.21758648357e-14, 2.35485713367e-14, 1.57209755468e-14, 3.58131289923e-14],
        "stdev": [0.000133132954943, 3.46605011146e-05, 0.000786935677752, 0.00101466476917, 0.000174526649062, 0.000110410765046, 0.000561562832445, 0.000786733289715, 0.000231239100685, 0.000250181474257, 0.000214503641473, 0.000332544499543, 0.000320167135214, 0.000226790667512, 0.000116772927868, 0.0001081376613, 0.000164116747328, 4.49339968327e-05, 3.17972480843e-05, 2.62240955635e-05, 2.53162161243e-05, 2.49051809078e-05, 1.87186342373e-05, 8.77378806763e-06, 8.11057088868e-06, 5.58808324058e-06, 3.36248058375e-06, 2.66868210019e-06, 2.89307490675e-06, 4.1354392124e-06, 2.10235634768e-06, 1.61939613008e-06, 1.71219051026e-06, 1.99077226171e-06, 2.04143725568e-06, 1.57922852395e-06, 9.97043002826e-07, 9.0066419034e-07, 4.6820383659e-07, 2.7956230042e-07],
        "var": [1.77243819621e-08, 1.20135035253e-09, 6.19267723323e-07, 1.02954470549e-06, 3.04595495493e-08, 1.21905374684e-08, 3.15352792768e-07, 6.18949229647e-07, 5.34715205447e-08, 6.25907716767e-08, 4.60118094736e-08, 1.10585844482e-07, 1.02506994892e-07, 5.14340072755e-08, 1.3635916396e-08, 1.16937535211e-08, 2.6934307229e-08, 2.01906402708e-09, 1.01106500949e-09, 6.87703227698e-10, 6.40910824412e-10, 6.20268059137e-10, 3.50387246995e-10, 7.69793603861e-11, 6.57813664651e-11, 3.12266740243e-11, 1.13062753604e-11, 7.12186429622e-12, 8.36988291175e-12, 1.71018581241e-11, 4.41990194444e-12, 2.62244371184e-12, 2.93159615507e-12, 3.96317440671e-12, 4.16746585158e-12, 2.49396271863e-12, 9.94094780452e-13, 8.11195999696e-13, 2.19214837255e-13, 7.81550795219e-14]
    },
    "melbands128": {
