{
"lowlevel": {
    "average_loudness": 0.99068403244,
    "barkbands_crest": {
        "dmean": 4.02350759506,
        "dmean2": 5.30531263351,
        "dvar": 24.1192169189,
        "dvar2": 31.953836441,
        "max": 22.4015827179,
        "mean": 12.1420860291,
        "median": 11.0206108093,
        "min": 4.87421512604,
        "stdev": 5.38358068466,
        "var": 28.9829406738
    },
    "barkbands_flatness_db": {
        "dmean": 0.0494102835655,
        "dmean2": 0.0504341088235,
        "dvar": 0.00374616892077,
        "dvar2": 0.00460519688204,
        "max": 0.376551449299,
        "mean": 0.186162903905,
        "median": 0.174362152815,
        "min": 0.0583760663867,
        "stdev": 0.0668049752712,
        "var": 0.00446290429682
    },
    "barkbands_kurtosis": {
        "dmean": 11.9086208344,
        "dmean2": 12.5769262314,
        "dvar": 176.238433838,
        "dvar2": 375.711090088,
        "max": 61.8608093262,
        "mean": 17.1097583771,
        "median": 15.4572238922,
        "min": -1.35709416866,
        "stdev": 14.4440593719,
        "var": 208.630859375
    },
    "barkbands_skewness": {
        "dmean": 1.10108840466,
        "dmean2": 1.58256351948,
        "dvar": 1.88263130188,
        "dvar2": 3.66411566734,
        "max": 5.74852895737,
        "mean": 3.03894972801,
        "median": 3.35238695145,
        "min": -0.601122975349,
        "stdev": 1.53935658932,
        "var": 2.36961865425
    },
    "barkbands_spread": {
        "dmean": 12.4650774002,
        "dmean2": 16.493724823,
        "dvar": 697.632995605,
        "dvar2": 753.897827148,
        "max": 106.870101929,
        "mean": 18.6593284607,
        "median": 13.0114898682,
        "min": 1.97822105885,
        "stdev": 24.5248336792,
        "var": 601.467468262
    },
    "dissonance": {
        "dmean": 0.0495293810964,
        "dmean2": 0.0595924854279,
        "dvar": 0.00267224689014,
        "dvar2": 0.00273308856413,
        "max": 0.499999970198,
        "mean": 0.441440165043,
        "median": 0.479071885347,
        "min": 0.292500495911,
        "stdev": 0.0707481056452,
        "var": 0.00500529492274
    },
    "dynamic_complexity": 0,
    "erbbands_crest": {
        "dmean": 7.39633131027,
        "dmean2": 12.3507900238,
        "dvar": 37.9931716919,
        "dvar2": 52.0238189697,
        "max": 31.4791812897,
        "mean": 14.3859138489,
        "median": 13.5774154663,
        "min": 3.88716769218,
        "stdev": 8.4342880249,
        "var": 71.1372146606
    },
    "erbbands_flatness_db": {
        "dmean": 0.0551308766007,
        "dmean2": 0.0610196255147,
        "dvar": 0.00394974881783,
        "dvar2": 0.00416713347659,
        "max": 0.392959922552,
        "mean": 0.156459748745,
        "median": 0.127044215798,
        "min": 0.0779314488173,
        "stdev": 0.0849376469851,
        "var": 0.00721440417692
    },
    "erbbands_kurtosis": {
        "dmean": 10.2919921875,
        "dmean2": 12.5252494812,
        "dvar": 330.821868896,
        "dvar2": 696.869506836,
        "max": 65.0280303955,
        "mean": 6.46982002258,
        "median": 0.0706298351288,
        "min": -1.65337586403,
        "stdev": 17.1760082245,
        "var": 295.015228271
    },
    "erbbands_skewness": {
        "dmean": 1.38643240929,
        "dmean2": 1.73120641708,
        "dvar": 3.66633057594,
        "dvar2": 5.76181507111,
        "max": 7.02254962921,
        "mean": 1.67330014706,
        "median": 1.10389924049,
        "min": -0.59259468317,
        "stdev": 1.93966591358,
        "var": 3.76230382919
    },
    "erbbands_spread": {
        "dmean": 22.2858695984,
        "dmean2": 38.6658401489,
        "dvar": 229.975357056,
        "dvar2": 514.452697754,
        "max": 88.550491333,
        "mean": 55.1992683411,
        "median": 67.1434555054,
        "min": 3.40761208534,
        "stdev": 26.3020954132,
        "var": 691.800231934
    },
    "hfc": {
        "dmean": 6.82263469696,
        "dmean2": 11.0986995697,
        "dvar": 60.3173599243,
        "dvar2": 106.155838013,
        "max": 40.5479621887,
        "mean": 18.3862724304,
        "median": 23.4683151245,
        "min": 2.15994350583e-06,
        "stdev": 14.5136241913,
        "var": 210.645278931
    },
    "loudness_ebu128": {
        "integrated": -15.6174898148,
        "loudness_range": 0,
        "momentary": {
            "dmean": 0,
            "dmean2": 0,
            "dvar": 0,
            "dvar2": 0,
            "max": -15.6174898148,
            "mean": -15.6174898148,
            "median": -15.6174898148,
            "min": -15.6174898148,
            "stdev": 0,
            "var": 0
        },
        "short_term": {
            "dmean": 0,
            "dmean2": 0,
            "dvar": 0,
            "dvar2": 0,
            "max": -24.36810112,
            "mean": -24.36810112,
            "median": -24.36810112,
            "min": -24.36810112,
            "stdev": 0,
            "var": 0
        }
    },
    "melbands_crest": {
        "dmean": 4.53441667557,
        "dmean2": 5.81974029541,
        "dvar": 43.2831382751,
        "dvar2": 60.7703895569,
        "max": 29.7303237915,
        "mean": 15.4019269943,
        "median": 12.6056222916,
        "min": 7.05619096756,
        "stdev": 7.67758893967,
        "var": 58.9453735352
    },
    "melbands_flatness_db": {
        "dmean": 0.0547611042857,
        "dmean2": 0.0575091205537,
        "dvar": 0.00670692278072,
        "dvar2": 0.00610487209633,
        "max": 0.459560066462,
        "mean": 0.274409025908,
        "median": 0.277816653252,
        "min": 0.0567562431097,
        "stdev": 0.0802792087197,
        "var": 0.00644475128502
    },
    "melbands_kurtosis": {
        "dmean": 35.3986854553,
        "dmean2": 57.4802894592,
        "dvar": 2369.93481445,
        "dvar2": 5792.35595703,
        "max": 200.660324097,
        "mean": 48.4383659363,
        "median": 30.5340538025,
        "min": 0.0610167980194,
        "stdev": 45.4344558716,
        "var": 2064.28979492
    },
    "melbands_skewness": {
        "dmean": 1.97564852238,
        "dmean2": 3.56271409988,
        "dvar": 6.57523679733,
        "dvar2": 16.258392334,
        "max": 10.3314151764,
        "mean": 4.63250160217,
        "median": 4.62493991852,
        "min": -0.109328396618,
        "stdev": 2.34925866127,
        "var": 5.51901578903
    },
    "melbands_spread": {
        "dmean": 12.486041069,
        "dmean2": 14.7214155197,
        "dvar": 1180.76843262,
        "dvar2": 1242.47485352,
        "max": 137.784805298,
        "mean": 16.4640007019,
        "median": 7.48298358917,
        "min": 1.41649115086,
        "stdev": 32.6827049255,
        "var": 1068.15917969
    },
    "pitch_salience": {
        "dmean": 0.176213502884,
        "dmean2": 0.219027251005,
        "dvar": 0.0250895153731,
        "dvar2": 0.0538402162492,
        "max": 0.861682653427,
        "mean": 0.544171869755,
        "median": 0.597878456116,
        "min": 0.105603091419,
        "stdev": 0.18500456214,
        "var": 0.0342266894877
    },
    "silence_rate_20dB": {
        "dmean": 0,
        "dmean2": 0,
        "dvar": 0,
        "dvar2": 0,
        "max": 1,
        "mean": 1,
        "median": 1,
        "min": 1,
        "stdev": 0,
        "var": 0
    },
    "silence_rate_30dB": {
        "dmean": 0,
        "dmean2": 0,
        "dvar": 0,
        "dvar2": 0,
        "max": 1,
        "mean": 1,
        "median": 1,
        "min": 1,
        "stdev": 0,
        "var": 0
    },
    "silence_rate_60dB": {
        "dmean": 0.142857149243,
        "dmean2": 0.230769231915,
        "dvar": 0.122448973358,
        "dvar2": 0.17751480639,
        "max": 1,
        "mean": 0.20000000298,
        "median": 0,
        "min": 0,
        "stdev": 0.400000035763,
        "var": 0.160000026226
    },
    "spectral_centroid": {
        "dmean": 315.517272949,
        "dmean2": 504.131896973,
        "dvar": 178746.953125,
        "dvar2": 349022.46875,
        "max": 1752.40515137,
        "mean": 907.230285645,
        "median": 773.040527344,
        "min": 430.96496582,
        "stdev": 362.246734619,
        "var": 131222.6875
    },
    "spectral_complexity": {
        "dmean": 3.71428561211,
        "dmean2": 4.69230747223,
        "dvar": 4.34693861008,
        "dvar2": 13.4437856674,
        "max": 19,
        "mean": 9.13333320618,
        "median": 10,
        "min": 0,
        "stdev": 6.18456888199,
        "var": 38.2488899231
    },
    "spectral_decrease": {
        "dmean": 4.83101780802e-09,
        "dmean2": 8.25081514222e-09,
        "dvar": 2.05229449131e-17,
        "dvar2": 3.91537638059e-17,
        "max": -2.21410491576e-17,
        "mean": -1.12707434496e-08,
        "median": -1.31401689529e-08,
        "min": -2.54114240761e-08,
        "stdev": 9.31492660783e-09,
        "var": 8.67678647425e-17
    },
    "spectral_energy": {
        "dmean": 0.0187889058143,
        "dmean2": 0.0321341380477,
        "dvar": 0.000313652737532,
        "dvar2": 0.000595945108216,
        "max": 0.0991434156895,
        "mean": 0.0442060902715,
        "median": 0.0513023212552,
        "min": 2.79478939991e-10,
        "stdev": 0.0363752618432,
        "var": 0.00132315955125
    },
    "spectral_energyband_high": {
        "dmean": 0.000483051349875,
        "dmean2": 0.00056145794224,
        "dvar": 3.46245968785e-07,
        "dvar2": 8.03504406122e-07,
        "max": 0.00338214193471,
        "mean": 0.00106596783735,
        "median": 0.00116389920004,
        "min": 1.39719055769e-10,
        "stdev": 0.000987703795545,
        "var": 9.75558691607e-07
    },
    "spectral_energyband_low": {
        "dmean": 0.00921896100044,
        "dmean2": 0.00688478769735,
        "dvar": 6.34217649349e-05,
        "dvar2": 3.6055505916e-05,
        "max": 0.0646032392979,
        "mean": 0.0229583382607,
        "median": 0.0142142372206,
        "min": 4.46991471614e-11,
        "stdev": 0.0240599159151,
        "var": 0.000578879553359
    },
    "spectral_energyband_middle_high": {
        "dmean": 0.000500624824781,
        "dmean2": 0.000725353369489,
        "dvar": 1.89521188076e-07,
        "dvar2": 3.44725464174e-07,
        "max": 0.00230287527665,
        "mean": 0.000898647529539,
        "median": 0.000877607264556,
        "min": 4.06142237896e-11,
        "stdev": 0.000767380697653,
        "var": 5.88873092511e-07
    },
    "spectral_energyband_middle_low": {
        "dmean": 0.0149228675291,
        "dmean2": 0.0280474051833,
        "dvar": 0.000252148631262,
        "dvar2": 0.000722353230231,
        "max": 0.0588191337883,
        "mean": 0.0229208134115,
        "median": 0.0232141260058,
        "min": 9.38003147377e-12,
        "stdev": 0.019111789763,
        "var": 0.000365260522813
    },
    "spectral_entropy": {
        "dmean": 0.493126451969,
        "dmean2": 0.582598805428,
        "dvar": 0.376154392958,
        "dvar2": 0.337098568678,
        "max": 8.45483112335,
        "mean": 7.32175779343,
        "median": 7.56011486053,
        "min": 5.52197551727,
        "stdev": 0.683934271336,
        "var": 0.467766076326
    },
    "spectral_flux": {
        "dmean": 0.0442252717912,
        "dmean2": 0.0727894976735,
        "dvar": 0.0017206845805,
        "dvar2": 0.00266928249039,
        "max": 0.186303690076,
        "mean": 0.0994360372424,
        "median": 0.0684147551656,
        "min": 0.0156208528206,
        "stdev": 0.0579635985196,
        "var": 0.00335977855138
    },
    "spectral_kurtosis": {
        "dmean": 1.61440110207,
        "dmean2": 2.28369164467,
        "dvar": 5.40783786774,
        "dvar2": 9.00016212463,
        "max": 10.2434968948,
        "mean": 3.13514351845,
        "median": 2.00127315521,
        "min": 0.860802173615,
        "stdev": 2.50238776207,
        "var": 6.26194429398
    },
    "spectral_rms": {
        "dmean": 0.00168788980227,
        "dmean2": 0.0023825194221,
        "dvar": 2.13863563658e-06,
        "dvar2": 3.916255082e-06,
        "max": 0.00983490142971,
        "mean": 0.00553610688075,
        "median": 0.00707467645407,
        "min": 5.22170807926e-07,
        "stdev": 0.00353262224235,
        "var": 1.24794205476e-05
    },
    "spectral_rolloff": {
        "dmean": 1224.31640625,
        "dmean2": 1346.65344238,
        "dvar": 17790552,
        "dvar2": 18963868,
        "max": 16860.4980469,
        "mean": 1481.484375,
        "median": 409.130859375,
        "min": 64.599609375,
        "stdev": 4111.23095703,
        "var": 16902218
    },
    "spectral_skewness": {
        "dmean": 0.338411480188,
        "dmean2": 0.416068077087,
        "dvar": 0.144365519285,
        "dvar2": 0.324312359095,
        "max": 2.70181155205,
        "mean": 1.4246878624,
        "median": 1.29878056049,
        "min": 0.867570757866,
        "stdev": 0.412388652563,
        "var": 0.170064404607
    },
    "spectral_spread": {
        "dmean": 1273015.375,
        "dmean2": 1536137.875,
        "dvar": 3.02965692826e+12,
        "dvar2": 4.06500042342e+12,
        "max": 10871159,
        "mean": 6680634,
        "median": 6821950.5,
        "min": 3695249,
        "stdev": 1693691.25,
        "var": 2.86859014963e+12
    },
    "spectral_strongpeak": {
        "dmean": 0.981792390347,
        "dmean2": 1.83987975121,
        "dvar": 0.978402614594,
        "dvar2": 2.99373364449,
        "max": 3.49024367332,
        "mean": 0.858142077923,
        "median": 0.596862494946,
        "min": 0,
        "stdev": 0.963693261147,
        "var": 0.928704679012
    },
    "zerocrossingrate": {
        "dmean": 0.0150320874527,
        "dmean2": 0.0233248192817,
        "dvar": 0.000400719552999,
        "dvar2": 0.00100173044484,
        "max": 0.109375,
        "mean": 0.0438802093267,
        "median": 0.0361328125,
        "min": 0.00244140625,
        "stdev": 0.0256242174655,
        "var": 0.000656600517686
    },
    "barkbands": {
        "dmean": [0.000194429521798, 0.00595932500437, 0.00208574021235, 0.001996205654, 0.00227040867321, 0.00234061805531, 0.012520971708, 9.41151301959e-05, 2.19993653445e-05, 8.83056782186e-06, 1.09334487206e-05, 1.21072444017e-05, 0.000126624043332, 0.000192637860891, 1.23754352899e-05, 2.42755286308e-05, 2.5350604119e-05, 0.000120859927847, 0.000163148608408, 0.00019182098913, 0.000119108823128, 0.000197282657609, 6.38006968074e-05, 7.25305144442e-05, 7.76507222326e-05, 2.79736395896e-05, 4.79972368339e-06],
        "dmean2": [0.000338125246344, 0.00444409623742, 0.00266803102568, 0.00252368138172, 0.00310752447695, 0.00350126833655, 0.0256876964122, 0.000178984686499, 3.21748811984e-05, 1.46345182657e-05, 1.76633384399e-05, 2.10182170122e-05, 0.00025655963691, 0.000360922625987, 1.91608487512e-05, 4.59073307866e-05, 4.47999482276e-05, 0.000137953742524, 0.000221968570258, 0.000330070062773, 0.000205405129236, 0.000292200653348, 0.00010096191545, 0.000117849987873, 0.000103291124105, 4.8736725148e-05, 6.31810144114e-06],
        "dvar": [1.44893821385e-08, 2.65554099315e-05, 6.63615628582e-06, 4.16735201725e-06, 3.41016198036e-06, 2.68768917522e-06, 0.000209248813917, 1.06749800111e-08, 6.38974373413e-10, 1.18337908916e-10, 2.74365696828e-10, 1.49988910181e-10, 4.13468015381e-08, 4.97079106765e-08, 1.32012095699e-10, 6.37242758561e-10, 5.2045595611e-10, 2.73446882915e-08, 2.32948877965e-08, 8.26210069249e-08, 2.43855868831e-08, 2.9292952064e-08, 6.52329656958e-09, 5.96429083899e-09, 6.83546419467e-09, 8.65228166891e-10, 1.96687614112e-11],
        "dvar2": [3.30369829271e-08, 1.56154310389e-05, 7.70810038375e-06, 4.03691274187e-06, 9.46217551245e-06, 6.02841873842e-06, 0.000619584927335, 2.90378388001e-08, 9.74865077552e-10, 2.95805324679e-10, 6.40951569597e-10, 3.48430284625e-10, 1.02646517064e-07, 1.28785501374e-07, 1.83728240954e-10, 1.62118574121e-09, 1.74420378141e-09, 4.48346284543e-08, 7.06165863562e-08, 2.03463727644e-07, 5.69458933342e-08, 8.76449419707e-08, 8.73207373076e-09, 1.38453923881e-08, 1.15311982185e-08, 2.02390904036e-09, 2.24788226227e-11],
        "max": [0.00053887325339, 0.0417379066348, 0.0146028827876, 0.0108786812052, 0.0125602502376, 0.00898237153888, 0.051140204072, 0.000405891274568, 0.00014472460316, 4.8967965995e-05, 6.94092159392e-05, 5.73066754441e-05, 0.000792049570009, 0.000777743989602, 6.62522070343e-05, 0.000102197300293, 9.40903701121e-05, 0.000846120587084, 0.000836634135339, 0.00119906314649, 0.000746546545997, 0.000873655313626, 0.000401571451221, 0.000369285931811, 0.000468515383545, 0.000166700352565, 2.83926128759e-05],
        "mean": [0.000168606231455, 0.0145664466545, 0.00458951294422, 0.00452132616192, 0.00457534845918, 0.00331891002133, 0.0103365872055, 0.000124208832858, 4.14245623688e-05, 1.29754280351e-05, 1.48282506416e-05, 1.54467525135e-05, 0.000159648741828, 0.00017713381385, 2.203499389e-05, 3.1137617043e-05, 2.69949869107e-05, 0.000178263304406, 0.000222026908887, 0.000208081415622, 0.00019701308338, 0.000280806416413, 0.000103868245787, 0.000109018212243, 0.000143761455547, 5.13658087584e-05, 9.06391051103e-06],
        "median": [0.00011049873865, 0.00955901108682, 0.00196144753136, 0.00486979493871, 0.00398075394332, 0.0036310213618, 0.00609221821651, 8.280648035e-05, 2.78482184513e-05, 4.88227578899e-06, 5.16109457749e-06, 9.99432086246e-06, 7.4173512985e-05, 9.52732880251e-05, 1.48513863678e-05, 2.98890281556e-05, 1.34172933031e-05, 3.04071145365e-05, 0.000137779206852, 8.33316880744e-05, 0.000216954984353, 0.000255121529335, 2.66061597358e-05, 7.97436732682e-05, 0.000118507858133, 5.96032041358e-05, 3.7626239191e-06],
        "min": [4.79055198288e-11, 2.02171508701e-11, 2.90713026568e-12, 3.07390668908e-13, 1.61647843548e-12, 1.19376698197e-12, 2.89081258931e-13, 1.9063318632e-12, 3.28973241877e-12, 2.16788371109e-12, 2.27667906229e-12, 2.06692649107e-12, 2.81821354448e-12, 6.83197368036e-13, 3.73980620777e-12, 1.08585861656e-12, 6.10361457556e-12, 5.46637127924e-12, 1.16016354509e-11, 7.38599893052e-12, 7.13679853062e-12, 1.117886686e-11, 6.99050843253e-12, 2.10141314072e-11, 2.02881374894e-11, 3.17389378668e-11, 4.19894674586e-11],
        "stdev": [0.000160644965945, 0.0155655341223, 0.00531091727316, 0.00424967193976, 0.00403986591846, 0.00261785695329, 0.0133874388412, 0.000133546025609, 4.63316864625e-05, 1.61462030519e-05, 1.97990248125e-05, 1.83937627298e-05, 0.000216590880882, 0.000224611503654, 2.10018115467e-05, 3.0652161513e-05, 2.97981005133e-05, 0.000262387417024, 0.000238669919781, 0.000298609636957, 0.000193992338609, 0.000261641514953, 0.000130884553073, 0.000120671385957, 0.000146650228999, 4.94800042361e-05, 9.63507864071e-06],
        "var": [2.58068055814e-08, 0.000242285866989, 2.82058408629e-05, 1.80597126018e-05, 1.63205149875e-05, 6.85317445459e-06, 0.000179223512532, 1.78345409552e-08, 2.1466250999e-09, 2.60699850596e-10, 3.92001348049e-10, 3.38330530258e-10, 4.69116123725e-08, 5.04503283594e-08, 4.41076120072e-10, 9.39554989365e-10, 8.87926843163e-10, 6.88471573085e-08, 5.69633336056e-08, 8.91677203185e-08, 3.76330291374e-08, 6.84562806441e-08, 1.71307643626e-08, 1.45615839386e-08, 2.15062900821e-08, 2.44827091933e-09, 9.28347398954e-11]
    },
    "erbbands": {
        "dmean": [0.141711071134, 1.45444571972, 1.83915793896, 5.8130197525, 6.08797216415, 5.58352708817, 7.03399753571, 34.7077445984, 217.088592529, 29.7532234192, 2.11890125275, 0.557428896427, 0.198019742966, 0.400945812464, 0.503026783466, 0.445635139942, 4.04736423492, 12.0707159042, 1.6765280962, 0.880657494068, 1.00875592232, 1.30360138416, 4.01732397079, 11.0677614212, 2.40299034119, 9.71861362457, 6.20994520187, 8.32688999176, 8.22739315033, 2.30004477501, 2.19420599937, 1.52170693874, 1.64708244801, 1.27165102959, 0.352456301451, 0.258152186871, 0.0325429588556, 0.0065208049491, 0.00106136407703, 4.57811293018e-05],
        "dmean2": [0.11248613894, 1.16930091381, 1.88855612278, 6.47969579697, 7.9918756485, 7.43454837799, 9.26091957092, 61.0047531128, 444.995147705, 60.3240814209, 3.92895340919, 0.972068488598, 0.214827701449, 0.746494174004, 0.891519188881, 0.709483981133, 7.98847913742, 19.3643932343, 2.74747991562, 1.5496083498, 1.95359611511, 2.24784135818, 6.14855957031, 16.5787582397, 3.43009853363, 16.2435283661, 10.7472381592, 13.131526947, 12.9203023911, 3.37447071075, 3.23158407211, 2.37533783913, 2.65581035614, 1.79943406582, 0.420449286699, 0.479133248329, 0.0477587319911, 0.0103349527344, 0.00129143497907, 5.39847751497e-05],
        "dvar": [0.0163198504597, 1.76775813103, 2.67924928665, 37.9795036316, 29.6439533234, 32.523601532, 47.1814346313, 1080.03735352, 63412.7617188, 1185.36401367, 4.64429855347, 0.516388952732, 0.045315913856, 0.257679075003, 0.635453224182, 0.242944136262, 34.170627594, 145.768249512, 1.60069906712, 0.894502103329, 0.904670774937, 1.38442063332, 30.9415931702, 80.9057159424, 4.23278188705, 220.962966919, 20.8841533661, 155.102874756, 39.6618270874, 2.92700219154, 7.29102754593, 2.11290025711, 3.64520096779, 1.71414065361, 0.124021761119, 0.0590570084751, 0.00153145485092, 0.000104761798866, 9.43292434386e-07, 1.77056114214e-09],
        "dvar2": [0.00780090410262, 1.1486093998, 1.62512671947, 27.6567611694, 63.149723053, 31.8693008423, 110.110801697, 2472.09375, 186145.46875, 3809.09204102, 14.9056692123, 0.701883554459, 0.0359090268612, 0.759373307228, 1.53992605209, 0.381686866283, 82.0851516724, 398.822418213, 5.05187320709, 1.57135248184, 2.33882069588, 4.75046157837, 71.368850708, 186.555633545, 11.9258537292, 547.28503418, 67.0830230713, 405.235046387, 101.182929993, 8.73688602448, 9.85568141937, 6.16520357132, 8.79839420319, 3.65400719643, 0.202508419752, 0.151811733842, 0.00408124458045, 0.000283369008685, 1.6887398715e-06, 1.65250724216e-09],
        "max": [0.9938544631, 10.1821289062, 12.8767185211, 39.8979721069, 38.8450927734, 29.7987957001, 38.4020729065, 118.819633484, 894.071350098, 112.353752136, 8.65549945831, 3.69243001938, 1.37560153008, 1.96729016304, 3.33992791176, 2.78382396698, 23.5127220154, 47.2475814819, 5.70741415024, 3.56837821007, 3.90092325211, 5.19956111908, 26.85663414, 49.1825447083, 12.1296195984, 62.6634178162, 21.7463378906, 56.3234291077, 30.5169429779, 9.4432220459, 13.9238481522, 6.48799037933, 9.5767288208, 6.66219329834, 2.06654191017, 1.31955707073, 0.202869221568, 0.0424257963896, 0.0060629309155, 0.000292766664643],
        "mean": [0.305974066257, 3.65833592415, 4.54132604599, 15.274148941, 12.9117145538, 14.0043554306, 14.175786972, 43.1044273376, 182.738479614, 25.120973587, 3.01744675636, 1.07275533676, 0.403200089931, 0.54046267271, 0.66203045845, 0.751549839973, 5.29339170456, 12.9164266586, 2.05621290207, 1.47823500633, 1.44446110725, 1.64743936062, 5.51345777512, 18.7101650238, 4.8191318512, 10.1960477829, 8.06806468964, 10.784740448, 10.8845376968, 3.38050866127, 3.29766130447, 1.98158967495, 2.32497143745, 1.9960258007, 0.74302303791, 0.346462070942, 0.0569529794157, 0.00968234520406, 0.00177372491453, 0.000133173773065],
        "median": [0.110451489687, 2.59889793396, 3.26413607597, 10.5052194595, 8.40259933472, 18.3537883759, 16.6082801819, 37.6600875854, 113.793312073, 17.5402679443, 2.26696801186, 0.964406967163, 0.182921171188, 0.240788385272, 0.261238008738, 0.600402474403, 3.28110098839, 9.76159381866, 1.51403164864, 1.24920392036, 1.22317433357, 0.91686552763, 2.19993853569, 20.6672706604, 5.48100566864, 4.66076469421, 8.31035423279, 5.38343954086, 9.76781082153, 3.29482889175, 0.786774992943, 1.09349298477, 1.55334341526, 1.67343640327, 0.758098959923, 0.234173983335, 0.0531917773187, 0.00421621929854, 0.0005689766258, 0.000130546366563],
        "min": [1.19103826801e-09, 2.64185540111e-09, 3.81603992849e-09, 2.02726901932e-09, 2.38938824282e-09, 6.24885876377e-09, 6.33785068871e-09, 1.22809327152e-08, 5.37907585141e-09, 7.15296444298e-09, 7.46857651279e-08, 7.59054117339e-08, 6.68308217655e-08, 4.66698644175e-08, 9.39026207902e-08, 1.06433311942e-07, 1.29234734914e-07, 5.7435347145e-08, 1.39595698556e-07, 1.10957905974e-07, 9.531370182e-08, 3.39371723612e-07, 3.33400919317e-07, 4.17550126031e-07, 5.7106285567e-07, 2.91428477794e-07, 3.96706099082e-07, 2.62860851308e-07, 4.12116378357e-07, 3.06822329321e-07, 1.88164477777e-07, 3.51946624733e-07, 3.64698337307e-07, 2.46948445692e-07, 1.45527764062e-07, 1.14213499103e-07, 5.3440409431e-08, 2.82236243265e-08, 4.8809170039e-09, 5.96709126555e-10],
        "stdev": [0.35636985302, 3.85745048523, 4.67892503738, 15.0456171036, 12.4535007477, 11.1887283325, 10.9481525421, 37.6296577454, 232.933334351, 32.0453872681, 2.94097733498, 1.18945300579, 0.459150075912, 0.645356476307, 0.923561692238, 0.828204393387, 6.541056633, 14.2400064468, 1.93161940575, 1.30552268028, 1.33658266068, 1.66583001614, 7.42929029465, 15.210852623, 3.86996889114, 15.6306028366, 6.96701574326, 14.4325780869, 10.4696569443, 2.92815971375, 4.3939666748, 2.31168627739, 2.69099640846, 2.11496853828, 0.733145296574, 0.383730113506, 0.0555360093713, 0.0112040964887, 0.00200732238591, 0.000116378869279],
        "var": [0.126999467611, 14.8799247742, 21.8923416138, 226.37059021, 155.089675903, 125.187637329, 119.862045288, 1415.99108887, 54257.9414062, 1026.90673828, 8.64934825897, 1.41479849815, 0.21081879735, 0.416484981775, 0.852966248989, 0.685922503471, 42.7854232788, 202.777786255, 3.73115372658, 1.70438957214, 1.78645336628, 2.77498960495, 55.194355011, 231.370025635, 14.9766588211, 244.315750122, 48.5393066406, 208.299316406, 109.613716125, 8.5741186142, 19.3069438934, 5.34389305115, 7.24146175385, 4.47309207916, 0.5375020504, 0.147248804569, 0.00308424816467, 0.000125531776575, 4.02934301746e-06, 1.35440405558e-08]
    },
    "gfcc": {
        "mean": [-99.7009735107, 65.8818969727, -55.3962402344, 56.7407264709, -57.6795196533, -8.17550754547, -45.0736618042, -3.15883684158, -21.7923984528, 27.1722049713, 2.9433786869, 1.32038140297, -19.3524456024],
        "cov": [[70862.390625, 6163.45605469, 2267.25048828, 4794.41552734, -1213.33605957, -146.976287842, -3043.27856445, -1430.47473145, -1103.72192383, 1578.39550781, 299.648529053, -623.958679199, -1294.40270996], [6163.45605469, 1356.83117676, 57.50522995, 218.119415283, -317.180938721, -393.073455811, -289.6434021, -246.293792725, -14.0135498047, 232.304489136, 180.63571167, -32.7596893311, -85.7828826904], [2267.25048828, 57.50522995, 261.044952393, 135.100631714, 98.2805175781, 238.560546875, -66.2771530151, 50.2829208374, -112.101844788, -36.757900238, -78.2928848267, 14.2840986252, -31.737701416], [4794.41552734, 218.119415283, 135.100631714, 507.710845947, -70.4960708618, -47.6870689392, -243.162109375, -131.752105713, -112.698326111, 146.36567688, 49.0758666992, -121.299613953, -126.883804321], [-1213.33605957, -317.180938721, 98.2805175781, -70.4960708618, 253.274536133, 251.638885498, 69.7825698853, 89.9860916138, -160.23664856, -130.284545898, -126.156799316, 82.4790039062, 17.5931568146], [-146.976287842, -393.073455811, 238.560546875, -47.6870689392, 251.638885498, 455.12008667, 73.9600372314, 183.191375732, -113.805931091, -165.560150146, -173.220718384, 85.6449584961, 26.4841480255], [-3043.27856445, -289.6434021, -66.2771530151, -243.162109375, 69.7825698853, 73.9600372314, 205.288787842, 101.910446167, 42.5129318237, -123.461410522, -28.4440364838, 51.2618408203, 61.8562278748], [-1430.47473145, -246.293792725, 50.2829208374, -131.752105713, 89.9860916138, 183.191375732, 101.910446167, 127.075927734, 20.2997951508, -95.8206787109, -64.4938964844, 41.0297050476, 46.8375778198], [-1103.72192383, -14.0135498047, -112.101844788, -112.698326111, -160.23664856, -113.805931091, 42.5129318237, 20.2997951508, 203.332992554, 41.6386909485, 57.2391395569, -35.3448562622, 41.2994995117], [1578.39550781, 232.304489136, -36.757900238, 146.36567688, -130.284545898, -165.560150146, -123.461410522, -95.8206787109, 41.6386909485, 128.674926758, 68.9715194702, -65.4048919678, -33.9037742615], [299.648529053, 180.63571167, -78.2928848267, 49.0758666992, -126.156799316, -173.220718384, -28.4440364838, -64.4938964844, 57.2391395569, 68.9715194702, 128.998123169, -77.8948898315, -29.5911045074], [-623.958679199, -32.7596893311, 14.2840986252, -121.299613953, 82.4790039062, 85.6449584961, 51.2618408203, 41.0297050476, -35.3448562622, -65.4048919678, -77.8948898315, 85.2410736084, 34.9372901917], [-1294.40270996, -85.7828826904, -31.737701416, -126.883804321, 17.5931568146, 26.4841480255, 61.8562278748, 46.8375778198, 41.2994995117, -33.9037742615, -29.5911045074, 34.9372901917, 42.6998100281]],
        "icov": [[0.00329512218013, -0.0150048322976, 0.0131194740534, -0.0112860742956, 0.0151785733178, -0.0233454946429, -0.00274784257635, -0.0113381324336, -0.00822587218136, -0.0169040430337, 0.0302063580602, -0.0121580287814, 0.0960170328617], [-0.0150048322976, 0.118709266186, -0.130176484585, 0.0580937601626, 0.0119190439582, 0.156497821212, 0.0405592992902, -0.0202872306108, 0.107596553862, 0.0216053221375, -0.251864999533, -0.136296004057, -0.428919821978], [0.0131194740534, -0.130176484585, 0.180631294847, -0.0352675765753, -0.00445982208475, -0.179359719157, -0.0400017090142, 0.0300223343074, -0.0834376364946, 0.00774188013747, 0.313677936792, 0.253490746021, 0.400562644005], [-0.0112860742956, 0.0580937601626, -0.0352675765753, 0.0873259827495, 0.0167718846351, 0.0814728885889, 0.0170208625495, -0.0175314061344, 0.0980168730021, 0.0231043063104, -0.0525265336037, 0.0739913508296, -0.228407621384], [0.0151785733178, 0.0119190439582, -0.00445982208475, 0.0167718846351, 0.351614177227, -0.0548247173429, 0.0495279580355, -0.229806870222, 0.220381066203, -0.164146929979, 0.0593437105417, -0.250295847654, 0.50248503685], [-0.0233454946429, 0.156497821212, -0.179359719157, 0.0814728885889, -0.0548247173429, 0.255401521921, 0.0493044257164, -0.0320936143398, 0.10583332181, 0.0659137964249, -0.322679102421, -0.125849604607, -0.62722492218], [-0.00274784257635, 0.0405592992902, -0.0400017090142, 0.0170208625495, 0.0495279580355, 0.0493044257164, 0.0592797994614, -0.0335495956242, 0.0595165900886, 0.0363571122289, -0.0825366675854, -0.0676986649632, -0.111534431577], [-0.0113381324336, -0.0202872306108, 0.0300223343074, -0.0175314061344, -0.229806870222, -0.0320936143398, -0.0335495956242, 0.322299510241, -0.148123905063, 0.204672038555, -0.0243169758469, 0.303405433893, -0.563904762268], [-0.00822587218136, 0.107596553862, -0.0834376364946, 0.0980168730021, 0.220381066203, 0.10583332181, 0.0595165900886, -0.148123905063, 0.275917947292, -0.0498676896095, -0.132676035166, -0.118496768177, -0.185595095158], [-0.0169040430337, 0.0216053221375, 0.00774188013747, 0.0231043063104, -0.164146929979, 0.0659137964249, 0.0363571122289, 0.204672038555, -0.0498676896095, 0.285471230745, -0.0512067526579, 0.310226291418, -0.659458041191], [0.0302063580602, -0.251864999533, 0.313677936792, -0.0525265336037, 0.0593437105417, -0.322679102421, -0.0825366675854, -0.0243169758469, -0.132676035166, -0.0512067526579, 0.674672186375, 0.433827787638, 1.00893211365], [-0.0121580287814, -0.136296004057, 0.253490746021, 0.0739913508296, -0.250295847654, -0.125849604607, -0.0676986649632, 0.303405433893, -0.118496768177, 0.310226291418, 0.433827787638, 0.945692062378, -0.399842172861], [0.0960170328617, -0.428919821978, 0.400562644005, -0.228407621384, 0.50248503685, -0.62722492218, -0.111534431577, -0.563904762268, -0.185595095158, -0.659458041191, 1.00893211365, -0.399842172861, 3.33576154709]]
    },
    "melbands": {
        "dmean": [0.00159725581761, 0.00137788732536, 0.000892658834346, 0.000452213454992, 0.000241455811192, 0.000917968689464, 0.00294462055899, 0.000136308750371, 1.07029436549e-05, 2.93273910756e-06, 9.62273702498e-07, 1.66855897987e-06, 1.43883528381e-06, 1.69269901562e-06, 1.03181332634e-06, 1.49335419337e-05, 2.34430499404e-05, 2.09781069316e-06, 7.05992704297e-07, 2.12204690797e-06, 8.57970917423e-07, 1.40704719342e-06, 1.60441163644e-06, 7.41865233067e-06, 1.03990187199e-05, 3.65653636436e-06, 1.20607205645e-06, 8.89788225322e-06, 5.92240894548e-06, 1.97013991965e-06, 6.89438093104e-06, 4.75964907309e-06, 3.53623499905e-06, 6.28757845789e-07, 1.3373917227e-06, 1.37119536703e-06, 7.64295236877e-07, 1.23673908092e-06, 1.29358181766e-06, 1.11470967568e-06],
        "dmean2": [0.00109515199438, 0.00117109180428, 0.000777872395702, 0.000574211182538, 0.000337712437613, 0.00167680275626, 0.00606222031638, 0.000253264443018, 1.90873943211e-05, 4.38433471572e-06, 1.02891988263e-06, 3.04163245346e-06, 2.33196055888e-06, 3.06813535644e-06, 1.465784635e-06, 2.64159825747e-05, 4.0291048208e-05, 3.45850412486e-06, 1.00823535831e-06, 3.92943957195e-06, 1.6544488517e-06, 2.47943580689e-06, 2.99350699606e-06, 8.97285826795e-06, 1.51986068886e-05, 5.40442079e-06, 2.01431885216e-06, 1.48522603922e-05, 1.05443778011e-05, 2.91091009785e-06, 1.17421432151e-05, 6.9295620051e-06, 6.39884365228e-06, 7.7564931189e-07, 1.73825696947e-06, 2.39707742367e-06, 1.23926372453e-06, 2.03326044357e-06, 1.89893592051e-06, 1.53591145136e-06],
        "dvar": [1.77447884653e-06, 1.4178889387e-06, 7.04087881331e-07, 1.59169516678e-07, 5.15056548522e-08, 8.15272130694e-07, 1.15378788905e-05, 2.35914807689e-08, 1.12775719319e-10, 1.4346419018e-11, 1.00957328435e-12, 4.26391430844e-12, 5.33850958231e-12, 3.55344464791e-12, 1.07623632228e-12, 4.87680396066e-10, 6.59296561789e-10, 2.91933187693e-12, 4.76992740011e-13, 4.56689417186e-12, 5.38192808461e-13, 1.84162754491e-12, 4.77479600997e-12, 1.09384119817e-10, 7.41481251398e-11, 1.10795400632e-11, 1.35842899429e-12, 2.16509379869e-10, 2.11760713131e-11, 3.91665432725e-12, 9.38904509695e-11, 1.95442412254e-11, 1.12605081509e-11, 4.42369502574e-13, 3.07969144978e-12, 2.45264876117e-12, 5.39622871127e-13, 1.86045146303e-12, 2.76511083995e-12, 1.16768151138e-12],
        "dvar2": [8.56370320435e-07, 5.97275800374e-07, 7.62134334309e-07, 3.1825297242e-07, 1.19470442428e-07, 1.78080983915e-06, 3.40909136867e-05, 8.54591775123e-08, 2.52794174482e-10, 2.25843076879e-11, 8.63223663557e-13, 1.34591036233e-11, 1.16241330797e-11, 1.02265617849e-11, 1.71092892458e-12, 1.03269204299e-09, 1.82701254126e-09, 9.55932381863e-12, 5.99822492023e-13, 1.17207615141e-11, 1.26313954955e-12, 6.49377166623e-12, 1.3397360478e-11, 2.3646304359e-10, 1.99759819797e-10, 3.19137875848e-11, 2.3325794421e-12, 5.41275135824e-10, 7.54579246309e-11, 8.099535799e-12, 2.49319370704e-10, 5.10897851802e-11, 3.18901155483e-11, 6.03861578796e-13, 4.0976584105e-12, 4.72225817477e-12, 1.82502580756e-12, 4.52560992154e-12, 6.81691335325e-12, 2.05581211776e-12],
        "max": [0.0111972736195, 0.00964651908726, 0.00624911859632, 0.00272203912027, 0.00124607142061, 0.00334468344226, 0.011946584098, 0.000482217670651, 5.31853365828e-05, 2.04953557841e-05, 6.60800424157e-06, 8.01562873676e-06, 9.69457505562e-06, 7.88292709331e-06, 6.68289794703e-06, 9.29185407585e-05, 9.83326972346e-05, 7.84894109529e-06, 3.49092738361e-06, 8.67438848218e-06, 3.62359401151e-06, 4.598261512e-06, 9.12767154659e-06, 5.19091663591e-05, 4.78939182358e-05, 1.78705358849e-05, 6.20604669166e-06, 5.9068781411e-05, 2.00836566364e-05, 1.02907833934e-05, 4.26958758908e-05, 2.21912996494e-05, 1.32212799144e-05, 3.92417859985e-06, 9.2617201517e-06, 6.66985079079e-06, 3.29469685312e-06, 6.77511479807e-06, 8.36581421026e-06, 4.81248162032e-06],
        "mean": [0.0037192737218, 0.00350539409555, 0.00231295730919, 0.00105450290721, 0.000483486859594, 0.00112274684943, 0.00243651936762, 0.000123616933706, 1.71222691279e-05, 5.38643371328e-06, 1.76088531134e-06, 2.11961310015e-06, 2.12983081838e-06, 1.83322060821e-06, 2.08889264286e-06, 2.24295108637e-05, 2.29339075304e-05, 2.65412836598e-06, 1.51154858941e-06, 2.58936802311e-06, 1.31983097162e-06, 1.62910475865e-06, 1.58646059845e-06, 9.59646331467e-06, 1.69059749169e-05, 4.84024121761e-06, 2.30851924243e-06, 8.47237879498e-06, 6.48961349725e-06, 2.66478355115e-06, 7.85121392255e-06, 7.08695597496e-06, 3.57291355613e-06, 1.17172407954e-06, 1.93241089619e-06, 1.8023309849e-06, 9.34086699544e-07, 1.54600922997e-06, 1.92093966689e-06, 1.60485183187e-06],
        "median": [0.00196402752772, 0.00257114204578, 0.00165455334354, 0.00104928750079, 0.000559812877327, 0.00095657753991, 0.00143684376962, 8.59244973981e-05, 8.51276126923e-06, 3.13858117806e-06, 6.53652534766e-07, 9.32335240122e-07, 7.52947244109e-07, 1.03383354144e-06, 1.8371636088e-06, 1.47289865708e-05, 1.80469523912e-05, 2.26430370276e-06, 1.35757750286e-06, 2.30951286539e-06, 1.40192628351e-06, 6.94719801686e-07, 1.09764562239e-06, 1.80451354481e-06, 1.89817837963e-05, 4.20331343776e-06, 2.14354304262e-06, 2.63098195319e-06, 6.26375594948e-06, 1.76838887e-06, 4.12396320826e-06, 6.35459264231e-06, 2.43915269493e-06, 9.02516774204e-07, 3.09366754436e-07, 4.18035483563e-07, 6.73563306464e-07, 1.11522501811e-06, 6.40208213554e-07, 1.1574210248e-06],
        "min": [1.04567942846e-11, 2.33470317731e-12, 3.6314416643e-13, 3.06662085049e-13, 2.55205714417e-13, 2.5501503036e-13, 8.22644361485e-14, 8.7172660041e-14, 7.20559300161e-13, 4.22553837623e-13, 3.37300093455e-13, 1.87042628564e-13, 3.30674425559e-13, 1.43427465542e-13, 4.91588052817e-13, 1.76582923631e-13, 8.62614558776e-14, 1.61705975758e-13, 3.04576215594e-13, 5.99503763689e-14, 1.22385418857e-13, 3.23558129074e-13, 4.6089770455e-13, 1.97129273083e-13, 3.41505198686e-13, 4.83041124461e-13, 2.84778683924e-13, 1.87300628024e-13, 2.64510418777e-13, 1.8171315147e-13, 1.49444353919e-13, 2.47564853817e-13, 1.99197226097e-13, 1.63252102266e-13, 1.03175694171e-13, 1.36296600091e-13, 2.32349160528e-13, 2.20857010523e-13, 2.84226662388e-13, 1.87237784955e-13],
        "stdev": [0.00409725494683, 0.0036115271505, 0.00224553886801, 0.000915402837563, 0.00037019647425, 0.00100162439048, 0.00313693075441, 0.000150640189531, 1.78553054866e-05, 6.31184366284e-06, 2.10141047319e-06, 2.57700935435e-06, 2.86138788397e-06, 2.37474455389e-06, 2.04305706575e-06, 2.72818615485e-05, 2.73402947641e-05, 2.52726704275e-06, 1.27705948216e-06, 2.54373640018e-06, 1.20558956951e-06, 1.76969581389e-06, 2.22049607146e-06, 1.46619313455e-05, 1.41905047712e-05, 5.0466974244e-06, 2.13662724491e-06, 1.48667768372e-05, 6.08450545769e-06, 2.94534947898e-06, 1.10553964987e-05, 7.01913631929e-06, 4.06418257626e-06, 1.20310801321e-06, 2.82102951132e-06, 2.28424551096e-06, 1.06718823645e-06, 1.83120585007e-06, 2.37866288444e-06, 1.7854035832e-06],
        "var": [1.67874986801e-05, 1.30431290017e-05, 5.04244508193e-06, 8.37962375044e-07, 1.3704543278e-07, 1.00325132735e-06, 9.8403343145e-06, 2.26924665725e-08, 3.18811949063e-10, 3.98393713852e-11, 4.41592639192e-12, 6.64097769831e-12, 8.18754005566e-12, 5.63941168069e-12, 4.17408208692e-12, 7.44299955002e-10, 7.47491735176e-10, 6.38707879988e-12, 1.63088086872e-12, 6.47059489323e-12, 1.45344608744e-12, 3.13182335968e-12, 4.93060280105e-12, 2.1497222058e-10, 2.01370434216e-10, 2.54691562979e-11, 4.56517592826e-12, 2.21021062563e-10, 3.70212055456e-11, 8.67508322122e-12, 1.22221788246e-10, 4.92682734887e-11, 1.6517580706e-11, 1.44746898929e-12, 7.95820701005e-12, 5.21777759888e-12, 1.13889073953e-12, 3.35331480465e-12, 5.65803697297e-12, 3.18766584309e-12]
    },
    "melbands128": {
