{
"lowlevel": {
    "average_loudness": 0.947314143181,
    "barkbands_crest": {
        "dmean": 3.56813454628,
        "dmean2": 5.90915250778,
        "dvar": 8.65891838074,
        "dvar2": 23.2750892639,
        "max": 22.7615356445,
        "mean": 14.6624164581,
        "median": 15.5720272064,
        "min": 4.03524494171,
        "stdev": 3.86382579803,
        "var": 14.9291505814
    },
    "barkbands_flatness_db": {
        "dmean": 0.0554552301764,
        "dmean2": 0.0864224433899,
        "dvar": 0.00167030107696,
        "dvar2": 0.00324733299203,
        "max": 0.385797888041,
        "mean": 0.191305726767,
        "median": 0.178553715348,
        "min": 0.0305627211928,
        "stdev": 0.0939156189561,
        "var": 0.00882014352828
    },
    "barkbands_kurtosis": {
        "dmean": 21.3810253143,
        "dmean2": 35.6733665466,
        "dvar": 458.601898193,
        "dvar2": 1080.18786621,
        "max": 138.470031738,
        "mean": 29.5909824371,
        "median": 19.224023819,
        "min": -1.67505168915,
        "stdev": 29.4641437531,
        "var": 868.135803223
    },
    "barkbands_skewness": {
        "dmean": 1.72834134102,
        "dmean2": 2.76577138901,
        "dvar": 1.7776594162,
        "dvar2": 4.6771030426,
        "max": 9.21817207336,
        "mean": 3.92549443245,
        "median": 3.75239539146,
        "min": -0.760070621967,
        "stdev": 2.0332672596,
        "var": 4.13417577744
    },
    "barkbands_spread": {
        "dmean": 12.2620258331,
        "dmean2": 20.1673946381,
        "dvar": 212.354003906,
        "dvar2": 482.891876221,
        "max": 97.0937957764,
        "mean": 15.9672327042,
        "median": 8.28848266602,
        "min": 0.76874423027,
        "stdev": 18.7794055939,
        "var": 352.66607666
    },
    "dissonance": {
        "dmean": 0.0256464779377,
        "dmean2": 0.044374383986,
        "dvar": 0.000635604839772,
        "dvar2": 0.00146454351489,
        "max": 0.499962151051,
        "mean": 0.463249981403,
        "median": 0.470578670502,
        "min": 0.256586641073,
        "stdev": 0.0283720698208,
        "var": 0.000804974348284
    },
    "dynamic_complexity": 3.79998517036,
    "erbbands_crest": {
        "dmean": 4.03634691238,
        "dmean2": 7.10908555984,
        "dvar": 9.0414390564,
        "dvar2": 25.0678424835,
        "max": 18.5908660889,
        "mean": 8.226146698,
        "median": 7.59476232529,
        "min": 2.28656101227,
        "stdev": 3.48509907722,
        "var": 12.1459159851
    },
    "erbbands_flatness_db": {
        "dmean": 0.0287009254098,
        "dmean2": 0.0449589304626,
        "dvar": 0.000631889386568,
        "dvar2": 0.00125606416259,
        "max": 0.245506852865,
        "mean": 0.110340110958,
        "median": 0.097713381052,
        "min": 0.0540396571159,
        "stdev": 0.0410461127758,
        "var": 0.00168478337582
    },
    "erbbands_kurtosis": {
        "dmean": 2.21088147163,
        "dmean2": 3.91472101212,
        "dvar": 6.88784170151,
        "dvar2": 17.893371582,
        "max": 15.9285907745,
        "mean": 1.20602250099,
        "median": -0.225592136383,
        "min": -1.60541558266,
        "stdev": 3.00539255142,
        "var": 9.03238487244
    },
    "erbbands_skewness": {
        "dmean": 0.847537636757,
        "dmean2": 1.39387571812,
        "dvar": 0.466466426849,
        "dvar2": 1.25613808632,
        "max": 3.39395236969,
        "mean": 0.97687202692,
        "median": 0.962808847427,
        "min": -0.909958362579,
        "stdev": 0.912544488907,
        "var": 0.832737445831
    },
    "erbbands_spread": {
        "dmean": 21.289188385,
        "dmean2": 34.9793319702,
        "dvar": 301.843170166,
        "dvar2": 702.386657715,
        "max": 117.835884094,
        "mean": 64.6529922485,
        "median": 71.3027648926,
        "min": 12.0969305038,
        "stdev": 28.7791862488,
        "var": 828.241577148
    },
    "hfc": {
        "dmean": 7.90932226181,
        "dmean2": 12.5323619843,
        "dvar": 146.064575195,
        "dvar2": 309.240142822,
        "max": 102.334754944,
        "mean": 10.6966943741,
        "median": 5.61888790131,
        "min": 8.65163514163e-08,
        "stdev": 14.4879817963,
        "var": 209.901611328
    },
    "loudness_ebu128": {
        "integrated": -23.1582050323,
        "loudness_range": 0.025484085083,
        "momentary": {
            "dmean": 1.85985779762,
            "dmean2": 2.42093229294,
            "dvar": 5.20081043243,
            "dvar2": 8.92517375946,
            "max": -18.2847309113,
            "mean": -24.7640762329,
            "median": -25.6638679504,
            "min": -31.0000114441,
            "stdev": 3.58414411545,
            "var": 12.8460884094
        },
        "short_term": {
            "dmean": 0.0555578060448,
            "dmean2": 0.0571953468025,
            "dvar": 0.051137343049,
            "dvar2": 0.0489268675447,
            "max": -22.6949863434,
            "mean": -22.7633323669,
            "median": -22.7168102264,
            "min": -24.0110092163,
            "stdev": 0.232589781284,
            "var": 0.0540980063379
        }
    },
    "melbands_crest": {
        "dmean": 4.59096860886,
        "dmean2": 7.76195383072,
        "dvar": 16.2110080719,
        "dvar2": 42.8456420898,
        "max": 34.5007324219,
        "mean": 22.1813640594,
        "median": 21.9835910797,
        "min": 8.57515239716,
        "stdev": 6.19732952118,
        "var": 38.4068908691
    },
    "melbands_flatness_db": {
        "dmean": 0.0670207291842,
        "dmean2": 0.103836782277,
        "dvar": 0.0023792013526,
        "dvar2": 0.00465864501894,
        "max": 0.523104667664,
        "mean": 0.291540265083,
        "median": 0.284119904041,
        "min": 0.0592816472054,
        "stdev": 0.1156058833,
        "var": 0.0133647201583
    },
    "melbands_kurtosis": {
        "dmean": 50.2024040222,
        "dmean2": 83.0454711914,
        "dvar": 2279.43457031,
        "dvar2": 5946.45361328,
        "max": 312.524505615,
        "mean": 74.9224243164,
        "median": 59.9253387451,
        "min": 0.563903093338,
        "stdev": 60.3277778625,
        "var": 3639.44091797
    },
    "melbands_skewness": {
        "dmean": 2.27151870728,
        "dmean2": 3.6741745472,
        "dvar": 3.14585566521,
        "dvar2": 9.14454364777,
        "max": 14.7225637436,
        "mean": 6.10974884033,
        "median": 5.79926919937,
        "min": 1.40117776394,
        "stdev": 2.45949673653,
        "var": 6.04912424088
    },
    "melbands_spread": {
        "dmean": 9.17267227173,
        "dmean2": 14.7980909348,
        "dvar": 207.386642456,
        "dvar2": 501.405670166,
        "max": 116.549888611,
        "mean": 10.2904291153,
        "median": 4.17068195343,
        "min": 0.6858086586,
        "stdev": 16.1255378723,
        "var": 260.032958984
    },
    "pitch_salience": {
        "dmean": 0.108538351953,
        "dmean2": 0.179829075933,
        "dvar": 0.00638977950439,
        "dvar2": 0.0173580013216,
        "max": 0.858852744102,
        "mean": 0.475637167692,
        "median": 0.478349626064,
        "min": 0.219795465469,
        "stdev": 0.115867853165,
        "var": 0.0134253595024
    },
    "silence_rate_20dB": {
        "dmean": 0.0307692307979,
        "dmean2": 0.057915057987,
        "dvar": 0.029822383076,
        "dvar2": 0.0545608215034,
        "max": 1,
        "mean": 0.957854390144,
        "median": 1,
        "min": 0,
        "stdev": 0.200921460986,
        "var": 0.0403694324195
    },
    "silence_rate_30dB": {
        "dmean": 0.0384615398943,
        "dmean2": 0.0733590722084,
        "dvar": 0.0369821451604,
        "dvar2": 0.0756993219256,
        "max": 1,
        "mean": 0.885057449341,
        "median": 1,
        "min": 0,
        "stdev": 0.318953037262,
        "var": 0.101731032133
    },
    "silence_rate_60dB": {
        "dmean": 0.111538462341,
        "dmean2": 0.2239382267,
        "dvar": 0.0990977585316,
        "dvar2": 0.235565811396,
        "max": 1,
        "mean": 0.118773944676,
        "median": 0,
        "min": 0,
        "stdev": 0.323522418737,
        "var": 0.104666762054
    },
    "spectral_centroid": {
        "dmean": 445.283111572,
        "dmean2": 711.006835938,
        "dvar": 217909.375,
        "dvar2": 487910.09375,
        "max": 4174.62158203,
        "mean": 758.490112305,
        "median": 571.887390137,
        "min": 153.967697144,
        "stdev": 607.198364258,
        "var": 368689.875
    },
    "spectral_complexity": {
        "dmean": 2.88076925278,
        "dmean2": 4.6872587204,
        "dvar": 10.5203952789,
        "dvar2": 24.1917419434,
        "max": 24,
        "mean": 6.83908033371,
        "median": 6,
        "min": 0,
        "stdev": 3.84430813789,
        "var": 14.7787046432
    },
    "spectral_decrease": {
        "dmean": 1.04062634065e-08,
        "dmean2": 1.78531198713e-08,
        "dvar": 7.05995344092e-16,
        "dvar2": 1.66959108926e-15,
        "max": -2.08980305823e-19,
        "mean": -1.45807881324e-08,
        "median": -5.89274096185e-09,
        "min": -2.53848241982e-07,
        "stdev": 3.07336378569e-08,
        "var": 9.44556403274e-16
    },
    "spectral_energy": {
        "dmean": 0.0398626476526,
        "dmean2": 0.0682688355446,
        "dvar": 0.010254827328,
        "dvar2": 0.0242308825254,
        "max": 0.967361569405,
        "mean": 0.0560014434159,
        "median": 0.0234932731837,
        "min": 8.63602418744e-12,
        "stdev": 0.117128372192,
        "var": 0.0137190548703
    },
    "spectral_energyband_high": {
        "dmean": 0.000406753475545,
        "dmean2": 0.000651161535643,
        "dvar": 2.49592972068e-07,
        "dvar2": 5.36058792022e-07,
        "max": 0.00293274549767,
        "mean": 0.000453347252915,
        "median": 0.000147515413119,
        "min": 4.48036226175e-12,
        "stdev": 0.000593920936808,
        "var": 3.52742063114e-07
    },
    "spectral_energyband_low": {
        "dmean": 0.0274445079267,
        "dmean2": 0.0462795831263,
        "dvar": 0.00904824119061,
        "dvar2": 0.0220229830593,
        "max": 0.896874189377,
        "mean": 0.0426683761179,
        "median": 0.00504267215729,
        "min": 1.19088723258e-12,
        "stdev": 0.109352141619,
        "var": 0.0119578912854
    },
    "spectral_energyband_middle_high": {
        "dmean": 0.000443567929324,
        "dmean2": 0.000724544806872,
        "dvar": 3.36282454327e-07,
        "dvar2": 7.32931994207e-07,
        "max": 0.00353348394856,
        "mean": 0.000487879500724,
        "median": 0.000194511812879,
        "min": 9.65160134973e-13,
        "stdev": 0.000629271846265,
        "var": 3.95983079216e-07
    },
    "spectral_energyband_middle_low": {
        "dmean": 0.0146910874173,
        "dmean2": 0.0267909895629,
        "dvar": 0.000636582379229,
        "dvar2": 0.00173775432631,
        "max": 0.194238454103,
        "mean": 0.0138961514458,
        "median": 0.00462868437171,
        "min": 4.22395218845e-13,
        "stdev": 0.0220809541643,
        "var": 0.000487568497192
    },
    "spectral_entropy": {
        "dmean": 0.431767582893,
        "dmean2": 0.665206491947,
        "dvar": 0.116914428771,
        "dvar2": 0.256394177675,
        "max": 8.81455993652,
        "mean": 7.55077934265,
        "median": 7.72218513489,
        "min": 5.83333873749,
        "stdev": 0.655120372772,
        "var": 0.429182708263
    },
    "spectral_flux": {
        "dmean": 0.0599605739117,
        "dmean2": 0.10462834686,
        "dvar": 0.0104597341269,
        "dvar2": 0.0251016877592,
        "max": 0.962427675724,
        "mean": 0.11148763448,
        "median": 0.0733675509691,
        "min": 0.000144825564348,
        "stdev": 0.117436446249,
        "var": 0.0137913180515
    },
    "spectral_kurtosis": {
        "dmean": 2.183770895,
        "dmean2": 3.21685910225,
        "dvar": 10.9999551773,
        "dvar2": 21.1433925629,
        "max": 40.4944458008,
        "mean": 4.13147592545,
        "median": 2.06034040451,
        "min": 0.70546412468,
        "stdev": 4.91856050491,
        "var": 24.1922359467
    },
    "spectral_rms": {
        "dmean": 0.00214268732816,
        "dmean2": 0.00366719532758,
        "dvar": 1.1160226677e-05,
        "dvar2": 2.49144377449e-05,
        "max": 0.0307207964361,
        "mean": 0.00564978318289,
        "median": 0.00478751165792,
        "min": 9.17899214414e-08,
        "stdev": 0.00476607773453,
        "var": 2.27154960157e-05
    },
    "spectral_rolloff": {
        "dmean": 934.540466309,
        "dmean2": 1538.83251953,
        "dvar": 3437986.5,
        "dvar2": 7494831.5,
        "max": 20155.078125,
        "mean": 891.111938477,
        "median": 215.33203125,
        "min": 64.599609375,
        "stdev": 2074.53149414,
        "var": 4303680.5
    },
    "spectral_skewness": {
        "dmean": 0.378914147615,
        "dmean2": 0.536425948143,
        "dvar": 0.140652045608,
        "dvar2": 0.255135267973,
        "max": 5.24391555786,
        "mean": 1.65644180775,
        "median": 1.36243128777,
        "min": 0.943402826786,
        "stdev": 0.724926590919,
        "var": 0.525518536568
    },
    "spectral_spread": {
        "dmean": 955162,
        "dmean2": 1378520.25,
        "dvar": 789138046976,
        "dvar2": 1.32636422963e+12,
        "max": 15142586,
        "mean": 6627609,
        "median": 7152243,
        "min": 1894658.875,
        "stdev": 1772297.375,
        "var": 3.1410379817e+12
    },
    "spectral_strongpeak": {
        "dmean": 0.228380933404,
        "dmean2": 0.388004362583,
        "dvar": 0.106611579657,
        "dvar2": 0.290268927813,
        "max": 2.51154780388,
        "mean": 0.412352204323,
        "median": 0.296691685915,
        "min": 0,
        "stdev": 0.369527578354,
        "var": 0.136550635099
    },
    "zerocrossingrate": {
        "dmean": 0.0206580534577,
        "dmean2": 0.0271118637174,
        "dvar": 0.000448670150945,
        "dvar2": 0.000726536440197,
        "max": 0.18017578125,
        "mean": 0.0497130192816,
        "median": 0.0361328125,
        "min": 0.001953125,
        "stdev": 0.0433156900108,
        "var": 0.00187624897808
    },
    "barkbands": {
        "dmean": [0.000993722002022, 0.0166395530105, 0.0120028685778, 0.00340277631767, 0.011393815279, 0.000569073599763, 0.000291224452667, 0.000141836921102, 0.000132689368911, 3.96631548938e-05, 2.77539311355e-05, 3.19680075336e-05, 4.78493857372e-05, 4.28964049206e-05, 4.17409319198e-05, 0.000104861559521, 4.60870542156e-05, 4.04341553804e-05, 6.42303930363e-05, 4.12522131228e-05, 6.46143016638e-05, 7.62472118367e-05, 7.58349196985e-05, 7.35269568395e-05, 6.31674702163e-05, 3.42438652297e-05, 5.4887323131e-06],
        "dmean2": [0.00151053955778, 0.0276878066361, 0.0205801799893, 0.00595978368074, 0.021023562178, 0.000987158040516, 0.000493817380629, 0.00024941706215, 0.00021322122484, 6.71182569931e-05, 4.60900701e-05, 5.43334135727e-05, 7.97476241132e-05, 7.44163262425e-05, 6.80796583765e-05, 0.000179393362487, 7.00271921232e-05, 6.48710411042e-05, 0.000112152571091, 6.5890744736e-05, 0.000104227794509, 0.000122338286019, 0.000121448421851, 0.00011797901243, 0.000100083008874, 5.45652656001e-05, 8.36546769278e-06],
        "dvar": [9.85058068181e-06, 0.0037517407909, 0.0016086868709, 2.12146751437e-05, 0.000440230825916, 8.02729175575e-07, 4.17558339905e-07, 8.26345143423e-08, 4.29261213242e-08, 1.04507620335e-08, 3.45338291297e-09, 1.54186163837e-09, 5.09610487143e-09, 3.30183391739e-09, 3.02840930111e-09, 2.12777653275e-08, 3.18562509705e-09, 2.24756813161e-09, 1.01560315713e-08, 2.23882778982e-09, 6.52646958699e-09, 8.75951577939e-09, 9.9173620427e-09, 7.80123166066e-09, 5.4928173121e-09, 1.79748416151e-09, 4.2832241226e-11],
        "dvar2": [2.51717920037e-05, 0.00952248834074, 0.0042556100525, 4.75186570839e-05, 0.0012320401147, 1.99168221116e-06, 1.23744905522e-06, 2.29108465533e-07, 9.49519716187e-08, 2.48652476387e-08, 9.61584945003e-09, 3.38627970109e-09, 1.0354633595e-08, 8.32179392063e-09, 6.41380548672e-09, 5.12142577236e-08, 6.77986689013e-09, 5.34000310637e-09, 2.7143737924e-08, 4.88745088845e-09, 1.43355816107e-08, 1.92773015328e-08, 2.14606643567e-08, 1.80071690892e-08, 1.1947618006e-08, 3.92833676699e-09, 9.38985000865e-11],
        "max": [0.0293179787695, 0.579498529434, 0.298379272223, 0.029579360038, 0.163209915161, 0.00722487596795, 0.00537121947855, 0.00249652029015, 0.00131592783146, 0.000997637049295, 0.000547247764189, 0.000240042907535, 0.000630042748526, 0.000260685948888, 0.000363521045074, 0.000783060211688, 0.000375280389562, 0.000285261397948, 0.000564255344216, 0.000291136209853, 0.000483429786982, 0.000507847871631, 0.00068725150777, 0.000586446549278, 0.000447362981504, 0.000258071377175, 4.26490660175e-05],
        "mean": [0.00404245220125, 0.0244743395597, 0.0126561112702, 0.00340935937129, 0.00900539942086, 0.000646455911919, 0.000471837673103, 0.000184905584319, 0.000162723823451, 5.01002177771e-05, 3.12476768158e-05, 3.24469656334e-05, 4.6831824875e-05, 3.79892189812e-05, 4.34608664364e-05, 8.79841827555e-05, 4.7650297347e-05, 4.21494332841e-05, 5.61638735235e-05, 4.69835104013e-05, 6.53335591778e-05, 7.90566919022e-05, 8.35398386698e-05, 7.94540683273e-05, 7.27616425138e-05, 3.86507272196e-05, 6.10603865425e-06],
        "median": [0.000754337816034, 0.00257655186579, 0.000592058873735, 0.000973012822215, 0.00224418914877, 0.000357089447789, 0.000196270222659, 7.9208992247e-05, 6.06696557952e-05, 1.47178798215e-05, 9.64888022281e-06, 1.36751687023e-05, 1.64133980434e-05, 1.5414221707e-05, 1.66530717252e-05, 2.37177100644e-05, 1.88056619663e-05, 1.42470744322e-05, 1.48595436258e-05, 1.63700151461e-05, 1.87535879377e-05, 2.30680579989e-05, 2.38875200012e-05, 2.64001828327e-05, 2.42589212576e-05, 1.22006176753e-05, 1.890439421e-06],
        "min": [6.38557728829e-13, 6.44046773378e-13, 1.80418763154e-13, 1.02023587061e-13, 1.7792141187e-13, 6.98590016672e-14, 4.58850995123e-14, 1.64716296971e-14, 8.26027970118e-15, 7.23364527593e-15, 4.38545040397e-14, 2.32131317206e-13, 4.6075695478e-14, 8.18354376777e-14, 1.38279375472e-13, 3.48834866158e-14, 4.96698968305e-14, 7.79273970656e-14, 8.92060337816e-14, 3.93277776881e-13, 5.90021304384e-13, 2.04423378724e-13, 3.13462580545e-13, 2.95338731769e-13, 3.33419056253e-13, 4.37480428403e-13, 2.23207737016e-12],
        "stdev": [0.00542646460235, 0.062723390758, 0.0442354418337, 0.00532224262133, 0.0173423551023, 0.000948502332903, 0.000845838338137, 0.000305163935991, 0.000249525124673, 0.000111948975245, 6.08131776971e-05, 4.29821375292e-05, 7.68235695432e-05, 5.32607264176e-05, 5.89807677898e-05, 0.000137673530844, 6.44539759378e-05, 5.44475078641e-05, 8.91155286808e-05, 5.82929606026e-05, 8.90295632416e-05, 0.000107989784738, 0.000117983865493, 0.000104819031549, 9.35603311518e-05, 5.05605057697e-05, 8.2916858446e-06],
        "var": [2.94465171464e-05, 0.00393422367051, 0.00195677415468, 2.83262688754e-05, 0.000300757266814, 8.99656697584e-07, 7.15442524779e-07, 9.31250241365e-08, 6.22627922553e-08, 1.25325732014e-08, 3.698242379e-09, 1.84746429266e-09, 5.90186033378e-09, 2.83670509305e-09, 3.47873108097e-09, 1.8953999259e-08, 4.15431511414e-09, 2.96453128712e-09, 7.94157717365e-09, 3.39806915939e-09, 7.92626320134e-09, 1.16617933088e-08, 1.39201929983e-08, 1.09870290643e-08, 8.75353567409e-09, 2.5563646755e-09, 6.8752059601e-11]
    },
    "erbbands": {
        "dmean": [0.402255356312, 4.03505563736, 15.0679988861, 10.5330944061, 36.8888549805, 31.0737457275, 5.9045791626, 4.43511915207, 4.42324590683, 4.18749189377, 3.1140370369, 2.75863671303, 1.39024019241, 1.39906454086, 0.929190218449, 1.40197408199, 1.74041855335, 2.78082108498, 1.79781913757, 2.59823536873, 6.34453439713, 2.73858880997, 1.95650458336, 2.39253759384, 3.69298863411, 2.04864025116, 2.80193471909, 2.50728464127, 2.70510196686, 2.62879943848, 1.86595356464, 1.66125881672, 1.17819297314, 0.774668574333, 0.419867038727, 0.186054691672, 0.0577050261199, 0.00973393209279, 0.000969274318777, 6.81058081682e-05],
        "dmean2": [0.644015669823, 7.17459058762, 26.1016845703, 16.9057540894, 68.6334609985, 56.0826034546, 10.4119720459, 7.8966794014, 7.74750185013, 7.2775888443, 5.09628391266, 4.33094120026, 2.35505867004, 2.43718886375, 1.48961508274, 2.32563138008, 2.93798494339, 4.87350082397, 2.94151592255, 4.29648780823, 10.6850967407, 4.15259313583, 3.04749917984, 4.0694770813, 6.46216106415, 3.27992796898, 4.63126420975, 4.01898336411, 4.40396213531, 4.27514028549, 2.93105745316, 2.59129452705, 1.91408348083, 1.21485507488, 0.678214788437, 0.296020209789, 0.0924846753478, 0.015079899691, 0.00150035787374, 0.00010613102495],
        "dvar": [1.78591072559, 246.617172241, 2471.3984375, 485.085906982, 4253.34277344, 3408.52587891, 94.0002975464, 45.6193237305, 96.5022735596, 72.4650650024, 24.7230072021, 18.0858802795, 7.5632686615, 11.9906225204, 2.01406693459, 3.39736962318, 8.78621959686, 14.706744194, 4.78951835632, 11.1231012344, 80.6123428345, 11.560751915, 4.94145584106, 11.4224529266, 34.1736373901, 5.86703824997, 13.9454126358, 9.95528125763, 11.4114809036, 12.5932245255, 5.54883289337, 4.23493385315, 1.97578477859, 0.793775320053, 0.262291491032, 0.0537325441837, 0.00490869162604, 0.000144155113958, 1.24680445879e-06, 1.38230724644e-08],
        "dvar2": [4.11151790619, 653.301574707, 7054.90185547, 840.234436035, 11932.4941406, 9429.88476562, 230.282119751, 118.466270447, 286.489868164, 217.579437256, 56.5601119995, 37.7534828186, 18.3720226288, 31.2109336853, 5.29400444031, 7.33214664459, 16.8403091431, 38.2764091492, 9.88481330872, 25.9314308167, 192.35333252, 24.2122097015, 10.6491670609, 30.1951885223, 92.2516403198, 13.455739975, 32.5902786255, 21.1663913727, 25.3331394196, 27.0504207611, 11.5743818283, 9.37387561798, 4.7548699379, 1.7408285141, 0.613961338997, 0.119382165372, 0.0111639350653, 0.000301171006868, 2.76309356195e-06, 3.03614022812e-08],
        "max": [13.4533214569, 148.436325073, 371.001159668, 239.550888062, 501.07119751, 461.407440186, 84.1436920166, 54.4497718811, 75.1623001099, 70.246673584, 42.1341094971, 32.1186714172, 24.2984466553, 27.842010498, 13.5826368332, 13.9557065964, 28.0482635498, 17.7064914703, 13.5111408234, 20.0823898315, 55.7491416931, 24.2897815704, 11.3925991058, 20.8426151276, 33.2507896423, 15.7090826035, 21.014673233, 20.5000171661, 17.4846878052, 23.4554710388, 15.8559541702, 14.8068189621, 7.72741270065, 5.90695095062, 2.57620286942, 1.54122340679, 0.354502737522, 0.0773702934384, 0.00629689870402, 0.00106810429133],
        "mean": [1.03949046135, 4.14867448807, 14.4339981079, 12.6457748413, 29.4233531952, 25.1718158722, 6.29456424713, 4.96499347687, 6.22151279449, 5.95307588577, 4.19917011261, 3.39344787598, 1.9794459343, 1.61232471466, 1.1320374012, 1.41153812408, 1.82930374146, 2.31793832779, 1.92222678661, 2.44422292709, 5.36254119873, 2.84782290459, 2.14249444008, 2.30814743042, 3.21294307709, 2.29268717766, 2.75325131416, 2.55048751831, 2.75455117226, 2.84889101982, 2.16402363777, 1.81123518944, 1.26325643063, 0.880903124809, 0.472534865141, 0.211450129747, 0.0633827969432, 0.0108674932271, 0.00108650198672, 0.000102230362245],
        "median": [0.146725997329, 0.304646372795, 0.666431725025, 2.8558511734, 7.95010089874, 6.14698553085, 2.4700524807, 2.80993628502, 2.3348968029, 2.47132134438, 1.93891215324, 1.30134451389, 0.727545976639, 0.467900902033, 0.460536658764, 0.626329362392, 0.729696214199, 0.775379240513, 0.89172077179, 0.7845916152, 1.44613349438, 1.07039368153, 0.786183416843, 0.87188065052, 0.730753540993, 0.791207373142, 0.76591950655, 0.754085898399, 0.761909663677, 0.744035542011, 0.687341034412, 0.614482223988, 0.456761151552, 0.29597222805, 0.146689638495, 0.0696318298578, 0.0200037620962, 0.00312358583324, 0.000383387552574, 6.13194497419e-05],
        "min": [2.83623489278e-11, 1.11476224085e-10, 2.1598479949e-10, 2.93846780242e-10, 4.59320859125e-10, 6.2879812468e-10, 5.32525412655e-10, 6.1104776794e-10, 7.53606621551e-10, 4.66233995855e-10, 2.95558411079e-10, 1.75149589277e-10, 2.25653898345e-10, 7.11648462381e-10, 3.59770768732e-09, 9.42718525465e-09, 2.9586446626e-09, 4.04399713716e-09, 5.80063375111e-09, 4.88541118671e-09, 2.19000995116e-09, 2.81448686579e-09, 3.57780960414e-09, 6.26585672237e-09, 4.98628338619e-09, 2.23720277859e-08, 1.50910572927e-08, 2.83088699149e-08, 7.30783167313e-09, 4.49056081209e-09, 1.18176890496e-08, 6.91930868157e-09, 3.59630880631e-09, 3.6666094605e-09, 2.38191733004e-09, 1.2819265649e-09, 9.75778902124e-10, 6.74787004051e-10, 3.13859299661e-10, 3.74432082562e-11],
        "stdev": [1.74811398983, 14.7946519852, 51.4686775208, 30.2564525604, 53.6595840454, 49.1035118103, 10.1349134445, 6.84284496307, 11.4560747147, 10.0619058609, 6.19946098328, 5.25588464737, 3.33645868301, 3.60585212708, 1.6961196661, 1.99061024189, 3.23614168167, 3.43566012383, 2.42204809189, 3.41314792633, 8.5407371521, 3.87845444679, 2.72843837738, 3.27294778824, 5.18016719818, 2.8691444397, 3.83859372139, 3.51796269417, 3.807482481, 4.08919095993, 2.93801283836, 2.48846769333, 1.64156281948, 1.12944877148, 0.619621157646, 0.278580695391, 0.0828820690513, 0.0146147403866, 0.00141814677045, 0.000140286821988],
        "var": [3.05590248108, 218.881713867, 2649.0246582, 915.452941895, 2879.35083008, 2411.15478516, 102.716461182, 46.8245239258, 131.241638184, 101.241950989, 38.4333190918, 27.6243228912, 11.1319570541, 13.0021696091, 2.87682175636, 3.96252918243, 10.472612381, 11.8037605286, 5.86631679535, 11.6495780945, 72.9441833496, 15.0424089432, 7.44437551498, 10.7121868134, 26.8341331482, 8.23198986053, 14.7348012924, 12.3760614395, 14.496922493, 16.7214813232, 8.63191986084, 6.19247102737, 2.6947286129, 1.27565455437, 0.383930385113, 0.0776072070003, 0.00686943717301, 0.00021359063976, 2.01114039555e-06, 1.96803906505e-08]
    },
    "gfcc": {
        "mean": [-52.3766365051, 77.2413330078, -54.2372360229, 49.0043067932, -50.9754867554, 11.8343257904, -42.5103874207, 7.17210245132, -19.1557102203, 3.60090637207, -18.7367782593, -1.94189143181, -10.9782629013],
        "cov": [[10871.9121094, -555.441833496, -211.631515503, 136.847320557, -88.1882629395, 83.4420089722, -431.801086426, -170.151321411, -408.317047119, -179.565979004, -409.952178955, 83.9989776611, -78.49609375], [-555.441833496, 2280.28930664, 612.11340332, -8.54314517975, 258.82019043, 114.728233337, 505.245849609, 215.906524658, 420.906921387, 33.190322876, 270.799224854, -134.478485107, 114.449630737], [-211.631515503, 612.11340332, 353.874511719, 68.5212631226, 115.528564453, 61.7704086304, 183.307510376, 107.691947937, 158.897369385, 25.4439411163, 91.7579193115, -12.3076410294, 43.0263938904], [136.847320557, -8.54314517975, 68.5212631226, 96.059928894, 50.8435554504, 45.3258514404, 22.1229152679, 39.6461753845, 25.6689014435, 33.3023223877, 12.0713281631, 17.6389102936, 3.03010439873], [-88.1882629395, 258.82019043, 115.528564453, 50.8435554504, 138.448669434, 67.9500808716, 106.214881897, 33.3441047668, 74.0402679443, 32.4056625366, 60.2680511475, -7.17357683182, 20.0546035767], [83.4420089722, 114.728233337, 61.7704086304, 45.3258514404, 67.9500808716, 78.8394851685, 69.6087036133, 50.6058807373, 55.7890701294, 34.5664215088, 32.6263580322, 16.2021827698, 13.9752044678], [-431.801086426, 505.245849609, 183.307510376, 22.1229152679, 106.214881897, 69.6087036133, 184.796112061, 99.8619995117, 150.178924561, 40.8975028992, 98.1151504517, -16.3192615509, 32.1359062195], [-170.151321411, 215.906524658, 107.691947937, 39.6461753845, 33.3441047668, 50.6058807373, 99.8619995117, 117.220596313, 116.171821594, 52.9928474426, 55.5902709961, 7.61532974243, 8.05261230469], [-408.317047119, 420.906921387, 158.897369385, 25.6689014435, 74.0402679443, 55.7890701294, 150.178924561, 116.171821594, 177.118148804, 63.7434501648, 92.892288208, -8.7119436264, 21.4126338959], [-179.565979004, 33.190322876, 25.4439411163, 33.3023223877, 32.4056625366, 34.5664215088, 40.8975028992, 52.9928474426, 63.7434501648, 62.8747444153, 43.6611480713, 14.81615448, 0.95263671875], [-409.952178955, 270.799224854, 91.7579193115, 12.0713281631, 60.2680511475, 32.6263580322, 98.1151504517, 55.5902709961, 92.892288208, 43.6611480713, 84.1781921387, 3.08809781075, 23.0968437195], [83.9989776611, -134.478485107, -12.3076410294, 17.6389102936, -7.17357683182, 16.2021827698, -16.3192615509, 7.61532974243, -8.7119436264, 14.81615448, 3.08809781075, 40.7342987061, 12.3909959793], [-78.49609375, 114.449630737, 43.0263938904, 3.03010439873, 20.0546035767, 13.9752044678, 32.1359062195, 8.05261230469, 21.4126338959, 0.95263671875, 23.0968437195, 12.3909959793, 35.6967582703]],
        "icov": [[0.00017496124201, -0.000359488360118, 5.17928820045e-05, 0.000133365232614, -0.000643128470983, -0.000297776889056, 0.000917604425922, -0.000458041991806, 0.000167036516359, 0.000112813540909, 0.00134582829196, -0.00146804947872, 0.000754301727284], [-0.000359488360118, 0.00334488740191, -0.0019188207807, 0.000310214760248, 0.00310062128119, -0.00291020004079, -0.00172943586949, 0.00087450974388, -0.00182187871542, 0.00267895217985, -0.00811911653727, 0.013234150596, -0.00679039163515], [5.17928820045e-05, -0.0019188207807, 0.0110525209457, -0.00882233772427, -0.00255919829942, 0.00801578909159, -0.00723240198568, -0.000201087153982, -0.0048503880389, 0.00776728335768, 0.00399588374421, -0.0106664914638, 0.00236809067428], [0.000133365232614, 0.000310214760248, -0.00882233772427, 0.0313062481582, -0.01423413679, -0.00735785672441, 0.0172448270023, -0.0170431435108, 0.0101612387225, -0.0127871138975, 0.00528738414869, 0.00255753402598, -0.00359028764069], [-0.000643128470983, 0.00310062128119, -0.00255919829942, -0.01423413679, 0.0379483401775, -0.0184896234423, -0.0201225653291, 0.0269258413464, -0.00396589050069, -0.00317743537016, -0.0164956487715, 0.020377041772, -0.00303838471882], [-0.000297776889056, -0.00291020004079, 0.00801578909159, -0.00735785672441, -0.0184896234423, 0.0577401816845, -0.0298845265061, -0.0038539248053, 0.00315171433613, -0.0145973861217, 0.0322210565209, -0.0392915010452, 0.00648375134915], [0.000917604425922, -0.00172943586949, -0.00723240198568, 0.0172448270023, -0.0201225653291, -0.0298845265061, 0.0800316035748, -0.0342582799494, -0.00643791817129, 0.0245209038258, -0.0328083112836, 0.025016810745, -0.0107476534322], [-0.000458041991806, 0.00087450974388, -0.000201087153982, -0.0170431435108, 0.0269258413464, -0.0038539248053, -0.0342582799494, 0.059545122087, -0.0232826173306, -0.0117941331118, 0.00862727686763, -0.0133366314694, 0.0149963498116], [0.000167036516359, -0.00182187871542, -0.0048503880389, 0.0101612387225, -0.00396589050069, 0.00315171433613, -0.00643791817129, -0.0232826173306, 0.0448002070189, -0.0248144697398, -0.000347948138369, 0.00790173280984, -0.00549439853057], [0.000112813540909, 0.00267895217985, 0.00776728335768, -0.0127871138975, -0.00317743537016, -0.0145973861217, 0.0245209038258, -0.0117941331118, -0.0248144697398, 0.0777020230889, -0.0440001636744, -0.000381226302125, 0.0128808403388], [0.00134582829196, -0.00811911653727, 0.00399588374421, 0.00528738414869, -0.0164956487715, 0.0322210565209, -0.0328083112836, 0.00862727686763, -0.000347948138369, -0.0440001636744, 0.0945627912879, -0.0545373931527, 0.00709672877565], [-0.00146804947872, 0.013234150596, -0.0106664914638, 0.00255753402598, 0.020377041772, -0.0392915010452, 0.025016810745, -0.0133366314694, 0.00790173280984, -0.000381226302125, -0.0545373931527, 0.123120628297, -0.0607774481177], [0.000754301727284, -0.00679039163515, 0.00236809067428, -0.00359028764069, -0.00303838471882, 0.00648375134915, -0.0107476534322, 0.0149963498116, -0.00549439853057, 0.0128808403388, 0.00709672877565, -0.0607774481177, 0.0738124027848]]
    },
    "melbands": {
        "dmean": [0.00406017759815, 0.00644807191566, 0.00247437809594, 0.00289465277456, 0.00029242382152, 0.000100696546724, 6.52984599583e-05, 4.26546175731e-05, 2.82202872768e-05, 1.6176232748e-05, 6.79932736602e-06, 5.77937998969e-06, 3.31540968546e-06, 3.63484218724e-06, 4.61947320218e-06, 4.67972813567e-06, 5.15329656992e-06, 2.61506920651e-06, 3.42643875229e-06, 4.9545942602e-06, 7.71920349507e-06, 2.98760619444e-06, 1.75718139417e-06, 1.86097452115e-06, 1.87774787719e-06, 2.69827887678e-06, 1.81496056939e-06, 1.31417084503e-06, 1.96009000319e-06, 1.35683728786e-06, 1.52969164446e-06, 1.54359702265e-06, 1.51006099713e-06, 1.51427002493e-06, 1.08884080419e-06, 1.00397278402e-06, 9.91685737972e-07, 8.84402936663e-07, 6.28809004866e-07, 6.83987707362e-07],
        "dmean2": [0.00655828462914, 0.0111894328147, 0.00428542867303, 0.00532441120595, 0.000508950150106, 0.000177587833605, 0.000111971145088, 7.38665039535e-05, 4.51900268672e-05, 2.58779218711e-05, 1.15520633699e-05, 1.01023842944e-05, 5.30754505235e-06, 6.28510360912e-06, 7.6790993262e-06, 8.03645889391e-06, 9.05073829927e-06, 4.28174189437e-06, 5.72045928493e-06, 8.62034721649e-06, 1.2884294847e-05, 4.55010740552e-06, 2.67592145065e-06, 3.0330345453e-06, 3.24216898662e-06, 4.74894159197e-06, 2.9691382224e-06, 2.09893710235e-06, 3.31635260409e-06, 2.11492738345e-06, 2.49285335485e-06, 2.53582584264e-06, 2.44940838456e-06, 2.51532924267e-06, 1.74421222709e-06, 1.50879441208e-06, 1.56891246661e-06, 1.48003914546e-06, 9.81163566394e-07, 1.08513677333e-06],
        "dvar": [0.00021171644039, 0.000482244096929, 1.78034788405e-05, 2.88922256004e-05, 2.29299587318e-07, 2.48311984308e-08, 2.17630393706e-08, 7.79994824285e-09, 1.9903398929e-09, 6.13289807827e-10, 1.80590764565e-10, 2.06868897012e-10, 3.75951110521e-11, 1.88575804277e-11, 5.99311503202e-11, 4.22856367976e-11, 5.07351209655e-11, 1.03121920725e-11, 2.0993330338e-11, 5.67337114787e-11, 1.31914881796e-10, 1.39692927364e-11, 4.795653024e-12, 5.28572021222e-12, 7.45883563247e-12, 1.89075057694e-11, 5.65921311549e-12, 2.52243712029e-12, 7.77764137816e-12, 2.77254955106e-12, 3.9149529972e-12, 3.86196283286e-12, 3.66101289909e-12, 4.2575882056e-12, 1.91702903551e-12, 1.65827475449e-12, 1.49020216739e-12, 1.15244250774e-12, 5.11640751467e-13, 6.51075981323e-13],
        "dvar2": [0.000525260460563, 0.00130120257381, 3.61847014574e-05, 8.06639436632e-05, 5.95453457208e-07, 6.40101234239e-08, 6.49023590427e-08, 2.37277486548e-08, 4.41243042104e-09, 1.31941069181e-09, 4.46202824689e-10, 5.2827126007e-10, 1.01916669548e-10, 4.42274758483e-11, 1.26901350539e-10, 9.86783432744e-11, 1.31741909049e-10, 2.16178359935e-11, 4.51752975306e-11, 1.51427356765e-10, 3.07968900382e-10, 2.95642191284e-11, 1.05824394386e-11, 1.32420029803e-11, 1.98554679642e-11, 5.07574919595e-11, 1.48446723663e-11, 5.90146898363e-12, 1.88435551884e-11, 6.03590484885e-12, 8.36687750333e-12, 8.63161452036e-12, 8.03697993573e-12, 9.15387383948e-12, 4.03619065253e-12, 3.52763868464e-12, 3.35470583604e-12, 2.80282351148e-12, 1.10652372681e-12, 1.44608034314e-12],
        "max": [0.134135067463, 0.192222446203, 0.0364803224802, 0.0422031395137, 0.00362461758777, 0.00128418323584, 0.00119141791947, 0.000716423150152, 0.000326827168465, 0.000193033454707, 0.000118472336908, 0.000120404991321, 5.72090102651e-05, 2.63578804152e-05, 7.46173536754e-05, 4.71314961032e-05, 3.34767755703e-05, 2.20849233301e-05, 2.93048524327e-05, 3.9666214434e-05, 7.80715490691e-05, 2.70572636509e-05, 1.31026863528e-05, 1.35906657306e-05, 1.6736350517e-05, 2.44309503614e-05, 1.43367824421e-05, 1.12419502329e-05, 1.61760381161e-05, 1.08231624836e-05, 1.25306141854e-05, 1.00383085737e-05, 1.17045401566e-05, 1.35054388011e-05, 9.39946949075e-06, 8.46218426886e-06, 8.40214579512e-06, 5.96619838689e-06, 4.10260054196e-06, 5.45781631445e-06],
        "mean": [0.00769189326093, 0.0065659112297, 0.0026893587783, 0.00232162070461, 0.000281517393887, 0.000112852474558, 9.84681973932e-05, 5.8789330069e-05, 3.53593932232e-05, 1.99905880436e-05, 9.51712991082e-06, 6.51933123663e-06, 4.05184255214e-06, 3.43218471244e-06, 4.51721552963e-06, 4.12351255363e-06, 4.2578681132e-06, 2.78725724456e-06, 3.41200370713e-06, 4.13810948885e-06, 6.58010958432e-06, 3.0447190511e-06, 1.95528377844e-06, 1.91624121726e-06, 1.79170183401e-06, 2.29075180869e-06, 1.8394654262e-06, 1.45505509863e-06, 1.83994200142e-06, 1.42018802762e-06, 1.52478935433e-06, 1.5401908513e-06, 1.57817203217e-06, 1.61456603109e-06, 1.23682718822e-06, 1.16697447083e-06, 1.06122831767e-06, 9.08184347281e-07, 7.59686997753e-07, 7.4451401133e-07],
        "median": [0.000959604221862, 0.000363163213478, 0.00070273183519, 0.000621142738964, 9.78130265139e-05, 6.2240891566e-05, 3.58612378477e-05, 2.24535797315e-05, 1.52148541019e-05, 7.79383208283e-06, 3.43933106706e-06, 1.87113698757e-06, 1.41067982895e-06, 1.26341069517e-06, 1.48996150529e-06, 1.30428497869e-06, 1.55969723892e-06, 1.22448682305e-06, 1.25154724628e-06, 1.2426178273e-06, 1.68833059888e-06, 1.10572932499e-06, 7.50368883473e-07, 6.84075700974e-07, 7.20289051515e-07, 4.70008501452e-07, 5.29999056198e-07, 4.99682869304e-07, 5.41939698451e-07, 4.18077235054e-07, 4.27844980777e-07, 4.14748484445e-07, 4.45752903033e-07, 4.09876463436e-07, 3.97726211077e-07, 3.76555931325e-07, 3.5356018202e-07, 3.12539043534e-07, 2.7377961942e-07, 2.49665134788e-07],
        "min": [2.46767802589e-13, 1.22159687964e-13, 5.53958869878e-14, 3.98964274974e-14, 2.08771073481e-14, 1.37966954145e-14, 1.09987380667e-14, 4.72135317767e-15, 1.9815666645e-15, 1.19777679698e-15, 1.04688094792e-15, 2.29667202648e-15, 8.20674044265e-15, 2.50724039376e-14, 1.64949908658e-14, 3.77503992218e-15, 7.79589219379e-15, 8.03799877407e-15, 1.08672683889e-14, 3.26204585262e-15, 2.40662897325e-15, 3.22486703547e-15, 2.04414207051e-15, 4.2013096764e-15, 5.42240973734e-15, 2.33447658923e-15, 7.3375414902e-15, 1.67953521371e-14, 5.79589832752e-15, 1.81966410933e-14, 1.54253915413e-14, 5.20778217642e-15, 9.6609189832e-16, 2.6826844223e-15, 8.25212192687e-15, 4.99003499315e-15, 3.4000063439e-15, 2.37044711388e-15, 2.31312924137e-15, 3.56424010315e-15],
        "stdev": [0.0159684382379, 0.02313423343, 0.00518223177642, 0.00445183878765, 0.000468141661258, 0.000160119205248, 0.000180323273526, 0.000100639634184, 5.35397375643e-05, 3.06593210553e-05, 1.61768221005e-05, 1.50687610585e-05, 6.91643617756e-06, 4.56220550404e-06, 8.04982937552e-06, 6.60102705297e-06, 6.34817251921e-06, 3.53991413249e-06, 4.7547464419e-06, 6.62081947667e-06, 1.09921074909e-05, 4.20369633503e-06, 2.56282442024e-06, 2.55125314652e-06, 2.5897040814e-06, 3.78173695026e-06, 2.56110706687e-06, 1.83003214715e-06, 2.68756525656e-06, 1.92840457203e-06, 2.14016176869e-06, 2.15702198147e-06, 2.20928313865e-06, 2.34073058891e-06, 1.67720088484e-06, 1.65125084095e-06, 1.44000011915e-06, 1.20020411032e-06, 9.5545158274e-07, 9.79307287707e-07],
        "var": [0.000254990998656, 0.000535192782991, 2.68555268121e-05, 1.98188699869e-05, 2.19156603976e-07, 2.56381618158e-08, 3.25164855042e-08, 1.01283355036e-08, 2.86650347903e-09, 9.39993860527e-10, 2.61689558911e-10, 2.27067573078e-10, 4.78370919266e-11, 2.08137205387e-11, 6.4799755839e-11, 4.35735579563e-11, 4.02992951509e-11, 1.25309918692e-11, 2.2607611963e-11, 4.38352514009e-11, 1.20826432193e-10, 1.76710625299e-11, 6.56806900534e-12, 6.50889238341e-12, 6.70656672558e-12, 1.43015339155e-11, 6.55926918683e-12, 3.34901746092e-12, 7.22300734848e-12, 3.71874406269e-12, 4.58029230863e-12, 4.65274390196e-12, 4.88093203008e-12, 5.47901958178e-12, 2.81300265199e-12, 2.72662946908e-12, 2.07360040597e-12, 1.44048987148e-12, 9.12887712472e-13, 9.59042741056e-13]
    },
    "melbands128": {
