{
"lowlevel": {
    "average_loudness": 6.34587559034e-05,
    "barkbands_crest": {
        "dmean": 2.74706149101,
        "dmean2": 4.57967233658,
        "dvar": 9.58340835571,
        "dvar2": 26.6250019073,
        "max": 26.9367713928,
        "mean": 12.4181079865,
        "median": 11.0057983398,
        "min": 2.25858879089,
        "stdev": 6.39627313614,
        "var": 40.912311554
    },
    "barkbands_flatness_db": {
        "dmean": 0.0304499380291,
        "dmean2": 0.0483959540725,
        "dvar": 0.00121007591952,
        "dvar2": 0.00303580146283,
        "max": 0.637100577354,
        "mean": 0.223945721984,
        "median": 0.223133683205,
        "min": 0.0228326246142,
        "stdev": 0.119926430285,
        "var": 0.0143823493272
    },
    "barkbands_kurtosis": {
        "dmean": 42.6632385254,
        "dmean2": 58.3462562561,
        "dvar": 42992.3867188,
        "dvar2": 70315.328125,
        "max": 6973.07958984,
        "mean": 71.0851821899,
        "median": 1.56955623627,
        "min": -1.88717293739,
        "stdev": 383.639648438,
        "var": 147179.375
    },
    "barkbands_skewness": {
        "dmean": 1.26073801517,
        "dmean2": 1.87819552422,
        "dvar": 8.81447124481,
        "dvar2": 18.3739261627,
        "max": 78.646270752,
        "mean": 2.04180645943,
        "median": -0.112688809633,
        "min": -4.07201290131,
        "stdev": 7.25392770767,
        "var": 52.6194648743
    },
    "barkbands_spread": {
        "dmean": 6.80418729782,
        "dmean2": 11.1482372284,
        "dvar": 186.086975098,
        "dvar2": 494.001220703,
        "max": 149.651519775,
        "mean": 21.4055767059,
        "median": 12.1100234985,
        "min": 0.0423684045672,
        "stdev": 22.7277908325,
        "var": 516.552490234
    },
    "dissonance": {
        "dmean": 0.0199527852237,
        "dmean2": 0.0344927124679,
        "dvar": 0.000802292895969,
        "dvar2": 0.00214574229904,
        "max": 0.499996840954,
        "mean": 0.473703175783,
        "median": 0.488173514605,
        "min": 0.246542930603,
        "stdev": 0.0359274409711,
        "var": 0.0012907810742
    },
    "dynamic_complexity": 19.2877597809,
    "erbbands_crest": {
        "dmean": 2.72578477859,
        "dmean2": 4.28981971741,
        "dvar": 6.68779468536,
        "dvar2": 17.0762844086,
        "max": 31.1315364838,
        "mean": 12.3481807709,
        "median": 11.4794301987,
        "min": 2.23533368111,
        "stdev": 6.04128360748,
        "var": 36.4971084595
    },
    "erbbands_flatness_db": {
        "dmean": 0.0206921715289,
        "dmean2": 0.0305380430073,
        "dvar": 0.000556693586987,
        "dvar2": 0.00110392819624,
        "max": 0.474626868963,
        "mean": 0.239928334951,
        "median": 0.270121991634,
        "min": 0.0264448877424,
        "stdev": 0.11790201813,
        "var": 0.0139008853585
    },
    "erbbands_kurtosis": {
        "dmean": 1.90411615372,
        "dmean2": 3.13394117355,
        "dvar": 22.1144828796,
        "dvar2": 55.2086524963,
        "max": 54.8691864014,
        "mean": 2.80460119247,
        "median": 1.6832485199,
        "min": -1.75450313091,
        "stdev": 5.434425354,
        "var": 29.5329780579
    },
    "erbbands_skewness": {
        "dmean": 0.371563136578,
        "dmean2": 0.586073517799,
        "dvar": 0.373675376177,
        "dvar2": 0.931265711784,
        "max": 6.98874044418,
        "mean": 0.126893296838,
        "median": -0.100710533559,
        "min": -2.80607843399,
        "stdev": 1.17589652538,
        "var": 1.38273251057
    },
    "erbbands_spread": {
        "dmean": 7.59119033813,
        "dmean2": 11.8273000717,
        "dvar": 216.397415161,
        "dvar2": 526.553222656,
        "max": 186.119491577,
        "mean": 26.9108905792,
        "median": 16.3845367432,
        "min": 2.4738535881,
        "stdev": 25.784034729,
        "var": 664.816467285
    },
    "hfc": {
        "dmean": 23.6060714722,
        "dmean2": 24.0397911072,
        "dvar": 24981.2753906,
        "dvar2": 22829.2949219,
        "max": 8264.796875,
        "mean": 118.951049805,
        "median": 0.999284029007,
        "min": 2.44378361991e-09,
        "stdev": 823.104125977,
        "var": 677500.375
    },
    "loudness_ebu128": {
        "integrated": -12.6125202179,
        "loudness_range": 16.0118503571,
        "momentary": {
            "dmean": 2.45342707634,
            "dmean2": 2.42547297478,
            "dvar": 13.6115503311,
            "dvar2": 20.0196628571,
            "max": -0.960966944695,
            "mean": -35.9398536682,
            "median": -35.6635894775,
            "min": -65.3537979126,
            "stdev": 13.2198543549,
            "var": 174.764556885
        },
        "short_term": {
            "dmean": 0.498572289944,
            "dmean2": 0.421759337187,
            "dvar": 3.36055660248,
            "dvar2": 3.15642571449,
            "max": -9.2067117691,
            "mean": -30.1261844635,
            "median": -27.6152267456,
            "min": -52.7102203369,
            "stdev": 8.30537509918,
            "var": 68.9792556763
        }
    },
    "melbands_crest": {
        "dmean": 3.65130829811,
        "dmean2": 5.93335151672,
        "dvar": 17.9268035889,
        "dvar2": 46.5131263733,
        "max": 39.9832496643,
        "mean": 16.0042724609,
        "median": 13.6033849716,
        "min": 3.20222496986,
        "stdev": 9.26256656647,
        "var": 85.795135498
    },
    "melbands_flatness_db": {
        "dmean": 0.0290620960295,
        "dmean2": 0.0455588847399,
        "dvar": 0.00116199743934,
        "dvar2": 0.00284881610423,
        "max": 0.606966018677,
        "mean": 0.217380672693,
        "median": 0.201672226191,
        "min": 0.0385863445699,
        "stdev": 0.1065081954,
        "var": 0.0113439960405
    },
    "melbands_kurtosis": {
        "dmean": 31.6169013977,
        "dmean2": 46.6640014648,
        "dvar": 19572.7675781,
        "dvar2": 31142.7675781,
        "max": 4162.19970703,
        "mean": 43.3313980103,
        "median": 1.94905328751,
        "min": -1.81490087509,
        "stdev": 229.851043701,
        "var": 52831.5
    },
    "melbands_skewness": {
        "dmean": 1.19507443905,
        "dmean2": 1.76640999317,
        "dvar": 7.39952135086,
        "dvar2": 14.9719829559,
        "max": 62.7983589172,
        "mean": 1.98731315136,
        "median": 0.368156731129,
        "min": -2.71196889877,
        "stdev": 5.41578197479,
        "var": 29.330696106
    },
    "melbands_spread": {
        "dmean": 8.51207542419,
        "dmean2": 13.3881101608,
        "dvar": 229.891815186,
        "dvar2": 581.246398926,
        "max": 166.485076904,
        "mean": 32.079372406,
        "median": 25.6048583984,
        "min": 0.125186279416,
        "stdev": 26.3893585205,
        "var": 696.398254395
    },
    "pitch_salience": {
        "dmean": 0.076183333993,
        "dmean2": 0.122535288334,
        "dvar": 0.00883407425135,
        "dvar2": 0.0223825257272,
        "max": 0.921053171158,
        "mean": 0.578956902027,
        "median": 0.641279041767,
        "min": 0.00358743197285,
        "stdev": 0.216397821903,
        "var": 0.0468280166388
    },
    "silence_rate_20dB": {
        "dmean": 0.00195121951401,
        "dmean2": 0.00390625,
        "dvar": 0.00194741948508,
        "dvar2": 0.00389099121094,
        "max": 1,
        "mean": 0.981481492519,
        "median": 1,
        "min": 0,
        "stdev": 0.134818226099,
        "var": 0.0181759521365
    },
    "silence_rate_30dB": {
        "dmean": 0.00390243902802,
        "dmean2": 0.0078125,
        "dvar": 0.00388723937795,
        "dvar2": 0.00775146484375,
        "max": 1,
        "mean": 0.973684191704,
        "median": 1,
        "min": 0,
        "stdev": 0.160072237253,
        "var": 0.0256231222302
    },
    "silence_rate_60dB": {
        "dmean": 0.0351219512522,
        "dmean2": 0.0693359375,
        "dvar": 0.033888079226,
        "dvar2": 0.0762464702129,
        "max": 1,
        "mean": 0.70662766695,
        "median": 1,
        "min": 0,
        "stdev": 0.455311387777,
        "var": 0.207308456302
    },
    "spectral_centroid": {
        "dmean": 242.731658936,
        "dmean2": 379.162475586,
        "dvar": 119179.304688,
        "dvar2": 306474,
        "max": 4282.07519531,
        "mean": 2267.25268555,
        "median": 2446.06054688,
        "min": 158.07824707,
        "stdev": 944.326416016,
        "var": 891752.4375
    },
    "spectral_complexity": {
        "dmean": 1.52585363388,
        "dmean2": 2.4541015625,
        "dvar": 7.55463314056,
        "dvar2": 16.7987499237,
        "max": 49,
        "mean": 5.86842107773,
        "median": 3,
        "min": 0,
        "stdev": 8.11677455902,
        "var": 65.8820266724
    },
    "spectral_decrease": {
        "dmean": 8.63369709059e-10,
        "dmean2": 8.90836571177e-10,
        "dvar": 2.05752343084e-17,
        "dvar2": 1.62793644413e-17,
        "max": 7.61911557066e-14,
        "mean": -4.7618171628e-09,
        "median": -2.42720815669e-10,
        "min": -2.92251883138e-07,
        "stdev": 2.88660277903e-08,
        "var": 8.33247591917e-16
    },
    "spectral_energy": {
        "dmean": 0.00529823219404,
        "dmean2": 0.00548199331388,
        "dvar": 0.000939541263506,
        "dvar2": 0.000770326238126,
        "max": 1.83013641834,
        "mean": 0.0287614073604,
        "median": 0.00104640214704,
        "min": 3.44052802741e-13,
        "stdev": 0.18333466351,
        "var": 0.0336115993559
    },
    "spectral_energyband_high": {
        "dmean": 0.00391199998558,
        "dmean2": 0.00445243343711,
        "dvar": 0.000962810474448,
        "dvar2": 0.00140842213295,
        "max": 1.21042382717,
        "mean": 0.0144845191389,
        "median": 3.66427047993e-05,
        "min": 1.60570978714e-13,
        "stdev": 0.109815262258,
        "var": 0.0120593914762
    },
    "spectral_energyband_low": {
        "dmean": 9.83892095974e-05,
        "dmean2": 0.000116426752356,
        "dvar": 5.07985134846e-07,
        "dvar2": 6.69308235501e-07,
        "max": 0.0328460112214,
        "mean": 0.000268450297881,
        "median": 1.0861622286e-06,
        "min": 6.01386141949e-14,
        "stdev": 0.00204286817461,
        "var": 4.17331011704e-06
    },
    "spectral_energyband_middle_high": {
        "dmean": 0.00342096108943,
        "dmean2": 0.00488100806251,
        "dvar": 0.000375050469302,
        "dvar2": 0.00067267974373,
        "max": 0.804818511009,
        "mean": 0.0131317256019,
        "median": 0.000376514683012,
        "min": 5.80467070894e-14,
        "stdev": 0.0720748379827,
        "var": 0.00519478181377
    },
    "spectral_energyband_middle_low": {
        "dmean": 0.000120400516607,
        "dmean2": 0.000179234790266,
        "dvar": 2.53622403079e-07,
        "dvar2": 4.89533817927e-07,
        "max": 0.0146061284468,
        "mean": 0.000293178047286,
        "median": 0.000113982794574,
        "min": 4.41905525031e-14,
        "stdev": 0.000981741701253,
        "var": 9.6381666026e-07
    },
    "spectral_entropy": {
        "dmean": 0.207792341709,
        "dmean2": 0.330814629793,
        "dvar": 0.0692535117269,
        "dvar2": 0.16429631412,
        "max": 8.94673347473,
        "mean": 7.44905090332,
        "median": 7.49868679047,
        "min": 5.19556808472,
        "stdev": 0.631138384342,
        "var": 0.398335695267
    },
    "spectral_flux": {
        "dmean": 0.0137334950268,
        "dmean2": 0.0206999368966,
        "dvar": 0.00131541921292,
        "dvar2": 0.00265202624723,
        "max": 1.41771459579,
        "mean": 0.0479352250695,
        "median": 0.0147371720523,
        "min": 9.03310938156e-05,
        "stdev": 0.143650233746,
        "var": 0.0206353906542
    },
    "spectral_kurtosis": {
        "dmean": 2.05206012726,
        "dmean2": 3.61985874176,
        "dvar": 6.7526640892,
        "dvar2": 20.5369472504,
        "max": 28.6341609955,
        "mean": 4.81331586838,
        "median": 3.85902881622,
        "min": -0.679991722107,
        "stdev": 3.49763178825,
        "var": 12.2334289551
    },
    "spectral_rms": {
        "dmean": 0.000290598429274,
        "dmean2": 0.000376003998099,
        "dvar": 4.67528764148e-07,
        "dvar2": 5.25200789525e-07,
        "max": 0.0422551631927,
        "mean": 0.00204026605934,
        "median": 0.00101038475987,
        "min": 1.83210602245e-08,
        "stdev": 0.00488848052919,
        "var": 2.38972424995e-05
    },
    "spectral_rolloff": {
        "dmean": 793.200012207,
        "dmean2": 1369.52526855,
        "dvar": 4971878,
        "dvar2": 13679180,
        "max": 20047.4121094,
        "mean": 2807.31347656,
        "median": 2756.25,
        "min": 21.533203125,
        "stdev": 2423.62231445,
        "var": 5873945.5
    },
    "spectral_skewness": {
        "dmean": 0.256970971823,
        "dmean2": 0.438214182854,
        "dvar": 0.0907630696893,
        "dvar2": 0.258312225342,
        "max": 4.49028110504,
        "mean": 1.33799993992,
        "median": 1.25984227657,
        "min": -0.203182220459,
        "stdev": 0.447141230106,
        "var": 0.199935287237
    },
    "spectral_spread": {
        "dmean": 523372.28125,
        "dmean2": 826305.625,
        "dvar": 1.07241340928e+12,
        "dvar2": 2.71689842688e+12,
        "max": 20260630,
        "mean": 4043027.5,
        "median": 3349970,
        "min": 1145602,
        "stdev": 2158961.25,
        "var": 4.66111378227e+12
    },
    "spectral_strongpeak": {
        "dmean": 1.16430151463,
        "dmean2": 1.87046217918,
        "dvar": 27.0051174164,
        "dvar2": 72.5005340576,
        "max": 136.749053955,
        "mean": 1.93033146858,
        "median": 0.224416673183,
        "min": 0,
        "stdev": 6.7297539711,
        "var": 45.2895889282
    },
    "zerocrossingrate": {
        "dmean": 0.0110899386927,
        "dmean2": 0.0144648551941,
        "dvar": 0.00043707084842,
        "dvar2": 0.000672139285598,
        "max": 0.478515625,
        "mean": 0.0982240065932,
        "median": 0.09619140625,
        "min": 0,
        "stdev": 0.0563425980508,
        "var": 0.00317448843271
    },
    "barkbands": {
        "dmean": [0.00028717922396, 9.80202366918e-06, 1.35086311275e-05, 1.5872723452e-05, 1.32303139253e-05, 2.05737287615e-05, 5.27704542037e-05, 2.03592135222e-05, 2.08736419154e-05, 0.00010765150364, 5.84472436458e-05, 0.000210232086829, 0.000238981228904, 0.000279038998997, 0.000438839575509, 0.000617597892415, 0.000801536953077, 0.00188737362623, 0.00203806511126, 0.00261666160077, 0.0038871190045, 0.00158292695414, 0.000153766770381, 5.9589267039e-05, 8.71273878147e-05, 0.000167600170244, 4.04855563829e-05],
        "dmean2": [0.000234181861742, 1.69688100868e-05, 2.54128717643e-05, 2.78916340903e-05, 2.23219485633e-05, 2.95690515486e-05, 8.18498301669e-05, 3.00576321024e-05, 3.3342254028e-05, 0.000161568634212, 8.61767475726e-05, 0.000293831224553, 0.000362332502846, 0.000425372301834, 0.000693621695973, 0.000986113678664, 0.00114716845565, 0.0030750548467, 0.00305258831941, 0.00399669958279, 0.00543844653293, 0.00187501101755, 0.000238481865381, 0.000104323873529, 0.000104224855022, 0.000185467506526, 4.59932816739e-05],
        "dvar": [6.46621083433e-06, 3.72265152038e-09, 3.00039282308e-08, 4.02210282857e-08, 1.28012853651e-08, 7.41152517136e-09, 7.47140802559e-08, 5.85342530002e-09, 4.49007124814e-08, 1.07312030195e-06, 1.10749454052e-07, 2.89285185318e-06, 3.54302846972e-06, 2.39611995312e-06, 3.6835665469e-06, 9.53090511757e-06, 7.69664329709e-05, 0.000322328240145, 0.000225749507081, 0.000405473227147, 0.00126503175125, 0.000263203168288, 1.9911333311e-06, 5.03297371779e-07, 5.91964237628e-07, 1.89218474134e-06, 1.80299821295e-07],
        "dvar2": [4.98771169077e-06, 9.15023701253e-09, 6.10227246511e-08, 1.07656610737e-07, 2.74046989546e-08, 1.21706973388e-08, 1.55515962774e-07, 1.21330598901e-08, 1.11653058354e-07, 1.99226951736e-06, 2.29152462339e-07, 4.04999900638e-06, 7.80049686e-06, 5.9486524151e-06, 9.64288210525e-06, 2.39963937929e-05, 0.000176343004568, 0.000816379557364, 0.000480003800476, 0.000965709681623, 0.00264890212566, 0.000443953525973, 4.19223579229e-06, 1.10497342121e-06, 1.0266433037e-06, 2.689485882e-06, 2.47218594041e-07],
        "max": [0.132451206446, 0.00134440616239, 0.00393160991371, 0.00503159780055, 0.00268494430929, 0.00329374754801, 0.00602968363091, 0.00212191278115, 0.0059289378114, 0.0314352437854, 0.00845099426806, 0.0538857541978, 0.0481482036412, 0.0352417901158, 0.0317605994642, 0.058191023767, 0.24177762866, 0.435588240623, 0.450323849916, 0.418013870716, 0.999873757362, 0.671858906746, 0.0501798801124, 0.0212914720178, 0.0338332019746, 0.0611562691629, 0.0184216313064],
        "mean": [0.00100160692818, 1.13884389066e-05, 1.25102087623e-05, 1.10633645818e-05, 1.34761148729e-05, 4.76543791592e-05, 9.3274655228e-05, 5.42618108739e-05, 2.98767899949e-05, 0.000163165081176, 0.000114485366794, 0.000561276334338, 0.000288749492029, 0.000470277358545, 0.00059341720771, 0.000997074996121, 0.00104058394209, 0.0027264256496, 0.00426951469854, 0.00432763667777, 0.00721671851352, 0.00309607968666, 0.000370392634068, 0.000161676478456, 0.00026625909959, 0.000626857450698, 0.000126301136333],
        "median": [7.92571881902e-07, 3.37835615483e-07, 5.24851273553e-08, 2.41013005109e-08, 7.05244502797e-08, 2.12688803458e-07, 1.94175663637e-06, 1.7344978005e-06, 1.58888752821e-07, 1.21502324646e-07, 1.9177023205e-06, 6.91931791152e-06, 1.18625735013e-06, 5.63141111343e-06, 4.58966906081e-06, 4.03186186304e-06, 6.1394698605e-06, 1.21483208204e-05, 1.98247944354e-05, 1.11305616883e-05, 1.21654275063e-05, 5.81525046073e-06, 3.82087273465e-06, 1.44584987538e-06, 3.5272353216e-07, 4.41249596861e-08, 8.1790119566e-08],
        "min": [2.12437726644e-14, 2.87013454995e-14, 1.49428775289e-14, 1.0830867995e-14, 1.19801350033e-14, 3.27140535493e-15, 5.27707285963e-15, 6.18174936356e-15, 5.52046735351e-15, 3.25483929631e-15, 7.89510675108e-16, 1.59449537161e-15, 1.91848748564e-15, 1.1135772751e-15, 1.26778826288e-14, 1.69960498176e-14, 6.7135153773e-15, 8.41178763743e-15, 3.67323249115e-15, 4.05984882146e-15, 1.31438574759e-14, 4.29138443056e-15, 1.55522703006e-14, 2.11589829723e-14, 2.3218914584e-14, 2.99772447805e-14, 5.30668004927e-14],
        "stdev": [0.00838337931782, 6.68949214742e-05, 0.000173404012457, 0.000164843033417, 0.000112088535388, 0.000178122805664, 0.000348128000041, 0.00013490508718, 0.000230934252613, 0.00158899172675, 0.000401655037422, 0.00429304782301, 0.00234323879704, 0.00207491987385, 0.00219667912461, 0.00359354540706, 0.00904610194266, 0.0249616857618, 0.0293917506933, 0.0319728329778, 0.0621115081012, 0.0326958075166, 0.00295478943735, 0.00152776215691, 0.00223762355745, 0.00516937207431, 0.00120044697542],
        "var": [7.02810502844e-05, 4.47493064826e-09, 3.00689499966e-08, 2.71732272239e-08, 1.25638397463e-08, 3.17277333295e-08, 1.21193110658e-07, 1.81993815573e-08, 5.33306305783e-08, 2.5248948532e-06, 1.61326767056e-07, 1.84302589332e-05, 5.49076821699e-06, 4.30529235018e-06, 4.82539871882e-06, 1.29135678435e-05, 8.1831967691e-05, 0.000623085768893, 0.000863875029609, 0.00102226214949, 0.00385783938691, 0.00106901593972, 8.73078079167e-06, 2.33405717154e-06, 5.0069588724e-06, 2.67224077106e-05, 1.44107286815e-06]
    },
    "erbbands": {
        "dmean": [0.00100728357211, 0.00176734896377, 0.0129320761189, 0.0368307493627, 0.0507644675672, 0.0472225174308, 0.0552071742713, 0.220249816775, 0.694128453732, 0.56910020113, 0.338902980089, 0.352287322283, 2.16278719902, 2.84012746811, 2.36784625053, 9.69375610352, 9.76393413544, 10.9178380966, 13.1438398361, 26.1743888855, 29.2575855255, 50.9887199402, 118.201889038, 109.030082703, 83.5075454712, 119.939811707, 139.366348267, 130.779983521, 70.0528259277, 12.0429286957, 3.50741863251, 1.92579042912, 1.10521423817, 0.566705226898, 0.850510001183, 0.578043818474, 0.438603878021, 0.0568273514509, 0.0059007210657, 0.000654509756714],
        "dmean2": [0.00133691949304, 0.00325698335655, 0.0235858727247, 0.0593399740756, 0.0870133265853, 0.0818908065557, 0.0910337567329, 0.312636584044, 1.08125853539, 0.817596495152, 0.502666294575, 0.569985449314, 2.89044427872, 4.17695951462, 3.69771265984, 12.0801506042, 15.4371204376, 17.0437297821, 19.1310520172, 43.1301498413, 46.2858314514, 71.2701263428, 182.463729858, 161.557022095, 142.251449585, 181.456176758, 205.088272095, 176.255142212, 96.3171005249, 18.348072052, 5.70806932449, 3.21080875397, 1.63644707203, 0.704843878746, 0.98571908474, 0.567045509815, 0.550356447697, 0.0640012174845, 0.00592016614974, 0.000741926894989],
        "dvar": [4.95065505675e-05, 0.000236356703681, 0.0263805706054, 0.205574974418, 0.251325935125, 0.175483435392, 0.0388429090381, 0.662949442863, 12.4668359756, 8.7684135437, 1.24981462955, 6.50760316849, 453.431945801, 556.859802246, 92.1848754883, 5911.44238281, 6812.84863281, 3321.90209961, 2747.77368164, 12291.0839844, 18447.4160156, 318472.53125, 1549730.25, 830577.75, 307201.65625, 1002911.0625, 2143786.75, 1470505.125, 559673, 12395.6464844, 1045.78417969, 376.367889404, 146.069442749, 34.3480224609, 62.45154953, 27.1294212341, 14.2912855148, 0.258275389671, 0.00432218657807, 3.85120947612e-05],
        "dvar2": [8.19448250695e-05, 0.000510408077389, 0.0540042854846, 0.486402899027, 0.635537087917, 0.365556180477, 0.0973946973681, 1.11324989796, 23.0594406128, 18.0527954102, 2.50308346748, 13.5377779007, 783.164245605, 1194.47009277, 197.456756592, 7322.04541016, 16228.7929688, 8080.69287109, 5670.57226562, 30808.7460938, 48612.6328125, 703129.125, 3928971.75, 1878681.75, 951383.125, 2382930, 5785159, 3269489.25, 941374.4375, 22341.3242188, 2246.01147461, 912.466552734, 272.690002441, 55.0813484192, 108.39805603, 28.734539032, 23.8599414825, 0.330796897411, 0.00389752560295, 6.08313057455e-05],
        "max": [0.332097202539, 0.334311187267, 3.83149337769, 11.7715797424, 12.4784498215, 9.79535388947, 3.26698184013, 31.5565052032, 85.3321838379, 69.8517608643, 25.2287921906, 74.8431015015, 784.41998291, 524.839416504, 199.359130859, 2782.13671875, 2470.015625, 1049.86535645, 928.08203125, 2143.12768555, 2022.21679688, 16889.8417969, 30885.8613281, 29092.484375, 13085.7958984, 25936.3808594, 37685.59375, 30785.8847656, 26248.2714844, 3985.68676758, 1262.22680664, 527.172058105, 404.514038086, 265.213104248, 369.55847168, 262.137390137, 142.837478638, 22.3494091034, 2.85999941826, 0.254103422165],
        "mean": [0.00264442712069, 0.00187277467921, 0.0118369860575, 0.0292899701744, 0.0406875088811, 0.0477204471827, 0.0983163565397, 0.506526827812, 1.21891963482, 1.39274179935, 0.966930925846, 0.733684420586, 4.15125322342, 4.07364797592, 6.40931463242, 24.7491550446, 15.6311731339, 19.0713405609, 28.1810131073, 47.1095161438, 49.1886940002, 70.315071106, 164.436889648, 216.312759399, 170.700424194, 217.707473755, 281.327606201, 260.271514893, 136.640060425, 26.5531692505, 9.4528799057, 4.33377838135, 2.42708301544, 1.93870460987, 2.6055366993, 2.76958227158, 1.16107928753, 0.152207896113, 0.0160053931177, 0.0019942317158],
        "median": [2.19882258534e-05, 3.86481988244e-05, 6.42605882604e-05, 8.76614503795e-05, 0.000148754596012, 0.000398937816499, 0.00247004395351, 0.00571345817298, 0.0514955669641, 0.108596242964, 0.0628833770752, 0.0373456850648, 0.0281891301274, 0.221085518599, 0.353743135929, 0.796169221401, 0.470930278301, 0.484776109457, 0.56684088707, 0.503154814243, 0.406023442745, 0.549515783787, 0.710241913795, 1.13777446747, 0.894239425659, 0.529953837395, 0.51437997818, 0.461910396814, 0.234111458063, 0.115136086941, 0.1107737571, 0.0515252165496, 0.0141161130741, 0.00598996691406, 0.00122698559426, 0.000275806203717, 8.58282801346e-05, 0.00013731783838, 5.45738566871e-06, 1.83447832569e-06],
        "min": [1.10041956016e-12, 5.5926725924e-12, 1.60212138695e-11, 2.97946597949e-11, 3.99715122112e-11, 3.87803678059e-11, 2.84994475935e-11, 2.8016800685e-11, 5.85310758194e-11, 1.10036819934e-10, 1.37698893954e-10, 1.26336691109e-10, 1.12198875191e-10, 7.74752068056e-11, 2.51145770847e-11, 7.82755318895e-11, 9.29935087268e-11, 4.52846996013e-11, 3.37693900621e-10, 9.21996146097e-10, 8.12038991604e-10, 3.87560122883e-10, 4.72852479394e-10, 2.54047560766e-10, 1.72322170422e-10, 2.19077603281e-10, 4.49954878912e-10, 4.37495206729e-10, 1.76211725766e-10, 2.45409165212e-10, 5.9240778949e-10, 4.0187836392e-10, 3.34663907697e-10, 2.94163443604e-10, 1.46986409155e-10, 8.91929446967e-11, 6.58380988616e-11, 3.57715558563e-11, 5.92273062192e-12, 7.33407529586e-13],
        "stdev": [0.0201834663749, 0.0152600388974, 0.16199170053, 0.414426833391, 0.438812613487, 0.418138504028, 0.289826512337, 1.77930808067, 5.10452985764, 4.18681526184, 2.48653054237, 3.95276927948, 40.3076477051, 29.3290977478, 15.6513843536, 196.833297729, 118.835227966, 75.4204330444, 90.7446365356, 171.063796997, 164.480407715, 638.443725586, 1618.20422363, 1595.67614746, 1048.90563965, 1610.50219727, 2270.46313477, 2220.0456543, 1421.29455566, 231.180541992, 77.5894393921, 38.0200080872, 24.5188293457, 17.2100696564, 22.1291027069, 22.7796401978, 10.0335159302, 1.40951347351, 0.16069431603, 0.0181657876819],
        "var": [0.000407372339396, 0.000232868784224, 0.0262413099408, 0.171749591827, 0.192556500435, 0.174839809537, 0.0839994102716, 3.16593742371, 26.0562229156, 17.52942276, 6.18283367157, 15.6243858337, 1624.7064209, 860.195983887, 244.965820312, 38743.3476562, 14121.8105469, 5688.2421875, 8234.58886719, 29262.8222656, 27053.8046875, 407610.40625, 2618585, 2546182.5, 1100203, 2593717.25, 5155003, 4928603, 2020078.125, 53444.4453125, 6020.12109375, 1445.52087402, 601.172973633, 296.18649292, 489.697174072, 518.91204834, 100.671447754, 1.98672807217, 0.0258226655424, 0.000329995848006]
    },
    "gfcc": {
        "mean": [-257.065155029, 3.4471590519, -170.317260742, 23.3889312744, -55.0120315552, 3.01296210289, -21.0736789703, 3.53186035156, -3.8857884407, 13.066950798, 2.51996254921, 7.49161434174, -7.97831439972],
        "cov": [[26474.1953125, -4064.48022461, -10889.9404297, -187.950119019, -2529.2824707, 38.5189437866, -336.280395508, 328.173583984, 765.059448242, 992.37713623, 710.087524414, -212.082443237, 72.5350189209], [-4064.48022461, 2597.8984375, 3129.69702148, -169.706924438, 55.8148765564, -111.734977722, -187.765151978, -257.343231201, -687.591491699, -434.268951416, -125.114654541, 169.397750854, 98.0469818115], [-10889.9404297, 3129.69702148, 7921.06054688, 458.263671875, 1181.60839844, 8.47392272949, -90.1087722778, -140.190673828, -1209.96765137, -800.103759766, -617.684631348, 188.430404663, 66.9129333496], [-187.950119019, -169.706924438, 458.263671875, 769.077758789, 366.234893799, 18.3564243317, 44.446395874, 73.188117981, -44.5001907349, -153.209091187, -180.747573853, -94.2759475708, -49.815196991], [-2529.2824707, 55.8148765564, 1181.60839844, 366.234893799, 744.72265625, 123.439048767, 118.268440247, 59.7839660645, 4.25441360474, -118.072555542, -176.578887939, -76.3085098267, -116.751609802], [38.5189437866, -111.734977722, 8.47392272949, 18.3564243317, 123.439048767, 259.754058838, 6.91676568985, 73.548538208, 88.276184082, 55.272769928, -31.2789783478, -108.088790894, -110.292152405], [-336.280395508, -187.765151978, -90.1087722778, 44.446395874, 118.268440247, 6.91676568985, 308.178497314, 42.1042747498, 80.0486450195, 12.3577728271, 27.8231487274, 23.3929843903, -63.841632843], [328.173583984, -257.343231201, -140.190673828, 73.188117981, 59.7839660645, 73.548538208, 42.1042747498, 188.347503662, 105.160804749, 42.7376365662, -15.8602972031, -61.267124176, -37.5216522217], [765.059448242, -687.591491699, -1209.96765137, -44.5001907349, 4.25441360474, 88.276184082, 80.0486450195, 105.160804749, 468.280731201, 202.561279297, 117.493911743, -97.0170135498, -23.747756958], [992.37713623, -434.268951416, -800.103759766, -153.209091187, -118.072555542, 55.272769928, 12.3577728271, 42.7376365662, 202.561279297, 217.469604492, 121.908737183, -7.19391202927, 17.957775116], [710.087524414, -125.114654541, -617.684631348, -180.747573853, -176.578887939, -31.2789783478, 27.8231487274, -15.8602972031, 117.493911743, 121.908737183, 196.973831177, 80.7481307983, 67.3249206543], [-212.082443237, 169.397750854, 188.430404663, -94.2759475708, -76.3085098267, -108.088790894, 23.3929843903, -61.267124176, -97.0170135498, -7.19391202927, 80.7481307983, 195.708145142, 108.800346375], [72.5350189209, 98.0469818115, 66.9129333496, -49.815196991, -116.751609802, -110.292152405, -63.841632843, -37.5216522217, -23.747756958, 17.957775116, 67.3249206543, 108.800346375, 217.312820435]],
        "icov": [[0.000171598119778, 1.72093241417e-05, 0.000277627026662, -0.000214245941606, 0.000247461197432, -0.000277205079328, 6.52474918752e-05, -0.000301994237816, 0.00063397269696, -0.000182731600944, -1.59734554472e-05, 5.50206859771e-05, -0.00017857014609], [1.72093241417e-05, 0.00143200065941, -0.000522763177287, 0.000412196939578, 0.000517413078342, -0.000338460260537, 0.000370810856111, 0.000702782592271, 0.000219091700274, 0.00208877655677, -0.00164801580831, 0.000511324091349, 4.60035225842e-05], [0.000277627026662, -0.000522763177287, 0.00111114501487, -0.000210102705751, -0.000520639587194, -0.000708650099114, -5.06932883582e-05, -0.000969830784015, 0.00186627544463, -0.000450563878985, 0.000905386114027, -0.000219695342821, -0.000998145435005], [-0.000214245941606, 0.000412196939578, -0.000210102705751, 0.0027074504178, -0.00135651940946, 0.000376786658308, -0.000171632578713, -0.000171034087543, -0.000296831509331, 0.00225639576092, 0.000455632281955, 0.000744962599128, -0.000779678288382], [0.000247461197432, 0.000517413078342, -0.000520639587194, -0.00135651940946, 0.00421263417229, -0.00113385496661, -0.00045234215213, 0.000374355295207, -0.00138182833325, 0.000240028544795, 0.00087269267533, -0.000798362132628, 0.00111134233885], [-0.000277205079328, -0.000338460260537, -0.000708650099114, 0.000376786658308, -0.00113385496661, 0.00766820413992, 0.000531268422492, -0.000781918060966, -0.00119560328312, -0.0031097647734, -0.000272318487987, 0.00206054700539, 0.00303257908672], [6.52474918752e-05, 0.000370810856111, -5.06932883582e-05, -0.000171632578713, -0.00045234215213, 0.000531268422492, 0.0047791027464, -0.000798458466306, -0.000788245117292, 0.000910979986656, -0.00143628835212, -0.00209369277582, 0.00241171265952], [-0.000301994237816, 0.000702782592271, -0.000969830784015, -0.000171034087543, 0.000374355295207, -0.000781918060966, -0.000798458466306, 0.00822844915092, -0.00251763942651, 4.50773186458e-05, 0.000404242018703, 0.000745735829696, 0.000256133935181], [0.00063397269696, 0.000219091700274, 0.00186627544463, -0.000296831509331, -0.00138182833325, -0.00119560328312, -0.000788245117292, -0.00251763942651, 0.00988068804145, -0.00285285688005, -0.00299039715901, 0.00428934628144, -0.00287417625077], [-0.000182731600944, 0.00208877655677, -0.000450563878985, 0.00225639576092, 0.000240028544795, -0.0031097647734, 0.000910979986656, 4.50773186458e-05, -0.00285285688005, 0.0164344254881, -0.00582941668108, 0.000129403109895, -0.00132799474522], [-1.59734554472e-05, -0.00164801580831, 0.000905386114027, 0.000455632281955, 0.00087269267533, -0.000272318487987, -0.00143628835212, 0.000404242018703, -0.00299039715901, -0.00582941668108, 0.0168786272407, -0.00679297372699, -0.00112014927436], [5.50206859771e-05, 0.000511324091349, -0.000219695342821, 0.000744962599128, -0.000798362132628, 0.00206054700539, -0.00209369277582, 0.000745735829696, 0.00428934628144, 0.000129403109895, -0.00679297372699, 0.0139262573794, -0.00428990740329], [-0.00017857014609, 4.60035225842e-05, -0.000998145435005, -0.000779678288382, 0.00111134233885, 0.00303257908672, 0.00241171265952, 0.000256133935181, -0.00287417625077, -0.00132799474522, -0.00112014927436, -0.00428990740329, 0.00994851533324]]
    },
    "melbands": {
        "dmean": [1.58580278367e-05, 5.16180352861e-06, 6.61773037791e-06, 3.45832336279e-06, 1.87970488241e-06, 5.32981493961e-06, 1.07876030597e-05, 5.62405102755e-06, 2.65634002972e-06, 2.63690481006e-06, 1.19479673231e-05, 1.36248572744e-05, 7.34008335712e-06, 2.3968561436e-05, 3.70610723621e-05, 2.00434842554e-05, 2.3774418878e-05, 2.47353473242e-05, 3.71288442693e-05, 4.44242359663e-05, 3.38052232109e-05, 5.97285179538e-05, 7.74329018896e-05, 0.00010483807273, 0.000109448243165, 7.1724098234e-05, 6.47116758046e-05, 9.81435950962e-05, 0.000103545819002, 0.000137121576699, 6.65011248202e-05, 5.36801308044e-05, 1.62793694471e-05, 5.04676108903e-06, 2.40652866523e-06, 1.78893992597e-06, 1.18419768569e-06, 9.2196097512e-07, 5.06090430008e-07, 5.58920760341e-07],
        "dmean2": [1.74331016751e-05, 9.45237843553e-06, 1.09235606942e-05, 5.79273182666e-06, 3.06012771034e-06, 7.2169041232e-06, 1.65593428392e-05, 8.33365902508e-06, 4.04662660003e-06, 4.04048023483e-06, 1.62379237736e-05, 1.94241274585e-05, 1.05544577309e-05, 3.4272648918e-05, 5.42521011084e-05, 2.89888084808e-05, 3.60602462024e-05, 3.57374374289e-05, 6.19169368292e-05, 6.9250643719e-05, 5.37368214282e-05, 8.94107724889e-05, 0.000138087096275, 0.000188864447409, 0.000163986653206, 0.000122833109344, 0.00010068208212, 0.000152612250531, 0.000158285678481, 0.000191100421944, 9.72503912635e-05, 7.83751602285e-05, 2.28076751227e-05, 7.33019260224e-06, 4.15133763454e-06, 2.73412456409e-06, 1.83202325843e-06, 1.30457954128e-06, 6.7820002414e-07, 7.56868246299e-07],
        "dvar": [1.5335301029e-08, 3.98778610133e-09, 6.20737727886e-09, 1.14921605565e-09, 5.17526785315e-11, 5.24391807755e-10, 2.91481772052e-09, 7.86971154909e-10, 9.75325098462e-11, 5.33512733991e-10, 1.41629454831e-08, 1.30419062216e-08, 1.04379960231e-09, 3.02638376581e-08, 8.48473078463e-08, 3.23286180048e-08, 1.64714393236e-08, 1.2001395433e-08, 2.77585261443e-08, 5.79723575811e-08, 1.9786783767e-08, 4.9308079042e-07, 6.25529594345e-07, 1.17959291401e-06, 8.7791443093e-07, 2.26614972121e-07, 2.12421099377e-07, 7.17380089554e-07, 7.73096530793e-07, 1.72735769866e-06, 4.34965841123e-07, 3.24900298665e-07, 2.62791157724e-08, 2.08819517233e-09, 4.16479156717e-10, 2.86564244556e-10, 1.30358807082e-10, 1.03663640172e-10, 3.05860961558e-11, 3.90150030338e-11],
        "dvar2": [1.80840746822e-08, 8.1875990432e-09, 1.50791645837e-08, 2.5805588777e-09, 1.22317031503e-10, 7.63173357843e-10, 5.69697578001e-09, 1.59326341009e-09, 1.99072480722e-10, 1.09985087704e-09, 2.37540724868e-08, 2.72958544656e-08, 1.88728388473e-09, 6.23464231353e-08, 1.81612008987e-07, 6.25897413897e-08, 3.98553297032e-08, 2.97319093789e-08, 7.27092128727e-08, 1.3508069685e-07, 5.23446992418e-08, 1.10844075607e-06, 1.82571409368e-06, 3.23561584992e-06, 1.95425695892e-06, 6.75912360748e-07, 5.39211725936e-07, 1.83302256573e-06, 2.33618106904e-06, 3.2482359984e-06, 1.06749234874e-06, 6.10662425515e-07, 4.2100051445e-08, 4.72804284612e-09, 1.0213332402e-09, 6.02527194804e-10, 3.11103531825e-10, 2.02388203419e-10, 4.59614048209e-11, 8.02519439791e-11],
        "max": [0.00632291426882, 0.0014733762946, 0.00203416706063, 0.000847739109304, 0.000111172666948, 0.00091000838438, 0.00109924771823, 0.000621079234406, 0.000225097333896, 0.000708118721377, 0.00422832602635, 0.00285928044468, 0.000761932402384, 0.00527824228629, 0.0093860719353, 0.00463956268504, 0.00256392289884, 0.00220665126108, 0.00324693787843, 0.00504500884563, 0.00205911556259, 0.0193675849587, 0.0187209062278, 0.0250754225999, 0.0277653131634, 0.00900662038475, 0.0119037665427, 0.0213760938495, 0.0178259164095, 0.037994492799, 0.0181243922561, 0.0183096919209, 0.0061090728268, 0.00145420443732, 0.000728409970179, 0.000481510738609, 0.00038227456389, 0.000314814184094, 0.000207727498491, 0.000259874534095],
        "mean": [4.84621305077e-05, 4.85350165036e-06, 5.31840578333e-06, 3.24822167386e-06, 3.18598267768e-06, 1.18290017781e-05, 1.86509678315e-05, 1.48157596414e-05, 6.99922338754e-06, 4.31669059253e-06, 2.20012570935e-05, 1.72002310137e-05, 1.72712279891e-05, 4.17440278397e-05, 6.85923441779e-05, 2.5229750463e-05, 3.80331839551e-05, 4.59014372609e-05, 4.9049162044e-05, 7.71352351876e-05, 4.91721984872e-05, 7.28621089365e-05, 8.71502343216e-05, 0.000158283568453, 0.000184950884432, 0.000124164580484, 0.000117477116873, 0.000147108483361, 0.000160859010066, 0.000201357877813, 0.000131421766127, 9.37196673476e-05, 2.78914903902e-05, 8.85707049747e-06, 5.68351833863e-06, 3.59127534466e-06, 2.14894362216e-06, 1.79064909389e-06, 1.3730414139e-06, 1.64966775174e-06],
        "median": [2.11193096789e-07, 3.48041737652e-08, 1.55944093194e-08, 1.23732970536e-08, 2.56456491599e-08, 5.32682378207e-08, 4.64842116799e-07, 6.54380642118e-07, 1.94550821675e-07, 2.84118133465e-08, 1.00806154535e-08, 1.45806666296e-07, 4.28233477123e-07, 8.87360613433e-07, 2.59115211065e-07, 2.13252349113e-07, 5.03871206092e-07, 6.51627317438e-07, 3.58928616606e-07, 2.72448119176e-07, 3.90934900452e-07, 3.39308485309e-07, 4.00115737875e-07, 5.71650502934e-07, 8.45482134082e-07, 6.82498011884e-07, 4.42927671429e-07, 3.26280314766e-07, 3.02241346617e-07, 2.79784387658e-07, 2.52848337823e-07, 1.40056584996e-07, 8.71659224799e-08, 5.00030239436e-08, 5.36421147501e-08, 4.7778140555e-08, 2.36762875971e-08, 8.85018280883e-09, 5.45468292756e-09, 4.66677185784e-09],
        "min": [9.91759791831e-15, 8.06004365355e-15, 5.44064720373e-15, 2.85892063841e-15, 1.13166651072e-15, 6.37421780143e-16, 9.50543761541e-16, 1.25559018376e-15, 1.11004419479e-15, 7.71929976893e-16, 5.53708825752e-16, 3.31235860384e-16, 8.77735244614e-17, 1.33683544001e-16, 2.70518897598e-16, 1.46614812195e-16, 6.19965714885e-17, 3.93887393481e-16, 1.10872335279e-15, 1.28037055615e-15, 8.76599902828e-16, 3.75554477069e-16, 4.56782369142e-16, 3.56541657897e-16, 1.91234099106e-16, 1.14726417246e-16, 1.03179743518e-16, 1.46617935629e-16, 2.29883709563e-16, 4.25000051834e-16, 1.6255805014e-16, 7.66461320427e-17, 1.00224928638e-16, 1.3772072802e-16, 4.65023364444e-16, 8.63285061057e-17, 3.27820782359e-16, 2.23676863884e-16, 2.09855721405e-16, 2.78329467814e-16],
        "stdev": [0.000387920241337, 6.29593196209e-05, 7.07397339283e-05, 3.23371968989e-05, 9.74304839474e-06, 4.66880555905e-05, 7.40692848922e-05, 4.13970301452e-05, 1.99245459953e-05, 3.0945873732e-05, 0.000219221590669, 0.000140526608448, 4.64252734673e-05, 0.000282566004898, 0.000594468787313, 0.000212413346162, 0.000163013362908, 0.000169500388438, 0.00019016789156, 0.000308285088977, 0.000169754915987, 0.000721951771993, 0.000824441201985, 0.00151542306412, 0.00147454952821, 0.000763928343076, 0.000809512508567, 0.00114436307922, 0.00126556493342, 0.0019272333011, 0.00114260183182, 0.00101597548928, 0.000293807941489, 7.10996682756e-05, 4.71863713756e-05, 3.02115913655e-05, 2.0869596483e-05, 1.88444882951e-05, 1.33553567139e-05, 1.47134433064e-05],
        "var": [1.50482108552e-07, 3.96387633828e-09, 5.00411045934e-09, 1.0456941979e-09, 9.49269898798e-11, 2.17977458306e-09, 5.48625944674e-09, 1.71371417057e-09, 3.9698749843e-10, 9.57647183775e-10, 4.8058105051e-08, 1.97477270092e-08, 2.15530615577e-09, 7.98435451088e-08, 3.53393119212e-07, 4.51194281936e-08, 2.65733550719e-08, 2.87303834057e-08, 3.61638257118e-08, 9.50397023303e-08, 2.8816733888e-08, 5.2121436056e-07, 6.79703248352e-07, 2.29650709116e-06, 2.17429624172e-06, 5.83586484026e-07, 6.55310486763e-07, 1.30956675548e-06, 1.60165450325e-06, 3.71422834178e-06, 1.30553894451e-06, 1.03220611436e-06, 8.63231122139e-08, 5.05516251081e-09, 2.22655360815e-09, 9.12740216741e-10, 4.35540076227e-10, 3.55114743167e-10, 1.78365544556e-10, 2.16485412929e-10]
    },
    "melbands128": {
