{
"lowlevel": {
    "average_loudness": 0.924233078957,
    "barkbands_crest": {
        "dmean": 2.55079817772,
        "dmean2": 4.60053491592,
        "dvar": 11.1005373001,
        "dvar2": 37.1568069458,
        "max": 19.052324295,
        "mean": 7.66009569168,
        "median": 7.47128582001,
        "min": 3.04556059837,
        "stdev": 2.83225274086,
        "var": 8.0216550827
    },
    "barkbands_flatness_db": {
        "dmean": 0.0201068352908,
        "dmean2": 0.0340653508902,
        "dvar": 0.000839532061946,
        "dvar2": 0.00253672455437,
        "max": 0.26134839654,
        "mean": 0.0839642509818,
        "median": 0.0833285972476,
        "min": 0.0280355736613,
        "stdev": 0.029800850898,
        "var": 0.000888090697117
    },
    "barkbands_kurtosis": {
        "dmean": 3.41624474525,
        "dmean2": 6.29653549194,
        "dvar": 103.449653625,
        "dvar2": 318.871612549,
        "max": 68.6783676147,
        "mean": 1.26852238178,
        "median": -1.06565272808,
        "min": -1.90079259872,
        "stdev": 7.73864984512,
        "var": 59.8866996765
    },
    "barkbands_skewness": {
        "dmean": 0.868513047695,
        "dmean2": 1.20958924294,
        "dvar": 1.53320860863,
        "dvar2": 3.50851845741,
        "max": 6.99154758453,
        "mean": -0.143124118447,
        "median": -0.530387759209,
        "min": -3.71410059929,
        "stdev": 1.55081152916,
        "var": 2.40501642227
    },
    "barkbands_spread": {
        "dmean": 14.3933620453,
        "dmean2": 23.655878067,
        "dvar": 319.519989014,
        "dvar2": 800.190551758,
        "max": 125.161323547,
        "mean": 75.3736343384,
        "median": 69.8600006104,
        "min": 3.97566699982,
        "stdev": 39.1095237732,
        "var": 1529.55493164
    },
    "dissonance": {
        "dmean": 0.027721086517,
        "dmean2": 0.0525721758604,
        "dvar": 0.00364230456762,
        "dvar2": 0.0104025602341,
        "max": 0.49998831749,
        "mean": 0.478609085083,
        "median": 0.492308914661,
        "min": 0.153071895242,
        "stdev": 0.0481503941119,
        "var": 0.00231846049428
    },
    "dynamic_complexity": 21.8487815857,
    "erbbands_crest": {
        "dmean": 1.3004655838,
        "dmean2": 2.04897785187,
        "dvar": 2.24371051788,
        "dvar2": 6.40112686157,
        "max": 14.2828264236,
        "mean": 5.14276075363,
        "median": 4.25785303116,
        "min": 2.76048493385,
        "stdev": 2.08209562302,
        "var": 4.3351225853
    },
    "erbbands_flatness_db": {
        "dmean": 0.0187267847359,
        "dmean2": 0.0283289719373,
        "dvar": 0.00040237014764,
        "dvar2": 0.00107511656824,
        "max": 0.163976088166,
        "mean": 0.0978506207466,
        "median": 0.0982874035835,
        "min": 0.0398135334253,
        "stdev": 0.0216382425278,
        "var": 0.000468213576823
    },
    "erbbands_kurtosis": {
        "dmean": 1.05257225037,
        "dmean2": 1.68129169941,
        "dvar": 1.69515383244,
        "dvar2": 3.70626115799,
        "max": 7.0310049057,
        "mean": 0.449658662081,
        "median": 0.109055399895,
        "min": -1.56307685375,
        "stdev": 1.61490881443,
        "var": 2.60793066025
    },
    "erbbands_skewness": {
        "dmean": 0.457842200994,
        "dmean2": 0.691304564476,
        "dvar": 0.344240218401,
        "dvar2": 0.582825183868,
        "max": 2.26213598251,
        "mean": -0.525075078011,
        "median": -0.63327974081,
        "min": -2.50585436821,
        "stdev": 0.821513533592,
        "var": 0.674884498119
    },
    "erbbands_spread": {
        "dmean": 15.5308914185,
        "dmean2": 23.5174026489,
        "dvar": 332.155426025,
        "dvar2": 815.453063965,
        "max": 134.326004028,
        "mean": 48.3991661072,
        "median": 39.1009674072,
        "min": 23.4716358185,
        "stdev": 21.4110794067,
        "var": 458.434295654
    },
    "hfc": {
        "dmean": 32.0265617371,
        "dmean2": 44.4201545715,
        "dvar": 3163.05151367,
        "dvar2": 6074.90722656,
        "max": 502.138580322,
        "mean": 37.5253143311,
        "median": 0.112716004252,
        "min": 6.38622850602e-07,
        "stdev": 76.2652511597,
        "var": 5816.38867188
    },
    "loudness_ebu128": {
        "integrated": -31.5058307648,
        "loudness_range": 0,
        "momentary": {
            "dmean": 2.72506213188,
            "dmean2": 4.41182422638,
            "dvar": 66.0433273315,
            "dvar2": 92.0812835693,
            "max": -29.6978263855,
            "mean": -50.8685264587,
            "median": -33.6639137268,
            "min": -86.8445739746,
            "stdev": 25.6564655304,
            "var": 658.254211426
        },
        "short_term": {
            "dmean": 0,
            "dmean2": 0,
            "dvar": 0,
            "dvar2": 0,
            "max": -34.0076141357,
            "mean": -34.0076141357,
            "median": -34.0076141357,
            "min": -34.0076141357,
            "stdev": 0,
            "var": 0
        }
    },
    "melbands_crest": {
        "dmean": 3.93809080124,
        "dmean2": 6.40320682526,
        "dvar": 17.1408843994,
        "dvar2": 48.4869499207,
        "max": 32.5387763977,
        "mean": 11.3262844086,
        "median": 11.6628799438,
        "min": 3.29082918167,
        "stdev": 4.81218528748,
        "var": 23.1571292877
    },
    "melbands_flatness_db": {
        "dmean": 0.0336372107267,
        "dmean2": 0.0485407859087,
        "dvar": 0.00210221810266,
        "dvar2": 0.00490095140412,
        "max": 0.389474600554,
        "mean": 0.0761871561408,
        "median": 0.0450243130326,
        "min": 0.0155024025589,
        "stdev": 0.0683027505875,
        "var": 0.00466526579112
    },
    "melbands_kurtosis": {
        "dmean": 11.3320121765,
        "dmean2": 20.1836605072,
        "dvar": 1066.91394043,
        "dvar2": 3097.1796875,
        "max": 233.780563354,
        "mean": 7.26204252243,
        "median": -1.01460158825,
        "min": -1.76166450977,
        "stdev": 26.195941925,
        "var": 686.227355957
    },
    "melbands_skewness": {
        "dmean": 1.12637889385,
        "dmean2": 1.69481635094,
        "dvar": 2.65273976326,
        "dvar2": 6.67113685608,
        "max": 12.9792995453,
        "mean": 1.51063811779,
        "median": 0.670125424862,
        "min": -0.251382231712,
        "stdev": 1.89492499828,
        "var": 3.59074068069
    },
    "melbands_spread": {
        "dmean": 31.6396903992,
        "dmean2": 46.8144569397,
        "dvar": 1835.38842773,
        "dvar2": 2578.90649414,
        "max": 246.046936035,
        "mean": 125.629516602,
        "median": 164.493682861,
        "min": 1.87066185474,
        "stdev": 71.2532806396,
        "var": 5077.03027344
    },
    "pitch_salience": {
        "dmean": 0.0788980573416,
        "dmean2": 0.135901138186,
        "dvar": 0.0116277653724,
        "dvar2": 0.0376438386738,
        "max": 0.946699678898,
        "mean": 0.650378704071,
        "median": 0.637156426907,
        "min": 0.292506277561,
        "stdev": 0.0993564724922,
        "var": 0.00987170916051
    },
    "silence_rate_20dB": {
        "dmean": 0,
        "dmean2": 0,
        "dvar": 0,
        "dvar2": 0,
        "max": 1,
        "mean": 1,
        "median": 1,
        "min": 1,
        "stdev": 0,
        "var": 0
    },
    "silence_rate_30dB": {
        "dmean": 0.0170940179378,
        "dmean2": 0.0344827584922,
        "dvar": 0.0168017931283,
        "dvar2": 0.0332936495543,
        "max": 1,
        "mean": 0.983050823212,
        "median": 1,
        "min": 0,
        "stdev": 0.129080951214,
        "var": 0.0166618935764
    },
    "silence_rate_60dB": {
        "dmean": 0.102564103901,
        "dmean2": 0.206896558404,
        "dvar": 0.0920445695519,
        "dvar2": 0.198573410511,
        "max": 1,
        "mean": 0.559322059155,
        "median": 1,
        "min": 0,
        "stdev": 0.49646833539,
        "var": 0.246480807662
    },
    "spectral_centroid": {
        "dmean": 550.09967041,
        "dmean2": 784.123657227,
        "dvar": 563179.4375,
        "dvar2": 777813.625,
        "max": 4998.61181641,
        "mean": 3110.71582031,
        "median": 3773.33154297,
        "min": 254.784759521,
        "stdev": 1230.05310059,
        "var": 1513030.625
    },
    "spectral_complexity": {
        "dmean": 4.59829044342,
        "dmean2": 5.79310321808,
        "dvar": 37.3685188293,
        "dvar2": 62.5779075623,
        "max": 38,
        "mean": 6.98305082321,
        "median": 0,
        "min": 0,
        "stdev": 10.1638898849,
        "var": 103.304649353
    },
    "spectral_decrease": {
        "dmean": 2.3813366834e-09,
        "dmean2": 3.8262220059e-09,
        "dvar": 4.59143771267e-17,
        "dvar2": 1.27472794029e-16,
        "max": -2.35746040308e-18,
        "mean": -1.93760296696e-09,
        "median": -2.61459881523e-11,
        "min": -4.71619117093e-08,
        "stdev": 5.63805580001e-09,
        "var": 3.17876708202e-17
    },
    "spectral_energy": {
        "dmean": 0.0111374827102,
        "dmean2": 0.0172336716205,
        "dvar": 0.000813681806903,
        "dvar2": 0.00227978732437,
        "max": 0.203292712569,
        "mean": 0.0107165984809,
        "median": 0.000108147534775,
        "min": 6.68226030065e-11,
        "stdev": 0.0245684552938,
        "var": 0.000603608961683
    },
    "spectral_energyband_high": {
        "dmean": 0.00276863132603,
        "dmean2": 0.00375042273663,
        "dvar": 2.53568086919e-05,
        "dvar2": 4.49398175988e-05,
        "max": 0.0456403158605,
        "mean": 0.0033926833421,
        "median": 8.56439146446e-06,
        "min": 3.85465999397e-11,
        "stdev": 0.0070414962247,
        "var": 4.9582667998e-05
    },
    "spectral_energyband_low": {
        "dmean": 0.00143579707947,
        "dmean2": 0.00230305548757,
        "dvar": 2.21811624215e-05,
        "dvar2": 5.04556555825e-05,
        "max": 0.0378667712212,
        "mean": 0.00128104595933,
        "median": 3.65099513147e-05,
        "min": 8.48382735591e-12,
        "stdev": 0.00457956874743,
        "var": 2.09724512388e-05
    },
    "spectral_energyband_middle_high": {
        "dmean": 0.00288047897629,
        "dmean2": 0.0049478309229,
        "dvar": 5.8074536355e-05,
        "dvar2": 0.000161259697052,
        "max": 0.0483002252877,
        "mean": 0.00228328839876,
        "median": 6.23528012511e-06,
        "min": 8.61426988769e-12,
        "stdev": 0.00624198326841,
        "var": 3.89623564843e-05
    },
    "spectral_energyband_middle_low": {
        "dmean": 0.00545695470646,
        "dmean2": 0.00974150467664,
        "dvar": 0.000282451248495,
        "dvar2": 0.000805048097391,
        "max": 0.1042669788,
        "mean": 0.00396576523781,
        "median": 5.58475585422e-05,
        "min": 4.81500429805e-12,
        "stdev": 0.0131208160892,
        "var": 0.000172155807377
    },
    "spectral_entropy": {
        "dmean": 0.158702686429,
        "dmean2": 0.221549674869,
        "dvar": 0.0526025481522,
        "dvar2": 0.111756891012,
        "max": 8.93521308899,
        "mean": 8.54791736603,
        "median": 8.72012329102,
        "min": 6.9257941246,
        "stdev": 0.334022969007,
        "var": 0.111571349204
    },
    "spectral_flux": {
        "dmean": 0.0271804556251,
        "dmean2": 0.0433619841933,
        "dvar": 0.00354551081546,
        "dvar2": 0.00788024067879,
        "max": 0.445488542318,
        "mean": 0.0608549788594,
        "median": 0.0269735623151,
        "min": 0.000118704265333,
        "stdev": 0.0792652368546,
        "var": 0.0062829782255
    },
    "spectral_kurtosis": {
        "dmean": 0.532486498356,
        "dmean2": 0.812268018723,
        "dvar": 0.541251242161,
        "dvar2": 0.980171442032,
        "max": 5.84812450409,
        "mean": 1.40686631203,
        "median": 1.75986027718,
        "min": -0.590847730637,
        "stdev": 1.0411529541,
        "var": 1.08399951458
    },
    "spectral_rms": {
        "dmean": 0.00118419644423,
        "dmean2": 0.00165725627448,
        "dvar": 4.21545701101e-06,
        "dvar2": 1.04790697151e-05,
        "max": 0.0140831228346,
        "mean": 0.00192667392548,
        "median": 0.000323546526488,
        "min": 2.5532878567e-07,
        "stdev": 0.00259676086716,
        "var": 6.74316697769e-06
    },
    "spectral_rolloff": {
        "dmean": 1943.69360352,
        "dmean2": 3027.64306641,
        "dvar": 8029940,
        "dvar2": 12331317,
        "max": 19358.3496094,
        "mean": 11537.7832031,
        "median": 12683.0566406,
        "min": 107.666015625,
        "stdev": 6337.86035156,
        "var": 40168476
    },
    "spectral_skewness": {
        "dmean": 0.164723321795,
        "dmean2": 0.245353892446,
        "dvar": 0.0530517660081,
        "dvar2": 0.0774903744459,
        "max": 1.98418974876,
        "mean": 1.09623348713,
        "median": 1.22035968304,
        "min": 0.297167390585,
        "stdev": 0.344386428595,
        "var": 0.118602015078
    },
    "spectral_spread": {
        "dmean": 992546.4375,
        "dmean2": 1440412.375,
        "dvar": 1.77714849382e+12,
        "dvar2": 3.57125613158e+12,
        "max": 15124573,
        "mean": 9514890,
        "median": 9486238,
        "min": 3298127.75,
        "stdev": 1690991.875,
        "var": 2.8594536448e+12
    },
    "spectral_strongpeak": {
        "dmean": 0.927273571491,
        "dmean2": 1.55858850479,
        "dvar": 3.91682600975,
        "dvar2": 8.23623752594,
        "max": 11.6057415009,
        "mean": 0.774564385414,
        "median": 0.011231822893,
        "min": 0,
        "stdev": 2.04178643227,
        "var": 4.1688914299
    },
    "zerocrossingrate": {
        "dmean": 0.0430188290775,
        "dmean2": 0.0464077666402,
        "dvar": 0.0023626841139,
        "dvar2": 0.00213545514271,
        "max": 0.4755859375,
        "mean": 0.23713503778,
        "median": 0.256103515625,
        "min": 0.033203125,
        "stdev": 0.0944822281599,
        "var": 0.00892689079046
    },
    "barkbands": {
        "dmean": [2.5651017495e-05, 0.000977694406174, 0.000535703380592, 0.000498522771522, 0.00186356238555, 0.00105411396362, 0.000725726247765, 0.000967393978499, 0.000456211448181, 0.000463782402221, 0.000587900343817, 0.000589387083892, 0.000175057124579, 0.000118862939416, 0.000200940790819, 0.000293285789667, 0.000371818168787, 6.92835601512e-05, 0.000119911637739, 0.000184311997145, 0.000179458613275, 0.00027936155675, 0.000426945509389, 0.000750151637476, 0.000537029816769, 0.000659761717543, 5.24362731085e-05],
        "dmean2": [4.9943504564e-05, 0.00171877606772, 0.00101110921241, 0.000934168172535, 0.00324843125418, 0.00184261694085, 0.0013073963346, 0.00179624184966, 0.000826735806186, 0.000846452545375, 0.00109792139847, 0.00106725445949, 0.000295491190627, 0.000202043229365, 0.000361726182746, 0.000446670921519, 0.000616110628471, 0.000126461745822, 0.000204801777727, 0.000295766018098, 0.000289671763312, 0.000453487999039, 0.000664419785608, 0.00100209040102, 0.000768122670706, 0.000814236293081, 7.04131380189e-05],
        "dvar": [1.43503013916e-08, 8.56387759995e-06, 4.9981704251e-06, 4.0590603021e-06, 3.88670050597e-05, 6.80781158735e-06, 4.32881961387e-06, 9.44384555623e-06, 1.44507055211e-06, 1.97284180103e-06, 3.52601341547e-06, 2.76512491837e-06, 2.43965416757e-07, 1.0395370964e-07, 6.38752112536e-07, 4.81612630665e-07, 1.19828155221e-06, 7.94487746703e-08, 1.67422712138e-07, 1.38270451089e-07, 1.1816979395e-07, 3.81566991337e-07, 6.183748269e-07, 1.85253452401e-06, 1.13413614145e-06, 2.71701424026e-06, 1.14978941923e-08],
        "dvar2": [4.49633752453e-08, 2.01737548196e-05, 1.49522566062e-05, 1.18345033115e-05, 0.000112044654088, 1.78910049726e-05, 1.22816627481e-05, 2.75961992884e-05, 3.98910606236e-06, 5.65806976738e-06, 1.00858806036e-05, 7.5955426837e-06, 6.42310851617e-07, 2.8667557217e-07, 1.88118622191e-06, 9.58694613473e-07, 2.18893251258e-06, 2.34885519035e-07, 4.90311265366e-07, 3.51731614501e-07, 3.02656900431e-07, 1.03813749774e-06, 1.4916076907e-06, 3.71252849618e-06, 1.97800159185e-06, 3.41174882124e-06, 1.61327253778e-08],
        "max": [0.000958990887739, 0.0186435654759, 0.0159614812583, 0.0144874742255, 0.0430645979941, 0.0143802091479, 0.0118897194043, 0.0182877965271, 0.00587346637622, 0.00784872006625, 0.01167627424, 0.00873412750661, 0.00291774561629, 0.00218850001693, 0.00593656254932, 0.00461649987847, 0.00878468621522, 0.00217188196257, 0.00311835948378, 0.00214146426879, 0.00213999324478, 0.00425242679194, 0.00424243509769, 0.0115275382996, 0.0104637909681, 0.0189576987177, 0.000888321024831],
        "mean": [1.92049192265e-05, 0.000771091319621, 0.000346186221577, 0.000313958211336, 0.00130251958035, 0.000773401989136, 0.000535209488589, 0.000633915013168, 0.000317585596349, 0.000313064811053, 0.000378603348508, 0.000425940612331, 0.000129045336507, 9.22465333133e-05, 0.000136761344038, 0.000256144325249, 0.00034978587064, 5.30348224856e-05, 9.02845349628e-05, 0.000158547220053, 0.000189714657608, 0.000295172940241, 0.000496103835758, 0.000840574561153, 0.000623557309154, 0.000809788587503, 6.47790875519e-05],
        "median": [7.85025235928e-07, 2.41446559812e-05, 4.86177032144e-06, 1.85350245374e-06, 1.8814644136e-05, 7.40963605494e-06, 5.56389295525e-06, 3.15651186611e-06, 1.30585522129e-06, 4.28795829066e-07, 6.71043324019e-07, 1.23584004541e-06, 3.67508675936e-07, 3.74910200662e-07, 1.94171434487e-07, 1.82371920232e-07, 1.9277852914e-07, 2.2526688781e-07, 2.10926913269e-07, 3.21693619298e-07, 5.20919456903e-07, 1.34875858748e-06, 1.27837779473e-06, 1.14937859053e-06, 1.59698777225e-06, 1.11966221539e-06, 4.98607278132e-07],
        "min": [4.135354819e-12, 4.42386014973e-12, 1.51832105916e-12, 9.41280365284e-13, 1.19274100145e-12, 7.68610164664e-13, 3.03465640204e-13, 4.42348360632e-13, 8.37942508349e-13, 8.74281820985e-13, 1.68539796919e-13, 1.21858469496e-12, 3.58980586142e-13, 1.99532962852e-13, 1.10037489103e-12, 7.66465233296e-13, 6.17455847736e-13, 5.56220163244e-13, 5.11993713485e-13, 2.84864536473e-12, 1.07127490472e-12, 7.1784413266e-13, 2.38962842569e-12, 3.83839965021e-12, 7.65771647482e-12, 8.66415619805e-12, 1.47642557902e-11],
        "stdev": [9.08569636522e-05, 0.00274900975637, 0.00166046700906, 0.00150726013817, 0.00482812849805, 0.00223597674631, 0.00164958264213, 0.00232623331249, 0.000966250197962, 0.00107139907777, 0.00143257901073, 0.00133635802194, 0.000418398500187, 0.000265317125013, 0.000592659693211, 0.000765284174122, 0.00123273406643, 0.000208811543416, 0.000310119416099, 0.000359017227311, 0.000360594363883, 0.000579499523155, 0.000890029943548, 0.00180706579704, 0.00145959039219, 0.00245884479955, 0.000156743757543],
        "var": [8.25498780443e-09, 7.55705468691e-06, 2.7571506962e-06, 2.27183318202e-06, 2.33108239627e-05, 4.99959196532e-06, 2.72112288258e-06, 5.41136114407e-06, 9.33639455525e-07, 1.14789600048e-06, 2.05228252526e-06, 1.78585275989e-06, 1.75057309093e-07, 7.03931704038e-08, 3.51245489583e-07, 5.85659847729e-07, 1.5196332015e-06, 4.36022595807e-08, 9.61740482808e-08, 1.28893361762e-07, 1.30028297463e-07, 3.35819720476e-07, 7.92153286966e-07, 3.26548661178e-06, 2.13040402741e-06, 6.04591787123e-06, 2.45686067046e-08]
    },
    "erbbands": {
        "dmean": [0.0154709741473, 0.260885536671, 0.567493319511, 1.21802270412, 2.86470627785, 6.90807151794, 11.1761350632, 7.15534162521, 8.2598400116, 16.2822799683, 21.3446006775, 9.92681694031, 12.6687364578, 15.2887134552, 29.836139679, 20.2283840179, 9.02407360077, 6.26653432846, 8.98021221161, 7.18162345886, 23.4986190796, 19.4923610687, 4.07729005814, 5.19440793991, 6.90673065186, 10.1383266449, 5.32193231583, 8.84180450439, 8.40791034698, 11.6037015915, 12.9339342117, 11.7123041153, 15.2987127304, 6.828353405, 3.62401151657, 4.07972955704, 0.941518843174, 0.0759070962667, 0.0075127906166, 0.000906999688596],
        "dmean2": [0.0260364301503, 0.457509785891, 0.975183963776, 2.32117176056, 5.25160884857, 12.4660768509, 19.9501895905, 12.2540063858, 15.1833610535, 30.1344184875, 40.0884552002, 18.2341918945, 23.2575263977, 28.5545654297, 54.9178504944, 36.8423995972, 15.4015979767, 10.4153051376, 15.9145669937, 12.3682575226, 37.4434089661, 32.0961151123, 7.12097167969, 9.4902715683, 11.3837137222, 16.2876968384, 8.31685447693, 14.1271018982, 12.8500146866, 19.0580425262, 19.7347011566, 16.3440341949, 21.5955047607, 9.98194599152, 4.94957304001, 5.24366474152, 1.07106280327, 0.0915435180068, 0.00976154301316, 0.00126970489509],
        "dvar": [0.00190535315778, 0.609481751919, 4.39818572998, 26.582616806, 114.467269897, 563.780944824, 969.185058594, 313.057617188, 564.912780762, 2122.82055664, 4678.87988281, 704.576538086, 1290.10595703, 2855.08129883, 7323.92529297, 3415.25170898, 649.049316406, 296.155181885, 930.497131348, 551.250305176, 3393.36572266, 3122.26708984, 134.023513794, 534.988830566, 326.917297363, 454.39276123, 98.3480987549, 306.559753418, 234.496948242, 682.305114746, 635.470947266, 406.565979004, 922.912719727, 190.198318481, 57.9976654053, 93.2999649048, 7.16722536087, 0.0296425633132, 0.000203090239665, 4.46982130597e-06],
        "dvar2": [0.00419887853786, 1.44667172432, 12.0291080475, 78.5800323486, 330.186920166, 1631.00646973, 2646.65649414, 817.00177002, 1593.99145508, 6119.78662109, 13595.0302734, 1913.80615234, 3675.17431641, 8305.09277344, 20539.5292969, 9432.29003906, 1723.04650879, 806.93939209, 2714.37939453, 1594.07214355, 6316.82714844, 5840.01953125, 367.433074951, 1583.84057617, 929.754577637, 1146.27734375, 257.59677124, 804.719299316, 576.033996582, 1825.85717773, 1623.29516602, 897.496826172, 1730.90124512, 384.619537354, 119.014701843, 121.998001099, 10.886973381, 0.047534648329, 0.000284167355858, 6.12252870269e-06],
        "max": [0.293473660946, 4.98651218414, 16.3249092102, 36.8432006836, 76.3145828247, 162.769348145, 181.640350342, 99.0470199585, 146.058135986, 233.061126709, 414.636932373, 128.510559082, 175.217605591, 328.83215332, 502.121459961, 303.504302979, 150.470932007, 111.148643494, 221.97517395, 171.241500854, 411.498046875, 434.789611816, 79.3629074097, 179.994232178, 131.674240112, 137.680130005, 60.2895584106, 112.972579956, 93.9997940063, 166.807785034, 150.726974487, 126.94405365, 276.13381958, 121.617767334, 74.8859405518, 101.905044556, 32.2218513489, 1.88869261742, 0.131892427802, 0.0162957627326],
        "mean": [0.013876655139, 0.199460476637, 0.421365052462, 0.790333986282, 1.98348093033, 4.67506599426, 7.95609760284, 5.38766813278, 6.21055412292, 11.0010128021, 13.917175293, 7.16778469086, 8.4668970108, 10.102265358, 19.9886608124, 14.7253866196, 6.80640649796, 4.93853712082, 6.37683200836, 5.37873888016, 21.0561923981, 18.0139789581, 3.51802039146, 3.68509435654, 5.4972243309, 8.80071544647, 5.75896167755, 9.07713222504, 9.63229179382, 12.0103197098, 14.6356115341, 13.7025690079, 16.89128685, 8.10994052887, 3.84866929054, 4.9166226387, 1.08308768272, 0.0877420157194, 0.00925402436405, 0.00115428550635],
        "median": [0.000637984834611, 0.00448026508093, 0.00621614651754, 0.00853694416583, 0.0440207161009, 0.0560681596398, 0.050552520901, 0.0606625825167, 0.0787442773581, 0.0697406083345, 0.0519024543464, 0.0322699993849, 0.0143372043967, 0.0163269564509, 0.0400267727673, 0.0376459993422, 0.0177237410098, 0.0182044282556, 0.0158819518983, 0.00882425718009, 0.00962564442307, 0.0111741684377, 0.0116202216595, 0.00932128913701, 0.0118520315737, 0.017833545804, 0.014143647626, 0.0301441513002, 0.05565026775, 0.0305759627372, 0.0391319394112, 0.0237939283252, 0.0210737176239, 0.0168753154576, 0.0108142737299, 0.00563315767795, 0.00187642383389, 0.000434496731032, 8.04456067272e-05, 5.92159813095e-06],
        "min": [1.88874138551e-10, 7.8895540101e-10, 1.73868464071e-09, 2.67628097461e-09, 3.60935725752e-09, 3.94191124187e-09, 4.54973925201e-09, 6.78535272414e-09, 5.29222621282e-09, 5.22899545885e-09, 1.21000480746e-08, 1.84984170204e-08, 2.91581585543e-08, 1.38085018975e-08, 1.8240413624e-08, 5.04111845601e-08, 2.09329531486e-08, 6.56218812622e-09, 4.24766319895e-08, 5.02384125411e-08, 3.93518888586e-08, 3.62122705155e-08, 3.49212534445e-08, 2.41380853083e-08, 7.4101762948e-08, 1.25705199139e-07, 4.69769823042e-08, 3.27863816096e-08, 1.61593529668e-08, 7.82415554568e-08, 5.5046655234e-08, 8.71957865911e-08, 6.25503631113e-08, 8.04064228532e-08, 5.63199229475e-08, 3.3598812621e-08, 1.42725333774e-08, 6.32476870877e-09, 1.84820747595e-09, 2.55886423162e-10],
        "stdev": [0.0441524982452, 0.727552175522, 1.7438172102, 3.82579135895, 8.15099430084, 18.145116806, 25.4205284119, 15.3657722473, 18.779258728, 35.7282791138, 51.8124542236, 21.5189857483, 27.6001110077, 39.8162918091, 67.1235961914, 46.5568466187, 21.3986988068, 14.3384027481, 23.0817775726, 18.3279361725, 65.3436431885, 62.1065864563, 9.73064613342, 16.9656581879, 14.653427124, 20.5933189392, 10.4709939957, 17.7627010345, 16.8969612122, 25.603925705, 27.217628479, 25.5387153625, 39.6600265503, 18.4368228912, 9.37313842773, 14.1593322754, 3.75196290016, 0.24662026763, 0.0216621756554, 0.00302427704446],
        "var": [0.0019494430162, 0.52933216095, 3.04089832306, 14.6366786957, 66.4387054443, 329.245269775, 646.203308105, 236.106948853, 352.660552979, 1276.5098877, 2684.53051758, 463.066741943, 761.766113281, 1585.3371582, 4505.57714844, 2167.54003906, 457.904296875, 205.589797974, 532.768493652, 335.913269043, 4269.79199219, 3857.22827148, 94.6854782104, 287.833557129, 214.722930908, 424.084747314, 109.641708374, 315.513580322, 285.507324219, 655.561035156, 740.799316406, 652.226013184, 1572.91772461, 339.916442871, 87.8557281494, 200.486694336, 14.0772256851, 0.0608215592802, 0.000469249876915, 9.14625161386e-06]
    },
    "gfcc": {
        "mean": [-308.403015137, -33.2530670166, -74.33568573, 11.0446214676, -57.9370689392, 15.2746620178, -31.831867218, 6.91875123978, -18.9017829895, 6.29987192154, -12.4714565277, 7.12324762344, -6.41499137878],
        "cov": [[115993.734375, 12280.1708984, 779.456359863, 1354.01953125, -5619.74414062, 2248.12133789, -2719.75439453, 14.5343694687, -1723.14025879, -34.6912384033, -965.329101562, 362.894500732, -320.998626709], [12280.1708984, 2964.38305664, 220.311294556, 286.329162598, -488.12789917, 251.080551147, -323.243469238, -24.4292507172, -115.414367676, -97.1071166992, -145.23866272, 71.3711090088, -60.3191223145], [779.456359863, 220.311294556, 622.419189453, 135.051681519, -49.7066497803, 111.591957092, 18.7178878784, -22.0011291504, -81.9810409546, 9.34494972229, -31.6510601044, -52.6980781555, -6.7211098671], [1354.01953125, 286.329162598, 135.051681519, 125.054275513, -30.8715438843, 53.7644424438, -19.8690662384, 7.10031795502, -16.2689361572, -1.32922422886, -10.417514801, 6.89647579193, -0.0801997631788], [-5619.74414062, -488.12789917, -49.7066497803, -30.8715438843, 349.905700684, -99.1354751587, 134.100006104, 10.3007259369, 102.98638916, -1.05466377735, 40.5495071411, -17.5934238434, 21.9077281952], [2248.12133789, 251.080551147, 111.591957092, 53.7644424438, -99.1354751587, 148.863357544, 14.0399532318, 10.0127458572, -74.2733840942, 23.7004337311, 12.3947963715, -16.4471263885, -16.739484787], [-2719.75439453, -323.243469238, 18.7178878784, -19.8690662384, 134.100006104, 14.0399532318, 147.492324829, 15.8308506012, 7.74664068222, 20.2254371643, 49.2746353149, -34.7588882446, -1.52961647511], [14.5343694687, -24.4292507172, -22.0011291504, 7.10031795502, 10.3007259369, 10.0127458572, 15.8308506012, 48.7437515259, 27.9539089203, 5.6202173233, 5.56728935242, 5.09327793121, 5.6142206192], [-1723.14025879, -115.414367676, -81.9810409546, -16.2689361572, 102.98638916, -74.2733840942, 7.74664068222, 27.9539089203, 117.309959412, 3.43385481834, -0.092703551054, 26.4568786621, 16.3024539948], [-34.6912384033, -97.1071166992, 9.34494972229, -1.32922422886, -1.05466377735, 23.7004337311, 20.2254371643, 5.6202173233, 3.43385481834, 43.2861022949, 28.418504715, 1.477820158, 3.07328128815], [-965.329101562, -145.23866272, -31.6510601044, -10.417514801, 40.5495071411, 12.3947963715, 49.2746353149, 5.56728935242, -0.092703551054, 28.418504715, 58.6199035645, 5.20367431641, 4.28837251663], [362.894500732, 71.3711090088, -52.6980781555, 6.89647579193, -17.5934238434, -16.4471263885, -34.7588882446, 5.09327793121, 26.4568786621, 1.477820158, 5.20367431641, 42.1427612305, 12.0086746216], [-320.998626709, -60.3191223145, -6.7211098671, -0.0801997631788, 21.9077281952, -16.739484787, -1.52961647511, 5.6142206192, 16.3024539948, 3.07328128815, 4.28837251663, 12.0086746216, 32.121635437]],
        "icov": [[0.000165925244801, -0.000184364893357, 0.000430709653301, -0.000665528641548, 0.00133450306021, -0.00098358571995, 0.00123750662897, -0.000785393523984, 0.000796350941528, -0.00119070708752, 0.00128914765082, 0.000318569684168, -0.000407603482017], [-0.000184364893357, 0.00105431408156, -0.000392314483179, -0.00036149439984, -0.00105605530553, -0.00085136765847, -0.000335662742145, 0.00186959956773, -0.00211607385427, 0.00375425396487, -0.00152091344353, -0.000871781201568, 0.00123199447989], [0.000430709653301, -0.000392314483179, 0.00402654986829, -0.00485484767705, 0.00364674651064, -0.00338105391711, 0.00241005909629, -0.000179826500244, 0.00227159447968, -0.00457944441587, 0.00569427525625, 0.00376633903943, -0.00258806464262], [-0.000665528641548, -0.00036149439984, -0.00485484767705, 0.0183252226561, -0.00830837152898, 0.000796960201114, -0.00327240978368, -0.000764770549722, -0.00140063802246, 0.00440008984879, -0.00438355794176, -0.00765041122213, 0.0014951901976], [0.00133450306021, -0.00105605530553, 0.00364674651064, -0.00830837152898, 0.0209391843528, -0.00548467272893, 0.00307811913081, -0.00115907005966, -0.00270382943563, -0.00321276951581, 0.00534612778574, 0.00862837024033, -0.00695470254868], [-0.00098358571995, -0.00085136765847, -0.00338105391711, 0.000796960201114, -0.00548467272893, 0.0295219272375, -0.0143959410489, -0.00549362320453, 0.00814839359373, -0.00760902371258, -0.00633276393637, -0.00205025309697, 0.00547110056505], [0.00123750662897, -0.000335662742145, 0.00241005909629, -0.00327240978368, 0.00307811913081, -0.0143959410489, 0.0344520993531, -0.0105688050389, 0.00378027488478, -0.00374222244136, -0.00643882947043, 0.0177178364247, -0.00120593979955], [-0.000785393523984, 0.00186959956773, -0.000179826500244, -0.000764770549722, -0.00115907005966, -0.00549362320453, -0.0105688050389, 0.0382199063897, -0.0212014019489, 0.0135795660317, -0.00785838067532, 0.00249265646562, -0.00405488116667], [0.000796350941528, -0.00211607385427, 0.00227159447968, -0.00140063802246, -0.00270382943563, 0.00814839359373, 0.00378027488478, -0.0212014019489, 0.0362794287503, -0.0245184171945, 0.021183796227, -0.0176084395498, 0.00212030927651], [-0.00119070708752, 0.00375425396487, -0.00457944441587, 0.00440008984879, -0.00321276951581, -0.00760902371258, -0.00374222244136, 0.0135795660317, -0.0245184171945, 0.0617000311613, -0.0367560349405, 0.00649137049913, -0.00110137404408], [0.00128914765082, -0.00152091344353, 0.00569427525625, -0.00438355794176, 0.00534612778574, -0.00633276393637, -0.00643882947043, -0.00785838067532, 0.021183796227, -0.0367560349405, 0.0607083663344, -0.024557352066, -0.000830882810988], [0.000318569684168, -0.000871781201568, 0.00376633903943, -0.00765041122213, 0.00862837024033, -0.00205025309697, 0.0177178364247, 0.00249265646562, -0.0176084395498, 0.00649137049913, -0.024557352066, 0.0641301721334, -0.0166106596589], [-0.000407603482017, 0.00123199447989, -0.00258806464262, 0.0014951901976, -0.00695470254868, 0.00547110056505, -0.00120593979955, -0.00405488116667, 0.00212030927651, -0.00110137404408, -0.000830882810988, -0.0166106596589, 0.0424298793077]]
    },
    "melbands": {
        "dmean": [0.000215153108002, 0.000284746929538, 0.00025041209301, 0.00034285892616, 0.000386936677387, 0.000168589656823, 0.000128650135593, 0.000186754899914, 0.000169927123352, 5.44797840121e-05, 6.41913429718e-05, 6.01039319008e-05, 9.0927540441e-05, 7.14722409612e-05, 4.28032399213e-05, 1.1558573533e-05, 1.14933363875e-05, 1.25652913994e-05, 1.56166061061e-05, 6.99724387232e-06, 3.41618324455e-05, 2.46844174399e-05, 5.63574167245e-06, 3.31322712555e-06, 4.20507194576e-06, 5.21316042068e-06, 5.98906217419e-06, 6.47898514217e-06, 3.01778050016e-06, 3.88276293961e-06, 5.94015682509e-06, 4.6635268518e-06, 6.55116718917e-06, 6.38002302367e-06, 7.77498098614e-06, 7.52225741962e-06, 7.05216280039e-06, 1.18967900562e-05, 9.13048916118e-06, 5.02505690747e-06],
        "dmean2": [0.000379118719138, 0.000457606976852, 0.0004669513728, 0.000612411298789, 0.000694848189596, 0.000291657226626, 0.000240072855377, 0.000344858301105, 0.000319165061228, 9.92095883703e-05, 0.000117608004075, 0.00011292398267, 0.00016816421703, 0.000131641994813, 7.52695123083e-05, 1.95146549231e-05, 1.92658280866e-05, 2.22920443775e-05, 2.82094042632e-05, 1.07462537926e-05, 5.4171319789e-05, 4.05498540204e-05, 9.30199439608e-06, 5.94112043473e-06, 7.8004622992e-06, 8.8444821813e-06, 9.69388838712e-06, 1.04672999441e-05, 4.72155170428e-06, 6.00002567808e-06, 9.71857116383e-06, 6.90762635713e-06, 1.10027440314e-05, 1.0415048564e-05, 1.27495623019e-05, 1.13232890726e-05, 1.00595061667e-05, 1.57935464813e-05, 1.38377326948e-05, 7.65875120123e-06],
        "dvar": [4.14794754988e-07, 8.53547476254e-07, 1.06106165276e-06, 1.47488322e-06, 1.26440522763e-06, 1.73852825469e-07, 1.40637425261e-07, 2.91227195248e-07, 2.8656285167e-07, 2.12230606422e-08, 3.30090514922e-08, 4.39894733972e-08, 7.49821538193e-08, 4.04085938044e-08, 1.53654120538e-08, 9.74973435319e-10, 1.0253470295e-09, 1.50851431346e-09, 4.05295841333e-09, 2.41878822527e-10, 7.37287386698e-09, 5.66279112491e-09, 1.72095449003e-10, 1.78284997876e-10, 3.82417236766e-10, 2.43407960454e-10, 1.61714308611e-10, 1.88781199006e-10, 3.35752675662e-11, 5.40365599488e-11, 1.44305942196e-10, 6.21983714533e-11, 2.31185737221e-10, 2.08168718374e-10, 2.64325783483e-10, 1.8010266889e-10, 1.47932124883e-10, 5.38668443184e-10, 4.15918327556e-10, 9.42565539508e-11],
        "dvar2": [9.5714847248e-07, 1.95092843569e-06, 3.11883491122e-06, 4.25837242801e-06, 3.50648087988e-06, 4.54908160918e-07, 3.9392662643e-07, 8.45789884352e-07, 8.30218255032e-07, 5.74737661907e-08, 9.40918667425e-08, 1.27764494096e-07, 2.12931809074e-07, 1.10961686062e-07, 4.21223838032e-08, 2.45687048483e-09, 2.80676193398e-09, 4.36576330642e-09, 1.19454766079e-08, 5.60546553618e-10, 1.35119471167e-08, 1.04861923589e-08, 4.3667289229e-10, 5.2840148923e-10, 1.13284992498e-09, 7.03636260369e-10, 4.23053481136e-10, 4.68608984949e-10, 9.2073682012e-11, 1.38728376009e-10, 3.84196674474e-10, 1.49645629222e-10, 6.45289321977e-10, 5.33226074406e-10, 7.03772706778e-10, 3.94705657047e-10, 3.34065247687e-10, 1.11118358959e-09, 7.53591689051e-10, 2.14960854672e-10],
        "max": [0.00403162650764, 0.00741091975942, 0.00738761248067, 0.00850087590516, 0.00690628448501, 0.00236615934409, 0.00226598186418, 0.00285972771235, 0.00324481376447, 0.000779253663495, 0.000893337710295, 0.00129284593277, 0.00164877879433, 0.00109163287561, 0.000766621611547, 0.000194138337974, 0.000216490807361, 0.00027319820947, 0.000474476604722, 0.000108808504592, 0.000623730593361, 0.000601624546107, 7.2223789175e-05, 0.000102766149212, 0.000152429376612, 0.000115506154543, 6.90654851496e-05, 9.07834182726e-05, 3.65756532119e-05, 4.13539964939e-05, 7.16290305718e-05, 4.47146012448e-05, 0.000100297664176, 0.000103013815533, 9.363960271e-05, 7.17716320651e-05, 8.48420895636e-05, 0.000212947328691, 0.000194171720068, 6.95470007486e-05],
        "mean": [0.000178230373422, 0.000243878108449, 0.000166742524016, 0.000238537395489, 0.000273648329312, 0.000126071914565, 9.85808292171e-05, 0.000124974132632, 0.000109325694211, 3.99925229431e-05, 4.27315608249e-05, 3.97725125367e-05, 5.94554476265e-05, 5.08404846187e-05, 3.05245484924e-05, 9.10460312298e-06, 8.92197931535e-06, 9.01083967619e-06, 1.05404687929e-05, 5.96238305661e-06, 3.07856498694e-05, 2.31442190852e-05, 4.46929516329e-06, 2.46385047831e-06, 2.87079228656e-06, 3.98360953113e-06, 4.8597521527e-06, 5.71958844375e-06, 3.07583422909e-06, 4.06858362112e-06, 5.83224482398e-06, 5.27268139194e-06, 6.12073972661e-06, 6.73463682688e-06, 8.29433429317e-06, 8.71840893524e-06, 8.0573172454e-06, 1.22340770758e-05, 1.05299604911e-05, 5.53323161512e-06],
        "median": [7.70733004174e-06, 4.5220535867e-06, 2.39080236497e-06, 4.25218240707e-06, 1.87513978744e-06, 1.49351012624e-06, 1.14437489174e-06, 7.31899717721e-07, 3.96455448026e-07, 1.76590845058e-07, 7.13154832965e-08, 6.38451496116e-08, 1.22413908343e-07, 1.53352644361e-07, 6.70827304816e-08, 2.51759466607e-08, 3.62517198482e-08, 2.72875748664e-08, 1.38096947211e-08, 1.00329557995e-08, 1.29034338769e-08, 1.22252679091e-08, 7.2124146655e-09, 1.33977788863e-08, 6.32996588479e-09, 8.93319196393e-09, 7.52054241104e-09, 1.32974733447e-08, 7.23294846239e-09, 1.26167165604e-08, 1.90231830288e-08, 3.41535084658e-08, 2.26376926094e-08, 1.54350310311e-08, 2.38139712394e-08, 1.67813070107e-08, 1.33791635548e-08, 1.38454367971e-08, 1.53972727901e-08, 1.45042111654e-08],
        "min": [1.65626225842e-12, 9.42812451374e-13, 4.8944404302e-13, 2.72651015263e-13, 1.62244187269e-13, 1.50511344382e-13, 7.59289685162e-14, 6.30488364425e-14, 1.06219930583e-13, 1.1917464899e-13, 1.48843190919e-13, 6.16777950328e-14, 3.69247038815e-14, 1.30589983272e-13, 1.00195947459e-13, 2.24563833376e-14, 8.84634857365e-15, 5.87417958785e-14, 8.64745693671e-14, 5.53209584533e-14, 4.24697915182e-14, 3.02480208849e-14, 4.79669574188e-14, 2.18423268025e-14, 1.82019774009e-14, 2.10488195612e-14, 1.2644692151e-13, 6.56933749478e-14, 2.44819559048e-14, 3.08405238196e-14, 1.40235282967e-14, 6.44434185919e-15, 1.74888891617e-14, 5.46816281491e-14, 2.52474941181e-14, 3.92742885739e-14, 5.73828365467e-14, 2.97824949652e-14, 6.87323733085e-14, 6.87339115203e-14],
        "stdev": [0.000615447119344, 0.000892070529517, 0.000769019708969, 0.000932459486648, 0.000900848943274, 0.000360042264219, 0.000297388731269, 0.000414815993281, 0.000406471226597, 0.000118608993944, 0.000139606549055, 0.00015632652503, 0.000211222461076, 0.000160898751346, 0.00010043286602, 2.74170197372e-05, 2.65549097094e-05, 2.98074919556e-05, 4.71117527923e-05, 1.65323417605e-05, 9.69235843513e-05, 8.39769927552e-05, 1.21558223327e-05, 9.90608987195e-06, 1.42853386933e-05, 1.21565253721e-05, 1.16941428132e-05, 1.34621586767e-05, 5.99193344897e-06, 7.76530396251e-06, 1.1762930626e-05, 9.12520954444e-06, 1.35558575494e-05, 1.47733499034e-05, 1.63640088431e-05, 1.60195850185e-05, 1.54890531121e-05, 2.88630290015e-05, 2.74125286523e-05, 1.19090145745e-05],
        "var": [3.78775126819e-07, 7.95789844688e-07, 5.9139131281e-07, 8.69480743404e-07, 8.11528821032e-07, 1.29630436163e-07, 8.84400535028e-08, 1.7207231906e-07, 1.65218850157e-07, 1.40680933569e-08, 1.94899882899e-08, 2.44379823044e-08, 4.46149286404e-08, 2.58884096382e-08, 1.00867598718e-08, 7.51692930123e-10, 7.05163205605e-10, 8.88486562101e-10, 2.21951723667e-09, 2.73318312427e-10, 9.39418054458e-09, 7.05213576424e-09, 1.47764009362e-10, 9.81306216841e-11, 2.04070912946e-10, 1.47781106796e-10, 1.36752983937e-10, 1.81229711793e-10, 3.5903266471e-11, 6.02999386534e-11, 1.3836652657e-10, 8.32694538322e-11, 1.83761283967e-10, 2.18251861028e-10, 2.6778076978e-10, 2.56627108453e-10, 2.39910757927e-10, 8.33074442763e-10, 7.51446738168e-10, 1.41824635369e-10]
    },
    "melbands128": {
