{
"lowlevel": {
    "average_loudness": 0.909210026264,
    "barkbands_crest": {
        "dmean": 4.09971380234,
        "dmean2": 7.20181941986,
        "dvar": 9.90115451813,
        "dvar2": 24.5571136475,
        "max": 23.6433963776,
        "mean": 12.7723321915,
        "median": 12.480509758,
        "min": 4.54082632065,
        "stdev": 3.82258105278,
        "var": 14.6121253967
    },
    "barkbands_flatness_db": {
        "dmean": 0.0507322102785,
        "dmean2": 0.0798958912492,
        "dvar": 0.0022176252678,
        "dvar2": 0.00442498410121,
        "max": 0.482140272856,
        "mean": 0.203727006912,
        "median": 0.188885018229,
        "min": 0.0581868104637,
        "stdev": 0.0724387764931,
        "var": 0.00524737639353
    },
    "barkbands_kurtosis": {
        "dmean": 16.0544872284,
        "dmean2": 27.7093486786,
        "dvar": 256.366455078,
        "dvar2": 700.651184082,
        "max": 126.060150146,
        "mean": 24.9480113983,
        "median": 22.5322151184,
        "min": -1.76437735558,
        "stdev": 17.3675422668,
        "var": 301.631530762
    },
    "barkbands_skewness": {
        "dmean": 1.38249707222,
        "dmean2": 2.2956738472,
        "dvar": 1.41577041149,
        "dvar2": 3.10102295876,
        "max": 7.60902881622,
        "mean": 3.32769918442,
        "median": 3.61119556427,
        "min": -1.41323697567,
        "stdev": 1.57903206348,
        "var": 2.4933423996
    },
    "barkbands_spread": {
        "dmean": 7.12631940842,
        "dmean2": 11.2994270325,
        "dvar": 113.726745605,
        "dvar2": 181.739547729,
        "max": 110.570075989,
        "mean": 12.2819166183,
        "median": 7.25949144363,
        "min": 0.391407638788,
        "stdev": 14.7185907364,
        "var": 216.636917114
    },
    "dissonance": {
        "dmean": 0.0474020168185,
        "dmean2": 0.0827293619514,
        "dvar": 0.00273584434763,
        "dvar2": 0.0077383168973,
        "max": 0.499999940395,
        "mean": 0.441869348288,
        "median": 0.460858672857,
        "min": 0.222155064344,
        "stdev": 0.0545432306826,
        "var": 0.00297496421263
    },
    "dynamic_complexity": 6.54406404495,
    "erbbands_crest": {
        "dmean": 4.09499454498,
        "dmean2": 6.46454572678,
        "dvar": 10.203546524,
        "dvar2": 21.4811534882,
        "max": 23.6157569885,
        "mean": 12.603644371,
        "median": 13.0534248352,
        "min": 2.58148169518,
        "stdev": 5.3300037384,
        "var": 28.4089393616
    },
    "erbbands_flatness_db": {
        "dmean": 0.0509179085493,
        "dmean2": 0.0760168358684,
        "dvar": 0.00293223373592,
        "dvar2": 0.00564744183794,
        "max": 0.442374557257,
        "mean": 0.14752613008,
        "median": 0.13723269105,
        "min": 0.0337017439306,
        "stdev": 0.0838119834661,
        "var": 0.00702444836497
    },
    "erbbands_kurtosis": {
        "dmean": 14.7115898132,
        "dmean2": 24.6048793793,
        "dvar": 409.784118652,
        "dvar2": 1031.6739502,
        "max": 105.992713928,
        "mean": 13.4137592316,
        "median": 4.25939798355,
        "min": -1.71781992912,
        "stdev": 22.4593486786,
        "var": 504.422302246
    },
    "erbbands_skewness": {
        "dmean": 1.44261622429,
        "dmean2": 2.14797496796,
        "dvar": 1.65719413757,
        "dvar2": 3.89065074921,
        "max": 8.04717063904,
        "mean": 2.32298445702,
        "median": 2.00813245773,
        "min": -3.32163214684,
        "stdev": 2.09643864632,
        "var": 4.39505529404
    },
    "erbbands_spread": {
        "dmean": 24.3861961365,
        "dmean2": 37.9002761841,
        "dvar": 566.263427734,
        "dvar2": 1074.05615234,
        "max": 125.525894165,
        "mean": 50.1962203979,
        "median": 40.1801490784,
        "min": 0.767066657543,
        "stdev": 37.6133956909,
        "var": 1414.76757812
    },
    "hfc": {
        "dmean": 5.75741910934,
        "dmean2": 9.33638954163,
        "dvar": 725.447265625,
        "dvar2": 1712.88171387,
        "max": 275.090026855,
        "mean": 4.54798364639,
        "median": 0.260020971298,
        "min": 5.52056553715e-05,
        "stdev": 24.9394493103,
        "var": 621.976135254
    },
    "loudness_ebu128": {
        "integrated": -29.4721240997,
        "loudness_range": 3.17600440979,
        "momentary": {
            "dmean": 2.58449935913,
            "dmean2": 4.02178621292,
            "dvar": 12.0473012924,
            "dvar2": 21.7878761292,
            "max": -22.352596283,
            "mean": -38.4582748413,
            "median": -40.8849639893,
            "min": -54.0937652588,
            "stdev": 7.29843664169,
            "var": 53.2671775818
        },
        "short_term": {
            "dmean": 0.430723965168,
            "dmean2": 0.685394763947,
            "dvar": 1.15242862701,
            "dvar2": 1.58743619919,
            "max": -30.0661945343,
            "mean": -30.8968639374,
            "median": -30.0828933716,
            "min": -36.7866363525,
            "stdev": 1.73182404041,
            "var": 2.9992146492
        }
    },
    "melbands_crest": {
        "dmean": 4.65917730331,
        "dmean2": 7.90003633499,
        "dvar": 15.3134889603,
        "dvar2": 46.3873291016,
        "max": 34.0786437988,
        "mean": 16.4578895569,
        "median": 15.6764411926,
        "min": 7.56291675568,
        "stdev": 4.50173425674,
        "var": 20.2656097412
    },
    "melbands_flatness_db": {
        "dmean": 0.058223862201,
        "dmean2": 0.0883681774139,
        "dvar": 0.00282648741268,
        "dvar2": 0.00560767063871,
        "max": 0.610451638699,
        "mean": 0.308592200279,
        "median": 0.296539455652,
        "min": 0.0533275045455,
        "stdev": 0.0854112133384,
        "var": 0.007295075804
    },
    "melbands_kurtosis": {
        "dmean": 29.8027915955,
        "dmean2": 48.1856155396,
        "dvar": 818.325744629,
        "dvar2": 1967.09362793,
        "max": 201.879119873,
        "mean": 51.0465774536,
        "median": 42.6965675354,
        "min": -0.694801807404,
        "stdev": 36.5399780273,
        "var": 1335.17004395
    },
    "melbands_skewness": {
        "dmean": 2.00712800026,
        "dmean2": 3.0385351181,
        "dvar": 2.59929060936,
        "dvar2": 5.26267671585,
        "max": 11.5225400925,
        "mean": 4.23922109604,
        "median": 4.04931497574,
        "min": -1.14582943916,
        "stdev": 2.71961927414,
        "var": 7.39632844925
    },
    "melbands_spread": {
        "dmean": 4.99110555649,
        "dmean2": 7.26841974258,
        "dvar": 232.607254028,
        "dvar2": 308.070159912,
        "max": 182.621063232,
        "mean": 8.42259788513,
        "median": 4.35799455643,
        "min": 0.706419110298,
        "stdev": 20.5645256042,
        "var": 422.899749756
    },
    "pitch_salience": {
        "dmean": 0.114621326327,
        "dmean2": 0.192300066352,
        "dvar": 0.00900889653713,
        "dvar2": 0.0256666205823,
        "max": 0.860987901688,
        "mean": 0.524207949638,
        "median": 0.51550090313,
        "min": 0.210138633847,
        "stdev": 0.1123451069,
        "var": 0.0126214222983
    },
    "silence_rate_20dB": {
        "dmean": 0.0198019798845,
        "dmean2": 0.0398009940982,
        "dvar": 0.0194099135697,
        "dvar2": 0.0382168330252,
        "max": 1,
        "mean": 0.980295538902,
        "median": 1,
        "min": 0,
        "stdev": 0.138982892036,
        "var": 0.0193162448704
    },
    "silence_rate_30dB": {
        "dmean": 0.0297029707581,
        "dmean2": 0.0597014911473,
        "dvar": 0.028820630163,
        "dvar2": 0.0561371408403,
        "max": 1,
        "mean": 0.965517222881,
        "median": 1,
        "min": 0,
        "stdev": 0.18246589601,
        "var": 0.0332938022912
    },
    "silence_rate_60dB": {
        "dmean": 0.148514851928,
        "dmean2": 0.298507452011,
        "dvar": 0.126458138227,
        "dvar2": 0.259152412415,
        "max": 1,
        "mean": 0.758620679379,
        "median": 1,
        "min": 0,
        "stdev": 0.427920281887,
        "var": 0.183115765452
    },
    "spectral_centroid": {
        "dmean": 254.798660278,
        "dmean2": 367.06652832,
        "dvar": 155595.515625,
        "dvar2": 226677.953125,
        "max": 4476.99414062,
        "mean": 655.898010254,
        "median": 428.109802246,
        "min": 219.537689209,
        "stdev": 613.136352539,
        "var": 375936.15625
    },
    "spectral_complexity": {
        "dmean": 1.02970302105,
        "dmean2": 1.70149254799,
        "dvar": 1.73179364204,
        "dvar2": 3.13477373123,
        "max": 10,
        "mean": 2.23152709007,
        "median": 2,
        "min": 0,
        "stdev": 1.88344967365,
        "var": 3.54738283157
    },
    "spectral_decrease": {
        "dmean": 5.17252862764e-09,
        "dmean2": 8.35660518561e-09,
        "dvar": 5.69908595566e-16,
        "dvar2": 1.33291317454e-15,
        "max": -9.65325333503e-16,
        "mean": -4.09192368878e-09,
        "median": -2.03923516962e-10,
        "min": -2.4412790367e-07,
        "stdev": 2.22906937353e-08,
        "var": 4.96875032574e-16
    },
    "spectral_energy": {
        "dmean": 0.020043246448,
        "dmean2": 0.0323850437999,
        "dvar": 0.00856364239007,
        "dvar2": 0.0200336389244,
        "max": 0.94634449482,
        "mean": 0.0158563293517,
        "median": 0.000797380926087,
        "min": 1.55678971936e-08,
        "stdev": 0.0863887146115,
        "var": 0.00746301049367
    },
    "spectral_energyband_high": {
        "dmean": 1.07820460471e-05,
        "dmean2": 1.67324978975e-05,
        "dvar": 7.70378538739e-10,
        "dvar2": 1.66327274176e-09,
        "max": 0.000264881236944,
        "mean": 1.54543868121e-05,
        "median": 5.79461311645e-06,
        "min": 1.9441164234e-09,
        "stdev": 3.39007638104e-05,
        "var": 1.14926190786e-09
    },
    "spectral_energyband_low": {
        "dmean": 0.00148679886479,
        "dmean2": 0.00255608349107,
        "dvar": 2.64275549853e-05,
        "dvar2": 6.68602151563e-05,
        "max": 0.0502338111401,
        "mean": 0.00133638060652,
        "median": 0.000248542637564,
        "min": 2.1211137291e-09,
        "stdev": 0.00467831455171,
        "var": 2.18866280193e-05
    },
    "spectral_energyband_middle_high": {
        "dmean": 9.11572569748e-05,
        "dmean2": 0.000164992074133,
        "dvar": 3.6290671801e-07,
        "dvar2": 1.02278022496e-06,
        "max": 0.00654986221343,
        "mean": 6.12805597484e-05,
        "median": 6.53744882584e-06,
        "min": 9.194484063e-10,
        "stdev": 0.000465198827442,
        "var": 2.16409958398e-07
    },
    "spectral_energyband_middle_low": {
        "dmean": 0.0187134090811,
        "dmean2": 0.030549524352,
        "dvar": 0.00798718445003,
        "dvar2": 0.0187943484634,
        "max": 0.916860103607,
        "mean": 0.0145479002967,
        "median": 0.000380392797524,
        "min": 4.57077098392e-10,
        "stdev": 0.0828575491905,
        "var": 0.00686537288129
    },
    "spectral_entropy": {
        "dmean": 0.596805751324,
        "dmean2": 0.869479417801,
        "dvar": 0.332874417305,
        "dvar2": 0.674252331257,
        "max": 8.77934169769,
        "mean": 7.14023733139,
        "median": 7.2691693306,
        "min": 4.16649198532,
        "stdev": 0.955734789371,
        "var": 0.913429021835
    },
    "spectral_flux": {
        "dmean": 0.0323024503887,
        "dmean2": 0.0534388311207,
        "dvar": 0.00783052295446,
        "dvar2": 0.0160830132663,
        "max": 0.703265845776,
        "mean": 0.0531831532717,
        "median": 0.0227299965918,
        "min": 0.000124771380797,
        "stdev": 0.110920585692,
        "var": 0.012303375639
    },
    "spectral_kurtosis": {
        "dmean": 4.95783996582,
        "dmean2": 7.68178272247,
        "dvar": 135.399917603,
        "dvar2": 296.656677246,
        "max": 105.357040405,
        "mean": 6.77395582199,
        "median": 3.37013339996,
        "min": -0.249710798264,
        "stdev": 12.5495796204,
        "var": 157.491943359
    },
    "spectral_rms": {
        "dmean": 0.00120170973241,
        "dmean2": 0.00184454373084,
        "dvar": 9.76611499937e-06,
        "dvar2": 1.91385370272e-05,
        "max": 0.0303852409124,
        "mean": 0.00176716223359,
        "median": 0.000882004853338,
        "min": 3.89720298699e-06,
        "stdev": 0.00351379229687,
        "var": 1.2346737094e-05
    },
    "spectral_rolloff": {
        "dmean": 243.367614746,
        "dmean2": 344.531158447,
        "dvar": 1869466.75,
        "dvar2": 2034015.5,
        "max": 18001.7578125,
        "mean": 542.785461426,
        "median": 322.998046875,
        "min": 64.599609375,
        "stdev": 1566.82922363,
        "var": 2454954
    },
    "spectral_skewness": {
        "dmean": 0.648181140423,
        "dmean2": 0.958629727364,
        "dvar": 0.721943020821,
        "dvar2": 1.39433324337,
        "max": 8.82832431793,
        "mean": 1.98273146152,
        "median": 1.69516515732,
        "min": 0.158354654908,
        "stdev": 1.19627332687,
        "var": 1.43106997013
    },
    "spectral_spread": {
        "dmean": 1471552.375,
        "dmean2": 2320060.5,
        "dvar": 3.69277586637e+12,
        "dvar2": 8.51431391232e+12,
        "max": 17895134,
        "mean": 6922400,
        "median": 7200267.5,
        "min": 890421.5,
        "stdev": 2330250.5,
        "var": 5.43006759322e+12
    },
    "spectral_strongpeak": {
        "dmean": 0.241011038423,
        "dmean2": 0.375975489616,
        "dvar": 0.312047928572,
        "dvar2": 0.600299835205,
        "max": 5.49941921234,
        "mean": 0.264015585184,
        "median": 0.0875133126974,
        "min": 0,
        "stdev": 0.630314171314,
        "var": 0.397295951843
    },
    "zerocrossingrate": {
        "dmean": 0.014658106491,
        "dmean2": 0.0187295936048,
        "dvar": 0.000287891656626,
        "dvar2": 0.000428691011621,
        "max": 0.24365234375,
        "mean": 0.0482388213277,
        "median": 0.04052734375,
        "min": 0.01123046875,
        "stdev": 0.0345613732934,
        "var": 0.00119448849
    },
    "barkbands": {
        "dmean": [7.46764198993e-05, 0.000537119223736, 0.000814465980511, 0.00039899899275, 0.00918199121952, 0.00986266322434, 0.000123890742543, 7.30157989892e-05, 3.60675512638e-05, 5.10175595991e-05, 2.63873080257e-05, 2.71108842753e-06, 2.84646012005e-06, 2.12968666347e-06, 2.78463949144e-06, 2.38352890847e-06, 1.90212335838e-06, 8.90643548246e-07, 9.45994713675e-07, 6.58571082113e-07, 3.06787387672e-06, 3.62387118003e-06, 3.06725996779e-06, 1.32848765588e-06, 4.16354282606e-07, 1.03135228358e-07, 5.92449929115e-08],
        "dmean2": [0.000134055735543, 0.000916323624551, 0.00140393397305, 0.00066427962156, 0.0157641898841, 0.0171043407172, 0.000229147146456, 0.000130637490656, 5.92414944549e-05, 9.30844398681e-05, 4.87494835397e-05, 4.64906997877e-06, 5.35734079676e-06, 3.90779860027e-06, 5.06208971274e-06, 4.07308289141e-06, 3.28973442265e-06, 1.46032220982e-06, 1.66485585851e-06, 1.06935158328e-06, 4.8392203098e-06, 5.55643828193e-06, 4.62987463834e-06, 2.21140635404e-06, 6.20997411716e-07, 1.64804831115e-07, 9.96593954028e-08],
        "dvar": [1.01610764247e-08, 2.29699139709e-06, 9.06649984245e-06, 3.01761315313e-06, 0.00260576792061, 0.00218288530596, 5.03216767811e-07, 2.07301624755e-07, 2.76890581574e-08, 1.22346122566e-07, 3.90032752762e-08, 1.55077090058e-10, 2.50147458303e-10, 1.45103665194e-10, 1.79565265435e-10, 5.15939513335e-11, 3.18724699411e-11, 6.3246955416e-12, 1.08476656477e-11, 2.39277304567e-12, 4.44482436968e-11, 9.23092782767e-11, 8.05354810618e-11, 1.92020583462e-11, 6.36854826687e-13, 1.33699661449e-14, 2.95609056405e-15],
        "dvar2": [2.94752791064e-08, 5.76594720769e-06, 2.33835089603e-05, 7.70412407292e-06, 0.00652612932026, 0.00548471929505, 1.03803915863e-06, 5.60059504551e-07, 6.66102906166e-08, 3.4413548633e-07, 1.10661467545e-07, 3.88800991402e-10, 7.26071036627e-10, 4.12539197248e-10, 5.02641983591e-10, 1.33596689267e-10, 8.62600130214e-11, 1.55112155759e-11, 2.96678341616e-11, 5.66316351452e-12, 1.14456548406e-10, 2.21796053745e-10, 1.3844368707e-10, 5.00922879565e-11, 1.31043851985e-12, 2.52660729388e-14, 6.97116797678e-15],
        "max": [0.000672605528962, 0.0129767097533, 0.0299230124801, 0.0174368321896, 0.535757482052, 0.367790311575, 0.00712457951158, 0.00497360061854, 0.00179958820809, 0.00380714563653, 0.00213611288927, 0.00013692714856, 0.00016036022862, 0.000127592458739, 0.000106008301373, 6.03573280387e-05, 4.55205663457e-05, 2.2362681193e-05, 2.87796610792e-05, 1.4320923583e-05, 5.0289396313e-05, 8.17824329715e-05, 0.000110295484774, 4.88937366754e-05, 8.54995778354e-06, 1.69452357568e-06, 6.20592174982e-07],
        "mean": [7.05545389792e-05, 0.000478979927721, 0.00068331923103, 0.000305698195007, 0.00701163895428, 0.00704918708652, 0.000105244558654, 4.71826169814e-05, 2.65772196144e-05, 3.31336341333e-05, 1.62892920343e-05, 2.0311820208e-06, 1.86565648619e-06, 1.52437837642e-06, 2.03072272598e-06, 1.9900173811e-06, 1.57170643433e-06, 8.86293548774e-07, 8.46643160912e-07, 8.28783640827e-07, 3.35953495778e-06, 3.91863204641e-06, 3.65669075109e-06, 1.82482722266e-06, 1.02908632016e-06, 7.34177831418e-07, 4.70189149837e-07],
        "median": [3.39612925018e-05, 0.000101245459518, 6.47215201752e-05, 1.45617377711e-05, 0.000163323042216, 0.000142696299008, 2.64669938588e-06, 1.23588779388e-06, 1.53728342411e-06, 1.19668550269e-06, 6.20066543888e-07, 3.25305165916e-07, 3.38328987937e-07, 3.52592991248e-07, 4.84639372189e-07, 5.29258159077e-07, 4.40672778268e-07, 3.43603801412e-07, 2.84277490437e-07, 3.73444777324e-07, 1.12178838663e-06, 9.15021814762e-07, 8.36691469885e-07, 6.48500474654e-07, 7.27335191186e-07, 7.13726251433e-07, 4.77493244944e-07],
        "min": [2.96235702635e-09, 7.54563522776e-10, 1.37154704261e-10, 5.29168237007e-11, 4.48666173658e-11, 3.13370336624e-11, 8.53540016443e-11, 6.18665327301e-11, 1.44583359174e-10, 7.6822923023e-11, 1.20574869533e-10, 1.05463748845e-10, 7.26108478899e-11, 1.80489678758e-10, 9.80475770018e-11, 4.233348741e-11, 4.68345744131e-11, 2.77910281593e-11, 5.21153745159e-11, 8.86519607723e-11, 1.1011839357e-10, 2.32352095897e-10, 1.84742068865e-10, 1.72346720229e-10, 2.00900296399e-10, 6.3144872664e-10, 3.75810882414e-10],
        "stdev": [9.74021095317e-05, 0.00141640100628, 0.00268413405865, 0.00151757837739, 0.0448246747255, 0.0409604012966, 0.000709359243046, 0.000371758360416, 0.000149879051605, 0.000270396471024, 0.000151119354996, 1.08733129309e-05, 1.18025400297e-05, 9.22836443351e-06, 1.04503533294e-05, 6.18908825345e-06, 4.73042746307e-06, 2.31784702009e-06, 2.71253020401e-06, 1.53236965161e-06, 7.2778257163e-06, 1.00616543932e-05, 1.21645443869e-05, 5.03885803482e-06, 9.6888572898e-07, 1.63752773119e-07, 7.50711990349e-08],
        "var": [9.48717104876e-09, 2.00619183488e-06, 7.20457546777e-06, 2.30304408433e-06, 0.00200925138779, 0.00167775456794, 5.03190562995e-07, 1.38204285349e-07, 2.24637304314e-08, 7.31142577592e-08, 2.28370602429e-08, 1.18228926649e-10, 1.39299946578e-10, 8.51627032783e-11, 1.09209884191e-10, 3.83048107122e-11, 2.23769457824e-11, 5.37241475265e-12, 7.35782008238e-12, 2.34815660839e-12, 5.29667490423e-11, 1.0123687999e-10, 1.47976145226e-10, 2.53900910713e-11, 9.38739645913e-13, 2.68149692446e-14, 5.63568458665e-15]
    },
    "erbbands": {
        "dmean": [0.011301827617, 0.148250088096, 0.878249585629, 1.12397181988, 4.9873547554, 33.9364471436, 88.7305526733, 69.5791702271, 6.84611654282, 2.62815093994, 1.12116789818, 0.89645588398, 0.772557377815, 2.25769972801, 0.53530561924, 0.102966740727, 0.115285404027, 0.135239169002, 0.124956518412, 0.124790474772, 0.140309780836, 0.108228825033, 0.0563437826931, 0.043979305774, 0.0445582605898, 0.0331189036369, 0.0576212368906, 0.168847516179, 0.148849859834, 0.0973915457726, 0.0801617205143, 0.0410871729255, 0.013579226099, 0.006262938492, 0.00249729864299, 0.000737362424843, 0.000215294305235, 6.35623146081e-05, 1.94899948838e-05, 2.24400828301e-05],
        "dmean2": [0.0200676377863, 0.253768205643, 1.47976446152, 1.84820508957, 8.70852470398, 58.7969665527, 154.447662354, 128.71685791, 12.1354408264, 4.48929262161, 1.86759710312, 1.48560905457, 1.35125553608, 4.24160957336, 0.950655281544, 0.173338159919, 0.211900889874, 0.251855939627, 0.226914614439, 0.222399413586, 0.241422086954, 0.187346726656, 0.0957004502416, 0.0737204104662, 0.0770004540682, 0.0546388737857, 0.0901051610708, 0.265755593777, 0.246029153466, 0.150192975998, 0.120050936937, 0.0680688545108, 0.0208947062492, 0.00925355125219, 0.00387311307713, 0.00115251052193, 0.000340493832482, 0.000110576511361, 3.1778763514e-05, 3.62558748748e-05],
        "dvar": [0.000674405077007, 0.205801859498, 9.6277589798, 23.602640152, 663.537109375, 32956.5429688, 231684.75, 118926.140625, 1148.14428711, 210.539627075, 35.9026451111, 17.7821712494, 21.079750061, 295.114471436, 12.0035524368, 0.207748964429, 0.333609104156, 0.712601304054, 0.338568687439, 0.295144170523, 0.187533423305, 0.109293274581, 0.0269128270447, 0.0189621131867, 0.0234988555312, 0.00622875196859, 0.0173683930188, 0.134560257196, 0.177020341158, 0.0797857791185, 0.0573702380061, 0.018580339849, 0.00117100542411, 0.00014668807853, 2.12249869946e-05, 8.59094996031e-07, 3.67063535123e-08, 2.74150613322e-09, 1.76155456888e-09, 1.041486275e-08],
        "dvar2": [0.00166294642258, 0.519418299198, 24.0794200897, 62.2046127319, 1816.37744141, 76798.8671875, 607370.125, 303370.375, 2947.36450195, 534.33782959, 84.220954895, 41.2671928406, 56.0421714783, 851.271972656, 32.867565155, 0.509606897831, 0.945925176144, 2.05065584183, 0.953938245773, 0.806626439095, 0.492457866669, 0.29725253582, 0.068660363555, 0.0485041029751, 0.0637152194977, 0.0152456331998, 0.0394670590758, 0.341026008129, 0.454901576042, 0.168941617012, 0.0865283608437, 0.0440835915506, 0.00238142744638, 0.000311231357045, 4.36141854152e-05, 1.78396442152e-06, 8.51440944416e-08, 5.7571640788e-09, 4.00706268167e-09, 2.43599878047e-08],
        "max": [0.196787044406, 4.10052967072, 30.2353343964, 49.5676689148, 244.405487061, 1856.86401367, 5127.37451172, 2499.35058594, 269.828033447, 155.711807251, 65.2871551514, 45.7714996338, 51.5457077026, 182.730056763, 38.5272445679, 5.11574745178, 5.9131565094, 8.88150691986, 4.64946317673, 4.73943185806, 3.73371291161, 2.5578994751, 1.30731070042, 1.15735816956, 1.38881599903, 0.741493046284, 1.24291324615, 2.96679067612, 3.40464735031, 2.70944905281, 3.10973620415, 1.48388600349, 0.463367164135, 0.12725096941, 0.0563460364938, 0.0131033975631, 0.00248684198596, 0.000587087706663, 0.000515925814398, 0.00105010066181],
        "mean": [0.0107489535585, 0.12645791471, 0.749318301678, 0.880351424217, 3.42181372643, 27.8981399536, 63.2666778564, 51.1160392761, 4.78454637527, 1.78743636608, 0.835078716278, 0.671794295311, 0.558389723301, 1.37123560905, 0.358544141054, 0.0809390470386, 0.079848267138, 0.0915871337056, 0.0936125740409, 0.0965472385287, 0.116258189082, 0.0896667167544, 0.0548005141318, 0.0415965169668, 0.0424104183912, 0.0406398102641, 0.0709802433848, 0.182443886995, 0.153959512711, 0.109688535333, 0.102375641465, 0.0538051053882, 0.022884959355, 0.0125313978642, 0.00679214671254, 0.00318132666871, 0.00132030097302, 0.000421176926466, 8.44864189276e-05, 2.23191400437e-05],
        "median": [0.00307658221573, 0.0219361558557, 0.0775075033307, 0.0748355984688, 0.123915009201, 0.627769231796, 1.72795045376, 0.943314611912, 0.107268206775, 0.0336789637804, 0.0287759900093, 0.0357252731919, 0.0329236388206, 0.0426512919366, 0.0197370648384, 0.0149622773752, 0.0148893194273, 0.0195189658552, 0.0252778027207, 0.0262268204242, 0.0276711136103, 0.0246643722057, 0.0197800509632, 0.0148918693885, 0.0143886180595, 0.018826264888, 0.0226231981069, 0.0591362714767, 0.0339441746473, 0.0248505212367, 0.0233475733548, 0.0151876006275, 0.0111385472119, 0.00800459086895, 0.00520766107365, 0.0029271398671, 0.00131631596014, 0.000428013911005, 7.9144105257e-05, 5.95425854044e-06],
        "min": [4.72412473584e-08, 1.00946358828e-07, 1.69584183141e-07, 1.77601734208e-07, 1.31247205104e-07, 1.4650021285e-07, 2.27445013934e-07, 2.97795850202e-07, 9.26295172121e-07, 1.7012190483e-06, 9.4509215387e-07, 3.06205492961e-06, 3.64601123692e-06, 4.45973728347e-06, 3.71410351363e-06, 4.85181635668e-06, 3.59818818652e-06, 9.18154637475e-06, 5.72618500883e-06, 3.56947566615e-06, 2.53652183346e-06, 2.47407410825e-06, 1.79764413133e-06, 1.15956322588e-06, 3.88421267417e-06, 3.41061058862e-06, 5.22965592609e-06, 4.65631228508e-06, 6.82168638377e-06, 7.75342959969e-06, 4.60379123979e-06, 4.79763002659e-06, 2.28788485401e-06, 1.19848414215e-06, 2.30600744544e-06, 2.48189917329e-06, 1.01843886569e-06, 3.49764547991e-07, 6.02917538117e-08, 4.61140992059e-09],
        "stdev": [0.026481391862, 0.412653595209, 2.84324789047, 4.16013336182, 21.0637130737, 168.444717407, 405.456085205, 296.676727295, 29.1888980865, 12.6552934647, 5.5123090744, 3.89132285118, 3.77522754669, 12.8649616241, 2.76776623726, 0.406259268522, 0.444892495871, 0.636464834213, 0.450954794884, 0.436299592257, 0.368436306715, 0.27459153533, 0.144696056843, 0.122054584324, 0.128034666181, 0.0756899639964, 0.158188223839, 0.390780866146, 0.40812894702, 0.332981079817, 0.346628427505, 0.168500170112, 0.0451334379613, 0.0146536808461, 0.00576123362407, 0.00123055896256, 0.000260238390183, 7.55500150262e-05, 4.22923912993e-05, 9.53217531787e-05],
        "var": [0.00070126412902, 0.17028298974, 8.0840587616, 17.3067092896, 443.680023193, 28373.625, 164394.640625, 88017.0859375, 851.991760254, 160.156448364, 30.3855495453, 15.1423931122, 14.2523431778, 165.507247925, 7.66053009033, 0.165046602488, 0.19792932272, 0.405087500811, 0.203360229731, 0.190357327461, 0.135745301843, 0.0754005089402, 0.0209369491786, 0.0148973222822, 0.0163928754628, 0.0057289712131, 0.0250235162675, 0.152709692717, 0.166569247842, 0.110876396298, 0.120151266456, 0.028392309323, 0.00203702715226, 0.000214730360312, 3.31918126903e-05, 1.5142754819e-06, 6.77240237223e-08, 5.70780489539e-09, 1.78864634215e-09, 9.08623665197e-09]
    },
    "gfcc": {
        "mean": [-216.72819519, 74.2100753784, -32.6161155701, 38.085105896, -52.0864372253, 3.20674777031, -40.0466690063, -8.99556255341, -21.160572052, 0.468954443932, -16.0921230316, 13.152888298, 2.95932888985],
        "cov": [[5909.53857422, 2131.58129883, -88.1365432739, -46.8423576355, -765.404296875, -544.145996094, -286.065856934, -333.30178833, -5.75382661819, -419.416320801, -154.054901123, 112.251708984, 309.001495361], [2131.58129883, 1586.84936523, 276.668823242, -307.603820801, -312.715026855, -404.057128906, -146.28237915, -162.153945923, -52.0310897827, -196.918334961, -65.7307815552, 21.7177906036, 160.671737671], [-88.1365432739, 276.668823242, 328.254364014, -8.5555973053, 33.0414161682, -72.807434082, -36.2936515808, -26.2853431702, -33.6054382324, 18.5516586304, 31.6394386292, -7.39320707321, 14.0730524063], [-46.8423576355, -307.603820801, -8.5555973053, 261.632995605, 21.6437454224, 83.815284729, 2.92310023308, -17.0496520996, 14.2583589554, 20.8547458649, 12.1101980209, 2.60549807549, -33.5818481445], [-765.404296875, -312.715026855, 33.0414161682, 21.6437454224, 281.433105469, 142.659957886, 57.8832473755, 79.0008087158, 2.96852707863, 81.6711807251, 47.9063987732, -46.415058136, -75.2116317749], [-544.145996094, -404.057128906, -72.807434082, 83.815284729, 142.659957886, 187.544128418, 71.0587081909, 62.2748527527, 17.0221557617, 45.8281593323, 8.05252361298, -25.82380867, -63.3025856018], [-286.065856934, -146.28237915, -36.2936515808, 2.92310023308, 57.8832473755, 71.0587081909, 70.0440063477, 49.866065979, 9.79099464417, 19.840795517, -1.39947736263, -16.5892353058, -29.1259765625], [-333.30178833, -162.153945923, -26.2853431702, -17.0496520996, 79.0008087158, 62.2748527527, 49.866065979, 77.2096481323, 20.9862632751, 30.5063743591, 8.62138938904, -8.95669078827, -23.9322452545], [-5.75382661819, -52.0310897827, -33.6054382324, 14.2583589554, 2.96852707863, 17.0221557617, 9.79099464417, 20.9862632751, 39.119342804, 16.0570869446, 8.82817649841, 1.50170660019, -3.9806573391], [-419.416320801, -196.918334961, 18.5516586304, 20.8547458649, 81.6711807251, 45.8281593323, 19.840795517, 30.5063743591, 16.0570869446, 75.5356521606, 41.2219009399, -5.41518688202, -27.8216495514], [-154.054901123, -65.7307815552, 31.6394386292, 12.1101980209, 47.9063987732, 8.05252361298, -1.39947736263, 8.62138938904, 8.82817649841, 41.2219009399, 63.9794883728, 4.59295797348, -16.6407623291], [112.251708984, 21.7177906036, -7.39320707321, 2.60549807549, -46.415058136, -25.82380867, -16.5892353058, -8.95669078827, 1.50170660019, -5.41518688202, 4.59295797348, 41.6397399902, 31.7795982361], [309.001495361, 160.671737671, 14.0730524063, -33.5818481445, -75.2116317749, -63.3025856018, -29.1259765625, -23.9322452545, -3.9806573391, -27.8216495514, -16.6407623291, 31.7795982361, 69.1454315186]],
        "icov": [[0.000935980002396, -0.00196549948305, 0.00186730851419, -0.00212363223545, 0.000735659268685, -0.000962707097642, 0.00152653781697, -0.00133808341343, 0.000626301683951, 0.000109773311124, -0.00108670478221, 0.000720989133697, -0.00144095649011], [-0.00196549948305, 0.00768263125792, -0.00668658176437, 0.0074069336988, -0.00242338725366, 0.00558917922899, -0.00529009895399, 0.00768655538559, -0.00677254935727, 0.00744054792449, 0.00176839681808, -0.000662267266307, 0.00213669450022], [0.00186730851419, -0.00668658176437, 0.0105938641354, -0.00769609585404, 0.000858194776811, -0.00156779226381, 0.00532584218308, -0.00740512553602, 0.00980024505407, -0.00754116708413, -0.00346169713885, 0.0039028050378, -0.00461960677058], [-0.00212363223545, 0.0074069336988, -0.00769609585404, 0.0135892657563, -0.00163901608903, 0.00017669267254, -0.00437049008906, 0.0124251684174, -0.00979084707797, 0.00598829286173, 0.0025604153052, -0.00485243834555, 0.00597590068355], [0.000735659268685, -0.00242338725366, 0.000858194776811, -0.00163901608903, 0.013254949823, -0.00915267691016, 0.00679325684905, -0.0110954679549, 0.00897910725325, -0.00655486807227, -0.00608655530959, 0.00966732669622, -0.00159580574837], [-0.000962707097642, 0.00558917922899, -0.00156779226381, 0.00017669267254, -0.00915267691016, 0.0242635980248, -0.013411606662, 0.0055588199757, -0.00669209333137, 0.00610532751307, 0.00553424563259, -0.00350601552054, 0.00526653463021], [0.00152653781697, -0.00529009895399, 0.00532584218308, -0.00437049008906, 0.00679325684905, -0.013411606662, 0.0408264063299, -0.0255561806262, 0.0105592710897, -0.00643837405369, -0.000793153769337, 0.00930863618851, -0.00072506692959], [-0.00133808341343, 0.00768655538559, -0.00740512553602, 0.0124251684174, -0.0110954679549, 0.0055588199757, -0.0255561806262, 0.0498525649309, -0.0270589329302, 0.00945404730737, 0.00618332158774, -0.013113331981, 0.00493151135743], [0.000626301683951, -0.00677254935727, 0.00980024505407, -0.00979084707797, 0.00897910725325, -0.00669209333137, 0.0105592710897, -0.0270589329302, 0.051586907357, -0.0202397275716, -0.00683607906103, 0.00948697701097, -0.00626813806593], [0.000109773311124, 0.00744054792449, -0.00754116708413, 0.00598829286173, -0.00655486807227, 0.00610532751307, -0.00643837405369, 0.00945404730737, -0.0202397275716, 0.0466523356736, -0.0135336462408, -0.00258230953477, 0.00121865945403], [-0.00108670478221, 0.00176839681808, -0.00346169713885, 0.0025604153052, -0.00608655530959, 0.00553424563259, -0.000793153769337, 0.00618332158774, -0.00683607906103, -0.0135336462408, 0.0330292135477, -0.0155914360657, 0.0122231403366], [0.000720989133697, -0.000662267266307, 0.0039028050378, -0.00485243834555, 0.00966732669622, -0.00350601552054, 0.00930863618851, -0.013113331981, 0.00948697701097, -0.00258230953477, -0.0155914360657, 0.0550965853035, -0.0277139134705], [-0.00144095649011, 0.00213669450022, -0.00461960677058, 0.00597590068355, -0.00159580574837, 0.00526653463021, -0.00072506692959, 0.00493151135743, -0.00626813806593, 0.00121865945403, 0.0122231403366, -0.0277139134705, 0.0400750152767]]
    },
    "melbands": {
        "dmean": [0.00011984390585, 0.000355407682946, 0.000277454615571, 0.00116911332589, 0.00313149462454, 0.00159701856319, 7.31328182155e-05, 2.54317001236e-05, 7.67377059674e-06, 5.36244897376e-06, 3.94681819671e-06, 9.55637915467e-06, 2.5982394618e-06, 3.75907006855e-07, 1.67586449606e-07, 3.21337779496e-07, 2.24168772434e-07, 1.85738670666e-07, 2.06692760685e-07, 1.51538870341e-07, 1.61224917861e-07, 1.18241260338e-07, 7.1080926034e-08, 3.99282598096e-08, 3.57801823725e-08, 3.39548122952e-08, 2.73906124448e-08, 2.12402717636e-08, 2.67539999044e-08, 6.75314026921e-08, 1.0841598197e-07, 1.00472753672e-07, 4.58237288115e-08, 6.03298815349e-08, 4.89850613405e-08, 3.57465950174e-08, 2.02851317965e-08, 1.02527888401e-08, 6.7565322226e-09, 5.24073584529e-09],
        "dmean2": [0.000210091428016, 0.000602728046943, 0.000472916406579, 0.0018233479932, 0.00537581928074, 0.00290110521019, 0.000127569554024, 4.42277632828e-05, 1.31295955725e-05, 8.79052367964e-06, 6.90157230565e-06, 1.79172166099e-05, 4.71245994049e-06, 6.35102537672e-07, 2.87454213321e-07, 6.0241995925e-07, 4.19118407535e-07, 3.37542303441e-07, 3.77322123768e-07, 2.59024233173e-07, 2.76888243889e-07, 2.05290220379e-07, 1.21600876923e-07, 6.44258406624e-08, 6.06827086358e-08, 5.9939893049e-08, 4.63653577754e-08, 3.54703466598e-08, 4.218522065e-08, 1.08824536937e-07, 1.73079342858e-07, 1.68828464098e-07, 7.04153961806e-08, 9.37351813945e-08, 7.18437647151e-08, 5.8360807742e-08, 3.39042784958e-08, 1.55628949727e-08, 1.04344275442e-08, 7.70725705479e-09],
        "dvar": [9.49799456862e-08, 1.53533642333e-06, 1.6632968709e-06, 3.27841880789e-05, 0.000289952498861, 6.03162552579e-05, 1.35318416028e-07, 2.19443201388e-08, 1.47441026055e-09, 6.77394806914e-10, 5.54958301535e-10, 5.21432053091e-09, 3.31911137463e-10, 3.10333854968e-12, 3.39185358402e-13, 3.57424181398e-12, 1.97527519515e-12, 6.90430134939e-13, 9.97034594642e-13, 2.74402245717e-13, 2.39443800074e-13, 1.29156451159e-13, 4.54564093614e-14, 1.03630381457e-14, 1.3439690509e-14, 1.43377859905e-14, 6.361323313e-15, 2.31282430951e-15, 4.77096135629e-15, 2.51002611572e-14, 5.7927871755e-14, 8.64255363239e-14, 1.33464398048e-14, 3.53425445919e-14, 2.11360571785e-14, 1.26872304844e-14, 4.63637544427e-15, 6.43513323463e-16, 2.11796128303e-16, 9.37104313283e-17],
        "dvar2": [2.39227262e-07, 3.86894726034e-06, 4.5500332817e-06, 7.16271460988e-05, 0.000758068228606, 0.000152733133291, 3.55861629942e-07, 5.7005479448e-08, 3.39505512592e-09, 1.63785218721e-09, 1.48486034579e-09, 1.50174912505e-08, 9.2784041561e-10, 7.61657230341e-12, 8.33436672541e-13, 1.03262927723e-11, 5.6887732372e-12, 1.94518207965e-12, 2.79633087519e-12, 7.12951887197e-13, 6.30436620876e-13, 3.54284445747e-13, 1.18892376955e-13, 2.46301138258e-14, 3.48071926642e-14, 3.93349666261e-14, 1.63718034762e-14, 5.71603032037e-15, 1.08196007627e-14, 6.21517336837e-14, 1.46982008812e-13, 2.28202195638e-13, 2.8430183148e-14, 7.66463376599e-14, 3.05058712666e-14, 2.39170560798e-14, 1.14398465676e-14, 1.26530279293e-15, 4.75887514904e-16, 2.0087280465e-16],
        "max": [0.00239661149681, 0.0120390858501, 0.0126213058829, 0.0530450604856, 0.181635558605, 0.055548325181, 0.00324026122689, 0.00161453080364, 0.000404691934818, 0.000287557282718, 0.000263866269961, 0.000769363541622, 0.000199589994736, 1.9650793547e-05, 6.12284338786e-06, 1.93899722944e-05, 1.48446752064e-05, 6.70966619509e-06, 8.18635089672e-06, 4.53894608654e-06, 4.39901396021e-06, 2.80386416307e-06, 1.60899890034e-06, 8.70552355536e-07, 9.93340904643e-07, 1.15179818749e-06, 7.10165409146e-07, 4.3634429403e-07, 7.03186572082e-07, 1.50648952513e-06, 2.11827000385e-06, 2.29722263612e-06, 9.68218159869e-07, 1.83684278454e-06, 1.94886001736e-06, 1.26171619286e-06, 7.25641541521e-07, 3.56825268e-07, 1.68855336824e-07, 8.46229326612e-08],
        "mean": [0.000113711568702, 0.00030299674836, 0.000204238618608, 0.000969347136561, 0.00224580732174, 0.00116349209566, 4.81169554405e-05, 1.68483948073e-05, 5.80115056437e-06, 3.92896936319e-06, 2.81900815935e-06, 5.83078281124e-06, 1.66928521139e-06, 2.85199405425e-07, 1.36497732228e-07, 2.08403946544e-07, 1.53780291612e-07, 1.39929440479e-07, 1.47781264559e-07, 1.27046263287e-07, 1.3343533567e-07, 9.58377199822e-08, 6.41600408358e-08, 3.99206960822e-08, 3.27406475265e-08, 3.04404679241e-08, 2.83494205888e-08, 2.60530654828e-08, 3.24800879525e-08, 7.53256870212e-08, 1.15858277638e-07, 9.82290870866e-08, 5.43505294104e-08, 6.4419467094e-08, 6.14091462126e-08, 4.76314170328e-08, 2.71979612165e-08, 1.62900430922e-08, 1.24456640549e-08, 1.00368495737e-08],
        "median": [3.1863743061e-05, 3.62488608516e-05, 1.63905715453e-05, 2.36036630668e-05, 6.42294180579e-05, 2.16015741898e-05, 9.05301817511e-07, 3.1960419733e-07, 2.50906879273e-07, 2.15156475747e-07, 1.63698203437e-07, 1.76722465994e-07, 7.54165085937e-08, 4.07777456246e-08, 3.43135617697e-08, 3.14093142606e-08, 3.46740094415e-08, 3.88266556683e-08, 3.25880762375e-08, 3.68129633443e-08, 3.05794323197e-08, 2.45214888395e-08, 1.93559621664e-08, 1.54501496041e-08, 1.05890149982e-08, 1.03113277916e-08, 1.04810382595e-08, 1.26655583799e-08, 1.17092229246e-08, 2.28909975419e-08, 3.67398982348e-08, 1.81481087935e-08, 1.4605820553e-08, 1.26502364139e-08, 1.35355078257e-08, 1.0498936831e-08, 8.53687609492e-09, 7.44737249647e-09, 7.66414220976e-09, 6.73053213163e-09],
        "min": [4.62781535315e-10, 9.91237439352e-11, 2.95043954546e-11, 8.88338447941e-12, 8.20619700664e-12, 6.36475941396e-12, 1.58137808404e-11, 1.89850565824e-11, 6.8304363901e-12, 2.22983038284e-11, 1.75577798828e-11, 1.59643877978e-11, 1.44644426645e-11, 1.02212596026e-11, 1.27611142139e-11, 7.31547027816e-12, 1.8535914123e-11, 8.33288126001e-12, 7.28579609838e-12, 3.39958942074e-12, 2.93768872076e-12, 2.66444982397e-12, 1.89331037827e-12, 1.22976184357e-12, 7.19505021968e-13, 2.57085628827e-12, 2.5612973114e-12, 2.27688115757e-12, 4.00982372306e-12, 1.71188258881e-12, 3.2710117167e-12, 3.28957564313e-12, 5.60783884607e-12, 3.58531303604e-12, 1.8054905444e-12, 3.79125029981e-12, 2.93972853872e-12, 1.94213698942e-12, 9.31284780195e-13, 1.00636599748e-12],
        "stdev": [0.000296556216199, 0.00112507899757, 0.0010622900445, 0.00559847801924, 0.0143939740956, 0.00673550227657, 0.000310326577164, 0.00012617878383, 3.56667114829e-05, 2.33383270825e-05, 1.92524130398e-05, 5.41873341717e-05, 1.42024127854e-05, 1.56564374265e-06, 5.21648416907e-07, 1.41957912092e-06, 1.05829246877e-06, 6.44551107598e-07, 7.76963815952e-07, 4.47350515742e-07, 4.16142739823e-07, 2.97252512382e-07, 1.82907413659e-07, 9.73875202703e-08, 1.01290993371e-07, 9.83104726515e-08, 7.10751990596e-08, 4.5957122552e-08, 7.67802745827e-08, 1.77498947096e-07, 2.50024584147e-07, 2.72625300113e-07, 1.34919787342e-07, 2.16527226371e-07, 2.11711110865e-07, 1.55533712132e-07, 8.18738783437e-08, 3.37218537538e-08, 1.72115424135e-08, 1.14179465882e-08],
