{
"lowlevel": {
    "average_loudness": 0.99068403244,
    "barkbands_crest": {
        "dmean": 1.92524909973,
        "dmean2": 3.43916106224,
        "dvar": 3.6538836956,
        "dvar2": 9.82412910461,
        "max": 20.9143867493,
        "mean": 8.71089076996,
        "median": 7.0349407196,
        "min": 3.11493039131,
        "stdev": 4.06532907486,
        "var": 16.5268993378
    },
    "barkbands_flatness_db": {
        "dmean": 0.0228705778718,
        "dmean2": 0.0372671298683,
        "dvar": 0.000639600912109,
        "dvar2": 0.00169752410147,
        "max": 0.226986721158,
        "mean": 0.111231192946,
        "median": 0.104722782969,
        "min": 0.0299984887242,
        "stdev": 0.0418094173074,
        "var": 0.00174802739639
    },
    "barkbands_kurtosis": {
        "dmean": 3.85119581223,
        "dmean2": 6.33465480804,
        "dvar": 27.1893577576,
        "dvar2": 75.1644287109,
        "max": 28.0092849731,
        "mean": 6.62360334396,
        "median": 5.58577919006,
        "min": -1.80977332592,
        "stdev": 6.276512146,
        "var": 39.3946037292
    },
    "barkbands_skewness": {
        "dmean": 0.667968571186,
        "dmean2": 1.05186748505,
        "dvar": 0.481681734324,
        "dvar2": 1.33668112755,
        "max": 5.3102478981,
        "mean": -0.296071320772,
        "median": -0.872147977352,
        "min": -3.65582919121,
        "stdev": 2.54935503006,
        "var": 6.4992108345
    },
    "barkbands_spread": {
        "dmean": 11.1376905441,
        "dmean2": 18.7251682281,
        "dvar": 148.970275879,
        "dvar2": 420.787322998,
        "max": 96.1975402832,
        "mean": 32.8050346375,
        "median": 28.9524383545,
        "min": 4.72716188431,
        "stdev": 20.872215271,
        "var": 435.649383545
    },
    "dissonance": {
        "dmean": 0.00782380718738,
        "dmean2": 0.0136694321409,
        "dvar": 0.000142893317388,
        "dvar2": 0.000409494357882,
        "max": 0.5,
        "mean": 0.491743206978,
        "median": 0.494833022356,
        "min": 0.427862882614,
        "stdev": 0.0115186497569,
        "var": 0.000132679284434
    },
    "dynamic_complexity": 27.5862045288,
    "erbbands_crest": {
        "dmean": 1.8330193758,
        "dmean2": 3.12973165512,
        "dvar": 2.64085769653,
        "dvar2": 8.83200836182,
        "max": 11.5066490173,
        "mean": 6.13704681396,
        "median": 5.77722835541,
        "min": 2.75057148933,
        "stdev": 2.0460960865,
        "var": 4.18650913239
    },
    "erbbands_flatness_db": {
        "dmean": 0.0117732621729,
        "dmean2": 0.0197408087552,
        "dvar": 0.000192935403902,
        "dvar2": 0.000506559677888,
        "max": 0.21788264811,
        "mean": 0.11708497256,
        "median": 0.126522302628,
        "min": 0.0390273407102,
        "stdev": 0.0447613447905,
        "var": 0.0020035780035
    },
    "erbbands_kurtosis": {
        "dmean": 0.960636019707,
        "dmean2": 1.45604789257,
        "dvar": 0.825565993786,
        "dvar2": 2.23307991028,
        "max": 5.31099414825,
        "mean": 1.12839746475,
        "median": 1.38405990601,
        "min": -1.5106960535,
        "stdev": 1.7435208559,
        "var": 3.03986501694
    },
    "erbbands_skewness": {
        "dmean": 0.292022287846,
        "dmean2": 0.481775313616,
        "dvar": 0.0813689082861,
        "dvar2": 0.211316138506,
        "max": 0.245307743549,
        "mean": -1.04811167717,
        "median": -1.24487376213,
        "min": -2.06663990021,
        "stdev": 0.580399036407,
        "var": 0.336863011122
    },
    "erbbands_spread": {
        "dmean": 9.04500865936,
        "dmean2": 14.2024335861,
        "dvar": 78.7867736816,
        "dvar2": 217.617523193,
        "max": 117.925964355,
        "mean": 43.6768531799,
        "median": 32.1664352417,
        "min": 15.0868825912,
        "stdev": 26.1691551208,
        "var": 684.824707031
    },
    "hfc": {
        "dmean": 40.7473373413,
        "dmean2": 35.4063339233,
        "dvar": 16395.9257812,
        "dvar2": 15812.3642578,
        "max": 1669.7454834,
        "mean": 106.64175415,
        "median": 0.177572593093,
        "min": 5.24137976754e-05,
        "stdev": 336.957305908,
        "var": 113540.21875
    },
    "loudness_ebu128": {
        "integrated": -15.0330457687,
        "loudness_range": 0,
        "momentary": {
            "dmean": 5.25206184387,
            "dmean2": 3.43278479576,
            "dvar": 27.254524231,
            "dvar2": 8.96242046356,
            "max": -13.2715969086,
            "mean": -34.2013320923,
            "median": -39.1995048523,
            "min": -57.074760437,
            "stdev": 15.1207647324,
            "var": 228.637512207
        },
        "short_term": {
            "dmean": 0,
            "dmean2": 0,
            "dvar": 0,
            "dvar2": 0,
            "max": -21.9992237091,
            "mean": -21.9992237091,
            "median": -21.9992237091,
            "min": -21.9992237091,
            "stdev": 0,
            "var": 0
        }
    },
    "melbands_crest": {
        "dmean": 3.38649368286,
        "dmean2": 5.41345262527,
        "dvar": 12.6313686371,
        "dvar2": 30.4024200439,
        "max": 32.6172142029,
        "mean": 11.3569002151,
        "median": 6.89519023895,
        "min": 2.74786686897,
        "stdev": 8.58991718292,
        "var": 73.7866821289
    },
    "melbands_flatness_db": {
        "dmean": 0.0291750263423,
        "dmean2": 0.0492174401879,
        "dvar": 0.00118409865536,
        "dvar2": 0.00347006460652,
        "max": 0.303815066814,
        "mean": 0.096402592957,
        "median": 0.0516221672297,
        "min": 0.0204117577523,
        "stdev": 0.0773961767554,
        "var": 0.00599016761407
    },
    "melbands_kurtosis": {
        "dmean": 11.70773983,
        "dmean2": 20.5148830414,
        "dvar": 660.38293457,
        "dvar2": 1858.87756348,
        "max": 138.62059021,
        "mean": 13.8689880371,
        "median": 0.39524269104,
        "min": -1.7236417532,
        "stdev": 27.862537384,
        "var": 776.320983887
    },
    "melbands_skewness": {
        "dmean": 1.04250216484,
        "dmean2": 1.78617107868,
        "dvar": 2.23536586761,
        "dvar2": 6.243268013,
        "max": 10.3508605957,
        "mean": 1.83521223068,
        "median": 0.415217518806,
        "min": -1.61110448837,
        "stdev": 3.06802296638,
        "var": 9.41276550293
    },
    "melbands_spread": {
        "dmean": 21.4906978607,
        "dmean2": 35.3103370667,
        "dvar": 419.610412598,
        "dvar2": 1056.08178711,
        "max": 227.865539551,
        "mean": 96.2632141113,
        "median": 80.0511169434,
        "min": 4.40344142914,
        "stdev": 70.4101028442,
        "var": 4957.58300781
    },
    "pitch_salience": {
        "dmean": 0.0587848909199,
        "dmean2": 0.0962960571051,
        "dvar": 0.00427755294368,
        "dvar2": 0.0105345994234,
        "max": 0.827424287796,
        "mean": 0.647366583347,
        "median": 0.723129093647,
        "min": 0.23498673737,
        "stdev": 0.154665887356,
        "var": 0.0239215344191
    },
    "silence_rate_20dB": {
        "dmean": 0,
        "dmean2": 0,
        "dvar": 0,
        "dvar2": 0,
        "max": 1,
        "mean": 1,
        "median": 1,
        "min": 1,
        "stdev": 0,
        "var": 0
    },
    "silence_rate_30dB": {
        "dmean": 0.0243902429938,
        "dmean2": 0.0493827164173,
        "dvar": 0.0237953402102,
        "dvar2": 0.0469439998269,
        "max": 1,
        "mean": 0.951807200909,
        "median": 1,
        "min": 0,
        "stdev": 0.214173197746,
        "var": 0.0458701588213
    },
    "silence_rate_60dB": {
        "dmean": 0.0243902429938,
        "dmean2": 0.0493827164173,
        "dvar": 0.0237953364849,
        "dvar2": 0.0469440072775,
        "max": 1,
        "mean": 0.819277107716,
        "median": 1,
        "min": 0,
        "stdev": 0.38478821516,
        "var": 0.148061975837
    },
    "spectral_centroid": {
        "dmean": 358.938323975,
        "dmean2": 566.571533203,
        "dvar": 119852.710938,
        "dvar2": 290486.75,
        "max": 5356.17382812,
        "mean": 3755.61401367,
        "median": 4087.6640625,
        "min": 859.097961426,
        "stdev": 1248.7487793,
        "var": 1559373.375
    },
    "spectral_complexity": {
        "dmean": 1.6097561121,
        "dmean2": 2.46913576126,
        "dvar": 22.0916099548,
        "dvar2": 43.6317901611,
        "max": 41,
        "mean": 3.87951803207,
        "median": 0,
        "min": 0,
        "stdev": 10.0999832153,
        "var": 102.009658813
    },
    "spectral_decrease": {
        "dmean": 1.36529038075e-10,
        "dmean2": 2.07428657584e-10,
        "dvar": 1.92773369006e-19,
        "dvar2": 4.36166960325e-19,
        "max": 8.43058678424e-10,
        "mean": -1.09832316852e-10,
        "median": -1.90484780727e-12,
        "min": -3.32789440449e-09,
        "stdev": 4.810543075e-10,
        "var": 2.3141323724e-19
    },
    "spectral_energy": {
        "dmean": 0.00362174608745,
        "dmean2": 0.00360630871728,
        "dvar": 0.000146863530972,
        "dvar2": 0.000166467580129,
        "max": 0.148268908262,
        "mean": 0.0100872479379,
        "median": 2.55634131463e-05,
        "min": 7.84066855886e-08,
        "stdev": 0.0310824625194,
        "var": 0.000966119463556
    },
    "spectral_energyband_high": {
        "dmean": 0.00338267954066,
        "dmean2": 0.00314556993544,
        "dvar": 0.000128956671688,
        "dvar2": 0.000138882183819,
        "max": 0.138490065932,
        "mean": 0.00941880326718,
        "median": 1.92628394871e-05,
        "min": 4.39642988681e-09,
        "stdev": 0.0293545685709,
        "var": 0.000861690728925
    },
    "spectral_energyband_low": {
        "dmean": 5.17751868756e-06,
        "dmean2": 9.62105968938e-06,
        "dvar": 1.91789154003e-10,
        "dvar2": 4.74202510592e-10,
        "max": 8.3006976638e-05,
        "mean": 7.36387210054e-06,
        "median": 1.54482677317e-06,
        "min": 3.69323949201e-08,
        "stdev": 1.60645740834e-05,
        "var": 2.58070564918e-10
    },
    "spectral_energyband_middle_high": {
        "dmean": 0.000240188892349,
        "dmean2": 0.000393071532017,
        "dvar": 4.53448137705e-07,
        "dvar2": 1.22923358958e-06,
        "max": 0.00563562335446,
        "mean": 0.000469545688247,
        "median": 2.31556032304e-06,
        "min": 2.0463626349e-09,
        "stdev": 0.00118712312542,
        "var": 1.40926124459e-06
    },
    "spectral_energyband_middle_low": {
        "dmean": 3.0162593248e-05,
        "dmean2": 5.39878965355e-05,
        "dvar": 8.58903614898e-09,
        "dvar2": 2.40245405791e-08,
        "max": 0.000587365415413,
        "mean": 4.55085501017e-05,
        "median": 6.46486512323e-07,
        "min": 1.4504517587e-08,
        "stdev": 0.000113261085062,
        "var": 1.28280737144e-08
    },
    "spectral_entropy": {
        "dmean": 0.0789853334427,
        "dmean2": 0.126526102424,
        "dvar": 0.00737852603197,
        "dvar2": 0.0228919032961,
        "max": 8.95383167267,
        "mean": 8.60213088989,
        "median": 8.60666179657,
        "min": 8.13981342316,
        "stdev": 0.266117572784,
        "var": 0.0708185657859
    },
    "spectral_flux": {
        "dmean": 0.00745799997821,
        "dmean2": 0.00908018182963,
        "dvar": 0.00046571547864,
        "dvar2": 0.000815168663394,
        "max": 0.26827159524,
        "mean": 0.0312419626862,
        "median": 0.00363377365284,
        "min": 0.000299150153296,
        "stdev": 0.0659992471337,
        "var": 0.00435590092093
    },
    "spectral_kurtosis": {
        "dmean": 0.296039909124,
        "dmean2": 0.428693801165,
        "dvar": 0.0928462073207,
        "dvar2": 0.220853850245,
        "max": 3.51486873627,
        "mean": 1.06604528427,
        "median": 0.875944375992,
        "min": -0.267369508743,
        "stdev": 1.01464056969,
        "var": 1.02949547768
    },
    "spectral_rms": {
        "dmean": 0.000306722853566,
        "dmean2": 0.000310784176691,
        "dvar": 7.39244114811e-07,
        "dvar2": 8.75339082995e-07,
        "max": 0.0120271611959,
        "mean": 0.0013037227327,
        "median": 0.000157923757797,
        "min": 8.74610304891e-06,
        "stdev": 0.00285333604552,
        "var": 8.14152645034e-06
    },
    "spectral_rolloff": {
        "dmean": 705.34362793,
        "dmean2": 1080.91381836,
        "dvar": 868997.1875,
        "dvar2": 1304659.625,
        "max": 15546.9726562,
        "mean": 7880.89404297,
        "median": 8785.546875,
        "min": 64.599609375,
        "stdev": 5838.10253906,
        "var": 34083444
    },
    "spectral_skewness": {
        "dmean": 0.0760835111141,
        "dmean2": 0.116730429232,
        "dvar": 0.00369766796939,
        "dvar2": 0.00948918890208,
        "max": 1.2468252182,
        "mean": 0.851062655449,
        "median": 0.864775180817,
        "min": 0.442791998386,
        "stdev": 0.2026373595,
        "var": 0.0410619005561
    },
    "spectral_spread": {
        "dmean": 607328.125,
        "dmean2": 917054.625,
        "dvar": 559011594240,
        "dvar2": 1.60196879974e+12,
        "max": 11340517,
        "mean": 8602306,
        "median": 9401309,
        "min": 4534314.5,
        "stdev": 1931466.625,
        "var": 3.73056313754e+12
    },
    "spectral_strongpeak": {
        "dmean": 1.08722829819,
        "dmean2": 1.99473273754,
        "dvar": 8.54792308807,
        "dvar2": 27.1681098938,
        "max": 25.5730552673,
        "mean": 1.35038673878,
        "median": 0.0030587608926,
        "min": 0,
        "stdev": 3.91186380386,
        "var": 15.3026781082
    },
    "zerocrossingrate": {
        "dmean": 0.0181021336466,
        "dmean2": 0.0200496725738,
        "dvar": 0.000383393286029,
        "dvar2": 0.000338032434229,
        "max": 0.5107421875,
        "mean": 0.273061007261,
        "median": 0.28076171875,
        "min": 0.02734375,
        "stdev": 0.160025924444,
        "var": 0.0256082974374
    },
    "barkbands": {
        "dmean": [2.35962261286e-06, 3.28685564455e-06, 1.88656667888e-06, 1.303631052e-06, 3.3648354929e-06, 6.75499677527e-06, 6.86531893734e-06, 7.24227948012e-06, 1.15669972729e-05, 1.38122550197e-05, 2.85775931843e-05, 3.93432965211e-05, 3.35241602443e-05, 2.93113444059e-05, 2.08882174775e-05, 2.9547700251e-05, 1.83748707059e-05, 4.45528457931e-05, 4.88831283292e-05, 7.78823305154e-05, 0.000285949587123, 0.000304230547044, 0.000469486607471, 0.000711851811502, 0.000705299433321, 0.00117768964265, 0.000492199556902],
        "dmean2": [4.30645013694e-06, 5.86656460655e-06, 3.50272398464e-06, 1.93394544112e-06, 6.21757362751e-06, 1.21020839288e-05, 1.19058740893e-05, 1.21590701383e-05, 2.21304526349e-05, 2.21299687837e-05, 4.44000615971e-05, 7.47840967961e-05, 5.66853523196e-05, 4.91479622724e-05, 3.4470231185e-05, 4.20625401603e-05, 3.01360632875e-05, 6.97581999702e-05, 8.31403813208e-05, 0.000110725377453, 0.000513583188877, 0.00047557556536, 0.00078035047045, 0.000631383853033, 0.000723880773876, 0.00138790754136, 0.000464411830762],
        "dvar": [3.73914926799e-11, 6.70802788316e-11, 2.09613021385e-11, 1.56325109107e-11, 1.15040713067e-10, 3.68954977681e-10, 5.91113935577e-10, 5.0300746901e-10, 1.13351250608e-09, 1.52010892762e-09, 4.77716621816e-09, 1.97847356276e-08, 6.78305722701e-09, 4.57862459058e-09, 2.18025308918e-09, 5.30405452892e-09, 2.51742560131e-09, 1.86372766109e-08, 2.03391028464e-08, 5.85088635319e-08, 8.85651104454e-07, 1.37295319291e-06, 2.99624684885e-06, 5.04793479195e-06, 6.27795407127e-06, 1.31379592858e-05, 2.37143558479e-06],
        "dvar2": [1.22307233785e-10, 1.76269526753e-10, 5.30974292312e-11, 3.36997443839e-11, 3.15672571416e-10, 1.00529840008e-09, 1.74281233889e-09, 1.36557443131e-09, 3.38303141056e-09, 3.95087740301e-09, 1.17705374336e-08, 6.55401777294e-08, 1.76448153866e-08, 1.34506867866e-08, 6.74639588638e-09, 1.00229140543e-08, 5.33656452362e-09, 5.67429694343e-08, 5.78531924589e-08, 1.20663543157e-07, 2.22673907047e-06, 2.1901657874e-06, 7.34133755032e-06, 4.67561540063e-06, 7.54725715524e-06, 1.88947669812e-05, 1.86026636584e-06],
        "max": [4.07081206504e-05, 6.14084856352e-05, 2.25310286623e-05, 3.31047885993e-05, 8.53589808685e-05, 0.000157274480443, 0.000149178289576, 0.000131698529003, 0.000221942740609, 0.000358719582437, 0.000460731447674, 0.000965118349995, 0.00065187679138, 0.000540663430002, 0.000433064531535, 0.000815843348391, 0.00055734871421, 0.0010621844558, 0.00119916792028, 0.00231404765509, 0.00868261698633, 0.0112085388973, 0.0138845155016, 0.0291385445744, 0.0288950372487, 0.0482485853136, 0.0201766770333],
        "mean": [2.027542223e-06, 3.82529151466e-06, 2.07213793146e-06, 1.25235487758e-06, 4.57933219877e-06, 8.6370828285e-06, 5.91836760577e-06, 7.13146437192e-06, 1.26427485156e-05, 1.80789829756e-05, 3.05623470922e-05, 3.85465937143e-05, 3.83364422305e-05, 3.79095690732e-05, 3.26137451339e-05, 5.16665495525e-05, 3.81714853575e-05, 5.9033765865e-05, 7.57901361794e-05, 0.000172422631294, 0.000500010559335, 0.000639298348688, 0.000806711439509, 0.00160568614956, 0.00198282115161, 0.00270294235088, 0.00110594660509],
        "median": [9.87403268482e-07, 5.83552889566e-07, 4.50818561148e-07, 1.084457395e-07, 6.25369125373e-08, 3.26132827411e-08, 4.31382325417e-08, 9.57415835501e-08, 1.57696320002e-07, 2.40152104425e-07, 7.55835571908e-08, 1.55027791493e-07, 3.53872508185e-07, 1.87579900057e-07, 1.33016925474e-07, 2.67376236707e-07, 1.38498322144e-07, 1.62532600712e-07, 3.44372125483e-07, 4.77168669022e-07, 9.93241201286e-07, 3.28571445607e-06, 3.32833019456e-06, 3.52514416591e-06, 4.81239476358e-06, 2.95814174933e-06, 6.68342124754e-07],
        "min": [2.14747064575e-08, 1.0026038666e-08, 5.12047204637e-09, 3.50234641289e-09, 2.68281663551e-09, 1.11843412309e-09, 1.07300124341e-09, 8.02744426487e-10, 6.15896056377e-10, 7.93540372301e-11, 1.7502002625e-10, 2.09203002144e-10, 3.54149709558e-10, 2.02291225437e-10, 1.0047153387e-10, 5.23161958199e-10, 1.32963196009e-10, 1.5418909205e-10, 8.07829081406e-11, 2.23587676151e-10, 2.61991983663e-10, 5.34223276727e-10, 1.03659958395e-09, 4.61221838499e-10, 9.26184295924e-10, 6.2791621902e-10, 4.01157634888e-10],
        "stdev": [4.96151869811e-06, 9.03894397197e-06, 4.61345416625e-06, 4.4164994506e-06, 1.55801626534e-05, 2.48653650488e-05, 2.14609335671e-05, 2.08497076528e-05, 3.28905516653e-05, 5.17513908562e-05, 8.35488535813e-05, 0.000124836180476, 0.000103645732452, 9.64801511145e-05, 7.79470719863e-05, 0.000143711644341, 0.000104504200863, 0.000178391856025, 0.000206943324883, 0.000490954669658, 0.00156382366549, 0.00203152513131, 0.00259644747712, 0.00536604225636, 0.0060429177247, 0.00868176203221, 0.0037590439897],
        "var": [2.4616668079e-11, 8.17025128108e-11, 2.12839589703e-11, 1.9505468421e-11, 2.42741493572e-10, 6.18286366549e-10, 4.60571691896e-10, 4.34710295538e-10, 1.08178832559e-09, 2.67820654543e-09, 6.98041091596e-09, 1.5584072699e-08, 1.07424380502e-08, 9.30841981273e-09, 6.07574568434e-09, 2.06530383906e-08, 1.09211280019e-08, 3.18236565988e-08, 4.28255368945e-08, 2.41036502757e-07, 2.4455446237e-06, 4.12709414377e-06, 6.74153898217e-06, 2.87944076263e-05, 3.65168561984e-05, 7.53729982534e-05, 1.41304117278e-05]
    },
    "erbbands": {
        "dmean": [0.000112440116936, 0.000713211775292, 0.00180647452362, 0.00343196792528, 0.00458970386535, 0.0136418985203, 0.023719182238, 0.0821725353599, 0.0777716264129, 0.150194883347, 0.151190459728, 0.290000468493, 0.378147721291, 0.609322190285, 0.93387401104, 1.97336745262, 1.59205055237, 1.42973661423, 0.897399544716, 1.40299415588, 1.40503299236, 0.990818679333, 1.84922850132, 3.62874770164, 1.73530173302, 3.87060880661, 7.14964723587, 13.1129198074, 10.9769325256, 11.4223823547, 12.6187582016, 15.9599161148, 14.0209846497, 7.44412326813, 6.63008069992, 5.20743703842, 1.98970663548, 0.502313733101, 0.0859714001417, 0.00446957908571],
        "dmean2": [0.000206817217986, 0.00120823201723, 0.00323723233305, 0.00553991692141, 0.00457013305277, 0.0250134859234, 0.0312295556068, 0.148828908801, 0.140769600868, 0.278391569853, 0.247469633818, 0.542329788208, 0.64392375946, 1.06730556488, 1.44830346107, 3.77487945557, 2.77782177925, 2.18549895287, 1.41305398941, 2.22429919243, 2.02401828766, 1.75205302238, 2.81837844849, 6.31508970261, 2.5663318634, 5.58833646774, 12.5560998917, 23.9234676361, 17.2769298553, 19.0194149017, 18.7666110992, 13.7918338776, 16.0478210449, 10.3975467682, 8.11653709412, 6.84089326859, 2.68560314178, 0.417101770639, 0.0776229053736, 0.0046912515536],
        "dvar": [8.02100643682e-08, 2.92559616355e-06, 1.68405786098e-05, 9.64321152424e-05, 0.000150985375512, 0.00184009457007, 0.00475646834821, 0.0560385063291, 0.0527118779719, 0.4143897295, 0.164938151836, 0.874493181705, 0.95528960228, 2.60981678963, 5.08851528168, 47.78673172, 15.9736862183, 12.2390899658, 4.88281488419, 11.6780118942, 12.2018976212, 8.30524921417, 33.3473930359, 137.089187622, 27.7970485687, 133.940948486, 579.98248291, 2234.71484375, 1786.57751465, 2230.27368164, 1954.78295898, 2751.58740234, 1695.55639648, 592.851257324, 511.715209961, 281.321502686, 40.6731147766, 2.61717557907, 0.0720961987972, 0.000262397399638],
        "dvar2": [2.09723822309e-07, 7.65414279158e-06, 4.3002593884e-05, 0.000199109796085, 0.000206335593248, 0.00515250489116, 0.00760856736451, 0.156490787864, 0.146098777652, 1.25481033325, 0.412074416876, 2.54731321335, 2.69359946251, 6.73563623428, 12.4216976166, 159.529907227, 45.4820747375, 33.3390312195, 11.7092151642, 22.8517875671, 26.2485923767, 18.208234787, 94.5631484985, 418.33380127, 60.3262138367, 277.4034729, 1217.70605469, 5677.26171875, 3247.20483398, 4096.48291016, 4318.26757812, 3199.03198242, 3321.09301758, 935.41027832, 722.499450684, 478.677947998, 54.3957366943, 2.34199500084, 0.05586887151, 0.000280660344288],
        "max": [0.00204832199961, 0.0125671671703, 0.022484222427, 0.07447232306, 0.141598641872, 0.355189293623, 0.810717225075, 1.6435571909, 1.31464123726, 4.1544380188, 2.74715876579, 6.4052362442, 8.5265750885, 9.76386260986, 16.186958313, 46.4188613892, 29.4402866364, 28.1607952118, 21.6064548492, 34.2845497131, 36.3279838562, 30.2064189911, 55.2171058655, 72.1811599731, 55.2062797546, 112.111053467, 210.802490234, 434.97164917, 398.128051758, 422.143463135, 399.815124512, 652.924255371, 475.494293213, 267.824707031, 235.347839355, 213.236114502, 79.8351669312, 20.5934238434, 3.52373385429, 0.183218702674],
        "mean": [0.000129971725983, 0.000797192798927, 0.00231772311963, 0.00353060429916, 0.0061812158674, 0.018342576921, 0.0423013791442, 0.0787347257137, 0.0768992975354, 0.119765944779, 0.160919070244, 0.290898293257, 0.52903431654, 0.728637099266, 1.23625874519, 1.80141270161, 1.79153907299, 2.09933114052, 1.78915309906, 2.33291983604, 2.47138285637, 2.1124420166, 2.8398103714, 4.1799902916, 4.02092695236, 7.95880413055, 14.9986333847, 22.9178562164, 22.6895103455, 22.0248584747, 23.6669139862, 30.7376041412, 27.2997398376, 17.6059341431, 16.6064033508, 11.7412900925, 4.95228862762, 1.27034819126, 0.180946484208, 0.0100637348369],
        "median": [2.62355806626e-05, 0.000107765881694, 0.000461922958493, 0.000503213435877, 0.000177257839823, 0.000234252132941, 0.000257049890934, 0.00028080647462, 0.000483273586724, 0.00130619655829, 0.00285793025978, 0.00326665956527, 0.00604670681059, 0.00430056173354, 0.00407221866772, 0.00831746682525, 0.0147746969014, 0.0114465365186, 0.00661527272314, 0.010328123346, 0.0119517007843, 0.00870286114514, 0.00901568029076, 0.010485031642, 0.0225137732923, 0.0220149662346, 0.0243404693902, 0.0457742884755, 0.0853985399008, 0.166080117226, 0.0961170718074, 0.0618165843189, 0.0624235086143, 0.0564612708986, 0.0301773548126, 0.013173237443, 0.00608565518633, 0.00100558996201, 0.000117063325888, 5.77376431465e-06],
        "min": [8.05060039966e-07, 7.74268073656e-07, 4.27681698056e-06, 8.63319201017e-06, 1.03560578282e-05, 9.36507967708e-06, 1.18694661069e-05, 7.1369277066e-06, 1.27640232677e-05, 1.73048028955e-05, 1.90627069969e-05, 1.5041034203e-05, 5.51801485926e-06, 5.00484429722e-06, 6.46784201308e-06, 1.00515235317e-05, 1.72241070686e-05, 1.09394213723e-05, 7.96687618276e-06, 1.10199853225e-05, 2.85753121716e-05, 8.30532917462e-06, 9.43263785302e-06, 2.90568436867e-06, 5.11077269039e-06, 1.1475312931e-05, 1.1834592442e-05, 8.46165494295e-06, 9.41064354265e-06, 4.60350456706e-05, 2.54988062807e-05, 8.78272749105e-06, 8.0597728811e-06, 9.43180202739e-06, 6.64722801957e-06, 2.20015181185e-06, 1.40274380556e-06, 3.98705196858e-07, 5.23235463845e-08, 5.21832577149e-09],
        "stdev": [0.000323778949678, 0.00187114544678, 0.00472831213847, 0.0110202273354, 0.0209741126746, 0.0629205554724, 0.133733317256, 0.242812812328, 0.24167829752, 0.486512809992, 0.443594545126, 0.850490152836, 1.41048848629, 1.88288033009, 3.18472671509, 5.95548772812, 4.76025390625, 5.33293008804, 4.43858385086, 6.07575893402, 6.7164144516, 5.77335548401, 8.64452648163, 12.6796150208, 10.3870134354, 22.8433475494, 44.2247848511, 73.9458999634, 71.3507766724, 72.433303833, 75.8404312134, 108.046318054, 88.1090240479, 53.1378669739, 51.9378890991, 37.4749717712, 15.8285455704, 4.12190818787, 0.631721496582, 0.035637319088],
        "var": [1.04832800218e-07, 3.5011851196e-06, 2.23569350055e-05, 0.00012144541688, 0.000439913390437, 0.00395899638534, 0.0178846009076, 0.0589580647647, 0.0584083981812, 0.236694708467, 0.196776121855, 0.723333477974, 1.98947763443, 3.54523849487, 10.1424846649, 35.4678344727, 22.6600170135, 28.4401416779, 19.7010269165, 36.9148483276, 45.1102218628, 33.3316345215, 74.7278442383, 160.772628784, 107.890045166, 521.81854248, 1955.83154297, 5467.99658203, 5090.93310547, 5246.58300781, 5751.77148438, 11674.0068359, 7763.20019531, 2823.6328125, 2697.54443359, 1404.37353516, 250.54284668, 16.9901256561, 0.399072021246, 0.00127001840156]
    },
    "gfcc": {
        "mean": [-291.916687012, -47.9043159485, -81.9363098145, 23.7668514252, -51.4715919495, 30.6420135498, -19.2015094757, 11.6932048798, -17.6386470795, 9.64145565033, -19.16223526, 1.06803667545, -13.8070211411],
        "cov": [[37848.828125, -10147.0625, -3311.00292969, -2745.33764648, -1331.72521973, -210.241165161, -1151.03930664, -508.494903564, -537.272094727, -60.4612846375, 9.36832427979, 718.383972168, 367.040039062], [-10147.0625, 3768.71484375, 674.113830566, 968.607177734, 315.264953613, -115.6354599, 381.538787842, 95.0799484253, 168.793563843, 110.56477356, 85.8430023193, -168.412353516, -49.7447090149], [-3311.00292969, 674.113830566, 645.376464844, 179.239852905, 135.084228516, 5.93645381927, 21.7185840607, 37.3790473938, 31.7627601624, -65.5654373169, -29.9689025879, -80.2049636841, -47.8485946655], [-2745.33764648, 968.607177734, 179.239852905, 354.148529053, 132.244567871, -3.61252808571, 143.112854004, 30.7436141968, 52.8938598633, 36.9728507996, 14.1625900269, -46.9443016052, -5.8911948204], [-1331.72521973, 315.264953613, 135.084228516, 132.244567871, 129.036437988, 17.3027915955, 71.9591064453, 6.85006856918, 1.68518364429, 13.5206832886, -2.40700650215, -30.3397483826, 0.893526673317], [-210.241165161, -115.6354599, 5.93645381927, -3.61252808571, 17.3027915955, 128.168807983, 32.2943153381, 21.5856246948, 8.87408924103, -14.3589458466, -22.7359695435, -9.92401409149, -26.0491027832], [-1151.03930664, 381.538787842, 21.7185840607, 143.112854004, 71.9591064453, 32.2943153381, 133.242706299, 24.2304782867, 14.7094488144, 42.7889862061, 18.3874969482, -9.70503997803, 14.7087850571], [-508.494903564, 95.0799484253, 37.3790473938, 30.7436141968, 6.85006856918, 21.5856246948, 24.2304782867, 54.196521759, 33.1180076599, -4.64657497406, -3.15731096268, -16.5136070251, -21.6157665253], [-537.272094727, 168.793563843, 31.7627601624, 52.8938598633, 1.68518364429, 8.87408924103, 14.7094488144, 33.1180076599, 54.7020339966, 13.3708705902, 4.0427069664, -10.2571468353, -17.3353099823], [-60.4612846375, 110.56477356, -65.5654373169, 36.9728507996, 13.5206832886, -14.3589458466, 42.7889862061, -4.64657497406, 13.3708705902, 61.8615112305, 30.9277172089, 11.4380874634, 19.9661865234], [9.36832427979, 85.8430023193, -29.9689025879, 14.1625900269, -2.40700650215, -22.7359695435, 18.3874969482, -3.15731096268, 4.0427069664, 30.9277172089, 40.5175590515, 17.2399635315, 8.25820827484], [718.383972168, -168.412353516, -80.2049636841, -46.9443016052, -30.3397483826, -9.92401409149, -9.70503997803, -16.5136070251, -10.2571468353, 11.4380874634, 17.2399635315, 47.5025253296, 30.5989875793], [367.040039062, -49.7447090149, -47.8485946655, -5.8911948204, 0.893526673317, -26.0491027832, 14.7087850571, -21.6157665253, -17.3353099823, 19.9661865234, 8.25820827484, 30.5989875793, 56.1993904114]],
        "icov": [[0.000269255542662, 0.000639775535092, 0.000599259394221, -0.000327042565914, 0.000715979957022, 0.000596464145929, 0.000110943343316, 0.000743762648199, -7.0828027674e-05, 0.000369151384803, -0.000732133863494, 9.83413337963e-05, -0.000293129618512], [0.000639775535092, 0.00285228318535, 0.000820439367089, -0.0036288856063, 0.00310558080673, 0.00253302324563, -0.00120572978631, 0.00276902201585, -0.00105781562161, 0.00138360401616, -0.00392449647188, 0.0026637876872, -0.000521788140759], [0.000599259394221, 0.000820439367089, 0.00483842846006, 0.000274876831099, -0.00239958195016, 0.00106679659802, 0.00158451299649, 0.00194728397764, -0.00308400043286, 0.00694301025942, -0.00416056159884, 0.00274293450639, -0.00247243139893], [-0.000327042565914, -0.0036288856063, 0.000274876831099, 0.0171318538487, -0.00862239208072, 0.00128723285161, -0.00866354070604, 0.00516512570903, -0.0109917428344, 0.00501181557775, 0.00422253040597, -0.00145856745075, 0.000944162544329], [0.000715979957022, 0.00310558080673, -0.00239958195016, -0.00862239208072, 0.0234498474747, -0.000138540097396, -0.00392625760287, 0.00223086355254, 0.00846503488719, -0.00641441717744, -0.00105361570604, 0.00807565078139, -0.00277760741301], [0.000596464145929, 0.00253302324563, 0.00106679659802, 0.00128723285161, -0.000138540097396, 0.0179756134748, -0.0127559872344, 0.00510464189574, -0.00525130378082, 0.00322381942533, 0.00994628295302, -0.00819257460535, 0.0132597563788], [0.000110943343316, -0.00120572978631, 0.00158451299649, -0.00866354070604, -0.00392625760287, -0.0127559872344, 0.0354899205267, -0.0208611097187, 0.0180052183568, -0.0161247551441, -0.00575695931911, 0.00127034250181, -0.0130764879286], [0.000743762648199, 0.00276902201585, 0.00194728397764, 0.00516512570903, 0.00223086355254, 0.00510464189574, -0.0208611097187, 0.0510022826493, -0.0351795889437, 0.022644335404, -0.00907473266125, 0.0107162445784, 0.00380243943073], [-7.0828027674e-05, -0.00105781562161, -0.00308400043286, -0.0109917428344, 0.00846503488719, -0.00525130378082, 0.0180052183568, -0.0351795889437, 0.0580392517149, -0.03331733495, 0.0140328658745, -0.014188632369, 0.0103391194716], [0.000369151384803, 0.00138360401616, 0.00694301025942, 0.00501181557775, -0.00641441717744, 0.00322381942533, -0.0161247551441, 0.022644335404, -0.03331733495, 0.061524361372, -0.0377891324461, 0.0203960370272, -0.0179106742144], [-0.000732133863494, -0.00392449647188, -0.00416056159884, 0.00422253040597, -0.00105361570604, 0.00994628295302, -0.00575695931911, -0.00907473266125, 0.0140328658745, -0.0377891324461, 0.0759361982346, -0.0444287210703, 0.031637314707], [9.83413337963e-05, 0.0026637876872, 0.00274293450639, -0.00145856745075, 0.00807565078139, -0.00819257460535, 0.00127034250181, 0.0107162445784, -0.014188632369, 0.0203960370272, -0.0444287210703, 0.0749102085829, -0.042119204998], [-0.000293129618512, -0.000521788140759, -0.00247243139893, 0.000944162544329, -0.00277760741301, 0.0132597563788, -0.0130764879286, 0.00380243943073, 0.0103391194716, -0.0179106742144, 0.031637314707, -0.042119204998, 0.0561516731977]]
    },
    "melbands": {
        "dmean": [9.91217802948e-07, 8.2032266846e-07, 6.21778553977e-07, 5.32675642262e-07, 7.87129579294e-07, 1.62909918799e-06, 1.2673110632e-06, 1.67447717558e-06, 1.22480912523e-06, 1.8716644945e-06, 1.86846341421e-06, 2.31770172832e-06, 3.59600016964e-06, 3.3121496017e-06, 5.79281231694e-06, 2.91362857752e-06, 2.88334354082e-06, 1.41377256568e-06, 1.38308155329e-06, 2.64737604994e-06, 1.61000264143e-06, 1.06675361167e-06, 1.25043868593e-06, 2.47685670729e-06, 3.38729978466e-06, 1.25263977679e-06, 1.59227761287e-06, 3.00620376947e-06, 3.82863890991e-06, 7.91000093159e-06, 8.0416793935e-06, 7.51501420382e-06, 6.04107208346e-06, 7.11114762453e-06, 7.20198704585e-06, 8.40891607368e-06, 1.07940959424e-05, 9.33068258746e-06, 9.94569836621e-06, 5.55246606382e-06],
        "dmean2": [1.85725014035e-06, 1.38336315558e-06, 8.96629217095e-07, 9.44486203025e-07, 9.46491695686e-07, 2.94359438158e-06, 2.32627121477e-06, 3.07974187308e-06, 2.10373968912e-06, 3.54375902134e-06, 3.20843741974e-06, 4.00970066039e-06, 5.55814312975e-06, 6.03937769483e-06, 1.07138394014e-05, 4.90044931212e-06, 4.61858508061e-06, 2.07950893127e-06, 2.42997248279e-06, 3.3620844988e-06, 2.45452952186e-06, 1.68738586126e-06, 1.94045765056e-06, 4.41513248006e-06, 5.7803904383e-06, 2.21236768994e-06, 2.67460268333e-06, 4.64771892439e-06, 6.3031056925e-06, 1.40083147926e-05, 1.47241153172e-05, 1.22895544337e-05, 9.52946083999e-06, 1.14005879368e-05, 1.19219548651e-05, 1.20693985082e-05, 1.01219920907e-05, 1.13342657642e-05, 1.46512402353e-05, 7.81190829002e-06],
        "dvar": [6.97370069677e-12, 3.59667677585e-12, 3.1311075694e-12, 3.009837388e-12, 5.07801179578e-12, 2.14031674328e-11, 1.54458130314e-11, 4.85139151074e-11, 1.1789910194e-11, 3.42274542042e-11, 2.47780389956e-11, 3.88852353095e-11, 7.99832422516e-11, 1.42517678214e-10, 2.79690381966e-10, 6.37872463183e-11, 5.17227337349e-11, 1.17375267492e-11, 1.03915036298e-11, 3.75526797158e-11, 1.81634204205e-11, 8.49377339296e-12, 1.44530732868e-11, 5.97200414121e-11, 1.14605429313e-10, 1.60853431269e-11, 2.00979701631e-11, 8.526802181e-11, 1.88849158533e-10, 5.56814427899e-10, 9.60287960261e-10, 6.64256760707e-10, 6.31467322876e-10, 8.38904778977e-10, 7.27098548037e-10, 9.39537225797e-10, 1.29108002067e-09, 8.04830868617e-10, 9.77150471648e-10, 3.73720165925e-10],
        "dvar2": [1.87680565533e-11, 8.99223751016e-12, 6.52848348298e-12, 6.92021049839e-12, 8.21797057488e-12, 5.93462640142e-11, 4.28854902979e-11, 1.45731593459e-10, 3.06750146117e-11, 1.00770829181e-10, 6.73436237331e-11, 9.97657720325e-11, 1.80051876186e-10, 4.61660237816e-10, 9.17358466967e-10, 1.6123616331e-10, 1.39567274404e-10, 2.72702607024e-11, 2.91078584846e-11, 6.38364291983e-11, 4.24718732406e-11, 1.71149344697e-11, 3.46257085504e-11, 1.98347130387e-10, 3.47538720025e-10, 3.93718460612e-11, 4.30735690171e-11, 1.86038004446e-10, 3.74476755161e-10, 1.58708635123e-09, 2.33274644046e-09, 1.31142763315e-09, 1.06443709402e-09, 1.78063785938e-09, 1.72326530823e-09, 1.7165866506e-09, 1.44345724262e-09, 1.38347100442e-09, 2.60479460223e-09, 5.15965103975e-10],
        "max": [1.95486409211e-05, 1.09419379442e-05, 1.52105976667e-05, 1.59873725352e-05, 2.7339809094e-05, 3.36384546245e-05, 2.16326989175e-05, 4.48035498266e-05, 2.42073001573e-05, 3.9929709601e-05, 4.48153696198e-05, 4.15860340581e-05, 7.02722172718e-05, 8.47811170388e-05, 0.000102796460851, 6.66331907269e-05, 5.95453784626e-05, 3.35543772962e-05, 2.74205849564e-05, 6.67828790029e-05, 3.83136248274e-05, 3.10268223984e-05, 4.11009095842e-05, 5.77215068915e-05, 6.33093222859e-05, 3.52429378836e-05, 4.05758764828e-05, 8.53399324114e-05, 0.000127812221763, 0.000208259472856, 0.00025723548606, 0.000218781700823, 0.000235907238675, 0.000260785076534, 0.000218289729673, 0.000330856943037, 0.000442082906375, 0.000337454199325, 0.000297083053738, 0.000210452140891],
        "mean": [1.17596346172e-06, 1.14497163395e-06, 6.67147503464e-07, 8.42674751311e-07, 1.40027475481e-06, 1.72753345851e-06, 1.19359378914e-06, 1.39568658142e-06, 1.30656530928e-06, 1.90883474716e-06, 2.65290191237e-06, 2.73192995337e-06, 4.38645520262e-06, 3.5223465602e-06, 5.15964575243e-06, 3.75807144337e-06, 3.80821143153e-06, 2.89042532131e-06, 2.28332578445e-06, 3.85586781704e-06, 2.75784327641e-06, 2.10749203688e-06, 2.41588281824e-06, 2.73482010016e-06, 3.53252721652e-06, 2.54481824413e-06, 3.32609033649e-06, 5.81453559789e-06, 8.49582920637e-06, 1.11560766527e-05, 1.46572401718e-05, 1.28997671709e-05, 1.23122235891e-05, 1.21846878756e-05, 1.30004282255e-05, 1.49043280544e-05, 2.06664681173e-05, 1.93177929759e-05, 1.69453178387e-05, 1.39703870445e-05],
        "median": [2.24385473757e-07, 2.41307901661e-07, 8.44563246005e-08, 1.15505347509e-08, 1.07400470739e-08, 6.30861896056e-09, 8.60498250432e-09, 1.68443836657e-08, 2.53445318066e-08, 2.19567866111e-08, 3.14952437463e-08, 1.62856519381e-08, 1.23979377875e-08, 1.95825098359e-08, 2.83967782622e-08, 3.31069003323e-08, 1.91776035052e-08, 8.67570992824e-09, 1.02056123552e-08, 1.94820213295e-08, 1.28005295252e-08, 8.11362177444e-09, 9.37059585482e-09, 7.44204387004e-09, 7.31152560718e-09, 1.34103128602e-08, 1.60825788242e-08, 1.76049628209e-08, 1.45166776377e-08, 2.24370531043e-08, 2.46294789008e-08, 4.26807709175e-08, 6.78405314147e-08, 9.35747479502e-08, 5.4221725776e-08, 3.42616459648e-08, 3.92302794694e-08, 4.09915870137e-08, 4.19433483501e-08, 5.03751422798e-08],
        "min": [7.02140345865e-09, 1.82634973811e-09, 1.79523895749e-09, 5.8738142128e-10, 3.57722518274e-10, 1.73637937362e-10, 2.01388766774e-10, 1.53243404077e-10, 1.42087883126e-10, 9.09058869847e-11, 2.39797973145e-11, 1.7832386609e-11, 2.31362862896e-11, 2.02461086091e-11, 3.56171793447e-11, 3.22346802029e-11, 1.96576765282e-11, 1.40680956467e-11, 6.83402856874e-12, 2.96768443153e-11, 3.08691544548e-11, 6.13802194835e-12, 1.30512961549e-11, 4.28294465865e-12, 1.88384854591e-12, 3.67046020314e-12, 3.8128632196e-12, 8.71203283126e-12, 7.93483074385e-12, 6.45184643558e-12, 4.05443343829e-12, 2.62520452425e-12, 1.46425337133e-11, 2.87002296928e-11, 1.85996842927e-11, 4.48913692677e-12, 5.72311382313e-12, 5.28941430586e-12, 6.64177740584e-12, 8.49827933719e-12],
        "stdev": [2.86108252112e-06, 2.31971534959e-06, 2.09112727134e-06, 2.85661940325e-06, 4.46418789579e-06, 5.11764437761e-06, 3.90499963032e-06, 5.32466492587e-06, 3.64767902283e-06, 5.39235861652e-06, 7.21793594494e-06, 7.21934884496e-06, 1.18618609122e-05, 1.09073698695e-05, 1.56127298396e-05, 1.02713884189e-05, 9.93064986687e-06, 7.15898977433e-06, 5.52059100301e-06, 1.10755418063e-05, 7.55341079639e-06, 5.85160660194e-06, 7.02619263393e-06, 8.5713536464e-06, 1.10695191324e-05, 6.65449442749e-06, 8.79275103216e-06, 1.70720286405e-05, 2.50250905083e-05, 3.44492436852e-05, 4.81349707115e-05, 4.02340374421e-05, 4.13980742451e-05, 4.05531609431e-05, 4.15539907408e-05, 5.19250279467e-05, 7.38618618925e-05, 6.28241250524e-05, 5.31822552148e-05, 4.20345895691e-05],
        "var": [8.18579318912e-12, 5.38107926273e-12, 4.37281287569e-12, 8.16027453943e-12, 1.99289751368e-11, 2.61902843163e-11, 1.52490207961e-11, 2.83520568134e-11, 1.33055615137e-11, 2.90775303141e-11, 5.20985997399e-11, 5.21190000879e-11, 1.40703754203e-10, 1.18970722163e-10, 2.4375734764e-10, 1.05501427039e-10, 9.86178014251e-11, 5.12511318107e-11, 3.0476926538e-11, 1.22667626057e-10, 5.70540177602e-11, 3.4241300767e-11, 4.93673817104e-11, 7.34680996595e-11, 1.22534260516e-10, 4.42822931102e-11, 7.73124758657e-11, 2.91454138601e-10, 6.26255158842e-10, 1.18675047567e-09, 2.31697550035e-09, 1.61877777849e-09, 1.71380065694e-09, 1.64455882246e-09, 1.72673408905e-09, 2.69620836768e-09, 5.4555746587e-09, 3.94687038607e-09, 2.8283522191e-09, 1.76690662101e-09]
    },
