{
"lowlevel": {
    "average_loudness": 0.988520741463,
    "barkbands_crest": {
        "dmean": 3.48418188095,
        "dmean2": 6.09843206406,
        "dvar": 5.99806499481,
        "dvar2": 14.8751707077,
        "max": 20.1470527649,
        "mean": 11.9333209991,
        "median": 11.4801893234,
        "min": 6.26096963882,
        "stdev": 2.97512507439,
        "var": 8.85136985779
    },
    "barkbands_flatness_db": {
        "dmean": 0.0274574328214,
        "dmean2": 0.0499784015119,
        "dvar": 0.000379779317882,
        "dvar2": 0.00106668460649,
        "max": 0.267591863871,
        "mean": 0.208040311933,
        "median": 0.208515271544,
        "min": 0.0659041330218,
        "stdev": 0.0224298015237,
        "var": 0.000503095972817
    },
    "barkbands_kurtosis": {
        "dmean": 14.8940134048,
        "dmean2": 27.1341114044,
        "dvar": 119.039321899,
        "dvar2": 331.780731201,
        "max": 74.85962677,
        "mean": 34.9464836121,
        "median": 32.8429336548,
        "min": 3.25632619858,
        "stdev": 12.1936035156,
        "var": 148.68397522
    },
    "barkbands_skewness": {
        "dmean": 1.03063631058,
        "dmean2": 1.84030926228,
        "dvar": 0.584156155586,
        "dvar2": 1.52472829819,
        "max": 7.31145334244,
        "mean": 4.97168397903,
        "median": 4.92199707031,
        "min": -1.84339666367,
        "stdev": 0.904486835003,
        "var": 0.818096399307
    },
    "barkbands_spread": {
        "dmean": 2.49012374878,
        "dmean2": 4.51194763184,
        "dvar": 3.94032430649,
        "dvar2": 10.7582836151,
        "max": 26.2992954254,
        "mean": 6.38610649109,
        "median": 6.14048528671,
        "min": 2.45350193977,
        "stdev": 2.14927506447,
        "var": 4.61938381195
    },
    "dissonance": {
        "dmean": 0.0173050519079,
        "dmean2": 0.0294631216675,
        "dvar": 0.000211107748328,
        "dvar2": 0.000540992827155,
        "max": 0.500000059605,
        "mean": 0.47127828002,
        "median": 0.474151015282,
        "min": 0.248624682426,
        "stdev": 0.0178737659007,
        "var": 0.000319471495459
    },
    "dynamic_complexity": 0.528058230877,
    "erbbands_crest": {
        "dmean": 1.91386222839,
        "dmean2": 3.43139886856,
        "dvar": 1.88971829414,
        "dvar2": 5.69377756119,
        "max": 11.1793651581,
        "mean": 6.40311050415,
        "median": 6.34429454803,
        "min": 2.76467132568,
        "stdev": 1.51159358025,
        "var": 2.28491520882
    },
    "erbbands_flatness_db": {
        "dmean": 0.0114843165502,
        "dmean2": 0.0177611410618,
        "dvar": 6.55157273286e-05,
        "dvar2": 0.000170918079675,
        "max": 0.14309553802,
        "mean": 0.0982517898083,
        "median": 0.0971248149872,
        "min": 0.0678734853864,
        "stdev": 0.0120062921196,
        "var": 0.000144151053973
    },
    "erbbands_kurtosis": {
        "dmean": 0.63325381279,
        "dmean2": 1.02798271179,
        "dvar": 0.246945828199,
        "dvar2": 0.643153786659,
        "max": 2.64136648178,
        "mean": 0.734906256199,
        "median": 0.717610359192,
        "min": -0.783326387405,
        "stdev": 0.614049077034,
        "var": 0.377056241035
    },
    "erbbands_skewness": {
        "dmean": 0.200774148107,
        "dmean2": 0.345150053501,
        "dvar": 0.0273393541574,
        "dvar2": 0.0754503160715,
        "max": 1.56106293201,
        "mean": 1.05511724949,
        "median": 1.04982674122,
        "min": -0.642300486565,
        "stdev": 0.182132184505,
        "var": 0.03317213431
    },
    "erbbands_spread": {
        "dmean": 11.3284406662,
        "dmean2": 18.2372074127,
        "dvar": 76.2392044067,
        "dvar2": 199.340332031,
        "max": 97.5499191284,
        "mean": 61.4774665833,
        "median": 61.3202819824,
        "min": 31.5352230072,
        "stdev": 11.830242157,
        "var": 139.95463562
    },
    "hfc": {
        "dmean": 8.21278190613,
        "dmean2": 13.5263576508,
        "dvar": 45.7803268433,
        "dvar2": 126.808425903,
        "max": 78.0415725708,
        "mean": 30.3925170898,
        "median": 28.865234375,
        "min": 0.000204035881325,
        "stdev": 7.47763347626,
        "var": 55.9150009155
    },
    "loudness_ebu128": {
        "integrated": -21.9546985626,
        "loudness_range": 0.354455947876,
        "momentary": {
            "dmean": 0.122831001878,
            "dmean2": 0.18007722497,
            "dvar": 0.0113640567288,
            "dvar2": 0.0190458279103,
            "max": -21.4982128143,
            "mean": -21.9599514008,
            "median": -21.9357700348,
            "min": -22.9188785553,
            "stdev": 0.214742451906,
            "var": 0.0461143217981
        },
        "short_term": {
            "dmean": 0.0137379439548,
            "dmean2": 0.0209336373955,
            "dvar": 0.000143104407471,
            "dvar2": 0.000257871492067,
            "max": -21.7614517212,
            "mean": -21.9530830383,
            "median": -21.9562664032,
            "min": -22.1655349731,
            "stdev": 0.131219789386,
            "var": 0.0172186344862
        }
    },
    "melbands_crest": {
        "dmean": 3.78878498077,
        "dmean2": 6.74878358841,
        "dvar": 7.16201782227,
        "dvar2": 20.8484363556,
        "max": 26.9626026154,
        "mean": 18.3043270111,
        "median": 18.0566978455,
        "min": 1.06307005882,
        "stdev": 3.15785241127,
        "var": 9.97203159332
    },
    "melbands_flatness_db": {
        "dmean": 0.0321881808341,
        "dmean2": 0.0577723495662,
        "dvar": 0.00062758626882,
        "dvar2": 0.00163203792181,
        "max": 0.373960614204,
        "mean": 0.306713998318,
        "median": 0.306974470615,
        "min": 1.67933139892e-05,
        "stdev": 0.0278348736465,
        "var": 0.000774780171923
    },
    "melbands_kurtosis": {
        "dmean": 35.7330284119,
        "dmean2": 62.3196716309,
        "dvar": 686.676757812,
        "dvar2": 1926.97192383,
        "max": 220.399719238,
        "mean": 84.1977462769,
        "median": 81.0445861816,
        "min": -1.20351564884,
        "stdev": 31.8331604004,
        "var": 1013.35009766
    },
    "melbands_skewness": {
        "dmean": 1.40118980408,
        "dmean2": 2.37384104729,
        "dvar": 1.06389546394,
        "dvar2": 2.91038894653,
        "max": 11.4493055344,
        "mean": 6.7295627594,
        "median": 6.73575782776,
        "min": 0.000463421223685,
        "stdev": 1.31180810928,
        "var": 1.7208404541
    },
    "melbands_spread": {
        "dmean": 1.69242465496,
        "dmean2": 2.97232699394,
        "dvar": 21.9394550323,
        "dvar2": 24.7520847321,
        "max": 133.294158936,
        "mean": 3.85458707809,
        "median": 3.52497291565,
        "min": 1.68193805218,
        "stdev": 4.71598529816,
        "var": 22.2405166626
    },
    "pitch_salience": {
        "dmean": 0.0857340618968,
        "dmean2": 0.156521722674,
        "dvar": 0.00303786457516,
        "dvar2": 0.00890334043652,
        "max": 0.996061444283,
        "mean": 0.542098104954,
        "median": 0.545505285263,
        "min": 0.336929529905,
        "stdev": 0.0672703534365,
        "var": 0.00452530058101
    },
    "silence_rate_20dB": {
        "dmean": 0,
        "dmean2": 0,
        "dvar": 0,
        "dvar2": 0,
        "max": 1,
        "mean": 1,
        "median": 1,
        "min": 1,
        "stdev": 0,
        "var": 0
    },
    "silence_rate_30dB": {
        "dmean": 0.00743494415656,
        "dmean2": 0.0124069480225,
        "dvar": 0.00737967947498,
        "dvar2": 0.017215590924,
        "max": 1,
        "mean": 0.00495049497113,
        "median": 0,
        "min": 0,
        "stdev": 0.0701855793595,
        "var": 0.00492601562291
    },
    "silence_rate_60dB": {
        "dmean": 0.00123915739823,
        "dmean2": 0.00124069477897,
        "dvar": 0.00123762188014,
        "dvar2": 0.00123915553559,
        "max": 1,
        "mean": 0.00123762374278,
        "median": 0,
        "min": 0,
        "stdev": 0.0351581014693,
        "var": 0.00123609206639
    },
    "spectral_centroid": {
        "dmean": 117.834953308,
        "dmean2": 203.541442871,
        "dvar": 8148.88232422,
        "dvar2": 23141.7050781,
        "max": 888.189086914,
        "mean": 450.59588623,
        "median": 437.85559082,
        "min": 250.91885376,
        "stdev": 100.323028564,
        "var": 10064.7099609
    },
    "spectral_complexity": {
        "dmean": 2.50805449486,
        "dmean2": 4.27667474747,
        "dvar": 3.84595036507,
        "dvar2": 10.7088356018,
        "max": 25,
        "mean": 16.7289600372,
        "median": 17,
        "min": 0,
        "stdev": 2.41531062126,
        "var": 5.83372592926
    },
    "spectral_decrease": {
        "dmean": 1.90074391782e-08,
        "dmean2": 3.32888419052e-08,
        "dvar": 2.52994500603e-16,
        "dvar2": 7.13162831012e-16,
        "max": 2.03062066354e-18,
        "mean": -4.61642031269e-08,
        "median": -4.30761915027e-08,
        "min": -1.09340312804e-07,
        "stdev": 1.62720841246e-08,
        "var": 2.64780725836e-16
    },
    "spectral_energy": {
        "dmean": 0.0723352953792,
        "dmean2": 0.126635849476,
        "dvar": 0.00367102678865,
        "dvar2": 0.0103387627751,
        "max": 0.418252766132,
        "mean": 0.176991075277,
        "median": 0.165190130472,
        "min": 1.849899256e-08,
        "stdev": 0.0619736239314,
        "var": 0.00384073005989
    },
    "spectral_energyband_high": {
        "dmean": 0.00031176925404,
        "dmean2": 0.000534442602657,
        "dvar": 9.08178279246e-08,
        "dvar2": 2.57237132928e-07,
        "max": 0.00237395358272,
        "mean": 0.00103280006442,
        "median": 0.000998251489364,
        "min": 1.34349251724e-08,
        "stdev": 0.000360700534657,
        "var": 1.30104879759e-07
    },
    "spectral_energyband_low": {
        "dmean": 0.0708289965987,
        "dmean2": 0.124377787113,
        "dvar": 0.00365732423961,
        "dvar2": 0.0101257497445,
        "max": 0.392479926348,
        "mean": 0.157567501068,
        "median": 0.144167721272,
        "min": 1.25432400577e-10,
        "stdev": 0.0616134889424,
        "var": 0.00379622215405
    },
    "spectral_energyband_middle_high": {
        "dmean": 0.00109874503687,
        "dmean2": 0.00193275394849,
        "dvar": 2.59065382124e-06,
        "dvar2": 7.4568420132e-06,
        "max": 0.0303371548653,
        "mean": 0.00298964465037,
        "median": 0.00271652080119,
        "min": 2.70853162121e-09,
        "stdev": 0.00134378962684,
        "var": 1.80577046649e-06
    },
    "spectral_energyband_middle_low": {
        "dmean": 0.00975335761905,
        "dmean2": 0.0163331199437,
        "dvar": 5.29904536961e-05,
        "dvar2": 0.000143122902955,
        "max": 0.0567937754095,
        "mean": 0.0319716185331,
        "median": 0.032221108675,
        "min": 5.60394342042e-10,
        "stdev": 0.00837626866996,
        "var": 7.01618700987e-05
    },
    "spectral_entropy": {
        "dmean": 0.185746952891,
        "dmean2": 0.304985016584,
        "dvar": 0.0194097720087,
        "dvar2": 0.0538777709007,
        "max": 8.12227916718,
        "mean": 7.59974431992,
        "median": 7.6089553833,
        "min": 7.01728487015,
        "stdev": 0.174566030502,
        "var": 0.0304733011872
    },
    "spectral_flux": {
        "dmean": 0.05871649459,
        "dmean2": 0.0993591919541,
        "dvar": 0.00224501336925,
        "dvar2": 0.00574556458741,
        "max": 0.413475573063,
        "mean": 0.200190767646,
        "median": 0.186950445175,
        "min": 0.08860155195,
        "stdev": 0.0561872720718,
        "var": 0.00315700937063
    },
    "spectral_kurtosis": {
        "dmean": 0.835149466991,
        "dmean2": 1.39194381237,
        "dvar": 0.54429680109,
        "dvar2": 1.33711922169,
        "max": 10.1807813644,
        "mean": 2.75652599335,
        "median": 2.63382029533,
        "min": 0.962491512299,
        "stdev": 0.958800077438,
        "var": 0.919297635555
    },
    "spectral_rms": {
        "dmean": 0.0026558006648,
        "dmean2": 0.00461619021371,
        "dvar": 4.48575246992e-06,
        "dvar2": 1.26134864331e-05,
        "max": 0.0202002841979,
        "mean": 0.0129468264058,
        "median": 0.0126949232072,
        "min": 4.24826976086e-06,
        "stdev": 0.00224812305532,
        "var": 5.05405705553e-06
    },
    "spectral_rolloff": {
        "dmean": 44.1337280273,
        "dmean2": 62.4088859558,
        "dvar": 428065.8125,
        "dvar2": 431774.53125,
        "max": 18755.4199219,
        "mean": 176.797164917,
        "median": 150.732421875,
        "min": 86.1328125,
        "stdev": 654.841247559,
        "var": 428817.03125
    },
    "spectral_skewness": {
        "dmean": 0.172495350242,
        "dmean2": 0.283297300339,
        "dvar": 0.0189188532531,
        "dvar2": 0.0453242920339,
        "max": 2.7246530056,
        "mean": 1.68106710911,
        "median": 1.66624307632,
        "min": 1.27055943012,
        "stdev": 0.186760216951,
        "var": 0.0348793789744
    },
    "spectral_spread": {
        "dmean": 603139.3125,
        "dmean2": 965828.75,
        "dvar": 737512587264,
        "dvar2": 1.12687002419e+12,
        "max": 27143748,
        "mean": 7227102,
        "median": 7257371.5,
        "min": 4589279.5,
        "stdev": 1013001.9375,
        "var": 1.02617291162e+12
    },
    "spectral_strongpeak": {
        "dmean": 0.248690485954,
        "dmean2": 0.447170197964,
        "dvar": 0.0735390409827,
        "dvar2": 0.192662283778,
        "max": 1.78572201729,
        "mean": 0.389244735241,
        "median": 0.290724754333,
        "min": 0,
        "stdev": 0.262432575226,
        "var": 0.068870857358
    },
    "zerocrossingrate": {
        "dmean": 0.00597373070195,
        "dmean2": 0.00876907072961,
        "dvar": 2.22780508921e-05,
        "dvar2": 4.33524219261e-05,
        "max": 0.05810546875,
        "mean": 0.0268844757229,
        "median": 0.02587890625,
        "min": 0.00830078125,
        "stdev": 0.00758784776554,
        "var": 5.75754347665e-05
    },
    "barkbands": {
        "dmean": [0.00810034386814, 0.0476899705827, 0.0314285047352, 0.00853424146771, 0.00286781508476, 0.00134433468338, 0.00104188197292, 0.000969155575149, 0.00077770720236, 0.00058527715737, 0.000543708796613, 0.000284197303699, 0.000109003500256, 7.09353698767e-05, 5.04213967361e-05, 2.80495987681e-05, 3.86175634048e-05, 3.45410408045e-05, 2.77505441773e-05, 7.53336280468e-05, 2.72785055131e-05, 3.04060886265e-05, 2.60710985458e-05, 0.000164572062204, 9.61218320299e-05, 1.0451095477e-05, 1.16507905545e-07],
        "dmean2": [0.0146495392546, 0.0872676819563, 0.0493754483759, 0.0149630308151, 0.00494393054396, 0.002275447594, 0.00177831517067, 0.0016640080139, 0.00132549693808, 0.00105997663923, 0.000892793003004, 0.000491550657898, 0.000187594283489, 0.000121118253446, 8.74096367625e-05, 4.90418424306e-05, 6.53409733786e-05, 5.95248093305e-05, 4.56576053693e-05, 0.000135302791023, 4.60692681372e-05, 5.01660615555e-05, 4.41162555944e-05, 0.000281049316982, 0.000165305187693, 1.74607048393e-05, 1.07475564448e-07],
        "dvar": [3.21327497659e-05, 0.00154235854279, 0.000648479675874, 4.19554344262e-05, 6.775170732e-06, 1.45829460507e-06, 8.29807333957e-07, 8.01285125362e-07, 4.59700856936e-07, 6.05791001362e-07, 4.85999180455e-07, 5.89551341079e-08, 9.12612296844e-09, 3.84514198259e-09, 1.78278869445e-09, 5.30834876056e-10, 9.74073044446e-10, 1.67096114723e-09, 2.04983585661e-09, 6.22468077083e-09, 5.74895797634e-10, 8.10359945813e-10, 5.24333354512e-10, 2.57646757262e-08, 1.06848352388e-08, 8.76275996209e-11, 3.40924619265e-12],
        "dvar2": [9.17256402317e-05, 0.00414223782718, 0.00144833698869, 0.000121128425235, 1.85545923159e-05, 4.02996920457e-06, 2.28660246648e-06, 2.16766352423e-06, 1.25012479657e-06, 1.75406967173e-06, 1.40326585552e-06, 1.59655812126e-07, 2.4817111921e-08, 1.03850101851e-08, 5.11708897477e-09, 1.47402912098e-09, 2.83891132824e-09, 4.67654626135e-09, 5.87732840174e-09, 1.79357861896e-08, 1.62238478207e-09, 2.13556416995e-09, 1.44273637481e-09, 7.13732504209e-08, 3.0109891469e-08, 2.30861191275e-10, 1.60304701371e-12],
        "max": [0.0520685762167, 0.249120801687, 0.154741004109, 0.046586625278, 0.0172001253814, 0.00864933989942, 0.00908290408552, 0.00767552061006, 0.00463547278196, 0.0135123217478, 0.0117402290925, 0.00180174608249, 0.000724668381736, 0.000778243003879, 0.000349769135937, 0.000197167901206, 0.000278667663224, 0.000817310705315, 0.00095997430617, 0.000965529005043, 0.000247452844633, 0.000451681378763, 0.000322851381497, 0.00137552164961, 0.000963852507994, 0.000122566139908, 6.8987996201e-05],
        "mean": [0.0206435956061, 0.0779492929578, 0.0424989648163, 0.0211521890014, 0.00438624573871, 0.00196420750581, 0.00166860257741, 0.0013654056238, 0.00129559403285, 0.000803738017567, 0.000891982170288, 0.000450280494988, 0.000222826492973, 0.00015769181482, 0.000114898895845, 6.57782584312e-05, 9.29755551624e-05, 9.01639286894e-05, 7.76155720814e-05, 0.000122063240269, 8.14395316411e-05, 0.000111004090286, 9.39626479521e-05, 0.000368552049622, 0.000277417741017, 4.45899640908e-05, 1.3896993778e-07],
        "median": [0.0197114236653, 0.0695745944977, 0.0326269939542, 0.0211045313627, 0.00362172187306, 0.00165373552591, 0.00153546396177, 0.00113881379366, 0.00114830164239, 0.000687122344971, 0.000767025048845, 0.000398529955419, 0.000202127310331, 0.000144687131979, 0.000107138577732, 6.06892281212e-05, 8.68949209689e-05, 8.3738414105e-05, 7.03393452568e-05, 0.000102757563582, 7.60790862842e-05, 0.000108832398837, 9.1896916274e-05, 0.000332836934831, 0.000264814734692, 4.5274511649e-05, 1.04658397504e-08],
        "min": [3.04133038198e-11, 5.17119055909e-11, 3.8810378522e-11, 3.86637180605e-11, 8.85585563215e-11, 9.29224752699e-11, 8.810757679e-11, 9.0926405294e-11, 1.23884250081e-10, 1.31204561105e-10, 1.19951354405e-10, 1.63247720897e-10, 1.8000430313e-10, 1.99513863763e-10, 2.343708283e-10, 2.70939770619e-10, 3.06475289591e-10, 3.77634729043e-10, 4.69487226873e-10, 5.81908687902e-10, 7.5900130625e-10, 9.13625342047e-10, 1.10395992348e-09, 1.49811563155e-09, 2.09464201539e-09, 2.94423263547e-09, 3.25053517436e-09],
        "stdev": [0.00672790408134, 0.0407570675015, 0.0296800173819, 0.00709261186421, 0.00282941362821, 0.00128743494861, 0.0010013243882, 0.000932122580707, 0.000720583717339, 0.000654636591207, 0.000650385161862, 0.000267362047452, 0.000107286068669, 7.20299285604e-05, 4.92090075568e-05, 2.67843279289e-05, 3.63511862815e-05, 4.292912854e-05, 4.30674299423e-05, 7.61828923714e-05, 3.02610151266e-05, 3.72621216229e-05, 3.29709582729e-05, 0.000184677614016, 0.000118826217658, 1.72172967723e-05, 2.55609256783e-06],
        "var": [4.52646927442e-05, 0.00166113849264, 0.000880903389771, 5.03051451233e-05, 8.00558154879e-06, 1.65748883774e-06, 1.00265049241e-06, 8.68852509939e-07, 5.19240870744e-07, 4.28549043363e-07, 4.23000841465e-07, 7.14824679449e-08, 1.15103002685e-08, 5.18831066998e-09, 2.42152653485e-09, 7.17400194805e-10, 1.32140887121e-09, 1.84291015781e-09, 1.85480353299e-09, 5.80383296978e-09, 9.15729048145e-10, 1.38846578679e-09, 1.08708420044e-09, 3.41058203901e-08, 1.41196698777e-08, 2.96435292979e-10, 6.53360915717e-12]
    },
    "erbbands": {
        "dmean": [1.37066280842, 12.1169204712, 33.6045608521, 35.773853302, 10.5117530823, 12.0972557068, 11.732925415, 10.5065336227, 14.4962120056, 15.0227127075, 19.4990882874, 19.9903354645, 11.3907318115, 23.3982963562, 17.783744812, 7.92770814896, 4.85537433624, 3.7381644249, 3.1439743042, 1.59124720097, 1.51706755161, 2.2202000618, 1.98155891895, 1.33668386936, 1.81095123291, 4.22731590271, 1.29877912998, 1.13653969765, 1.02353179455, 1.2068618536, 0.657143950462, 1.85429382324, 3.65473532677, 1.73886108398, 0.448254942894, 0.081073820591, 0.0148608572781, 0.0012125679059, 5.8407717006e-05, 7.88566976553e-05],
        "dmean2": [2.06485509872, 23.143196106, 54.2955245972, 61.7326698303, 18.4629878998, 21.1740188599, 19.7711677551, 18.2531375885, 25.3113689423, 25.2256813049, 32.7828712463, 34.6939888, 20.1220264435, 42.3784179688, 29.4179935455, 13.8457841873, 8.34400367737, 6.35540676117, 5.40798950195, 2.79400658607, 2.62728238106, 3.79692769051, 3.47317385674, 2.29607462883, 3.08635497093, 7.67195367813, 2.25393772125, 1.91398894787, 1.6970539093, 2.04459381104, 1.10804331303, 3.16851711273, 6.25674772263, 3.04165244102, 0.740867197514, 0.133703961968, 0.0235141199082, 0.00185830856208, 7.84303556429e-05, 0.000137102382723],
        "dvar": [1.10686445236, 99.6521530151, 824.137145996, 649.73248291, 74.5536575317, 143.289627075, 95.5659942627, 94.332901001, 163.551269531, 204.959609985, 327.74206543, 366.002319336, 153.390014648, 1200.29760742, 375.568450928, 47.5915298462, 19.1729660034, 10.585439682, 7.05915260315, 1.58278954029, 1.60893547535, 3.06943964958, 3.87741541862, 6.8006606102, 6.66751432419, 21.1224060059, 1.51137959957, 0.978343486786, 0.916086792946, 1.19645321369, 0.381776481867, 3.11780381203, 14.0221681595, 3.9646191597, 0.17354118824, 0.00508827436715, 0.000184122502105, 2.80179415313e-06, 1.00351279286e-07, 4.57103910279e-09],
        "dvar2": [2.52258348465, 264.552368164, 1950.12902832, 1832.4095459, 217.76423645, 383.097381592, 260.923217773, 284.020141602, 465.34185791, 558.991699219, 831.108398438, 1008.86920166, 432.269927979, 3510.20727539, 1047.47924805, 129.514907837, 52.2167129517, 30.4336013794, 20.7525787354, 4.67923688889, 4.56867551804, 9.0485830307, 10.7758378983, 19.2836704254, 19.1096916199, 60.2919540405, 4.2691192627, 2.69471430779, 2.49887371063, 3.1831381321, 0.987455666065, 8.69379329681, 38.0911827087, 11.2823324203, 0.46440961957, 0.0136005366221, 0.000490447680932, 3.90942159356e-06, 4.59987035129e-08, 1.22224905752e-08],
        "max": [7.74281454086, 59.8720970154, 163.628845215, 156.785827637, 66.6223526001, 78.6277008057, 72.3051681519, 74.5955352783, 95.8472900391, 155.596832275, 148.793029785, 123.333282471, 195.463378906, 631.687927246, 259.507232666, 49.4247169495, 31.8043270111, 46.4882087708, 21.4218864441, 12.5200710297, 9.66055202484, 14.233792305, 33.2452697754, 56.8958396912, 52.6880111694, 47.9835205078, 13.2762136459, 8.9027223587, 13.5657148361, 13.9864311218, 10.8324279785, 17.0965709686, 26.7522411346, 16.8197727203, 4.47421741486, 0.868753314018, 0.181557744741, 0.0569856576622, 0.0126513568684, 0.000780243659392],
        "mean": [2.85724210739, 15.1136102676, 43.9822731018, 80.0408782959, 20.9714508057, 16.5110301971, 17.6999397278, 15.2493801117, 22.8165473938, 24.4026355743, 30.6838035583, 30.9206809998, 21.1382827759, 35.1447143555, 31.2690086365, 14.8332300186, 10.2264795303, 8.86556529999, 7.62695550919, 4.1086640358, 3.93245625496, 5.47907018661, 5.33736991882, 3.77669262886, 4.60796499252, 6.17308044434, 3.08688831329, 3.63159298897, 3.57060194016, 3.94940662384, 2.49343442917, 5.27701091766, 7.22331905365, 3.75168657303, 1.65415215492, 0.345378994942, 0.0627086386085, 0.00492519838735, 0.000220711182919, 0.000205002288567],
        "median": [2.70478343964, 12.4534072876, 32.2816314697, 80.95262146, 19.6905059814, 13.040058136, 15.0941829681, 12.9111347198, 20.5665168762, 21.2064666748, 26.1339950562, 26.4596252441, 19.0301685333, 29.4374351501, 27.076625824, 13.3280668259, 9.26078987122, 8.35882568359, 7.10793304443, 3.91183280945, 3.66005468369, 5.1700387001, 4.95750236511, 3.4961309433, 4.35672712326, 4.98925018311, 2.82407474518, 3.3925909996, 3.43078804016, 3.85583686829, 2.43928194046, 5.01665878296, 6.13018608093, 3.31407356262, 1.65679430962, 0.354798942804, 0.0623373538256, 0.00474838726223, 0.000196732988115, 0.000189847487491],
        "min": [1.79022874303e-09, 1.08787086006e-08, 3.94607369003e-08, 9.70981943738e-08, 1.86267257618e-07, 3.14555620662e-07, 5.23908909145e-07, 8.30687895359e-07, 1.15429156722e-06, 1.56622343184e-06, 2.1891646611e-06, 2.76823470813e-06, 3.7046156649e-06, 4.51109463029e-06, 5.44677277503e-06, 6.83844882587e-06, 8.2007218225e-06, 9.88574811345e-06, 1.14149997898e-05, 1.34036354211e-05, 1.54363806359e-05, 1.75858567673e-05, 1.9927176254e-05, 2.25854291784e-05, 2.50486373261e-05, 2.73885107163e-05, 2.95233821817e-05, 3.1088180549e-05, 3.1999174098e-05, 3.24803222611e-05, 3.17812409776e-05, 2.9457060009e-05, 2.61143959506e-05, 2.14601514017e-05, 1.59675728355e-05, 1.04422397271e-05, 5.62704553886e-06, 2.28965063798e-06, 5.81234530728e-07, 6.16783779606e-08],
        "stdev": [1.37085139751, 9.82709693909, 31.4917049408, 28.4128360748, 9.29724502563, 12.2936162949, 11.0354394913, 9.95188808441, 13.7272624969, 15.6579914093, 19.7553730011, 19.015630722, 11.467001915, 28.2688312531, 19.4185276031, 7.40528917313, 4.83108377457, 3.75163555145, 3.14273285866, 1.50341069698, 1.44105947018, 2.06822085381, 2.23627400398, 2.34648704529, 2.45203733444, 4.30851268768, 1.34438288212, 1.3124307394, 1.23324370384, 1.46405661106, 0.867441833019, 2.26021718979, 4.16733646393, 2.02541518211, 0.682426154613, 0.13230150938, 0.0250217467546, 0.00307306484319, 0.000477899797261, 7.03488040017e-05],
        "var": [1.8792334795, 96.5718383789, 991.727478027, 807.289306641, 86.4387588501, 151.133010864, 121.780921936, 99.0400772095, 188.437744141, 245.172698975, 390.274780273, 361.594238281, 131.492141724, 799.12677002, 377.079193115, 54.8383102417, 23.3393707275, 14.0747690201, 9.87677001953, 2.26024389267, 2.07665252686, 4.27753782272, 5.00092172623, 5.50600194931, 6.0124874115, 18.5632801056, 1.80736517906, 1.72247433662, 1.52088999748, 2.14346170425, 0.752455294132, 5.10858201981, 17.3666934967, 4.10230636597, 0.465705424547, 0.0175036881119, 0.000626087770797, 9.44372732192e-06, 2.28388216783e-07, 4.94895413539e-09]
    },
    "gfcc": {
        "mean": [63.9263381958, 102.267372131, -57.9543571472, 42.0397338867, -58.4251174927, 42.8136749268, -30.9446601868, 25.9686756134, -26.5769710541, 2.69353103638, -12.7842979431, -5.02232885361, -8.91893196106],
        "cov": [[803.516906738, 140.765182495, 41.0234146118, 43.4910049438, -14.7331466675, 46.7478103638, 3.66140127182, 38.1212882996, -20.6753959656, 1.00182986259, -2.41398310661, -15.1968574524, -1.86115634441], [140.765182495, 130.594818115, -6.15479469299, -4.48598146439, -1.64351141453, -3.12530303001, 10.9145851135, -8.82936477661, 12.8001976013, -18.2160205841, 0.125308483839, -10.178021431, 4.03454971313], [41.0234146118, -6.15479469299, 38.4444999695, 8.42185688019, 10.0409383774, 6.64026546478, 2.40629339218, 2.25571393967, -3.05267333984, 1.92813980579, -2.76299667358, 3.06064009666, 0.899411559105], [43.4910049438, -4.48598146439, 8.42185688019, 35.108631134, 7.15962505341, 0.813894212246, -3.86489725113, 1.52375245094, -5.17003488541, 2.96398091316, 9.37354564667, -7.27008295059, 8.25573444366], [-14.7331466675, -1.64351141453, 10.0409383774, 7.15962505341, 32.217414856, 9.17938423157, 7.24006605148, -2.719445467, 1.3057641983, -3.78787589073, -0.754772007465, 1.27353143692, 0.561385989189], [46.7478103638, -3.12530303001, 6.64026546478, 0.813894212246, 9.17938423157, 25.1908855438, 11.9731645584, 4.90792131424, -3.70459914207, -0.246220901608, -3.55292367935, -2.12093472481, 0.468789041042], [3.66140127182, 10.9145851135, 2.40629339218, -3.86489725113, 7.24006605148, 11.9731645584, 30.9914493561, 13.3560800552, 5.6077466011, -5.71628236771, -1.96930742264, -6.67158079147, -3.01493549347], [38.1212882996, -8.82936477661, 2.25571393967, 1.52375245094, -2.719445467, 4.90792131424, 13.3560800552, 30.2404708862, 8.46106719971, 3.73041129112, 2.68095326424, -6.50919246674, -5.76574897766], [-20.6753959656, 12.8001976013, -3.05267333984, -5.17003488541, 1.3057641983, -3.70459914207, 5.6077466011, 8.46106719971, 26.0388851166, 6.73710823059, 0.0800294578075, 0.0852725356817, -6.6617565155], [1.00182986259, -18.2160205841, 1.92813980579, 2.96398091316, -3.78787589073, -0.246220901608, -5.71628236771, 3.73041129112, 6.73710823059, 23.0142631531, 9.24053001404, 2.0143737793, -0.477061510086], [-2.41398310661, 0.125308483839, -2.76299667358, 9.37354564667, -0.754772007465, -3.55292367935, -1.96930742264, 2.68095326424, 0.0800294578075, 9.24053001404, 22.1282558441, 0.815325081348, 3.97470593452], [-15.1968574524, -10.178021431, 3.06064009666, -7.27008295059, 1.27353143692, -2.12093472481, -6.67158079147, -6.50919246674, 0.0852725356817, 2.0143737793, 0.815325081348, 29.1291675568, 0.20384272933], [-1.86115634441, 4.03454971313, 0.899411559105, 8.25573444366, 0.561385989189, 0.468789041042, -3.01493549347, -5.76574897766, -6.6617565155, -0.477061510086, 3.97470593452, 0.20384272933, 21.4328174591]],
        "icov": [[0.00515160663053, -0.010740974918, -0.0019342059968, -0.00787281244993, 0.00275773950852, -0.00951511505991, 0.00712790898979, -0.0134856700897, 0.0128003824502, -0.0095515428111, 0.00768021959811, -0.0046516652219, 0.00547963473946], [-0.010740974918, 0.034919925034, 0.00160888757091, 0.017630526796, -0.000331307441229, 0.0165986586362, -0.0170669015497, 0.0372118465602, -0.0410467907786, 0.0359142012894, -0.0247830599546, 0.0148909501731, -0.0146137578413], [-0.0019342059968, 0.00160888757091, 0.0345327593386, -0.00660796929151, -0.0106348469853, 0.00319688720629, -0.00532539281994, -0.00121910218149, 0.00498722167686, -0.00876847002655, 0.010735287331, -0.00622191792354, -0.000819791690446], [-0.00787281244993, 0.017630526796, -0.00660796929151, 0.058346837759, -0.0154112391174, 0.0146776717156, 0.00133130454924, 0.0140500208363, -0.0160776395351, 0.0175791420043, -0.0305306967348, 0.0223316308111, -0.0213067382574], [0.00275773950852, -0.000331307441229, -0.0106348469853, -0.0154112391174, 0.0493664480746, -0.0223006717861, -0.00482086464763, 0.0102675314993, -0.0119283339009, 0.0132972653955, -0.00437095295638, -0.00479791080579, 0.00540772499517], [-0.00951511505991, 0.0165986586362, 0.00319688720629, 0.0146776717156, -0.0223006717861, 0.0828977748752, -0.037997610867, 0.0160167720169, 0.00200484273955, -0.00691404845566, 0.00517409062013, 0.00646554306149, -0.0125558646396], [0.00712790898979, -0.0170669015497, -0.00532539281994, 0.00133130454924, -0.00482086464763, -0.037997610867, 0.0733189657331, -0.0411251932383, 0.00535286264494, 0.00829076580703, 0.000303114618873, 0.00305792852305, 0.0055131544359], [-0.0134856700897, 0.0372118465602, -0.00121910218149, 0.0140500208363, 0.0102675314993, 0.0160167720169, -0.0411251932383, 0.0950352400541, -0.0563050881028, 0.0324516631663, -0.0332277528942, 0.0210231710225, -0.00519138388336], [0.0128003824502, -0.0410467907786, 0.00498722167686, -0.0160776395351, -0.0119283339009, 0.00200484273955, 0.00535286264494, -0.0563050881028, 0.10840318352, -0.0687036216259, 0.0407216660678, -0.019773742184, 0.0254975296557], [-0.0095515428111, 0.0359142012894, -0.00876847002655, 0.0175791420043, 0.0132972653955, -0.00691404845566, 0.00829076580703, 0.0324516631663, -0.0687036216259, 0.111619241536, -0.0583134591579, 0.0151420682669, -0.0124939950183], [0.00768021959811, -0.0247830599546, 0.010735287331, -0.0305306967348, -0.00437095295638, 0.00517409062013, 0.000303114618873, -0.0332277528942, 0.0407216660678, -0.0583134591579, 0.0895939022303, -0.0188013501465, 0.00266980822198], [-0.0046516652219, 0.0148909501731, -0.00622191792354, 0.0223316308111, -0.00479791080579, 0.00646554306149, 0.00305792852305, 0.0210231710225, -0.019773742184, 0.0151420682669, -0.0188013501465, 0.0490069799125, -0.00826636329293], [0.00547963473946, -0.0146137578413, -0.000819791690446, -0.0213067382574, 0.00540772499517, -0.0125558646396, 0.0055131544359, -0.00519138388336, 0.0254975296557, -0.0124939950183, 0.00266980822198, -0.00826636329293, 0.0648682639003]]
    },
    "melbands": {
        "dmean": [0.0115749267861, 0.0158304031938, 0.00511771347374, 0.000661444850266, 0.000386797299143, 0.000227581273066, 0.000216713917325, 0.000175770532223, 0.000163061573403, 0.000124949438032, 5.83527471463e-05, 9.92744753603e-05, 6.80000812281e-05, 4.13668276451e-05, 1.21159182527e-05, 9.78828484222e-06, 7.19218814993e-06, 5.65125310459e-06, 3.18685260936e-06, 2.0612960725e-06, 1.99527994482e-06, 2.55773693425e-06, 2.2730218916e-06, 1.73531464043e-06, 1.17585875614e-06, 1.2438106296e-06, 2.2143183287e-06, 2.86047134068e-06, 8.30251508432e-07, 6.95923745297e-07, 7.59163526709e-07, 6.39976633465e-07, 7.96560073013e-07, 6.96258950938e-07, 3.76243207256e-07, 6.99608051491e-07, 1.3746229115e-06, 2.46194304054e-06, 2.71958651865e-06, 1.17292574942e-06],
        "dmean2": [0.0193853676319, 0.0274571403861, 0.00882165879011, 0.00113715208136, 0.00065142987296, 0.000387411477277, 0.000374168186681, 0.000301271444187, 0.000270597753115, 0.000219788591494, 0.00010413837299, 0.000181342940778, 0.000110273351311, 7.21612086636e-05, 2.13170587813e-05, 1.67447560671e-05, 1.22329620353e-05, 9.80229287961e-06, 5.53451400265e-06, 3.59688851859e-06, 3.47160198544e-06, 4.42848431703e-06, 3.88472426494e-06, 2.99888210975e-06, 2.03188983505e-06, 2.06639674616e-06, 3.92812671635e-06, 5.18082515555e-06, 1.44200259911e-06, 1.18285390727e-06, 1.27919020088e-06, 1.07148434836e-06, 1.34283720854e-06, 1.1949259715e-06, 6.39230961497e-07, 1.16813100703e-06, 2.37268636738e-06, 4.19035859522e-06, 4.77439061797e-06, 2.01594457394e-06],
        "dvar": [9.27816799958e-05, 0.000201667382498, 1.31022743517e-05, 3.79732853162e-07, 1.07881334088e-07, 4.17148555698e-08, 3.68142103468e-08, 2.87288397516e-08, 2.08108872357e-08, 1.37948754642e-08, 4.27576862805e-09, 2.13539639304e-08, 6.54738396832e-09, 1.33867728014e-09, 1.28056842907e-10, 7.0650416073e-11, 4.17322391921e-11, 2.26773669287e-11, 6.99895870426e-12, 2.76552153573e-12, 2.72330270314e-12, 4.40808847757e-12, 3.63984493587e-12, 4.43208013692e-12, 4.99752192754e-12, 2.58278901738e-12, 6.81602083802e-12, 9.51511525821e-12, 5.75184865015e-13, 3.69960111808e-13, 4.39967696607e-13, 3.26661766213e-13, 5.73747483985e-13, 3.83514698948e-13, 1.56069493266e-13, 3.48559153545e-13, 1.791696457e-12, 6.49144063156e-12, 8.86606413286e-12, 1.88398103541e-12],
        "dvar2": [0.000244660885073, 0.000516987638548, 3.75873023586e-05, 1.04161654235e-06, 2.92850700134e-07, 1.22996226537e-07, 1.01746188363e-07, 7.66673551311e-08, 5.28265360344e-08, 3.83031135698e-08, 1.19273018129e-08, 6.24260323434e-08, 1.87692084097e-08, 3.59893026491e-09, 3.55951240705e-10, 1.84750409415e-10, 1.19594459336e-10, 6.53461937339e-11, 2.09868789014e-11, 8.22712210857e-12, 7.52393460035e-12, 1.28200358315e-11, 1.03460226497e-11, 1.25796430564e-11, 1.42040025575e-11, 7.30768744128e-12, 1.98788780575e-11, 2.72728679918e-11, 1.62976403206e-12, 1.07848853546e-12, 1.17930903758e-12, 8.92823033387e-13, 1.50608269345e-12, 1.06091112458e-12, 4.1579749626e-13, 9.50920874161e-13, 4.97896515683e-12, 1.6927322391e-11, 2.55533337545e-11, 5.28541316616e-12],
        "max": [0.0657772868872, 0.0753741487861, 0.0222037993371, 0.00451165298, 0.00313586508855, 0.00161106628366, 0.00152065767907, 0.00156362098642, 0.00106748659164, 0.000753878324758, 0.00104298756924, 0.00264186155982, 0.00126321590506, 0.000264493253781, 0.000104447812191, 6.72739406582e-05, 9.28205045057e-05, 3.37829478667e-05, 2.01907350856e-05, 1.50235873662e-05, 1.33774110509e-05, 1.71518058778e-05, 1.77303136297e-05, 4.01293800678e-05, 4.77565336041e-05, 3.19080536428e-05, 4.53274005849e-05, 2.80574604403e-05, 6.68597749609e-06, 7.44005001252e-06, 5.84987901675e-06, 6.49321418678e-06, 1.08532558443e-05, 6.48585546514e-06, 7.28830400476e-06, 6.05764535067e-06, 1.32222276079e-05, 2.35035295191e-05, 1.95377833734e-05, 1.34480151246e-05],
        "mean": [0.0245832633227, 0.022587005049, 0.01112099085, 0.00104623776861, 0.000648930668831, 0.000353285140591, 0.00034521066118, 0.000271806522505, 0.000250155979302, 0.000188558580703, 0.000104343765997, 0.00014290199033, 0.000116245930258, 6.29417045275e-05, 2.31176200032e-05, 2.07996290555e-05, 1.56313253683e-05, 1.26546356114e-05, 7.28398163119e-06, 4.45395153292e-06, 4.56903762824e-06, 5.63093635719e-06, 5.41889994565e-06, 4.13863517679e-06, 2.86402132588e-06, 3.13881037073e-06, 4.00068165618e-06, 3.99363580073e-06, 1.85931446595e-06, 1.77236233867e-06, 2.21911318476e-06, 1.88606475149e-06, 2.37710310103e-06, 2.05770516004e-06, 1.22091159938e-06, 2.02449064091e-06, 3.63067692888e-06, 4.99172165291e-06, 4.73100362797e-06, 2.64860909738e-06],
        "median": [0.022627837956, 0.0175117179751, 0.0111257918179, 0.00086500128964, 0.000570312666241, 0.000301853520796, 0.000311710842652, 0.000231402664213, 0.000215280189877, 0.000164114899235, 9.31049726205e-05, 0.000120141172374, 0.000100259501778, 5.5405049352e-05, 2.11155165744e-05, 1.86432516784e-05, 1.45721205627e-05, 1.15889297376e-05, 6.84608539814e-06, 4.08133018936e-06, 4.1850926209e-06, 5.25400264451e-06, 5.01562135469e-06, 3.85608109355e-06, 2.60271599473e-06, 2.86981048703e-06, 3.55661586582e-06, 3.11836311084e-06, 1.6681640318e-06, 1.64968059835e-06, 2.03270610655e-06, 1.75610512088e-06, 2.2886899842e-06, 1.97546683012e-06, 1.16146554774e-06, 1.94373797058e-06, 3.42271755471e-06, 4.24373683927e-06, 3.91273988498e-06, 2.40557619691e-06],
        "min": [1.66185919193e-11, 1.88590115746e-11, 1.91832504742e-11, 1.78391485611e-11, 1.78278329599e-11, 1.86650764289e-11, 1.7866852095e-11, 1.76749170855e-11, 1.82705916368e-11, 1.7619419812e-11, 1.85700257255e-11, 1.80845529524e-11, 1.72691479172e-11, 1.81593073911e-11, 1.8002318386e-11, 1.8033139218e-11, 1.832489889e-11, 1.78344960328e-11, 1.81060895443e-11, 1.81021187623e-11, 1.80252375526e-11, 1.79312814597e-11, 1.79148276075e-11, 1.79614760565e-11, 1.81488660905e-11, 1.81014439549e-11, 1.81754975653e-11, 1.8097214699e-11, 1.81331009236e-11, 1.80907424457e-11, 1.80207897216e-11, 1.79200595335e-11, 1.79191817634e-11, 1.80722867227e-11, 1.81595363746e-11, 1.80127909116e-11, 1.79708019299e-11, 1.80178597736e-11, 1.81464843152e-11, 1.80753918777e-11],
        "stdev": [0.0109159070998, 0.0143192531541, 0.00403967639431, 0.000664400518872, 0.000374264025595, 0.000215715961531, 0.000206610246096, 0.00017940386897, 0.000162802505656, 0.000116499613796, 6.00881612627e-05, 0.000118643532915, 7.85624943092e-05, 3.90844325011e-05, 1.18680627565e-05, 9.77818035608e-06, 7.30813053451e-06, 5.56632448934e-06, 3.04310810861e-06, 1.93249866243e-06, 1.87273190022e-06, 2.37793528868e-06, 2.2603742309e-06, 2.1500695766e-06, 1.99629084818e-06, 1.65950461906e-06, 2.45262617682e-06, 2.89793911179e-06, 8.51198535656e-07, 7.15051385214e-07, 8.69552138738e-07, 7.26172117993e-07, 9.55047198659e-07, 8.11040081317e-07, 4.79915286178e-07, 8.46601778903e-07, 1.68109852439e-06, 2.91404080599e-06, 3.03344336317e-06, 1.42647138546e-06],
        "var": [0.000119157033623, 0.000205041011213, 1.63189870364e-05, 4.41428056774e-07, 1.40073566968e-07, 4.65333762634e-08, 4.26877946325e-08, 3.2185749177e-08, 2.65046562475e-08, 1.35721593963e-08, 3.61058694054e-09, 1.4076287691e-08, 6.17206552533e-09, 1.52759283001e-09, 1.40850914265e-10, 9.56128023977e-11, 5.34087704618e-11, 3.09839688628e-11, 9.26050642419e-12, 3.73455129668e-12, 3.50712471217e-12, 5.65457576596e-12, 5.10929189582e-12, 4.622799539e-12, 3.98517677191e-12, 2.7539554838e-12, 6.01537569755e-12, 8.39805135155e-12, 7.24538918445e-13, 5.11298523052e-13, 7.56120968788e-13, 5.27325958507e-13, 9.12115110004e-13, 6.57786000148e-13, 2.30318693804e-13, 7.16734560157e-13, 2.82609222482e-12, 8.49163361155e-12, 9.20177822827e-12, 2.03482066266e-12]
    },
    "melbands128": {
