{
"lowlevel": {
    "average_loudness": 0.155494958162,
    "barkbands_crest": {
        "dmean": 1.60863649845,
        "dmean2": 2.78896832466,
        "dvar": 3.67094373703,
        "dvar2": 9.51349258423,
        "max": 21.3094520569,
        "mean": 9.071641922,
        "median": 7.99160480499,
        "min": 3.65543580055,
        "stdev": 3.42608380318,
        "var": 11.7380504608
    },
    "barkbands_flatness_db": {
        "dmean": 0.0120639875531,
        "dmean2": 0.0207800213248,
        "dvar": 0.000169995430042,
        "dvar2": 0.000408143590903,
        "max": 0.214254125953,
        "mean": 0.0964997932315,
        "median": 0.0840623825788,
        "min": 0.0458943471313,
        "stdev": 0.0336938165128,
        "var": 0.00113527337089
    },
    "barkbands_kurtosis": {
        "dmean": 0.810873091221,
        "dmean2": 1.39515352249,
        "dvar": 3.07170557976,
        "dvar2": 6.97816944122,
        "max": 18.8158283234,
        "mean": 0.222009256482,
        "median": -1.23172187805,
        "min": -1.68958246708,
        "stdev": 3.30134391785,
        "var": 10.8988714218
    },
    "barkbands_skewness": {
        "dmean": 0.232785895467,
        "dmean2": 0.388235867023,
        "dvar": 0.0827664807439,
        "dvar2": 0.203517973423,
        "max": 3.2510368824,
        "mean": 0.101865507662,
        "median": -0.478474915028,
        "min": -1.13783049583,
        "stdev": 1.02906131744,
        "var": 1.05896711349
    },
    "barkbands_spread": {
        "dmean": 5.16448402405,
        "dmean2": 8.42308044434,
        "dvar": 24.3539772034,
        "dvar2": 49.1846809387,
        "max": 126.520355225,
        "mean": 76.149269104,
        "median": 106.085662842,
        "min": 4.61104011536,
        "stdev": 45.5383338928,
        "var": 2073.73974609
    },
    "dissonance": {
        "dmean": 0.0151123506948,
        "dmean2": 0.0228774100542,
        "dvar": 0.00199004262686,
        "dvar2": 0.0023257478606,
        "max": 0.499897360802,
        "mean": 0.480426460505,
        "median": 0.494555532932,
        "min": 0,
        "stdev": 0.0485120490193,
        "var": 0.00235341885127
    },
    "dynamic_complexity": 41.1530609131,
    "erbbands_crest": {
        "dmean": 1.59409463406,
        "dmean2": 2.58027148247,
        "dvar": 4.20330238342,
        "dvar2": 10.5069799423,
        "max": 27.7402935028,
        "mean": 7.06476593018,
        "median": 4.01433849335,
        "min": 2.79277276993,
        "stdev": 5.35350418091,
        "var": 28.6600055695
    },
    "erbbands_flatness_db": {
        "dmean": 0.0113666923717,
        "dmean2": 0.0189225059003,
        "dvar": 0.000121934426716,
        "dvar2": 0.000324681168422,
        "max": 0.256650090218,
        "mean": 0.134455934167,
        "median": 0.102658338845,
        "min": 0.0749298781157,
        "stdev": 0.052663821727,
        "var": 0.00277347816154
    },
    "erbbands_kurtosis": {
        "dmean": 0.638710319996,
        "dmean2": 1.0315322876,
        "dvar": 1.28646862507,
        "dvar2": 2.57811713219,
        "max": 13.2279834747,
        "mean": 0.431151598692,
        "median": 0.037615776062,
        "min": -1.21895396709,
        "stdev": 1.80859827995,
        "var": 3.27102780342
    },
    "erbbands_skewness": {
        "dmean": 0.222708150744,
        "dmean2": 0.371168285608,
        "dvar": 0.0631380602717,
        "dvar2": 0.133849561214,
        "max": 3.31496405602,
        "mean": 0.0350298061967,
        "median": -0.369502544403,
        "min": -1.05272305012,
        "stdev": 0.851945579052,
        "var": 0.725811243057
    },
    "erbbands_spread": {
        "dmean": 4.07671022415,
        "dmean2": 6.83865022659,
        "dvar": 11.8901195526,
        "dvar2": 29.3826293945,
        "max": 50.8972816467,
        "mean": 32.9648475647,
        "median": 34.4702224731,
        "min": 10.7724809647,
        "stdev": 7.15751934052,
        "var": 51.2300834656
    },
    "hfc": {
        "dmean": 32.1063079834,
        "dmean2": 30.6489715576,
        "dvar": 30893.2304688,
        "dvar2": 55691.2265625,
        "max": 3002.40673828,
        "mean": 61.7638931274,
        "median": 0.00371898291633,
        "min": 5.91975037878e-08,
        "stdev": 341.824157715,
        "var": 116843.75
    },
    "loudness_ebu128": {
        "integrated": -21.9076519012,
        "loudness_range": 18.1182956696,
        "momentary": {
            "dmean": 2.44559979439,
            "dmean2": 0.805738687515,
            "dvar": 17.4582138062,
            "dvar2": 2.41139650345,
            "max": -21.9076519012,
            "mean": -77.5236663818,
            "median": -86.3208999634,
            "min": -87.7382736206,
            "stdev": 15.9937534332,
            "var": 255.800140381
        },
        "short_term": {
            "dmean": 18.1182918549,
            "dmean2": 0,
            "dvar": 0,
            "dvar2": 0,
            "max": -30.6582584381,
            "mean": -39.7174034119,
            "median": -39.7174034119,
            "min": -48.776550293,
            "stdev": 9.05914592743,
            "var": 82.0681304932
        }
    },
    "melbands_crest": {
        "dmean": 2.29080629349,
        "dmean2": 3.80030012131,
        "dvar": 4.17418289185,
        "dvar2": 9.48089599609,
        "max": 23.9220619202,
        "mean": 12.6510000229,
        "median": 12.2879991531,
        "min": 5.65426826477,
        "stdev": 3.31513261795,
        "var": 10.9901046753
    },
    "melbands_flatness_db": {
        "dmean": 0.0116874333471,
        "dmean2": 0.0196170751005,
        "dvar": 0.000198579218704,
        "dvar2": 0.000486446457217,
        "max": 0.256428867579,
        "mean": 0.0812114328146,
        "median": 0.0328156352043,
        "min": 0.0188145879656,
        "stdev": 0.0723933577538,
        "var": 0.00524079799652
    },
    "melbands_kurtosis": {
        "dmean": 1.43744122982,
        "dmean2": 2.46522736549,
        "dvar": 8.46772193909,
        "dvar2": 22.0876369476,
        "max": 24.0407085419,
        "mean": 1.62306344509,
        "median": -0.974442124367,
        "min": -1.45448493958,
        "stdev": 4.9780330658,
        "var": 24.7808132172
    },
    "melbands_skewness": {
        "dmean": 0.300631195307,
        "dmean2": 0.477120906115,
        "dvar": 0.131035730243,
        "dvar2": 0.349203884602,
        "max": 3.98463821411,
        "mean": 0.90203076601,
        "median": 0.52008497715,
        "min": 0.108165472746,
        "stdev": 0.786924481392,
        "var": 0.619250178337
    },
    "melbands_spread": {
        "dmean": 8.53718662262,
        "dmean2": 13.533782959,
        "dvar": 58.7286987305,
        "dvar2": 156.711868286,
        "max": 193.525344849,
        "mean": 106.542495728,
        "median": 141.527694702,
        "min": 6.04601860046,
        "stdev": 69.3438720703,
        "var": 4808.57275391
    },
    "pitch_salience": {
        "dmean": 0.0384493805468,
        "dmean2": 0.0624859295785,
        "dvar": 0.00204140949063,
        "dvar2": 0.00424151495099,
        "max": 0.956372022629,
        "mean": 0.572103440762,
        "median": 0.591247737408,
        "min": 0.366501927376,
        "stdev": 0.0709687620401,
        "var": 0.00503656547517
    },
    "silence_rate_20dB": {
        "dmean": 0.00763358781114,
        "dmean2": 0.0153846153989,
        "dvar": 0.00757533777505,
        "dvar2": 0.0151478759944,
        "max": 1,
        "mean": 0.962121188641,
        "median": 1,
        "min": 0,
        "stdev": 0.19090308249,
        "var": 0.0364439859986
    },
    "silence_rate_30dB": {
        "dmean": 0.00763358781114,
        "dmean2": 0.0153846153989,
        "dvar": 0.00757533730939,
        "dvar2": 0.0151478759944,
        "max": 1,
        "mean": 0.946969687939,
        "median": 1,
        "min": 0,
        "stdev": 0.224094286561,
        "var": 0.0502182506025
    },
    "silence_rate_60dB": {
        "dmean": 0.00763358781114,
        "dmean2": 0.0153846153989,
        "dvar": 0.00757533637807,
        "dvar2": 0.0151478787884,
        "max": 1,
        "mean": 0.909090936184,
        "median": 1,
        "min": 0,
        "stdev": 0.287479937077,
        "var": 0.0826447159052
    },
    "spectral_centroid": {
        "dmean": 135.770950317,
        "dmean2": 209.802642822,
        "dvar": 15504.2558594,
        "dvar2": 37284.3515625,
        "max": 4053.86962891,
        "mean": 2913.75439453,
        "median": 3538.375,
        "min": 724.732177734,
        "stdev": 1072.97058105,
        "var": 1151265.75
    },
    "spectral_complexity": {
        "dmean": 0.618320584297,
        "dmean2": 0.669230759144,
        "dvar": 5.09096717834,
        "dvar2": 6.69829034805,
        "max": 58,
        "mean": 3.0303030014,
        "median": 0,
        "min": 0,
        "stdev": 10.4656238556,
        "var": 109.529289246
    },
    "spectral_decrease": {
        "dmean": 5.93861582132e-09,
        "dmean2": 5.59720092497e-09,
        "dvar": 9.7559666678e-16,
        "dvar2": 1.53166119704e-15,
        "max": -4.86099614604e-19,
        "mean": -1.22222170162e-08,
        "median": -4.12642434057e-14,
        "min": -5.00463272601e-07,
        "stdev": 6.13332673538e-08,
        "var": 3.76176988051e-15
    },
    "spectral_energy": {
        "dmean": 0.0253258533776,
        "dmean2": 0.0238944943994,
        "dvar": 0.0176435206085,
        "dvar2": 0.028372284025,
        "max": 2.16119408607,
        "mean": 0.0517316907644,
        "median": 4.77471587601e-07,
        "min": 7.20404161672e-12,
        "stdev": 0.261658608913,
        "var": 0.0684652328491
    },
    "spectral_energyband_high": {
        "dmean": 0.00157685868908,
        "dmean2": 0.0014877388021,
        "dvar": 8.35224054754e-05,
        "dvar2": 0.000108347521746,
        "max": 0.177647337317,
        "mean": 0.00370344123803,
        "median": 2.41897367914e-07,
        "min": 4.83454075384e-12,
        "stdev": 0.0218818876892,
        "var": 0.000478816975374
    },
    "spectral_energyband_low": {
        "dmean": 0.000156339650857,
        "dmean2": 0.000233725295402,
        "dvar": 1.04894240849e-06,
        "dvar2": 2.57206397691e-06,
        "max": 0.0098717706278,
        "mean": 0.000139671363286,
        "median": 3.17615445056e-08,
        "min": 6.27804665893e-13,
        "stdev": 0.000894350872841,
        "var": 7.998635283e-07
    },
    "spectral_energyband_middle_high": {
        "dmean": 0.00877502374351,
        "dmean2": 0.00966229848564,
        "dvar": 0.00290319439955,
        "dvar2": 0.00602227915078,
        "max": 0.705276250839,
        "mean": 0.0117776254192,
        "median": 7.94716612518e-08,
        "min": 8.31492698045e-13,
        "stdev": 0.0712180510163,
        "var": 0.00507201114669
    },
    "spectral_energyband_middle_low": {
        "dmean": 0.0149115631357,
        "dmean2": 0.0150929540396,
        "dvar": 0.00605879304931,
        "dvar2": 0.00782631430775,
        "max": 1.27310037613,
        "mean": 0.0362611040473,
        "median": 1.50695491641e-08,
        "min": 7.23895390246e-13,
        "stdev": 0.174532547593,
        "var": 0.0304616112262
    },
    "spectral_entropy": {
        "dmean": 0.0698383152485,
        "dmean2": 0.113608330488,
        "dvar": 0.0060014068149,
        "dvar2": 0.014598082751,
        "max": 9.07433414459,
        "mean": 8.32047653198,
        "median": 8.66919517517,
        "min": 7.11983060837,
        "stdev": 0.550775110722,
        "var": 0.303353190422
    },
    "spectral_flux": {
        "dmean": 0.0104148508981,
        "dmean2": 0.0139684444293,
        "dvar": 0.0018243866507,
        "dvar2": 0.00320291426033,
        "max": 1.00287854671,
        "mean": 0.0385272912681,
        "median": 0.000401659170166,
        "min": 0.000341823673807,
        "stdev": 0.15397772193,
        "var": 0.0237091369927
    },
    "spectral_kurtosis": {
        "dmean": 0.434180766344,
        "dmean2": 0.742301404476,
        "dvar": 0.239128068089,
        "dvar2": 0.716206848621,
        "max": 6.55375289917,
        "mean": 3.08352851868,
        "median": 2.3165063858,
        "min": 1.19053459167,
        "stdev": 1.43121469021,
        "var": 2.04837536812
    },
    "spectral_rms": {
        "dmean": 0.00046882458264,
        "dmean2": 0.00040332248318,
        "dvar": 3.78656795874e-06,
        "dvar2": 4.90402817377e-06,
        "max": 0.0459182076156,
        "mean": 0.00177159393206,
        "median": 2.1582662157e-05,
        "min": 8.38351539301e-08,
        "stdev": 0.00687978276983,
        "var": 4.73314103147e-05
    },
    "spectral_rolloff": {
        "dmean": 586.985107422,
        "dmean2": 953.921264648,
        "dvar": 500876.4375,
        "dvar2": 1102226.25,
        "max": 18432.421875,
        "mean": 11639.0205078,
        "median": 16462.1328125,
        "min": 602.9296875,
        "stdev": 7214.55566406,
        "var": 52049816
    },
    "spectral_skewness": {
        "dmean": 0.0797182172537,
        "dmean2": 0.133548021317,
        "dvar": 0.00492931064218,
        "dvar2": 0.011727206409,
        "max": 1.90465140343,
        "mean": 1.38213574886,
        "median": 1.31921386719,
        "min": 0.995040416718,
        "stdev": 0.19982495904,
        "var": 0.0399300158024
    },
    "spectral_spread": {
        "dmean": 319670.28125,
        "dmean2": 496175.59375,
        "dvar": 211272466432,
        "dvar2": 180596260864,
        "max": 16156012,
        "mean": 7680292,
        "median": 8902300,
        "min": 3632533,
        "stdev": 2462113.5,
        "var": 6.06200345395e+12
    },
    "spectral_strongpeak": {
        "dmean": 0.251421272755,
        "dmean2": 0.310591429472,
        "dvar": 1.35446190834,
        "dvar2": 1.81687152386,
        "max": 18.0314922333,
        "mean": 0.685070693493,
        "median": 0,
        "min": 0,
        "stdev": 2.71291255951,
        "var": 7.35989427567
    },
    "zerocrossingrate": {
        "dmean": 0.0119088441133,
        "dmean2": 0.0133826620877,
        "dvar": 0.000304446235532,
        "dvar2": 0.000223536480917,
        "max": 0.30224609375,
        "mean": 0.198830351233,
        "median": 0.256103515625,
        "min": 0.0048828125,
        "stdev": 0.0924308598042,
        "var": 0.00854346435517
    },
    "barkbands": {
        "dmean": [1.22018745969e-05, 4.71132298117e-05, 8.32985751913e-05, 0.000103213824332, 0.00187665980775, 0.000338503683452, 0.0082063190639, 0.00788368098438, 0.00242586992681, 0.00020675030828, 0.000184494390851, 0.000231846861425, 0.00579477148131, 0.00088949612109, 0.000672787136864, 0.000123874575365, 0.000862463435624, 0.000731580425054, 0.00033499323763, 0.000370819558157, 0.000501182687003, 0.000660682853777, 0.000275867787423, 0.000107456304249, 2.73330097116e-05, 3.46070228261e-05, 2.09191111935e-05],
        "dmean2": [1.80589286174e-05, 7.45127545088e-05, 0.000106159699499, 0.000179064343683, 0.00159847526811, 0.000342877698131, 0.0119286887348, 0.0101523902267, 0.00384345557541, 0.000186021134141, 0.00024539954029, 0.000316073361319, 0.00863354559988, 0.0011984477751, 0.000875420169905, 0.000158075883519, 0.00101427675691, 0.000719663337804, 0.000297431222862, 0.000417497649323, 0.000463946227683, 0.000584708526731, 0.000149035753566, 0.00017050174938, 2.87594248221e-05, 1.63064214576e-05, 1.37393190016e-05],
        "dvar": [7.74629516087e-09, 9.86396244684e-08, 2.83464800077e-07, 2.62323254674e-07, 8.09689008747e-05, 3.41805662174e-06, 0.00219709426165, 0.00135657156352, 0.000328612019075, 1.00515035228e-06, 9.45623241932e-07, 1.72567445134e-06, 0.00165529665537, 2.99946586892e-05, 2.03240779229e-05, 6.81684412029e-07, 3.23186213791e-05, 2.13284529309e-05, 4.35446327174e-06, 5.46797673451e-06, 6.80047696733e-06, 1.37575971166e-05, 3.13299642585e-06, 7.69413929902e-07, 3.87564043081e-08, 6.37257713265e-08, 2.79638356915e-08],
        "dvar2": [1.89576372378e-08, 2.71453615142e-07, 5.95848518969e-07, 8.29862585761e-07, 8.41345099616e-05, 5.30408260602e-06, 0.00476700766012, 0.0025970581919, 0.00085120240692, 1.16266664918e-06, 1.57670763201e-06, 3.0285966659e-06, 0.00409096851945, 4.93337247462e-05, 3.17650592478e-05, 1.0142721294e-06, 6.61298909108e-05, 3.77196374757e-05, 2.97541942018e-06, 1.01445320979e-05, 8.33408921608e-06, 1.92227707885e-05, 8.82234189703e-07, 1.73801754499e-06, 3.46277637675e-08, 2.04012042815e-08, 1.0479691781e-08],
        "max": [0.000784243922681, 0.00285809719935, 0.00535563798621, 0.00376748107374, 0.133878588676, 0.0250295847654, 0.457101762295, 0.670562148094, 0.186203211546, 0.0185044109821, 0.0158207342029, 0.0174198839813, 0.410151273012, 0.0687480792403, 0.0515990778804, 0.0120102930814, 0.0667028427124, 0.0506748743355, 0.0438739284873, 0.0344006046653, 0.0531179942191, 0.0650558322668, 0.0361380241811, 0.0110909314826, 0.00357875879854, 0.00452787755057, 0.00273250578903],
        "mean": [8.61509488459e-06, 3.41749546351e-05, 7.23369375919e-05, 8.66455811774e-05, 0.00373996561393, 0.000489283644129, 0.00739652663469, 0.0222044494003, 0.00219769380055, 0.000593572214711, 0.000498621142469, 0.00033382314723, 0.00502361310646, 0.00131995580159, 0.000961118785199, 0.000239381479332, 0.000901754654478, 0.000783483381383, 0.000850310607348, 0.000567326496821, 0.00125723262317, 0.00129830022343, 0.000556460174266, 0.000159844246809, 6.72757305438e-05, 5.68723626202e-05, 3.02402058878e-05],
        "median": [1.21308048051e-07, 1.61983271241e-09, 7.85637610523e-10, 7.225275378e-10, 2.16620232862e-09, 1.8998194129e-09, 3.14166692661e-09, 3.36078631591e-09, 3.66162478116e-09, 3.07200864746e-09, 2.85207146788e-09, 3.79841980092e-09, 1.11952838111e-08, 7.68822605579e-09, 6.19074125296e-09, 7.35489535941e-09, 8.87821727247e-09, 1.49891601353e-08, 1.13216245268e-08, 1.33919995093e-08, 1.62208095844e-08, 2.02820658046e-08, 2.13371542657e-08, 2.66612900646e-08, 3.71517359099e-08, 5.25463548229e-08, 7.48297566133e-08],
        "min": [1.93537690756e-13, 2.79986320587e-13, 1.71675201182e-13, 1.54322328571e-13, 2.91984264458e-13, 1.54987879627e-13, 5.43043122405e-14, 1.25945794795e-14, 3.57797423417e-14, 8.12637785297e-14, 7.64192244099e-14, 3.31142685701e-14, 1.31288023123e-14, 6.10999288274e-14, 5.30384553822e-14, 1.07014840511e-13, 1.95519585223e-13, 6.85859992389e-14, 5.25494395448e-14, 3.60225521287e-13, 1.71564178879e-13, 1.84443443591e-13, 6.48584918411e-13, 5.1661263158e-13, 1.40380372257e-12, 8.89183095643e-13, 7.95313467861e-13],
        "stdev": [6.97491341271e-05, 0.000256236322457, 0.000489116937388, 0.000419549091021, 0.0182666964829, 0.00275798933581, 0.0488079600036, 0.101563766599, 0.0172716416419, 0.00274485279806, 0.00232108775526, 0.00186847301666, 0.0370816364884, 0.00794765446335, 0.00606686063111, 0.00147742766421, 0.0063746906817, 0.00513117853552, 0.00521478662267, 0.00366136035882, 0.00691911764443, 0.00762842223048, 0.00385663309135, 0.00119247706607, 0.000444846315077, 0.000444949866505, 0.000251110526733],
        "var": [4.86494178276e-09, 6.5657054904e-08, 2.39235390609e-07, 1.7602143032e-07, 0.000333672185661, 7.60650482334e-06, 0.00238221697509, 0.0103151984513, 0.000298309576465, 7.53421727495e-06, 5.38744870937e-06, 3.49119159182e-06, 0.00137504783925, 6.31652073935e-05, 3.68067994714e-05, 2.18279251385e-06, 4.06366816605e-05, 2.63289948634e-05, 2.71939989034e-05, 1.34055590024e-05, 4.78741858387e-05, 5.81928252359e-05, 1.48736180563e-05, 1.42200144637e-06, 1.97888240905e-07, 1.97980384087e-07, 6.30564969128e-08]
    },
    "erbbands": {
        "dmean": [0.00140384084079, 0.0115709109232, 0.0913340672851, 0.193165913224, 2.03896665573, 10.9821891785, 2.13072514534, 6.0509262085, 83.2182998657, 103.108375549, 175.639358521, 46.2460327148, 10.3326568604, 10.6225986481, 5.15616703033, 10.2224998474, 134.575958252, 149.602661133, 33.7409286499, 18.9745082855, 15.075876236, 57.9638214111, 41.6368408203, 13.2656946182, 20.9703083038, 15.4973630905, 27.8166179657, 14.7784996033, 30.3508472443, 12.1466417313, 4.87245607376, 3.12461471558, 1.0217949152, 0.446098446846, 0.184390619397, 0.105071358383, 0.0514985434711, 0.0301871411502, 0.00344431097619, 0.000153076223796],
        "dmean2": [0.00213919323869, 0.0185644589365, 0.125455081463, 0.327961266041, 2.94843387604, 8.50926971436, 1.47685110569, 6.16290044785, 125.123497009, 134.246963501, 217.099121094, 67.7702484131, 12.5987606049, 9.65679836273, 5.98586416245, 12.2798576355, 194.082290649, 162.053863525, 36.9441947937, 23.8814563751, 16.3271121979, 70.9275665283, 41.1010513306, 4.71879720688, 27.6416320801, 14.3344535828, 24.8866882324, 5.85864400864, 26.7793197632, 11.0988769531, 5.64279174805, 4.94642686844, 1.6012045145, 0.526526093483, 0.181048303843, 0.0901686623693, 0.0339234545827, 0.0225418712944, 0.00237667700276, 8.52924495121e-05],
        "dvar": [0.00011390405416, 0.00567105645314, 0.400605857372, 0.861423909664, 92.0270309448, 2891.7277832, 91.3915023804, 1141.89135742, 212385.671875, 406365.21875, 687558.5625, 90309.03125, 3986.16699219, 2530.98706055, 928.915344238, 2590.30102539, 912451.5625, 870623.1875, 42949.9023438, 15486.9853516, 8780.81445312, 153098.75, 67448.5625, 4907.26171875, 20096.0976562, 8564.04882812, 22577.9472656, 5872.47509766, 29205.4003906, 6371.85693359, 1336.74926758, 647.738647461, 83.2835922241, 9.4808807373, 1.64397454262, 0.568395912647, 0.143152192235, 0.0693121850491, 0.000803477480076, 1.00864872365e-06],
        "dvar2": [0.000290268624667, 0.0156712178141, 0.937461733818, 2.52344560623, 230.039749146, 2483.81640625, 68.5153961182, 1791.23022461, 454715.28125, 619046.5625, 1078795.5, 243200.796875, 8044.70019531, 2887.64892578, 1434.54711914, 5885.04589844, 2233145.75, 1777900.75, 59365.1484375, 25594.8613281, 13113.7265625, 327981.96875, 120899.773438, 908.861999512, 39025.359375, 13332.6611328, 33270.015625, 1029.77746582, 42149.6367188, 4824.10986328, 1393.96765137, 1465.53869629, 134.214874268, 13.5978651047, 1.31484341621, 0.375507354736, 0.0732153877616, 0.0364981256425, 0.000341889361152, 3.62359315886e-07],
        "max": [0.0930233299732, 0.705176055431, 6.06257295609, 8.16024017334, 113.992233276, 768.001647949, 182.724212646, 415.811950684, 4369.828125, 8005.36572266, 14762.7099609, 3770.19848633, 756.108032227, 958.203125, 519.588745117, 786.467956543, 10456.1689453, 11262.0761719, 2774.77539062, 1393.67102051, 1300.45544434, 4356.00927734, 2962.63476562, 1736.75805664, 2180.15966797, 1480.6652832, 2457.28735352, 1935.70715332, 2842.85839844, 1591.18774414, 638.260803223, 323.195648193, 130.240112305, 51.1538581848, 24.1128635406, 13.7492990494, 6.73668146133, 3.94711089134, 0.449845075607, 0.0200369562954],
        "mean": [0.000923382700421, 0.00910402555019, 0.0751683413982, 0.220364898443, 3.04520082474, 21.2694358826, 5.41341018677, 7.58324432373, 78.3713912964, 162.425216675, 552.832336426, 71.1075439453, 14.6344137192, 31.9942989349, 11.5733280182, 20.2313423157, 141.673492432, 179.420715332, 51.4595909119, 23.9151115417, 22.8864307404, 55.6602210999, 46.6859169006, 34.641582489, 38.1336288452, 27.2435874939, 52.2782440186, 40.7885017395, 55.7074928284, 31.1817264557, 12.0013847351, 4.69871902466, 2.19858694077, 0.91635286808, 0.433463841677, 0.204821810126, 0.0893729925156, 0.0398238897324, 0.00483861751854, 0.000309379713144],
        "median": [3.2500213365e-07, 3.09918959829e-07, 8.39835252009e-07, 1.81056725523e-06, 4.25600410381e-06, 8.41126893647e-06, 1.18303378258e-05, 1.91334765987e-05, 3.98320153181e-05, 6.44133542664e-05, 9.11993702175e-05, 9.18549339985e-05, 8.48164636409e-05, 0.000107151812699, 0.000125763035612, 0.000168300000951, 0.000399556825869, 0.000462492695078, 0.000344307627529, 0.00034223892726, 0.000450597290182, 0.000518981833011, 0.000832886667922, 0.00062831962714, 0.000534755759872, 0.000630548573099, 0.000661868019961, 0.000647682347335, 0.000739436945878, 0.000653102586512, 0.000594273966271, 0.00052976742154, 0.000477510213386, 0.000377587683033, 0.00028178509092, 0.000185494252946, 0.000101331446785, 4.18903837272e-05, 1.03542988654e-05, 1.10678911369e-06],
        "min": [1.03839090104e-11, 5.60939246441e-11, 1.7904668026e-10, 3.97346988645e-10, 7.00791980002e-10, 1.02245467648e-09, 1.24454979655e-09, 1.23775656391e-09, 9.46018374748e-10, 5.03285524367e-10, 2.88198687137e-10, 7.57023499443e-10, 1.96198501889e-09, 3.06650727033e-09, 2.76436251667e-09, 1.11858777796e-09, 5.98541105568e-10, 2.50423970449e-09, 3.3468756655e-09, 2.95254931615e-09, 7.80524000987e-09, 1.07257909221e-08, 4.93469354268e-09, 1.99339655893e-09, 4.72939953866e-09, 1.67174984966e-08, 1.49054724119e-08, 3.01025604443e-09, 8.1621349679e-09, 1.79473058637e-08, 1.3312458691e-08, 7.65720375995e-09, 1.15990204108e-08, 1.51026693374e-08, 9.04584318562e-09, 5.6470281784e-09, 1.64416102955e-09, 2.06109906919e-10, 5.19399349919e-11, 1.88513839955e-11],
        "stdev": [0.00812004134059, 0.0640009567142, 0.539474785328, 0.966926932335, 14.4596347809, 106.245582581, 26.0683689117, 44.7797737122, 493.647094727, 924.268432617, 2494.62719727, 389.821044922, 79.8152389526, 145.890563965, 58.7493896484, 101.109573364, 972.458618164, 1120.52575684, 316.606872559, 155.610687256, 144.966705322, 406.648223877, 300.636169434, 202.64491272, 242.942947388, 167.260726929, 293.020324707, 236.247955322, 327.084991455, 196.295791626, 79.5125045776, 34.8038482666, 15.8502540588, 6.07751083374, 2.89695835114, 1.49105072021, 0.685763478279, 0.353381603956, 0.0409273691475, 0.00209854193963],
        "var": [6.59350698697e-05, 0.00409612199292, 0.291033029556, 0.934947669506, 209.081039429, 11288.1230469, 679.559875488, 2005.22802734, 243687.46875, 854272.125, 6223165, 151960.4375, 6370.47265625, 21284.0585938, 3451.4909668, 10223.1455078, 945675.8125, 1255578, 100239.90625, 24214.6875, 21015.34375, 165362.78125, 90382.1015625, 41064.9609375, 59021.2734375, 27976.1523438, 85860.9140625, 55813.09375, 106984.601562, 38532.0351562, 6322.23876953, 1211.30786133, 251.230560303, 36.9361381531, 8.39236736298, 2.22323226929, 0.470271587372, 0.124878548086, 0.0016750494251, 4.40387793788e-06]
    },
    "gfcc": {
        "mean": [-426.57824707, -39.6687393188, -110.050834656, -2.592243433, -50.3210296631, -3.14208960533, -24.8728599548, 3.58873915672, -9.65564918518, 13.2899570465, -11.5457515717, -1.67370188236, -18.7726249695],
        "cov": [[42117.2851562, 9853.88867188, -4841.31054688, -435.813934326, -3283.30126953, -2173.14331055, -268.052734375, -1583.53735352, 7.6303935051, 419.813262939, -1083.03198242, -1168.2355957, -2152.20678711], [9853.88867188, 3230.16162109, -1428.73364258, -144.417694092, -884.194946289, -716.090759277, -30.4747428894, -463.295471191, 31.5968780518, 167.12336731, -352.311584473, -383.254272461, -699.845275879], [-4841.31054688, -1428.73364258, 1073.89770508, 242.166046143, 432.004852295, 421.723693848, 47.9639282227, 159.367935181, -135.180236816, -216.916259766, 128.538040161, 263.565368652, 451.570037842], [-435.813934326, -144.417694092, 242.166046143, 110.464828491, 52.2589530945, 82.9365997314, 9.9784040451, -5.63348531723, -57.6141929626, -79.4550018311, 1.20839345455, 60.0453033447, 102.346618652], [-3283.30126953, -884.194946289, 432.004852295, 52.2589530945, 306.934112549, 219.950836182, 25.9369926453, 139.661026001, -6.34475946426, -36.9716033936, 97.5903244019, 100.250465393, 178.561584473], [-2173.14331055, -716.090759277, 421.723693848, 82.9365997314, 219.950836182, 217.279678345, 28.4573440552, 92.2918624878, -39.2988548279, -74.7309570312, 72.1154632568, 102.03868866, 181.523971558], [-268.052734375, -30.4747428894, 47.9639282227, 9.9784040451, 25.9369926453, 28.4573440552, 40.0094795227, 16.1656951904, -8.12976074219, -15.5225276947, -7.13282060623, 5.88383579254, 8.32054328918], [-1583.53735352, -463.295471191, 159.367935181, -5.63348531723, 139.661026001, 92.2918624878, 16.1656951904, 103.51058197, 27.7016048431, 3.2624771595, 52.0950965881, 38.9982032776, 72.6142807007], [7.6303935051, 31.5968780518, -135.180236816, -57.6141929626, -6.34475946426, -39.2988548279, -8.12976074219, 27.7016048431, 60.0987052917, 63.6781005859, 9.78584289551, -32.9639015198, -56.8737869263], [419.813262939, 167.12336731, -216.916259766, -79.4550018311, -36.9716033936, -74.7309570312, -15.5225276947, 3.2624771595, 63.6781005859, 100.956474304, 11.3705444336, -56.1812286377, -105.987182617], [-1083.03198242, -352.311584473, 128.538040161, 1.20839345455, 97.5903244019, 72.1154632568, -7.13282060623, 52.0950965881, 9.78584289551, 11.3705444336, 66.768699646, 41.1890068054, 61.655670166], [-1168.2355957, -383.254272461, 263.565368652, 60.0453033447, 100.250465393, 102.03868866, 5.88383579254, 38.9982032776, -32.9639015198, -56.1812286377, 41.1890068054, 87.9933242798, 135.880355835], [-2152.20678711, -699.845275879, 451.570037842, 102.346618652, 178.561584473, 181.523971558, 8.32054328918, 72.6142807007, -56.8737869263, -105.987182617, 61.655670166, 135.880355835, 247.949676514]],
        "icov": [[0.000319950369885, 5.08590565005e-05, 0.00102850305848, -0.00125335762277, 0.00365968886763, -0.00284202140756, 0.00139706849586, -0.00101062364411, 0.0020845325198, -0.00138287968002, 0.00160196365323, -0.00183480558917, 0.00175332615618], [5.08590565005e-05, 0.00712490826845, 0.000637950899545, -0.00910152960569, 0.00554940663278, 0.00685951719061, -0.00759379100055, 0.0106060728431, -0.00187052716501, -0.00429837778211, 0.0074777812697, -0.00293097947724, 0.00875756889582], [0.00102850305848, 0.000637950899545, 0.0158806703985, -0.0129468552768, 0.00679015414789, -0.0126565909013, 0.00519388308749, -0.0107886083424, 0.0212773885578, -0.00608503911644, 0.0065765180625, -0.0158408824354, 0.00383638148196], [-0.00125335762277, -0.00910152960569, -0.0129468552768, 0.0509743317962, -0.0189320724458, -0.00489016529173, 0.00681564072147, 0.00587447034195, -0.0120332092047, 0.0178126990795, -0.00542963016778, 0.00454051233828, -0.0150494175032], [0.00365968886763, 0.00554940663278, 0.00679015414789, -0.0189320724458, 0.0701524242759, -0.0416978150606, 0.0124401580542, -0.0190888419747, 0.0269114729017, -0.0309475846589, 0.0240725260228, -0.0178019758314, 0.0247712209821], [-0.00284202140756, 0.00685951719061, -0.0126565909013, -0.00489016529173, -0.0416978150606, 0.0758052989841, -0.0349854975939, 0.0205858647823, -0.023015005514, 0.0254308339208, -0.0332903265953, 0.0279592946172, -0.0120143638924], [0.00139706849586, -0.00759379100055, 0.00519388308749, 0.00681564072147, 0.0124401580542, -0.0349854975939, 0.0606236793101, -0.0372147746384, 0.0309305097908, -0.0088970195502, 0.0263838022947, -0.0219575129449, 0.012702839449], [-0.00101062364411, 0.0106060728431, -0.0107886083424, 0.00587447034195, -0.0190888419747, 0.0205858647823, -0.0372147746384, 0.0934299454093, -0.0794099122286, 0.0248883217573, -0.0104104056954, 0.0120172854513, -0.000622820109129], [0.0020845325198, -0.00187052716501, 0.0212773885578, -0.0120332092047, 0.0269114729017, -0.023015005514, 0.0309305097908, -0.0794099122286, 0.14545686543, -0.0712096318603, 0.0331499315798, -0.0204077884555, 0.00458342162892], [-0.00138287968002, -0.00429837778211, -0.00608503911644, 0.0178126990795, -0.0309475846589, 0.0254308339208, -0.0088970195502, 0.0248883217573, -0.0712096318603, 0.0975900962949, -0.0594002082944, 0.0155870784074, 0.0078828651458], [0.00160196365323, 0.0074777812697, 0.0065765180625, -0.00542963016778, 0.0240725260228, -0.0332903265953, 0.0263838022947, -0.0104104056954, 0.0331499315798, -0.0594002082944, 0.0971993878484, -0.0492928661406, 0.0195310339332], [-0.00183480558917, -0.00293097947724, -0.0158408824354, 0.00454051233828, -0.0178019758314, 0.0279592946172, -0.0219575129449, 0.0120172854513, -0.0204077884555, 0.0155870784074, -0.0492928661406, 0.11579759419, -0.056874781847], [0.00175332615618, 0.00875756889582, 0.00383638148196, -0.0150494175032, 0.0247712209821, -0.0120143638924, 0.012702839449, -0.000622820109129, 0.00458342162892, 0.0078828651458, 0.0195310339332, -0.056874781847, 0.0646408945322]]
    },
    "melbands": {
        "dmean": [1.28037509057e-05, 3.35158038069e-05, 6.73423710396e-05, 0.000443857861683, 0.000166174766491, 0.000122794226627, 0.00149694259744, 0.00125670956913, 0.00136543763801, 0.000228394259466, 4.40823023382e-05, 4.02892474085e-05, 1.80433198693e-05, 1.34567617351e-05, 4.63750693598e-05, 0.000605246110354, 0.000221491165576, 4.41648408014e-05, 6.10921051702e-05, 8.33478225104e-06, 1.65011297213e-05, 7.18647424947e-05, 3.52460228896e-05, 3.25035471178e-05, 1.14844406198e-05, 1.40666516018e-05, 1.55886627908e-05, 8.14495524537e-06, 1.66213903867e-05, 1.93262239918e-05, 9.09543996386e-06, 1.81964169315e-05, 1.2675124708e-05, 7.94109655544e-06, 2.94260985356e-06, 1.91050889953e-06, 1.950274509e-06, 8.47769968004e-07, 6.79412664795e-07, 3.16312451787e-07],
        "dmean2": [1.96166802198e-05, 4.71177481813e-05, 0.000114044974907, 0.000434899207903, 0.00012676177721, 0.000130312721012, 0.00221411045641, 0.00132944248617, 0.00179502170067, 0.000365001760656, 5.24710667378e-05, 3.75850213459e-05, 1.90606097021e-05, 1.16105366033e-05, 6.68911161483e-05, 0.000879065133631, 0.000222663133172, 4.29685969721e-05, 7.54434295231e-05, 1.15566926979e-05, 1.7758582544e-05, 8.93707983778e-05, 3.52974129783e-05, 3.06992187689e-05, 8.47183218866e-06, 1.76969188033e-05, 1.97479475901e-05, 7.95151117927e-06, 1.30991775222e-05, 2.71102762781e-05, 6.65489824314e-06, 1.74407941813e-05, 1.29214367917e-05, 3.53804330189e-06, 2.98537361232e-06, 2.75811885331e-06, 3.00930378216e-06, 9.60779402703e-07, 9.63128400144e-07, 3.16494805475e-07],
        "dvar": [8.18126988378e-09, 5.19994962644e-08, 9.97640938749e-08, 4.78717811347e-06, 6.63637422349e-07, 4.71221341058e-07, 7.01877143001e-05, 4.74162116006e-05, 3.92132133129e-05, 2.86835665975e-06, 7.44115737916e-08, 3.70528070448e-08, 8.07586086893e-09, 1.05590078903e-08, 6.75769697978e-08, 1.85090502782e-05, 1.80678989636e-06, 7.09707350666e-08, 1.56958307684e-07, 3.45333561746e-09, 1.02882173891e-08, 2.42612344437e-07, 4.7538453174e-08, 4.02619519946e-08, 5.3232920294e-09, 1.13973488425e-08, 1.03949684416e-08, 2.41881537022e-09, 8.20752354969e-09, 1.27693633445e-08, 4.17145740172e-09, 1.0645529791e-08, 5.45204104085e-09, 2.43281839118e-09, 4.34650537784e-10, 2.75485328993e-10, 2.31582072963e-10, 4.4061899962e-11, 2.52410314872e-11, 4.01977539796e-12],
        "dvar2": [2.17283915305e-08, 1.23831796373e-07, 3.11919365004e-07, 6.12044414083e-06, 3.40429636481e-07, 9.13812982617e-07, 0.000151179076056, 6.82372410665e-05, 7.71876657382e-05, 7.48423144614e-06, 1.43594064639e-07, 4.35869402793e-08, 1.33902053889e-08, 7.45050909856e-09, 1.81327862947e-07, 4.47201891802e-05, 3.41410327565e-06, 1.10930031383e-07, 2.51652579664e-07, 6.22780049753e-09, 1.50239163332e-08, 5.23058190538e-07, 8.6429324142e-08, 6.86170551489e-08, 2.95100055503e-09, 1.47001415485e-08, 2.15258175729e-08, 3.52396711811e-09, 1.17413643252e-08, 2.64989292731e-08, 2.67834665557e-09, 1.40326177345e-08, 9.54638057493e-09, 5.13623255038e-10, 3.72756520095e-10, 3.96556065763e-10, 5.79504499942e-10, 4.552579147e-11, 5.19756251927e-11, 5.33810062125e-12],
        "max": [0.00080834957771, 0.00221672817133, 0.00271315732971, 0.031088989228, 0.0126452865079, 0.00848875474185, 0.0802448615432, 0.104297041893, 0.11285816133, 0.0176225192845, 0.00312871788628, 0.00367461889982, 0.00154742249288, 0.00176238676067, 0.00335545139387, 0.0447091907263, 0.0166803486645, 0.00375943956897, 0.00431959237903, 0.000691451597959, 0.0014937883243, 0.00532235763967, 0.00263443915173, 0.00227812491357, 0.0015033709351, 0.00184218480717, 0.00134281255305, 0.000811317295302, 0.00147276441567, 0.00170939473901, 0.00119125749916, 0.00173154496588, 0.00113735767081, 0.0010402725311, 0.000385442370316, 0.000250264536589, 0.000170059211086, 0.000111049776024, 6.98105577612e-05, 3.45024782291e-05],
        "mean": [8.88939575816e-06, 2.88566043309e-05, 8.19892884465e-05, 0.000849867705256, 0.000382127851481, 0.000147289130837, 0.00136111117899, 0.00246293423697, 0.00390714872628, 0.000224354793318, 5.76215497858e-05, 0.000124268553918, 4.48650971521e-05, 2.76686405414e-05, 9.30954847718e-05, 0.000561057007872, 0.000279702595435, 6.52958333376e-05, 7.17214716133e-05, 1.31542474264e-05, 2.72827637673e-05, 6.51630543871e-05, 4.15170034103e-05, 3.7606965634e-05, 2.52846220974e-05, 3.63149520126e-05, 2.02967930818e-05, 1.5526316929e-05, 2.98748454952e-05, 3.60687481589e-05, 1.75389941433e-05, 3.47245695593e-05, 2.06215245271e-05, 1.63465847436e-05, 7.28645409254e-06, 4.16572720496e-06, 2.10177336157e-06, 1.70936766608e-06, 1.07202856725e-06, 6.3629528313e-07],
        "median": [5.86193626972e-09, 4.29578095318e-10, 3.79840742193e-10, 4.36613190047e-10, 4.05343675292e-10, 4.25045498798e-10, 5.81462433757e-10, 8.92081630788e-10, 7.6314093933e-10, 5.64697177907e-10, 3.92569393659e-10, 4.33387686849e-10, 3.8642034017e-10, 4.04862532388e-10, 4.24605350879e-10, 1.38446720754e-09, 7.74898922806e-10, 5.16642895132e-10, 4.79726425251e-10, 4.65529170768e-10, 5.35001098978e-10, 5.38396216498e-10, 8.04392996656e-10, 5.76092340498e-10, 4.80619655185e-10, 4.42063941009e-10, 3.97476163094e-10, 4.55232157526e-10, 4.44551090384e-10, 4.03958699824e-10, 3.84081155769e-10, 4.10500827774e-10, 4.16313344909e-10, 3.67391200795e-10, 3.4126956816e-10, 3.42457617819e-10, 3.1301855552e-10, 3.24897886372e-10, 3.40138084365e-10, 3.14490017361e-10],
        "min": [9.44873722992e-14, 8.79544443462e-14, 7.69907886901e-14, 6.22091828463e-14, 4.49663838608e-14, 2.79348094813e-14, 1.36459133855e-14, 4.69252398779e-15, 2.3442672313e-15, 5.25983785674e-15, 1.00179077951e-14, 1.23925045234e-14, 1.01233989724e-14, 4.81854893781e-15, 1.05960327691e-15, 1.86506088249e-15, 5.05942223812e-15, 5.67850294916e-15, 3.71388414339e-15, 4.88319152773e-15, 1.02306087796e-14, 1.20004045018e-14, 7.21485384999e-15, 2.55355679059e-15, 1.35166934272e-15, 2.2726349255e-15, 5.36726789247e-15, 1.29503722809e-14, 1.26512248079e-14, 2.30005592311e-15, 1.37168176665e-15, 4.25661118698e-15, 4.12239415781e-15, 1.42956477954e-14, 8.74338917782e-15, 5.62636976532e-15, 3.7973401821e-15, 7.91051184518e-15, 7.95731041551e-15, 1.45233421101e-14],
        "stdev": [7.14001289452e-05, 0.000198645706405, 0.000364288483979, 0.00416774302721, 0.00187659158837, 0.000869888870511, 0.00879956316203, 0.0127227082849, 0.0177187342197, 0.00164015311748, 0.000326612120261, 0.000565982772969, 0.000212795173866, 0.000169242513948, 0.000446234567789, 0.00407167710364, 0.00171183398925, 0.000408774241805, 0.000475446286146, 8.26105388114e-05, 0.000170150204212, 0.000491127022542, 0.000268521165708, 0.000236137173488, 0.000155057001393, 0.000230255376664, 0.000135149384732, 9.46056534303e-05, 0.000171252060682, 0.000201010989258, 0.000116417337267, 0.000203948831768, 0.000123548874399, 0.000110501088784, 4.77408138977e-05, 2.9942508263e-05, 1.64732591657e-05, 1.25393244161e-05, 7.57794032324e-06, 4.0972968236e-06],
        "var": [5.09797803971e-09, 3.94601187281e-08, 1.3270610566e-07, 1.73700827872e-05, 3.5215959997e-06, 7.56706697302e-07, 7.7432312537e-05, 0.00016186729772, 0.000313953554723, 2.69010229204e-06, 1.06675479117e-07, 3.20336482673e-07, 4.5281783656e-08, 2.86430292817e-08, 1.99125295808e-07, 1.65785550053e-05, 2.93037555821e-06, 1.67096388282e-07, 2.2604916694e-07, 6.82450096434e-09, 2.89510939666e-08, 2.41205725615e-07, 7.21036101936e-08, 5.57607613416e-08, 2.40426736298e-08, 5.301754058e-08, 1.82653572267e-08, 8.95022900238e-09, 2.93272695018e-08, 4.04054176784e-08, 1.35529960588e-08, 4.15951255661e-08, 1.52643231388e-08, 1.22104903966e-08, 2.27918528495e-09, 8.96553831176e-10, 2.71368261195e-10, 1.57234655851e-10, 5.74251826646e-11, 1.67878402152e-11]
    },
    "melbands128": {
