{
"lowlevel": {
    "average_loudness": 0.99068403244,
    "barkbands_crest": {
        "dmean": 2.61723351479,
        "dmean2": 4.20571708679,
        "dvar": 2.74596691132,
        "dvar2": 4.86691045761,
        "max": 15.1453456879,
        "mean": 8.08907413483,
        "median": 7.65653514862,
        "min": 3.32771086693,
        "stdev": 2.98550367355,
        "var": 8.91323280334
    },
    "barkbands_flatness_db": {
        "dmean": 0.047147039324,
        "dmean2": 0.0684124976397,
        "dvar": 0.00134488975164,
        "dvar2": 0.00202956935391,
        "max": 0.325608730316,
        "mean": 0.185379505157,
        "median": 0.202351868153,
        "min": 0.0541695728898,
        "stdev": 0.0780413299799,
        "var": 0.00609044963494
    },
    "barkbands_kurtosis": {
        "dmean": 7.09953689575,
        "dmean2": 12.405292511,
        "dvar": 70.3750915527,
        "dvar2": 73.5812149048,
        "max": 41.9451179504,
        "mean": 10.4991807938,
        "median": 4.76572322845,
        "min": -0.767950773239,
        "stdev": 13.3922662735,
        "var": 179.352783203
    },
    "barkbands_skewness": {
        "dmean": 0.754119694233,
        "dmean2": 1.34224116802,
        "dvar": 0.598514437675,
        "dvar2": 0.918132066727,
        "max": -0.286686688662,
        "mean": -1.88051104546,
        "median": -1.54745364189,
        "min": -4.56041193008,
        "stdev": 1.19786274433,
        "var": 1.43487513065
    },
    "barkbands_spread": {
        "dmean": 9.264336586,
        "dmean2": 13.898598671,
        "dvar": 305.302612305,
        "dvar2": 467.862518311,
        "max": 99.8123397827,
        "mean": 18.6213493347,
        "median": 6.51195478439,
        "min": 1.3711271286,
        "stdev": 27.7783870697,
        "var": 771.638793945
    },
    "dissonance": {
        "dmean": 0.0291844420135,
        "dmean2": 0.0331860110164,
        "dvar": 0.0118935769424,
        "dvar2": 0.0123630343005,
        "max": 0.499987214804,
        "mean": 0.471916764975,
        "median": 0.497830271721,
        "min": 0.00185216078535,
        "stdev": 0.107909180224,
        "var": 0.011644391343
    },
    "dynamic_complexity": 5.8648519516,
    "erbbands_crest": {
        "dmean": 2.56683778763,
        "dmean2": 3.92202043533,
        "dvar": 4.61940288544,
        "dvar2": 10.5766849518,
        "max": 15.217912674,
        "mean": 7.69371700287,
        "median": 7.15109825134,
        "min": 4.11100435257,
        "stdev": 3.08089327812,
        "var": 9.49190330505
    },
    "erbbands_flatness_db": {
        "dmean": 0.0370399132371,
        "dmean2": 0.0453427881002,
        "dvar": 0.000529134005774,
        "dvar2": 0.000884094974026,
        "max": 0.31204661727,
        "mean": 0.205349251628,
        "median": 0.210918650031,
        "min": 0.0729205533862,
        "stdev": 0.0700315758586,
        "var": 0.00490442151204
    },
    "erbbands_kurtosis": {
        "dmean": 1.83545362949,
        "dmean2": 2.90970802307,
        "dvar": 2.02583813667,
        "dvar2": 3.29472994804,
        "max": 7.47155380249,
        "mean": 1.97854733467,
        "median": 1.10843539238,
        "min": -0.207608938217,
        "stdev": 2.18039822578,
        "var": 4.75413656235
    },
    "erbbands_skewness": {
        "dmean": 0.616524219513,
        "dmean2": 1.01781821251,
        "dvar": 0.193946242332,
        "dvar2": 0.4651876688,
        "max": 0.625405371189,
        "mean": -0.626934707165,
        "median": -0.61744582653,
        "min": -2.17945981026,
        "stdev": 0.675906598568,
        "var": 0.456849724054
    },
    "erbbands_spread": {
        "dmean": 5.26964759827,
        "dmean2": 7.43469238281,
        "dvar": 24.4040775299,
        "dvar2": 30.9402675629,
        "max": 48.9971961975,
        "mean": 17.2385005951,
        "median": 14.621301651,
        "min": 6.40948534012,
        "stdev": 11.4728565216,
        "var": 131.626434326
    },
    "hfc": {
        "dmean": 81.3245544434,
        "dmean2": 139.104797363,
        "dvar": 15302.7578125,
        "dvar2": 34368.1289062,
        "max": 504.488494873,
        "mean": 76.8320236206,
        "median": 11.4806423187,
        "min": 3.02706659738e-09,
        "stdev": 124.332687378,
        "var": 15458.6171875
    },
    "loudness_ebu128": {
        "integrated": -24.939239502,
        "loudness_range": 0,
        "momentary": {
            "dmean": 2.50586891174,
            "dmean2": 0,
            "dvar": 0,
            "dvar2": 0,
            "max": -23.8645877838,
            "mean": -25.1175231934,
            "median": -25.1175231934,
            "min": -26.3704566956,
            "stdev": 1.25293445587,
            "var": 1.56984472275
        },
        "short_term": {
            "dmean": 0,
            "dmean2": 0,
            "dvar": 0,
            "dvar2": 0,
            "max": -32.6152000427,
            "mean": -32.6152000427,
            "median": -32.6152000427,
            "min": -32.6152000427,
            "stdev": 0,
            "var": 0
        }
    },
    "melbands_crest": {
        "dmean": 3.99122142792,
        "dmean2": 6.36627197266,
        "dvar": 14.6718559265,
        "dvar2": 30.7319431305,
        "max": 18.2927112579,
        "mean": 7.55870962143,
        "median": 6.27348947525,
        "min": 2.71165895462,
        "stdev": 4.34614992142,
        "var": 18.8890190125
    },
    "melbands_flatness_db": {
        "dmean": 0.032853461802,
        "dmean2": 0.0436530336738,
        "dvar": 0.000339373218594,
        "dvar2": 0.000629060901701,
        "max": 0.179593652487,
        "mean": 0.0855394899845,
        "median": 0.078300870955,
        "min": 0.0167828630656,
        "stdev": 0.0478817224503,
        "var": 0.0022926593665
    },
    "melbands_kurtosis": {
        "dmean": 3.79779696465,
        "dmean2": 5.83124351501,
        "dvar": 10.4735536575,
        "dvar2": 19.1125583649,
        "max": 16.987329483,
        "mean": 4.0624537468,
        "median": 2.17310094833,
        "min": -1.40488052368,
        "stdev": 4.99967098236,
        "var": 24.9967098236
    },
    "melbands_skewness": {
        "dmean": 0.877878606319,
        "dmean2": 1.28778493404,
        "dvar": 0.396831572056,
        "dvar2": 0.825047194958,
        "max": 1.06467664242,
        "mean": -1.25775313377,
        "median": -1.06116580963,
        "min": -3.54126548767,
        "stdev": 1.22698092461,
        "var": 1.50548231602
    },
    "melbands_spread": {
        "dmean": 20.8476200104,
        "dmean2": 26.4813861847,
        "dvar": 482.487518311,
        "dvar2": 396.922546387,
        "max": 188.575714111,
        "mean": 66.1517944336,
        "median": 43.618106842,
        "min": 16.8996429443,
        "stdev": 48.9728965759,
        "var": 2398.34448242
    },
    "pitch_salience": {
        "dmean": 0.0725235119462,
        "dmean2": 0.115499511361,
        "dvar": 0.00509448349476,
        "dvar2": 0.00692593120039,
        "max": 0.992806196213,
        "mean": 0.862219929695,
        "median": 0.872202515602,
        "min": 0.677947342396,
        "stdev": 0.0784988850355,
        "var": 0.00616207439452
    },
    "silence_rate_20dB": {
        "dmean": 0,
        "dmean2": 0,
        "dvar": 0,
        "dvar2": 0,
        "max": 1,
        "mean": 1,
        "median": 1,
        "min": 1,
        "stdev": 0,
        "var": 0
    },
    "silence_rate_30dB": {
        "dmean": 0,
        "dmean2": 0,
        "dvar": 0,
        "dvar2": 0,
        "max": 1,
        "mean": 1,
        "median": 1,
        "min": 1,
        "stdev": 0,
        "var": 0
    },
    "silence_rate_60dB": {
        "dmean": 0.315789461136,
        "dmean2": 0.666666686535,
        "dvar": 0.216066405177,
        "dvar2": 0.33333337307,
        "max": 1,
        "mean": 0.5,
        "median": 0.5,
        "min": 0,
        "stdev": 0.5,
        "var": 0.25
    },
    "spectral_centroid": {
        "dmean": 552.23223877,
        "dmean2": 680.01550293,
        "dvar": 257528.609375,
        "dvar2": 315986.34375,
        "max": 7476.98095703,
        "mean": 4815.72363281,
        "median": 4597.83691406,
        "min": 3653.9597168,
        "stdev": 952.312683105,
        "var": 906899.5
    },
    "spectral_complexity": {
        "dmean": 8.42105293274,
        "dmean2": 15.3333330154,
        "dvar": 160.138473511,
        "dvar2": 369.666778564,
        "max": 44,
        "mean": 7.25,
        "median": 0,
        "min": 0,
        "stdev": 12.3080263138,
        "var": 151.487503052
    },
    "spectral_decrease": {
        "dmean": 7.74913189172e-10,
        "dmean2": 1.55329837881e-09,
        "dvar": 2.71633271183e-18,
        "dvar2": 7.88612406594e-18,
        "max": 2.13016735327e-12,
        "mean": -5.32740462855e-10,
        "median": -2.88073384591e-11,
        "min": -5.60302160224e-09,
        "stdev": 1.25258670103e-09,
        "var": 1.56897333503e-18
    },
    "spectral_energy": {
        "dmean": 0.0102716619149,
        "dmean2": 0.0182125978172,
        "dvar": 0.000279256870272,
        "dvar2": 0.000692147877999,
        "max": 0.0669057220221,
        "mean": 0.00897957757115,
        "median": 0.00124068115838,
        "min": 2.87147340411e-13,
        "stdev": 0.0156213901937,
        "var": 0.000244027818553
    },
    "spectral_energyband_high": {
        "dmean": 0.00741404853761,
        "dmean2": 0.0127189643681,
        "dvar": 0.000110466302431,
        "dvar2": 0.000240912559093,
        "max": 0.042264919728,
        "mean": 0.00731117930263,
        "median": 0.00106542592403,
        "min": 1.69830715788e-13,
        "stdev": 0.0109724001959,
        "var": 0.000120393560792
    },
    "spectral_energyband_low": {
        "dmean": 3.54523835995e-05,
        "dmean2": 7.06238206476e-05,
        "dvar": 9.24638055011e-09,
        "dvar2": 2.71208691061e-08,
        "max": 0.000332460302161,
        "mean": 1.9029901523e-05,
        "median": 5.43195596947e-07,
        "min": 2.05954350118e-14,
        "stdev": 7.23072589608e-05,
        "var": 5.22833953909e-09
    },
    "spectral_energyband_middle_high": {
        "dmean": 0.00253983470611,
        "dmean2": 0.00505601381883,
        "dvar": 3.82055404771e-05,
        "dvar2": 0.000111081935756,
        "max": 0.0216250177473,
        "mean": 0.00143371743616,
        "median": 6.50766305625e-05,
        "min": 3.51563972433e-14,
        "stdev": 0.0046771299094,
        "var": 2.18755430978e-05
    },
    "spectral_energyband_middle_low": {
        "dmean": 0.000164813376614,
        "dmean2": 0.000333140807925,
        "dvar": 2.04189845476e-07,
        "dvar2": 6.0514020106e-07,
        "max": 0.00154229928739,
        "mean": 8.69490468176e-05,
        "median": 1.04878461116e-06,
        "min": 2.36312451405e-14,
        "stdev": 0.00033459928818,
        "var": 1.11956680371e-07
    },
    "spectral_entropy": {
        "dmean": 0.152016088367,
        "dmean2": 0.225807249546,
        "dvar": 0.0140813170001,
        "dvar2": 0.0342897959054,
        "max": 9.19948959351,
        "mean": 8.68202781677,
        "median": 8.59850597382,
        "min": 8.09704494476,
        "stdev": 0.255113363266,
        "var": 0.0650828331709
    },
    "spectral_flux": {
        "dmean": 0.0436519905925,
        "dmean2": 0.0688362121582,
        "dvar": 0.00212472095154,
        "dvar2": 0.00563129736111,
        "max": 0.233567401767,
        "mean": 0.0677867308259,
        "median": 0.0508980415761,
        "min": 6.86444036546e-05,
        "stdev": 0.0599206276238,
        "var": 0.00359048182145
    },
    "spectral_kurtosis": {
        "dmean": 1.14008104801,
        "dmean2": 1.89559531212,
        "dvar": 0.810355603695,
        "dvar2": 1.90030610561,
        "max": 5.35822582245,
        "mean": 1.78583371639,
        "median": 1.7995531559,
        "min": -0.773523569107,
        "stdev": 1.46904599667,
        "var": 2.15809607506
    },
    "spectral_rms": {
        "dmean": 0.00158082845155,
        "dmean2": 0.00254256580956,
        "dvar": 3.09449546876e-06,
        "dvar2": 6.94622576702e-06,
        "max": 0.00807922519743,
        "mean": 0.00202712905593,
        "median": 0.00109908496961,
        "min": 1.67374949456e-08,
        "stdev": 0.00215669046156,
        "var": 4.65131324745e-06
    },
    "spectral_rolloff": {
        "dmean": 1567.39050293,
        "dmean2": 2863.91625977,
        "dvar": 4099437,
        "dvar2": 10035452,
        "max": 19509.0820312,
        "mean": 14482.1542969,
        "median": 14244.2138672,
        "min": 7859.61914062,
        "stdev": 2627.77856445,
        "var": 6905220
    },
    "spectral_skewness": {
        "dmean": 0.338120192289,
        "dmean2": 0.584914922714,
        "dvar": 0.0562196671963,
        "dvar2": 0.0800813212991,
        "max": 1.92819309235,
        "mean": 1.12141728401,
        "median": 1.15731358528,
        "min": 0.0801287144423,
        "stdev": 0.436939328909,
        "var": 0.190915986896
    },
    "spectral_spread": {
        "dmean": 1619131.875,
        "dmean2": 1947240.5,
        "dvar": 2.94157208781e+12,
        "dvar2": 3.11937204224e+12,
        "max": 20906486,
        "mean": 9026126,
        "median": 7826488.5,
        "min": 5307792,
        "stdev": 3480875.25,
        "var": 1.21164917637e+13
    },
    "spectral_strongpeak": {
        "dmean": 0.913320362568,
        "dmean2": 1.26044511795,
        "dvar": 0.808876335621,
        "dvar2": 1.49955308437,
        "max": 5.64664697647,
        "mean": 1.11121225357,
        "median": 0.382341325283,
        "min": 0,
        "stdev": 1.52364742756,
        "var": 2.32150149345
    },
    "zerocrossingrate": {
        "dmean": 0.0503443665802,
        "dmean2": 0.0459798164666,
        "dvar": 0.00391708919778,
        "dvar2": 0.00276995357126,
        "max": 0.4697265625,
        "mean": 0.36669921875,
        "median": 0.3974609375,
        "min": 0.015625,
        "stdev": 0.111644521356,
        "var": 0.012464499101
    },
    "barkbands": {
        "dmean": [2.46289687311e-06, 8.95349148777e-06, 2.02191531571e-05, 7.26117605154e-06, 8.79866456671e-06, 1.09551583591e-05, 3.19590981235e-05, 4.83732728753e-05, 5.41238005098e-05, 6.98602816556e-05, 3.60169397027e-05, 5.41747212992e-05, 6.84086626279e-05, 0.000112940266263, 0.000218895700527, 0.000354563147994, 0.000238272070419, 0.000553735066205, 0.000642043305561, 0.000492944906, 0.0014116052771, 0.000743059732486, 0.00106574699748, 0.00102129625157, 0.00172483467031, 0.00138123240322, 0.000849541451316],
        "dmean2": [5.15718602401e-06, 1.55630223162e-05, 4.20030446548e-05, 1.49593915921e-05, 1.77526235348e-05, 2.16067819565e-05, 6.55701369396e-05, 0.000100140387076, 0.000107599531475, 0.000143248646054, 7.36686924938e-05, 0.000110689201392, 0.000142608550959, 0.000225158742978, 0.000447898113634, 0.000733397027943, 0.000468781829113, 0.0010893716244, 0.0012786295265, 0.000929572328459, 0.00274195359088, 0.00137000123505, 0.00160132301971, 0.00185318686999, 0.00330768153071, 0.00248821033165, 0.0013769925572],
        "dvar": [4.36907281187e-11, 4.8585546697e-10, 3.28532667737e-09, 4.06151334786e-10, 5.61691582135e-10, 8.66937133193e-10, 7.96054600016e-09, 1.86530844104e-08, 2.09590869105e-08, 3.81557576645e-08, 1.00286863258e-08, 2.27228618144e-08, 3.69593990968e-08, 8.66306422154e-08, 3.48393797367e-07, 9.90781472865e-07, 3.72522322323e-07, 1.91079288925e-06, 2.09600989365e-06, 5.98779422489e-07, 5.45782495465e-06, 1.59780586273e-06, 1.89929505723e-06, 1.5681092691e-06, 4.85238842884e-06, 4.20401192969e-06, 2.29862394008e-06],
        "dvar2": [1.31385846647e-10, 1.29216870537e-09, 9.86727588526e-09, 1.21946819309e-09, 1.65898994542e-09, 2.54198950778e-09, 2.37145840742e-08, 5.57750290398e-08, 6.15728197317e-08, 1.14163441367e-07, 2.99013223071e-08, 6.73565310194e-08, 1.10668651132e-07, 2.55686103401e-07, 1.04172750071e-06, 2.96522239296e-06, 1.07922187453e-06, 5.49898686586e-06, 6.01987085247e-06, 1.5913100242e-06, 1.48819626702e-05, 4.61764875581e-06, 4.52866652267e-06, 2.69578890766e-06, 7.43393866287e-06, 8.03739749244e-06, 6.10187180428e-06],
        "max": [2.20765105041e-05, 8.36798935779e-05, 0.000189950573258, 6.73454051139e-05, 8.14513259684e-05, 0.000102912934381, 0.000299331964925, 0.000454950437415, 0.000503275135998, 0.000656872813124, 0.000339021440595, 0.000509061617777, 0.000641866936348, 0.00102061301004, 0.00199577165768, 0.00331391813233, 0.00214324262924, 0.00488106766716, 0.00509738689288, 0.00272808619775, 0.00725667923689, 0.00474818097427, 0.00649853050709, 0.00414583226666, 0.00743631459773, 0.00811672769487, 0.00608273828402],
        "mean": [1.32051070523e-06, 5.87009071751e-06, 9.99918756861e-06, 3.63673939319e-06, 4.66886785944e-06, 6.058789495e-06, 1.61552488862e-05, 2.42729765887e-05, 2.95995614579e-05, 3.5841960198e-05, 1.88302419701e-05, 2.76002774626e-05, 3.50502523361e-05, 6.15860772086e-05, 0.000115995368105, 0.000177464884473, 0.000132547997055, 0.000308713468257, 0.000370056048268, 0.00038098366349, 0.0010874136351, 0.000575593963731, 0.000979127944447, 0.000924509484321, 0.00157511478756, 0.00130455498584, 0.000664509367198],
        "median": [1.05699974995e-07, 1.10106796569e-07, 1.73764064471e-07, 7.08265446292e-08, 1.63494974004e-07, 1.71395527104e-07, 1.45857598e-07, 2.04305635521e-07, 1.36143000873e-07, 2.20303974174e-07, 1.96839778255e-07, 2.09885428148e-07, 4.84383633648e-07, 1.63504523698e-06, 1.95189159058e-06, 2.15962973016e-06, 2.98015129374e-06, 6.51676418784e-06, 2.26847459999e-05, 3.59301047865e-05, 8.94334007171e-05, 9.07816865947e-05, 0.00014123794972, 0.000168310943991, 0.000326429901179, 0.000252304045716, 5.66983508179e-05],
        "min": [6.98997676689e-15, 9.64885045777e-15, 5.27801094862e-15, 4.05816788458e-15, 4.86727027294e-15, 5.12562982729e-16, 1.33159572066e-15, 4.31627322317e-15, 7.18403794434e-15, 2.96799010641e-15, 1.89081153112e-16, 6.77882426451e-16, 4.79905045113e-16, 4.11904287195e-15, 4.53754491053e-15, 2.30662021669e-15, 1.17183137312e-14, 4.68065493862e-15, 2.26373133868e-15, 5.61608509128e-15, 9.8030113012e-15, 2.44169253738e-15, 1.82950578515e-14, 2.06383643357e-14, 1.6998809451e-14, 4.46033489277e-14, 5.74550918452e-14],
        "stdev": [4.77041248814e-06, 1.89233305719e-05, 4.12984663853e-05, 1.46272086567e-05, 1.76685334736e-05, 2.2355823603e-05, 6.50235378998e-05, 9.8847944173e-05, 0.000109143307782, 0.000142600430991, 7.35443391022e-05, 0.000110575914732, 0.000139290044899, 0.000220985384658, 0.000432214437751, 0.00071986776311, 0.000465147168143, 0.00105981528759, 0.00110798608512, 0.000687221705448, 0.00200535752811, 0.00107828399632, 0.00165348651353, 0.00138254184276, 0.00232956488617, 0.00214084330946, 0.00139964139089],
        "var": [2.27568346112e-11, 3.5809241683e-10, 1.70556335721e-09, 2.13955228534e-10, 3.12177089734e-10, 4.99782881747e-10, 4.22806056832e-09, 9.77091652032e-09, 1.19122622877e-08, 2.03348822225e-08, 5.40877032051e-09, 1.22270336078e-08, 1.94017157895e-08, 4.88345399674e-08, 1.86809330671e-07, 5.18209617439e-07, 2.16361897287e-07, 1.12320844892e-06, 1.22763310628e-06, 4.72273711694e-07, 4.02145860789e-06, 1.16269632144e-06, 2.73401747108e-06, 1.91142180483e-06, 5.42687257621e-06, 4.58321028418e-06, 1.95899588107e-06]
    },
    "erbbands": {
        "dmean": [0.000136398986797, 0.00268973084167, 0.0199117735028, 0.0273036453873, 0.0111120184883, 0.0272324997932, 0.116268306971, 0.0788202285767, 0.457337975502, 0.549904644489, 0.965867877007, 1.38202095032, 1.67350029945, 1.88444113731, 1.69140648842, 2.19183206558, 3.43172979355, 4.8880147934, 8.6787815094, 17.0431365967, 17.451625824, 14.7096652985, 25.6906414032, 37.2736434937, 25.8902778625, 26.1564025879, 48.7655525208, 53.4521179199, 27.1089324951, 30.79621315, 27.3942832947, 16.1915779114, 20.1674385071, 21.2096633911, 12.2982969284, 5.49096822739, 2.62678027153, 0.824746072292, 0.136893928051, 0.0112016238272],
        "dmean2": [0.000226279327762, 0.00490415329114, 0.0409923344851, 0.0566796399653, 0.0216673891991, 0.0547200031579, 0.239843666553, 0.150678813457, 0.939288437366, 1.12474536896, 1.98193883896, 2.77574443817, 3.37427306175, 3.86291503906, 3.44795250893, 4.46629238129, 7.1754283905, 9.87432479858, 17.4835395813, 35.0274925232, 36.0637435913, 28.7329807281, 50.2807769775, 74.7558670044, 50.515914917, 49.7937240601, 93.8300018311, 105.790977478, 52.4278526306, 42.5267601013, 42.7142028809, 29.0294361115, 37.7336959839, 38.0031013489, 22.1653671265, 9.44888591766, 4.69252252579, 1.32221865654, 0.228361546993, 0.0190183799714],
        "dvar": [1.04278811364e-07, 4.62514508399e-05, 0.00313145387918, 0.00592228863388, 0.000770511454903, 0.00536666531116, 0.107803672552, 0.042062509805, 1.65141785145, 2.32433152199, 7.22975492477, 14.0567836761, 20.9193210602, 27.8429145813, 21.969045639, 37.0237731934, 93.963722229, 169.460647583, 524.826293945, 2222.59570312, 2384.16577148, 1399.84570312, 4144.34179688, 7776.74169922, 2820.16796875, 1863.7755127, 6566.65771484, 7657.90527344, 2232.35375977, 1237.41894531, 1337.36987305, 512.335449219, 533.514099121, 535.34765625, 293.008514404, 57.7341499329, 15.5974521637, 1.74401295185, 0.063145019114, 0.000495968211908],
        "dvar2": [2.37679216752e-07, 0.000127432533191, 0.00935691501945, 0.0178213119507, 0.00225341739133, 0.015826292336, 0.322049021721, 0.121359854937, 4.91792678833, 6.92409753799, 21.5391464233, 41.6165542603, 62.0996856689, 83.1419677734, 65.5406799316, 109.723594666, 281.607574463, 504.472869873, 1561.07177734, 6642.87353516, 7125.34179688, 4029.49951172, 11870.6523438, 22561.5703125, 7904.92529297, 4991.53662109, 17841.4042969, 20823.0195312, 6472.70166016, 3139.95385742, 3205.86108398, 980.908935547, 836.267333984, 1022.60571289, 542.675598145, 128.827819824, 28.2802028656, 4.32127666473, 0.169350191951, 0.00132868392393],
        "max": [0.00125010707416, 0.0252018626779, 0.187230929732, 0.25509005785, 0.0987351164222, 0.252751797438, 1.0979642868, 0.738595664501, 4.30745649338, 5.13365507126, 9.04187870026, 12.8812923431, 15.6481590271, 17.7444553375, 15.8844051361, 20.5999183655, 32.2740859985, 44.6462059021, 78.2196807861, 158.444046021, 162.784698486, 132.335876465, 228.437744141, 306.907470703, 192.233337402, 153.079040527, 269.656860352, 270.122741699, 171.615905762, 153.398590088, 169.121612549, 80.0343551636, 77.8801345825, 87.851524353, 66.4421768188, 31.416639328, 14.8464889526, 5.41170930862, 0.993929088116, 0.0880062505603],
        "mean": [0.000107318417577, 0.00165117438883, 0.0100197894499, 0.0135093955323, 0.00622523995116, 0.0146350115538, 0.0586899034679, 0.0462530739605, 0.230234101415, 0.281726151705, 0.49462389946, 0.740225553513, 0.886439144611, 0.964236915112, 0.885492026806, 1.12466740608, 1.74739074707, 2.63568067551, 4.64595603943, 8.83090305328, 8.77840232849, 8.26662254333, 14.4797849655, 20.7732582092, 16.1167411804, 19.4885368347, 35.621131897, 42.7462234497, 20.4270057678, 28.4065303802, 25.1375389099, 15.3542404175, 18.4344348907, 17.8118972778, 10.8757829666, 4.80335474014, 2.62942624092, 0.671671509743, 0.105989918113, 0.00845678523183],
        "median": [4.94777577842e-06, 2.08235142054e-05, 0.00017791306891, 0.000266986637143, 0.000298901344649, 0.000638912722934, 0.00121900020167, 0.00130377756432, 0.00159122142941, 0.00343531742692, 0.00354246469215, 0.00301776221022, 0.00555934756994, 0.0104243885726, 0.00945304986089, 0.00939990580082, 0.0179526917636, 0.0629987418652, 0.136093109846, 0.1095610708, 0.146199345589, 0.167380094528, 0.355360865593, 0.750144898891, 1.26487958431, 1.60368084908, 3.29007863998, 3.12809801102, 2.53296732903, 4.87940406799, 3.83290529251, 2.35865426064, 3.62809371948, 3.09360861778, 2.29296875, 0.87780213356, 0.538154006004, 0.069738343358, 0.00902766548097, 0.000743039068766],
        "min": [3.6612843291e-13, 1.89634137386e-12, 5.61089499515e-12, 1.09583071783e-11, 1.56678645752e-11, 1.59947922962e-11, 1.00079970353e-11, 2.87904899574e-12, 9.94434222468e-12, 4.88070105165e-11, 1.15270300249e-10, 1.62417190808e-10, 1.32209063142e-10, 4.61792132311e-11, 9.87711648581e-12, 2.89435125173e-11, 2.44992758719e-11, 1.43631939675e-10, 2.95319213528e-10, 1.24218052511e-10, 2.44025827323e-10, 6.53258447336e-10, 3.38865074889e-10, 1.59797036714e-10, 9.83793810305e-11, 2.72600830797e-10, 4.54751458712e-10, 2.55149595896e-10, 1.03633920889e-10, 2.18611739822e-10, 6.52996601236e-10, 1.9904539128e-10, 4.52631127024e-10, 1.67903205228e-10, 1.63810881526e-10, 1.54471740954e-10, 7.19000067817e-11, 4.13866579896e-11, 7.37277773555e-12, 9.44185701846e-13],
        "stdev": [0.000307599781081, 0.00559675274417, 0.0406947545707, 0.0554420687258, 0.0214181337506, 0.0548225007951, 0.238587126136, 0.161007463932, 0.936252057552, 1.11423802376, 1.96271359921, 2.79348182678, 3.3938498497, 3.85259270668, 3.44565963745, 4.47353029251, 7.00647354126, 9.66432762146, 16.9321899414, 34.3670845032, 35.3494033813, 28.7592506409, 49.6629447937, 66.509185791, 42.1588973999, 37.3098716736, 68.7247238159, 75.8918609619, 39.0359764099, 44.3207397461, 42.6086120605, 23.9516963959, 26.1857223511, 25.0134887695, 17.773393631, 7.7603931427, 4.17723417282, 1.30341339111, 0.226082026958, 0.0197935234755],
        "var": [9.46176328398e-08, 3.13236414513e-05, 0.00165606313385, 0.00307382293977, 0.000458736438304, 0.0030055064708, 0.0569238141179, 0.0259234048426, 0.876567959785, 1.24152636528, 3.85224461555, 7.8035402298, 11.5182170868, 14.8424711227, 11.8725700378, 20.0124740601, 49.0906715393, 93.3992233276, 286.699035645, 1181.09655762, 1249.58044434, 827.094543457, 2466.40820312, 4423.47167969, 1777.37268066, 1392.02661133, 4723.08740234, 5759.57421875, 1523.80737305, 1964.328125, 1815.49389648, 573.683776855, 685.692016602, 625.674621582, 315.893493652, 60.2237014771, 17.4492835999, 1.69888651371, 0.0511130802333, 0.000391783600207]
    },
    "gfcc": {
        "mean": [-260.28338623, -138.15763855, -82.5342254639, 24.7643623352, -51.1095314026, 7.93157958984, -26.1622867584, 8.27992534637, -17.9716262817, 10.0967988968, -19.4249076843, -3.96864700317, -10.6995067596],
        "cov": [[102069.367188, -11100.5390625, -6842.92382812, 1337.36486816, -3982.76611328, -99.5477752686, -948.608337402, 618.302429199, -1661.61425781, 1048.4630127, -1219.42675781, -155.283248901, -935.298950195], [-11100.5390625, 2383.39135742, 423.850189209, -486.233978271, 538.909667969, -104.396453857, 204.106781006, -84.8492202759, 297.503234863, -216.6615448, 151.09552002, 39.1328392029, 102.138450623], [-6842.92382812, 423.850189209, 980.030822754, 30.5351428986, 348.704833984, 64.6248321533, -58.3362922668, -34.7757987976, 31.1446075439, -21.1886405945, 74.4402160645, 24.4960517883, 83.8821716309], [1337.36486816, -486.233978271, 30.5351428986, 228.476638794, -53.7672767639, 0.90225982666, -12.175740242, 29.8835296631, -69.6584243774, 27.3535995483, -23.4337444305, 13.2588357925, -24.5130062103], [-3982.76611328, 538.909667969, 348.704833984, -53.7672767639, 282.144165039, -19.273399353, 56.3006782532, 14.1537151337, 84.1446762085, -47.7216529846, 68.9794311523, 19.0319595337, 63.2530441284], [-99.5477752686, -104.396453857, 64.6248321533, 0.90225982666, -19.273399353, 65.3493728638, -46.1088943481, 0.984767198563, -14.6315584183, 7.13175725937, -2.84547924995, 11.895075798, -2.30966281891], [-948.608337402, 204.106781006, -58.3362922668, -12.175740242, 56.3006782532, -46.1088943481, 152.936340332, -9.6943731308, 78.0413589478, -16.647069931, 18.227645874, -3.76773071289, -10.9909238815], [618.302429199, -84.8492202759, -34.7757987976, 29.8835296631, 14.1537151337, 0.984767198563, -9.6943731308, 68.3369903564, 27.7440700531, 1.46706855297, 17.2097969055, 16.672876358, 11.8402509689], [-1661.61425781, 297.503234863, 31.1446075439, -69.6584243774, 84.1446762085, -14.6315584183, 78.0413589478, 27.7440700531, 129.43737793, -26.3820171356, 42.6403312683, 3.5117585659, 28.7839069366], [1048.4630127, -216.6615448, -21.1886405945, 27.3535995483, -47.7216529846, 7.13175725937, -16.647069931, 1.46706855297, -26.3820171356, 43.5069694519, -15.3825359344, -3.00476336479, 1.15852510929], [-1219.42675781, 151.09552002, 74.4402160645, -23.4337444305, 68.9794311523, -2.84547924995, 18.227645874, 17.2097969055, 42.6403312683, -15.3825359344, 33.0412025452, 8.28934764862, 27.469537735], [-155.283248901, 39.1328392029, 24.4960517883, 13.2588357925, 19.0319595337, 11.895075798, -3.76773071289, 16.672876358, 3.5117585659, -3.00476336479, 8.28934764862, 28.6015434265, 7.89552640915], [-935.298950195, 102.138450623, 83.8821716309, -24.5130062103, 63.2530441284, -2.30966281891, -10.9909238815, 11.8402509689, 28.7839069366, 1.15852510929, 27.469537735, 7.89552640915, 66.4289321899]],
        "icov": [[0.000102931284346, 0.000588105525821, 9.9592441984e-05, 0.00118074868806, 0.000102499107015, 0.00126742897555, -0.00022962022922, -0.00118793663569, 0.000374748866307, 0.000688186089974, 0.00269220839255, -0.00152943585999, -0.000130716405693], [0.000588105525821, 0.0102707417682, -0.000466003955808, 0.0166889000684, -0.00441137421876, 0.0194697342813, 0.000593133328948, 0.00449277227744, -0.00410394137725, 0.0194566659629, 0.0159837640822, -0.0284309890121, 0.00161862804089], [9.9592441984e-05, -0.000466003955808, 0.00707486877218, -0.00706347730011, -0.00983754917979, -0.00398960942402, 0.0104228546843, 0.0126599352807, -0.00692232139409, -0.0106720998883, -0.00845798291266, 0.00116531760432, 0.0058196769096], [0.00118074868806, 0.0166889000684, -0.00706347730011, 0.0421607904136, 0.00430795829743, 0.0342913940549, -0.015105898492, -0.0199869014323, 0.0108824055642, 0.0382840782404, 0.0454068370163, -0.0464674383402, -0.00504173059016], [0.000102499107015, -0.00441137421876, -0.00983754917979, 0.00430795829743, 0.0289878696203, -0.00136158475652, -0.0201811604202, -0.0313448607922, 0.0191536098719, 0.00770951807499, 0.00428441539407, 0.0111854569986, -0.014698619023], [0.00126742897555, 0.0194697342813, -0.00398960942402, 0.0342913940549, -0.00136158475652, 0.0649307370186, 0.00792204681784, 0.00719224568456, -0.0103755509481, 0.0328371077776, 0.0296573806554, -0.0678134635091, 0.00890302564949], [-0.00022962022922, 0.000593133328948, 0.0104228546843, -0.015105898492, -0.0201811604202, 0.00792204681784, 0.0397549308836, 0.0444500185549, -0.0330749824643, -0.0191635396332, -0.0314264297485, -0.0100248288363, 0.0241187456995], [-0.00118793663569, 0.00449277227744, 0.0126599352807, -0.0199869014323, -0.0313448607922, 0.00719224568456, 0.0444500185549, 0.10084515065, -0.0495626144111, -0.0123001411557, -0.0767732560635, -0.0303452368826, 0.0295250117779], [0.000374748866307, -0.00410394137725, -0.00692232139409, 0.0108824055642, 0.0191536098719, -0.0103755509481, -0.0330749824643, -0.0495626144111, 0.0479131825268, 0.00682947039604, 0.010587378405, 0.02157099545, -0.0187158249319], [0.000688186089974, 0.0194566659629, -0.0106720998883, 0.0382840782404, 0.00770951807499, 0.0328371077776, -0.0191635396332, -0.0123001411557, 0.00682947039604, 0.0907875970006, 0.0541106499732, -0.0467746034265, -0.0211593993008], [0.00269220839255, 0.0159837640822, -0.00845798291266, 0.0454068370163, 0.00428441539407, 0.0296573806554, -0.0314264297485, -0.0767732560635, 0.010587378405, 0.0541106499732, 0.21767693758, -0.0420915223658, -0.044340390712], [-0.00152943585999, -0.0284309890121, 0.00116531760432, -0.0464674383402, 0.0111854569986, -0.0678134635091, -0.0100248288363, -0.0303452368826, 0.02157099545, -0.0467746034265, -0.0420915223658, 0.131297811866, -0.0124276345596], [-0.000130716405693, 0.00161862804089, 0.0058196769096, -0.00504173059016, -0.014698619023, 0.00890302564949, 0.0241187456995, 0.0295250117779, -0.0187158249319, -0.0211593993008, -0.044340390712, -0.0124276345596, 0.0428400970995]]
    },
    "melbands": {
        "dmean": [1.89476998003e-06, 8.04940009402e-06, 4.19452135247e-06, 9.94369770524e-07, 3.61616162081e-06, 2.11218571167e-06, 6.76471063343e-06, 7.51474681238e-06, 6.83402731738e-06, 9.10585458769e-06, 9.14113206818e-06, 8.6103545982e-06, 5.85140151088e-06, 5.80802361583e-06, 6.64455001242e-06, 7.87376484368e-06, 8.81844425749e-06, 1.2221603356e-05, 1.8374164938e-05, 2.61972836597e-05, 1.89776146726e-05, 1.42907447298e-05, 1.88657668332e-05, 2.60368069576e-05, 3.15363467962e-05, 2.18689419853e-05, 1.43810757436e-05, 1.76508510776e-05, 2.64579120994e-05, 3.78120821551e-05, 2.87300426862e-05, 1.74643937498e-05, 1.03674410639e-05, 2.1328098228e-05, 1.90224400285e-05, 7.40478253647e-06, 1.15552484203e-05, 1.47871796798e-05, 1.50823707372e-05, 2.02419068955e-05],
        "dmean2": [3.12749625664e-06, 1.62963260664e-05, 8.66415939527e-06, 1.94097674466e-06, 7.44861426938e-06, 4.10321354138e-06, 1.3901978491e-05, 1.54706413014e-05, 1.38707673614e-05, 1.82911389857e-05, 1.85122298717e-05, 1.77098136191e-05, 1.1948833162e-05, 1.18155257951e-05, 1.36974022098e-05, 1.64305911312e-05, 1.7677049982e-05, 2.43311533268e-05, 3.80126803066e-05, 5.4034680943e-05, 3.92684560211e-05, 2.81645989162e-05, 3.60372978321e-05, 5.144244642e-05, 6.3508261519e-05, 4.31742300862e-05, 2.72170946118e-05, 3.33064708684e-05, 5.04417839693e-05, 7.34922286938e-05, 5.84475747019e-05, 3.57610952051e-05, 1.76728826773e-05, 2.99521416309e-05, 3.07718801196e-05, 1.38777559187e-05, 2.09692407225e-05, 2.69717074843e-05, 2.75063866866e-05, 3.57517528755e-05],
        "dvar": [2.08378089089e-11, 4.93591056916e-10, 1.37284322799e-10, 6.37972704179e-12, 1.03701748577e-10, 3.13089450199e-11, 3.60582064207e-10, 4.42648306898e-10, 3.51366130635e-10, 6.10101469345e-10, 6.32466745643e-10, 5.86337312036e-10, 2.65342942063e-10, 2.58535637343e-10, 3.49872464334e-10, 4.84366824427e-10, 5.38864119992e-10, 1.0016869556e-09, 2.51484699731e-09, 5.36322186662e-09, 2.82594214696e-09, 1.34976008148e-09, 2.21273510626e-09, 4.1815910734e-09, 5.59004798006e-09, 2.26585861185e-09, 5.90377913223e-10, 7.91691323609e-10, 2.06816008763e-09, 3.83183307306e-09, 2.18819184994e-09, 1.08142439448e-09, 2.13820960937e-10, 6.49053422119e-10, 7.84829978784e-10, 9.79774317234e-11, 2.79783834989e-10, 3.32744581888e-10, 2.20597928813e-10, 5.91131532612e-10],
        "dvar2": [5.31914200186e-11, 1.46085188391e-09, 4.1232595116e-10, 1.85417878967e-11, 3.09503728202e-10, 9.09321784537e-11, 1.07439168673e-09, 1.32187905066e-09, 1.04117803268e-09, 1.80512493841e-09, 1.88114124278e-09, 1.75372405486e-09, 7.91551879598e-10, 7.65773944256e-10, 1.04539077395e-09, 1.45369549731e-09, 1.60121171877e-09, 2.95674995598e-09, 7.53356665939e-09, 1.60490838397e-08, 8.4487270513e-09, 3.9186973666e-09, 6.23400442379e-09, 1.20542429372e-08, 1.62546864857e-08, 6.45650466424e-09, 1.55858759232e-09, 2.13998574417e-09, 5.72123992626e-09, 1.0261937966e-08, 5.91415050266e-09, 3.15339976353e-09, 5.35766042642e-10, 1.57124602218e-09, 1.96433025401e-09, 1.24906779364e-10, 5.77786263278e-10, 5.65937186003e-10, 4.7636938838e-10, 1.31307287266e-09],
        "max": [1.76320627361e-05, 7.56258377805e-05, 3.90545428672e-05, 9.0074227046e-06, 3.41328523064e-05, 1.9852335754e-05, 6.36106269667e-05, 7.04020276316e-05, 6.3803687226e-05, 8.48672934808e-05, 8.56329279486e-05, 8.11215795693e-05, 5.50966833543e-05, 5.45480288565e-05, 6.25077300356e-05, 7.34322384233e-05, 8.01224523457e-05, 0.000109298511234, 0.000168540573213, 0.000244646013016, 0.000176947985892, 0.000128642946947, 0.000170090104803, 0.000227565382374, 0.000259102554992, 0.000169159116922, 8.98314028746e-05, 9.94526926661e-05, 0.000161545700394, 0.000184533186257, 0.000150674110046, 0.000116156836157, 5.77486607654e-05, 0.000119418182294, 0.000123072371935, 3.59957339242e-05, 5.98153601459e-05, 5.97556172579e-05, 4.97448563692e-05, 9.23470433918e-05],
        "mean": [1.33861976792e-06, 4.17874298364e-06, 2.09892505154e-06, 5.65863842894e-07, 1.8361694174e-06, 1.20168374451e-06, 3.40514452546e-06, 3.80319625037e-06, 3.58978695658e-06, 4.87279612571e-06, 4.79782738694e-06, 4.37165635958e-06, 3.04642048832e-06, 2.99336034004e-06, 3.34611968356e-06, 4.02140540245e-06, 4.80476410303e-06, 6.65363904773e-06, 9.62198191701e-06, 1.32764544105e-05, 9.51272340899e-06, 7.90274680185e-06, 1.09745969894e-05, 1.44787918543e-05, 1.74893229996e-05, 1.28349038278e-05, 1.03050670077e-05, 1.30828684632e-05, 1.88771573448e-05, 2.83267982013e-05, 2.32912243519e-05, 1.22322380776e-05, 9.10208564164e-06, 1.93515770661e-05, 1.65481924341e-05, 8.51617642184e-06, 1.00728375401e-05, 1.32515297082e-05, 1.24700673041e-05, 1.63786880876e-05],
        "median": [6.11085226865e-08, 7.21327069186e-08, 4.79948667476e-08, 3.22969100353e-08, 4.36892193534e-08, 3.15833972309e-08, 2.99370377377e-08, 4.12918410575e-08, 2.65087471973e-08, 1.9347845992e-08, 2.89754460425e-08, 3.9725058798e-08, 2.98779596619e-08, 2.33463275379e-08, 2.75044076403e-08, 5.44950360393e-08, 1.25589366462e-07, 2.22495557978e-07, 1.36457060762e-07, 1.98694934284e-07, 1.82295551099e-07, 1.73022215222e-07, 1.79912262865e-07, 3.00891457528e-07, 5.76155969156e-07, 8.01134888206e-07, 9.31265901727e-07, 1.01775140138e-06, 1.63341292136e-06, 2.65886524176e-06, 1.55101088239e-06, 1.0604687759e-06, 1.78230675374e-06, 2.80093217953e-06, 2.27102941608e-06, 1.82020016837e-06, 1.55830798576e-06, 2.33025480156e-06, 2.46723243436e-06, 2.28733051699e-06],
        "min": [3.30944793393e-15, 2.80166735216e-15, 2.02847386681e-15, 1.1563221575e-15, 4.21614699372e-16, 6.84195693879e-17, 1.82005807495e-16, 6.17148787705e-16, 1.00780827097e-15, 1.02665157768e-15, 6.45602847864e-16, 2.00734645636e-16, 2.32260685845e-17, 6.77529213712e-17, 6.41273622766e-17, 6.10813920936e-17, 2.9724080185e-16, 5.01669609632e-16, 2.92021490709e-16, 7.89743145948e-17, 3.38944574888e-16, 6.99763458001e-16, 5.3620928388e-16, 1.53942176584e-16, 1.31215064999e-16, 6.09416515097e-17, 1.02594079792e-16, 1.97773233163e-16, 2.55258699081e-16, 3.12538349227e-16, 8.84991802343e-17, 4.95698669246e-17, 5.14120180011e-17, 1.62174198631e-16, 5.08106636515e-16, 1.23996782572e-16, 1.05268520148e-16, 3.07437410939e-16, 2.89134670075e-16, 8.59962375799e-17],
        "stdev": [4.08629057347e-06, 1.64386492543e-05, 8.48339368531e-06, 1.95447159967e-06, 7.41547046346e-06, 4.32050046584e-06, 1.38239074658e-05, 1.52886950673e-05, 1.38400882861e-05, 1.84051568795e-05, 1.85772951227e-05, 1.76181947609e-05, 1.19552723845e-05, 1.18453408504e-05, 1.35786949613e-05, 1.59338196681e-05, 1.73392800207e-05, 2.36602354562e-05, 3.65197774954e-05, 5.31160294486e-05, 3.84284685424e-05, 2.79109626717e-05, 3.71978094336e-05, 4.93719417136e-05, 5.6147309806e-05, 3.68973196601e-05, 2.09242971323e-05, 2.45937098953e-05, 3.80867095373e-05, 5.36249644938e-05, 4.03669364459e-05, 2.57845385931e-05, 1.46516822497e-05, 3.19136779581e-05, 3.03603719658e-05, 1.21042539831e-05, 1.67851503647e-05, 2.00196609512e-05, 1.72452455445e-05, 2.4304163162e-05],
        "var": [1.66977716376e-11, 2.70229200128e-10, 7.19679663086e-11, 3.81995910598e-12, 5.49892006929e-11, 1.86667244162e-11, 1.91100427149e-10, 2.3374419067e-10, 1.91548041317e-10, 3.38749805984e-10, 3.45115880318e-10, 3.10400816161e-10, 1.42928530122e-10, 1.40312095276e-10, 1.84380968826e-10, 2.53886633939e-10, 3.0065064327e-10, 5.59806700995e-10, 1.33369415511e-09, 2.82131273899e-09, 1.47674728002e-09, 7.7902184703e-10, 1.38367695079e-09, 2.43758857543e-09, 3.1525204669e-09, 1.36141209417e-09, 4.37826219724e-10, 6.04850558528e-10, 1.45059730894e-09, 2.87563683976e-09, 1.62948965432e-09, 6.64842458864e-10, 2.1467179423e-10, 1.01848274259e-09, 9.21752174587e-10, 1.46512968424e-10, 2.81741269204e-10, 4.00786820398e-10, 2.97398466964e-10, 5.90692383895e-10]
    },
    "melbands128": {
