{
"lowlevel": {
    "average_loudness": 0.99068403244,
    "barkbands_crest": {
        "dmean": 1.63401460648,
        "dmean2": 2.71231031418,
        "dvar": 3.4120824337,
        "dvar2": 7.33967590332,
        "max": 21.8543739319,
        "mean": 8.70293807983,
        "median": 7.56417274475,
        "min": 4.57222652435,
        "stdev": 3.52335143089,
        "var": 12.4140052795
    },
    "barkbands_flatness_db": {
        "dmean": 0.0160262081772,
        "dmean2": 0.0232892613858,
        "dvar": 0.000171010819031,
        "dvar2": 0.000343226478435,
        "max": 0.264093369246,
        "mean": 0.104145072401,
        "median": 0.0797618106008,
        "min": 0.0482821948826,
        "stdev": 0.0606829188764,
        "var": 0.00368241663091
    },
    "barkbands_kurtosis": {
        "dmean": 1.65927171707,
        "dmean2": 2.09218740463,
        "dvar": 19.2568092346,
        "dvar2": 30.9561958313,
        "max": 39.3660583496,
        "mean": 4.17182302475,
        "median": -1.34898984432,
        "min": -1.81323099136,
        "stdev": 11.5368394852,
        "var": 133.09866333
    },
    "barkbands_skewness": {
        "dmean": 0.279180407524,
        "dmean2": 0.399973094463,
        "dvar": 0.0905698388815,
        "dvar2": 0.1035066396,
        "max": 0.0454358607531,
        "mean": -1.22489607334,
        "median": -0.652128875256,
        "min": -4.41977071762,
        "stdev": 1.25487053394,
        "var": 1.57470011711
    },
    "barkbands_spread": {
        "dmean": 7.75061511993,
        "dmean2": 11.6320199966,
        "dvar": 82.3302307129,
        "dvar2": 125.177513123,
        "max": 125.142807007,
        "mean": 89.8574066162,
        "median": 111.83694458,
        "min": 3.02558279037,
        "stdev": 44.024520874,
        "var": 1938.15844727
    },
    "dissonance": {
        "dmean": 0.00399095285684,
        "dmean2": 0.00664635002613,
        "dvar": 1.83493702934e-05,
        "dvar2": 3.16986952384e-05,
        "max": 0.499831557274,
        "mean": 0.492090970278,
        "median": 0.494034826756,
        "min": 0.468918919563,
        "stdev": 0.00677635660395,
        "var": 4.59190086985e-05
    },
    "dynamic_complexity": 20.3092880249,
    "erbbands_crest": {
        "dmean": 1.36604464054,
        "dmean2": 1.89535522461,
        "dvar": 5.63456773758,
        "dvar2": 8.24227142334,
        "max": 28.9550514221,
        "mean": 7.94536828995,
        "median": 3.59211540222,
        "min": 2.57410931587,
        "stdev": 8.11484909058,
        "var": 65.8507766724
    },
    "erbbands_flatness_db": {
        "dmean": 0.0140310265124,
        "dmean2": 0.0198093373328,
        "dvar": 0.000243170696194,
        "dvar2": 0.000357944110874,
        "max": 0.319169104099,
        "mean": 0.125798732042,
        "median": 0.0938104391098,
        "min": 0.0612351894379,
        "stdev": 0.0750623866916,
        "var": 0.00563436141238
    },
    "erbbands_kurtosis": {
        "dmean": 2.99906015396,
        "dmean2": 4.22667503357,
        "dvar": 63.0098953247,
        "dvar2": 108.820358276,
        "max": 75.885269165,
        "mean": 7.33065795898,
        "median": 0.35406935215,
        "min": -0.370716810226,
        "stdev": 15.6014957428,
        "var": 243.406677246
    },
    "erbbands_skewness": {
        "dmean": 0.250833243132,
        "dmean2": 0.385289013386,
        "dvar": 0.224927276373,
        "dvar2": 0.340382754803,
        "max": -0.465329170227,
        "mean": -1.29300391674,
        "median": -0.790324568748,
        "min": -5.25568389893,
        "stdev": 1.1377774477,
        "var": 1.29453742504
    },
    "erbbands_spread": {
        "dmean": 4.31376552582,
        "dmean2": 5.78793334961,
        "dvar": 15.8045110703,
        "dvar2": 29.4079875946,
        "max": 65.6997299194,
        "mean": 31.7706928253,
        "median": 35.6093559265,
        "min": 2.50390315056,
        "stdev": 15.0771369934,
        "var": 227.320068359
    },
    "hfc": {
        "dmean": 49.1940917969,
        "dmean2": 63.8631820679,
        "dvar": 37211.6914062,
        "dvar2": 72131.3828125,
        "max": 1471.50683594,
        "mean": 72.5931243896,
        "median": 0.136036992073,
        "min": 0.00712943309918,
        "stdev": 251.738113403,
        "var": 63372.078125
    },
    "loudness_ebu128": {
        "integrated": -54.4658813477,
        "loudness_range": 0,
        "momentary": {
            "dmean": 3.57065343857,
            "dmean2": 1.88870573044,
            "dvar": 26.2354774475,
            "dvar2": 8.99678516388,
            "max": -51.8615646362,
            "mean": -80.1832580566,
            "median": -86.663444519,
            "min": -87.3147735596,
            "stdev": 11.6651792526,
            "var": 136.076400757
        },
        "short_term": {
            "dmean": 0,
            "dmean2": 0,
            "dvar": 0,
            "dvar2": 0,
            "max": -60.6108703613,
            "mean": -60.6108703613,
            "median": -60.6108703613,
            "min": -60.6108703613,
            "stdev": 0,
            "var": 0
        }
    },
    "melbands_crest": {
        "dmean": 3.42456793785,
        "dmean2": 5.70634651184,
        "dvar": 6.82293462753,
        "dvar2": 15.2372074127,
        "max": 25.1895484924,
        "mean": 13.0160493851,
        "median": 12.2229251862,
        "min": 6.7899889946,
        "stdev": 3.89913249016,
        "var": 15.2032337189
    },
    "melbands_flatness_db": {
        "dmean": 0.0129763614386,
        "dmean2": 0.018788035959,
        "dvar": 0.000203897885513,
        "dvar2": 0.000285391317448,
        "max": 0.192822962999,
        "mean": 0.0571375600994,
        "median": 0.0329251363873,
        "min": 0.0172275006771,
        "stdev": 0.0481138639152,
        "var": 0.00231494405307
    },
    "melbands_kurtosis": {
        "dmean": 1.39111411572,
        "dmean2": 2.12302231789,
        "dvar": 8.24761676788,
        "dvar2": 19.5729827881,
        "max": 17.9578304291,
        "mean": 0.79110044241,
        "median": -1.00973105431,
        "min": -1.65960800648,
        "stdev": 3.98288249969,
        "var": 15.8633527756
    },
    "melbands_skewness": {
        "dmean": 0.399899929762,
        "dmean2": 0.570543110371,
        "dvar": 0.217725381255,
        "dvar2": 0.398534953594,
        "max": 2.65613174438,
        "mean": 0.0220094341785,
        "median": 0.405791461468,
        "min": -4.17670917511,
        "stdev": 1.44658362865,
        "var": 2.09260416031
    },
    "melbands_spread": {
        "dmean": 18.7732181549,
        "dmean2": 28.2709407806,
        "dvar": 249.561248779,
        "dvar2": 386.282470703,
        "max": 208.526443481,
        "mean": 144.138885498,
        "median": 162.926834106,
        "min": 29.1275177002,
        "stdev": 45.3888702393,
        "var": 2060.1496582
    },
    "pitch_salience": {
        "dmean": 0.047194711864,
        "dmean2": 0.083465911448,
        "dvar": 0.00200479617342,
        "dvar2": 0.00444905320182,
        "max": 0.836439073086,
        "mean": 0.645320177078,
        "median": 0.62700176239,
        "min": 0.559708535671,
        "stdev": 0.0599137060344,
        "var": 0.00358965201303
    },
    "silence_rate_20dB": {
        "dmean": 0,
        "dmean2": 0,
        "dvar": 0,
        "dvar2": 0,
        "max": 1,
        "mean": 1,
        "median": 1,
        "min": 1,
        "stdev": 0,
        "var": 0
    },
    "silence_rate_30dB": {
        "dmean": 0.0338983051479,
        "dmean2": 0.051724139601,
        "dvar": 0.0327491760254,
        "dvar2": 0.049048665911,
        "max": 1,
        "mean": 0.966666638851,
        "median": 1,
        "min": 0,
        "stdev": 0.179505586624,
        "var": 0.0322222560644
    },
    "silence_rate_60dB": {
        "dmean": 0.0169491525739,
        "dmean2": 0.0344827584922,
        "dvar": 0.016661895439,
        "dvar2": 0.0332937389612,
        "max": 1,
        "mean": 0.850000023842,
        "median": 1,
        "min": 0,
        "stdev": 0.357071459293,
        "var": 0.127500027418
    },
    "spectral_centroid": {
        "dmean": 175.507644653,
        "dmean2": 229.733108521,
        "dvar": 38089.75,
        "dvar2": 43224.875,
        "max": 6168.42919922,
        "mean": 4212.61767578,
        "median": 3831.8203125,
        "min": 2733.96411133,
        "stdev": 922.49005127,
        "var": 850987.9375
    },
    "spectral_complexity": {
        "dmean": 0.406779646873,
        "dmean2": 0.482758611441,
        "dvar": 2.5802898407,
        "dvar2": 4.76695108414,
        "max": 14,
        "mean": 0.583333313465,
        "median": 0,
        "min": 0,
        "stdev": 2.19310641289,
        "var": 4.80971622467
    },
    "spectral_decrease": {
        "dmean": 7.66197716384e-10,
        "dmean2": 1.06628561536e-09,
        "dvar": 9.03854465072e-18,
        "dvar2": 1.93274158107e-17,
        "max": -3.48631713776e-14,
        "mean": -9.14188835743e-10,
        "median": -1.37291089955e-12,
        "min": -2.08265138468e-08,
        "stdev": 3.41277917038e-09,
        "var": 1.1647061194e-17
    },
    "spectral_energy": {
        "dmean": 0.0073534543626,
        "dmean2": 0.00981604773551,
        "dvar": 0.000830416684039,
        "dvar2": 0.00167441519443,
        "max": 0.212073922157,
        "mean": 0.0100347697735,
        "median": 1.74166234501e-05,
        "min": 7.78242338129e-07,
        "stdev": 0.0356820560992,
        "var": 0.0012732091127
    },
    "spectral_energyband_high": {
        "dmean": 0.00728695932776,
        "dmean2": 0.00972987618297,
        "dvar": 0.000817328982521,
        "dvar2": 0.00164937239606,
        "max": 0.208889111876,
        "mean": 0.00983827374876,
        "median": 9.03010095499e-06,
        "min": 5.1887002428e-07,
        "stdev": 0.0351091437042,
        "var": 0.00123265187722
    },
    "spectral_energyband_low": {
        "dmean": 4.58332942799e-06,
        "dmean2": 4.09830499848e-06,
        "dvar": 2.26779386936e-10,
        "dvar2": 1.56648652383e-10,
        "max": 0.000128164116177,
        "mean": 1.01840232674e-05,
        "median": 1.41816349242e-06,
        "min": 6.51024691933e-08,
        "stdev": 2.82053479168e-05,
        "var": 7.9554163257e-10
    },
    "spectral_energyband_middle_high": {
        "dmean": 3.76037460228e-05,
        "dmean2": 4.85582168039e-05,
        "dvar": 2.08086579079e-08,
        "dvar2": 3.41103856272e-08,
        "max": 0.00201406492852,
        "mean": 0.000109186352347,
        "median": 1.87272326002e-06,
        "min": 1.12494831228e-07,
        "stdev": 0.000379765842808,
        "var": 1.44222084941e-07
    },
    "spectral_energyband_middle_low": {
        "dmean": 3.41139057127e-05,
        "dmean2": 3.36900520779e-05,
        "dvar": 1.5454624247e-08,
        "dvar2": 1.35009079472e-08,
        "max": 0.00105873995926,
        "mean": 6.59344805172e-05,
        "median": 5.50263621335e-07,
        "min": 3.0055023359e-08,
        "stdev": 0.000218783781747,
        "var": 4.78663437775e-08
    },
    "spectral_entropy": {
        "dmean": 0.0685269460082,
        "dmean2": 0.104462645948,
        "dvar": 0.00857988186181,
        "dvar2": 0.0166767686605,
        "max": 8.85527610779,
        "mean": 8.63022136688,
        "median": 8.74533367157,
        "min": 7.8213133812,
        "stdev": 0.254877567291,
        "var": 0.0649625808001
    },
    "spectral_flux": {
        "dmean": 0.0107001615688,
        "dmean2": 0.0135381463915,
        "dvar": 0.00123268552125,
        "dvar2": 0.00246167602018,
        "max": 0.364677071571,
        "mean": 0.0307592749596,
        "median": 0.00238803564571,
        "min": 0.00210822210647,
        "stdev": 0.0736565664411,
        "var": 0.00542529020458
    },
    "spectral_kurtosis": {
        "dmean": 0.292389750481,
        "dmean2": 0.483095824718,
        "dvar": 0.0531758293509,
        "dvar2": 0.126816019416,
        "max": 2.76214599609,
        "mean": 1.77621769905,
        "median": 1.80755710602,
        "min": 0.687650442123,
        "stdev": 0.394693046808,
        "var": 0.155782610178
    },
    "spectral_rms": {
        "dmean": 0.000434672809206,
        "dmean2": 0.000492813414894,
        "dvar": 2.09596782952e-06,
        "dvar2": 3.60330432159e-06,
        "max": 0.014384066686,
        "mean": 0.00119610817637,
        "median": 0.000130352651468,
        "min": 2.75546881312e-05,
        "stdev": 0.00289125321433,
        "var": 8.35934497445e-06
    },
    "spectral_rolloff": {
        "dmean": 739.428283691,
        "dmean2": 1219.59606934,
        "dvar": 759169.625,
        "dvar2": 1114614.875,
        "max": 18518.5546875,
        "mean": 15768.046875,
        "median": 16978.9296875,
        "min": 8419.48242188,
        "stdev": 2740.62182617,
        "var": 7511008.5
    },
    "spectral_skewness": {
        "dmean": 0.0703262388706,
        "dmean2": 0.106605917215,
        "dvar": 0.00315002258867,
        "dvar2": 0.00629164883867,
        "max": 1.38877344131,
        "mean": 1.06608140469,
        "median": 1.18870210648,
        "min": 0.407880723476,
        "stdev": 0.295120298862,
        "var": 0.087095990777
    },
    "spectral_spread": {
        "dmean": 473261.78125,
        "dmean2": 818775.625,
        "dvar": 182649143296,
        "dvar2": 380566208512,
        "max": 10919013,
        "mean": 9187639,
        "median": 9536599,
        "min": 6236234,
        "stdev": 1052808.75,
        "var": 1.1084061737e+12
    },
    "spectral_strongpeak": {
        "dmean": 1.77313804626,
        "dmean2": 1.61266362667,
        "dvar": 46.6662483215,
        "dvar2": 69.3590621948,
        "max": 54.0287666321,
        "mean": 3.2943444252,
        "median": 0,
        "min": 0,
        "stdev": 10.168756485,
        "var": 103.4036026
    },
    "zerocrossingrate": {
        "dmean": 0.0167008731514,
        "dmean2": 0.0196996219456,
        "dvar": 0.000652465038002,
        "dvar2": 0.000710590393282,
        "max": 0.39501953125,
        "mean": 0.286840826273,
        "median": 0.276123046875,
        "min": 0.0751953125,
        "stdev": 0.0505428388715,
        "var": 0.00255457847379
    },
    "barkbands": {
        "dmean": [1.0174445606e-06, 1.16935815697e-07, 2.88251612801e-07, 1.62359810929e-05, 3.19720834341e-06, 5.59371528652e-06, 1.00573215605e-05, 8.34293587104e-07, 2.95415293294e-06, 4.23000892624e-06, 2.34378876485e-06, 2.26574820772e-06, 7.07917524778e-06, 2.75710567621e-06, 2.56113207797e-06, 1.40903557622e-05, 7.98882865638e-06, 6.26440487395e-06, 1.06537745523e-05, 5.23462449564e-06, 1.93697705981e-05, 0.0061885653995, 0.000568803458009, 0.000538863707334, 8.17229374661e-05, 0.00042483874131, 3.17467092827e-05],
        "dmean2": [1.80379527137e-06, 2.10921186294e-07, 4.78668880532e-07, 1.23469735627e-05, 2.51522328654e-06, 8.70913572726e-06, 1.38832838275e-05, 8.30494627735e-07, 3.66973540622e-06, 5.30565694135e-06, 3.56953114533e-06, 4.41203701484e-06, 1.21718012451e-05, 4.09319000028e-06, 2.26126144298e-06, 6.06698949923e-06, 8.2088254203e-06, 1.01836994872e-05, 1.46753864101e-05, 6.68208258503e-06, 2.84508369077e-05, 0.00861043296754, 0.000726313621271, 0.00079010182526, 6.64725303068e-05, 0.000477344816318, 3.220895087e-05],
        "dvar": [8.50957759119e-13, 1.90985024833e-14, 4.84572072138e-13, 2.60012411601e-09, 1.00702626793e-10, 3.72250286151e-10, 1.93577376351e-09, 9.48044160537e-12, 7.20585466296e-11, 3.05048986071e-10, 7.36574898297e-11, 3.52355679356e-11, 7.2892236691e-10, 9.67965915755e-11, 7.57904364268e-11, 2.8979341149e-09, 1.01062469504e-09, 5.7480736837e-10, 1.61294622103e-09, 3.27758792329e-10, 4.64940441702e-09, 0.0006237445632, 4.78688525618e-06, 3.04934201267e-06, 7.38481915619e-08, 2.29929287343e-06, 1.46836391934e-08],
        "dvar2": [1.9804039051e-12, 4.69164976508e-14, 1.17069125661e-12, 1.50250156761e-09, 7.37221950153e-11, 8.34604163558e-10, 2.64415644935e-09, 1.52024816347e-11, 1.13327465467e-10, 3.44630352034e-10, 1.62687363581e-10, 1.24332821816e-10, 2.26879781628e-09, 2.87988688452e-10, 6.47098347129e-11, 5.42233147272e-10, 8.59928794839e-10, 1.58932111916e-09, 3.78919828847e-09, 5.82217551948e-10, 1.16397682604e-08, 0.00134734786116, 1.09529592009e-05, 6.23437654212e-06, 1.02076761266e-07, 3.28264673044e-06, 1.94769924633e-08],
        "max": [6.21393110123e-06, 7.12838186701e-07, 6.42716850052e-06, 0.000469925405923, 9.6628376923e-05, 0.000131867695018, 0.000307010603137, 2.61753066297e-05, 6.70350564178e-05, 0.000125819249661, 7.85989614087e-05, 4.75415290566e-05, 0.000196275184862, 6.43390376354e-05, 0.000120416552818, 0.00082549493527, 0.00046773601207, 0.000176464425749, 0.00035053602187, 0.000162231604918, 0.000772682251409, 0.171495646238, 0.0169421229511, 0.01336618606, 0.00309047079645, 0.0158161222935, 0.00104100024328],
        "mean": [4.32333854405e-06, 1.54418202669e-07, 4.74231342196e-07, 2.79459873127e-05, 5.51952916794e-06, 8.06335629022e-06, 1.78855389095e-05, 1.14284239316e-06, 4.6125182962e-06, 5.73222723688e-06, 3.64536549569e-06, 3.62754803973e-06, 7.53054746383e-06, 2.90709135697e-06, 6.91176865075e-06, 3.09015085804e-05, 2.01284838113e-05, 7.18307683201e-06, 1.65657056641e-05, 9.59719181992e-06, 4.89743288199e-05, 0.0070400792174, 0.0005944071454, 0.000882444379386, 0.000192964580492, 0.00102135993075, 5.729330951e-05],
        "median": [4.35186575487e-06, 7.93458383441e-08, 7.85583509355e-08, 5.65554287846e-08, 1.2671461036e-07, 7.07803664568e-08, 7.83353399925e-08, 6.6869951354e-08, 1.13836549076e-07, 9.71000559957e-08, 9.10730690862e-08, 1.24162795601e-07, 1.38583260423e-07, 1.43700788158e-07, 1.76276103048e-07, 1.95405803538e-07, 2.01980640213e-07, 2.68223345756e-07, 3.46575063759e-07, 4.01951126605e-07, 5.60091280022e-07, 6.56817860545e-07, 7.29971020519e-07, 1.07603159449e-06, 1.41496411743e-06, 2.04641355595e-06, 2.83046006189e-06],
        "min": [5.35877973107e-08, 5.38634914449e-09, 1.37795763688e-09, 2.74659583965e-09, 9.41593203407e-09, 5.46298739579e-09, 2.29362351334e-09, 4.01674338235e-09, 4.56136772797e-09, 2.29839058896e-09, 2.27187468838e-09, 2.67196043069e-09, 6.36201358262e-09, 2.1505274006e-08, 2.51356020442e-08, 8.24199375415e-09, 1.30005313181e-08, 1.14654294947e-08, 1.1114027032e-08, 2.70881166387e-08, 1.82670749638e-08, 4.60238709366e-08, 3.28250457926e-08, 4.12050304988e-08, 1.03362246762e-07, 1.09253733171e-07, 1.57946260515e-07],
        "stdev": [1.01125112906e-06, 1.66729648754e-07, 1.06211814455e-06, 9.42098340602e-05, 1.87174046005e-05, 2.63745369011e-05, 6.49408175377e-05, 4.05630544265e-06, 1.4175706383e-05, 2.24111336138e-05, 1.21600969578e-05, 9.82293749985e-06, 2.98708710034e-05, 9.79739888862e-06, 2.39818455157e-05, 0.000128892323119, 7.8441153164e-05, 2.6207697374e-05, 5.63595276617e-05, 2.88868595817e-05, 0.000137761337101, 0.0270622558892, 0.00245493277907, 0.00263517396525, 0.000588721188251, 0.00314178108238, 0.000182212374057],
        "var": [1.02262881323e-12, 2.77987742959e-14, 1.12809490482e-12, 8.87549234108e-09, 3.5034122825e-10, 6.95616175772e-10, 4.21730961264e-09, 1.64536127778e-11, 2.00950658891e-10, 5.02258901136e-10, 1.4786796787e-10, 9.64901075706e-11, 8.92268980923e-10, 9.59890222862e-11, 5.75128944469e-10, 1.66132316792e-08, 6.15301409823e-09, 6.86843415476e-10, 3.17639647918e-09, 8.34450675224e-10, 1.89781861337e-08, 0.0007323656464, 6.02669479122e-06, 6.94414211466e-06, 3.46592656797e-07, 9.8707878351e-06, 3.32013492255e-08]
    },
    "erbbands": {
        "dmean": [6.59057604935e-06, 2.95147001452e-05, 0.000527621712536, 0.0226470977068, 0.044645126909, 0.00303449551575, 0.00264158565551, 0.0567709170282, 0.193462118506, 0.0268147550523, 0.0241346731782, 0.0999962091446, 0.106792263687, 0.0661406591535, 0.0846078470349, 0.0870041549206, 0.336065620184, 0.132768750191, 0.105553276837, 0.377194344997, 1.0172688961, 0.305901169777, 0.466847836971, 0.641285717487, 0.28031656146, 0.299177259207, 0.44088152051, 3.87543964386, 90.2509536743, 248.108581543, 9.08459472656, 4.77400255203, 11.315328598, 1.27172195911, 0.557878673077, 1.14719724655, 1.02483975887, 0.056242171675, 0.00572523474693, 0.000259946391452],
        "dmean2": [1.17033750939e-05, 4.7616820666e-05, 0.000531438970938, 0.017901642248, 0.0325577631593, 0.00272485194728, 0.00428795395419, 0.0877083688974, 0.272249490023, 0.029550967738, 0.0296601876616, 0.127885296941, 0.128660097718, 0.107009738684, 0.136674284935, 0.134171187878, 0.562294483185, 0.223339498043, 0.109813712537, 0.333797216415, 0.699439227581, 0.568070709705, 0.762177348137, 0.937200784683, 0.330480754375, 0.370278894901, 0.514247000217, 5.7729177475, 131.22543335, 342.038146973, 11.994436264, 7.02650976181, 16.641494751, 0.92769664526, 0.46974760294, 1.36077237129, 1.04693722725, 0.0499401576817, 0.00561937689781, 0.000198742054636],
        "dvar": [3.55656996909e-11, 1.49111356595e-09, 2.33134755945e-06, 0.00522264791653, 0.0193388741463, 9.27954388317e-05, 7.34450222808e-05, 0.045020185411, 0.746040046215, 0.0104474835098, 0.00846164301038, 0.0765097439289, 0.19385227561, 0.0571460202336, 0.0884235799313, 0.0584086887538, 1.75632286072, 0.211205899715, 0.122076168656, 1.90189945698, 20.9537582397, 2.16879701614, 3.36753129959, 5.31861639023, 1.0864315033, 1.17886972427, 1.88433635235, 202.783569336, 143103.359375, 884558.5, 1186.98034668, 257.764251709, 1326.3170166, 16.7514629364, 3.73050403595, 16.8790950775, 12.9804000854, 0.0383602268994, 0.0004996630596, 9.20511695313e-07],
        "dvar2": [8.64825502878e-11, 3.60568952473e-09, 1.59183571213e-06, 0.0030278917402, 0.0125183630735, 6.74077309668e-05, 0.000192496096133, 0.0895764008164, 1.0637973547, 0.0163930244744, 0.0144581226632, 0.187272518873, 0.212624177337, 0.120674841106, 0.253971725702, 0.139231428504, 5.2765083313, 0.703307271004, 0.183658108115, 2.8554713726, 10.0267047882, 4.11372041702, 9.37561130524, 13.0899944305, 2.45732784271, 2.26730322838, 3.55388832092, 526.599731445, 327699.03125, 1814172.375, 2121.77368164, 463.165130615, 2885.57006836, 21.7416362762, 5.03400707245, 25.2783565521, 16.5343971252, 0.0606044828892, 0.000551448611077, 1.29725765419e-06],
        "max": [4.08981832152e-05, 0.00032604925218, 0.0139657435939, 0.653156876564, 1.31221354008, 0.0922844782472, 0.0661887004972, 1.51568293571, 5.94501113892, 0.850451469421, 0.747393667698, 2.01855373383, 3.07020568848, 2.53421926498, 2.41051864624, 2.44319105148, 9.40728855133, 3.36185598373, 5.21556472778, 15.4804029465, 59.6829605103, 17.7721691132, 13.4159126282, 17.9315338135, 10.5894165039, 9.26132678986, 17.0530071259, 113.601203918, 2582.39282227, 6342.63134766, 239.638031006, 122.405960083, 276.928497314, 48.9452400208, 19.6069145203, 43.1437454224, 38.2056236267, 2.03300476074, 0.188746064901, 0.00843675620854],
        "mean": [1.5222735783e-05, 4.80558919662e-05, 0.00111226167064, 0.0410639196634, 0.073537029326, 0.00622568232939, 0.00374631583691, 0.0906973779202, 0.353620052338, 0.0402463562787, 0.0410278700292, 0.122482866049, 0.143830016255, 0.152113869786, 0.141773670912, 0.16390170157, 0.332889765501, 0.176079943776, 0.290340393782, 0.665046572685, 1.97451889515, 0.922147750854, 0.511956095695, 0.836330831051, 0.52090471983, 0.473267823458, 1.01161837578, 5.74229240417, 96.3414993286, 300.637695312, 12.8187971115, 8.0253610611, 18.3314876556, 3.25894975662, 1.19282019138, 2.83157396317, 2.51435852051, 0.117857061327, 0.0109832566231, 0.000472978339531],
        "median": [1.33670200739e-05, 1.5384870494e-05, 7.55926012062e-05, 0.00021925373585, 0.000294973113341, 0.000328052410623, 0.000427613209467, 0.000641871185508, 0.000935622723773, 0.00137193524279, 0.00156035460532, 0.00272137322463, 0.00303595536388, 0.0029546697624, 0.0046136029996, 0.00535234436393, 0.00639558350667, 0.00742583721876, 0.00737424287945, 0.00934961624444, 0.0107571277767, 0.0120271407068, 0.0159484855831, 0.0160868018866, 0.0187945850194, 0.0186202637851, 0.0211841408163, 0.0233832281083, 0.0234794709831, 0.0232790131122, 0.0208278149366, 0.0201560854912, 0.019047241658, 0.0151356039569, 0.0107590733096, 0.00750971585512, 0.00375365652144, 0.00160319905262, 0.000396104820538, 4.07262850786e-05],
        "min": [1.79927815225e-06, 1.4906031538e-06, 2.9845359677e-06, 6.56458769299e-06, 7.76348406362e-06, 2.70413911494e-05, 4.49627441412e-05, 4.25975413236e-05, 2.93953853543e-05, 4.96868524351e-05, 0.000120935670566, 0.000103951446363, 6.25839020358e-05, 8.14748054836e-05, 7.0815323852e-05, 0.000148445164086, 0.00029745179927, 0.000802292604931, 0.00136038020719, 0.00101437023841, 0.000398368953029, 0.000690237153322, 0.000767038320191, 0.000820227374788, 0.000375030067516, 0.00102898746263, 0.00101870147046, 0.000954887480475, 0.0018426560564, 0.00144899624866, 0.000763647898566, 0.000736126443371, 0.000721528485883, 0.000868520874064, 0.00083312910283, 0.000425344740506, 0.000188198813703, 6.53275710647e-05, 2.42444384639e-05, 2.5523554541e-06],
        "stdev": [7.63904427004e-06, 7.74159707362e-05, 0.0031273458153, 0.135060071945, 0.254097610712, 0.019265986979, 0.0108208786696, 0.302955389023, 1.2700330019, 0.142800778151, 0.132302820683, 0.388348907232, 0.551690757275, 0.487078517675, 0.43640422821, 0.457153707743, 1.36395251751, 0.574897885323, 0.978249430656, 2.57321429253, 8.61429691315, 3.39684128761, 1.95166158676, 2.92993855476, 1.69632565975, 1.48371434212, 3.028185606, 18.3347225189, 383.111206055, 1116.20825195, 45.7456283569, 24.3085021973, 54.7178268433, 9.729139328, 3.65716958046, 8.62658786774, 7.72577762604, 0.365029811859, 0.035332378, 0.00145689339843],
        "var": [5.83549944477e-11, 5.99323213279e-09, 9.78029220278e-06, 0.0182412248105, 0.0645655915141, 0.000371178262867, 0.00011709141836, 0.0917819738388, 1.61298382282, 0.0203920602798, 0.0175040364265, 0.15081487596, 0.304362714291, 0.237245485187, 0.190448656678, 0.208989515901, 1.86036634445, 0.330507576466, 0.956972002983, 6.62143182755, 74.2061080933, 11.5385313034, 3.80898308754, 8.58454036713, 2.87752079964, 2.20140838623, 9.16990852356, 336.162017822, 146774.1875, 1245920.875, 2092.66259766, 590.903320312, 2994.04077148, 94.6561431885, 13.3748893738, 74.4180221558, 59.6876411438, 0.133246764541, 0.00124837702606, 2.12253848986e-06]
    },
    "gfcc": {
        "mean": [-277.064971924, -78.2939910889, -75.0832901001, 9.77526664734, -50.7458610535, 10.8881034851, -27.8056983948, 2.54460906982, -16.4898090363, 2.24905800819, -17.8049316406, 5.16665506363, -14.1303386688],
        "cov": [[14348.1826172, -1945.98010254, 96.483833313, 402.273895264, -2248.8449707, 511.934448242, -1099.18762207, -858.172851562, -224.409835815, -557.949890137, -1316.24462891, 441.710113525, -1132.32092285], [-1945.98010254, 469.571533203, 92.0300979614, -6.25315380096, 362.756408691, -71.0171508789, 158.51600647, 91.2856750488, -12.9999065399, 32.5365829468, 130.900405884, -135.968322754, 103.748184204], [96.483833313, 92.0300979614, 130.430908203, 67.1345825195, -33.7912101746, 33.52293396, 7.37110185623, -26.0205726624, -36.3960838318, -41.8014450073, -58.7955169678, -45.041179657, -57.3573379517], [402.273895264, -6.25315380096, 67.1345825195, 65.6637115479, -58.8304862976, 35.6013793945, -25.908121109, -32.7869682312, -15.5263824463, -36.5163230896, -69.7891311646, -12.6468429565, -64.3513183594], [-2248.8449707, 362.756408691, -33.7912101746, -58.8304862976, 450.533172607, -91.5243301392, 167.813934326, 129.073059082, 24.7065696716, 79.6875610352, 207.907287598, -90.980758667, 178.29335022], [511.934448242, -71.0171508789, 33.52293396, 35.6013793945, -91.5243301392, 53.5142784119, -26.428144455, -32.0835876465, -13.9563684464, -29.205581665, -63.2798957825, 14.0623874664, -47.476776123], [-1099.18762207, 158.51600647, 7.37110185623, -25.908121109, 167.813934326, -26.428144455, 108.040863037, 75.6451721191, 14.392367363, 33.2159881592, 96.6855697632, -39.5997581482, 86.2559661865], [-858.172851562, 91.2856750488, -26.0205726624, -32.7869682312, 129.073059082, -32.0835876465, 75.6451721191, 73.3717193604, 25.8899307251, 37.630027771, 85.0014038086, -19.315328598, 78.196975708], [-224.409835815, -12.9999065399, -36.3960838318, -15.5263824463, 24.7065696716, -13.9563684464, 14.392367363, 25.8899307251, 40.5300178528, 25.9041957855, 29.6804924011, 13.9948987961, 27.1099472046], [-557.949890137, 32.5365829468, -41.8014450073, -36.5163230896, 79.6875610352, -29.205581665, 33.2159881592, 37.630027771, 25.9041957855, 60.7122497559, 83.0749359131, 8.32497024536, 62.5072288513], [-1316.24462891, 130.900405884, -58.7955169678, -69.7891311646, 207.907287598, -63.2798957825, 96.6855697632, 85.0014038086, 29.6804924011, 83.0749359131, 171.597671509, -8.61542892456, 130.337417603], [441.710113525, -135.968322754, -45.041179657, -12.6468429565, -90.980758667, 14.0623874664, -39.5997581482, -19.315328598, 13.9948987961, 8.32497024536, -8.61542892456, 69.6532440186, 2.17478370667], [-1132.32092285, 103.748184204, -57.3573379517, -64.3513183594, 178.29335022, -47.476776123, 86.2559661865, 78.196975708, 27.1099472046, 62.5072288513, 130.337417603, 2.17478370667, 137.609481812]],
        "icov": [[0.00144039839506, -2.86085978587e-05, 0.00346084451303, -0.000575528421905, 0.0018784373533, -0.000392110552639, 0.00157253467478, 0.00129985250533, 0.00360992574133, 0.000101020668808, 0.0039089852944, -0.00365928187966, 0.00435222685337], [-2.86085978587e-05, 0.0261955428869, -0.0277947969735, 0.0131257586181, -0.0192408785224, 0.0206146985292, -0.0140635045245, 0.00823408830911, 1.18112757264e-06, -0.00766137894243, 0.0123593565077, 0.0030874859076, 0.00247053266503], [0.00346084451303, -0.0277947969735, 0.0826938375831, -0.061179831624, 0.0391238853335, -0.013287759386, -0.015731908381, 0.0206931084394, 0.0253387335688, 0.00365907861851, -0.00532614020631, 0.0106683531776, -0.003660147544], [-0.000575528421905, 0.0131257586181, -0.061179831624, 0.0987344682217, -0.0341706350446, -0.013351903297, 0.0162350796163, -0.0214617569, -0.0182642471045, -0.00505735073239, 0.0215355157852, -0.025133734569, 0.033620711416], [0.0018784373533, -0.0192408785224, 0.0391238853335, -0.0341706350446, 0.0367895811796, -0.0128483036533, 0.0079842293635, 0.00871620699763, 0.00219933222979, 0.0141968009993, -0.0213836617768, 0.0230299476534, -0.0187581982464], [-0.000392110552639, 0.0206146985292, -0.013287759386, -0.013351903297, -0.0128483036533, 0.0851593464613, -0.0619697608054, 0.0206907428801, 0.0228189658374, -0.0303226076066, 0.0447956807911, -0.0274852588773, 0.00984709057957], [0.00157253467478, -0.0140635045245, -0.015731908381, 0.0162350796163, 0.0079842293635, -0.0619697608054, 0.129030123353, -0.0651227831841, -0.0227002575994, 0.0475606657565, -0.0521946512163, 0.0266057085246, -0.0191354248673], [0.00129985250533, 0.00823408830911, 0.0206931084394, -0.0214617569, 0.00871620699763, 0.0206907428801, -0.0651227831841, 0.112042561173, -0.0207734331489, -0.00207034009509, 0.00268035149202, 0.0240026023239, -0.0218114163727], [0.00360992574133, 1.18112757264e-06, 0.0253387335688, -0.0182642471045, 0.00219933222979, 0.0228189658374, -0.0227002575994, -0.0207734331489, 0.0778135284781, -0.0382163375616, 0.0401911363006, -0.0371706672013, 0.027330301702], [0.000101020668808, -0.00766137894243, 0.00365907861851, -0.00505735073239, 0.0141968009993, -0.0303226076066, 0.0475606657565, -0.00207034009509, -0.0382163375616, 0.091534614563, -0.0687278136611, 0.0258784424514, -0.0210861023515], [0.0039089852944, 0.0123593565077, -0.00532614020631, 0.0215355157852, -0.0213836617768, 0.0447956807911, -0.0521946512163, 0.00268035149202, 0.0401911363006, -0.0687278136611, 0.10441455245, -0.0539947599173, 0.030309278518], [-0.00365928187966, 0.0030874859076, 0.0106683531776, -0.025133734569, 0.0230299476534, -0.0274852588773, 0.0266057085246, 0.0240026023239, -0.0371706672013, 0.0258784424514, -0.0539947599173, 0.103041872382, -0.0643019974232], [0.00435222685337, 0.00247053266503, -0.003660147544, 0.033620711416, -0.0187581982464, 0.00984709057957, -0.0191354248673, -0.0218114163727, 0.027330301702, -0.0210861023515, 0.030309278518, -0.0643019974232, 0.0840060412884]]
    },
    "melbands": {
        "dmean": [8.42984775318e-08, 3.11137426934e-07, 5.34089440407e-06, 1.42370640788e-06, 6.44951683171e-08, 1.6378686496e-06, 2.44590250986e-06, 1.91824156559e-07, 2.55108602687e-07, 5.61952845146e-07, 5.69941335016e-07, 3.33043914225e-07, 3.36094188924e-07, 2.83626718556e-07, 6.49062826596e-07, 4.73881868857e-07, 2.39960115778e-07, 1.471120612e-07, 2.69518352525e-07, 5.96328675329e-07, 1.38730206345e-06, 4.0222488451e-07, 3.82167002044e-07, 3.5758526451e-07, 5.84733754749e-07, 2.55779951885e-07, 1.42614993592e-07, 2.06001132597e-07, 2.15246416246e-07, 3.03880028696e-07, 1.64735365615e-06, 8.84566179593e-06, 0.000207363336813, 8.32837395137e-05, 3.14149190217e-07, 1.18743699318e-07, 4.54276232631e-06, 1.29798145281e-05, 1.27404189243e-06, 9.43792201724e-07],
        "dmean2": [1.51845853225e-07, 3.01948091419e-07, 4.04378579333e-06, 1.05719504973e-06, 1.07707968766e-07, 2.472936103e-06, 3.49428887603e-06, 2.03175346769e-07, 2.67089404815e-07, 7.33131741981e-07, 6.98487667705e-07, 4.40735931306e-07, 5.11801886205e-07, 5.5775024066e-07, 9.94346123662e-07, 8.73069780027e-07, 3.96414890247e-07, 1.32149367005e-07, 2.83216166963e-07, 6.21282424618e-07, 1.08890185402e-06, 5.66520611756e-07, 6.25898394446e-07, 5.76282957354e-07, 8.53040717175e-07, 2.96159470281e-07, 2.00321125021e-07, 2.41980586679e-07, 2.23546479106e-07, 4.31339628904e-07, 2.5096810532e-06, 1.42849185067e-05, 0.000297136080917, 0.000110836845124, 3.50889365563e-07, 1.23617894587e-07, 6.78028391121e-06, 1.94342301256e-05, 1.18719424336e-06, 1.05496155811e-06],
        "dvar": [5.39643166036e-15, 9.47251500329e-13, 2.79236411771e-10, 1.96974173083e-11, 4.1047809547e-14, 3.99422335484e-11, 1.24486546071e-10, 5.37900724396e-13, 9.42847687944e-13, 2.38338060225e-12, 5.81968371063e-12, 1.39981006387e-12, 1.48689914548e-12, 5.47184097078e-13, 7.58955832209e-12, 3.42081137722e-12, 6.62715921636e-13, 2.14589088686e-13, 8.14090168975e-13, 6.44545744902e-12, 4.40606127972e-11, 2.91212388405e-12, 2.13654723254e-12, 2.05434215646e-12, 4.35234877652e-12, 8.56296099565e-13, 2.85341140906e-13, 5.46839158157e-13, 4.3573730236e-13, 9.19103660367e-13, 2.83006725693e-11, 1.12550924136e-09, 7.14113866707e-07, 9.37537691925e-08, 1.29415608004e-12, 1.50084588854e-13, 2.26726720731e-10, 1.6898585864e-09, 1.71334925414e-11, 1.0336159012e-11],
        "dvar2": [1.36275649578e-14, 7.18955006206e-13, 1.63286967281e-10, 1.29805419885e-11, 1.15065766702e-13, 7.49771633668e-11, 1.7759264892e-10, 9.88249196018e-13, 1.44434355968e-12, 5.88114626443e-12, 6.3790331524e-12, 2.55474829659e-12, 3.93037078578e-12, 2.00670361404e-12, 1.90806710709e-11, 1.07920877096e-11, 2.23504006101e-12, 3.16512115996e-13, 1.2907606841e-12, 7.50512065689e-12, 2.75608095374e-11, 3.97232680777e-12, 5.79095105202e-12, 5.72129496557e-12, 1.0597778731e-11, 1.85703340726e-12, 6.3372213293e-13, 1.02378262118e-12, 6.75283505329e-13, 1.80535198336e-12, 8.45535239047e-11, 2.85184764692e-09, 1.59566081948e-06, 1.714561364e-07, 1.44690238523e-12, 2.47403876899e-13, 4.08075045977e-10, 3.82467524318e-09, 1.88839308773e-11, 1.79574567022e-11],
        "max": [4.91905325362e-07, 8.41913424665e-06, 0.000155176385306, 4.21480290242e-05, 1.43368708905e-06, 4.56708912679e-05, 7.57794841775e-05, 6.06264575254e-06, 7.68355039327e-06, 1.14850909085e-05, 1.62731212185e-05, 1.21349776236e-05, 1.00694342109e-05, 4.39202403868e-06, 1.88590584003e-05, 1.4042496332e-05, 5.23411154063e-06, 7.15476107871e-06, 1.07811938506e-05, 3.21726038237e-05, 8.13396763988e-05, 2.34977651417e-05, 1.20360673463e-05, 9.78946991381e-06, 1.59852261277e-05, 9.65498929872e-06, 5.14533167006e-06, 6.02212685408e-06, 7.39528650229e-06, 1.41235732372e-05, 4.49902581749e-05, 0.00025888561504, 0.00568001018837, 0.00201034615748, 1.15658231152e-05, 4.42341479356e-06, 0.000112712215923, 0.000296202575555, 4.87905126647e-05, 3.72373688151e-05],
        "mean": [2.36153752553e-07, 6.58455917346e-07, 9.21372247831e-06, 2.3909437914e-06, 7.1127196577e-08, 2.64789969151e-06, 4.58915701529e-06, 2.42134149175e-07, 4.64375233378e-07, 6.83125904288e-07, 7.39374513614e-07, 6.75010767281e-07, 5.18839556207e-07, 4.16411722881e-07, 6.36530955944e-07, 6.5511306957e-07, 2.68155019967e-07, 4.14247665503e-07, 5.33217985321e-07, 1.43929412388e-06, 2.61074887931e-06, 1.09691825401e-06, 5.15385806921e-07, 3.47334378148e-07, 7.51985965053e-07, 4.91104174216e-07, 2.91444905542e-07, 2.97875516253e-07, 4.40444381411e-07, 9.22470519527e-07, 2.78747847915e-06, 1.15486755021e-05, 0.000221400958253, 0.00011180670117, 7.35166338472e-07, 2.80934244756e-07, 7.43110831536e-06, 1.94043204829e-05, 3.47069976669e-06, 2.33413288697e-06],
        "median": [2.19924032763e-07, 3.96837158689e-08, 3.71261350551e-08, 2.68483493215e-08, 1.35628699383e-08, 1.37925750821e-08, 1.45830885145e-08, 1.46273162471e-08, 1.3704518409e-08, 1.69687304208e-08, 1.47944154705e-08, 1.19744312244e-08, 1.34712703215e-08, 1.36319595612e-08, 1.31286803651e-08, 1.44386875789e-08, 1.347166112e-08, 1.12676143971e-08, 1.38940787764e-08, 1.27831922825e-08, 1.22410073189e-08, 1.10442393009e-08, 1.28616992612e-08, 1.28608874661e-08, 1.26991936966e-08, 1.41470390957e-08, 1.2669347349e-08, 1.29328272536e-08, 1.24184280637e-08, 1.30541213395e-08, 1.31199708875e-08, 1.34569546617e-08, 1.28761339369e-08, 1.27276411632e-08, 1.23479679814e-08, 1.18265663929e-08, 1.32568587219e-08, 1.338898592e-08, 1.31282158478e-08, 1.29443149532e-08],
        "min": [1.52322101599e-08, 2.23702256719e-09, 1.31931099379e-09, 1.93297822193e-09, 1.58969659658e-09, 9.53042089691e-10, 4.6251846797e-10, 5.70545111156e-10, 1.11292375315e-09, 5.60455404308e-10, 3.00002911402e-10, 3.27217641871e-10, 2.90136109582e-10, 2.21813040158e-10, 6.00732685818e-10, 6.44097886138e-10, 1.66023761405e-09, 2.27007412867e-09, 1.84040149787e-09, 8.35848279479e-10, 3.62234547913e-10, 5.64604529796e-10, 1.0931646699e-09, 4.34232677593e-10, 7.46121719963e-10, 2.09659900552e-10, 4.65030514096e-10, 7.76660624702e-10, 8.28665747132e-10, 3.18724879822e-10, 6.20595630441e-10, 1.13954934378e-09, 7.79898312597e-10, 7.98123844792e-10, 4.30159963205e-10, 4.95802343625e-10, 3.91417953605e-10, 3.30823646255e-10, 9.54479384419e-10, 6.44939046612e-10],
        "stdev": [8.30726207823e-08, 1.89710794984e-06, 3.10152645397e-05, 8.18878561404e-06, 2.00299737685e-07, 9.00092436495e-06, 1.64272678376e-05, 8.92031494004e-07, 1.47650189319e-06, 2.16054172597e-06, 2.94141136692e-06, 2.23639131036e-06, 1.68667907019e-06, 1.10339601633e-06, 2.64240929937e-06, 2.47462958214e-06, 8.70035080425e-07, 1.36252901939e-06, 1.88999138118e-06, 5.85030329603e-06, 1.15318125609e-05, 4.14339638155e-06, 1.86250588285e-06, 1.38134021199e-06, 2.64311302089e-06, 1.58624811775e-06, 8.80181573848e-07, 9.56133817454e-07, 1.30988973979e-06, 2.68067697107e-06, 8.13492897578e-06, 3.9938979171e-05, 0.000874357123394, 0.000404498627177, 2.21757591135e-06, 8.02173076409e-07, 2.24202613026e-05, 5.83624459978e-05, 1.01573677966e-05, 7.14880434316e-06],
        "var": [6.9010607538e-15, 3.5990184357e-12, 9.6194663346e-10, 6.70562078087e-11, 4.01199865972e-14, 8.10166447818e-11, 2.69855138235e-10, 7.95720152096e-13, 2.1800577836e-12, 4.66794051329e-12, 8.65190124405e-12, 5.00144630572e-12, 2.84488621896e-12, 1.21748271187e-12, 6.98232704294e-12, 6.12379114431e-12, 7.56961008631e-13, 1.85648523464e-12, 3.5720673381e-12, 3.42260490782e-11, 1.32982694301e-10, 1.71677342481e-11, 3.46892805279e-12, 1.90810063062e-12, 6.98604672375e-12, 2.51618322532e-12, 7.74719589695e-13, 9.14191790845e-13, 1.71581108696e-12, 7.18602911551e-12, 6.61770638288e-11, 1.59512203446e-09, 7.64500384776e-07, 1.63619148452e-07, 4.91764311564e-12, 6.43481687206e-13, 5.02668129343e-10, 3.40617489769e-09, 1.03172123622e-10, 5.11054011609e-11]
    },
    "melbands128": {
