{
"lowlevel": {
    "average_loudness": 0.929244160652,
    "barkbands_crest": {
        "dmean": 2.32177376747,
        "dmean2": 3.95755982399,
        "dvar": 3.80753874779,
        "dvar2": 11.2687225342,
        "max": 21.3330841064,
        "mean": 11.2909889221,
        "median": 10.9268436432,
        "min": 4.09410381317,
        "stdev": 2.54915785789,
        "var": 6.49820566177
    },
    "barkbands_flatness_db": {
        "dmean": 0.0265130121261,
        "dmean2": 0.0431770645082,
        "dvar": 0.000427674734965,
        "dvar2": 0.000981901073828,
        "max": 0.298152148724,
        "mean": 0.188175976276,
        "median": 0.177997902036,
        "min": 0.0470909029245,
        "stdev": 0.0522425919771,
        "var": 0.00272928830236
    },
    "barkbands_kurtosis": {
        "dmean": 7.25909757614,
        "dmean2": 12.0346660614,
        "dvar": 41.7593002319,
        "dvar2": 101.269592285,
        "max": 82.2907562256,
        "mean": 20.0164527893,
        "median": 18.5867710114,
        "min": -1.88641512394,
        "stdev": 13.4521179199,
        "var": 180.959472656
    },
    "barkbands_skewness": {
        "dmean": 0.732021570206,
        "dmean2": 1.21469724178,
        "dvar": 0.390617847443,
        "dvar2": 0.904665768147,
        "max": 7.27702999115,
        "mean": 3.43114686012,
        "median": 3.43781900406,
        "min": -0.834825336933,
        "stdev": 1.16938149929,
        "var": 1.36745321751
    },
    "barkbands_spread": {
        "dmean": 6.46091461182,
        "dmean2": 10.0844659805,
        "dvar": 101.874229431,
        "dvar2": 167.426086426,
        "max": 114.737480164,
        "mean": 18.3957118988,
        "median": 11.5228834152,
        "min": 1.80803251266,
        "stdev": 19.6940288544,
        "var": 387.854797363
    },
    "dissonance": {
        "dmean": 0.0172771625221,
        "dmean2": 0.029582940042,
        "dvar": 0.000241295667365,
        "dvar2": 0.000732185493689,
        "max": 0.4993468225,
        "mean": 0.465741217136,
        "median": 0.471407145262,
        "min": 0.38261666894,
        "stdev": 0.0217941850424,
        "var": 0.000474986474728
    },
    "dynamic_complexity": 2.97833538055,
    "erbbands_crest": {
        "dmean": 2.72602939606,
        "dmean2": 4.18900346756,
        "dvar": 4.29877901077,
        "dvar2": 9.22828960419,
        "max": 29.1846237183,
        "mean": 9.84391021729,
        "median": 9.39629077911,
        "min": 3.08537149429,
        "stdev": 4.41732406616,
        "var": 19.5127506256
    },
    "erbbands_flatness_db": {
        "dmean": 0.0164907388389,
        "dmean2": 0.0253140218556,
        "dvar": 0.000227629949222,
        "dvar2": 0.000442238204414,
        "max": 0.208096444607,
        "mean": 0.0982319265604,
        "median": 0.0871578082442,
        "min": 0.0431928560138,
        "stdev": 0.0401455722749,
        "var": 0.00161166698672
    },
    "erbbands_kurtosis": {
        "dmean": 1.57726764679,
        "dmean2": 2.48292899132,
        "dvar": 4.22256326675,
        "dvar2": 10.1084594727,
        "max": 16.8905220032,
        "mean": 1.69959449768,
        "median": -0.331111192703,
        "min": -1.85309636593,
        "stdev": 3.96975469589,
        "var": 15.7589530945
    },
    "erbbands_skewness": {
        "dmean": 0.445443987846,
        "dmean2": 0.637514054775,
        "dvar": 0.158022850752,
        "dvar2": 0.251092910767,
        "max": 3.52300882339,
        "mean": 1.02933585644,
        "median": 0.874955832958,
        "min": -2.67329645157,
        "stdev": 1.14051020145,
        "var": 1.30076360703
    },
    "erbbands_spread": {
        "dmean": 13.517870903,
        "dmean2": 21.0143299103,
        "dvar": 184.757202148,
        "dvar2": 345.853363037,
        "max": 154.410934448,
        "mean": 77.8812026978,
        "median": 73.2551422119,
        "min": 12.5192089081,
        "stdev": 44.5738220215,
        "var": 1986.82556152
    },
    "hfc": {
        "dmean": 54.7256202698,
        "dmean2": 85.6827545166,
        "dvar": 179278.109375,
        "dvar2": 383732.1875,
        "max": 5328.84375,
        "mean": 63.7768135071,
        "median": 12.5882987976,
        "min": 2.6679849725e-06,
        "stdev": 427.432006836,
        "var": 182698.109375
    },
    "loudness_ebu128": {
        "integrated": -31.7527542114,
        "loudness_range": 2.09848594666,
        "momentary": {
            "dmean": 0.858425855637,
            "dmean2": 1.27636909485,
            "dvar": 2.73997092247,
            "dvar2": 4.35688209534,
            "max": -25.6528301239,
            "mean": -33.5635223389,
            "median": -34.8728713989,
            "min": -37.3363571167,
            "stdev": 3.5286962986,
            "var": 12.4516983032
        },
        "short_term": {
            "dmean": 0.0991818681359,
            "dmean2": 0.138311937451,
            "dvar": 0.057884991169,
            "dvar2": 0.105682097375,
            "max": -29.9695625305,
            "mean": -31.560754776,
            "median": -31.7700843811,
            "min": -32.1397018433,
            "stdev": 0.670985281467,
            "var": 0.450221270323
        }
    },
    "melbands_crest": {
        "dmean": 4.73755836487,
        "dmean2": 8.28603744507,
        "dvar": 10.44718647,
        "dvar2": 37.0271453857,
        "max": 29.7298927307,
        "mean": 19.3984928131,
        "median": 19.073348999,
        "min": 10.1959257126,
        "stdev": 4.25110006332,
        "var": 18.0718536377
    },
    "melbands_flatness_db": {
        "dmean": 0.0307966805995,
        "dmean2": 0.0509712845087,
        "dvar": 0.000775160850026,
        "dvar2": 0.00135194940958,
        "max": 0.426020622253,
        "mean": 0.301650613546,
        "median": 0.294465750456,
        "min": 0.0514649562538,
        "stdev": 0.0635378584266,
        "var": 0.00403705984354
    },
    "melbands_kurtosis": {
        "dmean": 22.3746070862,
        "dmean2": 36.6928672791,
        "dvar": 400.79586792,
        "dvar2": 1039.72436523,
        "max": 173.744949341,
        "mean": 66.5514373779,
        "median": 57.3152160645,
        "min": -0.203404426575,
        "stdev": 37.5673751831,
        "var": 1411.30761719
    },
    "melbands_skewness": {
        "dmean": 1.12974739075,
        "dmean2": 1.81009614468,
        "dvar": 0.930713355541,
        "dvar2": 2.368475914,
        "max": 10.9371433258,
        "mean": 5.93171739578,
        "median": 5.85513830185,
        "min": 1.11317622662,
        "stdev": 2.34821534157,
        "var": 5.51411533356
    },
    "melbands_spread": {
        "dmean": 3.64288163185,
        "dmean2": 5.27522230148,
        "dvar": 129.679244995,
        "dvar2": 158.56741333,
        "max": 133.223632812,
        "mean": 7.57317066193,
        "median": 4.40709877014,
        "min": 1.31139862537,
        "stdev": 14.0294380188,
        "var": 196.825119019
    },
    "pitch_salience": {
        "dmean": 0.0721963271499,
        "dmean2": 0.126197770238,
        "dvar": 0.00327775091864,
        "dvar2": 0.00977896247059,
        "max": 0.816496014595,
        "mean": 0.533873319626,
        "median": 0.538717091084,
        "min": 0.287456542253,
        "stdev": 0.0786787867546,
        "var": 0.00619035121053
    },
    "silence_rate_20dB": {
        "dmean": 0.0270270276815,
        "dmean2": 0.0542986430228,
        "dvar": 0.0262966174632,
        "dvar2": 0.0604002214968,
        "max": 1,
        "mean": 0.973094165325,
        "median": 1,
        "min": 0,
        "stdev": 0.161808133125,
        "var": 0.0261818729341
    },
    "silence_rate_30dB": {
        "dmean": 0.0360360369086,
        "dmean2": 0.0723981931806,
        "dvar": 0.0347373709083,
        "dvar2": 0.0762063711882,
        "max": 1,
        "mean": 0.923766791821,
        "median": 1,
        "min": 0,
        "stdev": 0.265371143818,
        "var": 0.0704218372703
    },
    "silence_rate_60dB": {
        "dmean": 0.00450450461358,
        "dmean2": 0.00452488707379,
        "dvar": 0.00448421388865,
        "dvar2": 0.00450441241264,
        "max": 1,
        "mean": 0.00448430515826,
        "median": 0,
        "min": 0,
        "stdev": 0.0668146386743,
        "var": 0.00446419604123
    },
    "spectral_centroid": {
        "dmean": 196.162796021,
        "dmean2": 286.266845703,
        "dvar": 77465.859375,
        "dvar2": 132185.515625,
        "max": 3173.30395508,
        "mean": 671.137207031,
        "median": 524.553894043,
        "min": 203.411865234,
        "stdev": 520.665466309,
        "var": 271092.53125
    },
    "spectral_complexity": {
        "dmean": 2.81531524658,
        "dmean2": 4.08144807816,
        "dvar": 23.9343223572,
        "dvar2": 37.9571418762,
        "max": 51,
        "mean": 8.36322879791,
        "median": 6,
        "min": 0,
        "stdev": 8.56617641449,
        "var": 73.3793716431
    },
    "spectral_decrease": {
        "dmean": 7.97052290835e-09,
        "dmean2": 1.23080656778e-08,
        "dvar": 5.36881775101e-16,
        "dvar2": 8.24214991386e-16,
        "max": -2.36405770613e-17,
        "mean": -1.51902188605e-08,
        "median": -9.11065267672e-09,
        "min": -3.36911796239e-07,
        "stdev": 3.25806261969e-08,
        "var": 1.0614971367e-15
    },
    "spectral_energy": {
        "dmean": 0.03466514498,
        "dmean2": 0.053715839982,
        "dvar": 0.00985351204872,
        "dvar2": 0.0163559801877,
        "max": 1.28668320179,
        "mean": 0.0631160959601,
        "median": 0.035832837224,
        "min": 3.31219301986e-10,
        "stdev": 0.133061826229,
        "var": 0.0177054498345
    },
    "spectral_energyband_high": {
        "dmean": 0.00413989974186,
        "dmean2": 0.00661150831729,
        "dvar": 0.00107166345697,
        "dvar2": 0.00223306566477,
        "max": 0.410134643316,
        "mean": 0.00483734114096,
        "median": 0.000851723365486,
        "min": 1.81854045711e-10,
        "stdev": 0.0336619727314,
        "var": 0.00113312830217
    },
    "spectral_energyband_low": {
        "dmean": 0.0267992839217,
        "dmean2": 0.0417384207249,
        "dvar": 0.00639426568523,
        "dvar2": 0.0100209033117,
        "max": 1.19759392738,
        "mean": 0.0393129438162,
        "median": 0.0200580079108,
        "min": 4.56176693642e-11,
        "stdev": 0.106732547283,
        "var": 0.0113918371499
    },
    "spectral_energyband_middle_high": {
        "dmean": 0.00129845924675,
        "dmean2": 0.00211218558252,
        "dvar": 4.14819587604e-05,
        "dvar2": 0.000108520624053,
        "max": 0.0726435035467,
        "mean": 0.00143656821456,
        "median": 0.000322158710333,
        "min": 5.40977193597e-11,
        "stdev": 0.00594267994165,
        "var": 3.53154464392e-05
    },
    "spectral_energyband_middle_low": {
        "dmean": 0.0107934242114,
        "dmean2": 0.0178289171308,
        "dvar": 0.000659226963762,
        "dvar2": 0.00196661846712,
        "max": 0.293183654547,
        "mean": 0.0198556631804,
        "median": 0.0137233575806,
        "min": 1.84479341525e-11,
        "stdev": 0.0274193119258,
        "var": 0.000751818646677
    },
    "spectral_entropy": {
        "dmean": 0.214756682515,
        "dmean2": 0.307715415955,
        "dvar": 0.0448443219066,
        "dvar2": 0.0764652043581,
        "max": 8.84687709808,
        "mean": 7.51809549332,
        "median": 7.69340324402,
        "min": 6.03209877014,
        "stdev": 0.620311796665,
        "var": 0.384786725044
    },
    "spectral_flux": {
        "dmean": 0.0405797883868,
        "dmean2": 0.0685037299991,
        "dvar": 0.00750966835767,
        "dvar2": 0.0210501719266,
        "max": 0.890479028225,
        "mean": 0.124873884022,
        "median": 0.100353881717,
        "min": 0.0335754491389,
        "stdev": 0.106688268483,
        "var": 0.0113823860884
    },
    "spectral_kurtosis": {
        "dmean": 0.862747490406,
        "dmean2": 1.26513040066,
        "dvar": 1.73010146618,
        "dvar2": 2.72605347633,
        "max": 18.1099128723,
        "mean": 3.8091981411,
        "median": 2.68249988556,
        "min": -0.456305265427,
        "stdev": 3.29124641418,
        "var": 10.8323030472
    },
    "spectral_rms": {
        "dmean": 0.0016684847651,
        "dmean2": 0.00272972416133,
        "dvar": 6.80876564729e-06,
        "dvar2": 1.21172461149e-05,
        "max": 0.0354302227497,
        "mean": 0.00672978628427,
        "median": 0.00591260241345,
        "min": 5.68454765926e-07,
        "stdev": 0.00403567077592,
        "var": 1.62866381288e-05
    },
    "spectral_rolloff": {
        "dmean": 381.38973999,
        "dmean2": 614.71875,
        "dvar": 3277057.5,
        "dvar2": 5412156,
        "max": 18152.4902344,
        "mean": 631.897827148,
        "median": 193.798828125,
        "min": 86.1328125,
        "stdev": 2183.44506836,
        "var": 4767432
    },
    "spectral_skewness": {
        "dmean": 0.16111394763,
        "dmean2": 0.233637958765,
        "dvar": 0.0355661548674,
        "dvar2": 0.0546649172902,
        "max": 3.4784181118,
        "mean": 1.68113791943,
        "median": 1.5606675148,
        "min": 0.674617946148,
        "stdev": 0.592070937157,
        "var": 0.350547999144
    },
    "spectral_spread": {
        "dmean": 772704.4375,
        "dmean2": 1082839.625,
        "dvar": 3.7045707735e+12,
        "dvar2": 4.19192215962e+12,
        "max": 31573778,
        "mean": 8180568.5,
        "median": 7807900.5,
        "min": 3525547.5,
        "stdev": 3156437,
        "var": 9.96309414707e+12
    },
    "spectral_strongpeak": {
        "dmean": 0.658324658871,
        "dmean2": 1.22923052311,
        "dvar": 11.2424125671,
        "dvar2": 33.3376541138,
        "max": 36.6347732544,
        "mean": 0.626482307911,
        "median": 0.332147091627,
        "min": 0,
        "stdev": 2.45015883446,
        "var": 6.00327825546
    },
    "zerocrossingrate": {
        "dmean": 0.0135816968977,
        "dmean2": 0.0157597735524,
        "dvar": 0.000492578779813,
        "dvar2": 0.000546407594811,
        "max": 0.42431640625,
        "mean": 0.0610263980925,
        "median": 0.0400390625,
        "min": 0.00341796875,
        "stdev": 0.0555404238403,
        "var": 0.00308473873883
    },
    "barkbands": {
        "dmean": [0.00882106740028, 0.0182246342301, 0.00422066496685, 0.00824731122702, 0.00258557032794, 0.00143655156717, 0.000193510873942, 0.000174727611011, 0.000273995188763, 0.00033203381463, 0.000142431541462, 0.000207952907658, 0.000182338160812, 0.000193095387658, 0.000159488554345, 5.82864449825e-05, 8.16432220745e-05, 8.69666109793e-05, 9.22381150303e-05, 0.000119579970487, 7.49649698264e-05, 0.000140583681059, 0.000410091422964, 0.000508882454596, 0.000715141824912, 0.00190097698942, 0.000541422574315],
        "dmean2": [0.014835504815, 0.0319921970367, 0.00675982702523, 0.013978343457, 0.00450698798522, 0.00241648266092, 0.000327935471432, 0.000299291801639, 0.000420545664383, 0.000603361288086, 0.000244652852416, 0.000379098462872, 0.000329192989739, 0.000340285943821, 0.00026591369533, 9.78421085165e-05, 0.000138473813422, 0.000119115415146, 0.000141305674333, 0.000196088396478, 0.000116731265734, 0.000207586897886, 0.000583225744776, 0.000823075941298, 0.00129227107391, 0.0028373026289, 0.000877177866641],
        "dvar": [0.000555871927645, 0.00388616533019, 0.000398614414735, 0.000377254269551, 2.78609259112e-05, 8.75600198924e-06, 2.19113644562e-07, 4.08215925063e-07, 1.97114945877e-06, 3.05261551148e-06, 4.25032311568e-07, 1.14477074931e-06, 1.18290267892e-06, 1.3451436871e-06, 8.44709063585e-07, 5.57938797385e-08, 1.98801402007e-07, 1.37697114155e-07, 1.81833215152e-07, 1.53270079295e-07, 9.72412124156e-08, 6.62191894207e-07, 4.19361094828e-06, 1.807238732e-05, 3.9832382754e-05, 0.000259614520473, 2.2563022867e-05],
        "dvar2": [0.0014656491112, 0.00809916853905, 0.000854954938404, 0.00116485159378, 8.32195946714e-05, 2.26987449423e-05, 5.89398837292e-07, 1.06794254862e-06, 4.69648284707e-06, 7.21990545571e-06, 1.0624657989e-06, 3.40611290994e-06, 3.3655264815e-06, 3.71710575564e-06, 2.2478552637e-06, 1.37207095463e-07, 5.62225295653e-07, 2.96515395348e-07, 4.27378296308e-07, 3.81348939982e-07, 1.68258395661e-07, 1.10784480967e-06, 7.2909060691e-06, 3.74182163796e-05, 7.4855350249e-05, 0.000608493515756, 4.690683636e-05],
        "max": [0.197725117207, 0.806805312634, 0.273862868547, 0.219869583845, 0.060524661094, 0.0255758929998, 0.0044654305093, 0.00698806066066, 0.0168520994484, 0.0159636363387, 0.00706617394462, 0.0114779723808, 0.0120733845979, 0.0131256114691, 0.0110098076984, 0.00278247985989, 0.00511210411787, 0.00428473437205, 0.0051137059927, 0.00306678446941, 0.00436328491196, 0.0116247627884, 0.0233297646046, 0.0532165281475, 0.0737391412258, 0.202228426933, 0.0589382685721],
        "mean": [0.0113634839654, 0.0208599939942, 0.00479791639373, 0.0134212234989, 0.00351881212555, 0.00205414160155, 0.000255308579654, 0.000199185931706, 0.000256749161053, 0.000304849148961, 0.000151230429765, 0.000187257377547, 0.000154475681484, 0.00015546673967, 0.000147602200741, 7.40821487852e-05, 8.12722500996e-05, 9.97629176709e-05, 0.000113936024718, 0.000175868917722, 0.000122916622786, 0.000200278693228, 0.000564326066524, 0.000551315373741, 0.000927449204028, 0.00184370530769, 0.000516441417858],
        "median": [0.0059933247976, 0.00995918549597, 0.000949169509113, 0.00898212939501, 0.00220136577263, 0.00138728192542, 0.000130117216031, 6.04302003921e-05, 4.33932145825e-05, 3.18587008223e-05, 3.038025352e-05, 3.16683253914e-05, 2.63015172095e-05, 1.9105087631e-05, 1.84966647794e-05, 1.52989650815e-05, 2.1331350581e-05, 2.56312960119e-05, 4.45282130386e-05, 4.90193597216e-05, 4.87919569423e-05, 6.81148303556e-05, 9.07058420125e-05, 7.49432074372e-05, 0.000110604101792, 0.000112448105938, 2.22069393203e-05],
        "min": [3.2636435221e-11, 2.51681696317e-11, 3.86580394432e-12, 1.56935619014e-12, 4.12281623771e-12, 3.34286721568e-12, 3.48491049386e-12, 2.87779348962e-12, 2.75031126346e-12, 8.17252949342e-13, 1.45118877852e-12, 1.74045283394e-12, 2.2680590045e-12, 8.31237964745e-13, 2.23702176574e-12, 7.20929392573e-12, 1.16854642282e-11, 4.90476409487e-12, 1.80070455075e-11, 9.35379811801e-12, 1.17847710757e-11, 1.22425437843e-11, 1.99094230685e-11, 1.11747512285e-11, 2.65180551129e-11, 4.17966425359e-11, 5.61685142841e-11],
        "stdev": [0.0238739866763, 0.0671780407429, 0.0234546493739, 0.0194051787257, 0.00572737772018, 0.00293699651957, 0.000451036088634, 0.000578628852963, 0.00131837197114, 0.00164391263388, 0.000622953579295, 0.000847534858622, 0.000855594291352, 0.0009439161513, 0.00081272755051, 0.000260510627413, 0.000374080525944, 0.000394931295887, 0.000417540548369, 0.000475718348753, 0.000393904250814, 0.000976616283879, 0.00257519306615, 0.00437558908015, 0.00682745873928, 0.0151957189664, 0.00483306730166],
        "var": [0.000569967203774, 0.00451288931072, 0.000550120603293, 0.000376560958102, 3.28028581862e-05, 8.62594879436e-06, 2.03433557999e-07, 3.34811346647e-07, 1.73810451543e-06, 2.70244890999e-06, 3.88071129009e-07, 7.18315334325e-07, 7.32041598894e-07, 8.90977673862e-07, 6.60526097818e-07, 6.7865791209e-08, 1.39936247479e-07, 1.55970724336e-07, 1.74340115677e-07, 2.26307960816e-07, 1.55160563509e-07, 9.53779476731e-07, 6.63161972625e-06, 1.9145780243e-05, 4.66141900688e-05, 0.000230909878155, 2.33585396927e-05]
    },
    "erbbands": {
        "dmean": [0.87604957819, 3.11292982101, 4.0887928009, 17.5088882446, 19.7646827698, 4.73742294312, 7.68669986725, 12.4975318909, 3.92339920998, 3.33561110497, 3.7857401371, 5.47298240662, 11.614071846, 6.96432924271, 6.00685310364, 8.3379201889, 8.45941734314, 7.19674015045, 12.4803752899, 4.45931243896, 4.13529253006, 3.98681211472, 3.36501288414, 6.49918556213, 3.7084543705, 5.95143604279, 2.99744749069, 3.62262248993, 3.53987336159, 14.0150146484, 9.17133140564, 7.85352516174, 9.97945022583, 6.20941257477, 6.41218900681, 6.85589456558, 3.94525289536, 0.532210290432, 0.103238269687, 0.00689721759409],
        "dmean2": [1.55655705929, 5.21388530731, 6.77702999115, 30.0723381042, 32.6595497131, 7.89787721634, 12.8580608368, 21.2500190735, 6.79727506638, 5.51332902908, 5.90688276291, 8.63824748993, 20.9352359772, 12.7779693604, 9.80066204071, 15.2551612854, 15.0585641861, 12.4796257019, 22.6159820557, 7.67258548737, 6.78666639328, 6.54982328415, 4.86128139496, 10.3171396255, 5.8763422966, 9.1081867218, 4.76389074326, 5.64306545258, 4.83773088455, 21.3229732513, 12.8366394043, 14.2500228882, 15.3096723557, 11.4103574753, 11.2538480759, 10.6167392731, 6.00424098969, 0.902928769588, 0.159436106682, 0.0106065729633],
        "dvar": [4.21113729477, 174.431152344, 301.347045898, 2468.2121582, 2120.11523438, 54.2061424255, 359.872283936, 502.048492432, 68.7891769409, 58.5073471069, 188.393417358, 792.368591309, 4383.70654297, 984.368103027, 623.741455078, 2439.22021484, 2719.64355469, 1656.62524414, 7373.20556641, 335.962799072, 401.567382812, 392.286987305, 194.018890381, 932.476989746, 246.719512939, 357.617095947, 146.443511963, 274.786712646, 270.157958984, 4958.37597656, 2589.20336914, 4588.96630859, 6914.60888672, 3048.84521484, 3015.77075195, 3227.46289062, 1144.28686523, 22.1383552551, 0.804747998714, 0.00363150169142],
        "dvar2": [7.61295127869, 402.824737549, 520.326843262, 6953.46923828, 6728.79736328, 114.840843201, 925.537780762, 1280.55749512, 166.328903198, 144.75604248, 458.491485596, 1665.28015137, 10287.2548828, 2255.42749023, 1528.6796875, 7413.734375, 7833.89794922, 4569.52246094, 21044.1289062, 750.384643555, 1062.78747559, 1073.4342041, 380.39666748, 2106.92382812, 543.84967041, 805.284912109, 262.973999023, 507.580718994, 382.00201416, 8306.74609375, 4792.55371094, 8641.07714844, 15062.8857422, 5706.97070312, 5791.36181641, 7076.84326172, 2736.06005859, 44.0591697693, 1.75995838642, 0.0087733194232],
        "max": [26.552400589, 169.35597229, 223.85836792, 640.26574707, 515.917724609, 84.5217895508, 178.822891235, 177.557052612, 75.4150924683, 61.6882896423, 134.010314941, 340.21697998, 621.543395996, 273.575836182, 271.557098389, 542.223266602, 574.929260254, 461.667755127, 987.150024414, 186.971160889, 239.209442139, 231.894714355, 167.623458862, 318.493743896, 181.040496826, 215.998275757, 152.519424438, 235.297698975, 249.409179688, 887.534301758, 697.162719727, 787.054748535, 1055.18591309, 635.904785156, 657.864562988, 714.687316895, 422.282501221, 57.2645111084, 11.2618045807, 0.753113925457],
        "mean": [0.971721947193, 3.3316860199, 5.62838697433, 24.6616516113, 33.0731010437, 7.76429605484, 10.0803384781, 18.6600189209, 5.53348779678, 4.35313844681, 4.12692403793, 5.79836082458, 10.40001297, 7.30126810074, 6.53360128403, 7.39174985886, 7.19700336456, 6.23118686676, 9.90889358521, 5.39445018768, 4.5979719162, 4.34601974487, 4.49250650406, 7.34988594055, 5.40677309036, 9.31422424316, 5.13543844223, 5.35627603531, 5.7116856575, 19.8644695282, 11.8768720627, 10.2018642426, 9.92781448364, 7.97747278214, 8.03422927856, 7.38262462616, 3.64822149277, 0.564569056034, 0.093595944345, 0.00560810789466],
        "median": [0.576731204987, 1.21282422543, 1.56087183952, 14.1664867401, 23.81341362, 4.74267530441, 5.7492389679, 13.3013801575, 3.18437194824, 1.86021363735, 1.01303493977, 1.04975426197, 0.985889196396, 1.07284116745, 1.31314659119, 1.26252102852, 1.23273825645, 1.09435391426, 0.989225447178, 0.880780160427, 0.831783950329, 1.23375940323, 1.3349571228, 2.00435709953, 2.07824373245, 2.34695911407, 2.14623379707, 1.97287535667, 2.00632548332, 2.84965777397, 2.32785820961, 1.79979348183, 1.24229288101, 1.08322560787, 0.904941082001, 0.557529091835, 0.177026167512, 0.0376064069569, 0.00418034056202, 0.000267256662482],
        "min": [1.2541053751e-09, 3.85754272969e-09, 5.172316353e-09, 5.07794828408e-09, 5.73814773475e-09, 1.54166936994e-08, 2.9937641699e-08, 2.50631764231e-08, 4.24474926319e-08, 6.05969461276e-08, 6.62601919998e-08, 6.66257022885e-08, 3.01117708545e-08, 3.63007544024e-08, 5.53242820445e-08, 8.57862545445e-08, 1.07545197636e-07, 3.91476362438e-08, 4.8596259461e-08, 2.35947098304e-07, 5.52664005227e-07, 6.12021324287e-07, 3.20774830698e-07, 4.51966769788e-07, 9.34954471177e-07, 4.51130574675e-07, 5.46449314243e-07, 4.39013945197e-07, 4.14814422811e-07, 5.39536301858e-07, 5.42102839063e-07, 2.84572564624e-07, 2.13001598581e-07, 2.24806854021e-07, 1.99485484131e-07, 1.74630429228e-07, 7.36440597393e-08, 2.02748697831e-08, 7.35169169985e-09, 1.02261787926e-09],
        "stdev": [2.41959190369, 13.4762220383, 22.7887783051, 53.1051864624, 45.2084350586, 10.8673830032, 18.9348106384, 23.0228385925, 8.64446163177, 8.02731800079, 13.2609062195, 28.5782146454, 61.8346366882, 31.8895244598, 24.1214294434, 38.0311775208, 40.5720176697, 33.2244186401, 68.7679214478, 19.5794429779, 19.4673194885, 17.6213569641, 15.7141666412, 30.6309909821, 16.8574733734, 27.3499546051, 15.3277711868, 19.5505657196, 22.4468917847, 90.7042160034, 58.7870140076, 73.0992736816, 83.1093673706, 59.9896125793, 58.7181282043, 56.2723731995, 31.273727417, 4.91070842743, 0.887805223465, 0.05546836555],
        "var": [5.85442447662, 181.608551025, 519.328430176, 2820.16088867, 2043.80249023, 118.100013733, 358.527069092, 530.051086426, 74.7267227173, 64.437828064, 175.851638794, 816.714355469, 3823.52246094, 1016.94171143, 581.843322754, 1446.37060547, 1646.08874512, 1103.86206055, 4729.02734375, 383.35458374, 378.976501465, 310.512237549, 246.935043335, 938.257568359, 284.174407959, 748.020019531, 234.940567017, 382.224609375, 503.862945557, 8227.25488281, 3455.91308594, 5343.50341797, 6907.16699219, 3598.75341797, 3447.81860352, 3166.58007812, 978.046020508, 24.1150569916, 0.788198113441, 0.00307673960924]
    },
    "gfcc": {
        "mean": [-4.40800046921, 64.9711151123, -32.7871665955, 40.6006469727, -37.7684593201, 14.0927724838, -35.1160087585, 3.17218017578, -31.451461792, 6.55409049988, -16.2050666809, 7.69154596329, -14.0550556183],
        "cov": [[7557.43017578, -1245.41760254, 31.1482620239, 104.538925171, -254.748840332, 446.439727783, -32.5480537415, 191.18006897, -159.628005981, 34.3283805847, -267.904327393, 20.4638442993, -220.908508301], [-1245.41760254, 1515.95983887, -194.633148193, -148.705993652, 241.867996216, -203.415802002, 32.0790176392, -111.299247742, 97.1959838867, -40.9372329712, 147.250335693, -57.3630142212, 189.604629517], [31.1482620239, -194.633148193, 221.175750732, 53.5141487122, -73.9013519287, -18.7442798615, -34.558052063, -2.40602493286, -29.2403945923, -2.93614220619, -15.0223417282, 33.96484375, -40.0785903931], [104.538925171, -148.705993652, 53.5141487122, 139.316604614, -3.2474219799, 11.3885879517, 0.714357614517, 1.24870622158, -37.0935821533, 25.0028305054, -2.02267098427, 3.78941321373, -30.1424751282], [-254.748840332, 241.867996216, -73.9013519287, -3.2474219799, 112.410636902, -9.98996257782, 16.0615215302, -21.9509983063, 24.425825119, -0.346024215221, 28.7826118469, -18.2525520325, 38.6726913452], [446.439727783, -203.415802002, -18.7442798615, 11.3885879517, -9.98996257782, 126.127464294, 2.93313121796, 29.3007106781, 6.20700645447, 2.34144449234, -28.9088726044, 14.3994731903, -47.4917793274], [-32.5480537415, 32.0790176392, -34.558052063, 0.714357614517, 16.0615215302, 2.93313121796, 50.1601867676, 18.0876197815, -2.40399932861, 6.92260169983, 12.763674736, -18.5285625458, 14.4340801239], [191.18006897, -111.299247742, -2.40602493286, 1.24870622158, -21.9509983063, 29.3007106781, 18.0876197815, 56.5339775085, -0.713240742683, 12.804693222, -12.1673088074, -1.25355529785, -11.5255994797], [-159.628005981, 97.1959838867, -29.2403945923, -37.0935821533, 24.425825119, 6.20700645447, -2.40399932861, -0.713240742683, 62.5158882141, 0.129055246711, 13.1394786835, 9.19991111755, 15.4427585602], [34.3283805847, -40.9372329712, -2.93614220619, 25.0028305054, -0.346024215221, 2.34144449234, 6.92260169983, 12.804693222, 0.129055246711, 40.9467468262, 12.7641477585, -1.67991280556, 2.39090633392], [-267.904327393, 147.250335693, -15.0223417282, -2.02267098427, 28.7826118469, -28.9088726044, 12.763674736, -12.1673088074, 13.1394786835, 12.7641477585, 48.9113311768, 3.15239071846, 27.043170929], [20.4638442993, -57.3630142212, 33.96484375, 3.78941321373, -18.2525520325, 14.3994731903, -18.5285625458, -1.25355529785, 9.19991111755, -1.67991280556, 3.15239071846, 46.2045783997, -8.33638191223], [-220.908508301, 189.604629517, -40.0785903931, -30.1424751282, 38.6726913452, -47.4917793274, 14.4340801239, -11.5255994797, 15.4427585602, 2.39090633392, 27.043170929, -8.33638191223, 64.8500747681]],
        "icov": [[0.000214240615605, -8.2737118646e-05, 5.23831695318e-05, -3.8335158024e-05, 0.000330888899043, -0.000747537007555, 0.000190132675925, -0.000216928863665, 0.000533041718882, -0.000396414136048, 0.000824653310701, -2.97601436614e-05, -0.00029941656976], [-8.2737118646e-05, 0.00210549822077, 0.00029401035863, 0.000868779432494, -0.00236619194038, 0.00175776192918, 0.000754995387979, 0.000654758187011, -0.00114588369615, 0.00263892486691, -0.0041489857249, 0.00161125825252, -0.00109273323324], [5.23831695318e-05, 0.00029401035863, 0.00823935773224, -0.00262972596101, 0.00322767416947, 0.00329823442735, 0.00225083855912, -0.000498866662383, 0.000511969963554, 0.00197323714383, -0.000738902192097, -0.00385426334105, 0.00270758103579], [-3.8335158024e-05, 0.000868779432494, -0.00262972596101, 0.0135266529396, -0.00630042003468, 0.00142947223503, -0.00272386521101, 0.00230780942366, 0.00643393443897, -0.0084026735276, -0.000102031131973, -0.00248547783121, 0.0063125193119], [0.000330888899043, -0.00236619194038, 0.00322767416947, -0.00630042003468, 0.0218464247882, -0.00717458548024, 0.000449784391094, 0.00412938324735, -0.00390383135527, 0.00195669312961, -0.00182543613482, 0.00571490637958, -0.00818333867937], [-0.000747537007555, 0.00175776192918, 0.00329823442735, 0.00142947223503, -0.00717458548024, 0.0213037468493, -0.00576786883175, -0.00250678579323, -0.00480001838878, 4.29198880738e-05, 0.00323041738011, -0.00854217913002, 0.0144315287471], [0.000190132675925, 0.000754995387979, 0.00225083855912, -0.00272386521101, 0.000449784391094, -0.00576786883175, 0.0386947393417, -0.0150696095079, 0.00406664516777, 0.00739176152274, -0.016999328509, 0.0154306860641, -0.00938616786152], [-0.000216928863665, 0.000654758187011, -0.000498866662383, 0.00230780942366, 0.00412938324735, -0.00250678579323, -0.0150696095079, 0.0314612053335, -0.00353097193874, -0.0103720463812, 0.00823663920164, -0.00187137618195, 0.000306289788568], [0.000533041718882, -0.00114588369615, 0.000511969963554, 0.00643393443897, -0.00390383135527, -0.00480001838878, 0.00406664516777, -0.00353097193874, 0.026688510552, -0.0049542109482, -0.000546390481759, -0.00672134850174, -0.00105577870272], [-0.000396414136048, 0.00263892486691, 0.00197323714383, -0.0084026735276, 0.00195669312961, 4.29198880738e-05, 0.00739176152274, -0.0103720463812, -0.0049542109482, 0.042388483882, -0.0223333500326, 0.00905064493418, -0.00628236774355], [0.000824653310701, -0.0041489857249, -0.000738902192097, -0.000102031131973, -0.00182543613482, 0.00323041738011, -0.016999328509, 0.00823663920164, -0.000546390481759, -0.0223333500326, 0.0542782992125, -0.017843529582, -0.000837442057673], [-2.97601436614e-05, 0.00161125825252, -0.00385426334105, -0.00248547783121, 0.00571490637958, -0.00854217913002, 0.0154306860641, -0.00187137618195, -0.00672134850174, 0.00905064493418, -0.017843529582, 0.0391854010522, -0.00803533103317], [-0.00029941656976, -0.00109273323324, 0.00270758103579, 0.0063125193119, -0.00818333867937, 0.0144315287471, -0.00938616786152, 0.000306289788568, -0.00105577870272, -0.00628236774355, -0.000837442057673, -0.00803533103317, 0.0395941324532]]
    },
    "melbands": {
        "dmean": [0.00652233697474, 0.00262673432007, 0.0029924348928, 0.000733937020414, 0.000245114439167, 0.000269797397777, 5.51603989152e-05, 3.640020077e-05, 3.13254713546e-05, 3.78507684218e-05, 5.69439944229e-05, 2.80184449366e-05, 1.91381059267e-05, 2.27176551562e-05, 2.23480474233e-05, 1.50419946294e-05, 1.36096814458e-05, 2.28853659792e-05, 9.41484813666e-06, 3.67816755897e-06, 5.65408254261e-06, 4.96056554766e-06, 2.47290222433e-06, 3.99748523705e-06, 5.85521866014e-06, 2.51216783909e-06, 3.41138661497e-06, 4.18948548031e-06, 2.09203585655e-06, 1.51867288878e-06, 2.52481891039e-06, 1.79361950359e-06, 3.06044717036e-06, 1.076798344e-05, 5.52267329113e-06, 4.45905880042e-06, 5.55028327653e-06, 8.57509166963e-06, 4.78630909129e-06, 6.09661583439e-06],
        "dmean2": [0.0115037150681, 0.00368655705824, 0.0050408677198, 0.00124808959663, 0.000404450227506, 0.000459501228761, 9.66730949585e-05, 6.18766134721e-05, 4.91791906825e-05, 5.90454583289e-05, 0.000103761834907, 5.23730777786e-05, 3.11250114464e-05, 4.02340920118e-05, 4.11675973737e-05, 2.68062431132e-05, 2.35727839026e-05, 4.17089868279e-05, 1.47806358655e-05, 5.67652887185e-06, 9.81129505817e-06, 8.70275653142e-06, 3.7859015265e-06, 5.71951341044e-06, 9.23828156374e-06, 4.40014264314e-06, 5.89145611229e-06, 6.29784517514e-06, 3.46739602719e-06, 2.48250398727e-06, 3.7727140807e-06, 2.48147716775e-06, 4.60556293547e-06, 1.6273723304e-05, 7.79371384851e-06, 6.4422874857e-06, 9.45718238654e-06, 1.26634258777e-05, 7.62193803894e-06, 1.05219833131e-05],
        "dvar": [0.000392296467908, 9.425997996e-05, 6.99454030837e-05, 2.30067303164e-06, 3.42790258401e-07, 2.59250356294e-07, 1.51575623164e-08, 9.2931227158e-09, 1.47723380195e-08, 3.88598557777e-08, 1.06039145464e-07, 1.52171217849e-08, 6.87338674865e-09, 9.73980007757e-09, 2.48413805082e-08, 6.82170320232e-09, 5.86076787101e-09, 2.52663365785e-08, 1.94168570111e-09, 1.37612712892e-10, 9.20036269392e-10, 7.66124330642e-10, 7.38461861105e-11, 2.89543833354e-10, 7.74285524585e-10, 1.16545384454e-10, 2.26691304617e-10, 1.77491160658e-10, 9.0835297617e-11, 2.37774348821e-11, 1.74866315872e-10, 6.61508764432e-11, 2.71552891284e-10, 3.55669382834e-09, 8.3095458292e-10, 1.07210373912e-09, 2.0353880803e-09, 5.13761388987e-09, 1.55294366255e-09, 2.53400167516e-09],
        "dvar2": [0.00079755007755, 0.000137404102134, 0.000202714087209, 6.92388721291e-06, 8.79167942003e-07, 6.65275024403e-07, 3.71524109255e-08, 2.30343690788e-08, 3.52382940605e-08, 8.46974117508e-08, 2.50075487429e-07, 3.5300303125e-08, 1.66940505864e-08, 2.82539751595e-08, 7.29883709027e-08, 1.96260625529e-08, 1.58761803704e-08, 7.24309288103e-08, 4.77094053153e-09, 2.56515725328e-10, 2.55049781295e-09, 2.1795876215e-09, 1.51551757255e-10, 5.83179116109e-10, 1.82992831999e-09, 2.25691007549e-10, 6.14902573304e-10, 3.82784665076e-10, 1.73415906635e-10, 4.47208797771e-11, 3.57343737933e-10, 9.1129603863e-11, 4.66773286689e-10, 5.88481485764e-09, 1.49141143879e-09, 2.19705720284e-09, 4.0226022513e-09, 1.17594849414e-08, 3.18061244009e-09, 4.74794870087e-09],
        "max": [0.258317351341, 0.148336663842, 0.106833539903, 0.0183630809188, 0.00578592345119, 0.00421193055809, 0.00116808153689, 0.000937050557695, 0.00116728758439, 0.00239280168898, 0.00296349520795, 0.001009218744, 0.00092330010375, 0.00101113552228, 0.00176206661854, 0.000895225501154, 0.000871009833645, 0.00181576667819, 0.00049926788779, 0.000129330786876, 0.000353242241545, 0.000318043399602, 9.11696843104e-05, 0.000197144720005, 0.000291119184112, 0.000116850060294, 0.000152644715854, 0.000171414518263, 0.000115051378089, 5.89883456996e-05, 0.000186407851288, 0.000122604964417, 0.000236959647737, 0.000830154342111, 0.000388303335058, 0.000444347562734, 0.000551327655558, 0.000909179507289, 0.000499066256452, 0.0006189950509],
        "mean": [0.00791068561375, 0.00351393246092, 0.00489420630038, 0.00126134755556, 0.000341299804859, 0.000400907883886, 7.4833034887e-05, 4.68424950668e-05, 3.33626339852e-05, 3.79972771043e-05, 5.12629339937e-05, 2.91725591524e-05, 2.1147678126e-05, 2.12796603591e-05, 1.9017033992e-05, 1.27615739984e-05, 1.16573855848e-05, 1.73853768501e-05, 9.63714683166e-06, 5.0515136536e-06, 5.63977937418e-06, 4.85037389808e-06, 3.39581038133e-06, 4.79311802337e-06, 6.22006609774e-06, 3.92892479795e-06, 4.19473280999e-06, 6.69756718708e-06, 3.17946751238e-06, 2.77916683444e-06, 3.24568736687e-06, 2.72055081041e-06, 4.29897818321e-06, 1.51262402142e-05, 7.06942864781e-06, 5.18358592672e-06, 6.45009095024e-06, 7.92232822278e-06, 5.22722393725e-06, 7.31035970603e-06],
        "median": [0.0041795396246, 0.00120904599316, 0.00310839852318, 0.000906669127289, 0.000198912792257, 0.000296557293041, 4.10668362747e-05, 1.9070936105e-05, 7.4005292845e-06, 6.17512660028e-06, 4.92482331538e-06, 4.0456966417e-06, 4.57139640275e-06, 4.06613798987e-06, 3.02453895529e-06, 2.38981556322e-06, 1.86782915534e-06, 1.50597691118e-06, 1.38214693379e-06, 1.04187324723e-06, 9.10920732622e-07, 1.25288522668e-06, 1.0989878092e-06, 1.27138935113e-06, 1.64504581335e-06, 1.67736868661e-06, 1.14063550427e-06, 1.59303635883e-06, 1.07886808109e-06, 1.16988042009e-06, 9.8980990515e-07, 7.68413883634e-07, 1.51510141677e-06, 1.39674273214e-06, 1.26432053094e-06, 1.28513090658e-06, 8.59977774326e-07, 8.08219340342e-07, 7.4087398616e-07, 9.15387261102e-07],
        "min": [1.06593874352e-11, 3.37589461594e-12, 8.83450430866e-13, 6.99050192732e-13, 1.02603895432e-12, 5.89232276253e-13, 6.67655926205e-13, 6.59975492225e-13, 5.61080207902e-13, 3.83152602527e-13, 1.37026363021e-13, 1.35539935395e-13, 1.98028632338e-13, 1.628945866e-13, 3.15660420979e-13, 1.56771676803e-13, 6.84073091684e-14, 6.55772094613e-14, 2.09432541838e-13, 3.36127122229e-13, 7.80529395457e-13, 7.33641825675e-13, 4.0089562529e-13, 1.54720271425e-13, 3.50555630531e-13, 8.02557239415e-13, 3.85711102814e-13, 2.94701681678e-13, 3.87542618439e-13, 2.12428951383e-13, 3.03651472456e-13, 2.03259094668e-13, 2.72303935043e-13, 3.14239302981e-13, 2.80968824595e-13, 2.70454204821e-13, 1.63342687358e-13, 1.24041971356e-13, 1.86807831031e-13, 1.95325716322e-13],
        "stdev": [0.0217720363289, 0.0134352557361, 0.00888418871909, 0.00168273679446, 0.000594263896346, 0.000513584294822, 0.000126053331769, 9.70922628767e-05, 0.000117355368275, 0.000196050925297, 0.000303390668705, 0.000125180551549, 8.07470787549e-05, 8.30711651361e-05, 0.000120221571706, 6.46638509352e-05, 6.34293464827e-05, 0.000126238621306, 4.25040234404e-05, 1.51789918164e-05, 2.72992347163e-05, 2.29497054534e-05, 9.93732192001e-06, 1.86928937183e-05, 2.70110085694e-05, 1.18426532936e-05, 1.42107073771e-05, 2.06220029213e-05, 1.13944779514e-05, 6.58412045595e-06, 1.44271771205e-05, 1.13258438432e-05, 1.95836328203e-05, 7.81191411079e-05, 3.41610320902e-05, 3.43399515259e-05, 4.77584326291e-05, 6.92295725457e-05, 4.11664987041e-05, 5.47173185623e-05],
        "var": [0.000474021595437, 0.000180506089237, 7.89288023952e-05, 2.83160329673e-06, 3.53149545163e-07, 2.63768839659e-07, 1.58894426505e-08, 9.42690814298e-09, 1.37722828697e-08, 3.84359672978e-08, 9.20459015674e-08, 1.56701709386e-08, 6.52009024549e-09, 6.90081858323e-09, 1.44532261714e-08, 4.18141343772e-09, 4.02328215188e-09, 1.59361910335e-08, 1.80659209814e-09, 2.30401794865e-10, 7.45248251999e-10, 5.26688970215e-10, 9.8750375932e-11, 3.49424295054e-10, 7.29594606952e-10, 1.40248437863e-10, 2.01944211353e-10, 4.25266988291e-10, 1.29834129559e-10, 4.33506425201e-11, 2.08143446923e-10, 1.28274738054e-10, 3.83518689029e-10, 6.10259975886e-09, 1.16697618235e-09, 1.17923237841e-09, 2.28086771692e-09, 4.79273332132e-09, 1.69468072908e-09, 2.99398483783e-09]
    },
    "melbands128": {
