{
"lowlevel": {
    "average_loudness": 0.99068403244,
    "barkbands_crest": {
        "dmean": 2.67029976845,
        "dmean2": 4.29729413986,
        "dvar": 11.4537630081,
        "dvar2": 13.8895463943,
        "max": 26.6249046326,
        "mean": 8.15187263489,
        "median": 6.57089567184,
        "min": 2.44932413101,
        "stdev": 6.54686689377,
        "var": 42.8614654541
    },
    "barkbands_flatness_db": {
        "dmean": 0.0366593897343,
        "dmean2": 0.0517565272748,
        "dvar": 0.00417457381263,
        "dvar2": 0.00700931111351,
        "max": 0.465382546186,
        "mean": 0.109330095351,
        "median": 0.0837756618857,
        "min": 0.0582870692015,
        "stdev": 0.0913022309542,
        "var": 0.00833609700203
    },
    "barkbands_kurtosis": {
        "dmean": 74.1750564575,
        "dmean2": 120.966156006,
        "dvar": 57788.1484375,
        "dvar2": 148018.375,
        "max": 1179.18591309,
        "mean": 53.3378791809,
        "median": -0.344509601593,
        "min": -1.71518731117,
        "stdev": 216.442993164,
        "var": 46847.5703125
    },
    "barkbands_skewness": {
        "dmean": 2.24602532387,
        "dmean2": 3.12513232231,
        "dvar": 36.4713439941,
        "dvar2": 80.3989181519,
        "max": 33.3063659668,
        "mean": 2.56459283829,
        "median": 0.909843504429,
        "min": -0.346967548132,
        "stdev": 6.70033359528,
        "var": 44.8944702148
    },
    "barkbands_spread": {
        "dmean": 9.06602859497,
        "dmean2": 14.1902761459,
        "dvar": 161.631942749,
        "dvar2": 218.357788086,
        "max": 118.179611206,
        "mean": 45.0187530518,
        "median": 23.1753940582,
        "min": 0.4541272223,
        "stdev": 33.0561904907,
        "var": 1092.71179199
    },
    "dissonance": {
        "dmean": 0.00945139024407,
        "dmean2": 0.0152514278889,
        "dvar": 0.000186922567082,
        "dvar2": 0.000445435376605,
        "max": 0.499699413776,
        "mean": 0.484380990267,
        "median": 0.485694676638,
        "min": 0.440803408623,
        "stdev": 0.0138195371255,
        "var": 0.000190979611943
    },
    "dynamic_complexity": 18.4724273682,
    "erbbands_crest": {
        "dmean": 0.83425194025,
        "dmean2": 1.46793377399,
        "dvar": 0.663920879364,
        "dvar2": 1.63841593266,
        "max": 7.47840881348,
        "mean": 3.9471385479,
        "median": 3.67465186119,
        "min": 2.6264064312,
        "stdev": 1.13917732239,
        "var": 1.29772484303
    },
    "erbbands_flatness_db": {
        "dmean": 0.0111077055335,
        "dmean2": 0.0162676218897,
        "dvar": 0.000255082675721,
        "dvar2": 0.000317294499837,
        "max": 0.183163195848,
        "mean": 0.1001906991,
        "median": 0.0511133596301,
        "min": 0.029879514128,
        "stdev": 0.066156335175,
        "var": 0.00437666056678
    },
    "erbbands_kurtosis": {
        "dmean": 0.326342880726,
        "dmean2": 0.473041325808,
        "dvar": 0.0975791662931,
        "dvar2": 0.211544632912,
        "max": 0.404226541519,
        "mean": -0.529134571552,
        "median": -0.532848834991,
        "min": -1.29800498486,
        "stdev": 0.42450940609,
        "var": 0.180208235979
    },
    "erbbands_skewness": {
        "dmean": 0.160078540444,
        "dmean2": 0.259119421244,
        "dvar": 0.0149550549686,
        "dvar2": 0.0278346668929,
        "max": 0.322758436203,
        "mean": -0.298353433609,
        "median": -0.433368057013,
        "min": -1.04304695129,
        "stdev": 0.387663662434,
        "var": 0.150283113122
    },
    "erbbands_spread": {
        "dmean": 9.01307010651,
        "dmean2": 13.9801797867,
        "dvar": 350.428863525,
        "dvar2": 722.492614746,
        "max": 135.171691895,
        "mean": 63.9715614319,
        "median": 61.1393737793,
        "min": 20.7309799194,
        "stdev": 39.0068244934,
        "var": 1521.5324707
    },
    "hfc": {
        "dmean": 3.56944704056,
        "dmean2": 4.41423749924,
        "dvar": 89.0007476807,
        "dvar2": 191.327957153,
        "max": 81.6855773926,
        "mean": 8.78789710999,
        "median": 7.58925307309e-05,
        "min": 1.20409922602e-05,
        "stdev": 17.2242507935,
        "var": 296.674835205
    },
    "loudness_ebu128": {
        "integrated": -28.3486824036,
        "loudness_range": 0,
        "momentary": {
            "dmean": 14.8846244812,
            "dmean2": 9.35629749298,
            "dvar": 126.317779541,
            "dvar2": 45.072101593,
            "max": -24.9432125092,
            "mean": -45.4231147766,
            "median": -35.5304260254,
            "min": -84.4817123413,
            "stdev": 21.4807071686,
            "var": 461.420806885
        },
        "short_term": {
            "dmean": 0,
            "dmean2": 0,
            "dvar": 0,
            "dvar2": 0,
            "max": -33.6938247681,
            "mean": -33.6938247681,
            "median": -33.6938247681,
            "min": -33.6938247681,
            "stdev": 0,
            "var": 0
        }
    },
    "melbands_crest": {
        "dmean": 3.09532308578,
        "dmean2": 5.39089155197,
        "dvar": 31.8292388916,
        "dvar2": 47.6820373535,
        "max": 39.6071014404,
        "mean": 13.0773792267,
        "median": 14.5755653381,
        "min": 3.02241563797,
        "stdev": 10.2915210724,
        "var": 105.915405273
    },
    "melbands_flatness_db": {
        "dmean": 0.0319017544389,
        "dmean2": 0.0415466502309,
        "dvar": 0.0031941505149,
        "dvar2": 0.0045751677826,
        "max": 0.469359725714,
        "mean": 0.132279247046,
        "median": 0.149499744177,
        "min": 0.0376906208694,
        "stdev": 0.100603573024,
        "var": 0.0101210791618
    },
    "melbands_kurtosis": {
        "dmean": 134.435638428,
        "dmean2": 231.619903564,
        "dvar": 193600.140625,
        "dvar2": 520213.96875,
        "max": 2125.02148438,
        "mean": 103.817832947,
        "median": 11.9618654251,
        "min": -0.374181270599,
        "stdev": 377.768829346,
        "var": 142709.296875
    },
    "melbands_skewness": {
        "dmean": 2.72922444344,
        "dmean2": 4.109852314,
        "dvar": 56.0581932068,
        "dvar2": 132.552566528,
        "max": 42.1597099304,
        "mean": 4.8703417778,
        "median": 3.40053796768,
        "min": 0.240467563272,
        "stdev": 7.99909210205,
        "var": 63.9854774475
    },
    "melbands_spread": {
        "dmean": 7.22242355347,
        "dmean2": 10.0164165497,
        "dvar": 77.1489257812,
        "dvar2": 80.2583236694,
        "max": 68.6646728516,
        "mean": 33.428768158,
        "median": 28.5035114288,
        "min": 0.374311834574,
        "stdev": 16.715845108,
        "var": 279.419494629
    },
    "pitch_salience": {
        "dmean": 0.0786020755768,
        "dmean2": 0.102390572429,
        "dvar": 0.0105655165389,
        "dvar2": 0.012463950552,
        "max": 0.837440431118,
        "mean": 0.633666932583,
        "median": 0.670580327511,
        "min": 0.0310404114425,
        "stdev": 0.218604028225,
        "var": 0.0477877184749
    },
    "silence_rate_20dB": {
        "dmean": 0,
        "dmean2": 0,
        "dvar": 0,
        "dvar2": 0,
        "max": 1,
        "mean": 1,
        "median": 1,
        "min": 1,
        "stdev": 0,
        "var": 0
    },
    "silence_rate_30dB": {
        "dmean": 0,
        "dmean2": 0,
        "dvar": 0,
        "dvar2": 0,
        "max": 1,
        "mean": 1,
        "median": 1,
        "min": 1,
        "stdev": 0,
        "var": 0
    },
    "silence_rate_60dB": {
        "dmean": 0.03125,
        "dmean2": 0.0645161271095,
        "dvar": 0.0302734375,
        "dvar2": 0.0603537857533,
        "max": 1,
        "mean": 0.696969687939,
        "median": 1,
        "min": 0,
        "stdev": 0.459568232298,
        "var": 0.211202949286
    },
    "spectral_centroid": {
        "dmean": 171.470199585,
        "dmean2": 245.343612671,
        "dvar": 49308.265625,
        "dvar2": 64915.046875,
        "max": 3086.62939453,
        "mean": 2386.39526367,
        "median": 2680.48706055,
        "min": 1615.07043457,
        "stdev": 568.779846191,
        "var": 323510.53125
    },
    "spectral_complexity": {
        "dmean": 2.84375,
        "dmean2": 2.77419352531,
        "dvar": 35.8818359375,
        "dvar2": 66.4328842163,
        "max": 59,
        "mean": 10.7878789902,
        "median": 0,
        "min": 0,
        "stdev": 16.2214927673,
        "var": 263.136810303
    },
    "spectral_decrease": {
        "dmean": 2.69694461208e-10,
        "dmean2": 3.26323218447e-10,
        "dvar": 4.90509676341e-19,
        "dvar2": 9.99049925483e-19,
        "max": -3.39543903637e-16,
        "mean": -6.23537221855e-10,
        "median": -8.51230002284e-13,
        "min": -5.90721960236e-09,
        "stdev": 1.23550825126e-09,
        "var": 1.52648054997e-18
    },
    "spectral_energy": {
        "dmean": 0.00133738422301,
        "dmean2": 0.00162557011936,
        "dvar": 1.22266983453e-05,
        "dvar2": 2.5216191716e-05,
        "max": 0.0297043323517,
        "mean": 0.00315046310425,
        "median": 3.37049959853e-06,
        "min": 2.37367259182e-09,
        "stdev": 0.00622417405248,
        "var": 3.87403415516e-05
    },
    "spectral_energyband_high": {
        "dmean": 0.000234669118072,
        "dmean2": 0.000289913557936,
        "dvar": 3.08512397851e-07,
        "dvar2": 5.75702813421e-07,
        "max": 0.00585725763813,
        "mean": 0.000693006324582,
        "median": 3.12666936786e-09,
        "min": 8.25819024275e-10,
        "stdev": 0.00134798500221,
        "var": 1.81706354851e-06
    },
    "spectral_energyband_low": {
        "dmean": 3.24118514072e-06,
        "dmean2": 5.24687766301e-06,
        "dvar": 4.69523447899e-11,
        "dvar2": 9.60066123823e-11,
        "max": 4.19992029492e-05,
        "mean": 3.45230932908e-06,
        "median": 4.51673287216e-07,
        "min": 6.55737741884e-10,
        "stdev": 7.86379405326e-06,
        "var": 6.18392559382e-11
    },
    "spectral_energyband_middle_high": {
        "dmean": 0.00103779719211,
        "dmean2": 0.00127227592748,
        "dvar": 7.71021950641e-06,
        "dvar2": 1.61363841471e-05,
        "max": 0.021424934268,
        "mean": 0.00217085005715,
        "median": 7.60441376535e-10,
        "min": 1.41563316625e-10,
        "stdev": 0.0043357280083,
        "var": 1.87985388038e-05
    },
    "spectral_energyband_middle_low": {
        "dmean": 0.000105291044747,
        "dmean2": 0.00011249880481,
        "dvar": 5.59535990874e-08,
        "dvar2": 7.41559773587e-08,
        "max": 0.00262648402713,
        "mean": 0.00031589937862,
        "median": 6.0267955071e-09,
        "min": 3.01216468435e-10,
        "stdev": 0.000629505317193,
        "var": 3.96276931269e-07
    },
    "spectral_entropy": {
        "dmean": 0.0426327884197,
        "dmean2": 0.0656508132815,
        "dvar": 0.00333086634055,
        "dvar2": 0.00447919592261,
        "max": 8.82776737213,
        "mean": 8.40587234497,
        "median": 8.48076820374,
        "min": 8.19927215576,
        "stdev": 0.157682791352,
        "var": 0.0248638615012
    },
    "spectral_flux": {
        "dmean": 0.00450401939452,
        "dmean2": 0.00415850570425,
        "dvar": 6.4047446358e-05,
        "dvar2": 7.01540993759e-05,
        "max": 0.132355302572,
        "mean": 0.0252103190869,
        "median": 0.00182222074363,
        "min": 4.54159016954e-05,
        "stdev": 0.0346645489335,
        "var": 0.00120163091924
    },
    "spectral_kurtosis": {
        "dmean": 0.460585236549,
        "dmean2": 0.748068094254,
        "dvar": 0.253548294306,
        "dvar2": 0.523831665516,
        "max": 4.85567903519,
        "mean": 2.56553339958,
        "median": 2.72713851929,
        "min": 1.35162115097,
        "stdev": 0.989058971405,
        "var": 0.978237628937
    },
    "spectral_rms": {
        "dmean": 0.000214222687646,
        "dmean2": 0.000212456536246,
        "dvar": 1.56008141516e-07,
        "dvar2": 2.80685867438e-07,
        "max": 0.00538329221308,
        "mean": 0.00103021156974,
        "median": 5.73436336708e-05,
        "min": 1.52176812662e-06,
        "stdev": 0.0014185506152,
        "var": 2.01228590413e-06
    },
    "spectral_rolloff": {
        "dmean": 1814.84533691,
        "dmean2": 2874.33520508,
        "dvar": 5432642,
        "dvar2": 11604921,
        "max": 14405.7128906,
        "mean": 5653.44482422,
        "median": 4844.97070312,
        "min": 21.533203125,
        "stdev": 3426.35791016,
        "var": 11739928
    },
    "spectral_skewness": {
        "dmean": 0.0875202417374,
        "dmean2": 0.143986210227,
        "dvar": 0.00432678731158,
        "dvar2": 0.00782406330109,
        "max": 1.54041206837,
        "mean": 1.25679039955,
        "median": 1.23709821701,
        "min": 1.07816338539,
        "stdev": 0.124804094434,
        "var": 0.015576062724
    },
    "spectral_spread": {
        "dmean": 565261.6875,
        "dmean2": 949002.4375,
        "dvar": 1.2149784576e+12,
        "dvar2": 2.04539835187e+12,
        "max": 13620381,
        "mean": 7747041,
        "median": 10130522,
        "min": 4099437.25,
        "stdev": 3230177,
        "var": 1.04340431831e+13
    },
    "spectral_strongpeak": {
        "dmean": 0.204869225621,
        "dmean2": 0.285116523504,
        "dvar": 0.202424868941,
        "dvar2": 0.390051990747,
        "max": 2.57513332367,
        "mean": 0.282783061266,
        "median": 0.000413337023929,
        "min": 0,
        "stdev": 0.522022366524,
        "var": 0.272507369518
    },
    "zerocrossingrate": {
        "dmean": 0.0260009765625,
        "dmean2": 0.0287928432226,
        "dvar": 0.000973582267761,
        "dvar2": 0.000726661179215,
        "max": 0.296875,
        "mean": 0.161413937807,
        "median": 0.16064453125,
        "min": 0,
        "stdev": 0.0755740702152,
        "var": 0.00571144046262
    },
    "barkbands": {
        "dmean": [7.7540755683e-07, 3.12217139253e-07, 1.82079668321e-06, 3.63300637218e-06, 1.42776634675e-05, 1.36810431286e-05, 1.11190674943e-05, 2.9834367524e-05, 6.57807468087e-05, 9.35739590204e-05, 0.000123415287817, 9.50745597947e-05, 0.00014688592637, 0.000145972095197, 0.000136526039569, 0.000133516514325, 0.000150661348016, 0.000121217140986, 0.000133745474159, 0.000103993916127, 4.80603011965e-05, 6.40626749373e-05, 3.27104680764e-05, 2.84448888124e-05, 1.10166338345e-05, 6.75332557876e-06, 1.99615328711e-06],
        "dmean2": [1.02732019513e-06, 4.47229524525e-07, 3.11489657179e-06, 6.22076640866e-06, 2.49906897807e-05, 2.22562503041e-05, 1.35718219099e-05, 4.0312334022e-05, 9.21373866731e-05, 0.000114222937555, 0.00016749567294, 0.000142639211845, 0.000212142113014, 0.000199319110834, 0.000205144766369, 0.000187473749975, 0.000244443799602, 0.000186776946066, 0.000195450527826, 0.000126866871142, 5.82584470976e-05, 0.000108154330519, 4.52310232504e-05, 3.11865769618e-05, 1.07633786683e-05, 6.96061124472e-06, 2.51546498475e-06],
        "dvar": [2.18218368722e-12, 5.13049021669e-13, 1.51623383987e-11, 5.89622586866e-11, 1.28335864158e-09, 7.45516537393e-10, 3.95114690965e-10, 7.72597985588e-09, 3.25003348678e-08, 5.18223970403e-08, 6.61879511199e-08, 2.87325789827e-08, 1.08344380578e-07, 9.67028697119e-08, 1.0282310825e-07, 1.14195032097e-07, 1.58129992656e-07, 8.04492046313e-08, 1.48677159473e-07, 4.69643559597e-08, 1.25492949365e-08, 4.12600407174e-08, 6.49507070349e-09, 4.17257162155e-09, 5.04925379285e-10, 2.65256289156e-10, 2.99315294772e-11],
        "dvar2": [5.12145274106e-12, 5.51198951933e-13, 4.70625066695e-11, 1.26083019025e-10, 3.58737017869e-09, 1.33048261297e-09, 5.84501669287e-10, 8.59189874802e-09, 7.25128188606e-08, 9.45152294207e-08, 1.37980080694e-07, 5.67861100365e-08, 2.39356353404e-07, 1.64968668059e-07, 1.68257585642e-07, 2.69601457603e-07, 4.36772694457e-07, 2.06276624226e-07, 3.61458404541e-07, 8.79858603753e-08, 1.85932442776e-08, 9.14543107911e-08, 1.44702356764e-08, 9.02781049916e-09, 6.18922191276e-10, 5.06704123104e-10, 7.52297044104e-11],
        "max": [7.95862069936e-06, 5.02062903251e-06, 1.61821080837e-05, 4.38194183516e-05, 0.000217816690565, 0.000183724827366, 0.000205635878956, 0.000759395596106, 0.00136533146724, 0.00173752836417, 0.00139998435043, 0.00156036147382, 0.00269449665211, 0.00258926744573, 0.00201608124189, 0.00203450466506, 0.00241612223908, 0.00207353942096, 0.00245937006548, 0.00195527845062, 0.00134710234124, 0.00161913200282, 0.000710075022653, 0.000597135454882, 0.00029201558209, 0.000152886728756, 4.15631729993e-05],
        "mean": [8.15907981178e-07, 4.19136028995e-07, 1.48256322063e-06, 3.2855155041e-06, 1.86198394658e-05, 2.51082892646e-05, 2.89274757961e-05, 6.1164937506e-05, 0.000124754646095, 0.000161846110132, 0.000133338020532, 0.000188035759493, 0.000260989239905, 0.00027164578205, 0.000255470571574, 0.00019914751465, 0.000220338595682, 0.00021060333529, 0.000205248274142, 0.000221827343921, 0.000176684596227, 0.000167941238033, 8.38128471514e-05, 6.8354573159e-05, 3.88488224417e-05, 1.71169649548e-05, 4.47753745902e-06],
        "median": [1.42104861212e-08, 3.03867508933e-08, 1.51984613783e-09, 4.59676119391e-09, 1.10536102493e-09, 2.40971076426e-10, 2.15890208488e-10, 1.29191532472e-10, 1.0227618058e-10, 7.89787957256e-11, 5.44013549486e-11, 5.55044482597e-11, 9.17084394536e-11, 1.00121258506e-10, 9.73326905185e-11, 1.07155360973e-10, 9.33461780095e-11, 1.26378726928e-10, 1.60892646428e-10, 2.26642829504e-10, 2.27776866812e-10, 2.65919813947e-10, 3.96083055243e-10, 4.34484143108e-10, 5.19622567197e-10, 7.3155076441e-10, 1.17076015549e-09],
        "min": [7.13185954737e-10, 1.60034152596e-10, 1.25617224955e-10, 9.78150199726e-11, 1.26150964674e-10, 1.21962604946e-11, 8.24615289247e-12, 2.48134984782e-11, 2.69250212404e-11, 9.27936200101e-12, 5.65961296925e-12, 4.79595963637e-12, 1.81266338745e-11, 2.22391358801e-11, 6.07030745114e-12, 2.26788952201e-11, 1.17562079863e-11, 1.81172438163e-11, 1.16298073602e-11, 2.70557933696e-11, 6.03498293006e-11, 9.09435721175e-11, 8.44969164082e-11, 9.03648406103e-11, 1.23253421358e-10, 1.67833788534e-10, 2.26950416793e-10],
        "stdev": [1.78792231509e-06, 8.99333542748e-07, 3.64045354218e-06, 8.2815922724e-06, 4.15582253481e-05, 4.46140329586e-05, 4.9769776524e-05, 0.000145631987834, 0.000273469748208, 0.000360130739864, 0.000280606356682, 0.000375315197743, 0.000576497695874, 0.000582019507419, 0.000476345245261, 0.000387979205698, 0.000470992090413, 0.000418352952693, 0.00046267118887, 0.000433443899965, 0.000331548013492, 0.000364504026948, 0.000152577733388, 0.00012999716273, 7.27099977667e-05, 3.33404495905e-05, 8.46418788569e-06],
        "var": [3.19666602216e-12, 8.08800780256e-13, 1.32529013805e-11, 6.85847698079e-11, 1.72708602975e-09, 1.99041183535e-09, 2.47703080269e-09, 2.12086757045e-08, 7.47856958583e-08, 1.29694143425e-07, 7.87399230262e-08, 1.40861487807e-07, 3.32349571863e-07, 3.38746730222e-07, 2.26904788292e-07, 1.50527853293e-07, 2.21833559522e-07, 1.7501918137e-07, 2.14064627357e-07, 1.87873624213e-07, 1.0992408761e-07, 1.32863192448e-07, 2.32799646227e-08, 1.68992624339e-08, 5.28674393152e-09, 1.11158549032e-09, 7.16424697345e-11]
    },
    "erbbands": {
        "dmean": [1.24158459585e-05, 7.70830883994e-05, 0.00141841627192, 0.00653103506193, 0.0138849476352, 0.0689934939146, 0.0765438452363, 0.151058346033, 0.146035388112, 0.397097349167, 0.804837226868, 0.83688044548, 2.94626140594, 4.2601480484, 5.31902503967, 3.21448540688, 4.84125947952, 6.55864238739, 8.72046661377, 4.68467092514, 7.87329721451, 8.98990345001, 4.52473497391, 8.19191074371, 5.90865516663, 4.08379507065, 3.07338285446, 2.43787074089, 2.91777634621, 1.44360458851, 0.880427539349, 0.794917345047, 0.345494002104, 0.132854014635, 0.0662022605538, 0.0347095094621, 0.0134493196383, 0.00294803152792, 0.000272763485555, 1.99607675313e-05],
        "dmean2": [1.85787357623e-05, 0.000117065625091, 0.00244079274125, 0.0109662199393, 0.0200254805386, 0.114552609622, 0.0975061580539, 0.229001924396, 0.233572915196, 0.536265969276, 0.966345667839, 1.16893613338, 3.54093074799, 6.0426440239, 6.12331485748, 4.31308269501, 7.49168586731, 8.65830039978, 10.4938182831, 5.81814527512, 10.7688379288, 14.5163078308, 7.61209583282, 12.25228405, 8.21227931976, 5.67389059067, 3.55901908875, 2.32523131371, 4.95351600647, 2.25334024429, 1.00552618504, 0.850167751312, 0.451040863991, 0.112616121769, 0.068838506937, 0.0339340008795, 0.0175310596824, 0.00392605597153, 0.000331244227709, 2.38212032855e-05],
        "dvar": [8.6061646698e-10, 3.26028803954e-08, 9.04701118998e-06, 0.000214462124859, 0.00107802590355, 0.0404060073197, 0.0207835361362, 0.0875510722399, 0.0894376784563, 0.671357691288, 3.72351741791, 4.66619443893, 56.0459823608, 66.4142456055, 180.450881958, 33.3968238831, 137.781311035, 254.870407104, 454.156982422, 88.1673049927, 371.834472656, 574.594055176, 98.1052246094, 678.907714844, 291.916412354, 63.621383667, 39.213432312, 32.0912208557, 67.4242095947, 14.8981599808, 3.9652736187, 3.39620733261, 0.776588737965, 0.0691507831216, 0.0208909362555, 0.00677505601197, 0.00144198839553, 7.22173645045e-05, 5.0440354471e-07, 2.72246336586e-09],
        "dvar2": [1.37203426398e-09, 4.29613535857e-08, 2.60387168964e-05, 0.000435074296547, 0.00197593169287, 0.109125368297, 0.0357611589134, 0.183372676373, 0.219917625189, 0.791270136833, 5.64769792557, 6.8107419014, 107.459320068, 150.318435669, 362.696594238, 46.5827484131, 256.788513184, 368.090789795, 854.064086914, 111.48891449, 836.441650391, 1524.00866699, 236.53578186, 1728.98803711, 664.308105469, 103.15448761, 75.4706115723, 24.8785915375, 151.474777222, 37.4467773438, 7.84707069397, 6.7669467926, 1.81981754303, 0.0600096844137, 0.0136365862563, 0.0110533405095, 0.00340424641035, 0.000177387555595, 1.21052232771e-06, 6.40501962579e-09],
        "max": [0.00017831059813, 0.00129109085537, 0.0141849229112, 0.0873759686947, 0.264920771122, 1.02443397045, 1.20909368992, 1.84469151497, 2.3648045063, 7.31846809387, 19.2643814087, 21.4971866608, 54.661026001, 52.0193977356, 75.7370758057, 62.3062019348, 98.5891952515, 135.335540771, 138.450012207, 82.6051864624, 118.088607788, 143.490402222, 85.2010345459, 143.159973145, 124.115539551, 74.4520492554, 67.6717834473, 67.8749771118, 65.0867538452, 27.9218082428, 18.5432052612, 15.2750597, 8.51270484924, 3.68634676933, 1.90287542343, 0.819181799889, 0.272102326155, 0.0606002658606, 0.00606770534068, 0.000446915248176],
        "mean": [1.42549606608e-05, 0.000113269401481, 0.00124850741122, 0.00688537722453, 0.0280097145587, 0.0688323900104, 0.138795822859, 0.224611580372, 0.329397469759, 0.713653206825, 1.82335865498, 2.59317398071, 4.76091337204, 5.0393037796, 6.2704782486, 7.55565834045, 10.6181163788, 14.0633392334, 13.3227596283, 13.0121250153, 11.4715833664, 12.8598279953, 10.5983572006, 10.4665079117, 11.3666143417, 9.51809406281, 8.39010334015, 7.40903949738, 6.58960342407, 3.14117860794, 2.23104763031, 1.65674185753, 1.00168001652, 0.518962621689, 0.244748428464, 0.0942306220531, 0.0269877389073, 0.00590358581394, 0.000702568271663, 4.920673382e-05],
        "median": [1.36021935759e-06, 1.99537043954e-06, 1.16072635592e-06, 1.17589952424e-05, 4.45653586212e-06, 5.98472115598e-06, 2.63507467935e-06, 3.06147512674e-06, 2.80051267509e-06, 3.10257769343e-06, 2.52617815022e-06, 2.56773842011e-06, 2.13614657696e-06, 2.8179263154e-06, 2.68054054686e-06, 2.46668082582e-06, 3.83561473427e-06, 4.41317388322e-06, 5.18144452144e-06, 5.73896431888e-06, 5.0715548241e-06, 5.90815079704e-06, 6.42387840344e-06, 8.98755206435e-06, 9.25249514694e-06, 1.14962722364e-05, 9.17222769203e-06, 1.03064303403e-05, 1.03303173091e-05, 1.14825015771e-05, 1.03566744656e-05, 7.71489612816e-06, 7.53672929932e-06, 6.35547712591e-06, 3.94590642827e-06, 2.71691101261e-06, 1.50171570112e-06, 6.27035831258e-07, 1.65590890333e-07, 2.02683665407e-08],
        "min": [1.26124177768e-08, 1.42937084391e-08, 1.05064202671e-07, 2.94329737471e-07, 3.34290916726e-07, 5.04094202824e-07, 1.45475326008e-07, 1.44198338603e-07, 1.29231366941e-07, 3.37632116043e-07, 5.12309611622e-07, 5.49438652797e-07, 4.55231713659e-07, 3.16398597988e-07, 1.65509334238e-07, 2.71762445436e-07, 7.92608375377e-07, 7.49516686938e-07, 8.79129174791e-07, 3.49119943621e-07, 1.58214902513e-06, 6.65164009206e-07, 7.27195015315e-07, 9.46058605678e-07, 6.78214803429e-07, 1.14956731068e-06, 1.33398634716e-06, 3.18513139064e-06, 2.53223902291e-06, 3.28415490003e-06, 2.61868649432e-06, 1.53486757881e-06, 1.79714868409e-06, 1.28317947201e-06, 9.48628212427e-07, 6.2356792796e-07, 2.85229276642e-07, 1.17328895044e-07, 3.4692863693e-08, 3.22362780913e-09],
        "stdev": [3.32445379172e-05, 0.000234474035096, 0.00299217854626, 0.0165411178023, 0.0594870038331, 0.181739151478, 0.27652323246, 0.398189723492, 0.556237339973, 1.46216750145, 4.06532859802, 5.1306271553, 11.0080823898, 10.4724941254, 14.3943338394, 14.6805143356, 22.5688972473, 31.1709594727, 27.7258243561, 21.7818489075, 22.5578689575, 27.4255924225, 19.2289237976, 25.5347537994, 24.5167980194, 17.8108329773, 15.6809673309, 15.3194522858, 14.5727405548, 5.70947504044, 4.05908632278, 3.21717810631, 1.90825414658, 0.963409304619, 0.48085796833, 0.185587629676, 0.05370631814, 0.0119125824422, 0.00128931226209, 9.4245573564e-05],
        "var": [1.10519937646e-09, 5.49780736492e-08, 8.95313314686e-06, 0.00027360857348, 0.00353870354593, 0.0330291166902, 0.07646510005, 0.158555045724, 0.309399992228, 2.1379339695, 16.5268955231, 26.3233337402, 121.177879333, 109.673126221, 207.196853638, 215.517501831, 509.355163574, 971.628723145, 768.721374512, 474.448944092, 508.857421875, 752.163085938, 369.751525879, 652.023620605, 601.073425293, 317.225738525, 245.892745972, 234.685623169, 212.364761353, 32.5981025696, 16.4761829376, 10.3502349854, 3.64143371582, 0.928157508373, 0.231224372983, 0.0344427675009, 0.0028843684122, 0.000141909622471, 1.66232598531e-06, 8.88222828621e-09]
    },
    "gfcc": {
        "mean": [-408.121185303, -16.1051750183, -101.715682983, 16.6992874146, -50.0011634827, 7.55832576752, -33.2178649902, 0.335116773844, -23.1660499573, 0.0155032761395, -19.4959697723, -2.59851169586, -11.3770627975],
        "cov": [[119622.828125, -4404.21142578, -25769.7441406, -6479.75878906, -8127.78369141, -1352.98950195, -2974.48828125, -566.490783691, -1597.60192871, -96.6594009399, -838.616455078, 131.961730957, -276.439239502], [-4404.21142578, 276.188476562, 964.956359863, 295.134521484, 353.094055176, 122.262817383, 168.205673218, 46.4696731567, 71.9506988525, 26.2041950226, 58.457824707, -0.137697458267, 16.0853424072], [-25769.7441406, 964.956359863, 5754.37744141, 1433.36877441, 1784.94250488, 260.294586182, 643.06237793, 123.512306213, 334.297302246, 20.1573295593, 189.685562134, -30.87682724, 65.315071106], [-6479.75878906, 295.134521484, 1433.36877441, 403.052276611, 482.09262085, 111.312965393, 198.216033936, 50.7939720154, 97.4327087402, 19.2844409943, 59.4124412537, -6.41335630417, 18.5260829926], [-8127.78369141, 353.094055176, 1784.94250488, 482.09262085, 601.371520996, 130.755233765, 237.226699829, 56.5036582947, 116.014831543, 19.7767028809, 74.1369552612, -3.50534248352, 27.7130279541], [-1352.98950195, 122.262817383, 260.294586182, 111.312965393, 130.755233765, 89.8769836426, 89.3669662476, 30.0160503387, 34.7688789368, 21.9032917023, 24.688501358, 1.376922369, 8.25593471527], [-2974.48828125, 168.205673218, 643.06237793, 198.216033936, 237.226699829, 89.3669662476, 129.278121948, 35.1825332642, 51.7105789185, 18.5560817719, 34.5340766907, 2.22201299667, 13.5867080688], [-566.490783691, 46.4696731567, 123.512306213, 50.7939720154, 56.5036582947, 30.0160503387, 35.1825332642, 18.1869239807, 19.7089271545, 7.31889057159, 10.2772054672, 1.61180722713, 0.436329126358], [-1597.60192871, 71.9506988525, 334.297302246, 97.4327087402, 116.014831543, 34.7688789368, 51.7105789185, 19.7089271545, 43.8448410034, 13.8350095749, 17.3214530945, 0.421908795834, 4.14240503311], [-96.6594009399, 26.2041950226, 20.1573295593, 19.2844409943, 19.7767028809, 21.9032917023, 18.5560817719, 7.31889057159, 13.8350095749, 19.4711055756, 12.3744010925, 0.591709136963, 4.82167673111], [-838.616455078, 58.457824707, 189.685562134, 59.4124412537, 74.1369552612, 24.688501358, 34.5340766907, 10.2772054672, 17.3214530945, 12.3744010925, 25.8118038177, 7.43069601059, 6.12258720398], [131.961730957, -0.137697458267, -30.87682724, -6.41335630417, -3.50534248352, 1.376922369, 2.22201299667, 1.61180722713, 0.421908795834, 0.591709136963, 7.43069601059, 16.0924282074, 8.6277217865], [-276.439239502, 16.0853424072, 65.315071106, 18.5260829926, 27.7130279541, 8.25593471527, 13.5867080688, 0.436329126358, 4.14240503311, 4.82167673111, 6.12258720398, 8.6277217865, 17.4922065735]],
        "icov": [[0.000586595502682, -0.000590948446188, 0.00147473241668, -0.00015642530343, 0.00345923705027, 0.00243028975092, 0.00076036225073, -0.0106993280351, 0.00618770718575, -0.00332276825793, -0.00138614699244, 0.00194058404304, -0.00349984434433], [-0.000590948446188, 0.0457910634577, -0.00687160016969, -0.0218955781311, 0.0130519131199, -0.0494341179729, 0.011019045487, -0.000419905758463, 0.00753253558651, 0.01927617006, -0.0428283475339, 0.0110284993425, -0.00604024715722], [0.00147473241668, -0.00687160016969, 0.0152487074956, -0.0051606381312, -0.0180561840534, 0.0375748872757, -0.0193659514189, 0.00754287885502, -0.0026851114817, -0.00236071296968, 0.00252825021744, 0.00885674823076, -8.81296145963e-05], [-0.00015642530343, -0.0218955781311, -0.0051606381312, 0.102105803788, -0.050640579313, 0.0243736356497, -0.0204660054296, -0.0475844927132, 0.0010396274738, -0.020634341985, 0.0193559415638, 0.0150118563324, 0.00586355198175], [0.00345923705027, 0.0130519131199, -0.0180561840534, -0.050640579313, 0.141160026193, -0.0683700367808, 0.0467799380422, -0.108721114695, 0.0549593158066, 0.0135567374527, -0.0605110600591, 0.0196121186018, -0.0665197446942], [0.00243028975092, -0.0494341179729, 0.0375748872757, 0.0243736356497, -0.0683700367808, 0.18458558619, -0.107502013445, 0.00154829921667, -0.0158514957875, -0.0402214564383, 0.0427046120167, 0.0213146079332, 0.0117888953537], [0.00076036225073, 0.011019045487, -0.0193659514189, -0.0204660054296, 0.0467799380422, -0.107502013445, 0.137813031673, -0.0982363298535, 0.0559652224183, -0.025305442512, 0.00113998586312, -0.0292722191662, -0.0243363901973], [-0.0106993280351, -0.000419905758463, 0.00754287885502, -0.0475844927132, -0.108721114695, 0.00154829921667, -0.0982363298535, 0.522276341915, -0.231903016567, 0.10463244468, 0.033931132406, -0.0648760646582, 0.134521752596], [0.00618770718575, 0.00753253558651, -0.0026851114817, 0.0010396274738, 0.0549593158066, -0.0158514957875, 0.0559652224183, -0.231903016567, 0.194313600659, -0.124196976423, 0.017368786037, -0.021998565644, -0.0245006196201], [-0.00332276825793, 0.01927617006, -0.00236071296968, -0.020634341985, 0.0135567374527, -0.0402214564383, -0.025305442512, 0.10463244468, -0.124196976423, 0.239997476339, -0.142703324556, 0.109747439623, -0.0659428313375], [-0.00138614699244, -0.0428283475339, 0.00252825021744, 0.0193559415638, -0.0605110600591, 0.0427046120167, 0.00113998586312, 0.033931132406, 0.017368786037, -0.142703324556, 0.222078636289, -0.142435863614, 0.0892630144954], [0.00194058404304, 0.0110284993425, 0.00885674823076, 0.0150118563324, 0.0196121186018, 0.0213146079332, -0.0292722191662, -0.0648760646582, -0.021998565644, 0.109747439623, -0.142435863614, 0.2114559412, -0.124703712761], [-0.00349984434433, -0.00604024715722, -8.81296145963e-05, 0.00586355198175, -0.0665197446942, 0.0117888953537, -0.0243363901973, 0.134521752596, -0.0245006196201, -0.0659428313375, 0.0892630144954, -0.124703712761, 0.171145841479]]
    },
    "melbands": {
        "dmean": [1.14867553691e-07, 5.58997044209e-07, 1.45439253174e-06, 2.18247964767e-06, 3.0513292586e-06, 3.27341695083e-06, 1.8330911189e-06, 5.7469337662e-06, 6.60249497741e-06, 6.92585126671e-06, 1.50434543684e-05, 1.70347811945e-05, 1.66906247614e-05, 1.23504478324e-05, 1.29829568323e-05, 1.54328627104e-05, 1.29053805722e-05, 1.6644515199e-05, 1.18432326417e-05, 7.77894183557e-06, 8.90382943908e-06, 1.19251035358e-05, 3.79136508855e-06, 5.61045499126e-06, 6.80216180626e-06, 5.42112184121e-06, 4.05694163419e-06, 2.53264056482e-06, 2.23991992243e-06, 1.38995289944e-06, 1.68790279531e-06, 1.68688325175e-06, 1.2548439372e-06, 7.58015744395e-07, 5.44721103779e-07, 5.12148403686e-07, 5.00173371165e-07, 2.99565243722e-07, 1.55673134827e-07, 1.01534070041e-07],
        "dmean2": [1.47506185044e-07, 9.47584680944e-07, 2.34044978242e-06, 3.81383142667e-06, 3.83520637115e-06, 4.79760319649e-06, 3.22605296788e-06, 7.80373011366e-06, 9.5410805443e-06, 9.86154827842e-06, 1.81212162715e-05, 2.40610261244e-05, 2.00525664695e-05, 1.60703984875e-05, 1.25221549752e-05, 1.9566508854e-05, 1.63394252013e-05, 2.26020256378e-05, 1.70490257005e-05, 1.28632136693e-05, 1.22125757116e-05, 1.92733787117e-05, 5.33258707947e-06, 9.37040749704e-06, 1.01180039564e-05, 8.13213318906e-06, 5.02330522067e-06, 4.39148880105e-06, 3.29975819113e-06, 1.77402762347e-06, 1.60029981089e-06, 3.22247524309e-06, 1.73752493993e-06, 1.21689265598e-06, 6.91866887337e-07, 5.24660492829e-07, 5.36803497653e-07, 4.31171628179e-07, 1.84245465107e-07, 9.57141281788e-08],
        "dvar": [6.79931168334e-14, 1.34867757153e-12, 1.09227574902e-11, 2.92390486822e-11, 4.06125480468e-11, 4.00005618906e-11, 1.39546707523e-11, 1.38100156311e-10, 2.49328224733e-10, 3.44082567993e-10, 1.43463629865e-09, 1.07301378893e-09, 1.58171964415e-09, 7.51956885647e-10, 9.02404373448e-10, 1.12141373965e-09, 9.21838216872e-10, 1.49681245176e-09, 6.06474259701e-10, 3.62850860469e-10, 4.19984436117e-10, 1.092756996e-09, 3.6438907447e-11, 2.2925958354e-10, 4.73964034686e-10, 2.54168880387e-10, 9.70657026977e-11, 3.13564625654e-11, 2.14063922838e-11, 8.62618396852e-12, 1.7242807876e-11, 2.80589267099e-11, 1.24693250517e-11, 3.4778334726e-12, 1.56417684794e-12, 1.06844502863e-12, 1.58683179444e-12, 5.05566237746e-13, 1.00376907578e-13, 4.0539881158e-14],
        "dvar2": [8.84705313566e-14, 3.58395257916e-12, 2.41398411677e-11, 8.46718598013e-11, 8.39080332993e-11, 8.18753953524e-11, 2.96019320167e-11, 1.99526964395e-10, 4.59146165532e-10, 6.82469247781e-10, 2.73916889171e-09, 2.43125253263e-09, 3.14544590374e-09, 1.46155310077e-09, 4.00525168587e-10, 2.28439112071e-09, 1.36726652222e-09, 3.17022141871e-09, 1.10778730633e-09, 9.38664035388e-10, 9.08416564194e-10, 2.97682900552e-09, 8.25891438572e-11, 6.25943852306e-10, 1.1888409146e-09, 6.04927163916e-10, 2.15871223674e-10, 5.83243314756e-11, 4.77290082457e-11, 1.40543453611e-11, 1.38317621245e-11, 5.44745776265e-11, 3.10773316803e-11, 9.01263178671e-12, 3.35605805299e-12, 1.83202151366e-12, 3.1932275834e-12, 1.28150539225e-12, 1.11087334264e-13, 2.64230199949e-14],
        "max": [1.8594849962e-06, 6.04422257311e-06, 2.08740148082e-05, 3.49178480974e-05, 4.74337466585e-05, 4.10621396441e-05, 3.20615436067e-05, 9.59532553679e-05, 0.000157825736096, 0.000158862778335, 0.00027698406484, 0.000213581384742, 0.000222555245273, 0.00019823902403, 0.000284711131826, 0.00027156053693, 0.000256520695984, 0.000243285801844, 0.000163868127856, 0.000125504098833, 0.000128134590341, 0.000184920747415, 5.46632218175e-05, 0.00010402155749, 0.000113766174763, 0.000109132895886, 6.75631090417e-05, 4.74029111501e-05, 4.72547253594e-05, 3.16191835736e-05, 4.58987778984e-05, 4.06706421927e-05, 2.40718145506e-05, 1.32296599986e-05, 1.10203563963e-05, 1.05105027615e-05, 9.11854294827e-06, 6.33977560938e-06, 4.09588710681e-06, 2.81155030279e-06],
        "mean": [1.58042894327e-07, 5.23473772773e-07, 1.77914421329e-06, 3.32239937961e-06, 4.61659601569e-06, 5.09468009113e-06, 5.20724051967e-06, 8.72480632097e-06, 1.62716241903e-05, 1.67295311257e-05, 2.39559358306e-05, 2.03562703973e-05, 1.95645188796e-05, 1.98886918952e-05, 2.28791286645e-05, 2.55441027548e-05, 2.58605359704e-05, 2.14689862332e-05, 2.02975043067e-05, 1.44117748277e-05, 1.2909965335e-05, 1.47819700942e-05, 9.16305543797e-06, 1.00055158327e-05, 7.88923171058e-06, 9.21747960092e-06, 6.58315047986e-06, 6.55387202642e-06, 5.76082720727e-06, 4.14642045143e-06, 4.42302916781e-06, 4.24699601353e-06, 2.29636725635e-06, 1.55253144385e-06, 1.2859409253e-06, 1.2430886045e-06, 9.23382856399e-07, 7.39791460092e-07, 5.38692518148e-07, 4.09846023786e-07],
        "median": [1.89354025792e-08, 7.51020468037e-10, 1.62768909462e-09, 2.85144158285e-10, 1.50598464255e-10, 5.80117065496e-11, 4.47494957756e-11, 3.08203462751e-11, 2.05946058818e-11, 1.4244549984e-11, 1.06965504162e-11, 1.22429696589e-11, 7.91144580403e-12, 6.53236275835e-12, 7.11792517288e-12, 1.11859011637e-11, 8.88067831079e-12, 8.30468419727e-12, 7.0753138591e-12, 8.49486106458e-12, 6.10207804425e-12, 5.90332687248e-12, 6.97419596032e-12, 6.28585334825e-12, 8.15925018521e-12, 6.34759779461e-12, 7.36057742534e-12, 8.40933572777e-12, 6.1675404367e-12, 5.92792698609e-12, 5.85244049403e-12, 6.22921766252e-12, 5.64900123207e-12, 7.59388732452e-12, 6.46700965348e-12, 4.33907163672e-12, 5.56676796673e-12, 6.05231620029e-12, 5.02826903379e-12, 5.55959878829e-12],
        "min": [1.13062281759e-10, 4.30741622925e-11, 5.00269894954e-11, 3.07894681972e-11, 8.86608408218e-12, 2.89650985488e-12, 1.82735597487e-12, 4.27811171905e-12, 4.43916561496e-12, 3.44148971473e-12, 2.14080858076e-12, 1.18711963003e-12, 7.07219764522e-13, 3.41686612814e-13, 1.57509508908e-12, 1.58705134538e-12, 1.48805425447e-12, 1.3917494544e-12, 4.22530391751e-13, 7.28710332094e-13, 2.03596189387e-12, 7.36354933192e-13, 3.78616273533e-13, 9.4247114453e-13, 7.59546397132e-13, 3.75192525702e-13, 7.42748852874e-13, 7.67916763164e-13, 6.75781533597e-13, 1.24513040937e-12, 2.06424330754e-12, 1.10193560006e-12, 1.96521531687e-12, 1.49948456429e-12, 1.44919807491e-12, 1.22803221585e-12, 9.37886053543e-13, 1.32855196028e-12, 1.21613342226e-12, 1.06425361145e-12],
        "stdev": [3.38791522836e-07, 1.21699213196e-06, 4.08648975281e-06, 7.23823677617e-06, 9.62710237218e-06, 8.99840324564e-06, 8.57781196828e-06, 1.89444781427e-05, 3.5357199522e-05, 3.44541185768e-05, 5.58465362701e-05, 4.29652354796e-05, 4.30376312579e-05, 4.13034140365e-05, 5.35630206286e-05, 5.59463587706e-05, 5.80106352572e-05, 4.64228651254e-05, 3.73788643628e-05, 2.6063684345e-05, 2.5065142836e-05, 3.439451757e-05, 1.50773721543e-05, 2.07863940886e-05, 2.00226659217e-05, 2.13530711335e-05, 1.33018411361e-05, 1.24805201267e-05, 1.09577958938e-05, 7.76232081989e-06, 9.73983514996e-06, 9.75101647782e-06, 4.64558706881e-06, 2.74943045042e-06, 2.34918297792e-06, 2.39432256421e-06, 1.85042608791e-06, 1.39480653161e-06, 1.03700926957e-06, 7.61255250836e-07],
        "var": [1.14779686406e-13, 1.48106971565e-12, 1.66993988082e-11, 5.23920698492e-11, 9.26810919677e-11, 8.09712574767e-11, 7.3578858284e-11, 3.58893220698e-10, 1.25013144281e-09, 1.18708631813e-09, 3.1188356342e-09, 1.84601134379e-09, 1.85223758553e-09, 1.70597203031e-09, 2.86899703994e-09, 3.12999515195e-09, 3.3652336473e-09, 2.15508233481e-09, 1.39717948322e-09, 6.79315603769e-10, 6.28261387359e-10, 1.18298293383e-09, 2.27327143221e-10, 4.32074154233e-10, 4.00907168574e-10, 4.55953663714e-10, 1.76938977359e-10, 1.55763374421e-10, 1.20073284648e-10, 6.02536284755e-11, 9.48643802401e-11, 9.50823308976e-11, 2.15814796589e-11, 7.55936719471e-12, 5.51866061529e-12, 5.7327805697e-12, 3.42407656048e-12, 1.94548522257e-12, 1.07538825934e-12, 5.7950953064e-13]
    },
    "melbands128": {
