{
"lowlevel": {
    "average_loudness": 0.99068403244,
    "barkbands_crest": {
        "dmean": 3.27017331123,
        "dmean2": 5.39965724945,
        "dvar": 10.7607946396,
        "dvar2": 24.6218299866,
        "max": 26.9097919464,
        "mean": 18.0395679474,
        "median": 18.5565452576,
        "min": 4.02511835098,
        "stdev": 6.38306283951,
        "var": 40.7434883118
    },
    "barkbands_flatness_db": {
        "dmean": 0.0882286652923,
        "dmean2": 0.126488432288,
        "dvar": 0.00718392850831,
        "dvar2": 0.0136409588158,
        "max": 0.850935339928,
        "mean": 0.374770194292,
        "median": 0.336880505085,
        "min": 0.0558146424592,
        "stdev": 0.201214715838,
        "var": 0.0404873639345
    },
    "barkbands_kurtosis": {
        "dmean": 2447.43334961,
        "dmean2": 3035.14477539,
        "dvar": 29854502,
        "dvar2": 45345388,
        "max": 42441.3242188,
        "mean": 3623.39526367,
        "median": 130.172988892,
        "min": -1.83293783665,
        "stdev": 9318.83789062,
        "var": 86840736
    },
    "barkbands_skewness": {
        "dmean": 11.4055747986,
        "dmean2": 16.5800762177,
        "dvar": 391.382751465,
        "dvar2": 586.015930176,
        "max": 162.34262085,
        "mean": 24.0172748566,
        "median": 9.26310062408,
        "min": -1.18346273899,
        "stdev": 38.3131523132,
        "var": 1467.89770508
    },
    "barkbands_spread": {
        "dmean": 9.50262546539,
        "dmean2": 16.9858818054,
        "dvar": 516.702148438,
        "dvar2": 1274.12719727,
        "max": 124.80014801,
        "mean": 15.2741394043,
        "median": 2.09669494629,
        "min": 0.00605777651072,
        "stdev": 32.2437667847,
        "var": 1039.66052246
    },
    "dissonance": {
        "dmean": 0.0277513451874,
        "dmean2": 0.0494989752769,
        "dvar": 0.000715819653124,
        "dvar2": 0.00200574402697,
        "max": 0.49958139658,
        "mean": 0.444784104824,
        "median": 0.461972236633,
        "min": 0.320875644684,
        "stdev": 0.0482544861734,
        "var": 0.00232849549502
    },
    "dynamic_complexity": 24.5901966095,
    "erbbands_crest": {
        "dmean": 4.84937286377,
        "dmean2": 7.46558856964,
        "dvar": 22.6526565552,
        "dvar2": 37.9569892883,
        "max": 33.9654579163,
        "mean": 15.7468423843,
        "median": 12.3017854691,
        "min": 2.88076639175,
        "stdev": 9.18155574799,
        "var": 84.3009719849
    },
    "erbbands_flatness_db": {
        "dmean": 0.0373905971646,
        "dmean2": 0.0546159446239,
        "dvar": 0.00098853232339,
        "dvar2": 0.00196980452165,
        "max": 0.344249278307,
        "mean": 0.138834923506,
        "median": 0.122669063509,
        "min": 0.0329899974167,
        "stdev": 0.077354490757,
        "var": 0.00598371680826
    },
    "erbbands_kurtosis": {
        "dmean": 5.53348588943,
        "dmean2": 7.92494821548,
        "dvar": 57.9832420349,
        "dvar2": 117.805007935,
        "max": 48.2764167786,
        "mean": 4.9709444046,
        "median": 1.71970653534,
        "min": -1.5699698925,
        "stdev": 9.1517572403,
        "var": 83.7546539307
    },
    "erbbands_skewness": {
        "dmean": 1.08672726154,
        "dmean2": 1.519343853,
        "dvar": 1.18519294262,
        "dvar2": 2.67258429527,
        "max": 6.84079742432,
        "mean": 1.52974641323,
        "median": 1.23672533035,
        "min": -1.11777424812,
        "stdev": 1.64182627201,
        "var": 2.6955935955
    },
    "erbbands_spread": {
        "dmean": 21.1710071564,
        "dmean2": 31.7625141144,
        "dvar": 500.272125244,
        "dvar2": 1039.16223145,
        "max": 156.906600952,
        "mean": 53.925655365,
        "median": 39.6957969666,
        "min": 5.44411754608,
        "stdev": 38.3490180969,
        "var": 1470.64709473
    },
    "hfc": {
        "dmean": 2.52285766602,
        "dmean2": 4.39983987808,
        "dvar": 103.468193054,
        "dvar2": 244.681121826,
        "max": 71.6575469971,
        "mean": 3.5113594532,
        "median": 0.0209855046123,
        "min": 1.50980739022e-07,
        "stdev": 12.8698959351,
        "var": 165.634231567
    },
    "loudness_ebu128": {
        "integrated": -18.4281597137,
        "loudness_range": 0,
        "momentary": {
            "dmean": 4.79111862183,
            "dmean2": 4.21023368835,
            "dvar": 35.6650619507,
            "dvar2": 24.0116100311,
            "max": -16.6734542847,
            "mean": -32.8323402405,
            "median": -38.5636978149,
            "min": -48.2295455933,
            "stdev": 12.3671293259,
            "var": 152.945877075
        },
        "short_term": {
            "dmean": 0,
            "dmean2": 0,
            "dvar": 0,
            "dvar2": 0,
            "max": -25.3969860077,
            "mean": -25.3969860077,
            "median": -25.3969860077,
            "min": -25.3969860077,
            "stdev": 0,
            "var": 0
        }
    },
    "melbands_crest": {
        "dmean": 5.14005661011,
        "dmean2": 8.76896476746,
        "dvar": 27.1936569214,
        "dvar2": 68.9652633667,
        "max": 39.9959754944,
        "mean": 30.9470405579,
        "median": 33.0503234863,
        "min": 9.68443489075,
        "stdev": 8.74242305756,
        "var": 76.4299545288
    },
    "melbands_flatness_db": {
        "dmean": 0.0866183564067,
        "dmean2": 0.121742703021,
        "dvar": 0.00804441049695,
        "dvar2": 0.0156140476465,
        "max": 0.866319537163,
        "mean": 0.446146667004,
        "median": 0.465769261122,
        "min": 0.0245941635221,
        "stdev": 0.20184250176,
        "var": 0.0407403968275
    },
    "melbands_kurtosis": {
        "dmean": 23986.1914062,
        "dmean2": 29277.2832031,
        "dvar": 3979822336,
        "dvar2": 8290708992,
        "max": 442894.78125,
        "mean": 24744.9609375,
        "median": 214.489212036,
        "min": -1.23420584202,
        "stdev": 75886.71875,
        "var": 5758793728
    },
    "melbands_skewness": {
        "dmean": 36.5848960876,
        "dmean2": 39.6100196838,
        "dvar": 4351.57373047,
        "dvar2": 6235.19628906,
        "max": 546.805541992,
        "mean": 57.3882713318,
        "median": 10.7076702118,
        "min": -0.593995928764,
        "stdev": 118.378929138,
        "var": 14013.5712891
    },
    "melbands_spread": {
        "dmean": 8.96113109589,
        "dmean2": 14.7834568024,
        "dvar": 645.020507812,
        "dvar2": 1083.30187988,
        "max": 173.148468018,
        "mean": 17.8960361481,
        "median": 1.05265212059,
        "min": 0.00144741497934,
        "stdev": 44.5834770203,
        "var": 1987.68652344
    },
    "pitch_salience": {
        "dmean": 0.0936525240541,
        "dmean2": 0.15078689158,
        "dvar": 0.00971705466509,
        "dvar2": 0.0257422793657,
        "max": 0.821857273579,
        "mean": 0.218557104468,
        "median": 0.158813759685,
        "min": 0.00218180380762,
        "stdev": 0.196696966887,
        "var": 0.0386896952987
    },
    "silence_rate_20dB": {
        "dmean": 0,
        "dmean2": 0,
        "dvar": 0,
        "dvar2": 0,
        "max": 1,
        "mean": 1,
        "median": 1,
        "min": 1,
        "stdev": 0,
        "var": 0
    },
    "silence_rate_30dB": {
        "dmean": 0,
        "dmean2": 0,
        "dvar": 0,
        "dvar2": 0,
        "max": 1,
        "mean": 1,
        "median": 1,
        "min": 1,
        "stdev": 0,
        "var": 0
    },
    "silence_rate_60dB": {
        "dmean": 0.151515156031,
        "dmean2": 0.307692319155,
        "dvar": 0.128558337688,
        "dvar2": 0.27455624938,
        "max": 1,
        "mean": 0.716417908669,
        "median": 1,
        "min": 0,
        "stdev": 0.450736224651,
        "var": 0.203163146973
    },
    "spectral_centroid": {
        "dmean": 489.60760498,
        "dmean2": 764.233703613,
        "dvar": 1124892.5,
        "dvar2": 1739063.5,
        "max": 10728.4550781,
        "mean": 1116.39123535,
        "median": 607.774841309,
        "min": 219.888687134,
        "stdev": 1514.64575195,
        "var": 2294151.75
    },
    "spectral_complexity": {
        "dmean": 0.575757563114,
        "dmean2": 0.861538469791,
        "dvar": 5.54728364944,
        "dvar2": 10.7039041519,
        "max": 19,
        "mean": 1.17910444736,
        "median": 0,
        "min": 0,
        "stdev": 3.64845061302,
        "var": 13.3111925125
    },
    "spectral_decrease": {
        "dmean": 2.09824158048e-09,
        "dmean2": 3.26826143926e-09,
        "dvar": 1.9876794432e-17,
        "dvar2": 4.55807189374e-17,
        "max": -1.3886814623e-18,
        "mean": -2.52972864878e-09,
        "median": -1.01831855448e-10,
        "min": -2.51415155361e-08,
        "stdev": 5.56351809067e-09,
        "var": 3.09527345623e-17
    },
    "spectral_energy": {
        "dmean": 0.00814571511,
        "dmean2": 0.012733113952,
        "dvar": 0.000309116556309,
        "dvar2": 0.000713748624548,
        "max": 0.101389221847,
        "mean": 0.00986623764038,
        "median": 0.000387111009331,
        "min": 1.89356013508e-11,
        "stdev": 0.0219385232776,
        "var": 0.000481298775412
    },
    "spectral_energyband_high": {
        "dmean": 9.84400394373e-05,
        "dmean2": 0.000157731104991,
        "dvar": 2.09938207263e-07,
        "dvar2": 5.5857890402e-07,
        "max": 0.00324616697617,
        "mean": 8.78275241121e-05,
        "median": 1.76407709773e-07,
        "min": 1.06745133566e-11,
        "stdev": 0.000431055028457,
        "var": 1.85808431752e-07
    },
    "spectral_energyband_low": {
        "dmean": 0.00123750255443,
        "dmean2": 0.00159465766046,
        "dvar": 6.09356811765e-06,
        "dvar2": 1.05181188701e-05,
        "max": 0.0172432512045,
        "mean": 0.00144863978494,
        "median": 0.000241326692048,
        "min": 2.16976978919e-12,
        "stdev": 0.00323585001752,
        "var": 1.04707260107e-05
    },
    "spectral_energyband_middle_high": {
        "dmean": 0.000187807934708,
        "dmean2": 0.000195672080736,
        "dvar": 4.30823689612e-07,
        "dvar2": 7.01516341906e-07,
        "max": 0.00619757734239,
        "mean": 0.000252785248449,
        "median": 6.30085423836e-08,
        "min": 4.04923490571e-12,
        "stdev": 0.000956107687671,
        "var": 9.14141878638e-07
    },
    "spectral_energyband_middle_low": {
        "dmean": 0.00388749712147,
        "dmean2": 0.00730630895123,
        "dvar": 0.000230748657486,
        "dvar2": 0.00059336272534,
        "max": 0.0932851955295,
        "mean": 0.00470977788791,
        "median": 9.77589593276e-07,
        "min": 4.21746540686e-13,
        "stdev": 0.0175751689821,
        "var": 0.000308886577841
    },
    "spectral_entropy": {
        "dmean": 0.356477499008,
        "dmean2": 0.571152627468,
        "dvar": 0.174433127046,
        "dvar2": 0.446805506945,
        "max": 9.80297660828,
        "mean": 7.57672262192,
        "median": 7.49861955643,
        "min": 5.97893333435,
        "stdev": 0.810950696468,
        "var": 0.6576410532
    },
    "spectral_flux": {
        "dmean": 0.0254053454846,
        "dmean2": 0.0420860163867,
        "dvar": 0.00190684827976,
        "dvar2": 0.00483304029331,
        "max": 0.300707310438,
        "mean": 0.0381403490901,
        "median": 0.0126159181818,
        "min": 1.95501215785e-05,
        "stdev": 0.0540113672614,
        "var": 0.00291722780094
    },
    "spectral_kurtosis": {
        "dmean": 1.21486103535,
        "dmean2": 2.13989782333,
        "dvar": 2.67993211746,
        "dvar2": 8.56959724426,
        "max": 9.67971324921,
        "mean": 4.06902837753,
        "median": 3.2872338295,
        "min": -1.18941092491,
        "stdev": 2.53729057312,
        "var": 6.43784379959
    },
    "spectral_rms": {
        "dmean": 0.000970704539213,
        "dmean2": 0.00133626547176,
        "dvar": 2.37050880969e-06,
        "dvar2": 4.64977028969e-06,
        "max": 0.00994566828012,
        "mean": 0.00180922530126,
        "median": 0.000614548043814,
        "min": 1.35918199362e-07,
        "stdev": 0.00252037681639,
        "var": 6.35229980617e-06
    },
    "spectral_rolloff": {
        "dmean": 792.813110352,
        "dmean2": 1505.33630371,
        "dvar": 8421727,
        "dvar2": 17261918,
        "max": 17441.8945312,
        "mean": 1726.51257324,
        "median": 64.599609375,
        "min": 21.533203125,
        "stdev": 4710.89501953,
        "var": 22192530
    },
    "spectral_skewness": {
        "dmean": 0.225564286113,
        "dmean2": 0.389850348234,
        "dvar": 0.0921463668346,
        "dvar2": 0.237387448549,
        "max": 2.7489798069,
        "mean": 1.66783702374,
        "median": 1.60450732708,
        "min": 0.0422191470861,
        "stdev": 0.500952839851,
        "var": 0.250953733921
    },
    "spectral_spread": {
        "dmean": 1307613,
        "dmean2": 1763384.5,
        "dvar": 1.57605764792e+13,
        "dvar2": 1.67535129395e+13,
        "max": 41616360,
        "mean": 9199655,
        "median": 9914464,
        "min": 3260084.75,
        "stdev": 5150577,
        "var": 2.65284422205e+13
    },
    "spectral_strongpeak": {
        "dmean": 0.378407776356,
        "dmean2": 0.585749089718,
        "dvar": 1.2874712944,
        "dvar2": 3.09370303154,
        "max": 9.10771560669,
        "mean": 0.426883012056,
        "median": 0,
        "min": 0,
        "stdev": 1.48022389412,
        "var": 2.19106292725
    },
    "zerocrossingrate": {
        "dmean": 0.0198049843311,
        "dmean2": 0.0241060703993,
        "dvar": 0.00193878461141,
        "dvar2": 0.00186047609895,
        "max": 0.486328125,
        "mean": 0.0465106107295,
        "median": 0.0185546875,
        "min": 0,
        "stdev": 0.0823619738221,
        "var": 0.00678349472582
    },
    "barkbands": {
        "dmean": [0.00419774651527, 0.00016325811157, 8.69883751875e-06, 2.59372245637e-06, 1.14230106192e-05, 1.03133288576e-05, 0.00113939854782, 0.00316341035068, 5.74613159188e-06, 2.15255028024e-07, 2.58099498751e-06, 1.18348668821e-06, 7.97065240477e-06, 3.34809956257e-05, 4.46714984719e-05, 3.54158464688e-06, 7.85337833804e-05, 9.3507433121e-06, 5.22902410012e-05, 3.13929158438e-05, 4.43872231699e-05, 1.29881436806e-05, 1.42234175655e-05, 1.71052522546e-06, 8.1469744373e-07, 2.47340580017e-07, 2.86116819126e-08],
        "dmean2": [0.00538090290502, 0.000246753712418, 1.47074279084e-05, 4.12418603446e-06, 1.98476391233e-05, 1.68220267369e-05, 0.00203879596666, 0.00567372934893, 1.07905079858e-05, 2.9856281003e-07, 2.85250666821e-06, 1.18381967695e-06, 1.32354534799e-05, 5.64383226447e-05, 7.68172103562e-05, 6.55489884593e-06, 0.000111977584311, 9.64374703472e-06, 6.95129783708e-05, 6.12757939962e-05, 8.05960953585e-05, 1.98000579985e-05, 2.01340935746e-05, 2.38112625084e-06, 1.27408804929e-06, 3.71485413098e-07, 5.02203718611e-08],
        "dvar": [9.09067384782e-05, 7.75248238938e-08, 1.2514570491e-09, 3.5372135776e-11, 3.02556313336e-09, 2.15259454706e-09, 2.25490257435e-05, 0.0001264551247, 8.00384591937e-10, 7.10893475163e-13, 7.70271138539e-11, 1.12724690693e-11, 1.25493360148e-09, 1.89665403383e-08, 2.39185240503e-08, 2.20791079864e-10, 1.16767267855e-07, 1.09943321114e-09, 4.26152553246e-08, 2.60790837814e-08, 4.67779734947e-08, 3.59000074113e-09, 3.17117576643e-09, 5.49635580105e-11, 1.42189897009e-11, 1.23771652649e-12, 8.12496110566e-15],
        "dvar2": [0.00015607959358, 1.3522235065e-07, 3.23402016278e-09, 6.07605840641e-11, 6.32887697805e-09, 5.32106314566e-09, 4.07999468734e-05, 0.00035783671774, 2.29116503547e-09, 1.27831978943e-12, 9.10045927505e-11, 1.28904612678e-11, 3.35269434437e-09, 4.37630802708e-08, 6.20979250243e-08, 5.76138192709e-10, 2.58512386608e-07, 1.70323977144e-09, 9.36266530971e-08, 7.68198233914e-08, 1.33856744355e-07, 7.70587060828e-09, 4.87827112039e-09, 1.27150664997e-10, 3.58515127308e-11, 3.02535904315e-12, 1.4381348895e-14],
        "max": [0.0653447955847, 0.00251185381785, 0.000241796209593, 4.82182622363e-05, 0.000363432918675, 0.000329919392243, 0.0349585264921, 0.0617276504636, 0.000184175325558, 7.01198541719e-06, 8.51551012602e-05, 3.90330569644e-05, 0.000255274499068, 0.000983458012342, 0.000999065116048, 0.000112556910608, 0.00258919363841, 0.000308553600917, 0.00172548368573, 0.00103209773079, 0.00146140949801, 0.000428572733654, 0.000459927687189, 5.64103138458e-05, 2.68237308774e-05, 8.06585103419e-06, 7.01288570326e-07],
        "mean": [0.00457059824839, 0.000238328721025, 7.14400039215e-06, 4.25336475018e-06, 1.04269247458e-05, 9.92714558379e-06, 0.00189597532153, 0.0027851916384, 3.86342571801e-06, 2.7459265084e-07, 6.66181176712e-06, 2.92378831546e-06, 7.21674678061e-06, 3.59059231414e-05, 5.2923016483e-05, 4.75194246974e-06, 7.50145845814e-05, 1.17539648272e-05, 5.19388304383e-05, 2.20201036427e-05, 3.69687622879e-05, 1.25867718452e-05, 1.66509416886e-05, 1.91873391486e-06, 6.8458223268e-07, 2.43562567448e-07, 9.50467224925e-08],
        "median": [0.000173033447936, 8.28102711239e-05, 3.61398406312e-07, 3.72328685216e-07, 2.24833243578e-07, 6.40665618334e-08, 8.55529052046e-08, 1.04370215581e-07, 5.36631228343e-09, 3.31724003821e-09, 2.68021835836e-08, 1.58910768988e-08, 1.72000091947e-09, 2.15477258259e-09, 3.35983574296e-09, 4.4900994034e-09, 4.29680113712e-09, 4.04647337859e-09, 3.94826171757e-09, 4.62517757427e-09, 5.2108801718e-09, 9.01350372118e-09, 1.02430250948e-08, 1.5534775244e-08, 2.07338608504e-08, 3.44374875283e-08, 8.82002737512e-08],
        "min": [1.52412175762e-12, 1.12546625665e-12, 2.38850416225e-13, 1.36072549712e-13, 6.61881844905e-14, 1.56728437466e-14, 5.70782977089e-14, 5.46966883949e-14, 5.56170676191e-14, 1.09783059379e-13, 4.3327713921e-14, 6.81753017619e-15, 4.52967639797e-14, 7.03834234818e-14, 2.55994010712e-13, 2.61071681851e-13, 5.08267879824e-14, 1.64217858062e-12, 1.46050467727e-12, 4.48131901596e-13, 7.5265320235e-13, 5.46909848138e-13, 1.16657096309e-12, 1.4176606937e-12, 1.78161175049e-12, 2.71011403423e-12, 2.13551398787e-12],
        "stdev": [0.0125481318682, 0.000441925833002, 3.15531906381e-05, 9.40785776038e-06, 5.41993504157e-05, 4.49921062682e-05, 0.00703817233443, 0.0109642175958, 2.2555643227e-05, 1.07255038984e-06, 1.7726490114e-05, 7.42995098335e-06, 3.3487474866e-05, 0.000146945632878, 0.000182006173418, 1.71773990587e-05, 0.000358665914973, 4.66596138722e-05, 0.000234366496443, 0.000127422681544, 0.000187741912669, 6.24377571512e-05, 7.27435472072e-05, 8.33880767459e-06, 3.54189319296e-06, 1.09315112695e-06, 1.08909517849e-07],
        "var": [0.000157455608132, 1.95298440531e-07, 9.95603821607e-10, 8.85077913737e-11, 2.93756974301e-09, 2.02428962481e-09, 4.95358726766e-05, 0.000120214062918, 5.08757036499e-10, 1.15036430902e-12, 3.14228476572e-10, 5.52041745649e-11, 1.12141096409e-09, 2.15930207048e-08, 3.31262448583e-08, 2.95063057321e-10, 1.28641232777e-07, 2.17711959571e-09, 5.49276535367e-08, 1.62365410006e-08, 3.5247023078e-08, 3.89847354398e-09, 5.29162313967e-09, 6.95357105229e-11, 1.25450067001e-11, 1.19497933684e-12, 1.18612835753e-14]
    },
    "erbbands": {
        "dmean": [0.0168295707554, 0.0230851098895, 0.0154022090137, 0.00702023413032, 0.00934304390103, 0.0312602780759, 0.15199765563, 0.103969171643, 3.30600070953, 79.8922729492, 17.4872379303, 0.659036576748, 0.0487216264009, 0.0173691790551, 0.161390945315, 0.0284446831793, 0.369487017393, 0.891425311565, 1.87909114361, 1.7186101675, 0.532323300838, 5.25646495819, 0.588887214661, 2.56789422035, 1.29585313797, 1.4923787117, 1.91114616394, 1.594409585, 0.526712179184, 0.926229059696, 0.145939558744, 0.0502031482756, 0.0195954535156, 0.00871453154832, 0.00744855822995, 0.00134531594813, 0.000481754046632, 5.06026080984e-05, 7.73348710936e-06, 9.27375185711e-06],
        "dmean2": [0.0236178841442, 0.0354234799743, 0.0284291803837, 0.0113835474476, 0.0163335427642, 0.0562758408487, 0.252025783062, 0.1858137995, 5.87891435623, 147.781723022, 30.2249469757, 1.09864580631, 0.0802503824234, 0.0253152102232, 0.145921960473, 0.0273092407733, 0.600579798222, 1.53589582443, 3.17332196236, 2.88602113724, 0.605196475983, 7.46084833145, 0.612362205982, 3.34039473534, 1.61049938202, 2.87109541893, 3.66461372375, 2.78836297989, 0.773702204227, 1.31239879131, 0.221827462316, 0.0710360556841, 0.0284456834197, 0.012923383154, 0.0114605305716, 0.0020002531819, 0.000732365704607, 8.61161897774e-05, 1.19733449537e-05, 1.45253716255e-05],
        "dvar": [0.000734281144105, 0.00326309585944, 0.00258546718396, 0.000463341682917, 0.00110487581696, 0.0239141918719, 0.519993662834, 0.182695165277, 178.874755859, 92562.3125, 4325.21533203, 6.25698757172, 0.0332082696259, 0.00534528307617, 0.22955788672, 0.00641343928874, 2.74873733521, 14.2677354813, 54.1852493286, 35.3629112244, 3.60796332359, 526.012390137, 4.50717306137, 100.492767334, 24.4330940247, 58.9065589905, 87.4752502441, 58.9706840515, 5.68301296234, 13.4850063324, 0.428252071142, 0.0497892387211, 0.00674204295501, 0.00152921339031, 0.00118362880312, 3.64179395547e-05, 4.74366470371e-06, 4.85905182757e-08, 4.881579585e-10, 4.19043522104e-10],
        "dvar2": [0.00127324368805, 0.00547475973144, 0.00611721351743, 0.000953731650952, 0.00298365368508, 0.0488571338356, 1.1432967186, 0.464318543673, 398.371032715, 240994.359375, 10720.3271484, 15.2937431335, 0.0798836275935, 0.012045131065, 0.219227001071, 0.0076795425266, 7.28083229065, 31.5255775452, 139.018890381, 89.9172286987, 6.18104505539, 1154.1673584, 7.29238653183, 213.658035278, 50.35704422, 173.724212646, 262.289428711, 163.996643066, 13.4300632477, 21.8613090515, 0.833174169064, 0.117508545518, 0.0148765165359, 0.00376216322184, 0.00290428078733, 8.80428269738e-05, 1.16327537398e-05, 8.87633859747e-08, 1.08556585943e-09, 9.78877645608e-10],
        "max": [0.184720516205, 0.529198288918, 0.351152718067, 0.159466549754, 0.240387618542, 1.0053062439, 4.89442968369, 3.03909373283, 90.075088501, 1790.27563477, 441.493469238, 18.0248470306, 1.34483540058, 0.572616755962, 5.3251991272, 0.938096880913, 11.9730615616, 27.3260040283, 52.6045417786, 39.5505027771, 17.5636425018, 173.305038452, 19.4319591522, 84.7009353638, 42.7623825073, 49.136505127, 60.5712814331, 52.3528785706, 17.3536663055, 29.8512210846, 4.81479883194, 1.65574133396, 0.645668804646, 0.286653131247, 0.245215117931, 0.0439843274653, 0.0156494118273, 0.00154860119801, 0.00017486102297, 0.000125619029859],
        "mean": [0.0203730165958, 0.0402867048979, 0.0199106819928, 0.0116599947214, 0.0111790094525, 0.0297959838063, 0.13676160574, 0.134061113, 4.80466794968, 92.4288024902, 21.5474529266, 0.796575963497, 0.0609706491232, 0.0295309238136, 0.407939255238, 0.0743431150913, 0.339334577322, 1.05795609951, 2.07379555702, 2.13045406342, 0.66172170639, 5.07057237625, 0.69228553772, 2.61681079865, 1.35142862797, 1.05580854416, 1.47804915905, 1.27950167656, 0.499479323626, 1.01870858669, 0.164473205805, 0.0513321757317, 0.02477931045, 0.0084288623184, 0.00614162441343, 0.00128694053274, 0.000460135081084, 7.69639009377e-05, 1.69267113961e-05, 1.24976031657e-05],
        "median": [0.00698773004115, 0.0111768078059, 0.00256037130021, 0.00117916590534, 0.00123790767975, 0.000811956997495, 0.000443857948994, 0.000564012385439, 0.000697239476722, 0.00295263295993, 0.000861482054461, 0.000168737955391, 0.000135652910103, 0.000148202991113, 0.00163289846387, 0.000335192220518, 9.96374947135e-05, 0.000107306397695, 0.000163064090884, 0.000197080546059, 0.000291162752546, 0.000245578674367, 0.00022006938525, 0.000225401337957, 0.00019559476641, 0.000221303067519, 0.000212652317714, 0.000222679227591, 0.000322539213812, 0.000269696087344, 0.000303164415527, 0.000286422204226, 0.000287105998723, 0.000228122851695, 0.00016232219059, 0.000114366601338, 6.67981439619e-05, 3.23333333654e-05, 1.07097721411e-05, 2.0157453946e-06],
        "min": [5.63613357374e-11, 1.73138253734e-10, 2.86332124677e-10, 4.01658872828e-10, 3.88057669332e-10, 1.53769191824e-10, 8.31613250485e-11, 1.38356659463e-10, 4.06485012316e-10, 1.47007750417e-09, 9.33530031055e-10, 1.16195131294e-09, 3.13303827326e-09, 2.77034395424e-09, 1.2822949369e-09, 5.18448284303e-10, 2.22851048726e-09, 3.42251049723e-09, 8.85732642786e-09, 1.03655102279e-08, 1.60368731628e-08, 8.59500204342e-09, 7.97627066618e-08, 8.07724092056e-08, 5.64924285129e-08, 1.96478691095e-08, 2.83667986878e-08, 3.01574551997e-08, 2.21702158854e-08, 3.54504372524e-08, 2.73956892727e-08, 2.74163820535e-08, 2.47694611488e-08, 2.13691766504e-08, 1.20387078084e-08, 5.86732351593e-09, 6.17574302808e-09, 1.71459002551e-09, 3.55371343463e-10, 2.7623061824e-11],
        "stdev": [0.0355232357979, 0.0962342321873, 0.0590794198215, 0.029361281544, 0.0332856327295, 0.154265880585, 0.704812586308, 0.495507031679, 17.7459259033, 347.535400391, 79.4682540894, 2.98940944672, 0.223900169134, 0.0958562642336, 1.05970203876, 0.188129961491, 1.57382702827, 4.25657558441, 7.82467079163, 7.25775384903, 2.59171938896, 24.1955432892, 2.85488367081, 11.6018924713, 5.92377185822, 6.07215213776, 7.68126916885, 6.70767354965, 2.42532944679, 4.56096363068, 0.753285169601, 0.236972913146, 0.100427597761, 0.0396010763943, 0.0325162746012, 0.00600256258622, 0.00210155849345, 0.000247051444603, 2.63179863396e-05, 2.56047151197e-05],
        "var": [0.00126190017909, 0.00926102790982, 0.00349037791602, 0.000862084852997, 0.00110793323256, 0.0237979628146, 0.496760815382, 0.245527207851, 314.917877197, 120780.859375, 6315.203125, 8.93656826019, 0.0501312874258, 0.00918842386454, 1.12296831608, 0.0353928804398, 2.47693133354, 18.118434906, 61.2254753113, 52.674987793, 6.71700906754, 585.424316406, 8.15036010742, 134.603912354, 35.0910720825, 36.8710289001, 59.0018959045, 44.9928855896, 5.88222265244, 20.8023872375, 0.567438542843, 0.0561561584473, 0.0100857019424, 0.00156824535225, 0.00105730816722, 3.60307567462e-05, 4.41654810857e-06, 6.10344201846e-08, 6.92636448196e-10, 6.55601462007e-10]
    },
    "gfcc": {
        "mean": [-435.972808838, 51.0508995056, -35.7439727783, 31.7892913818, -23.8551044464, 12.6154298782, -10.8263368607, 16.2335567474, 7.18072319031, 17.378993988, 0.107455328107, 5.53100538254, -8.61036205292],
        "cov": [[48170.375, 8392.07910156, -5509.54248047, 744.837463379, -2086.35473633, -1556.67138672, -226.687316895, 248.64440918, 2658.50512695, 2011.1003418, 632.553894043, -553.266296387, -1050.81298828], [8392.07910156, 2380.01855469, -267.848297119, 24.5863704681, -97.7177124023, -136.547286987, 123.586257935, 9.94521999359, 382.323547363, 301.362884521, 117.162391663, -24.0181770325, -163.363342285], [-5509.54248047, -267.848297119, 3332.47607422, 106.451545715, 1049.35424805, 638.178100586, 324.173919678, 23.7444095612, -520.699890137, -507.863525391, 128.954406738, 362.540588379, 452.485656738], [744.837463379, 24.5863704681, 106.451545715, 202.816040039, 23.9164867401, -30.6858386993, -15.2154245377, 26.7686309814, 67.1874923706, -4.94165325165, 37.7435874939, 15.624007225, 33.844543457], [-2086.35473633, -97.7177124023, 1049.35424805, 23.9164867401, 460.29095459, 241.242126465, 149.481704712, -4.9082660675, -155.431732178, -169.087265015, 60.0468597412, 135.220230103, 190.646240234], [-1556.67138672, -136.547286987, 638.178100586, -30.6858386993, 241.242126465, 188.969268799, 80.7119064331, 2.01469016075, -134.77961731, -103.305091858, 27.477016449, 75.8096237183, 88.6461868286], [-226.687316895, 123.586257935, 324.173919678, -15.2154245377, 149.481704712, 80.7119064331, 105.358612061, 15.5122871399, -15.3624753952, -33.6615447998, 27.9210510254, 40.5963439941, 54.5022697449], [248.64440918, 9.94521999359, 23.7444095612, 26.7686309814, -4.9082660675, 2.01469016075, 15.5122871399, 46.5388145447, 26.4477672577, -0.40930685401, 14.7240505219, 4.59181833267, -8.95675945282], [2658.50512695, 382.323547363, -520.699890137, 67.1874923706, -155.431732178, -134.77961731, -15.3624753952, 26.4477672577, 226.109664917, 143.49230957, 36.4834442139, -56.6514015198, -60.8182373047], [2011.1003418, 301.362884521, -507.863525391, -4.94165325165, -169.087265015, -103.305091858, -33.6615447998, -0.40930685401, 143.49230957, 141.052230835, 6.96273517609, -55.5552749634, -74.6526947021], [632.553894043, 117.162391663, 128.954406738, 37.7435874939, 60.0468597412, 27.477016449, 27.9210510254, 14.7240505219, 36.4834442139, 6.96273517609, 53.8228988647, 23.0968170166, 31.3180046082], [-553.266296387, -24.0181770325, 362.540588379, 15.624007225, 135.220230103, 75.8096237183, 40.5963439941, 4.59181833267, -56.6514015198, -55.5552749634, 23.0968170166, 65.7846450806, 62.0513954163], [-1050.81298828, -163.363342285, 452.485656738, 33.844543457, 190.646240234, 88.6461868286, 54.5022697449, -8.95675945282, -60.8182373047, -74.6526947021, 31.3180046082, 62.0513954163, 122.076377869]],
        "icov": [[0.000229837940424, -0.000573827594053, 1.90840637515e-05, -0.000308977265377, 0.000684989965521, -3.08107555611e-05, 0.000468425743748, -0.000274030433502, -0.00050017418107, -0.000704865320586, -0.0015415266389, -0.000227880329476, -0.000220107685891], [-0.000573827594053, 0.00338074401952, -0.00130463019013, 0.000904238899238, -0.00301460642368, 0.00360009237193, -0.00467356014997, 0.00512593984604, -0.000255468097748, -0.00209322758019, 0.00103117502294, -0.00200977246277, 0.00807576440275], [1.90840637515e-05, -0.00130463019013, 0.00269354553893, -0.00145703519229, -4.3249790906e-05, -0.00382054713555, 0.000809582881629, -0.00311440834776, 0.00285612279549, 0.00377741223201, 0.000268072413746, -0.00019445293583, -0.00514662032947], [-0.000308977265377, 0.000904238899238, -0.00145703519229, 0.0113276829943, -0.00237831985578, 0.00318374182098, 0.00732816942036, -0.00325460638851, -0.00795508455485, 0.0055396463722, 0.00145567930304, -0.00109257549047, -0.0016913167201], [0.000684989965521, -0.00301460642368, -4.3249790906e-05, -0.00237831985578, 0.0259115491062, -0.0163755901158, -0.00667345523834, 0.00826577004045, -0.00925230700523, 0.012620373629, -0.00252672913484, -0.00827977713197, -0.0143420863897], [-3.08107555611e-05, 0.00360009237193, -0.00382054713555, 0.00318374182098, -0.0163755901158, 0.0437710434198, -0.00995852891356, -0.00283598760143, 0.0212459694594, -0.0209705904126, -0.0218248534948, 0.00199463148601, 0.0182040091604], [0.000468425743748, -0.00467356014997, 0.000809582881629, 0.00732816942036, -0.00667345523834, -0.00995852891356, 0.0380058027804, -0.0191999264061, -0.0111189540476, 0.0047133336775, 0.00955538637936, 0.00481243897229, -0.0155326277018], [-0.000274030433502, 0.00512593984604, -0.00311440834776, -0.00325460638851, 0.00826577004045, -0.00283598760143, -0.0191999264061, 0.0524936020374, -0.0177792962641, 0.0115644298494, -0.00869105942547, -0.0161684956402, 0.0271834749728], [-0.00050017418107, -0.000255468097748, 0.00285612279549, -0.00795508455485, -0.00925230700523, 0.0212459694594, -0.0111189540476, -0.0177792962641, 0.0504682846367, -0.0270572006702, -0.0196193810552, 0.0170771405101, -0.00539708463475], [-0.000704865320586, -0.00209322758019, 0.00377741223201, 0.0055396463722, 0.012620373629, -0.0209705904126, 0.0047133336775, 0.0115644298494, -0.0270572006702, 0.0571177154779, 0.00879380106926, -0.0041108969599, -0.00886018201709], [-0.0015415266389, 0.00103117502294, 0.000268072413746, 0.00145567930304, -0.00252672913484, -0.0218248534948, 0.00955538637936, -0.00869105942547, -0.0196193810552, 0.00879380106926, 0.0692543685436, -0.00720046600327, -0.0168996099383], [-0.000227880329476, -0.00200977246277, -0.00019445293583, -0.00109257549047, -0.00827977713197, 0.00199463148601, 0.00481243897229, -0.0161684956402, 0.0170771405101, -0.0041108969599, -0.00720046600327, 0.0554500482976, -0.0158242639154], [-0.000220107685891, 0.00807576440275, -0.00514662032947, -0.0016913167201, -0.0143420863897, 0.0182040091604, -0.0155326277018, 0.0271834749728, -0.00539708463475, -0.00886018201709, -0.0168996099383, -0.0158242639154, 0.059029404074]]
    },
    "melbands": {
        "dmean": [0.000253286678344, 1.41050622915e-05, 1.2605100892e-06, 1.21172888612e-06, 4.43153294327e-06, 1.48561809965e-06, 8.0224541307e-05, 0.0009064070764, 7.55876899348e-05, 7.01061935615e-07, 4.28713384792e-08, 2.73491167491e-08, 4.0213708985e-07, 2.65828987267e-07, 1.25133723827e-07, 1.14474539714e-06, 1.94450080926e-06, 3.05247408505e-06, 4.57155010736e-06, 4.54566190911e-07, 1.85475514058e-07, 6.87359352014e-06, 8.30454155221e-07, 3.9510462102e-07, 2.35226480072e-06, 1.9831395548e-06, 2.50785859635e-07, 1.23887627979e-06, 1.82052656328e-06, 4.64782232257e-07, 1.04280343294e-06, 2.33338340649e-07, 3.14428433512e-07, 5.49601509192e-07, 8.16193548303e-08, 3.42835484446e-08, 2.49443630196e-08, 1.30307897805e-08, 1.10704014844e-08, 6.13726180987e-09],
        "dmean2": [0.000331854535034, 2.38063621509e-05, 2.147747864e-06, 2.0250374746e-06, 7.52490177547e-06, 2.70580403594e-06, 0.000141378623084, 0.00166422629263, 0.000120541364595, 1.24946643609e-06, 6.65087611651e-08, 4.15250305252e-08, 4.55464288507e-07, 2.35734091802e-07, 2.35767416257e-07, 1.71494139067e-06, 3.31922728947e-06, 5.02959437654e-06, 7.80337177275e-06, 7.28486327262e-07, 2.4219158945e-07, 9.88479951047e-06, 1.00992724583e-06, 4.75794678323e-07, 3.06719539367e-06, 2.68499002232e-06, 3.8520457224e-07, 2.48010064752e-06, 3.50169261765e-06, 7.7502664908e-07, 1.83090310202e-06, 3.61352078926e-07, 5.04834417825e-07, 7.82900542617e-07, 1.19641427432e-07, 5.08751902828e-08, 3.48802053907e-08, 2.05684216326e-08, 1.45465932633e-08, 9.93814186501e-09],
        "dvar": [2.28706952043e-07, 1.46063194872e-09, 1.57842506426e-11, 3.05139004342e-11, 4.58216353749e-10, 4.1343858892e-11, 1.05740227241e-07, 1.14587264761e-05, 8.22682721946e-08, 1.15974261444e-11, 2.99550321884e-14, 1.40354570617e-14, 1.95060048842e-12, 5.65191719381e-13, 3.6229325746e-13, 2.44162554758e-11, 6.64811122819e-11, 1.56363130777e-10, 2.44665981919e-10, 4.19015560096e-12, 4.24981827073e-13, 9.01866747949e-10, 1.00975052972e-11, 1.99284490819e-12, 8.46624020889e-11, 6.31788996119e-11, 1.28338854301e-12, 4.25323595787e-11, 7.67573574145e-11, 4.9322247675e-12, 2.42621252949e-11, 1.14221718021e-12, 2.00094931943e-12, 4.70939563388e-12, 1.36579739489e-13, 2.40864863861e-14, 1.21808521657e-14, 2.93655883132e-15, 2.2649851592e-15, 8.31465752233e-16],
        "dvar2": [3.93767322748e-07, 2.84047629862e-09, 3.69169035619e-11, 6.53163773068e-11, 9.86078330101e-10, 1.13892409392e-10, 1.90332727357e-07, 3.05022749671e-05, 1.91228480162e-07, 3.25141788493e-11, 4.79278956475e-14, 3.35392046709e-14, 2.37477702433e-12, 5.92605662892e-13, 1.06150505053e-12, 5.90128848565e-11, 1.49891266066e-10, 3.89526300104e-10, 6.2386917854e-10, 1.14078980637e-11, 5.93518344281e-13, 2.01630645513e-09, 1.7929704596e-11, 2.94924631591e-12, 1.80259557281e-10, 1.42187150942e-10, 2.70642189215e-12, 1.27165222796e-10, 2.33701752395e-10, 1.32743651141e-11, 6.70421149152e-11, 2.84518394088e-12, 3.39735813266e-12, 7.52734159726e-12, 3.26139831287e-13, 5.87261223808e-14, 2.86476334462e-14, 6.56404794343e-15, 4.90413272329e-15, 2.17971816405e-15],
        "max": [0.00335136661306, 0.000325998378685, 2.97382885037e-05, 3.80056590075e-05, 0.000143886660226, 4.47037091362e-05, 0.00250636367127, 0.0197477731854, 0.00205030851066, 2.28779572353e-05, 1.3971447288e-06, 8.83902657733e-07, 1.32682253025e-05, 8.77069760463e-06, 3.88794842365e-06, 3.71571586584e-05, 5.88651600992e-05, 8.95351622603e-05, 9.77690142463e-05, 1.49960433191e-05, 5.99366921961e-06, 0.000225817333558, 2.74003541563e-05, 1.29038562591e-05, 7.75857333792e-05, 6.54426403344e-05, 8.27510120871e-06, 4.05384234909e-05, 5.58528408874e-05, 1.53369310283e-05, 3.3767955756e-05, 7.68741938373e-06, 1.03751362985e-05, 1.76345311047e-05, 2.69199199465e-06, 1.13056387363e-06, 8.2242490862e-07, 4.29136889579e-07, 3.64152185739e-07, 2.01538739475e-07],
        "mean": [0.000299786537653, 2.34522376559e-05, 1.92938728105e-06, 1.19808612453e-06, 4.01428724217e-06, 1.4019660739e-06, 0.000127175633679, 0.000989167019725, 9.72361012828e-05, 5.00620274124e-07, 6.04972001383e-08, 2.80186842616e-08, 1.06676418454e-06, 6.2622450514e-07, 8.36385964931e-08, 1.19334902138e-06, 2.24116729441e-06, 3.03344904751e-06, 5.63425919609e-06, 5.37320318017e-07, 2.7816003012e-07, 6.48071682008e-06, 9.28889448915e-07, 5.15210842877e-07, 2.38608686232e-06, 1.93878940991e-06, 2.53289357488e-07, 8.051474083e-07, 1.3458399053e-06, 3.68971626585e-07, 8.44380906528e-07, 2.11654295867e-07, 3.62622984085e-07, 6.13106180936e-07, 7.45359329812e-08, 3.18845145841e-08, 2.65436739255e-08, 1.73519776325e-08, 1.30507746832e-08, 5.07406738848e-09],
        "median": [5.55005826754e-05, 3.30201510224e-06, 1.86016109183e-07, 7.21708346418e-08, 1.81086807771e-08, 1.23934880136e-08, 1.13738343188e-08, 3.23395248358e-08, 5.05791142302e-09, 7.42177652668e-10, 5.7123966668e-10, 2.91217105985e-10, 4.04747346749e-09, 2.81939205315e-09, 1.82628065448e-10, 1.6130836944e-10, 2.00893121582e-10, 2.42265624228e-10, 2.7901264632e-10, 2.50169912563e-10, 3.46800144158e-10, 2.53265852734e-10, 2.14659096054e-10, 1.84467705e-10, 1.81681364397e-10, 1.49583415099e-10, 1.46356649022e-10, 1.50372131413e-10, 1.41052586278e-10, 1.28868582472e-10, 1.3557382994e-10, 1.86651513689e-10, 1.57392779365e-10, 1.54302709499e-10, 1.64326940943e-10, 1.60258306625e-10, 1.82307044461e-10, 2.01983027526e-10, 1.87673626639e-10, 1.77937609092e-10],
        "min": [4.8091961186e-13, 1.71377750316e-13, 6.92715673776e-14, 1.91747235901e-14, 2.81915265329e-15, 2.97781081816e-15, 7.84609075437e-15, 1.59621918954e-14, 6.64865806453e-15, 8.08513869868e-15, 1.60438390953e-14, 1.17267357798e-14, 5.38395994725e-15, 7.94993784074e-16, 3.29180317885e-15, 4.29936813961e-15, 6.72283570434e-15, 1.08334023176e-14, 2.19897240878e-14, 1.09429524768e-14, 1.97475516435e-14, 2.72390252782e-15, 3.96930548868e-14, 8.53802637857e-14, 6.29188473783e-14, 5.95417541226e-14, 1.5889426683e-14, 1.32726166483e-14, 1.90069382217e-14, 1.78213919452e-14, 1.46533599734e-14, 1.13568932429e-14, 1.24273573881e-14, 2.22640695891e-14, 1.17307854443e-14, 1.97988123834e-14, 1.74079958212e-14, 2.37372682545e-14, 7.62759691156e-15, 2.24364018304e-14],
        "stdev": [0.000628976500593, 6.03026419412e-05, 4.9472819228e-06, 5.51194352738e-06, 2.0981171474e-05, 5.89323371969e-06, 0.000475288165035, 0.00374171324074, 0.000358789548045, 2.81525126411e-06, 2.31163312492e-07, 1.21162514688e-07, 2.82491032522e-06, 1.61758157446e-06, 4.77207493077e-07, 5.18836213814e-06, 9.02899228095e-06, 1.25799797388e-05, 1.91090020962e-05, 2.09407949114e-06, 9.87236035144e-07, 3.1236839277e-05, 3.96938685299e-06, 2.01818488677e-06, 1.06170164145e-05, 8.87604528543e-06, 1.19725905279e-06, 4.95862377647e-06, 7.06881610313e-06, 1.95991924556e-06, 4.36059281128e-06, 1.04358332464e-06, 1.67845144006e-06, 2.72336978924e-06, 3.70333623323e-07, 1.54932408236e-07, 1.20061244502e-07, 6.77848603914e-08, 5.62051241104e-08, 2.62580233112e-08],
