{
"lowlevel": {
    "average_loudness": 0.99068403244,
    "barkbands_crest": {
        "dmean": 1.32802224159,
        "dmean2": 2.00021314621,
        "dvar": 1.95682787895,
        "dvar2": 2.84698820114,
        "max": 17.0438690186,
        "mean": 8.68786144257,
        "median": 6.10808849335,
        "min": 4.10406494141,
        "stdev": 4.53928232193,
        "var": 20.6050853729
    },
    "barkbands_flatness_db": {
        "dmean": 0.0105123305693,
        "dmean2": 0.0146562056616,
        "dvar": 0.000109552747745,
        "dvar2": 0.000102384925412,
        "max": 0.141651764512,
        "mean": 0.088298715651,
        "median": 0.0899967476726,
        "min": 0.0382145307958,
        "stdev": 0.032199177891,
        "var": 0.00103678693995
    },
    "barkbands_kurtosis": {
        "dmean": 0.611293017864,
        "dmean2": 0.929701328278,
        "dvar": 0.472434967756,
        "dvar2": 1.22640836239,
        "max": 7.16326713562,
        "mean": 1.09783041477,
        "median": -0.773049354553,
        "min": -1.67494118214,
        "stdev": 2.96569108963,
        "var": 8.79532337189
    },
    "barkbands_skewness": {
        "dmean": 0.179064333439,
        "dmean2": 0.253412216902,
        "dvar": 0.034629303962,
        "dvar2": 0.0513568818569,
        "max": 1.02381527424,
        "mean": -0.683782875538,
        "median": -0.569405972958,
        "min": -2.49665188789,
        "stdev": 1.27241003513,
        "var": 1.61902737617
    },
    "barkbands_spread": {
        "dmean": 5.29756212234,
        "dmean2": 7.45327138901,
        "dvar": 20.1826305389,
        "dvar2": 41.7410011292,
        "max": 135.862411499,
        "mean": 67.3491287231,
        "median": 58.6205406189,
        "min": 14.4986915588,
        "stdev": 44.6194801331,
        "var": 1990.89794922
    },
    "dissonance": {
        "dmean": 0.00754467025399,
        "dmean2": 0.0114897089079,
        "dvar": 9.78739626589e-05,
        "dvar2": 0.000105207560409,
        "max": 0.499065756798,
        "mean": 0.488145709038,
        "median": 0.489145368338,
        "min": 0.429349333048,
        "stdev": 0.0112967211753,
        "var": 0.000127615901874
    },
    "dynamic_complexity": 23.2532291412,
    "erbbands_crest": {
        "dmean": 1.21491885185,
        "dmean2": 2.18774271011,
        "dvar": 0.995328962803,
        "dvar2": 2.46943569183,
        "max": 9.10021305084,
        "mean": 5.40422773361,
        "median": 5.43981552124,
        "min": 2.41978216171,
        "stdev": 1.76915025711,
        "var": 3.12989258766
    },
    "erbbands_flatness_db": {
        "dmean": 0.00870126578957,
        "dmean2": 0.0140267303213,
        "dvar": 5.41015469935e-05,
        "dvar2": 8.87949936441e-05,
        "max": 0.169239342213,
        "mean": 0.104885913432,
        "median": 0.123793587089,
        "min": 0.0352625362575,
        "stdev": 0.0480313636363,
        "var": 0.0023070119787
    },
    "erbbands_kurtosis": {
        "dmean": 0.484977692366,
        "dmean2": 0.757907807827,
        "dvar": 0.175173863769,
        "dvar2": 0.372092008591,
        "max": 5.05180931091,
        "mean": 1.01325547695,
        "median": 0.297201395035,
        "min": -1.18301010132,
        "stdev": 1.78100013733,
        "var": 3.17196130753
    },
    "erbbands_skewness": {
        "dmean": 0.17110812664,
        "dmean2": 0.245353713632,
        "dvar": 0.013219547458,
        "dvar2": 0.0379033498466,
        "max": 0.0869500860572,
        "mean": -1.03965198994,
        "median": -1.06410586834,
        "min": -2.07401061058,
        "stdev": 0.513520121574,
        "var": 0.26370292902
    },
    "erbbands_spread": {
        "dmean": 4.7214307785,
        "dmean2": 7.56982278824,
        "dvar": 17.5820484161,
        "dvar2": 40.4009742737,
        "max": 78.2297515869,
        "mean": 44.2057151794,
        "median": 41.4622344971,
        "min": 19.8903999329,
        "stdev": 17.9188652039,
        "var": 321.085754395
    },
    "hfc": {
        "dmean": 34.2532310486,
        "dmean2": 24.3555526733,
        "dvar": 10601.8037109,
        "dvar2": 7880.52246094,
        "max": 838.712402344,
        "mean": 95.725479126,
        "median": 0.126394599676,
        "min": 0.000163550910656,
        "stdev": 220.416793823,
        "var": 48583.5625
    },
    "loudness_ebu128": {
        "integrated": -38.155040741,
        "loudness_range": 0,
        "momentary": {
            "dmean": 6.20398283005,
            "dmean2": 1.73686087132,
            "dvar": 4.82938051224,
            "dvar2": 1.06784248352,
            "max": -34.9092712402,
            "mean": -58.2330703735,
            "median": -59.5790176392,
            "min": -78.3371505737,
            "stdev": 15.6561412811,
            "var": 245.114746094
        },
        "short_term": {
            "dmean": 0,
            "dmean2": 0,
            "dvar": 0,
            "dvar2": 0,
            "max": -43.6546020508,
            "mean": -43.6546020508,
            "median": -43.6546020508,
            "min": -43.6546020508,
            "stdev": 0,
            "var": 0
        }
    },
    "melbands_crest": {
        "dmean": 2.11296963692,
        "dmean2": 3.34436655045,
        "dvar": 3.13914942741,
        "dvar2": 7.49644231796,
        "max": 28.8929595947,
        "mean": 10.562002182,
        "median": 7.51440620422,
        "min": 2.524736166,
        "stdev": 8.18160247803,
        "var": 66.9386138916
    },
    "melbands_flatness_db": {
        "dmean": 0.00937757827342,
        "dmean2": 0.0147011680529,
        "dvar": 7.91455750004e-05,
        "dvar2": 0.000159671864822,
        "max": 0.134159401059,
        "mean": 0.0600984655321,
        "median": 0.0461629442871,
        "min": 0.015510622412,
        "stdev": 0.0371958836913,
        "var": 0.0013835337013
    },
    "melbands_kurtosis": {
        "dmean": 1.1834846735,
        "dmean2": 2.04763674736,
        "dvar": 3.51852083206,
        "dvar2": 8.70529937744,
        "max": 13.4702148438,
        "mean": 2.21077632904,
        "median": -0.721666812897,
        "min": -1.66576302052,
        "stdev": 4.97384309769,
        "var": 24.7391147614
    },
    "melbands_skewness": {
        "dmean": 0.305728703737,
        "dmean2": 0.496452242136,
        "dvar": 0.0933430269361,
        "dvar2": 0.217137530446,
        "max": 3.66010808945,
        "mean": 1.03338384628,
        "median": 0.774664282799,
        "min": -0.741193234921,
        "stdev": 1.44263732433,
        "var": 2.08120250702
    },
    "melbands_spread": {
        "dmean": 12.3999052048,
        "dmean2": 20.3174762726,
        "dvar": 135.1847229,
        "dvar2": 269.040405273,
        "max": 166.895339966,
        "mean": 103.466766357,
        "median": 113.45287323,
        "min": 41.7352790833,
        "stdev": 38.7784347534,
        "var": 1503.76696777
    },
    "pitch_salience": {
        "dmean": 0.0392873249948,
        "dmean2": 0.0594937950373,
        "dvar": 0.00144030817319,
        "dvar2": 0.00170282507315,
        "max": 0.775484263897,
        "mean": 0.590595304966,
        "median": 0.633289933205,
        "min": 0.365244537592,
        "stdev": 0.12301363796,
        "var": 0.0151323545724
    },
    "silence_rate_20dB": {
        "dmean": 0,
        "dmean2": 0,
        "dvar": 0,
        "dvar2": 0,
        "max": 1,
        "mean": 1,
        "median": 1,
        "min": 1,
        "stdev": 0,
        "var": 0
    },
    "silence_rate_30dB": {
        "dmean": 0,
        "dmean2": 0,
        "dvar": 0,
        "dvar2": 0,
        "max": 1,
        "mean": 1,
        "median": 1,
        "min": 1,
        "stdev": 0,
        "var": 0
    },
    "silence_rate_60dB": {
        "dmean": 0.0217391308397,
        "dmean2": 0.0444444455206,
        "dvar": 0.0212665516883,
        "dvar2": 0.0424691289663,
        "max": 1,
        "mean": 0.723404228687,
        "median": 1,
        "min": 0,
        "stdev": 0.447314977646,
        "var": 0.200090691447
    },
    "spectral_centroid": {
        "dmean": 201.465286255,
        "dmean2": 304.949523926,
        "dvar": 20983.6894531,
        "dvar2": 57103.859375,
        "max": 4639.45361328,
        "mean": 3672.46875,
        "median": 3725.83300781,
        "min": 2395.55200195,
        "stdev": 651.594360352,
        "var": 424575.1875
    },
    "spectral_complexity": {
        "dmean": 1.78260874748,
        "dmean2": 1.86666667461,
        "dvar": 21.2570743561,
        "dvar2": 16.9155483246,
        "max": 44,
        "mean": 6.44680833817,
        "median": 0,
        "min": 0,
        "stdev": 12.6032943726,
        "var": 158.843032837
    },
    "spectral_decrease": {
        "dmean": 2.0719945204e-10,
        "dmean2": 2.21974050252e-10,
        "dvar": 2.60223498535e-19,
        "dvar2": 2.44811702007e-19,
        "max": -1.7825128631e-15,
        "mean": -6.32364938191e-10,
        "median": -5.43776005127e-12,
        "min": -4.9336472685e-09,
        "stdev": 1.27476829093e-09,
        "var": 1.62503415687e-18
    },
    "spectral_energy": {
        "dmean": 0.00372593919747,
        "dmean2": 0.00268673989922,
        "dvar": 0.000120598277135,
        "dvar2": 8.48923955346e-05,
        "max": 0.0914399623871,
        "mean": 0.0110692810267,
        "median": 3.19877508446e-05,
        "min": 2.15621742683e-08,
        "stdev": 0.0246333312243,
        "var": 0.0006068010116
    },
    "spectral_energyband_high": {
        "dmean": 0.00329589168541,
        "dmean2": 0.00236010598019,
        "dvar": 9.25692656892e-05,
        "dvar2": 6.21679064352e-05,
        "max": 0.0804608017206,
        "mean": 0.00967754516751,
        "median": 1.55274501594e-05,
        "min": 1.04175503779e-08,
        "stdev": 0.0216689556837,
        "var": 0.000469543680083
    },
    "spectral_energyband_low": {
        "dmean": 1.87556202036e-06,
        "dmean2": 3.16221780849e-06,
        "dvar": 1.85910072059e-11,
        "dvar2": 5.67019660391e-11,
        "max": 3.55469092028e-05,
        "mean": 3.98366501031e-06,
        "median": 9.0315666057e-07,
        "min": 3.86707554867e-09,
        "stdev": 6.8104377533e-06,
        "var": 4.63820648555e-11
    },
    "spectral_energyband_middle_high": {
        "dmean": 0.000380182143999,
        "dmean2": 0.000485986354761,
        "dvar": 9.74912495622e-07,
        "dvar2": 1.30696832912e-06,
        "max": 0.00799807067961,
        "mean": 0.000890005554538,
        "median": 5.91960179008e-06,
        "min": 2.13342676858e-09,
        "stdev": 0.00193823478185,
        "var": 3.75675426767e-06
    },
    "spectral_energyband_middle_low": {
        "dmean": 0.00020138315449,
        "dmean2": 0.000295367004583,
        "dvar": 3.39084181178e-07,
        "dvar2": 6.48039247153e-07,
        "max": 0.00401941034943,
        "mean": 0.000433768407675,
        "median": 5.57833527637e-06,
        "min": 1.0588705468e-09,
        "stdev": 0.000941121310461,
        "var": 8.85709368958e-07
    },
    "spectral_entropy": {
        "dmean": 0.0643351376057,
        "dmean2": 0.104984663427,
        "dvar": 0.00220925384201,
        "dvar2": 0.00629318552092,
        "max": 8.90172576904,
        "mean": 8.56209087372,
        "median": 8.58032989502,
        "min": 8.18622684479,
        "stdev": 0.178180992603,
        "var": 0.0317484661937
    },
    "spectral_flux": {
        "dmean": 0.007066862192,
        "dmean2": 0.00596293387935,
        "dvar": 0.00027369390591,
        "dvar2": 0.000409843312809,
        "max": 0.211717143655,
        "mean": 0.0385538190603,
        "median": 0.00364676886238,
        "min": 0.000735466950573,
        "stdev": 0.0608346201479,
        "var": 0.00370085122995
    },
    "spectral_kurtosis": {
        "dmean": 0.253237068653,
        "dmean2": 0.332065075636,
        "dvar": 0.0484092757106,
        "dvar2": 0.0529595464468,
        "max": 4.31600475311,
        "mean": 1.90242063999,
        "median": 1.86871337891,
        "min": 0.51083445549,
        "stdev": 1.11190366745,
        "var": 1.23632967472
    },
    "spectral_rms": {
        "dmean": 0.000338081386872,
        "dmean2": 0.000226619027671,
        "dvar": 7.32186492769e-07,
        "dvar2": 5.65421032661e-07,
        "max": 0.00944508984685,
        "mean": 0.00172340474091,
        "median": 0.000176656627445,
        "min": 4.58653130408e-06,
        "stdev": 0.00279806577601,
        "var": 7.82917231845e-06
    },
    "spectral_rolloff": {
        "dmean": 667.529296875,
        "dmean2": 919.706848145,
        "dvar": 644352.375,
        "dvar2": 849781.5,
        "max": 19207.6171875,
        "mean": 12951.5341797,
        "median": 12273.9257812,
        "min": 6416.89453125,
        "stdev": 4465.32373047,
        "var": 19939114
    },
    "spectral_skewness": {
        "dmean": 0.0703360810876,
        "dmean2": 0.101713329554,
        "dvar": 0.00248065730557,
        "dvar2": 0.00458317482844,
        "max": 1.51841449738,
        "mean": 1.03584837914,
        "median": 0.88156235218,
        "min": 0.638316631317,
        "stdev": 0.298612207174,
        "var": 0.089169241488
    },
    "spectral_spread": {
        "dmean": 354468.46875,
        "dmean2": 463374.03125,
        "dvar": 68967546880,
        "dvar2": 125458522112,
        "max": 12667439,
        "mean": 8765302,
        "median": 8475134,
        "min": 5666919.5,
        "stdev": 2234022.5,
        "var": 4.99085633126e+12
    },
    "spectral_strongpeak": {
        "dmean": 0.739675521851,
        "dmean2": 1.04760062695,
        "dvar": 3.22311306,
        "dvar2": 7.10469436646,
        "max": 12.1713247299,
        "mean": 1.76389038563,
        "median": 0,
        "min": 0,
        "stdev": 2.88051509857,
        "var": 8.29736709595
    },
    "zerocrossingrate": {
        "dmean": 0.0190748125315,
        "dmean2": 0.0192816834897,
        "dvar": 0.00122913497034,
        "dvar2": 0.00100772257429,
        "max": 0.41455078125,
        "mean": 0.28785738349,
        "median": 0.2744140625,
        "min": 0.0751953125,
        "stdev": 0.0645272135735,
        "var": 0.0041637616232
    },
    "barkbands": {
        "dmean": [5.04358581566e-07, 7.16573026693e-07, 1.29818033656e-06, 3.29227441398e-06, 1.15632174129e-05, 3.75646668545e-05, 8.9394285169e-05, 0.000105943523522, 6.04466513323e-05, 2.66519491561e-05, 1.44004525282e-05, 5.32485728399e-06, 9.47469306993e-05, 1.51970434672e-05, 2.95117824862e-05, 4.46146332251e-05, 4.43155659013e-05, 9.27579458221e-05, 7.41593757994e-05, 0.000406888808357, 0.000271507335128, 0.000600272323936, 0.000497578992508, 0.000672115886118, 0.000616470468231, 0.000740828865673, 0.000411522953073],
        "dmean2": [8.10041115074e-07, 1.2102744904e-06, 2.26307065532e-06, 4.31561920777e-06, 1.9609437004e-05, 6.20901046204e-05, 0.000144090110552, 0.000135611713631, 0.000110729590233, 2.97831156786e-05, 2.28787594097e-05, 8.62095112097e-06, 0.000175445733475, 2.23482129513e-05, 4.63346805191e-05, 6.2342180172e-05, 5.86016467423e-05, 0.000119695374451, 0.000110124899948, 0.00050535419723, 0.000335608638125, 0.000796092906967, 0.000500746071339, 0.000517879496329, 0.000452330248663, 0.000886861176696, 0.000372303155018],
        "dvar": [3.16669515046e-13, 2.18936674345e-12, 9.90891830394e-12, 6.15111919733e-11, 7.19407367011e-10, 7.60651897025e-09, 5.8435517758e-08, 8.89859776976e-08, 1.98187120048e-08, 4.52713200261e-09, 1.55469681573e-09, 1.28684202183e-10, 7.37521190786e-08, 1.21564047717e-09, 4.74041472742e-09, 1.55045398742e-08, 1.37229987374e-08, 6.19411011371e-08, 3.19518100866e-08, 1.17362162655e-06, 7.08764389401e-07, 2.52880909102e-06, 1.60753927503e-06, 2.96597545457e-06, 2.58170689449e-06, 6.32166347714e-06, 1.73396108494e-06],
        "dvar2": [5.04201660891e-13, 5.88848110897e-12, 3.20662385533e-11, 8.73954728031e-11, 1.98768046467e-09, 1.71935283788e-08, 1.51945258153e-07, 1.8711173766e-07, 6.8404254705e-08, 3.76852105077e-09, 2.32459784755e-09, 2.94743535134e-10, 2.49920731221e-07, 3.44281736453e-09, 1.13889502273e-08, 2.96445783476e-08, 2.23376215303e-08, 1.36358508485e-07, 7.06323532995e-08, 2.44683747042e-06, 7.09972027835e-07, 4.56582301922e-06, 1.4017795138e-06, 2.13863768295e-06, 1.28305805447e-06, 1.05839289972e-05, 1.49723723553e-06],
        "max": [3.50685422745e-06, 8.61875741975e-06, 1.9005532522e-05, 6.56892370898e-05, 0.000287093862426, 0.000604828994256, 0.00155683699995, 0.001857399242, 0.000764564319979, 0.000536268111318, 0.000245644332608, 0.00011967735918, 0.00150043412577, 0.000246351002716, 0.000522700836882, 0.000792041188106, 0.000732879561838, 0.00150145182852, 0.0012065108167, 0.00934690237045, 0.00568923074752, 0.0103369569406, 0.0114786699414, 0.0164906252176, 0.0151506504044, 0.0170866977423, 0.0101369740441],
        "mean": [1.982032245e-06, 7.78853859629e-07, 1.63180129675e-06, 7.32274293114e-06, 3.37108831445e-05, 8.03629664006e-05, 0.000104588041722, 0.000126538288896, 7.56570661906e-05, 5.65861773794e-05, 2.32358634094e-05, 1.59331648319e-05, 0.000104963444755, 2.23295119213e-05, 4.59066941403e-05, 6.77716525388e-05, 9.08731090021e-05, 0.000130264787003, 0.000117032737762, 0.000719366420526, 0.0005454873899, 0.00120081193745, 0.00140699651092, 0.0019347605994, 0.00176194868982, 0.00145261001308, 0.000884432636667],
        "median": [2.03038030122e-06, 3.18682424449e-07, 4.02787954101e-08, 1.08004371668e-07, 3.15684701491e-07, 1.11475560516e-06, 3.27309265913e-07, 1.331257522e-06, 1.71719420905e-06, 6.27507802164e-07, 2.23314643222e-07, 1.80006679784e-07, 7.51411221245e-07, 3.38818239243e-07, 3.68852738575e-07, 6.63753667141e-07, 6.01120234478e-07, 6.99781821822e-07, 1.13486430564e-06, 2.80102995021e-06, 3.62928494724e-06, 4.94312826049e-06, 3.50380469172e-06, 1.60946444794e-06, 4.25924213232e-07, 2.28920626455e-07, 6.11715393006e-07],
        "min": [4.64583749249e-09, 1.42694567273e-09, 4.4089495943e-10, 1.59232030339e-10, 2.39365055554e-10, 2.02509509162e-10, 1.40693456885e-10, 7.37512065307e-11, 1.69989161636e-10, 2.04956163152e-10, 1.83165579926e-10, 1.64628310984e-10, 1.7243767525e-10, 2.09762429648e-10, 1.323046811e-10, 4.91974169736e-11, 3.6179442775e-10, 1.87331011814e-10, 4.23291179885e-10, 1.93777396906e-10, 3.19797327508e-10, 7.9573497791e-10, 1.31538457904e-09, 1.10811182452e-09, 1.40535116877e-09, 2.35372410451e-09, 3.45634365573e-09],
        "stdev": [6.00285488872e-07, 1.5700405811e-06, 3.45732269125e-06, 1.46080592458e-05, 6.46912012598e-05, 0.000157270755153, 0.000277595274383, 0.000334712676704, 0.000167712962138, 0.00012883330055, 5.19011409779e-05, 3.21839470416e-05, 0.000268662115559, 4.92971812491e-05, 0.000104591730633, 0.000156917187269, 0.000190004357137, 0.000302707223454, 0.00025035100407, 0.00170103623532, 0.00131711014546, 0.00260049803182, 0.00307081080973, 0.00430580880493, 0.00402791285887, 0.00369150773622, 0.00235392013565],
        "var": [3.60342669332e-13, 2.46502731421e-12, 1.19530800188e-11, 2.13395384696e-10, 4.18495194054e-09, 2.47340903314e-08, 7.70591341848e-08, 1.12032580546e-07, 2.81276371084e-08, 1.65980189593e-08, 2.69372835149e-09, 1.03580644062e-09, 7.21793256275e-08, 2.43021225366e-09, 1.09394298065e-08, 2.46230040801e-08, 3.61016532224e-08, 9.16316693633e-08, 6.26756246902e-08, 2.89352419713e-06, 1.73477906174e-06, 6.76259014654e-06, 9.4298784461e-06, 1.8539991288e-05, 1.62240812642e-05, 1.36272292366e-05, 5.54093958272e-06]
    },
    "erbbands": {
        "dmean": [9.85520273389e-06, 0.000216881962842, 0.00126570649445, 0.00387956015766, 0.0231385044754, 0.0722423866391, 0.147596165538, 0.386210024357, 0.54265832901, 2.74426078796, 1.06138586998, 1.71441197395, 0.678940117359, 1.3552261591, 0.41168114543, 0.842659473419, 4.32087135315, 0.975681066513, 0.805783390999, 1.73735165596, 2.65631580353, 3.17592191696, 5.99443387985, 2.33798718452, 6.02734708786, 8.36390209198, 22.1828861237, 9.57172393799, 24.859621048, 20.2004108429, 14.2308492661, 19.2201213837, 12.094991684, 8.3770608902, 4.75119400024, 2.3846476078, 1.70577919483, 0.421722710133, 0.0726949423552, 0.00446989992633],
        "dmean2": [1.7760987248e-05, 0.000348995381501, 0.00214964081533, 0.00583482533693, 0.0312250833958, 0.126029327512, 0.205342829227, 0.630928397179, 0.731520175934, 3.80141782761, 1.43442904949, 3.17300987244, 0.971777915955, 1.42993175983, 0.59987193346, 1.48960113525, 7.63301324844, 1.65669298172, 1.24082291126, 2.39608669281, 3.80831027031, 4.15341091156, 7.91338825226, 3.61830878258, 7.76061677933, 8.21765708923, 32.4636878967, 11.8649253845, 33.4917869568, 19.1270637512, 18.03698349, 25.314743042, 10.4805383682, 5.26809453964, 5.10259866714, 2.25409317017, 1.96421289444, 0.595301568508, 0.0578866861761, 0.00336884427816],
        "dvar": [1.19287787981e-10, 2.40609097091e-07, 1.03827669591e-05, 7.65933073126e-05, 0.00224095769227, 0.032154507935, 0.142531558871, 0.749351739883, 2.07145762444, 46.5739479065, 10.5853977203, 16.3613586426, 4.46261548996, 9.77697658539, 1.15682852268, 4.44538450241, 165.887252808, 7.84912919998, 4.21705245972, 11.7264432907, 72.6273269653, 68.8741378784, 256.316864014, 27.9364280701, 317.539855957, 431.384307861, 3752.97753906, 730.775756836, 4252.64892578, 2119.54370117, 1552.67199707, 2097.98120117, 891.631469727, 383.74710083, 165.627182007, 65.516960144, 33.3147544861, 1.87952470779, 0.0487035512924, 0.000155251400429],
        "dvar2": [3.43352679621e-10, 6.58884289351e-07, 3.09343959088e-05, 0.000128145766212, 0.004469207488, 0.0997698158026, 0.329609692097, 1.59337902069, 3.80873727798, 106.673233032, 20.3871822357, 56.0604476929, 10.5279283524, 9.29799938202, 2.44174814224, 15.0877103806, 552.091186523, 21.500246048, 7.06879472733, 20.6031570435, 161.351959229, 118.180183411, 553.278930664, 71.2018890381, 555.159973145, 502.392364502, 7459.68066406, 731.935302734, 8601.73925781, 2779.39404297, 2768.62133789, 4494.15820312, 970.186828613, 198.366638184, 175.052078247, 103.720901489, 51.0188751221, 3.25183653831, 0.0379663445055, 0.000112181951408],
        "max": [8.84636538103e-05, 0.00282381777652, 0.0207230690867, 0.0869503095746, 0.411341428757, 1.47701454163, 3.3500649929, 5.07026910782, 10.0029249191, 38.544883728, 21.4885444641, 23.1519260406, 15.0172023773, 25.5275402069, 8.5186290741, 13.2655000687, 73.0409317017, 20.8036708832, 16.4111061096, 27.0756645203, 53.3746452332, 52.2188873291, 95.7230072021, 39.5633735657, 130.020767212, 197.875671387, 481.843231201, 217.381881714, 386.90133667, 413.502655029, 327.418121338, 380.681518555, 274.53326416, 206.942840576, 108.851211548, 56.806728363, 39.0815353394, 9.06123828888, 1.79974102974, 0.110163241625],
        "mean": [1.9682038328e-05, 0.000224713381613, 0.00166686275043, 0.0107905874029, 0.0625134408474, 0.13455080986, 0.340871661901, 0.738056123257, 0.894395112991, 3.24468874931, 1.69034075737, 2.00070118904, 1.05704700947, 2.31465673447, 0.717727065086, 1.26212286949, 4.87712478638, 1.62925541401, 1.70306050777, 3.35818219185, 3.98624563217, 5.9484744072, 8.09800720215, 5.23387622833, 11.5975027084, 19.3451519012, 42.2956809998, 20.9794330597, 43.1096038818, 46.2162628174, 35.26770401, 42.3899879456, 28.4383525848, 21.4346733093, 12.3880109787, 5.01348733902, 3.27805280685, 0.802425086498, 0.147239327431, 0.00897959899157],
        "median": [1.487461941e-05, 6.64157632855e-05, 5.04263407493e-05, 0.000195757806068, 0.000962266058195, 0.00073415559018, 0.00444386573508, 0.0120649859309, 0.00538763822988, 0.0230255611241, 0.0222039241344, 0.0480001121759, 0.0137460678816, 0.0348675996065, 0.00846098642796, 0.0106569882482, 0.0366285070777, 0.0210358425975, 0.0163630712777, 0.0298098865896, 0.0424335077405, 0.0314150191844, 0.0405945144594, 0.0509100928903, 0.0408936552703, 0.0684990137815, 0.236658662558, 0.114964783192, 0.168192967772, 0.168108463287, 0.0653892084956, 0.0398617759347, 0.0247782021761, 0.00703826453537, 0.00203039776534, 0.000722133670934, 0.000400367047405, 0.000249358417932, 7.58301903261e-05, 1.12351917778e-05],
        "min": [7.94699346329e-08, 2.17471821884e-07, 5.84932763559e-07, 3.8595226215e-07, 9.71149120232e-07, 4.84698432501e-07, 6.83777216182e-07, 2.19318667405e-06, 2.20354877456e-06, 1.91977164832e-06, 1.81204313776e-06, 2.6830657589e-06, 6.45712088954e-06, 9.90205717244e-06, 4.43294175057e-06, 6.29490614301e-06, 6.62832644593e-06, 1.04814071165e-05, 1.2065397641e-05, 2.85685450763e-06, 4.13273482991e-06, 2.01491038752e-05, 1.42414755828e-05, 1.4412847122e-05, 2.14579413296e-05, 9.31690465222e-06, 9.9468497865e-06, 1.69576469489e-05, 2.49423737841e-05, 3.85107887269e-05, 3.64945481124e-05, 1.98055131477e-05, 1.95248430828e-05, 1.38493842314e-05, 1.2010293176e-05, 7.87971657701e-06, 4.78327501696e-06, 1.55046302552e-06, 4.08970947774e-07, 6.14123862874e-08],
        "stdev": [1.81574341696e-05, 0.000500684138387, 0.00364892999642, 0.020709188655, 0.115093685687, 0.281920969486, 0.683683097363, 1.44913315773, 2.21304869652, 8.25351810455, 4.07348632812, 4.55395841599, 2.55043983459, 5.39074659348, 1.57752025127, 2.82919883728, 12.6168279648, 3.70382022858, 3.81811690331, 6.57267427444, 9.74276828766, 12.6817150116, 19.0665893555, 10.1585216522, 28.9342479706, 42.921043396, 95.3336181641, 48.1022377014, 95.8820877075, 103.02910614, 75.7947616577, 91.9644775391, 66.0655059814, 49.7180175781, 28.5456695557, 12.1230144501, 8.6707277298, 2.08969736099, 0.398321121931, 0.0237708669156],
        "var": [3.29692384504e-10, 2.50684593084e-07, 1.33146904773e-05, 0.000428870524047, 0.013246556744, 0.0794794335961, 0.467422574759, 2.09998703003, 4.89758491516, 68.1205673218, 16.5932922363, 20.7385368347, 6.50474309921, 29.0601501465, 2.48857021332, 8.00436592102, 159.184356689, 13.7182836533, 14.5780162811, 43.2000465393, 94.9215393066, 160.825897217, 363.534851074, 103.19556427, 837.190734863, 1842.21594238, 9088.49902344, 2313.82543945, 9193.37402344, 10614.9970703, 5744.84619141, 8457.46484375, 4364.65087891, 2471.88134766, 814.855285645, 146.967483521, 75.1815261841, 4.36683511734, 0.158659726381, 0.000565054069739]
    },
    "gfcc": {
        "mean": [-233.287612915, -51.7661895752, -86.6771240234, 7.35204315186, -66.9035186768, -2.32977819443, -28.354932785, -0.152986198664, -15.1418714523, 1.80186235905, -15.6079950333, 0.978153467178, -8.01398563385],
        "cov": [[47174.7773438, -6436.078125, -4698.45507812, -855.771850586, -5256.73583984, -1104.60766602, -3308.63647461, -1174.62194824, -1421.71228027, -162.073730469, -636.204589844, -260.132629395, -847.254699707], [-6436.078125, 1145.74755859, 408.317047119, 199.15788269, 622.562438965, 152.325180054, 492.084381104, 128.405166626, 264.05291748, 52.8436813354, 108.798934937, 53.1691589355, 156.396575928], [-4698.45507812, 408.317047119, 987.676818848, -73.8021011353, 765.538574219, 57.1843986511, 343.000946045, 174.813156128, 55.182762146, -27.415594101, 16.5855693817, -28.4698467255, 51.5024414062], [-855.771850586, 199.15788269, -73.8021011353, 110.034698486, 29.7201061249, 66.4348983765, 52.4178962708, 1.91181445122, 45.442691803, 10.8253660202, 23.2428569794, 19.4449691772, 30.6748905182], [-5256.73583984, 622.562438965, 765.538574219, 29.7201061249, 738.214050293, 106.468460083, 404.505645752, 165.515472412, 121.731422424, 0.513353288174, 50.402179718, 1.72831225395, 82.9285888672], [-1104.60766602, 152.325180054, 57.1843986511, 66.4348983765, 106.468460083, 101.100143433, 68.139465332, 32.5842018127, 16.523065567, -16.8752326965, 5.22217750549, 2.94883203506, 19.2124919891], [-3308.63647461, 492.084381104, 343.000946045, 52.4178962708, 404.505645752, 68.139465332, 300.586120605, 95.2274780273, 119.839767456, 15.2334632874, 45.1710166931, 12.1099672318, 67.4837417603], [-1174.62194824, 128.405166626, 174.813156128, 1.91181445122, 165.515472412, 32.5842018127, 95.2274780273, 58.3893051147, 31.7047519684, -3.35242819786, 6.35982465744, -4.52734994888, 10.4684734344], [-1421.71228027, 264.05291748, 55.182762146, 45.442691803, 121.731422424, 16.523065567, 119.839767456, 31.7047519684, 99.5895767212, 36.7789993286, 39.3883895874, 14.4883890152, 27.8309745789], [-162.073730469, 52.8436813354, -27.415594101, 10.8253660202, 0.513353288174, -16.8752326965, 15.2334632874, -3.35242819786, 36.7789993286, 37.2012634277, 19.4944839478, 4.84979486465, 1.0478990078], [-636.204589844, 108.798934937, 16.5855693817, 23.2428569794, 50.402179718, 5.22217750549, 45.1710166931, 6.35982465744, 39.3883895874, 19.4944839478, 42.8154678345, 17.7959022522, 8.63828754425], [-260.132629395, 53.1691589355, -28.4698467255, 19.4449691772, 1.72831225395, 2.94883203506, 12.1099672318, -4.52734994888, 14.4883890152, 4.84979486465, 17.7959022522, 26.0609550476, 13.3919315338], [-847.254699707, 156.396575928, 51.5024414062, 30.6748905182, 82.9285888672, 19.2124919891, 67.4837417603, 10.4684734344, 27.8309745789, 1.0478990078, 8.63828754425, 13.3919315338, 46.8660583496]],
        "icov": [[0.000447106052889, 0.00124843162484, 0.000647713721264, -0.000165563760675, 0.00132842466701, 0.00144021038432, -0.000527528231032, 0.000140301141073, 0.0012120527681, 1.420607623e-05, 0.000158784125233, 0.00210983864963, -0.000251683610259], [0.00124843162484, 0.0109249409288, 0.00223815557547, -0.00447947066277, 0.000855502672493, 0.00281169102527, -0.00499179819599, 0.0046660490334, -0.00727704307064, 0.00337636494078, -0.000334065582138, 0.00615741824731, -0.00738867931068], [0.000647713721264, 0.00223815557547, 0.0181005485356, 0.0078153423965, -0.0220407228917, 0.00709288287908, 0.00919018033892, -0.00162592763081, 0.000803315313533, 0.0084325382486, -0.000574513920583, 0.0109581490979, -0.00123400217853], [-0.000165563760675, -0.00447947066277, 0.0078153423965, 0.0400882028043, -0.00811860803515, -0.0240223743021, 0.00718943122774, 0.0108367009088, -0.00659829750657, -0.0050475965254, -0.00163354771212, -0.00318555417471, -0.00618853140622], [0.00132842466701, 0.000855502672493, -0.0220407228917, -0.00811860803515, 0.0472447313368, -0.00385917699896, -0.0241062697023, -0.0106915021315, 0.0167026799172, -0.0169212464243, -0.00392754888162, -0.00205328245647, -0.00245124311186], [0.00144021038432, 0.00281169102527, 0.00709288287908, -0.0240223743021, -0.00385917699896, 0.0416161343455, 0.00131670339033, -0.0174634717405, 0.0125420186669, 0.0175577737391, -0.00125127437059, 0.0144562348723, 0.0046146819368], [-0.000527528231032, -0.00499179819599, 0.00919018033892, 0.00718943122774, -0.0241062697023, 0.00131670339033, 0.0365605503321, -0.00685191201046, -0.0178896933794, 0.0132253086194, -0.00244717346504, 0.00592300109565, -0.00759539986029], [0.000140301141073, 0.0046660490334, -0.00162592763081, 0.0108367009088, -0.0106915021315, -0.0174634717405, -0.00685191201046, 0.0775860324502, -0.0293790325522, 0.0130429379642, 0.0144090121612, -0.00252913800068, 0.0154942618683], [0.0012120527681, -0.00727704307064, 0.000803315313533, -0.00659829750657, 0.0167026799172, 0.0125420186669, -0.0178896933794, -0.0293790325522, 0.0755980238318, -0.040948331356, -0.0120489727706, 0.00518204784021, 0.00402003386989], [1.420607623e-05, 0.00337636494078, 0.0084325382486, -0.0050475965254, -0.0169212464243, 0.0175577737391, 0.0132253086194, 0.0130429379642, -0.040948331356, 0.0787182599306, -0.0127360001206, 0.0161988493055, 0.00408915150911], [0.000158784125233, -0.000334065582138, -0.000574513920583, -0.00163354771212, -0.00392754888162, -0.00125127437059, -0.00244717346504, 0.0144090121612, -0.0120489727706, -0.0127360001206, 0.0605618543923, -0.0356167368591, 0.0199084840715], [0.00210983864963, 0.00615741824731, 0.0109581490979, -0.00318555417471, -0.00205328245647, 0.0144562348723, 0.00592300109565, -0.00252913800068, 0.00518204784021, 0.0161988493055, -0.0356167368591, 0.0875468403101, -0.0245108660311], [-0.000251683610259, -0.00738867931068, -0.00123400217853, -0.00618853140622, -0.00245124311186, 0.0046146819368, -0.00759539986029, 0.0154942618683, 0.00402003386989, 0.00408915150911, 0.0199084840715, -0.0245108660311, 0.0576280616224]]
    },
    "melbands": {
        "dmean": [1.47102610981e-07, 5.05734590206e-07, 1.39473559102e-06, 2.51095730164e-06, 4.23980236519e-06, 8.24463222671e-06, 1.10210421553e-05, 2.95642530546e-05, 7.60271950639e-06, 1.04251657831e-05, 3.28267105942e-06, 5.52197434445e-06, 1.77921003797e-06, 7.09413768618e-07, 7.84079747973e-06, 6.76592480886e-06, 1.45376418459e-06, 1.21338587178e-06, 2.40159170062e-06, 2.51747542279e-06, 4.34184903497e-06, 3.68110249838e-06, 5.98759606874e-06, 2.61196396423e-06, 1.97491726794e-06, 2.93203697765e-06, 6.81556093696e-06, 6.2302688093e-06, 1.87301411643e-05, 7.45444049244e-06, 6.33028366792e-06, 1.22988940348e-05, 1.53421788127e-05, 1.1448620171e-05, 7.05985576133e-06, 1.13148998935e-05, 1.1803706002e-05, 9.20428919926e-06, 8.14878058009e-06, 6.87035344527e-06],
        "dmean2": [2.49814576136e-07, 8.45945692163e-07, 1.6486090999e-06, 3.63989738617e-06, 6.05967352385e-06, 1.36307935463e-05, 1.66437403095e-05, 4.0929622628e-05, 1.02493031591e-05, 1.93730065803e-05, 4.64134336653e-06, 5.69301255382e-06, 2.67681480182e-06, 1.16029889341e-06, 1.47533264681e-05, 1.21027878777e-05, 2.20144124796e-06, 1.79466212558e-06, 3.80441883863e-06, 3.23323706652e-06, 6.47440492685e-06, 5.27147722096e-06, 7.85519569035e-06, 3.25924156641e-06, 3.197450269e-06, 4.76595459986e-06, 8.55634971231e-06, 7.82240749686e-06, 3.11959702231e-05, 1.01227806226e-05, 8.47607861942e-06, 1.71805204445e-05, 2.00897939067e-05, 1.21671782836e-05, 8.29461441754e-06, 1.63276490639e-05, 1.5813848222e-05, 9.16855424293e-06, 7.98040127847e-06, 4.41620250058e-06],
        "dvar": [5.25745320488e-14, 1.5499626322e-12, 8.0640450914e-12, 2.8781725267e-11, 1.08160216894e-10, 3.34090810572e-10, 8.96712870624e-10, 5.72461189563e-09, 5.37086985997e-10, 6.08248229561e-10, 1.11201249597e-10, 1.63002833453e-10, 2.17004643421e-11, 4.0329180967e-12, 4.7509735035e-10, 4.43869024869e-10, 1.38668885402e-11, 9.17988948745e-12, 3.01532028513e-11, 2.28617662995e-11, 1.82411155625e-10, 9.75588013152e-11, 2.45896469853e-10, 4.90893645178e-11, 1.90101979297e-11, 6.38988029156e-11, 4.05646072288e-10, 2.72571659687e-10, 2.80387135732e-09, 5.36028166298e-10, 2.39932074209e-10, 1.12512110739e-09, 1.48661050137e-09, 7.63160035167e-10, 3.86530585317e-10, 8.10160105669e-10, 8.10597866607e-10, 5.18881437817e-10, 4.30753877012e-10, 2.78959133571e-10],
        "dvar2": [1.51275706913e-13, 4.61680650307e-12, 1.1758336492e-11, 7.09270420174e-11, 2.45717141079e-10, 7.33270055786e-10, 1.9818449104e-09, 1.243078529e-08, 1.06770925434e-09, 2.12154960266e-09, 2.61413557467e-10, 1.51116813507e-10, 3.66659480555e-11, 7.81263768956e-12, 1.65626790061e-09, 1.42161726835e-09, 3.42837216949e-11, 1.97604016483e-11, 7.33277327747e-11, 4.06142064424e-11, 4.59515731022e-10, 1.75179107331e-10, 5.36353683689e-10, 1.04727532202e-10, 5.48806763923e-11, 1.32467925518e-10, 5.99407856683e-10, 5.84331971698e-10, 7.01911551104e-09, 5.86249770951e-10, 3.64398400343e-10, 2.20406648488e-09, 2.88324186748e-09, 1.10540399056e-09, 6.25656138009e-10, 1.76355252623e-09, 1.77112724487e-09, 8.45597092347e-10, 3.8920111578e-10, 1.65811239738e-10],
        "max": [1.57948534252e-06, 8.12085090729e-06, 2.74090198218e-05, 5.91564166825e-05, 9.56715812208e-05, 0.000110355627839, 0.000205452524824, 0.000451928848634, 0.000150600710185, 0.000139991840115, 7.45814832044e-05, 0.000105094375613, 3.42044513673e-05, 1.51713693413e-05, 0.000109722925117, 0.000127524399431, 2.92174136121e-05, 2.50185457844e-05, 3.87992877222e-05, 3.92997535528e-05, 7.88780453149e-05, 5.63439825783e-05, 8.82828753674e-05, 4.80652379338e-05, 2.98997838399e-05, 4.67786594527e-05, 0.000147908445797, 0.000140260061016, 0.000403612328228, 0.000151036103489, 0.000126840852317, 0.000193779094843, 0.000267424038611, 0.000238029329921, 0.000162979980814, 0.000228596632951, 0.000239701636019, 0.000196649998543, 0.000201349175768, 0.00017013750039],
        "mean": [2.60909018834e-07, 6.68109919388e-07, 3.62827358913e-06, 6.69911923978e-06, 1.08840113171e-05, 1.60418367159e-05, 1.59865212481e-05, 3.62876598956e-05, 1.20902404888e-05, 1.23080653793e-05, 4.82204859509e-06, 9.65520212048e-06, 2.88647083835e-06, 1.46820093505e-06, 8.6869849838e-06, 8.57049781189e-06, 2.34963272305e-06, 2.28434464589e-06, 3.82158850698e-06, 4.44239094577e-06, 5.00428859596e-06, 6.52340804663e-06, 7.80251048127e-06, 4.40171970695e-06, 4.22775019615e-06, 4.8124334171e-06, 1.32662289616e-05, 1.2878209418e-05, 3.30447110173e-05, 1.35991276693e-05, 1.20935819723e-05, 2.23547503992e-05, 2.76746141026e-05, 2.6139385227e-05, 1.77071960934e-05, 2.45663195528e-05, 2.62791618297e-05, 1.80367806024e-05, 2.09248719329e-05, 1.73607822944e-05],
        "median": [1.64357260246e-07, 5.24149719183e-08, 5.25823047326e-08, 5.02006649583e-08, 1.32885219273e-07, 2.42047320853e-07, 7.11228764771e-08, 3.01455827412e-07, 1.72721470904e-07, 2.96876663697e-07, 5.93347166955e-08, 1.45483667779e-07, 3.0947763463e-08, 1.09735998066e-08, 5.82987453868e-08, 7.35623899573e-08, 3.50053852571e-08, 2.28423751025e-08, 2.799868426e-08, 4.5222002143e-08, 5.27865040567e-08, 3.54719276174e-08, 5.06765793773e-08, 2.48690650295e-08, 4.49779982148e-08, 3.65490606669e-08, 2.57408494519e-08, 5.77563028514e-08, 1.44434537219e-07, 7.83592284392e-08, 7.77718724976e-08, 9.33221500077e-08, 9.33506996148e-08, 1.01420312149e-07, 3.41136967563e-08, 2.89572401613e-08, 2.40894664216e-08, 1.91862685739e-08, 9.85343628912e-09, 4.50875781155e-09],
        "min": [7.84412534927e-10, 2.85354878615e-10, 9.48111311683e-11, 5.22074189435e-11, 2.35172853413e-11, 4.61169054333e-11, 3.46400928775e-11, 2.06213397053e-11, 1.50962835982e-11, 2.05316250113e-11, 3.14397223533e-11, 3.88236560955e-11, 1.85403983832e-11, 1.3612557262e-11, 1.75439680145e-11, 1.90733713545e-11, 1.8516002967e-11, 2.19701045551e-11, 5.92414268683e-12, 2.98831358964e-12, 4.3664312617e-12, 1.93595105225e-11, 2.21887456325e-11, 6.57028207882e-12, 1.15309315915e-11, 1.8056795642e-11, 1.0058565092e-11, 5.49638676586e-12, 5.73211877269e-12, 5.92650624756e-12, 1.22877610864e-11, 1.28190496412e-11, 1.82749752831e-11, 2.36380030133e-11, 2.52161451442e-11, 1.14689629321e-11, 1.23271115537e-11, 1.34712935251e-11, 1.29558707512e-11, 1.11191359939e-11],
        "stdev": [2.77403472637e-07, 1.44027421811e-06, 6.78987862557e-06, 1.29284635477e-05, 2.09426616493e-05, 3.16794903483e-05, 4.07918887504e-05, 9.21921382542e-05, 2.87598068098e-05, 2.78438328678e-05, 1.22875062516e-05, 2.24573432206e-05, 6.50282026982e-06, 3.20899334838e-06, 2.21319587581e-05, 2.15262953134e-05, 5.27273414264e-06, 5.1956558309e-06, 8.24044127512e-06, 8.67307062435e-06, 1.3493350707e-05, 1.41080845424e-05, 1.85350927495e-05, 9.78483603831e-06, 8.0557219917e-06, 1.11288491098e-05, 3.4552111174e-05, 2.81996271951e-05, 7.37490481697e-05, 3.48713401763e-05, 2.71749031526e-05, 5.0078084314e-05, 6.07980691711e-05, 5.99211743975e-05, 3.80954370485e-05, 5.33052261744e-05, 5.68317591387e-05, 4.25951948273e-05, 4.88827754452e-05, 4.08422238252e-05],
        "var": [7.695268576e-14, 2.07438992199e-12, 4.61024517173e-11, 1.67145158825e-10, 4.38595049168e-10, 1.00359009991e-09, 1.66397828849e-09, 8.49939052472e-09, 8.27126533931e-10, 7.7527906317e-10, 1.50982809588e-10, 5.04332298146e-10, 4.22866706928e-11, 1.02976377425e-11, 4.89823570593e-10, 4.6338136106e-10, 2.7801726199e-11, 2.69948386561e-11, 6.79048692276e-11, 7.52221548939e-11, 1.82070525323e-10, 1.99038049931e-10, 3.43549633186e-10, 9.57430246196e-11, 6.48946590909e-11, 1.23851276457e-10, 1.19384846453e-09, 7.95219001759e-10, 5.43892175742e-09, 1.21601040348e-09, 7.38475391948e-10, 2.50781440059e-09, 3.69640518194e-09, 3.59054697086e-09, 1.45126222151e-09, 2.84144729967e-09, 3.22984883283e-09, 1.8143506697e-09, 2.38952591047e-09, 1.66808711288e-09]
    },
    "melbands128": {
