{
"lowlevel": {
    "average_loudness": 0.0150420879945,
    "barkbands_crest": {
        "dmean": 2.40053248405,
        "dmean2": 4.05737400055,
        "dvar": 8.01789665222,
        "dvar2": 21.9767780304,
        "max": 25.0131053925,
        "mean": 7.31993246078,
        "median": 4.4986076355,
        "min": 1.72045350075,
        "stdev": 5.70728683472,
        "var": 32.5731239319
    },
    "barkbands_flatness_db": {
        "dmean": 0.0201359577477,
        "dmean2": 0.034375436604,
        "dvar": 0.000695397728123,
        "dvar2": 0.00184751278721,
        "max": 0.504326879978,
        "mean": 0.106507241726,
        "median": 0.0580737516284,
        "min": 0.00650159223005,
        "stdev": 0.107316970825,
        "var": 0.0115169314668
    },
    "barkbands_kurtosis": {
        "dmean": 3.00321412086,
        "dmean2": 5.15631389618,
        "dvar": 49.7046890259,
        "dvar2": 149.669464111,
        "max": 74.755897522,
        "mean": 3.18057274818,
        "median": 0.0368835926056,
        "min": -1.6351069212,
        "stdev": 9.20712757111,
        "var": 84.771194458
    },
    "barkbands_skewness": {
        "dmean": 0.548359870911,
        "dmean2": 0.925385177135,
        "dvar": 0.512851774693,
        "dvar2": 1.47357356548,
        "max": 6.97038936615,
        "mean": 0.628274798393,
        "median": 0.527388691902,
        "min": -1.46102833748,
        "stdev": 1.70912539959,
        "var": 2.92110943794
    },
    "barkbands_spread": {
        "dmean": 6.08211183548,
        "dmean2": 10.3358926773,
        "dvar": 41.3243865967,
        "dvar2": 107.886283875,
        "max": 89.4252700806,
        "mean": 35.2027664185,
        "median": 33.3816604614,
        "min": 0.456552773714,
        "stdev": 20.4156665802,
        "var": 416.799438477
    },
    "dissonance": {
        "dmean": 0.0121427346021,
        "dmean2": 0.0212817471474,
        "dvar": 0.000383592559956,
        "dvar2": 0.00110241805669,
        "max": 0.499999880791,
        "mean": 0.482875913382,
        "median": 0.491927176714,
        "min": 0.278500527143,
        "stdev": 0.0253799818456,
        "var": 0.000644143437967
    },
    "dynamic_complexity": 39.3765335083,
    "erbbands_crest": {
        "dmean": 1.16848218441,
        "dmean2": 2.00311994553,
        "dvar": 1.84087955952,
        "dvar2": 5.55335569382,
        "max": 18.0556049347,
        "mean": 5.00468635559,
        "median": 4.28645801544,
        "min": 2.49752616882,
        "stdev": 2.14501976967,
        "var": 4.60110998154
    },
    "erbbands_flatness_db": {
        "dmean": 0.0106043796986,
        "dmean2": 0.0173867046833,
        "dvar": 0.00011465948046,
        "dvar2": 0.000280265579931,
        "max": 0.351044505835,
        "mean": 0.136926367879,
        "median": 0.114232778549,
        "min": 0.0485231056809,
        "stdev": 0.0587059110403,
        "var": 0.00344638386741
    },
    "erbbands_kurtosis": {
        "dmean": 0.622215569019,
        "dmean2": 1.08712077141,
        "dvar": 1.46318531036,
        "dvar2": 4.54679059982,
        "max": 21.160774231,
        "mean": 0.456616222858,
        "median": -0.0342118740082,
        "min": -1.07387495041,
        "stdev": 2.1211771965,
        "var": 4.49939250946
    },
    "erbbands_skewness": {
        "dmean": 0.22651797533,
        "dmean2": 0.389915347099,
        "dvar": 0.0528103858232,
        "dvar2": 0.149725660682,
        "max": 3.4377989769,
        "mean": -0.146190539002,
        "median": -0.231141597033,
        "min": -0.994596898556,
        "stdev": 0.573568999767,
        "var": 0.328981429338
    },
    "erbbands_spread": {
        "dmean": 4.22349452972,
        "dmean2": 7.0103058815,
        "dvar": 17.7815933228,
        "dvar2": 46.610370636,
        "max": 81.3088760376,
        "mean": 31.0915813446,
        "median": 32.7272338867,
        "min": 4.98449468613,
        "stdev": 10.8873319626,
        "var": 118.533996582
    },
    "hfc": {
        "dmean": 2.73383712769,
        "dmean2": 4.22298955917,
        "dvar": 121.061424255,
        "dvar2": 287.653594971,
        "max": 210.873077393,
        "mean": 9.32263565063,
        "median": 0.000889671267942,
        "min": 1.54497448168e-09,
        "stdev": 28.5920314789,
        "var": 817.504211426
    },
    "loudness_ebu128": {
        "integrated": -10.5135746002,
        "loudness_range": 10.3352184296,
        "momentary": {
            "dmean": 2.85668134689,
            "dmean2": 2.68284416199,
            "dvar": 50.7738075256,
            "dvar2": 91.1619491577,
            "max": -3.57441186905,
            "mean": -47.4969139099,
            "median": -46.1145706177,
            "min": -80.4547958374,
            "stdev": 27.8690853119,
            "var": 776.685913086
        },
        "short_term": {
            "dmean": 0.711447834969,
            "dmean2": 0.361334115267,
            "dvar": 2.766705513,
            "dvar2": 1.50831282139,
            "max": -9.78596782684,
            "mean": -32.2651329041,
            "median": -16.8323612213,
            "min": -80.34349823,
            "stdev": 27.3319664001,
            "var": 747.036437988
        }
    },
    "melbands_crest": {
        "dmean": 3.98099303246,
        "dmean2": 6.77808904648,
        "dvar": 18.2609500885,
        "dvar2": 47.2970466614,
        "max": 37.6901359558,
        "mean": 11.8775129318,
        "median": 10.0974712372,
        "min": 1.66052639484,
        "stdev": 8.81919193268,
        "var": 77.7781448364
    },
    "melbands_flatness_db": {
        "dmean": 0.0252616778016,
        "dmean2": 0.041414719075,
        "dvar": 0.001112165628,
        "dvar2": 0.00277398922481,
        "max": 0.605489492416,
        "mean": 0.150579065084,
        "median": 0.111047506332,
        "min": 0.00360855157487,
        "stdev": 0.152978211641,
        "var": 0.0234023351222
    },
    "melbands_kurtosis": {
        "dmean": 5.12902879715,
        "dmean2": 8.67162704468,
        "dvar": 131.989059448,
        "dvar2": 365.440643311,
        "max": 131.212158203,
        "mean": 6.45123434067,
        "median": 1.4329097271,
        "min": -1.36361408234,
        "stdev": 16.0007610321,
        "var": 256.024383545
    },
    "melbands_skewness": {
        "dmean": 0.69102025032,
        "dmean2": 1.15351116657,
        "dvar": 0.75844502449,
        "dvar2": 2.06703734398,
        "max": 9.94066524506,
        "mean": 1.63066530228,
        "median": 1.31179714203,
        "min": -0.191926121712,
        "stdev": 1.68954062462,
        "var": 2.85454750061
    },
    "melbands_spread": {
        "dmean": 9.54825210571,
        "dmean2": 15.8386030197,
        "dvar": 115.702400208,
        "dvar2": 297.561645508,
        "max": 158.105194092,
        "mean": 60.4676742554,
        "median": 39.7516708374,
        "min": 0.68415760994,
        "stdev": 48.7214050293,
        "var": 2373.77514648
    },
    "pitch_salience": {
        "dmean": 0.0802887380123,
        "dmean2": 0.136501803994,
        "dvar": 0.00685177836567,
        "dvar2": 0.0184184182435,
        "max": 0.878065466881,
        "mean": 0.625206410885,
        "median": 0.696911692619,
        "min": 0.081526145339,
        "stdev": 0.16388861835,
        "var": 0.026859479025
    },
    "silence_rate_20dB": {
        "dmean": 0,
        "dmean2": 0,
        "dvar": 0,
        "dvar2": 0,
        "max": 1,
        "mean": 1,
        "median": 1,
        "min": 1,
        "stdev": 0,
        "var": 0
    },
    "silence_rate_30dB": {
        "dmean": 0.00767018226907,
        "dmean2": 0.0153550859541,
        "dvar": 0.00761128449813,
        "dvar2": 0.0189583487809,
        "max": 1,
        "mean": 0.980842888355,
        "median": 1,
        "min": 0,
        "stdev": 0.137075945735,
        "var": 0.0187898147851
    },
    "silence_rate_60dB": {
        "dmean": 0.0143815912306,
        "dmean2": 0.0287907868624,
        "dvar": 0.0141748711467,
        "dvar2": 0.0279623158276,
        "max": 1,
        "mean": 0.794061303139,
        "median": 1,
        "min": 0,
        "stdev": 0.404383450747,
        "var": 0.16352596879
    },
    "spectral_centroid": {
        "dmean": 162.677459717,
        "dmean2": 261.644348145,
        "dvar": 45043.8671875,
        "dvar2": 110695.164062,
        "max": 3856.51049805,
        "mean": 2189.03027344,
        "median": 1968.69506836,
        "min": 290.21105957,
        "stdev": 1169.13720703,
        "var": 1366881.875
    },
    "spectral_complexity": {
        "dmean": 1.24065196514,
        "dmean2": 1.85028791428,
        "dvar": 17.6476402283,
        "dvar2": 28.7857570648,
        "max": 61,
        "mean": 7.41091966629,
        "median": 0,
        "min": 0,
        "stdev": 15.7519292831,
        "var": 248.123291016
    },
    "spectral_decrease": {
        "dmean": 8.6923707121e-10,
        "dmean2": 1.45461365175e-09,
        "dvar": 1.13009646898e-17,
        "dvar2": 2.86311661464e-17,
        "max": -8.07699539775e-21,
        "mean": -1.7744039571e-09,
        "median": -7.37041395797e-13,
        "min": -4.78601478449e-08,
        "stdev": 5.71337999133e-09,
        "var": 3.26427108758e-17
    },
    "spectral_energy": {
        "dmean": 0.00335823209025,
        "dmean2": 0.00559542281553,
        "dvar": 0.000172384883626,
        "dvar2": 0.000431753549492,
        "max": 0.191808864474,
        "mean": 0.00754259899259,
        "median": 2.83053009298e-06,
        "min": 1.70618293799e-13,
        "stdev": 0.0239140111953,
        "var": 0.000571879907511
    },
    "spectral_energyband_high": {
        "dmean": 0.000187625279068,
        "dmean2": 0.000302885717247,
        "dvar": 6.14274540567e-07,
        "dvar2": 1.51057474795e-06,
        "max": 0.00976053532213,
        "mean": 0.000496987951919,
        "median": 1.56575097332e-09,
        "min": 9.26336982923e-14,
        "stdev": 0.00161332683638,
        "var": 2.60282354247e-06
    },
    "spectral_energyband_low": {
        "dmean": 0.00275811553001,
        "dmean2": 0.00473438156769,
        "dvar": 0.000114811147796,
        "dvar2": 0.000306163710775,
        "max": 0.114805839956,
        "mean": 0.00303261936642,
        "median": 1.28783744913e-06,
        "min": 1.46427585091e-14,
        "stdev": 0.0117103187367,
        "var": 0.000137131573865
    },
    "spectral_energyband_middle_high": {
        "dmean": 0.000909148075152,
        "dmean2": 0.00148786371574,
        "dvar": 1.29571590151e-05,
        "dvar2": 3.53670948243e-05,
        "max": 0.0708403661847,
        "mean": 0.00252067297697,
        "median": 1.3515268904e-07,
        "min": 2.18449746275e-14,
        "stdev": 0.00846763327718,
        "var": 7.17008078936e-05
    },
    "spectral_energyband_middle_low": {
        "dmean": 0.000747369835153,
        "dmean2": 0.00129226397257,
        "dvar": 8.29979853734e-06,
        "dvar2": 2.27534492296e-05,
        "max": 0.0419613867998,
        "mean": 0.00165470177308,
        "median": 6.64713866172e-07,
        "min": 2.05811743651e-14,
        "stdev": 0.00498773623258,
        "var": 2.4877510441e-05
    },
    "spectral_entropy": {
        "dmean": 0.0681765004992,
        "dmean2": 0.10929017514,
        "dvar": 0.0112759592012,
        "dvar2": 0.0273226238787,
        "max": 8.9871969223,
        "mean": 7.95921468735,
        "median": 8.04761695862,
        "min": 5.80575037003,
        "stdev": 0.725003659725,
        "var": 0.525630295277
    },
    "spectral_flux": {
        "dmean": 0.0080292802304,
        "dmean2": 0.013231064193,
        "dvar": 0.000907460984308,
        "dvar2": 0.00243987771682,
        "max": 0.372497171164,
        "mean": 0.0269313529134,
        "median": 0.00114945461974,
        "min": 2.21011941903e-05,
        "stdev": 0.0568858273327,
        "var": 0.00323599716648
    },
    "spectral_kurtosis": {
        "dmean": 2.17936348915,
        "dmean2": 3.63945746422,
        "dvar": 35.0276985168,
        "dvar2": 91.5462341309,
        "max": 161.333480835,
        "mean": 9.33569908142,
        "median": 3.57207083702,
        "min": 1.58127450943,
        "stdev": 18.3886318207,
        "var": 338.141784668
    },
    "spectral_rms": {
        "dmean": 0.00029366047238,
        "dmean2": 0.000472221028758,
        "dvar": 9.67680534814e-07,
        "dvar2": 2.25454914471e-06,
        "max": 0.0136795686558,
        "mean": 0.00120318832342,
        "median": 5.25492796442e-05,
        "min": 1.2901816504e-08,
        "stdev": 0.00243124971166,
        "var": 5.91097477809e-06
    },
    "spectral_rolloff": {
        "dmean": 536.182556152,
        "dmean2": 869.655883789,
        "dvar": 743291.4375,
        "dvar2": 1611099.875,
        "max": 17678.7597656,
        "mean": 4889.72900391,
        "median": 2110.25390625,
        "min": 21.533203125,
        "stdev": 4773.02880859,
        "var": 22781804
    },
    "spectral_skewness": {
        "dmean": 0.176732778549,
        "dmean2": 0.29811668396,
        "dvar": 0.105003938079,
        "dvar2": 0.279696196318,
        "max": 9.84662914276,
        "mean": 1.87026917934,
        "median": 1.38239324093,
        "min": 0.854498147964,
        "stdev": 1.38210499287,
        "var": 1.91021430492
    },
    "spectral_spread": {
        "dmean": 290521.40625,
        "dmean2": 459188.4375,
        "dvar": 198659571712,
        "dvar2": 400749494272,
        "max": 16434057,
        "mean": 4976487.5,
        "median": 4638478,
        "min": 695026.9375,
        "stdev": 2184035.25,
        "var": 4.77000944845e+12
    },
    "spectral_strongpeak": {
        "dmean": 0.0572785846889,
        "dmean2": 0.10012537241,
        "dvar": 0.0317367352545,
        "dvar2": 0.0841902196407,
        "max": 1.86683034897,
        "mean": 0.0663450136781,
        "median": 0.000644858751912,
        "min": 0,
        "stdev": 0.194374591112,
        "var": 0.0377814806998
    },
    "zerocrossingrate": {
        "dmean": 0.0102216042578,
        "dmean2": 0.0129375783727,
        "dvar": 0.000270471355179,
        "dvar2": 0.000433982000686,
        "max": 0.50390625,
        "mean": 0.137818783522,
        "median": 0.07958984375,
        "min": 0.00146484375,
        "stdev": 0.115828499198,
        "var": 0.0134162409231
    },
    "barkbands": {
        "dmean": [0.000221823473112, 0.00170916481875, 0.00113162188791, 0.000276050530374, 0.000148776176502, 0.000112783236546, 0.000160171082825, 0.000156993381097, 0.000297499325825, 0.000236276522628, 0.000211998427403, 9.70996989054e-05, 0.000123364065075, 0.000162507800269, 0.000217773354962, 0.000119862685096, 7.40753021091e-05, 9.20495440369e-05, 0.000115987946629, 4.69491060358e-05, 7.56142035243e-05, 6.10902061453e-05, 2.49288095802e-05, 1.97557601496e-05, 1.50804480654e-05, 1.76061075763e-05, 1.10001992653e-05],
        "dmean2": [0.000359866360668, 0.0029685026966, 0.00197682529688, 0.000441586802481, 0.00026825198438, 0.000193337982637, 0.000276138947811, 0.000269795273198, 0.000527624506503, 0.000426955084549, 0.000386277941288, 0.000168841317645, 0.000219707595534, 0.000273710436886, 0.000378726195777, 0.000198606910999, 0.000124542464619, 0.000149433559272, 0.000200548020075, 7.66809898778e-05, 0.00013115692127, 0.000109667002107, 3.97551157221e-05, 2.53367670666e-05, 1.93433334061e-05, 2.28840563068e-05, 1.43762190419e-05],
        "dvar": [1.14406623197e-06, 4.59001930722e-05, 2.36544819927e-05, 9.31150964334e-07, 2.88604923071e-07, 1.26785536736e-07, 3.22897761862e-07, 3.99384276761e-07, 1.32279092213e-06, 8.73199383022e-07, 8.04951980626e-07, 1.62781887525e-07, 2.54549917145e-07, 4.85414545892e-07, 1.08418510081e-06, 2.16633893046e-07, 7.46551762631e-08, 1.27319680132e-07, 2.13726039533e-07, 3.73455222302e-08, 9.97527251911e-08, 6.57924488223e-08, 1.00010248971e-08, 5.82553560946e-09, 3.48730377908e-09, 5.29509902591e-09, 2.10240447274e-09],
        "dvar2": [3.3179296679e-06, 0.000126588856801, 6.39458085061e-05, 2.30462546824e-06, 8.28797226404e-07, 3.5001210108e-07, 9.62731746768e-07, 1.13281680569e-06, 3.91038247471e-06, 2.53448592957e-06, 2.51781830229e-06, 4.48513901574e-07, 7.68662005157e-07, 1.32214313453e-06, 3.15111810778e-06, 5.93748836764e-07, 2.05509735451e-07, 3.44655717299e-07, 5.71994576148e-07, 8.90712641421e-08, 2.83305581661e-07, 1.91614603295e-07, 2.32386518917e-08, 1.14039462318e-08, 6.17244522161e-09, 1.05496127389e-08, 3.98007093949e-09],
        "max": [0.0182767175138, 0.0860934108496, 0.0629496276379, 0.0133691327646, 0.00571101065725, 0.00407287897542, 0.00807859003544, 0.0105402674526, 0.0181713234633, 0.0100767370313, 0.0140169318765, 0.00777634512633, 0.00981696415693, 0.0127270547673, 0.0243880916387, 0.010476835072, 0.00468318862841, 0.00560096884146, 0.00691719539464, 0.00436936086044, 0.00335241109133, 0.00283267721534, 0.00120472081471, 0.00102506636176, 0.000825259718113, 0.000760711613111, 0.000488528050482],
        "mean": [0.000230799618294, 0.0017204702599, 0.000950260669924, 0.000314126547892, 0.000202597380849, 0.000147329628817, 0.00022478082974, 0.000216300366446, 0.000471226143418, 0.000313635071507, 0.000318487815093, 0.000168764716364, 0.000215380001464, 0.000293988618068, 0.00034312257776, 0.000263797614025, 0.000159766845172, 0.000182650983334, 0.000221788475756, 0.000136212256621, 0.000130388347316, 0.000102113277535, 6.41474325676e-05, 5.46516785107e-05, 4.04223828809e-05, 2.98433187709e-05, 2.00823069463e-05],
        "median": [1.03459800727e-08, 6.68799430059e-07, 1.31215813326e-07, 6.49081357551e-08, 9.11404214321e-08, 1.34909726057e-07, 8.37546849652e-08, 6.04189125397e-08, 6.30707859273e-08, 3.2406290984e-08, 1.86429502946e-08, 1.41236098372e-08, 9.70268132505e-09, 8.10671352269e-09, 5.83147574673e-09, 3.57762397485e-09, 1.99251548594e-09, 1.12225007065e-09, 1.00193431329e-09, 5.98531224583e-10, 2.9924121514e-10, 2.38752351223e-10, 1.74167610889e-10, 1.69969718855e-10, 1.55464627283e-10, 1.18366080826e-10, 9.84365366996e-11],
        "min": [5.63247263771e-15, 7.01881781523e-15, 3.38114757885e-15, 2.86559885792e-15, 6.91662583124e-15, 3.18929694564e-15, 2.58331284627e-16, 7.39351872131e-16, 5.17692815428e-15, 2.44807111899e-15, 1.40156815953e-15, 1.08456502022e-15, 1.00604993645e-15, 6.27111271593e-16, 2.03495620996e-15, 3.28729992818e-15, 2.19022179611e-15, 3.5925623438e-15, 2.0707376345e-15, 5.38508692459e-15, 2.94661522999e-15, 5.28452039682e-15, 9.83752958787e-15, 5.8898812917e-15, 2.04183559979e-14, 3.01211387375e-14, 2.35626812116e-14],
        "stdev": [0.00120675715152, 0.00705234892666, 0.00429231580347, 0.00114325946197, 0.00067861599382, 0.000431922468124, 0.000735294888727, 0.00077593739843, 0.00170245184563, 0.00106385245454, 0.001230823691, 0.00057566864416, 0.000776800385211, 0.00113224890083, 0.00150022667367, 0.000973226618953, 0.000504900119267, 0.000623657251708, 0.000758313573897, 0.000435646274127, 0.000438842689618, 0.000356864591595, 0.000210451820749, 0.00018297258066, 0.000141572876601, 0.000118318006571, 7.98162582214e-05],
        "var": [1.4562629076e-06, 4.9735626817e-05, 1.84239743248e-05, 1.30704222556e-06, 4.60519629542e-07, 1.86557016946e-07, 5.40658561476e-07, 6.02078841894e-07, 2.89834224532e-06, 1.13178214178e-06, 1.51492702116e-06, 3.31394403474e-07, 6.0341886865e-07, 1.2819875792e-06, 2.25067992687e-06, 9.47170008203e-07, 2.54924145793e-07, 3.88948393493e-07, 5.75039507567e-07, 1.89787670024e-07, 1.92582916725e-07, 1.27352336676e-07, 4.42899690256e-08, 3.34789653778e-08, 2.00428775798e-08, 1.39991502834e-08, 6.37063513054e-09]
    },
    "erbbands": {
        "dmean": [0.0453044995666, 0.420592188835, 1.39606153965, 0.895714640617, 0.752445936203, 0.405713409185, 0.451809346676, 1.20431995392, 1.78847360611, 2.32225775719, 3.98960089684, 6.29586315155, 6.54258060455, 10.5342731476, 6.02002382278, 3.54294109344, 5.03386688232, 8.7754535675, 8.59681797028, 9.32501602173, 6.04509592056, 4.40152454376, 4.41159486771, 5.36107635498, 6.69360971451, 2.32633686066, 3.51577615738, 2.1870071888, 1.6035271883, 1.84102869034, 0.894275069237, 0.469082564116, 0.303113520145, 0.195229440928, 0.108857236803, 0.0692627131939, 0.0359248742461, 0.00926580838859, 0.0018595571164, 0.000134097266709],
        "dmean2": [0.0739086195827, 0.738762259483, 2.40339589119, 1.46944594383, 1.32901501656, 0.72418487072, 0.804588675499, 2.08079409599, 3.07234621048, 3.94065237045, 6.86757326126, 11.4640378952, 11.3738698959, 18.8778514862, 11.4204874039, 6.13008785248, 8.88519382477, 14.890329361, 14.8714380264, 16.7479419708, 10.3400850296, 7.101978302, 7.27496862411, 8.00783824921, 11.8881530762, 3.7878985405, 6.28542947769, 3.78544735909, 2.75736165047, 3.13713669777, 1.45125198364, 0.624014556408, 0.45416790247, 0.284935861826, 0.14980468154, 0.0967105701566, 0.0485097616911, 0.012464418076, 0.00245652603917, 0.000157572561875],
        "dvar": [0.0310291051865, 2.86829972267, 33.0438117981, 12.0268630981, 7.85587882996, 1.84355640411, 1.6778011322, 16.2133903503, 35.2191963196, 69.6224212646, 261.703399658, 613.454956055, 675.950866699, 1706.57373047, 645.907409668, 187.299728394, 480.72555542, 1454.24194336, 1174.47937012, 1670.5279541, 615.270996094, 249.919876099, 348.344299316, 401.833435059, 761.487670898, 77.1842651367, 244.409683228, 72.2485198975, 46.4447860718, 65.3401947021, 13.389081955, 3.08176064491, 1.58168101311, 0.663854241371, 0.20498508215, 0.0868460386992, 0.0223218761384, 0.00156376464292, 6.1393242504e-05, 2.84858344912e-07],
        "dvar2": [0.0824655070901, 8.09929943085, 88.8688049316, 29.6290149689, 20.9667186737, 5.24237918854, 5.20355463028, 45.6134376526, 106.303062439, 197.031448364, 736.5, 1826.39489746, 1871.69335938, 5072.76220703, 2167.32836914, 488.543304443, 1378.42675781, 4004.54858398, 3330.88208008, 5110.61474609, 1717.08215332, 690.41607666, 946.893798828, 967.631225586, 2201.00512695, 190.920059204, 709.145202637, 188.045150757, 127.078918457, 188.443527222, 32.2764472961, 5.86506605148, 3.612221241, 1.34872078896, 0.398240923882, 0.185409381986, 0.0496475026011, 0.00312186870724, 0.000119567434012, 5.33566719696e-07],
        "max": [2.72677659988, 17.9801502228, 66.4240036011, 58.5210151672, 26.3627147675, 16.7737808228, 16.627664566, 47.6069412231, 70.2788619995, 162.592880249, 284.527191162, 435.672454834, 313.646148682, 574.040039062, 389.102630615, 271.995056152, 486.123687744, 690.210327148, 686.001953125, 914.499938965, 482.319488525, 268.545440674, 346.058929443, 379.678344727, 260.86505127, 183.433929443, 145.147628784, 97.6014862061, 81.0447311401, 97.0363311768, 43.345539093, 22.2956695557, 16.2596416473, 10.3633432388, 5.54846572876, 3.30766963959, 1.64956474304, 0.408493667841, 0.0824227258563, 0.00642442470416],
        "mean": [0.0545206181705, 0.363419383764, 1.166010499, 0.99172693491, 0.879607796669, 0.585870206356, 0.645709097385, 1.55563211441, 2.57712435722, 3.82829737663, 6.45800161362, 10.5608825684, 9.20179843903, 13.9296875, 9.60083961487, 6.69811582565, 9.98951530457, 15.7367887497, 14.8488016129, 16.9082279205, 13.4512557983, 9.51904582977, 9.6214056015, 11.0680122375, 10.5079202652, 6.52311325073, 5.60744476318, 4.60555076599, 3.24745678902, 2.89800977707, 2.04584574699, 1.24437439442, 0.825556099415, 0.541992545128, 0.236284688115, 0.131346181035, 0.0524645186961, 0.0161192920059, 0.00316137308255, 0.000254112208495],
        "median": [1.00840670711e-05, 0.00012846638856, 0.000217945867917, 0.000215387524804, 0.000279640429653, 0.000324543972965, 0.000610401795711, 0.00111346552148, 0.00113654998131, 0.00104460516013, 0.00145231187344, 0.00150222040247, 0.00122123188339, 0.000951547408476, 0.000742772477679, 0.000539377273526, 0.000499144895002, 0.000436659378465, 0.000380432466045, 0.000239594155573, 0.000168732280144, 0.000114479291369, 6.25886677881e-05, 5.68884788663e-05, 5.100470662e-05, 2.75810725725e-05, 1.68185233633e-05, 1.05943727249e-05, 8.64895082486e-06, 6.60140540276e-06, 5.05423213326e-06, 3.93404752685e-06, 2.81621851173e-06, 1.89859883903e-06, 1.08876088234e-06, 5.54163648303e-07, 2.27415995369e-07, 6.73825155673e-08, 2.21824461022e-08, 7.47461825767e-09],
        "min": [2.78755019284e-13, 1.33315743427e-12, 3.6511856906e-12, 7.43198818459e-12, 1.42899051966e-11, 2.50140273078e-11, 3.1905700304e-11, 2.25474292015e-11, 6.41064198253e-12, 5.91276376818e-12, 2.95094712555e-11, 1.11916927115e-10, 1.27709190445e-10, 3.51168226442e-11, 7.59918031279e-11, 3.45433022464e-11, 4.56039199459e-11, 3.02291768006e-11, 9.2777147076e-11, 1.49708329067e-10, 1.45751938296e-10, 1.25497973125e-10, 1.84156148664e-10, 1.31724547936e-10, 1.84815482362e-10, 2.09915057559e-10, 1.21987336898e-10, 1.44165929195e-10, 1.75423855997e-10, 3.31215582738e-10, 2.26409460624e-10, 7.46243761229e-11, 1.48730874838e-10, 1.92790880482e-10, 1.35644967481e-10, 1.41237202489e-10, 5.2366149611e-11, 1.56304656718e-11, 2.39501625997e-12, 3.11953262701e-13],
        "stdev": [0.238429456949, 1.54010629654, 5.13169956207, 3.81853532791, 3.18697714806, 1.89827656746, 1.79616749287, 4.71133375168, 7.8190908432, 12.296333313, 23.2109718323, 37.9827766418, 31.184513092, 51.6835670471, 34.3462486267, 22.4198760986, 36.2755508423, 60.834072113, 56.8427467346, 68.4200134277, 49.0099220276, 30.4977416992, 33.0484428406, 39.7992324829, 35.1719589233, 20.6085948944, 19.3679027557, 14.9350442886, 10.8474473953, 10.5756139755, 6.9672498703, 4.10924816132, 2.78438210487, 1.87305319309, 0.870083808899, 0.50520670414, 0.21421058476, 0.0647451728582, 0.0128005826846, 0.000981154036708],
        "var": [0.0568486042321, 2.37192726135, 26.3343391418, 14.5812120438, 10.1568231583, 3.60345411301, 3.22621750832, 22.1966648102, 61.1381835938, 151.199813843, 538.749206543, 1442.69128418, 972.473815918, 2671.19091797, 1179.66467285, 502.650848389, 1315.91552734, 3700.78417969, 3231.09790039, 4681.29785156, 2401.97241211, 930.112304688, 1092.19958496, 1583.97900391, 1237.06677246, 424.714202881, 375.115661621, 223.055541992, 117.667121887, 111.843605042, 48.5425720215, 16.8859214783, 7.75278377533, 3.50832843781, 0.757045865059, 0.255233824253, 0.0458861775696, 0.00419193739071, 0.000163854914717, 9.62663307291e-07]
    },
    "gfcc": {
        "mean": [-469.513336182, 50.2466583252, -106.9764328, 14.6411294937, -44.6930847168, 10.6550931931, -21.8462562561, 7.7342209816, -12.4919195175, 3.48808431625, -11.3440198898, -0.828561902046, -8.66024017334],
        "cov": [[112906.28125, 15081.8583984, -4686.97314453, 1639.55651855, 1270.82104492, 596.239746094, 1094.89477539, 586.05078125, 635.755004883, -301.874023438, -377.822357178, -1007.96679688, -595.663146973], [15081.8583984, 8542.84765625, 307.198852539, -400.336425781, 666.768981934, -48.5314369202, 726.186279297, 56.3255805969, 565.920776367, -10.3196277618, 347.616943359, -141.044021606, 200.068359375], [-4686.97314453, 307.198852539, 1152.56445312, -246.319458008, -190.220397949, -32.8966217041, 18.6359939575, 6.79675626755, 27.3276958466, 54.3065490723, 111.779708862, 111.979766846, 100.736373901], [1639.55651855, -400.336425781, -246.319458008, 320.126953125, 24.0807361603, 38.8167076111, -23.1229019165, 35.3876075745, -32.0037689209, -0.561822354794, -65.9549942017, -25.0664310455, -57.2952575684], [1270.82104492, 666.768981934, -190.220397949, 24.0807361603, 241.287094116, 28.4796199799, 118.155303955, 19.5539035797, 82.9863357544, -0.369708776474, 33.1032333374, -28.5841960907, 13.351017952], [596.239746094, -48.5314369202, -32.8966217041, 38.8167076111, 28.4796199799, 67.2282485962, 15.6062917709, 21.2389297485, 3.09754443169, 6.28242349625, -9.53768253326, -9.03922271729, -11.7782039642], [1094.89477539, 726.186279297, 18.6359939575, -23.1229019165, 118.155303955, 15.6062917709, 145.745635986, 32.4355316162, 89.780380249, 8.14240646362, 54.6469573975, -6.97733640671, 32.4749794006], [586.05078125, 56.3255805969, 6.79675626755, 35.3876075745, 19.5539035797, 21.2389297485, 32.4355316162, 47.6093254089, 26.9612236023, 12.7514829636, 3.06041765213, -2.04911875725, -3.80063939095], [635.755004883, 565.920776367, 27.3276958466, -32.0037689209, 82.9863357544, 3.09754443169, 89.780380249, 26.9612236023, 88.8960266113, 19.1711349487, 48.5307044983, -1.76516568661, 29.7149219513], [-301.874023438, -10.3196277618, 54.3065490723, -0.561822354794, -0.369708776474, 6.28242349625, 8.14240646362, 12.7514829636, 19.1711349487, 30.4812736511, 19.6641387939, 13.6276502609, 7.45886135101], [-377.822357178, 347.616943359, 111.779708862, -65.9549942017, 33.1032333374, -9.53768253326, 54.6469573975, 3.06041765213, 48.5307044983, 19.6641387939, 67.2873382568, 25.3613319397, 36.8151664734], [-1007.96679688, -141.044021606, 111.979766846, -25.0664310455, -28.5841960907, -9.03922271729, -6.97733640671, -2.04911875725, -1.76516568661, 13.6276502609, 25.3613319397, 43.2213172913, 22.4312324524], [-595.663146973, 200.068359375, 100.736373901, -57.2952575684, 13.351017952, -11.7782039642, 32.4749794006, -3.80063939095, 29.7149219513, 7.45886135101, 36.8151664734, 22.4312324524, 46.2152175903]],
        "icov": [[2.46660965786e-05, -7.27172300685e-05, 0.000114587899589, -5.66634771531e-05, 0.000163935255841, -0.000155675923452, -2.42558962782e-05, -0.000229868208407, 8.7165099103e-05, 4.25861653639e-05, 6.67960048304e-05, -4.77190988022e-05, 0.000130837986944], [-7.27172300685e-05, 0.000526518386323, -0.000517710228451, 0.000136798553285, -0.000583554618061, 0.000667445827276, -0.000450589024695, 0.00123429729138, -0.00147864373866, 0.000799016503152, -0.0010765932966, 0.00164837960619, -0.000282381544821], [0.000114587899589, -0.000517710228451, 0.00235510850325, 0.00049389078049, 0.00247746659443, -0.00116514950059, -0.00071421865141, -0.00232837721705, 0.00180065119639, -0.00145849585533, -0.000137787079439, -0.00246769934893, -0.00112020934466], [-5.66634771531e-05, 0.000136798553285, 0.00049389078049, 0.00569059047848, -0.00123806053307, 0.000317330239341, -0.00148221221752, -0.00278559676372, 0.00195469660684, -0.00354355806485, 0.00502964388579, -0.00315864826553, 0.00274837715551], [0.000163935255841, -0.000583554618061, 0.00247746659443, -0.00123806053307, 0.0116649558768, -0.00441489368677, -0.00499167991802, 0.00218334840611, -0.00486051477492, 0.00203206553124, -0.00139831611887, 0.000579193001613, 0.00052622158546], [-0.000155675923452, 0.000667445827276, -0.00116514950059, 0.000317330239341, -0.00441489368677, 0.022010019049, -0.00410656491295, -0.00585232907906, 0.00677308207378, -0.00794842652977, 0.00273230322637, 0.00346804084256, 0.000394481845433], [-2.42558962782e-05, -0.000450589024695, -0.00071421865141, -0.00148221221752, -0.00499167991802, -0.00410656491295, 0.0295195430517, -0.00970409717411, -0.0134258586913, 0.0138611355796, -0.0128948949277, 0.00450142705813, -0.00530588813126], [-0.000229868208407, 0.00123429729138, -0.00232837721705, -0.00278559676372, 0.00218334840611, -0.00585232907906, -0.00970409717411, 0.0468735471368, -0.0212577935308, -0.00700606592, 0.0112848654389, -0.00709138531238, 0.0111183756962], [8.7165099103e-05, -0.00147864373866, 0.00180065119639, 0.00195469660684, -0.00486051477492, 0.00677308207378, -0.0134258586913, -0.0212577935308, 0.0624904297292, -0.0263644680381, -0.0112550929189, 0.0152699938044, -0.0175306443125], [4.25861653639e-05, 0.000799016503152, -0.00145849585533, -0.00354355806485, 0.00203206553124, -0.00794842652977, 0.0138611355796, -0.00700606592, -0.0263644680381, 0.0685640722513, -0.0212305150926, -0.00843140203506, 0.0098371822387], [6.67960048304e-05, -0.0010765932966, -0.000137787079439, 0.00502964388579, -0.00139831611887, 0.00273230322637, -0.0128948949277, 0.0112848654389, -0.0112550929189, -0.0212305150926, 0.0642443150282, -0.0307859629393, -0.0024247772526], [-4.77190988022e-05, 0.00164837960619, -0.00246769934893, -0.00315864826553, 0.000579193001613, 0.00346804084256, 0.00450142705813, -0.00709138531238, 0.0152699938044, -0.00843140203506, -0.0307859629393, 0.0685832351446, -0.0265388078988], [0.000130837986944, -0.000282381544821, -0.00112020934466, 0.00274837715551, 0.00052622158546, 0.000394481845433, -0.00530588813126, 0.0111183756962, -0.0175306443125, 0.0098371822387, -0.0024247772526, -0.0265388078988, 0.0594835728407]]
    },
    "melbands": {
        "dmean": [0.000416426453739, 0.000621579994913, 0.000149289437104, 3.68516411982e-05, 1.63786717167e-05, 2.48856485996e-05, 3.00659503409e-05, 2.46480904025e-05, 3.73238217435e-05, 3.99472519348e-05, 3.3263459045e-05, 4.2649146053e-05, 2.25625699386e-05, 1.07719033622e-05, 9.24921278056e-06, 1.38693003464e-05, 1.67058478837e-05, 1.27115945361e-05, 1.91362687474e-05, 9.59013414104e-06, 7.59804015615e-06, 5.04139006807e-06, 4.39152154286e-06, 4.72531428386e-06, 4.78976244267e-06, 5.68944051338e-06, 3.31788919539e-06, 1.41731823078e-06, 2.49234972216e-06, 1.54050337642e-06, 1.38748669087e-06, 8.39498625282e-07, 1.3968069652e-06, 7.32200703624e-07, 5.71492421386e-07, 3.60359962315e-07, 2.68266404646e-07, 1.90099299857e-07, 3.0604152812e-07, 1.55907670774e-07],
        "dmean2": [0.000709721120074, 0.00108290254138, 0.000237709449721, 6.76232157275e-05, 2.89354338747e-05, 4.29450628872e-05, 5.0949598517e-05, 4.24909958383e-05, 6.33746312815e-05, 7.2145696322e-05, 5.76765341975e-05, 7.66309603932e-05, 4.24796053267e-05, 1.99212699954e-05, 1.54860172188e-05, 2.44448547164e-05, 2.8193473554e-05, 2.17768774746e-05, 3.41097875207e-05, 1.56882906595e-05, 1.31424758365e-05, 8.58782368596e-06, 7.12740666131e-06, 7.68142854213e-06, 7.26466487322e-06, 1.00546330941e-05, 5.68555151403e-06, 2.18399304686e-06, 4.41023166786e-06, 2.71013641395e-06, 2.39571249949e-06, 1.41222574257e-06, 2.50961556958e-06, 1.12429313504e-06, 9.30142221023e-07, 5.92312062508e-07, 3.25933115164e-07, 2.74001649814e-07, 5.22423306393e-07, 1.94673660303e-07],
        "dvar": [2.61095465248e-06, 6.21774779574e-06, 3.06809965878e-07, 1.91799056637e-08, 2.37477304488e-09, 6.70823929738e-09, 1.07839177588e-08, 8.37395219833e-09, 2.14256630215e-08, 2.34460024728e-08, 1.71670055948e-08, 2.77119482917e-08, 9.09064645782e-09, 1.59151369861e-09, 1.45882095293e-09, 3.37038152942e-09, 5.29879251587e-09, 2.38286235188e-09, 1.19534355747e-08, 1.22957555249e-09, 9.69911373438e-10, 3.2941852024e-10, 3.36063038509e-10, 3.28759158785e-10, 3.23677779024e-10, 5.29175148145e-10, 1.76955936015e-10, 2.54680772999e-11, 1.22299351202e-10, 3.6300448758e-11, 3.05407088508e-11, 1.31793239516e-11, 3.50620366074e-11, 8.92862606766e-12, 5.60861513482e-12, 1.96097001484e-12, 9.7246451343e-13, 5.86539714367e-13, 1.78332034469e-12, 3.88232442071e-13],
        "dvar2": [7.05445017957e-06, 1.66432928381e-05, 7.25681672975e-07, 5.40099911461e-08, 7.23359727672e-09, 1.87406499208e-08, 3.22311990431e-08, 2.3420321682e-08, 6.01732992322e-08, 7.01403735093e-08, 4.74360177805e-08, 8.22099437414e-08, 2.98069657845e-08, 5.05395369998e-09, 3.61249941072e-09, 1.00409671688e-08, 1.43993048596e-08, 6.82041711997e-09, 3.5133489007e-08, 3.22663851193e-09, 2.82483836322e-09, 9.49706091546e-10, 9.58336299206e-10, 8.94800455953e-10, 7.86570641953e-10, 1.52620605043e-09, 4.74985661914e-10, 6.31251440009e-11, 3.51183276903e-10, 1.04308242599e-10, 7.99333724211e-11, 3.51608152316e-11, 1.02829855742e-10, 2.46444722268e-11, 1.33693672452e-11, 5.11786142979e-12, 1.50927534359e-12, 9.93517659635e-13, 5.29075481343e-12, 6.38738736382e-13],
        "max": [0.023466495797, 0.0250793937594, 0.00924134161323, 0.00137026503216, 0.000591526506469, 0.000925235159229, 0.00136470410507, 0.00199220469221, 0.00241034128703, 0.0025590530131, 0.00157981622033, 0.00227707135491, 0.00139665463939, 0.000667200423777, 0.000881768763065, 0.00123144267127, 0.0013382442994, 0.000850979587995, 0.00256142648868, 0.000849705073051, 0.00052704999689, 0.000269418058451, 0.000399575306801, 0.000302142492728, 0.000340089842211, 0.000265798153123, 0.000190160280908, 0.000107072679384, 9.92262648651e-05, 8.77910424606e-05, 5.71632954234e-05, 4.20461838075e-05, 6.2900922785e-05, 4.11636319768e-05, 2.92881049972e-05, 1.5094684386e-05, 1.38923587656e-05, 1.03350703284e-05, 1.44677605931e-05, 8.84993460204e-06],
        "mean": [0.000476421701023, 0.000549278105609, 0.000174693006556, 4.89205958729e-05, 2.42572805291e-05, 3.28364512825e-05, 4.35506008216e-05, 4.23229575972e-05, 6.08012924204e-05, 6.51232112432e-05, 4.47838938271e-05, 5.50119693798e-05, 3.63168110198e-05, 1.79914477485e-05, 1.90800110431e-05, 2.45639566856e-05, 2.94088767987e-05, 2.10791586142e-05, 2.88047322101e-05, 1.9008104573e-05, 1.44504201671e-05, 9.77474246611e-06, 8.44190708449e-06, 8.81753931026e-06, 9.00609211385e-06, 8.08019103715e-06, 6.56009115119e-06, 3.67889515474e-06, 3.56672671842e-06, 2.97047904496e-06, 2.64642994807e-06, 1.73407477178e-06, 2.01212833417e-06, 1.33441255912e-06, 1.30260946207e-06, 7.7717527347e-07, 7.48651189042e-07, 5.78574542942e-07, 5.3897269936e-07, 4.26942563081e-07],
        "median": [1.74205013082e-07, 1.57662782385e-07, 4.59897329108e-08, 1.94336600146e-08, 2.02844212538e-08, 2.61537955737e-08, 1.73382872504e-08, 1.21845094014e-08, 1.10501137129e-08, 8.87234730129e-09, 5.79917935895e-09, 3.72654884728e-09, 2.39785702405e-09, 1.78683667862e-09, 1.24087140563e-09, 8.94786689187e-10, 7.73882014027e-10, 6.36902641737e-10, 4.46776837748e-10, 2.68795652403e-10, 1.54050966428e-10, 1.1751306872e-10, 6.78484768368e-11, 4.46134795773e-11, 4.47624923239e-11, 3.29946209243e-11, 2.65802848481e-11, 1.59681816381e-11, 1.13233328963e-11, 6.42682781993e-12, 5.83158434736e-12, 4.92197255175e-12, 4.45999357238e-12, 3.52760399017e-12, 3.01934996103e-12, 2.66816126485e-12, 2.35655115213e-12, 2.05125434867e-12, 1.81573137602e-12, 1.56669490749e-12],
        "min": [2.48922040308e-15, 1.86332001803e-15, 1.46685152987e-15, 1.41276371163e-15, 1.1551985683e-15, 5.12007858511e-16, 8.4350373154e-17, 7.3674045632e-17, 2.97220181892e-16, 7.68295358516e-16, 6.28774473724e-16, 1.31231582142e-16, 2.31215113008e-16, 1.68503917027e-16, 5.41526328066e-17, 1.04110143036e-16, 4.69372289675e-17, 1.36564991269e-16, 1.58115944666e-16, 2.39942331691e-16, 1.6473664535e-16, 1.21595232408e-16, 1.37153533583e-16, 1.7949986052e-16, 9.57191037883e-17, 9.30688171056e-17, 1.97476480464e-16, 1.3104928477e-16, 9.26043982051e-17, 6.18961583796e-17, 8.12849410656e-17, 8.60975241915e-17, 1.27939773881e-16, 2.36175682054e-16, 1.75554473696e-16, 3.14950143195e-17, 4.39074218937e-17, 6.526820316e-17, 2.00600033571e-16, 1.5724062876e-16],
        "stdev": [0.00196621846408, 0.00230087549426, 0.000649960536975, 0.000168303624378, 6.95175986039e-05, 9.73424175754e-05, 0.000137420211104, 0.000136597736855, 0.000224033734412, 0.000230494537391, 0.000152583248564, 0.000203020244953, 0.000132537199534, 5.755629536e-05, 6.8793677201e-05, 9.08981455723e-05, 0.000114872069389, 7.76015949668e-05, 0.000138597781188, 7.07537692506e-05, 5.29284407094e-05, 3.13023265335e-05, 2.88567789539e-05, 3.03649903799e-05, 3.35066361004e-05, 2.84203397314e-05, 2.10732050618e-05, 1.18241232485e-05, 1.27752755361e-05, 9.61620662565e-06, 8.87009809958e-06, 5.75932244828e-06, 7.38891731089e-06, 4.64488948637e-06, 4.4895841711e-06, 2.56878820437e-06, 2.48823016591e-06, 1.94971744349e-06, 1.92830339074e-06, 1.49410413997e-06],
