{
"lowlevel": {
    "average_loudness": 0.946407318115,
    "barkbands_crest": {
        "dmean": 2.49871277809,
        "dmean2": 4.15073251724,
        "dvar": 4.4569849968,
        "dvar2": 11.5998945236,
        "max": 23.1210842133,
        "mean": 9.2963180542,
        "median": 8.80068016052,
        "min": 3.23909974098,
        "stdev": 3.13040995598,
        "var": 9.79946613312
    },
    "barkbands_flatness_db": {
        "dmean": 0.0282967370003,
        "dmean2": 0.039476968348,
        "dvar": 0.00106765609235,
        "dvar2": 0.00223002652638,
        "max": 0.393476963043,
        "mean": 0.20091226697,
        "median": 0.198257625103,
        "min": 0.0285712834448,
        "stdev": 0.0657697319984,
        "var": 0.0043256576173
    },
    "barkbands_kurtosis": {
        "dmean": 5.37794113159,
        "dmean2": 8.63168239594,
        "dvar": 154.622848511,
        "dvar2": 331.833770752,
        "max": 106.11933136,
        "mean": 7.4832034111,
        "median": 2.46134662628,
        "min": -1.88277637959,
        "stdev": 15.7458715439,
        "var": 247.9324646
    },
    "barkbands_skewness": {
        "dmean": 0.707033872604,
        "dmean2": 1.04671347141,
        "dvar": 0.814714252949,
        "dvar2": 1.68607151508,
        "max": 8.16837978363,
        "mean": 1.2323756218,
        "median": 0.878375530243,
        "min": -2.63407444954,
        "stdev": 1.55745685101,
        "var": 2.42567181587
    },
    "barkbands_spread": {
        "dmean": 5.31299448013,
        "dmean2": 7.71225976944,
        "dvar": 91.220954895,
        "dvar2": 184.810211182,
        "max": 124.9324646,
        "mean": 16.7152442932,
        "median": 8.95527267456,
        "min": 1.21222281456,
        "stdev": 22.9833450317,
        "var": 528.234130859
    },
    "dissonance": {
        "dmean": 0.0242474935949,
        "dmean2": 0.0411375202239,
        "dvar": 0.000728491460904,
        "dvar2": 0.00184786191676,
        "max": 0.500000059605,
        "mean": 0.467282652855,
        "median": 0.478979706764,
        "min": 0.219377502799,
        "stdev": 0.0380294024944,
        "var": 0.0014462354593
    },
    "dynamic_complexity": 7.70972061157,
    "erbbands_crest": {
        "dmean": 3.3841574192,
        "dmean2": 5.63588142395,
        "dvar": 9.10896682739,
        "dvar2": 23.9898223877,
        "max": 29.3889427185,
        "mean": 11.0507698059,
        "median": 10.1500911713,
        "min": 2.3806142807,
        "stdev": 4.6337890625,
        "var": 21.4720020294
    },
    "erbbands_flatness_db": {
        "dmean": 0.0269244611263,
        "dmean2": 0.0361386686563,
        "dvar": 0.000784061674494,
        "dvar2": 0.00126270391047,
        "max": 0.443901628256,
        "mean": 0.239276990294,
        "median": 0.245700925589,
        "min": 0.0344897024333,
        "stdev": 0.0799579098821,
        "var": 0.00639326730743
    },
    "erbbands_kurtosis": {
        "dmean": 2.63874411583,
        "dmean2": 4.10981082916,
        "dvar": 27.3567008972,
        "dvar2": 60.7323646545,
        "max": 56.6479949951,
        "mean": 3.10961961746,
        "median": 1.10245656967,
        "min": -1.89833509922,
        "stdev": 6.42519521713,
        "var": 41.2831306458
    },
    "erbbands_skewness": {
        "dmean": 0.609192490578,
        "dmean2": 0.926819145679,
        "dvar": 0.551486670971,
        "dvar2": 1.17999601364,
        "max": 6.3660159111,
        "mean": 0.864397823811,
        "median": 0.817894697189,
        "min": -3.39382481575,
        "stdev": 1.26197004318,
        "var": 1.59256827831
    },
    "erbbands_spread": {
        "dmean": 6.86507940292,
        "dmean2": 10.2658548355,
        "dvar": 82.5023269653,
        "dvar2": 152.055267334,
        "max": 98.4742279053,
        "mean": 23.3195133209,
        "median": 16.3994636536,
        "min": 3.50734043121,
        "stdev": 18.1877536774,
        "var": 330.794372559
    },
    "hfc": {
        "dmean": 3.90177536011,
        "dmean2": 5.15911149979,
        "dvar": 31.5099163055,
        "dvar2": 56.483455658,
        "max": 59.9984855652,
        "mean": 11.4293346405,
        "median": 4.76883411407,
        "min": 3.40746083793e-07,
        "stdev": 13.851984024,
        "var": 191.877471924
    },
    "loudness_ebu128": {
        "integrated": -16.99269104,
        "loudness_range": 3.77968978882,
        "momentary": {
            "dmean": 1.70715045929,
            "dmean2": 1.88663303852,
            "dvar": 7.9277176857,
            "dvar2": 8.72375869751,
            "max": -12.1977005005,
            "mean": -19.4056091309,
            "median": -18.0948181152,
            "min": -53.1541290283,
            "stdev": 5.65521907806,
            "var": 31.9815044403
        },
        "short_term": {
            "dmean": 0.164476513863,
            "dmean2": 0.142490491271,
            "dvar": 0.0358700044453,
            "dvar2": 0.0374546870589,
            "max": -15.1355228424,
            "mean": -16.9488639832,
            "median": -16.4994602203,
            "min": -20.4245853424,
            "stdev": 1.35525393486,
            "var": 1.83671307564
        }
    },
    "melbands_crest": {
        "dmean": 3.09221696854,
        "dmean2": 5.00314426422,
        "dvar": 7.83350133896,
        "dvar2": 21.730140686,
        "max": 28.4809036255,
        "mean": 11.9694709778,
        "median": 11.3858880997,
        "min": 4.22385072708,
        "stdev": 4.06882286072,
        "var": 16.5553207397
    },
    "melbands_flatness_db": {
        "dmean": 0.0335585772991,
        "dmean2": 0.0456592850387,
        "dvar": 0.00144329783507,
        "dvar2": 0.00289067998528,
        "max": 0.492462664843,
        "mean": 0.281145811081,
        "median": 0.281684279442,
        "min": 0.019865013659,
        "stdev": 0.0853543654084,
        "var": 0.00728536816314
    },
    "melbands_kurtosis": {
        "dmean": 8.78594779968,
        "dmean2": 13.9113969803,
        "dvar": 447.08493042,
        "dvar2": 923.806945801,
        "max": 232.06678772,
        "mean": 12.8534736633,
        "median": 3.4545814991,
        "min": -1.74966239929,
        "stdev": 26.7146167755,
        "var": 713.670715332
    },
    "melbands_skewness": {
        "dmean": 0.782609939575,
        "dmean2": 1.15461087227,
        "dvar": 0.907981276512,
        "dvar2": 1.8133174181,
        "max": 10.964348793,
        "mean": 1.67994356155,
        "median": 1.13123655319,
        "min": -1.88839030266,
        "stdev": 1.78446531296,
        "var": 3.18431663513
    },
    "melbands_spread": {
        "dmean": 6.59774398804,
        "dmean2": 9.87658500671,
        "dvar": 169.420440674,
        "dvar2": 284.91973877,
        "max": 192.023391724,
        "mean": 21.5558547974,
        "median": 12.7451972961,
        "min": 0.895317196846,
        "stdev": 31.8288574219,
        "var": 1013.07611084
    },
    "pitch_salience": {
        "dmean": 0.0695879608393,
        "dmean2": 0.117396295071,
        "dvar": 0.00407597888261,
        "dvar2": 0.0102873928845,
        "max": 0.84839117527,
        "mean": 0.672899603844,
        "median": 0.690451979637,
        "min": 0.238288938999,
        "stdev": 0.0955995842814,
        "var": 0.00913928076625
    },
    "silence_rate_20dB": {
        "dmean": 0,
        "dmean2": 0,
        "dvar": 0,
        "dvar2": 0,
        "max": 1,
        "mean": 1,
        "median": 1,
        "min": 1,
        "stdev": 0,
        "var": 0
    },
    "silence_rate_30dB": {
        "dmean": 0,
        "dmean2": 0,
        "dvar": 0,
        "dvar2": 0,
        "max": 1,
        "mean": 1,
        "median": 1,
        "min": 1,
        "stdev": 0,
        "var": 0
    },
    "silence_rate_60dB": {
        "dmean": 0.106609806418,
        "dmean2": 0.21367521584,
        "dvar": 0.0952434688807,
        "dvar2": 0.202205091715,
        "max": 1,
        "mean": 0.338297873735,
        "median": 0,
        "min": 0,
        "stdev": 0.473131299019,
        "var": 0.223853230476
    },
    "spectral_centroid": {
        "dmean": 251.255691528,
        "dmean2": 346.814605713,
        "dvar": 218620.0625,
        "dvar2": 249711.4375,
        "max": 11129.0908203,
        "mean": 1170.79504395,
        "median": 977.915161133,
        "min": 182.683074951,
        "stdev": 943.718139648,
        "var": 890603.875
    },
    "spectral_complexity": {
        "dmean": 2.82302761078,
        "dmean2": 3.85470080376,
        "dvar": 9.53160476685,
        "dvar2": 15.2096719742,
        "max": 38,
        "mean": 12.4531917572,
        "median": 10,
        "min": 0,
        "stdev": 9.97576713562,
        "var": 99.5159378052
    },
    "spectral_decrease": {
        "dmean": 1.38168387842e-09,
        "dmean2": 1.80979609077e-09,
        "dvar": 5.11206386672e-18,
        "dvar2": 8.83939347363e-18,
        "max": -3.50579492243e-18,
        "mean": -3.85010912041e-09,
        "median": -1.82916315428e-09,
        "min": -2.54780783138e-08,
        "stdev": 4.76864014942e-09,
        "var": 2.27399279211e-17
    },
    "spectral_energy": {
        "dmean": 0.0055310302414,
        "dmean2": 0.00724427867681,
        "dvar": 8.08600962046e-05,
        "dvar2": 0.000139962270623,
        "max": 0.100657917559,
        "mean": 0.0155678438023,
        "median": 0.00718806311488,
        "min": 4.413838392e-11,
        "stdev": 0.0191682334989,
        "var": 0.000367421162082
    },
    "spectral_energyband_high": {
        "dmean": 4.71119128633e-05,
        "dmean2": 6.31870207144e-05,
        "dvar": 5.15110443189e-08,
        "dvar2": 6.81188012663e-08,
        "max": 0.0047663981095,
        "mean": 6.02059590165e-05,
        "median": 4.30313002653e-06,
        "min": 2.42726897609e-11,
        "stdev": 0.000318539561704,
        "var": 1.01467449554e-07
    },
    "spectral_energyband_low": {
        "dmean": 0.000734373403247,
        "dmean2": 0.00103855249472,
        "dvar": 2.0931038307e-06,
        "dvar2": 3.91636012864e-06,
        "max": 0.0192470140755,
        "mean": 0.00137663574424,
        "median": 0.000696238828823,
        "min": 8.33984357268e-12,
        "stdev": 0.00221679825336,
        "var": 4.91419450555e-06
    },
    "spectral_energyband_middle_high": {
        "dmean": 0.00194596603978,
        "dmean2": 0.00307868025266,
        "dvar": 1.06617153506e-05,
        "dvar2": 2.80929980363e-05,
        "max": 0.0432254821062,
        "mean": 0.00538196135312,
        "median": 0.00141916167922,
        "min": 3.71994015452e-12,
        "stdev": 0.00803691521287,
        "var": 6.45920008537e-05
    },
    "spectral_energyband_middle_low": {
        "dmean": 0.00431543262675,
        "dmean2": 0.00563169410452,
        "dvar": 6.35405085632e-05,
        "dvar2": 0.000116082017485,
        "max": 0.0917004272342,
        "mean": 0.00951563660055,
        "median": 0.00376373832114,
        "min": 2.31324681632e-12,
        "stdev": 0.0140377487987,
        "var": 0.000197058398044
    },
    "spectral_entropy": {
        "dmean": 0.240877449512,
        "dmean2": 0.327096670866,
        "dvar": 0.0824538171291,
        "dvar2": 0.165184170008,
        "max": 9.80014038086,
        "mean": 6.96672010422,
        "median": 6.9431142807,
        "min": 4.56196022034,
        "stdev": 0.672459244728,
        "var": 0.452201455832
    },
    "spectral_flux": {
        "dmean": 0.0181600730866,
        "dmean2": 0.027475008741,
        "dvar": 0.000474502332509,
        "dvar2": 0.000911357870791,
        "max": 0.241676390171,
        "mean": 0.0663814172149,
        "median": 0.0536482147872,
        "min": 1.77498695848e-05,
        "stdev": 0.0517648383975,
        "var": 0.00267959851772
    },
    "spectral_kurtosis": {
        "dmean": 6.06218338013,
        "dmean2": 10.0341176987,
        "dvar": 42.1855201721,
        "dvar2": 112.077095032,
        "max": 67.1472930908,
        "mean": 14.0459260941,
        "median": 12.1007204056,
        "min": -1.23608803749,
        "stdev": 10.6466274261,
        "var": 113.35068512
    },
    "spectral_rms": {
        "dmean": 0.00066159904236,
        "dmean2": 0.000820021319669,
        "dvar": 6.29852991096e-07,
        "dvar2": 8.82710764927e-07,
        "max": 0.00990973506123,
        "mean": 0.00312862917781,
        "median": 0.00264815660194,
        "min": 2.07513465966e-07,
        "stdev": 0.002323751105,
        "var": 5.39981874681e-06
    },
    "spectral_rolloff": {
        "dmean": 448.20223999,
        "dmean2": 733.186584473,
        "dvar": 1630412.75,
        "dvar2": 2977074.25,
        "max": 18346.2890625,
        "mean": 1816.53283691,
        "median": 968.994140625,
        "min": 129.19921875,
        "stdev": 3203.28344727,
        "var": 10261025
    },
    "spectral_skewness": {
        "dmean": 0.564356803894,
        "dmean2": 0.887723207474,
        "dvar": 0.248535558581,
        "dvar2": 0.644347190857,
        "max": 7.10514116287,
        "mean": 2.37251138687,
        "median": 2.24480700493,
        "min": 0.00666083302349,
        "stdev": 1.00531077385,
        "var": 1.0106498003
    },
    "spectral_spread": {
        "dmean": 626222.125,
        "dmean2": 824672,
        "dvar": 2.71477034189e+12,
        "dvar2": 2.93520539648e+12,
        "max": 42057060,
        "mean": 3205191,
        "median": 2461021.75,
        "min": 862033.75,
        "stdev": 2857923.25,
        "var": 8.1677254656e+12
    },
    "spectral_strongpeak": {
        "dmean": 0.552456796169,
        "dmean2": 0.913181722164,
        "dvar": 0.555881083012,
        "dvar2": 1.404255867,
        "max": 4.946788311,
        "mean": 0.855072259903,
        "median": 0.551158726215,
        "min": 0,
        "stdev": 0.941738128662,
        "var": 0.886870741844
    },
    "zerocrossingrate": {
        "dmean": 0.0119800688699,
        "dmean2": 0.0145576670766,
        "dvar": 0.000632142531686,
        "dvar2": 0.000776327739004,
        "max": 0.48193359375,
        "mean": 0.0567154251039,
        "median": 0.03955078125,
        "min": 0.00634765625,
        "stdev": 0.0597334057093,
        "var": 0.00356807955541
    },
    "barkbands": {
        "dmean": [2.74878111668e-05, 0.000209819729207, 0.000368652894394, 0.000525099749211, 0.000892131065484, 0.000835641287267, 0.0014517767122, 0.00150965212379, 0.000996017362922, 0.00137022207491, 0.000657985918224, 0.00033365082345, 0.000393300608266, 0.000208836558159, 0.00010441478662, 0.00011553895456, 9.18525984162e-05, 5.21772781212e-05, 0.000128636427689, 5.3040246712e-05, 9.37235199672e-06, 6.4552382355e-06, 7.97513439466e-06, 2.63625770458e-06, 9.57616293817e-07, 3.85465881436e-07, 4.01219750756e-08],
        "dmean2": [4.75949054817e-05, 0.000320328806993, 0.000535949657205, 0.000729676801711, 0.00123849278316, 0.00127150374465, 0.00223868875764, 0.00230131112039, 0.00154457928147, 0.00242223055102, 0.00101470900699, 0.00056115858024, 0.000687559077051, 0.000309559924062, 0.000158776718308, 0.000164141179994, 0.000134773697937, 8.20192581159e-05, 0.000201907751034, 7.58371024858e-05, 1.38753912324e-05, 8.67909966473e-06, 1.1707315025e-05, 4.1821481318e-06, 1.44475143316e-06, 6.07195090652e-07, 6.3176592846e-08],
        "dvar": [3.96152266546e-09, 2.30792267075e-07, 6.9492170951e-07, 1.17477179629e-06, 6.44421288598e-06, 5.55254882784e-06, 1.35057543957e-05, 1.32116792884e-05, 4.00690669267e-06, 8.36203071231e-06, 3.34675041813e-06, 8.02948250112e-07, 5.20079254329e-07, 3.69419382196e-07, 1.02988046535e-07, 1.22826236293e-07, 4.02710895742e-08, 8.34471780564e-09, 4.99655072872e-08, 3.0535851181e-08, 4.71493777354e-09, 1.31870925291e-09, 2.71438849175e-09, 4.40541880753e-10, 4.29478917707e-11, 3.18161859705e-12, 4.99183790278e-15],
        "dvar2": [9.81651293586e-09, 5.6493519196e-07, 1.35990273975e-06, 2.46116701419e-06, 1.17731406135e-05, 1.22128330986e-05, 2.81063184957e-05, 2.53440593951e-05, 9.91280285234e-06, 2.48084779741e-05, 8.65989295562e-06, 2.07592006518e-06, 1.59666649324e-06, 7.7521235653e-07, 2.39232463173e-07, 2.09023426123e-07, 9.00502854506e-08, 2.06285193372e-08, 1.15714094306e-07, 5.42746363408e-08, 6.46406128624e-09, 1.81679182809e-09, 5.43101030814e-09, 7.32853555618e-10, 9.85519235663e-11, 8.52021057873e-12, 9.90065641233e-15],
        "max": [0.000712585635483, 0.00549159338698, 0.0120490640402, 0.0135788815096, 0.0314680375159, 0.0243322178721, 0.0489560700953, 0.0590512044728, 0.0193485207856, 0.0276027470827, 0.0212108213454, 0.0126342531294, 0.00657891808078, 0.00684637483209, 0.00359518779442, 0.0072031468153, 0.00307104224339, 0.00118938658852, 0.00245551206172, 0.00213282532059, 0.00138525408693, 0.00077300023986, 0.000992026529275, 0.000381755817216, 0.000130219195853, 3.56441451004e-05, 1.1801406572e-06],
        "mean": [2.57259707723e-05, 0.000311151350616, 0.000578592007514, 0.000820960092824, 0.00142225460149, 0.00108471699059, 0.00184692512266, 0.0022849466186, 0.00153462972958, 0.00236017256975, 0.00106273824349, 0.000503988645505, 0.000607248744927, 0.00026066461578, 0.000129233201733, 0.000154635374201, 0.000148848426761, 9.71294066403e-05, 0.000229810742894, 7.08171210135e-05, 1.23248264572e-05, 7.34422565074e-06, 8.04247611086e-06, 3.07445861836e-06, 1.20726122077e-06, 5.61962337997e-07, 1.37279087653e-07],
        "median": [3.76051912099e-06, 0.00012988463277, 0.00024593443959, 0.000203234478249, 0.000406147853937, 0.000154570559971, 0.000368805078324, 0.000298641243717, 0.000163180113304, 8.28585907584e-05, 5.32616104465e-05, 2.27764703595e-05, 6.85173872625e-05, 3.10600371449e-05, 1.74343058461e-05, 1.60402232723e-05, 2.98828344967e-05, 1.89344027604e-05, 3.08757589664e-05, 2.19255275624e-06, 4.1935209083e-07, 4.0331923401e-07, 4.86579438075e-07, 2.37473088305e-07, 1.85024475741e-07, 1.66315075489e-07, 1.29673054516e-07],
        "min": [5.88579315494e-12, 6.12302309549e-13, 2.53462019168e-13, 1.04213743212e-13, 4.25719138761e-13, 2.71333384363e-13, 6.01749552964e-14, 6.96605316833e-14, 1.71746826288e-13, 1.30792037899e-13, 2.33117128032e-13, 4.80383094414e-13, 3.03815674875e-13, 2.71154951791e-13, 1.42130678429e-13, 8.32666780578e-13, 2.60038518496e-13, 3.71140618238e-13, 5.55172661315e-13, 6.2290277103e-13, 2.06944574324e-12, 9.09605507235e-13, 1.53791725448e-12, 5.49280933237e-12, 4.29391504991e-12, 4.08070799374e-12, 6.67004472488e-12],
        "stdev": [6.46191328997e-05, 0.000550191674847, 0.00118485488929, 0.00146931828931, 0.00361673138104, 0.00273426552303, 0.00441458029673, 0.00524537172168, 0.00288109527901, 0.00443374132738, 0.00259137316607, 0.00123984867241, 0.00107062980533, 0.000733575201593, 0.000362627441064, 0.000479456299217, 0.000279651430901, 0.000161141084391, 0.000400073739002, 0.000234929568251, 9.76029186859e-05, 4.91682476422e-05, 5.76745333092e-05, 2.48514461418e-05, 7.60318744142e-06, 2.14504666474e-06, 9.05974530951e-08],
        "var": [4.17563228439e-09, 3.02710873257e-07, 1.40388124237e-06, 2.15889622268e-06, 1.30807466121e-05, 7.47620742914e-06, 1.94885196834e-05, 2.75139227597e-05, 8.30070985103e-06, 1.96580604097e-05, 6.71521456752e-06, 1.53722476171e-06, 1.14624822345e-06, 5.38132610473e-07, 1.31498651967e-07, 2.29878338587e-07, 7.82049198733e-08, 2.59664467706e-08, 1.60058988286e-07, 5.51919043801e-08, 9.52632994711e-09, 2.41751640928e-09, 3.32635186062e-09, 6.17594420049e-10, 5.78084594083e-11, 4.60122565049e-12, 8.20789833669e-15]
    },
    "erbbands": {
        "dmean": [0.00339000206441, 0.0583442896605, 0.301017343998, 1.19643247128, 2.1300599575, 3.75401568413, 5.47918796539, 7.89755725861, 15.0989046097, 31.1084537506, 27.01171875, 24.7063941956, 31.2371482849, 37.3966522217, 22.4840507507, 12.9610319138, 18.8721294403, 12.3473091125, 5.20136547089, 5.44190692902, 7.03113031387, 4.88350391388, 3.05026698112, 4.34300661087, 5.78376865387, 2.58911895752, 0.821418941021, 0.206534981728, 0.213096618652, 0.277537435293, 0.218410253525, 0.0789617747068, 0.0395696386695, 0.0131580242887, 0.00570565182716, 0.00262584164739, 0.000465183489723, 3.67403117707e-05, 7.29257817511e-06, 6.50229412713e-06],
        "dmean2": [0.00542402733117, 0.0874984785914, 0.457574754953, 1.60025548935, 3.13930368423, 6.04699754715, 7.20326328278, 12.4769191742, 23.6014575958, 49.7065315247, 41.5639076233, 40.6573143005, 52.1097869873, 65.2775421143, 37.1888694763, 19.9116134644, 31.8766479492, 18.4143161774, 8.20963191986, 8.40907096863, 9.85973262787, 7.01834058762, 4.80459737778, 6.64742660522, 8.6978225708, 3.75693011284, 1.05772948265, 0.325757205486, 0.274730801582, 0.39770001173, 0.324401199818, 0.127505213022, 0.0545319654047, 0.0200757477432, 0.00882988329977, 0.00420115003362, 0.000679072574712, 5.586475163e-05, 1.14534386739e-05, 8.57625946082e-06],
        "dvar": [4.00727803935e-05, 0.0182605572045, 0.459952622652, 6.16792392731, 30.6352291107, 200.069915771, 331.674468994, 555.612670898, 1747.71240234, 6940.39892578, 4198.36132812, 2957.88696289, 4192.22802734, 7838.16357422, 3586.60571289, 1109.72814941, 1226.06359863, 1324.8326416, 188.383361816, 285.453735352, 433.517791748, 91.1869506836, 30.9731884003, 60.7048377991, 118.763870239, 81.7052383423, 16.3618869781, 3.12246584892, 1.63184463978, 2.0930891037, 2.24037647247, 0.478026241064, 0.0650179758668, 0.00685330666602, 0.00161841360386, 0.000173541906406, 3.3374215036e-06, 5.75384806467e-09, 1.5577454604e-10, 1.01246379336e-10],
        "dvar2": [0.000104366474261, 0.0438281744719, 0.892184615135, 11.1727199554, 75.456237793, 456.123443604, 594.303833008, 1353.82971191, 3960.63525391, 16926.1660156, 8839.83691406, 7546.58935547, 12023.9111328, 21553.6367188, 9106.62597656, 2599.8996582, 3666.33569336, 2843.80102539, 459.177764893, 541.626281738, 701.202148438, 203.011795044, 81.9029159546, 140.596084595, 248.957351685, 149.900695801, 20.3145503998, 4.82727432251, 2.30526351929, 3.86381626129, 4.43587303162, 0.838318943977, 0.129214257002, 0.0120032140985, 0.00424219435081, 0.000476602377603, 7.34167224437e-06, 1.0210808199e-08, 3.64510616135e-10, 1.77155318193e-10],
        "max": [0.0579392686486, 1.65300166607, 8.68553447723, 40.6456756592, 65.2691040039, 152.637176514, 319.309967041, 273.550262451, 489.457336426, 1123.61755371, 811.539428711, 566.082641602, 666.036499023, 844.411437988, 726.68737793, 521.194274902, 307.054656982, 392.575958252, 160.392242432, 299.975982666, 428.238677979, 121.263877869, 77.1428375244, 96.1395874023, 124.449958801, 120.629577637, 88.9092941284, 33.1142234802, 27.9874172211, 27.4223899841, 28.7446327209, 12.7127218246, 5.26503372192, 1.57496321201, 0.789175748825, 0.256425887346, 0.041001085192, 0.00175276421942, 0.0002596937411, 0.000114054950245],
        "mean": [0.00490128528327, 0.0885142534971, 0.498153030872, 2.09058403969, 3.02556085587, 4.76891326904, 7.44104146957, 10.4209775925, 20.1173324585, 42.3122787476, 45.247341156, 37.4569664001, 54.3385543823, 71.1172103882, 34.9230041504, 21.9907398224, 29.8323421478, 16.6588001251, 7.49006128311, 6.99504756927, 9.62551307678, 8.18834781647, 5.71039056778, 7.89660644531, 9.88210105896, 3.48775315285, 1.06622111797, 0.288245201111, 0.234705358744, 0.294556468725, 0.214700475335, 0.0889470279217, 0.0397097021341, 0.0173575114459, 0.00673701521009, 0.00340657285415, 0.000800296082161, 0.000108916814497, 2.95344489132e-05, 2.00647027668e-05],
        "median": [0.00277401646599, 0.0365396440029, 0.230829417706, 0.762240290642, 0.884530723095, 1.26223802567, 1.22158432007, 1.6212785244, 4.29057025909, 7.3614025116, 7.23164081573, 4.23069763184, 3.40965104103, 2.63225293159, 2.01421618462, 2.43477058411, 4.24974918365, 2.88110017776, 1.22891306877, 0.818232655525, 1.34702038765, 1.8529522419, 1.25958395004, 1.94704639912, 1.04214882851, 0.236923694611, 0.0565402135253, 0.0103443274274, 0.0130027923733, 0.0197002999485, 0.0119444448501, 0.00510501582175, 0.00390162970871, 0.0023205713369, 0.00113926595077, 0.000741029041819, 0.000290970492642, 8.62880406203e-05, 2.47482385021e-05, 1.10627170216e-05],
        "min": [1.94465527015e-10, 1.38264372174e-10, 3.42718603497e-10, 6.54237330977e-10, 1.01017705312e-09, 1.36540623252e-09, 1.36716116206e-09, 2.73795408567e-09, 1.63760904837e-09, 6.74564237801e-10, 1.94651095242e-09, 4.35698721546e-09, 2.56339949267e-09, 6.46192654941e-09, 1.59924660181e-08, 1.58874335909e-08, 1.21076180193e-08, 1.86024351478e-08, 5.50008305567e-09, 2.21238476428e-08, 4.34037445984e-08, 1.63464495273e-08, 1.92641635977e-08, 3.07284793166e-08, 1.79638099951e-08, 3.71041579683e-08, 9.9617416538e-08, 4.76968615715e-08, 2.7548715309e-08, 5.19062375304e-08, 4.22872545869e-08, 4.39759233473e-08, 1.28489276108e-07, 6.20851352551e-08, 2.63726480654e-08, 1.64320610452e-08, 6.28762686361e-09, 3.20284865296e-09, 1.06339337336e-09, 8.24567220059e-11],
        "stdev": [0.00672985240817, 0.158415704966, 0.949959039688, 3.75498771667, 6.27267456055, 15.2791395187, 22.9265365601, 26.6425266266, 49.0053672791, 103.985038757, 92.3647766113, 72.6793746948, 96.4243927002, 143.728408813, 81.0852508545, 49.5697593689, 52.186214447, 43.4102516174, 16.561750412, 20.9560050964, 29.1612319946, 14.4003067017, 9.49984645844, 13.0774993896, 18.0965366364, 11.5337581635, 5.77839994431, 2.49918317795, 1.6831138134, 1.71954894066, 1.65607786179, 0.792891144753, 0.282523661852, 0.107233129442, 0.0422627776861, 0.014701962471, 0.00280014565215, 0.000146823193063, 1.97085519176e-05, 2.21663231059e-05],
        "var": [4.52909116575e-05, 0.0250955335796, 0.902422130108, 14.0999326706, 39.346446991, 233.45211792, 525.626037598, 709.82421875, 2401.52587891, 10812.8876953, 8531.25195312, 5282.29199219, 9297.6640625, 20657.8535156, 6574.81787109, 2457.16113281, 2723.40112305, 1884.45007324, 274.291564941, 439.154144287, 850.377441406, 207.368835449, 90.2470779419, 171.020980835, 327.484619141, 133.027587891, 33.3899040222, 6.24591684341, 2.83287215233, 2.95684838295, 2.74259376526, 0.628676354885, 0.0798196271062, 0.0114989439026, 0.00178614235483, 0.000216147702304, 7.84081566962e-06, 2.15570512552e-08, 3.88426985021e-10, 4.91345908404e-10]
    },
    "gfcc": {
        "mean": [-159.684356689, 124.305274963, -116.808441162, 1.34699606895, -40.5250358582, -11.7202386856, -28.2954139709, 11.3456020355, -23.3081912994, -9.70677852631, -7.46086406708, -6.71475410461, -18.2774276733],
        "cov": [[28682.921875, 7901.20556641, -4546.31152344, -1113.55944824, -973.682861328, -1264.85961914, 170.244674683, 547.936950684, -159.681884766, -647.942871094, 490.285400391, -581.645568848, -587.235473633], [7901.20556641, 3225.75805664, -1046.23718262, -746.506958008, -144.232635498, -467.496368408, 115.712516785, 133.599716187, -65.3471221924, -370.658752441, 182.117904663, -104.20111084, -164.557342529], [-4546.31152344, -1046.23718262, 3030.48706055, 1295.86645508, -369.622619629, 166.585205078, -335.477172852, -430.147125244, -16.8766555786, 46.3828964233, -385.851104736, 200.578430176, 256.376220703], [-1113.55944824, -746.506958008, 1295.86645508, 1368.92346191, -131.447799683, -136.561279297, -400.417816162, -322.704376221, -43.5192756653, 129.758392334, -192.575912476, -11.1256332397, 112.40587616], [-973.682861328, -144.232635498, -369.622619629, -131.447799683, 766.971984863, 88.599029541, -160.65512085, -51.3541526794, 9.0527639389, 40.1308021545, 7.77287197113, -27.8566684723, 11.8181467056], [-1264.85961914, -467.496368408, 166.585205078, -136.561279297, 88.599029541, 430.458526611, 65.1472854614, -31.8628292084, 58.862411499, 25.5864162445, -87.7610549927, 66.6689376831, 34.5535507202], [170.244674683, 115.712516785, -335.477172852, -400.417816162, -160.65512085, 65.1472854614, 381.760009766, 168.883132935, -73.0338897705, -78.2676544189, 79.2239608765, -3.12162303925, -71.2152252197], [547.936950684, 133.599716187, -430.147125244, -322.704376221, -51.3541526794, -31.8628292084, 168.883132935, 241.575149536, 32.5707588196, -44.3785018921, 53.8702583313, -13.5110797882, -32.8901557922], [-159.681884766, -65.3471221924, -16.8766555786, -43.5192756653, 9.0527639389, 58.862411499, -73.0338897705, 32.5707588196, 160.531478882, 12.8904457092, -67.5513534546, 25.84009552, 44.3702697754], [-647.942871094, -370.658752441, 46.3828964233, 129.758392334, 40.1308021545, 25.5864162445, -78.2676544189, -44.3785018921, 12.8904457092, 171.737625122, 27.3507881165, -29.3091850281, -13.3235197067], [490.285400391, 182.117904663, -385.851104736, -192.575912476, 7.77287197113, -87.7610549927, 79.2239608765, 53.8702583313, -67.5513534546, 27.3507881165, 191.352615356, -22.9104137421, -103.988113403], [-581.645568848, -104.20111084, 200.578430176, -11.1256332397, -27.8566684723, 66.6689376831, -3.12162303925, -13.5110797882, 25.84009552, -29.3091850281, -22.9104137421, 120.940719604, 41.377204895], [-587.235473633, -164.557342529, 256.376220703, 112.40587616, 11.8181467056, 34.5535507202, -71.2152252197, -32.8901557922, 44.3702697754, -13.3235197067, -103.988113403, 41.377204895, 171.391540527]],
        "icov": [[0.000459961098386, -0.00123182474636, 0.000883193279151, -0.000946985557675, 0.00084420258645, -0.000957294832915, 0.000861395616084, -0.00100716156885, 0.00103683187626, -0.000568805728108, 0.000819260545541, -3.70312045561e-05, 0.000186001328984], [-0.00123182474636, 0.00403856253251, -0.00231797993183, 0.00309214321896, -0.00197250419296, 0.00316072651185, -0.00169989315327, 0.00324266962707, -0.0027850321494, 0.00311188772321, -0.0023342280183, 0.00075543881394, -0.000124635989778], [0.000883193279151, -0.00231797993183, 0.00264320056885, -0.00234023621306, 0.00201684911735, -0.00203814869747, 0.00174547417555, -0.00140483491123, 0.00264350464568, -0.00117677671369, 0.00266245193779, -0.00130847480614, 0.000264457950834], [-0.000946985557675, 0.00309214321896, -0.00234023621306, 0.00470710359514, -0.00109025009442, 0.00323429121636, 0.000171269130078, 0.00300164474174, -0.000625868851785, 0.00104867957998, -3.58973047696e-05, 0.00105054595042, 0.000176185363671], [0.00084420258645, -0.00197250419296, 0.00201684911735, -0.00109025009442, 0.0037447954528, -0.00245373463258, 0.00389777915552, -0.0018184663495, 0.00342186028138, -0.000439439405454, 0.00176219327841, 0.000439770868979, 0.000246810173849], [-0.000957294832915, 0.00316072651185, -0.00203814869747, 0.00323429121636, -0.00245373463258, 0.00715307192877, -0.00407170271501, 0.0046277618967, -0.00371387903579, 4.61068448203e-05, 0.00122214783914, -0.00149332906585, 0.000672709487844], [0.000861395616084, -0.00169989315327, 0.00174547417555, 0.000171269130078, 0.00389777915552, -0.00407170271501, 0.0114013245329, -0.00626031076536, 0.00812354125082, 0.00166591478046, 0.00167578842957, 0.00101462460589, 0.00148237717804], [-0.00100716156885, 0.00324266962707, -0.00140483491123, 0.00300164474174, -0.0018184663495, 0.0046277618967, -0.00626031076536, 0.012560213916, -0.00704274279997, 0.00238604587503, -0.00218304502778, 0.000735497567803, -0.000696496281307], [0.00103683187626, -0.0027850321494, 0.00264350464568, -0.000625868851785, 0.00342186028138, -0.00371387903579, 0.00812354125082, -0.00704274279997, 0.0163455661386, -0.00358851766214, 0.00785533711314, -0.00274022249505, 0.000788444944192], [-0.000568805728108, 0.00311188772321, -0.00117677671369, 0.00104867957998, -0.000439439405454, 4.61068448203e-05, 0.00166591478046, 0.00238604587503, -0.00358851766214, 0.013583897613, -0.00678385887295, 0.00496646994725, -4.74556654808e-05], [0.000819260545541, -0.0023342280183, 0.00266245193779, -3.58973047696e-05, 0.00176219327841, 0.00122214783914, 0.00167578842957, -0.00218304502778, 0.00785533711314, -0.00678385887295, 0.0173137318343, -0.00493445247412, 0.00565129192546], [-3.70312045561e-05, 0.00075543881394, -0.00130847480614, 0.00105054595042, 0.000439770868979, -0.00149332906585, 0.00101462460589, 0.000735497567803, -0.00274022249505, 0.00496646994725, -0.00493445247412, 0.0137571534142, -0.00251943874173], [0.000186001328984, -0.000124635989778, 0.000264457950834, 0.000176185363671, 0.000246810173849, 0.000672709487844, 0.00148237717804, -0.000696496281307, 0.000788444944192, -4.74556654808e-05, 0.00565129192546, -0.00251943874173, 0.0099999634549]]
    },
    "melbands": {
        "dmean": [4.53027641925e-05, 0.000132247907459, 0.00019068151596, 0.000196855908143, 0.000172966290847, 0.000167095000506, 0.000245467788773, 0.00034102864447, 0.000194455104065, 0.000153095126734, 0.000166683341376, 0.000162883108715, 8.48309791763e-05, 3.80763121939e-05, 4.85967539134e-05, 3.41333361575e-05, 2.24686609727e-05, 8.84341443452e-06, 8.3575168901e-06, 6.44270403427e-06, 9.3837879831e-06, 5.63657431485e-06, 3.67733287021e-06, 2.56600264947e-06, 3.63365552403e-06, 6.40475536784e-06, 2.6292595976e-06, 1.59061062277e-06, 6.09371340943e-07, 2.22286871576e-07, 8.61348823378e-08, 1.01557795062e-07, 1.65496928162e-07, 1.58233461889e-07, 1.54717113787e-07, 6.50915126243e-08, 4.07730773588e-08, 3.01519520463e-08, 1.85031474587e-08, 1.1350020479e-08],
        "dmean2": [6.96013230481e-05, 0.000191428684047, 0.000256048049778, 0.000297002785373, 0.000235529631027, 0.000256948493188, 0.000369740679162, 0.000549186137505, 0.000296482729027, 0.000248181138886, 0.000280882231891, 0.000291164615192, 0.000137128226925, 6.5530766733e-05, 7.77403620305e-05, 5.86641945119e-05, 3.31794217345e-05, 1.42288672578e-05, 1.26116756292e-05, 9.57483916864e-06, 1.33579887915e-05, 8.2425558503e-06, 5.84352665101e-06, 4.01320539822e-06, 5.68481345908e-06, 1.01541527329e-05, 3.73973807655e-06, 2.25844860324e-06, 7.84451628988e-07, 3.42347618698e-07, 1.35110610699e-07, 1.38166086572e-07, 2.29719731237e-07, 2.35826135508e-07, 2.33592189147e-07, 1.02492471399e-07, 6.49570068845e-08, 4.43431247277e-08, 2.43410358536e-08, 1.80396479976e-08],
        "dvar": [9.06491681718e-09, 7.93474583816e-08, 1.44074448372e-07, 4.33387555177e-07, 2.95304602105e-07, 2.26572026918e-07, 4.02598459459e-07, 7.59372028369e-07, 2.16294054667e-07, 1.03431929688e-07, 1.19508754892e-07, 1.50985599134e-07, 5.21208178839e-08, 8.98879104483e-09, 1.17114344889e-08, 4.07477562803e-09, 4.71106709199e-09, 5.14246589756e-10, 7.7076289795e-10, 4.18766799015e-10, 7.31401161858e-10, 1.31714666951e-10, 5.29228882939e-11, 2.21036054043e-11, 4.87138489269e-11, 1.39445455183e-10, 5.73536634851e-11, 3.51625673023e-11, 7.10717812727e-12, 4.08692177323e-12, 4.98169268424e-13, 4.62849485301e-13, 7.97148263197e-13, 6.99016202994e-13, 1.1573309585e-12, 2.42789783503e-13, 1.33605732272e-13, 4.43452376599e-14, 1.01379518455e-14, 6.05763447284e-15],
        "dvar2": [2.30539516366e-08, 1.59440602943e-07, 2.94611055551e-07, 9.42728661357e-07, 4.49567806982e-07, 5.06812284584e-07, 8.58541682192e-07, 1.74152069121e-06, 4.57748456029e-07, 2.65209394001e-07, 3.44717392409e-07, 4.25510307878e-07, 1.30488558625e-07, 2.49619258597e-08, 3.0610870283e-08, 1.22052625784e-08, 9.8487742406e-09, 1.27860544374e-09, 1.70735325877e-09, 7.35773719729e-10, 1.28804211741e-09, 2.88696233586e-10, 1.45219405945e-10, 5.51960838147e-11, 1.13830056492e-10, 3.41839639928e-10, 1.10400154296e-10, 6.33617325274e-11, 9.62636220736e-12, 5.78102322957e-12, 7.49015649851e-13, 6.19047022844e-13, 1.44654633324e-12, 1.35610869322e-12, 2.39212425909e-12, 3.99312906959e-13, 2.40695755428e-13, 1.00982956264e-13, 1.61768351264e-14, 1.44592522092e-14],
        "max": [0.00105697230902, 0.00373322120868, 0.00541001558304, 0.0081942062825, 0.00929050799459, 0.00553386518732, 0.00752290477976, 0.0109323486686, 0.00524284504354, 0.00347423832864, 0.00345930107869, 0.00371567206457, 0.00267019751482, 0.00108928664122, 0.00141468353104, 0.00066775479354, 0.000736598158255, 0.000233851300436, 0.000390865869122, 0.000401905213948, 0.000524974137079, 0.000152170920046, 8.59744832269e-05, 5.3386327636e-05, 8.56053811731e-05, 0.000137854280183, 9.62686390267e-05, 8.54086392792e-05, 5.89215997024e-05, 3.94884737034e-05, 1.35547270474e-05, 1.41380687637e-05, 1.84838809218e-05, 1.49290426634e-05, 2.0145180315e-05, 9.53001381276e-06, 6.66685582473e-06, 4.11716655435e-06, 2.21472214434e-06, 1.50785376718e-06],
        "mean": [6.77212447044e-05, 0.000235838160734, 0.000376238749595, 0.000273990590358, 0.000262100307737, 0.000228673103265, 0.000325635162881, 0.000495955871884, 0.00034366757609, 0.000223347116844, 0.000278835272184, 0.00030413386412, 0.000131857857923, 5.93433978793e-05, 6.81386663928e-05, 5.2609735576e-05, 2.81771899608e-05, 1.1577792975e-05, 9.88814372249e-06, 8.86332145456e-06, 1.19380429169e-05, 8.91783747647e-06, 6.09837024967e-06, 4.38226243205e-06, 6.2573571995e-06, 1.12543702926e-05, 3.35763866133e-06, 1.96345104087e-06, 7.57308612265e-07, 3.05321805172e-07, 1.13909443655e-07, 1.20950218729e-07, 1.6368993272e-07, 1.66109785482e-07, 1.45947367969e-07, 7.12995529284e-08, 4.42459970884e-08, 2.79807252923e-08, 2.03427763523e-08, 1.31508537393e-08],
        "median": [3.45548141922e-05, 0.000116241862997, 0.000137619965244, 8.5551488155e-05, 4.83547482872e-05, 3.45002772519e-05, 6.87329738867e-05, 7.87610479165e-05, 4.87835131935e-05, 2.3013277314e-05, 1.65829078469e-05, 9.99559688353e-06, 7.10489712219e-06, 2.901487278e-06, 8.83608663571e-06, 6.90846036377e-06, 3.23593349094e-06, 1.65966616805e-06, 1.1200231711e-06, 1.02883973341e-06, 1.55122631895e-06, 1.80992105925e-06, 1.13374403554e-06, 8.07290803095e-07, 1.34939750751e-06, 1.07173718789e-06, 1.5256486563e-07, 4.91634466471e-08, 3.51555584643e-08, 6.25501250795e-09, 2.04423100669e-09, 4.6244519325e-09, 9.94835858137e-09, 1.10377857965e-08, 7.0262577978e-09, 3.78231934661e-09, 2.52112974941e-09, 2.63208854712e-09, 2.44386200166e-09, 1.60770752267e-09],
        "min": [1.68038944304e-12, 3.73338783933e-13, 1.23881414567e-13, 1.33939531016e-13, 5.87513978439e-14, 5.85978273825e-14, 2.18218574043e-14, 8.56386732091e-15, 1.77102561403e-14, 2.7066461797e-14, 1.26173138438e-14, 2.50396695023e-14, 4.16004782163e-14, 6.34827205994e-14, 1.90120339719e-14, 3.7961756812e-14, 3.29135420904e-14, 7.15617818367e-15, 1.33156679449e-14, 5.16676206485e-14, 4.70247010277e-14, 1.73929965618e-14, 8.35052089732e-15, 2.36547333641e-14, 2.60595632394e-14, 1.63236089955e-14, 9.79399548251e-15, 2.67895819731e-14, 5.52367701546e-14, 5.73370967675e-14, 2.02233029449e-14, 1.31269303695e-14, 2.16756459651e-14, 3.29599527196e-14, 2.51833686418e-14, 1.7881082357e-14, 2.92265736894e-14, 8.12787879535e-14, 9.36447100419e-14, 4.08664292998e-14],
        "stdev": [0.000105409628304, 0.000404459686251, 0.00060003856197, 0.000743282609619, 0.000766065728385, 0.000571558484808, 0.000770298589487, 0.00117918127216, 0.000673678703606, 0.000434933841461, 0.000503653602209, 0.000611452094745, 0.00031510455301, 0.000139125462738, 0.000141418699059, 9.16234203032e-05, 8.20425557322e-05, 2.68903277174e-05, 3.1349441997e-05, 2.67840132437e-05, 3.64218394679e-05, 1.6488138499e-05, 1.08879512482e-05, 7.40037012292e-06, 1.09625452751e-05, 2.07521516131e-05, 1.06181905721e-05, 7.41283793104e-06, 3.69552776647e-06, 2.89188506031e-06, 1.0065451761e-06, 9.30054454784e-07, 1.03852107713e-06, 9.69411757978e-07, 1.15213026675e-06, 5.9615211967e-07, 4.09659094203e-07, 2.11079779433e-07, 1.28068577965e-07, 8.55326760529e-08],
        "var": [1.11111901901e-08, 1.63587628776e-07, 3.60046243486e-07, 5.524690323e-07, 5.86856685914e-07, 3.2667907135e-07, 5.93359914092e-07, 1.39046846925e-06, 4.53843000514e-07, 1.8916743727e-07, 2.53666939898e-07, 3.73873632498e-07, 9.92908724129e-08, 1.93558946648e-08, 1.99992502559e-08, 8.39485103654e-09, 6.73098066173e-09, 7.23089699228e-10, 9.82787407011e-10, 7.17383374926e-10, 1.32655042506e-09, 2.71858702217e-10, 1.18547491268e-10, 5.47654803451e-11, 1.20177395813e-10, 4.30651764249e-10, 1.12745972281e-10, 5.49501659453e-11, 1.36569262843e-11, 8.36299866164e-12, 1.01313326218e-12, 8.65001267229e-13, 1.07852594043e-12, 9.39759229636e-13, 1.32740411544e-12, 3.55397379278e-13, 1.67820577855e-13, 4.45546716383e-14, 1.64015597436e-14, 7.31583881203e-15]
    },
    "melbands128": {
