{
"lowlevel": {
    "average_loudness": 0.990279316902,
    "barkbands_crest": {
        "dmean": 3.70506906509,
        "dmean2": 6.61358261108,
        "dvar": 12.1994037628,
        "dvar2": 33.2399482727,
        "max": 24.5451602936,
        "mean": 9.05627346039,
        "median": 8.496509552,
        "min": 2.95718812943,
        "stdev": 3.92583751678,
        "var": 15.4121999741
    },
    "barkbands_flatness_db": {
        "dmean": 0.0418633818626,
        "dmean2": 0.065524674952,
        "dvar": 0.00174959131982,
        "dvar2": 0.00400718208402,
        "max": 0.394910186529,
        "mean": 0.161598056555,
        "median": 0.141208052635,
        "min": 0.032449554652,
        "stdev": 0.0703069269657,
        "var": 0.0049430639483
    },
    "barkbands_kurtosis": {
        "dmean": 8.12712192535,
        "dmean2": 13.7911901474,
        "dvar": 328.842651367,
        "dvar2": 896.350524902,
        "max": 116.636322021,
        "mean": 8.05765628815,
        "median": 3.58722925186,
        "min": -1.77281761169,
        "stdev": 16.0917663574,
        "var": 258.944946289
    },
    "barkbands_skewness": {
        "dmean": 1.00084042549,
        "dmean2": 1.68001019955,
        "dvar": 1.38940286636,
        "dvar2": 3.15650963783,
        "max": 10.0074806213,
        "mean": 1.86908268929,
        "median": 1.77558279037,
        "min": -0.57436478138,
        "stdev": 1.38544261456,
        "var": 1.91945135593
    },
    "barkbands_spread": {
        "dmean": 10.8318729401,
        "dmean2": 16.9923381805,
        "dvar": 293.830566406,
        "dvar2": 542.209411621,
        "max": 115.692329407,
        "mean": 21.6242256165,
        "median": 13.0758171082,
        "min": 0.526847958565,
        "stdev": 25.054479599,
        "var": 627.726928711
    },
    "dissonance": {
        "dmean": 0.0362415798008,
        "dmean2": 0.060323510319,
        "dvar": 0.0018498719437,
        "dvar2": 0.00449198018759,
        "max": 0.499999880791,
        "mean": 0.451393246651,
        "median": 0.474492907524,
        "min": 0.15676215291,
        "stdev": 0.0601444430649,
        "var": 0.00361735420302
    },
    "dynamic_complexity": 13.9513664246,
    "erbbands_crest": {
        "dmean": 3.27164363861,
        "dmean2": 5.56639671326,
        "dvar": 12.1878871918,
        "dvar2": 32.1505737305,
        "max": 25.0966701508,
        "mean": 8.04839611053,
        "median": 7.0920124054,
        "min": 2.52193665504,
        "stdev": 4.65775251389,
        "var": 21.6946563721
    },
    "erbbands_flatness_db": {
        "dmean": 0.0360465310514,
        "dmean2": 0.0564092136919,
        "dvar": 0.00139840412885,
        "dvar2": 0.00263714767061,
        "max": 0.42856451869,
        "mean": 0.179599702358,
        "median": 0.174893900752,
        "min": 0.0309702269733,
        "stdev": 0.0790213569999,
        "var": 0.00624437537044
    },
    "erbbands_kurtosis": {
        "dmean": 3.07685899734,
        "dmean2": 5.44946432114,
        "dvar": 29.7950305939,
        "dvar2": 88.614440918,
        "max": 36.1199989319,
        "mean": 2.29897785187,
        "median": 0.229036569595,
        "min": -1.39164733887,
        "stdev": 5.80556821823,
        "var": 33.7046203613
    },
    "erbbands_skewness": {
        "dmean": 0.705038785934,
        "dmean2": 1.18914926052,
        "dvar": 0.630225658417,
        "dvar2": 1.47217619419,
        "max": 3.84711050987,
        "mean": 0.771553456783,
        "median": 0.730979800224,
        "min": -1.3501945734,
        "stdev": 1.04652690887,
        "var": 1.09521853924
    },
    "erbbands_spread": {
        "dmean": 12.7545452118,
        "dmean2": 21.9237575531,
        "dvar": 163.496261597,
        "dvar2": 366.76940918,
        "max": 112.142311096,
        "mean": 35.7611351013,
        "median": 30.7329444885,
        "min": 1.36368703842,
        "stdev": 22.4310035706,
        "var": 503.149902344
    },
    "hfc": {
        "dmean": 8.29185295105,
        "dmean2": 15.0095357895,
        "dvar": 681.509887695,
        "dvar2": 1702.26696777,
        "max": 163.163818359,
        "mean": 7.02791118622,
        "median": 0.209325909615,
        "min": 1.49960987983e-06,
        "stdev": 24.1770133972,
        "var": 584.527954102
    },
    "loudness_ebu128": {
        "integrated": -30.0784454346,
        "loudness_range": 0,
        "momentary": {
            "dmean": 4.27355718613,
            "dmean2": 4.78826141357,
            "dvar": 20.6951961517,
            "dvar2": 28.4923229218,
            "max": -25.9203987122,
            "mean": -34.5917892456,
            "median": -33.1363792419,
            "min": -55.5355911255,
            "stdev": 7.39455604553,
            "var": 54.6794624329
        },
        "short_term": {
            "dmean": 0,
            "dmean2": 0,
            "dvar": 0,
            "dvar2": 0,
            "max": -32.3010139465,
            "mean": -32.3010139465,
            "median": -32.3010139465,
            "min": -32.3010139465,
            "stdev": 0,
            "var": 0
        }
    },
    "melbands_crest": {
        "dmean": 4.07076978683,
        "dmean2": 7.15145635605,
        "dvar": 9.21962738037,
        "dvar2": 24.3641834259,
        "max": 27.7708396912,
        "mean": 12.0341415405,
        "median": 11.6114082336,
        "min": 3.754529953,
        "stdev": 4.47175741196,
        "var": 19.9966125488
    },
    "melbands_flatness_db": {
        "dmean": 0.0539164729416,
        "dmean2": 0.0838135778904,
        "dvar": 0.00223252922297,
        "dvar2": 0.00445801112801,
        "max": 0.494059681892,
        "mean": 0.21729940176,
        "median": 0.211979180574,
        "min": 0.0443211644888,
        "stdev": 0.0954374372959,
        "var": 0.00910830404609
    },
    "melbands_kurtosis": {
        "dmean": 15.7399654388,
        "dmean2": 25.3321437836,
        "dvar": 2330.84716797,
        "dvar2": 5693.51757812,
        "max": 389.628997803,
        "mean": 15.8670978546,
        "median": 10.2688407898,
        "min": -1.36888885498,
        "stdev": 39.7821159363,
        "var": 1582.61682129
    },
    "melbands_skewness": {
        "dmean": 1.25958108902,
        "dmean2": 2.00367569923,
        "dvar": 2.73775172234,
        "dvar2": 6.83612823486,
        "max": 16.7258758545,
        "mean": 2.56513524055,
        "median": 2.33729577065,
        "min": -0.338160842657,
        "stdev": 1.99177527428,
        "var": 3.96716880798
    },
    "melbands_spread": {
        "dmean": 10.8499603271,
        "dmean2": 16.9657611847,
        "dvar": 208.189224243,
        "dvar2": 344.051147461,
        "max": 95.1612930298,
        "mean": 19.6746807098,
        "median": 12.493686676,
        "min": 0.982504606247,
        "stdev": 19.1168174744,
        "var": 365.452697754
    },
    "pitch_salience": {
        "dmean": 0.0918552726507,
        "dmean2": 0.155358970165,
        "dvar": 0.00864142179489,
        "dvar2": 0.0230052229017,
        "max": 0.846949338913,
        "mean": 0.676376640797,
        "median": 0.694565594196,
        "min": 0.195292532444,
        "stdev": 0.11726076901,
        "var": 0.0137500884011
    },
    "silence_rate_20dB": {
        "dmean": 0,
        "dmean2": 0,
        "dvar": 0,
        "dvar2": 0,
        "max": 1,
        "mean": 1,
        "median": 1,
        "min": 1,
        "stdev": 0,
        "var": 0
    },
    "silence_rate_30dB": {
        "dmean": 0.0206185560673,
        "dmean2": 0.0416666679084,
        "dvar": 0.0201934203506,
        "dvar2": 0.0399305783212,
        "max": 1,
        "mean": 0.979591846466,
        "median": 1,
        "min": 0,
        "stdev": 0.141391947865,
        "var": 0.0199916828424
    },
    "silence_rate_60dB": {
        "dmean": 0.123711340129,
        "dmean2": 0.25,
        "dvar": 0.108406886458,
        "dvar2": 0.229166671634,
        "max": 1,
        "mean": 0.744897961617,
        "median": 1,
        "min": 0,
        "stdev": 0.435918360949,
        "var": 0.190024808049
    },
    "spectral_centroid": {
        "dmean": 404.814056396,
        "dmean2": 653.743225098,
        "dvar": 242963.5,
        "dvar2": 391089.34375,
        "max": 3878.88964844,
        "mean": 1162.84985352,
        "median": 888.822509766,
        "min": 321.630828857,
        "stdev": 777.826477051,
        "var": 605014.0625
    },
    "spectral_complexity": {
        "dmean": 5.34020614624,
        "dmean2": 8.95833301544,
        "dvar": 81.2141265869,
        "dvar2": 206.352416992,
        "max": 57,
        "mean": 6.02040815353,
        "median": 1,
        "min": 0,
        "stdev": 10.9786233902,
        "var": 120.530174255
    },
    "spectral_decrease": {
        "dmean": 1.3144888511e-09,
        "dmean2": 2.16051820878e-09,
        "dvar": 1.63632819144e-17,
        "dvar2": 3.79262807164e-17,
        "max": -1.01863115174e-17,
        "mean": -1.23989862821e-09,
        "median": -7.93317703196e-11,
        "min": -3.22574251754e-08,
        "stdev": 4.03376088087e-09,
        "var": 1.62712266384e-17
    },
    "spectral_energy": {
        "dmean": 0.00570898875594,
        "dmean2": 0.00950995180756,
        "dvar": 0.00029330624966,
        "dvar2": 0.000677254283801,
        "max": 0.133633732796,
        "mean": 0.00531711149961,
        "median": 0.000320936029311,
        "min": 1.74464734326e-10,
        "stdev": 0.0171420592815,
        "var": 0.000293850171147
    },
    "spectral_energyband_high": {
        "dmean": 0.000505130679812,
        "dmean2": 0.000906432804186,
        "dvar": 3.96577570427e-06,
        "dvar2": 1.09257862277e-05,
        "max": 0.0153141310439,
        "mean": 0.000373762333766,
        "median": 2.96426924251e-06,
        "min": 9.65463334279e-11,
        "stdev": 0.00163475470617,
        "var": 2.67242307928e-06
    },
    "spectral_energyband_low": {
        "dmean": 0.000237247775658,
        "dmean2": 0.000442600954557,
        "dvar": 6.11210907664e-07,
        "dvar2": 1.77442223048e-06,
        "max": 0.00433613406494,
        "mean": 0.000151188345626,
        "median": 1.01337500382e-05,
        "min": 3.3539636346e-11,
        "stdev": 0.000597371836193,
        "var": 3.56853121275e-07
    },
    "spectral_energyband_middle_high": {
        "dmean": 0.00229149265215,
        "dmean2": 0.00440425192937,
        "dvar": 6.5415239078e-05,
        "dvar2": 0.000149440849782,
        "max": 0.0505376122892,
        "mean": 0.00200245412998,
        "median": 3.33191419486e-05,
        "min": 1.15251150637e-11,
        "stdev": 0.00777969136834,
        "var": 6.05235982221e-05
    },
    "spectral_energyband_middle_low": {
        "dmean": 0.00339322932996,
        "dmean2": 0.00552122900262,
        "dvar": 0.000102978498035,
        "dvar2": 0.000264585076366,
        "max": 0.0809125006199,
        "mean": 0.0029492629692,
        "median": 0.000253158737905,
        "min": 1.30675565854e-11,
        "stdev": 0.00940440502018,
        "var": 8.84428372956e-05
    },
    "spectral_entropy": {
        "dmean": 0.33131942153,
        "dmean2": 0.509198367596,
        "dvar": 0.127685770392,
        "dvar2": 0.213943228126,
        "max": 8.91017436981,
        "mean": 7.41140270233,
        "median": 7.60774707794,
        "min": 4.88216924667,
        "stdev": 0.800067007542,
        "var": 0.640107214451
    },
    "spectral_flux": {
        "dmean": 0.0196375604719,
        "dmean2": 0.0348185040057,
        "dvar": 0.00154208135791,
        "dvar2": 0.00340233184397,
        "max": 0.327743709087,
        "mean": 0.0409465953708,
        "median": 0.0175439808518,
        "min": 8.7416236056e-05,
        "stdev": 0.0579317882657,
        "var": 0.00335609191097
    },
    "spectral_kurtosis": {
        "dmean": 7.3415722847,
        "dmean2": 11.7061223984,
        "dvar": 288.772949219,
        "dvar2": 632.605407715,
        "max": 161.626022339,
        "mean": 10.569021225,
        "median": 4.82306814194,
        "min": 1.35160255432,
        "stdev": 19.1335220337,
        "var": 366.091674805
    },
    "spectral_rms": {
        "dmean": 0.000849252915941,
        "dmean2": 0.00141712336335,
        "dvar": 2.125967967e-06,
        "dvar2": 4.4656967475e-06,
        "max": 0.0114181600511,
        "mean": 0.00127631856594,
        "median": 0.000559490465093,
        "min": 4.12564531871e-07,
        "stdev": 0.00188638211694,
        "var": 3.55843735633e-06
    },
    "spectral_rolloff": {
        "dmean": 1375.90478516,
        "dmean2": 2339.26806641,
        "dvar": 9433428,
        "dvar2": 17263042,
        "max": 18238.6230469,
        "mean": 2134.42382812,
        "median": 861.328125,
        "min": 86.1328125,
        "stdev": 3479.47314453,
        "var": 12106734
    },
    "spectral_skewness": {
        "dmean": 0.633345603943,
        "dmean2": 1.03614127636,
        "dvar": 0.889035582542,
        "dvar2": 1.5526252985,
        "max": 9.97363567352,
        "mean": 2.14508342743,
        "median": 1.65052127838,
        "min": 0.813626945019,
        "stdev": 1.45918691158,
        "var": 2.12922644615
    },
    "spectral_spread": {
        "dmean": 1102063.75,
        "dmean2": 1704280.875,
        "dvar": 1.7188880384e+12,
        "dvar2": 3.04325276467e+12,
        "max": 11927662,
        "mean": 4505596,
        "median": 4002510,
        "min": 511989.71875,
        "stdev": 2390997,
        "var": 5.71686623642e+12
    },
    "spectral_strongpeak": {
        "dmean": 0.152280509472,
        "dmean2": 0.275107711554,
        "dvar": 0.0969531983137,
        "dvar2": 0.281300276518,
        "max": 2.04042077065,
        "mean": 0.156629562378,
        "median": 0.0692196190357,
        "min": 0,
        "stdev": 0.27626517415,
        "var": 0.0763224437833
    },
    "zerocrossingrate": {
        "dmean": 0.0197074338794,
        "dmean2": 0.021692911163,
        "dvar": 0.000646552769467,
        "dvar2": 0.00080212339526,
        "max": 0.31787109375,
        "mean": 0.0729033797979,
        "median": 0.05224609375,
        "min": 0.015625,
        "stdev": 0.0543067269027,
        "var": 0.00294922059402
    },
    "barkbands": {
        "dmean": [2.67172083568e-07, 4.33724926552e-06, 7.79066685936e-05, 0.000490538426675, 0.0011013771873, 0.000652660848573, 0.000601093459409, 0.000392691610614, 0.000273185170954, 0.000378067081328, 0.000140142976306, 0.000532667909283, 0.000522125279531, 0.000224700896069, 0.000185074517503, 0.000206434793654, 0.000200463284273, 0.000126490165712, 0.00012936697749, 0.000139952477184, 0.000179784314241, 7.55264991312e-05, 5.81927852181e-05, 4.07876141253e-05, 2.20400288526e-05, 7.42419142625e-05, 7.00084257232e-09],
        "dmean2": [4.72700634191e-07, 7.45391116652e-06, 0.000151849366375, 0.000932497147005, 0.00204378576018, 0.00118515500799, 0.00104984361678, 0.000664883060381, 0.000473705556942, 0.000668684893753, 0.000249748729402, 0.000941574398894, 0.000845936068799, 0.000358568155207, 0.000349859037669, 0.000398952979594, 0.000387341482565, 0.000228073055041, 0.00023660781153, 0.000265890528681, 0.000334717711667, 0.000133567300509, 9.37887598411e-05, 6.82597674313e-05, 3.47723071172e-05, 0.000118763593491, 1.28775505814e-08],
        "dvar": [7.54832502926e-13, 1.19439499957e-10, 6.76464324556e-08, 2.46836521001e-06, 1.47861528603e-05, 4.53403754364e-06, 2.35361039813e-06, 1.6608447595e-06, 7.65361903632e-07, 1.34712377076e-06, 1.37084043672e-07, 5.24059851159e-06, 6.87655347065e-06, 7.94595848674e-07, 3.89305512272e-07, 6.50882100217e-07, 5.68459768147e-07, 1.7327324997e-07, 2.49897794902e-07, 4.77582148051e-07, 6.82061624957e-07, 7.90050691535e-08, 3.59489398249e-08, 1.61676485533e-08, 4.39128378105e-09, 5.54781927065e-08, 1.35321750719e-15],
        "dvar2": [1.75744889561e-12, 3.29871935323e-10, 2.01434161795e-07, 6.90129263603e-06, 4.14020505559e-05, 1.30224298118e-05, 5.31571231477e-06, 3.5942505292e-06, 1.65177937106e-06, 3.02064108837e-06, 4.00392337951e-07, 1.14597651191e-05, 1.56563382916e-05, 1.95583425011e-06, 1.12441989586e-06, 1.88300600712e-06, 1.68177609794e-06, 5.00337932863e-07, 7.32162106942e-07, 1.40126178394e-06, 1.99992473426e-06, 2.27265559261e-07, 8.23257053639e-08, 4.43921770454e-08, 1.01358601512e-08, 1.28873935523e-07, 2.79644454701e-15],
        "max": [6.42275881546e-06, 7.09967353032e-05, 0.00143085094169, 0.00942836329341, 0.0287059377879, 0.0159686878324, 0.0100245960057, 0.0102031268179, 0.0065610492602, 0.00805336330086, 0.00216104206629, 0.0178999751806, 0.0213448274881, 0.0072724269703, 0.00418349774554, 0.00561283528805, 0.00504159927368, 0.0027540975716, 0.00358348945156, 0.00504911411554, 0.00603097071871, 0.00200799270533, 0.00156309443992, 0.00094553589588, 0.000500511203427, 0.00170734792482, 2.8549177955e-07],
        "mean": [2.11461397726e-07, 3.22567734656e-06, 4.59559159935e-05, 0.000306425208692, 0.00085627118824, 0.000541755754966, 0.000518228625879, 0.000345926760929, 0.00025988224661, 0.000323434418533, 0.000111685571028, 0.000427440711064, 0.000425301084761, 0.000169625564013, 0.000132548506372, 0.000142682663864, 0.000122216544696, 9.12587420316e-05, 8.27817784739e-05, 8.7657761469e-05, 0.000111049972475, 5.23257076566e-05, 5.07503864355e-05, 2.92278800771e-05, 1.84620148502e-05, 6.07790534559e-05, 8.02805377731e-09],
        "median": [6.33098551361e-09, 2.3668093263e-07, 2.34818890021e-06, 1.75391433004e-05, 5.56307277293e-05, 4.10960783483e-05, 4.20481483161e-05, 2.63574547716e-05, 8.72663440532e-06, 7.64682226873e-06, 3.5023736018e-06, 4.02223986384e-06, 2.08427786674e-06, 2.03062336368e-06, 1.37621032081e-06, 9.2099082849e-07, 9.36043988986e-07, 2.28059798246e-06, 7.15825194675e-07, 4.59680023823e-07, 1.12649468065e-06, 3.5640812257e-07, 3.77433195808e-07, 1.27645918724e-07, 2.8101107219e-08, 3.99988024924e-08, 2.20759943659e-09],
        "min": [1.93678198479e-11, 1.67504517201e-11, 5.57334733919e-12, 3.18951028783e-12, 1.59627508694e-12, 9.15028794922e-13, 1.72234947658e-12, 2.64588004284e-12, 2.50492096683e-12, 1.74136844267e-12, 4.85088206582e-13, 8.05252457596e-13, 5.17881093912e-13, 7.94037145063e-13, 1.33194312784e-12, 1.90206943078e-12, 3.58680560296e-13, 1.15144352386e-12, 1.71225338595e-12, 1.80313001943e-12, 4.83782198329e-12, 5.37017565833e-12, 3.9211099645e-12, 4.94750507923e-12, 2.46525595077e-11, 2.67016131428e-11, 2.66310237751e-11],
        "stdev": [8.62652086653e-07, 9.13708754524e-06, 0.00019325579342, 0.00123378261924, 0.00320966914296, 0.00175706238952, 0.00149808032438, 0.00126148073468, 0.000885973451659, 0.00112152949441, 0.000338601646945, 0.00222292100079, 0.00248453393579, 0.00082193070557, 0.000494868727401, 0.000621905433945, 0.000562529137824, 0.00033452588832, 0.000379850302124, 0.000513443781529, 0.000617202545982, 0.000222335685976, 0.000189230719116, 0.000111267203465, 6.64486215101e-05, 0.000230308840401, 3.67223940145e-08],
        "var": [7.44168669829e-13, 8.34863705945e-11, 3.73477995197e-08, 1.52221969074e-06, 1.03019756352e-05, 3.08726839648e-06, 2.24424479711e-06, 1.59133355737e-06, 7.84948952059e-07, 1.25782833038e-06, 1.14651072636e-07, 4.94137793794e-06, 6.1729092522e-06, 6.7557004968e-07, 2.44895062451e-07, 3.86766345173e-07, 3.16439013659e-07, 1.11907560552e-07, 1.44286261161e-07, 2.63624514218e-07, 3.80938985245e-07, 4.94331580114e-08, 3.58082665741e-08, 1.23803909347e-08, 4.41541914142e-09, 5.30421608858e-08, 1.34853426203e-15]
    },
    "erbbands": {
        "dmean": [6.63740429445e-05, 0.00236078118905, 0.0657728239894, 0.820920467377, 2.65845990181, 3.99722599983, 4.18889522552, 5.85331249237, 7.94331550598, 8.32386398315, 9.10512733459, 6.93666982651, 10.3268346786, 9.15169525146, 8.58206176758, 21.588344574, 24.4123363495, 11.630232811, 9.84293460846, 12.6664791107, 10.407494545, 11.7884836197, 7.26123094559, 7.73902368546, 5.52829456329, 6.65537977219, 6.60387802124, 6.96422958374, 3.51440358162, 1.56493616104, 1.73160266876, 0.974885225296, 0.623174250126, 0.277053922415, 0.153396338224, 0.172551676631, 0.168868750334, 0.0236558616161, 0.000386301893741, 2.14527444768e-05],
        "dmean2": [0.000114034490252, 0.0044099278748, 0.125848308206, 1.5378780365, 4.92410182953, 7.2914981842, 7.62768411636, 10.3265686035, 14.3245811462, 13.8945474625, 14.8879213333, 12.4885129929, 18.7504806519, 15.7786092758, 15.342010498, 39.6343460083, 39.9427604675, 21.7276611328, 16.401216507, 24.7074584961, 19.6002521515, 22.5647106171, 13.0832910538, 14.2227935791, 10.2384195328, 12.6065378189, 12.3322324753, 12.9258232117, 6.34070968628, 2.63795137405, 2.76668167114, 1.59691941738, 1.06103074551, 0.44341301918, 0.230128929019, 0.275345653296, 0.270341545343, 0.0392833612859, 0.000633918913081, 3.36268094543e-05],
        "dvar": [2.54154617352e-08, 4.6602137445e-05, 0.0470643825829, 7.09901714325, 61.9443016052, 198.75920105, 269.438781738, 287.87411499, 482.374450684, 464.91394043, 850.946105957, 522.188842773, 1211.04272461, 532.704711914, 590.963134766, 9715.7890625, 14826.5214844, 2498.56665039, 1134.63098145, 2464.75952148, 1442.34460449, 1870.28564453, 565.457641602, 991.383789062, 380.59866333, 1056.51550293, 981.473632812, 1036.27026367, 195.220153809, 17.088514328, 39.1520042419, 10.7781438828, 3.75948238373, 0.776469051838, 0.168267548084, 0.241218701005, 0.329712361097, 0.00649294536561, 1.68087910879e-06, 4.44486047968e-09],
        "dvar2": [6.74524969213e-08, 0.000131818655063, 0.138109698892, 20.1707210541, 174.767745972, 539.292724609, 775.754821777, 797.313659668, 973.869689941, 1167.96472168, 1933.95202637, 1109.28234863, 2540.95092773, 1361.78955078, 1651.90661621, 20137.0039062, 33469.3125, 5027.31933594, 2955.20019531, 7198.47265625, 4185.97412109, 5527.82080078, 1638.86755371, 2900.57202148, 1109.27600098, 3106.81054688, 2878.92578125, 3030.69433594, 562.223327637, 45.7850990295, 90.9348373413, 27.8768863678, 10.7965545654, 1.86856663227, 0.365361809731, 0.573601782322, 0.7507994771, 0.0153489112854, 3.95212055082e-06, 1.04022710445e-08],
        "max": [0.00103321450297, 0.0390832945704, 1.21835815907, 15.2404556274, 48.155620575, 106.513389587, 129.438354492, 125.967948914, 154.014755249, 145.485061646, 234.141937256, 166.366378784, 237.697998047, 154.962631226, 154.288818359, 745.937194824, 989.977661133, 364.985321045, 258.904663086, 349.716308594, 261.396270752, 286.805023193, 155.566970825, 223.818115234, 138.447265625, 236.5496521, 228.823913574, 235.276138306, 100.260688782, 26.3674240112, 53.325378418, 26.5935020447, 11.9294643402, 6.9195318222, 2.62725973129, 2.95410108566, 4.41285037994, 0.572026193142, 0.00930018723011, 0.000497770961374],
        "mean": [4.99416273669e-05, 0.00164626352489, 0.0407040864229, 0.525948166847, 1.79368829727, 3.12701630592, 3.86465239525, 4.6609544754, 7.34954881668, 6.92422676086, 7.46914815903, 6.75893688202, 8.99738407135, 7.50651693344, 6.65514373779, 18.5491867065, 19.8909187317, 10.2922639847, 7.34190750122, 8.69925498962, 7.03875494003, 7.28002071381, 5.21674060822, 4.89526510239, 3.71996998787, 4.13471508026, 4.11049222946, 4.32344436646, 2.37999415398, 1.27234828472, 1.48399996758, 0.734879016876, 0.456755161285, 0.223147958517, 0.133508890867, 0.140167564154, 0.143359199166, 0.0187020897865, 0.00030840880936, 1.82538788067e-05],
        "median": [4.8881784096e-06, 0.000165312419995, 0.00326900254004, 0.0340893492103, 0.107249975204, 0.194512009621, 0.245873689651, 0.334946155548, 0.467681229115, 0.779010951519, 0.490028321743, 0.223236173391, 0.218417868018, 0.215758174658, 0.109375178814, 0.15329003334, 0.109878227115, 0.102283008397, 0.0922768115997, 0.0775868296623, 0.0553690120578, 0.0715365931392, 0.132177531719, 0.0548386648297, 0.0347857102752, 0.0251766070724, 0.0378315486014, 0.0462836623192, 0.0199270937592, 0.0125078950077, 0.0113767012954, 0.00483354367316, 0.00172047014348, 0.000403340236517, 0.000224773946684, 7.17808870832e-05, 0.000121570614283, 1.97843273781e-05, 1.16153137242e-06, 4.34639218838e-07],
        "min": [7.71000263633e-10, 2.81973289162e-09, 6.22216633772e-09, 9.61178248104e-09, 8.13851475101e-09, 4.14343137578e-09, 5.4320246079e-09, 7.94491938905e-09, 1.73295333639e-08, 4.66588865322e-08, 5.39837969882e-08, 6.12921482457e-08, 5.21095593342e-08, 4.19876187152e-08, 2.9230253773e-08, 2.67972311008e-08, 2.5929706382e-08, 2.39248603151e-08, 8.3342811763e-08, 1.02875937102e-07, 5.7704205858e-08, 2.32166765812e-08, 5.87703929966e-08, 7.34415976922e-08, 7.85176865747e-08, 8.35394899923e-08, 1.68212935137e-07, 2.24745221544e-07, 1.69586030552e-07, 1.44435389871e-07, 1.20321288932e-07, 8.90965381473e-08, 1.15656220601e-07, 3.05931337152e-07, 1.50558278733e-07, 1.0198813527e-07, 5.32444630608e-08, 1.19204264237e-08, 3.50929441062e-09, 5.18065423893e-10],
        "stdev": [0.000142403354403, 0.00541479792446, 0.164344370365, 2.0735039711, 6.37474441528, 12.074420929, 13.8705177307, 14.608130455, 22.4486351013, 20.069021225, 27.9117412567, 23.2138175964, 34.256275177, 21.9770526886, 23.0664806366, 97.8461380005, 115.763153076, 50.387512207, 30.279624939, 37.9800033569, 29.3308048248, 32.4706001282, 19.0670509338, 23.8333721161, 15.0462312698, 24.0899486542, 23.3733673096, 24.1244087219, 10.901597023, 3.86976027489, 6.11185646057, 2.9522922039, 1.68159735203, 0.846227884293, 0.442784249783, 0.489116340876, 0.566347897053, 0.0756887868047, 0.00122890237253, 6.54302566545e-05],
        "var": [2.0278717372e-08, 2.93200355372e-05, 0.0270090717822, 4.2994184494, 40.6373634338, 145.791641235, 192.391265869, 213.397476196, 503.941253662, 402.765625, 779.065307617, 538.881286621, 1173.49243164, 482.990875244, 532.0625, 9573.8671875, 13401.1083984, 2538.90136719, 916.855712891, 1442.48071289, 860.296081543, 1054.33996582, 363.552459717, 568.029602051, 226.389068604, 580.325622559, 546.314331055, 581.987121582, 118.844818115, 14.9750442505, 37.3547897339, 8.71602916718, 2.82776975632, 0.716101646423, 0.196057885885, 0.239234805107, 0.320749938488, 0.00572879286483, 1.51020117301e-06, 4.28111857076e-09]
    },
    "gfcc": {
        "mean": [-258.996063232, 82.7743606567, -117.30015564, -1.88531398773, -77.4328842163, -16.8212871552, -42.8554420471, -13.1915969849, -28.838104248, -6.29528856277, -24.7807788849, -0.305576354265, -20.7476787567],
        "cov": [[44342.9335938, 579.527404785, -5505.48535156, -188.943252563, -2678.70483398, -1060.61914062, -2379.32080078, -1064.50317383, -1505.7434082, -491.385253906, -1070.01330566, 205.46206665, -1022.56610107], [579.527404785, 3388.33984375, -725.472229004, -678.603393555, -375.150970459, -506.941040039, 239.267974854, -525.753356934, 164.354888916, -319.025787354, 85.4359207153, -218.247909546, -18.1961212158], [-5505.48535156, -725.472229004, 1770.74230957, -60.5287399292, 374.549285889, 369.145751953, 198.63394165, 381.169708252, 91.0084228516, 81.8000335693, 60.2826690674, 92.8309402466, 49.2849159241], [-188.943252563, -678.603393555, -60.5287399292, 794.362915039, 294.753509521, 119.227249146, -16.4156913757, 31.1660079956, 49.7670211792, 50.4222793579, -9.41668605804, 56.7121200562, 38.3956184387], [-2678.70483398, -375.150970459, 374.549285889, 294.753509521, 511.899291992, 200.884140015, 159.639480591, 96.5546646118, 101.352752686, 69.6306762695, 39.0970153809, 17.958234787, 105.120399475], [-1060.61914062, -506.941040039, 369.145751953, 119.227249146, 200.884140015, 275.458251953, 63.2421188354, 119.29901886, 33.3814048767, 20.4295463562, -9.22593975067, 11.7667131424, 62.0309295654], [-2379.32080078, 239.267974854, 198.63394165, -16.4156913757, 159.639480591, 63.2421188354, 257.443817139, 8.69062519073, 121.323577881, -10.5888957977, 51.2327156067, -25.3901691437, 101.682983398], [-1064.50317383, -525.753356934, 381.169708252, 31.1660079956, 96.5546646118, 119.29901886, 8.69062519073, 197.031082153, 6.05396032333, 56.2407684326, 14.8423833847, 31.2659797668, 15.8615970612], [-1505.7434082, 164.354888916, 91.0084228516, 49.7670211792, 101.352752686, 33.3814048767, 121.323577881, 6.05396032333, 206.952896118, 27.0639705658, 48.9084854126, -44.1757545471, 78.1253356934], [-491.385253906, -319.025787354, 81.8000335693, 50.4222793579, 69.6306762695, 20.4295463562, -10.5888957977, 56.2407684326, 27.0639705658, 134.718795776, 23.2623329163, 15.3122711182, -1.56390929222], [-1070.01330566, 85.4359207153, 60.2826690674, -9.41668605804, 39.0970153809, -9.22593975067, 51.2327156067, 14.8423833847, 48.9084854126, 23.2623329163, 108.699401855, -3.29193639755, 33.4659690857], [205.46206665, -218.247909546, 92.8309402466, 56.7121200562, 17.958234787, 11.7667131424, -25.3901691437, 31.2659797668, -44.1757545471, 15.3122711182, -3.29193639755, 80.4639663696, -5.95762968063], [-1022.56610107, -18.1961212158, 49.2849159241, 38.3956184387, 105.120399475, 62.0309295654, 101.682983398, 15.8615970612, 78.1253356934, -1.56390929222, 33.4659690857, -5.95762968063, 117.028297424]],
        "icov": [[0.000143479410326, -0.000158989263582, 0.000388904823922, -1.62125434144e-05, 0.000295390811516, -0.000560048269108, 0.000821726629511, -0.000158960348926, 0.00011031680333, -7.52892519813e-05, 0.000715756614227, -0.000786970544141, 9.01982566575e-05], [-0.000158989263582, 0.00159794720821, -0.00061715830816, 0.000774394895416, -0.000668251770549, 0.00219343136996, -0.00180938327685, 0.00264664273709, -0.00122573715635, 0.00237362179905, -0.00168153725099, 0.0020122891292, 0.000949415261857], [0.000388904823922, -0.00061715830816, 0.00266636675224, 0.000503448885866, 0.000230313627981, -0.00287602422759, 0.00146637426224, -0.00285320403054, -0.000494541658554, 8.53130186442e-05, 0.00168626522645, -0.0042223399505, 0.00207842024975], [-1.62125434144e-05, 0.000774394895416, 0.000503448885866, 0.00261132023297, -0.00179596291855, 0.000174703018274, 0.000294529047096, 0.00111959711649, -0.00186768150888, 0.00157905020751, -0.000404524966143, -0.00149020191748, 0.00133068277501], [0.000295390811516, -0.000668251770549, 0.000230313627981, -0.00179596291855, 0.00549463415518, -0.00296212243848, -4.48760438303e-05, -0.000335334247211, 0.00119297148194, -0.00260933558457, 0.00147549039684, -0.00115203752648, -0.00162348663434], [-0.000560048269108, 0.00219343136996, -0.00287602422759, 0.000174703018274, -0.00296212243848, 0.0119733875617, -0.00363969313912, 0.00105291011278, -0.000562116445508, 0.00337018887512, -0.00133976223879, 0.00670595699921, -0.00291989417747], [0.000821726629511, -0.00180938327685, 0.00146637426224, 0.000294529047096, -4.48760438303e-05, -0.00363969313912, 0.0141034750268, -0.000782552582677, -0.000914372329134, -0.000298865139484, 0.00366941536777, -0.00424817809835, -0.00465318234637], [-0.000158960348926, 0.00264664273709, -0.00285320403054, 0.00111959711649, -0.000335334247211, 0.00105291011278, -0.000782552582677, 0.0157957151532, -0.000990199623629, 0.000780001166277, -0.00313395541161, 0.00279188761488, -0.000151233645738], [0.00011031680333, -0.00122573715635, -0.000494541658554, -0.00186768150888, 0.00119297148194, -0.000562116445508, -0.000914372329134, -0.000990199623629, 0.0109504396096, -0.00449987314641, 9.41166363191e-05, 0.00466427672654, -0.00541043328121], [-7.52892519813e-05, 0.00237362179905, 8.53130186442e-05, 0.00157905020751, -0.00260933558457, 0.00337018887512, -0.000298865139484, 0.000780001166277, -0.00449987314641, 0.0141612868756, -0.00351488799788, 0.000103487189335, 0.00407227873802], [0.000715756614227, -0.00168153725099, 0.00168626522645, -0.000404524966143, 0.00147549039684, -0.00133976223879, 0.00366941536777, -0.00313395541161, 9.41166363191e-05, -0.00351488799788, 0.0161188673228, -0.00464279996231, -0.00291906250641], [-0.000786970544141, 0.0020122891292, -0.0042223399505, -0.00149020191748, -0.00115203752648, 0.00670595699921, -0.00424817809835, 0.00279188761488, 0.00466427672654, 0.000103487189335, -0.00464279996231, 0.0247209798545, -0.00402954872698], [9.01982566575e-05, 0.000949415261857, 0.00207842024975, 0.00133068277501, -0.00162348663434, -0.00291989417747, -0.00465318234637, -0.000151233645738, -0.00541043328121, 0.00407227873802, -0.00291906250641, -0.00402954872698, 0.0195342414081]]
    },
    "melbands": {
        "dmean": [7.26378630134e-07, 2.90119751298e-05, 0.000205522388569, 0.000230833335081, 0.000163500095368, 0.000132642133394, 0.000124886500998, 8.68260394782e-05, 6.96143470122e-05, 4.181402619e-05, 5.13858685736e-05, 3.97346266254e-05, 2.24012874241e-05, 4.78650581499e-05, 6.32894734736e-05, 5.79345723963e-05, 2.05997675948e-05, 1.63846743817e-05, 1.73542557604e-05, 1.58991042554e-05, 1.12164316306e-05, 1.30534244818e-05, 7.58100759413e-06, 6.09793369222e-06, 6.50493711873e-06, 3.92516631109e-06, 3.91775984099e-06, 4.7205521696e-06, 3.85867588193e-06, 4.68491725769e-06, 3.78120216737e-06, 2.16801549868e-06, 9.65412482401e-07, 8.93962351256e-07, 1.03700267573e-06, 7.05088154973e-07, 6.20343485025e-07, 4.56455893527e-07, 3.3584223047e-07, 1.98349283664e-07],
        "dmean2": [1.21756306726e-06, 5.5029970099e-05, 0.000387012056308, 0.000428708648542, 0.000297566031804, 0.000234238817939, 0.000218962944928, 0.000145914120367, 0.000116062503366, 7.47527083149e-05, 9.57262236625e-05, 6.91808745614e-05, 4.05099526688e-05, 8.72959208209e-05, 0.00010647711315, 9.81373959803e-05, 3.51567978214e-05, 2.75913644145e-05, 3.33640382451e-05, 3.06043257297e-05, 2.06499316846e-05, 2.52419631579e-05, 1.40244001159e-05, 1.10952314571e-05, 1.21016937555e-05, 7.1814642979e-06, 7.32989565222e-06, 9.00254872249e-06, 7.17239345249e-06, 8.75133719092e-06, 6.960992323e-06, 3.95267943532e-06, 1.68753820162e-06, 1.48011702095e-06, 1.66169229487e-06, 1.08656979592e-06, 1.09836787487e-06, 7.94990171471e-07, 5.47984029708e-07, 3.05538634393e-07],
        "dvar": [3.05407392084e-12, 9.23442566858e-09, 4.11129605027e-07, 5.62186471598e-07, 4.1134629214e-07, 1.52352455984e-07, 1.12812081454e-07, 5.34859303514e-08, 5.1640832055e-08, 1.84181683238e-08, 3.12921173418e-08, 1.03766994997e-08, 3.76252140555e-09, 3.20673976262e-08, 1.0399193684e-07, 8.91267006864e-08, 6.41036290716e-09, 4.40137171154e-09, 4.44127179478e-09, 3.98985067207e-09, 1.5048755575e-09, 2.37424124805e-09, 6.97992330601e-10, 3.74867914488e-10, 7.69502739306e-10, 1.77762207731e-10, 2.52373566489e-10, 5.78070757928e-10, 3.33450267398e-10, 5.12820286236e-10, 2.8674262964e-10, 8.40788619283e-11, 7.03316745121e-12, 5.88939660928e-12, 1.44040014291e-11, 5.32440107628e-12, 5.72536245844e-12, 2.13985166392e-12, 1.2484410207e-12, 3.82295296765e-13],
        "dvar2": [8.14283016015e-12, 2.70794231483e-08, 1.15856005323e-06, 1.54708595801e-06, 1.17253443932e-06, 4.15473692783e-07, 2.43281903067e-07, 1.26970135739e-07, 1.12638225858e-07, 3.96006463177e-08, 6.52937117707e-08, 2.680361888e-08, 1.08849045333e-08, 7.29555438284e-08, 2.27504258987e-07, 2.325226518e-07, 1.40244926783e-08, 1.16777725268e-08, 1.3052008363e-08, 1.15578417947e-08, 4.36275238158e-09, 7.02725877488e-09, 2.04544048366e-09, 1.0742252643e-09, 2.24998997211e-09, 5.19019660583e-10, 7.3320466365e-10, 1.70401426303e-09, 9.75679204096e-10, 1.51069456944e-09, 8.33832336511e-10, 2.42075165469e-10, 2.02569159363e-11, 1.51425556122e-11, 3.42861745939e-11, 1.11611249756e-11, 1.61305673679e-11, 6.4413253377e-12, 3.14026213886e-12, 8.89161791071e-13],
        "max": [1.17921435958e-05, 0.000532556907274, 0.0035282257013, 0.0054149851203, 0.00500787328929, 0.00294725154527, 0.00239661405794, 0.00165233190637, 0.00180956500117, 0.000985311809927, 0.00115098478273, 0.000683583028149, 0.000324278924381, 0.00128561619204, 0.00258616381325, 0.00239663012326, 0.000637398916297, 0.000533505051862, 0.000461819989141, 0.000445462064818, 0.000261763547314, 0.000326171895722, 0.000169218415977, 0.00012355860963, 0.000197906672838, 9.4327617262e-05, 0.000115486654977, 0.000174503700691, 0.000133809982799, 0.000164960045367, 0.000123657431686, 6.61670928821e-05, 1.56646183314e-05, 1.46942702486e-05, 3.20841863868e-05, 1.98991383513e-05, 1.80741317308e-05, 8.36430626805e-06, 8.8208271336e-06, 4.7171197366e-06],
        "mean": [5.72620479034e-07, 1.82209241757e-05, 0.000132736357045, 0.000173411317519, 0.000143998375279, 0.000108593732875, 0.00011054398783, 7.43485870771e-05, 5.91051320953e-05, 4.01704382966e-05, 4.53236316389e-05, 3.16803852911e-05, 1.81396389962e-05, 3.75691161025e-05, 5.39803550055e-05, 3.9579172153e-05, 1.65131150425e-05, 1.2113635421e-05, 1.19095539048e-05, 1.07707537609e-05, 7.41050416764e-06, 7.9407782323e-06, 5.02066359331e-06, 4.44597526439e-06, 4.01564057029e-06, 2.64598156718e-06, 2.6113284548e-06, 2.86752174361e-06, 2.40325653067e-06, 2.8741233109e-06, 2.34260301113e-06, 1.43553268117e-06, 7.33237584427e-07, 7.39193353638e-07, 8.64895298491e-07, 6.42738768875e-07, 4.06743509984e-07, 3.23734354879e-07, 2.66922683068e-07, 1.60156119478e-07],
        "median": [5.02439618799e-08, 1.32660215968e-06, 8.68526421982e-06, 1.38105497172e-05, 9.86911436485e-06, 7.78859339334e-06, 7.80643222242e-06, 8.37654624775e-06, 3.28397595695e-06, 1.22639448819e-06, 1.136111905e-06, 9.3637476084e-07, 3.75475224246e-07, 4.68541088594e-07, 3.3092396734e-07, 1.898148696e-07, 1.85049501056e-07, 1.66265820667e-07, 1.01445380096e-07, 7.90884797652e-08, 5.97898548449e-08, 5.72436107404e-08, 1.02445838479e-07, 1.00701520012e-07, 3.31798304387e-08, 2.45590729975e-08, 1.88746511753e-08, 1.67938658535e-08, 1.94056006819e-08, 2.25532872378e-08, 2.39888091613e-08, 1.29669999183e-08, 9.12056741242e-09, 6.49096243421e-09, 5.56685542108e-09, 5.17545206691e-09, 1.51948675864e-09, 1.02918928935e-09, 4.10183276234e-10, 1.67296482223e-10],
        "min": [6.69590511509e-12, 3.36373984222e-12, 1.61608899006e-12, 4.13760090643e-13, 1.79189440521e-13, 1.82279606448e-13, 2.85693506612e-13, 5.51008511821e-13, 4.3375882313e-13, 3.72246423139e-13, 2.58641578207e-13, 1.81852037769e-13, 7.65353763438e-14, 1.07184457165e-13, 6.10656002761e-14, 3.90214898967e-14, 4.12668353265e-14, 1.41852377284e-13, 8.86968179025e-14, 1.77825934316e-13, 4.35279186284e-14, 1.8057444781e-14, 5.2343363205e-14, 4.46026679132e-14, 5.95530366015e-14, 7.79466823118e-14, 5.03482685773e-14, 4.92529601088e-14, 1.09156722561e-13, 6.61425192503e-14, 1.72577935015e-13, 8.9838889366e-14, 1.04244344819e-13, 7.16717334895e-14, 8.84412172403e-14, 3.29276502711e-14, 6.0566359057e-14, 4.75264596287e-14, 1.69168932335e-13, 2.8056954004e-13],
        "stdev": [1.54482961534e-06, 7.27796432329e-05, 0.000506582146045, 0.000630620284937, 0.000538825639524, 0.000340629252605, 0.000334136449965, 0.000221907394007, 0.000221747002797, 0.000137720926432, 0.000173366293893, 9.46218642639e-05, 5.7689332607e-05, 0.000172298896359, 0.000313435710268, 0.000253037229413, 7.8456083429e-05, 5.77683822485e-05, 5.08754346811e-05, 4.8494010116e-05, 3.00780884572e-05, 3.63831750292e-05, 2.04392490559e-05, 1.58289312822e-05, 2.08643868973e-05, 1.03728862086e-05, 1.2098615116e-05, 1.7712760382e-05, 1.36752769322e-05, 1.67887828866e-05, 1.28015981318e-05, 7.08750758349e-06, 2.29750776271e-06, 2.31506464843e-06, 3.62710034096e-06, 2.45768887908e-06, 1.91152048501e-06, 1.21514892726e-06, 1.04774073861e-06, 6.08720085893e-07],
        "var": [2.38649855086e-12, 5.29687627093e-09, 2.56625497741e-07, 3.97681930053e-07, 2.9033304827e-07, 1.16028296304e-07, 1.11647167955e-07, 4.92428888776e-08, 4.91717351281e-08, 1.89670519291e-08, 3.00558724575e-08, 8.95329765882e-09, 3.32805916159e-09, 2.96869089311e-08, 9.82419479101e-08, 6.40278443598e-08, 6.15535755699e-09, 3.33718586099e-09, 2.58830978872e-09, 2.35166885965e-09, 9.04691377368e-10, 1.32373545458e-09, 4.17762879845e-10, 2.50555048931e-10, 4.35322639047e-10, 1.0759677177e-10, 1.46376494259e-10, 3.13741893576e-10, 1.87013210473e-10, 2.81863254958e-10, 1.63880922721e-10, 5.02327623941e-11, 5.27854236015e-12, 5.35952445618e-12, 1.31558574798e-11, 6.04023428497e-12, 3.65391094118e-12, 1.47658686493e-12, 1.09776066275e-12, 3.7054015997e-13]
    },
    "melbands128": {
