{
"lowlevel": {
    "average_loudness": 0.99068403244,
    "barkbands_crest": {
        "dmean": 4.93125677109,
        "dmean2": 7.77726125717,
        "dvar": 17.0027503967,
        "dvar2": 35.4432029724,
        "max": 26.3424167633,
        "mean": 19.5193386078,
        "median": 21.3110961914,
        "min": 3.54223155975,
        "stdev": 6.66625976562,
        "var": 44.4390220642
    },
    "barkbands_flatness_db": {
        "dmean": 0.0765791907907,
        "dmean2": 0.0988044291735,
        "dvar": 0.00313222012483,
        "dvar2": 0.00789861753583,
        "max": 0.410398006439,
        "mean": 0.217452213168,
        "median": 0.20921690762,
        "min": 0.0306055303663,
        "stdev": 0.0965548455715,
        "var": 0.00932283792645
    },
    "barkbands_kurtosis": {
        "dmean": 88.1727294922,
        "dmean2": 138.999481201,
        "dvar": 15398.5898438,
        "dvar2": 41462.2265625,
        "max": 588.130065918,
        "mean": 83.0967025757,
        "median": 29.1529350281,
        "min": -1.87306010723,
        "stdev": 118.409515381,
        "var": 14020.8134766
    },
    "barkbands_skewness": {
        "dmean": 4.28626537323,
        "dmean2": 5.96499347687,
        "dvar": 17.3206958771,
        "dvar2": 41.9326820374,
        "max": 23.5841217041,
        "mean": 6.88566875458,
        "median": 5.40062236786,
        "min": -0.880639255047,
        "stdev": 5.67800521851,
        "var": 32.2397422791
    },
    "barkbands_spread": {
        "dmean": 19.8739471436,
        "dmean2": 28.9982223511,
        "dvar": 519.666748047,
        "dvar2": 887.069946289,
        "max": 109.070037842,
        "mean": 26.8919429779,
        "median": 14.2540588379,
        "min": 0.891919374466,
        "stdev": 30.6743621826,
        "var": 940.916503906
    },
    "dissonance": {
        "dmean": 0.0105744218454,
        "dmean2": 0.0182815324515,
        "dvar": 5.60470798519e-05,
        "dvar2": 0.000135083231726,
        "max": 0.499085277319,
        "mean": 0.485825538635,
        "median": 0.488449037075,
        "min": 0.454750090837,
        "stdev": 0.0100993188098,
        "var": 0.000101996243757
    },
    "dynamic_complexity": 15.2747926712,
    "erbbands_crest": {
        "dmean": 1.82561457157,
        "dmean2": 3.07375407219,
        "dvar": 4.03330278397,
        "dvar2": 8.83417320251,
        "max": 13.4686527252,
        "mean": 4.21449613571,
        "median": 3.19732618332,
        "min": 2.05976748466,
        "stdev": 2.54105186462,
        "var": 6.45694494247
    },
    "erbbands_flatness_db": {
        "dmean": 0.0158341415226,
        "dmean2": 0.0207059904933,
        "dvar": 0.000633526185993,
        "dvar2": 0.000693014357239,
        "max": 0.254882961512,
        "mean": 0.0578266642988,
        "median": 0.0356230512261,
        "min": 0.0215132068843,
        "stdev": 0.0548346377909,
        "var": 0.00300683733076
    },
    "erbbands_kurtosis": {
        "dmean": 1.13214290142,
        "dmean2": 1.7662986517,
        "dvar": 5.39282274246,
        "dvar2": 13.8236322403,
        "max": 12.0508852005,
        "mean": -0.218216523528,
        "median": -1.01392507553,
        "min": -1.3175714016,
        "stdev": 2.37617588043,
        "var": 5.64621162415
    },
    "erbbands_skewness": {
        "dmean": 0.357192903757,
        "dmean2": 0.513696789742,
        "dvar": 0.170619979501,
        "dvar2": 0.376880556345,
        "max": 0.212168484926,
        "mean": -0.433211624622,
        "median": -0.280756294727,
        "min": -2.32343769073,
        "stdev": 0.534691870213,
        "var": 0.2858954072
    },
    "erbbands_spread": {
        "dmean": 13.0315999985,
        "dmean2": 20.1684856415,
        "dvar": 161.339706421,
        "dvar2": 282.449432373,
        "max": 122.126113892,
        "mean": 76.3537979126,
        "median": 80.9730529785,
        "min": 10.1980037689,
        "stdev": 27.67253685,
        "var": 765.769348145
    },
    "hfc": {
        "dmean": 142.381088257,
        "dmean2": 288.144134521,
        "dvar": 425550.3125,
        "dvar2": 1277710.875,
        "max": 3194.3034668,
        "mean": 71.4939193726,
        "median": 0.105300158262,
        "min": 0.0161754507571,
        "stdev": 465.560760498,
        "var": 216746.828125
    },
    "loudness_ebu128": {
        "integrated": -48.2713737488,
        "loudness_range": 0,
        "momentary": {
            "dmean": 5.08307647705,
            "dmean2": 3.79793810844,
            "dvar": 61.5797309875,
            "dvar2": 24.9518356323,
            "max": -48.2713699341,
            "mean": -76.2929458618,
            "median": -81.9039611816,
            "min": -82.7926635742,
            "stdev": 11.3666810989,
            "var": 129.201446533
        },
        "short_term": {
            "dmean": 0,
            "dmean2": 0,
            "dvar": 0,
            "dvar2": 0,
            "max": -57.0199050903,
            "mean": -57.0199050903,
            "median": -57.0199050903,
            "min": -57.0199050903,
            "stdev": 0,
            "var": 0
        }
    },
    "melbands_crest": {
        "dmean": 5.64156675339,
        "dmean2": 8.15486907959,
        "dvar": 35.5022850037,
        "dvar2": 68.4801101685,
        "max": 39.4442253113,
        "mean": 30.561504364,
        "median": 34.8658332825,
        "min": 5.26709699631,
        "stdev": 9.31902599335,
        "var": 86.84425354
    },
    "melbands_flatness_db": {
        "dmean": 0.063475266099,
        "dmean2": 0.092563085258,
        "dvar": 0.00357976858504,
        "dvar2": 0.00676381913945,
        "max": 0.423085063696,
        "mean": 0.241128355265,
        "median": 0.264011025429,
        "min": 0.0250858850777,
        "stdev": 0.0964752137661,
        "var": 0.00930746644735
    },
    "melbands_kurtosis": {
        "dmean": 163.844497681,
        "dmean2": 296.119049072,
        "dvar": 90614.2421875,
        "dvar2": 264357.375,
        "max": 1201.9173584,
        "mean": 166.751419067,
        "median": 94.3578796387,
        "min": -1.74772202969,
        "stdev": 244.450576782,
        "var": 59756.0859375
    },
    "melbands_skewness": {
        "dmean": 4.8301653862,
        "dmean2": 7.73478984833,
        "dvar": 39.6264801025,
        "dvar2": 110.433937073,
        "max": 31.362865448,
        "mean": 9.52811145782,
        "median": 8.9739112854,
        "min": -0.232742518187,
        "stdev": 6.82659387589,
        "var": 46.6023864746
    },
    "melbands_spread": {
        "dmean": 20.7019920349,
        "dmean2": 28.0520744324,
        "dvar": 1591.80541992,
        "dvar2": 3021.23657227,
        "max": 217.823638916,
        "mean": 29.1506328583,
        "median": 6.72185850143,
        "min": 0.617619395256,
        "stdev": 51.2364273071,
        "var": 2625.17163086
    },
    "pitch_salience": {
        "dmean": 0.110343538225,
        "dmean2": 0.151673182845,
        "dvar": 0.0117336614057,
        "dvar2": 0.0138360913843,
        "max": 0.802404761314,
        "mean": 0.231454759836,
        "median": 0.156067967415,
        "min": 0.0375537127256,
        "stdev": 0.198644399643,
        "var": 0.0394595973194
    },
    "silence_rate_20dB": {
        "dmean": 0,
        "dmean2": 0,
        "dvar": 0,
        "dvar2": 0,
        "max": 1,
        "mean": 1,
        "median": 1,
        "min": 1,
        "stdev": 0,
        "var": 0
    },
    "silence_rate_30dB": {
        "dmean": 0.0444444455206,
        "dmean2": 0.0681818202138,
        "dvar": 0.042469125241,
        "dvar2": 0.0635329931974,
        "max": 1,
        "mean": 0.934782624245,
        "median": 1,
        "min": 0,
        "stdev": 0.246909216046,
        "var": 0.0609641596675
    },
    "silence_rate_60dB": {
        "dmean": 0.0888888910413,
        "dmean2": 0.159090906382,
        "dvar": 0.0809876173735,
        "dvar2": 0.179235637188,
        "max": 1,
        "mean": 0.869565188885,
        "median": 1,
        "min": 0,
        "stdev": 0.336780965328,
        "var": 0.113421410322
    },
    "spectral_centroid": {
        "dmean": 463.986541748,
        "dmean2": 586.591430664,
        "dvar": 243850.9375,
        "dvar2": 390454.46875,
        "max": 4621.70947266,
        "mean": 2478.71704102,
        "median": 2264.5078125,
        "min": 1533.47717285,
        "stdev": 809.073303223,
        "var": 654599.625
    },
    "spectral_complexity": {
        "dmean": 1.9333332777,
        "dmean2": 3.45454549789,
        "dvar": 47.6622276306,
        "dvar2": 92.3842697144,
        "max": 38,
        "mean": 1.78260874748,
        "median": 0,
        "min": 0,
        "stdev": 7.17760372162,
        "var": 51.5179977417
    },
    "spectral_decrease": {
        "dmean": 4.81280437725e-09,
        "dmean2": 9.62135082716e-09,
        "dvar": 4.0598752383e-16,
        "dvar2": 1.21306870629e-15,
        "max": -1.18922477118e-13,
        "mean": -2.59273980063e-09,
        "median": -2.24042825958e-10,
        "min": -9.98423814735e-08,
        "stdev": 1.45161207499e-08,
        "var": 2.10717749482e-16
    },
    "spectral_energy": {
        "dmean": 0.0310316197574,
        "dmean2": 0.0623818263412,
        "dvar": 0.0182784777135,
        "dvar2": 0.054730143398,
        "max": 0.66656088829,
        "mean": 0.016270307824,
        "median": 0.000854789512232,
        "min": 1.91600179278e-06,
        "stdev": 0.0969899743795,
        "var": 0.00940705556422
    },
    "spectral_energyband_high": {
        "dmean": 0.0165682733059,
        "dmean2": 0.0335263088346,
        "dvar": 0.00575647037476,
        "dvar2": 0.0172884296626,
        "max": 0.371373802423,
        "mean": 0.00831769220531,
        "median": 6.37860466668e-06,
        "min": 1.06742390926e-06,
        "stdev": 0.05412581563,
        "var": 0.0029296039138
    },
    "spectral_energyband_low": {
        "dmean": 0.000829036696814,
        "dmean2": 0.00157972902525,
        "dvar": 2.62405046669e-06,
        "dvar2": 7.60535795052e-06,
        "max": 0.00753046711907,
        "mean": 0.000645567313768,
        "median": 0.000268561358098,
        "min": 2.75610318567e-07,
        "stdev": 0.00132528075483,
        "var": 1.75636898803e-06
    },
    "spectral_energyband_middle_high": {
        "dmean": 0.0115478476509,
        "dmean2": 0.0233081225306,
        "dvar": 0.00278679607436,
        "dvar2": 0.00834177993238,
        "max": 0.259756922722,
        "mean": 0.00583472056314,
        "median": 2.33130413108e-06,
        "min": 1.73991310248e-07,
        "stdev": 0.0378648154438,
        "var": 0.00143374421168
    },
    "spectral_energyband_middle_low": {
        "dmean": 0.0016138079809,
        "dmean2": 0.00319596822374,
        "dvar": 5.25088253198e-05,
        "dvar2": 0.000155416957568,
        "max": 0.0362982191145,
        "mean": 0.000844648282509,
        "median": 5.08033099322e-06,
        "min": 1.11743752029e-07,
        "stdev": 0.00529261259362,
        "var": 2.80117492366e-05
    },
    "spectral_entropy": {
        "dmean": 0.104798108339,
        "dmean2": 0.1484695822,
        "dvar": 0.0106424978003,
        "dvar2": 0.0254335459322,
        "max": 8.89987564087,
        "mean": 8.51265144348,
        "median": 8.55965518951,
        "min": 7.77209281921,
        "stdev": 0.17241294682,
        "var": 0.0297262258828
    },
    "spectral_flux": {
        "dmean": 0.045953463763,
        "dmean2": 0.0851546823978,
        "dvar": 0.018871596083,
        "dvar2": 0.0339981652796,
        "max": 0.766615450382,
        "mean": 0.0566062889993,
        "median": 0.0167151317,
        "min": 0.00302634574473,
        "stdev": 0.149396985769,
        "var": 0.0223194602877
    },
    "spectral_kurtosis": {
        "dmean": 0.411950141191,
        "dmean2": 0.65968978405,
        "dvar": 0.129828944802,
        "dvar2": 0.331919401884,
        "max": 3.52506494522,
        "mean": 1.96322977543,
        "median": 1.86481142044,
        "min": 1.13433742523,
        "stdev": 0.470796823502,
        "var": 0.22164966166
    },
    "spectral_rms": {
        "dmean": 0.00158722978085,
        "dmean2": 0.00283799599856,
        "dvar": 2.10537182284e-05,
        "dvar2": 6.08747395745e-05,
        "max": 0.0255010463297,
        "mean": 0.00157242338173,
        "median": 0.000913191703148,
        "min": 4.32350570918e-05,
        "stdev": 0.0036607326474,
        "var": 1.34009633257e-05
    },
    "spectral_rolloff": {
        "dmean": 1157.05065918,
        "dmean2": 1656.58837891,
        "dvar": 9395976,
        "dvar2": 11873836,
        "max": 17614.1601562,
        "mean": 1448.80944824,
        "median": 43.06640625,
        "min": 21.533203125,
        "stdev": 3351.93603516,
        "var": 11235476
    },
    "spectral_skewness": {
        "dmean": 0.109251797199,
        "dmean2": 0.171778276563,
        "dvar": 0.0188870094717,
        "dvar2": 0.0417832806706,
        "max": 1.43581020832,
        "mean": 1.18691623211,
        "median": 1.22942304611,
        "min": 0.535025537014,
        "stdev": 0.176074281335,
        "var": 0.0310021527112
    },
    "spectral_spread": {
        "dmean": 653180.375,
        "dmean2": 936519.0625,
        "dvar": 318659854336,
        "dvar2": 449484554240,
        "max": 12792491,
        "mean": 9336450,
        "median": 10165654,
        "min": 3856263.5,
        "stdev": 2132447,
        "var": 4.54733070336e+12
    },
    "spectral_strongpeak": {
        "dmean": 0.0608116202056,
        "dmean2": 0.104351870716,
        "dvar": 0.0560030899942,
        "dvar2": 0.1459543854,
        "max": 1.31417763233,
        "mean": 0.0393270403147,
        "median": 0,
        "min": 0,
        "stdev": 0.200618430972,
        "var": 0.0402477569878
    },
    "zerocrossingrate": {
        "dmean": 0.033224824816,
        "dmean2": 0.0436234921217,
        "dvar": 0.000687884923536,
        "dvar2": 0.00102957745548,
        "max": 0.1484375,
        "mean": 0.0582753047347,
        "median": 0.04736328125,
        "min": 0,
        "stdev": 0.0477190501988,
        "var": 0.00227710767649
    },
    "barkbands": {
        "dmean": [0.00158654432744, 9.16716089705e-05, 7.6496929978e-05, 0.000314824748784, 0.000120417338621, 0.0001033380031, 0.00011479092791, 6.6905588028e-05, 0.000565010821447, 0.00115736317821, 0.00158782571089, 0.00240818201564, 0.000516643049195, 0.000407279032515, 0.000366030668374, 0.000474609434605, 0.000442273216322, 0.00141651974991, 0.00181520543993, 0.00267429673113, 0.0023388681002, 0.00475529395044, 0.00331284478307, 0.00170902512036, 0.00168314937036, 0.000777627283242, 0.000307944079395],
        "dmean2": [0.00281974580139, 0.00015802627604, 0.000141118332976, 0.000621409679297, 0.000238195541897, 0.000186264267541, 0.000226943506277, 0.000133362904307, 0.00112768670078, 0.00232840911485, 0.00318792462349, 0.00484708882868, 0.00103938579559, 0.000819678243715, 0.000733778579161, 0.000961222162005, 0.000886457797606, 0.00285387434997, 0.00368657126091, 0.00544822541997, 0.00472769327462, 0.00959949940443, 0.00670149317011, 0.00345524796285, 0.00341694126837, 0.00157868978567, 0.000622989318799],
        "dvar": [8.89206967258e-06, 1.22002870029e-08, 9.96959315103e-08, 1.99109558707e-06, 2.88794353764e-07, 1.83960580102e-07, 2.63268645995e-07, 9.07464610123e-08, 6.52735661788e-06, 2.78402258118e-05, 5.21456859133e-05, 0.000120661126857, 5.55240740141e-06, 3.45153421222e-06, 2.74242643172e-06, 4.75176375403e-06, 4.03438843932e-06, 4.17991468566e-05, 6.96080533089e-05, 0.000151182350237, 0.000114514965389, 0.000471575680422, 0.000226738120546, 6.11403229414e-05, 6.00831990596e-05, 1.28417896121e-05, 2.00441513698e-06],
        "dvar2": [2.75339334621e-05, 3.65060301988e-08, 2.82640371552e-07, 5.88807006352e-06, 8.57767588514e-07, 5.08516791342e-07, 7.78633932441e-07, 2.6969999567e-07, 1.93988125829e-05, 8.31356373965e-05, 0.000155464993441, 0.000360392587027, 1.66077916219e-05, 1.03194797703e-05, 8.1754369603e-06, 1.42772569234e-05, 1.20415988931e-05, 0.000125063685118, 0.000209147241549, 0.000455127737951, 0.000343511317624, 0.0014145366149, 0.000681678706314, 0.000183440221008, 0.00018066111079, 3.86142964999e-05, 6.02044792686e-06],
        "max": [0.0155294314027, 0.000634015188552, 0.00169629498851, 0.00708950124681, 0.00269045075402, 0.00232158228755, 0.00257242866792, 0.00150126602966, 0.0127076860517, 0.0260371379554, 0.0357105433941, 0.0541848987341, 0.0116244880483, 0.00916343089193, 0.00821193493903, 0.0106792142615, 0.00995084550232, 0.0318715572357, 0.0407927706838, 0.0599950179458, 0.052476298064, 0.106510207057, 0.0735874548554, 0.0383311323822, 0.0378353819251, 0.0174899213016, 0.00692518148571],
        "mean": [0.00125732074957, 0.000105686616735, 4.94042433274e-05, 0.000165777732036, 6.36932745692e-05, 6.28681154922e-05, 6.03821426921e-05, 3.49654292222e-05, 0.000290778232738, 0.000585424248129, 0.000806656724308, 0.00121781800408, 0.000262452318566, 0.000206476281164, 0.00018899756833, 0.000238162319874, 0.000227406431804, 0.000719921197742, 0.000906200264581, 0.00134294480085, 0.00117332185619, 0.00238825916313, 0.00166618812364, 0.000857101404108, 0.000834504608065, 0.000385845050914, 0.000154571302119],
        "median": [0.000697640760336, 3.67068132618e-05, 3.96170980821e-06, 4.2784171228e-07, 8.05920649327e-07, 6.16655256636e-07, 8.13843712422e-07, 4.38195996821e-07, 4.95395397593e-07, 4.58772404954e-07, 3.05360458697e-07, 1.99954286018e-07, 2.44393191906e-07, 1.71887123201e-07, 1.59546317491e-07, 1.61874680771e-07, 1.89375953141e-07, 2.45842642244e-07, 2.51604546975e-07, 3.20934560705e-07, 4.02679148692e-07, 4.73110276289e-07, 4.8716759693e-07, 7.7498691553e-07, 1.0203501688e-06, 1.3619735455e-06, 1.85353576398e-06],
        "min": [2.9369158483e-07, 1.13669130997e-07, 2.62670134532e-08, 1.50390295772e-08, 3.73232325046e-08, 1.77464549722e-08, 1.9041960897e-08, 7.74344410814e-09, 1.05449764476e-08, 1.12642855044e-08, 2.51202632029e-08, 3.27058691241e-09, 2.90342132558e-08, 1.86000690405e-08, 1.14278773111e-08, 1.12242437567e-08, 9.90783810551e-09, 2.15782112178e-08, 1.26834036607e-08, 4.19239825078e-08, 7.2055598821e-08, 5.82427333029e-08, 9.82855397069e-08, 6.69966340183e-08, 1.97297481463e-07, 2.45525370701e-07, 3.10568026407e-07],
        "stdev": [0.00237642228603, 0.000148710489157, 0.000249456847087, 0.00103345373645, 0.000391908339225, 0.000343794818036, 0.000375003553927, 0.000218826011405, 0.00185305997729, 0.00379599211738, 0.00520650530234, 0.00789963174611, 0.00169444817584, 0.00133579724934, 0.00119697337504, 0.00155663792975, 0.00145062815864, 0.00464581465349, 0.00594651559368, 0.00874405261129, 0.00764861516654, 0.0155233833939, 0.010723319836, 0.00558685045689, 0.00551595445722, 0.00254981848411, 0.00100939883851],
        "var": [5.64738320463e-06, 2.21148113155e-08, 6.22287217311e-08, 1.06802667688e-06, 1.53592154106e-07, 1.18194869003e-07, 1.40627662404e-07, 4.78848214414e-08, 3.4338313526e-06, 1.44095565702e-05, 2.71076951321e-05, 6.24041786068e-05, 2.87115449282e-06, 1.78435425369e-06, 1.43274530728e-06, 2.42312148657e-06, 2.10432222048e-06, 2.15835952986e-05, 3.53610485035e-05, 7.64584619901e-05, 5.85013149248e-05, 0.000240975423367, 0.000114989590656, 3.12128977384e-05, 3.04257519019e-05, 6.50157426207e-06, 1.01888599602e-06]
    },
    "erbbands": {
        "dmean": [0.0100145107135, 0.00711313309148, 0.0588196665049, 0.673378348351, 0.802737414837, 0.245745107532, 0.475564688444, 0.822970271111, 2.00553607941, 0.936361432076, 2.77165317535, 11.7941837311, 30.4241867065, 32.7943687439, 100.19669342, 93.2084197998, 22.1004981995, 30.4795055389, 22.2869300842, 18.3089008331, 26.4899921417, 27.7556781769, 58.8838005066, 73.4289321899, 121.416297913, 145.674789429, 77.2237625122, 118.143280029, 205.320251465, 92.5459976196, 95.5918655396, 60.5948791504, 19.6875915527, 18.8993644714, 11.3493003845, 4.26583719254, 1.34492814541, 0.252933055162, 0.0535765327513, 0.00264387717471],
        "dmean2": [0.0185615997761, 0.0106798494235, 0.108606927097, 1.31297850609, 1.61223363876, 0.468886107206, 0.773494660854, 1.54927146435, 3.96752524376, 1.85270273685, 5.49081707001, 23.5232315063, 61.0186195374, 66.2262802124, 200.748382568, 188.343811035, 44.3879737854, 61.5836181641, 44.900138855, 36.7761116028, 53.5704612732, 55.6615829468, 117.91897583, 149.194320679, 246.894287109, 296.728240967, 156.562652588, 238.341812134, 414.029388428, 187.358169556, 193.391021729, 122.541648865, 39.7957458496, 38.3617591858, 23.0152320862, 8.64568424225, 2.74079918861, 0.513621330261, 0.108362704515, 0.00534660043195],
        "dvar": [0.000238643915509, 0.000140204385389, 0.0570291206241, 8.86126232147, 13.3622503281, 1.10991621017, 3.45152711868, 12.4481554031, 80.7515869141, 17.3299102783, 154.413635254, 2840.81591797, 19122.171875, 22520.1914062, 206872.671875, 182197.484375, 10128.3925781, 19484.8574219, 10294.0761719, 6951.26025391, 14752.9580078, 15908.0273438, 71289.5234375, 114282.523438, 311546.65625, 450656.5625, 124489.71875, 291770.28125, 876848.1875, 177726.78125, 189258.984375, 76578.96875, 8137.11376953, 7567.00830078, 2729.40405273, 385.403289795, 38.6221389771, 1.35873198509, 0.0606533698738, 0.000147337996168],
        "dvar2": [0.000721218471881, 0.000249993434409, 0.166052356362, 25.9936218262, 39.9668121338, 3.24000000954, 8.75420284271, 35.5824012756, 238.902893066, 51.3194541931, 456.795806885, 8440.63085938, 56985.203125, 67414.234375, 615886.0625, 545521.3125, 30249.6171875, 58410.2148438, 30766.7363281, 20793.8886719, 44257.0273438, 47480.765625, 212462.390625, 343637.71875, 937046.1875, 1356949, 373739.28125, 874372.4375, 2628980.5, 534219.75, 568745.75, 230058.453125, 24400.46875, 22748.6816406, 8204.22753906, 1158.1817627, 116.296066284, 4.08641529083, 0.182158946991, 0.000442451244453],
        "max": [0.075872220099, 0.10662163049, 1.27474248409, 15.1354694366, 18.0709323883, 5.41726016998, 10.636428833, 18.4917259216, 45.0308914185, 20.8632946014, 62.2665061951, 265.298492432, 684.459472656, 737.760131836, 2254.25927734, 2097.26220703, 497.252044678, 685.785400391, 500.595977783, 411.982116699, 596.041931152, 624.485046387, 1324.64953613, 1652.14550781, 2725.03393555, 3273.01538086, 1728.75952148, 2653.35449219, 4596.81494141, 2060.95458984, 2127.1953125, 1353.92114258, 442.503936768, 424.750030518, 255.157470703, 95.9194488525, 30.2535095215, 5.68797874451, 1.2048163414, 0.059408262372],
        "mean": [0.00980947818607, 0.00992405135185, 0.0388988628983, 0.364721626043, 0.411682903767, 0.137117877603, 0.327382922173, 0.471549123526, 1.05120360851, 0.49931126833, 1.45367598534, 6.08232402802, 15.477268219, 16.477098465, 51.1474075317, 46.7657852173, 11.243645668, 15.3375892639, 11.3372030258, 9.42058467865, 13.3126277924, 14.2429122925, 30.3229484558, 36.6705284119, 60.5165214539, 72.6616821289, 39.0330505371, 59.4767341614, 103.305549622, 46.3315811157, 48.1203842163, 30.3425769806, 9.87561798096, 9.37945652008, 5.63215494156, 2.1192138195, 0.664232432842, 0.12593908608, 0.0268445592374, 0.00133900204673],
        "median": [0.00467880256474, 0.00439807120711, 0.0039848415181, 0.00385103886947, 0.00159258453641, 0.00296563841403, 0.00416249595582, 0.0044325273484, 0.00970578286797, 0.0128566827625, 0.0108432397246, 0.0098647326231, 0.0112458392978, 0.0122818499804, 0.0114189181477, 0.00829859822989, 0.00899693742394, 0.0108519066125, 0.00835901498795, 0.00844383239746, 0.00991545245051, 0.0109174568206, 0.0125787369907, 0.0129456073046, 0.0140833016485, 0.0146771054715, 0.0163987446576, 0.016165483743, 0.0169732123613, 0.015158415772, 0.013669481501, 0.0144987106323, 0.0132757630199, 0.0105196293443, 0.00782605167478, 0.00503622414544, 0.00267219683155, 0.000996527960524, 0.000270654505584, 2.89294166578e-05],
        "min": [6.71044017508e-06, 1.52285101649e-05, 2.96085672744e-05, 4.31056323578e-05, 7.53233252908e-05, 0.000137992523378, 0.000184778487892, 0.000112044130219, 0.000202131879632, 0.000269861629931, 0.000194617678062, 0.000246949261054, 0.000286810536636, 0.000810306926724, 0.000548494339455, 0.000283182831481, 0.00126248819288, 0.00121056672651, 0.000531501660589, 0.00067142926855, 0.000548177515157, 0.000525837880559, 0.000875137979165, 0.00135156011675, 0.000472392566735, 0.00261594145559, 0.0020663018804, 0.0027714993339, 0.00196742359549, 0.00349208828993, 0.00250810827129, 0.00151286856271, 0.00128575786948, 0.00210123904981, 0.00150428130291, 0.000986221479252, 0.000415775110014, 0.000172917352756, 5.30539618921e-05, 4.10382517657e-06],
        "stdev": [0.014486990869, 0.0171720869839, 0.186914384365, 2.20786094666, 2.6333334446, 0.789350748062, 1.63101267815, 2.71111822128, 6.56477499008, 3.04078125954, 9.08133888245, 38.6871528625, 99.7955780029, 107.553825378, 328.688903809, 305.752044678, 72.4854278564, 99.9684753418, 72.9688796997, 60.0410194397, 86.8828735352, 91.0367050171, 193.113433838, 240.840667725, 397.230224609, 477.10144043, 251.931869507, 386.725738525, 669.944885254, 300.359710693, 309.981170654, 197.326141357, 64.499786377, 61.9219856262, 37.1988487244, 13.9836959839, 4.41094684601, 0.829169631004, 0.175618886948, 0.00865731108934],
        "var": [0.000209872916457, 0.00029488056316, 0.0349369868636, 4.87464952469, 6.93444538116, 0.62307459116, 2.66020226479, 7.35016155243, 43.0962715149, 9.24635028839, 82.4707107544, 1496.69580078, 9959.15722656, 11567.8261719, 108036.390625, 93484.3046875, 5254.13671875, 9993.69628906, 5324.45703125, 3604.92382812, 7548.63427734, 8287.68164062, 37292.796875, 58004.2265625, 157791.84375, 227625.796875, 63469.6679688, 149556.796875, 448826.1875, 90215.9609375, 96088.328125, 38937.6054688, 4160.22265625, 3834.33227539, 1383.75439453, 195.543746948, 19.4564533234, 0.687522292137, 0.0308419913054, 7.49490427552e-05]
    },
    "gfcc": {
        "mean": [-243.657821655, -1.82918941975, -53.9594421387, 26.8628330231, -36.4091072083, 20.7850131989, -10.4919404984, 16.026966095, -9.22314834595, 10.3598012924, -5.23200559616, 7.33256149292, -6.39053726196],
        "cov": [[12419.4072266, -1066.37341309, -2779.3503418, 774.371154785, -971.749389648, 516.229980469, -67.4276275635, -433.817321777, -583.658203125, -495.605133057, -174.552947998, 87.5369644165, -53.7844238281], [-1066.37341309, 517.762329102, 494.574401855, -188.210922241, 180.239501953, -101.582077026, -35.2068557739, 69.1589813232, 46.8494529724, 34.5263061523, -27.3160667419, -30.3074645996, -4.14056253433], [-2779.3503418, 494.574401855, 1045.71264648, -319.412078857, 313.027740479, -177.983764648, -30.0190639496, 99.7754211426, 115.366371155, 120.20880127, -10.1733570099, -47.5728302002, 8.71237754822], [774.371154785, -188.210922241, -319.412078857, 327.493377686, -55.924282074, 151.366424561, 61.8573989868, -37.4086799622, -6.44042205811, -24.3629837036, 53.0885353088, 29.6675128937, 34.9205589294], [-971.749389648, 180.239501953, 313.027740479, -55.924282074, 145.128143311, -22.3154697418, 14.7165775299, 51.3634223938, 52.6520347595, 38.4452400208, 7.14420032501, -12.9966907501, 5.27551221848], [516.229980469, -101.582077026, -177.983764648, 151.366424561, -22.3154697418, 113.490364075, 42.3925971985, -12.8669500351, -0.336982220411, -8.84274291992, 22.2030467987, 18.7256774902, 11.6578722], [-67.4276275635, -35.2068557739, -30.0190639496, 61.8573989868, 14.7165775299, 42.3925971985, 61.3633728027, 33.9499816895, 28.4060821533, 15.7908477783, 27.900604248, 9.37993049622, 9.25336933136], [-433.817321777, 69.1589813232, 99.7754211426, -37.4086799622, 51.3634223938, -12.8669500351, 33.9499816895, 71.1860427856, 58.1261863708, 35.8698959351, 14.4042015076, -2.03226137161, -0.979834496975], [-583.658203125, 46.8494529724, 115.366371155, -6.44042205811, 52.6520347595, -0.336982220411, 28.4060821533, 58.1261863708, 83.7802124023, 56.3191452026, 30.996931076, 5.41825914383, 6.32293701172], [-495.605133057, 34.5263061523, 120.20880127, -24.3629837036, 38.4452400208, -8.84274291992, 15.7908477783, 35.8698959351, 56.3191452026, 58.6344223022, 32.2844009399, 8.11160373688, 10.1859922409], [-174.552947998, -27.3160667419, -10.1733570099, 53.0885353088, 7.14420032501, 22.2030467987, 27.900604248, 14.4042015076, 30.996931076, 32.2844009399, 50.4433174133, 26.2741947174, 21.2853622437], [87.5369644165, -30.3074645996, -47.5728302002, 29.6675128937, -12.9966907501, 18.7256774902, 9.37993049622, -2.03226137161, 5.41825914383, 8.11160373688, 26.2741947174, 36.8262901306, 21.8741798401], [-53.7844238281, -4.14056253433, 8.71237754822, 34.9205589294, 5.27551221848, 11.6578722, 9.25336933136, -0.979834496975, 6.32293701172, 10.1859922409, 21.2853622437, 21.8741798401, 33.9106445312]],
        "icov": [[0.000390349567169, -0.000419494579546, 0.000346925953636, -0.000368058827007, 0.00173351971898, -0.00141845340841, 0.00067963154288, -0.001313009765, 0.00200377521105, -0.000737531867344, 0.00150494137779, -0.000813601422124, 0.000280442181975], [-0.000419494579546, 0.00546919507906, -0.00153188023251, 0.000283440342173, -0.00536451442167, 0.00105494773015, 0.00535981589928, -0.00531392823905, 0.000127456922201, 0.00322312745266, -0.00234871148132, 0.000780025497079, -0.00106088258326], [0.000346925953636, -0.00153188023251, 0.00771630741656, 0.00137024954893, -0.0107219871134, 0.00549188163131, -0.00416215090081, 0.00809634104371, 0.000377193646273, -0.0115695362911, 0.00799100659788, 0.000931759597734, -0.00409264722839], [-0.000368058827007, 0.000283440342173, 0.00137024954893, 0.0190124623477, -0.00138041086029, -0.0135341351852, -0.0043068905361, 0.0136861503124, -0.0170753169805, 0.0232398752123, -0.0244414545596, 0.0196534525603, -0.0151744140312], [0.00173351971898, -0.00536451442167, -0.0107219871134, -0.00138041086029, 0.04569241032, -0.0210735946894, 0.00596802635118, -0.0192067958415, 0.00417998759076, 0.0157210249454, -0.00766992382705, 0.00369776878506, 0.0011509351898], [-0.00141845340841, 0.00105494773015, 0.00549188163131, -0.0135341351852, -0.0210735946894, 0.045604813844, -0.0241854600608, 0.0209491569549, -0.00554811628535, -0.0225312206894, 0.0248871762305, -0.0186435952783, 0.00941758137196], [0.00067963154288, 0.00535981589928, -0.00416215090081, -0.0043068905361, 0.00596802635118, -0.0241854600608, 0.0662983357906, -0.0544240735471, 0.0203004665673, 0.0111971702427, -0.026338879019, 0.00998849514872, -0.00209980900399], [-0.001313009765, -0.00531392823905, 0.00809634104371, 0.0136861503124, -0.0192067958415, 0.0209491569549, -0.0544240735471, 0.0921289920807, -0.0550816692412, 0.00352287571877, 0.00870545580983, 0.0031086881645, -0.00386347784661], [0.00200377521105, 0.000127456922201, 0.000377193646273, -0.0170753169805, 0.00417998759076, -0.00554811628535, 0.0203004665673, -0.0550816692412, 0.0853225141764, -0.0591003783047, 0.0188737101853, -0.016508417204, 0.0154518866912], [-0.000737531867344, 0.00322312745266, -0.0115695362911, 0.0232398752123, 0.0157210249454, -0.0225312206894, 0.0111971702427, 0.00352287571877, -0.0591003783047, 0.122134178877, -0.0792590454221, 0.0334583036602, -0.016888173297], [0.00150494137779, -0.00234871148132, 0.00799100659788, -0.0244414545596, -0.00766992382705, 0.0248871762305, -0.026338879019, 0.00870545580983, 0.0188737101853, -0.0792590454221, 0.119798146188, -0.0597701817751, 0.00894002430141], [-0.000813601422124, 0.000780025497079, 0.000931759597734, 0.0196534525603, 0.00369776878506, -0.0186435952783, 0.00998849514872, 0.0031086881645, -0.016508417204, 0.0334583036602, -0.0597701817751, 0.0876179561019, -0.0444481745362], [0.000280442181975, -0.00106088258326, -0.00409264722839, -0.0151744140312, 0.0011509351898, 0.00941758137196, -0.00209980900399, -0.00386347784661, 0.0154518866912, -0.016888173297, 0.00894002430141, -0.0444481745362, 0.0687786340714]]
    },
    "melbands": {
        "dmean": [0.000122677127365, 2.99946332234e-05, 0.000119144191558, 3.58593788405e-05, 1.27854127641e-05, 2.16632779484e-05, 2.7492751542e-05, 9.469120414e-06, 2.82210094156e-05, 8.19729466457e-05, 0.000156038746354, 0.000123719524709, 0.000263801455731, 0.000346278888173, 7.78178800829e-05, 6.24311869615e-05, 5.3597297665e-05, 3.41020022461e-05, 2.27156051551e-05, 2.9742699553e-05, 3.06395450025e-05, 2.93012890324e-05, 3.03432570945e-05, 7.39312163205e-05, 5.59980217076e-05, 6.94927293807e-05, 9.26959764911e-05, 0.0001005654849, 3.5473571188e-05, 6.65308107273e-05, 6.58232456772e-05, 0.00012279645307, 7.54663342377e-05, 4.54438450106e-05, 5.90155941609e-05, 5.22335358255e-05, 3.15005891025e-05, 1.31849456011e-05, 1.2195164345e-05, 1.75097866304e-05],
        "dmean2": [0.000232889782637, 5.53411628061e-05, 0.000234182967688, 7.16108843335e-05, 2.05504493351e-05, 4.06893523177e-05, 5.44774702576e-05, 1.8713531972e-05, 5.57846069569e-05, 0.000163619610248, 0.000313047348754, 0.000250057055382, 0.000527640862856, 0.000697864801623, 0.000156759895617, 0.000125922742882, 0.000108283529698, 6.86895800754e-05, 4.52762469649e-05, 6.0198133724e-05, 6.19665370323e-05, 5.88707407587e-05, 6.02448017162e-05, 0.000148943450768, 0.000113990085083, 0.000140880831168, 0.000188899590285, 0.000204906886211, 7.16316644684e-05, 0.000134669535328, 0.000132806278998, 0.000247475487413, 0.000152535474626, 9.22096005525e-05, 0.000119203607028, 0.000105665647425, 6.36752156424e-05, 2.66553761321e-05, 2.46570398303e-05, 3.55734446202e-05],
        "dvar": [4.76803698746e-08, 1.39968037161e-08, 2.82021375142e-07, 2.62409436402e-08, 2.43138909006e-09, 8.60497895161e-09, 1.52031116585e-08, 1.76921921557e-09, 1.59483679596e-08, 1.3743931504e-07, 5.03310161548e-07, 3.2105336345e-07, 1.42922215218e-06, 2.50080461228e-06, 1.26229409148e-07, 8.15112812802e-08, 6.0233865895e-08, 2.41185436067e-08, 1.04458379724e-08, 1.86390067825e-08, 1.97350615849e-08, 1.7789693274e-08, 1.86281390313e-08, 1.13779407229e-07, 6.67378472485e-08, 1.01788401707e-07, 1.8159110482e-07, 2.14973852053e-07, 2.56719534519e-08, 9.29931047722e-08, 9.06923958155e-08, 3.13671279173e-07, 1.18665298032e-07, 4.22850554571e-08, 7.16976771287e-08, 5.65250637408e-08, 2.07683310549e-08, 3.64924779284e-09, 3.13162051846e-09, 6.50434595073e-09],
        "dvar2": [1.44854638506e-07, 4.14106864355e-08, 8.31991371797e-07, 7.83873304044e-08, 6.11805717199e-09, 2.4565183665e-08, 4.50218102799e-08, 5.23487830861e-09, 4.71049261819e-08, 4.08524556406e-07, 1.50019911871e-06, 9.61648538578e-07, 4.25036159868e-06, 7.47483727537e-06, 3.77245754635e-07, 2.44206262323e-07, 1.80546919637e-07, 7.20658022146e-08, 3.10444825402e-08, 5.60076962586e-08, 5.91885829238e-08, 5.31273407489e-08, 5.52894299233e-08, 3.40394734621e-07, 2.00914030302e-07, 3.05499412434e-07, 5.47041281607e-07, 6.47244405627e-07, 7.69678578649e-08, 2.79088993693e-07, 2.7176949402e-07, 9.40099369018e-07, 3.56263370804e-07, 1.2715304365e-07, 2.15438959117e-07, 1.70022246948e-07, 6.23334059924e-08, 1.09401634418e-08, 9.39513711273e-09, 1.95644069834e-08],
        "max": [0.00110004690941, 0.000634228985291, 0.00267987838015, 0.000803257746156, 0.000284700858174, 0.000486807257403, 0.000617047480773, 0.000211155536817, 0.000634071126115, 0.00184393289965, 0.00351042440161, 0.00278314086609, 0.00593475531787, 0.00779138645157, 0.00175090960693, 0.00140471174382, 0.00120591197629, 0.000766319455579, 0.000510104000568, 0.000669258704875, 0.000689392792992, 0.000659246521536, 0.000682695244905, 0.00166305492166, 0.00125994044356, 0.00156297802459, 0.00207559857517, 0.00226091779768, 0.000788070261478, 0.00149371253792, 0.0014794759918, 0.00275124819018, 0.00168694043532, 0.00100434606429, 0.00130978680681, 0.00116082804743, 0.000706182036083, 0.000296418904327, 0.000274302379694, 0.000393411202822],
        "mean": [0.000111480803753, 2.11254628084e-05, 6.36397962808e-05, 1.85773478734e-05, 8.92203206604e-06, 1.24113539641e-05, 1.43927290992e-05, 5.0733738135e-06, 1.48385197463e-05, 4.21962831751e-05, 7.93270592112e-05, 6.2052749854e-05, 0.000135066467919, 0.000174725588295, 3.92879264837e-05, 3.15314500767e-05, 2.6974172215e-05, 1.73238495336e-05, 1.19732521853e-05, 1.49775687532e-05, 1.53836299432e-05, 1.49528214024e-05, 1.59596220328e-05, 3.75682247977e-05, 2.78445677395e-05, 3.48646644852e-05, 4.60570736323e-05, 5.02218499605e-05, 1.82585154107e-05, 3.32656672981e-05, 3.31455739797e-05, 6.18808917352e-05, 3.77830292564e-05, 2.26901174756e-05, 2.96337329928e-05, 2.61230434262e-05, 1.57943668455e-05, 6.61422336634e-06, 6.10115739619e-06, 8.6705395006e-06],
        "median": [6.46581465844e-05, 2.8922686397e-06, 6.19783691036e-07, 1.58161441277e-07, 1.91753059653e-07, 1.04531778788e-07, 1.60625177159e-07, 1.2886491163e-07, 7.62922809372e-08, 6.14781328068e-08, 5.83448951375e-08, 5.00546519788e-08, 4.31163122983e-08, 2.45049811554e-08, 1.99581755567e-08, 2.45065105986e-08, 1.98378522498e-08, 1.30711530488e-08, 1.27486430301e-08, 1.17041345504e-08, 1.05270219208e-08, 1.10417825994e-08, 1.14948193186e-08, 1.06673123668e-08, 9.71967573093e-09, 1.05669037964e-08, 9.06611141716e-09, 1.00107566681e-08, 1.0370388992e-08, 9.93017756912e-09, 9.05748365199e-09, 9.71138014449e-09, 8.8719929181e-09, 8.33122903998e-09, 7.96664778591e-09, 7.99120947192e-09, 9.12410058618e-09, 9.53312984109e-09, 9.17479425766e-09, 8.80527828429e-09],
        "min": [6.0101768895e-08, 1.63311515422e-08, 8.39869152003e-09, 7.51659356979e-09, 5.57124746337e-09, 2.69261279939e-09, 3.36896088804e-09, 2.68512923007e-09, 1.70630098939e-09, 1.44263967439e-09, 1.2811529615e-09, 3.03684677405e-09, 2.83698553538e-09, 1.83398005116e-10, 1.98999239309e-09, 2.81723266937e-09, 2.16345896753e-09, 7.36497030029e-10, 1.05725084243e-09, 8.13831169122e-10, 6.45595021886e-10, 5.0923876227e-10, 5.90693549629e-10, 1.10876252624e-09, 1.1809542233e-09, 2.18552481668e-10, 7.52276074767e-10, 1.86901094601e-09, 8.05636946044e-10, 1.81368575713e-09, 1.71178016206e-09, 9.79562431169e-10, 1.40320610686e-09, 1.99469307738e-09, 1.31965549599e-09, 1.09224207456e-09, 9.74731850789e-10, 8.39202207725e-10, 1.14540066321e-09, 1.97906957489e-09],
        "stdev": [0.000180100774742, 9.30359747144e-05, 0.00039068836486, 0.0001170221949, 4.36923619418e-05, 7.13889603503e-05, 8.9948574896e-05, 3.07791306113e-05, 9.24957857933e-05, 0.000268887146376, 0.000511822639965, 0.000405737344408, 0.000865382084157, 0.00113589712419, 0.000255251710769, 0.000204758398468, 0.000175789595232, 0.000111706816824, 7.43607160985e-05, 9.75476723397e-05, 0.000100492761703, 9.61049809121e-05, 9.95610971586e-05, 0.000242418143898, 0.000183677562745, 0.00022783393797, 0.00030255963793, 0.000329566450091, 0.000114814109111, 0.000217729335418, 0.000215636493522, 0.000400966411689, 0.00024586712243, 0.000146370919538, 0.000190869293874, 0.000169174250914, 0.000102927187982, 4.32074812124e-05, 3.99846867367e-05, 5.73552861169e-05],
        "var": [3.24362865456e-08, 8.65569216302e-09, 1.52637397832e-07, 1.36941933349e-08, 1.90902249564e-09, 5.09638331536e-09, 8.09074585106e-09, 9.47354861225e-10, 8.55547099832e-09, 7.23003026337e-08, 2.61962412651e-07, 1.64622804277e-07, 7.48886179736e-07, 1.290262162e-06, 6.51534293183e-08, 4.19260040019e-08, 3.09019831946e-08, 1.24784129696e-08, 5.52951640032e-09, 9.51554834927e-09, 1.00987946894e-08, 9.23616738646e-09, 9.91241222437e-09, 5.87665560658e-08, 3.37374466142e-08, 5.1908301657e-08, 9.15423257197e-08, 1.08614038652e-07, 1.31822792682e-08, 4.74060612987e-08, 4.64990996818e-08, 1.60774064284e-07, 6.04506453783e-08, 2.14244444408e-08, 3.64310857037e-08, 2.8619927761e-08, 1.05940056727e-08, 1.86688642323e-09, 1.5987751123e-09, 3.28962879159e-09]
    },
    "melbands128": {
