{
"lowlevel": {
    "average_loudness": 0.965738892555,
    "barkbands_crest": {
        "dmean": 0.605581998825,
        "dmean2": 1.07111120224,
        "dvar": 0.337405830622,
        "dvar2": 0.76401758194,
        "max": 21.4284210205,
        "mean": 20.2270507812,
        "median": 20.4277095795,
        "min": 6.41897583008,
        "stdev": 1.34856843948,
        "var": 1.81863677502
    },
    "barkbands_flatness_db": {
        "dmean": 0.0162880253047,
        "dmean2": 0.0286838654429,
        "dvar": 0.000229809782468,
        "dvar2": 0.000454084802186,
        "max": 0.476685345173,
        "mean": 0.433499544859,
        "median": 0.43706536293,
        "min": 0.0622531026602,
        "stdev": 0.0343631207943,
        "var": 0.00118082412519
    },
    "barkbands_kurtosis": {
        "dmean": 0.512891471386,
        "dmean2": 0.920166015625,
        "dvar": 0.230391070247,
        "dvar2": 0.52373367548,
        "max": 6.7795124054,
        "mean": 3.38122391701,
        "median": 3.39962816238,
        "min": -1.20379972458,
        "stdev": 0.57270270586,
        "var": 0.327988415956
    },
    "barkbands_skewness": {
        "dmean": 0.285030335188,
        "dmean2": 0.525727212429,
        "dvar": 0.02288037166,
        "dvar2": 0.0809600502253,
        "max": 1.48159909248,
        "mean": -0.220331683755,
        "median": -0.238737538457,
        "min": -0.790674090385,
        "stdev": 0.221064090729,
        "var": 0.048869330436
    },
    "barkbands_spread": {
        "dmean": 0.556003212929,
        "dmean2": 0.831484913826,
        "dvar": 19.4184741974,
        "dvar2": 19.0791893005,
        "max": 107.995552063,
        "mean": 2.84602308273,
        "median": 2.52587985992,
        "min": 2.08102703094,
        "stdev": 4.7120423317,
        "var": 22.2033424377
    },
    "dissonance": {
        "dmean": 0.0646062269807,
        "dmean2": 0.115573868155,
        "dvar": 0.00356531026773,
        "dvar2": 0.00974111165851,
        "max": 0.485922217369,
        "mean": 0.303627312183,
        "median": 0.281889528036,
        "min": 0.161117702723,
        "stdev": 0.0627615600824,
        "var": 0.00393901346251
    },
    "dynamic_complexity": 0.741741776466,
    "erbbands_crest": {
        "dmean": 0.680748343468,
        "dmean2": 1.2110645771,
        "dvar": 0.437845170498,
        "dvar2": 0.997516274452,
        "max": 17.8330955505,
        "mean": 15.9894914627,
        "median": 16.084733963,
        "min": 5.43659353256,
        "stdev": 1.00213098526,
        "var": 1.00426661968
    },
    "erbbands_flatness_db": {
        "dmean": 0.0118433600292,
        "dmean2": 0.0203592814505,
        "dvar": 0.000190834049135,
        "dvar2": 0.000254857470281,
        "max": 0.491394370794,
        "mean": 0.460989236832,
        "median": 0.465364396572,
        "min": 0.0549802370369,
        "stdev": 0.031081803143,
        "var": 0.000966078485362
    },
    "erbbands_kurtosis": {
        "dmean": 0.439717173576,
        "dmean2": 0.793437123299,
        "dvar": 0.27015838027,
        "dvar2": 0.725911438465,
        "max": 7.24461555481,
        "mean": 2.24694371223,
        "median": 2.20951676369,
        "min": 0.351963043213,
        "stdev": 0.516766309738,
        "var": 0.267047405243
    },
    "erbbands_skewness": {
        "dmean": 0.228586509824,
        "dmean2": 0.414923369884,
        "dvar": 0.0157580524683,
        "dvar2": 0.050991602242,
        "max": 1.72663128376,
        "mean": 0.457703799009,
        "median": 0.469763249159,
        "min": -0.899546027184,
        "stdev": 0.204925566912,
        "var": 0.0419944860041
    },
    "erbbands_spread": {
        "dmean": 0.4063192904,
        "dmean2": 0.632005155087,
        "dvar": 4.6451253891,
        "dvar2": 5.08613204956,
        "max": 52.5380592346,
        "mean": 4.48799991608,
        "median": 4.28939056396,
        "min": 3.68771600723,
        "stdev": 2.33309698105,
        "var": 5.44334173203
    },
    "hfc": {
        "dmean": 5.76908969879,
        "dmean2": 10.6501102448,
        "dvar": 18.1952285767,
        "dvar2": 56.9395065308,
        "max": 85.8841171265,
        "mean": 41.0292320251,
        "median": 40.3127441406,
        "min": 3.16499892961e-07,
        "stdev": 11.5421991348,
        "var": 133.222366333
    },
    "loudness_ebu128": {
        "integrated": -14.9261779785,
        "loudness_range": 1.78097724915,
        "momentary": {
            "dmean": 0.135097503662,
            "dmean2": 0.0988648682833,
            "dvar": 0.0258795376867,
            "dvar2": 0.0187522806227,
            "max": -12.8687782288,
            "mean": -15.0262594223,
            "median": -14.999458313,
            "min": -17.0382022858,
            "stdev": 0.928361654282,
            "var": 0.861855328083
        },
        "short_term": {
            "dmean": 0.0347755737603,
            "dmean2": 0.0137581387535,
            "dvar": 0.000793935440015,
            "dvar2": 0.000272666162346,
            "max": -13.802318573,
            "mean": -15.1555213928,
            "median": -15.2226905823,
            "min": -15.8262290955,
            "stdev": 0.528067409992,
            "var": 0.278855204582
        }
    },
    "melbands_crest": {
        "dmean": 0.433039039373,
        "dmean2": 0.753634095192,
        "dvar": 0.30816411972,
        "dvar2": 0.640305876732,
        "max": 18.6858329773,
        "mean": 17.1238288879,
        "median": 17.2314014435,
        "min": 8.08237075806,
        "stdev": 1.06596183777,
        "var": 1.1362746954
    },
    "melbands_flatness_db": {
        "dmean": 0.0156463775784,
        "dmean2": 0.0275869742036,
        "dvar": 0.000189867452718,
        "dvar2": 0.000403468526201,
        "max": 0.4797706604,
        "mean": 0.439909666777,
        "median": 0.443995326757,
        "min": 0.072898298502,
        "stdev": 0.032597463578,
        "var": 0.00106259458698
    },
    "melbands_kurtosis": {
        "dmean": 0.732919692993,
        "dmean2": 1.3347723484,
        "dvar": 0.175979360938,
        "dvar2": 0.55500203371,
        "max": 6.52655696869,
        "mean": 2.75206589699,
        "median": 2.80683398247,
        "min": -0.791385173798,
        "stdev": 0.62768882513,
        "var": 0.393993258476
    },
    "melbands_skewness": {
        "dmean": 0.198589131236,
        "dmean2": 0.362258076668,
        "dvar": 0.0269725713879,
        "dvar2": 0.0595673695207,
        "max": 1.92388355732,
        "mean": -0.350721925497,
        "median": -0.37061715126,
        "min": -1.03809380531,
        "stdev": 0.196021988988,
        "var": 0.0384246222675
    },
    "melbands_spread": {
        "dmean": 1.10168850422,
        "dmean2": 1.87600123882,
        "dvar": 11.1830530167,
        "dvar2": 11.0491342545,
        "max": 97.6707763672,
        "mean": 6.81457471848,
        "median": 6.41286993027,
        "min": 5.25908136368,
        "stdev": 4.2954044342,
        "var": 18.4505004883
    },
    "pitch_salience": {
        "dmean": 0.0233625657856,
        "dmean2": 0.042510330677,
        "dvar": 0.000500176101923,
        "dvar2": 0.0014338302426,
        "max": 0.782357871532,
        "mean": 0.481289476156,
        "median": 0.477364063263,
        "min": 0.432989686728,
        "stdev": 0.0313251689076,
        "var": 0.000981266261078
    },
    "silence_rate_20dB": {
        "dmean": 0,
        "dmean2": 0,
        "dvar": 0,
        "dvar2": 0,
        "max": 1,
        "mean": 1,
        "median": 1,
        "min": 1,
        "stdev": 0,
        "var": 0
    },
    "silence_rate_30dB": {
        "dmean": 0,
        "dmean2": 0,
        "dvar": 0,
        "dvar2": 0,
        "max": 1,
        "mean": 1,
        "median": 1,
        "min": 1,
        "stdev": 0,
        "var": 0
    },
    "silence_rate_60dB": {
        "dmean": 0.00389863550663,
        "dmean2": 0.0078125,
        "dvar": 0.00388343655504,
        "dvar2": 0.00775146484375,
        "max": 1,
        "mean": 0.0136186769232,
        "median": 0,
        "min": 0,
        "stdev": 0.115901812911,
        "var": 0.0134332301095
    },
    "spectral_centroid": {
        "dmean": 32.2745933533,
        "dmean2": 53.883102417,
        "dvar": 9090.84667969,
        "dvar2": 7452.26757812,
        "max": 3815.59155273,
        "mean": 1041.23828125,
        "median": 1035.90905762,
        "min": 871.141967773,
        "stdev": 129.397109985,
        "var": 16743.6113281
    },
    "spectral_complexity": {
        "dmean": 0.643274843693,
        "dmean2": 1.23046875,
        "dvar": 0.326938360929,
        "dvar2": 0.692974925041,
        "max": 10,
        "mean": 5.76848268509,
        "median": 6,
        "min": 0,
        "stdev": 0.885957479477,
        "var": 0.784920692444
    },
    "spectral_decrease": {
        "dmean": 1.23542165387e-09,
        "dmean2": 2.27716334678e-09,
        "dvar": 8.20461838028e-19,
        "dvar2": 2.44632296872e-18,
        "max": -1.5554663028e-18,
        "mean": -9.6869863242e-09,
        "median": -9.5507157738e-09,
        "min": -1.97518108536e-08,
        "stdev": 2.61717136851e-09,
        "var": 6.8495861083e-18
    },
    "spectral_energy": {
        "dmean": 0.0051825530827,
        "dmean2": 0.00955165177584,
        "dvar": 1.4450269191e-05,
        "dvar2": 4.33539535152e-05,
        "max": 0.0823377817869,
        "mean": 0.0402822718024,
        "median": 0.0397446677089,
        "min": 3.45781493716e-11,
        "stdev": 0.0109221693128,
        "var": 0.000119293777971
    },
    "spectral_energyband_high": {
        "dmean": 2.3391241939e-06,
        "dmean2": 4.35300580648e-06,
        "dvar": 1.8634411722e-11,
        "dvar2": 5.95062749076e-11,
        "max": 5.78029248572e-05,
        "mean": 6.59752731735e-06,
        "median": 3.01596537611e-06,
        "min": 2.03031844809e-11,
        "stdev": 7.89114892541e-06,
        "var": 6.22702306385e-11
    },
    "spectral_energyband_low": {
        "dmean": 6.60120988982e-08,
        "dmean2": 1.20580338603e-07,
        "dvar": 4.90277408244e-15,
        "dvar2": 1.45967222684e-14,
        "max": 8.51432901072e-07,
        "mean": 1.18176913588e-07,
        "median": 9.25956200604e-08,
        "min": 5.35433242882e-12,
        "stdev": 9.67021023257e-08,
        "var": 9.35129625373e-15
    },
    "spectral_energyband_middle_high": {
        "dmean": 0.0054055727087,
        "dmean2": 0.0100116124377,
        "dvar": 1.58327129611e-05,
        "dvar2": 5.02905531903e-05,
        "max": 0.0758650377393,
        "mean": 0.0361716374755,
        "median": 0.0355632342398,
        "min": 2.70739854147e-12,
        "stdev": 0.010191552341,
        "var": 0.000103867743746
    },
    "spectral_energyband_middle_low": {
        "dmean": 0.00100765191019,
        "dmean2": 0.0018663945375,
        "dvar": 4.54142423223e-07,
        "dvar2": 1.31017588956e-06,
        "max": 0.0135288042948,
        "mean": 0.00410406617448,
        "median": 0.00395620428026,
        "min": 2.11554298385e-12,
        "stdev": 0.00128492631484,
        "var": 1.65103574545e-06
    },
    "spectral_entropy": {
        "dmean": 0.121898658574,
        "dmean2": 0.209458008409,
        "dvar": 0.0170338973403,
        "dvar2": 0.0286698900163,
        "max": 8.85620117188,
        "mean": 5.20904588699,
        "median": 5.17456626892,
        "min": 4.86763763428,
        "stdev": 0.274713337421,
        "var": 0.075467415154
    },
    "spectral_flux": {
        "dmean": 0.00607386929914,
        "dmean2": 0.00876551121473,
        "dvar": 7.72763596615e-05,
        "dvar2": 0.000175336361281,
        "max": 0.132784739137,
        "mean": 0.0306842066348,
        "median": 0.029220065102,
        "min": 0.000685416045599,
        "stdev": 0.0112920971587,
        "var": 0.000127511462779
    },
    "spectral_kurtosis": {
        "dmean": 15.3718748093,
        "dmean2": 27.1167869568,
        "dvar": 143.919464111,
        "dvar2": 396.90725708,
        "max": 80.5025863647,
        "mean": 49.5872344971,
        "median": 51.3680953979,
        "min": 2.02469539642,
        "stdev": 17.1197071075,
        "var": 293.084350586
    },
    "spectral_rms": {
        "dmean": 0.000405694154324,
        "dmean2": 0.00073335529305,
        "dvar": 1.10390885766e-07,
        "dvar2": 2.38452599888e-07,
        "max": 0.00896267499775,
        "mean": 0.00618323590606,
        "median": 0.00622697873041,
        "min": 1.83670309184e-07,
        "stdev": 0.00103315478191,
        "var": 1.06740878891e-06
    },
    "spectral_rolloff": {
        "dmean": 141.036178589,
        "dmean2": 246.37008667,
        "dvar": 519202.15625,
        "dvar2": 604603.6875,
        "max": 17635.6933594,
        "mean": 1183.94812012,
        "median": 990.52734375,
        "min": 968.994140625,
        "stdev": 772.57208252,
        "var": 596867.625
    },
    "spectral_skewness": {
        "dmean": 1.06671881676,
        "dmean2": 1.86658275127,
        "dvar": 0.613683581352,
        "dvar2": 1.78586411476,
        "max": 7.20994663239,
        "mean": 4.93621397018,
        "median": 5.02737998962,
        "min": 1.33106398582,
        "stdev": 1.04161417484,
        "var": 1.08495998383
    },
    "spectral_spread": {
        "dmean": 298760.59375,
        "dmean2": 508192.21875,
        "dvar": 136860827648,
        "dvar2": 211895762944,
        "max": 10584340,
        "mean": 1431949.125,
        "median": 1360860.25,
        "min": 864348.875,
        "stdev": 546225.75,
        "var": 298362535936
    },
    "spectral_strongpeak": {
        "dmean": 0.303980857134,
        "dmean2": 0.537156939507,
        "dvar": 0.130744934082,
        "dvar2": 0.241873532534,
        "max": 9.66760253906,
        "mean": 6.56770610809,
        "median": 6.61146593094,
        "min": 0,
        "stdev": 1.20013308525,
        "var": 1.44031953812
    },
    "zerocrossingrate": {
        "dmean": 0.000651041686069,
        "dmean2": 0.00092601776123,
        "dvar": 1.95066404558e-05,
        "dvar2": 3.17234225804e-05,
        "max": 0.14306640625,
        "mean": 0.0439861603081,
        "median": 0.04345703125,
        "min": 0.02392578125,
        "stdev": 0.00529934186488,
        "var": 2.80830226984e-05
    },
    "barkbands": {
        "dmean": [8.55341824035e-08, 3.78401772139e-08, 8.77221939533e-09, 1.14208464908e-08, 1.54465978994e-05, 0.000392237911001, 1.3392981657e-07, 1.36206126626e-05, 0.000767463992815, 5.21253195984e-06, 0.00441706320271, 6.06384310231e-06, 6.47252381896e-05, 0.00101271085441, 0.000216888060095, 7.06049786459e-06, 1.59164192155e-05, 1.4903707779e-05, 1.00906049738e-06, 1.41574423651e-06, 1.93852883967e-06, 1.05794633498e-07, 1.09094223433e-07, 3.82738903681e-07, 5.85898938255e-08, 4.99082153382e-09, 2.02661398774e-09],
        "dmean2": [1.59280190815e-07, 6.8072274928e-08, 1.48531098532e-08, 1.92622966466e-08, 2.86613449134e-05, 0.00072192546213, 2.35903726775e-07, 2.5278675821e-05, 0.00144081981853, 9.57897100307e-06, 0.00818144250661, 1.11631161417e-05, 0.000122189609101, 0.00187299482059, 0.000403079902753, 1.28612746266e-05, 2.95597274089e-05, 2.75308520941e-05, 1.86754675724e-06, 2.61062996287e-06, 3.62613741345e-06, 1.82931657378e-07, 1.94518690932e-07, 6.73175748034e-07, 1.01663289342e-07, 8.8957365918e-09, 3.49771056563e-09],
        "dvar": [7.23108469533e-15, 1.6045542055e-15, 6.38740663382e-17, 8.4963777209e-17, 8.80840539397e-11, 9.79829835046e-08, 3.04086217198e-14, 7.14697398485e-11, 2.65949978484e-07, 2.81824060616e-11, 1.02987760329e-05, 1.1630250582e-11, 3.04637004511e-09, 7.23577159079e-07, 2.8112019379e-08, 5.15840391235e-11, 1.52578963353e-10, 1.95937821523e-10, 8.73402587233e-13, 1.70724220351e-12, 9.40909503089e-12, 3.31651684739e-14, 8.0900597907e-14, 3.08129173218e-12, 2.36317245612e-14, 1.38429416665e-16, 2.84266407768e-18],
        "dvar2": [2.08455773937e-14, 5.44104573273e-15, 1.87788448486e-16, 2.57333744513e-16, 3.03358171916e-10, 2.58227373706e-07, 8.71022275573e-14, 2.06211242526e-10, 7.56051690587e-07, 8.4857884608e-11, 3.21713414451e-05, 3.98576692484e-11, 9.13098752164e-09, 2.43380441134e-06, 1.01099423944e-07, 1.55279636371e-10, 5.26126475719e-10, 6.34505559205e-10, 2.93661948057e-12, 5.17024574195e-12, 3.26471141787e-11, 7.73579334271e-14, 2.37250025398e-13, 8.49284097909e-12, 5.31286813317e-14, 4.1385293943e-16, 8.78023351622e-18],
        "max": [1.23468521451e-06, 3.10955556415e-07, 5.26956362989e-08, 6.36122763353e-08, 9.26336360862e-05, 0.00604209396988, 2.12127042687e-06, 8.76139602042e-05, 0.00746098626405, 4.9887032219e-05, 0.062755972147, 2.28228855121e-05, 0.000846064882353, 0.0121514368802, 0.00168902450241, 9.92276472971e-05, 0.000111382956675, 0.000106423220132, 1.02935746327e-05, 1.09609391075e-05, 2.58904547081e-05, 3.7371964936e-06, 4.78058291264e-06, 2.82626297121e-05, 2.691310101e-06, 2.13282419281e-07, 1.83083237459e-08],
        "mean": [8.3796280137e-08, 4.78455355335e-08, 1.33727153795e-08, 2.29283259046e-08, 5.07907570864e-05, 0.00129051576369, 1.94518662511e-07, 2.80735730485e-05, 0.00273435539566, 1.03441934698e-05, 0.0303984470665, 7.56282770453e-06, 9.00600643945e-05, 0.00498009938747, 0.000615947064944, 1.47491737152e-05, 2.57346327999e-05, 2.32001184486e-05, 3.22094842886e-06, 3.18094839713e-06, 4.46416652267e-06, 3.2957456142e-07, 1.84387289437e-07, 5.87812110098e-07, 1.42837478734e-07, 1.9933764861e-08, 8.3843287868e-09],
        "median": [5.28068042627e-08, 3.56593403694e-08, 1.15069269668e-08, 2.12236415109e-08, 5.13650666107e-05, 0.00122679478955, 1.50465979232e-07, 2.6913912734e-05, 0.00261251325719, 9.75970488071e-06, 0.0300020389259, 7.59821341489e-06, 7.48039601604e-05, 0.0046170251444, 0.000574834644794, 1.17680174299e-05, 2.24056384468e-05, 1.76034754986e-05, 3.17715239362e-06, 2.66226584245e-06, 1.46793649947e-06, 1.56097200943e-07, 7.17136927619e-08, 2.05209232718e-07, 6.73167050991e-08, 1.47228469416e-08, 7.91241294706e-09],
        "min": [4.17947013803e-12, 2.71916430344e-12, 4.86979705693e-13, 3.19783560526e-13, 5.85369643383e-13, 5.13516638066e-13, 1.20322737776e-13, 1.4483882572e-13, 4.13507092066e-13, 1.14820696354e-13, 8.10124807949e-14, 2.02017737391e-13, 3.89458593413e-13, 1.29921342239e-13, 1.70413731954e-13, 1.99543831979e-13, 2.13512882504e-13, 2.23794602099e-13, 5.85806034757e-13, 8.0165643004e-13, 5.2697798382e-13, 6.64478346478e-13, 2.03537295525e-12, 8.39338581277e-13, 2.23350764966e-12, 7.83989279746e-12, 6.24229617649e-12],
        "stdev": [1.08320797665e-07, 4.35438671786e-08, 8.96743745926e-09, 1.06740793981e-08, 1.25428932733e-05, 0.000474060012493, 1.76630592819e-07, 1.09185912152e-05, 0.000900521408767, 5.70615020479e-06, 0.00826645176858, 4.25853204433e-06, 7.67497258494e-05, 0.00206109229475, 0.000289208139293, 1.17170675367e-05, 1.56669448188e-05, 1.73523021658e-05, 1.07759080947e-06, 1.93492496692e-06, 5.51765060663e-06, 4.20680095203e-07, 3.8831271354e-07, 1.9975327632e-06, 2.64456730292e-07, 1.98562606357e-08, 2.10745909612e-09],
        "var": [1.17333951528e-14, 1.89606842935e-15, 8.0414938967e-17, 1.13935976687e-16, 1.5732418146e-10, 2.24732886522e-07, 3.11983647467e-14, 1.19215637362e-10, 8.10938843188e-07, 3.25601524909e-11, 6.83342295815e-05, 1.81350941209e-11, 5.89052095989e-09, 4.24810150434e-06, 8.36413462935e-08, 1.37289665747e-10, 2.45453157799e-10, 3.01102420774e-10, 1.16120188551e-12, 3.74393484964e-12, 3.04444698618e-11, 1.76971732082e-13, 1.50786772391e-13, 3.99013678001e-12, 6.9937355603e-14, 3.94271099406e-16, 4.4413841717e-18]
    },
    "erbbands": {
        "dmean": [2.35648985836e-06, 4.81355436932e-06, 9.81309949566e-06, 6.13978190813e-05, 0.00109160155989, 0.0552746765316, 2.05707144737, 2.65803980827, 0.111749947071, 0.134804323316, 8.07028675079, 15.4886360168, 1.88694858551, 111.312019348, 68.6618118286, 1.29339015484, 1.50204956532, 40.4996566772, 16.2352409363, 11.185002327, 0.761307001114, 1.07516801357, 1.06501746178, 0.128210201859, 0.0792004317045, 0.0619510263205, 0.0860700756311, 0.0489547103643, 0.00517648085952, 0.00341932219453, 0.00273184035905, 0.0020424653776, 0.0076707676053, 0.00243803625926, 0.000108997046482, 3.28864662151e-05, 7.68361769588e-06, 1.72227328221e-06, 2.79243249679e-06, 6.24652648185e-06],
        "dmean2": [4.2989213398e-06, 8.66583832249e-06, 1.75116965693e-05, 0.00011104290752, 0.00199996377341, 0.100143700838, 3.78021359444, 4.92204666138, 0.207506582141, 0.248397156596, 14.8780422211, 28.8044090271, 3.45362639427, 207.266662598, 126.669090271, 2.28587150574, 2.809019804, 75.107673645, 29.7199306488, 20.7969036102, 1.40345919132, 1.99988138676, 1.9606795311, 0.23539930582, 0.147252485156, 0.114087641239, 0.156929910183, 0.0903574973345, 0.00886180251837, 0.00624639075249, 0.00475445762277, 0.00343477888964, 0.0134810358286, 0.00425304844975, 0.000191883023945, 5.81684471399e-05, 1.317449005e-05, 2.98573422697e-06, 5.14109524374e-06, 1.15105904115e-05],
        "dvar": [8.20875485641e-12, 2.04137835108e-11, 7.50599443711e-11, 2.41127717793e-09, 6.09825747233e-07, 0.00138621835504, 2.54908847809, 4.61706066132, 0.00790912285447, 0.00577577017248, 20.4373626709, 129.221221924, 1.64961159229, 5826.37011719, 2956.04638672, 1.77854061127, 3.00668740273, 1045.09448242, 207.778320312, 78.7298126221, 0.272658139467, 0.645262897015, 0.919435977936, 0.0200645066798, 0.00458444282413, 0.00327822938561, 0.0188135672361, 0.00572563381866, 0.000112541332783, 0.000109056039946, 5.41929148312e-05, 6.63840764901e-05, 0.00128527206834, 0.000107982523332, 1.1379304965e-07, 7.91871190842e-09, 1.77519832167e-10, 4.01927666496e-12, 4.2932489161e-12, 2.10126308714e-11],
        "dvar2": [2.7003916464e-11, 6.1292047826e-11, 2.17935697266e-10, 6.56330678694e-09, 1.68029703218e-06, 0.00419413577765, 6.50504016876, 12.4416894913, 0.0226270854473, 0.0189244411886, 67.3107299805, 387.936950684, 4.75315523148, 18441.359375, 8997.56738281, 4.50770616531, 8.44212818146, 3594.73413086, 678.881958008, 279.242889404, 0.87623500824, 2.20616388321, 3.00383901596, 0.0618174895644, 0.0154526149854, 0.00979980546981, 0.0671455413103, 0.0194178353995, 0.00028300069971, 0.000334312178893, 0.000155453046318, 0.000161017800565, 0.00351773086004, 0.000298953760648, 3.17491611668e-07, 2.42240005832e-08, 4.62342802932e-10, 9.58814191238e-12, 1.25525327979e-11, 6.33592969757e-11],
        "max": [2.72786601272e-05, 3.38735771948e-05, 0.00010137908248, 0.000944485480431, 0.0166851636022, 0.78880572319, 33.9123153687, 37.6770744324, 1.4484295845, 0.990396916866, 58.7664337158, 174.009094238, 28.1304283142, 1312.03491211, 1150.43457031, 34.1777038574, 36.0157279968, 419.768127441, 236.816253662, 97.1835632324, 7.64945363998, 7.4546585083, 7.96868944168, 1.51275956631, 0.506046652794, 0.515096187592, 1.18573319912, 0.712960958481, 0.219123333693, 0.195722103119, 0.108893290162, 0.149579301476, 0.591547727585, 0.163611784577, 0.005592179019, 0.00157168577425, 0.000288351613563, 4.41873089585e-05, 4.76987261209e-05, 9.89529580693e-05],
        "mean": [3.5362206745e-06, 1.01006171462e-05, 3.8827995013e-05, 0.000326577166561, 0.00573178613558, 0.303087830544, 10.0227985382, 5.33933925629, 0.204467952251, 0.334496885538, 19.3094348907, 64.2409744263, 14.5897407532, 657.279785156, 535.162658691, 16.5047397614, 7.51422357559, 170.9637146, 100.636154175, 37.7325515747, 2.40412402153, 1.7893371582, 1.7707079649, 0.351596236229, 0.169137120247, 0.155270174146, 0.17692039907, 0.123042397201, 0.019021410495, 0.00745020620525, 0.00447880523279, 0.00387434614822, 0.0121015841141, 0.0045737256296, 0.000362986815162, 0.000136686488986, 4.87895777042e-05, 1.34148276629e-05, 2.31303311011e-05, 4.82558061776e-05],
        "median": [2.54067526839e-06, 8.95376251719e-06, 3.81040081265e-05, 0.000322637322824, 0.00560379400849, 0.299227893353, 9.71571922302, 4.79845619202, 0.183171719313, 0.329423069954, 18.8652648926, 61.4084701538, 14.4072856903, 649.356689453, 524.697937012, 16.2079982758, 6.84718513489, 158.280639648, 94.9651489258, 35.4061813354, 2.29696989059, 1.57725477219, 1.45447635651, 0.308575510979, 0.153836518526, 0.129170760512, 0.0732117444277, 0.0450012609363, 0.00793982669711, 0.00326501764357, 0.00176950974856, 0.00158574222587, 0.00435448624194, 0.00169562874362, 0.000198944035219, 9.68003441812e-05, 4.12114422943e-05, 1.21524453789e-05, 2.28014887398e-05, 4.76772365801e-05],
        "min": [1.43968614807e-10, 3.9372211047e-10, 5.89490456449e-10, 8.95191587524e-10, 1.36505762249e-09, 2.06465999852e-09, 3.0745919144e-09, 4.42291847591e-09, 2.89090840155e-09, 1.26013977031e-09, 5.23144816356e-09, 1.0154431962e-08, 3.5684273314e-09, 3.58849483462e-09, 4.60902160881e-09, 9.43912148443e-09, 1.68088050145e-08, 9.80629621949e-09, 7.23480075848e-09, 1.30867130466e-08, 7.96703591988e-09, 1.28115855702e-08, 1.39278135691e-08, 1.78828809538e-08, 3.96096844213e-08, 3.77431632614e-08, 2.24959730843e-08, 1.90765039321e-08, 2.33947883288e-08, 3.30250458092e-08, 7.08120140303e-08, 2.48035352257e-08, 1.37721309912e-08, 1.46276661894e-08, 2.0934368905e-08, 2.68230166967e-08, 1.52644581419e-08, 4.56604842825e-09, 7.36525063161e-10, 1.00376484902e-10],
        "stdev": [3.14611702379e-06, 4.83456733491e-06, 1.05367780634e-05, 7.62078489061e-05, 0.00136398850009, 0.0668484345078, 2.72332262993, 2.94276309013, 0.118814267218, 0.121567569673, 7.13581228256, 20.6298313141, 3.50516057014, 167.429244995, 158.886520386, 4.7561750412, 3.29741072655, 68.4575271606, 40.5891304016, 15.7655391693, 0.882919788361, 1.00681483746, 1.14897072315, 0.176758930087, 0.0776401013136, 0.0918075293303, 0.206770896912, 0.152384206653, 0.0231493264437, 0.0136533388868, 0.00984533317387, 0.0108205042779, 0.0413036346436, 0.0127047719434, 0.000541774905287, 0.000141966287629, 2.90427306027e-05, 5.23284688825e-06, 6.12032226854e-06, 1.3121883967e-05],
        "var": [9.89805199608e-12, 2.33730396149e-11, 1.1102369718e-10, 5.80763570568e-09, 1.86046474937e-06, 0.00446871342137, 7.41648578644, 8.65985488892, 0.0141168292612, 0.0147786736488, 50.9198188782, 425.589904785, 12.2861499786, 28032.5527344, 25244.9277344, 22.6212024689, 10.872918129, 4686.43261719, 1647.47766113, 248.552215576, 0.779547393322, 1.01367604733, 1.32013368607, 0.0312437172979, 0.00602798582986, 0.00842862296849, 0.0427542030811, 0.0232209470123, 0.000535891274922, 0.000186413657502, 9.69305838225e-05, 0.000117083305668, 0.00170599017292, 0.000161411226145, 2.93520031391e-07, 2.01544256839e-08, 8.43480174595e-10, 2.73826881309e-11, 3.74583454532e-11, 1.72183850511e-10]
    },
    "gfcc": {
        "mean": [-153.748016357, 106.35194397, -237.059844971, -97.2007446289, -66.8469314575, -16.630033493, -36.9537315369, -27.2049770355, -27.4190120697, -17.3741779327, -7.02753019333, -5.8782248497, 39.7424736023],
        "cov": [[2839.72460938, 206.132003784, -606.145446777, -271.352203369, -304.650115967, -42.0670547485, -11.9215993881, -150.893508911, -51.4718780518, -89.5498123169, 20.0879707336, -78.0520629883, 163.639984131], [206.132003784, 200.114685059, -80.4443588257, -116.997032166, 73.6917648315, -60.2302818298, -6.90078163147, 0.907683432102, 10.0312309265, -28.700586319, 14.7111539841, -1.58349728584, 25.2500457764], [-606.145446777, -80.4443588257, 184.355453491, 89.0461120605, 17.5669631958, 44.264793396, 0.629371225834, 30.5356254578, 16.3522930145, 40.6978569031, 0.296587437391, 20.8745002747, -39.1695899963], [-271.352203369, -116.997032166, 89.0461120605, 107.765281677, -23.6261367798, 40.3325538635, 12.6677322388, 9.36661243439, 0.935221254826, 29.7187957764, -9.36088275909, 12.0607280731, -18.5419540405], [-304.650115967, 73.6917648315, 17.5669631958, -23.6261367798, 122.872947693, -32.9122848511, -3.76590871811, 32.4927406311, 9.26119613647, -16.9220905304, 2.52723407745, 12.4921579361, -7.27231359482], [-42.0670547485, -60.2302818298, 44.264793396, 40.3325538635, -32.9122848511, 38.3045959473, 2.67044019699, -2.42638850212, 2.44373440742, 18.7155056, -0.346030384302, 3.7987742424, -5.92954444885], [-11.9215993881, -6.90078163147, 0.629371225834, 12.6677322388, -3.76590871811, 2.67044019699, 21.2250099182, -4.78445863724, -0.361423969269, 11.4537067413, -2.24443340302, -0.867836356163, 0.740027487278], [-150.893508911, 0.907683432102, 30.5356254578, 9.36661243439, 32.4927406311, -2.42638850212, -4.78445863724, 31.2396030426, 6.71001291275, -5.52958536148, 4.8423910141, 4.86732769012, -8.72255134583], [-51.4718780518, 10.0312309265, 16.3522930145, 0.935221254826, 9.26119613647, 2.44373440742, -0.361423969269, 6.71001291275, 9.24337291718, 1.6644564867, 1.67488276958, 3.87705087662, -2.73340892792], [-89.5498123169, -28.700586319, 40.6978569031, 29.7187957764, -16.9220905304, 18.7155056, 11.4537067413, -5.52958536148, 1.6644564867, 24.5709190369, -2.83260083199, 2.76884794235, -5.5440454483], [20.0879707336, 14.7111539841, 0.296587437391, -9.36088275909, 2.52723407745, -0.346030384302, -2.24443340302, 4.8423910141, 1.67488276958, -2.83260083199, 7.916451931, -0.199604853988, 1.38415980339], [-78.0520629883, -1.58349728584, 20.8745002747, 12.0607280731, 12.4921579361, 3.7987742424, -0.867836356163, 4.86732769012, 3.87705087662, 2.76884794235, -0.199604853988, 7.8079366684, -3.61426615715], [163.639984131, 25.2500457764, -39.1695899963, -18.5419540405, -7.27231359482, -5.92954444885, 0.740027487278, -8.72255134583, -2.73340892792, -5.5440454483, 1.38415980339, -3.61426615715, 14.9784545898]],
        "icov": [[0.0177552867681, -0.0268819648772, 0.0589826591313, -0.00316197378561, 0.042858555913, -0.0519525967538, 0.0125843184069, -0.0213840939105, 0.0177817549556, -0.00449477508664, -0.0037072240375, -0.0235725287348, -0.0149279739708], [-0.0268819648772, 0.105249799788, -0.0960009768605, 0.0523493736982, -0.0778160914779, 0.14413203299, -0.0183537900448, 0.0414613224566, -0.0843358337879, -0.0347236171365, -0.0469265468419, -0.01693784073, -0.0536497160792], [0.0589826591313, -0.0960009768605, 0.248366549611, -0.0277466885746, 0.134930878878, -0.186445489526, 0.0777028501034, -0.0869873538613, 0.0460323244333, -0.0865896642208, -0.0371666252613, -0.0939444229007, 0.0269178058952], [-0.00316197378561, 0.0523493736982, -0.0277466885746, 0.0780594348907, -0.00396297266707, 0.0372074432671, -0.0286369938403, -0.0166570078582, -0.00624819425866, -0.0215692427009, 0.0102776465937, -0.0869321897626, -0.056162584573], [0.042858555913, -0.0778160914779, 0.134930878878, -0.00396297266707, 0.132262244821, -0.123131304979, 0.0137951979414, -0.0743967816234, 0.0653026998043, 0.0108653921634, 0.0202094651759, -0.0936264693737, -0.0261597875506], [-0.0519525967538, 0.14413203299, -0.186445489526, 0.0372074432671, -0.123131304979, 0.297689348459, -0.0195146072656, 0.0787138938904, -0.12922000885, -0.0528631955385, -0.0696425512433, 0.0116772288457, -0.0459231957793], [0.0125843184069, -0.0183537900448, 0.0777028501034, -0.0286369938403, 0.0137951979414, -0.0195146072656, 0.118239186704, -0.0126297287643, -0.0183553639799, -0.105210319161, -0.0340492650867, 0.0182278603315, 0.0122330542654], [-0.0213840939105, 0.0414613224566, -0.0869873538613, -0.0166570078582, -0.0743967816234, 0.0787138938904, -0.0126297287643, 0.123984672129, -0.0723922774196, 0.0495886728168, -0.0586749501526, 0.0777715370059, 0.0128275314346], [0.0177817549556, -0.0843358337879, 0.0460323244333, -0.00624819425866, 0.0653026998043, -0.12922000885, -0.0183553639799, -0.0723922774196, 0.262914568186, 0.0402475558221, 0.0652361288667, -0.0767743438482, 0.0381696373224], [-0.00449477508664, -0.0347236171365, -0.0865896642208, -0.0215692427009, 0.0108653921634, -0.0528631955385, -0.105210319161, 0.0495886728168, 0.0402475558221, 0.256424039602, 0.0754775479436, 0.0617633238435, -0.0168885178864], [-0.0037072240375, -0.0469265468419, -0.0371666252613, 0.0102776465937, 0.0202094651759, -0.0696425512433, -0.0340492650867, -0.0586749501526, 0.0652361288667, 0.0754775479436, 0.266032546759, 0.0213517639786, 0.00530390301719], [-0.0235725287348, -0.01693784073, -0.0939444229007, -0.0869321897626, -0.0936264693737, 0.0116772288457, 0.0182278603315, 0.0777715370059, -0.0767743438482, 0.0617633238435, 0.0213517639786, 0.408177316189, 0.0417225435376], [-0.0149279739708, -0.0536497160792, 0.0269178058952, -0.056162584573, -0.0261597875506, -0.0459231957793, 0.0122330542654, 0.0128275314346, 0.0381696373224, -0.0168885178864, 0.00530390301719, 0.0417225435376, 0.307435870171]]
    },
    "melbands": {
        "dmean": [1.63056732561e-08, 4.43594627697e-09, 4.28592850099e-09, 5.59492377761e-07, 5.8346780861e-05, 6.42580125714e-05, 2.02844304908e-07, 7.95266501541e-08, 0.000107084779302, 8.43950547278e-05, 8.53638795206e-08, 0.000411101500504, 0.000430293614045, 9.67435127563e-08, 7.94427705841e-06, 2.21904497266e-06, 9.60649558692e-05, 4.22543998866e-05, 2.29536490224e-05, 3.63448361895e-06, 5.6800990933e-07, 9.47000899032e-07, 8.41105020299e-07, 9.97538450065e-07, 5.54128263275e-08, 4.20624353126e-08, 9.04595225393e-08, 2.61823682735e-08, 4.82302233706e-08, 6.30395788903e-08, 1.92158289281e-08, 3.23670112934e-09, 1.84392723312e-09, 2.36011121757e-09, 2.07695594057e-09, 5.89187643119e-10, 1.33024891102e-09, 3.81450915299e-09, 7.79373721116e-09, 5.48189327265e-10],
        "dmean2": [2.99792404235e-08, 8.00403388013e-09, 7.39852401566e-09, 1.03880620372e-06, 0.000107276282506, 0.000118806456157, 3.81489201118e-07, 1.44343914599e-07, 0.000197690314963, 0.000156940091983, 1.56646137839e-07, 0.000765480741393, 0.000795768457465, 1.6981262263e-07, 1.48869694385e-05, 4.15499789597e-06, 0.000178078509634, 7.75411754148e-05, 4.27130398748e-05, 6.68667871651e-06, 1.03535558083e-06, 1.76032961008e-06, 1.55602265295e-06, 1.84332407116e-06, 1.03581577093e-07, 7.75876145553e-08, 1.67627618453e-07, 4.71179539829e-08, 8.74638885762e-08, 1.18758059386e-07, 3.51257192222e-08, 5.61447643932e-09, 3.26144466989e-09, 4.34734559462e-09, 3.65293906235e-09, 9.89085924274e-10, 2.21864082661e-09, 6.61925358969e-09, 1.38699212116e-08, 9.36861033196e-10],
        "dvar": [3.55418148102e-16, 1.46844311801e-17, 1.31805423802e-17, 1.14897999968e-13, 2.04966865702e-09, 2.68696109806e-09, 3.20026293063e-14, 8.49837727453e-15, 3.93038313007e-09, 3.82278253497e-09, 3.05996208732e-14, 8.0147145809e-08, 1.09754530797e-07, 2.08063868733e-14, 4.2944144768e-11, 4.53424580868e-12, 6.00477401136e-09, 1.47089129765e-09, 2.97606633781e-10, 9.06656867639e-12, 3.0869398834e-13, 5.21421285055e-13, 3.37038963362e-13, 8.62306753779e-13, 2.63445542508e-15, 1.25165338638e-15, 5.82422692092e-15, 7.81783987624e-16, 5.72372688525e-15, 1.11166780872e-14, 7.76173876656e-16, 3.11123539507e-17, 2.84013687547e-17, 4.1685809983e-17, 2.73217739783e-17, 4.78437419911e-18, 2.41553563719e-17, 2.99564557332e-16, 1.21201510318e-15, 2.58575646188e-18],
        "dvar2": [1.10265584403e-15, 4.25702050242e-17, 4.22372284317e-17, 3.94460858292e-13, 5.27857757504e-09, 7.15248837935e-09, 1.1183582001e-13, 2.62436827912e-14, 1.25285142261e-08, 1.15168310444e-08, 9.42116867918e-14, 2.52964980518e-07, 3.3488504414e-07, 6.34684294595e-14, 1.28969585012e-10, 1.46428095343e-11, 2.05650518836e-08, 4.76673678307e-09, 1.07492381662e-09, 3.10522892122e-11, 9.92391932519e-13, 1.79065724921e-12, 1.12716444251e-12, 2.76778296462e-12, 8.9989364769e-15, 4.29854863523e-15, 1.94669838382e-14, 1.9923038659e-15, 2.04424913547e-14, 3.9044068407e-14, 2.43153343597e-15, 7.92822176886e-17, 8.74743762473e-17, 1.26994988037e-16, 7.96271850912e-17, 1.20657154999e-17, 5.68065094531e-17, 7.87662237459e-16, 3.43459196969e-15, 6.43065262886e-18],
        "max": [2.12951633216e-07, 2.78564105116e-08, 2.57086725242e-08, 3.32157242156e-06, 0.000929749105126, 0.000942382321227, 1.6875720803e-06, 1.08359586193e-06, 0.000846036884468, 0.000945198058616, 2.46746571975e-06, 0.0049052531831, 0.00690486608073, 2.19068351726e-06, 0.000102583886473, 3.3091797377e-05, 0.00102616113145, 0.000620740407612, 0.000162302181707, 4.08022133342e-05, 8.95467564987e-06, 6.46053013043e-06, 6.3176871663e-06, 7.28911891201e-06, 6.33028207631e-07, 2.88823656547e-07, 5.53815311832e-07, 3.67084652453e-07, 7.3421841762e-07, 9.03641875993e-07, 3.52130228976e-07, 9.63031752121e-08, 8.37064888515e-08, 1.1697809299e-07, 7.26383504457e-08, 3.55460691992e-08, 9.26330656625e-08, 3.03500002019e-07, 5.32709350409e-07, 2.68276192372e-08],
        "mean": [2.27459100444e-08, 8.0913657996e-09, 9.24450205275e-09, 1.78705715825e-06, 0.000261028966634, 0.000153404282173, 2.19910120336e-07, 1.02662653489e-07, 0.00029790418921, 0.000342798623024, 1.32145899556e-07, 0.0024601535406, 0.00326780974865, 3.21124105085e-07, 1.19328451547e-05, 3.24389202433e-06, 0.0004183750425, 0.000256592582446, 5.80908636039e-05, 1.60735617101e-05, 9.87856878965e-07, 1.48160847857e-06, 1.47302125697e-06, 1.54737529101e-06, 1.24369236687e-07, 1.04609000573e-07, 1.41170559687e-07, 8.47674499482e-08, 9.31139609861e-08, 1.28891187501e-07, 5.0756938208e-08, 8.67782112834e-09, 4.21323864686e-09, 4.0952481406e-09, 3.10648595736e-09, 1.11613596143e-09, 2.50340681518e-09, 6.22868112643e-09, 1.19700747092e-08, 1.38839628683e-09],
        "median": [1.56012660568e-08, 7.39454364407e-09, 8.58763193889e-09, 1.80041547537e-06, 0.000251625431702, 0.000141060649185, 1.72037943003e-07, 8.67645653102e-08, 0.000288515060674, 0.000327624205966, 1.09527896086e-07, 0.00243084644899, 0.00322000565939, 2.85744079065e-07, 1.04514110717e-05, 2.69209795078e-06, 0.000386880274164, 0.000241022295086, 5.4417825595e-05, 1.48138351506e-05, 7.30231022317e-07, 1.30222201733e-06, 1.34330718993e-06, 1.17193633287e-06, 1.2170772834e-07, 1.0188954036e-07, 1.10771878781e-07, 7.54804503345e-08, 4.66001459642e-08, 3.98811437208e-08, 2.2166485536e-08, 3.92111498826e-09, 1.66927782708e-09, 1.74673431275e-09, 1.23456889156e-09, 4.2487735552e-10, 1.09878106613e-09, 2.46706077789e-09, 3.88685883479e-09, 5.6286642014e-10],
        "min": [1.22039281892e-12, 3.6627826965e-13, 1.66665970304e-13, 1.22696733958e-13, 1.06209135996e-13, 9.90496611597e-14, 3.85076458296e-14, 1.47001551556e-14, 5.29744908421e-14, 5.99919690748e-14, 1.64916908255e-14, 1.50441420118e-14, 1.28111717334e-14, 2.10408269584e-14, 3.07271941994e-14, 3.75628923853e-14, 1.56090943529e-14, 1.10743620153e-14, 1.29961959163e-14, 1.70376357472e-14, 8.08907909595e-15, 1.08928021971e-14, 1.76666441079e-14, 8.46351763358e-15, 1.47715871382e-14, 2.22490635534e-14, 3.3893884471e-14, 2.43023510387e-14, 1.3081052524e-14, 1.46489282971e-14, 7.74414610401e-15, 1.09952542202e-14, 1.7257027445e-14, 1.67356837481e-14, 4.24864577385e-14, 2.87504937392e-14, 1.08741996595e-14, 8.54164541154e-15, 1.16356009639e-14, 1.21953694634e-14],
        "stdev": [2.39863844342e-08, 4.24477075711e-09, 4.00888922059e-09, 4.48910469686e-07, 7.49765167711e-05, 7.32488624635e-05, 1.78963588837e-07, 8.73423147141e-08, 0.0001039471681, 0.000110920991574, 1.40996931464e-07, 0.000626434455626, 0.000935997115448, 1.77108617549e-07, 9.26946540858e-06, 2.87858665615e-06, 0.000168839280377, 0.000111122186354, 2.81810207525e-05, 6.72761370879e-06, 9.34358183713e-07, 8.91953334303e-07, 7.29023781787e-07, 1.17697993574e-06, 5.82895474111e-08, 4.08534361895e-08, 9.59385459964e-08, 4.80193982355e-08, 1.02060795371e-07, 1.76726132395e-07, 5.79481387319e-08, 1.12765192739e-08, 6.86632928293e-09, 8.32201152434e-09, 6.85066758876e-09, 2.96055358007e-09, 6.71906619232e-09, 2.09850341548e-08, 3.89609020601e-08, 2.75130895844e-09],
