{
"lowlevel": {
    "average_loudness": 0.99068403244,
    "barkbands_crest": {
        "dmean": 1.06045031548,
        "dmean2": 1.26915132999,
        "dvar": 9.23215389252,
        "dvar2": 9.73405170441,
        "max": 25.5043582916,
        "mean": 22.7422828674,
        "median": 24.7224330902,
        "min": 7.02339315414,
        "stdev": 5.34030008316,
        "var": 28.5188064575
    },
    "barkbands_flatness_db": {
        "dmean": 0.0695063769817,
        "dmean2": 0.094779074192,
        "dvar": 0.00664178933948,
        "dvar2": 0.0103100975975,
        "max": 0.964104831219,
        "mean": 0.49901035428,
        "median": 0.4884070158,
        "min": 0.040741443634,
        "stdev": 0.247358679771,
        "var": 0.0611863136292
    },
    "barkbands_kurtosis": {
        "dmean": 36.5223083496,
        "dmean2": 51.8376235962,
        "dvar": 3835.20532227,
        "dvar2": 9085.484375,
        "max": 326.959411621,
        "mean": 59.9225540161,
        "median": 40.5806159973,
        "min": 0.0153596401215,
        "stdev": 57.7462768555,
        "var": 3334.63256836
    },
    "barkbands_skewness": {
        "dmean": 1.52419257164,
        "dmean2": 2.00297141075,
        "dvar": 10.2810220718,
        "dvar2": 27.3951206207,
        "max": 14.6079816818,
        "mean": 2.69113659859,
        "median": 3.14462757111,
        "min": -3.4098842144,
        "stdev": 4.24163007736,
        "var": 17.9914245605
    },
    "barkbands_spread": {
        "dmean": 1.29618966579,
        "dmean2": 1.15556979179,
        "dvar": 11.7463550568,
        "dvar2": 9.48219299316,
        "max": 33.7879829407,
        "mean": 3.15525197983,
        "median": 0.490009725094,
        "min": 0.05295637995,
        "stdev": 6.55420398712,
        "var": 42.9575881958
    },
    "dissonance": {
        "dmean": 0.0241710897535,
        "dmean2": 0.0373225547373,
        "dvar": 0.000338318321155,
        "dvar2": 0.000666804029606,
        "max": 0.499078005552,
        "mean": 0.462361067533,
        "median": 0.465461045504,
        "min": 0.348979145288,
        "stdev": 0.0323979519308,
        "var": 0.0010496272007
    },
    "dynamic_complexity": 3.34451961517,
    "erbbands_crest": {
        "dmean": 1.56833636761,
        "dmean2": 1.07814192772,
        "dvar": 7.51914072037,
        "dvar2": 5.08869171143,
        "max": 26.1147518158,
        "mean": 15.5131549835,
        "median": 12.2710666656,
        "min": 2.18535280228,
        "stdev": 8.36365890503,
        "var": 69.9507827759
    },
    "erbbands_flatness_db": {
        "dmean": 0.040918700397,
        "dmean2": 0.0651110559702,
        "dvar": 0.00315717118792,
        "dvar2": 0.00591032579541,
        "max": 0.539871931076,
        "mean": 0.285907268524,
        "median": 0.25175756216,
        "min": 0.0689800009131,
        "stdev": 0.128757253289,
        "var": 0.0165784284472
    },
    "erbbands_kurtosis": {
        "dmean": 23.6638889313,
        "dmean2": 38.2253189087,
        "dvar": 2469.09765625,
        "dvar2": 5608.16015625,
        "max": 292.348327637,
        "mean": 79.2312393188,
        "median": 3.4210934639,
        "min": -1.01127481461,
        "stdev": 111.819587708,
        "var": 12503.6201172
    },
    "erbbands_skewness": {
        "dmean": 1.45576298237,
        "dmean2": 2.4523525238,
        "dvar": 5.16504144669,
        "dvar2": 13.6246376038,
        "max": 12.7826528549,
        "mean": 3.92116165161,
        "median": 1.27037000656,
        "min": -0.138834059238,
        "stdev": 4.63169145584,
        "var": 21.4525661469
    },
    "erbbands_spread": {
        "dmean": 4.31283283234,
        "dmean2": 5.91095161438,
        "dvar": 112.549911499,
        "dvar2": 230.456085205,
        "max": 59.4720954895,
        "mean": 15.9042444229,
        "median": 17.8434009552,
        "min": 0.447419792414,
        "stdev": 15.0079622269,
        "var": 225.238937378
    },
    "hfc": {
        "dmean": 2.36707782745,
        "dmean2": 1.7872273922,
        "dvar": 38.0310134888,
        "dvar2": 24.0859985352,
        "max": 70.6050491333,
        "mean": 10.1134805679,
        "median": 7.90634536743,
        "min": 0.0535160042346,
        "stdev": 12.5435581207,
        "var": 157.34085083
    },
    "loudness_ebu128": {
        "integrated": -9.53878211975,
        "loudness_range": 0,
        "momentary": {
            "dmean": 0.634908676147,
            "dmean2": 0.458503723145,
            "dvar": 0.255839914083,
            "dvar2": 0.0638113617897,
            "max": -8.77442073822,
            "mean": -9.63003540039,
            "median": -9.14565467834,
            "min": -11.3140554428,
            "stdev": 0.923233866692,
            "var": 0.852360725403
        },
        "short_term": {
            "dmean": 0,
            "dmean2": 0,
            "dvar": 0,
            "dvar2": 0,
            "max": -15.6014957428,
            "mean": -15.6014957428,
            "median": -15.6014957428,
            "min": -15.6014957428,
            "stdev": 0,
            "var": 0
        }
    },
    "melbands_crest": {
        "dmean": 1.56251752377,
        "dmean2": 1.46237838268,
        "dvar": 13.3876094818,
        "dvar2": 10.1567277908,
        "max": 34.9583396912,
        "mean": 30.7887840271,
        "median": 33.9534988403,
        "min": 8.20509719849,
        "stdev": 7.71293449402,
        "var": 59.4893608093
    },
    "melbands_flatness_db": {
        "dmean": 0.0703520178795,
        "dmean2": 0.0891660898924,
        "dvar": 0.00592223880813,
        "dvar2": 0.00638238107786,
        "max": 1,
        "mean": 0.630586624146,
        "median": 0.622493326664,
        "min": 0.0912350937724,
        "stdev": 0.269411206245,
        "var": 0.0725823938847
    },
    "melbands_kurtosis": {
        "dmean": 30.469751358,
        "dmean2": 41.9301261902,
        "dvar": 7249.79541016,
        "dvar2": 18985.6074219,
        "max": 399.000793457,
        "mean": 48.6807594299,
        "median": 25.6119880676,
        "min": 1.7036151886,
        "stdev": 67.618057251,
        "var": 4572.20214844
    },
    "melbands_skewness": {
        "dmean": 1.12380921841,
        "dmean2": 1.340747118,
        "dvar": 5.57275724411,
        "dvar2": 15.1464481354,
        "max": 13.8463907242,
        "mean": 4.65135002136,
        "median": 4.28566169739,
        "min": 0.520444333553,
        "stdev": 2.78074884415,
        "var": 7.73256444931
    },
    "melbands_spread": {
        "dmean": 1.19223177433,
        "dmean2": 0.864556789398,
        "dvar": 7.78694009781,
        "dvar2": 3.92696237564,
        "max": 34.2165794373,
        "mean": 3.23367142677,
        "median": 0.424507170916,
        "min": 0.11138355732,
        "stdev": 7.08170604706,
        "var": 50.1505622864
    },
    "pitch_salience": {
        "dmean": 0.0496379621327,
        "dmean2": 0.059657279402,
        "dvar": 0.0151470322162,
        "dvar2": 0.0173064954579,
        "max": 0.80683785677,
        "mean": 0.168710172176,
        "median": 0.106421977282,
        "min": 0.0189891140908,
        "stdev": 0.207722485065,
        "var": 0.0431486330926
    },
    "silence_rate_20dB": {
        "dmean": 0,
        "dmean2": 0,
        "dvar": 0,
        "dvar2": 0,
        "max": 1,
        "mean": 1,
        "median": 1,
        "min": 1,
        "stdev": 0,
        "var": 0
    },
    "silence_rate_30dB": {
        "dmean": 0.0571428574622,
        "dmean2": 0.117647059262,
        "dvar": 0.0538775473833,
        "dvar2": 0.103806234896,
        "max": 1,
        "mean": 0.416666656733,
        "median": 0,
        "min": 0,
        "stdev": 0.493006646633,
        "var": 0.243055552244
    },
    "silence_rate_60dB": {
        "dmean": 0.0285714287311,
        "dmean2": 0.0294117648154,
        "dvar": 0.0277551021427,
        "dvar2": 0.0285467095673,
        "max": 1,
        "mean": 0.0277777779847,
        "median": 0,
        "min": 0,
        "stdev": 0.164335548878,
        "var": 0.0270061716437
    },
    "spectral_centroid": {
        "dmean": 74.1716308594,
        "dmean2": 81.8776702881,
        "dvar": 33883.90625,
        "dvar2": 37311.4414062,
        "max": 2128.50366211,
        "mean": 364.961578369,
        "median": 193.016342163,
        "min": 51.8010139465,
        "stdev": 422.282196045,
        "var": 178322.25
    },
    "spectral_complexity": {
        "dmean": 1.34285712242,
        "dmean2": 1.32352936268,
        "dvar": 3.65387988091,
        "dvar2": 1.57179963589,
        "max": 35,
        "mean": 8.16666698456,
        "median": 6,
        "min": 0,
        "stdev": 8.19383144379,
        "var": 67.1388778687
    },
    "spectral_decrease": {
        "dmean": 3.07238834374e-09,
        "dmean2": 3.36409722301e-09,
        "dvar": 2.03323840067e-17,
        "dvar2": 4.58492250729e-17,
        "max": -5.03174932276e-11,
        "mean": -2.48406610837e-08,
        "median": -3.15656620842e-08,
        "min": -3.98066504204e-08,
        "stdev": 1.30115394015e-08,
        "var": 1.69300167702e-16
    },
    "spectral_energy": {
        "dmean": 0.0116023374721,
        "dmean2": 0.0127900391817,
        "dvar": 0.000294537225273,
        "dvar2": 0.000671307207085,
        "max": 0.150946736336,
        "mean": 0.0946716219187,
        "median": 0.120033152401,
        "min": 0.000194763983018,
        "stdev": 0.0491007789969,
        "var": 0.0024108865764
    },
    "spectral_energyband_high": {
        "dmean": 0.000143133642268,
        "dmean2": 0.000144985620864,
        "dvar": 4.76669953287e-07,
        "dvar2": 4.55266985e-07,
        "max": 0.00500333216041,
        "mean": 0.000199136993615,
        "median": 1.06667016553e-06,
        "min": 2.95530155903e-10,
        "stdev": 0.000832197605632,
        "var": 6.92552816872e-07
    },
    "spectral_energyband_low": {
        "dmean": 0.0112556414679,
        "dmean2": 0.011316748336,
        "dvar": 0.000279170810245,
        "dvar2": 0.000500881636981,
        "max": 0.15002630651,
        "mean": 0.0891645550728,
        "median": 0.110272735357,
        "min": 0.000130562344566,
        "stdev": 0.0512796081603,
        "var": 0.00262959813699
    },
    "spectral_energyband_middle_high": {
        "dmean": 0.000709705636837,
        "dmean2": 0.00114069413394,
        "dvar": 5.39446409675e-06,
        "dvar2": 1.46303964357e-05,
        "max": 0.0174281429499,
        "mean": 0.00147000746801,
        "median": 1.87844016182e-05,
        "min": 3.46358959291e-08,
        "stdev": 0.0034300412517,
        "var": 1.17651834444e-05
    },
    "spectral_energyband_middle_low": {
        "dmean": 0.00092095049331,
        "dmean2": 0.000906137109268,
        "dvar": 2.70641567113e-06,
        "dvar2": 4.74038733955e-06,
        "max": 0.0242576524615,
        "mean": 0.00395727204159,
        "median": 0.00153209362179,
        "min": 8.34482918322e-08,
        "stdev": 0.00608475878835,
        "var": 3.70242887584e-05
    },
    "spectral_entropy": {
        "dmean": 0.348404318094,
        "dmean2": 0.278856575489,
        "dvar": 0.393940985203,
        "dvar2": 0.192669034004,
        "max": 8.38537502289,
        "mean": 5.47910642624,
        "median": 5.82381343842,
        "min": 2.75792002678,
        "stdev": 1.94495093822,
        "var": 3.78283429146
    },
    "spectral_flux": {
        "dmean": 0.0197273902595,
        "dmean2": 0.0278881657869,
        "dvar": 0.00116426276509,
        "dvar2": 0.00240025552921,
        "max": 0.287706583738,
        "mean": 0.0526312962174,
        "median": 0.0271753873676,
        "min": 0.0156157836318,
        "stdev": 0.0620136074722,
        "var": 0.00384568748996
    },
    "spectral_kurtosis": {
        "dmean": 82.1181335449,
        "dmean2": 140.412734985,
        "dvar": 11085.5917969,
        "dvar2": 35270.0859375,
        "max": 491.01473999,
        "mean": 127.804168701,
        "median": 31.7376766205,
        "min": 1.61018514633,
        "stdev": 148.575469971,
        "var": 22074.671875
    },
    "spectral_rms": {
        "dmean": 0.000740013783798,
        "dmean2": 0.000797868124209,
        "dvar": 1.26247823573e-06,
        "dvar2": 2.9633961276e-06,
        "max": 0.0121352830902,
        "mean": 0.00908886361867,
        "median": 0.0108213033527,
        "min": 0.000435905531049,
        "stdev": 0.003123318078,
        "var": 9.75511557044e-06
    },
    "spectral_rolloff": {
        "dmean": 105.8203125,
        "dmean2": 105.766029358,
        "dvar": 188422.484375,
        "dvar2": 186272.546875,
        "max": 3552.97851562,
        "mean": 230.285644531,
        "median": 64.599609375,
        "min": 64.599609375,
        "stdev": 602.070800781,
        "var": 362489.25
    },
    "spectral_skewness": {
        "dmean": 2.22676181793,
        "dmean2": 3.31366348267,
        "dvar": 5.52506494522,
        "dvar2": 15.605301857,
        "max": 18.6515445709,
        "mean": 7.8927526474,
        "median": 3.90695428848,
        "min": 1.26785743237,
        "stdev": 6.02083921432,
        "var": 36.25050354
    },
    "spectral_spread": {
        "dmean": 1372014.625,
        "dmean2": 1297982.875,
        "dvar": 1.1132545794e+13,
        "dvar2": 4.78619159757e+12,
        "max": 31421746,
        "mean": 3485319,
        "median": 2090962.25,
        "min": 182193.671875,
        "stdev": 5433342.5,
        "var": 2.95212123423e+13
    },
    "spectral_strongpeak": {
        "dmean": 0.0941361114383,
        "dmean2": 0.0933905765414,
        "dvar": 0.0318655371666,
        "dvar2": 0.0637127161026,
        "max": 1.45619308949,
        "mean": 0.728141367435,
        "median": 0.809110760689,
        "min": 0,
        "stdev": 0.268091738224,
        "var": 0.0718731731176
    },
    "zerocrossingrate": {
        "dmean": 0.00273437495343,
        "dmean2": 0.00284352013841,
        "dvar": 4.92940598633e-05,
        "dvar2": 5.54459402338e-05,
        "max": 0.06005859375,
        "mean": 0.00678168423474,
        "median": 0.00244140625,
        "min": 0.0009765625,
        "stdev": 0.0131175080314,
        "var": 0.000172069005203
    },
    "barkbands": {
        "dmean": [0.000895174394827, 0.0103436009958, 0.00101766840089, 0.000111313253001, 6.82476893417e-05, 4.67925819976e-05, 0.000108407264634, 0.00053280510474, 0.000252324505709, 0.00012972249533, 0.000588554656133, 9.51100955717e-05, 2.00642916752e-05, 2.42154073931e-05, 2.03160434467e-05, 1.98290563276e-05, 1.60134586622e-05, 2.85650312435e-05, 3.82810430892e-05, 5.20952162333e-05, 3.37299934472e-05, 2.08518376894e-05, 2.20518704737e-05, 1.75798322744e-05, 1.77894744411e-05, 8.07324249763e-06, 3.47791251443e-06],
        "dmean2": [0.000872935401276, 0.00989455822855, 0.00184801220894, 0.000132056360599, 0.000100369543361, 5.78176623094e-05, 0.000126849190565, 0.000777337641921, 0.000254428450717, 0.000180681527127, 0.000871514319442, 0.000156177382451, 2.44700659096e-05, 3.03729284497e-05, 1.41529963003e-05, 1.06669358502e-05, 3.00203919323e-05, 2.38280099438e-05, 2.91583910439e-05, 5.44234098925e-05, 3.34011565428e-05, 2.50990578934e-05, 2.49419390457e-05, 1.5623645595e-05, 1.58655784617e-05, 6.7584592216e-06, 3.20531853504e-06],
        "dvar": [5.80506366532e-07, 0.000240813678829, 8.86845373316e-06, 1.98644389826e-08, 1.76467036539e-08, 1.30823911704e-08, 5.64381856805e-08, 1.80976326192e-06, 2.17635644617e-07, 6.85768739572e-08, 3.97387839257e-06, 7.59683800311e-08, 2.00509275849e-09, 6.88761048195e-09, 3.60109719821e-09, 4.4622319173e-09, 4.82152806569e-09, 1.62391184944e-08, 2.60881947156e-08, 7.30062410526e-08, 2.59499124411e-08, 8.50494963345e-09, 1.1589752269e-08, 7.17449921694e-09, 7.98046162487e-09, 1.45111844763e-09, 3.2089558788e-10],
        "dvar2": [6.62843433474e-07, 0.00039576634299, 2.83104236587e-05, 7.16379204846e-08, 5.29275752115e-08, 2.8992891643e-08, 8.59570548073e-08, 4.63400920125e-06, 2.77183602293e-07, 1.75165439487e-07, 9.87030034594e-06, 2.1558099661e-07, 2.9254949574e-09, 7.21443393914e-09, 1.125925575e-09, 1.607679323e-09, 1.03696811138e-08, 1.02901003274e-08, 1.43157672383e-08, 7.36517975497e-08, 2.41389628286e-08, 9.37751654106e-09, 1.2244716352e-08, 6.22433260489e-09, 6.72375000121e-09, 1.09198472487e-09, 2.78814971111e-10],
        "max": [0.0113933840767, 0.138406559825, 0.0135510535911, 0.00112287246156, 0.000804905721452, 0.0007019721088, 0.0027863024734, 0.0130357230082, 0.00722491648048, 0.00244581326842, 0.0112084047869, 0.00165978516452, 0.000350195594365, 0.000622395193204, 0.000606161309406, 0.000662942766212, 0.000474933185615, 0.000975917791948, 0.00132261321414, 0.00182138278615, 0.00117563584354, 0.00070968340151, 0.000759263406508, 0.000614325399511, 0.000621877377853, 0.000281821732642, 0.000120931275887],
        "mean": [0.00486728874967, 0.0831615924835, 0.00108108879067, 0.000352700968506, 0.000143881203257, 0.000100250261312, 0.000528222764842, 0.00152937683742, 0.00115477468353, 0.000367417291272, 0.000653371971566, 0.000195290107513, 4.99235611642e-05, 3.68010514649e-05, 4.2988685891e-05, 3.89074084524e-05, 3.5540178942e-05, 4.02294826927e-05, 5.64487490919e-05, 6.61721642246e-05, 4.71138337161e-05, 3.26227200276e-05, 3.00633255392e-05, 2.35855550272e-05, 2.17116084968e-05, 1.04234486571e-05, 3.98138672608e-06],
        "median": [0.0052257142961, 0.103881210089, 0.00077561091166, 0.000275742437225, 7.342043682e-05, 3.17816993629e-05, 0.000195345986867, 0.000156906171469, 9.01175153558e-05, 1.39340936585e-05, 2.4141168069e-06, 3.2034022297e-06, 1.050795845e-06, 1.61651860253e-06, 1.88785304545e-06, 6.35271078409e-07, 4.51942639756e-07, 6.57211899124e-07, 2.68888356914e-07, 4.02649931175e-07, 2.04426143569e-07, 1.58778476589e-07, 1.05197756284e-07, 3.86276894915e-08, 2.07118233675e-08, 1.51330219467e-08, 1.37353666219e-08],
        "min": [2.85677633656e-05, 7.37783921068e-05, 1.2591970517e-05, 4.83927955486e-08, 6.83096246235e-09, 1.74937886399e-09, 8.77418693257e-10, 5.68536773216e-10, 2.02981720321e-09, 1.6417409654e-09, 1.22095054067e-08, 6.54541709721e-09, 7.6955473105e-09, 1.67320490796e-09, 5.73698144546e-10, 1.16317157295e-10, 6.42232100834e-11, 4.63570598574e-10, 1.35046453187e-11, 1.4876216578e-11, 2.13681537742e-11, 2.72929127215e-11, 2.18227727555e-11, 2.79184037e-11, 4.81324702317e-11, 6.21339577012e-11, 8.7325695286e-11],
        "stdev": [0.00312615465373, 0.0481370836496, 0.00218848627992, 0.000360038888175, 0.000199437286938, 0.000152058026288, 0.000678191776387, 0.00309591623954, 0.00185775815044, 0.000591905612964, 0.00194126972929, 0.00039742316585, 0.000101690187876, 0.000106008170405, 0.000108677428216, 0.000120992022858, 0.000104867154732, 0.000162546857609, 0.000223460243433, 0.000299931241898, 0.000195571628865, 0.000121091383335, 0.000126212355099, 0.000101872981759, 0.000102559330116, 4.68484067824e-05, 1.99016794795e-05],
        "var": [9.77284253167e-06, 0.00231717899442, 4.78947231386e-06, 1.29628006107e-07, 3.97752337733e-08, 2.31216432667e-08, 4.59944061504e-07, 9.58469718171e-06, 3.45126522916e-06, 3.5035228052e-07, 3.76852813133e-06, 1.5794518049e-07, 1.0340894363e-08, 1.12377325223e-08, 1.18107834624e-08, 1.46390704003e-08, 1.09971196594e-08, 2.64214818912e-08, 4.99344814386e-08, 8.995874623e-08, 3.82482632233e-08, 1.46631231601e-08, 1.5929558117e-08, 1.03781037097e-08, 1.05184163601e-08, 2.19477325203e-09, 3.96076810238e-10]
    },
    "erbbands": {
        "dmean": [0.411338597536, 2.08352327347, 1.9676245451, 0.551313102245, 0.348310232162, 0.196162208915, 0.296225845814, 0.412121981382, 1.74726521969, 3.90249156952, 13.5126209259, 9.13071250916, 3.8613960743, 13.8426351547, 17.5535335541, 3.4363296032, 1.30798435211, 1.21374058723, 0.650039255619, 1.43201649189, 1.00175786018, 0.851107478142, 1.46595430374, 2.30205631256, 2.13487434387, 2.24323821068, 1.67264807224, 0.906032204628, 0.694921374321, 1.10076451302, 0.552247703075, 0.384203225374, 0.265899509192, 0.223485559225, 0.102932415903, 0.0319396704435, 0.0158611275256, 0.00540478527546, 0.00058708130382, 2.34792951233e-05],
        "dmean2": [0.250310391188, 2.70858764648, 3.32043266296, 0.872872948647, 0.505257427692, 0.269783169031, 0.37822496891, 0.549800992012, 2.14401006699, 5.70166397095, 19.256570816, 11.5483484268, 4.28170776367, 15.089468956, 28.3699378967, 5.45109605789, 1.76971447468, 1.5037279129, 0.576876759529, 1.08183848858, 1.00307440758, 1.25265419483, 1.2705591917, 1.97857952118, 1.63143098354, 2.23025751114, 1.7367631197, 0.910585105419, 0.895520746708, 1.15420567989, 0.644056558609, 0.320164322853, 0.26568838954, 0.202471971512, 0.0875747203827, 0.0254410300404, 0.0136484885588, 0.00497280806303, 0.0005267894594, 2.26247630053e-05],
        "dvar": [0.267566144466, 15.3295793533, 27.9454879761, 1.16425001621, 0.352183699608, 0.183950141072, 0.953173279762, 0.91542673111, 10.6682281494, 90.6169586182, 1163.57824707, 375.280487061, 54.0170783997, 1705.25915527, 3063.73388672, 79.2212753296, 9.46606254578, 20.000617981, 2.62871932983, 26.1692752838, 12.9318637848, 11.4411878586, 41.2572784424, 118.658218384, 86.2538070679, 126.361610413, 70.651725769, 15.255566597, 7.17933368683, 30.1187286377, 6.69574785233, 3.24103498459, 1.71861588955, 1.30120372772, 0.245797455311, 0.0207323506474, 0.0059207691811, 0.000783989031333, 8.70244548423e-06, 3.78507447607e-09],
        "dvar2": [0.244105279446, 29.0464286804, 82.0249404907, 4.13579940796, 1.09663462639, 0.537292301655, 1.08666050434, 2.20653152466, 23.1277542114, 163.893722534, 2997.953125, 963.358032227, 91.2491607666, 3480.46948242, 9089.51464844, 263.306793213, 19.8939266205, 20.9499588013, 1.78361165524, 10.2750301361, 12.6787977219, 17.92436409, 25.51030159, 88.1414031982, 49.3544387817, 121.839775085, 70.3001098633, 13.3318004608, 9.91074085236, 29.377325058, 7.43035888672, 2.58666539192, 1.63426589966, 1.17838609219, 0.18267352879, 0.0135205630213, 0.00478563085198, 0.000693799578585, 7.24386882212e-06, 3.23464988128e-09],
        "max": [7.1207909584, 27.2094669342, 26.8216114044, 4.91958093643, 3.71091938019, 2.3486969471, 7.57496261597, 5.1986041069, 24.906337738, 111.812591553, 326.484649658, 186.80039978, 80.4122619629, 250.102676392, 319.243896484, 51.9110374451, 20.5436897278, 33.123085022, 19.5986557007, 45.6094055176, 33.1653518677, 27.9079742432, 49.7048721313, 79.6889724731, 74.6560897827, 78.3185043335, 58.4695625305, 31.3503246307, 20.6681785583, 38.4395866394, 18.4541988373, 13.4288959503, 9.29007816315, 7.81354761124, 3.59737181664, 1.114985466, 0.553793370724, 0.188678905368, 0.0204273704439, 0.000481860304717],
        "mean": [4.12140226364, 11.7305116653, 2.91740512848, 1.17588949203, 0.771234333515, 0.378739744425, 0.654944658279, 0.993562936783, 5.12201023102, 16.5213127136, 38.5147972107, 26.8194961548, 14.3060998917, 16.7217941284, 21.728767395, 6.51263523102, 2.76738405228, 1.96961462498, 1.85206520557, 2.50334787369, 2.19997000694, 1.94415581226, 2.08630156517, 3.05829310417, 3.07795214653, 2.95867538452, 2.24474430084, 1.41860318184, 1.04589641094, 1.44035112858, 0.755747616291, 0.526835501194, 0.355257809162, 0.272492229939, 0.129619464278, 0.0434064492583, 0.0198948681355, 0.00620238902047, 0.000730077445041, 0.000117814954137],
        "median": [5.18319511414, 14.6300029755, 2.52558088303, 0.850497961044, 0.43953320384, 0.27548956871, 0.24240835011, 0.226937815547, 1.56046164036, 3.41261053085, 3.66252017021, 2.78586959839, 0.801635980606, 0.139291077852, 0.114094227552, 0.123125545681, 0.0640991404653, 0.0755067542195, 0.113821782172, 0.0586504712701, 0.0364047884941, 0.0285947900265, 0.0365881808102, 0.024746241048, 0.0150724342093, 0.0194697342813, 0.00892844796181, 0.00848026014864, 0.00570622319356, 0.00464638648555, 0.00233665341511, 0.00112296198495, 0.000674489652738, 0.00033338405774, 0.000201181886951, 0.000123999343487, 6.2956547481e-05, 1.13944752229e-05, 6.39150675852e-05, 0.000132505520014],
        "min": [0.00248774373904, 0.0152480900288, 0.0371257774532, 0.0166967567056, 0.0021976896096, 0.000714740192052, 0.000314479228109, 0.000189539248822, 0.000140090007335, 0.000108789419755, 7.84640797065e-05, 8.61689113663e-05, 0.000110121203761, 0.000280006061075, 0.000522927672137, 0.000259001797531, 0.00036326382542, 0.000152881548274, 8.8480708655e-05, 2.64932932623e-05, 1.27372104544e-05, 1.59855244419e-05, 2.87402235699e-05, 5.74003070142e-06, 2.51904862125e-06, 1.57910096732e-06, 3.53073028236e-06, 5.49499736735e-06, 7.90376179793e-06, 1.00130637293e-05, 1.24780690385e-05, 1.29574991661e-05, 1.24233320093e-05, 1.17748159028e-05, 1.06423758552e-05, 8.6573390945e-06, 5.32762669536e-06, 4.78118522551e-07, 6.82722475176e-06, 3.27677958012e-06],
        "stdev": [2.48426961899, 7.09508705139, 4.32867479324, 1.1667047739, 0.848157048225, 0.527593612671, 1.30496776104, 1.41790854931, 6.23489284515, 27.8955574036, 77.9031600952, 45.052986145, 22.0143299103, 45.2522697449, 57.3079833984, 12.4286174774, 5.73150968552, 5.66404533386, 4.05540704727, 7.84516239166, 6.50597333908, 5.83936166763, 8.29642105103, 13.1907091141, 12.5733184814, 12.9353637695, 9.66428375244, 5.33209705353, 3.62011408806, 6.36200428009, 3.08374190331, 2.23431873322, 1.53852272034, 1.28704321384, 0.596059143543, 0.186609759927, 0.0917390063405, 0.0310529414564, 0.00336138694547, 7.96559397713e-05],
        "var": [6.17159557343, 50.340259552, 18.7374248505, 1.36119997501, 0.719370365143, 0.278355002403, 1.70294082165, 2.01046466827, 38.8738861084, 778.16217041, 6068.90283203, 2029.77148438, 484.630706787, 2047.76806641, 3284.20483398, 154.470535278, 32.8502044678, 32.0814094543, 16.4463272095, 61.5465698242, 42.3276901245, 34.0981445312, 68.8305969238, 173.994812012, 158.08833313, 167.323638916, 93.3983764648, 28.4312572479, 13.105225563, 40.4750976562, 9.50946426392, 4.99217987061, 2.36705207825, 1.65648019314, 0.355286508799, 0.0348232015967, 0.00841604545712, 0.000964285165537, 1.12989228001e-05, 6.34506847064e-09]
    },
    "gfcc": {
        "mean": [-204.516662598, 144.734603882, -27.4395465851, 25.9741001129, -12.4000854492, 28.1096496582, 14.8758506775, 23.1828327179, 10.1483383179, 6.14077329636, 1.71089470387, -4.89279270172, -2.64716124535],
        "cov": [[32081.7207031, -2372.60449219, -10173.1806641, -2081.42700195, -6737.42480469, -1457.97814941, -1789.64941406, 1411.56262207, -542.02935791, 562.624145508, -1378.95471191, 97.0303039551, -705.575439453], [-2372.60449219, 1794.2677002, 1093.65649414, -91.1047744751, 532.579833984, -158.047973633, 291.172027588, -87.3432159424, 415.21762085, -13.3621864319, 181.581192017, -264.337768555, 76.5096817017], [-10173.1806641, 1093.65649414, 3641.02148438, 538.56427002, 2132.82958984, 406.547637939, 605.201477051, -435.980041504, 229.11265564, -186.574249268, 446.746612549, -92.1614761353, 201.652297974], [-2081.42700195, -91.1047744751, 538.56427002, 306.858551025, 502.781646729, 158.020095825, 130.546035767, -88.595916748, 5.7793469429, -37.087978363, 112.237724304, 43.5472946167, 69.2246780396], [-6737.42480469, 532.579833984, 2132.82958984, 502.781646729, 1541.73132324, 357.627471924, 428.590454102, -294.71697998, 133.841201782, -121.919715881, 322.984863281, -17.0578403473, 162.214309692], [-1457.97814941, -158.047973633, 406.547637939, 158.020095825, 357.627471924, 263.297271729, 130.324920654, -21.5154323578, -32.3821640015, -31.88697052, 87.8583068848, 84.424118042, 57.1186752319], [-1789.64941406, 291.172027588, 605.201477051, 130.546035767, 428.590454102, 130.324920654, 193.023300171, -40.5918312073, 87.2134780884, -28.103219986, 112.649749756, -17.7702541351, 60.4039916992], [1411.56262207, -87.3432159424, -435.980041504, -88.595916748, -294.71697998, -21.5154323578, -40.5918312073, 99.2439956665, -4.06757974625, 28.3946018219, -48.8388252258, 15.4592580795, -15.0568389893], [-542.02935791, 415.21762085, 229.11265564, 5.7793469429, 133.841201782, -32.3821640015, 87.2134780884, -4.06757974625, 126.287376404, 6.93840408325, 54.3202934265, -62.9491424561, 29.7123298645], [562.624145508, -13.3621864319, -186.574249268, -37.087978363, -121.919715881, -31.88697052, -28.103219986, 28.3946018219, 6.93840408325, 22.564081192, -16.6895198822, -1.14051878452, -9.11801433563], [-1378.95471191, 181.581192017, 446.746612549, 112.237724304, 322.984863281, 87.8583068848, 112.649749756, -48.8388252258, 54.3202934265, -16.6895198822, 91.3257369995, -3.23559427261, 46.5715065002], [97.0303039551, -264.337768555, -92.1614761353, 43.5472946167, -17.0578403473, 84.424118042, -17.7702541351, 15.4592580795, -62.9491424561, -1.14051878452, -3.23559427261, 65.1914215088, 10.2475728989], [-705.575439453, 76.5096817017, 201.652297974, 69.2246780396, 162.214309692, 57.1186752319, 60.4039916992, -15.0568389893, 29.7123298645, -9.11801433563, 46.5715065002, 10.2475728989, 41.9968070984]],
        "icov": [[0.00102108495776, -0.00051072658971, 0.00144065648783, -7.47024751035e-05, 0.00113147473894, 0.000588896102272, 0.00163259787951, -0.00616408558562, 0.0027455992531, 0.000747537065763, -0.00339264259674, 0.00194969179574, 0.00306787411682], [-0.00051072658971, 0.00618752790615, -0.000577392871492, 0.00568350730464, 0.00113226496615, 0.000234029677813, -0.00290274666622, 0.00988925248384, -0.016525151208, 0.0108242863789, -0.0058235116303, 0.00259560137056, -0.0035540596582], [0.00144065648783, -0.000577392871492, 0.00442989077419, 0.00324295042083, -0.00134552794043, 0.00482434453443, -0.00128834927455, -0.00585274584591, 0.00067794957431, 0.0082189142704, -0.00766080711037, -0.00687116663903, 0.00850693881512], [-7.47024751035e-05, 0.00568350730464, 0.00324295042083, 0.0224391147494, -0.00632582278922, 0.01932557486, -0.0167207717896, 0.0139138344675, -0.0239513274282, 0.0237529035658, -0.0122289508581, -0.0466901883483, 0.0100759537891], [0.00113147473894, 0.00113226496615, -0.00134552794043, -0.00632582278922, 0.0206735786051, -0.0110861472785, -0.00762474304065, 0.0228560864925, -0.00807061325759, 0.00791164021939, -0.00356601900421, 0.0101170334965, -0.0028654683847], [0.000588896102272, 0.000234029677813, 0.00482434453443, 0.01932557486, -0.0110861472785, 0.0714540332556, -0.0512560382485, 0.00636806478724, -0.032183252275, 0.044569671154, -0.00904127769172, -0.156603455544, 0.0567752681673], [0.00163259787951, -0.00290274666622, -0.00128834927455, -0.0167207717896, -0.00762474304065, -0.0512560382485, 0.0998674184084, -0.0836927741766, 0.0538539774716, -0.0217956714332, -0.0424027442932, 0.162968084216, -0.043594982475], [-0.00616408558562, 0.00988925248384, -0.00585274584591, 0.0139138344675, 0.0228560864925, 0.00636806478724, -0.0836927741766, 0.173245772719, -0.11366147548, 0.0282156188041, 0.0673123523593, -0.142873421311, 0.0158932413906], [0.0027455992531, -0.016525151208, 0.00067794957431, -0.0239513274282, -0.00807061325759, -0.032183252275, 0.0538539774716, -0.11366147548, 0.196683108807, -0.114399045706, -0.0468505509198, 0.228140637279, -0.0985089689493], [0.000747537065763, 0.0108242863789, 0.0082189142704, 0.0237529035658, 0.00791164021939, 0.044569671154, -0.0217956714332, 0.0282156188041, -0.114399045706, 0.205796778202, -0.0510496683419, -0.152338072658, 0.0839099064469], [-0.00339264259674, -0.0058235116303, -0.00766080711037, -0.0122289508581, -0.00356601900421, -0.00904127769172, -0.0424027442932, 0.0673123523593, -0.0468505509198, -0.0510496683419, 0.153247475624, -0.0752752944827, -0.00776639208198], [0.00194969179574, 0.00259560137056, -0.00687116663903, -0.0466901883483, 0.0101170334965, -0.156603455544, 0.162968084216, -0.142873421311, 0.228140637279, -0.152338072658, -0.0752752944827, 0.577556312084, -0.225660040975], [0.00306787411682, -0.0035540596582, 0.00850693881512, 0.0100759537891, -0.0028654683847, 0.0567752681673, -0.043594982475, 0.0158932413906, -0.0985089689493, 0.0839099064469, -0.00776639208198, -0.225660040975, 0.178210601211]]
    },
    "melbands": {
        "dmean": [0.00322303455323, 0.00150468503125, 9.1386216809e-05, 1.57303402375e-05, 1.08066460598e-05, 1.0281847608e-05, 2.51242454397e-05, 6.62413658574e-05, 9.47854277911e-05, 5.51713164896e-05, 2.07429930015e-05, 5.25522591488e-05, 7.9258767073e-05, 1.28427882373e-05, 5.56317581868e-06, 1.96713881451e-06, 2.29883266911e-06, 9.35261141422e-07, 1.84283794624e-06, 1.59511364473e-06, 1.12015811737e-06, 1.07796677185e-06, 1.64925074841e-06, 9.86284135251e-07, 2.09467907553e-06, 1.0631109717e-06, 2.10508005694e-06, 1.30341231852e-06, 9.93794969872e-07, 1.03765523818e-06, 3.30407232241e-07, 3.87818630543e-07, 4.64717686555e-07, 6.43863984351e-07, 3.7722074353e-07, 1.52396864905e-07, 2.57003193838e-07, 1.91883444245e-07, 1.57691317781e-07, 2.07669728525e-07],
        "dmean2": [0.0023426534608, 0.00217018439434, 0.000147939586896, 2.3980412152e-05, 1.46290012708e-05, 1.23760901261e-05, 2.88583541987e-05, 0.000103908765595, 0.000129472202389, 6.92923640599e-05, 2.39305318246e-05, 5.67409733776e-05, 0.000124226498883, 2.07270422834e-05, 7.97127358965e-06, 2.32043271353e-06, 2.87041461888e-06, 1.31342699206e-06, 1.62927904057e-06, 1.00149372884e-06, 1.61946570643e-06, 1.8429445845e-06, 1.49660354509e-06, 8.00033205905e-07, 1.85797330232e-06, 6.48854779683e-07, 1.94380140783e-06, 1.32122204377e-06, 1.07223650048e-06, 1.02261299162e-06, 3.40412867672e-07, 5.31945659077e-07, 4.31313281979e-07, 6.81514052303e-07, 4.48586177981e-07, 1.19412263189e-07, 2.20988212618e-07, 1.93266060933e-07, 1.42048861562e-07, 1.93327181819e-07],
        "dvar": [1.88007870747e-05, 1.13941032396e-05, 3.90948180495e-08, 8.7524032466e-10, 1.01670871722e-09, 4.68819150168e-10, 2.30398544687e-09, 3.04285592279e-08, 5.23146894693e-08, 1.36836968423e-08, 1.49877887878e-09, 2.37786768054e-08, 7.32790752522e-08, 1.29994681686e-09, 1.71460831644e-10, 1.87923721723e-11, 8.30355922909e-11, 7.09017827089e-12, 3.84452608637e-11, 3.11711247092e-11, 1.95589586194e-11, 1.76075525687e-11, 5.17746956419e-11, 1.59477916983e-11, 1.02339324515e-10, 1.4877954771e-11, 1.15510899457e-10, 4.05039890516e-11, 2.42638478753e-11, 2.61332726292e-11, 1.49759707673e-12, 1.7223705101e-12, 3.97998908136e-12, 1.07870830324e-11, 3.02442966504e-12, 4.00915113824e-13, 1.52261536712e-12, 8.98696590236e-13, 5.84339326058e-13, 1.17703936875e-12],
        "dvar2": [2.71830303973e-05, 2.83543340629e-05, 1.36345306601e-07, 2.81189671547e-09, 1.33759414656e-09, 1.0272466211e-09, 4.63479787882e-09, 7.32403506731e-08, 1.21880830761e-07, 3.6870044795e-08, 3.21443027751e-09, 4.7447748841e-08, 1.98191727918e-07, 3.35930572248e-09, 4.61591292966e-10, 2.68085050686e-11, 8.73113387145e-11, 1.13979060565e-11, 2.1861181268e-11, 8.96895405167e-12, 2.95086385882e-11, 4.30981153543e-11, 3.32363130073e-11, 7.94931828696e-12, 8.05241290314e-11, 4.41101582344e-12, 1.03775328608e-10, 3.91168347713e-11, 2.52050463834e-11, 2.44049312009e-11, 1.21344438404e-12, 3.22317996945e-12, 3.23110787258e-12, 1.07219736561e-11, 3.53176602547e-12, 2.86309577392e-13, 1.25532125927e-12, 8.57459611127e-13, 5.16859016524e-13, 1.09355937934e-12],
        "max": [0.048506937921, 0.0195414107293, 0.000927561486606, 0.000178409944056, 0.000237681990257, 0.000135497801239, 0.000384556013159, 0.0017094592331, 0.00243389490061, 0.00103203637991, 0.000377911317628, 0.000929983798414, 0.00148036435712, 0.000235747604165, 8.54970348882e-05, 3.79809571314e-05, 6.48512868793e-05, 2.59264743363e-05, 5.2713236073e-05, 5.3939063946e-05, 3.57864228135e-05, 2.84202506009e-05, 5.47441777599e-05, 3.32506206178e-05, 7.21345131751e-05, 3.6663182982e-05, 7.32298140065e-05, 4.54473483842e-05, 3.42239327438e-05, 3.61288366548e-05, 1.13434143714e-05, 9.31458544073e-06, 1.61561165442e-05, 2.2449541575e-05, 1.21328839668e-05, 5.30865372639e-06, 8.98516009329e-06, 6.69703831591e-06, 5.50986715098e-06, 7.26148437025e-06],
        "mean": [0.0285461675376, 0.00534678669646, 0.000181460171007, 3.71281275875e-05, 2.07215271075e-05, 2.56740386249e-05, 8.37136612972e-05, 0.00021164122154, 0.000314937293297, 0.000153829852934, 6.64881299599e-05, 6.27618210274e-05, 8.49666103022e-05, 2.7250029234e-05, 9.75698912953e-06, 4.29659303336e-06, 3.49293418367e-06, 2.78236689155e-06, 3.25647579302e-06, 2.99103567158e-06, 2.55015947914e-06, 1.98334009838e-06, 2.22417725126e-06, 1.53272708303e-06, 2.67923951469e-06, 1.81146037903e-06, 2.55945928984e-06, 1.79669564204e-06, 1.35439756832e-06, 1.36037579068e-06, 6.15261285475e-07, 5.14219834713e-07, 7.10385165803e-07, 8.14903671653e-07, 4.86749570427e-07, 2.46624779265e-07, 3.40599058291e-07, 2.5509950774e-07, 2.10263465306e-07, 2.44626278345e-07],
        "median": [0.0361743196845, 0.00613647606224, 0.000124755781144, 2.04738771572e-05, 7.01543967807e-06, 5.9605063143e-06, 3.02922417177e-05, 3.87551262975e-05, 2.62656394625e-05, 1.5110053937e-05, 3.22787491314e-06, 5.23185008205e-07, 3.27180714521e-07, 4.5209466748e-07, 1.69877679923e-07, 1.21947579146e-07, 1.37266312095e-07, 1.8532008994e-07, 1.2094241697e-07, 5.78324730327e-08, 3.71241455355e-08, 2.36087167593e-08, 3.61471883537e-08, 3.04594429679e-08, 1.52554644473e-08, 9.22880438736e-09, 1.45233212123e-08, 1.19529648401e-08, 5.62977975349e-09, 4.91735452357e-09, 4.77689887646e-09, 3.34516303546e-09, 2.6942157394e-09, 2.50837972615e-09, 1.13366249721e-09, 1.17697296353e-09, 4.88794338338e-10, 4.99655539166e-10, 2.58691040811e-10, 2.09351508351e-10],
        "min": [2.27520340559e-05, 1.95240554604e-05, 6.26226153599e-07, 4.35322755621e-09, 5.27781096604e-10, 3.21317555896e-10, 1.88332488493e-10, 1.50856188652e-10, 9.87654055762e-11, 2.8511062955e-10, 3.48074985501e-10, 9.09586073128e-10, 1.77830195014e-09, 5.59689128377e-10, 8.20949253022e-10, 6.79339473564e-10, 2.06106062772e-10, 1.39212238959e-10, 3.30466383425e-11, 1.18055201032e-11, 3.0502269547e-12, 3.24746783284e-12, 2.56779979224e-11, 1.27895636789e-11, 6.75066990155e-13, 5.19440772947e-13, 4.54186872573e-13, 4.49900370864e-13, 6.08223269926e-13, 5.42615865434e-13, 4.79233731691e-13, 5.01882552444e-13, 5.35793089583e-13, 2.91633877421e-13, 4.18056160436e-13, 3.07817790354e-13, 3.16390685352e-13, 3.9724487263e-13, 3.27228532899e-13, 3.97823158964e-13],
        "stdev": [0.0167217496783, 0.00390129094012, 0.000195078988327, 4.31661574112e-05, 4.17124720116e-05, 3.50078516931e-05, 0.000101612036815, 0.000391007604776, 0.000615195429418, 0.000252838217421, 0.000100604309409, 0.000167994963704, 0.00025326636387, 5.67104107176e-05, 1.99688383873e-05, 9.07609592105e-06, 1.08937874757e-05, 6.0494085119e-06, 8.96655365068e-06, 9.57653264777e-06, 7.44610451875e-06, 5.76050160817e-06, 9.11934876058e-06, 5.63392450204e-06, 1.19052019727e-05, 6.47476645099e-06, 1.20489812616e-05, 7.53749463911e-06, 5.66547987546e-06, 5.97759117227e-06, 2.03315448744e-06, 1.68507096987e-06, 2.74932835964e-06, 3.70372231373e-06, 2.02457749765e-06, 9.05887645786e-07, 1.48978392644e-06, 1.10867756575e-06, 9.13285362003e-07, 1.19401295251e-06],
        "var": [0.000279616913758, 1.52200709636e-05, 3.80558091706e-08, 1.86331705621e-09, 1.73993031094e-09, 1.22554966175e-09, 1.03250066275e-08, 1.52886954652e-07, 3.78465443873e-07, 6.39271675595e-08, 1.01212265236e-08, 2.82223062698e-08, 6.41438475668e-08, 3.21607052101e-09, 3.98754529396e-10, 8.23755230694e-11, 1.18674597926e-10, 3.65953413406e-11, 8.03990832243e-11, 9.17099729492e-11, 5.54444753997e-11, 3.31833761857e-11, 8.31625254771e-11, 3.17411062711e-11, 1.41733833003e-10, 4.19226008075e-11, 1.45177939115e-10, 5.68138244783e-11, 3.20976613344e-11, 3.57315982358e-11, 4.13371680635e-12, 2.8394641239e-12, 7.55880601166e-12, 1.37175592066e-11, 4.09891391662e-12, 8.20632407514e-13, 2.21945617267e-12, 1.22916596606e-12, 8.3409012119e-13, 1.42566687622e-12]
    },
    "melbands128": {
