{
"lowlevel": {
    "average_loudness": 0.714154183865,
    "barkbands_crest": {
        "dmean": 2.0355758667,
        "dmean2": 3.46358275414,
        "dvar": 4.37620544434,
        "dvar2": 12.3234329224,
        "max": 24.9016933441,
        "mean": 8.35043811798,
        "median": 7.00653982162,
        "min": 2.06649017334,
        "stdev": 4.75464582443,
        "var": 22.6066570282
    },
    "barkbands_flatness_db": {
        "dmean": 0.0194473545998,
        "dmean2": 0.0302198678255,
        "dvar": 0.000401894620154,
        "dvar2": 0.00091570650693,
        "max": 0.341836810112,
        "mean": 0.147328153253,
        "median": 0.125971987844,
        "min": 0.0207012388855,
        "stdev": 0.0740533024073,
        "var": 0.00548389181495
    },
    "barkbands_kurtosis": {
        "dmean": 1.53073763847,
        "dmean2": 2.56250739098,
        "dvar": 3.27144694328,
        "dvar2": 8.9117565155,
        "max": 22.8168468475,
        "mean": 1.8784788847,
        "median": 1.1432518959,
        "min": -1.69373571873,
        "stdev": 3.32733893394,
        "var": 11.071185112
    },
    "barkbands_skewness": {
        "dmean": 0.411131888628,
        "dmean2": 0.692953109741,
        "dvar": 0.152475744486,
        "dvar2": 0.43792656064,
        "max": 4.06635332108,
        "mean": 1.05598044395,
        "median": 1.11422789097,
        "min": -1.19010674953,
        "stdev": 0.862457633018,
        "var": 0.743833184242
    },
    "barkbands_spread": {
        "dmean": 5.66730308533,
        "dmean2": 9.61822414398,
        "dvar": 110.789520264,
        "dvar2": 270.808837891,
        "max": 125.752090454,
        "mean": 26.8675251007,
        "median": 18.4193649292,
        "min": 2.92146110535,
        "stdev": 27.5148525238,
        "var": 757.067077637
    },
    "dissonance": {
        "dmean": 0.0192128773779,
        "dmean2": 0.0332902744412,
        "dvar": 0.000521788897458,
        "dvar2": 0.00146461755503,
        "max": 0.499999940395,
        "mean": 0.466665446758,
        "median": 0.478436052799,
        "min": 0.25359031558,
        "stdev": 0.0371064022183,
        "var": 0.00137688498944
    },
    "dynamic_complexity": 7.64339351654,
    "erbbands_crest": {
        "dmean": 1.92954647541,
        "dmean2": 3.14182209969,
        "dvar": 3.53076934814,
        "dvar2": 8.73649215698,
        "max": 27.5857086182,
        "mean": 7.36425352097,
        "median": 6.01009511948,
        "min": 2.62191605568,
        "stdev": 4.3094086647,
        "var": 18.5710010529
    },
    "erbbands_flatness_db": {
        "dmean": 0.0171686615795,
        "dmean2": 0.026379391551,
        "dvar": 0.000390192028135,
        "dvar2": 0.000883480010089,
        "max": 0.353651970625,
        "mean": 0.192450642586,
        "median": 0.177209466696,
        "min": 0.0708468332887,
        "stdev": 0.0664664432406,
        "var": 0.00441778777167
    },
    "erbbands_kurtosis": {
        "dmean": 0.586387991905,
        "dmean2": 0.985597074032,
        "dvar": 0.376172989607,
        "dvar2": 0.957641243935,
        "max": 6.38953399658,
        "mean": -0.227217406034,
        "median": -0.407546520233,
        "min": -1.42059111595,
        "stdev": 0.88283598423,
        "var": 0.779399335384
    },
    "erbbands_skewness": {
        "dmean": 0.325839549303,
        "dmean2": 0.537588298321,
        "dvar": 0.0899557620287,
        "dvar2": 0.237068802118,
        "max": 2.68978571892,
        "mean": 0.315949201584,
        "median": 0.318795800209,
        "min": -1.16867399216,
        "stdev": 0.595755755901,
        "var": 0.354924917221
    },
    "erbbands_spread": {
        "dmean": 6.30862808228,
        "dmean2": 10.4457654953,
        "dvar": 32.4888572693,
        "dvar2": 91.2938613892,
        "max": 66.7345428467,
        "mean": 33.1664123535,
        "median": 32.6818351746,
        "min": 11.2436714172,
        "stdev": 10.0684871674,
        "var": 101.374427795
    },
    "hfc": {
        "dmean": 4.92356157303,
        "dmean2": 7.49304580688,
        "dvar": 190.864456177,
        "dvar2": 470.956481934,
        "max": 277.667419434,
        "mean": 13.2178106308,
        "median": 4.94396543503,
        "min": 6.96150621593e-08,
        "stdev": 25.3813304901,
        "var": 644.211975098
    },
    "loudness_ebu128": {
        "integrated": -12.5850219727,
        "loudness_range": 15.5612287521,
        "momentary": {
            "dmean": 0.93922907114,
            "dmean2": 0.808551609516,
            "dvar": 2.02175569534,
            "dvar2": 2.11519360542,
            "max": -6.10690450668,
            "mean": -21.6866817474,
            "median": -15.3748044968,
            "min": -86.8785629272,
            "stdev": 18.6275367737,
            "var": 346.985137939
        },
        "short_term": {
            "dmean": 0.212359875441,
            "dmean2": 0.0939996913075,
            "dvar": 0.046563025564,
            "dvar2": 0.00956337992102,
            "max": -9.47550678253,
            "mean": -15.9190769196,
            "median": -13.0764656067,
            "min": -35.5063552856,
            "stdev": 6.43771791458,
            "var": 41.4442100525
        }
    },
    "melbands_crest": {
        "dmean": 2.83360743523,
        "dmean2": 4.81996202469,
        "dvar": 6.97232913971,
        "dvar2": 19.7228431702,
        "max": 31.8126125336,
        "mean": 11.797036171,
        "median": 10.6738948822,
        "min": 3.00940155983,
        "stdev": 5.48292207718,
        "var": 30.0624351501
    },
    "melbands_flatness_db": {
        "dmean": 0.0259175617248,
        "dmean2": 0.0414121039212,
        "dvar": 0.000761459523346,
        "dvar2": 0.00177308160346,
        "max": 0.467687606812,
        "mean": 0.204587742686,
        "median": 0.181437045336,
        "min": 0.0204586517066,
        "stdev": 0.110793985426,
        "var": 0.0122753065079
    },
    "melbands_kurtosis": {
        "dmean": 3.43021988869,
        "dmean2": 5.83965682983,
        "dvar": 15.9863796234,
        "dvar2": 43.9625968933,
        "max": 54.4195098877,
        "mean": 6.42688417435,
        "median": 4.85802793503,
        "min": -1.46644973755,
        "stdev": 7.13026428223,
        "var": 50.8406715393
    },
    "melbands_skewness": {
        "dmean": 0.539052009583,
        "dmean2": 0.913258433342,
        "dvar": 0.244537591934,
        "dvar2": 0.719478011131,
        "max": 6.37609243393,
        "mean": 1.94402837753,
        "median": 1.87139189243,
        "min": -0.0607961528003,
        "stdev": 1.01038908958,
        "var": 1.02088618279
    },
    "melbands_spread": {
        "dmean": 8.08809757233,
        "dmean2": 13.7669496536,
        "dvar": 239.285476685,
        "dvar2": 567.450195312,
        "max": 189.242599487,
        "mean": 34.0282936096,
        "median": 19.330329895,
        "min": 2.44224190712,
        "stdev": 42.3083114624,
        "var": 1789.99316406
    },
    "pitch_salience": {
        "dmean": 0.0640759840608,
        "dmean2": 0.108433648944,
        "dvar": 0.0038796660956,
        "dvar2": 0.0109271490946,
        "max": 0.947793424129,
        "mean": 0.648202240467,
        "median": 0.667523860931,
        "min": 0.208263814449,
        "stdev": 0.122853703797,
        "var": 0.0150930322707
    },
    "silence_rate_20dB": {
        "dmean": 0,
        "dmean2": 0,
        "dvar": 0,
        "dvar2": 0,
        "max": 1,
        "mean": 1,
        "median": 1,
        "min": 1,
        "stdev": 0,
        "var": 0
    },
    "silence_rate_30dB": {
        "dmean": 0.0047846888192,
        "dmean2": 0.009580838494,
        "dvar": 0.00476179178804,
        "dvar2": 0.0142793152481,
        "max": 1,
        "mean": 0.997610509396,
        "median": 1,
        "min": 0,
        "stdev": 0.0488240271807,
        "var": 0.00238378578797
    },
    "silence_rate_60dB": {
        "dmean": 0.023923445493,
        "dmean2": 0.0479041934013,
        "dvar": 0.0233509987593,
        "dvar2": 0.0527953281999,
        "max": 1,
        "mean": 0.336917549372,
        "median": 0,
        "min": 0,
        "stdev": 0.472657442093,
        "var": 0.223405063152
    },
    "spectral_centroid": {
        "dmean": 263.667114258,
        "dmean2": 440.636016846,
        "dvar": 105902.96875,
        "dvar2": 266141.71875,
        "max": 4033.43652344,
        "mean": 1419.02319336,
        "median": 1114.13574219,
        "min": 328.800598145,
        "stdev": 894.338195801,
        "var": 799840.8125
    },
    "spectral_complexity": {
        "dmean": 3.11244010925,
        "dmean2": 4.91377258301,
        "dvar": 15.8510656357,
        "dvar2": 35.3146820068,
        "max": 61,
        "mean": 15.3608121872,
        "median": 11,
        "min": 0,
        "stdev": 14.1270523071,
        "var": 199.573608398
    },
    "spectral_decrease": {
        "dmean": 8.05865540965e-10,
        "dmean2": 1.28214949768e-09,
        "dvar": 1.71986586461e-18,
        "dvar2": 3.76492289779e-18,
        "max": -2.59350306001e-19,
        "mean": -2.96615176865e-09,
        "median": -1.99252503386e-09,
        "min": -2.93735009649e-08,
        "stdev": 3.4026659268e-09,
        "var": 1.15781355422e-17
    },
    "spectral_energy": {
        "dmean": 0.00339966500178,
        "dmean2": 0.00536129670218,
        "dvar": 3.32443196385e-05,
        "dvar2": 7.09727246431e-05,
        "max": 0.123852990568,
        "mean": 0.0123938247561,
        "median": 0.00804563704878,
        "min": 7.29314525438e-12,
        "stdev": 0.0148924663663,
        "var": 0.000221785550821
    },
    "spectral_energyband_high": {
        "dmean": 0.000367468514014,
        "dmean2": 0.000562621571589,
        "dvar": 1.79255994226e-06,
        "dvar2": 4.50453353551e-06,
        "max": 0.0247880630195,
        "mean": 0.000606284069363,
        "median": 5.10540048708e-05,
        "min": 4.3505537714e-12,
        "stdev": 0.00191470468417,
        "var": 3.66609401681e-06
    },
    "spectral_energyband_low": {
        "dmean": 0.000626462453511,
        "dmean2": 0.00106879125815,
        "dvar": 6.26985411145e-07,
        "dvar2": 1.6727167349e-06,
        "max": 0.00708443438634,
        "mean": 0.00111588055734,
        "median": 0.000833644298837,
        "min": 7.73590501553e-13,
        "stdev": 0.0011344429804,
        "var": 1.28696092361e-06
    },
    "spectral_energyband_middle_high": {
        "dmean": 0.00120077468455,
        "dmean2": 0.00192719185725,
        "dvar": 9.39543497225e-06,
        "dvar2": 2.565169234e-05,
        "max": 0.0467925593257,
        "mean": 0.00355792441405,
        "median": 0.00124905002303,
        "min": 9.47981818912e-13,
        "stdev": 0.00626074522734,
        "var": 3.91969333577e-05
    },
    "spectral_energyband_middle_low": {
        "dmean": 0.00236073788255,
        "dmean2": 0.00386148667894,
        "dvar": 1.53170039994e-05,
        "dvar2": 3.66273779946e-05,
        "max": 0.0833527892828,
        "mean": 0.00713657774031,
        "median": 0.00418406771496,
        "min": 1.43667087775e-13,
        "stdev": 0.00838008802384,
        "var": 7.02258766978e-05
    },
    "spectral_entropy": {
        "dmean": 0.139656454325,
        "dmean2": 0.225811749697,
        "dvar": 0.0255564972758,
        "dvar2": 0.0614478141069,
        "max": 8.82168865204,
        "mean": 7.52621507645,
        "median": 7.55017900467,
        "min": 5.52066802979,
        "stdev": 0.637064993382,
        "var": 0.405851840973
    },
    "spectral_flux": {
        "dmean": 0.00930736586452,
        "dmean2": 0.0145013555884,
        "dvar": 0.000151222920977,
        "dvar2": 0.000310689239996,
        "max": 0.256498098373,
        "mean": 0.0517185516655,
        "median": 0.0493844151497,
        "min": 1.02428575701e-05,
        "stdev": 0.0378038808703,
        "var": 0.00142913335003
    },
    "spectral_kurtosis": {
        "dmean": 4.07789993286,
        "dmean2": 7.35765266418,
        "dvar": 29.1655025482,
        "dvar2": 90.5545730591,
        "max": 33.4537734985,
        "mean": 6.9949297905,
        "median": 4.41149377823,
        "min": 0.207718372345,
        "stdev": 6.62674188614,
        "var": 43.9137077332
    },
    "spectral_rms": {
        "dmean": 0.000415533169871,
        "dmean2": 0.000664778694045,
        "dvar": 2.25431762146e-07,
        "dvar2": 5.38879817213e-07,
        "max": 0.0109923696145,
        "mean": 0.0028731143102,
        "median": 0.00280167837627,
        "min": 8.43520240323e-08,
        "stdev": 0.00195877393708,
        "var": 3.83679571314e-06
    },
    "spectral_rolloff": {
        "dmean": 559.656799316,
        "dmean2": 974.254638672,
        "dvar": 2687818.5,
        "dvar2": 6473294.5,
        "max": 18604.6875,
        "mean": 2588.07641602,
        "median": 968.994140625,
        "min": 129.19921875,
        "stdev": 4438.58886719,
        "var": 19701072
    },
    "spectral_skewness": {
        "dmean": 0.393971651793,
        "dmean2": 0.69316649437,
        "dvar": 0.197612524033,
        "dvar2": 0.605075657368,
        "max": 3.90978240967,
        "mean": 1.57594156265,
        "median": 1.42022585869,
        "min": 0.396143049002,
        "stdev": 0.575455486774,
        "var": 0.331149041653
    },
    "spectral_spread": {
        "dmean": 432063.53125,
        "dmean2": 708746.125,
        "dvar": 566221733888,
        "dvar2": 1.3826401239e+12,
        "max": 13520433,
        "mean": 3614972.75,
        "median": 3304213.25,
        "min": 1279017.25,
        "stdev": 2105605.75,
        "var": 4.43357541171e+12
    },
    "spectral_strongpeak": {
        "dmean": 0.281682729721,
        "dmean2": 0.468208909035,
        "dvar": 0.326096385717,
        "dvar2": 0.839190006256,
        "max": 9.12074184418,
        "mean": 0.654258430004,
        "median": 0.217405617237,
        "min": 0,
        "stdev": 0.934995055199,
        "var": 0.874215722084
    },
    "zerocrossingrate": {
        "dmean": 0.00745680229738,
        "dmean2": 0.00952528510243,
        "dvar": 0.000130646352773,
        "dvar2": 0.000194878986804,
        "max": 0.49267578125,
        "mean": 0.0692297667265,
        "median": 0.04345703125,
        "min": 0.0126953125,
        "stdev": 0.0682915151119,
        "var": 0.00466373143718
    },
    "barkbands": {
        "dmean": [0.000210232348763, 0.000350954098394, 0.000297115300782, 0.000339975202223, 0.000826477073133, 0.00118293100968, 0.000489615602419, 0.000473308638902, 0.000400210847147, 0.000224267612793, 0.000188099889783, 0.000218760134885, 0.000199208487174, 0.000218592249439, 0.000160319308634, 0.000198078603717, 0.000215225722059, 0.000176929315785, 0.000154292793013, 0.000106843363028, 9.00330778677e-05, 8.52036537253e-05, 7.38369562896e-05, 5.00634050695e-05, 2.4806106012e-05, 8.37489005789e-06, 7.64158812672e-07],
        "dmean2": [0.0003532540577, 0.000605831155553, 0.000537138490472, 0.00059335748665, 0.00142451399006, 0.00196013855748, 0.000860089785419, 0.000788799778093, 0.000673612346873, 0.000377718388336, 0.000304364308249, 0.000353241543053, 0.000318220903864, 0.000350455113221, 0.000279208295979, 0.000311694777338, 0.000351205293555, 0.000301493360894, 0.000258284853771, 0.000171072664671, 0.000143256198498, 0.000134124842589, 0.000122057579574, 8.22185102152e-05, 3.87936488551e-05, 1.41800574056e-05, 1.39110397868e-06],
        "dvar": [6.81426186588e-08, 2.50700111337e-07, 2.02497844271e-07, 2.24698283091e-07, 2.26465363085e-06, 4.79387426822e-06, 9.66370180322e-07, 1.24627410969e-06, 5.9745929093e-07, 1.85206232572e-07, 1.91150931528e-07, 2.36749841065e-07, 1.80340194333e-07, 6.00158159614e-07, 3.54011518766e-07, 2.61875072738e-07, 4.32850299603e-07, 2.01244958475e-07, 1.87150419606e-07, 8.71814478387e-08, 8.08005609088e-08, 8.8497017714e-08, 1.06875077677e-07, 6.65219701546e-08, 1.87703133037e-08, 3.11493875138e-09, 7.00706645484e-11],
        "dvar2": [1.75280518988e-07, 6.45544503186e-07, 5.9544998976e-07, 6.54737220884e-07, 6.02548016104e-06, 1.08817666842e-05, 2.82010910269e-06, 3.14484918817e-06, 1.56513056027e-06, 4.79937341424e-07, 5.15476699547e-07, 6.13725205767e-07, 4.34965784279e-07, 1.46745219354e-06, 1.13423288894e-06, 6.57951602534e-07, 1.09192274067e-06, 5.52407811938e-07, 5.3217115692e-07, 2.34095836049e-07, 1.76854427991e-07, 2.20082327473e-07, 2.75227506563e-07, 1.93062263065e-07, 4.94718470634e-08, 8.56369730684e-09, 1.9975057719e-10],
        "max": [0.00338352285326, 0.00439575687051, 0.00337686343119, 0.00477546686307, 0.0228618830442, 0.0305408462882, 0.0125738605857, 0.021454449743, 0.00900925789028, 0.00876840762794, 0.00827171653509, 0.0128650981933, 0.00550938863307, 0.015546166338, 0.0065342169255, 0.00770331639796, 0.0133346831426, 0.00562280602753, 0.00491057755426, 0.00528957834467, 0.00661075813696, 0.00441468274221, 0.00635575409979, 0.00514425337315, 0.00314094405621, 0.00116513948888, 0.000183523821761],
        "mean": [0.000378990749596, 0.000468240206828, 0.000318720209179, 0.000372856855392, 0.00122428126633, 0.00329280807637, 0.000653431634419, 0.000683663703967, 0.000674713635817, 0.000428027269663, 0.000302378321066, 0.00051708787214, 0.000426978192991, 0.000390679255361, 0.000226426098379, 0.000389188498957, 0.000340322148986, 0.000347135588527, 0.000254983548075, 0.000198665846256, 0.000154564069817, 0.000134603338665, 0.000103602309537, 6.62916863803e-05, 3.51719572791e-05, 9.28030749492e-06, 6.34242894648e-07],
        "median": [0.000319311220665, 0.000264589325525, 0.000165632620337, 0.000199812537176, 0.000616922741756, 0.000735548615921, 0.000293359451462, 0.000207069679163, 0.000278714782326, 0.00013346070773, 0.000113255315227, 0.0001169678726, 0.000127307648654, 7.34140776331e-05, 5.64898036828e-05, 6.47673587082e-05, 6.22053121333e-05, 5.63965113543e-05, 5.30870202056e-05, 2.94801666314e-05, 9.41043253988e-06, 8.49699426908e-06, 6.5813837864e-06, 3.39430857821e-06, 1.75266916358e-06, 3.72236485191e-07, 8.14752820766e-10],
        "min": [6.13143433595e-13, 1.95943914848e-13, 5.24451392958e-14, 8.05747290856e-15, 4.88791373641e-14, 2.52866422869e-14, 8.89663437863e-15, 1.67131509777e-14, 3.32830619077e-14, 8.49842995997e-14, 7.71595312058e-14, 1.20233243663e-14, 8.89306921696e-15, 4.38478124794e-14, 2.79178349411e-14, 3.12889430619e-14, 9.66467574373e-14, 1.77575578482e-13, 2.37403006325e-13, 3.38632686345e-13, 2.06119802758e-13, 2.68076007356e-13, 3.5397626128e-13, 5.47748424309e-13, 7.03092911582e-13, 1.00335180702e-12, 1.16101887219e-12],
        "stdev": [0.000348693458363, 0.000616213597823, 0.000436962436652, 0.000503535091411, 0.00203034025617, 0.00527800992131, 0.00104737922084, 0.0015574132558, 0.00114095048048, 0.000844586873427, 0.00056918017799, 0.00138437189162, 0.000767610908952, 0.000918809848372, 0.00058671698207, 0.000951842172071, 0.000879265018739, 0.000751551531721, 0.000560816028155, 0.000466290483018, 0.000472909596283, 0.000442344899056, 0.000375265546609, 0.000270240852842, 0.000156447975314, 5.43645619473e-05, 7.03540217728e-06],
        "var": [1.21587120816e-07, 3.79719210741e-07, 1.9093616288e-07, 2.53547568718e-07, 4.1222820073e-06, 2.78573897958e-05, 1.09700329176e-06, 2.42553596763e-06, 1.3017679521e-06, 7.13326983259e-07, 3.23966105498e-07, 1.91648541659e-06, 5.89226488046e-07, 8.44211569984e-07, 3.44236838146e-07, 9.06003549517e-07, 7.73106933138e-07, 5.64829747418e-07, 3.14514608135e-07, 2.17426801896e-07, 2.236434824e-07, 1.95669002778e-07, 1.40824226946e-07, 7.30301223939e-08, 2.44759696955e-08, 2.95550561802e-09, 4.94968822873e-11]
    },
    "erbbands": {
        "dmean": [0.0169208887964, 0.0654299035668, 0.263825058937, 0.793556809425, 1.65757453442, 3.06041693687, 7.86934232712, 10.1089754105, 7.90673208237, 7.09613990784, 9.33787345886, 8.64901542664, 8.53122425079, 6.85590934753, 7.41004228592, 7.98216485977, 8.25376987457, 11.1446876526, 9.73322963715, 6.82183456421, 12.4687461853, 11.1360654831, 10.1357889175, 8.85823059082, 6.17229127884, 4.54821109772, 4.64578914642, 3.27113938332, 3.16770648956, 2.82235765457, 2.00715494156, 1.23916900158, 0.745834231377, 0.369282960892, 0.131439298391, 0.0464481264353, 0.0142480833456, 0.00173993478529, 0.000134205940412, 1.45283565871e-05],
        "dmean2": [0.028523074463, 0.113785728812, 0.464357405901, 1.41264820099, 2.90580034256, 5.26989221573, 13.1208620071, 16.0907821655, 13.453789711, 12.0532455444, 15.6008243561, 14.6666965485, 14.1627750397, 10.9905433655, 12.8219642639, 12.762298584, 12.9516897202, 17.9615001678, 16.5292854309, 11.339058876, 19.6424255371, 18.396730423, 16.834230423, 14.7152404785, 10.1442661285, 7.31397819519, 7.70969676971, 4.97292423248, 4.88810110092, 4.51859664917, 3.26699519157, 2.03554153442, 1.2352874279, 0.613093912601, 0.201965242624, 0.0750656276941, 0.0246671717614, 0.00305449543521, 0.000240805733483, 2.45484970947e-05],
        "dvar": [0.000661609345116, 0.00962836574763, 0.144055202603, 1.16478085518, 8.29244232178, 35.8205909729, 302.859680176, 391.008178711, 215.081695557, 238.546463013, 453.161468506, 348.139160156, 271.603851318, 159.845336914, 512.654602051, 320.785064697, 292.016937256, 1480.41088867, 1298.91137695, 446.918426514, 1014.85131836, 1095.55639648, 691.35925293, 683.00604248, 245.04045105, 171.737167358, 220.190505981, 100.483085632, 117.721199036, 142.737319946, 63.9939498901, 42.2841720581, 15.0295448303, 5.01907157898, 0.30104136467, 0.0449488498271, 0.0169199816883, 0.000322850159137, 1.97280974135e-06, 1.30755193339e-08],
        "dvar2": [0.00161879335064, 0.0269284788519, 0.418279707432, 3.40562462807, 22.1783638, 96.1741409302, 726.505004883, 874.85559082, 627.671936035, 622.734741211, 1063.90246582, 893.854492188, 700.551635742, 384.882446289, 1490.76171875, 788.284729004, 703.737854004, 3683.06518555, 3903.90698242, 1367.70947266, 2579.09765625, 2925.85327148, 1852.39526367, 2082.80029297, 618.203735352, 458.876525879, 514.490478516, 225.373977661, 278.352630615, 369.685913086, 168.233551025, 123.051116943, 42.690158844, 13.6678953171, 0.722577750683, 0.114477805793, 0.0476253852248, 0.000918513163924, 5.61324304726e-06, 3.63956793592e-08],
        "max": [0.244685992599, 0.874736249447, 2.98093676567, 7.85699796677, 43.2114601135, 74.5045928955, 288.508850098, 373.327270508, 176.088241577, 257.196014404, 396.171051025, 249.017913818, 320.217407227, 145.017883301, 471.023101807, 508.74407959, 279.401306152, 813.525146484, 454.338104248, 298.253417969, 456.08984375, 561.528259277, 393.339691162, 333.190002441, 207.592224121, 203.470413208, 314.221405029, 197.143508911, 190.05960083, 217.155090332, 148.434020996, 129.053695679, 76.9258117676, 50.793296814, 10.9788017273, 4.08658409119, 2.77619314194, 0.389685839415, 0.0310090240091, 0.0025902511552],
        "mean": [0.0203180741519, 0.0822833105922, 0.30570051074, 0.919386684895, 2.0444226265, 4.31567668915, 15.4658584595, 27.472990036, 14.8179292679, 10.9265241623, 14.5997524261, 13.7172908783, 19.1446743011, 12.1826915741, 13.9745903015, 20.3280181885, 19.2229270935, 20.6883563995, 14.8465652466, 11.902879715, 24.8786277771, 19.2866802216, 21.030954361, 14.137761116, 11.5600147247, 8.49004364014, 7.51680326462, 5.67595434189, 4.86888456345, 4.0192565918, 2.7825512886, 1.65553200245, 0.962945103645, 0.507160604, 0.191151335835, 0.0616609528661, 0.0131691275164, 0.00145141512621, 0.000123413308756, 2.48109972745e-05],
        "median": [0.00968374498188, 0.0470067672431, 0.172247216105, 0.535500943661, 1.0585064888, 2.04359793663, 4.03927516937, 5.54549598694, 5.34219694138, 4.41338634491, 4.92553424835, 6.19980192184, 6.09456443787, 4.82661390305, 4.50137615204, 5.02406787872, 6.02655363083, 5.50861978531, 3.48043870926, 3.4374961853, 3.98727440834, 3.82546544075, 3.34375047684, 2.81672883034, 2.27403378487, 1.24562168121, 0.734985768795, 0.37475925684, 0.319094479084, 0.274163067341, 0.160718515515, 0.0825538486242, 0.0522216819227, 0.0278235096484, 0.00901721790433, 0.00307964393869, 0.000319780694554, 1.70588882611e-05, 6.17469413555e-06, 1.00933939393e-05],
        "min": [2.17403040015e-11, 2.3773778085e-11, 7.87386544854e-11, 4.64451567483e-11, 4.98129489046e-11, 1.98247099292e-10, 3.00408836695e-10, 1.54765270044e-10, 9.41372119145e-11, 1.92632354512e-10, 5.98119831441e-10, 8.14839085095e-10, 9.35749810971e-10, 4.24425161683e-09, 2.10152673041e-09, 4.92279661479e-10, 3.87293003223e-10, 1.15525977673e-09, 2.18368789717e-09, 1.85089843452e-09, 2.77847567176e-09, 5.56036239274e-09, 8.2640765342e-09, 5.73952618765e-09, 1.92227336271e-08, 1.39092941609e-08, 1.05603827905e-08, 1.14880220892e-08, 8.64328963956e-09, 4.76725992016e-09, 1.35608511087e-08, 1.23434871213e-08, 7.32944149817e-09, 7.93659094001e-09, 5.3086441909e-09, 2.99016633676e-09, 1.93852356389e-09, 1.01844555012e-09, 1.53117879487e-10, 1.51855385905e-11],
        "stdev": [0.0298788119107, 0.109899781644, 0.393219798803, 1.16613280773, 3.22621583939, 7.63865232468, 31.115480423, 49.9114761353, 23.5689220428, 19.3696193695, 32.9039726257, 23.6464672089, 39.9808273315, 19.4959621429, 30.1851558685, 51.1695365906, 32.5089569092, 45.1858978271, 37.1561088562, 25.6677818298, 60.7801094055, 44.9945487976, 47.9787826538, 31.2862949371, 24.7959880829, 20.7082290649, 22.0146408081, 17.3489055634, 16.1319637299, 14.6351737976, 9.54389572144, 6.61427736282, 4.07608604431, 2.38054227829, 0.763907730579, 0.266610145569, 0.112354621291, 0.0150828175247, 0.00120605179109, 0.000106794490421],
        "var": [0.000892743351869, 0.0120779620484, 0.154621809721, 1.35986566544, 10.4084692001, 58.3490066528, 968.173156738, 2491.15527344, 555.49407959, 375.182189941, 1082.67150879, 559.155456543, 1598.4666748, 380.092529297, 911.143676758, 2618.32128906, 1056.83239746, 2041.76550293, 1380.57641602, 658.835021973, 3694.22192383, 2024.50927734, 2301.96362305, 978.832214355, 614.841003418, 428.830780029, 484.644378662, 300.98449707, 260.240264893, 214.188308716, 91.0859451294, 43.748664856, 16.6144790649, 5.66698122025, 0.583554983139, 0.0710809677839, 0.0126235606149, 0.000227491385886, 1.45456078826e-06, 1.14050626721e-08]
    },
    "gfcc": {
        "mean": [-157.643493652, 123.399726868, -143.05897522, 19.2479496002, -49.2178764343, -7.2747926712, -35.9704551697, 7.10376024246, -23.7596817017, -0.737935602665, -3.22117567062, -3.05385351181, -2.60450482368],
        "cov": [[69040.3828125, 7187.88623047, -3864.43481445, 2899.65112305, -4054.36669922, 1276.7401123, -2111.05126953, -106.177955627, -602.841796875, -170.779785156, -222.153488159, 108.495132446, -118.99407196], [7187.88623047, 6700.67333984, -1204.21350098, -455.45904541, 1436.74511719, -1402.87487793, 425.091217041, 20.4702033997, -208.316711426, -333.317962646, 456.260742188, -532.151062012, 228.990005493], [-3864.43481445, -1204.21350098, 650.78717041, 75.7608947754, -65.5713806152, 240.275497437, 51.2465858459, 38.4466133118, 32.2499008179, 36.0421638489, -105.281585693, 65.2404632568, -59.0714683533], [2899.65112305, -455.45904541, 75.7608947754, 513.276733398, -427.193450928, 369.415283203, -89.4714050293, 38.4698600769, -7.29284667969, 0.271646916866, -132.601654053, 34.9647521973, -59.3244438171], [-4054.36669922, 1436.74511719, -65.5713806152, -427.193450928, 973.441955566, -592.051757812, 351.499481201, 38.0413131714, -20.7329063416, -79.9994277954, 163.619659424, -181.435409546, 68.8076400757], [1276.7401123, -1402.87487793, 240.275497437, 369.415283203, -592.051757812, 583.120788574, -173.079956055, 29.4670810699, 34.9842224121, 67.3942642212, -161.291290283, 131.918395996, -84.4639282227], [-2111.05126953, 425.091217041, 51.2465858459, -89.4714050293, 351.499481201, -173.079956055, 256.239227295, 48.6703338623, 0.85105919838, -43.9759979248, 23.309803009, -81.4657516479, 17.4903392792], [-106.177955627, 20.4702033997, 38.4466133118, 38.4698600769, 38.0413131714, 29.4670810699, 48.6703338623, 84.3864212036, 9.31962108612, -2.61284995079, -21.2213916779, -22.1470851898, -20.9819927216], [-602.841796875, -208.316711426, 32.2499008179, -7.29284667969, -20.7329063416, 34.9842224121, 0.85105919838, 9.31962108612, 60.9109230042, 28.110868454, 0.146928146482, 14.1114587784, -3.62969064713], [-170.779785156, -333.317962646, 36.0421638489, 0.271646916866, -79.9994277954, 67.3942642212, -43.9759979248, -2.61284995079, 28.110868454, 72.5869216919, -3.93360948563, 44.7833633423, -12.0312538147], [-222.153488159, 456.260742188, -105.281585693, -132.601654053, 163.619659424, -161.291290283, 23.309803009, -21.2213916779, 0.146928146482, -3.93360948563, 112.407783508, -25.2598552704, 44.0938110352], [108.495132446, -532.151062012, 65.2404632568, 34.9647521973, -181.435409546, 131.918395996, -81.4657516479, -22.1470851898, 14.1114587784, 44.7833633423, -25.2598552704, 103.846565247, -6.71168041229], [-118.99407196, 228.990005493, -59.0714683533, -59.3244438171, 68.8076400757, -84.4639282227, 17.4903392792, -20.9819927216, -3.62969064713, -12.0312538147, 44.0938110352, -6.71168041229, 63.3015022278]],
        "icov": [[0.000174938773853, -0.00040047330549, 0.000572887540329, -0.000452529551694, 0.000676437513903, -0.000168745202245, 0.000588365772273, -0.000385027407901, 0.000675967894495, -0.000327076704707, 0.000279317202512, -0.000526213028934, 0.000363663915778], [-0.00040047330549, 0.00158338237088, -0.00070170435356, 0.000383901060559, -0.00183301011566, 0.00128652330022, -0.00117017573211, 0.000335207703756, -0.000763374147937, 0.00147127720993, -0.00167175824754, 0.00215831794776, -0.00100294698495], [0.000572887540329, -0.00070170435356, 0.00496436422691, -0.00160708965268, 0.00107066554483, -0.00146153662354, 0.00109859183431, -0.0013361137826, 0.00268409098499, -0.000532416917849, 0.00142057996709, -0.0021465565078, 0.00171703496017], [-0.000452529551694, 0.000383901060559, -0.00160708965268, 0.00678062206134, -7.49225873733e-05, -0.00311835482717, -0.00274486793205, 0.000732247019187, -0.00109602487646, 0.00116634415463, 0.00149045558646, 0.00294185942039, -0.00103023776319], [0.000676437513903, -0.00183301011566, 0.00107066554483, -7.49225873733e-05, 0.00846893992275, 0.00217698584311, -0.00177365983836, -0.00278538628481, 0.00299128936604, -0.00179131655023, -0.000771013845224, -0.000366296706488, 0.00242658052593], [-0.000168745202245, 0.00128652330022, -0.00146153662354, -0.00311835482717, 0.00217698584311, 0.0108322417364, 6.41550104774e-06, -0.00301928678527, -0.00159287627321, 0.000365867192158, 0.000284212233964, -0.00163822062314, 0.00143377529457], [0.000588365772273, -0.00117017573211, 0.00109859183431, -0.00274486793205, -0.00177365983836, 6.41550104774e-06, 0.0126513512805, -0.00426145922393, 0.000273156969342, 0.00100420159288, 0.00338685116731, -0.00020206301997, -0.00135385326575], [-0.000385027407901, 0.000335207703756, -0.0013361137826, 0.000732247019187, -0.00278538628481, -0.00301928678527, -0.00426145922393, 0.0188506487757, -0.00411800853908, -0.0011426549172, 0.00134499650449, 0.00392946414649, 0.00295419478789], [0.000675967894495, -0.000763374147937, 0.00268409098499, -0.00109602487646, 0.00299128936604, -0.00159287627321, 0.000273156969342, -0.00411800853908, 0.0254102554172, -0.00867920741439, -0.00204466772266, 0.00044115644414, -2.91417909466e-05], [-0.000327076704707, 0.00147127720993, -0.000532416917849, 0.00116634415463, -0.00179131655023, 0.000365867192158, 0.00100420159288, -0.0011426549172, -0.00867920741439, 0.0257369875908, -0.00490609649569, -0.00610759854317, 0.0036020562984], [0.000279317202512, -0.00167175824754, 0.00142057996709, 0.00149045558646, -0.000771013845224, 0.000284212233964, 0.00338685116731, 0.00134499650449, -0.00204466772266, -0.00490609649569, 0.0226035285741, -0.0015739928931, -0.00693913642317], [-0.000526213028934, 0.00215831794776, -0.0021465565078, 0.00294185942039, -0.000366296706488, -0.00163822062314, -0.00020206301997, 0.00392946414649, 0.00044115644414, -0.00610759854317, -0.0015739928931, 0.0255340170115, -0.00580414710566], [0.000363663915778, -0.00100294698495, 0.00171703496017, -0.00103023776319, 0.00242658052593, 0.00143377529457, -0.00135385326575, 0.00295419478789, -2.91417909466e-05, 0.0036020562984, -0.00693913642317, -0.00580414710566, 0.0262757800519]]
    },
    "melbands": {
        "dmean": [0.000118842945085, 0.000111196161015, 0.000143390730955, 0.000157232047059, 0.000235620158492, 0.00022069044644, 0.000116605573567, 8.39498461573e-05, 7.343863399e-05, 5.73553297727e-05, 4.27774466516e-05, 2.78586230706e-05, 2.40927038249e-05, 2.69188312814e-05, 2.07900411624e-05, 1.92076095118e-05, 2.17785691348e-05, 1.69552531588e-05, 1.10811988634e-05, 1.07070718514e-05, 1.68845654116e-05, 1.31275228341e-05, 9.37395361689e-06, 8.58668863657e-06, 7.55831979404e-06, 5.68156838199e-06, 4.00348744733e-06, 3.14026738124e-06, 3.32526633429e-06, 2.19003641178e-06, 1.93410392058e-06, 1.99969417736e-06, 1.54611973358e-06, 1.64308585227e-06, 1.24893585962e-06, 9.61720502346e-07, 6.84755434577e-07, 5.47921558791e-07, 4.29143142355e-07, 2.80271478914e-07],
        "dmean2": [0.000199693167815, 0.00019156106282, 0.000249151635217, 0.000274180114502, 0.000393182213884, 0.000355367985321, 0.000197576140636, 0.000138346498716, 0.000123090198031, 9.66119696386e-05, 7.14777997928e-05, 4.47767488367e-05, 4.03015765187e-05, 4.32559827459e-05, 3.23501226376e-05, 3.08893722831e-05, 3.51531853084e-05, 2.85324003926e-05, 1.93726627913e-05, 1.70603598235e-05, 2.64918307948e-05, 2.13052517211e-05, 1.54625849973e-05, 1.46567099364e-05, 1.26315489979e-05, 9.45052306633e-06, 6.8574559009e-06, 5.04564377479e-06, 5.56528630113e-06, 3.62939772458e-06, 2.97698647955e-06, 3.14199746754e-06, 2.61427135229e-06, 2.66506685875e-06, 2.04532716452e-06, 1.56488658831e-06, 1.14314718758e-06, 9.1058967655e-07, 7.05721163285e-07, 4.69192059427e-07],
        "dvar": [2.94146040858e-08, 2.24477307853e-08, 4.05367757139e-08, 8.85450219812e-08, 2.3896689072e-07, 1.69003854467e-07, 4.52705570808e-08, 3.53823104149e-08, 2.65278679024e-08, 1.41775222673e-08, 6.69760380489e-09, 2.73950839791e-09, 4.35004077204e-09, 4.7668424763e-09, 2.00353222901e-09, 1.91452165232e-09, 6.27477625414e-09, 3.74577435736e-09, 1.45214540392e-09, 1.09769349166e-09, 1.92505300589e-09, 1.67180258526e-09, 7.2727568412e-10, 5.13469100571e-10, 5.39290001544e-10, 2.46233727852e-10, 1.01661644381e-10, 9.31966517848e-11, 1.16648524173e-10, 4.0225583281e-11, 3.87118774536e-11, 5.09502925961e-11, 3.50183874953e-11, 5.07764108537e-11, 2.13782914982e-11, 2.26334680165e-11, 1.30867998729e-11, 7.76626679633e-12, 6.21657282943e-12, 2.59336996322e-12],
        "dvar2": [7.32930018899e-08, 6.39348840537e-08, 1.14294671505e-07, 2.5122821512e-07, 5.77233265631e-07, 3.85871402386e-07, 1.32903380745e-07, 9.32902963768e-08, 6.28889011978e-08, 3.68919472749e-08, 1.74971503952e-08, 6.77276901229e-09, 1.23700987231e-08, 1.2007593142e-08, 4.39292469068e-09, 4.9642103761e-09, 1.56067052615e-08, 1.09501758772e-08, 4.66203431415e-09, 3.16895176766e-09, 4.65964999918e-09, 4.32329594346e-09, 1.93344362742e-09, 1.43962808341e-09, 1.67423486186e-09, 6.45440145775e-10, 2.7571589456e-10, 2.58736643222e-10, 2.73708333776e-10, 9.59542584278e-11, 8.7891881273e-11, 1.24659629841e-10, 9.28463070315e-11, 1.28965782498e-10, 5.64711888362e-11, 6.44440681374e-11, 3.86424850451e-11, 2.19250850114e-11, 1.78769950232e-11, 6.73945708268e-12],
        "max": [0.00170755677391, 0.00114914937876, 0.00256242998876, 0.00323203997687, 0.0081528108567, 0.00725093623623, 0.00266317115165, 0.00349951605313, 0.00299523351714, 0.00134636019357, 0.00154125597328, 0.000593674252741, 0.00126341066789, 0.00192932132632, 0.000886257737875, 0.000705156475306, 0.00164269260131, 0.000798712309916, 0.000419293239247, 0.000583865912631, 0.000726760656107, 0.000780609843787, 0.000389727327274, 0.000274619960692, 0.000317049241858, 0.00022669271857, 0.00012474367395, 0.000143841898534, 0.000219655878027, 0.00011694177374, 0.000116816227091, 0.000119414646178, 0.000102726604382, 0.000128979139845, 7.88106335676e-05, 9.15427081054e-05, 7.17456059647e-05, 5.39719476365e-05, 5.37031410204e-05, 3.67413267668e-05],
        "mean": [0.000163116827025, 0.000145873098518, 0.000187395024113, 0.00021852714417, 0.000462659372715, 0.000612865085714, 0.000214897940168, 0.00012786455045, 0.000112592533696, 9.25640124478e-05, 9.29172019823e-05, 4.59896000393e-05, 4.12398949265e-05, 6.5679945692e-05, 4.52602726e-05, 3.89051965612e-05, 3.83254409826e-05, 2.45629926212e-05, 1.65399178513e-05, 1.73980533873e-05, 3.29987378791e-05, 2.0966232114e-05, 1.76912690222e-05, 1.62006363098e-05, 1.10771625259e-05, 9.22856543184e-06, 7.27301448933e-06, 5.28861528437e-06, 5.17220769325e-06, 3.5924228996e-06, 3.17894387081e-06, 2.79443861473e-06, 2.49943150266e-06, 2.12814757106e-06, 1.65806966379e-06, 1.25479675717e-06, 9.13340727493e-07, 6.97334030519e-07, 5.39762879725e-07, 3.91145789536e-07],
        "median": [9.22522958717e-05, 9.01371386135e-05, 0.000114795351692, 0.000118691896205, 0.000136980539537, 0.000127504739794, 7.62633426348e-05, 4.75223678222e-05, 3.91252033296e-05, 3.78272743546e-05, 2.91143751383e-05, 1.75376953848e-05, 1.49016113937e-05, 1.24888938444e-05, 1.25010647025e-05, 1.14518379633e-05, 9.21751961869e-06, 5.03955970999e-06, 4.04504089602e-06, 4.71488010589e-06, 4.42134114564e-06, 3.97160329157e-06, 3.05553226099e-06, 2.57055262409e-06, 2.09454719879e-06, 1.90866035155e-06, 1.24663370116e-06, 6.39208280973e-07, 5.54607481718e-07, 2.05837622502e-07, 1.76176058631e-07, 1.67777514548e-07, 1.3651738584e-07, 1.36813284257e-07, 1.01445536416e-07, 6.22775928605e-08, 4.25099955237e-08, 3.65602623731e-08, 3.24670637042e-08, 1.89089277569e-08],
        "min": [1.84716743854e-13, 3.39569647086e-14, 7.75820939203e-15, 8.67988288259e-15, 1.07174028495e-14, 3.66047744551e-15, 1.53743330306e-15, 2.13553438442e-15, 5.87662649662e-15, 4.50446446229e-15, 4.82517866469e-15, 1.75344883334e-14, 9.11754226534e-15, 1.74155829071e-15, 5.99205135871e-16, 1.16284208774e-15, 2.43208125453e-15, 4.41510206284e-15, 1.91649462888e-15, 2.04339138756e-15, 3.90573837649e-15, 6.62842160039e-15, 4.99626153235e-15, 9.03570533011e-15, 3.3974468221e-15, 1.03626002297e-14, 1.39051562894e-14, 8.91017843546e-15, 8.04906610656e-15, 5.41587233705e-15, 7.65750649196e-15, 5.93662649896e-15, 2.95316766511e-15, 2.0639529006e-15, 8.72566924856e-15, 7.22045273777e-15, 6.98821282078e-15, 3.43628624734e-15, 7.53509752559e-15, 6.50275028662e-15],
        "stdev": [0.000212903745705, 0.000173169566551, 0.000231808211538, 0.000358911900548, 0.000877250684425, 0.00104889378417, 0.000341710314387, 0.000246288080234, 0.000244384864345, 0.000157477901666, 0.000194069580175, 7.60562397772e-05, 8.02344002295e-05, 0.000202849580091, 8.7839383923e-05, 6.8783207098e-05, 8.90881274245e-05, 6.31478978903e-05, 4.04243546654e-05, 3.88237640436e-05, 8.77432685229e-05, 5.34235114173e-05, 4.07757324865e-05, 3.52178358298e-05, 2.58136151388e-05, 2.07381144719e-05, 1.63316726685e-05, 1.38095183502e-05, 1.51435169755e-05, 1.05203544081e-05, 1.01823670775e-05, 9.61009845923e-06, 8.31917077448e-06, 8.18205353426e-06, 5.55756651011e-06, 4.89589274366e-06, 3.65854884876e-06, 2.94172718895e-06, 2.50130347013e-06, 1.81463360605e-06],
