{
"lowlevel": {
    "average_loudness": 0.949153661728,
    "barkbands_crest": {
        "dmean": 2.98800683022,
        "dmean2": 4.66688585281,
        "dvar": 11.3369808197,
        "dvar2": 27.1712017059,
        "max": 25.9181594849,
        "mean": 18.1431274414,
        "median": 19.0476932526,
        "min": 4.35436344147,
        "stdev": 4.1470246315,
        "var": 17.1978149414
    },
    "barkbands_flatness_db": {
        "dmean": 0.0403968729079,
        "dmean2": 0.0579803884029,
        "dvar": 0.00269734440371,
        "dvar2": 0.00405671773478,
        "max": 0.530913949013,
        "mean": 0.354209512472,
        "median": 0.378949403763,
        "min": 0.0496133230627,
        "stdev": 0.157742843032,
        "var": 0.0248828046024
    },
    "barkbands_kurtosis": {
        "dmean": 33.7615814209,
        "dmean2": 54.4154510498,
        "dvar": 5142.69921875,
        "dvar2": 11229.5732422,
        "max": 409.897491455,
        "mean": 40.443031311,
        "median": 3.66939544678,
        "min": -1.21901273727,
        "stdev": 89.5074920654,
        "var": 8011.59179688
    },
    "barkbands_skewness": {
        "dmean": 1.82380628586,
        "dmean2": 2.75620365143,
        "dvar": 8.98387145996,
        "dvar2": 15.7036304474,
        "max": 19.3901901245,
        "mean": 2.11385560036,
        "median": -0.786322236061,
        "min": -2.97115039825,
        "stdev": 5.72522926331,
        "var": 32.7782516479
    },
    "barkbands_spread": {
        "dmean": 6.82041168213,
        "dmean2": 10.8601741791,
        "dvar": 162.076263428,
        "dvar2": 275.386047363,
        "max": 95.3097915649,
        "mean": 12.811914444,
        "median": 3.72644615173,
        "min": 1.2142547369,
        "stdev": 16.7992858887,
        "var": 282.216033936
    },
    "dissonance": {
        "dmean": 0.0381654687226,
        "dmean2": 0.0644052475691,
        "dvar": 0.00219051958993,
        "dvar2": 0.00619485974312,
        "max": 0.499639123678,
        "mean": 0.435960948467,
        "median": 0.465933859348,
        "min": 0.202015638351,
        "stdev": 0.0667553469539,
        "var": 0.00445627653971
    },
    "dynamic_complexity": 22.4894828796,
    "erbbands_crest": {
        "dmean": 1.98960757256,
        "dmean2": 2.9531056881,
        "dvar": 6.24751234055,
        "dvar2": 13.6987504959,
        "max": 25.7937049866,
        "mean": 14.2087106705,
        "median": 17.6609611511,
        "min": 2.46593904495,
        "stdev": 7.4870634079,
        "var": 56.0561218262
    },
    "erbbands_flatness_db": {
        "dmean": 0.0210015419871,
        "dmean2": 0.0239803958684,
        "dvar": 0.000828117073979,
        "dvar2": 0.000925993430428,
        "max": 0.524099290371,
        "mean": 0.2980697155,
        "median": 0.353502750397,
        "min": 0.0309002026916,
        "stdev": 0.19675655663,
        "var": 0.0387131422758
    },
    "erbbands_kurtosis": {
        "dmean": 1.14382863045,
        "dmean2": 1.59487807751,
        "dvar": 2.4860470295,
        "dvar2": 4.97591304779,
        "max": 11.8951025009,
        "mean": 2.94067025185,
        "median": 2.99851679802,
        "min": -1.25984597206,
        "stdev": 3.00653076172,
        "var": 9.03922748566
    },
    "erbbands_skewness": {
        "dmean": 0.373125255108,
        "dmean2": 0.520232617855,
        "dvar": 0.290022730827,
        "dvar2": 0.67430794239,
        "max": 2.21018648148,
        "mean": -0.904036581516,
        "median": -1.15855669975,
        "min": -2.68169999123,
        "stdev": 0.890920579433,
        "var": 0.793739497662
    },
    "erbbands_spread": {
        "dmean": 8.10738945007,
        "dmean2": 10.9746780396,
        "dvar": 212.933288574,
        "dvar2": 296.057922363,
        "max": 135.078689575,
        "mean": 28.3738746643,
        "median": 6.31597709656,
        "min": 2.01815795898,
        "stdev": 37.5951576233,
        "var": 1413.39599609
    },
    "hfc": {
        "dmean": 2.72413635254,
        "dmean2": 3.07483959198,
        "dvar": 52.4009933472,
        "dvar2": 112.486618042,
        "max": 79.2425765991,
        "mean": 26.8700428009,
        "median": 0.0441053062677,
        "min": 9.54445908974e-07,
        "stdev": 31.6802577972,
        "var": 1003.63873291
    },
    "loudness_ebu128": {
        "integrated": -22.5751914978,
        "loudness_range": 0,
        "momentary": {
            "dmean": 4.18844079971,
            "dmean2": 3.28563952446,
            "dvar": 31.5678501129,
            "dvar2": 24.3988265991,
            "max": -20.7210960388,
            "mean": -35.1100196838,
            "median": -24.819770813,
            "min": -77.207901001,
            "stdev": 19.5516147614,
            "var": 382.265625
        },
        "short_term": {
            "dmean": 0,
            "dmean2": 0,
            "dvar": 0,
            "dvar2": 0,
            "max": -26.5223846436,
            "mean": -26.5223846436,
            "median": -26.5223846436,
            "min": -26.5223846436,
            "stdev": 0,
            "var": 0
        }
    },
    "melbands_crest": {
        "dmean": 3.69530510902,
        "dmean2": 5.57333135605,
        "dvar": 27.318321228,
        "dvar2": 61.3066291809,
        "max": 39.7325897217,
        "mean": 26.248664856,
        "median": 23.7351417542,
        "min": 9.44299411774,
        "stdev": 8.40932846069,
        "var": 70.7168121338
    },
    "melbands_flatness_db": {
        "dmean": 0.0404510870576,
        "dmean2": 0.054843198508,
        "dvar": 0.00302886636928,
        "dvar2": 0.00488869706169,
        "max": 0.50928491354,
        "mean": 0.37716537714,
        "median": 0.439746320248,
        "min": 0.0578003376722,
        "stdev": 0.134625226259,
        "var": 0.0181239526719
    },
    "melbands_kurtosis": {
        "dmean": 117.291748047,
        "dmean2": 170.720230103,
        "dvar": 72591.5625,
        "dvar2": 138954.90625,
        "max": 2093.67285156,
        "mean": 160.87600708,
        "median": 0.778138399124,
        "min": -1.43720269203,
        "stdev": 399.57244873,
        "var": 159658.140625
    },
    "melbands_skewness": {
        "dmean": 2.98227596283,
        "dmean2": 4.05627536774,
        "dvar": 29.0939006805,
        "dvar2": 47.8776512146,
        "max": 42.5868148804,
        "mean": 5.04295825958,
        "median": -0.525410294533,
        "min": -2.07957530022,
        "stdev": 10.7714176178,
        "var": 116.023445129
    },
    "melbands_spread": {
        "dmean": 8.69222354889,
        "dmean2": 13.295624733,
        "dvar": 357.984893799,
        "dvar2": 606.71697998,
        "max": 146.052825928,
        "mean": 17.6706485748,
        "median": 9.77772903442,
        "min": 0.374464541674,
        "stdev": 21.527135849,
        "var": 463.417541504
    },
    "pitch_salience": {
        "dmean": 0.074458129704,
        "dmean2": 0.112218208611,
        "dvar": 0.0127459047362,
        "dvar2": 0.0238587483764,
        "max": 0.81738960743,
        "mean": 0.402859061956,
        "median": 0.502062678337,
        "min": 0.0286039113998,
        "stdev": 0.204519838095,
        "var": 0.0418283641338
    },
    "silence_rate_20dB": {
        "dmean": 0,
        "dmean2": 0,
        "dvar": 0,
        "dvar2": 0,
        "max": 1,
        "mean": 1,
        "median": 1,
        "min": 1,
        "stdev": 0,
        "var": 0
    },
    "silence_rate_30dB": {
        "dmean": 0,
        "dmean2": 0,
        "dvar": 0,
        "dvar2": 0,
        "max": 1,
        "mean": 1,
        "median": 1,
        "min": 1,
        "stdev": 0,
        "var": 0
    },
    "silence_rate_60dB": {
        "dmean": 0.0219780225307,
        "dmean2": 0.0444444455206,
        "dvar": 0.0214949920774,
        "dvar2": 0.0424691289663,
        "max": 1,
        "mean": 0.532608687878,
        "median": 1,
        "min": 0,
        "stdev": 0.498935520649,
        "var": 0.248936653137
    },
    "spectral_centroid": {
        "dmean": 195.527252197,
        "dmean2": 275.298706055,
        "dvar": 109680.945312,
        "dvar2": 225675.578125,
        "max": 4028.61669922,
        "mean": 1821.23571777,
        "median": 1332.68591309,
        "min": 962.364318848,
        "stdev": 718.417785645,
        "var": 516124.125
    },
    "spectral_complexity": {
        "dmean": 0.153846159577,
        "dmean2": 0.288888901472,
        "dvar": 0.327979445457,
        "dvar2": 0.672099709511,
        "max": 6,
        "mean": 2.47826075554,
        "median": 0,
        "min": 0,
        "stdev": 2.7005572319,
        "var": 7.29300928116
    },
    "spectral_decrease": {
        "dmean": 4.66338689886e-10,
        "dmean2": 5.21537923959e-10,
        "dvar": 1.59806651794e-18,
        "dvar2": 3.29088595466e-18,
        "max": -8.35674103083e-18,
        "mean": -5.08443331881e-09,
        "median": -8.55079375361e-12,
        "min": -1.4550176175e-08,
        "stdev": 5.94416604827e-09,
        "var": 3.53331125094e-17
    },
    "spectral_energy": {
        "dmean": 0.00200712447986,
        "dmean2": 0.00224529998377,
        "dvar": 2.944453081e-05,
        "dvar2": 6.0975071392e-05,
        "max": 0.0621030926704,
        "mean": 0.0216269548982,
        "median": 3.62731152563e-05,
        "min": 1.18111367908e-10,
        "stdev": 0.025306886062,
        "var": 0.00064043852035
    },
    "spectral_energyband_high": {
        "dmean": 4.2437227421e-07,
        "dmean2": 6.63819321289e-07,
        "dvar": 3.97695277318e-13,
        "dvar2": 8.20813089806e-13,
        "max": 7.87751196185e-06,
        "mean": 2.34982508118e-06,
        "median": 3.24431937315e-07,
        "min": 6.84348550051e-11,
        "stdev": 2.58790191765e-06,
        "var": 6.69723651536e-12
    },
    "spectral_energyband_low": {
        "dmean": 8.30313751976e-07,
        "dmean2": 1.32007914999e-06,
        "dvar": 5.21858869052e-13,
        "dvar2": 1.30409832239e-12,
        "max": 4.97382461617e-06,
        "mean": 1.27485179746e-06,
        "median": 1.13159273951e-06,
        "min": 1.74114056506e-11,
        "stdev": 9.53456833486e-07,
        "var": 9.09079940232e-13
    },
    "spectral_energyband_middle_high": {
        "dmean": 0.00194879143964,
        "dmean2": 0.00220954092219,
        "dvar": 2.73119658232e-05,
        "dvar2": 5.85623638472e-05,
        "max": 0.0577913895249,
        "mean": 0.0197432488203,
        "median": 3.07572663587e-05,
        "min": 1.23228215826e-11,
        "stdev": 0.023245755583,
        "var": 0.000540365115739
    },
    "spectral_energyband_middle_low": {
        "dmean": 0.000111347828351,
        "dmean2": 8.38703272166e-05,
        "dvar": 1.1273095879e-07,
        "dvar2": 1.07087849699e-07,
        "max": 0.0047673122026,
        "mean": 0.00187949766405,
        "median": 3.28503983837e-06,
        "min": 6.89248528044e-12,
        "stdev": 0.00211595278233,
        "var": 4.47725642516e-06
    },
    "spectral_entropy": {
        "dmean": 0.158077254891,
        "dmean2": 0.184026330709,
        "dvar": 0.0617090575397,
        "dvar2": 0.0544853210449,
        "max": 9.16877651215,
        "mean": 6.4554810524,
        "median": 6.74219036102,
        "min": 4.48564624786,
        "stdev": 1.78156042099,
        "var": 3.17395758629
    },
    "spectral_flux": {
        "dmean": 0.00686758803204,
        "dmean2": 0.00997669808567,
        "dvar": 0.000423742283601,
        "dvar2": 0.00101185031235,
        "max": 0.195198148489,
        "mean": 0.00995608884841,
        "median": 0.00351616600528,
        "min": 0.000179891867447,
        "stdev": 0.0233110412955,
        "var": 0.000543404661585
    },
    "spectral_kurtosis": {
        "dmean": 7.80610656738,
        "dmean2": 13.7054958344,
        "dvar": 93.7310256958,
        "dvar2": 275.08001709,
        "max": 65.999130249,
        "mean": 25.8049526215,
        "median": 17.9684143066,
        "min": 1.61068487167,
        "stdev": 23.0960559845,
        "var": 533.42779541
    },
    "spectral_rms": {
        "dmean": 0.000226650343393,
        "dmean2": 0.000245511007961,
        "dvar": 4.10455555766e-07,
        "dvar2": 6.80564767208e-07,
        "max": 0.00778385391459,
        "mean": 0.00310736964457,
        "median": 0.000188118050573,
        "min": 3.39456335041e-07,
        "stdev": 0.00338285719045,
        "var": 1.14437234515e-05
    },
    "spectral_rolloff": {
        "dmean": 409.367492676,
        "dmean2": 569.911865234,
        "dvar": 3638987.25,
        "dvar2": 4184116.25,
        "max": 17592.6269531,
        "mean": 1267.88366699,
        "median": 1421.19140625,
        "min": 21.533203125,
        "stdev": 1876.05786133,
        "var": 3519593
    },
    "spectral_skewness": {
        "dmean": 0.608881592751,
        "dmean2": 1.02784585953,
        "dvar": 0.40341848135,
        "dvar2": 1.25058782101,
        "max": 6.32577896118,
        "mean": 3.26998734474,
        "median": 3.0282330513,
        "min": 1.11790275574,
        "stdev": 1.81172204018,
        "var": 3.28233671188
    },
    "spectral_spread": {
        "dmean": 687649.6875,
        "dmean2": 932175.5625,
        "dvar": 860684091392,
        "dvar2": 860758671360,
        "max": 18117120,
        "mean": 4213526.5,
        "median": 2732476.5,
        "min": 1132319.375,
        "stdev": 3437811,
        "var": 1.18185441362e+13
    },
    "spectral_strongpeak": {
        "dmean": 0.328934520483,
        "dmean2": 0.360343307257,
        "dvar": 0.660174489021,
        "dvar2": 0.755423903465,
        "max": 11.5455932617,
        "mean": 4.37012195587,
        "median": 0.243951752782,
        "min": 0,
        "stdev": 4.90942621231,
        "var": 24.1024665833
    },
    "zerocrossingrate": {
        "dmean": 0.00777493976057,
        "dmean2": 0.0106716584414,
        "dvar": 0.000101944788184,
        "dvar2": 0.000165211153217,
        "max": 0.10498046875,
        "mean": 0.0515083633363,
        "median": 0.059326171875,
        "min": 0.00244140625,
        "stdev": 0.0210326593369,
        "var": 0.000442372722318
    },
    "barkbands": {
        "dmean": [1.36134656259e-06, 2.54939010347e-07, 1.50270498267e-08, 4.31019708813e-09, 8.73336247764e-09, 1.30376527352e-08, 0.000111275912786, 3.33602827141e-07, 2.44690347984e-08, 6.80968332745e-06, 0.000278398656519, 4.76478544442e-06, 0.00185364030767, 1.05932024042e-07, 4.18272293246e-06, 8.62609752517e-08, 3.44206910086e-06, 1.72158547684e-06, 3.00784017782e-06, 1.00694580851e-06, 1.73249503632e-07, 8.79877077864e-08, 1.81794295173e-08, 2.60634624993e-08, 2.77847576058e-08, 1.06707735981e-08, 4.49326309493e-09],
        "dmean2": [2.28337739827e-06, 4.47506351975e-07, 2.81288574655e-08, 8.04228594831e-09, 1.39728264514e-08, 2.28849579287e-08, 8.3658080257e-05, 5.28030284386e-07, 3.75103397232e-08, 9.6809662864e-06, 0.000217985070776, 9.05590331968e-06, 0.00213863514364, 1.88847664617e-07, 4.50119432571e-06, 1.5096856032e-07, 2.86782483272e-06, 1.91112076209e-06, 4.16647390011e-06, 1.15436796477e-06, 2.40378653871e-07, 1.2316536413e-07, 3.16511581389e-08, 4.08546547703e-08, 4.77445922797e-08, 1.57992587901e-08, 7.76820741066e-09],
        "dvar": [1.90805422677e-12, 5.48908927209e-14, 2.99281388924e-15, 1.86449593799e-16, 3.86737482494e-16, 5.74153871758e-16, 1.12518783624e-07, 1.00545678554e-12, 2.00474593286e-15, 3.25352744746e-10, 4.5842384111e-07, 5.66601376928e-10, 2.33141381614e-05, 9.91580610481e-14, 5.05659160377e-11, 2.65916388437e-14, 3.72531415438e-11, 8.89051419289e-12, 2.37714691681e-11, 2.50401847694e-12, 6.73138506198e-14, 1.89894452972e-14, 1.30169238713e-15, 1.62301401804e-15, 1.55122691696e-15, 1.83445737035e-16, 1.12533859227e-16],
        "dvar2": [4.80065900227e-12, 1.81194049023e-13, 8.80334301685e-15, 5.6099913245e-16, 8.72467652594e-16, 1.42728831497e-15, 1.0704788167e-07, 2.81829551016e-12, 4.38876442038e-15, 6.4879884798e-10, 3.37300349429e-07, 1.64167224259e-09, 5.26059993717e-05, 2.89329053337e-13, 7.88024784315e-11, 5.21904432648e-14, 2.22158957897e-11, 1.09144863286e-11, 3.80964461366e-11, 2.95386219824e-12, 1.14065888354e-13, 3.92425756604e-14, 3.65212231252e-15, 4.75777432385e-15, 4.19812313846e-15, 4.21574015321e-16, 3.14422838716e-16],
        "max": [8.32443129184e-06, 1.64019354543e-06, 3.94838167495e-07, 9.8557798367e-08, 1.66553093095e-07, 1.52378035523e-07, 0.00476322881877, 8.84275141289e-06, 4.63466079736e-07, 0.000177565714694, 0.0114849405363, 0.00017260646564, 0.0477701202035, 2.5490301141e-06, 0.000115464470582, 1.32061086333e-06, 0.000120047050586, 3.505335917e-05, 9.12457471713e-05, 2.96398102364e-05, 2.67534960585e-06, 1.40471922805e-06, 2.29769383964e-07, 3.30273223881e-07, 3.73596719783e-07, 1.67088671787e-07, 7.38246157539e-08],
        "mean": [1.61435343671e-06, 3.21849171314e-07, 1.5162294531e-08, 3.76279851722e-09, 9.80398073835e-09, 1.32728112945e-08, 0.00187764514703, 1.77436993454e-06, 3.65625929533e-08, 6.17328769295e-05, 0.00424332683906, 3.59077967005e-06, 0.0153231583536, 1.66366547205e-07, 2.99161256407e-05, 1.51858458253e-07, 3.74674018531e-05, 9.57434895099e-06, 2.71558128588e-05, 7.85930205893e-06, 7.84784560892e-07, 4.29195807783e-07, 4.64445619741e-08, 7.88379352912e-08, 1.05747076873e-07, 4.65495162416e-08, 1.49159280483e-08],
        "median": [1.24515213429e-06, 2.53101575254e-07, 9.56924139928e-09, 1.06726472104e-09, 3.75680819786e-09, 4.73030237202e-09, 3.22214145854e-06, 3.26027901565e-07, 1.78670802597e-08, 1.88602001572e-07, 3.44197405866e-06, 3.84128867381e-07, 2.48032847594e-05, 7.37171035325e-08, 7.19318279607e-07, 7.18724209037e-08, 1.42540287129e-07, 3.05794003452e-07, 1.37419931434e-07, 1.30862531478e-07, 8.59543121123e-08, 4.29367723598e-08, 1.32103554762e-08, 1.26622357044e-08, 1.1753260587e-08, 8.25477819433e-09, 5.46447775918e-09],
        "min": [1.18598048049e-11, 8.47927977832e-12, 2.39096676485e-12, 1.61196034819e-12, 2.14979986937e-12, 8.83647809872e-13, 9.89499064283e-13, 7.86496247903e-13, 3.72680510584e-13, 5.55538091657e-13, 3.16728414329e-13, 4.14885682233e-13, 6.83841655177e-13, 2.35413511601e-12, 5.96759404045e-13, 8.52093569315e-13, 1.1156687553e-12, 3.64367260322e-12, 1.32793147138e-12, 1.4452017057e-12, 3.74549783549e-12, 5.93770865809e-12, 1.32991100771e-11, 8.09742030372e-12, 9.01093956396e-12, 1.08451806563e-11, 1.80296610974e-11],
        "stdev": [1.4641392454e-06, 2.6894366556e-07, 4.11226288577e-08, 1.06844915138e-08, 2.012100353e-08, 2.52934597711e-08, 0.00211412017234, 2.01692569135e-06, 6.10228951814e-08, 7.14536654414e-05, 0.00486862519756, 1.78758546099e-05, 0.0183500014246, 3.07783523112e-07, 3.87744548789e-05, 2.16229665284e-07, 4.54405562778e-05, 1.17377467177e-05, 3.30630027747e-05, 1.00641564131e-05, 8.66575760483e-07, 5.07728429966e-07, 5.555090965e-08, 9.73609033394e-08, 1.21114908325e-07, 5.20975440566e-08, 1.56927075778e-08],
        "var": [2.14370383424e-12, 7.23306912412e-14, 1.69107046837e-15, 1.1415836254e-16, 4.04854749612e-16, 6.39759114622e-16, 4.46950434707e-06, 4.06798943489e-12, 3.72379358184e-15, 5.10562658818e-09, 2.37035092141e-05, 3.1954619506e-10, 0.000336722558131, 9.4730701148e-14, 1.50345824679e-09, 4.67552700115e-14, 2.0648440735e-09, 1.37774708309e-10, 1.09316211638e-09, 1.01287249421e-10, 7.50953552814e-13, 2.57788175572e-13, 3.08590365717e-15, 9.47914571272e-15, 1.46688200188e-14, 2.71415423739e-15, 2.46261091599e-16]
    },
    "erbbands": {
        "dmean": [2.17265333049e-05, 1.3382117686e-05, 1.86847701116e-05, 1.61740499607e-05, 1.53045948537e-05, 3.91213470721e-05, 0.000367611559341, 0.0121333757415, 0.719809710979, 1.54568350315, 0.0623813867569, 0.0079373344779, 0.20723426342, 8.80722904205, 3.02271914482, 1.63357818127, 72.6862869263, 25.7333240509, 0.757819235325, 0.199694499373, 0.111088395119, 0.0969008952379, 0.126113191247, 0.166029438376, 0.0655664131045, 0.0263991691172, 0.0102398013696, 0.00526187662035, 0.00264530652203, 0.00227293674834, 0.000508718250785, 0.000594226759858, 0.000366591004422, 0.000259204272879, 0.000286263501039, 5.88350958424e-05, 2.17404722207e-05, 7.45581792216e-06, 1.73579110196e-06, 2.51710389421e-06],
        "dmean2": [3.71706009901e-05, 2.47584030149e-05, 3.47967652488e-05, 3.05661887978e-05, 2.53698690358e-05, 5.43945352547e-05, 0.000306630565319, 0.00977009255439, 0.565456032753, 1.14209473133, 0.0479609929025, 0.00589071027935, 0.148752659559, 6.57544898987, 2.48021841049, 1.86296331882, 87.1942138672, 29.7723140717, 0.837145328522, 0.20608265698, 0.0920407474041, 0.0798688754439, 0.143922775984, 0.224053740501, 0.0738116502762, 0.0327611044049, 0.0157146453857, 0.00633653532714, 0.00411375705153, 0.00347538711503, 0.000861323322169, 0.000971075962298, 0.000584571505897, 0.000435953348642, 0.000507116666995, 9.58418968366e-05, 3.2112300687e-05, 1.2149684153e-05, 2.30651539823e-06, 2.82393762063e-06],
        "dvar": [3.07846387271e-10, 1.31775745871e-09, 3.96784782808e-09, 3.86360854421e-09, 5.8240862133e-10, 3.95252275354e-09, 8.05114382274e-07, 0.00114368333016, 4.19496774673, 23.1879940033, 0.0359790734947, 0.000369731249521, 0.217259943485, 430.86505127, 56.0868377686, 15.7135343552, 37300.2890625, 4387.75195312, 3.62346243858, 0.122998297215, 0.0381163880229, 0.0280571691692, 0.050662830472, 0.0693477243185, 0.00955558475107, 0.00156676291954, 0.000212577040656, 6.93614711054e-05, 2.11325423152e-05, 1.29443906189e-05, 1.04970433767e-06, 1.19994706438e-06, 2.54901095786e-07, 1.09982828178e-07, 1.83642512752e-07, 5.56094281734e-09, 9.36329680457e-10, 1.59027402358e-10, 1.18057959242e-11, 4.52681503393e-11],
        "dvar2": [8.77477146499e-10, 4.02760447216e-09, 1.16088898494e-08, 1.16443796827e-08, 1.33932964719e-09, 7.39799244087e-09, 8.63603759171e-07, 0.00131183734629, 4.66864681244, 19.9894390106, 0.029553251341, 0.000259073858615, 0.155076175928, 315.757171631, 40.1179924011, 33.0620346069, 87941.7265625, 9041.86523438, 7.59867954254, 0.201789259911, 0.0190585665405, 0.0167730376124, 0.0609770789742, 0.104676648974, 0.0135454693809, 0.00243326532654, 0.000496503314935, 8.13821825432e-05, 3.88556945836e-05, 2.57923238678e-05, 2.92813797387e-06, 3.31554610966e-06, 7.0401404173e-07, 2.6883193982e-07, 5.50722631942e-07, 1.58199036093e-08, 2.04381112034e-09, 4.11918832377e-10, 2.42559288627e-11, 9.41169295277e-11],
        "max": [0.000101754987554, 0.000266016140813, 0.000455953297205, 0.000453128042864, 0.000208279801882, 0.000980744836852, 0.0137681076303, 0.474746733904, 28.8426818848, 68.06275177, 2.6685025692, 0.330297768116, 8.83150482178, 372.29901123, 119.652641296, 39.8232192993, 1774.93103027, 715.865539551, 20.8970432281, 5.92885351181, 4.12763404846, 3.30538463593, 2.68689775467, 5.14591646194, 2.28238105774, 0.729775071144, 0.17056928575, 0.116114489734, 0.0492860674858, 0.0380163453519, 0.00659163156524, 0.00714086182415, 0.00557748787105, 0.00413953373209, 0.00381202623248, 0.00082670286065, 0.000374097086024, 0.000123905192595, 4.36572809122e-05, 7.68135942053e-05],
        "mean": [2.99451985484e-05, 1.71058654814e-05, 2.09356476262e-05, 2.10991183849e-05, 5.71898162889e-05, 0.000388297339668, 0.00543965445831, 0.18637624383, 11.3195428848, 26.9259929657, 1.05687868595, 0.125718981028, 3.25433325768, 137.256958008, 44.4098472595, 12.8385744095, 555.906860352, 237.920684814, 6.94795370102, 1.6262024641, 1.29940128326, 1.02848482132, 0.739231467247, 1.53335225582, 0.651531219482, 0.197560995817, 0.0457420572639, 0.026498047635, 0.0133511731401, 0.0112721715122, 0.00153998436872, 0.0014105385635, 0.00133089383598, 0.00111392594408, 0.000965183600783, 0.00022897135932, 0.000100851240859, 2.54834940279e-05, 1.50919722728e-05, 2.66823135462e-05],
        "median": [2.31556296058e-05, 1.26037402879e-05, 1.41436903505e-05, 1.61436801136e-05, 2.71964509011e-05, 0.0001003649013, 0.000395580485929, 0.000940520432778, 0.0178280360997, 0.0492934137583, 0.00945624150336, 0.00522189121693, 0.00385217322037, 0.116165578365, 0.0409303829074, 0.158085748553, 0.858613908291, 0.410537004471, 0.0232507735491, 0.0312021151185, 0.0136183770373, 0.00775880692527, 0.0134930796921, 0.0115880388767, 0.00561320781708, 0.00530405389145, 0.00574926892295, 0.00208097579889, 0.0014514348004, 0.00130681844894, 0.000321234954754, 0.000313825265039, 0.000137987619382, 0.000102100711956, 0.000104613194708, 2.89897488983e-05, 1.99925434572e-05, 6.89122589392e-06, 1.07864252641e-06, 1.54290106025e-07],
        "min": [4.24918600306e-10, 1.31631194833e-09, 2.65677035927e-09, 4.59898741312e-09, 5.98868377111e-09, 7.7925337294e-09, 5.39895284035e-09, 8.70871730285e-09, 1.39090285955e-08, 1.47028380582e-08, 1.70333969152e-08, 9.16529074857e-09, 1.15297762449e-08, 1.6789442725e-08, 1.26727774941e-08, 2.00043839271e-08, 3.11802068609e-08, 1.28346471229e-07, 4.3098584257e-08, 2.58816772458e-08, 5.67260620699e-08, 7.63749099519e-08, 2.27915577966e-07, 9.34737371949e-08, 4.59058462354e-08, 7.63360290534e-08, 1.33945349035e-07, 1.64504839972e-07, 1.83827438605e-07, 2.99647041402e-07, 4.29338399499e-07, 2.14549061184e-07, 1.17658814247e-07, 9.36124635587e-08, 6.89748276272e-08, 4.90449565405e-08, 1.77084462649e-08, 7.66912222616e-09, 2.70927014157e-09, 2.82544876384e-10],
        "stdev": [2.28636981774e-05, 2.73955447483e-05, 4.73505533591e-05, 4.75542583445e-05, 5.54094222025e-05, 0.000405709375627, 0.00603612652048, 0.209743589163, 12.7543745041, 30.2995300293, 1.18719124794, 0.142195105553, 3.73551487923, 157.597671509, 50.8249702454, 15.1969165802, 669.639526367, 282.862915039, 8.27956962585, 2.04440283775, 1.57425105572, 1.23793125153, 0.908063352108, 1.86053943634, 0.801536798477, 0.247712954879, 0.051423009485, 0.031012499705, 0.0154890045524, 0.0136301163584, 0.0018067866331, 0.00167771836277, 0.00168996560387, 0.00131784507539, 0.00113226973917, 0.000261180539383, 0.000114685019071, 2.91318337986e-05, 1.70243365574e-05, 3.11993644573e-05],
        "var": [5.22748677678e-10, 7.50515871673e-10, 2.24207497013e-09, 2.2614075057e-09, 3.07020409096e-09, 1.64600095331e-07, 3.64348234143e-05, 0.0439923740923, 162.674057007, 918.061462402, 1.40942311287, 0.0202194489539, 13.9540710449, 24837.0273438, 2583.17773438, 230.946273804, 448417.125, 80011.421875, 68.5512771606, 4.17958307266, 2.47826623917, 1.53247368336, 0.824579060078, 3.46160697937, 0.642461240292, 0.0613617114723, 0.00264432607219, 0.000961775134783, 0.000239909262746, 0.000185780081665, 3.26447775478e-06, 2.81473899122e-06, 2.85598389382e-06, 1.73671571702e-06, 1.28203475924e-06, 6.8215278759e-08, 1.3152654077e-08, 8.48663694875e-10, 2.89828050448e-10, 9.73400249293e-10]
    },
    "gfcc": {
        "mean": [-376.901489258, 36.3485107422, -168.120376587, -34.0557899475, -35.6944007874, 9.23749732971, -9.94145870209, 7.58280086517, -8.83815383911, 28.6695194244, 21.1928825378, 12.2169218063, -9.25590610504],
        "cov": [[48670.8554688, 5630.88964844, -19166.0234375, -13388.0439453, -4478.05761719, -3366.45776367, -450.515228271, -1715.88513184, -175.421310425, 2260.50146484, 4526.078125, 599.471984863, 164.814865112], [5630.88964844, 1094.00183105, -2294.45043945, -1835.69006348, -563.152770996, -488.854553223, -122.14944458, -243.320999146, 31.8792972565, 336.804748535, 540.143066406, 68.4423522949, 75.2435150146], [-19166.0234375, -2294.45043945, 8001.13378906, 5520.54052734, 1781.15869141, 1376.00708008, 178.533294678, 723.770202637, 38.6686477661, -974.791442871, -1839.578125, -242.539474487, -48.493057251], [-13388.0439453, -1835.69006348, 5520.54052734, 4218.92382812, 1347.0657959, 1043.96252441, 217.680435181, 564.037902832, -19.1940135956, -704.123474121, -1351.37536621, -156.5990448, -109.24331665], [-4478.05761719, -563.152770996, 1781.15869141, 1347.0657959, 535.149536133, 380.436523438, 96.8104705811, 195.151565552, 18.772726059, -181.525878906, -418.414672852, -35.5370445251, -23.8577003479], [-3366.45776367, -488.854553223, 1376.00708008, 1043.96252441, 380.436523438, 350.012481689, 96.0495452881, 146.123641968, 5.23462724686, -125.283096313, -312.083557129, -31.7328720093, -38.1441574097], [-450.515228271, -122.14944458, 178.533294678, 217.680435181, 96.8104705811, 96.0495452881, 94.6886901855, 35.8645439148, -4.97392511368, -5.89801883698, -45.257610321, 13.8844060898, -21.5215682983], [-1715.88513184, -243.320999146, 723.770202637, 564.037902832, 195.151565552, 146.123641968, 35.8645439148, 110.877059937, 14.5460958481, -85.338218689, -179.940078735, -22.8605117798, -13.1955032349], [-175.421310425, 31.8792972565, 38.6686477661, -19.1940135956, 18.772726059, 5.23462724686, -4.97392511368, 14.5460958481, 60.7780075073, 20.7295379639, -6.58065366745, -6.91711091995, 14.1911649704], [2260.50146484, 336.804748535, -974.791442871, -704.123474121, -181.525878906, -125.283096313, -5.89801883698, -85.338218689, 20.7295379639, 182.775878906, 238.333999634, 36.0482292175, 4.21849393845], [4526.078125, 540.143066406, -1839.578125, -1351.37536621, -418.414672852, -312.083557129, -45.257610321, -179.940078735, -6.58065366745, 238.333999634, 480.064697266, 67.9827346802, 30.2452411652], [599.471984863, 68.4423522949, -242.539474487, -156.5990448, -35.5370445251, -31.7328720093, 13.8844060898, -22.8605117798, -6.91711091995, 36.0482292175, 67.9827346802, 40.6919250488, 7.41466331482], [164.814865112, 75.2435150146, -48.493057251, -109.24331665, -23.8577003479, -38.1441574097, -21.5215682983, -13.1955032349, 14.1911649704, 4.21849393845, 30.2452411652, 7.41466331482, 41.2044868469]],
        "icov": [[0.000631651666481, -0.000768451543991, 0.00119159370661, -0.000379230856197, 0.00145457172766, -0.000781799491961, -0.000315171055263, -0.00183171371464, 0.000741280673537, 0.00128894706722, -0.00216967170127, 6.26318069408e-06, -0.000154885026859], [-0.000768451543991, 0.00820435862988, -0.00257154298015, 0.00329212378711, -0.00201977440156, 0.00848021637648, -0.000350048067048, 0.0016765918117, 0.00267018796876, -0.0142938755453, 0.00935305934399, -0.000759279180784, -0.00535642635077], [0.00119159370661, -0.00257154298015, 0.00564508326352, -0.00290949339978, 0.00256321323104, -0.00758233806118, 0.00252345204353, -0.00149319774937, -0.000775174004957, 0.00764845358208, -0.0014298800379, 0.000303913868265, -0.00535696092993], [-0.000379230856197, 0.00329212378711, -0.00290949339978, 0.0126758227125, -0.00653759390116, -0.00189142860472, -0.0013635463547, -0.00483582774177, 0.00403905799612, 0.00435406854376, 0.0137512991205, -0.00535225355998, 0.00692308321595], [0.00145457172766, -0.00201977440156, 0.00256321323104, -0.00653759390116, 0.0207615513355, -0.00614611431956, -0.00205489736982, -0.00769249536097, 0.000179909271537, -0.00509309675545, -0.00552048161626, -0.0028579859063, -0.00862540956587], [-0.000781799491961, 0.00848021637648, -0.00758233806118, -0.00189142860472, -0.00614611431956, 0.0395291484892, -0.0115177128464, 0.00108948373236, 0.00554535724223, -0.0317251756787, -0.00223504682072, 0.00705688539892, 0.00277973711491], [-0.000315171055263, -0.000350048067048, 0.00252345204353, -0.0013635463547, -0.00205489736982, -0.0115177128464, 0.0240881145, -0.000553978781682, -0.00215640245005, 0.00383235770278, 0.00140554609243, -0.0109556615353, 0.00309668341652], [-0.00183171371464, 0.0016765918117, -0.00149319774937, -0.00483582774177, -0.00769249536097, 0.00108948373236, -0.000553978781682, 0.0410242155194, -0.0129399346188, -0.000557094172109, 0.00492602633312, 0.00422734720632, -0.000773121777456], [0.000741280673537, 0.00267018796876, -0.000775174004957, 0.00403905799612, 0.000179909271537, 0.00554535724223, -0.00215640245005, -0.0129399346188, 0.0314365774393, -0.0169681254774, 0.00586770428345, 0.00633062515408, -0.0126135069877], [0.00128894706722, -0.0142938755453, 0.00764845358208, 0.00435406854376, -0.00509309675545, -0.0317251756787, 0.00383235770278, -0.000557094172109, -0.0169681254774, 0.0657673105597, -0.0125608285889, -0.00733554875478, 0.0206476412714], [-0.00216967170127, 0.00935305934399, -0.0014298800379, 0.0137512991205, -0.00552048161626, -0.00223504682072, 0.00140554609243, 0.00492602633312, 0.00586770428345, -0.0125608285889, 0.0497902780771, -0.012591553852, -0.0115961227566], [6.26318069408e-06, -0.000759279180784, 0.000303913868265, -0.00535225355998, -0.0028579859063, 0.00705688539892, -0.0109556615353, 0.00422734720632, 0.00633062515408, -0.00733554875478, -0.012591553852, 0.0470017194748, -0.012606151402], [-0.000154885026859, -0.00535642635077, -0.00535696092993, 0.00692308321595, -0.00862540956587, 0.00277973711491, 0.00309668341652, -0.000773121777456, -0.0126135069877, 0.0206476412714, -0.0115961227566, -0.012606151402, 0.0586799494922]]
    },
    "melbands": {
        "dmean": [1.93764350342e-07, 1.0463871547e-08, 2.63978860993e-09, 1.57542190404e-09, 2.18136064767e-09, 1.01067589853e-08, 1.63235308719e-05, 1.3585106899e-05, 6.63014265712e-09, 3.56165652526e-09, 1.96608631597e-08, 3.23446220136e-05, 2.15250147448e-05, 1.9467459822e-07, 7.00895589034e-06, 0.000255070161074, 1.60525323736e-05, 3.07845162695e-08, 4.62746100993e-07, 2.05282848498e-08, 2.01504889219e-07, 1.52803266928e-07, 7.083204423e-08, 8.29494481991e-08, 1.55904515964e-07, 8.10750080404e-08, 5.97057692175e-08, 9.89049286915e-09, 7.89712917282e-09, 5.67157165676e-09, 3.2596909616e-09, 1.35779809618e-09, 2.77151368522e-09, 5.61349744466e-10, 2.1734278266e-10, 4.62743454666e-10, 3.26653620819e-10, 2.08238801203e-10, 3.83254344927e-10, 2.26794971692e-10],
        "dmean2": [3.16093320407e-07, 1.97185343609e-08, 4.94969798481e-09, 2.58173527001e-09, 3.77120512596e-09, 1.31570434547e-08, 1.24556499941e-05, 1.0048814147e-05, 1.04650839106e-08, 5.69560132391e-09, 3.47312365534e-08, 2.41494653892e-05, 1.74061297002e-05, 3.58107968168e-07, 1.08557105705e-05, 0.000295914302114, 2.02926203201e-05, 4.24213659755e-08, 4.93686115988e-07, 2.34651906794e-08, 1.70655638954e-07, 1.26640173903e-07, 8.1563335641e-08, 9.19305307434e-08, 2.1113292803e-07, 1.15831667813e-07, 6.59069172571e-08, 1.55998787221e-08, 1.18865193244e-08, 8.28291213395e-09, 4.16506562573e-09, 2.24504659307e-09, 4.25439683482e-09, 8.81086092974e-10, 3.79408005013e-10, 7.80611186801e-10, 5.51386825087e-10, 3.5542299659e-10, 6.72144229164e-10, 3.76094072552e-10],
        "dvar": [2.72759499855e-14, 1.3647299555e-15, 8.25293714314e-17, 1.17000925702e-17, 2.2171878179e-17, 5.65366699024e-16, 2.25619833927e-09, 1.78613701607e-09, 2.789424285e-16, 3.99384008652e-17, 9.75111782769e-15, 5.79453329763e-09, 2.81351564269e-09, 6.75690406404e-13, 6.31811492013e-10, 4.3873583877e-07, 1.58196933331e-09, 7.13023017636e-15, 6.09135680264e-13, 1.00056402169e-15, 1.27259043147e-13, 7.27522764797e-14, 1.55383959009e-14, 2.09403790152e-14, 6.04658467393e-14, 1.98735173012e-14, 9.08106987367e-15, 2.31935699818e-16, 1.12467750952e-16, 7.69742381957e-17, 3.86355847829e-17, 5.18920838501e-18, 2.21907064641e-17, 8.29403298558e-19, 2.34915597502e-19, 5.83538388836e-19, 4.66296290354e-19, 7.99999716118e-20, 4.0439526319e-19, 8.09389767035e-20],
        "dvar2": [6.93005020231e-14, 4.02843491055e-15, 2.43734895243e-16, 2.72172812146e-17, 4.64408875128e-17, 8.92124746201e-16, 2.34264274646e-09, 1.55114132649e-09, 6.79543511e-16, 9.02964517995e-17, 2.68734958331e-14, 4.20398826861e-09, 1.99337657492e-09, 1.89206571417e-12, 1.61095747853e-09, 9.9919702734e-07, 2.39831776661e-09, 1.76345551117e-14, 9.03059961879e-13, 1.40778019328e-15, 7.54041401259e-14, 4.42256806535e-14, 1.83998781787e-14, 2.72915353917e-14, 9.28766341179e-14, 3.20239101621e-14, 9.86784913222e-15, 6.02632337055e-16, 2.91330311824e-16, 1.3821923338e-16, 3.7093554685e-17, 1.13720666537e-17, 4.7751714012e-17, 1.89340608238e-18, 6.65698982057e-19, 1.65574468468e-18, 1.26385546177e-18, 2.03351212507e-19, 1.1862410015e-18, 2.00579356124e-19],
        "max": [1.09865379727e-06, 2.66518554781e-07, 6.6291718781e-08, 2.89890227378e-08, 3.73695883127e-08, 2.50905856092e-07, 0.000674222188536, 0.000597547739744, 1.23510631056e-07, 6.29316119216e-08, 7.60107354836e-07, 0.0013666828163, 0.000859316904098, 6.23496089247e-06, 0.000207615143154, 0.0065266112797, 0.000506796350237, 7.18033618341e-07, 1.30488351715e-05, 4.94468906709e-07, 7.10288759365e-06, 5.23170592714e-06, 1.51048698172e-06, 1.60585909725e-06, 4.79579603052e-06, 2.44501120505e-06, 1.78323693945e-06, 1.28203922145e-07, 1.1379280096e-07, 1.03126922113e-07, 8.91746907428e-08, 1.93890414835e-08, 4.62331328777e-08, 8.08077427195e-09, 3.23813487135e-09, 5.72592062653e-09, 4.51515935751e-09, 2.62439159293e-09, 6.49789155815e-09, 2.81319478823e-09],
        "mean": [2.91872567004e-07, 1.09194715492e-08, 2.52663734379e-09, 1.74699987809e-09, 2.39636532839e-09, 7.50098365643e-08, 0.000264991947915, 0.000236341671553, 2.57663241854e-08, 5.39455147219e-09, 1.63330682312e-08, 0.000503936375026, 0.000318453647196, 1.65883449199e-07, 2.301036875e-05, 0.00207357504405, 0.000174405868165, 1.47994171584e-07, 3.36931384481e-06, 1.29345480104e-07, 2.21894174501e-06, 1.63460322256e-06, 4.03123237902e-07, 4.42408975232e-07, 1.41945474752e-06, 7.35115463613e-07, 4.73443208193e-07, 3.57034757315e-08, 2.97976949781e-08, 2.07356585236e-08, 1.53719188489e-08, 4.51210313557e-09, 1.33176545347e-08, 2.5617727939e-09, 5.24022270021e-10, 1.12090114968e-09, 6.82834344623e-10, 6.89664492182e-10, 1.32221900095e-09, 7.70040753384e-10],
        "median": [2.55178633779e-07, 6.73689282138e-09, 9.62203872135e-10, 7.33560157062e-10, 9.7141394928e-10, 1.50664547505e-08, 4.30123122896e-07, 4.3055396759e-07, 1.29833379603e-08, 2.36062724923e-09, 3.28791704973e-09, 4.27809311532e-07, 2.59033129169e-07, 2.62723496292e-08, 5.32424110133e-07, 3.1874551496e-06, 3.70966006358e-07, 1.40488740641e-08, 8.0344086939e-08, 1.10124345198e-08, 1.66732974094e-08, 7.41044381414e-09, 7.93820831291e-09, 1.52144501442e-08, 1.01326422808e-08, 5.10064790404e-09, 2.26099095002e-09, 4.11948075651e-09, 4.63732918732e-09, 2.2463688687e-09, 1.13129394741e-09, 7.06511182891e-10, 7.47696016212e-10, 3.97250066175e-10, 1.53023163585e-10, 2.23779467179e-10, 1.83887155503e-10, 8.70862965074e-11, 1.02000630164e-10, 8.5620795176e-11],
        "min": [3.64156664892e-12, 1.47834695874e-12, 8.24560959876e-13, 4.99198338916e-13, 2.26000384314e-13, 1.92464466131e-13, 2.12003036112e-13, 1.63828965585e-13, 1.32159880912e-13, 4.94975459545e-14, 5.99147128937e-14, 7.18849147417e-14, 4.21844261183e-14, 3.99307526606e-14, 5.19084253391e-14, 9.83000776589e-14, 2.61011562841e-13, 6.94997987112e-14, 4.76699368456e-14, 3.00532338002e-14, 7.15302518823e-14, 5.59500667639e-14, 1.5550004318e-13, 1.9620058616e-13, 6.1347160804e-14, 5.34850721383e-14, 2.18750849547e-14, 5.57056706535e-14, 7.72952326602e-14, 8.04120902894e-14, 1.0957179581e-13, 9.43360786623e-14, 1.21844144474e-13, 1.83640700303e-13, 2.44265084505e-13, 1.90399969012e-13, 1.11676157688e-13, 7.87434557121e-14, 7.52147774402e-14, 8.46031415497e-14],
        "stdev": [2.17966373839e-07, 2.74283760149e-08, 7.06786096316e-09, 3.43245476486e-09, 5.00701258233e-09, 8.20555001724e-08, 0.000298544764519, 0.000265956419753, 2.73421356667e-08, 8.65468408051e-09, 8.02410227152e-08, 0.00057850475423, 0.000364777020877, 6.50197534924e-07, 3.26344088535e-05, 0.0024892014917, 0.000204424126423, 1.88390131939e-07, 4.3808195187e-06, 1.62041772001e-07, 2.69620568361e-06, 1.97386930267e-06, 5.00721057506e-07, 5.40982284747e-07, 1.72613465566e-06, 8.95998368833e-07, 6.11149232554e-07, 4.28084803161e-08, 3.44058186386e-08, 2.4658362463e-08, 2.07437853561e-08, 5.48044321036e-09, 1.65300910737e-08, 2.97101587776e-09, 6.1545979424e-10, 1.43123979335e-09, 8.47689085592e-10, 8.35119862153e-10, 1.86598003715e-09, 8.82804662705e-10],
