{
"lowlevel": {
    "average_loudness": 0.988368213177,
    "barkbands_crest": {
        "dmean": 2.30026769638,
        "dmean2": 3.93432331085,
        "dvar": 3.32069659233,
        "dvar2": 9.9289484024,
        "max": 14.3113460541,
        "mean": 6.25053453445,
        "median": 5.76819705963,
        "min": 2.89601540565,
        "stdev": 2.15436077118,
        "var": 4.64127063751
    },
    "barkbands_flatness_db": {
        "dmean": 0.019821126014,
        "dmean2": 0.0329261645675,
        "dvar": 0.000488795747515,
        "dvar2": 0.00147380679846,
        "max": 0.168954342604,
        "mean": 0.0837856158614,
        "median": 0.0846233963966,
        "min": 0.0229050125927,
        "stdev": 0.0214585866779,
        "var": 0.000460470968392
    },
    "barkbands_kurtosis": {
        "dmean": 1.89423704147,
        "dmean2": 3.37048101425,
        "dvar": 14.1485233307,
        "dvar2": 40.6895828247,
        "max": 23.1701869965,
        "mean": 1.48678028584,
        "median": 0.926544070244,
        "min": -1.74576687813,
        "stdev": 2.93316435814,
        "var": 8.60345363617
    },
    "barkbands_skewness": {
        "dmean": 0.607380509377,
        "dmean2": 0.962244451046,
        "dvar": 0.644547760487,
        "dvar2": 1.39132857323,
        "max": 2.22594499588,
        "mean": 0.538192629814,
        "median": 0.762628078461,
        "min": -4.52300643921,
        "stdev": 1.03082752228,
        "var": 1.06260550022
    },
    "barkbands_spread": {
        "dmean": 7.7392950058,
        "dmean2": 12.2981719971,
        "dvar": 154.164871216,
        "dvar2": 407.77230835,
        "max": 78.9661254883,
        "mean": 22.002746582,
        "median": 17.1429157257,
        "min": 7.35316419601,
        "stdev": 14.3947553635,
        "var": 207.208984375
    },
    "dissonance": {
        "dmean": 0.0146834738553,
        "dmean2": 0.0246942266822,
        "dvar": 0.000386051920941,
        "dvar2": 0.000642156694084,
        "max": 0.499612867832,
        "mean": 0.479697555304,
        "median": 0.483594298363,
        "min": 0.246005430818,
        "stdev": 0.0224364753813,
        "var": 0.000503395393025
    },
    "dynamic_complexity": 2.61728262901,
    "erbbands_crest": {
        "dmean": 1.98711049557,
        "dmean2": 3.3839905262,
        "dvar": 2.59883165359,
        "dvar2": 7.76467132568,
        "max": 14.1095256805,
        "mean": 6.42869186401,
        "median": 6.13245344162,
        "min": 3.09861850739,
        "stdev": 1.79047906399,
        "var": 3.20581507683
    },
    "erbbands_flatness_db": {
        "dmean": 0.0166337694973,
        "dmean2": 0.0272547565401,
        "dvar": 0.000278588413494,
        "dvar2": 0.000740311515983,
        "max": 0.188529640436,
        "mean": 0.134151935577,
        "median": 0.139942348003,
        "min": 0.0614265277982,
        "stdev": 0.0252466890961,
        "var": 0.000637395307422
    },
    "erbbands_kurtosis": {
        "dmean": 0.977721214294,
        "dmean2": 1.74210834503,
        "dvar": 1.16856086254,
        "dvar2": 3.34576845169,
        "max": 5.26913452148,
        "mean": 0.650715410709,
        "median": 0.646579265594,
        "min": -1.54976117611,
        "stdev": 1.00277125835,
        "var": 1.00555026531
    },
    "erbbands_skewness": {
        "dmean": 0.372494459152,
        "dmean2": 0.628332078457,
        "dvar": 0.216903418303,
        "dvar2": 0.49756538868,
        "max": 1.16902029514,
        "mean": 0.212026596069,
        "median": 0.276582092047,
        "min": -2.34789705276,
        "stdev": 0.518891215324,
        "var": 0.269248068333
    },
    "erbbands_spread": {
        "dmean": 9.84621715546,
        "dmean2": 16.0616798401,
        "dvar": 189.886444092,
        "dvar2": 479.46383667,
        "max": 98.9128417969,
        "mean": 29.1330223083,
        "median": 23.2919998169,
        "min": 14.6459255219,
        "stdev": 17.5598335266,
        "var": 308.347747803
    },
    "hfc": {
        "dmean": 250.999343872,
        "dmean2": 467.676727295,
        "dvar": 945114.625,
        "dvar2": 2706295.5,
        "max": 6502.69189453,
        "mean": 164.242660522,
        "median": 6.59231710434,
        "min": 0.0106495292857,
        "stdev": 751.251708984,
        "var": 564379.125
    },
    "loudness_ebu128": {
        "integrated": -52.8307228088,
        "loudness_range": 1.11502075195,
        "momentary": {
            "dmean": 1.52495276928,
            "dmean2": 2.52691102028,
            "dvar": 5.98624897003,
            "dvar2": 8.8156671524,
            "max": -47.7393875122,
            "mean": -55.2107048035,
            "median": -55.3843688965,
            "min": -60.7457580566,
            "stdev": 4.7490196228,
            "var": 22.553188324
        },
        "short_term": {
            "dmean": 0.330306231976,
            "dmean2": 0.671643555164,
            "dvar": 0.178270325065,
            "dvar2": 0.452625751495,
            "max": -52.712310791,
            "mean": -53.3643341064,
            "median": -53.3194503784,
            "min": -54.4777679443,
            "stdev": 0.553076863289,
            "var": 0.305893987417
        }
    },
    "melbands_crest": {
        "dmean": 2.569470644,
        "dmean2": 4.20362854004,
        "dvar": 3.81632328033,
        "dvar2": 11.5936584473,
        "max": 16.7517108917,
        "mean": 7.84386444092,
        "median": 7.33100795746,
        "min": 3.10742878914,
        "stdev": 2.59710144997,
        "var": 6.74493551254
    },
    "melbands_flatness_db": {
        "dmean": 0.0237644091249,
        "dmean2": 0.0338210575283,
        "dvar": 0.000494414940476,
        "dvar2": 0.000825299241114,
        "max": 0.227972477674,
        "mean": 0.150571137667,
        "median": 0.164412051439,
        "min": 0.0214705374092,
        "stdev": 0.046529058367,
        "var": 0.00216495338827
    },
    "melbands_kurtosis": {
        "dmean": 1.79674458504,
        "dmean2": 3.05892205238,
        "dvar": 2.8462164402,
        "dvar2": 5.66260671616,
        "max": 11.5986995697,
        "mean": 2.06962227821,
        "median": 1.63483905792,
        "min": -1.71514999866,
        "stdev": 2.2632651329,
        "var": 5.1223692894
    },
    "melbands_skewness": {
        "dmean": 0.563430666924,
        "dmean2": 0.942075133324,
        "dvar": 0.282534897327,
        "dvar2": 0.733334362507,
        "max": 2.8800432682,
        "mean": 1.19253456593,
        "median": 1.17509174347,
        "min": -1.33856856823,
        "stdev": 0.611266672611,
        "var": 0.373646974564
    },
    "melbands_spread": {
        "dmean": 15.8702135086,
        "dmean2": 24.9247932434,
        "dvar": 996.747375488,
        "dvar2": 2097.20800781,
        "max": 213.465667725,
        "mean": 36.8588104248,
        "median": 23.2733345032,
        "min": 10.0928401947,
        "stdev": 40.1105270386,
        "var": 1608.85449219
    },
    "pitch_salience": {
        "dmean": 0.0549715310335,
        "dmean2": 0.0956778749824,
        "dvar": 0.00179808645044,
        "dvar2": 0.00463316962123,
        "max": 0.868722498417,
        "mean": 0.733247041702,
        "median": 0.738431453705,
        "min": 0.553496301174,
        "stdev": 0.0558607913554,
        "var": 0.00312042795122
    },
    "silence_rate_20dB": {
        "dmean": 0.0115606933832,
        "dmean2": 0.0232558138669,
        "dvar": 0.0114270355552,
        "dvar2": 0.0343428328633,
        "max": 1,
        "mean": 0.994252860546,
        "median": 1,
        "min": 0,
        "stdev": 0.0755916163325,
        "var": 0.00571409193799
    },
    "silence_rate_30dB": {
        "dmean": 0.0462427735329,
        "dmean2": 0.0930232554674,
        "dvar": 0.0441043972969,
        "dvar2": 0.0959978625178,
        "max": 1,
        "mean": 0.954023003578,
        "median": 1,
        "min": 0,
        "stdev": 0.209435224533,
        "var": 0.0438631139696
    },
    "silence_rate_60dB": {
        "dmean": 0.00578034669161,
        "dmean2": 0.00581395346671,
        "dvar": 0.00574693502858,
        "dvar2": 0.00578015157953,
        "max": 1,
        "mean": 0.00574712641537,
        "median": 0,
        "min": 0,
        "stdev": 0.0755916461349,
        "var": 0.0057140965946
    },
    "spectral_centroid": {
        "dmean": 405.571838379,
        "dmean2": 618.579589844,
        "dvar": 472235.375,
        "dvar2": 910203.4375,
        "max": 6148.63623047,
        "mean": 1332.39489746,
        "median": 1019.94189453,
        "min": 597.689331055,
        "stdev": 934.80078125,
        "var": 873852.5
    },
    "spectral_complexity": {
        "dmean": 4.45086717606,
        "dmean2": 7.25581407547,
        "dvar": 39.5655136108,
        "dvar2": 75.6322402954,
        "max": 54,
        "mean": 20.1149425507,
        "median": 18,
        "min": 0,
        "stdev": 8.16837882996,
        "var": 66.7224121094
    },
    "spectral_decrease": {
        "dmean": 1.03645969585e-09,
        "dmean2": 1.76024772536e-09,
        "dvar": 3.492339589e-18,
        "dvar2": 9.49176269861e-18,
        "max": 7.20381621022e-09,
        "mean": -2.41054554095e-09,
        "median": -2.15844808693e-09,
        "min": -1.6562355043e-08,
        "stdev": 1.66832081483e-09,
        "var": 2.78329422319e-18
    },
    "spectral_energy": {
        "dmean": 0.0251141451299,
        "dmean2": 0.0463709048927,
        "dvar": 0.00776505190879,
        "dvar2": 0.0222193133086,
        "max": 0.61429131031,
        "mean": 0.0239952560514,
        "median": 0.00903815869242,
        "min": 1.49357729242e-05,
        "stdev": 0.0688021853566,
        "var": 0.00473374081776
    },
    "spectral_energyband_high": {
        "dmean": 0.0216874554753,
        "dmean2": 0.0405939556658,
        "dvar": 0.00740572158247,
        "dvar2": 0.0212218072265,
        "max": 0.587997317314,
        "mean": 0.0137140480801,
        "median": 8.19907727418e-05,
        "min": 2.23629896823e-07,
        "stdev": 0.066295966506,
        "var": 0.00439515523612
    },
    "spectral_energyband_low": {
        "dmean": 0.000509788049385,
        "dmean2": 0.000783119699918,
        "dvar": 2.02259471394e-07,
        "dvar2": 4.84975259951e-07,
        "max": 0.00319991307333,
        "mean": 0.00107869040221,
        "median": 0.000966431689449,
        "min": 2.01514581022e-06,
        "stdev": 0.000598497805186,
        "var": 3.58199656603e-07
    },
    "spectral_energyband_middle_high": {
        "dmean": 0.00230607786216,
        "dmean2": 0.00397645495832,
        "dvar": 4.89383091917e-05,
        "dvar2": 0.000136055328767,
        "max": 0.070707552135,
        "mean": 0.00416333181784,
        "median": 0.00302516994998,
        "min": 4.30851423516e-06,
        "stdev": 0.00583819579333,
        "var": 3.40845290339e-05
    },
    "spectral_energyband_middle_low": {
        "dmean": 0.00205280957744,
        "dmean2": 0.00333230290562,
        "dvar": 4.56773432234e-06,
        "dvar2": 9.0787298177e-06,
        "max": 0.0265162587166,
        "mean": 0.00519444141537,
        "median": 0.00459372345358,
        "min": 9.16125827644e-06,
        "stdev": 0.00284490734339,
        "var": 8.09349785413e-06
    },
    "spectral_entropy": {
        "dmean": 0.171275347471,
        "dmean2": 0.233801156282,
        "dvar": 0.0372056290507,
        "dvar2": 0.0473651103675,
        "max": 9.09773254395,
        "mean": 7.84266042709,
        "median": 7.68382263184,
        "min": 7.33611249924,
        "stdev": 0.412104874849,
        "var": 0.169830426574
    },
    "spectral_flux": {
        "dmean": 0.0373660363257,
        "dmean2": 0.0600415430963,
        "dvar": 0.00866897962987,
        "dvar2": 0.0157174114138,
        "max": 0.742344558239,
        "mean": 0.0976435765624,
        "median": 0.0572513341904,
        "min": 0.0417338944972,
        "stdev": 0.112732604146,
        "var": 0.012708639726
    },
    "spectral_kurtosis": {
        "dmean": 1.33379328251,
        "dmean2": 1.8947905302,
        "dvar": 2.56456279755,
        "dvar2": 4.04519510269,
        "max": 13.6772766113,
        "mean": 6.96558237076,
        "median": 8.19927787781,
        "min": -0.910139083862,
        "stdev": 3.26180005074,
        "var": 10.639339447
    },
    "spectral_rms": {
        "dmean": 0.00137074536178,
        "dmean2": 0.00230704946443,
        "dvar": 1.01679461295e-05,
        "dvar2": 2.73249388556e-05,
        "max": 0.0244807805866,
        "mean": 0.00381661066785,
        "median": 0.00296946242452,
        "min": 0.000120712407806,
        "stdev": 0.00297379819676,
        "var": 8.84347628016e-06
    },
    "spectral_rolloff": {
        "dmean": 1172.75048828,
        "dmean2": 1833.32653809,
        "dvar": 7862711.5,
        "dvar2": 13191625,
        "max": 16020.703125,
        "mean": 3070.33789062,
        "median": 1270.45898438,
        "min": 775.1953125,
        "stdev": 4403.87695312,
        "var": 19394134
    },
    "spectral_skewness": {
        "dmean": 0.22060495615,
        "dmean2": 0.32968133688,
        "dvar": 0.0896998643875,
        "dvar2": 0.148160263896,
        "max": 3.30124855042,
        "mean": 2.01418948174,
        "median": 2.21212339401,
        "min": 0.253058165312,
        "stdev": 0.531724512577,
        "var": 0.282730937004
    },
    "spectral_spread": {
        "dmean": 1046176.4375,
        "dmean2": 1268637.5,
        "dvar": 3.52932383949e+12,
        "dvar2": 3.55162574029e+12,
        "max": 23315872,
        "mean": 5383338,
        "median": 3770418.75,
        "min": 3341535.25,
        "stdev": 3481039,
        "var": 1.21176326144e+13
    },
    "spectral_strongpeak": {
        "dmean": 1.14911925793,
        "dmean2": 1.99083888531,
        "dvar": 12.1098718643,
        "dvar2": 31.2750377655,
        "max": 28.7003231049,
        "mean": 0.975683093071,
        "median": 0.304769277573,
        "min": 0.00208914559335,
        "stdev": 3.02181267738,
        "var": 9.13135242462
    },
    "zerocrossingrate": {
        "dmean": 0.0297908019274,
        "dmean2": 0.028712073341,
        "dvar": 0.00237423856743,
        "dvar2": 0.00190482498147,
        "max": 0.43115234375,
        "mean": 0.0991295129061,
        "median": 0.054931640625,
        "min": 0.005859375,
        "stdev": 0.104072913527,
        "var": 0.0108311707154
    },
    "barkbands": {
        "dmean": [9.54098213697e-05, 0.00017079913232, 0.000404795893701, 0.000244278839091, 0.00116030918434, 0.000869961339049, 0.000389993540011, 0.000444159610197, 0.000345524604199, 0.000420453405241, 0.000339960271958, 0.000519131484907, 0.000294732191833, 0.00016440541367, 0.000359291298082, 0.000217055116082, 0.000135901675094, 0.000526550284121, 0.000270774733508, 0.000568804738577, 0.000397406402044, 0.000411903281929, 0.00140959536657, 0.00270124385133, 0.00808383245021, 0.00631739431992, 0.0024572587572],
        "dmean2": [0.000172033032868, 0.000280196662061, 0.000626963505056, 0.000409313623095, 0.00187480088789, 0.00154262571596, 0.000672159017995, 0.0007453871076, 0.000572413147893, 0.000734013156034, 0.000596217811108, 0.00090066663688, 0.000525240495335, 0.000290784577373, 0.000610111223068, 0.00037777228863, 0.000236729945755, 0.00102011929266, 0.000471925712191, 0.00109538587276, 0.000741993018892, 0.000748998485506, 0.00250605680048, 0.00512411026284, 0.0156644657254, 0.011807330884, 0.00444132275879],
        "dvar": [9.78173630983e-09, 2.75519624893e-08, 1.42655323998e-07, 4.95534777656e-08, 1.51690539951e-06, 7.67532469581e-07, 8.8024046363e-07, 1.70367741248e-07, 1.28533798716e-07, 1.67989824718e-07, 8.04433781809e-08, 3.09658418018e-07, 8.64032685399e-08, 9.7525862941e-08, 1.0214946542e-06, 4.73890224839e-07, 1.70631366814e-07, 1.03041074908e-05, 1.09617212729e-06, 8.42729332362e-06, 4.50260176876e-06, 2.57763235822e-06, 2.04682182812e-05, 0.000100733981526, 0.0015972974943, 0.000621849903837, 6.71763700666e-05],
        "dvar2": [2.59738524022e-08, 7.42320196423e-08, 3.38858399118e-07, 1.29061504595e-07, 3.95690813093e-06, 1.95686311599e-06, 2.71995463663e-06, 5.19396166965e-07, 3.0649260907e-07, 4.86756846385e-07, 2.19369468368e-07, 9.30498458729e-07, 2.48980143169e-07, 2.21569536052e-07, 2.63149991042e-06, 1.23759389226e-06, 4.86023566282e-07, 3.0636532756e-05, 3.04663535644e-06, 2.48969809036e-05, 1.32532140924e-05, 7.18989031157e-06, 5.88738112128e-05, 0.00029211724177, 0.00467053847387, 0.00179244333412, 0.00019038656319],
        "max": [0.00060057383962, 0.00159287359565, 0.00261447345838, 0.00138303812128, 0.00973251834512, 0.00604331260547, 0.0095522319898, 0.00267379404977, 0.00301405973732, 0.0030896179378, 0.00175423908513, 0.00478569418192, 0.00261343666352, 0.00276585435495, 0.0092426398769, 0.00668961601332, 0.00350541784428, 0.0299708656967, 0.00925701856613, 0.0264877323061, 0.0196428429335, 0.0145890610293, 0.0272000096738, 0.0659657791257, 0.295015573502, 0.153019055724, 0.0607926771045],
        "mean": [8.37491606944e-05, 0.000343455350958, 0.000532928854227, 0.000343577645253, 0.00174811878242, 0.00118712964468, 0.000450899766292, 0.000680836150423, 0.000617937243078, 0.00070597208105, 0.000533121114131, 0.000850647105835, 0.000470131170005, 0.000224906223593, 0.000415117276134, 0.000244444439886, 0.000146077640238, 0.000337466888595, 0.000220484173042, 0.000347929628333, 0.000258671643678, 0.000320484105032, 0.000958946242463, 0.00164386094548, 0.00479170819744, 0.00395105080679, 0.00156162644271],
        "median": [4.87889265059e-05, 0.000288726412691, 0.000387964682886, 0.000302319851471, 0.00142682902515, 0.00089902873151, 0.00028122443473, 0.000603402149864, 0.000497632019687, 0.000585929956287, 0.00048438939848, 0.000724189041648, 0.000413134403061, 0.000143131648656, 0.000181908195373, 0.000119676704344, 7.6433585491e-05, 6.01556857873e-05, 4.1407016397e-05, 3.0197603337e-05, 1.85306853382e-05, 1.2046939446e-05, 8.06973730505e-06, 6.32562114333e-06, 5.84861118114e-06, 6.76022045809e-06, 1.06982788566e-05],
        "min": [9.6072980682e-09, 3.30763043621e-07, 9.11467623155e-07, 1.71573401531e-06, 4.88598789161e-06, 1.24426969705e-06, 1.12812934105e-07, 4.23380328129e-07, 7.45318573081e-07, 2.31283422636e-07, 4.98789006542e-07, 1.75786965428e-06, 1.11056908736e-06, 1.2260188953e-07, 1.49557934037e-07, 1.17855982751e-07, 1.15235600617e-07, 1.19859805636e-07, 7.08796079607e-08, 4.21250199167e-08, 4.8644526629e-08, 3.13065022794e-08, 5.22260918956e-08, 2.47062832415e-08, 1.66398308465e-08, 2.37955859461e-08, 1.80951733597e-08],
        "stdev": [9.55712894211e-05, 0.000235549625359, 0.00048305906239, 0.000251453311648, 0.00141072098631, 0.000919422949664, 0.000934958108701, 0.000465154938865, 0.00042601293535, 0.000427777587902, 0.00032656872645, 0.000600458879489, 0.00030785886338, 0.000328715366777, 0.000942922953982, 0.00060429633595, 0.000328426656779, 0.00231268373318, 0.000843640416861, 0.00211560586467, 0.00155421672389, 0.00132896134164, 0.00362240080722, 0.00762318493798, 0.0296297352761, 0.0190676040947, 0.00661496585235],
        "var": [9.13387143697e-09, 5.54836248057e-08, 2.33346071354e-07, 6.32287751046e-08, 1.99013356905e-06, 8.45338547606e-07, 8.74146621754e-07, 2.16369130612e-07, 1.81487010309e-07, 1.82993659337e-07, 1.06647128462e-07, 3.60550870937e-07, 9.47770715243e-08, 1.08053789916e-07, 8.89103716872e-07, 3.65174088302e-07, 1.078640679e-07, 5.34850641998e-06, 7.11729171599e-07, 4.47578804597e-06, 2.41558973357e-06, 1.76613821168e-06, 1.31217875605e-05, 5.81129461352e-05, 0.000877921178471, 0.00036357351928, 4.37577728007e-05]
    },
    "erbbands": {
        "dmean": [0.00667534489185, 0.0358801148832, 0.311445385218, 0.637048304081, 1.39371359348, 4.80048704147, 8.6364030838, 5.87653064728, 3.6111676693, 9.71239852905, 6.55525493622, 7.52256727219, 11.777762413, 17.1351089478, 12.692656517, 16.3642501831, 12.3732328415, 7.19355916977, 15.3543806076, 17.2035446167, 9.20355224609, 8.64297676086, 23.2524719238, 17.4793491364, 19.1476249695, 23.442029953, 22.2069034576, 15.5496835709, 13.9414672852, 21.8939552307, 41.1706428528, 50.038230896, 66.0876159668, 101.879989624, 40.8044586182, 27.6070022583, 10.9143362045, 3.89370250702, 0.358229130507, 0.0127370711416],
        "dmean2": [0.0114543093368, 0.0585398338735, 0.493050813675, 1.00281500816, 2.35913920403, 7.91082048416, 14.7445468903, 10.2578735352, 6.32878780365, 15.963637352, 11.1535196304, 12.4892549515, 20.4387454987, 30.0623531342, 20.6295795441, 28.882648468, 22.3187618256, 12.6532564163, 26.6181659698, 28.5545902252, 15.6913766861, 15.3098630905, 44.5617866516, 32.5617523193, 34.2489547729, 45.0221672058, 41.9261512756, 29.5976314545, 24.9298038483, 38.7585716248, 74.2038345337, 93.0194244385, 127.558570862, 197.090591431, 78.5229187012, 51.6560020447, 20.5627193451, 7.1766295433, 0.643684744835, 0.0227606277913],
        "dvar": [6.55607727822e-05, 0.00102272280492, 0.0901097133756, 0.293423503637, 2.38365268707, 23.56275177, 88.5093917847, 40.0905647278, 105.360145569, 163.979309082, 37.3419113159, 52.535736084, 132.367645264, 246.504852295, 132.774902344, 365.603759766, 176.638519287, 180.375198364, 1580.82299805, 2756.35717773, 727.157836914, 834.810791016, 18231.96875, 8273.55273438, 6658.37451172, 12127.3828125, 13767.5488281, 8956.1875, 3968.03295898, 4481.13818359, 18403.8476562, 31904.6269531, 89298.296875, 277756.8125, 31819.3183594, 11542.7089844, 2073.03613281, 181.633651733, 1.60477566719, 0.00234635313973],
        "dvar2": [0.000165883000591, 0.00289477384649, 0.212707415223, 0.777394652367, 5.3411693573, 61.9501609802, 242.469741821, 104.15813446, 290.283630371, 529.569335938, 107.951309204, 122.26688385, 395.989013672, 790.876525879, 363.95425415, 1105.75048828, 508.183105469, 419.432281494, 4053.07226562, 6908.87548828, 1888.71960449, 2387.68408203, 54152.5742188, 24389.59375, 18787.3378906, 35614.6992188, 40644.4648438, 26466.6503906, 11224.6777344, 12533.4082031, 51892.1757812, 92348.640625, 260968.53125, 811981.125, 92489.328125, 33155.765625, 6023.39306641, 514.846496582, 4.46115589142, 0.00649074884132],
        "max": [0.0852639302611, 0.248035177588, 2.05817437172, 3.10292410851, 11.7004451752, 37.3540763855, 74.9052505493, 44.593963623, 119.468589783, 108.796173096, 41.8781852722, 60.2923088074, 86.4407806396, 92.9120635986, 86.4318008423, 173.455245972, 117.928649902, 123.760345459, 320.566101074, 509.650085449, 264.229431152, 253.036621094, 1253.64916992, 852.472412109, 724.19909668, 988.625854492, 1086.94152832, 889.211730957, 610.793457031, 395.595092773, 832.772399902, 1370.09655762, 2298.72119141, 3959.15722656, 1229.81884766, 651.16784668, 325.052368164, 85.1374206543, 10.7886247635, 0.414895385504],
        "mean": [0.01102710329, 0.0828315019608, 0.44568836689, 1.02414989471, 1.91896510124, 6.59292650223, 12.0303926468, 8.28014373779, 5.11917543411, 13.9406414032, 11.465880394, 13.1847629547, 18.9023036957, 27.2414894104, 25.2883911133, 30.5478382111, 21.394367218, 11.568614006, 18.3076133728, 20.0628414154, 11.1867332458, 8.9147310257, 15.8337574005, 12.227057457, 14.3216371536, 14.8209314346, 13.5863208771, 10.3325462341, 10.5715970993, 16.6929416656, 28.7248725891, 31.52318573, 38.7952461243, 60.9096641541, 24.5723381042, 17.1134281158, 6.81102466583, 2.39022731781, 0.229140296578, 0.00844091828912],
        "median": [0.00868453271687, 0.0734049975872, 0.330609679222, 0.880271077156, 1.40610790253, 5.44017505646, 9.44045448303, 6.39194011688, 3.48027229309, 11.3335113525, 9.79206752777, 10.8747882843, 15.8807201385, 24.2522659302, 21.4835586548, 26.9080257416, 18.514793396, 8.1621761322, 8.42503070831, 8.7774553299, 6.42299175262, 4.38595867157, 3.50239062309, 2.35362577438, 1.90942203999, 1.42381453514, 0.886910259724, 0.681717097759, 0.430884897709, 0.294583171606, 0.219950243831, 0.150788024068, 0.0972541719675, 0.066469155252, 0.0417615845799, 0.0246076881886, 0.013083614409, 0.00985482893884, 0.00129532418214, 0.00012069944205],
        "min": [5.65480286241e-06, 9.90974294837e-05, 0.000818654079922, 0.00374502129853, 0.0104600992054, 0.0177136454731, 0.0167061779648, 0.00783046521246, 0.00256759487092, 0.0023216959089, 0.0141374357045, 0.0177316628397, 0.00632856180891, 0.0130770215765, 0.0348961651325, 0.0716879442334, 0.0545774810016, 0.0139697846025, 0.00821170117706, 0.00787061825395, 0.00362843344919, 0.00670279981568, 0.00784188043326, 0.00309273693711, 0.00392394745722, 0.00180675485171, 0.00126247585285, 0.00213183928281, 0.00107514625415, 0.000871894881129, 0.00179402297363, 0.000709232757799, 0.000392381392885, 0.000189771511941, 0.000111664077849, 8.54678146425e-05, 5.11931248184e-05, 1.825846266e-05, 1.33082073717e-06, 2.08336317087e-07],
        "stdev": [0.00894857291132, 0.0500294826925, 0.375844627619, 0.650584697723, 1.71202266216, 5.46129512787, 9.86218547821, 6.45901298523, 10.2642459869, 13.3986473083, 7.03473043442, 8.99043560028, 11.6411848068, 15.8835096359, 14.3372087479, 19.2255840302, 13.3651762009, 14.1940746307, 37.4822540283, 48.8600883484, 23.884437561, 22.6460800171, 97.6086578369, 66.678817749, 64.1009979248, 81.0785751343, 85.4874649048, 68.9607696533, 50.8828201294, 56.9102973938, 110.012664795, 137.244842529, 222.383636475, 390.957946777, 133.765548706, 82.2693023682, 34.5950279236, 10.6362361908, 1.03662264347, 0.0393618345261],
        "var": [8.00769630587e-05, 0.00250294897705, 0.141259178519, 0.423260450363, 2.93102169037, 29.8257446289, 97.2626953125, 41.7188491821, 105.354736328, 179.523742676, 49.4874343872, 80.8279342651, 135.517181396, 252.285873413, 205.555557251, 369.623046875, 178.627944946, 201.471755981, 1404.91943359, 2387.30810547, 570.466369629, 512.844909668, 9527.45019531, 4446.06445312, 4108.9375, 6573.73583984, 7308.10644531, 4755.58740234, 2589.06152344, 3238.78198242, 12102.7871094, 18836.1464844, 49454.484375, 152848.109375, 17893.2207031, 6768.23779297, 1196.81604004, 113.129524231, 1.07458651066, 0.0015493540559]
    },
    "gfcc": {
        "mean": [8.40737342834, 68.3097991943, -103.91305542, -11.9601402283, -46.6596107483, 4.09294986725, -31.3199539185, -1.84248793125, -27.5125331879, -2.74990153313, -15.41817379, 4.45992803574, -9.29607486725],
        "cov": [[3655.54541016, -2669.95068359, 741.988464355, 62.1753311157, -275.639892578, 270.756500244, -291.31262207, 228.658416748, 3.72328853607, 153.79675293, 8.72163391113, -29.3142986298, -39.4380264282], [-2669.95068359, 2599.30859375, -716.757568359, -63.2122802734, 239.873825073, -285.245178223, 256.696044922, -197.72038269, 21.4384803772, -116.299110413, 8.64476394653, 28.5708351135, 64.1774597168], [741.988464355, -716.757568359, 317.956481934, 7.60975027084, -81.7098693848, 108.71736145, -78.1970977783, 61.5164260864, -9.25870513916, 35.511505127, -7.0325088501, -13.3187294006, -22.5529346466], [62.1753311157, -63.2122802734, 7.60975027084, 62.0198860168, 1.13007831573, 4.44359588623, -5.47825813293, 0.0584125854075, 3.26505231857, 0.603139698505, 0.907127141953, 1.27708208561, -3.33152604103], [-275.639892578, 239.873825073, -81.7098693848, 1.13007831573, 77.9546966553, -23.908908844, 40.8200263977, -16.6518745422, 4.76716947556, -16.3129310608, -1.56528139114, 1.43892395496, 2.9586725235], [270.756500244, -285.245178223, 108.71736145, 4.44359588623, -23.908908844, 82.5796737671, -21.7091808319, 34.7007865906, -0.0759723186493, 14.2623596191, -0.188085451722, -2.41695761681, -7.22875261307], [-291.31262207, 256.696044922, -78.1970977783, -5.47825813293, 40.8200263977, -21.7091808319, 71.4615631104, -9.10717010498, 8.59049320221, -14.9206104279, -5.28476905823, 3.83321452141, 8.60831642151], [228.658416748, -197.72038269, 61.5164260864, 0.0584125854075, -16.6518745422, 34.7007865906, -9.10717010498, 56.5434761047, 13.5944318771, 17.3675041199, 2.22245931625, -3.67676901817, -3.68729615211], [3.72328853607, 21.4384803772, -9.25870513916, 3.26505231857, 4.76716947556, -0.0759723186493, 8.59049320221, 13.5944318771, 36.0464134216, 12.664065361, 5.7227845192, 0.405573934317, 0.399933964014], [153.79675293, -116.299110413, 35.511505127, 0.603139698505, -16.3129310608, 14.2623596191, -14.9206104279, 17.3675041199, 12.664065361, 30.983663559, 8.97752475739, -0.17903482914, 0.328939944506], [8.72163391113, 8.64476394653, -7.0325088501, 0.907127141953, -1.56528139114, -0.188085451722, -5.28476905823, 2.22245931625, 5.7227845192, 8.97752475739, 25.3170661926, 10.6271877289, 4.92287969589], [-29.3142986298, 28.5708351135, -13.3187294006, 1.27708208561, 1.43892395496, -2.41695761681, 3.83321452141, -3.67676901817, 0.405573934317, -0.17903482914, 10.6271877289, 28.8260536194, 11.8040132523], [-39.4380264282, 64.1774597168, -22.5529346466, -3.33152604103, 2.9586725235, -7.22875261307, 8.60831642151, -3.68729615211, 0.399933964014, 0.328939944506, 4.92287969589, 11.8040132523, 30.2532348633]],
        "icov": [[0.0012505936902, 0.00115852383897, -0.000155585075845, -9.27164801396e-05, 0.000263427413302, 0.000760934432037, 0.000719126488548, -0.000787430093624, -0.000416295602918, -0.000861860113218, -0.000189205675269, 0.000489789934363, -0.00124352867715], [0.00115852383897, 0.00257952930406, 0.00153574114665, 0.0010026631644, -0.000391284294892, 0.00167624698952, -0.00147893175017, 0.00143404991832, -0.00150368129835, 0.000688533706125, -0.00134311511647, 0.00111519638449, -0.00187633000314], [-0.000155585075845, 0.00153574114665, 0.010800557211, 0.000951374822762, 0.00257680565119, -0.00663035083562, 0.00162939238362, -0.000394553877413, 0.00137420545798, -0.00181611871812, 0.00274039199576, 0.000590211770032, 0.00167300843168], [-9.27164801396e-05, 0.0010026631644, 0.000951374822762, 0.0174806825817, -0.00173693022225, -0.000289220799459, 0.000416176364524, 0.00273346970789, -0.00352686922997, 0.00229150033556, -0.000662033155095, -0.00130877492484, 0.00134194584098], [0.000263427413302, -0.000391284294892, 0.00257680565119, -0.00173693022225, 0.0218027494848, -0.00178664911073, -0.00721106678247, 0.000602024490945, -0.00152596319094, 0.00381643720903, -0.001419859007, 0.00141917879228, 0.00212518870831], [0.000760934432037, 0.00167624698952, -0.00663035083562, -0.000289220799459, -0.00178664911073, 0.0258910451084, -0.00228915014304, -0.00718761701137, 0.00101911998354, 0.000394049449824, -0.00215511349961, -0.00127364613581, -0.000572160526644], [0.000719126488548, -0.00147893175017, 0.00162939238362, 0.000416176364524, -0.00721106678247, -0.00228915014304, 0.0292438305914, -0.00655327923596, -0.00491567328572, 0.00346848554909, 0.00889941770583, -0.00327115063556, -0.00377085222863], [-0.000787430093624, 0.00143404991832, -0.000394553877413, 0.00273346970789, 0.000602024490945, -0.00718761701137, -0.00655327923596, 0.0338406264782, -0.010778519325, -0.00372115173377, -0.00226943381131, 0.00322143919766, -0.000553485064302], [-0.000416295602918, -0.00150368129835, 0.00137420545798, -0.00352686922997, -0.00152596319094, 0.00101911998354, -0.00491567328572, -0.010778519325, 0.0418530739844, -0.019141420722, -0.00237749540247, -0.000106758285256, 0.00384432147257], [-0.000861860113218, 0.000688533706125, -0.00181611871812, 0.00229150033556, 0.00381643720903, 0.000394049449824, 0.00346848554909, -0.00372115173377, -0.019141420722, 0.0597184300423, -0.017426090315, 0.00557736633345, -0.0051420009695], [-0.000189205675269, -0.00134311511647, 0.00274039199576, -0.000662033155095, -0.001419859007, -0.00215511349961, 0.00889941770583, -0.00226943381131, -0.00237749540247, -0.017426090315, 0.0581439584494, -0.0207601226866, 0.000247218908044], [0.000489789934363, 0.00111519638449, 0.000590211770032, -0.00130877492484, 0.00141917879228, -0.00127364613581, -0.00327115063556, 0.00322143919766, -0.000106758285256, 0.00557736633345, -0.0207601226866, 0.0495566166937, -0.0165678448975], [-0.00124352867715, -0.00187633000314, 0.00167300843168, 0.00134194584098, 0.00212518870831, -0.000572160526644, -0.00377085222863, -0.000553485064302, 0.00384432147257, -0.0051420009695, 0.000247218908044, -0.0165678448975, 0.0438987053931]]
    },
    "melbands": {
        "dmean": [5.24624665559e-05, 0.000113173286081, 0.000116336421343, 0.000174909320776, 0.000296200625598, 0.000136991075124, 6.25544416835e-05, 0.000108375315904, 5.16571053595e-05, 5.00995520269e-05, 6.14307646174e-05, 6.99804950273e-05, 3.9921302232e-05, 6.80815501255e-05, 3.98711490561e-05, 1.86981469597e-05, 1.35405016408e-05, 2.34987164731e-05, 2.57919909927e-05, 2.03402632906e-05, 8.54439258546e-06, 7.06105947756e-06, 1.51088788698e-05, 2.76298760582e-05, 1.19358337543e-05, 1.28865704028e-05, 1.26017084767e-05, 1.77628153324e-05, 1.81299565156e-05, 6.84634596837e-06, 9.94579659164e-06, 6.73277736496e-06, 9.32063267101e-06, 1.3839075109e-05, 2.01833736355e-05, 3.3221749618e-05, 3.02801308862e-05, 3.00303836411e-05, 0.000101245990663, 7.55870132707e-05],
        "dmean2": [8.60839209054e-05, 0.000178873291588, 0.000186891033081, 0.000279528903775, 0.000501426751725, 0.000242068330408, 0.000109757827886, 0.000177286812686, 8.71450247359e-05, 8.27366457088e-05, 0.000107453721284, 0.000122740209918, 6.57961863908e-05, 0.000118823350931, 7.10111271474e-05, 3.31491864927e-05, 2.4218343242e-05, 4.11848486692e-05, 4.3540749175e-05, 3.53375071427e-05, 1.44857795021e-05, 1.22312776512e-05, 2.82278542727e-05, 5.37213709322e-05, 2.22063827096e-05, 2.2729009288e-05, 2.29713768931e-05, 3.44278414559e-05, 3.47613713529e-05, 1.27173298097e-05, 1.90047576325e-05, 1.17435456559e-05, 1.75176137418e-05, 2.39272685576e-05, 3.5232907976e-05, 6.15426761215e-05, 5.71860582568e-05, 5.72511671635e-05, 0.000197162327822, 0.000144403704326],
        "dvar": [3.12009262871e-09, 1.15197877903e-08, 8.88843576519e-09, 3.25484350583e-08, 1.10756595006e-07, 2.14759712236e-08, 2.92674187108e-08, 1.5844637602e-08, 2.17119078272e-09, 2.24557927808e-09, 3.38333605576e-09, 4.0302778892e-09, 1.1724492488e-09, 4.57697257872e-09, 2.44464803956e-09, 7.32446991947e-10, 6.1220117864e-10, 3.24393178985e-09, 5.91949378403e-09, 4.40988801031e-09, 4.48604209335e-10, 3.17342402356e-10, 5.76339287406e-09, 2.98470332893e-08, 3.54923002099e-09, 2.61699817372e-09, 2.863078441e-09, 8.31670643464e-09, 1.12626423743e-08, 8.9236379397e-10, 3.94720522934e-09, 1.01319397317e-09, 1.11574127715e-09, 1.90147675383e-09, 4.0796703793e-09, 1.32559119237e-08, 1.40017357708e-08, 1.39797711185e-08, 2.94803498946e-07, 1.43898546412e-07],
        "dvar2": [7.93746135486e-09, 2.68796718217e-08, 2.24283187578e-08, 8.62048565864e-08, 2.94694018521e-07, 5.46608447394e-08, 8.37332549963e-08, 5.07746769074e-08, 6.2436962267e-09, 5.16111597904e-09, 9.99698723803e-09, 1.27688650764e-08, 3.15756665259e-09, 1.36459048505e-08, 7.41632000256e-09, 2.01917482734e-09, 1.4131459336e-09, 8.10777667226e-09, 1.52981129986e-08, 1.12431006727e-08, 1.15903719955e-09, 8.85741036072e-10, 1.69265739203e-08, 8.89942697313e-08, 1.04456336913e-08, 7.27267934764e-09, 8.20508727628e-09, 2.46060825049e-08, 3.34233476451e-08, 2.57126209213e-09, 1.16943530415e-08, 2.82898171555e-09, 3.09409942112e-09, 5.51897860745e-09, 1.13664908596e-08, 3.81730593801e-08, 4.09542550983e-08, 4.07731945984e-08, 8.68723191161e-07, 4.18542157377e-07],
        "max": [0.000603234802838, 0.000729219114874, 0.000588681956287, 0.00156164937653, 0.00270118564367, 0.00102095748298, 0.0019270319026, 0.000987550942227, 0.000329925474944, 0.000396436575102, 0.00043104350334, 0.000383707403671, 0.000238728403929, 0.000439114694018, 0.000454816618003, 0.000292397802696, 0.000212813494727, 0.000431180320447, 0.000725373160094, 0.000636159733403, 0.0002094329393, 0.000131427601445, 0.000697846116964, 0.00161112961359, 0.000554782745894, 0.00043159359484, 0.00046459492296, 0.000830379780382, 0.000990640488453, 0.000266269722488, 0.000591004791204, 0.000318902981235, 0.000276082981145, 0.000304746528855, 0.000383245351259, 0.000758462818339, 0.000975727045443, 0.000772200641222, 0.00453806202859, 0.00265347259119],
        "mean": [0.000105055689346, 0.000191910134163, 0.000202488023206, 0.000271252793027, 0.000440443778643, 0.000191738232388, 8.2120859588e-05, 0.000160357216373, 8.87307469384e-05, 8.67332637426e-05, 9.47603912209e-05, 0.000110719505756, 7.61573246564e-05, 0.000104917329736, 6.62174206809e-05, 3.2494073821e-05, 1.98047291633e-05, 2.76907085208e-05, 3.06504880427e-05, 2.22439703066e-05, 1.06668212538e-05, 8.11833251646e-06, 1.15927941806e-05, 1.72810214281e-05, 8.51715412864e-06, 9.92283912638e-06, 8.97535301192e-06, 1.07448504423e-05, 1.05898343463e-05, 4.85208011014e-06, 6.37937910142e-06, 5.14113207828e-06, 7.28141094442e-06, 1.00566985566e-05, 1.41420914588e-05, 2.18344102905e-05, 1.85792578122e-05, 1.79229900823e-05, 5.70444608456e-05, 4.63019714516e-05],
        "median": [8.54630197864e-05, 0.000156267196871, 0.0001787202782, 0.00022807973437, 0.000339712569257, 0.000152150547365, 5.32711819687e-05, 0.000130066182464, 7.72787025198e-05, 7.07333601895e-05, 8.06079406175e-05, 9.73643182078e-05, 6.51411683066e-05, 8.11435020296e-05, 5.78341314394e-05, 2.70816835837e-05, 1.37831857501e-05, 1.30029493448e-05, 1.42541575769e-05, 9.89053114608e-06, 6.84789756633e-06, 4.60381852463e-06, 3.47359650732e-06, 2.72271518043e-06, 1.7958625449e-06, 1.47342666423e-06, 1.18545381156e-06, 9.25232200188e-07, 5.59705540581e-07, 4.95363849495e-07, 3.56243504029e-07, 2.55457791809e-07, 1.96326254809e-07, 1.67827636233e-07, 1.29991619247e-07, 1.08993504e-07, 8.90105695817e-08, 7.00182027913e-08, 6.2175232074e-08, 5.59988286852e-08],
        "min": [7.04043401356e-08, 3.52615927568e-07, 8.33671208511e-07, 1.03841125565e-06, 6.47635488349e-07, 1.82029396001e-07, 3.36387486755e-08, 3.3264488053e-08, 1.32078653792e-07, 1.03326897261e-07, 2.81965295557e-08, 4.86396523058e-08, 8.67443432639e-08, 1.95470363451e-07, 1.61435210089e-07, 9.22335843256e-08, 1.65698015309e-08, 1.18690266504e-08, 1.06029416358e-08, 1.13447269356e-08, 2.34315145065e-09, 5.07476016764e-09, 1.14144151908e-08, 4.21176249432e-09, 2.05894812311e-09, 3.61312113561e-09, 2.15658535474e-09, 9.12130260211e-10, 3.73880176818e-10, 1.58135637918e-09, 1.12144715736e-09, 6.1660260231e-10, 5.55987422768e-10, 4.44181885717e-10, 1.09267439541e-09, 7.37930883066e-10, 3.55239088146e-10, 3.37090633185e-10, 1.58344892753e-10, 1.54922907836e-10],
        "stdev": [7.27749065845e-05, 0.000136040485813, 0.000116041912406, 0.000206502343644, 0.000350383634213, 0.000149785802932, 0.000173917360371, 0.000135738955578, 5.48792122572e-05, 5.99107042945e-05, 5.96950412728e-05, 6.52501694276e-05, 4.25555663242e-05, 7.41093899705e-05, 4.6203367674e-05, 2.61556742771e-05, 2.59733697021e-05, 5.47163217561e-05, 7.06563005224e-05, 5.9657239035e-05, 1.90509872482e-05, 1.48837743836e-05, 5.59010150027e-05, 0.000124008569401, 4.37767266703e-05, 4.10367174482e-05, 4.11870423704e-05, 6.62900856696e-05, 7.66202647355e-05, 2.25785424846e-05, 4.55737426819e-05, 2.60513734247e-05, 2.79853156826e-05, 3.5935001506e-05, 5.31104924448e-05, 8.96940618986e-05, 8.89999064384e-05, 8.90984374564e-05, 0.000396699295379, 0.000284753215965],
        "var": [5.29618704448e-09, 1.85070128111e-08, 1.34657254236e-08, 4.26432187339e-08, 1.22768682331e-07, 2.24357865619e-08, 3.02472464853e-08, 1.84250641411e-08, 3.01172797812e-09, 3.58929241884e-09, 3.56349794117e-09, 4.25758450717e-09, 1.81097625784e-09, 5.49220180446e-09, 2.1347510426e-09, 6.84119261241e-10, 6.74615918683e-10, 2.99387581393e-09, 4.99231322948e-09, 3.5589859948e-09, 3.62940094645e-10, 2.21526727517e-10, 3.12492343113e-09, 1.53781236634e-08, 1.91640170399e-09, 1.68401204093e-09, 1.69637259795e-09, 4.39437508604e-09, 5.87066528723e-09, 5.09790543113e-10, 2.07696593257e-09, 6.78674061394e-10, 7.83177855901e-10, 1.29132438076e-09, 2.82072432078e-09, 8.04502509055e-09, 7.92098386881e-09, 7.93853160985e-09, 1.57370322995e-07, 8.10844014154e-08]
    },
    "melbands128": {
