{
"lowlevel": {
    "average_loudness": 0.47892665863,
    "barkbands_crest": {
        "dmean": 2.56034374237,
        "dmean2": 4.31294441223,
        "dvar": 8.25610256195,
        "dvar2": 22.9993038177,
        "max": 21.623008728,
        "mean": 6.96244192123,
        "median": 5.1450715065,
        "min": 2.37223887444,
        "stdev": 4.7700510025,
        "var": 22.7533874512
    },
    "barkbands_flatness_db": {
        "dmean": 0.0166718289256,
        "dmean2": 0.0266867671162,
        "dvar": 0.000244521477725,
        "dvar2": 0.000647081702482,
        "max": 0.21761032939,
        "mean": 0.0689326226711,
        "median": 0.0528683885932,
        "min": 0.0218308959156,
        "stdev": 0.0416839458048,
        "var": 0.00173755141441
    },
    "barkbands_kurtosis": {
        "dmean": 1.56109976768,
        "dmean2": 2.47565436363,
        "dvar": 9.27289199829,
        "dvar2": 22.4810848236,
        "max": 24.8608436584,
        "mean": 0.848898231983,
        "median": -0.573489546776,
        "min": -1.69445180893,
        "stdev": 4.42862510681,
        "var": 19.6127223969
    },
    "barkbands_skewness": {
        "dmean": 0.510042190552,
        "dmean2": 0.848914980888,
        "dvar": 0.268186032772,
        "dvar2": 0.663169205189,
        "max": 4.744597435,
        "mean": 0.455306917429,
        "median": 0.0707665979862,
        "min": -1.47746229172,
        "stdev": 1.228099823,
        "var": 1.50822925568
    },
    "barkbands_spread": {
        "dmean": 7.38846731186,
        "dmean2": 12.2748432159,
        "dvar": 57.5632019043,
        "dvar2": 148.830215454,
        "max": 105.250793457,
        "mean": 38.3470191956,
        "median": 36.6891403198,
        "min": 5.40724563599,
        "stdev": 17.8039894104,
        "var": 316.982055664
    },
    "dissonance": {
        "dmean": 0.00734042841941,
        "dmean2": 0.011849489063,
        "dvar": 0.000128041021526,
        "dvar2": 0.000302722939523,
        "max": 0.499949783087,
        "mean": 0.489982277155,
        "median": 0.493393421173,
        "min": 0.402266085148,
        "stdev": 0.0129146017134,
        "var": 0.000166786936461
    },
    "dynamic_complexity": 11.234457016,
    "erbbands_crest": {
        "dmean": 1.49758636951,
        "dmean2": 2.51891350746,
        "dvar": 2.21209192276,
        "dvar2": 4.82976675034,
        "max": 15.8089342117,
        "mean": 5.52671766281,
        "median": 4.7799038887,
        "min": 3.06415605545,
        "stdev": 2.25287866592,
        "var": 5.07546234131
    },
    "erbbands_flatness_db": {
        "dmean": 0.012474315241,
        "dmean2": 0.0198648534715,
        "dvar": 0.000136207585456,
        "dvar2": 0.00025427035871,
        "max": 0.203574255109,
        "mean": 0.133801668882,
        "median": 0.129768744111,
        "min": 0.0564881116152,
        "stdev": 0.0225626844913,
        "var": 0.0005090747145
    },
    "erbbands_kurtosis": {
        "dmean": 0.54357534647,
        "dmean2": 0.938382744789,
        "dvar": 0.262879639864,
        "dvar2": 0.741093873978,
        "max": 4.02696704865,
        "mean": 0.229000598192,
        "median": 0.0774846076965,
        "min": -1.0159239769,
        "stdev": 0.715196847916,
        "var": 0.511506557465
    },
    "erbbands_skewness": {
        "dmean": 0.249485298991,
        "dmean2": 0.419697791338,
        "dvar": 0.0470754243433,
        "dvar2": 0.110266320407,
        "max": 0.565215826035,
        "mean": -0.320723921061,
        "median": -0.333046317101,
        "min": -1.45550215244,
        "stdev": 0.324812531471,
        "var": 0.105503179133
    },
    "erbbands_spread": {
        "dmean": 5.51865339279,
        "dmean2": 9.59899520874,
        "dvar": 27.7760791779,
        "dvar2": 79.4037857056,
        "max": 52.3393669128,
        "mean": 31.1710643768,
        "median": 29.5133285522,
        "min": 13.4004096985,
        "stdev": 8.24468421936,
        "var": 67.974822998
    },
    "hfc": {
        "dmean": 2.59082961082,
        "dmean2": 3.64447784424,
        "dvar": 38.0203857422,
        "dvar2": 80.4637374878,
        "max": 99.8596115112,
        "mean": 12.5558700562,
        "median": 0.874924480915,
        "min": 7.24530124785e-08,
        "stdev": 23.3698348999,
        "var": 546.149169922
    },
    "loudness_ebu128": {
        "integrated": -19.9697055817,
        "loudness_range": 0.860038757324,
        "momentary": {
            "dmean": 2.01376104355,
            "dmean2": 1.28030753136,
            "dvar": 2.16114234924,
            "dvar2": 0.859851837158,
            "max": -15.3239650726,
            "mean": -30.2653579712,
            "median": -32.2936477661,
            "min": -42.0607223511,
            "stdev": 8.55492305756,
            "var": 73.1867141724
        },
        "short_term": {
            "dmean": 0.430019378662,
            "dmean2": 0.481941223145,
            "dvar": 0.0580668374896,
            "dvar2": 0,
            "max": -22.2392253876,
            "mean": -22.5889205933,
            "median": -22.4282741547,
            "min": -23.0992641449,
            "stdev": 0.369027793407,
            "var": 0.136181518435
        }
    },
    "melbands_crest": {
        "dmean": 4.80010032654,
        "dmean2": 7.99125385284,
        "dvar": 17.8264331818,
        "dvar2": 54.2799797058,
        "max": 32.6630401611,
        "mean": 12.3145189285,
        "median": 9.76405906677,
        "min": 2.03308176994,
        "stdev": 8.01229286194,
        "var": 64.1968307495
    },
    "melbands_flatness_db": {
        "dmean": 0.0245357509702,
        "dmean2": 0.0397948548198,
        "dvar": 0.000537182204425,
        "dvar2": 0.00147809030022,
        "max": 0.327887356281,
        "mean": 0.103313602507,
        "median": 0.0764680057764,
        "min": 0.0275688394904,
        "stdev": 0.0718986913562,
        "var": 0.0051694214344
    },
    "melbands_kurtosis": {
        "dmean": 4.60836076736,
        "dmean2": 7.49424505234,
        "dvar": 63.9360961914,
        "dvar2": 162.694366455,
        "max": 61.9898681641,
        "mean": 5.55007600784,
        "median": 0.751787900925,
        "min": -1.09367370605,
        "stdev": 11.6704483032,
        "var": 136.199356079
    },
    "melbands_skewness": {
        "dmean": 0.738508701324,
        "dmean2": 1.25827252865,
        "dvar": 0.638036966324,
        "dvar2": 1.63665986061,
        "max": 7.07133150101,
        "mean": 1.67248177528,
        "median": 1.16105628014,
        "min": -0.451059043407,
        "stdev": 1.6308773756,
        "var": 2.65976119041
    },
    "melbands_spread": {
        "dmean": 12.3073673248,
        "dmean2": 21.5185756683,
        "dvar": 160.181045532,
        "dvar2": 414.841461182,
        "max": 114.831451416,
        "mean": 57.4733581543,
        "median": 60.5054244995,
        "min": 3.64589214325,
        "stdev": 27.6378803253,
        "var": 763.852478027
    },
    "pitch_salience": {
        "dmean": 0.0810782760382,
        "dmean2": 0.134214088321,
        "dvar": 0.00714362505823,
        "dvar2": 0.0183150097728,
        "max": 0.830335319042,
        "mean": 0.641459941864,
        "median": 0.692263305187,
        "min": 0.281494706869,
        "stdev": 0.144736737013,
        "var": 0.0209487229586
    },
    "silence_rate_20dB": {
        "dmean": 0,
        "dmean2": 0,
        "dvar": 0,
        "dvar2": 0,
        "max": 1,
        "mean": 1,
        "median": 1,
        "min": 1,
        "stdev": 0,
        "var": 0
    },
    "silence_rate_30dB": {
        "dmean": 0,
        "dmean2": 0,
        "dvar": 0,
        "dvar2": 0,
        "max": 1,
        "mean": 1,
        "median": 1,
        "min": 1,
        "stdev": 0,
        "var": 0
    },
    "silence_rate_60dB": {
        "dmean": 0.0296296291053,
        "dmean2": 0.0597014911473,
        "dvar": 0.0287516731769,
        "dvar2": 0.0561372824013,
        "max": 1,
        "mean": 0.720588207245,
        "median": 1,
        "min": 0,
        "stdev": 0.448710650206,
        "var": 0.201341241598
    },
    "spectral_centroid": {
        "dmean": 216.801528931,
        "dmean2": 341.842529297,
        "dvar": 30792.3574219,
        "dvar2": 80895.703125,
        "max": 3571.26318359,
        "mean": 2592.45092773,
        "median": 2827.70556641,
        "min": 820.177062988,
        "stdev": 627.714416504,
        "var": 394025.375
    },
    "spectral_complexity": {
        "dmean": 2.2518517971,
        "dmean2": 3.52238798141,
        "dvar": 14.129149437,
        "dvar2": 24.0256347656,
        "max": 60,
        "mean": 12.5294113159,
        "median": 0.5,
        "min": 0,
        "stdev": 20.2933883667,
        "var": 411.821594238
    },
    "spectral_decrease": {
        "dmean": 3.0924252048e-10,
        "dmean2": 4.84004392121e-10,
        "dvar": 1.45781266841e-18,
        "dvar2": 4.06226000001e-18,
        "max": -1.02885934341e-18,
        "mean": -1.08754427686e-09,
        "median": -1.08826198053e-10,
        "min": -1.22166197158e-08,
        "stdev": 2.02474059741e-09,
        "var": 4.09957411744e-18
    },
    "spectral_energy": {
        "dmean": 0.00138458050787,
        "dmean2": 0.00211844430305,
        "dvar": 2.51206784014e-05,
        "dvar2": 6.90199813107e-05,
        "max": 0.0506191402674,
        "mean": 0.0052434951067,
        "median": 0.000497337779962,
        "min": 1.0454850527e-11,
        "stdev": 0.00963982008398,
        "var": 9.29261368583e-05
    },
    "spectral_energyband_high": {
        "dmean": 0.000199207352125,
        "dmean2": 0.000326454581227,
        "dvar": 2.05984974855e-07,
        "dvar2": 4.67507902613e-07,
        "max": 0.00703438790515,
        "mean": 0.000846481416374,
        "median": 7.22888944438e-05,
        "min": 4.62966297243e-12,
        "stdev": 0.00162685872056,
        "var": 2.64666914518e-06
    },
    "spectral_energyband_low": {
        "dmean": 0.000235841886024,
        "dmean2": 0.000416685448727,
        "dvar": 8.07591277407e-07,
        "dvar2": 2.25840381063e-06,
        "max": 0.00840003136545,
        "mean": 0.000264275877271,
        "median": 0.000118365649541,
        "min": 1.93728713627e-12,
        "stdev": 0.000752854684833,
        "var": 5.66790163248e-07
    },
    "spectral_energyband_middle_high": {
        "dmean": 0.00070032174699,
        "dmean2": 0.00107582006603,
        "dvar": 2.96379585052e-06,
        "dvar2": 6.08719710726e-06,
        "max": 0.02490892075,
        "mean": 0.00321102514863,
        "median": 0.000175228648004,
        "min": 1.50548117809e-12,
        "stdev": 0.00596980145201,
        "var": 3.56385316991e-05
    },
    "spectral_energyband_middle_low": {
        "dmean": 0.000682397105265,
        "dmean2": 0.00126649427693,
        "dvar": 1.04780419861e-05,
        "dvar2": 3.04463083012e-05,
        "max": 0.0307410210371,
        "mean": 0.00105120195076,
        "median": 8.60097934492e-05,
        "min": 1.23854073698e-12,
        "stdev": 0.00299560278654,
        "var": 8.97363588592e-06
    },
    "spectral_entropy": {
        "dmean": 0.0754371508956,
        "dmean2": 0.109807237983,
        "dvar": 0.00661326246336,
        "dvar2": 0.0129713527858,
        "max": 8.92383766174,
        "mean": 8.14348220825,
        "median": 8.17597579956,
        "min": 7.54400205612,
        "stdev": 0.175710201263,
        "var": 0.0308740772307
    },
    "spectral_flux": {
        "dmean": 0.00563898356631,
        "dmean2": 0.0079859495163,
        "dvar": 0.000152736727614,
        "dvar2": 0.000229188022786,
        "max": 0.175369262695,
        "mean": 0.0336591303349,
        "median": 0.0155301205814,
        "min": 0.000134918416734,
        "stdev": 0.0380386263132,
        "var": 0.00144693721086
    },
    "spectral_kurtosis": {
        "dmean": 0.791544795036,
        "dmean2": 1.29396247864,
        "dvar": 0.799439907074,
        "dvar2": 2.17277622223,
        "max": 8.21064758301,
        "mean": 3.18053531647,
        "median": 3.14755010605,
        "min": 1.05718564987,
        "stdev": 1.25440204144,
        "var": 1.5735244751
    },
    "spectral_rms": {
        "dmean": 0.00022847764194,
        "dmean2": 0.000319474667776,
        "dvar": 2.71912057315e-07,
        "dvar2": 6.02158877427e-07,
        "max": 0.00702741229907,
        "mean": 0.00152318447363,
        "median": 0.00069656589767,
        "min": 1.00994327568e-07,
        "stdev": 0.0016719797859,
        "var": 2.79551636595e-06
    },
    "spectral_rolloff": {
        "dmean": 683.639343262,
        "dmean2": 1084.53405762,
        "dvar": 1382475.375,
        "dvar2": 1809230.125,
        "max": 16838.9648438,
        "mean": 3438.82128906,
        "median": 3875.9765625,
        "min": 86.1328125,
        "stdev": 2011.40844727,
        "var": 4045763.75
    },
    "spectral_skewness": {
        "dmean": 0.115531012416,
        "dmean2": 0.19017291069,
        "dvar": 0.0162749420851,
        "dvar2": 0.0412374958396,
        "max": 1.96554410458,
        "mean": 1.25331020355,
        "median": 1.25968587399,
        "min": 0.863938808441,
        "stdev": 0.20834864676,
        "var": 0.0434091575444
    },
    "spectral_spread": {
        "dmean": 358764.28125,
        "dmean2": 544504.6875,
        "dvar": 342360358912,
        "dvar2": 311580393472,
        "max": 12830654,
        "mean": 4472121.5,
        "median": 4274950,
        "min": 2976411.5,
        "stdev": 977276.375,
        "var": 955069169664
    },
    "spectral_strongpeak": {
        "dmean": 0.200196802616,
        "dmean2": 0.354116261005,
        "dvar": 0.127272456884,
        "dvar2": 0.352496534586,
        "max": 2.30642461777,
        "mean": 0.27868783474,
        "median": 0.0212822072208,
        "min": 0,
        "stdev": 0.47575071454,
        "var": 0.226338744164
    },
    "zerocrossingrate": {
        "dmean": 0.0100441258401,
        "dmean2": 0.0130669893697,
        "dvar": 0.000104118415038,
        "dvar2": 0.000127896200866,
        "max": 0.18115234375,
        "mean": 0.111913345754,
        "median": 0.120361328125,
        "min": 0.0126953125,
        "stdev": 0.0430947951972,
        "var": 0.00185716128908
    },
    "barkbands": {
        "dmean": [3.14150347549e-05, 9.44995554164e-05, 6.45783366053e-05, 0.000194984633708, 0.000164552460774, 0.000154686262249, 0.000110256034532, 0.000158447655849, 9.63352140388e-05, 0.000162961907336, 0.000117073206638, 0.000141785523738, 0.000193774772924, 0.000193488041987, 0.000171686318936, 0.000172239189851, 0.000151542015374, 0.000160216412041, 0.000184603268281, 0.000126295170048, 7.54369539209e-05, 6.54430332361e-05, 3.45685693901e-05, 2.80472831946e-05, 1.91152630578e-05, 6.46314447295e-06, 6.72936721458e-07],
        "dmean2": [5.92132455495e-05, 0.00016570353182, 0.000113213791337, 0.000380689976737, 0.000302585307509, 0.000275960686849, 0.000206479555345, 0.00026783827343, 0.000155224101036, 0.000274368445389, 0.000215144798858, 0.000254302722169, 0.00033634819556, 0.000346247921698, 0.000279507978121, 0.0002999350545, 0.00027983362088, 0.000269504962489, 0.000310581410304, 0.000242078895099, 0.000125537713757, 0.000110515247798, 5.21250804013e-05, 5.03595911141e-05, 2.92724580504e-05, 1.08143440229e-05, 9.48295451053e-07],
        "dvar": [4.49799397728e-09, 2.04065955245e-08, 6.14274000554e-08, 1.41143459587e-06, 4.12879899159e-07, 2.5710349405e-07, 3.47417369539e-07, 2.07930398233e-07, 5.10283904021e-08, 2.13476909039e-07, 8.49673540415e-08, 1.03626227599e-07, 1.68064303807e-07, 3.53039581569e-07, 1.91505847624e-07, 2.17171844952e-07, 1.74699351874e-07, 1.26915068677e-07, 2.22200512212e-07, 1.02815896241e-07, 3.2583578502e-08, 2.40980586597e-08, 7.04730762635e-09, 5.72685943112e-09, 2.86378476488e-09, 2.8923960449e-10, 3.51785397687e-12],
        "dvar2": [1.06263016164e-08, 4.30465263435e-08, 1.7232919447e-07, 4.28521252616e-06, 1.19192827697e-06, 7.27520500732e-07, 1.04347532215e-06, 5.82597749599e-07, 1.35263931611e-07, 6.42047325528e-07, 2.24763169854e-07, 3.17279756246e-07, 4.78564516015e-07, 1.04999264749e-06, 4.6024510425e-07, 6.45013585654e-07, 5.61154593015e-07, 3.59470163858e-07, 6.29132614449e-07, 3.3636180774e-07, 9.13420805659e-08, 6.06162515737e-08, 1.73965357675e-08, 1.74898246996e-08, 7.19402093452e-09, 7.37003791329e-10, 6.72459614035e-12],
        "max": [0.000478944886709, 0.0010796416318, 0.00222638435662, 0.0101650580764, 0.00628023734316, 0.00413104146719, 0.00537284836173, 0.0040346425958, 0.0021393711213, 0.00377891468816, 0.00223963940516, 0.00280581833795, 0.00294952723198, 0.00620997371152, 0.0042796744965, 0.00439759483561, 0.00381915085018, 0.0031437673606, 0.0041780360043, 0.00336027494632, 0.00225784094073, 0.00176517514046, 0.00110771704931, 0.000952308531851, 0.000706863065716, 0.000219803798245, 2.3817332476e-05],
        "mean": [3.29788745148e-05, 0.000123102858197, 5.58733736398e-05, 0.000122953395476, 0.000186682242202, 0.000142761899042, 0.000111165187263, 0.000179184688022, 0.000168900820427, 0.000239466229687, 0.000190040504094, 0.000260989385424, 0.000297613587463, 0.0003011818917, 0.000321577157592, 0.000365343585145, 0.000317486177664, 0.000387825595681, 0.000440690608229, 0.000312594522256, 0.000228414632147, 0.000178514936124, 0.000115934497444, 8.03535513114e-05, 6.2037659518e-05, 1.76390822162e-05, 2.18210266212e-06],
        "median": [1.73223743332e-05, 7.12918408681e-05, 1.54831777763e-05, 7.4014128586e-06, 7.97181292e-06, 8.76264948602e-06, 5.71903865421e-06, 1.16813589557e-05, 1.2254043213e-05, 7.1781510087e-06, 9.82904111879e-06, 1.16425217129e-05, 2.12259074033e-05, 1.72071941051e-05, 2.12806662603e-05, 1.85375065485e-05, 1.34950914799e-05, 1.72404106706e-05, 2.25365001825e-05, 2.19837656914e-05, 1.28724896058e-05, 1.34528181661e-05, 1.33808916871e-05, 8.55270900502e-06, 4.92505660077e-06, 1.04951868707e-06, 8.14678600136e-08],
        "min": [1.189302129e-12, 9.94496260516e-13, 2.67808887046e-13, 1.89073583179e-13, 3.62575583706e-13, 3.69953227124e-13, 1.54992446828e-13, 1.16566505797e-13, 4.2439887867e-14, 2.71016187465e-14, 1.24196050037e-13, 1.11014767257e-13, 8.88363276171e-14, 5.48984821361e-14, 1.05135708082e-13, 3.86906083344e-13, 1.96800610747e-13, 8.91278966863e-14, 1.88140911813e-13, 1.93446021463e-13, 2.7396932379e-13, 4.84868818273e-13, 2.65157741684e-13, 5.68182491074e-13, 9.02985856661e-13, 6.75310447753e-13, 1.55913921097e-12],
        "stdev": [6.84946935507e-05, 0.000164188881172, 0.000202145936782, 0.000874249672052, 0.000633212854154, 0.000470948085422, 0.00047781720059, 0.000428121566074, 0.000332930881996, 0.000555978447665, 0.000389491877286, 0.000541239161976, 0.000591442687437, 0.000723334727809, 0.000656529038679, 0.00075849739369, 0.000654339790344, 0.000736273708753, 0.000894724682439, 0.000603929453064, 0.000453108252259, 0.0003588165564, 0.000218858389417, 0.000157808113727, 0.000132251647301, 3.97879630327e-05, 4.97272094435e-06],
        "var": [4.69152316995e-09, 2.6957987842e-08, 4.08629823312e-08, 7.64312517276e-07, 4.00958498403e-07, 2.21792106458e-07, 2.28309275485e-07, 1.83288079825e-07, 1.10842975687e-07, 3.09112010655e-07, 1.51703915208e-07, 2.92939859037e-07, 3.49804480493e-07, 5.23213088854e-07, 4.31030343861e-07, 5.75318267693e-07, 4.28160547017e-07, 5.4209897371e-07, 8.0053223428e-07, 3.647307949e-07, 2.05307088663e-07, 1.28749320538e-07, 4.78989967689e-08, 2.49034002309e-08, 1.74904979389e-08, 1.58308199882e-09, 2.47279557941e-11]
    },
    "erbbands": {
        "dmean": [0.00453041912988, 0.0182594042271, 0.0594690181315, 0.378873974085, 0.513609111309, 0.751892507076, 0.561264872551, 1.64802289009, 1.76746571064, 1.86979699135, 3.13078093529, 1.74810755253, 6.38014602661, 3.92263865471, 4.18821430206, 6.52672672272, 9.00454521179, 10.2646074295, 5.67064094543, 9.66710186005, 10.0096797943, 8.27190876007, 6.90197896957, 10.9460124969, 7.6966137886, 6.23172283173, 4.21098184586, 3.16757822037, 2.5565495491, 1.11432027817, 1.03121185303, 0.82470369339, 0.363590151072, 0.230141401291, 0.135318174958, 0.0476447418332, 0.0091699026525, 0.00137132301461, 0.000137692957651, 5.77506398258e-06],
        "dmean2": [0.00782610569149, 0.031327933073, 0.103377006948, 0.736145555973, 0.881340146065, 1.4381929636, 1.03320038319, 2.97494006157, 3.1907544136, 3.45525932312, 5.31281137466, 2.69318771362, 11.1913375854, 6.74099493027, 7.30883264542, 11.4988975525, 15.1696920395, 18.9597206116, 9.75174999237, 15.5923671722, 17.9339256287, 15.3324813843, 11.4003677368, 19.5934848785, 13.5123729706, 11.8183917999, 7.73685836792, 5.57897186279, 4.34627628326, 1.769551754, 1.50077879429, 1.38358652592, 0.577751874924, 0.365474104881, 0.224912658334, 0.0803387388587, 0.0145577881485, 0.00196577329189, 0.000166710888152, 7.62140189181e-06],
        "dvar": [5.04171039211e-05, 0.000687010528054, 0.035320147872, 5.24676990509, 5.80665159225, 9.33159828186, 4.43004608154, 34.200050354, 80.470664978, 55.7305717468, 72.6023712158, 11.1628675461, 376.667663574, 92.2817687988, 96.7714233398, 243.255447388, 365.786224365, 871.651245117, 206.221664429, 454.812896729, 871.542053223, 496.400695801, 238.680938721, 744.291137695, 346.161621094, 200.462585449, 109.603874207, 52.7815437317, 34.9334182739, 5.99533939362, 5.45588207245, 4.02969026566, 0.959731817245, 0.432682007551, 0.141603887081, 0.0156418588012, 0.000619326834567, 1.58867042046e-05, 1.27934598027e-07, 2.30861496586e-10],
        "dvar2": [0.000113271307782, 0.00160735799, 0.0958284437656, 15.7585430145, 16.1382102966, 28.495798111, 13.3222389221, 97.1257171631, 234.88899231, 165.446899414, 201.59815979, 28.6526412964, 1146.52380371, 303.367614746, 273.174224854, 764.841796875, 1074.31140137, 2757.59545898, 524.647644043, 1136.88354492, 2533.00146484, 1621.79150391, 687.250854492, 1827.27478027, 1124.31933594, 653.588867188, 341.524108887, 152.755081177, 85.2906341553, 15.352142334, 13.5613441467, 12.7070245743, 2.3414068222, 0.903134703636, 0.413352698088, 0.0465486422181, 0.00162122526672, 3.02778735204e-05, 2.40415062081e-07, 4.68043770407e-10],
        "max": [0.0576844587922, 0.210313528776, 1.71932017803, 19.8404464722, 23.798210144, 26.8474464417, 17.4683609009, 49.464050293, 83.0988845825, 67.7037887573, 74.9253463745, 29.6645469666, 144.884887695, 78.3626556396, 79.2736053467, 131.223861694, 126.64440155, 293.279693604, 151.230499268, 217.580673218, 276.899230957, 193.35987854, 184.310440063, 262.253692627, 196.124343872, 152.120025635, 113.643135071, 84.8347167969, 65.7401504517, 31.1805400848, 29.1976699829, 23.3235607147, 13.8255958557, 7.84306192398, 4.85255289078, 1.43229448795, 0.295140594244, 0.0521063879132, 0.00486486312002, 0.000193408719497],
        "mean": [0.00487905787304, 0.0226021725684, 0.0582550987601, 0.262807756662, 0.471151858568, 0.760932326317, 0.564922213554, 1.43075275421, 1.86188578606, 2.06570148468, 3.89458370209, 3.51008701324, 8.93457508087, 6.02805948257, 7.63029193878, 11.9914875031, 13.8033475876, 16.0524368286, 15.2266340256, 17.910276413, 20.4014263153, 17.9841518402, 20.4308338165, 25.1684455872, 18.793466568, 14.779250145, 10.5685491562, 8.70338726044, 6.90759277344, 3.78227543831, 3.32146954536, 2.06602239609, 1.16097259521, 0.738486349583, 0.412627220154, 0.119046293199, 0.0246731322259, 0.00410681264475, 0.000389508495573, 2.0774145014e-05],
        "median": [0.00280964374542, 0.013763781637, 0.0230014957488, 0.0242459475994, 0.026728734374, 0.0249701440334, 0.037751480937, 0.0746149420738, 0.0972879454494, 0.176902234554, 0.303496897221, 0.292780905962, 0.217499792576, 0.271681189537, 0.406399607658, 0.558023095131, 0.89305639267, 0.942103385925, 0.872926354408, 1.3159519434, 1.06744039059, 0.838945865631, 0.833677947521, 1.21161925793, 0.992803990841, 1.05714190006, 0.648695588112, 0.491313546896, 0.487903773785, 0.428441375494, 0.390571594238, 0.229490861297, 0.126567959785, 0.0583286583424, 0.0290256943554, 0.00776124000549, 0.00120417377912, 0.00016975964536, 1.53480668814e-05, 1.44187765727e-06],
        "min": [4.71857587725e-11, 1.6175898121e-10, 3.09366893214e-10, 5.18844300856e-10, 7.46090800252e-10, 1.27841770503e-09, 2.40056019507e-09, 3.10013326121e-09, 2.61579602423e-09, 2.20532569983e-09, 2.34609287553e-09, 1.00187902419e-09, 4.29633828514e-10, 2.6953308474e-09, 5.38436673025e-09, 4.29862323514e-09, 3.95848287482e-09, 2.9348208308e-09, 4.22563584124e-09, 8.36380209535e-09, 2.42479298862e-08, 1.12363016669e-08, 4.02167676938e-09, 6.17489392951e-09, 1.34412170283e-08, 9.16882036961e-09, 4.45761294543e-09, 1.65836393506e-08, 1.59295012736e-08, 1.66044387129e-08, 6.82204914781e-09, 1.46397827194e-08, 7.10870118326e-09, 7.0858039436e-09, 6.90502766076e-09, 2.07436667843e-09, 1.22413401638e-09, 9.85543202603e-10, 1.90548285484e-10, 2.23790205117e-11],
        "stdev": [0.00747634470463, 0.0304977428168, 0.163866207004, 1.70829951763, 2.15550351143, 2.71666526794, 1.84704899788, 5.15278482437, 7.49826860428, 6.39777755737, 8.54079723358, 6.28664922714, 21.5393943787, 12.3541488647, 15.0362882614, 24.9950790405, 27.4736347198, 36.3892402649, 30.4352264404, 35.5072479248, 44.2812042236, 36.5573158264, 39.6820526123, 49.6333198547, 37.3834877014, 28.2507171631, 21.7463111877, 17.1192340851, 14.0288333893, 7.06865262985, 6.17463970184, 4.0186920166, 2.35767841339, 1.55189919472, 0.895434916019, 0.261364072561, 0.0569031201303, 0.00953638646752, 0.000900285434909, 4.23067212978e-05],
        "var": [5.58957290195e-05, 0.00093011232093, 0.0268521346152, 2.9182870388, 4.64619493484, 7.38027000427, 3.41158986092, 26.5511932373, 56.2240333557, 40.9315605164, 72.9452209473, 39.5219612122, 463.945526123, 152.624984741, 226.089950562, 624.753967285, 754.800598145, 1324.17675781, 926.302978516, 1260.76464844, 1960.82519531, 1336.43737793, 1574.66516113, 2463.46655273, 1397.52514648, 798.103027344, 472.902038574, 293.06817627, 196.808166504, 49.9658508301, 38.1261749268, 16.149887085, 5.55864715576, 2.40839099884, 0.801803648472, 0.0683111846447, 0.00323796528392, 9.09426744329e-05, 8.10513881788e-07, 1.78985859467e-09]
    },
    "gfcc": {
        "mean": [-139.455703735, 42.2929840088, -138.253738403, 44.5589942932, -51.7524414062, 28.539981842, -29.8494720459, 15.6957759857, -18.6202201843, 7.65877914429, -12.2206583023, 0.0975458323956, -12.4159011841],
        "cov": [[27644.0117188, -2588.13476562, -2699.06640625, -1019.925354, -1570.41455078, -735.443908691, -1009.92803955, 244.068344116, -671.313720703, 172.375, -436.343292236, 63.1545791626, -319.470733643], [-2588.13476562, 1275.26379395, 304.047943115, 78.8404083252, 266.018249512, 66.9668426514, 148.157791138, -103.82875061, 90.1860351562, -60.2167739868, 67.2079772949, -12.7852725983, 78.5709457397], [-2699.06640625, 304.047943115, 424.471588135, 144.539916992, 159.710342407, 86.3205947876, 79.2426300049, -35.8200035095, 56.4113426208, -21.9117774963, 32.9096298218, -14.5216588974, 21.6766052246], [-1019.925354, 78.8404083252, 144.539916992, 236.128189087, 95.0728225708, 133.320251465, 53.544708252, 46.4824676514, 51.1580619812, 13.228890419, 25.7249450684, -18.4220943451, -8.53878879547], [-1570.41455078, 266.018249512, 159.710342407, 95.0728225708, 215.653533936, 71.5611114502, 95.9232635498, -13.8010988235, 27.78383255, -30.7182044983, 16.9489345551, -1.29026854038, 37.446472168], [-735.443908691, 66.9668426514, 86.3205947876, 133.320251465, 71.5611114502, 136.303573608, 64.9174118042, 47.1000785828, 44.7415542603, 8.27598381042, 27.3174037933, -11.6126384735, -7.54101467133], [-1009.92803955, 148.157791138, 79.2426300049, 53.544708252, 95.9232635498, 64.9174118042, 111.345039368, 28.6963596344, 42.2770805359, -6.59754562378, 20.2643947601, 4.00551700592, 26.5428123474], [244.068344116, -103.82875061, -35.8200035095, 46.4824676514, -13.8010988235, 47.1000785828, 28.6963596344, 74.7525024414, 33.6639251709, 25.845539093, 5.10962486267, -4.07760906219, -12.081495285], [-671.313720703, 90.1860351562, 56.4113426208, 51.1580619812, 27.78383255, 44.7415542603, 42.2770805359, 33.6639251709, 70.8490142822, 27.4601287842, 27.0416107178, -6.06099557877, 5.29419374466], [172.375, -60.2167739868, -21.9117774963, 13.228890419, -30.7182044983, 8.27598381042, -6.59754562378, 25.845539093, 27.4601287842, 47.5407066345, 17.0037765503, 0.354968518019, -8.48031806946], [-436.343292236, 67.2079772949, 32.9096298218, 25.7249450684, 16.9489345551, 27.3174037933, 20.2643947601, 5.10962486267, 27.0416107178, 17.0037765503, 40.6318817139, 12.3216276169, 4.41507577896], [63.1545791626, -12.7852725983, -14.5216588974, -18.4220943451, -1.29026854038, -11.6126384735, 4.00551700592, -4.07760906219, -6.06099557877, 0.354968518019, 12.3216276169, 38.5588798523, 19.9227180481], [-319.470733643, 78.5709457397, 21.6766052246, -8.53878879547, 37.446472168, -7.54101467133, 26.5428123474, -12.081495285, 5.29419374466, -8.48031806946, 4.41507577896, 19.9227180481, 43.9306297302]],
        "icov": [[0.000258914544247, -0.000383633101592, 0.000831690966152, 0.000215682593989, 0.000436075555626, -0.000312971882522, 0.0013127096463, -0.00199061073363, 0.00212675984949, -0.00125876744278, 0.0015637105098, -0.000784506089985, 0.000133862282382], [-0.000383633101592, 0.00237207254395, -0.000887612288352, -0.000542044523172, -0.00118114217184, 0.000533929734956, -0.00316379358992, 0.00683910446241, -0.00640046875924, 0.00416547758505, -0.00437971157953, 0.00292954756878, -0.0011218333384], [0.000831690966152, -0.000887612288352, 0.00776020390913, -0.00196320121177, 0.000540351436939, -0.00120637984946, 0.00226660748012, 0.000686772400513, 0.00168873043731, -0.00197391794063, 0.00494955526665, -0.00226414739154, 0.00152153812815], [0.000215682593989, -0.000542044523172, -0.00196320121177, 0.0126461368054, -0.00298338010907, -0.0098255770281, 0.0068122134544, -0.00755678256974, 0.00290095736273, -0.00346570438705, 0.00162741681561, 0.000598843791522, -0.000826828647405], [0.000436075555626, -0.00118114217184, 0.000540351436939, -0.00298338010907, 0.0133714722469, -0.00188168871682, -0.00558818830177, 0.00160352967214, 0.00467278575525, 0.000632484268863, 0.00340122636408, 0.000183302734513, -0.00433226581663], [-0.000312971882522, 0.000533929734956, -0.00120637984946, -0.0098255770281, -0.00188168871682, 0.0259997304529, -0.00827729981393, -0.00598361296579, -0.00116724090185, 0.00655363406986, -0.0128002641723, 0.00453319260851, 0.00551348505542], [0.0013127096463, -0.00316379358992, 0.00226660748012, 0.0068122134544, -0.00558818830177, -0.00827729981393, 0.0358951985836, -0.0271049905568, 0.00769449351355, 0.00052600633353, 0.00323759368621, -0.00291654840112, -0.0102175520733], [-0.00199061073363, 0.00683910446241, 0.000686772400513, -0.00755678256974, 0.00160352967214, -0.00598361296579, -0.0271049905568, 0.0662166699767, -0.0383016355336, 0.00304289162159, 0.00384966889396, -0.0018563689664, 0.00933582894504], [0.00212675984949, -0.00640046875924, 0.00168873043731, 0.00290095736273, 0.00467278575525, -0.00116724090185, 0.00769449351355, -0.0383016355336, 0.0649664103985, -0.029183389619, -0.00221050577238, 0.00736483279616, -0.00930239353329], [-0.00125876744278, 0.00416547758505, -0.00197391794063, -0.00346570438705, 0.000632484268863, 0.00655363406986, 0.00052600633353, 0.00304289162159, -0.029183389619, 0.0549959093332, -0.027763934806, 0.00808826740831, -0.00194322981406], [0.0015637105098, -0.00437971157953, 0.00494955526665, 0.00162741681561, 0.00340122636408, -0.0128002641723, 0.00323759368621, 0.00384966889396, -0.00221050577238, -0.027763934806, 0.070937640965, -0.0355431325734, 0.0149814626202], [-0.000784506089985, 0.00292954756878, -0.00226414739154, 0.000598843791522, 0.000183302734513, 0.00453319260851, -0.00291654840112, -0.0018563689664, 0.00736483279616, 0.00808826740831, -0.0355431325734, 0.056680098176, -0.029296208173], [0.000133862282382, -0.0011218333384, 0.00152153812815, -0.000826828647405, -0.00433226581663, 0.00551348505542, -0.0102175520733, 0.00933582894504, -0.00930239353329, -0.00194322981406, 0.0149814626202, -0.029296208173, 0.0507379621267]]
    },
    "melbands": {
        "dmean": [3.20712097164e-05, 2.93485300062e-05, 6.85456980136e-05, 4.15039539803e-05, 2.25520725508e-05, 3.39819998771e-05, 2.74177145911e-05, 2.42107962549e-05, 2.2816380806e-05, 1.32602626763e-05, 3.14787212119e-05, 1.58553539222e-05, 1.69598806679e-05, 1.74011802301e-05, 1.5518246073e-05, 1.95177872229e-05, 2.10815978789e-05, 9.34311174206e-06, 1.39402127388e-05, 1.55462566909e-05, 1.18929701785e-05, 1.01241830635e-05, 6.12491112406e-06, 7.81074959377e-06, 9.74398335529e-06, 7.285130323e-06, 4.87900024382e-06, 4.3279487727e-06, 2.77463254861e-06, 2.2451224595e-06, 2.4933979148e-06, 1.70852672454e-06, 9.3510982424e-07, 6.58879741877e-07, 6.82128643348e-07, 5.27604925082e-07, 5.41653264463e-07, 3.06041386011e-07, 2.11557193097e-07, 2.0565619252e-07],
        "dmean2": [5.68909745198e-05, 5.0570233725e-05, 0.000132561166538, 7.79924521339e-05, 3.99728705816e-05, 6.01369647484e-05, 4.98967310705e-05, 4.50874176749e-05, 3.88266817026e-05, 2.11549613596e-05, 5.5633521697e-05, 2.64892787527e-05, 2.96593643725e-05, 3.03307897411e-05, 2.66350361926e-05, 3.36196389981e-05, 3.84980121453e-05, 1.54869194375e-05, 2.37229050981e-05, 2.73842215393e-05, 2.02218961931e-05, 1.9035047444e-05, 1.01553023342e-05, 1.22775154523e-05, 1.73227090272e-05, 1.26905542857e-05, 8.97538575373e-06, 8.11635527498e-06, 5.08923676534e-06, 3.85008343073e-06, 4.53910251963e-06, 2.82910355054e-06, 1.61305672464e-06, 1.05966773845e-06, 1.02476622033e-06, 8.81626590399e-07, 9.7597455806e-07, 5.06646188114e-07, 3.31353561478e-07, 3.30047555508e-07],
        "dvar": [2.66613309208e-09, 8.45931236171e-09, 1.71189554976e-07, 2.47617517601e-08, 9.37945632273e-09, 1.30108110952e-08, 2.021652179e-08, 7.53697992906e-09, 3.49839912595e-09, 7.844377925e-10, 9.31506605184e-09, 1.47301937314e-09, 1.7992851653e-09, 1.55099788568e-09, 9.82322334586e-10, 1.89608972967e-09, 4.22341317474e-09, 4.76581829556e-10, 1.32281563481e-09, 1.06563513569e-09, 1.11963427418e-09, 8.15660705644e-10, 1.78072293022e-10, 2.87354445794e-10, 6.20166529242e-10, 3.58677920698e-10, 1.17998902316e-10, 9.31288587913e-11, 4.83750643709e-11, 3.10024714234e-11, 3.94208797549e-11, 1.66969979509e-11, 5.58834705941e-12, 2.11619155359e-12, 2.3975068892e-12, 1.93780777015e-12, 1.85403710613e-12, 8.13541237415e-13, 3.42112107957e-13, 3.14431152556e-13],
        "dvar2": [5.54211965209e-09, 2.29385239692e-08, 5.08051300585e-07, 7.28216136281e-08, 2.83367889153e-08, 3.64926258101e-08, 6.00972356324e-08, 2.18703544164e-08, 9.56033296973e-09, 2.09007211538e-09, 2.83222902908e-08, 4.92052754097e-09, 4.94519936112e-09, 4.70570560296e-09, 2.94878899076e-09, 5.26346211061e-09, 1.29688064732e-08, 1.3083195638e-09, 3.08134029403e-09, 3.15936321549e-09, 3.28485882939e-09, 2.76333134153e-09, 4.86210960382e-10, 8.08332956126e-10, 1.52344636906e-09, 1.09105391388e-09, 3.83480608379e-10, 3.10332065601e-10, 1.45929421325e-10, 9.77891101428e-11, 1.29082605715e-10, 3.91014894074e-11, 1.59625784812e-11, 6.04609548191e-12, 6.63701342149e-12, 4.74985502319e-12, 6.02093158317e-12, 1.98146533903e-12, 7.15782468019e-13, 6.89671030788e-13],
        "max": [0.000424921163358, 0.000865386449732, 0.00366371031851, 0.0015113321133, 0.000837598636281, 0.000964910490438, 0.00129633792676, 0.000781345530413, 0.000516696542036, 0.000268546224106, 0.00070825550938, 0.000294498546282, 0.000346331216861, 0.000356304895831, 0.00024585754727, 0.000354470888851, 0.000641202670522, 0.000247857940849, 0.000353035429725, 0.000234686638578, 0.000310761359287, 0.000230147110415, 0.000161317031598, 0.000158110517077, 0.00023060417152, 0.00019542593509, 9.87993116723e-05, 0.000100053992355, 7.24108467693e-05, 5.9164398408e-05, 6.22169391136e-05, 4.48791615781e-05, 2.1091720555e-05, 1.91405288206e-05, 1.7874464902e-05, 1.47136288433e-05, 1.43756442412e-05, 1.2410610907e-05, 6.72911437505e-06, 6.94104664944e-06],
        "mean": [4.00215540139e-05, 3.20341277984e-05, 5.12237784278e-05, 4.3715677748e-05, 2.34328308579e-05, 3.12316260533e-05, 2.75770071312e-05, 2.66920269496e-05, 3.00810625049e-05, 2.39093878918e-05, 4.41939882876e-05, 2.25303156185e-05, 2.61614604824e-05, 3.07814625558e-05, 2.6454035833e-05, 3.10800678562e-05, 3.01783165924e-05, 2.36472824326e-05, 2.49017630267e-05, 2.44448274316e-05, 2.29895340453e-05, 1.79699418368e-05, 1.86153265531e-05, 1.84511845873e-05, 2.0988716642e-05, 1.52062002599e-05, 1.14822178148e-05, 9.41674534261e-06, 6.92818639436e-06, 5.35210210728e-06, 5.04462877871e-06, 4.28097337135e-06, 2.57564965978e-06, 1.93941446014e-06, 1.96939367925e-06, 1.58231966907e-06, 1.15396971978e-06, 8.88088550255e-07, 6.09200412782e-07, 6.23356697815e-07],
        "median": [2.30870136875e-05, 1.45266385516e-05, 4.67026893602e-06, 1.84489681487e-06, 1.33374942379e-06, 1.6761483721e-06, 1.39808798849e-06, 2.63832953351e-06, 2.67047562375e-06, 1.70746091044e-06, 9.58294322118e-07, 1.02998137663e-06, 1.38506061376e-06, 1.2934553979e-06, 1.30118598918e-06, 2.26120482694e-06, 1.62651303981e-06, 1.08647009256e-06, 1.77592664841e-06, 1.57537772338e-06, 8.26353016237e-07, 8.16492672584e-07, 8.1212101577e-07, 7.71834947955e-07, 9.87223643278e-07, 7.70220026425e-07, 6.83327641582e-07, 7.06746902779e-07, 4.4991361392e-07, 3.29270221755e-07, 2.38971068711e-07, 2.66237805135e-07, 2.53051950949e-07, 2.4352618766e-07, 2.17012399162e-07, 1.8796251311e-07, 1.21356492855e-07, 9.03393697627e-08, 6.17353208554e-08, 4.06533331443e-08],
        "min": [4.05722683098e-13, 1.76232617909e-13, 9.54664813998e-14, 6.98291251211e-14, 8.09174436982e-14, 6.98419932456e-14, 3.776081688e-14, 2.45343719977e-14, 1.79188905196e-14, 5.22843072209e-15, 1.74161027735e-15, 9.64891737337e-15, 1.7992994044e-14, 1.3803828279e-14, 9.56505264127e-15, 8.11732171551e-15, 4.92890674293e-15, 6.22332470523e-15, 8.53555947981e-15, 1.68761421396e-14, 3.03630276303e-14, 1.26567322161e-14, 5.01517111938e-15, 3.43013572936e-15, 4.84459308336e-15, 7.53594201744e-15, 1.06290691716e-14, 5.02542530024e-15, 2.19837745284e-15, 3.50558794199e-15, 1.22182910219e-14, 1.01200625096e-14, 7.84305414126e-15, 8.14659432714e-15, 2.5808880027e-15, 6.66436883164e-15, 1.03728798215e-14, 4.24703759709e-15, 5.84210905699e-15, 6.30157530296e-15],
        "stdev": [5.73155921302e-05, 8.12554280856e-05, 0.000316015764838, 0.000152054199134, 8.2660728367e-05, 0.000105610750325, 0.000115862894745, 7.5687894423e-05, 6.30578651908e-05, 4.48958126071e-05, 0.000106673498522, 4.67104728159e-05, 5.46015799046e-05, 6.53272581985e-05, 5.17138687428e-05, 6.25684479019e-05, 7.38021772122e-05, 4.83797994093e-05, 5.26781441295e-05, 4.88367586513e-05, 5.05861498823e-05, 3.83666701964e-05, 3.61427628377e-05, 3.57896351488e-05, 4.1957020585e-05, 3.26330773532e-05, 2.19104367716e-05, 1.80841016117e-05, 1.47042565004e-05, 1.07187943286e-05, 1.04530427052e-05, 8.98270900507e-06, 4.95904896525e-06, 3.66156928067e-06, 3.65559185411e-06, 3.03199453811e-06, 2.32406910072e-06, 1.86201384622e-06, 1.26250347421e-06, 1.31525530378e-06],
        "var": [3.28507709924e-09, 6.6024448131e-09, 9.98659572815e-08, 2.31204815293e-08, 6.83279655078e-09, 1.11536300196e-08, 1.34242101879e-08, 5.72865754833e-09, 3.97629396076e-09, 2.01563388202e-09, 1.13792353318e-08, 2.18186824164e-09, 2.9813325142e-09, 4.26765112138e-09, 2.67432409551e-09, 3.91481069784e-09, 5.44676170833e-09, 2.34060504312e-09, 2.77498690693e-09, 2.38502906313e-09, 2.55895860057e-09, 1.47200129863e-09, 1.30629917994e-09, 1.28089805429e-09, 1.76039161026e-09, 1.06491782059e-09, 4.8006726372e-10, 3.27034732628e-10, 2.16215170767e-10, 1.14892553804e-10, 1.0926610311e-10, 8.06890665395e-11, 2.45921651099e-11, 1.34070888072e-11, 1.33633520916e-11, 9.19299098651e-12, 5.40129703117e-12, 3.46709553428e-12, 1.59391510407e-12, 1.72989649948e-12]
    },
    "melbands128": {
