{
"lowlevel": {
    "average_loudness": 0.99068403244,
    "barkbands_crest": {
        "dmean": 2.93910455704,
        "dmean2": 4.21278905869,
        "dvar": 5.60162734985,
        "dvar2": 12.6758651733,
        "max": 23.1659469604,
        "mean": 16.4507369995,
        "median": 16.5942573547,
        "min": 8.04915618896,
        "stdev": 4.66831350327,
        "var": 21.7931518555
    },
    "barkbands_flatness_db": {
        "dmean": 0.0389644764364,
        "dmean2": 0.0335754714906,
        "dvar": 0.00254664500244,
        "dvar2": 0.00219545816071,
        "max": 0.645366370678,
        "mean": 0.322255462408,
        "median": 0.277218282223,
        "min": 0.103638060391,
        "stdev": 0.188160315156,
        "var": 0.0354043021798
    },
    "barkbands_kurtosis": {
        "dmean": 21.0131607056,
        "dmean2": 29.9661178589,
        "dvar": 1276.36230469,
        "dvar2": 3090.04980469,
        "max": 212.639160156,
        "mean": 33.2649688721,
        "median": 13.6962661743,
        "min": -1.83886694908,
        "stdev": 47.1063537598,
        "var": 2219.00854492
    },
    "barkbands_skewness": {
        "dmean": 1.40260219574,
        "dmean2": 1.88476371765,
        "dvar": 2.32860827446,
        "dvar2": 6.10676145554,
        "max": 12.1382045746,
        "mean": 2.75943994522,
        "median": 2.37471008301,
        "min": -2.08993816376,
        "stdev": 3.53315162659,
        "var": 12.4831609726
    },
    "barkbands_spread": {
        "dmean": 8.61011314392,
        "dmean2": 8.45189857483,
        "dvar": 170.193588257,
        "dvar2": 137.39831543,
        "max": 137.302902222,
        "mean": 38.6358604431,
        "median": 9.54966259003,
        "min": 0.190909445286,
        "stdev": 46.6734924316,
        "var": 2178.41479492
    },
    "dissonance": {
        "dmean": 0.0240530446172,
        "dmean2": 0.0353768356144,
        "dvar": 0.000618303543888,
        "dvar2": 0.00118321389891,
        "max": 0.498544216156,
        "mean": 0.448089122772,
        "median": 0.466179788113,
        "min": 0.311711370945,
        "stdev": 0.0493731945753,
        "var": 0.00243771239184
    },
    "dynamic_complexity": 12.3832836151,
    "erbbands_crest": {
        "dmean": 2.73556375504,
        "dmean2": 4.62291288376,
        "dvar": 7.26974344254,
        "dvar2": 18.5416183472,
        "max": 24.6290283203,
        "mean": 11.0161762238,
        "median": 12.4580421448,
        "min": 3.09226727486,
        "stdev": 6.09507894516,
        "var": 37.1499900818
    },
    "erbbands_flatness_db": {
        "dmean": 0.0294233839959,
        "dmean2": 0.0335300900042,
        "dvar": 0.00189544737805,
        "dvar2": 0.00163200602401,
        "max": 0.46446031332,
        "mean": 0.177264764905,
        "median": 0.122499600053,
        "min": 0.0298696197569,
        "stdev": 0.147017747164,
        "var": 0.0216142162681
    },
    "erbbands_kurtosis": {
        "dmean": 10.4703931808,
        "dmean2": 15.0385856628,
        "dvar": 253.134140015,
        "dvar2": 571.283081055,
        "max": 91.7600860596,
        "mean": 21.0254497528,
        "median": 7.94432115555,
        "min": -1.66428399086,
        "stdev": 27.0700073242,
        "var": 732.78527832
    },
    "erbbands_skewness": {
        "dmean": 0.718715488911,
        "dmean2": 1.05500423908,
        "dvar": 0.672891438007,
        "dvar2": 1.51463782787,
        "max": 6.56501531601,
        "mean": 2.12117886543,
        "median": 2.68436431885,
        "min": -1.32151281834,
        "stdev": 2.40815854073,
        "var": 5.7992272377
    },
    "erbbands_spread": {
        "dmean": 11.6206760406,
        "dmean2": 14.9038171768,
        "dvar": 330.382720947,
        "dvar2": 540.977539062,
        "max": 154.393295288,
        "mean": 48.8464393616,
        "median": 39.7333374023,
        "min": 0.80082565546,
        "stdev": 49.3887481689,
        "var": 2439.24829102
    },
    "hfc": {
        "dmean": 1.46734476089,
        "dmean2": 2.24783229828,
        "dvar": 21.6045513153,
        "dvar2": 53.6004371643,
        "max": 24.8665676117,
        "mean": 1.63579261303,
        "median": 0.000105511353468,
        "min": 2.2987012926e-05,
        "stdev": 5.31283903122,
        "var": 28.2262573242
    },
    "loudness_ebu128": {
        "integrated": -17.9112930298,
        "loudness_range": 0,
        "momentary": {
            "dmean": 26.0785827637,
            "dmean2": 1.22640991211,
            "dvar": 0.376020312309,
            "dvar2": 0,
            "max": -17.9112930298,
            "mean": -44.1942749023,
            "median": -44.6030807495,
            "min": -70.0684585571,
            "stdev": 21.2950363159,
            "var": 453.478546143
        },
        "short_term": {
            "dmean": 0,
            "dmean2": 0,
            "dvar": 0,
            "dvar2": 0,
            "max": -26.661907196,
            "mean": -26.661907196,
            "median": -26.661907196,
            "min": -26.661907196,
            "stdev": 0,
            "var": 0
        }
    },
    "melbands_crest": {
        "dmean": 2.67165565491,
        "dmean2": 4.52325248718,
        "dvar": 3.70510411263,
        "dvar2": 9.77824401855,
        "max": 29.6754436493,
        "mean": 18.7801742554,
        "median": 18.7754898071,
        "min": 9.57563686371,
        "stdev": 4.21416282654,
        "var": 17.7591686249
    },
    "melbands_flatness_db": {
        "dmean": 0.0473513938487,
        "dmean2": 0.039504121989,
        "dvar": 0.0027371365577,
        "dvar2": 0.00233625783585,
        "max": 0.801301896572,
        "mean": 0.423517823219,
        "median": 0.424815058708,
        "min": 0.0241920854896,
        "stdev": 0.253506809473,
        "var": 0.0642656981945
    },
    "melbands_kurtosis": {
        "dmean": 33.9885826111,
        "dmean2": 38.7217750549,
        "dvar": 1474.88342285,
        "dvar2": 2688.49682617,
        "max": 352.484436035,
        "mean": 91.6091003418,
        "median": 27.2655143738,
        "min": -1.13029301167,
        "stdev": 107.02897644,
        "var": 11455.2011719
    },
    "melbands_skewness": {
        "dmean": 1.35440552235,
        "dmean2": 1.55878531933,
        "dvar": 1.969658494,
        "dvar2": 3.46337509155,
        "max": 14.8802118301,
        "mean": 4.90613889694,
        "median": 4.12089729309,
        "min": 0.569073200226,
        "stdev": 4.2755446434,
        "var": 18.2802810669
    },
    "melbands_spread": {
        "dmean": 8.43683815002,
        "dmean2": 8.79461193085,
        "dvar": 340.024810791,
        "dvar2": 428.331634521,
        "max": 182.713989258,
        "mean": 28.3695869446,
        "median": 1.0901863575,
        "min": 0.270189225674,
        "stdev": 55.9883499146,
        "var": 3134.6953125
    },
    "pitch_salience": {
        "dmean": 0.0775502920151,
        "dmean2": 0.130791887641,
        "dvar": 0.00433613406494,
        "dvar2": 0.0104241026565,
        "max": 0.762622535229,
        "mean": 0.498561531305,
        "median": 0.480894893408,
        "min": 0.205530688167,
        "stdev": 0.169859394431,
        "var": 0.0288522150367
    },
    "silence_rate_20dB": {
        "dmean": 0,
        "dmean2": 0,
        "dvar": 0,
        "dvar2": 0,
        "max": 1,
        "mean": 1,
        "median": 1,
        "min": 1,
        "stdev": 0,
        "var": 0
    },
    "silence_rate_30dB": {
        "dmean": 0.0399999991059,
        "dmean2": 0.0833333358169,
        "dvar": 0.0384000241756,
        "dvar2": 0.0763888657093,
        "max": 1,
        "mean": 0.923076927662,
        "median": 1,
        "min": 0,
        "stdev": 0.266469419003,
        "var": 0.0710059478879
    },
    "silence_rate_60dB": {
        "dmean": 0.0399999991059,
        "dmean2": 0.0833333358169,
        "dvar": 0.0384000241756,
        "dvar2": 0.0763888657093,
        "max": 1,
        "mean": 0.846153855324,
        "median": 1,
        "min": 0,
        "stdev": 0.360801070929,
        "var": 0.130177423358
    },
    "spectral_centroid": {
        "dmean": 153.688491821,
        "dmean2": 132.227020264,
        "dvar": 61660.046875,
        "dvar2": 36379.3007812,
        "max": 3850.21850586,
        "mean": 1053.15795898,
        "median": 202.299835205,
        "min": 113.981010437,
        "stdev": 1364.79650879,
        "var": 1862669.5
    },
    "spectral_complexity": {
        "dmean": 0.159999996424,
        "dmean2": 0.291666656733,
        "dvar": 0.134399980307,
        "dvar2": 0.289930731058,
        "max": 3,
        "mean": 0.423076927662,
        "median": 0,
        "min": 0,
        "stdev": 0.840012431145,
        "var": 0.705620884895
    },
    "spectral_decrease": {
        "dmean": 3.36916805566e-09,
        "dmean2": 5.07153741225e-09,
        "dvar": 1.10194718186e-16,
        "dvar2": 2.74982999458e-16,
        "max": 6.43267366271e-16,
        "mean": -3.66111208017e-09,
        "median": -5.40079184716e-14,
        "min": -5.5868632387e-08,
        "stdev": 1.1795997068e-08,
        "var": 1.39145543317e-16
    },
    "spectral_energy": {
        "dmean": 0.0128491437063,
        "dmean2": 0.0193450730294,
        "dvar": 0.00160327274352,
        "dvar2": 0.00400065584108,
        "max": 0.213116586208,
        "mean": 0.0139662176371,
        "median": 2.13312532082e-07,
        "min": 1.52603396586e-09,
        "stdev": 0.045002412051,
        "var": 0.00202521705069
    },
    "spectral_energyband_high": {
        "dmean": 4.62641878585e-07,
        "dmean2": 4.74660765803e-07,
        "dvar": 4.96589054599e-12,
        "dvar2": 5.02792295645e-12,
        "max": 1.15616930998e-05,
        "mean": 4.55816405065e-07,
        "median": 2.90807378178e-09,
        "min": 7.86926579455e-10,
        "stdev": 2.22144808504e-06,
        "var": 4.93483205688e-12
    },
    "spectral_energyband_low": {
        "dmean": 0.0130618009716,
        "dmean2": 0.0195262040943,
        "dvar": 0.00164095859509,
        "dvar2": 0.004112821538,
        "max": 0.21162648499,
        "mean": 0.0135653661564,
        "median": 1.86992025419e-07,
        "min": 6.70133185054e-11,
        "stdev": 0.0441212840378,
        "var": 0.00194668769836
    },
    "spectral_energyband_middle_high": {
        "dmean": 3.9329320316e-06,
        "dmean2": 3.86770261684e-06,
        "dvar": 3.30202531984e-10,
        "dvar2": 3.07157993484e-10,
        "max": 9.83232166618e-05,
        "mean": 4.01806346417e-06,
        "median": 1.99164643111e-10,
        "min": 6.30381094546e-11,
        "stdev": 1.88905432879e-05,
        "var": 3.56852603023e-10
    },
    "spectral_energyband_middle_low": {
        "dmean": 0.000966968189459,
        "dmean2": 0.000636792217847,
        "dvar": 9.92524564936e-06,
        "dvar2": 6.17122577751e-06,
        "max": 0.0239704586565,
        "mean": 0.00149506574962,
        "median": 4.10116456351e-08,
        "min": 2.5321437655e-11,
        "stdev": 0.00514698633924,
        "var": 2.64914688159e-05
    },
    "spectral_entropy": {
        "dmean": 0.320598006248,
        "dmean2": 0.39120849967,
        "dvar": 0.232613965869,
        "dvar2": 0.245051428676,
        "max": 8.90899658203,
        "mean": 6.68454217911,
        "median": 6.78341770172,
        "min": 3.69067287445,
        "stdev": 1.86746275425,
        "var": 3.48741698265
    },
    "spectral_flux": {
        "dmean": 0.0186903066933,
        "dmean2": 0.021912842989,
        "dvar": 0.00157341046724,
        "dvar2": 0.00299725844525,
        "max": 0.324044138193,
        "mean": 0.0417118147016,
        "median": 0.000208793673664,
        "min": 4.27692139056e-05,
        "stdev": 0.0921958237886,
        "var": 0.00850007031113
    },
    "spectral_kurtosis": {
        "dmean": 9.68478107452,
        "dmean2": 10.4557828903,
        "dvar": 225.882400513,
        "dvar2": 308.33706665,
        "max": 130.276779175,
        "mean": 26.7705821991,
        "median": 5.25649452209,
        "min": 2.10092830658,
        "stdev": 37.2238998413,
        "var": 1385.61865234
    },
    "spectral_rms": {
        "dmean": 0.000748694816139,
        "dmean2": 0.000894262397196,
        "dvar": 3.61565071216e-06,
        "dvar2": 7.48491584091e-06,
        "max": 0.0144193833694,
        "mean": 0.00138713733759,
        "median": 1.44018395076e-05,
        "min": 1.22016956539e-06,
        "stdev": 0.00342073570937,
        "var": 1.17014324132e-05
    },
    "spectral_rolloff": {
        "dmean": 863.05078125,
        "dmean2": 1591.66247559,
        "dvar": 12821087,
        "dvar2": 23337186,
        "max": 21188.671875,
        "mean": 7219.42089844,
        "median": 150.732421875,
        "min": 107.666015625,
        "stdev": 9738.74707031,
        "var": 94843192
    },
    "spectral_skewness": {
        "dmean": 0.577892422676,
        "dmean2": 0.531495034695,
        "dvar": 0.596695184708,
        "dvar2": 0.246942862868,
        "max": 9.17104816437,
        "mean": 3.45843338966,
        "median": 2.11944818497,
        "min": 1.28558278084,
        "stdev": 2.60892748833,
        "var": 6.80650234222
    },
    "spectral_spread": {
        "dmean": 901896.1875,
        "dmean2": 1121977.625,
        "dvar": 587530567680,
        "dvar2": 1.1576892457e+12,
        "max": 13606268,
        "mean": 8195209,
        "median": 10238548,
        "min": 593391.5,
        "stdev": 4889914.5,
        "var": 2.39112657306e+13
    },
    "spectral_strongpeak": {
        "dmean": 0.145578801632,
        "dmean2": 0.159137859941,
        "dvar": 0.14516928792,
        "dvar2": 0.291472196579,
        "max": 2.11120152473,
        "mean": 0.159481316805,
        "median": 0.000691805267707,
        "min": 0,
        "stdev": 0.445574343204,
        "var": 0.198536485434
    },
    "zerocrossingrate": {
        "dmean": 0.0394726544619,
        "dmean2": 0.0292154941708,
        "dvar": 0.00388066656888,
        "dvar2": 0.00294464151375,
        "max": 0.6103515625,
        "mean": 0.188138514757,
        "median": 0.07177734375,
        "min": 0.0029296875,
        "stdev": 0.221508398652,
        "var": 0.0490659698844
    },
    "barkbands": {
        "dmean": [4.86710123369e-05, 0.000793021637946, 0.0121785989031, 0.000846492999699, 9.62807171163e-05, 3.41529703292e-05, 7.48243019189e-06, 1.09738368792e-06, 9.74312456492e-07, 6.32373769349e-07, 6.01166789238e-07, 5.89642240811e-07, 4.0122762357e-07, 2.47227205818e-07, 4.08784387673e-07, 2.19451251837e-07, 1.82082388278e-07, 4.09786650835e-07, 3.33168344469e-07, 1.50136528987e-07, 1.23624602111e-07, 1.32055816948e-07, 3.76750435294e-08, 1.61628594952e-08, 1.84914661361e-08, 1.68562639402e-08, 1.62481192945e-08],
        "dmean2": [6.8908520916e-05, 0.00118093797937, 0.0179319363087, 0.000648382061627, 9.57598604145e-05, 5.98627921136e-05, 6.58203134662e-06, 1.02568731108e-06, 8.77377885899e-07, 6.38628534944e-07, 6.10508720911e-07, 5.97116866174e-07, 3.94864088094e-07, 2.45555810352e-07, 3.88272695773e-07, 2.00517447979e-07, 1.54918737394e-07, 4.00098087994e-07, 3.30200663257e-07, 1.52791002961e-07, 1.26037008386e-07, 1.36108766924e-07, 3.8659869972e-08, 1.67385554306e-08, 1.92908036212e-08, 1.75838810179e-08, 1.71294249895e-08],
        "dvar": [2.27768115479e-08, 5.06865308125e-06, 0.00142718339339, 7.68700920162e-06, 1.69823778151e-07, 1.55712438499e-08, 9.74316405333e-10, 2.33088322948e-11, 1.71829148132e-11, 8.99740698612e-12, 8.22960536523e-12, 7.8704993911e-12, 3.43821976098e-12, 1.33093850611e-12, 3.33575940308e-12, 8.93416091975e-13, 5.44928902349e-13, 3.53512423328e-12, 2.40684273727e-12, 5.15534284099e-13, 3.50698474167e-13, 4.09365033191e-13, 3.29864208051e-14, 6.15972481287e-15, 8.15397029004e-15, 6.75472056557e-15, 6.02731154036e-15],
        "dvar2": [4.24723936021e-08, 7.94567949924e-06, 0.00354445702396, 5.5369259826e-06, 1.44257853663e-07, 3.92069345878e-08, 6.88318513298e-10, 1.93316421898e-11, 1.29666728743e-11, 8.83181461991e-12, 8.14698048607e-12, 7.83570170554e-12, 3.25487900521e-12, 1.25899475307e-12, 2.85443045069e-12, 7.06970018551e-13, 3.55833635127e-13, 3.21400349911e-12, 2.2607560355e-12, 5.13640182904e-13, 3.51996968899e-13, 4.18155093884e-13, 3.35418948475e-14, 6.34037872931e-15, 8.46804502468e-15, 7.00819305745e-15, 6.24194291293e-15],
        "max": [0.00101908633951, 0.0188569128513, 0.182853758335, 0.0209258161485, 0.00238860305399, 0.000632246781606, 0.000187059689779, 2.74342910416e-05, 2.43569993472e-05, 1.58071070473e-05, 1.50287742144e-05, 1.4740979168e-05, 1.00303414001e-05, 6.18062131252e-06, 1.02193780549e-05, 5.48621437702e-06, 4.55173221781e-06, 1.02445164885e-05, 8.32896239444e-06, 3.75335730496e-06, 3.09034930979e-06, 3.30129660142e-06, 9.416849025e-07, 4.03689028872e-07, 4.61415197606e-07, 4.20261130785e-07, 3.99799006345e-07],
        "mean": [8.41252185637e-05, 0.00187256024219, 0.0105101503432, 0.001332969754, 0.000110139109893, 4.11142282246e-05, 8.34372804093e-06, 1.17231570584e-06, 1.07140442651e-06, 6.29837302313e-07, 5.93871220644e-07, 5.88778334532e-07, 4.12314591358e-07, 2.4980033686e-07, 4.29409396929e-07, 2.39743400243e-07, 2.08936867807e-07, 4.1985470034e-07, 3.36785831223e-07, 1.48242023101e-07, 1.22082170151e-07, 1.28705750058e-07, 3.70471902045e-08, 1.5808367948e-08, 1.79125372313e-08, 1.64592659502e-08, 1.77152905678e-08],
        "median": [3.93513710506e-09, 8.34761237911e-08, 4.54017161644e-08, 3.50162920881e-08, 8.02036304037e-09, 3.88050036548e-10, 2.53632032043e-10, 2.90541913445e-11, 4.33904856489e-11, 1.03989135011e-11, 1.26984273791e-11, 1.43059435825e-11, 1.78737580292e-11, 2.21822595015e-11, 2.30923440092e-11, 1.80226319979e-11, 2.91774659988e-11, 3.06158015606e-11, 3.64209322423e-11, 3.43810396819e-11, 5.67050503775e-11, 5.60403737304e-11, 7.58995852279e-11, 1.18619600253e-10, 1.36968408837e-10, 2.83816414814e-10, 2.54338883288e-09],
        "min": [1.02901458188e-10, 6.37015874078e-12, 1.9980891941e-12, 4.61643223648e-12, 9.5577105258e-13, 2.96849025395e-12, 1.9880978374e-12, 3.44161006118e-12, 3.79081141477e-12, 1.10551390091e-12, 2.21076369017e-12, 4.32365688391e-12, 9.63295198816e-13, 3.32120008578e-12, 5.49197796615e-12, 5.4402528489e-12, 8.6545137376e-12, 9.24994976448e-12, 5.26556706223e-12, 1.27474402561e-11, 2.55750559619e-11, 1.80666610144e-11, 3.23011409287e-11, 4.54353013546e-11, 5.18579727771e-11, 1.27950733342e-10, 6.46923403735e-10],
        "stdev": [0.000249367963988, 0.00477592274547, 0.0367588400841, 0.00455615529791, 0.000459346396383, 0.000142117773066, 3.61771817552e-05, 5.28020927959e-06, 4.70000168207e-06, 3.03688693748e-06, 2.8878903322e-06, 2.83158510683e-06, 1.92664151655e-06, 1.18744583233e-06, 1.96562518795e-06, 1.05724438981e-06, 8.83201266788e-07, 1.96880341718e-06, 1.60032004715e-06, 7.21214235e-07, 5.93791128267e-07, 6.34553828149e-07, 1.80949172091e-07, 7.75783703943e-08, 8.8700609524e-08, 8.07604649822e-08, 7.64181180557e-08],
        "var": [6.21843838644e-08, 2.28094395425e-05, 0.00135121226776, 2.07585489989e-05, 2.10999118622e-07, 2.01974614811e-08, 1.308788522e-09, 2.78806110143e-11, 2.20900173153e-11, 9.22268251352e-12, 8.33991035953e-12, 8.01787455873e-12, 3.71194741611e-12, 1.41002769356e-12, 3.86368194383e-12, 1.11776581914e-12, 7.80044486035e-13, 3.876186698e-12, 2.56102430929e-12, 5.20149949588e-13, 3.52587913293e-13, 4.02658565128e-13, 3.27426040653e-14, 6.01840371837e-15, 7.86779851474e-15, 6.52225322023e-15, 5.83972889441e-15]
    },
    "erbbands": {
        "dmean": [0.0491343066096, 0.307979106903, 9.90341758728, 8.67765522003, 1.06853938103, 0.230503901839, 0.0821378827095, 0.385959327221, 0.163694724441, 0.0375559143722, 0.0242135189474, 0.023062935099, 0.0253044813871, 0.0191883016378, 0.0262254662812, 0.0246688295156, 0.0207790583372, 0.0119039537385, 0.0246715005487, 0.0144279226661, 0.00657245796174, 0.0111453533173, 0.0207387302071, 0.019949497655, 0.0161334611475, 0.00660968897864, 0.00764865987003, 0.00544383330271, 0.00438219122589, 0.00110873917583, 0.00112888438161, 0.000484007498017, 0.00027803980629, 0.00020887296705, 0.000131116932607, 7.11243701517e-05, 3.19153186865e-05, 1.07118185042e-05, 4.1668031372e-06, 1.37070528581e-05],
        "dmean2": [0.0785371884704, 0.468472868204, 14.2340936661, 14.2005720139, 0.707992970943, 0.202516078949, 0.0915371179581, 0.670871257782, 0.127624854445, 0.0335846580565, 0.0212221909314, 0.0216507632285, 0.025523358956, 0.0193352568895, 0.0265890117735, 0.0251285880804, 0.0205278042704, 0.011718747206, 0.0235490258783, 0.0137086287141, 0.00526795955375, 0.00961700547487, 0.0201512034982, 0.0195143613964, 0.0163741055876, 0.00671326508746, 0.00780655210838, 0.00557369412854, 0.00450296653435, 0.00112665642519, 0.00115901499521, 0.000495612039231, 0.000284901238047, 0.000213302773773, 0.000132403511088, 7.04597186996e-05, 3.09846545861e-05, 1.10367391244e-05, 6.26218616162e-06, 2.07409102586e-05],
        "dvar": [0.0209976192564, 0.933633863926, 903.50592041, 860.18927002, 12.8073701859, 0.834889650345, 0.0704601630569, 1.93080401421, 0.310193777084, 0.0252115670592, 0.010117883794, 0.0103815495968, 0.0143812512979, 0.00825338158756, 0.0156084988266, 0.0139431739226, 0.00929281301796, 0.00303107826039, 0.0122671667486, 0.00415580533445, 0.000643551407848, 0.00208994862624, 0.00897023361176, 0.00840783584863, 0.00591998640448, 0.000995126203634, 0.0013457776513, 0.000686044339091, 0.000447957223514, 2.79950545519e-05, 2.9651902878e-05, 5.40923747394e-06, 1.78560947006e-06, 1.00067018138e-06, 3.85413329695e-07, 1.09150022354e-07, 2.10467554496e-08, 2.60995447476e-09, 2.40776565352e-10, 1.83815263011e-09],
        "dvar2": [0.0577654503286, 1.82697856426, 2191.03881836, 2179.93994141, 4.99812841415, 0.605653584003, 0.0658194720745, 5.03912401199, 0.228838667274, 0.0187270436436, 0.0071330703795, 0.00868803169578, 0.0140703516081, 0.00805449858308, 0.0154617903754, 0.0140145458281, 0.00885618291795, 0.0028277321253, 0.010587759316, 0.00358366779983, 0.000366956664948, 0.00141409400385, 0.00807139556855, 0.00766237825155, 0.00585180940107, 0.000989206251688, 0.00134948280174, 0.000693758018315, 0.000455384375528, 2.79063369817e-05, 3.01628915622e-05, 5.48368188902e-06, 1.80582071607e-06, 1.00507361367e-06, 3.79482230528e-07, 1.03810272378e-07, 1.92363014406e-08, 2.63162314162e-09, 3.53407969556e-10, 4.566111933e-09],
        "max": [0.680023729801, 6.99869060516, 152.0284729, 151.711914062, 26.713476181, 5.76255178452, 2.05338811874, 6.76584100723, 4.09235334396, 0.938894033432, 0.605330169201, 0.576552450657, 0.632610440254, 0.479706376791, 0.655626893044, 0.616717934608, 0.519460856915, 0.297596544027, 0.616759896278, 0.360691905022, 0.164308533072, 0.278617054224, 0.518464386463, 0.498733997345, 0.403330355883, 0.165239915252, 0.191206544638, 0.136086419225, 0.109550610185, 0.0277121607214, 0.028216695413, 0.0120924795046, 0.0069446018897, 0.00521693238989, 0.00327516859397, 0.00177690945566, 0.000797065498773, 0.00026600091951, 0.00010349558579, 0.000230945544899],
        "mean": [0.0444477237761, 0.672449827194, 9.18800354004, 9.79494285583, 1.53267920017, 0.28909304738, 0.160233020782, 0.415984153748, 0.252232730389, 0.0415230430663, 0.0272028725594, 0.0245394390076, 0.025209499523, 0.019129820168, 0.0260234009475, 0.0244411211461, 0.021268049255, 0.0121515542269, 0.025781640783, 0.0152002526447, 0.00794524140656, 0.0126533843577, 0.0213452018797, 0.0203999709338, 0.0159489121288, 0.00654519442469, 0.00753022544086, 0.0053498451598, 0.0042873560451, 0.00110122386832, 0.00110886699986, 0.000478842353914, 0.000274940597592, 0.000207241260796, 0.000131795590278, 7.30874889996e-05, 3.37700403179e-05, 1.09201264422e-05, 8.62740216689e-06, 1.53860491992e-05],
        "median": [1.24800703816e-06, 2.34830731642e-05, 4.7587302106e-05, 0.00015522094327, 3.92885922338e-05, 2.89118033834e-05, 1.38338882607e-05, 3.36751418217e-06, 2.9556276786e-06, 3.12350948661e-06, 6.65774734898e-07, 1.25613723867e-06, 3.97346127556e-07, 4.04171032642e-07, 5.15328224537e-07, 6.56287340917e-07, 8.26106429486e-07, 1.23401275687e-06, 1.03270269847e-06, 1.22927167467e-06, 1.01442424238e-06, 1.49582251652e-06, 1.57756551289e-06, 1.51575341079e-06, 1.76316234501e-06, 1.67996324762e-06, 2.37773519984e-06, 2.17183833229e-06, 2.04845764529e-06, 2.14650117414e-06, 2.13580392483e-06, 2.09950735552e-06, 1.91352978618e-06, 1.62301898854e-06, 1.03605157165e-06, 6.41966380499e-07, 5.68449650018e-07, 5.10387280883e-07, 2.87674282617e-07, 5.02980519457e-08],
        "min": [7.58456242256e-10, 1.63324309632e-09, 3.13398906826e-09, 8.43624192726e-09, 5.75273029213e-09, 5.31966115602e-09, 1.11771960576e-08, 2.66769948354e-08, 2.32362076247e-08, 3.67850709893e-08, 6.24922975589e-08, 1.07684137163e-07, 3.34165655147e-08, 6.88937262794e-08, 1.10633592953e-07, 1.75672042246e-07, 6.3651143023e-08, 1.83156245726e-07, 2.41389585653e-07, 1.99324901473e-07, 5.12861959123e-07, 5.99503266585e-07, 4.79294271827e-07, 3.90495614511e-07, 3.22914758044e-07, 6.36119239061e-07, 7.75114870066e-07, 1.05068386347e-06, 5.62055618047e-07, 1.06099673758e-06, 6.17538546521e-07, 9.38975858844e-07, 6.83036660121e-07, 4.19282400799e-07, 4.31969084502e-07, 3.44257784946e-07, 2.53378232173e-07, 1.8858219164e-07, 6.25082350325e-08, 1.15804272838e-08],
        "stdev": [0.135359495878, 1.79600226879, 30.9809970856, 32.9329414368, 5.45312070847, 1.11758434772, 0.501896440983, 1.47257530689, 0.897319018841, 0.181278556585, 0.117090404034, 0.110942550004, 0.121541216969, 0.092164337635, 0.125965848565, 0.118485622108, 0.0997758582234, 0.0571752935648, 0.118610464036, 0.0693658515811, 0.0321084074676, 0.0539794825017, 0.0996486395597, 0.0958455502987, 0.07750184834, 0.0317488610744, 0.0367427915335, 0.0261512491852, 0.02105461061, 0.00532384030521, 0.00542216282338, 0.00232311035506, 0.00133413251024, 0.00100215082057, 0.000628988491371, 0.00034118979238, 0.000153031811351, 5.10237441631e-05, 2.63061738224e-05, 4.91932660225e-05],
        "var": [0.0183221921325, 3.22562408447, 959.82220459, 1084.57861328, 29.7365245819, 1.24899470806, 0.251900017262, 2.16847801208, 0.805181384087, 0.0328619144857, 0.0137101626024, 0.0123082501814, 0.0147722680122, 0.0084942644462, 0.0158673953265, 0.0140388421714, 0.0099552217871, 0.00326901418157, 0.0140684414655, 0.00481162173674, 0.0010309497593, 0.00291378470138, 0.00992985162884, 0.00918636936694, 0.00600653653964, 0.00100799021311, 0.00135003286414, 0.000683887861669, 0.00044329665252, 2.83432764263e-05, 2.93998491543e-05, 5.39684197065e-06, 1.77990966677e-06, 1.0043063412e-06, 3.95626528871e-07, 1.16410483031e-07, 2.3418733619e-08, 2.60342258862e-09, 6.92014778814e-10, 2.41997755168e-09]
    },
    "gfcc": {
        "mean": [-657.298400879, 54.2632064819, 2.28606104851, 43.1226730347, -0.651925683022, 3.66780853271, -14.3311805725, -5.40873003006, -12.6912698746, -8.88645839691, -10.5338592529, -7.26977205276, -11.3158512115],
        "cov": [[39246.0078125, 15988.5986328, 1856.53686523, 2935.48071289, 2194.35620117, -511.776672363, 455.657897949, -789.900695801, -155.669494629, -711.654663086, 95.2650375366, -573.100769043, 61.3433494568], [15988.5986328, 8678.54101562, 2060.61230469, 1862.17822266, 1467.94628906, -124.264045715, 217.189712524, -396.127960205, -104.497589111, -453.497894287, 11.728887558, -322.182891846, 32.7584533691], [1856.53686523, 2060.61230469, 1019.92407227, 622.540100098, 444.062957764, 33.6866416931, -6.1030421257, -124.252990723, -63.296043396, -121.485198975, -14.0309667587, -98.6213989258, -27.6157779694], [2935.48071289, 1862.17822266, 622.540100098, 509.585662842, 365.113433838, 18.2489395142, 42.7518959045, -100.247146606, -50.2976379395, -109.832450867, -8.94576454163, -80.3958587646, -6.00220870972], [2194.35620117, 1467.94628906, 444.062957764, 365.113433838, 330.91394043, 13.6384677887, 66.6981048584, -67.6462249756, -12.0042419434, -97.645111084, 8.12938690186, -53.4243507385, 23.0896663666], [-511.776672363, -124.264045715, 33.6866416931, 18.2489395142, 13.6384677887, 67.7512054443, 28.0300674438, 12.772313118, -16.9643745422, -7.87482595444, -7.315076828, 1.51279079914, 2.08930826187], [455.657897949, 217.189712524, -6.1030421257, 42.7518959045, 66.6981048584, 28.0300674438, 67.13621521, 4.1845126152, 9.26931190491, -30.5896091461, -0.812429070473, -5.41509199142, 25.5024833679], [-789.900695801, -396.127960205, -124.252990723, -100.247146606, -67.6462249756, 12.772313118, 4.1845126152, 56.1516571045, 10.9822273254, 15.4847860336, -6.31507062912, 16.7629299164, -4.47447490692], [-155.669494629, -104.497589111, -63.296043396, -50.2976379395, -12.0042419434, -16.9643745422, 9.26931190491, 10.9822273254, 30.4402351379, 6.74979352951, 5.98834276199, 6.23896169662, 12.8939428329], [-711.654663086, -453.497894287, -121.485198975, -109.832450867, -97.645111084, -7.87482595444, -30.5896091461, 15.4847860336, 6.74979352951, 41.9909210205, 4.10387277603, 17.8011493683, -7.94576120377], [95.2650375366, 11.728887558, -14.0309667587, -8.94576454163, 8.12938690186, -7.315076828, -0.812429070473, -6.31507062912, 5.98834276199, 4.10387277603, 19.3619880676, 11.1237974167, 9.37048244476], [-573.100769043, -322.182891846, -98.6213989258, -80.3958587646, -53.4243507385, 1.51279079914, -5.41509199142, 16.7629299164, 6.23896169662, 17.8011493683, 11.1237974167, 30.7835960388, 13.6334037781], [61.3433494568, 32.7584533691, -27.6157779694, -6.00220870972, 23.0896663666, 2.08930826187, 25.5024833679, -4.47447490692, 12.8939428329, -7.94576120377, 9.37048244476, 13.6334037781, 30.0429668427]],
        "icov": [[0.00281478418037, -0.00660846848041, 0.0144030861557, -0.0136058330536, 0.00889237318188, -0.00170405185781, 0.000826491857879, 0.011389663443, -0.00698743155226, 0.00360691337846, -0.0120430858806, 0.00100593571551, 0.0135111901909], [-0.00660846848041, 0.0167954713106, -0.0336133986712, 0.0284831766039, -0.0216783042997, 0.00880206003785, -0.00305811874568, -0.0290730390698, 0.0201164279133, -0.00786009151489, 0.0243439059705, 0.00429097004235, -0.0359650813043], [0.0144030861557, -0.0336133986712, 0.0822447612882, -0.0773789957166, 0.0397999547422, -0.0194395408034, 0.0231103654951, 0.0612145252526, -0.0484224595129, 0.0260047875345, -0.0561349019408, 0.00164721510373, 0.0720672607422], [-0.0136058330536, 0.0284831766039, -0.0773789957166, 0.107730589807, -0.0658518001437, 0.00796587578952, -0.0196256767958, -0.0357256419957, 0.0530549101532, -0.02846314013, 0.0853255689144, -0.0301690883934, -0.0347061865032], [0.00889237318188, -0.0216783042997, 0.0397999547422, -0.0658518001437, 0.0850952938199, -0.0111347949132, 0.00468533625826, 0.0154070984572, -0.0346032418311, 0.0445491075516, -0.0929687619209, 0.0520941354334, -0.00540912849829], [-0.00170405185781, 0.00880206003785, -0.0194395408034, 0.00796587578952, -0.0111347949132, 0.0691483691335, -0.0567122623324, -0.0252298098058, 0.0677330866456, -0.0352355353534, 7.1969050623e-05, 0.0152680343017, -0.0196034032851], [0.000826491857879, -0.00305811874568, 0.0231103654951, -0.0196256767958, 0.00468533625826, -0.0567122623324, 0.119696713984, -0.0197608042508, -0.039818033576, 0.058133136481, -0.0194288492203, 0.0639040097594, -0.0757126063108], [0.011389663443, -0.0290730390698, 0.0612145252526, -0.0357256419957, 0.0154070984572, -0.0252298098058, -0.0197608042508, 0.129098013043, -0.07913544029, 0.0235403776169, 0.0176398307085, -0.114529296756, 0.17015196383], [-0.00698743155226, 0.0201164279133, -0.0484224595129, 0.0530549101532, -0.0346032418311, 0.0677330866456, -0.039818033576, -0.07913544029, 0.167376339436, -0.0619203262031, -0.00907445233315, 0.098294198513, -0.127666965127], [0.00360691337846, -0.00786009151489, 0.0260047875345, -0.02846314013, 0.0445491075516, -0.0352355353534, 0.058133136481, 0.0235403776169, -0.0619203262031, 0.147086232901, -0.0564485751092, 0.00899842288345, 0.0207932461053], [-0.0120430858806, 0.0243439059705, -0.0561349019408, 0.0853255689144, -0.0929687619209, 7.1969050623e-05, -0.0194288492203, 0.0176398307085, -0.00907445233315, -0.0564485751092, 0.22771461308, -0.170455053449, 0.0493517443538], [0.00100593571551, 0.00429097004235, 0.00164721510373, -0.0301690883934, 0.0520941354334, 0.0152680343017, 0.0639040097594, -0.114529296756, 0.098294198513, 0.00899842288345, -0.170455053449, 0.339399605989, -0.264308005571], [0.0135111901909, -0.0359650813043, 0.0720672607422, -0.0347061865032, -0.00540912849829, -0.0196034032851, -0.0757126063108, 0.17015196383, -0.127666965127, 0.0207932461053, 0.0493517443538, -0.264308005571, 0.364197969437]]
    },
    "melbands": {
        "dmean": [0.000323982501868, 0.00332706212066, 0.0013030145783, 3.54501571564e-05, 3.17590456689e-06, 7.64413834986e-06, 2.26493784794e-06, 3.14610019814e-07, 1.72067629478e-07, 1.518108661e-07, 1.2355775425e-07, 7.38968211067e-08, 8.69925500524e-08, 6.75548506024e-08, 7.02367941585e-08, 2.52261997957e-08, 2.19219415953e-08, 3.87769922838e-08, 2.51969645149e-08, 1.92825950762e-08, 4.49676562653e-09, 9.16697473485e-09, 1.75007013326e-08, 1.91675795236e-08, 1.57325850125e-08, 1.19660255038e-08, 6.69893340799e-09, 4.36159952599e-09, 5.14963360843e-09, 3.23322790763e-09, 3.90560739305e-09, 3.46710682386e-09, 6.81496470367e-10, 4.8791637397e-10, 5.68635527554e-10, 5.93615934186e-10, 2.21020424185e-10, 1.87669699225e-10, 1.92510840602e-10, 1.6572848649e-10],
        "dmean2": [0.000555991719011, 0.00483578117564, 0.00211499701254, 3.60146768799e-05, 1.60093622981e-06, 1.34692854772e-05, 1.844348958e-06, 3.06650264292e-07, 1.434293182e-07, 1.45571164012e-07, 1.25049126609e-07, 7.45243511346e-08, 8.85021052e-08, 6.80052991697e-08, 7.16487704722e-08, 2.40538451379e-08, 2.18313669365e-08, 3.66482133529e-08, 2.46752609456e-08, 1.80521571025e-08, 2.90326851449e-09, 7.33771976513e-09, 1.65199285362e-08, 1.88775945986e-08, 1.53330290686e-08, 1.20147509719e-08, 6.84865142375e-09, 4.43329684074e-09, 5.2514734783e-09, 3.29899330076e-09, 4.01772171088e-09, 3.57289398067e-09, 6.91956991705e-10, 4.94676966056e-10, 5.84015946714e-10, 6.12486394935e-10, 2.28459265394e-10, 1.95241434131e-10, 2.00665720151e-10, 1.73012618121e-10],
        "dvar": [8.04132582743e-07, 0.000102504549432, 1.90785613086e-05, 2.27776357775e-08, 8.05244551594e-11, 7.85865372777e-10, 5.99496008391e-11, 2.07564954807e-12, 4.71252594239e-13, 4.68349209241e-13, 3.45167443889e-13, 1.22582364181e-13, 1.72953543306e-13, 1.0206087684e-13, 1.13363155939e-13, 1.27635303653e-14, 1.05198281794e-14, 2.97433484905e-14, 1.34401970347e-14, 7.22041038612e-15, 2.31656575992e-16, 1.25957377971e-15, 6.04135873476e-15, 7.86776802156e-15, 5.19030619265e-15, 3.18629209626e-15, 1.03594956422e-15, 4.3395877521e-16, 6.08975713857e-16, 2.40280350777e-16, 3.56573077525e-16, 2.82085767768e-16, 1.05651254963e-17, 5.38910733338e-18, 7.52851155326e-18, 8.27561032917e-18, 1.14881728264e-18, 8.36753366987e-19, 8.82982837061e-19, 6.54015055905e-19],
        "dvar2": [2.25105395657e-06, 0.000250589248026, 4.81447314087e-05, 2.00788061733e-08, 2.21831147201e-11, 2.01121652665e-09, 4.63740816581e-11, 1.89743685174e-12, 2.90996366543e-13, 4.1118380944e-13, 3.39915893826e-13, 1.19848968532e-13, 1.72160462969e-13, 1.00594628927e-13, 1.13969855146e-13, 1.14187198718e-14, 1.00234787308e-14, 2.50629679906e-14, 1.23764176736e-14, 6.0036632275e-15, 8.13309190727e-17, 6.99063702907e-16, 5.09246880504e-15, 7.28887605925e-15, 4.68816430921e-15, 3.08008136445e-15, 1.04032110126e-15, 4.32175876735e-16, 6.09066028745e-16, 2.41665249645e-16, 3.6312876843e-16, 2.88133265374e-16, 1.05161315887e-17, 5.34697282093e-18, 7.65469547416e-18, 8.51252891867e-18, 1.18133416611e-18, 8.66371240904e-19, 9.1626434561e-19, 6.79266398464e-19],
        "max": [0.00532786361873, 0.0528034567833, 0.0227096434683, 0.00085234263679, 7.93949293438e-05, 0.000139320560265, 5.6623321143e-05, 7.86521104601e-06, 4.30162253906e-06, 3.79515449822e-06, 3.08893754664e-06, 1.84741566045e-06, 2.17476508624e-06, 1.68886663232e-06, 1.75589480023e-06, 6.30633678611e-07, 5.48042805804e-07, 9.6936423688e-07, 6.2991773575e-07, 4.82058226225e-07, 1.12415037279e-07, 2.29155418197e-07, 4.3750182499e-07, 4.79183540847e-07, 3.93309761648e-07, 2.99141760252e-07, 1.67468655832e-07, 1.0903706027e-07, 1.28732807525e-07, 8.0823959081e-08, 9.76342420245e-08, 8.66749303441e-08, 1.70351857065e-08, 1.21925536334e-08, 1.42124845226e-08, 1.48355283613e-08, 5.52015055888e-09, 4.686948607e-09, 4.80393458346e-09, 4.13228473661e-09],
        "mean": [0.000463063945062, 0.00332985096611, 0.00146871444304, 3.8314552512e-05, 5.6060866882e-06, 8.87109126779e-06, 3.51242533725e-06, 3.24224004089e-07, 2.00298245545e-07, 1.58512037274e-07, 1.22695809068e-07, 7.36424823344e-08, 8.59026059175e-08, 6.79056810782e-08, 6.93280952646e-08, 2.68085944555e-08, 2.21049258897e-08, 4.08570741683e-08, 2.58105909978e-08, 2.05619592464e-08, 6.19641671307e-09, 1.09594973097e-08, 1.84798505387e-08, 1.94849292257e-08, 1.61406603638e-08, 1.19535723542e-08, 6.57963328266e-09, 4.31624203046e-09, 5.07118214088e-09, 3.19100523782e-09, 3.81493947543e-09, 3.37972827502e-09, 6.77170930441e-10, 4.86353957108e-10, 5.58191048938e-10, 5.80890002766e-10, 2.1648133286e-10, 1.82699938511e-10, 1.86518189782e-10, 1.60436275376e-10],
        "median": [1.80639609937e-08, 3.12794554702e-08, 2.17706705996e-08, 1.9429560183e-09, 5.43782741058e-10, 6.75679928674e-11, 4.95842880643e-11, 2.84868587053e-11, 5.19602416649e-12, 7.43853329627e-12, 1.79640720702e-12, 1.63769713936e-12, 1.86114448505e-12, 1.46302349575e-12, 1.94343803203e-12, 1.59426096456e-12, 2.07584080134e-12, 1.69493108784e-12, 1.77987399125e-12, 1.38270883458e-12, 1.25350825639e-12, 1.66897691414e-12, 1.42061427726e-12, 1.51686649352e-12, 1.16088725004e-12, 1.71396664223e-12, 1.10235431894e-12, 1.14513194933e-12, 1.50204458246e-12, 1.36070690306e-12, 1.17210668255e-12, 1.11988369966e-12, 1.23440797514e-12, 1.22133607481e-12, 1.27243820949e-12, 1.25424518861e-12, 1.27350072762e-12, 1.31034831423e-12, 1.3787753491e-12, 1.26669454006e-12],
        "min": [1.48667883559e-11, 2.08696558299e-12, 1.90707042172e-12, 2.56677844127e-13, 4.05955054728e-13, 6.02488978846e-13, 3.54949522465e-13, 4.53071174328e-13, 4.31578600982e-13, 6.58749476409e-13, 1.41370056395e-13, 2.31892657203e-13, 3.00213928153e-13, 5.47425603112e-13, 2.27786946206e-13, 1.54721762203e-13, 3.42420915841e-13, 2.98007658047e-13, 4.06599368974e-13, 1.78639329891e-13, 4.91771608244e-13, 4.53238629353e-13, 4.67967841127e-13, 3.95382972239e-13, 3.21077772659e-13, 1.45786472629e-13, 3.48258395863e-13, 4.38975299253e-13, 3.72333701414e-13, 6.94299001971e-13, 5.20804048759e-13, 2.93339625593e-13, 3.63371360996e-13, 4.58123773292e-13, 2.89549661374e-13, 2.85052472078e-13, 7.5134581716e-13, 5.26907835939e-13, 2.95182498236e-13, 3.88332757877e-13],
        "stdev": [0.00121135730296, 0.0109250647947, 0.00492173107341, 0.0001636629313, 1.77557085408e-05, 3.10342875309e-05, 1.24730413518e-05, 1.51132974224e-06, 8.36723586417e-07, 7.29628027329e-07, 5.93489687617e-07, 3.54935622227e-07, 4.17886667492e-07, 3.24382398276e-07, 3.37387604077e-07, 1.21213560078e-07, 1.05289196028e-07, 1.86501850408e-07, 1.21038695511e-07, 9.27735257505e-08, 2.27800818209e-08, 4.48130776931e-08, 8.41750917857e-08, 9.20765685919e-08, 7.55917710649e-08, 5.74750949056e-08, 3.21833439898e-08, 2.09503490112e-08, 2.47378011409e-08, 1.55299453297e-08, 1.87653554917e-08, 1.66600084839e-08, 3.27266880262e-09, 2.34212982342e-09, 2.73114086902e-09, 2.85109202913e-09, 1.06077668871e-09, 9.00856722552e-10, 9.23484622106e-10, 7.94370458301e-10],
