{
"lowlevel": {
    "average_loudness": 0.99068403244,
    "barkbands_crest": {
        "dmean": 0.469898819923,
        "dmean2": 0.472567588091,
        "dvar": 7.99525928497,
        "dvar2": 7.87646532059,
        "max": 26.9591751099,
        "mean": 26.4916877747,
        "median": 26.9591464996,
        "min": 7.64260959625,
        "stdev": 2.84904336929,
        "var": 8.11704826355
    },
    "barkbands_flatness_db": {
        "dmean": 0.0366558209062,
        "dmean2": 0.0355729237199,
        "dvar": 0.00788657460362,
        "dvar2": 0.00594273023307,
        "max": 0.855693280697,
        "mean": 0.773507714272,
        "median": 0.817001998425,
        "min": 0.0951595380902,
        "stdev": 0.145889282227,
        "var": 0.0212836842984
    },
    "barkbands_kurtosis": {
        "dmean": 48.4490470886,
        "dmean2": 73.8236312866,
        "dvar": 30373.5136719,
        "dvar2": 64947.3945312,
        "max": 1144.8338623,
        "mean": 670.069824219,
        "median": 697.495422363,
        "min": 3.87312030792,
        "stdev": 165.72052002,
        "var": 27463.2890625
    },
    "barkbands_skewness": {
        "dmean": 0.997972249985,
        "dmean2": 1.32292509079,
        "dvar": 13.2442474365,
        "dvar2": 19.3966693878,
        "max": 0.199005827308,
        "mean": -23.519235611,
        "median": -25.1116733551,
        "min": -25.1718273163,
        "stdev": 5.43683099747,
        "var": 29.5591316223
    },
    "barkbands_spread": {
        "dmean": 0.927724063396,
        "dmean2": 0.927673876286,
        "dvar": 34.6382217407,
        "dvar2": 33.7915649414,
        "max": 40.473651886,
        "mean": 0.962612748146,
        "median": 0.034588765353,
        "min": 0.0345639847219,
        "stdev": 5.95832252502,
        "var": 35.5016098022
    },
    "dissonance": {
        "dmean": 0.0202268883586,
        "dmean2": 0.0212310366333,
        "dvar": 0.00397761072963,
        "dvar2": 0.00332097290084,
        "max": 0.500000059605,
        "mean": 0.47826385498,
        "median": 0.496463000774,
        "min": 0.128566488624,
        "stdev": 0.0736568793654,
        "var": 0.00542533537373
    },
    "dynamic_complexity": 9.25140953064,
    "erbbands_crest": {
        "dmean": 0.328812509775,
        "dmean2": 0.332225441933,
        "dvar": 4.13563251495,
        "dvar2": 4.1622877121,
        "max": 20.5206336975,
        "mean": 19.5242595673,
        "median": 19.8153133392,
        "min": 6.0554318428,
        "stdev": 2.03326392174,
        "var": 4.13416194916
    },
    "erbbands_flatness_db": {
        "dmean": 0.0307924076915,
        "dmean2": 0.0257749557495,
        "dvar": 0.0056447503157,
        "dvar2": 0.00338139431551,
        "max": 0.794504523277,
        "mean": 0.741482436657,
        "median": 0.771390914917,
        "min": 0.105134636164,
        "stdev": 0.120565474033,
        "var": 0.0145360333845
    },
    "erbbands_kurtosis": {
        "dmean": 5.02488422394,
        "dmean2": 7.15515089035,
        "dvar": 403.435028076,
        "dvar2": 981.020324707,
        "max": 102.153579712,
        "mean": 12.1544599533,
        "median": 9.55783081055,
        "min": 1.92573976517,
        "stdev": 14.2435073853,
        "var": 202.877502441
    },
    "erbbands_skewness": {
        "dmean": 0.306140989065,
        "dmean2": 0.451146006584,
        "dvar": 1.65367007256,
        "dvar2": 4.16306591034,
        "max": 5.31353664398,
        "mean": -0.762512862682,
        "median": -0.880215167999,
        "min": -1.8579750061,
        "stdev": 0.927619874477,
        "var": 0.860478639603
    },
    "erbbands_spread": {
        "dmean": 0.709112584591,
        "dmean2": 0.71954113245,
        "dvar": 20.8716144562,
        "dvar2": 20.9878559113,
        "max": 31.2667350769,
        "mean": 1.04018270969,
        "median": 0.340941131115,
        "min": 0.340914964676,
        "stdev": 4.55715799332,
        "var": 20.7676906586
    },
    "hfc": {
        "dmean": 2.3375313282,
        "dmean2": 1.30908954144,
        "dvar": 32.7491722107,
        "dvar2": 27.0228862762,
        "max": 68.3927154541,
        "mean": 39.0082015991,
        "median": 55.3265228271,
        "min": 2.32991473337e-11,
        "stdev": 30.7553501129,
        "var": 945.891601562
    },
    "loudness_ebu128": {
        "integrated": -2.82299518585,
        "loudness_range": 0,
        "momentary": {
            "dmean": 1.96937692165,
            "dmean2": 1.12476682663,
            "dvar": 3.67062759399,
            "dvar2": 0.610638022423,
            "max": -0.851520955563,
            "mean": -4.11550426483,
            "median": -2.23710823059,
            "min": -12.6671772003,
            "stdev": 4.05519247055,
            "var": 16.4445858002
        },
        "short_term": {
            "dmean": 0,
            "dmean2": 0,
            "dvar": 0,
            "dvar2": 0,
            "max": -7.86927986145,
            "mean": -7.86927986145,
            "median": -7.86927986145,
            "min": -7.86927986145,
            "stdev": 0,
            "var": 0
        }
    },
    "melbands_crest": {
        "dmean": 0.766432344913,
        "dmean2": 0.749937176704,
        "dvar": 17.964345932,
        "dvar2": 16.615064621,
        "max": 34.4701538086,
        "mean": 33.6872634888,
        "median": 34.4700012207,
        "min": 4.79665660858,
        "stdev": 4.40032625198,
        "var": 19.36287117
    },
    "melbands_flatness_db": {
        "dmean": 0.0341067276895,
        "dmean2": 0.029971929267,
        "dvar": 0.00820023473352,
        "dvar2": 0.00542950583622,
        "max": 0.833201408386,
        "mean": 0.76561576128,
        "median": 0.808762133121,
        "min": 0.0542436428368,
        "stdev": 0.146971538663,
        "var": 0.0216006338596
    },
    "melbands_kurtosis": {
        "dmean": 7.37013435364,
        "dmean2": 8.70698451996,
        "dvar": 1021.29321289,
        "dvar2": 1793.96911621,
        "max": 200.956588745,
        "mean": 99.9816055298,
        "median": 99.6084899902,
        "min": -1.43455815315,
        "stdev": 21.7729721069,
        "var": 474.062286377
    },
    "melbands_skewness": {
        "dmean": 0.323011308908,
        "dmean2": 0.394667953253,
        "dvar": 2.01389145851,
        "dvar2": 3.3435690403,
        "max": 0.446821123362,
        "mean": -5.68475389481,
        "median": -5.71485996246,
        "min": -8.60202598572,
        "stdev": 1.0517822504,
        "var": 1.10624599457
    },
    "melbands_spread": {
        "dmean": 4.33102226257,
        "dmean2": 4.40834093094,
        "dvar": 784.437072754,
        "dvar2": 793.736999512,
        "max": 189.209793091,
        "mean": 4.4794421196,
        "median": 0.222099691629,
        "min": 0.221925735474,
        "stdev": 27.850479126,
        "var": 775.649230957
    },
    "pitch_salience": {
        "dmean": 0.0314645431936,
        "dmean2": 0.023894071579,
        "dvar": 0.0139987580478,
        "dvar2": 0.00834698788822,
        "max": 0.96826505661,
        "mean": 0.0848461389542,
        "median": 0.0461169667542,
        "min": 0.0461049675941,
        "stdev": 0.158034816384,
        "var": 0.0249750036746
    },
    "silence_rate_20dB": {
        "dmean": 0,
        "dmean2": 0,
        "dvar": 0,
        "dvar2": 0,
        "max": 1,
        "mean": 1,
        "median": 1,
        "min": 1,
        "stdev": 0,
        "var": 0
    },
    "silence_rate_30dB": {
        "dmean": 0,
        "dmean2": 0,
        "dvar": 0,
        "dvar2": 0,
        "max": 1,
        "mean": 1,
        "median": 1,
        "min": 1,
        "stdev": 0,
        "var": 0
    },
    "silence_rate_60dB": {
        "dmean": 0.0227272734046,
        "dmean2": 0.0465116277337,
        "dvar": 0.0222107470036,
        "dvar2": 0.0443482808769,
        "max": 1,
        "mean": 0.333333343267,
        "median": 0,
        "min": 0,
        "stdev": 0.471404522657,
        "var": 0.222222223878
    },
    "spectral_centroid": {
        "dmean": 38.9286499023,
        "dmean2": 39.6799316406,
        "dvar": 63547.4101562,
        "dvar2": 64512.0625,
        "max": 3790.75708008,
        "mean": 2130.71704102,
        "median": 2092.50390625,
        "min": 2092.50097656,
        "stdev": 250.27116394,
        "var": 62635.65625
    },
    "spectral_complexity": {
        "dmean": 0.0227272734046,
        "dmean2": 0.0465116277337,
        "dvar": 0.0222107451409,
        "dvar2": 0.0443482920527,
        "max": 1,
        "mean": 0.888888895512,
        "median": 1,
        "min": 0,
        "stdev": 0.314269661903,
        "var": 0.098765425384
    },
    "spectral_decrease": {
        "dmean": 2.39964714766e-10,
        "dmean2": 1.34400948704e-10,
        "dvar": 3.45432252314e-19,
        "dvar2": 2.84909049556e-19,
        "max": 3.13078895658e-24,
        "mean": -4.00395272493e-09,
        "median": -5.67908031712e-09,
        "min": -7.0197634372e-09,
        "stdev": 3.15692139097e-09,
        "var": 9.96615326145e-18
    },
    "spectral_energy": {
        "dmean": 0.00111771177035,
        "dmean2": 0.000625979970209,
        "dvar": 7.49290666135e-06,
        "dvar2": 6.18063904767e-06,
        "max": 0.0326971746981,
        "mean": 0.0186499990523,
        "median": 0.0264524426311,
        "min": 2.10148662456e-15,
        "stdev": 0.0147045496851,
        "var": 0.000216223779717
    },
    "spectral_energyband_high": {
        "dmean": 2.53411513995e-07,
        "dmean2": 2.53709032449e-07,
        "dvar": 2.53293783517e-12,
        "dvar2": 2.58882954136e-12,
        "max": 1.10547380245e-05,
        "mean": 4.44813053946e-07,
        "median": 3.38858711757e-07,
        "min": 1.53722196834e-15,
        "stdev": 1.60749834777e-06,
        "var": 2.58405081187e-12
    },
    "spectral_energyband_low": {
        "dmean": 1.39622102324e-07,
        "dmean2": 1.42940919545e-07,
        "dvar": 8.33272307491e-13,
        "dvar2": 8.5210625448e-13,
        "max": 6.13040629105e-06,
        "mean": 1.38618361234e-07,
        "median": 3.22014681586e-09,
        "min": 7.46356993424e-17,
        "stdev": 9.03298086996e-07,
        "var": 8.15947461506e-13
    },
    "spectral_energyband_middle_high": {
        "dmean": 0.00111870793626,
        "dmean2": 0.000627005880233,
        "dvar": 7.52362984713e-06,
        "dvar2": 6.21313574811e-06,
        "max": 0.0326968245208,
        "mean": 0.0186488050967,
        "median": 0.0264521501958,
        "min": 2.28245150797e-16,
        "stdev": 0.0147045468912,
        "var": 0.000216223706957
    },
    "spectral_energyband_middle_low": {
        "dmean": 6.49061007607e-07,
        "dmean2": 6.64578294618e-07,
        "dvar": 1.80141526696e-11,
        "dvar2": 1.84279431992e-11,
        "max": 2.84873203782e-05,
        "mean": 6.38176459233e-07,
        "median": 5.51444045982e-09,
        "min": 8.34413546004e-17,
        "stdev": 4.19841944677e-06,
        "var": 1.76267247326e-11
    },
    "spectral_entropy": {
        "dmean": 0.261890530586,
        "dmean2": 0.195861324668,
        "dvar": 0.668681621552,
        "dvar2": 0.424800515175,
        "max": 8.89578533173,
        "mean": 2.76458978653,
        "median": 2.44560909271,
        "min": 2.36725902557,
        "stdev": 1.1962583065,
        "var": 1.43103396893
    },
    "spectral_flux": {
        "dmean": 0.0037448303774,
        "dmean2": 0.00429373933002,
        "dvar": 0.000216850647121,
        "dvar2": 0.000289116229396,
        "max": 0.127640843391,
        "mean": 0.00922030303627,
        "median": 0.00248864525929,
        "min": 7.76879387558e-05,
        "stdev": 0.0232470463961,
        "var": 0.000540425127838
    },
    "spectral_kurtosis": {
        "dmean": 90.7837219238,
        "dmean2": 117.078842163,
        "dvar": 4128.37744141,
        "dvar2": 7236.05810547,
        "max": 471.544311523,
        "mean": 256.308197021,
        "median": 237.946578979,
        "min": 2.93736124039,
        "stdev": 112.633529663,
        "var": 12686.3115234
    },
    "spectral_rms": {
        "dmean": 0.000166268102475,
        "dmean2": 6.61298399791e-05,
        "dvar": 8.33219502283e-08,
        "dvar2": 6.26996055075e-08,
        "max": 0.00564798060805,
        "mean": 0.00358901661821,
        "median": 0.00508008478209,
        "min": 1.43186273949e-09,
        "stdev": 0.00230522966012,
        "var": 5.31408340976e-06
    },
    "spectral_rolloff": {
        "dmean": 345.510040283,
        "dmean2": 353.044372559,
        "dvar": 5103522.5,
        "dvar2": 5204550,
        "max": 17291.1621094,
        "mean": 2448.56347656,
        "median": 2110.25390625,
        "min": 2110.25390625,
        "stdev": 2237.61010742,
        "var": 5006899
    },
    "spectral_skewness": {
        "dmean": 1.92111384869,
        "dmean2": 2.57085728645,
        "dvar": 2.63923811913,
        "dvar2": 2.0035173893,
        "max": 17.1509075165,
        "mean": 13.4161472321,
        "median": 13.8897695541,
        "min": 1.63495373726,
        "stdev": 3.30658054352,
        "var": 10.9334745407
    },
    "spectral_spread": {
        "dmean": 576604.9375,
        "dmean2": 557980.3125,
        "dvar": 2.1499641856e+12,
        "dvar2": 1.27589797069e+12,
        "max": 14138886,
        "mean": 1136038.875,
        "median": 804714.0625,
        "min": 182218.8125,
        "stdev": 2054921.625,
        "var": 4.2227031081e+12
    },
    "spectral_strongpeak": {
        "dmean": 0.627905011177,
        "dmean2": 0.350378513336,
        "dvar": 3.13509058952,
        "dvar2": 3.07377457619,
        "max": 15.7279233932,
        "mean": 9.82809352875,
        "median": 14.1348171234,
        "min": 0,
        "stdev": 6.47934770584,
        "var": 41.9819450378
    },
    "zerocrossingrate": {
        "dmean": 0.0122847119346,
        "dmean2": 0.014307776466,
        "dvar": 0.00393182504922,
        "dvar2": 0.00479251891375,
        "max": 0.50732421875,
        "mean": 0.103537328541,
        "median": 0.0947265625,
        "min": 0.0478515625,
        "stdev": 0.0614499337971,
        "var": 0.00377609441057
    },
    "barkbands": {
        "dmean": [3.93506098817e-08, 6.24987919196e-08, 3.95737878023e-08, 3.85592535679e-08, 9.67968460941e-08, 1.00337963715e-07, 1.01520370777e-07, 1.08569345514e-07, 1.58143222961e-07, 1.61586228842e-07, 1.33042351536e-06, 8.96700896647e-07, 7.91932166067e-07, 1.64080552167e-06, 9.81168159342e-06, 0.00113463506568, 3.23283506987e-06, 7.86383111517e-07, 2.47621414928e-07, 1.46024376591e-07, 6.96264805811e-08, 4.50398296437e-08, 2.58767851591e-08, 1.8435263982e-08, 1.23970842481e-08, 7.7527309017e-09, 4.42655823107e-09],
        "dmean2": [4.02960260715e-08, 6.39829451643e-08, 4.04851370206e-08, 3.94872827769e-08, 9.91159367913e-08, 1.02764460053e-07, 1.03945843932e-07, 1.11174095707e-07, 1.62001882131e-07, 1.6541160619e-07, 7.05863044459e-07, 8.90343812898e-07, 8.10684298358e-07, 1.67139319274e-06, 1.00404358818e-05, 0.000644085695967, 3.30709190166e-06, 7.87620137999e-07, 2.13895262391e-07, 1.44897725818e-07, 7.03231322063e-08, 4.60909923561e-08, 2.64662958216e-08, 1.88727860007e-08, 1.27031158925e-08, 7.96667620762e-09, 4.57204496485e-09],
        "dvar": [6.61907594707e-14, 1.67173553104e-13, 6.68239945258e-14, 6.32196050609e-14, 4.00671845962e-13, 4.30355431196e-13, 4.40808929072e-13, 5.04075568179e-13, 1.0687767945e-12, 1.11536355239e-12, 7.9655483598e-12, 2.88377776519e-11, 2.69069645037e-11, 1.14368743642e-10, 4.13504253061e-09, 8.0535073721e-06, 4.48530212971e-10, 2.34657588499e-11, 1.13368017231e-12, 8.23230318549e-13, 1.97902946201e-13, 8.56829730322e-14, 2.80508309723e-14, 1.415907305e-14, 6.33135316974e-15, 2.42134553544e-15, 7.46364775539e-16],
        "dvar2": [6.77099028972e-14, 1.71004988056e-13, 6.82309772375e-14, 6.47057751889e-14, 4.09819910212e-13, 4.40291791741e-13, 4.50946382015e-13, 5.15629205999e-13, 1.09328442566e-12, 1.14031342962e-12, 5.67361652451e-12, 2.96294655477e-11, 2.75153979462e-11, 1.16537529626e-10, 4.22852020066e-09, 6.77732214172e-06, 4.58474147536e-10, 2.3921408257e-11, 1.17763210208e-12, 8.42059115578e-13, 2.02129681265e-13, 8.74692164402e-14, 2.86351380162e-14, 1.44501652397e-14, 6.46450420795e-15, 2.47376882806e-15, 7.62698111861e-16],
        "max": [1.72650243258e-06, 2.74378362519e-06, 1.73669695869e-06, 1.69064730926e-06, 4.24799145549e-06, 4.40254871137e-06, 4.4554235501e-06, 4.76467630506e-06, 6.93830406817e-06, 7.09681353328e-06, 4.22738885391e-05, 3.84092636523e-05, 3.48139546986e-05, 7.21659307601e-05, 0.000431581691373, 0.0326476693153, 0.000142182107083, 3.39888720191e-05, 1.02396334114e-05, 6.39338213659e-06, 3.04691047859e-06, 1.96757696358e-06, 1.12786005957e-06, 8.00196914952e-07, 5.35058291007e-07, 3.30977314889e-07, 1.84023576821e-07],
        "mean": [3.85356315746e-08, 6.11686701291e-08, 3.91598575789e-08, 3.96219377308e-08, 9.47936911189e-08, 9.84092167755e-08, 9.94075151084e-08, 1.06382472609e-07, 1.55169544769e-07, 1.60434908025e-07, 2.41437282966e-05, 2.17994102059e-06, 7.76533340741e-07, 1.63537561093e-06, 9.63615366345e-06, 0.0186035558581, 3.17675744554e-06, 1.53789460455e-06, 1.96239216166e-06, 3.05372395815e-07, 1.00099804001e-07, 4.46720243019e-08, 2.67099853346e-08, 1.83055419711e-08, 1.22913421663e-08, 7.71335528782e-09, 4.45833192586e-09],
        "median": [1.39150982403e-10, 8.23595358579e-11, 6.94832580361e-10, 2.99665914305e-09, 2.24967461326e-10, 4.42267611422e-10, 1.96436339417e-10, 3.35865474321e-10, 8.80812367487e-10, 3.27133165001e-09, 3.40025835612e-05, 2.25144117394e-06, 3.22159854349e-09, 9.81366987673e-09, 6.90441694928e-08, 0.0264124330133, 2.23490577156e-08, 1.30836997414e-06, 2.93969992526e-06, 2.75679468587e-07, 5.54106627249e-08, 8.16513356927e-10, 2.18781659456e-09, 3.92729182508e-10, 2.73776834536e-10, 2.13113804381e-10, 2.17498796751e-10],
        "min": [2.30045512709e-17, 3.32926134482e-17, 2.04280888036e-17, 1.83771805015e-17, 3.49571423774e-17, 1.90533890717e-17, 7.20538585467e-18, 1.55283235294e-18, 1.43667830716e-18, 3.6356966066e-18, 3.73720614342e-18, 2.97864657333e-18, 2.08578285705e-18, 1.65248331832e-18, 1.52840705362e-18, 5.9427037486e-18, 6.8544883942e-17, 8.07422510267e-17, 3.57129439205e-17, 2.8597493278e-17, 6.32492736605e-17, 5.46497948245e-17, 2.14779219525e-16, 1.32935468324e-16, 2.68300253611e-16, 2.96059852634e-16, 5.62391919313e-16],
        "stdev": [2.54470648997e-07, 4.04419495226e-07, 2.55913846559e-07, 2.48906985689e-07, 6.26118207947e-07, 6.48873651699e-07, 6.56694282952e-07, 7.02264401298e-07, 1.02259639334e-06, 1.04570165149e-06, 1.89322727238e-05, 5.56481700187e-06, 5.13133500135e-06, 1.06331317511e-05, 6.36106924503e-05, 0.0146857071668, 2.09558475035e-05, 4.93246488986e-06, 1.8713432155e-06, 9.27146516005e-07, 4.45011153261e-07, 2.89890152771e-07, 1.66010281077e-07, 1.17875771366e-07, 7.88113112549e-08, 4.87355862333e-08, 2.70738169661e-08],
        "var": [6.47553096756e-14, 1.63555123221e-13, 6.54919030791e-14, 6.19546934913e-14, 3.92023978384e-13, 4.21037011679e-13, 4.31247350113e-13, 4.93175324797e-13, 1.04570345438e-12, 1.09349183354e-12, 3.5843092383e-10, 3.09671906173e-11, 2.63305974246e-11, 1.13063496066e-10, 4.04632016782e-09, 0.000215670006583, 4.39147551656e-10, 2.43292105212e-11, 3.50192552907e-12, 8.59600639367e-13, 1.98034934263e-13, 8.40363003252e-14, 2.75594129494e-14, 1.38946979736e-14, 6.21122314551e-15, 2.3751574641e-15, 7.3299160761e-16]
    },
    "erbbands": {
        "dmean": [2.22753897106e-06, 1.2735034943e-05, 4.12853441958e-05, 9.55326540861e-05, 0.000196807319298, 0.000347522203811, 0.000575287966058, 0.000887984409928, 0.00129086524248, 0.0018869281048, 0.0026063376572, 0.00355239072815, 0.00460071442649, 0.00662113260478, 0.0532623417675, 0.0312709063292, 0.0361795574427, 0.0722496807575, 0.373652666807, 31.511680603, 31.1882610321, 0.649769365788, 0.067619509995, 0.022182026878, 0.0111606540158, 0.00721105746925, 0.00373585126363, 0.00236081541516, 0.00169565086253, 0.00105311255902, 0.000693464418873, 0.000451713451184, 0.000273071345873, 0.000154883004143, 8.04077426437e-05, 3.69958834199e-05, 1.37245488077e-05, 3.91071489503e-06, 9.29978511977e-07, 1.48771516706e-06],
        "dmean2": [2.28033900385e-06, 1.3037943063e-05, 4.22571938543e-05, 9.78393582045e-05, 0.000201460366952, 0.000355795375071, 0.000589341623709, 0.000909126887564, 0.00132166524418, 0.00193201296497, 0.00266869110055, 0.00363623793237, 0.00467982562259, 0.00532063795254, 0.0218932647258, 0.0284843668342, 0.0363925620914, 0.0663207471371, 0.136315450072, 17.8623809814, 17.2415409088, 0.27047586441, 0.0478838980198, 0.0155466785654, 0.010729781352, 0.007024965249, 0.00370336696506, 0.00234849378467, 0.00171511329245, 0.00107178802136, 0.000704836507794, 0.000460006558569, 0.000278001069091, 0.000157425936777, 8.14759623609e-05, 3.72861177311e-05, 1.36951475724e-05, 3.81522113457e-06, 5.81388405863e-07, 8.11371364762e-07],
        "dvar": [2.12301273783e-10, 6.94178092786e-09, 7.28544762296e-08, 3.88123396533e-07, 1.656177119e-06, 5.16613317814e-06, 1.41379223351e-05, 3.3726086258e-05, 7.12678956916e-05, 0.000152303677169, 0.000290425377898, 0.000539200380445, 0.000888329755981, 0.000870524672791, 0.00924003310502, 0.029354872182, 0.053326819092, 0.160464778543, 0.472702622414, 6196.79248047, 5460.32568359, 1.37821364403, 0.0600500330329, 0.00612064125016, 0.00440243026242, 0.00189694343135, 0.000538203923497, 0.000216822314542, 0.000117680923722, 4.59980765299e-05, 1.9816792701e-05, 8.4115390564e-06, 3.05494609165e-06, 9.72014390754e-07, 2.57522003722e-07, 5.30885664318e-08, 6.98012492251e-09, 5.18270704131e-10, 6.27084452073e-12, 1.21660884492e-11],
        "dvar2": [2.17185422424e-10, 7.10025727102e-09, 7.4455407173e-08, 3.96976361117e-07, 1.6942253751e-06, 5.2846280596e-06, 1.44631048897e-05, 3.45017724612e-05, 7.29086605133e-05, 0.000155802583322, 0.000297088292427, 0.000551593664568, 0.000908461690415, 0.000886836380232, 0.0024195779115, 0.0300831496716, 0.0545774959028, 0.164554670453, 0.0668321400881, 5149.78955078, 4429.07763672, 0.390619724989, 0.0594936795533, 0.00607588281855, 0.00450726831332, 0.00194138300139, 0.000550352211576, 0.000221547306865, 0.000120184733532, 4.69578917546e-05, 2.02373084903e-05, 8.58691782923e-06, 3.11879148285e-06, 9.92632067209e-07, 2.6309498935e-07, 5.42737410569e-08, 7.14118364442e-09, 5.30813781818e-10, 5.70870347522e-12, 9.57441851496e-12],
        "max": [9.77782328846e-05, 0.00055915111443, 0.00181261182297, 0.00419056043029, 0.00863860361278, 0.0152533082291, 0.0252370107919, 0.0389720648527, 0.0566520802677, 0.0828201174736, 0.114382326603, 0.155938014388, 0.202064335346, 0.290537834167, 2.07734012604, 1.37483310699, 1.59069669247, 3.17796874046, 16.280298233, 903.452331543, 934.961791992, 25.1676101685, 2.97110462189, 0.97230887413, 0.489897608757, 0.315707027912, 0.163534060121, 0.103260181844, 0.074125751853, 0.0459614470601, 0.0302178468555, 0.0196552239358, 0.0118586616591, 0.00670971721411, 0.00347279175185, 0.00159201782662, 0.000587268266827, 0.000166185578564, 3.96178838855e-05, 4.49520157417e-05],
        "mean": [2.18188574763e-06, 1.24729613162e-05, 4.07460393035e-05, 9.82319543255e-05, 0.000194288630155, 0.000340405793395, 0.000565411173739, 0.000869954703376, 0.00126449076924, 0.00184919254389, 0.00256150891073, 0.00353908375837, 0.00555844558403, 0.0579459704459, 1.19936537743, 0.154301062226, 0.0578244104981, 0.338328421116, 9.10807228088, 514.626708984, 532.232666016, 14.5055103302, 0.815003275871, 0.275803804398, 0.0352614708245, 0.0196798406541, 0.00785372965038, 0.00468096882105, 0.00234100571834, 0.00124525639694, 0.000846906914376, 0.000532747013494, 0.000328958558384, 0.000197713496163, 0.000112939778774, 6.01284737058e-05, 2.75532638625e-05, 1.10437431431e-05, 1.4165477296e-05, 2.56840212387e-05],
        "median": [5.21335996595e-09, 2.73246971716e-08, 5.75478679821e-07, 7.22134018361e-06, 3.08898074763e-06, 9.53138055593e-07, 4.37173503087e-06, 2.4043670237e-06, 3.12306087835e-06, 6.46118314762e-06, 2.11547794606e-05, 0.000107842359284, 0.00176202564035, 0.0868748277426, 1.81839716434, 0.208816677332, 0.0378560088575, 0.45091548562, 14.7568740845, 730.934082031, 753.68157959, 21.8108196259, 1.26337969303, 0.428889095783, 0.0411446020007, 0.0213665571064, 0.0071424562484, 0.00405511399731, 0.00118882406969, 0.000373708957341, 0.000292259763228, 0.000156517431606, 0.000106601364678, 7.99441622803e-05, 5.95968667767e-05, 4.18800227635e-05, 2.48319338425e-05, 1.26316754177e-05, 2.24614122999e-05, 3.63575454685e-05],
        "min": [1.2342078958e-15, 6.67135346532e-15, 2.1284306579e-14, 4.72686736215e-14, 8.360076276e-14, 1.2257329754e-13, 1.5066160125e-13, 1.53064383e-13, 1.22317425828e-13, 6.93864724791e-14, 2.66940247982e-14, 3.07281123831e-14, 8.51124658491e-14, 1.41653697236e-13, 1.47234790549e-13, 1.17252480511e-13, 9.80901761183e-14, 8.64004438199e-14, 9.30618497303e-14, 7.05290928199e-14, 8.4094737467e-13, 4.05109062615e-12, 4.86995253152e-12, 2.12369076318e-12, 2.08876275651e-12, 1.33294124436e-12, 3.15168247403e-12, 1.42144640242e-12, 1.8857597775e-12, 1.57205411883e-12, 6.79476353654e-12, 4.32871100076e-12, 2.05172445873e-12, 1.92875576621e-12, 2.33093882737e-12, 1.60469749468e-12, 4.71573355452e-13, 2.54503232724e-13, 9.94426234608e-14, 5.49915473401e-15],
        "stdev": [1.44116938827e-05, 8.24148810352e-05, 0.00026711911778, 0.0006169557455, 0.00127302971669, 0.00224820524454, 0.00371938548051, 0.00574411079288, 0.00834999512881, 0.0122068310156, 0.0168576315045, 0.0229750834405, 0.0296368729323, 0.054244723171, 0.936273932457, 0.209168061614, 0.231794282794, 0.479156553745, 7.11297702789, 406.349334717, 418.92767334, 11.3242225647, 0.684196949005, 0.229725956917, 0.0712845176458, 0.0457744672894, 0.0237135961652, 0.0149846831337, 0.0108363283798, 0.00674362434074, 0.0044300891459, 0.00288386130705, 0.00173896795604, 0.000982500845566, 0.000507332442794, 0.000231795609579, 8.51800723467e-05, 2.41216093855e-05, 1.13451405923e-05, 2.02066112251e-05],
        "var": [2.07696915222e-10, 6.79221212607e-09, 7.13526304708e-08, 3.80634361363e-07, 1.62060462117e-06, 5.05442676513e-06, 1.38338282341e-05, 3.2994808862e-05, 6.97224240866e-05, 0.000149006722495, 0.000284179724986, 0.000527854484972, 0.000878344231751, 0.0029424901586, 0.876608848572, 0.0437512807548, 0.0537285916507, 0.229591012001, 50.5944404602, 165119.78125, 175500.40625, 128.238021851, 0.468125492334, 0.0527740120888, 0.00508148223162, 0.00209530186839, 0.000562334666029, 0.00022454073769, 0.000117426003271, 4.54764704045e-05, 1.96256914933e-05, 8.31665602163e-06, 3.02400962937e-06, 9.6530789051e-07, 2.57386233216e-07, 5.37292024205e-08, 7.25564497372e-09, 5.81852011017e-10, 1.28712221437e-10, 4.083071381e-10]
    },
    "gfcc": {
        "mean": [-492.034332275, -60.7787590027, -277.804443359, -28.3385734558, 75.302444458, 7.28366756439, -43.0372047424, -9.8044757843, 0.244727373123, -34.4957847595, -36.7574043274, 7.17056798935, 29.991733551],
        "cov": [[38497.9960938, -301.987579346, -6890.90283203, -739.473754883, 1769.55065918, -284.415985107, -502.504180908, -707.625061035, -432.47442627, -1216.26953125, -809.73614502, -306.540649414, 471.174438477], [-301.987579346, 392.129119873, 626.175720215, 121.75933075, -281.226928711, -46.0875282288, 16.5717639923, 36.8908424377, 35.7194252014, 148.075622559, 100.821685791, -3.67178750038, -78.1134033203], [-6890.90283203, 626.175720215, 2591.71777344, 363.838500977, -888.23248291, -10.0531253815, 165.027008057, 190.836364746, 129.070129395, 476.635742188, 304.175079346, 18.9179363251, -261.555969238], [-739.473754883, 121.75933075, 363.838500977, 64.7676696777, -151.327468872, 0.254301249981, 2.36411070824, 33.2509384155, 26.9467906952, 81.7756500244, 40.7586631775, 5.60328102112, -39.6167869568], [1769.55065918, -281.226928711, -888.23248291, -151.327468872, 363.569335938, 0.557103931904, -17.3957233429, -75.3856506348, -57.1800994873, -188.674560547, -96.6778640747, -5.97990274429, 100.390670776], [-284.415985107, -46.0875282288, -10.0531253815, 0.254301249981, 0.557103931904, 21.3237895966, -11.6569862366, 12.026632309, 3.75810694695, 1.83519327641, -10.303185463, 5.8418712616, 1.56701171398], [-502.504180908, 16.5717639923, 165.027008057, 2.36411070824, -17.3957233429, -11.6569862366, 61.5683479309, -10.0405483246, -19.6898822784, -4.49397420883, 24.3688545227, -18.5289936066, -20.7983932495], [-707.625061035, 36.8908424377, 190.836364746, 33.2509384155, -75.3856506348, 12.026632309, -10.0405483246, 28.9594783783, 22.4383049011, 50.489315033, 20.0507984161, 14.1177339554, -15.1870508194], [-432.47442627, 35.7194252014, 129.070129395, 26.9467906952, -57.1800994873, 3.75810694695, -19.6898822784, 22.4383049011, 25.7001934052, 44.3212432861, 14.9577245712, 16.7904987335, -5.68870306015], [-1216.26953125, 148.075622559, 476.635742188, 81.7756500244, -188.674560547, 1.83519327641, -4.49397420883, 50.489315033, 44.3212432861, 114.879348755, 58.0961456299, 19.6348514557, -43.3740501404], [-809.73614502, 100.821685791, 304.175079346, 40.7586631775, -96.6778640747, -10.303185463, 24.3688545227, 20.0507984161, 14.9577245712, 58.0961456299, 46.3567237854, 5.21981239319, -27.3198356628], [-306.540649414, -3.67178750038, 18.9179363251, 5.60328102112, -5.97990274429, 5.8418712616, -18.5289936066, 14.1177339554, 16.7904987335, 19.6348514557, 5.21981239319, 17.5208950043, 7.98458099365], [471.174438477, -78.1134033203, -261.555969238, -39.6167869568, 100.390670776, 1.56701171398, -20.7983932495, -15.1870508194, -5.68870306015, -43.3740501404, -27.3198356628, 7.98458099365, 34.5864181519]],
        "icov": [[0.000209303005249, 0.0120554789901, 0.012536181137, -0.0605479516089, 0.0182418320328, 0.0836720392108, -0.0273423586041, -0.0855537429452, 0.0390777178109, 0.0498255044222, 0.013041571714, -0.083976559341, 0.0376769192517], [0.0120554789901, 53.6390228271, 38.5921669006, -244.582824707, 48.442817688, 295.761657715, -55.5423469543, -340.807739258, 112.855461121, 223.939300537, -31.341802597, -223.508224487, 121.853317261], [0.012536181137, 38.5921669006, 28.0708866119, -176.546295166, 35.7965431213, 214.014633179, -41.2119407654, -246.619918823, 81.2485809326, 162.76890564, -21.7949867249, -163.617431641, 88.4197769165], [-0.0605479516089, -244.582824707, -176.546295166, 1122.62438965, -225.651702881, -1359.65600586, 257.696258545, 1571.51367188, -517.957824707, -1036.54882812, 138.886703491, 1030.203125, -552.401550293], [0.0182418320328, 48.442817688, 35.7965431213, -225.651702881, 49.8629188538, 275.528717041, -54.8864212036, -321.171630859, 102.532470703, 217.909866333, -26.3272705078, -214.403518677, 108.987594604], [0.0836720392108, 295.761657715, 214.014633179, -1359.65600586, 275.528717041, 1656.33898926, -318.087799072, -1919.13464355, 637.461181641, 1250.38989258, -156.362442017, -1245.60046387, 656.09576416], [-0.0273423586041, -55.5423469543, -41.2119407654, 257.696258545, -54.8864212036, -318.087799072, 65.6015472412, 369.864318848, -123.797035217, -236.999023438, 22.9748916626, 241.210372925, -121.085319519], [-0.0855537429452, -340.807739258, -246.619918823, 1571.51367188, -321.171630859, -1919.13464355, 369.864318848, 2232.1472168, -739.63092041, -1450.11694336, 175.973373413, 1434.14038086, -744.052246094], [0.0390777178109, 112.855461121, 81.2485809326, -517.957824707, 102.532470703, 637.461181641, -123.797035217, -739.63092041, 256.465637207, 459.899353027, -48.5830078125, -465.283721924, 237.752441406], [0.0498255044222, 223.939300537, 162.76890564, -1036.54882812, 217.909866333, 1250.38989258, -236.999023438, -1450.11694336, 459.899353027, 995.183227539, -139.534164429, -971.667419434, 518.053222656], [0.013041571714, -31.341802597, -21.7949867249, 138.886703491, -26.3272705078, -156.362442017, 22.9748916626, 175.973373413, -48.5830078125, -139.534164429, 36.7380485535, 129.59664917, -85.9865188599], [-0.083976559341, -223.508224487, -163.617431641, 1030.203125, -214.403518677, -1245.60046387, 241.210372925, 1434.14038086, -465.283721924, -971.667419434, 129.59664917, 976.240539551, -525.477661133], [0.0376769192517, 121.853317261, 88.4197769165, -552.401550293, 108.987594604, 656.09576416, -121.085319519, -744.052246094, 237.752441406, 518.053222656, -85.9865188599, -525.477661133, 307.211212158]]
    },
    "melbands": {
        "dmean": [2.0322250549e-08, 2.02963015283e-08, 1.93421971773e-08, 1.951349482e-08, 1.95868103958e-08, 1.9963692921e-08, 2.01968202163e-08, 2.12802486743e-08, 2.18703899435e-08, 2.27593677238e-08, 2.2911029518e-08, 2.16787547913e-08, 1.52072146875e-07, 1.17471266492e-07, 6.94549626701e-08, 8.44016838641e-08, 1.25258239336e-07, 2.51809211704e-07, 1.15285558877e-06, 0.000112184898171, 1.54586268764e-05, 2.03969065637e-07, 6.58582166579e-08, 3.16254009647e-08, 1.45271634722e-08, 8.97080276729e-09, 5.92645399422e-09, 4.48281012311e-09, 2.43433206926e-09, 1.69115743631e-09, 1.25219490332e-09, 1.02528141532e-09, 7.18411830025e-10, 5.30171240243e-10, 4.1167716458e-10, 3.23600035657e-10, 2.55883564337e-10, 1.97601851548e-10, 1.56407872764e-10, 1.20631338252e-10],
        "dmean2": [2.08049009132e-08, 2.07762305138e-08, 1.98047871436e-08, 1.99770546772e-08, 2.00562446651e-08, 2.04390726566e-08, 2.0678935897e-08, 2.17895799182e-08, 2.23945377797e-08, 2.33082957379e-08, 2.34668302568e-08, 2.22035385633e-08, 6.75596609767e-08, 8.27886950105e-08, 7.10977730023e-08, 8.63935341044e-08, 1.27881406797e-07, 2.56955445366e-07, 1.17407273592e-06, 6.45899272058e-05, 8.04841056379e-06, 2.08639733046e-07, 6.73698110631e-08, 3.09845518132e-08, 1.04740740525e-08, 9.17671538758e-09, 6.06240746492e-09, 4.37952030197e-09, 2.41202102735e-09, 1.73082292942e-09, 1.24050902883e-09, 1.04382713584e-09, 7.35178973255e-10, 5.42551059635e-10, 4.20964235692e-10, 3.3077204864e-10, 2.6194771352e-10, 2.02339534017e-10, 1.60146867989e-10, 1.23582644118e-10],
        "dvar": [1.76696934265e-14, 1.76121341496e-14, 1.59545296354e-14, 1.62877269858e-14, 1.6403369006e-14, 1.70462365198e-14, 1.74462834045e-14, 1.93702526756e-14, 2.04518595391e-14, 2.21493118714e-14, 2.24243756566e-14, 2.00691836061e-14, 7.93772803021e-14, 1.76364077422e-13, 2.06868891591e-13, 3.05653262032e-13, 6.69813163268e-13, 2.70645116561e-12, 5.63405086473e-11, 8.24327628379e-08, 1.06652031651e-09, 1.78536666787e-12, 1.8594120113e-13, 3.76130638408e-14, 2.85376792523e-15, 3.43583350823e-15, 1.4973699152e-15, 7.34304032222e-16, 2.27279692056e-16, 1.21211089731e-16, 5.99217841365e-17, 4.38753669906e-17, 2.17502195531e-17, 1.18125171688e-17, 7.09200338093e-18, 4.36754175842e-18, 2.73218769623e-18, 1.62421679903e-18, 1.01423354941e-18, 6.00637918157e-19],
        "dvar2": [1.80755899208e-14, 1.80025384113e-14, 1.63165853983e-14, 1.6661409123e-14, 1.67793923423e-14, 1.74384432675e-14, 1.78478380079e-14, 1.98152956446e-14, 2.09209158921e-14, 2.2658205878e-14, 2.29258987825e-14, 2.05235981476e-14, 3.13294854469e-14, 1.74393702604e-13, 2.11546478577e-13, 3.12563370368e-13, 6.83629043131e-13, 2.76167261802e-12, 5.74382798268e-11, 7.03679603475e-08, 7.64282970245e-10, 1.82484973313e-12, 1.90039946128e-13, 3.85115760625e-14, 2.86482276398e-15, 3.50916877377e-15, 1.52956521401e-15, 7.51542635006e-16, 2.32452813432e-16, 1.23754266451e-16, 6.12219400059e-17, 4.4797739548e-17, 2.2201056148e-17, 1.20556586381e-17, 7.24025813494e-18, 4.45892949968e-18, 2.78830218141e-18, 1.65771585608e-18, 1.03523762972e-18, 6.13201912783e-19],
        "max": [8.92015577847e-07, 8.91192371455e-07, 8.48954130106e-07, 8.56484916767e-07, 8.59594422309e-07, 8.76164733654e-07, 8.86367558905e-07, 9.3397721912e-07, 9.59745648288e-07, 9.98796281237e-07, 1.00586976259e-06, 9.51761421675e-07, 5.61427214052e-06, 5.15300553161e-06, 3.0531655284e-06, 3.71053511117e-06, 5.50917820874e-06, 1.10770297397e-05, 5.07023432874e-05, 0.00316247157753, 0.000504213967361, 8.9708937594e-06, 2.89515969598e-06, 1.38995028465e-06, 6.35128458271e-07, 3.93773291307e-07, 2.59907636746e-07, 1.95955990989e-07, 1.06506469422e-07, 7.39776169212e-08, 5.47449658939e-08, 4.48331753944e-08, 3.1354055352e-08, 2.31109726911e-08, 1.79412769086e-08, 1.40882097099e-08, 1.11158460214e-08, 8.5700166963e-09, 6.77318645614e-09, 5.21154852606e-09],
        "mean": [1.9889027314e-08, 2.00540668516e-08, 1.95909723999e-08, 1.91332922839e-08, 1.9235118387e-08, 1.95602947173e-08, 1.97761522713e-08, 2.08370423138e-08, 2.14334860971e-08, 2.23229861263e-08, 2.25707328383e-08, 2.15853148688e-08, 3.23464746543e-06, 1.43410341025e-06, 6.84264236384e-08, 8.27809074622e-08, 1.23990943734e-07, 2.4941010679e-07, 1.2673991705e-06, 0.00179969647434, 0.000286396621959, 2.00454834953e-07, 6.47629576633e-08, 7.9298750677e-08, 1.70990020365e-07, 8.8571558976e-09, 5.83571990731e-09, 1.19451062375e-08, 5.22983123474e-09, 1.66760272258e-09, 2.72144884406e-09, 1.18617360378e-09, 7.13978987044e-10, 5.28038557324e-10, 4.29242419386e-10, 3.418168526e-10, 2.54285398293e-10, 1.95988295038e-10, 1.55587653872e-10, 1.19648235763e-10],
        "median": [3.01839421513e-11, 3.24061388834e-10, 1.11387077339e-09, 8.43036265796e-11, 1.22528792668e-10, 5.50629090934e-11, 3.85090744015e-11, 4.4407779537e-11, 7.49617729001e-11, 1.13280267111e-10, 1.55953153169e-10, 5.62861590669e-10, 4.55829194834e-06, 2.226668812e-06, 8.16185452557e-10, 3.73445996349e-10, 7.52618301014e-10, 1.43970679822e-09, 2.44876531497e-07, 0.00255847303197, 0.000403492682381, 1.4228909162e-09, 5.1481624519e-10, 8.16698815242e-08, 2.64721364829e-07, 1.20831983308e-10, 5.64634276834e-11, 1.28011450329e-08, 4.84549156354e-09, 1.70081327494e-11, 2.55853849218e-09, 3.19931497961e-10, 1.50777480779e-11, 1.2519343201e-11, 4.22814352974e-11, 4.07198406938e-11, 5.44843163641e-12, 4.11470857387e-12, 3.89070720086e-12, 2.74008940537e-12],
        "min": [1.1233055643e-17, 1.04587616501e-17, 9.1701143446e-18, 7.44159720475e-18, 5.43094406081e-18, 3.45397164346e-18, 1.77518087974e-18, 6.50641451475e-19, 1.81690169848e-19, 2.08877205514e-19, 4.35000222071e-19, 5.68946302445e-19, 5.09899358586e-19, 3.60612567518e-19, 2.53901770704e-19, 1.96014805483e-19, 1.54253209316e-19, 1.50266056591e-19, 1.04028166077e-19, 9.4838144235e-20, 1.15313113293e-18, 3.82009005439e-18, 5.32737236273e-18, 3.48842867906e-18, 1.47730900525e-18, 1.39640340012e-18, 1.56975284936e-18, 5.77568057668e-19, 1.73123556553e-18, 1.80581696129e-18, 6.00242836017e-19, 9.51096197421e-19, 1.27516632947e-18, 6.47314065762e-19, 2.85622053395e-18, 5.96096417421e-18, 1.52090504245e-18, 9.40704637579e-19, 2.50743527917e-18, 1.23428540924e-18],
        "stdev": [1.31478060439e-07, 1.31329215947e-07, 1.25032585174e-07, 1.26235562448e-07, 1.26688988189e-07, 1.29138044258e-07, 1.3064359905e-07, 1.37661089639e-07, 1.41455913649e-07, 1.47208922385e-07, 1.48238115116e-07, 1.40229829526e-07, 2.52656514022e-06, 1.1997784668e-06, 4.49966563565e-07, 5.46904630028e-07, 8.11853624327e-07, 1.63233926287e-06, 7.45346369513e-06, 0.00142298836727, 0.000224438947043, 1.32219395255e-06, 4.26698534284e-07, 2.01383258513e-07, 1.44208442521e-07, 5.8028369665e-08, 3.83028293527e-08, 2.84041430376e-08, 1.54405928043e-08, 1.09011706328e-08, 7.93561039103e-09, 6.58181065205e-09, 4.61919391626e-09, 3.4045322117e-09, 2.64015920237e-09, 2.07248129769e-09, 1.63745850212e-09, 1.26244559251e-09, 9.97654070467e-10, 7.67644170452e-10],
