{
"lowlevel": {
    "average_loudness": 0.323282033205,
    "barkbands_crest": {
        "dmean": 4.65030050278,
        "dmean2": 7.77579689026,
        "dvar": 16.274477005,
        "dvar2": 39.1450576782,
        "max": 26.5810680389,
        "mean": 15.4559202194,
        "median": 15.6388635635,
        "min": 2.75456762314,
        "stdev": 6.61964941025,
        "var": 43.8197555542
    },
    "barkbands_flatness_db": {
        "dmean": 0.0494680628181,
        "dmean2": 0.078722961247,
        "dvar": 0.00208570505492,
        "dvar2": 0.00479179527611,
        "max": 0.471687942743,
        "mean": 0.168665990233,
        "median": 0.152463406324,
        "min": 0.0151272015646,
        "stdev": 0.0837902277708,
        "var": 0.00702080223709
    },
    "barkbands_kurtosis": {
        "dmean": 27.4540290833,
        "dmean2": 47.1773757935,
        "dvar": 3893.0456543,
        "dvar2": 11073.1943359,
        "max": 920.95526123,
        "mean": 28.4435062408,
        "median": 5.5508928299,
        "min": -1.81348288059,
        "stdev": 67.3588256836,
        "var": 4537.21142578
    },
    "barkbands_skewness": {
        "dmean": 2.01112580299,
        "dmean2": 3.27901744843,
        "dvar": 6.25880670547,
        "dvar2": 16.0798912048,
        "max": 27.4315986633,
        "mean": 3.41420125961,
        "median": 2.13319516182,
        "min": -1.7328851223,
        "stdev": 3.63105678558,
        "var": 13.1845731735
    },
    "barkbands_spread": {
        "dmean": 13.9085092545,
        "dmean2": 23.1861190796,
        "dvar": 268.276184082,
        "dvar2": 684.009643555,
        "max": 122.838905334,
        "mean": 26.2461776733,
        "median": 18.4395771027,
        "min": 0.237212866545,
        "stdev": 22.2766494751,
        "var": 496.24911499
    },
    "dissonance": {
        "dmean": 0.0198175497353,
        "dmean2": 0.0321281775832,
        "dvar": 0.000822495436296,
        "dvar2": 0.00159133679699,
        "max": 0.500000119209,
        "mean": 0.467970401049,
        "median": 0.483318686485,
        "min": 0,
        "stdev": 0.041007976979,
        "var": 0.00168165413197
    },
    "dynamic_complexity": 25.6868209839,
    "erbbands_crest": {
        "dmean": 3.10364699364,
        "dmean2": 4.98000526428,
        "dvar": 11.6214962006,
        "dvar2": 25.7909889221,
        "max": 31.5483798981,
        "mean": 9.12497425079,
        "median": 7.50471496582,
        "min": 1.96789216995,
        "stdev": 6.2856464386,
        "var": 39.5093536377
    },
    "erbbands_flatness_db": {
        "dmean": 0.0273138191551,
        "dmean2": 0.0373480059206,
        "dvar": 0.00109393231105,
        "dvar2": 0.00214984104969,
        "max": 0.387348622084,
        "mean": 0.118526317179,
        "median": 0.110225364566,
        "min": 0.0222763251513,
        "stdev": 0.0716376081109,
        "var": 0.00513194641098
    },
    "erbbands_kurtosis": {
        "dmean": 2.87584400177,
        "dmean2": 4.26201725006,
        "dvar": 115.816062927,
        "dvar2": 235.266601562,
        "max": 274.6171875,
        "mean": 2.65845131874,
        "median": 0.195597887039,
        "min": -1.70822751522,
        "stdev": 13.479763031,
        "var": 181.70401001
    },
    "erbbands_skewness": {
        "dmean": 0.570656597614,
        "dmean2": 0.848682284355,
        "dvar": 0.587554395199,
        "dvar2": 1.1812697649,
        "max": 12.2800331116,
        "mean": 0.519009590149,
        "median": 0.215783879161,
        "min": -1.91413497925,
        "stdev": 1.43088793755,
        "var": 2.04744029045
    },
    "erbbands_spread": {
        "dmean": 12.2347631454,
        "dmean2": 18.6505851746,
        "dvar": 160.749130249,
        "dvar2": 374.72869873,
        "max": 153.935028076,
        "mean": 45.3933258057,
        "median": 40.1500778198,
        "min": 0.711437642574,
        "stdev": 25.1620063782,
        "var": 633.126525879
    },
    "hfc": {
        "dmean": 8.20520973206,
        "dmean2": 12.2908277512,
        "dvar": 2552.39379883,
        "dvar2": 6402.19970703,
        "max": 920.627380371,
        "mean": 10.8023347855,
        "median": 0.00846795737743,
        "min": 3.38333605576e-09,
        "stdev": 54.4494857788,
        "var": 2964.74633789
    },
    "loudness_ebu128": {
        "integrated": -29.708316803,
        "loudness_range": 17.3447628021,
        "momentary": {
            "dmean": 4.66816425323,
            "dmean2": 6.60031461716,
            "dvar": 51.1964645386,
            "dvar2": 78.5992660522,
            "max": -21.314453125,
            "mean": -47.3903274536,
            "median": -44.3461380005,
            "min": -77.786277771,
            "stdev": 16.1967086792,
            "var": 262.333374023
        },
        "short_term": {
            "dmean": 0.469333767891,
            "dmean2": 0.535663247108,
            "dvar": 1.68814408779,
            "dvar2": 1.63324725628,
            "max": -28.1255683899,
            "mean": -35.0820617676,
            "median": -32.9743118286,
            "min": -51.8801345825,
            "stdev": 6.08614397049,
            "var": 37.0411491394
        }
    },
    "melbands_crest": {
        "dmean": 5.56635284424,
        "dmean2": 9.02035999298,
        "dvar": 36.0600242615,
        "dvar2": 82.2977600098,
        "max": 39.8390884399,
        "mean": 24.574092865,
        "median": 24.4748401642,
        "min": 3.29962515831,
        "stdev": 10.9436349869,
        "var": 119.763137817
    },
    "melbands_flatness_db": {
        "dmean": 0.0474603064358,
        "dmean2": 0.0727307647467,
        "dvar": 0.00199196999893,
        "dvar2": 0.00431431783363,
        "max": 0.546703577042,
        "mean": 0.227039158344,
        "median": 0.219794154167,
        "min": 0.034973628819,
        "stdev": 0.0914880931377,
        "var": 0.00837007164955
    },
    "melbands_kurtosis": {
        "dmean": 64.5542297363,
        "dmean2": 106.883628845,
        "dvar": 20443.8574219,
        "dvar2": 51648.765625,
        "max": 2157.49389648,
        "mean": 79.3598403931,
        "median": 14.7336139679,
        "min": -1.39184570312,
        "stdev": 180.200805664,
        "var": 32472.3300781
    },
    "melbands_skewness": {
        "dmean": 2.6989338398,
        "dmean2": 4.28726196289,
        "dvar": 12.8286571503,
        "dvar2": 31.317899704,
        "max": 40.7122612,
        "mean": 5.3635635376,
        "median": 2.98149013519,
        "min": -2.41084575653,
        "stdev": 5.84006929398,
        "var": 34.1064109802
    },
    "melbands_spread": {
        "dmean": 10.6315898895,
        "dmean2": 17.4355487823,
        "dvar": 178.6459198,
        "dvar2": 411.571929932,
        "max": 179.238769531,
        "mean": 22.5968990326,
        "median": 14.3903894424,
        "min": 0.149719968438,
        "stdev": 23.024848938,
        "var": 530.143676758
    },
    "pitch_salience": {
        "dmean": 0.122992292047,
        "dmean2": 0.20070707798,
        "dvar": 0.0151399932802,
        "dvar2": 0.0329024530947,
        "max": 0.974734306335,
        "mean": 0.371973872185,
        "median": 0.376819193363,
        "min": 0.0126497941092,
        "stdev": 0.22529412806,
        "var": 0.0507574416697
    },
    "silence_rate_20dB": {
        "dmean": 0.00160128099378,
        "dmean2": 0.00320512824692,
        "dvar": 0.00159875641111,
        "dvar2": 0.00319484132342,
        "max": 1,
        "mean": 0.998399972916,
        "median": 1,
        "min": 0,
        "stdev": 0.0399675071239,
        "var": 0.00159740168601
    },
    "silence_rate_30dB": {
        "dmean": 0.0112089673057,
        "dmean2": 0.0224358979613,
        "dvar": 0.011083394289,
        "dvar2": 0.0251377671957,
        "max": 1,
        "mean": 0.974399983883,
        "median": 1,
        "min": 0,
        "stdev": 0.15793967247,
        "var": 0.0249449405819
    },
    "silence_rate_60dB": {
        "dmean": 0.0496397130191,
        "dmean2": 0.0993589758873,
        "dvar": 0.0471757352352,
        "dvar2": 0.0958973094821,
        "max": 1,
        "mean": 0.796800017357,
        "median": 1,
        "min": 0,
        "stdev": 0.402379781008,
        "var": 0.161909490824
    },
    "spectral_centroid": {
        "dmean": 327.74822998,
        "dmean2": 493.080322266,
        "dvar": 123328.296875,
        "dvar2": 262940.46875,
        "max": 4478.09570312,
        "mean": 1885.09204102,
        "median": 1897.35888672,
        "min": 229.340454102,
        "stdev": 970.509399414,
        "var": 941888.4375
    },
    "spectral_complexity": {
        "dmean": 1.43154525757,
        "dmean2": 1.99519228935,
        "dvar": 13.2046794891,
        "dvar2": 20.5927715302,
        "max": 51,
        "mean": 3.72000002861,
        "median": 0,
        "min": 0,
        "stdev": 8.24098491669,
        "var": 67.9138336182
    },
    "spectral_decrease": {
        "dmean": 1.12462095192e-09,
        "dmean2": 1.48465462146e-09,
        "dvar": 1.5887661334e-17,
        "dvar2": 3.22376769258e-17,
        "max": -1.44197775607e-20,
        "mean": -2.13677298078e-09,
        "median": -4.50220676712e-12,
        "min": -8.59975273215e-08,
        "stdev": 7.48739914513e-09,
        "var": 5.60611469293e-17
    },
    "spectral_energy": {
        "dmean": 0.00490224221721,
        "dmean2": 0.00647651450709,
        "dvar": 0.000309278315399,
        "dvar2": 0.000660590187181,
        "max": 0.344918042421,
        "mean": 0.00904447585344,
        "median": 1.75068089447e-05,
        "min": 3.61302188254e-13,
        "stdev": 0.0317087173462,
        "var": 0.00100544269662
    },
    "spectral_energyband_high": {
        "dmean": 0.000551388540771,
        "dmean2": 0.000917473924346,
        "dvar": 1.65405363077e-05,
        "dvar2": 4.2315947212e-05,
        "max": 0.0680993944407,
        "mean": 0.000541142129805,
        "median": 3.49988454218e-07,
        "min": 2.57893180552e-13,
        "stdev": 0.00379765615799,
        "var": 1.44221930896e-05
    },
    "spectral_energyband_low": {
        "dmean": 0.00101410178468,
        "dmean2": 0.00167306151707,
        "dvar": 7.90425983723e-05,
        "dvar2": 0.000226585121709,
        "max": 0.221511349082,
        "mean": 0.0012485049665,
        "median": 5.12981296197e-06,
        "min": 1.59471214852e-14,
        "stdev": 0.00757071794942,
        "var": 5.73157667532e-05
    },
    "spectral_energyband_middle_high": {
        "dmean": 0.000940512923989,
        "dmean2": 0.00141778658144,
        "dvar": 1.78694608621e-05,
        "dvar2": 3.99202399421e-05,
        "max": 0.0994761362672,
        "mean": 0.00179743615445,
        "median": 1.26063741845e-06,
        "min": 3.52756628704e-14,
        "stdev": 0.0067486288026,
        "var": 4.55439912912e-05
    },
    "spectral_energyband_middle_low": {
        "dmean": 0.00340573932044,
        "dmean2": 0.00458377227187,
        "dvar": 0.000143356417539,
        "dvar2": 0.000270709831966,
        "max": 0.30561041832,
        "mean": 0.00599020300433,
        "median": 1.01567422917e-06,
        "min": 3.35624065974e-14,
        "stdev": 0.0219939220697,
        "var": 0.000483732641442
    },
    "spectral_entropy": {
        "dmean": 0.222864687443,
        "dmean2": 0.295698553324,
        "dvar": 0.0824334844947,
        "dvar2": 0.146139338613,
        "max": 9.30708408356,
        "mean": 7.93256855011,
        "median": 8.09963607788,
        "min": 4.35450839996,
        "stdev": 0.725477218628,
        "var": 0.526317179203
    },
    "spectral_flux": {
        "dmean": 0.0139722451568,
        "dmean2": 0.020240386948,
        "dvar": 0.000836092338432,
        "dvar2": 0.00171255297028,
        "max": 0.542373180389,
        "mean": 0.0320079363883,
        "median": 0.0032353606075,
        "min": 0.000112043817353,
        "stdev": 0.062203142792,
        "var": 0.00386923109181
    },
    "spectral_kurtosis": {
        "dmean": 1.49673378468,
        "dmean2": 2.16484904289,
        "dvar": 6.23883771896,
        "dvar2": 14.5212335587,
        "max": 31.3622398376,
        "mean": 4.48114490509,
        "median": 3.29095292091,
        "min": -0.310072898865,
        "stdev": 3.64497590065,
        "var": 13.2858495712
    },
    "spectral_rms": {
        "dmean": 0.000479616050143,
        "dmean2": 0.000581727712415,
        "dvar": 9.8897260159e-07,
        "dvar2": 1.68868314177e-06,
        "max": 0.0183440838009,
        "mean": 0.00131015945226,
        "median": 0.000130689746584,
        "min": 1.87747151159e-08,
        "stdev": 0.00266596255824,
        "var": 7.10735639586e-06
    },
    "spectral_rolloff": {
        "dmean": 1109.09069824,
        "dmean2": 1936.07312012,
        "dvar": 4970906,
        "dvar2": 11960073,
        "max": 17764.8925781,
        "mean": 1491.18591309,
        "median": 538.330078125,
        "min": 21.533203125,
        "stdev": 2431.05200195,
        "var": 5910014
    },
    "spectral_skewness": {
        "dmean": 0.231049731374,
        "dmean2": 0.328240126371,
        "dvar": 0.0870043411851,
        "dvar2": 0.192133292556,
        "max": 4.80050325394,
        "mean": 1.71759653091,
        "median": 1.57149600983,
        "min": 0.541456341743,
        "stdev": 0.553451836109,
        "var": 0.306308954954
    },
    "spectral_spread": {
        "dmean": 947800.875,
        "dmean2": 1333065.75,
        "dvar": 1.1786017833e+12,
        "dvar2": 2.50114788557e+12,
        "max": 20813040,
        "mean": 7373851,
        "median": 7197131,
        "min": 2324691,
        "stdev": 2429432.5,
        "var": 5.90214279987e+12
    },
    "spectral_strongpeak": {
        "dmean": 0.205948963761,
        "dmean2": 0.301651775837,
        "dvar": 0.286054849625,
        "dvar2": 0.535058677197,
        "max": 8.80177307129,
        "mean": 0.312470078468,
        "median": 0.000348511908669,
        "min": 0,
        "stdev": 0.874139130116,
        "var": 0.764119267464
    },
    "zerocrossingrate": {
        "dmean": 0.0248968712986,
        "dmean2": 0.0309518668801,
        "dvar": 0.000644703744911,
        "dvar2": 0.000981122022495,
        "max": 0.30712890625,
        "mean": 0.0748808607459,
        "median": 0.062744140625,
        "min": 0,
        "stdev": 0.0510396249592,
        "var": 0.00260504335165
    },
    "barkbands": {
        "dmean": [0.000341610139003, 0.000445097655756, 0.000190660764929, 0.000585811911151, 0.000198549998458, 0.000931934919208, 0.00131691689603, 0.000922458071727, 0.000400226184865, 0.000249495205935, 0.000146460428368, 0.000277324579656, 0.000211231817957, 0.000201518370886, 0.000111482790089, 3.49120055034e-05, 3.04277382384e-05, 4.66899109597e-05, 6.92060202709e-05, 0.00010113902681, 3.61231723218e-05, 2.81854772766e-05, 7.83597279224e-05, 5.9054018493e-05, 7.73506544647e-05, 0.000220990419621, 4.40995463578e-05],
        "dmean2": [0.000608205271419, 0.000843047047965, 0.000257446750766, 0.000750385748688, 0.00025569103309, 0.00127036997583, 0.00175906799268, 0.00140966370236, 0.000711471599061, 0.000409522035625, 0.000242369627813, 0.000423769961344, 0.000317667232594, 0.000305716763251, 0.000180072980584, 5.48551433894e-05, 4.8759218771e-05, 7.61298288126e-05, 0.000116027011245, 0.000170818384504, 6.00989042141e-05, 4.71740386274e-05, 0.000134563422762, 0.000103020036477, 0.000126304672449, 0.000369857152691, 7.25554200471e-05],
        "dvar": [8.02219346951e-06, 4.19506177423e-05, 5.75418198423e-07, 5.47055105926e-06, 5.76103730054e-07, 1.84456966963e-05, 4.24930949521e-05, 2.5026174626e-05, 1.01942423498e-05, 3.40732981385e-06, 4.24446994884e-07, 2.03706895263e-06, 9.88728743323e-07, 1.71477086042e-06, 5.11797054514e-07, 4.35568203727e-08, 1.78561752051e-08, 6.89764334538e-08, 1.87299249887e-07, 5.18710976394e-07, 9.54794288077e-08, 2.69144173615e-08, 4.65498601443e-07, 1.87380848615e-07, 2.5984584795e-07, 3.38353515872e-06, 1.05664312855e-07],
        "dvar2": [2.27364162129e-05, 0.000123221092508, 1.08665699372e-06, 7.57246880312e-06, 7.1736405971e-07, 3.15432844218e-05, 6.45837935735e-05, 6.40217622276e-05, 2.8633256079e-05, 9.28673580347e-06, 1.00898705568e-06, 3.91624098484e-06, 2.1097289391e-06, 3.97513804273e-06, 1.19963453926e-06, 1.0334259315e-07, 4.47413306404e-08, 1.45814865959e-07, 5.09559470174e-07, 1.50410710376e-06, 2.68468340892e-07, 6.61950565473e-08, 1.2709275552e-06, 4.97248151987e-07, 7.29814303213e-07, 8.6922536866e-06, 2.14073253346e-07],
        "max": [0.0667129084468, 0.163727968931, 0.0129079557955, 0.044598557055, 0.0221313461661, 0.0767483115196, 0.213539808989, 0.0974288135767, 0.0658848956227, 0.0389721430838, 0.012751404196, 0.0323409773409, 0.0249552410096, 0.0335843488574, 0.011585409753, 0.00394097110257, 0.00241184071638, 0.00517975026742, 0.00909348856658, 0.0164730995893, 0.00727345282212, 0.00290794484317, 0.015713583678, 0.00678469520062, 0.0102479532361, 0.0334279723465, 0.00718196015805],
        "mean": [0.000277348532109, 0.000289354240522, 0.000206525539397, 0.00122729688883, 0.000287597213173, 0.00121107697487, 0.00194272806402, 0.000924115302041, 0.000315945944749, 0.000271042430541, 0.000192672581761, 0.000414643000113, 0.000288834708044, 0.000250199605944, 0.000117329916975, 3.74859373551e-05, 3.93771842937e-05, 5.85091547691e-05, 8.70482326718e-05, 0.00010046618263, 3.1112216675e-05, 2.86716349365e-05, 7.46540172258e-05, 5.49698052055e-05, 9.10874514375e-05, 0.000179892711458, 4.4170395995e-05],
        "median": [6.69798009767e-06, 9.16054318623e-07, 1.90507130071e-08, 2.76561777923e-08, 3.52658773295e-08, 9.48759151242e-08, 1.31111761448e-07, 7.64722898339e-08, 7.44694474974e-08, 6.96288964264e-08, 5.83465435966e-08, 8.74427641406e-08, 2.13180229025e-07, 8.60390301227e-08, 3.08694509954e-08, 4.10866007883e-08, 6.9591465035e-08, 6.99803166526e-08, 6.52707115023e-08, 3.07879943762e-08, 2.71523816764e-08, 3.17174126963e-08, 4.39985861078e-08, 3.0381791305e-08, 4.56534650084e-08, 4.30568860565e-08, 2.8217941761e-08],
        "min": [4.66374307879e-15, 6.92018125204e-15, 4.49851998507e-15, 4.35403225789e-15, 9.95661140883e-15, 8.11055900446e-15, 5.80867285491e-15, 3.45083128536e-15, 1.76330321465e-15, 2.44880401425e-16, 7.74118974726e-16, 2.79285439786e-15, 4.22120182165e-15, 4.6170588579e-15, 5.27866528158e-15, 4.14412690565e-15, 2.82698177882e-15, 6.96148808426e-15, 2.49723862872e-15, 4.09697173444e-15, 1.28690698235e-14, 1.53844137814e-14, 3.46708000309e-14, 5.40149657858e-14, 3.44670479495e-14, 4.8799797482e-14, 5.84027861879e-14],
        "stdev": [0.00230746809393, 0.0047888471745, 0.000959940545727, 0.00491452310234, 0.00133594078943, 0.00543186673895, 0.011784888804, 0.00547639699653, 0.00260767107829, 0.00164401298389, 0.00079564290354, 0.00214127800427, 0.00139614113141, 0.00145430315752, 0.000737248628866, 0.00021051474323, 0.000156989102834, 0.000319946731906, 0.000443654076662, 0.000670702254865, 0.000251916993875, 0.000162607611855, 0.000587893475313, 0.000391482171835, 0.000528394069988, 0.00161139899865, 0.000345750740962],
        "var": [5.32440935785e-06, 2.29330562433e-05, 9.21485877825e-07, 2.41525394813e-05, 1.78473794676e-06, 2.95051777357e-05, 0.000138883609907, 2.9990924304e-05, 6.79994809616e-06, 2.70277860182e-06, 6.33047591236e-07, 4.58507156509e-06, 1.94920994545e-06, 2.11499764191e-06, 5.43535520592e-07, 4.43164580588e-08, 2.46455780228e-08, 1.02365902421e-07, 1.96828949584e-07, 4.49841479622e-07, 6.34621741824e-08, 2.64412349793e-08, 3.45618758502e-07, 1.53258284286e-07, 2.79200321529e-07, 2.59660691881e-06, 1.19543571486e-07]
    },
    "erbbands": {
        "dmean": [0.0257162600756, 0.0535634681582, 0.132368937135, 1.13115751743, 1.51049113274, 0.313616782427, 2.49317336082, 9.88998603821, 10.0891170502, 32.6460342407, 14.3536748886, 9.59845256805, 7.87840414047, 5.53737783432, 7.35780191422, 10.9552841187, 8.33863639832, 6.48760175705, 10.8946485519, 3.44557237625, 1.60438144207, 1.58106327057, 2.23538708687, 3.29970693588, 4.46467399597, 4.79829835892, 1.46031701565, 1.63969743252, 0.968521773815, 1.2760874033, 2.8812057972, 0.803349018097, 1.36635482311, 0.85943967104, 0.65695554018, 1.02981603146, 0.378123998642, 0.0636000484228, 0.00907102972269, 0.000408498890465],
        "dmean2": [0.0489164851606, 0.100029096007, 0.176273033023, 1.53330588341, 1.75367426872, 0.467724919319, 3.89122390747, 13.4343996048, 16.0559558868, 44.7667236328, 22.5315799713, 17.0827770233, 12.6964130402, 8.86364841461, 11.1709737778, 16.5024147034, 11.8475790024, 9.59448719025, 17.2641639709, 5.20153236389, 2.47194099426, 2.44909954071, 3.56543159485, 5.22804307938, 7.39372301102, 8.01626396179, 2.47242736816, 2.80425977707, 1.5811817646, 2.17043924332, 4.96208286285, 1.38000679016, 2.38258957863, 1.38086986542, 1.11372125149, 1.75652706623, 0.62282115221, 0.107205368578, 0.0146276755258, 0.000666253676172],
        "dvar": [0.122901320457, 0.682036459446, 0.270080983639, 20.8968276978, 32.9915275574, 0.990888834, 100.52507782, 2374.1706543, 1483.33398438, 32942.7148438, 8611.59375, 6955.15625, 3144.21630859, 1674.41638184, 831.492370605, 3084.50805664, 1465.33496094, 747.38671875, 5975.13085938, 510.447814941, 60.4354972839, 44.1215667725, 147.064651489, 379.18157959, 681.409362793, 1581.1184082, 102.992355347, 226.810317993, 32.9011993408, 56.5208587646, 706.073242188, 37.5471343994, 102.527030945, 29.1898460388, 22.4496269226, 88.2843170166, 8.98507118225, 0.237939357758, 0.00459627853706, 1.01387477116e-05],
        "dvar2": [0.361916333437, 1.99624276161, 0.547291338444, 32.3484840393, 36.548160553, 2.24500226974, 200.431274414, 4138.25878906, 3508.54296875, 48808.7382812, 21949.6582031, 19613.9082031, 8551.70605469, 4604.98779297, 1809.97033691, 6102.16162109, 2732.88330078, 1662.18847656, 13936.2773438, 1114.06079102, 128.731063843, 104.092262268, 337.353942871, 874.418151855, 1943.93969727, 4469.89892578, 277.55255127, 643.616821289, 83.1007843018, 141.738555908, 1948.33630371, 100.864906311, 272.729888916, 81.1198654175, 63.0004310608, 235.291519165, 23.384557724, 0.550094664097, 0.0100103449076, 2.10333419091e-05],
        "max": [8.79101276398, 21.0480442047, 8.00598812103, 79.9063415527, 148.472869873, 18.9491271973, 153.057815552, 941.318603516, 774.555603027, 5564.86425781, 1811.60791016, 1955.55908203, 1217.09997559, 823.963623047, 490.156005859, 1211.4173584, 941.762329102, 492.981903076, 1765.41723633, 439.288330078, 137.621902466, 104.237380981, 243.668960571, 372.044433594, 504.854156494, 994.201782227, 184.970932007, 355.488983154, 108.283607483, 121.862449646, 625.370300293, 126.388771057, 178.581924438, 117.231292725, 81.076385498, 202.497390747, 61.6102638245, 10.0674591064, 1.65010857582, 0.069534920156],
        "mean": [0.0164352916181, 0.0387000776827, 0.185743167996, 2.33373403549, 2.83620166779, 0.46268260479, 2.91952347755, 12.8696041107, 13.2913799286, 44.1004219055, 14.7886981964, 7.65233612061, 8.3746547699, 6.84447669983, 11.0914134979, 16.9942264557, 13.2323846817, 9.92381381989, 11.7508172989, 3.78341960907, 2.02562832832, 2.18124675751, 2.81826472282, 3.87952661514, 5.50364732742, 4.62614822388, 1.34623622894, 1.36844456196, 0.986448943615, 1.32632863522, 2.57110357285, 0.774074435234, 1.27228426933, 1.04424011707, 0.68380343914, 0.786253869534, 0.312438905239, 0.0597764216363, 0.00861289259046, 0.000399214855861],
        "median": [9.64289720287e-05, 4.52273816336e-05, 2.75500569842e-05, 6.8265479058e-05, 0.000109724627691, 0.000116444905871, 0.000383580161724, 0.000887646398041, 0.00185082037933, 0.00222808402032, 0.00207614921965, 0.00179945747368, 0.0019396970747, 0.00259475037456, 0.00255829282105, 0.00513086374849, 0.0103252064437, 0.00544088007882, 0.00264247553423, 0.00205513834953, 0.00248290551826, 0.00413398724049, 0.00409686565399, 0.00345889292657, 0.00306954677217, 0.00154790258966, 0.00115683930926, 0.001113738399, 0.0012768751476, 0.00105736008845, 0.00128840073012, 0.000760590017308, 0.00048109551426, 0.000510785495862, 0.00029690854717, 0.000155568122864, 8.7265012553e-05, 2.23577335419e-05, 4.50776678917e-06, 3.92108688629e-07],
        "min": [2.53520782926e-13, 1.40058516e-12, 4.64861309168e-12, 1.09775903645e-11, 2.12441609443e-11, 3.54928586521e-11, 5.25715269928e-11, 6.96664115285e-11, 8.20035150895e-11, 8.35585697856e-11, 6.96875127049e-11, 4.21898245506e-11, 1.47982980037e-11, 1.20211089347e-11, 5.27481426593e-11, 1.25226537473e-10, 1.89513682525e-10, 2.28229254939e-10, 2.64030214359e-10, 2.73698591569e-10, 2.00118033256e-10, 1.74529488084e-10, 3.50186241116e-10, 2.47329295933e-10, 1.08294657963e-10, 1.62619501198e-10, 6.30411833846e-10, 4.5592501996e-10, 4.95012919544e-10, 9.42187661224e-10, 8.88086548745e-10, 9.45248879169e-10, 9.20172882335e-10, 1.63299263001e-10, 3.90324467192e-10, 1.9779299032e-10, 9.2064203483e-11, 3.54621991494e-11, 6.91292162402e-12, 9.49934575445e-13],
        "stdev": [0.259013980627, 0.612853109837, 0.746338903904, 9.25500106812, 11.7581033707, 1.48967587948, 11.854683876, 60.6849784851, 54.0339279175, 286.095916748, 91.8027038574, 67.2988586426, 50.8283882141, 36.7967987061, 44.6445770264, 86.3174667358, 62.1057281494, 39.1684646606, 80.9209671021, 23.9516849518, 8.97208976746, 8.62062835693, 15.2571926117, 20.9057979584, 28.5076789856, 34.9576072693, 9.44247913361, 11.9082069397, 5.6416182518, 7.41931247711, 22.2413311005, 5.45145845413, 9.13335895538, 5.70279407501, 4.55099201202, 7.85658025742, 2.63919901848, 0.474744290113, 0.0692794919014, 0.00332278572023],
        "var": [0.0670882388949, 0.375588953495, 0.557021737099, 85.6550369263, 138.253005981, 2.21913409233, 140.53352356, 3682.66650391, 2919.66552734, 81850.875, 8427.73632812, 4529.13623047, 2583.52514648, 1354.00439453, 1993.13818359, 7450.70458984, 3857.12158203, 1534.16870117, 6548.20263672, 573.683227539, 80.4983901978, 74.3152313232, 232.781921387, 437.052398682, 812.687744141, 1222.03430176, 89.1604156494, 141.805389404, 31.8278560638, 55.0461997986, 494.67678833, 29.7183990479, 83.4182434082, 32.52186203, 20.7115287781, 61.725856781, 6.9653711319, 0.225382134318, 0.00479964818805, 1.10409055196e-05]
    },
    "gfcc": {
        "mean": [-336.145629883, 20.4736366272, -82.7316970825, 2.42312431335, -44.5279579163, 11.4908294678, -25.2112064362, 11.6536607742, -15.0108890533, 12.1006889343, -3.59736943245, 9.44000530243, -11.1882257462],
        "cov": [[44742.2734375, 4295.18457031, -4132.85449219, -2994.74145508, -3083.08349609, -1524.83630371, -2283.40332031, -1382.73974609, -2019.53881836, -728.705688477, -772.233642578, -1082.7409668, -1541.43603516], [4295.18457031, 1701.39294434, -114.129142761, -278.403198242, -305.165435791, -204.163909912, -346.14251709, -371.98324585, -331.332519531, -120.74080658, 9.07498931885, 23.9723758698, -102.488128662], [-4132.85449219, -114.129142761, 1440.93713379, 517.249145508, 325.414703369, 127.306999207, 188.881774902, -61.8816566467, 53.5282669067, 58.6425018311, 58.9351806641, 122.987693787, 158.557342529], [-2994.74145508, -278.403198242, 517.249145508, 453.49508667, 301.728485107, 148.693099976, 190.834121704, 66.9417877197, 103.120674133, 39.848690033, 29.4621067047, 62.7917022705, 104.162612915], [-3083.08349609, -305.165435791, 325.414703369, 301.728485107, 422.64855957, 178.130645752, 202.115936279, 145.823638916, 154.363693237, 72.0163192749, 28.9664478302, 42.1195983887, 108.453048706], [-1524.83630371, -204.163909912, 127.306999207, 148.693099976, 178.130645752, 312.837554932, 239.386291504, 100.465118408, 61.0000305176, -11.6535634995, -15.3434267044, 5.7194237709, 18.0157394409], [-2283.40332031, -346.14251709, 188.881774902, 190.834121704, 202.115936279, 239.386291504, 342.583129883, 166.389480591, 132.088088989, 44.8646965027, -11.9029130936, 19.5504131317, 48.6363792419], [-1382.73974609, -371.98324585, -61.8816566467, 66.9417877197, 145.823638916, 100.465118408, 166.389480591, 267.389648438, 173.362747192, 61.1321678162, 17.2840614319, -17.2026252747, 22.4541358948], [-2019.53881836, -331.332519531, 53.5282669067, 103.120674133, 154.363693237, 61.0000305176, 132.088088989, 173.362747192, 223.201980591, 83.4704742432, 41.0288238525, 32.8172836304, 53.0564002991], [-728.705688477, -120.74080658, 58.6425018311, 39.848690033, 72.0163192749, -11.6535634995, 44.8646965027, 61.1321678162, 83.4704742432, 147.460571289, 61.8186035156, 25.7581272125, 27.225976944], [-772.233642578, 9.07498931885, 58.9351806641, 29.4621067047, 28.9664478302, -15.3434267044, -11.9029130936, 17.2840614319, 41.0288238525, 61.8186035156, 154.980453491, 81.6205062866, 16.0701179504], [-1082.7409668, 23.9723758698, 122.987693787, 62.7917022705, 42.1195983887, 5.7194237709, 19.5504131317, -17.2026252747, 32.8172836304, 25.7581272125, 81.6205062866, 132.771606445, 75.3291702271], [-1541.43603516, -102.488128662, 158.557342529, 104.162612915, 108.453048706, 18.0157394409, 48.6363792419, 22.4541358948, 53.0564002991, 27.225976944, 16.0701179504, 75.3291702271, 172.340332031]],
        "icov": [[0.000127991545014, -0.000115844304673, 0.000125159524032, 7.11903485353e-05, 0.000319498678437, -2.7900441637e-05, 0.000318351929309, -0.000232451027841, 0.000625316461083, -0.000316997873597, 0.000402306613978, 0.000166458063177, 0.000407305080444], [-0.000115844304673, 0.00110459444113, -0.000168774495251, 0.00036804494448, -0.000533383688889, 6.2220125983e-05, -1.39550738822e-05, 0.000832557037938, 0.000206266282476, 0.000434084358858, -0.000478951318655, -0.000732355634682, 1.08975573312e-05], [0.000125159524032, -0.000168774495251, 0.00148990983143, -0.00130785082001, 0.00013419878087, 0.000227048745728, -0.000238107677433, 0.000779130030423, 0.000630126975011, -0.000523832684848, 0.000148572740727, 0.000173680047737, 9.52833725023e-05], [7.11903485353e-05, 0.00036804494448, -0.00130785082001, 0.0064968620427, -0.00290168076754, 0.00025708929752, -0.00110228511039, 0.000750679289922, 0.000250443146797, 0.000893423857633, -0.000289267365588, -0.000277771148831, 7.47097074054e-05], [0.000319498678437, -0.000533383688889, 0.00013419878087, -0.00290168076754, 0.00759310368448, -0.00248512718827, 0.00174221594352, -0.0020314573776, 5.23953895026e-05, -0.00225947028957, 0.00103247107472, 0.00147116812877, -0.000973260262981], [-2.7900441637e-05, 6.2220125983e-05, 0.000227048745728, 0.00025708929752, -0.00248512718827, 0.00872584432364, -0.00628172745928, 0.000430638698163, 0.00122931413352, 0.00296482210979, -0.00112063763663, 4.94260857522e-05, 0.00102762400638], [0.000318351929309, -1.39550738822e-05, -0.000238107677433, -0.00110228511039, 0.00174221594352, -0.00628172745928, 0.0113188633695, -0.00414802320302, 0.000885274959728, -0.00334078632295, 0.0044046076946, -0.00225232518278, 0.00145980040543], [-0.000232451027841, 0.000832557037938, 0.000779130030423, 0.000750679289922, -0.0020314573776, 0.000430638698163, -0.00414802320302, 0.0123025514185, -0.00736321043223, 0.00142594776116, -0.00366533012129, 0.00433590216562, -0.00146526668686], [0.000625316461083, 0.000206266282476, 0.000630126975011, 0.000250443146797, 5.23953895026e-05, 0.00122931413352, 0.000885274959728, -0.00736321043223, 0.0159982517362, -0.00423256959766, 0.00246535404585, -0.00270763132721, 0.00222958181985], [-0.000316997873597, 0.000434084358858, -0.000523832684848, 0.000893423857633, -0.00225947028957, 0.00296482210979, -0.00334078632295, 0.00142594776116, -0.00423256959766, 0.01210303884, -0.00578949041665, 0.00185650843196, -0.00164681440219], [0.000402306613978, -0.000478951318655, 0.000148572740727, -0.000289267365588, 0.00103247107472, -0.00112063763663, 0.0044046076946, -0.00366533012129, 0.00246535404585, -0.00578949041665, 0.0151742938906, -0.00970918033272, 0.00503806769848], [0.000166458063177, -0.000732355634682, 0.000173680047737, -0.000277771148831, 0.00147116812877, 4.94260857522e-05, -0.00225232518278, 0.00433590216562, -0.00270763132721, 0.00185650843196, -0.00970918033272, 0.0196273010224, -0.00693223718554], [0.000407305080444, 1.08975573312e-05, 9.52833725023e-05, 7.47097074054e-05, -0.000973260262981, 0.00102762400638, 0.00145980040543, -0.00146526668686, 0.00222958181985, -0.00164681440219, 0.00503806769848, -0.00693223718554, 0.0117371436208]]
    },
    "melbands": {
        "dmean": [0.000190076374565, 7.61881310609e-05, 0.000194116626517, 5.58637329959e-05, 7.48650563764e-05, 0.000206017197343, 0.000186165212654, 0.000328743160935, 0.000105725062895, 5.66075068491e-05, 4.02691694035e-05, 2.42261648964e-05, 2.19169851334e-05, 3.51384405803e-05, 2.84574962279e-05, 1.35891968966e-05, 1.31024380607e-05, 2.10882535612e-05, 6.8531994657e-06, 3.07484697259e-06, 1.78554068953e-06, 1.62644289503e-06, 1.9219035039e-06, 2.47181424129e-06, 2.86538374894e-06, 2.79477785625e-06, 4.21083041147e-06, 2.99781140711e-06, 9.96246853902e-07, 7.67628421272e-07, 9.71658550952e-07, 4.93510469823e-07, 6.23132052624e-07, 7.13233873739e-07, 1.98555653697e-06, 8.15746204808e-07, 3.85223188459e-07, 1.02334968233e-06, 8.54952190821e-07, 7.12549024229e-07],
        "dmean2": [0.000359948578989, 0.000107298845251, 0.00024789685267, 6.48037384963e-05, 0.000115598289995, 0.000278126768535, 0.000284933019429, 0.00045572934323, 0.000168837970705, 0.000101583231299, 6.53488241369e-05, 3.87775653508e-05, 3.55075026164e-05, 5.5469583458e-05, 4.17517585447e-05, 2.05216510949e-05, 1.95660686586e-05, 3.37992350978e-05, 1.10636301542e-05, 4.90394813824e-06, 2.72064266937e-06, 2.54915516962e-06, 3.11039229928e-06, 4.10235816162e-06, 4.5421111281e-06, 4.82357290821e-06, 6.72397663948e-06, 5.207441518e-06, 1.67780058291e-06, 1.29780596581e-06, 1.67603900536e-06, 7.78932701451e-07, 1.0552250842e-06, 1.18963964724e-06, 3.40043084179e-06, 1.39894541462e-06, 6.64469439471e-07, 1.7934457901e-06, 1.45211379277e-06, 1.15058162464e-06],
        "dvar": [6.49223602522e-06, 2.06291019822e-07, 5.58028773412e-07, 4.09425595649e-08, 9.03643027073e-08, 9.60893885349e-07, 5.91426498886e-07, 3.05845355797e-06, 5.39832171853e-07, 2.50325683737e-07, 8.14541749605e-08, 3.5607193638e-08, 8.10727840417e-09, 3.27577929227e-08, 2.27171188527e-08, 3.26151217145e-09, 3.47868223116e-09, 2.50753906528e-08, 2.05969374889e-09, 4.87997642296e-10, 6.25240484387e-11, 4.10306302823e-11, 9.92156357071e-11, 2.44285286444e-10, 2.80850870338e-10, 4.00124822164e-10, 5.63897595285e-10, 8.95587493055e-10, 5.46281908598e-11, 3.96323356078e-11, 7.63963545203e-11, 1.0557177528e-11, 1.17842333114e-11, 1.88125574146e-11, 3.14508613597e-10, 6.26070098542e-11, 6.42161020539e-12, 5.79012740531e-11, 3.2570935532e-11, 2.04076165689e-11],
        "dvar2": [1.91372655536e-05, 5.44782494671e-07, 7.72558166773e-07, 4.27346620313e-08, 1.77021561854e-07, 1.66856455053e-06, 1.3097600231e-06, 4.99562975165e-06, 1.39508699704e-06, 7.08574305008e-07, 2.21122903099e-07, 9.87269430652e-08, 1.88879276664e-08, 6.97293032204e-08, 4.88778155727e-08, 6.66935173754e-09, 7.51128492738e-09, 5.91591842181e-08, 4.75280836909e-09, 1.16160803199e-09, 1.37913083731e-10, 9.49982315035e-11, 2.50359177834e-10, 5.04674690927e-10, 6.53364806702e-10, 1.17627596552e-09, 1.57408375223e-09, 2.52027931857e-09, 1.48876411199e-10, 1.09386014135e-10, 2.16743095693e-10, 2.67304633289e-11, 2.95176175169e-11, 4.73036922133e-11, 8.59941451381e-10, 1.75092801369e-10, 1.65265613694e-11, 1.54294951815e-10, 8.55385345888e-11, 5.77034427185e-11],
        "max": [0.0638538971543, 0.0106718093157, 0.0139941433445, 0.0057954704389, 0.0049203876406, 0.0182833205909, 0.0184379834682, 0.0506560429931, 0.0144720990211, 0.0118370400742, 0.00613279780373, 0.00388464564458, 0.00164179457352, 0.00398543057963, 0.00386658357456, 0.00100350345019, 0.00108515098691, 0.00386249623261, 0.000909557915293, 0.000467434234452, 0.000125920007122, 8.94592812983e-05, 0.000206454613362, 0.000332030176651, 0.0003156591265, 0.000449617306003, 0.00050269276835, 0.000757789530326, 0.000146434162161, 0.00014986799215, 0.000199438436539, 6.86272396706e-05, 5.31311125087e-05, 7.83526556916e-05, 0.000404125836212, 0.000196444816538, 3.7402187445e-05, 0.000127472347231, 0.000111907291284, 0.000102324345789],
        "mean": [0.000126843544422, 0.000102559861261, 0.000434177200077, 9.79827527772e-05, 8.5327308625e-05, 0.000265450245934, 0.000263132504188, 0.000435341324192, 9.61521436693e-05, 4.39186551375e-05, 4.20560172643e-05, 2.81326265394e-05, 3.12676893373e-05, 5.03086048411e-05, 3.95779861719e-05, 2.18537352339e-05, 1.86373490578e-05, 2.2244406864e-05, 7.15930627848e-06, 3.17189142152e-06, 2.22768721869e-06, 2.2104936761e-06, 2.33457149079e-06, 2.89697527478e-06, 3.14264957524e-06, 3.18871821037e-06, 4.77846333524e-06, 2.67111363428e-06, 8.19028059595e-07, 7.23853588624e-07, 7.6843991792e-07, 4.89845888296e-07, 6.28357611276e-07, 7.54087352561e-07, 1.75403692992e-06, 7.48154434405e-07, 3.57654982963e-07, 8.62058527673e-07, 9.11204438125e-07, 8.98322468856e-07],
        "median": [1.016828719e-06, 2.24392238124e-08, 1.32411059894e-08, 7.7728152803e-09, 1.20266561154e-08, 1.99073522111e-08, 2.75981264508e-08, 2.19501572474e-08, 1.45425378406e-08, 1.05146655827e-08, 9.01550478716e-09, 9.32823240873e-09, 8.33839131076e-09, 8.48938963571e-09, 2.18868230206e-08, 1.80460428822e-08, 8.70279759368e-09, 4.37904112971e-09, 2.32088037677e-09, 2.83837353621e-09, 2.32438601699e-09, 3.91303611735e-09, 3.61308316599e-09, 3.15354764524e-09, 2.29801599971e-09, 2.38682451581e-09, 1.19351373229e-09, 6.20299256404e-10, 5.93327387222e-10, 5.32405008968e-10, 6.25586860092e-10, 6.95907109716e-10, 5.21609200277e-10, 5.56299950549e-10, 6.7448413521e-10, 6.60929755369e-10, 3.27406574074e-10, 2.6849730772e-10, 4.29077384734e-10, 4.16707168771e-10],
        "min": [2.31525825868e-15, 2.26553615413e-15, 2.1743990089e-15, 2.03297436462e-15, 1.8312449979e-15, 1.56894557567e-15, 1.24649590864e-15, 8.84734913132e-16, 5.32276933423e-16, 2.39339905977e-16, 6.51672209508e-17, 3.86058162071e-17, 1.3517164854e-16, 2.80422645045e-16, 3.89014015889e-16, 4.26185077397e-16, 4.21424593415e-16, 4.17054909259e-16, 4.01147948147e-16, 3.27890133182e-16, 2.09475046269e-16, 1.56742361628e-16, 2.58726187269e-16, 3.48032550197e-16, 1.90143080965e-16, 6.380509271e-17, 7.78812119589e-17, 1.01976321458e-16, 4.38548820282e-16, 2.25928753914e-16, 3.25974515232e-16, 3.27114939216e-16, 2.21122715441e-16, 6.87285074501e-16, 5.86376398368e-16, 4.21091021252e-16, 6.11125483477e-16, 7.84865175849e-16, 2.55928781551e-16, 7.86424695854e-17],
        "stdev": [0.00188368803356, 0.000477694178699, 0.00164755550213, 0.000408302701544, 0.000357361830538, 0.00122775894124, 0.00123147992417, 0.00268809986301, 0.000687728519551, 0.000400177174015, 0.000258853397099, 0.000164190016221, 0.000124646234326, 0.000263121677563, 0.000205315300263, 9.185296949e-05, 7.90919948486e-05, 0.00016237924865, 4.63061187475e-05, 2.15048912651e-05, 9.12015639187e-06, 8.23746267997e-06, 1.31457209136e-05, 1.75700206455e-05, 1.77113324753e-05, 1.81529485417e-05, 2.6353442081e-05, 2.50791072176e-05, 6.65333345751e-06, 5.45309330846e-06, 6.83871394358e-06, 3.13755981551e-06, 3.36801622325e-06, 4.33776494901e-06, 1.50654650497e-05, 6.51010759611e-06, 2.3616839826e-06, 6.67474523652e-06, 5.55217548026e-06, 4.89962530992e-06],
        "var": [3.54828080162e-06, 2.28191723295e-07, 2.71443923339e-06, 1.66711103589e-07, 1.27707480146e-07, 1.50739208493e-06, 1.5165427385e-06, 7.2258808359e-06, 4.72970526744e-07, 1.60141766514e-07, 6.70050823715e-08, 2.69583626533e-08, 1.55366848276e-08, 6.92330175411e-08, 4.21543724372e-08, 8.43696756903e-09, 6.25554319456e-09, 2.63670205669e-08, 2.1442565501e-09, 4.62460320039e-10, 8.31772567489e-11, 6.7855790431e-11, 1.72809988541e-10, 3.08705616625e-10, 3.13691267406e-10, 3.29529570298e-10, 6.94503954346e-10, 6.2896160502e-10, 4.42668471323e-11, 2.97362273693e-11, 4.67680096039e-11, 9.84428163986e-12, 1.13435328838e-11, 1.88162055381e-11, 2.2696824975e-10, 4.23815010864e-11, 5.57755100786e-12, 4.45522264914e-11, 3.08266537297e-11, 2.40063281753e-11]
    },
