{
"lowlevel": {
    "average_loudness": 0.99068403244,
    "barkbands_crest": {
        "dmean": 1.72831356525,
        "dmean2": 2.32456707954,
        "dvar": 6.03281641006,
        "dvar2": 9.95482635498,
        "max": 25.1366653442,
        "mean": 20.2866744995,
        "median": 21.2617073059,
        "min": 5.00677394867,
        "stdev": 3.61478900909,
        "var": 13.0666999817
    },
    "barkbands_flatness_db": {
        "dmean": 0.0178736075759,
        "dmean2": 0.0272234342992,
        "dvar": 0.000553592341021,
        "dvar2": 0.00061251578154,
        "max": 0.310313820839,
        "mean": 0.260342091322,
        "median": 0.262273490429,
        "min": 0.077032931149,
        "stdev": 0.0318635068834,
        "var": 0.00101528316736
    },
    "barkbands_kurtosis": {
        "dmean": 3.73741316795,
        "dmean2": 5.43017482758,
        "dvar": 31.7516880035,
        "dvar2": 60.6531105042,
        "max": 30.5061798096,
        "mean": 7.85252332687,
        "median": 6.24295806885,
        "min": -1.07700061798,
        "stdev": 6.33762168884,
        "var": 40.1654510498
    },
    "barkbands_skewness": {
        "dmean": 0.624519407749,
        "dmean2": 0.834077894688,
        "dvar": 0.936718702316,
        "dvar2": 1.51581692696,
        "max": 5.225897789,
        "mean": 2.27625465393,
        "median": 2.31366252899,
        "min": -1.13768589497,
        "stdev": 1.10792171955,
        "var": 1.22749066353
    },
    "barkbands_spread": {
        "dmean": 1.7149682045,
        "dmean2": 2.61815977097,
        "dvar": 12.4993467331,
        "dvar2": 20.8303623199,
        "max": 28.6262149811,
        "mean": 7.55232381821,
        "median": 6.99402618408,
        "min": 2.73838353157,
        "stdev": 3.83225250244,
        "var": 14.6861591339
    },
    "dissonance": {
        "dmean": 0.0331144332886,
        "dmean2": 0.0497830882668,
        "dvar": 0.000843928952236,
        "dvar2": 0.00161167210899,
        "max": 0.496337741613,
        "mean": 0.404362618923,
        "median": 0.398820519447,
        "min": 0.233559384942,
        "stdev": 0.0451216362417,
        "var": 0.00203596218489
    },
    "dynamic_complexity": 1.36634409428,
    "erbbands_crest": {
        "dmean": 2.33215260506,
        "dmean2": 3.34430074692,
        "dvar": 12.195980072,
        "dvar2": 25.0628623962,
        "max": 25.8489665985,
        "mean": 15.3241281509,
        "median": 15.4406604767,
        "min": 4.21904039383,
        "stdev": 4.55868434906,
        "var": 20.7816028595
    },
    "erbbands_flatness_db": {
        "dmean": 0.0186912771314,
        "dmean2": 0.0253339298069,
        "dvar": 0.00144575885497,
        "dvar2": 0.00146090367343,
        "max": 0.361758619547,
        "mean": 0.29932025075,
        "median": 0.310193777084,
        "min": 0.0545027814806,
        "stdev": 0.058060515672,
        "var": 0.00337102334015
    },
    "erbbands_kurtosis": {
        "dmean": 1.38413643837,
        "dmean2": 2.29846358299,
        "dvar": 2.5596909523,
        "dvar2": 6.5221619606,
        "max": 11.2544736862,
        "mean": 2.79213619232,
        "median": 2.27871727943,
        "min": -1.1633105278,
        "stdev": 2.43524813652,
        "var": 5.93043375015
    },
    "erbbands_skewness": {
        "dmean": 0.384163796902,
        "dmean2": 0.610617697239,
        "dvar": 0.178880646825,
        "dvar2": 0.55050265789,
        "max": 3.19264984131,
        "mean": 1.56008815765,
        "median": 1.63475370407,
        "min": -0.419325888157,
        "stdev": 0.665468990803,
        "var": 0.442848950624
    },
    "erbbands_spread": {
        "dmean": 3.92500948906,
        "dmean2": 5.63047885895,
        "dvar": 96.1104660034,
        "dvar2": 144.652252197,
        "max": 63.3266181946,
        "mean": 16.8832855225,
        "median": 15.0850982666,
        "min": 6.11809110641,
        "stdev": 10.7409601212,
        "var": 115.368217468
    },
    "hfc": {
        "dmean": 4.60765457153,
        "dmean2": 6.49113464355,
        "dvar": 143.531723022,
        "dvar2": 351.974273682,
        "max": 88.5152435303,
        "mean": 24.5010433197,
        "median": 20.8001155853,
        "min": 1.61773550644e-06,
        "stdev": 16.0967712402,
        "var": 259.106018066
    },
    "loudness_ebu128": {
        "integrated": -10.5527257919,
        "loudness_range": 0,
        "momentary": {
            "dmean": 0.582784056664,
            "dmean2": 0.401508659124,
            "dvar": 0.28376725316,
            "dvar2": 0.0768558382988,
            "max": -9.05893135071,
            "mean": -10.8589801788,
            "median": -10.4128847122,
            "min": -14.7451095581,
            "stdev": 1.73412895203,
            "var": 3.00720310211
        },
        "short_term": {
            "dmean": 0,
            "dmean2": 0,
            "dvar": 0,
            "dvar2": 0,
            "max": -13.9921541214,
            "mean": -13.9921541214,
            "median": -13.9921541214,
            "min": -13.9921541214,
            "stdev": 0,
            "var": 0
        }
    },
    "melbands_crest": {
        "dmean": 1.78732728958,
        "dmean2": 2.3623919487,
        "dvar": 9.00092411041,
        "dvar2": 17.2005519867,
        "max": 30.6377124786,
        "mean": 22.1061458588,
        "median": 22.2858123779,
        "min": 9.09996795654,
        "stdev": 3.79584717751,
        "var": 14.4084558487
    },
    "melbands_flatness_db": {
        "dmean": 0.0162173267454,
        "dmean2": 0.0253205113113,
        "dvar": 0.000386388157494,
        "dvar2": 0.000736624759156,
        "max": 0.314514935017,
        "mean": 0.261069327593,
        "median": 0.257981419563,
        "min": 0.179813414812,
        "stdev": 0.0229769479483,
        "var": 0.000527940108441
    },
    "melbands_kurtosis": {
        "dmean": 5.87578582764,
        "dmean2": 8.68119525909,
        "dvar": 49.1138954163,
        "dvar2": 93.475227356,
        "max": 44.6408882141,
        "mean": 14.9313497543,
        "median": 14.0818529129,
        "min": 1.62172794342,
        "stdev": 9.14207363129,
        "var": 83.577507019
    },
    "melbands_skewness": {
        "dmean": 0.738291144371,
        "dmean2": 0.994129598141,
        "dvar": 0.863696455956,
        "dvar2": 1.56999516487,
        "max": 5.50386381149,
        "mean": 2.99305987358,
        "median": 3.16112756729,
        "min": -0.612730562687,
        "stdev": 1.18696784973,
        "var": 1.40889275074
    },
    "melbands_spread": {
        "dmean": 1.67712724209,
        "dmean2": 2.60666131973,
        "dvar": 4.83966588974,
        "dvar2": 14.5212697983,
        "max": 18.37890625,
        "mean": 8.91015434265,
        "median": 8.57078552246,
        "min": 2.9409866333,
        "stdev": 3.3605017662,
        "var": 11.2929725647
    },
    "pitch_salience": {
        "dmean": 0.0540806017816,
        "dmean2": 0.0653672665358,
        "dvar": 0.00735009042546,
        "dvar2": 0.0079374006018,
        "max": 0.804273486137,
        "mean": 0.395509600639,
        "median": 0.383046388626,
        "min": 0.176601782441,
        "stdev": 0.127234876156,
        "var": 0.0161887146533
    },
    "silence_rate_20dB": {
        "dmean": 0,
        "dmean2": 0,
        "dvar": 0,
        "dvar2": 0,
        "max": 1,
        "mean": 1,
        "median": 1,
        "min": 1,
        "stdev": 0,
        "var": 0
    },
    "silence_rate_30dB": {
        "dmean": 0,
        "dmean2": 0,
        "dvar": 0,
        "dvar2": 0,
        "max": 1,
        "mean": 1,
        "median": 1,
        "min": 1,
        "stdev": 0,
        "var": 0
    },
    "silence_rate_60dB": {
        "dmean": 0.0350877195597,
        "dmean2": 0.0535714291036,
        "dvar": 0.0338565632701,
        "dvar2": 0.0507015250623,
        "max": 1,
        "mean": 0.103448279202,
        "median": 0,
        "min": 0,
        "stdev": 0.304543465376,
        "var": 0.092746719718
    },
    "spectral_centroid": {
        "dmean": 77.9580230713,
        "dmean2": 131.744659424,
        "dvar": 13621.0195312,
        "dvar2": 39444.6015625,
        "max": 1712.00732422,
        "mean": 1134.20935059,
        "median": 1130.89941406,
        "min": 511.411071777,
        "stdev": 216.238708496,
        "var": 46759.1757812
    },
    "spectral_complexity": {
        "dmean": 1.4736841917,
        "dmean2": 2.46428561211,
        "dvar": 1.79316806793,
        "dvar2": 3.4987244606,
        "max": 15,
        "mean": 9.89655208588,
        "median": 11,
        "min": 0,
        "stdev": 4.11343336105,
        "var": 16.9203338623
    },
    "spectral_decrease": {
        "dmean": 1.19755150241e-09,
        "dmean2": 1.81804771238e-09,
        "dvar": 8.96659565386e-18,
        "dvar2": 1.93291297289e-17,
        "max": -4.76051574598e-16,
        "mean": -5.95872950981e-09,
        "median": -5.33601518526e-09,
        "min": -2.09277501995e-08,
        "stdev": 3.82457843173e-09,
        "var": 1.46274003856e-17
    },
    "spectral_energy": {
        "dmean": 0.0049328408204,
        "dmean2": 0.00741003965959,
        "dvar": 0.000152091786731,
        "dvar2": 0.000330521463184,
        "max": 0.0870148092508,
        "mean": 0.0247119385749,
        "median": 0.0219357293099,
        "min": 1.94346050364e-09,
        "stdev": 0.0158660523593,
        "var": 0.000251731602475
    },
    "spectral_energyband_high": {
        "dmean": 8.94333352335e-05,
        "dmean2": 0.000112203604658,
        "dvar": 1.41926967956e-08,
        "dvar2": 2.80264291774e-08,
        "max": 0.00112452742178,
        "mean": 0.000317910918966,
        "median": 0.000201719842153,
        "min": 8.79961589706e-11,
        "stdev": 0.000292906741379,
        "var": 8.57943618371e-08
    },
    "spectral_energyband_low": {
        "dmean": 0.000107952444523,
        "dmean2": 0.000187685043784,
        "dvar": 2.28334656072e-07,
        "dvar2": 4.83239091409e-07,
        "max": 0.00296288984828,
        "mean": 0.000101245161204,
        "median": 1.05173894553e-05,
        "min": 8.04602218185e-10,
        "stdev": 0.000468033540528,
        "var": 2.19055394268e-07
    },
    "spectral_energyband_middle_high": {
        "dmean": 0.0020809606649,
        "dmean2": 0.00379955628887,
        "dvar": 5.27851807419e-05,
        "dvar2": 0.000154728404596,
        "max": 0.0455823466182,
        "mean": 0.00535999843851,
        "median": 0.00377408671193,
        "min": 1.51118770275e-10,
        "stdev": 0.00625860132277,
        "var": 3.91700923501e-05
    },
    "spectral_energyband_middle_low": {
        "dmean": 0.0039981380105,
        "dmean2": 0.00546019617468,
        "dvar": 4.94814921694e-05,
        "dvar2": 0.00011938175885,
        "max": 0.056134711951,
        "mean": 0.0187862701714,
        "median": 0.0179206468165,
        "min": 7.7714223945e-10,
        "stdev": 0.0107411388308,
        "var": 0.000115372073196
    },
    "spectral_entropy": {
        "dmean": 0.178263917565,
        "dmean2": 0.268234074116,
        "dvar": 0.0444859750569,
        "dvar2": 0.0752620100975,
        "max": 8.03514194489,
        "mean": 6.91953992844,
        "median": 6.88163661957,
        "min": 6.3835644722,
        "stdev": 0.296197205782,
        "var": 0.0877327919006
    },
    "spectral_flux": {
        "dmean": 0.0175091009587,
        "dmean2": 0.0249909106642,
        "dvar": 0.00107730436139,
        "dvar2": 0.00169733993243,
        "max": 0.263161808252,
        "mean": 0.042237624526,
        "median": 0.0266331210732,
        "min": 0.0021435553208,
        "stdev": 0.0509767793119,
        "var": 0.00259863189422
    },
    "spectral_kurtosis": {
        "dmean": 2.41041755676,
        "dmean2": 4.23833990097,
        "dvar": 8.85360813141,
        "dvar2": 23.9206027985,
        "max": 19.0115509033,
        "mean": 5.39929103851,
        "median": 4.83707380295,
        "min": 1.86560583115,
        "stdev": 2.94223332405,
        "var": 8.65673732758
    },
    "spectral_rms": {
        "dmean": 0.000489830621518,
        "dmean2": 0.000667140819132,
        "dvar": 1.23349059322e-06,
        "dvar2": 2.25153212341e-06,
        "max": 0.00921371206641,
        "mean": 0.00453220168129,
        "median": 0.00462608970702,
        "min": 1.37697463742e-06,
        "stdev": 0.00188900833018,
        "var": 3.5683524402e-06
    },
    "spectral_rolloff": {
        "dmean": 116.732627869,
        "dmean2": 188.031005859,
        "dvar": 78661.859375,
        "dvar2": 162610.359375,
        "max": 2519.38476562,
        "mean": 1180.24243164,
        "median": 1442.72460938,
        "min": 21.533203125,
        "stdev": 449.63458252,
        "var": 202171.265625
    },
    "spectral_skewness": {
        "dmean": 0.275709301233,
        "dmean2": 0.462277024984,
        "dvar": 0.120764821768,
        "dvar2": 0.317484587431,
        "max": 3.08599734306,
        "mean": 1.66051065922,
        "median": 1.6182346344,
        "min": 1.09678041935,
        "stdev": 0.411321103573,
        "var": 0.169185042381
    },
    "spectral_spread": {
        "dmean": 463493.75,
        "dmean2": 605849.5625,
        "dvar": 2.91874878259e+12,
        "dvar2": 2.78941191373e+12,
        "max": 16954712,
        "mean": 3774823.75,
        "median": 3564327,
        "min": 2841644,
        "stdev": 1779769.125,
        "var": 3.16757822669e+12
    },
    "spectral_strongpeak": {
        "dmean": 0.600995540619,
        "dmean2": 1.0072132349,
        "dvar": 0.88264977932,
        "dvar2": 2.11327028275,
        "max": 6.33887720108,
        "mean": 3.37938952446,
        "median": 3.56457805634,
        "min": 0,
        "stdev": 1.46441411972,
        "var": 2.14450860023
    },
    "zerocrossingrate": {
        "dmean": 0.00493421033025,
        "dmean2": 0.00722830649465,
        "dvar": 0.000173858876224,
        "dvar2": 0.000355766649591,
        "max": 0.1044921875,
        "mean": 0.0413776263595,
        "median": 0.03955078125,
        "min": 0.0048828125,
        "stdev": 0.0154872108251,
        "var": 0.000239853703533
    },
    "barkbands": {
        "dmean": [0.000257699255599, 1.73228127096e-05, 6.3525664018e-07, 6.43753935492e-07, 7.55666223995e-06, 6.15053941146e-05, 4.83274561702e-05, 6.14705868429e-06, 0.00397075060755, 7.49961400288e-05, 9.60766465141e-06, 2.47183652391e-05, 0.00189061334822, 0.000151461077621, 0.000165755467606, 0.00013867605594, 0.000164120152476, 5.79604093218e-05, 5.36354855285e-05, 3.93406589865e-05, 3.09879651468e-05, 3.10448813252e-05, 2.00002505153e-05, 2.15601198761e-06, 8.22949914436e-07, 4.40861867901e-07, 8.78711825525e-10],
        "dmean2": [0.000473384017823, 2.81193297269e-05, 1.13511657673e-06, 1.11764745725e-06, 1.10099163066e-05, 0.000111809058581, 6.61346275592e-05, 8.9442164608e-06, 0.00545913306996, 0.000142049000715, 1.4610604012e-05, 4.54883156635e-05, 0.00342147308402, 0.000173694803379, 0.000302525644656, 0.00023650181538, 0.00026323410566, 8.79232320585e-05, 9.52959890128e-05, 6.917254359e-05, 4.25963371526e-05, 3.87494437746e-05, 2.88197952614e-05, 3.55266092811e-06, 1.3836212247e-06, 6.74722571148e-07, 1.55736068486e-09],
        "dvar": [1.45062938373e-06, 4.69219330057e-09, 1.57054989673e-12, 1.34765885517e-12, 8.54177839571e-11, 2.17439595218e-08, 1.39522682296e-09, 1.88461066197e-10, 4.95336607855e-05, 3.53948266252e-08, 1.32665003982e-10, 1.2435787955e-09, 5.14705316164e-05, 7.48956452412e-08, 3.48432216413e-08, 2.25656773267e-08, 2.76547808653e-07, 5.53140377946e-09, 1.45585579148e-08, 4.81357442794e-09, 1.86101167809e-09, 1.572434849e-09, 5.82965120621e-10, 7.43048764879e-12, 1.18644948467e-12, 3.84526015629e-13, 6.54914718219e-19],
        "dvar2": [2.88848400487e-06, 1.10680762333e-08, 4.09319626804e-12, 3.70533031341e-12, 2.02758379531e-10, 6.86179504328e-08, 2.54626586482e-09, 3.49124812393e-10, 0.000119445481687, 1.03325938028e-07, 2.88961604644e-10, 3.66554608888e-09, 0.000147384984302, 1.37481407592e-07, 9.80535475037e-08, 5.2593492228e-08, 6.69170617584e-07, 1.05155404384e-08, 4.73383074961e-08, 1.00533128489e-08, 3.1306908177e-09, 2.19334750362e-09, 7.4395217764e-10, 1.58885508916e-11, 2.01903944952e-12, 8.03286148536e-13, 1.92059385475e-18],
        "max": [0.00717740831897, 0.000434117624536, 8.22184028948e-06, 7.45999022911e-06, 9.52484260779e-05, 0.000896221841685, 0.000469596852781, 9.06948334887e-05, 0.0557885207236, 0.00118944002315, 6.94782356732e-05, 0.000241485293373, 0.0432520769536, 0.00213120807894, 0.00107980740722, 0.00113542715553, 0.00386360567063, 0.000848592433613, 0.000700652191881, 0.000584342633374, 0.0004063238448, 0.000387112610042, 0.000308907852741, 2.00750218937e-05, 9.56345775194e-06, 4.80290054838e-06, 3.16435500025e-09],
        "mean": [0.000266974617261, 1.39266676342e-05, 6.66009100314e-07, 5.83975577229e-07, 2.0658617359e-05, 0.000111938839837, 0.000193507294171, 6.51935624774e-06, 0.0183604825288, 0.000130198983243, 1.85897006304e-05, 2.7995887649e-05, 0.00340061890893, 0.000312086544, 0.000317379191983, 0.000464434619062, 0.00025785039179, 0.000290642230539, 0.000137684299261, 9.50811154325e-05, 8.74701145221e-05, 9.82421770459e-05, 8.50193828228e-05, 8.48149375088e-06, 3.29341560246e-06, 1.62734261266e-06, 8.58965010231e-10],
        "median": [4.02538571507e-05, 6.06847663676e-07, 4.25834343787e-07, 2.63221721752e-07, 1.03493239294e-05, 2.77060134977e-05, 0.000211934559047, 3.6847973206e-06, 0.017519980669, 8.14392187749e-05, 1.28443070935e-05, 1.57322356245e-05, 0.00191939459182, 7.34267523512e-05, 0.000291645585094, 0.000457977759652, 0.000103554571979, 0.000261237873929, 5.89408664382e-05, 6.46118860459e-05, 4.82783507323e-05, 5.48111383978e-05, 5.77315804549e-05, 8.60326781549e-06, 3.2856139569e-06, 1.47904472669e-06, 6.32168872805e-10],
        "min": [3.35077438018e-10, 3.58855806182e-10, 2.35056279996e-10, 1.91495430624e-10, 3.22316534573e-10, 1.31806843218e-10, 2.75096490726e-11, 1.6647143733e-11, 6.57101387191e-11, 6.2804469958e-11, 1.8135770663e-11, 7.23609019926e-12, 2.49812722591e-11, 8.89867693421e-12, 9.38845962778e-12, 7.11886886245e-12, 4.1866002852e-12, 6.87389121318e-12, 7.9606677153e-12, 7.35245545003e-12, 1.39465062762e-11, 6.88275174701e-12, 7.60509103609e-12, 1.13989824524e-11, 1.21862372623e-11, 1.69793294008e-11, 1.67883918573e-11],
        "stdev": [0.00120455061551, 6.41554797767e-05, 1.13505348054e-06, 1.06536390376e-06, 2.3185963073e-05, 0.000186969497008, 0.000116527444334, 1.27357125166e-05, 0.0105783678591, 0.000172844913322, 1.72027703229e-05, 3.78472141165e-05, 0.00574775366113, 0.000474527332699, 0.000223890790949, 0.000249120232183, 0.000538590131328, 0.000233068596572, 0.000151590895257, 0.000108888663817, 9.66294828686e-05, 9.96397793642e-05, 7.72807106841e-05, 5.31347768629e-06, 1.93302867046e-06, 1.19138678656e-06, 8.19257051088e-10],
        "var": [1.45094213622e-06, 4.11592582239e-09, 1.28834649112e-12, 1.13500029687e-12, 5.37588862315e-10, 3.49575941527e-08, 1.35786457633e-08, 1.62198379727e-10, 0.000111901870696, 2.98753626282e-08, 2.9593530404e-10, 1.43241174477e-09, 3.30366710841e-05, 2.25176179924e-07, 5.0127088258e-08, 6.20608844315e-08, 2.90079327669e-07, 5.43209708326e-08, 2.29798011731e-08, 1.18567404783e-08, 9.33725718966e-09, 9.92808590894e-09, 5.97230798149e-09, 2.82330461093e-11, 3.73659957142e-12, 1.41940257291e-12, 6.71182103844e-19]
    },
    "erbbands": {
        "dmean": [0.00194924708921, 0.000952928792685, 0.000692480476573, 0.00169528985862, 0.00323564582504, 0.0207016188651, 0.121367126703, 0.664778113365, 0.918654501438, 0.273681461811, 3.6784620285, 79.2439880371, 59.9641456604, 1.9688552618, 0.646639704704, 6.67874097824, 93.1198425293, 20.0090999603, 3.04453778267, 14.2732715607, 3.94363164902, 11.095293045, 3.51027822495, 2.57974267006, 2.75247001648, 1.97618222237, 0.725396156311, 1.51410496235, 1.2288851738, 0.959434330463, 0.391019880772, 0.0768455192447, 0.0217693187296, 0.0125346751884, 0.00512894056737, 0.00277022249065, 0.00086713215569, 8.41128494358e-05, 4.00710950998e-06, 5.93158165429e-06],
        "dmean2": [0.00327708525583, 0.00153301528189, 0.00119104119949, 0.00303995842114, 0.00526001583785, 0.0322066582739, 0.19009681046, 1.21310257912, 1.33147501945, 0.410227715969, 5.24476671219, 117.550453186, 79.8535995483, 2.63677191734, 0.985819756985, 12.5905323029, 170.443344116, 27.7694721222, 4.99623346329, 25.544424057, 5.60994625092, 17.5934391022, 5.03521776199, 4.6126203537, 4.15996980667, 3.84926843643, 1.1261421442, 2.23769235611, 1.57886636257, 1.18421781063, 0.561085224152, 0.11283171922, 0.0358210802078, 0.0193279813975, 0.00758850667626, 0.00460251653567, 0.00140458159149, 0.000123406600324, 5.45201373825e-06, 8.71945394465e-06],
        "dvar": [6.81761375745e-05, 1.01517871371e-05, 1.49439961206e-06, 1.31319366119e-05, 2.33431819652e-05, 0.000613039184827, 0.0321671254933, 2.73904561996, 0.810398876667, 0.0813270956278, 147.247070312, 40358.7109375, 7112.45849609, 7.53400468826, 0.86434084177, 801.43182373, 161909.625, 1093.91394043, 37.8876647949, 238.358673096, 23.9436359406, 1308.38586426, 19.6126747131, 36.0369644165, 24.0143623352, 16.942817688, 1.03156805038, 5.18869018555, 3.24786686897, 1.1406673193, 0.271509110928, 0.00598191889003, 0.00123248971067, 0.000193812724319, 4.46338017355e-05, 1.91228864423e-05, 1.13341934593e-06, 1.58054156429e-08, 6.68502267431e-11, 2.15994638841e-10],
        "dvar2": [0.000151939966599, 2.40800709435e-05, 3.89786646338e-06, 3.53033610736e-05, 7.08553125151e-05, 0.00156827911269, 0.0902424007654, 8.68914222717, 1.60661125183, 0.220224380493, 322.222198486, 86183.4453125, 16530.9433594, 18.0228996277, 1.55582654476, 2342.51000977, 463884.84375, 2380.49755859, 91.5215454102, 686.620788574, 33.8993797302, 3140.84960938, 30.9086112976, 125.151542664, 56.4315872192, 46.8286399841, 2.16614747047, 8.95797634125, 3.6771876812, 1.59726727009, 0.488882303238, 0.0114773903042, 0.00346067012288, 0.000457159563666, 8.1284015323e-05, 4.75645283586e-05, 2.28869089369e-06, 3.71975410474e-08, 1.55786258893e-10, 4.76027106622e-10],
        "max": [0.0518644563854, 0.0205878503621, 0.00791900977492, 0.0236416421831, 0.0275662075728, 0.226214155555, 1.13979446888, 9.92509555817, 10.1134986877, 2.35665512085, 84.7488174438, 1457.39685059, 807.484558105, 26.6746292114, 7.9120016098, 164.425491333, 2380.95605469, 312.88848877, 45.7376480103, 73.4532012939, 52.8933639526, 266.736297607, 49.8062744141, 40.6215629578, 37.9839935303, 25.9829750061, 9.27051830292, 18.5939235687, 15.6005859375, 14.0734558105, 4.63133716583, 0.812137126923, 0.238628551364, 0.117992371321, 0.0664058476686, 0.0359150096774, 0.00780112156644, 0.000850266485941, 5.74043297092e-05, 0.000105007500679],
        "mean": [0.00168101338204, 0.000813908060081, 0.000736227200832, 0.00161482626572, 0.00445069326088, 0.0476674996316, 0.306307435036, 1.10899484158, 3.61436152458, 0.873225331306, 8.06802463531, 327.417053223, 259.704833984, 8.73717308044, 1.61669588089, 6.18562459946, 104.527175903, 90.8754119873, 10.2401895523, 27.6631450653, 19.999376297, 18.1272258759, 18.2395839691, 7.57309913635, 7.54208087921, 4.74335956573, 2.22742486, 4.38514566422, 4.2481007576, 3.95851349831, 1.59148681164, 0.33212891221, 0.0697220042348, 0.0420851670206, 0.0201545730233, 0.0093222046271, 0.00272291456349, 0.000160313677043, 1.77001111297e-05, 3.01242253045e-05],
        "median": [0.000100803481473, 0.000107124636997, 0.000446151563665, 0.00080800417345, 0.00346562964842, 0.0262563303113, 0.205738961697, 0.272861838341, 3.70005846024, 0.846876561642, 6.38498401642, 322.919250488, 212.587677002, 7.96883201599, 1.34323954582, 3.45793771744, 47.6425933838, 49.9687271118, 7.87913990021, 27.619184494, 20.5323410034, 6.8019528389, 19.1349391937, 4.01476383209, 4.83892059326, 2.59515571594, 1.48845803738, 2.28722572327, 2.13350868225, 2.49000358582, 1.37239170074, 0.355134785175, 0.0656493753195, 0.0439854487777, 0.0197044797242, 0.00771612673998, 0.00236343359575, 9.51782421907e-05, 1.51715466927e-05, 2.71323551715e-05],
        "min": [1.22137473468e-08, 7.81786297921e-08, 2.39109795075e-07, 4.91811590564e-07, 8.29650105061e-07, 1.14077363378e-06, 1.22076664866e-06, 9.9509145457e-07, 5.53408483484e-07, 2.72405173973e-07, 5.62296349926e-07, 1.42345129461e-06, 2.06316235563e-06, 1.54885537995e-06, 4.28398976737e-07, 4.06114054385e-07, 1.12118470952e-06, 7.00644761764e-07, 3.27902398567e-07, 5.63520302421e-07, 3.44812633557e-07, 2.46146697691e-07, 3.84789757391e-07, 2.68424969363e-07, 4.49207192332e-07, 4.04828682576e-07, 7.50366268676e-07, 3.06376733761e-07, 2.38096319549e-07, 2.13773347468e-07, 2.20575046228e-07, 2.41141265178e-07, 1.817011821e-07, 1.37096606068e-07, 8.94390126405e-08, 6.24126954563e-08, 2.98168032487e-08, 1.02043058448e-08, 2.05281636134e-09, 2.86652951376e-10],
        "stdev": [0.00792323518544, 0.0030351781752, 0.0011527632596, 0.00319341965951, 0.0047537018545, 0.0511202514172, 0.270695090294, 1.91820204258, 2.08496880531, 0.592141985893, 11.859749794, 221.721923828, 175.189880371, 5.63511943817, 1.38970077038, 21.0539054871, 307.681060791, 81.9459686279, 8.89359664917, 20.3605327606, 11.6293296814, 37.4027519226, 13.951924324, 7.88884353638, 7.475877285, 5.56106853485, 2.1893184185, 4.84678506851, 4.60379600525, 3.7573735714, 1.15445494652, 0.203320518136, 0.0511867292225, 0.0249416232109, 0.0123010333627, 0.00681977532804, 0.00205666059628, 0.000170016195625, 1.17701765703e-05, 1.93097821466e-05],
        "var": [6.27776535111e-05, 9.21230639506e-06, 1.32886316351e-06, 1.01979294413e-05, 2.25976800721e-05, 0.00261328020133, 0.073275834322, 3.6794989109, 4.34709501266, 0.350632101297, 140.653671265, 49160.6132812, 30691.4960938, 31.7545719147, 1.93126821518, 443.266937256, 94667.6328125, 6715.14208984, 79.0960617065, 414.551300049, 135.241317749, 1398.96582031, 194.656204224, 62.2338523865, 55.8887443542, 30.9254817963, 4.79311561584, 23.4913253784, 21.1949386597, 14.1178569794, 1.33276629448, 0.0413392335176, 0.00262008118443, 0.000622084538918, 0.00015131541295, 4.65093326056e-05, 4.2298529479e-06, 2.89055055447e-08, 1.38537056826e-10, 3.72867708931e-10]
    },
    "gfcc": {
        "mean": [-111.270843506, 36.2260780334, -206.373596191, -15.5280132294, -88.8003692627, 2.88703179359, -26.9970111847, 13.3034563065, 6.33495092392, 8.70705413818, -17.2391986847, 0.842006027699, -4.92313289642],
        "cov": [[20093.4179688, -2619.01171875, -5245.60302734, -1557.72705078, -1759.82617188, -117.729957581, 71.1567153931, 701.263977051, 953.141906738, 144.761581421, -95.9906768799, 336.369262695, -25.1426372528], [-2619.01171875, 823.891357422, 966.237365723, 272.272857666, 352.850616455, 77.125541687, -23.0935058594, -128.223526001, -167.52180481, -63.3700447083, -11.892950058, -157.870849609, -2.06448984146], [-5245.60302734, 966.237365723, 1688.00476074, 514.229858398, 568.518432617, 84.6821212769, -23.8140125275, -189.352966309, -305.123077393, -91.6090011597, -37.2439537048, -166.803482056, 5.3274641037], [-1557.72705078, 272.272857666, 514.229858398, 296.347991943, 236.972091675, 17.9977645874, 29.5950222015, -58.3433418274, -90.0928421021, 0.899138867855, 12.6183700562, -20.8666667938, -8.61113643646], [-1759.82617188, 352.850616455, 568.518432617, 236.972091675, 279.585205078, 49.0935554504, 53.1578483582, -53.7402763367, -92.3489761353, 18.1233558655, 38.0865631104, -52.4217987061, -14.3538608551], [-117.729957581, 77.125541687, 84.6821212769, 17.9977645874, 49.0935554504, 46.3348464966, 33.3036155701, 1.71024179459, -16.9129924774, -5.37734365463, -6.63854503632, -37.197769165, -19.7928943634], [71.1567153931, -23.0935058594, -23.8140125275, 29.5950222015, 53.1578483582, 33.3036155701, 118.133094788, 40.1458702087, 24.5325279236, 63.4144248962, 44.0007591248, 3.95766162872, -34.7041053772], [701.263977051, -128.223526001, -189.352966309, -58.3433418274, -53.7402763367, 1.71024179459, 40.1458702087, 62.2290458679, 42.5905036926, 19.9582767487, 17.2953071594, 25.9850406647, 9.48463439941], [953.141906738, -167.52180481, -305.123077393, -90.0928421021, -92.3489761353, -16.9129924774, 24.5325279236, 42.5905036926, 80.1137771606, 43.3306083679, 28.2000675201, 44.1642913818, 0.674506187439], [144.761581421, -63.3700447083, -91.6090011597, 0.899138867855, 18.1233558655, -5.37734365463, 63.4144248962, 19.9582767487, 43.3306083679, 99.7101898193, 74.6278762817, 42.1106796265, -15.6108045578], [-95.9906768799, -11.892950058, -37.2439537048, 12.6183700562, 38.0865631104, -6.63854503632, 44.0007591248, 17.2953071594, 28.2000675201, 74.6278762817, 91.3082351685, 38.9837760925, 4.08693027496], [336.369262695, -157.870849609, -166.803482056, -20.8666667938, -52.4217987061, -37.197769165, 3.95766162872, 25.9850406647, 44.1642913818, 42.1106796265, 38.9837760925, 70.2715377808, 18.554599762], [-25.1426372528, -2.06448984146, 5.3274641037, -8.61113643646, -14.3538608551, -19.7928943634, -34.7041053772, 9.48463439941, 0.674506187439, -15.6108045578, 4.08693027496, 18.554599762, 51.0451202393]],
        "icov": [[0.000995719106868, -0.00158425571863, 0.00365666835569, -0.0023173277732, 8.09937118902e-05, -0.00228672125377, 0.00511904759333, -0.00849546398968, -0.00185440131463, -0.00377344363369, 0.00434612855315, 0.00194575241767, 0.00166398158763], [-0.00158425571863, 0.0120779406279, -0.0102961687371, 5.78401632083e-05, 0.00118570472114, 0.00451571121812, -0.00458035292104, 0.0166015811265, -0.00920664239675, 0.00652409577742, -0.0163505151868, 0.0205838233232, -0.00737799145281], [0.00365666835569, -0.0102961687371, 0.0202796999365, -0.00596403516829, -0.00765955867246, -0.0078992061317, 0.0157766342163, -0.0286033451557, 0.00758091313764, -0.0149586768821, 0.0236519314349, -0.00449192570522, 0.00415027001873], [-0.0023173277732, 5.78401632083e-05, -0.00596403516829, 0.0269746184349, -0.0220132227987, 0.0118784718215, -0.0194491464645, 0.0248723551631, 0.0140912383795, 0.0150424139574, 0.00363705749623, -0.0332648381591, 0.000819785695057], [8.09937118902e-05, 0.00118570472114, -0.00765955867246, -0.0220132227987, 0.048911485821, -0.0158807579428, -0.0060421214439, 0.00536311976612, -0.0021890597418, -0.00639814091846, -0.0238064266741, 0.0248964186758, -0.00940601527691], [-0.00228672125377, 0.00451571121812, -0.0078992061317, 0.0118784718215, -0.0158807579428, 0.0766426771879, -0.0219045355916, 0.00421951524913, 0.00269338022918, 0.0136715769768, -0.00879802554846, 0.0276021361351, 0.00627775071189], [0.00511904759333, -0.00458035292104, 0.0157766342163, -0.0194491464645, -0.0060421214439, -0.0219045355916, 0.0770798325539, -0.0849409550428, -0.0229110028595, -0.0379319116473, 0.0195536892861, 0.0253272242844, 0.0333335511386], [-0.00849546398968, 0.0166015811265, -0.0286033451557, 0.0248723551631, 0.00536311976612, 0.00421951524913, -0.0849409550428, 0.147524476051, 0.0131758572534, 0.048411861062, -0.0403889231384, -0.0276510324329, -0.0504318214953], [-0.00185440131463, -0.00920664239675, 0.00758091313764, 0.0140912383795, -0.0021890597418, 0.00269338022918, -0.0229110028595, 0.0131758572534, 0.0842928737402, -0.00832446478307, 0.00749874860048, -0.0441065914929, -0.00552329141647], [-0.00377344363369, 0.00652409577742, -0.0149586768821, 0.0150424139574, -0.00639814091846, 0.0136715769768, -0.0379319116473, 0.048411861062, -0.00832446478307, 0.067441649735, -0.0403416454792, -0.0256135072559, 0.00449747266248], [0.00434612855315, -0.0163505151868, 0.0236519314349, 0.00363705749623, -0.0238064266741, -0.00879802554846, 0.0195536892861, -0.0403889231384, 0.00749874860048, -0.0403416454792, 0.0739399269223, -0.0313383564353, 0.00335207139142], [0.00194575241767, 0.0205838233232, -0.00449192570522, -0.0332648381591, 0.0248964186758, 0.0276021361351, 0.0253272242844, -0.0276510324329, -0.0441065914929, -0.0256135072559, -0.0313383564353, 0.137845396996, -0.0181385055184], [0.00166398158763, -0.00737799145281, 0.00415027001873, 0.000819785695057, -0.00940601527691, 0.00627775071189, 0.0333335511386, -0.0504318214953, -0.00552329141647, 0.00449747266248, 0.00335207139142, -0.0181385055184, 0.0594125799835]]
    },
    "melbands": {
        "dmean": [2.32276615861e-05, 4.7665471925e-07, 3.02798326857e-07, 6.72477199259e-07, 3.57351200364e-06, 1.46138345372e-05, 1.29042455228e-05, 1.84657540103e-06, 5.45211842109e-05, 0.000602769141551, 0.000297816790408, 2.62328967437e-06, 1.77929405254e-06, 1.96105747818e-06, 0.000104437138361, 0.0001732147648, 2.73248897429e-05, 3.51828293788e-06, 1.50364503497e-05, 1.46247057273e-05, 3.50954996975e-06, 1.14681988634e-05, 4.58155909655e-06, 4.37001472164e-06, 2.39263385993e-06, 1.75085756382e-06, 2.46432932727e-06, 1.48499282204e-06, 5.33779484613e-07, 4.82324367113e-07, 1.12211375836e-06, 6.74030843584e-07, 6.5018633677e-07, 6.22888819635e-07, 2.76622387219e-07, 9.96570150846e-08, 4.29859099427e-08, 1.95788327773e-08, 8.01695954067e-09, 1.36172273457e-08],
        "dmean2": [4.00782082579e-05, 7.78158835146e-07, 5.21209983617e-07, 1.06190600491e-06, 5.68714722249e-06, 2.59715143329e-05, 1.92555562535e-05, 2.92239678856e-06, 9.06677523744e-05, 0.000843553978484, 0.00040328639443, 4.31973512605e-06, 2.76242326436e-06, 3.26679037244e-06, 0.000201379953069, 0.000300476560369, 3.21558145515e-05, 6.25217853667e-06, 2.74612593785e-05, 2.57941428572e-05, 4.45655723524e-06, 1.72409363586e-05, 7.92462014942e-06, 6.30312615613e-06, 4.7834914767e-06, 3.00599344882e-06, 3.81001018468e-06, 2.92851291306e-06, 8.01705596132e-07, 8.33364367736e-07, 1.70783209796e-06, 7.92645153069e-07, 9.30823205181e-07, 8.27037069939e-07, 3.88263259765e-07, 1.3910843677e-07, 7.06249778659e-08, 3.32314158413e-08, 1.35934303813e-08, 2.06188879304e-08],
        "dvar": [1.03652508798e-08, 1.22399182803e-12, 3.72455728368e-13, 5.94164908246e-13, 2.77607051929e-11, 1.15541487489e-09, 1.50343765215e-10, 3.80444807602e-12, 4.84235016529e-08, 1.72457043845e-06, 1.88667172552e-07, 7.59161136732e-12, 5.06423722402e-12, 1.19492124528e-11, 2.29397286944e-07, 3.99704219944e-07, 1.76752501524e-09, 6.91455226409e-11, 2.31521690708e-10, 2.83071455165e-10, 2.08178110167e-11, 1.25761412395e-09, 2.61694194092e-10, 3.59653938575e-11, 3.7696550742e-11, 2.41889772101e-11, 1.86089494508e-11, 1.1291168521e-11, 5.39165608861e-13, 7.63329720613e-13, 3.53127162928e-12, 8.23942585167e-13, 8.41038501863e-13, 5.63388962219e-13, 1.28905417699e-13, 1.08532872631e-14, 1.89116749672e-15, 8.89062298581e-16, 9.38745902839e-17, 2.0113226143e-16],
        "dvar2": [2.21922960009e-08, 3.05868741793e-12, 1.0354011485e-12, 1.61272319284e-12, 7.69782085297e-11, 3.6260450198e-09, 3.28381044579e-10, 1.14954998645e-11, 1.25627508396e-07, 4.02705200031e-06, 3.92946247985e-07, 1.73228965894e-11, 8.85230864306e-12, 3.05978922754e-11, 6.72950136504e-07, 1.11391648261e-06, 2.28299867899e-09, 1.53019125149e-10, 6.84974688081e-10, 7.71311348124e-10, 1.50495119838e-11, 2.85473222839e-09, 7.06048164378e-10, 6.28631383059e-11, 1.30956065436e-10, 7.20961970679e-11, 4.39555024323e-11, 3.56756221787e-11, 1.12446304438e-12, 2.37373814181e-12, 6.9540913826e-12, 1.13374208025e-12, 1.4289026776e-12, 7.69774055696e-13, 2.36518459982e-13, 2.16532351674e-14, 5.06850836055e-15, 2.51238209551e-15, 2.09392606141e-16, 5.21919573362e-16],
        "max": [0.000633351854049, 7.36290485293e-06, 3.94966218664e-06, 6.14451118963e-06, 3.14419958158e-05, 0.000204446419957, 0.000129716252559, 1.81983159564e-05, 0.00140865508001, 0.0101614929736, 0.0041358214803, 1.66004119819e-05, 1.53714699991e-05, 2.86331978714e-05, 0.00271961116232, 0.00392353534698, 0.000500626454595, 5.06449287059e-05, 8.36620820337e-05, 9.94432484731e-05, 5.2243580285e-05, 0.000262965768343, 0.000113744004921, 6.62540624035e-05, 3.63873587048e-05, 3.11067597067e-05, 3.57639146387e-05, 1.85917924682e-05, 6.36781715002e-06, 6.94063237461e-06, 1.44089854075e-05, 9.35994739848e-06, 8.13167207525e-06, 1.00759170891e-05, 2.86686031359e-06, 9.96787775875e-07, 3.27606102246e-07, 1.67968607911e-07, 7.71840618086e-08, 1.25673935258e-07],
        "mean": [2.12926661334e-05, 4.75602973893e-07, 3.21210222864e-07, 1.38880375289e-06, 8.81190953805e-06, 2.67896884907e-05, 5.15523752256e-05, 4.5496558414e-06, 3.80138953915e-05, 0.00267024431378, 0.00135065265931, 4.71127577839e-06, 3.38298627867e-06, 2.59299940808e-06, 6.89736625645e-05, 0.000344183121342, 0.000134837522637, 7.90311059973e-06, 3.12925112667e-05, 3.60276353604e-05, 1.75557270268e-05, 1.92667284864e-05, 8.14609120425e-06, 2.1687541448e-05, 3.82710231861e-06, 4.32799515693e-06, 6.06960929872e-06, 2.41339307649e-06, 1.36530036343e-06, 1.36904327519e-06, 2.87075022243e-06, 2.0521067654e-06, 2.14171996049e-06, 2.60592400991e-06, 9.50820492562e-07, 3.72193511566e-07, 1.2582110287e-07, 4.63428087016e-08, 2.31174723808e-08, 4.21932178085e-08],
        "median": [1.91937579075e-06, 2.06018256677e-07, 1.95151798721e-07, 9.92973014036e-07, 5.78267190576e-06, 5.73105626245e-06, 5.29894823558e-05, 3.58146553481e-06, 3.43721171703e-06, 0.00262838834897, 0.00112656073179, 3.75184527002e-06, 2.46707122642e-06, 1.36938660944e-06, 2.14109386434e-05, 0.000192158724531, 7.27799488232e-05, 4.96335269418e-06, 2.81549109786e-05, 3.33352509188e-05, 1.55066300067e-05, 7.35606272428e-06, 4.31491753261e-06, 1.83996453416e-05, 1.09516224711e-06, 2.39893051912e-06, 4.47156571681e-06, 1.21193306768e-06, 1.11497024591e-06, 8.18730427454e-07, 1.51673043547e-06, 1.07328287413e-06, 1.26848328819e-06, 1.54642339112e-06, 8.03514467407e-07, 3.77085143555e-07, 1.22921278489e-07, 3.44781092565e-08, 2.25188845349e-08, 4.25247606017e-08],
        "min": [1.20374127333e-10, 1.17390791532e-10, 9.6109314951e-11, 7.09515710073e-11, 4.52358289715e-11, 2.24881970684e-11, 7.79545785562e-12, 2.79765685444e-12, 5.22671966471e-12, 9.52456950115e-12, 1.0378644992e-11, 6.59640484596e-12, 1.92045077757e-12, 5.06413812794e-13, 1.96130546699e-12, 2.52280336378e-12, 1.10445918904e-12, 4.16656347011e-13, 7.88959175768e-13, 6.35270753103e-13, 3.58364786414e-13, 2.68671207244e-13, 2.35826711891e-13, 3.73729042505e-13, 1.69027904737e-13, 4.20138831494e-13, 2.22573167037e-13, 2.49442529349e-13, 4.96059302576e-13, 2.75364312515e-13, 1.64843141849e-13, 1.38436124001e-13, 1.19173280185e-13, 1.19470161845e-13, 1.0589431079e-13, 1.91174929619e-13, 1.21904995321e-13, 1.44258872426e-13, 9.84685626765e-14, 1.20315473621e-13],
        "stdev": [9.92995337583e-05, 1.05181572962e-06, 5.40485984857e-07, 1.45383376093e-06, 8.52206721902e-06, 4.37802591478e-05, 2.85403039015e-05, 4.69634142064e-06, 0.000188907681149, 0.00160040496849, 0.000916595745366, 3.95654296881e-06, 3.32402441927e-06, 4.1373627937e-06, 0.000351758120814, 0.000535643601324, 0.000130277083372, 1.00767156255e-05, 2.0179861167e-05, 2.34889030253e-05, 1.17833342301e-05, 3.80963028874e-05, 1.53840592247e-05, 1.84921937034e-05, 6.09250582784e-06, 5.10358540851e-06, 6.22767447567e-06, 3.55917973138e-06, 1.33091475618e-06, 1.36015682983e-06, 3.46724414158e-06, 2.16731837099e-06, 2.22236008085e-06, 2.67143900601e-06, 7.24888195691e-07, 2.47028395961e-07, 7.4952055229e-08, 4.17994243662e-08, 1.5959102484e-08, 2.50224747589e-08],
        "var": [9.8603969434e-09, 1.10631631894e-12, 2.92125075215e-13, 2.11363261962e-12, 7.26256346728e-11, 1.91671101213e-09, 8.14548983818e-10, 2.2055622953e-11, 3.56861136197e-08, 2.56129624177e-06, 8.40147777126e-07, 1.56542331181e-11, 1.10491390343e-11, 1.71177724773e-11, 1.23733784108e-07, 2.86914087155e-07, 1.69721179333e-08, 1.01540192921e-10, 4.07226780075e-10, 5.51728551734e-10, 1.38846961706e-10, 1.4513283908e-09, 2.36669267517e-10, 3.41961237105e-10, 3.7118627616e-11, 2.6046583293e-11, 3.87839309279e-11, 1.26677609374e-11, 1.77133416442e-12, 1.8500266423e-12, 1.20217820074e-11, 4.69726861574e-12, 4.93888393724e-12, 7.13658689436e-12, 5.25462919704e-13, 6.10230317883e-14, 5.61781092091e-15, 1.74719201272e-15, 2.54692934012e-16, 6.26124266451e-16]
    },
    "melbands128": {
