{
"lowlevel": {
    "average_loudness": 0.968352019787,
    "barkbands_crest": {
        "dmean": 2.16636133194,
        "dmean2": 3.35155558586,
        "dvar": 8.07417297363,
        "dvar2": 16.8727645874,
        "max": 26.2980232239,
        "mean": 16.1984214783,
        "median": 14.5969181061,
        "min": 3.60223174095,
        "stdev": 4.51969099045,
        "var": 20.42760849
    },
    "barkbands_flatness_db": {
        "dmean": 0.0301910713315,
        "dmean2": 0.044826708734,
        "dvar": 0.00240559712984,
        "dvar2": 0.0041858968325,
        "max": 0.533736169338,
        "mean": 0.349460721016,
        "median": 0.340840101242,
        "min": 0.0264782682061,
        "stdev": 0.0786351710558,
        "var": 0.00618349062279
    },
    "barkbands_kurtosis": {
        "dmean": 90.9328994751,
        "dmean2": 148.62437439,
        "dvar": 59015.2773438,
        "dvar2": 165453.8125,
        "max": 2392.6809082,
        "mean": 135.344482422,
        "median": 1.15826058388,
        "min": -1.70823693275,
        "stdev": 325.66796875,
        "var": 106059.632812
    },
    "barkbands_skewness": {
        "dmean": 1.98599731922,
        "dmean2": 3.21730041504,
        "dvar": 18.1610507965,
        "dvar2": 48.0811767578,
        "max": 44.4002418518,
        "mean": 4.80916166306,
        "median": 0.966317176819,
        "min": -2.72604084015,
        "stdev": 8.12706184387,
        "var": 66.0491409302
    },
    "barkbands_spread": {
        "dmean": 2.19469666481,
        "dmean2": 3.03071761131,
        "dvar": 97.3885498047,
        "dvar2": 123.757293701,
        "max": 101.919624329,
        "mean": 7.64623308182,
        "median": 7.30146884918,
        "min": 0.184125259519,
        "stdev": 10.2378025055,
        "var": 104.812606812
    },
    "dissonance": {
        "dmean": 0.0322480015457,
        "dmean2": 0.0588627941906,
        "dvar": 0.000933018571232,
        "dvar2": 0.00284571363591,
        "max": 0.497649937868,
        "mean": 0.38022723794,
        "median": 0.403006732464,
        "min": 0.131025582552,
        "stdev": 0.0895529538393,
        "var": 0.00801973138005
    },
    "dynamic_complexity": 21.2551059723,
    "erbbands_crest": {
        "dmean": 1.45221161842,
        "dmean2": 2.07328271866,
        "dvar": 4.9485001564,
        "dvar2": 12.2309036255,
        "max": 29.984664917,
        "mean": 18.3130569458,
        "median": 16.6340312958,
        "min": 2.38980293274,
        "stdev": 7.33370304108,
        "var": 53.7831993103
    },
    "erbbands_flatness_db": {
        "dmean": 0.0107757877558,
        "dmean2": 0.0147285740823,
        "dvar": 0.000208951329114,
        "dvar2": 0.000403896323405,
        "max": 0.427397727966,
        "mean": 0.259572535753,
        "median": 0.310433626175,
        "min": 0.0324167199433,
        "stdev": 0.113988623023,
        "var": 0.0129934065044
    },
    "erbbands_kurtosis": {
        "dmean": 8.43234157562,
        "dmean2": 12.5016145706,
        "dvar": 448.677185059,
        "dvar2": 1091.25769043,
        "max": 236.222839355,
        "mean": 23.1815624237,
        "median": 0.584670186043,
        "min": -1.53132009506,
        "stdev": 51.5876541138,
        "var": 2661.28613281
    },
    "erbbands_skewness": {
        "dmean": 0.624498844147,
        "dmean2": 0.998873472214,
        "dvar": 1.27415239811,
        "dvar2": 3.82736992836,
        "max": 11.5770225525,
        "mean": 2.08977651596,
        "median": 0.71979123354,
        "min": -1.09111261368,
        "stdev": 2.90346574783,
        "var": 8.43011283875
    },
    "erbbands_spread": {
        "dmean": 4.94099569321,
        "dmean2": 8.47605705261,
        "dvar": 182.608047485,
        "dvar2": 411.149841309,
        "max": 146.116394043,
        "mean": 31.4178504944,
        "median": 17.2587814331,
        "min": 0.718053162098,
        "stdev": 41.5802612305,
        "var": 1728.91809082
    },
    "hfc": {
        "dmean": 1.16088521481,
        "dmean2": 1.03186678886,
        "dvar": 8.91303157806,
        "dvar2": 7.64411830902,
        "max": 55.1527175903,
        "mean": 15.6548118591,
        "median": 0.129666626453,
        "min": 2.90515545203e-05,
        "stdev": 19.5707492828,
        "var": 383.014251709
    },
    "loudness_ebu128": {
        "integrated": -24.55809021,
        "loudness_range": 0,
        "momentary": {
            "dmean": 3.70024681091,
            "dmean2": 2.42014908791,
            "dvar": 49.0286903381,
            "dvar2": 34.3635063171,
            "max": -22.2239093781,
            "mean": -37.6861877441,
            "median": -28.0590553284,
            "min": -69.094871521,
            "stdev": 17.2240428925,
            "var": 296.667663574
        },
        "short_term": {
            "dmean": 0,
            "dmean2": 0,
            "dvar": 0,
            "dvar2": 0,
            "max": -27.0205402374,
            "mean": -27.0205402374,
            "median": -27.0205402374,
            "min": -27.0205402374,
            "stdev": 0,
            "var": 0
        }
    },
    "melbands_crest": {
        "dmean": 2.25540924072,
        "dmean2": 3.5669901371,
        "dvar": 17.1834659576,
        "dvar2": 33.3368492126,
        "max": 39.6761474609,
        "mean": 24.3275165558,
        "median": 18.155582428,
        "min": 7.86069965363,
        "stdev": 9.77819347382,
        "var": 95.613067627
    },
    "melbands_flatness_db": {
        "dmean": 0.0296941958368,
        "dmean2": 0.0454155616462,
        "dvar": 0.00258294865489,
        "dvar2": 0.00444294512272,
        "max": 0.61902064085,
        "mean": 0.382681369781,
        "median": 0.398962289095,
        "min": 0.0808354541659,
        "stdev": 0.114163562655,
        "var": 0.0130333183333
    },
    "melbands_kurtosis": {
        "dmean": 366.699951172,
        "dmean2": 603.180114746,
        "dvar": 1404751.625,
        "dvar2": 4047906,
        "max": 11995.1640625,
        "mean": 519.813903809,
        "median": 2.65881156921,
        "min": -1.34170126915,
        "stdev": 1531.69519043,
        "var": 2346090
    },
    "melbands_skewness": {
        "dmean": 3.38602685928,
        "dmean2": 5.04358768463,
        "dvar": 61.717792511,
        "dvar2": 151.72996521,
        "max": 88.1743011475,
        "mean": 8.46444320679,
        "median": 1.24563097954,
        "min": -3.06264352798,
        "stdev": 17.0987091064,
        "var": 292.365875244
    },
    "melbands_spread": {
        "dmean": 2.13654184341,
        "dmean2": 3.23730897903,
        "dvar": 61.3893623352,
        "dvar2": 98.1889038086,
        "max": 62.5993309021,
        "mean": 10.6678028107,
        "median": 8.79785346985,
        "min": 0.0431084483862,
        "stdev": 10.5070838928,
        "var": 110.39881134
    },
    "pitch_salience": {
        "dmean": 0.042725674808,
        "dmean2": 0.064402513206,
        "dvar": 0.00816513970494,
        "dvar2": 0.0113689620048,
        "max": 0.829330146313,
        "mean": 0.498100072145,
        "median": 0.632832050323,
        "min": 0.0331039242446,
        "stdev": 0.276021510363,
        "var": 0.0761878713965
    },
    "silence_rate_20dB": {
        "dmean": 0,
        "dmean2": 0,
        "dvar": 0,
        "dvar2": 0,
        "max": 1,
        "mean": 1,
        "median": 1,
        "min": 1,
        "stdev": 0,
        "var": 0
    },
    "silence_rate_30dB": {
        "dmean": 0,
        "dmean2": 0,
        "dvar": 0,
        "dvar2": 0,
        "max": 1,
        "mean": 1,
        "median": 1,
        "min": 1,
        "stdev": 0,
        "var": 0
    },
    "silence_rate_60dB": {
        "dmean": 0.01600000076,
        "dmean2": 0.0322580635548,
        "dvar": 0.0157439801842,
        "dvar2": 0.0312175229192,
        "max": 1,
        "mean": 0.531746029854,
        "median": 1,
        "min": 0,
        "stdev": 0.498990863562,
        "var": 0.248991876841
    },
    "spectral_centroid": {
        "dmean": 80.9352493286,
        "dmean2": 114.298873901,
        "dvar": 38705.328125,
        "dvar2": 60803.9335938,
        "max": 2426.43359375,
        "mean": 1087.07202148,
        "median": 1115.89868164,
        "min": 438.520172119,
        "stdev": 530.584960938,
        "var": 281520.375
    },
    "spectral_complexity": {
        "dmean": 0.512000024319,
        "dmean2": 0.919354856014,
        "dvar": 6.58585977554,
        "dvar2": 13.8805866241,
        "max": 27,
        "mean": 4.49206352234,
        "median": 1.5,
        "min": 0,
        "stdev": 5.23987913132,
        "var": 27.4563331604
    },
    "spectral_decrease": {
        "dmean": 2.48544129722e-10,
        "dmean2": 2.23091864426e-10,
        "dvar": 3.50824771974e-19,
        "dvar2": 3.34934167118e-19,
        "max": -5.81170586814e-16,
        "mean": -3.29704352708e-09,
        "median": -5.52247345076e-11,
        "min": -1.18492380352e-08,
        "stdev": 4.0184207073e-09,
        "var": 1.61477054119e-17
    },
    "spectral_energy": {
        "dmean": 0.00104194541927,
        "dmean2": 0.000927692686673,
        "dvar": 6.22773495706e-06,
        "dvar2": 5.84422059546e-06,
        "max": 0.0497097931802,
        "mean": 0.013863700442,
        "median": 0.000220191403059,
        "min": 4.82853135253e-09,
        "stdev": 0.0169365368783,
        "var": 0.00028684627614
    },
    "spectral_energyband_high": {
        "dmean": 1.8239406927e-05,
        "dmean2": 1.82689454959e-05,
        "dvar": 2.03795802456e-09,
        "dvar2": 2.67649369334e-09,
        "max": 0.000587721413467,
        "mean": 8.81003506947e-05,
        "median": 3.64048986512e-08,
        "min": 1.88551485536e-09,
        "stdev": 0.000137007649755,
        "var": 1.87710949007e-08
    },
    "spectral_energyband_low": {
        "dmean": 3.05149187625e-05,
        "dmean2": 5.46570227016e-05,
        "dvar": 1.59520947562e-08,
        "dvar2": 4.26028385903e-08,
        "max": 0.00124748633243,
        "mean": 3.84860613849e-05,
        "median": 1.41291293403e-05,
        "min": 1.08269770926e-09,
        "stdev": 0.000129915351863,
        "var": 1.68779976661e-08
    },
    "spectral_energyband_middle_high": {
        "dmean": 0.000692675355822,
        "dmean2": 0.00049325072905,
        "dvar": 2.48609649134e-06,
        "dvar2": 1.43991167079e-06,
        "max": 0.0376939885318,
        "mean": 0.0107934335247,
        "median": 8.03723669378e-05,
        "min": 6.94788671041e-10,
        "stdev": 0.0132605899125,
        "var": 0.000175843233592
    },
    "spectral_energyband_middle_low": {
        "dmean": 0.000396053656004,
        "dmean2": 0.000546351482626,
        "dvar": 1.53071380282e-06,
        "dvar2": 2.42155738306e-06,
        "max": 0.0147942909971,
        "mean": 0.00294945016503,
        "median": 0.000130329775857,
        "min": 8.93669305224e-10,
        "stdev": 0.00367487571202,
        "var": 1.35047112053e-05
    },
    "spectral_entropy": {
        "dmean": 0.110113888979,
        "dmean2": 0.129635810852,
        "dvar": 0.0117216585204,
        "dvar2": 0.012554387562,
        "max": 8.61493396759,
        "mean": 6.22746229172,
        "median": 5.72412395477,
        "min": 4.27561950684,
        "stdev": 1.16331553459,
        "var": 1.35330307484
    },
    "spectral_flux": {
        "dmean": 0.00389574933797,
        "dmean2": 0.00531098525971,
        "dvar": 0.000137691851705,
        "dvar2": 0.000196730499738,
        "max": 0.154837146401,
        "mean": 0.0098159359768,
        "median": 0.00548238307238,
        "min": 0.00052806356689,
        "stdev": 0.0203236266971,
        "var": 0.000413049798226
    },
    "spectral_kurtosis": {
        "dmean": 3.38423347473,
        "dmean2": 5.9293179512,
        "dvar": 19.0429019928,
        "dvar2": 48.808139801,
        "max": 54.2811317444,
        "mean": 11.6079969406,
        "median": 9.46631813049,
        "min": 1.97911214828,
        "stdev": 10.2332963943,
        "var": 104.720359802
    },
    "spectral_rms": {
        "dmean": 0.0001465332316,
        "dmean2": 0.000142260134453,
        "dvar": 1.34007407837e-07,
        "dvar2": 1.35565130677e-07,
        "max": 0.00696400459856,
        "mean": 0.00254399632104,
        "median": 0.000458068447188,
        "min": 2.17042907025e-06,
        "stdev": 0.00265587097965,
        "var": 7.05365118847e-06
    },
    "spectral_rolloff": {
        "dmean": 202.239837646,
        "dmean2": 266.039245605,
        "dvar": 1973327.25,
        "dvar2": 2003961.5,
        "max": 15676.171875,
        "mean": 1013.25579834,
        "median": 882.861328125,
        "min": 21.533203125,
        "stdev": 1501.5324707,
        "var": 2254599.75
    },
    "spectral_skewness": {
        "dmean": 0.306373924017,
        "dmean2": 0.533473312855,
        "dvar": 0.123156264424,
        "dvar2": 0.318097889423,
        "max": 6.24438047409,
        "mean": 2.36985492706,
        "median": 2.12709474564,
        "min": 1.19456088543,
        "stdev": 1.03588891029,
        "var": 1.07306575775
    },
    "spectral_spread": {
        "dmean": 369049.09375,
        "dmean2": 557970.125,
        "dvar": 350474764288,
        "dvar2": 509565534208,
        "max": 11491755,
        "mean": 4856326.5,
        "median": 3115946.5,
        "min": 1266541.125,
        "stdev": 2795646,
        "var": 7.81563723776e+12
    },
    "spectral_strongpeak": {
        "dmean": 0.117060095072,
        "dmean2": 0.145544201136,
        "dvar": 0.16934658587,
        "dvar2": 0.440976858139,
        "max": 5.48242950439,
        "mean": 1.8435395956,
        "median": 0.16172644496,
        "min": 0,
        "stdev": 2.04963684082,
        "var": 4.20101118088
    },
    "zerocrossingrate": {
        "dmean": 0.00398828135803,
        "dmean2": 0.00528840115294,
        "dvar": 7.80705886427e-05,
        "dvar2": 0.000135978261824,
        "max": 0.0947265625,
        "mean": 0.0428989939392,
        "median": 0.0400390625,
        "min": 0.00048828125,
        "stdev": 0.0319014377892,
        "var": 0.00101770181209
    },
    "barkbands": {
        "dmean": [1.22861365526e-05, 6.03154330747e-06, 9.34104627959e-06, 2.64577793132e-05, 2.40785557253e-05, 1.63189852174e-05, 0.000377686024876, 5.99281111135e-06, 2.6775594506e-06, 0.000422832119511, 5.44423573956e-06, 1.16664405141e-05, 0.000221508831601, 4.97158071084e-05, 7.11376342224e-05, 9.1305199021e-05, 0.000111404668132, 5.4043262935e-05, 5.12586957484e-05, 1.32196264531e-05, 5.63654612051e-06, 4.12938379668e-06, 1.9669989797e-06, 7.15172120636e-07, 3.26771044001e-07, 1.10574383427e-07, 8.38357294697e-09],
        "dmean2": [1.96491728275e-05, 9.9736798802e-06, 1.79847702384e-05, 5.21880210727e-05, 4.43735007138e-05, 2.65088892775e-05, 0.000568086572457, 1.05357412394e-05, 4.65771108793e-06, 0.000272367382422, 8.42141525936e-06, 1.75071563717e-05, 0.00021280926012, 8.86928974069e-05, 7.92240170995e-05, 0.000130251661176, 0.000145915910252, 8.96089186426e-05, 5.45722177776e-05, 1.95468401216e-05, 6.92179764883e-06, 4.7670209824e-06, 2.39556311499e-06, 8.30905037219e-07, 4.15604034743e-07, 1.71365726942e-07, 1.44658525159e-08],
        "dvar": [1.8678512903e-10, 1.17178461378e-10, 3.14572479176e-09, 2.33535590866e-08, 2.03688852451e-08, 1.03239328197e-08, 1.59779347086e-06, 1.69854408316e-09, 3.24566346022e-10, 7.39043116482e-07, 1.19727361358e-09, 5.50589041026e-09, 5.21348795246e-07, 1.22073757325e-07, 4.44168257729e-08, 7.89345051544e-08, 8.72654126738e-08, 6.547659126e-08, 1.39155726941e-08, 2.15353557209e-09, 1.3362012885e-10, 7.48171802289e-11, 1.9189788647e-11, 1.85249016647e-12, 4.08062852172e-13, 4.97214370913e-14, 2.44013622022e-16],
        "dvar2": [2.98438052049e-10, 1.76400186125e-10, 9.70223990038e-09, 6.42011741547e-08, 6.35314378883e-08, 2.02115550962e-08, 2.95480435852e-06, 4.77754857897e-09, 9.19382514564e-10, 3.54253216983e-07, 2.79926948288e-09, 1.28456854043e-08, 4.96147663398e-07, 3.34829195481e-07, 5.60119381987e-08, 1.53202250885e-07, 1.84981928442e-07, 1.27729435917e-07, 1.80157666563e-08, 4.48190773383e-09, 1.81876055882e-10, 1.35408698143e-10, 2.44398130206e-11, 2.68533047361e-12, 6.01991601099e-13, 1.10355667204e-13, 6.32949922638e-16],
        "max": [0.000140575401019, 0.000132124987431, 0.000487340294058, 0.00144037837163, 0.00122949155048, 0.000969241256826, 0.0132072996348, 0.000370818626834, 0.000166007288499, 0.0242427513003, 0.000327274494339, 0.000724678102415, 0.0116295004264, 0.00309016718529, 0.00361294415779, 0.00295042013749, 0.00304128718562, 0.0025448910892, 0.00217200769112, 0.000534497317858, 0.000142280376167, 9.34458948905e-05, 6.115600263e-05, 1.98770831048e-05, 7.32616808818e-06, 2.3109707854e-06, 1.7151350562e-07],
        "mean": [1.93406394828e-05, 7.75097123551e-06, 7.50389290261e-06, 2.91355518129e-05, 1.97862264031e-05, 1.89637030417e-05, 0.00287267332897, 4.34387538917e-06, 2.29316401601e-06, 0.00653023319319, 5.17137414136e-06, 8.96414439922e-06, 0.00209754612297, 3.20855906466e-05, 0.000681760895532, 0.000273427402135, 0.000433621142292, 0.000213497754885, 0.000502542709, 4.2635587306e-05, 3.21610750689e-05, 1.53798191604e-05, 7.39564939067e-06, 3.75754711968e-06, 1.36825849495e-06, 3.68083448166e-07, 3.64846783896e-08],
        "median": [1.29748441395e-05, 3.89413162338e-06, 1.73130658254e-07, 1.13705652893e-07, 1.70544637967e-07, 1.99392317768e-07, 0.000129934851429, 1.00941504044e-08, 8.46925907183e-09, 7.73001593188e-05, 9.63299484624e-08, 1.23223955484e-08, 2.8881866001e-06, 1.68326828032e-08, 1.53327459884e-06, 3.40152041645e-07, 5.38324123056e-08, 5.0020787512e-08, 5.36764019898e-08, 1.93774614132e-08, 5.19536236254e-09, 5.01684738197e-09, 4.39905178951e-09, 4.07749212172e-09, 4.50493731208e-09, 2.39990782802e-09, 2.54710030845e-09],
        "min": [2.59516574896e-10, 5.58329327216e-10, 3.68098052039e-10, 6.50842574279e-11, 2.87858709092e-10, 1.07930955839e-10, 1.06814265766e-10, 1.55480128772e-10, 8.97160401525e-11, 8.47527534265e-11, 7.98102209321e-11, 6.31331514844e-11, 4.5703846957e-11, 1.57554282121e-11, 3.97439650635e-11, 4.85855175536e-11, 4.2732765243e-11, 1.1285757745e-10, 1.15199738637e-10, 1.05660973027e-10, 1.03184322198e-10, 1.30041713509e-10, 9.38514960191e-11, 1.86031953731e-10, 2.46287046313e-10, 5.0636395077e-10, 6.27192797698e-10],
        "stdev": [2.18350760406e-05, 1.69100294443e-05, 4.67602767458e-05, 0.000161160525749, 0.000121483266412, 0.000113109381346, 0.00357897975482, 3.41445520462e-05, 1.5777797671e-05, 0.00806710589677, 3.29783579218e-05, 6.9741246989e-05, 0.0028017910663, 0.000280956446659, 0.000918687146623, 0.000487972167321, 0.00072990404442, 0.000401507364586, 0.0007581084501, 9.24404885154e-05, 4.50703300885e-05, 2.45382962021e-05, 1.21098028103e-05, 5.37045843885e-06, 1.91675053429e-06, 5.52652181796e-07, 4.8735639524e-08],
        "var": [4.76770511959e-10, 2.85949097734e-10, 2.18652362882e-09, 2.59727137575e-08, 1.47581840082e-08, 1.27937322958e-08, 1.28090960061e-05, 1.16585041621e-09, 2.48938897274e-10, 6.50782021694e-05, 1.08757203243e-09, 4.86384177378e-09, 7.85003339843e-06, 7.89365230958e-08, 8.43986072141e-07, 2.38116840023e-07, 5.32759884209e-07, 1.61208163263e-07, 5.74728460379e-07, 8.54524451199e-09, 2.03133465604e-09, 6.02128014116e-10, 1.46647333166e-10, 2.88418230271e-11, 3.67393268585e-12, 3.05424441164e-13, 2.3751625463e-15]
    },
    "erbbands": {
        "dmean": [0.000352281320374, 0.000779626949225, 0.00863299425691, 0.0516940020025, 0.105222515762, 0.0467250645161, 0.164961963892, 0.395076096058, 6.27390623093, 1.22910153866, 0.165295168757, 0.0911623686552, 2.96713614464, 14.2530212402, 0.587003409863, 2.14831399918, 9.88119697571, 2.29230523109, 4.59562969208, 1.41289353371, 5.32175016403, 5.4307808876, 3.10685443878, 1.80978703499, 2.93508696556, 0.513668656349, 0.537342250347, 0.184967964888, 0.251256227493, 0.10061044246, 0.0395430773497, 0.0202331803739, 0.0102620301768, 0.00463381223381, 0.00249421177432, 0.000728645594791, 0.000127329287352, 1.39643916555e-05, 2.06475215236e-06, 1.3153889995e-06],
        "dmean2": [0.000647041480988, 0.00118000945076, 0.0163915026933, 0.0983817204833, 0.193206399679, 0.0880857631564, 0.27535378933, 0.526594698429, 9.48520183563, 1.76680254936, 0.314800709486, 0.128494843841, 2.22682714462, 8.95672893524, 0.507911264896, 2.7116458416, 8.8103094101, 4.01125335693, 5.23815917969, 2.15847611427, 7.76805019379, 7.30925035477, 4.49587774277, 2.17992115021, 3.16042232513, 0.754032671452, 0.570232570171, 0.234900668263, 0.266322910786, 0.104659952223, 0.0423835292459, 0.0264850370586, 0.0124835437164, 0.00602461583912, 0.0037910589017, 0.00120587914716, 0.000192045219592, 1.96201472136e-05, 3.06836136588e-06, 1.19183960123e-06],
        "dvar": [9.77075487185e-08, 1.5189957594e-05, 0.00271694036201, 0.0880157426, 0.317058146, 0.10227291286, 1.08858978748, 2.21737241745, 461.747955322, 13.1968212128, 1.05649423599, 0.173728048801, 39.9192237854, 819.700744629, 1.72460901737, 88.9361419678, 894.25579834, 206.330078125, 191.429901123, 38.6257705688, 239.168716431, 247.407119751, 140.288787842, 24.7581214905, 45.610786438, 2.81195783615, 1.98187017441, 0.178027480841, 0.247820362449, 0.0488977916539, 0.0089014256373, 0.00167845375836, 0.000466165569378, 8.3686230937e-05, 2.36565811065e-05, 2.64330697064e-06, 5.94887481498e-08, 5.88257442757e-10, 1.48715588455e-11, 1.00083075508e-11],
        "dvar2": [3.26265876538e-07, 2.51797446253e-05, 0.00790032465011, 0.241792082787, 1.01933598518, 0.303293436766, 2.9802005291, 3.54333233833, 870.254821777, 20.9802055359, 3.10860109329, 0.44858956337, 25.9522743225, 357.270263672, 2.10498785973, 156.535690308, 715.974609375, 589.811279297, 275.671173096, 95.4105072021, 497.891204834, 542.042053223, 269.579315186, 37.4715805054, 57.8972702026, 6.15349245071, 2.53132939339, 0.238394469023, 0.407307296991, 0.0572548769414, 0.012827062048, 0.00271312589757, 0.000673863396514, 0.000139491530717, 4.6734141506e-05, 5.53058589503e-06, 1.23168732102e-07, 1.41674505461e-09, 2.99130442638e-11, 9.10571878315e-12],
        "max": [0.00197026575916, 0.0394458882511, 0.481744021177, 2.81835031509, 4.64966344833, 2.83854794502, 9.79392337799, 17.9479522705, 222.774139404, 43.9400901794, 9.2795381546, 4.30246257782, 173.040878296, 808.775146484, 32.8347473145, 117.907020569, 510.58114624, 130.659545898, 231.689453125, 64.3961639404, 155.055633545, 170.383285522, 119.094413757, 70.3759918213, 130.563461304, 21.6501712799, 17.6300640106, 5.33125209808, 5.10156393051, 2.96146178246, 1.41842162609, 0.575269699097, 0.288170963526, 0.107185669243, 0.0480334423482, 0.0164969172329, 0.00275079533458, 0.000296167941997, 6.10900242464e-05, 6.26311739325e-05],
        "mean": [0.000414903188357, 0.00130636477843, 0.00857300218195, 0.0535493530333, 0.0901490226388, 0.0413335673511, 0.174598991871, 1.88178622723, 46.0118103027, 11.0147809982, 0.461045563221, 0.80283588171, 44.6051216125, 222.600769043, 9.45080757141, 17.8236675262, 97.1689224243, 7.10933256149, 43.618938446, 6.41315507889, 17.0351963043, 19.9221229553, 13.1674566269, 14.0069675446, 30.1182060242, 2.42505097389, 2.09348464012, 1.01128757, 0.855759263039, 0.365322351456, 0.134244531393, 0.0986012667418, 0.0494711697102, 0.0180549602956, 0.00870066229254, 0.00273575820029, 0.000411383836763, 5.15574174642e-05, 1.55463712872e-05, 1.7394671886e-05],
        "median": [0.000346324843122, 0.000203270406928, 0.000220558809815, 0.000295554229524, 0.000359634112101, 0.000666189647745, 0.00338864699006, 0.0706513598561, 2.03093624115, 0.537702918053, 0.0168648660183, 0.00928211025894, 0.496410429478, 2.70187997818, 0.11310043931, 0.0470149181783, 0.1420353055, 0.0213216878474, 0.0940036475658, 0.0141032747924, 0.0218834672123, 0.00371142476797, 0.00415943609551, 0.00149211066309, 0.00337062007748, 0.00134568021167, 0.000248536700383, 0.000243869362748, 0.000169491497218, 0.00015486110351, 0.000107498737634, 6.32848241366e-05, 7.59359681979e-05, 5.52444180357e-05, 3.2149888284e-05, 1.00749311969e-05, 4.42592681793e-06, 1.62600213116e-06, 5.85842371947e-07, 2.81948672409e-07],
        "min": [2.47873011006e-08, 9.94348070549e-08, 3.33631874128e-07, 3.86332402513e-07, 5.9090217519e-07, 9.57481802288e-07, 9.94280526356e-07, 9.33322155561e-07, 1.09708298623e-06, 3.35196546075e-06, 3.0100954973e-06, 3.06332640321e-06, 2.85488204099e-06, 2.9229181564e-06, 2.78413062915e-06, 2.45192222792e-06, 1.98418797481e-06, 1.33938272029e-06, 1.24162102111e-06, 2.26142333304e-06, 3.12310339723e-06, 2.54842825598e-06, 6.80656876284e-06, 4.41094744019e-06, 6.24567110208e-06, 4.60465889773e-06, 5.6239996411e-06, 2.65008634415e-06, 4.79914388052e-06, 3.05799994749e-06, 3.13251393891e-06, 4.10296934206e-06, 2.69595284408e-06, 2.01898888008e-06, 2.40827080233e-06, 2.47767593464e-06, 7.05743275375e-07, 3.28759682588e-07, 8.75498926689e-08, 8.63197602285e-09],
        "stdev": [0.000360069039743, 0.00558712799102, 0.048934545368, 0.301308184862, 0.517032623291, 0.264572173357, 0.936182081699, 2.71244978905, 57.7744750977, 13.3366289139, 0.938339591026, 0.995783925056, 55.2127571106, 274.499053955, 11.3718080521, 25.2629337311, 127.679405212, 13.7008857727, 58.5394363403, 9.95415973663, 28.2511367798, 33.3121528625, 20.9998321533, 21.5567779541, 45.3349723816, 4.19818258286, 3.76164007187, 1.44354259968, 1.36621928215, 0.636758387089, 0.22090177238, 0.136602044106, 0.072668209672, 0.0260355751961, 0.012334190309, 0.0040588779375, 0.000597659091, 7.1530630521e-05, 1.97101526282e-05, 2.13362163777e-05],
        "var": [1.29649720293e-07, 3.12160009344e-05, 0.0023945895955, 0.0907866209745, 0.267322719097, 0.0699984282255, 0.876436889172, 7.35738325119, 3337.89013672, 177.865661621, 0.880481183529, 0.991585671902, 3048.44873047, 75349.7265625, 129.318023682, 638.215820312, 16302.0302734, 187.714263916, 3426.86572266, 99.0852890015, 798.126708984, 1109.69958496, 440.992950439, 464.694702148, 2055.25976562, 17.6247386932, 14.149936676, 2.08381533623, 1.86655521393, 0.405461221933, 0.048797596246, 0.0186601188034, 0.00528066884726, 0.000677851145156, 0.000152132255607, 1.64744888025e-05, 3.5719637026e-07, 5.1166311188e-09, 3.884901012e-10, 4.55234100416e-10]
    },
    "gfcc": {
        "mean": [-320.768096924, 68.4049758911, -122.609054565, -0.498233854771, -56.3294219971, 0.606790781021, -20.8010463715, 16.2707748413, -2.18521666527, 18.1974430084, 12.5852098465, 14.6806726456, -0.364809900522],
        "cov": [[66095.8125, -927.085998535, -25306.6953125, -5718.64208984, -3922.37670898, -897.312988281, -1007.67376709, -804.252990723, -2216.43847656, -1827.39770508, 1219.9588623, 184.925689697, 690.215209961], [-927.085998535, 971.54901123, 492.184448242, -444.393280029, -230.294372559, -186.644821167, -54.7514724731, -12.8245677948, 123.533309937, 82.2480010986, 48.773727417, 37.9380378723, 39.7562637329], [-25306.6953125, 492.184448242, 10241.4902344, 2478.00292969, 1377.0177002, 220.993713379, 316.19442749, 281.80380249, 857.357055664, 777.448730469, -493.076477051, -112.188591003, -361.243377686], [-5718.64208984, -444.393280029, 2478.00292969, 1204.58728027, 624.394348145, 201.793487549, 55.5603599548, 20.444940567, 105.784790039, 130.796890259, -212.541915894, -112.361244202, -172.161239624], [-3922.37670898, -230.294372559, 1377.0177002, 624.394348145, 621.321777344, 287.533721924, 98.1174087524, 1.91588675976, 40.1931762695, 16.17552948, -154.99269104, -80.291229248, -41.2775917053], [-897.312988281, -186.644821167, 220.993713379, 201.793487549, 287.533721924, 194.957061768, 78.8527374268, -3.27341294289, -31.356967926, -43.495262146, -67.0646362305, -35.1178436279, 12.9737024307], [-1007.67376709, -54.7514724731, 316.19442749, 55.5603599548, 98.1174087524, 78.8527374268, 94.6092376709, 38.0732917786, 19.2819671631, 7.74107599258, -20.8956737518, 5.32381772995, 24.5057830811], [-804.252990723, -12.8245677948, 281.80380249, 20.444940567, 1.91588675976, -3.27341294289, 38.0732917786, 61.3789100647, 66.3143463135, 37.7010345459, 17.1757488251, 29.8540248871, 15.1161060333], [-2216.43847656, 123.533309937, 857.357055664, 105.784790039, 40.1931762695, -31.356967926, 19.2819671631, 66.3143463135, 162.713409424, 115.034858704, 19.7193965912, 40.4879722595, -8.42264080048], [-1827.39770508, 82.2480010986, 777.448730469, 130.796890259, 16.17552948, -43.495262146, 7.74107599258, 37.7010345459, 115.034858704, 132.181900024, 20.3654766083, 18.4259166718, -21.7274932861], [1219.9588623, 48.773727417, -493.076477051, -212.541915894, -154.99269104, -67.0646362305, -20.8956737518, 17.1757488251, 19.7193965912, 20.3654766083, 96.8326797485, 46.8614387512, 31.1408214569], [184.925689697, 37.9380378723, -112.188591003, -112.361244202, -80.291229248, -35.1178436279, 5.32381772995, 29.8540248871, 40.4879722595, 18.4259166718, 46.8614387512, 52.0012779236, 27.7994155884], [690.215209961, 39.7562637329, -361.243377686, -172.161239624, -41.2775917053, 12.9737024307, 24.5057830811, 15.1161060333, -8.42264080048, -21.7274932861, 31.1408214569, 27.7994155884, 62.6028442383]],
        "icov": [[0.00247767940164, -0.00471547618508, 0.00759150926024, -0.00776449823752, 0.00739118503407, -0.00464893877506, -0.000528492440935, -0.00482077104971, 0.00501889036968, -0.00469840085134, 0.00063223746838, 0.00044176139636, 0.00387234729715], [-0.00471547618508, 0.0135808121413, -0.0162818636745, 0.0178244579583, -0.0131888650358, 0.0109066450968, 0.00282838265412, 0.0184438657016, -0.0145965246484, 0.0146731734276, -0.00535379629582, 0.00515926908702, -0.0145857986063], [0.00759150926024, -0.0162818636745, 0.025467755273, -0.0250490587205, 0.0200947411358, -0.0114958602935, -0.00607097102329, -0.0183237381279, 0.0140042603016, -0.0212581679225, 0.0103442342952, -0.00185042084195, 0.0173291582614], [-0.00776449823752, 0.0178244579583, -0.0250490587205, 0.0319321379066, -0.0263131260872, 0.0139888860285, 0.00666185515001, 0.0126415938139, -0.0133150676265, 0.011694627814, 0.000707574305125, -0.000696671195328, -0.00612568389624], [0.00739118503407, -0.0131888650358, 0.0200947411358, -0.0263131260872, 0.0433524735272, -0.041649710387, 0.00902957469225, -0.00750674586743, 0.00719728274271, -0.0060249902308, -0.00451703416184, 0.0115893855691, 0.00194965780247], [-0.00464893877506, 0.0109066450968, -0.0114958602935, 0.0139888860285, -0.041649710387, 0.0697036907077, -0.0316793806851, 0.0235367156565, -0.0139256427065, 0.0154727324843, 0.000582302222028, -0.000489077880047, -0.0153014305979], [-0.000528492440935, 0.00282838265412, -0.00607097102329, 0.00666185515001, 0.00902957469225, -0.0316793806851, 0.0495298206806, -0.0259551499039, 0.016280150041, -0.00242236931808, -0.00242971535772, -0.000528973934706, -0.0104900542647], [-0.00482077104971, 0.0184438657016, -0.0183237381279, 0.0126415938139, -0.00750674586743, 0.0235367156565, -0.0259551499039, 0.0960092619061, -0.0513651743531, 0.0404819324613, -0.0232007745653, 0.0103411972523, -0.0382942222059], [0.00501889036968, -0.0145965246484, 0.0140042603016, -0.0133150676265, 0.00719728274271, -0.0139256427065, 0.016280150041, -0.0513651743531, 0.0664030387998, -0.0328986607492, 0.00110146834049, -0.0287746433169, 0.0215347260237], [-0.00469840085134, 0.0146731734276, -0.0212581679225, 0.011694627814, -0.0060249902308, 0.0154727324843, -0.00242236931808, 0.0404819324613, -0.0328986607492, 0.0685011893511, -0.0462896823883, 0.0238612573594, -0.0322512723505], [0.00063223746838, -0.00535379629582, 0.0103442342952, 0.000707574305125, -0.00451703416184, 0.000582302222028, -0.00242971535772, -0.0232007745653, 0.00110146834049, -0.0462896823883, 0.0725215375423, -0.029388288036, 0.0225776638836], [0.00044176139636, 0.00515926908702, -0.00185042084195, -0.000696671195328, 0.0115893855691, -0.000489077880047, -0.000528973934706, 0.0103411972523, -0.0287746433169, 0.0238612573594, -0.029388288036, 0.0767253562808, -0.0303293261677], [0.00387234729715, -0.0145857986063, 0.0173291582614, -0.00612568389624, 0.00194965780247, -0.0153014305979, -0.0104900542647, -0.0382942222059, 0.0215347260237, -0.0322512723505, 0.0225776638836, -0.0303293261677, 0.0774433240294]]
    },
    "melbands": {
        "dmean": [2.91635956273e-06, 3.39999360222e-06, 1.05917606561e-05, 5.20561434314e-06, 4.88985824632e-06, 9.74224622041e-06, 9.00200247997e-05, 7.70375481807e-06, 1.18314028441e-06, 3.48251944615e-07, 1.91636954696e-05, 6.52594462736e-05, 8.40247707856e-07, 5.96852544277e-07, 2.36299511016e-05, 1.10837390821e-05, 4.77931280329e-06, 7.74090403866e-06, 2.86006047645e-06, 4.8465421969e-06, 5.26738222106e-06, 4.19857815359e-06, 6.4590672082e-06, 3.27961924995e-06, 1.11444194317e-06, 3.61735465049e-06, 4.28133859032e-07, 3.17944255812e-07, 4.73527876466e-07, 2.57235910794e-07, 1.13783407585e-07, 1.85020454069e-07, 6.40228421389e-08, 6.85782737264e-08, 2.40951809616e-08, 2.35201227383e-08, 1.39825422352e-08, 9.54025569655e-09, 6.14376816088e-09, 4.16502743406e-09],
        "dmean2": [5.03363571625e-06, 6.49250841889e-06, 2.09844183701e-05, 9.51834135776e-06, 8.17039381218e-06, 1.35247473736e-05, 0.000134614121635, 9.65616709436e-06, 2.35848165175e-06, 5.66084793263e-07, 1.45025514939e-05, 4.14263522543e-05, 1.25041799492e-06, 1.03509933069e-06, 2.59454591287e-05, 1.01693076431e-05, 8.78735318111e-06, 9.00968552742e-06, 4.14456826547e-06, 6.46258285997e-06, 7.68897371017e-06, 5.72867384108e-06, 8.74887064128e-06, 5.44782369616e-06, 1.40301324336e-06, 3.90663262806e-06, 5.6826297623e-07, 4.81188124013e-07, 4.98088184031e-07, 2.84765263814e-07, 1.310971669e-07, 1.98076591573e-07, 6.99271751614e-08, 8.05134874327e-08, 2.70261608648e-08, 2.92422583925e-08, 1.59508122266e-08, 1.13085603104e-08, 8.5447133813e-09, 5.82707926355e-09],
        "dvar": [6.37476399792e-12, 4.44372788566e-10, 3.71695385581e-09, 8.7177676189e-10, 9.76876468606e-10, 1.53800439051e-09, 9.03960071241e-08, 3.79744208301e-10, 7.10563968775e-11, 4.99763858769e-12, 1.711854547e-09, 1.73753473831e-08, 1.46236200232e-11, 1.66824401515e-11, 7.77853337297e-09, 1.01687658294e-09, 1.18138376859e-09, 5.44981504369e-10, 1.17164722369e-10, 2.81143386349e-10, 2.16983500612e-10, 1.6698289973e-10, 2.23739415883e-10, 2.9298766191e-10, 7.47707017829e-12, 7.36681340929e-11, 1.08956680483e-12, 1.20732037649e-12, 1.76450022128e-12, 2.2978277267e-13, 6.13288716686e-14, 1.40970649867e-13, 1.97479277261e-14, 2.58467123301e-14, 5.61333138717e-15, 2.72127376107e-15, 8.06863309703e-16, 3.32706415459e-16, 2.04505371619e-16, 8.64624895126e-17],
        "dvar2": [1.7145715403e-11, 1.22622068055e-09, 1.08576818647e-08, 2.78707878998e-09, 2.67334221427e-09, 2.54609289208e-09, 1.68288323721e-07, 5.69226776825e-10, 2.1526248839e-10, 1.28427780563e-11, 1.13404341473e-09, 7.81690623342e-09, 3.329771181e-11, 3.31123392594e-11, 9.97872628972e-09, 7.62422236456e-10, 3.33090510729e-09, 8.62513782618e-10, 3.05680453172e-10, 4.79806472331e-10, 4.64340066397e-10, 3.76436520844e-10, 4.71943040203e-10, 5.75378911183e-10, 1.23283414727e-11, 1.01065066038e-10, 2.5947646809e-12, 2.79223410886e-12, 2.38935152046e-12, 3.14198076194e-13, 9.94847582677e-14, 2.52994538296e-13, 2.17046653138e-14, 3.20567005016e-14, 9.16011329424e-15, 5.09512128872e-15, 1.39605122218e-15, 4.81499584636e-16, 3.59869173891e-16, 1.87564778848e-16],
        "max": [2.10294601857e-05, 0.000201747898245, 0.000561053748243, 0.000248243799433, 0.000291959091555, 0.000450517400168, 0.00315375183709, 0.000275146099739, 7.0599206083e-05, 2.15484196815e-05, 0.00111777358688, 0.00371460895985, 3.66683016182e-05, 3.70458583347e-05, 0.00126241613179, 0.000558089639526, 0.000297171936836, 0.000378702214221, 9.21328246477e-05, 0.000190271544852, 0.000142382938066, 0.000137184702908, 0.0001647361496, 0.000169465623912, 3.72107278963e-05, 0.000150821724674, 1.56454661919e-05, 1.28325164042e-05, 1.60043309734e-05, 5.58453803023e-06, 2.51850292443e-06, 3.58302941095e-06, 2.14361944018e-06, 1.9428550786e-06, 1.01379589523e-06, 4.37323109281e-07, 4.7977016493e-07, 2.79249974255e-07, 1.68104108411e-07, 1.00773903e-07],
        "mean": [4.10926031691e-06, 3.85686689697e-06, 1.08773774627e-05, 4.22614857598e-06, 4.22869243266e-06, 3.48204630427e-05, 0.000682588783093, 7.2192036896e-05, 7.39027314012e-07, 3.25089104081e-07, 0.000283708213829, 0.00101576384623, 5.59843374504e-06, 5.9475451053e-07, 0.00021592961275, 0.000112473666377, 2.87109469355e-06, 6.92858084221e-05, 1.94669246412e-05, 1.30798589453e-05, 1.68464357557e-05, 1.41493947012e-05, 2.73380319413e-05, 1.05356539279e-05, 7.01808994563e-06, 3.48036592186e-05, 3.07923232867e-06, 8.9548223059e-07, 1.56007024543e-06, 1.1704487406e-06, 3.33507642836e-07, 5.32497892891e-07, 2.28818279879e-07, 2.18243030758e-07, 5.83228114692e-08, 6.83235796828e-08, 6.14647959196e-08, 4.25820232408e-08, 1.63641278306e-08, 1.37219577923e-08],
        "median": [3.22549658449e-06, 1.2621597989e-07, 5.73090233047e-08, 2.58720440627e-08, 2.98543163524e-08, 1.10702046641e-06, 3.06347028527e-05, 3.75225590687e-06, 2.05826333755e-09, 1.30899291406e-09, 3.10041150442e-06, 1.22418459796e-05, 1.00101900102e-07, 7.9919276752e-10, 2.95234144687e-07, 2.17101231215e-07, 8.15625678108e-10, 1.39391360676e-07, 5.73060461306e-08, 1.3979231106e-08, 2.36863790803e-08, 1.77157477577e-09, 6.07982375556e-09, 2.20082330138e-09, 7.64338592418e-10, 3.06481329204e-09, 1.11966935723e-09, 7.52771012191e-10, 1.06128786315e-10, 1.42738224018e-10, 1.39902756047e-10, 9.83576622926e-11, 8.78496442258e-11, 9.45206274361e-11, 7.61048168929e-11, 3.85719442497e-11, 3.77050092537e-11, 4.61625217218e-11, 6.23923829268e-11, 4.35907004936e-11],
        "min": [1.953520401e-10, 1.51792439729e-10, 7.14980089023e-11, 5.98550306541e-11, 3.72069632049e-11, 2.03677578275e-11, 1.72092028128e-11, 3.76363246124e-11, 2.35518306246e-11, 1.4666913517e-11, 1.44965862231e-11, 1.17051151757e-11, 1.01158543347e-11, 6.93132357066e-12, 4.86239390765e-12, 4.62954717964e-12, 2.14362989165e-12, 1.58813196968e-12, 3.07995209198e-12, 3.09253902868e-12, 3.56614499215e-12, 2.56278331889e-12, 3.53731605639e-12, 6.61675315233e-12, 2.85692411568e-12, 5.85101671974e-12, 3.39475864954e-12, 2.93663596045e-12, 3.2593756253e-12, 3.29795630909e-12, 9.91126126483e-13, 2.39676074126e-12, 3.17433015637e-12, 1.12919721316e-12, 1.58696623551e-12, 2.30436199636e-12, 2.59713626473e-12, 2.10327263418e-12, 1.54792682578e-12, 1.62922702673e-12],
        "stdev": [3.83243786928e-06, 2.11159876926e-05, 6.0888731241e-05, 2.53456637438e-05, 2.77413419099e-05, 5.88997427258e-05, 0.000851590477396, 8.58845887706e-05, 6.34400157651e-06, 2.13803082261e-06, 0.000352800067049, 0.00125359441154, 6.87262581778e-06, 4.26067163062e-06, 0.000295333826216, 0.000145707061165, 2.67215837084e-05, 9.35275675147e-05, 2.54774313362e-05, 2.72025845334e-05, 2.7630085242e-05, 2.47119405685e-05, 4.48654354841e-05, 2.28044864343e-05, 1.12006146082e-05, 5.27752526978e-05, 4.48098808192e-06, 2.01591274163e-06, 3.22195023728e-06, 1.71455917553e-06, 5.9360496607e-07, 8.86968564373e-07, 3.93103931629e-07, 3.99368502713e-07, 1.22286522242e-07, 1.05747560042e-07, 9.41858075976e-08, 6.44739373001e-08, 2.7006374026e-08, 2.051540271e-08],
        "var": [1.46875792778e-11, 4.45884940081e-10, 3.70743769018e-09, 6.4240263109e-10, 7.69582064741e-10, 3.46917961025e-09, 7.25206348307e-07, 7.37616234758e-09, 4.02463583293e-11, 4.5711754694e-12, 1.2446788844e-07, 1.57149895585e-06, 4.72329883539e-11, 1.81533225951e-11, 8.72220766723e-08, 2.12305462099e-08, 7.14043046912e-10, 8.74740546664e-09, 6.49099551886e-10, 7.39980576814e-10, 7.63421603711e-10, 6.10680006563e-10, 2.01290717428e-09, 5.20044562968e-10, 1.25453758493e-10, 2.78522738206e-09, 2.00792559663e-11, 4.06390372742e-12, 1.038096345e-11, 2.93971314305e-12, 3.52366871575e-13, 7.86713196758e-13, 1.54530698676e-13, 1.59495206213e-13, 1.49539922952e-14, 1.11825459103e-14, 8.87096673923e-15, 4.15688830403e-15, 7.29344283739e-16, 4.20881751175e-16]
    },
    "melbands128": {
