{
"lowlevel": {
    "average_loudness": 0.968721449375,
    "barkbands_crest": {
        "dmean": 2.00815176964,
        "dmean2": 3.1096508503,
        "dvar": 3.09294462204,
        "dvar2": 8.35216712952,
        "max": 17.8123931885,
        "mean": 8.38698387146,
        "median": 8.16725158691,
        "min": 3.23766922951,
        "stdev": 2.80066275597,
        "var": 7.84371185303
    },
    "barkbands_flatness_db": {
        "dmean": 0.026849521324,
        "dmean2": 0.0382379814982,
        "dvar": 0.00207368656993,
        "dvar2": 0.00375258410349,
        "max": 0.405250430107,
        "mean": 0.116468884051,
        "median": 0.086370408535,
        "min": 0.0420960560441,
        "stdev": 0.0731197148561,
        "var": 0.00534649239853
    },
    "barkbands_kurtosis": {
        "dmean": 1.10722982883,
        "dmean2": 1.63256824017,
        "dvar": 3.34231233597,
        "dvar2": 7.58244037628,
        "max": 23.7175064087,
        "mean": -0.226102083921,
        "median": -0.981130242348,
        "min": -1.84346139431,
        "stdev": 2.24496984482,
        "var": 5.03988981247
    },
    "barkbands_skewness": {
        "dmean": 0.425080388784,
        "dmean2": 0.623118937016,
        "dvar": 0.264321058989,
        "dvar2": 0.652112901211,
        "max": 2.20159649849,
        "mean": -0.30843308568,
        "median": -0.1533511132,
        "min": -4.31042432785,
        "stdev": 0.67564791441,
        "var": 0.456500083208
    },
    "barkbands_spread": {
        "dmean": 14.9310359955,
        "dmean2": 19.0318641663,
        "dvar": 307.948822021,
        "dvar2": 451.085418701,
        "max": 125.241035461,
        "mean": 70.9472961426,
        "median": 78.9427947998,
        "min": 3.05351161957,
        "stdev": 38.224899292,
        "var": 1461.14306641
    },
    "dissonance": {
        "dmean": 0.00546042528003,
        "dmean2": 0.00975009147078,
        "dvar": 0.000176725690835,
        "dvar2": 0.000496594875585,
        "max": 0.500000119209,
        "mean": 0.494989931583,
        "median": 0.497394025326,
        "min": 0.282256513834,
        "stdev": 0.0105383815244,
        "var": 0.000111057481263
    },
    "dynamic_complexity": 26.9214038849,
    "erbbands_crest": {
        "dmean": 2.48956489563,
        "dmean2": 3.80376529694,
        "dvar": 7.00155735016,
        "dvar2": 16.7727832794,
        "max": 23.086517334,
        "mean": 6.99267816544,
        "median": 5.34646320343,
        "min": 2.33019924164,
        "stdev": 4.17166757584,
        "var": 17.4028091431
    },
    "erbbands_flatness_db": {
        "dmean": 0.0328473225236,
        "dmean2": 0.0438469126821,
        "dvar": 0.00245096720755,
        "dvar2": 0.00436987075955,
        "max": 0.486092418432,
        "mean": 0.17492428422,
        "median": 0.138691172004,
        "min": 0.0865127965808,
        "stdev": 0.0901191607118,
        "var": 0.00812146347016
    },
    "erbbands_kurtosis": {
        "dmean": 0.781121730804,
        "dmean2": 1.27195119858,
        "dvar": 1.35106015205,
        "dvar2": 3.60639333725,
        "max": 10.006111145,
        "mean": 0.209732711315,
        "median": -0.134208083153,
        "min": -1.37824046612,
        "stdev": 1.32823336124,
        "var": 1.76420390606
    },
    "erbbands_skewness": {
        "dmean": 0.385013103485,
        "dmean2": 0.564672589302,
        "dvar": 0.184134587646,
        "dvar2": 0.422867357731,
        "max": 3.08241844177,
        "mean": 0.168569996953,
        "median": -0.0373102054,
        "min": -1.90252637863,
        "stdev": 0.711414039135,
        "var": 0.506109893322
    },
    "erbbands_spread": {
        "dmean": 6.27191495895,
        "dmean2": 8.98811244965,
        "dvar": 31.0427703857,
        "dvar2": 65.9063644409,
        "max": 60.1581954956,
        "mean": 29.4669380188,
        "median": 31.0852775574,
        "min": 4.42887210846,
        "stdev": 11.8466968536,
        "var": 140.344223022
    },
    "hfc": {
        "dmean": 16.3652114868,
        "dmean2": 29.2933540344,
        "dvar": 3368.2199707,
        "dvar2": 9095.02050781,
        "max": 448.730255127,
        "mean": 10.6076936722,
        "median": 0.000197000088519,
        "min": 5.05304988963e-08,
        "stdev": 46.9756584167,
        "var": 2206.71240234
    },
    "loudness_ebu128": {
        "integrated": -29.7856349945,
        "loudness_range": 1.80748176575,
        "momentary": {
            "dmean": 16.0091228485,
            "dmean2": 28.886674881,
            "dvar": 434.207458496,
            "dvar2": 533.539367676,
            "max": -26.8038806915,
            "mean": -44.9939308167,
            "median": -30.7473278046,
            "min": -82.8962097168,
            "stdev": 22.0349807739,
            "var": 485.540344238
        },
        "short_term": {
            "dmean": 0.311548441648,
            "dmean2": 0.578185915947,
            "dvar": 0.213631942868,
            "dvar2": 0.405996888876,
            "max": -30.4237499237,
            "mean": -31.7351150513,
            "median": -31.5586433411,
            "min": -34.2100372314,
            "stdev": 0.734668016434,
            "var": 0.53973710537
        }
    },
    "melbands_crest": {
        "dmean": 2.86461758614,
        "dmean2": 4.60591983795,
        "dvar": 5.72642660141,
        "dvar2": 15.9364109039,
        "max": 21.4154777527,
        "mean": 9.78146648407,
        "median": 9.40786361694,
        "min": 1.59694254398,
        "stdev": 3.58031582832,
        "var": 12.8186616898
    },
    "melbands_flatness_db": {
        "dmean": 0.023482920602,
        "dmean2": 0.0337174087763,
        "dvar": 0.00138174998574,
        "dvar2": 0.00275580491871,
        "max": 0.304038614035,
        "mean": 0.0728053897619,
        "median": 0.048854958266,
        "min": 0.00599805125967,
        "stdev": 0.0544621273875,
        "var": 0.00296612316743
    },
    "melbands_kurtosis": {
        "dmean": 1.01884996891,
        "dmean2": 1.58504247665,
        "dvar": 2.70840287209,
        "dvar2": 7.13367986679,
        "max": 16.8023700714,
        "mean": 0.415604680777,
        "median": -0.307523488998,
        "min": -1.44037497044,
        "stdev": 2.01241827011,
        "var": 4.04982757568
    },
    "melbands_skewness": {
        "dmean": 0.382141590118,
        "dmean2": 0.575918018818,
        "dvar": 0.183456063271,
        "dvar2": 0.489752352238,
        "max": 3.69876909256,
        "mean": 0.335843026638,
        "median": 0.370976865292,
        "min": -1.14214658737,
        "stdev": 0.553566932678,
        "var": 0.30643633008
    },
    "melbands_spread": {
        "dmean": 23.5199508667,
        "dmean2": 31.6402816772,
        "dvar": 672.081848145,
        "dvar2": 1113.52929688,
        "max": 192.749633789,
        "mean": 93.4450454712,
        "median": 101.369308472,
        "min": 6.47966957092,
        "stdev": 50.7164916992,
        "var": 2572.16259766
    },
    "pitch_salience": {
        "dmean": 0.0600938312709,
        "dmean2": 0.0879060700536,
        "dvar": 0.00417499803007,
        "dvar2": 0.00804010778666,
        "max": 0.990760982037,
        "mean": 0.644780278206,
        "median": 0.61515134573,
        "min": 0.411510407925,
        "stdev": 0.133294478059,
        "var": 0.0177674181759
    },
    "silence_rate_20dB": {
        "dmean": 0,
        "dmean2": 0,
        "dvar": 0,
        "dvar2": 0,
        "max": 1,
        "mean": 1,
        "median": 1,
        "min": 1,
        "stdev": 0,
        "var": 0
    },
    "silence_rate_30dB": {
        "dmean": 0,
        "dmean2": 0,
        "dvar": 0,
        "dvar2": 0,
        "max": 1,
        "mean": 1,
        "median": 1,
        "min": 1,
        "stdev": 0,
        "var": 0
    },
    "silence_rate_60dB": {
        "dmean": 0.0736478716135,
        "dmean2": 0.147465437651,
        "dvar": 0.0682241097093,
        "dvar2": 0.12571875751,
        "max": 1,
        "mean": 0.893103420734,
        "median": 1,
        "min": 0,
        "stdev": 0.308981269598,
        "var": 0.0954694226384
    },
    "spectral_centroid": {
        "dmean": 247.165588379,
        "dmean2": 360.814544678,
        "dvar": 56633.890625,
        "dvar2": 129042.65625,
        "max": 5630.91699219,
        "mean": 3274.32958984,
        "median": 3361.10083008,
        "min": 1917.30163574,
        "stdev": 475.40411377,
        "var": 226009.0625
    },
    "spectral_complexity": {
        "dmean": 2.768699646,
        "dmean2": 4.85483884811,
        "dvar": 81.2910385132,
        "dvar2": 197.821746826,
        "max": 63,
        "mean": 1.98850572109,
        "median": 0,
        "min": 0,
        "stdev": 8.00228214264,
        "var": 64.0365219116
    },
    "spectral_decrease": {
        "dmean": 6.3396432548e-10,
        "dmean2": 1.16547282936e-09,
        "dvar": 5.83239838673e-18,
        "dvar2": 1.59139408621e-17,
        "max": -3.48052605398e-19,
        "mean": -4.1526104777e-10,
        "median": -6.59656977344e-15,
        "min": -2.22576499453e-08,
        "stdev": 1.91957161277e-09,
        "var": 3.68475544796e-18
    },
    "spectral_energy": {
        "dmean": 0.00385476904921,
        "dmean2": 0.00700701633468,
        "dvar": 0.000202418625122,
        "dvar2": 0.000548715644982,
        "max": 0.124706536531,
        "mean": 0.00252944184467,
        "median": 4.48373711492e-08,
        "min": 5.89689711991e-12,
        "stdev": 0.0114159099758,
        "var": 0.000130322994664
    },
    "spectral_energyband_high": {
        "dmean": 0.00131333968602,
        "dmean2": 0.00235979887657,
        "dvar": 2.08551173273e-05,
        "dvar2": 5.62882996746e-05,
        "max": 0.0335867851973,
        "mean": 0.000839694053866,
        "median": 1.53817563131e-08,
        "min": 3.64585922216e-12,
        "stdev": 0.00370096648112,
        "var": 1.36971520988e-05
    },
    "spectral_energyband_low": {
        "dmean": 1.53127928115e-08,
        "dmean2": 3.03939771129e-08,
        "dvar": 4.7351543937e-14,
        "dvar2": 1.41783557551e-13,
        "max": 4.42030614067e-06,
        "mean": 1.0074315604e-08,
        "median": 2.45175413305e-09,
        "min": 7.76823375591e-13,
        "stdev": 1.54317532974e-07,
        "var": 2.38138993253e-14
    },
    "spectral_energyband_middle_high": {
        "dmean": 0.00257844198495,
        "dmean2": 0.00477249268442,
        "dvar": 0.00010262394062,
        "dvar2": 0.000281100714346,
        "max": 0.10434885323,
        "mean": 0.00169296236709,
        "median": 1.3076579819e-08,
        "min": 5.49145635648e-13,
        "stdev": 0.00800861977041,
        "var": 6.41379956505e-05
    },
    "spectral_energyband_middle_low": {
        "dmean": 2.52753875429e-06,
        "dmean2": 4.61488889414e-06,
        "dvar": 1.42592535002e-10,
        "dvar2": 4.05815381299e-10,
        "max": 0.000144310033647,
        "mean": 1.56539385898e-06,
        "median": 1.75051584339e-09,
        "min": 3.20177722226e-13,
        "stdev": 9.08673973754e-06,
        "var": 8.25688406536e-11
    },
    "spectral_entropy": {
        "dmean": 0.129850015044,
        "dmean2": 0.185141384602,
        "dvar": 0.0238181836903,
        "dvar2": 0.0538814663887,
        "max": 9.15082740784,
        "mean": 8.44944667816,
        "median": 8.54952049255,
        "min": 7.60838651657,
        "stdev": 0.255128592253,
        "var": 0.0650905966759
    },
    "spectral_flux": {
        "dmean": 0.0169649217278,
        "dmean2": 0.0298078507185,
        "dvar": 0.00243817805313,
        "dvar2": 0.00514844013378,
        "max": 0.341701954603,
        "mean": 0.0185396615416,
        "median": 0.000131956825498,
        "min": 6.51791851851e-05,
        "stdev": 0.0549948140979,
        "var": 0.00302442954853
    },
    "spectral_kurtosis": {
        "dmean": 1.04717195034,
        "dmean2": 1.6503251791,
        "dvar": 2.08092355728,
        "dvar2": 5.95959091187,
        "max": 13.9195423126,
        "mean": 2.94970083237,
        "median": 2.50981640816,
        "min": -0.993447780609,
        "stdev": 1.66539919376,
        "var": 2.77355456352
    },
    "spectral_rms": {
        "dmean": 0.000515828025527,
        "dmean2": 0.000864520960022,
        "dvar": 2.63217430074e-06,
        "dvar2": 6.18299918642e-06,
        "max": 0.0110301822424,
        "mean": 0.000419989868533,
        "median": 6.61390731693e-06,
        "min": 7.58489946406e-08,
        "stdev": 0.00151372642722,
        "var": 2.29136776397e-06
    },
    "spectral_rolloff": {
        "dmean": 1511.26550293,
        "dmean2": 2222.5847168,
        "dvar": 3106761.25,
        "dvar2": 5787662,
        "max": 17764.8925781,
        "mean": 9589.77832031,
        "median": 11078.8330078,
        "min": 1744.18945312,
        "stdev": 3083.93261719,
        "var": 9510640
    },
    "spectral_skewness": {
        "dmean": 0.185747623444,
        "dmean2": 0.296949476004,
        "dvar": 0.0555383190513,
        "dvar2": 0.14902946353,
        "max": 3.11540675163,
        "mean": 1.45113754272,
        "median": 1.39448237419,
        "min": 0.343060702085,
        "stdev": 0.288655459881,
        "var": 0.0833219662309
    },
    "spectral_spread": {
        "dmean": 970846,
        "dmean2": 1422470.75,
        "dvar": 1.44245168538e+12,
        "dvar2": 3.44541731226e+12,
        "max": 17169846,
        "mean": 7254336,
        "median": 7807001.5,
        "min": 2633894.75,
        "stdev": 1860243.375,
        "var": 3.46050553446e+12
    },
    "spectral_strongpeak": {
        "dmean": 0.210608989,
        "dmean2": 0.378625154495,
        "dvar": 0.7516887784,
        "dvar2": 2.11068797112,
        "max": 8.41294765472,
        "mean": 0.135008886456,
        "median": 0,
        "min": 0,
        "stdev": 0.677410125732,
        "var": 0.458884477615
    },
    "zerocrossingrate": {
        "dmean": 0.0218158885837,
        "dmean2": 0.0220733508468,
        "dvar": 0.000349745823769,
        "dvar2": 0.000394867820432,
        "max": 0.353515625,
        "mean": 0.230440691113,
        "median": 0.222412109375,
        "min": 0.025390625,
        "stdev": 0.0465166643262,
        "var": 0.0021638001781
    },
    "barkbands": {
        "dmean": [4.48428982835e-09, 6.59535404068e-09, 4.38499014876e-09, 4.33780256159e-09, 1.06683453183e-08, 1.07074278333e-08, 1.80116828119e-07, 7.01648616541e-07, 1.32875902636e-06, 1.23924621676e-06, 2.04574507734e-06, 7.31015325073e-06, 1.49540073835e-05, 3.35104123224e-05, 8.89203438419e-05, 0.000446092191851, 0.00130433088634, 0.000367107364582, 0.00030274814344, 0.0002660753089, 0.000322003645124, 0.000220822490519, 0.000117389579827, 0.000147125683725, 0.000313721218845, 8.91492236406e-05, 3.67120810552e-06],
        "dmean2": [8.59954596422e-09, 1.30976456347e-08, 8.75459971184e-09, 8.65792060267e-09, 2.11408206496e-08, 2.11649648918e-08, 3.27725587113e-07, 1.27878195144e-06, 2.50096968557e-06, 2.28450767281e-06, 3.71668784283e-06, 1.35602695082e-05, 2.79523173958e-05, 6.20666178293e-05, 0.000163308533956, 0.000825651339255, 0.00238596484996, 0.000676273426507, 0.000558097905014, 0.00048945780145, 0.000589781033341, 0.000403497513616, 0.000209176680073, 0.000276045087958, 0.000588065886404, 0.000163943186635, 6.9339998845e-06],
        "dvar": [2.7753657086e-15, 8.97030761032e-15, 4.02224860542e-15, 3.93749745333e-15, 2.23034718678e-14, 1.95187273869e-14, 7.92781747368e-13, 1.16894306734e-11, 4.30402102847e-11, 3.17224059521e-11, 5.95016327876e-11, 8.96628216118e-10, 3.58376239795e-09, 1.75220957743e-08, 1.17005576783e-07, 3.10187306241e-06, 3.11602198053e-05, 2.38160464505e-06, 1.41142106713e-06, 1.0023007917e-06, 1.39662586207e-06, 6.92427477134e-07, 1.86913879929e-07, 3.24593855794e-07, 1.61359571393e-06, 1.24533201529e-07, 2.18937618035e-10],
        "dvar2": [8.29179610309e-15, 2.68615238695e-14, 1.20478197121e-14, 1.17922283673e-14, 6.67673652911e-14, 5.84073059557e-14, 2.26034490604e-12, 3.23305583694e-11, 1.24406596136e-10, 9.10169786761e-11, 1.641437819e-10, 2.53212983914e-09, 9.99748728248e-09, 4.88536890941e-08, 3.23234189636e-07, 8.64490084496e-06, 8.68028364494e-05, 6.7402206696e-06, 3.96220366383e-06, 2.76004902844e-06, 3.82143525712e-06, 1.91171284314e-06, 5.08697780788e-07, 9.17896443298e-07, 4.48869059255e-06, 3.46669395412e-07, 6.22150608809e-10],
        "max": [1.0878171679e-06, 1.92067818716e-06, 1.28532360577e-06, 1.27117095872e-06, 3.01374416267e-06, 2.78840752799e-06, 1.07385321826e-05, 4.15437934862e-05, 7.99946574261e-05, 5.49327160115e-05, 6.96202914696e-05, 0.000336210621754, 0.000737262307666, 0.00169017992448, 0.00421566423029, 0.0184045713395, 0.0709946453571, 0.0173392873257, 0.0131336096674, 0.00954552646726, 0.0108545999974, 0.00754472287372, 0.00343310437165, 0.00486774696037, 0.0113514708355, 0.00333852227777, 0.000157972957822],
        "mean": [1.21749970106e-08, 3.38736882988e-09, 2.21118234833e-09, 2.18868634327e-09, 5.46518696964e-09, 5.5476383487e-09, 1.12229642468e-07, 4.54105531844e-07, 7.91366005615e-07, 7.46594992052e-07, 1.27863052057e-06, 4.51882215202e-06, 9.46123600443e-06, 2.11849401239e-05, 5.61305641895e-05, 0.000276439328445, 0.000832652265672, 0.000226147123612, 0.000183400552487, 0.000164098542882, 0.000201470349566, 0.000137730472488, 7.58845562814e-05, 8.82955355337e-05, 0.000193319283426, 5.31253099325e-05, 2.15332806874e-06],
        "median": [1.02521147127e-08, 4.92494899029e-11, 1.16938741676e-11, 1.11693987392e-11, 3.33071834002e-11, 3.45564965532e-11, 1.42734893349e-10, 6.9858108187e-10, 5.76410918995e-10, 4.41395919815e-10, 4.02743227657e-10, 5.1613069374e-10, 1.22940213565e-09, 9.65182489487e-10, 7.37418348606e-10, 8.37993618941e-10, 1.21173349132e-09, 9.56644208294e-10, 1.20171317342e-09, 1.460030985e-09, 1.41432932033e-09, 1.53594648111e-09, 1.76127701312e-09, 1.97493332799e-09, 3.14637205179e-09, 2.41842901261e-09, 1.78817782803e-09],
        "min": [3.83910324321e-13, 4.22055023309e-13, 1.32106809216e-13, 5.71188468702e-14, 1.07038659078e-13, 8.15954563031e-14, 4.16395975859e-14, 2.02751498316e-14, 1.14432448638e-14, 1.82574309539e-15, 1.6457050566e-14, 5.47293838667e-14, 8.54710030372e-15, 5.46626579992e-14, 5.0529404879e-14, 1.56882512759e-14, 4.27257547105e-14, 5.21139866829e-14, 1.83012228961e-13, 2.77538923918e-13, 3.917350114e-13, 2.9412648532e-13, 3.51202628177e-13, 2.15706846916e-13, 7.82808171583e-13, 6.09444569463e-13, 7.93933332705e-13],
        "stdev": [3.74940789527e-08, 6.71609683423e-08, 4.4951516287e-08, 4.44850556391e-08, 1.05946220685e-07, 9.91595214828e-08, 6.76443960401e-07, 2.68825283456e-06, 4.87989973408e-06, 4.23931487603e-06, 6.08360778642e-06, 2.29238557949e-05, 4.63627984573e-05, 0.000102706086182, 0.000268462026725, 0.00136725208722, 0.00434590503573, 0.0011799474014, 0.000916026183404, 0.000789126730524, 0.000939128338359, 0.000655404990539, 0.000347475084709, 0.000437132432126, 0.000993077177554, 0.000275721191429, 1.12019524749e-05],
        "var": [1.40580597124e-15, 4.51059528676e-15, 2.02063881205e-15, 1.97892011005e-15, 1.12246010961e-14, 9.83261086755e-15, 4.57576413825e-13, 7.22670317685e-12, 2.38134199859e-11, 1.7971792457e-11, 3.70102837266e-11, 5.25503141002e-10, 2.14950923727e-09, 1.05485398194e-08, 7.20718631442e-08, 1.86937836588e-06, 1.88868907571e-05, 1.39227574891e-06, 8.39104018269e-07, 6.22720961019e-07, 8.81962080257e-07, 4.29555683468e-07, 1.20738931741e-07, 1.91084765788e-07, 9.86202167041e-07, 7.60221752216e-08, 1.25483734514e-10]
    },
    "erbbands": {
        "dmean": [2.41388647737e-07, 1.33710682348e-06, 4.51423147751e-06, 1.08506956167e-05, 2.17329798033e-05, 3.84818449675e-05, 6.05065179116e-05, 0.000116693234304, 0.00104652869049, 0.00887310225517, 0.018458776176, 0.0295324046165, 0.0336420089006, 0.0497249625623, 0.137759789824, 0.333982855082, 0.650127828121, 1.4231274128, 3.09183502197, 9.2294960022, 39.1821975708, 69.7436676025, 25.1288414001, 15.0796499252, 15.449174881, 12.5317373276, 12.8191146851, 12.7677116394, 8.8571062088, 4.04128980637, 3.3116106987, 2.75353002548, 2.74013185501, 3.10026288033, 2.41158270836, 0.710067749023, 0.100789390504, 0.0113973673433, 0.000655496027321, 2.95008012472e-05],
        "dmean2": [4.77808157484e-07, 2.6590678317e-06, 9.00749546418e-06, 2.16622902371e-05, 4.32484011981e-05, 7.61837218306e-05, 0.000119431817438, 0.000226488729822, 0.00190532300621, 0.0159118454903, 0.033431686461, 0.0555593445897, 0.0624521523714, 0.0907727330923, 0.250281572342, 0.619493544102, 1.22039461136, 2.6475675106, 5.71779108047, 17.1425247192, 72.5428619385, 127.77897644, 46.4515686035, 27.6973438263, 28.4129810333, 23.0107746124, 23.6383037567, 23.319108963, 16.224817276, 7.22536373138, 6.0174536705, 5.16854095459, 5.13711881638, 5.78694009781, 4.52666282654, 1.31918096542, 0.183823019266, 0.0214222855866, 0.00121965794824, 5.36874540558e-05],
        "dvar": [1.15849821056e-11, 3.73738290316e-10, 4.26364099582e-09, 2.47912606e-08, 9.60467403388e-08, 2.86676225869e-07, 6.73069905588e-07, 1.79104949893e-06, 3.6631594412e-05, 0.00187308376189, 0.00776734156534, 0.0210041012615, 0.0238449815661, 0.043135471642, 0.279912292957, 1.78956019878, 6.68884563446, 32.4558296204, 140.56401062, 1240.75097656, 25249.796875, 88716.2109375, 11686.0791016, 3400.13085938, 3663.53930664, 2206.14257812, 2274.33349609, 2218.35058594, 1111.04724121, 221.453872681, 152.929672241, 107.619140625, 125.391296387, 168.450042725, 95.7015457153, 8.28431415558, 0.156111598015, 0.00194549479056, 6.52124799672e-06, 1.13471188001e-08],
        "dvar2": [3.46825103359e-11, 1.11927556112e-09, 1.27704895547e-08, 7.4248191595e-08, 2.87615563366e-07, 8.58043904373e-07, 2.01399620892e-06, 5.35265144208e-06, 0.000106110790512, 0.00526965083554, 0.0217188056558, 0.0606119893491, 0.0683666393161, 0.121949158609, 0.78008055687, 5.03023672104, 18.5743923187, 90.6863021851, 388.475036621, 3405.62939453, 70464.578125, 246376.5, 32836.8632812, 9586.2890625, 10232.0195312, 6076.49316406, 6244.25537109, 6073.81445312, 3063.63012695, 597.090942383, 418.291992188, 299.86932373, 357.583312988, 472.633392334, 265.659606934, 23.1434593201, 0.432589203119, 0.00548288738355, 1.84079108294e-05, 3.10762047206e-08],
        "max": [6.9098205131e-05, 0.00039197204751, 0.0013234782964, 0.00319040450267, 0.00626516528428, 0.010803328827, 0.0164743810892, 0.026770086959, 0.104752197862, 0.553241372108, 1.03941357136, 1.8003513813, 1.80983626842, 2.27605938911, 5.71481752396, 14.0615444183, 31.5134010315, 73.1239547729, 139.596755981, 380.224853516, 1643.07653809, 3723.50805664, 1158.44128418, 649.17401123, 635.920654297, 419.701751709, 450.363494873, 451.581115723, 283.362182617, 145.631393433, 108.141517639, 88.7645492554, 121.38508606, 129.957489014, 96.2496032715, 26.4262943268, 3.80256152153, 0.339437484741, 0.0251571908593, 0.00077413499821],
        "mean": [1.45394409401e-07, 6.82016263909e-07, 2.28034969041e-06, 5.47490026293e-06, 1.1040503523e-05, 1.97573626792e-05, 3.13185191771e-05, 6.3248029619e-05, 0.000650551170111, 0.00554125895724, 0.0116380583495, 0.0176065377891, 0.0204512644559, 0.0309013910592, 0.0849243700504, 0.207598909736, 0.414572507143, 0.903187036514, 1.95810306072, 5.85766887665, 24.3740882874, 44.8011512756, 16.0398540497, 9.03650283813, 9.4246635437, 7.71432924271, 7.96183872223, 7.99998664856, 5.52298069, 2.64706134796, 2.12463450432, 1.70354044437, 1.62046253681, 1.89999973774, 1.48652613163, 0.426669627428, 0.0604469291866, 0.00672942912206, 0.00038745519123, 1.83813153853e-05],
        "median": [2.39292905491e-08, 6.19813933511e-09, 1.28037269675e-08, 2.92669017909e-08, 6.30484890962e-08, 1.18811598782e-07, 1.88392462519e-07, 3.297301987e-07, 1.1477766293e-06, 7.14380894351e-06, 1.55417546921e-05, 1.3760971342e-05, 1.31525812321e-05, 1.72092550201e-05, 1.67530397448e-05, 2.35349689319e-05, 5.38538261026e-05, 5.61866836506e-05, 4.59451439383e-05, 4.15686954511e-05, 5.41375775356e-05, 7.19271483831e-05, 5.60272710572e-05, 5.31884179509e-05, 6.94499176461e-05, 6.8817193096e-05, 5.62890454603e-05, 5.59996187803e-05, 5.50854310859e-05, 5.27900774614e-05, 5.09581659571e-05, 4.20032592956e-05, 3.36940938723e-05, 2.98928480333e-05, 2.45539049502e-05, 1.17800736916e-05, 4.0632648961e-06, 1.1599120171e-06, 2.53768206449e-07, 2.57423860006e-08],
        "min": [1.78808079454e-11, 7.54662790592e-11, 1.56314974853e-10, 1.86055754137e-10, 2.09947018104e-10, 3.91179699744e-10, 6.42697062236e-10, 6.42486730484e-10, 5.83156134493e-10, 6.05227534756e-10, 3.66858599055e-10, 2.71582034639e-10, 1.27908433845e-10, 1.81426845769e-10, 1.1707472769e-09, 2.15444861951e-09, 6.03196159688e-10, 1.56829060849e-09, 4.04191524694e-09, 1.52422785504e-09, 8.04512179098e-10, 2.39860620255e-09, 2.38777908557e-09, 1.16958460694e-08, 4.84183670935e-09, 1.26059429562e-08, 2.13863398102e-08, 9.77256853218e-09, 1.04134203482e-08, 1.65193689838e-08, 5.4089106527e-09, 1.93902316425e-09, 5.02471397823e-09, 8.66868354876e-09, 5.56520918238e-09, 2.92675172986e-09, 7.61519236558e-10, 4.81915951589e-10, 1.28690211265e-10, 1.22001245911e-11],
        "stdev": [2.41452698901e-06, 1.37062515932e-05, 4.6283188567e-05, 0.000111617227958, 0.000219744484639, 0.000379926350433, 0.000582376902457, 0.000951737456489, 0.00450460845605, 0.0334566310048, 0.0685183778405, 0.108039811254, 0.116230942309, 0.159220397472, 0.412791967392, 1.02949762344, 2.01113438606, 4.40632295609, 9.2889919281, 27.7673130035, 123.181793213, 232.643859863, 83.2671356201, 44.7912902832, 46.9583053589, 37.0297203064, 37.6953353882, 37.4412727356, 26.2832221985, 12.0442390442, 9.860455513, 8.07172489166, 8.51640319824, 10.067276001, 7.65696191788, 2.23699212074, 0.310452163219, 0.0337486565113, 0.00195410125889, 8.47288029036e-05],
        "var": [5.82994026319e-12, 1.87861337597e-10, 2.14213358163e-09, 1.24584058625e-08, 4.82876387764e-08, 1.44344042496e-07, 3.3916285247e-07, 9.05804142803e-07, 2.02914980036e-05, 0.00111934612505, 0.00469476776198, 0.0116726011038, 0.0135096320882, 0.0253511331975, 0.170397207141, 1.05986535549, 4.04466152191, 19.4156837463, 86.285369873, 771.023620605, 15173.7548828, 54123.1679688, 6933.41552734, 2006.25964355, 2205.08251953, 1371.20019531, 1420.93835449, 1401.84899902, 690.807800293, 145.063690186, 97.2285842896, 65.1527481079, 72.5291290283, 101.35004425, 58.6290664673, 5.00413417816, 0.0963805541396, 0.00113897176925, 3.8185116864e-06, 7.17896986302e-09]
    },
    "gfcc": {
        "mean": [-606.676391602, -96.9120941162, -144.792892456, -4.41162824631, -50.2213401794, 16.8818016052, -20.96833992, 24.4120578766, -5.06231355667, 15.0624914169, -10.9963712692, 4.4116358757, -10.4495687485],
        "cov": [[26624.3300781, -7527.57373047, -7530.63574219, 190.680435181, -1127.87023926, -51.0509376526, -1210.57495117, 1275.10351562, 304.328369141, 476.524993896, -515.91809082, 458.244140625, -129.754150391], [-7527.57373047, 2532.09057617, 2206.36181641, -140.909851074, 370.959503174, 23.8462600708, 366.528289795, -446.83392334, -106.835334778, -116.970581055, 163.784408569, -204.92779541, -7.09673929214], [-7530.63574219, 2206.36181641, 2642.01733398, -82.6117401123, 312.348815918, -22.5969142914, 300.834991455, -361.308258057, -172.75340271, -164.673797607, 134.287460327, -147.07258606, 41.2796592712], [190.680435181, -140.909851074, -82.6117401123, 337.137756348, 13.9969177246, -18.3976612091, -70.6437301636, 40.1536026001, 11.8949651718, -94.3635025024, -80.8923721313, 64.7074966431, 38.8564109802], [-1127.87023926, 370.959503174, 312.348815918, 13.9969177246, 126.71282196, 15.1271400452, 59.2351570129, -93.6474380493, -33.4051361084, -23.4475688934, 22.4678096771, -35.8085899353, -2.49796652794], [-51.0509376526, 23.8462600708, -22.5969142914, -18.3976612091, 15.1271400452, 61.0852165222, 17.3553600311, -9.65281009674, -15.3214235306, 0.190742358565, 4.05240392685, -15.1901226044, -11.4919376373], [-1210.57495117, 366.528289795, 300.834991455, -70.6437301636, 59.2351570129, 17.3553600311, 112.736038208, -71.135597229, -23.0191688538, -0.859396278858, 40.1296386719, -43.8018379211, -4.05320882797], [1275.10351562, -446.83392334, -361.308258057, 40.1536026001, -93.6474380493, -9.65281009674, -71.135597229, 128.9090271, 37.4442977905, 4.13175201416, -42.1046104431, 44.9600982666, 1.70673036575], [304.328369141, -106.835334778, -172.75340271, 11.8949651718, -33.4051361084, -15.3214235306, -23.0191688538, 37.4442977905, 73.5854644775, 16.4510803223, -12.9436178207, 15.8491687775, -3.70810890198], [476.524993896, -116.970581055, -164.673797607, -94.3635025024, -23.4475688934, 0.190742358565, -0.859396278858, 4.13175201416, 16.4510803223, 78.891494751, 26.6284999847, -18.1131286621, -21.3849010468], [-515.91809082, 163.784408569, 134.287460327, -80.8923721313, 22.4678096771, 4.05240392685, 40.1296386719, -42.1046104431, -12.9436178207, 26.6284999847, 59.7064781189, -17.595500946, -10.359992981], [458.244140625, -204.92779541, -147.07258606, 64.7074966431, -35.8085899353, -15.1901226044, -43.8018379211, 44.9600982666, 15.8491687775, -18.1131286621, -17.595500946, 62.7034301758, 25.0556106567], [-129.754150391, -7.09673929214, 41.2796592712, 38.8564109802, -2.49796652794, -11.4919376373, -4.05320882797, 1.70673036575, -3.70810890198, -21.3849010468, -10.359992981, 25.0556106567, 39.6754760742]],
        "icov": [[0.000667498679832, 0.000717188173439, 0.00111657055095, 0.000619674450718, 0.000313479977194, 0.00098940951284, 0.00215028203093, -0.000179718743311, 0.00203471072018, -0.000180370523594, 0.00132839847356, 0.000930105161387, 0.000928825233132], [0.000717188173439, 0.00482377037406, -0.00079600099707, 0.00057886558352, 0.000172796819243, 0.000448231672635, -0.000231784419157, 0.00602961052209, -0.00284325401299, 0.00410575419664, -0.000872115255333, 0.00458055967465, 0.00215406925417], [0.00111657055095, -0.00079600099707, 0.00394350290298, 0.00132691359613, 0.000354687595973, 0.00337445409968, 0.00415175920352, -0.00236908695661, 0.00634564924985, 0.000705723534338, 0.00150785641745, 0.0018207085086, -0.000150066247443], [0.000619674450718, 0.00057886558352, 0.00132691359613, 0.00801397208124, -0.0034152076114, 0.00187966541853, 0.00433668401092, 9.30664828047e-05, 0.00101061991882, 0.00533688487485, 0.00690256105736, -0.00331907533109, 0.000538907479495], [0.000313479977194, 0.000172796819243, 0.000354687595973, -0.0034152076114, 0.0218333210796, -0.00169604970142, -0.00171097856946, 0.0123648587614, 0.00194355240092, 0.00227487250231, -0.000449007377028, 0.00330249988474, 0.00341343064792], [0.00098940951284, 0.000448231672635, 0.00337445409968, 0.00187966541853, -0.00169604970142, 0.0227938108146, -0.000131800872623, -0.00194145203568, 0.00836149137467, 0.00324482284486, 0.00240324274637, 0.00332906399854, 0.00558523042127], [0.00215028203093, -0.000231784419157, 0.00415175920352, 0.00433668401092, -0.00171097856946, -0.000131800872623, 0.0292938258499, -0.0030671544373, 0.0067167696543, 0.000962388003245, -0.00218824180774, 0.0101921577007, -0.00445871660486], [-0.000179718743311, 0.00602961052209, -0.00236908695661, 9.30664828047e-05, 0.0123648587614, -0.00194145203568, -0.0030671544373, 0.0359000563622, -0.010402017273, 0.00918771047145, 0.00449404073879, -0.00258120940998, 0.00800648424774], [0.00203471072018, -0.00284325401299, 0.00634564924985, 0.00101061991882, 0.00194355240092, 0.00836149137467, 0.0067167696543, -0.010402017273, 0.0314108021557, -0.0106261270121, 0.0102517325431, -0.00536791328341, 0.00550672179088], [-0.000180370523594, 0.00410575419664, 0.000705723534338, 0.00533688487485, 0.00227487250231, 0.00324482284486, 0.000962388003245, 0.00918771047145, -0.0106261270121, 0.0399905405939, -0.0177057087421, 0.0160031989217, 0.000801783171482], [0.00132839847356, -0.000872115255333, 0.00150785641745, 0.00690256105736, -0.000449007377028, 0.00240324274637, -0.00218824180774, 0.00449404073879, 0.0102517325431, -0.0177057087421, 0.0476520843804, -0.0199173595756, 0.0125462096184], [0.000930105161387, 0.00458055967465, 0.0018207085086, -0.00331907533109, 0.00330249988474, 0.00332906399854, 0.0101921577007, -0.00258120940998, -0.00536791328341, 0.0160031989217, -0.0199173595756, 0.0530841611326, -0.0230584088713], [0.000928825233132, 0.00215406925417, -0.000150066247443, 0.000538907479495, 0.00341343064792, 0.00558523042127, -0.00445871660486, 0.00800648424774, 0.00550672179088, 0.000801783171482, 0.0125462096184, -0.0230584088713, 0.0480730682611]]
    },
    "melbands": {
        "dmean": [2.19878359964e-09, 2.18962625809e-09, 2.16797158004e-09, 2.14581175051e-09, 2.06763517419e-09, 2.40427167064e-09, 2.04038865803e-08, 1.12700256238e-07, 1.65449648648e-07, 1.86694535387e-07, 1.6808662906e-07, 1.88718985328e-07, 3.57000402573e-07, 7.09319749603e-07, 1.15068894502e-06, 1.64561220117e-06, 2.72457646133e-06, 4.29380224887e-06, 7.4970530477e-06, 1.80700408237e-05, 5.47009512957e-05, 8.526876627e-05, 3.50261871063e-05, 1.52272796186e-05, 1.15015263873e-05, 1.2014847016e-05, 9.71336339717e-06, 8.0746040112e-06, 7.72277871874e-06, 7.88966826804e-06, 7.42400470699e-06, 5.89876208323e-06, 2.63304605141e-06, 2.1331698008e-06, 1.95295001504e-06, 1.76298146926e-06, 1.62997912412e-06, 1.7340728391e-06, 2.25585563385e-06, 2.75470779343e-06],
        "dmean2": [4.34752234213e-09, 4.36565050776e-09, 4.32507052395e-09, 4.25721458086e-09, 4.08804279317e-09, 4.72904559956e-09, 3.71814579125e-08, 2.02291801088e-07, 3.00375063489e-07, 3.51420908373e-07, 3.11777768047e-07, 3.43438415484e-07, 6.49987384804e-07, 1.31103945478e-06, 2.14366036744e-06, 3.06137781081e-06, 5.05494108438e-06, 7.96886706667e-06, 1.3719434719e-05, 3.37937017321e-05, 0.000101410078059, 0.000155803310918, 6.46747212159e-05, 2.80913445749e-05, 2.12345858017e-05, 2.22301459871e-05, 1.77929396159e-05, 1.4751539311e-05, 1.42149137901e-05, 1.44303157867e-05, 1.35117552418e-05, 1.08359972728e-05, 4.69426913696e-06, 3.76518323719e-06, 3.51617836714e-06, 3.27700217895e-06, 3.05805633616e-06, 3.25894438902e-06, 4.23546543971e-06, 5.13218265041e-06],
        "dvar": [9.50945255158e-16, 1.00534160515e-15, 9.79253943288e-16, 9.12690282644e-16, 8.01416834913e-16, 9.08285817198e-16, 1.21364735685e-14, 2.99268422543e-13, 6.33993075053e-13, 8.3797302864e-13, 5.93476602497e-13, 6.63237097621e-13, 1.93372900158e-12, 7.83103616675e-12, 2.01040694509e-11, 4.46544433375e-11, 1.19896786943e-10, 2.79134548808e-10, 7.99346366875e-10, 4.74927919214e-09, 5.1291120684e-08, 1.31125631242e-07, 2.33943158179e-08, 3.98950339431e-09, 2.03174410629e-09, 2.32780927867e-09, 1.4010069771e-09, 9.09227471091e-10, 8.31448687677e-10, 8.518960537e-10, 7.66591568002e-10, 5.07537789574e-10, 1.00565514249e-10, 6.14670953025e-11, 5.31803143189e-11, 4.65143791539e-11, 3.80025073909e-11, 4.77583771141e-11, 1.04745059848e-10, 1.28253574427e-10],
        "dvar2": [2.84670642331e-15, 3.01106935507e-15, 2.93275544163e-15, 2.73248275982e-15, 2.39818384301e-15, 2.71799235543e-15, 3.4921643756e-14, 8.35523111201e-13, 1.7880862806e-12, 2.4202337183e-12, 1.70259618036e-12, 1.88855463386e-12, 5.38265482533e-12, 2.20615747892e-11, 5.60099674973e-11, 1.24709617633e-10, 3.35618227654e-10, 7.74885711152e-10, 2.18930740203e-09, 1.30457769032e-08, 1.43914775208e-07, 3.64837234201e-07, 6.5447345321e-08, 1.13288693981e-08, 5.74341196824e-09, 6.5456111642e-09, 3.88726961731e-09, 2.50804377266e-09, 2.28476837449e-09, 2.33247754444e-09, 2.11003969852e-09, 1.40786138303e-09, 2.76402178923e-10, 1.66764657639e-10, 1.45631992576e-10, 1.29462607301e-10, 1.06361884578e-10, 1.35880140473e-10, 3.00069441517e-10, 3.58073654061e-10],
        "max": [6.2689588276e-07, 6.42724671707e-07, 6.33682475382e-07, 6.10064489592e-07, 5.68964992453e-07, 6.0278557612e-07, 1.77179799721e-06, 6.40258394924e-06, 9.22217077459e-06, 1.11175631901e-05, 8.91753097676e-06, 8.85895678948e-06, 1.56084515766e-05, 2.74644844467e-05, 4.9156267778e-05, 8.50189826451e-05, 0.00014381246001, 0.000201403716346, 0.000317465979606, 0.000717941788025, 0.00247651571408, 0.00444343453273, 0.00188382202759, 0.00061336584622, 0.000504194758832, 0.000545365619473, 0.000353050854756, 0.000252052152064, 0.000272668490652, 0.000261792360106, 0.000280362932244, 0.000188373422134, 9.54767310759e-05, 7.81437192927e-05, 6.4417894464e-05, 5.71323689655e-05, 5.45914590475e-05, 6.63754253765e-05, 0.000131486784085, 0.000104221406218],
        "mean": [1.56057655687e-09, 1.10778874962e-09, 1.09555953198e-09, 1.09654252345e-09, 1.06454278725e-09, 1.26436450198e-09, 1.28031114599e-08, 7.12908274636e-08, 1.02925994838e-07, 1.11136991165e-07, 1.01621914439e-07, 1.15730443895e-07, 2.21033587877e-07, 4.33392386867e-07, 7.21730089026e-07, 1.04462935724e-06, 1.72228851625e-06, 2.70766327048e-06, 4.76409286421e-06, 1.1416689631e-05, 3.3698102925e-05, 5.39793982171e-05, 2.2547044864e-05, 9.27223663894e-06, 6.85010718371e-06, 7.27630549591e-06, 5.9344561123e-06, 4.92635263072e-06, 4.77047888126e-06, 4.9229738579e-06, 4.61416266262e-06, 3.63484377885e-06, 1.67032612808e-06, 1.3757794477e-06, 1.24653308831e-06, 1.10434314138e-06, 9.96319045043e-07, 1.02421563497e-06, 1.33579203521e-06, 1.70389910181e-06],
        "median": [4.66851779457e-10, 6.24601542362e-12, 6.14391090087e-12, 6.4515151034e-12, 6.54292418856e-12, 7.15767245821e-12, 1.97659579676e-11, 9.84476389299e-11, 1.21001597631e-10, 8.28717650059e-11, 6.3432717412e-11, 6.78682318678e-11, 5.51357778877e-11, 5.55726749341e-11, 8.54215240209e-11, 1.26814822532e-10, 9.85798803699e-11, 6.89373280682e-11, 5.63696103684e-11, 5.33313671003e-11, 6.38483224624e-11, 7.5487220641e-11, 6.03632144269e-11, 4.4547868866e-11, 4.24064845739e-11, 4.89525711633e-11, 5.25173099453e-11, 4.25011068006e-11, 3.46863718304e-11, 3.23176138628e-11, 3.18512889674e-11, 3.02305472322e-11, 2.84593251743e-11, 2.98183353009e-11, 2.88070539645e-11, 2.70868032864e-11, 2.54341235573e-11, 2.36164802991e-11, 2.45504224589e-11, 2.54265462851e-11],
        "min": [1.56926134955e-13, 8.61583143697e-14, 3.24538505336e-14, 2.07697001823e-14, 2.22610863391e-14, 1.45601863492e-14, 8.883095404e-15, 6.24500366648e-15, 2.67993156522e-15, 1.64331570372e-15, 5.68612423398e-16, 5.09047372482e-16, 2.97162048962e-15, 6.07516509023e-15, 3.76940122385e-15, 4.28421429666e-16, 3.37181602863e-15, 7.30184752181e-15, 2.90174535367e-15, 1.4390328503e-15, 8.46958090718e-16, 2.49485380746e-15, 2.1137624613e-15, 2.43423525931e-15, 1.10557848887e-14, 4.26269457761e-15, 3.54376392868e-15, 9.78946385625e-15, 1.34525611747e-14, 1.12523456603e-14, 4.01133966809e-15, 5.47488512249e-15, 6.78006845003e-15, 1.08585617372e-14, 3.41071940486e-15, 1.53364230122e-15, 8.18415780313e-16, 2.21059780893e-15, 6.57170300369e-15, 7.73272132361e-15],
        "stdev": [2.18774154348e-08, 2.24765042134e-08, 2.21843823311e-08, 2.14283790712e-08, 2.009415212e-08, 2.13897308754e-08, 8.27097537126e-08, 4.26506886697e-07, 6.12770804764e-07, 6.8163836886e-07, 5.79588515848e-07, 6.19493221166e-07, 1.08580150027e-06, 2.15083468902e-06, 3.48058460986e-06, 5.17256694366e-06, 8.4570119725e-06, 1.3020944607e-05, 2.2404921765e-05, 5.42104062333e-05, 0.0001745049085, 0.00028238815139, 0.000118521558761, 4.8075158702e-05, 3.44869004039e-05, 3.71072965208e-05, 2.92821168841e-05, 2.37660970015e-05, 2.27819018619e-05, 2.31820904446e-05, 2.19125777221e-05, 1.76476260094e-05, 7.96282711235e-06, 6.32496266917e-06, 5.82008078709e-06, 5.31144542038e-06, 4.78006450066e-06, 5.26100211573e-06, 7.7469740063e-06, 8.83253323991e-06],
