{
"lowlevel": {
    "average_loudness": 0.571311056614,
    "barkbands_crest": {
        "dmean": 2.6968421936,
        "dmean2": 4.42553758621,
        "dvar": 8.66154384613,
        "dvar2": 21.6550693512,
        "max": 24.8563461304,
        "mean": 9.4058713913,
        "median": 7.86657238007,
        "min": 2.74260306358,
        "stdev": 4.90357971191,
        "var": 24.0450935364
    },
    "barkbands_flatness_db": {
        "dmean": 0.0259356945753,
        "dmean2": 0.0398016422987,
        "dvar": 0.00105625169817,
        "dvar2": 0.00224452954717,
        "max": 0.405623316765,
        "mean": 0.108565330505,
        "median": 0.0856378525496,
        "min": 0.0217175558209,
        "stdev": 0.0621616765857,
        "var": 0.00386407412589
    },
    "barkbands_kurtosis": {
        "dmean": 4.84550666809,
        "dmean2": 7.99338626862,
        "dvar": 288.446166992,
        "dvar2": 733.283081055,
        "max": 352.372680664,
        "mean": 3.70213770866,
        "median": -1.05742263794,
        "min": -1.87398517132,
        "stdev": 17.0228252411,
        "var": 289.776611328
    },
    "barkbands_skewness": {
        "dmean": 0.713150441647,
        "dmean2": 1.10629665852,
        "dvar": 1.26530766487,
        "dvar2": 2.82278895378,
        "max": 17.7939472198,
        "mean": 0.79440921545,
        "median": 0.223232656717,
        "min": -4.65995264053,
        "stdev": 1.90536856651,
        "var": 3.6304295063
    },
    "barkbands_spread": {
        "dmean": 10.1388902664,
        "dmean2": 15.9628429413,
        "dvar": 165.578598022,
        "dvar2": 317.521179199,
        "max": 134.718154907,
        "mean": 65.4198150635,
        "median": 61.0807723999,
        "min": 1.16194450855,
        "stdev": 43.006980896,
        "var": 1849.60046387
    },
    "dissonance": {
        "dmean": 0.0164884030819,
        "dmean2": 0.0276738721877,
        "dvar": 0.000796038249973,
        "dvar2": 0.00170513079502,
        "max": 0.5,
        "mean": 0.480250179768,
        "median": 0.491834461689,
        "min": 0,
        "stdev": 0.0317896194756,
        "var": 0.00101057998836
    },
    "dynamic_complexity": 30.7383708954,
    "erbbands_crest": {
        "dmean": 2.46179842949,
        "dmean2": 3.94410777092,
        "dvar": 10.7451610565,
        "dvar2": 26.6532230377,
        "max": 29.3490562439,
        "mean": 7.36257886887,
        "median": 4.90435504913,
        "min": 2.46969294548,
        "stdev": 5.60045051575,
        "var": 31.3650436401
    },
    "erbbands_flatness_db": {
        "dmean": 0.0202188938856,
        "dmean2": 0.0301889888942,
        "dvar": 0.000724628393073,
        "dvar2": 0.00150700157974,
        "max": 0.372594147921,
        "mean": 0.131770864129,
        "median": 0.0998795926571,
        "min": 0.0348409898579,
        "stdev": 0.0672035887837,
        "var": 0.00451632263139
    },
    "erbbands_kurtosis": {
        "dmean": 1.5127851963,
        "dmean2": 2.54755282402,
        "dvar": 14.1333818436,
        "dvar2": 38.1422271729,
        "max": 54.2731170654,
        "mean": 0.823074102402,
        "median": -0.0484607219696,
        "min": -1.90052962303,
        "stdev": 3.92634296417,
        "var": 15.4161691666
    },
    "erbbands_skewness": {
        "dmean": 0.441141039133,
        "dmean2": 0.693569481373,
        "dvar": 0.387776136398,
        "dvar2": 0.97771525383,
        "max": 6.60049962997,
        "mean": 0.208533748984,
        "median": -0.140044510365,
        "min": -4.24628925323,
        "stdev": 1.1307322979,
        "var": 1.27855551243
    },
    "erbbands_spread": {
        "dmean": 9.20924949646,
        "dmean2": 14.9682855606,
        "dvar": 135.244277954,
        "dvar2": 337.098876953,
        "max": 169.190185547,
        "mean": 44.0642127991,
        "median": 40.0020980835,
        "min": 3.87551808357,
        "stdev": 18.6665897369,
        "var": 348.441558838
    },
    "hfc": {
        "dmean": 9.70119571686,
        "dmean2": 14.5507650375,
        "dvar": 1724.60388184,
        "dvar2": 3892.04418945,
        "max": 485.890808105,
        "mean": 10.430352211,
        "median": 0.00558138638735,
        "min": 4.29162234639e-08,
        "stdev": 44.8765220642,
        "var": 2013.90234375
    },
    "loudness_ebu128": {
        "integrated": -40.6624298096,
        "loudness_range": 6.64117050171,
        "momentary": {
            "dmean": 4.91869688034,
            "dmean2": 6.59669208527,
            "dvar": 72.7058792114,
            "dvar2": 121.29019928,
            "max": -35.6522903442,
            "mean": -64.1286697388,
            "median": -63.7923698425,
            "min": -86.8874282837,
            "stdev": 19.4843196869,
            "var": 379.63873291
        },
        "short_term": {
            "dmean": 0.442104846239,
            "dmean2": 0.765607833862,
            "dvar": 2.04678988457,
            "dvar2": 3.88228201866,
            "max": -42.3552246094,
            "mean": -45.7348899841,
            "median": -45.4555587769,
            "min": -60.6894302368,
            "stdev": 3.36428713799,
            "var": 11.3184280396
        }
    },
    "melbands_crest": {
        "dmean": 4.06852340698,
        "dmean2": 6.67091178894,
        "dvar": 13.8650302887,
        "dvar2": 36.0783004761,
        "max": 36.3286781311,
        "mean": 14.5521593094,
        "median": 12.9223270416,
        "min": 3.50563287735,
        "stdev": 6.78126621246,
        "var": 45.9855728149
    },
    "melbands_flatness_db": {
        "dmean": 0.0315918140113,
        "dmean2": 0.0480505153537,
        "dvar": 0.00159738934599,
        "dvar2": 0.00310508348048,
        "max": 0.541362524033,
        "mean": 0.117492988706,
        "median": 0.0885149091482,
        "min": 0.0171582698822,
        "stdev": 0.0952808335423,
        "var": 0.00907843746245
    },
    "melbands_kurtosis": {
        "dmean": 14.869761467,
        "dmean2": 23.3309574127,
        "dvar": 2570.70263672,
        "dvar2": 4633.77099609,
        "max": 1213.32263184,
        "mean": 17.2993545532,
        "median": 2.47264242172,
        "min": -1.55652010441,
        "stdev": 64.5509185791,
        "var": 4166.82080078
    },
    "melbands_skewness": {
        "dmean": 1.01519799232,
        "dmean2": 1.59509801865,
        "dvar": 2.90650653839,
        "dvar2": 6.08427476883,
        "max": 27.6233940125,
        "mean": 2.30755162239,
        "median": 1.53504371643,
        "min": -2.27312040329,
        "stdev": 2.76905703545,
        "var": 7.6676774025
    },
    "melbands_spread": {
        "dmean": 14.7741060257,
        "dmean2": 23.5617427826,
        "dvar": 357.234680176,
        "dvar2": 663.35559082,
        "max": 204.106674194,
        "mean": 79.398979187,
        "median": 53.7816848755,
        "min": 0.340647310019,
        "stdev": 65.4058685303,
        "var": 4277.92724609
    },
    "pitch_salience": {
        "dmean": 0.0773972719908,
        "dmean2": 0.128151550889,
        "dvar": 0.00787978991866,
        "dvar2": 0.0191802158952,
        "max": 0.975396633148,
        "mean": 0.581621348858,
        "median": 0.609929203987,
        "min": 0.0813343301415,
        "stdev": 0.13739310205,
        "var": 0.0188768655062
    },
    "silence_rate_20dB": {
        "dmean": 0.00630914838985,
        "dmean2": 0.0126315793023,
        "dvar": 0.00626928033307,
        "dvar2": 0.0166823845357,
        "max": 1,
        "mean": 0.995798289776,
        "median": 1,
        "min": 0,
        "stdev": 0.064683996141,
        "var": 0.00418401975185
    },
    "silence_rate_30dB": {
        "dmean": 0.0273396428674,
        "dmean2": 0.05473684147,
        "dvar": 0.0265923291445,
        "dvar2": 0.0538456961513,
        "max": 1,
        "mean": 0.971638679504,
        "median": 1,
        "min": 0,
        "stdev": 0.166003093123,
        "var": 0.0275570265949
    },
    "silence_rate_60dB": {
        "dmean": 0.0483701378107,
        "dmean2": 0.0968421027064,
        "dvar": 0.0460301674902,
        "dvar2": 0.0895682424307,
        "max": 1,
        "mean": 0.839285731316,
        "median": 1,
        "min": 0,
        "stdev": 0.367265820503,
        "var": 0.134884178638
    },
    "spectral_centroid": {
        "dmean": 327.585235596,
        "dmean2": 509.230895996,
        "dvar": 168049.703125,
        "dvar2": 378118.4375,
        "max": 8110.09619141,
        "mean": 2587.33764648,
        "median": 2717.17138672,
        "min": 259.923187256,
        "stdev": 1126.46130371,
        "var": 1268915.125
    },
    "spectral_complexity": {
        "dmean": 1.35226082802,
        "dmean2": 1.77052628994,
        "dvar": 15.5718164444,
        "dvar2": 24.1200046539,
        "max": 47,
        "mean": 2.84033608437,
        "median": 0,
        "min": 0,
        "stdev": 7.42917442322,
        "var": 55.1926345825
    },
    "spectral_decrease": {
        "dmean": 2.7803919167e-09,
        "dmean2": 4.51134551938e-09,
        "dvar": 2.04459300968e-16,
        "dvar2": 5.21638676061e-16,
        "max": -2.09671983911e-19,
        "mean": -2.16443973855e-09,
        "median": -3.70252006138e-13,
        "min": -2.1814562956e-07,
        "stdev": 1.2562339613e-08,
        "var": 1.57812375999e-16
    },
    "spectral_energy": {
        "dmean": 0.0112767778337,
        "dmean2": 0.0183099303395,
        "dvar": 0.00325548835099,
        "dvar2": 0.00823595374823,
        "max": 0.863305211067,
        "mean": 0.00911516975611,
        "median": 1.96237851924e-06,
        "min": 4.68398366968e-12,
        "stdev": 0.0507147982717,
        "var": 0.00257199094631
    },
    "spectral_energyband_high": {
        "dmean": 0.000380321027478,
        "dmean2": 0.000577144441195,
        "dvar": 3.55291649612e-06,
        "dvar2": 6.88458476361e-06,
        "max": 0.0296770464629,
        "mean": 0.0005646419595,
        "median": 3.70364432456e-07,
        "min": 3.24334873195e-12,
        "stdev": 0.00267474818975,
        "var": 7.15427768228e-06
    },
    "spectral_energyband_low": {
        "dmean": 2.42819642153e-05,
        "dmean2": 3.82199468731e-05,
        "dvar": 2.65738986371e-08,
        "dvar2": 6.43602362516e-08,
        "max": 0.00265587307513,
        "mean": 2.41266552621e-05,
        "median": 4.49025634452e-08,
        "min": 2.453681789e-13,
        "stdev": 0.000160312381922,
        "var": 2.57000607462e-08
    },
    "spectral_energyband_middle_high": {
        "dmean": 0.00249354750849,
        "dmean2": 0.00412474526092,
        "dvar": 0.000297752703773,
        "dvar2": 0.000784403237049,
        "max": 0.326565265656,
        "mean": 0.00215631537139,
        "median": 2.9955174341e-07,
        "min": 4.48703872452e-13,
        "stdev": 0.0148260463029,
        "var": 0.000219811641728
    },
    "spectral_energyband_middle_low": {
        "dmean": 0.00923484843224,
        "dmean2": 0.0154786491767,
        "dvar": 0.00257083727047,
        "dvar2": 0.00671153748408,
        "max": 0.810400664806,
        "mean": 0.0065627056174,
        "median": 4.42255498001e-07,
        "min": 5.04522909995e-13,
        "stdev": 0.0431073606014,
        "var": 0.00185824453365
    },
    "spectral_entropy": {
        "dmean": 0.15090431273,
        "dmean2": 0.224330529571,
        "dvar": 0.0472334176302,
        "dvar2": 0.0923894643784,
        "max": 8.9999628067,
        "mean": 8.24914836884,
        "median": 8.42947292328,
        "min": 6.02334165573,
        "stdev": 0.568749547005,
        "var": 0.323476076126
    },
    "spectral_flux": {
        "dmean": 0.0192985460162,
        "dmean2": 0.0287402458489,
        "dvar": 0.0042286561802,
        "dvar2": 0.00880014523864,
        "max": 0.777341425419,
        "mean": 0.0310393553227,
        "median": 0.000913090538234,
        "min": 0.000318844802678,
        "stdev": 0.0870940834284,
        "var": 0.00758537976071
    },
    "spectral_kurtosis": {
        "dmean": 0.589951515198,
        "dmean2": 0.89730656147,
        "dvar": 0.587395727634,
        "dvar2": 1.2482458353,
        "max": 12.395529747,
        "mean": 2.60294866562,
        "median": 2.18841791153,
        "min": -1.40437972546,
        "stdev": 1.42771923542,
        "var": 2.03838205338
    },
    "spectral_rms": {
        "dmean": 0.000672619789839,
        "dmean2": 0.000942155427765,
        "dvar": 5.28584496351e-06,
        "dvar2": 1.09098045868e-05,
        "max": 0.0290215257555,
        "mean": 0.00100291112904,
        "median": 4.3755157094e-05,
        "min": 6.75998563793e-08,
        "stdev": 0.002808382269,
        "var": 7.88701072452e-06
    },
    "spectral_rolloff": {
        "dmean": 1396.67089844,
        "dmean2": 2278.21362305,
        "dvar": 5188781,
        "dvar2": 10479475,
        "max": 18604.6875,
        "mean": 9291.75488281,
        "median": 9485.37597656,
        "min": 64.599609375,
        "stdev": 7065.58886719,
        "var": 49922544
    },
    "spectral_skewness": {
        "dmean": 0.118663191795,
        "dmean2": 0.183871656656,
        "dvar": 0.0242372304201,
        "dvar2": 0.0504589490592,
        "max": 3.00352859497,
        "mean": 1.35551011562,
        "median": 1.29561722279,
        "min": -0.149992763996,
        "stdev": 0.298280864954,
        "var": 0.0889714807272
    },
    "spectral_spread": {
        "dmean": 596169.625,
        "dmean2": 917683.25,
        "dvar": 474162233344,
        "dvar2": 1.09714669568e+12,
        "max": 13678910,
        "mean": 8029921,
        "median": 8639624,
        "min": 3105922.25,
        "stdev": 1890843.5,
        "var": 3.57528895488e+12
    },
    "spectral_strongpeak": {
        "dmean": 0.235240265727,
        "dmean2": 0.386498510838,
        "dvar": 0.650545299053,
        "dvar2": 1.61575603485,
        "max": 10.647356987,
        "mean": 0.284598320723,
        "median": 0.00194181455299,
        "min": 0,
        "stdev": 0.865783751011,
        "var": 0.749581456184
    },
    "zerocrossingrate": {
        "dmean": 0.0202100165188,
        "dmean2": 0.0238975118846,
        "dvar": 0.00054789945716,
        "dvar2": 0.000611848430708,
        "max": 0.42236328125,
        "mean": 0.189920887351,
        "median": 0.21923828125,
        "min": 0.0068359375,
        "stdev": 0.0889836326241,
        "var": 0.00791808683425
    },
    "barkbands": {
        "dmean": [1.04803507384e-06, 4.26536053055e-06, 9.60432953434e-06, 2.80635376839e-05, 4.0969283873e-05, 0.00180557696149, 0.00469907419756, 0.0014306063531, 0.00104403682053, 0.00168283458333, 0.000273852405371, 0.000259843945969, 0.000113932866952, 5.84805748076e-05, 3.70738525817e-05, 5.87736722082e-05, 0.000274091056781, 7.96981839812e-05, 0.000162420154084, 0.000133830064442, 8.26897739898e-05, 6.11870054854e-05, 1.11554027171e-05, 0.000102196223452, 0.000103817081254, 2.22800135816e-05, 3.74650335289e-06],
        "dmean2": [1.79699441105e-06, 7.19461786503e-06, 1.6657042579e-05, 4.6724704589e-05, 7.30321771698e-05, 0.00314832362346, 0.00812461413443, 0.0025165239349, 0.00181557540782, 0.00299038668163, 0.000469856604468, 0.000394276314182, 0.000160899595357, 9.70304390648e-05, 6.20255741524e-05, 9.196249448e-05, 0.000502440147102, 0.000133148758323, 0.000284910085611, 0.000213068531593, 0.000127329360112, 8.93195465324e-05, 1.55428097059e-05, 0.000143437820952, 0.000149349085405, 2.99963339785e-05, 5.46742467122e-06],
        "dvar": [1.20099633363e-11, 2.32523736376e-10, 1.01591073332e-08, 5.63277815502e-08, 1.61361882078e-07, 0.000267605821136, 0.00139318895526, 0.00011787177209, 6.23784799245e-05, 0.000325929664541, 2.67901327788e-06, 2.31522085414e-06, 7.02831755461e-07, 2.24869864951e-07, 1.01340347669e-07, 2.84955376628e-07, 1.06622946987e-05, 2.38961490595e-07, 5.47906756765e-06, 7.6540044347e-07, 1.46441266224e-07, 1.07183247167e-07, 2.05515404694e-09, 2.5126362857e-07, 2.77715145103e-07, 1.60443178743e-08, 3.50750012368e-10],
        "dvar2": [3.45891648657e-11, 6.07511319028e-10, 2.82418337605e-08, 1.31183000462e-07, 3.26985087895e-07, 0.000719321426004, 0.0037107351236, 0.000323453714373, 0.000164459255757, 0.000891800038517, 7.1472518357e-06, 5.65101299799e-06, 1.46417323776e-06, 6.24016934125e-07, 2.80742966652e-07, 6.95557957897e-07, 3.04921231873e-05, 5.70908525788e-07, 1.56719524966e-05, 1.92776292351e-06, 3.20346231319e-07, 2.40610148694e-07, 3.85692944249e-09, 4.91380603762e-07, 6.47536978704e-07, 2.76758118645e-08, 6.70213551324e-10],
        "max": [4.2489838961e-05, 0.000184132877621, 0.00226384052075, 0.00372568913735, 0.00879603903741, 0.270536005497, 0.636174976826, 0.180115252733, 0.138736158609, 0.393275976181, 0.0238685794175, 0.0201622322202, 0.0191504135728, 0.00974820181727, 0.00768881943077, 0.0133054889739, 0.0660905763507, 0.00741433864459, 0.054463930428, 0.019746363163, 0.00582980457693, 0.00674818363041, 0.000740441668313, 0.00831549614668, 0.00980960577726, 0.00295862508938, 0.000371619767975],
        "mean": [1.1632995438e-06, 4.6446698434e-06, 7.27386623112e-06, 2.57173942373e-05, 3.76180723833e-05, 0.00128603202756, 0.00305835879408, 0.000992008135654, 0.000830656092148, 0.00111656321678, 0.000240255933022, 0.000240182082052, 0.000118245901831, 4.72439096484e-05, 3.58075485565e-05, 5.2877512644e-05, 0.00018252551672, 9.16471835808e-05, 0.000125051286886, 0.000153429777129, 0.000101078207081, 6.76607742207e-05, 1.49454799612e-05, 0.000127058359794, 0.000123207079014, 2.90009083983e-05, 4.88527120979e-06],
        "median": [1.24741603713e-07, 3.61996654874e-09, 1.80553116902e-09, 1.66986580119e-09, 1.18743557209e-08, 5.19010825428e-08, 4.6775575413e-08, 4.37986038548e-08, 6.42747153279e-08, 4.56968827223e-08, 3.5253847841e-08, 2.70659921142e-08, 1.2216859524e-08, 1.43001557262e-08, 1.65089435455e-08, 1.67729439227e-08, 2.15774740298e-08, 2.0650396948e-08, 2.27145164899e-08, 3.06961460694e-08, 3.35714958055e-08, 3.31832481493e-08, 2.91835959843e-08, 4.81077790937e-08, 6.13208470668e-08, 6.37754453692e-08, 7.9087527638e-08],
        "min": [7.23602764079e-14, 1.06927270857e-13, 6.8885869231e-14, 6.59868481471e-14, 1.47707367171e-13, 1.17074766223e-13, 8.36306935162e-14, 5.25722044023e-14, 3.37192940399e-14, 7.39711670552e-15, 5.81570439305e-16, 8.77605076826e-15, 2.74861869512e-14, 4.60781146041e-14, 5.38611174975e-14, 2.43730494907e-14, 1.43429054576e-14, 1.41762036138e-13, 1.23610458891e-13, 1.97442820963e-14, 9.95994533051e-14, 1.64176303303e-13, 3.08297658236e-13, 6.49602875831e-13, 1.01017122184e-12, 3.54846035368e-13, 6.72357460506e-13],
        "stdev": [3.78010213353e-06, 1.7043632397e-05, 8.2090649812e-05, 0.000242843962042, 0.000412820285419, 0.0134074380621, 0.0307725872844, 0.00900813005865, 0.00687552988529, 0.0145465023816, 0.00143097143155, 0.00150580587797, 0.000904210144654, 0.000385067629395, 0.000287268660031, 0.000507811782882, 0.00250549893826, 0.000569764641114, 0.00179047486745, 0.000953944399953, 0.000451713625807, 0.000338965677656, 6.1513397668e-05, 0.000687493127771, 0.000630701135378, 0.000184459262528, 2.78988645732e-05],
        "var": [1.4289172276e-11, 2.90485413501e-10, 6.73887523561e-09, 5.89731925515e-08, 1.70420577206e-07, 0.00017975938681, 0.000946952146478, 8.11464051367e-05, 4.72729116154e-05, 0.00021160072356, 2.04767911782e-06, 2.26745123655e-06, 8.17596003344e-07, 1.4827708128e-07, 8.2523278877e-08, 2.57872784459e-07, 6.27752524451e-06, 3.24631713511e-07, 3.20580033986e-06, 9.10009873678e-07, 2.04045193186e-07, 1.14897723336e-07, 3.78389852784e-09, 4.72646775052e-07, 3.97783907147e-07, 3.40252199749e-08, 7.78346609387e-10]
    },
    "erbbands": {
        "dmean": [0.000172868763912, 0.000952650909312, 0.00827855151147, 0.0522744134068, 0.130631268024, 0.119059257209, 0.755160570145, 19.9276828766, 71.8479614258, 39.6822929382, 31.4224414825, 23.4012203217, 44.8391838074, 35.1883850098, 9.34766483307, 10.4675426483, 5.3967757225, 2.55093598366, 2.32160568237, 1.97609937191, 5.31401920319, 16.7863407135, 5.563788414, 7.51874685287, 5.9202580452, 6.20690870285, 4.03204727173, 3.50287938118, 2.49273967743, 0.707396805286, 0.343791782856, 1.31004154682, 2.22105240822, 1.64215743542, 0.437842071056, 0.107882171869, 0.0382819399238, 0.0100793829188, 0.000577483209781, 2.38062148128e-05],
        "dmean2": [0.000305566441966, 0.00162125914358, 0.0141733624041, 0.0837375670671, 0.206144034863, 0.19332189858, 1.15189123154, 35.0890426636, 123.977043152, 67.7656784058, 53.1498031616, 40.5777206421, 80.2650222778, 61.4628601074, 15.6627788544, 15.6841135025, 8.27934074402, 3.95640563965, 3.72453999519, 3.01524782181, 9.15999984741, 30.5895805359, 9.39217853546, 13.491317749, 9.70711612701, 9.84885787964, 6.17895460129, 5.46962308884, 3.67083930969, 0.978531479836, 0.497850447893, 2.02914738655, 3.13333082199, 2.39522790909, 0.654919326305, 0.1566555053, 0.0529685541987, 0.013228436932, 0.000822701258585, 3.4412889363e-05],
        "dvar": [4.40541725766e-07, 2.17257329496e-05, 0.00747639872134, 0.171485573053, 1.87104833126, 1.25250899792, 26.7439918518, 31571.7460938, 360522.90625, 78745.7109375, 49921.4296875, 29022.8925781, 351252.84375, 94350.203125, 2086.21972656, 3820.95532227, 1401.29272461, 231.638519287, 279.603179932, 293.531219482, 2371.24365234, 43196.3515625, 1150.00634766, 12716.0683594, 3009.79174805, 1926.44348145, 473.263244629, 275.748718262, 176.221466064, 9.01114940643, 2.10726809502, 42.9050674438, 133.143264771, 75.6083374023, 3.47386884689, 0.372452765703, 0.0619502849877, 0.00372102251276, 1.04499094959e-05, 8.82982309491e-09],
        "dvar2": [1.19766684747e-06, 5.79573061259e-05, 0.0207745283842, 0.379814326763, 4.09525632858, 2.53825473785, 58.4508171082, 84979.2109375, 972374.5, 202581.46875, 131087.734375, 74603.4296875, 992806.8125, 259725.59375, 4581.66210938, 8980.69335938, 2704.50317383, 588.71105957, 764.712219238, 657.722839355, 6472.26220703, 123322.578125, 2783.01049805, 36417.2578125, 8339.47753906, 4780.54589844, 1107.0559082, 634.034301758, 381.829681396, 17.5759296417, 3.82582235336, 86.8106765747, 283.291015625, 177.829193115, 7.38289546967, 0.698432087898, 0.0989860370755, 0.00641737924889, 2.04057014344e-05, 1.79775749842e-08],
        "max": [0.00886555481702, 0.0993971824646, 1.94973695278, 7.18199539185, 33.5557861328, 26.7927951813, 105.401367188, 2604.29956055, 11610.7705078, 5032.59130859, 3677.90576172, 3168.61938477, 13766.0498047, 6068.16308594, 637.993652344, 900.562744141, 749.915283203, 254.909469604, 311.499969482, 445.005706787, 813.00390625, 4496.84082031, 525.526916504, 2618.78295898, 1252.82177734, 1037.63586426, 437.977264404, 186.978271484, 263.581207275, 38.1908035278, 24.6471977234, 112.105323792, 210.322601318, 160.040527344, 26.2819900513, 12.2535953522, 7.09167098999, 1.87301337719, 0.0659820437431, 0.0012569243554],
        "mean": [0.000187619632925, 0.000941223697737, 0.00668224133551, 0.0505056083202, 0.113586731255, 0.11275357753, 0.704445242882, 14.3657255173, 47.0343933105, 26.8096351624, 23.3029880524, 19.1420383453, 30.0521621704, 25.112197876, 9.52596950531, 9.78328514099, 5.95037984848, 2.45274853706, 2.11159348488, 2.17071270943, 4.25311279297, 11.3494062424, 6.01263570786, 5.69515419006, 5.65940237045, 7.24191236496, 4.96010875702, 3.99272179604, 2.80310940742, 0.864109516144, 0.477102845907, 1.6527364254, 2.64684510231, 1.85124254227, 0.58194309473, 0.134294137359, 0.0530455745757, 0.0145949758589, 0.000685330538545, 2.82924484054e-05],
        "median": [4.56422242223e-07, 7.9783825413e-07, 2.3733746275e-06, 4.72921055916e-06, 1.1635478586e-05, 4.04822239943e-05, 0.000163856020663, 0.000486931909109, 0.000691795488819, 0.000979609438218, 0.00105514994357, 0.00151504459791, 0.00151895440649, 0.00153198617045, 0.00147894863039, 0.00106238701846, 0.000635004776996, 0.000745371624362, 0.000938663142733, 0.000833822181448, 0.00104695069604, 0.00127807061654, 0.00125184515491, 0.00113499420695, 0.00131806952413, 0.00139685324393, 0.00137693923898, 0.00130835664459, 0.00125363480765, 0.000912456773221, 0.00085199251771, 0.000889277318493, 0.000834856997244, 0.000682759738993, 0.000436875328887, 0.000250182813033, 0.000119619857287, 4.73520703963e-05, 1.09674938358e-05, 1.17021068036e-06],
        "min": [3.9250521236e-12, 2.16061994684e-11, 7.12829795191e-11, 1.66846342298e-10, 3.19102383406e-10, 5.25566423715e-10, 7.66687546783e-10, 1.00317898433e-09, 1.17704157532e-09, 1.22317844742e-09, 1.0935430339e-09, 7.91427978708e-10, 4.03168165519e-10, 9.91121629212e-11, 7.59666080041e-11, 4.52169274245e-10, 1.19187648639e-09, 2.10708628323e-09, 2.78725353908e-09, 2.44584774656e-09, 8.99160690349e-10, 1.15030918124e-09, 6.35315799968e-09, 9.09041908415e-09, 3.20579518487e-09, 1.02051012085e-09, 2.66956368122e-09, 4.48528192365e-09, 3.32500116329e-09, 1.37350415486e-08, 6.90394452718e-09, 1.64727431695e-08, 6.96892277219e-09, 8.73724559369e-09, 7.95952104227e-09, 2.76222178464e-09, 4.13063527827e-10, 1.3656940856e-10, 7.2608745405e-11, 1.4058160018e-11],
        "stdev": [0.000742404197808, 0.00424839649349, 0.0701101720333, 0.440272599459, 1.35898828506, 1.15044736862, 5.28121805191, 145.375457764, 488.898284912, 240.063323975, 196.111160278, 151.935592651, 460.13381958, 247.060272217, 48.2039527893, 62.420009613, 42.1184043884, 14.2924108505, 14.2147874832, 19.4623794556, 40.9659957886, 159.541900635, 36.8258209229, 86.1514968872, 44.9001998901, 47.8563156128, 26.0609760284, 17.7989959717, 13.9337692261, 3.74771142006, 1.97645175457, 8.34156417847, 15.3345165253, 10.2685432434, 2.49842596054, 0.773376703262, 0.382001072168, 0.100037589669, 0.00407130317762, 0.000117138042697],
        "var": [5.51163964246e-07, 1.8048873244e-05, 0.00491543626413, 0.19383995235, 1.8468490839, 1.32352924347, 27.8912658691, 21134.0234375, 239021.546875, 57630.4023438, 38459.5859375, 23084.4238281, 211723.125, 61038.78125, 2323.62109375, 3896.25756836, 1773.96008301, 204.273010254, 202.060195923, 378.784179688, 1678.21276855, 25453.6191406, 1356.14099121, 7422.08056641, 2016.0279541, 2290.22680664, 679.174438477, 316.804229736, 194.149917603, 14.045340538, 3.9063615799, 69.5816955566, 235.147399902, 105.442985535, 6.24213218689, 0.598111510277, 0.145924821496, 0.010007519275, 1.6575508198e-05, 1.37213209683e-08]
    },
    "gfcc": {
        "mean": [-372.097717285, -31.9074440002, -103.695877075, -7.06166124344, -65.413772583, 1.03456437588, -25.3958339691, 12.9847078323, -15.5763225555, 10.2762460709, -9.63455200195, 4.40792274475, -5.84528827667],
        "cov": [[36305.5273438, 4419.21533203, -5172.07763672, -1701.79248047, -4799.67675781, -958.104370117, -980.537658691, 537.323669434, -1242.21557617, 277.137969971, -720.64630127, -627.402099609, -193.147003174], [4419.21533203, 2249.30932617, -68.8166809082, 97.2082977295, -482.876281738, -115.040748596, -17.6050491333, -139.792388916, -35.6200294495, 141.448287964, -104.741104126, -176.867919922, -56.5511894226], [-5172.07763672, -68.8166809082, 1469.07128906, 705.306213379, 971.698547363, 286.633972168, 241.330947876, -139.546905518, 177.407836914, -22.3709030151, 75.462928772, 36.1413078308, 1.52676141262], [-1701.79248047, 97.2082977295, 705.306213379, 678.940185547, 531.044006348, 227.913818359, 156.022094727, -4.28364849091, 93.8548126221, -91.1972732544, -90.6713409424, -87.3233718872, -38.9389266968], [-4799.67675781, -482.876281738, 971.698547363, 531.044006348, 1028.93969727, 376.893218994, 252.176956177, 20.1954040527, 230.878494263, -72.4617233276, 13.6797914505, 41.0611572266, 8.83190345764], [-958.104370117, -115.040748596, 286.633972168, 227.913818359, 376.893218994, 342.03112793, 224.28453064, 129.672683716, 134.755020142, -12.5113143921, -52.2988471985, -41.1060371399, -17.7828330994], [-980.537658691, -17.6050491333, 241.330947876, 156.022094727, 252.176956177, 224.28453064, 270.373016357, 115.003173828, 127.475364685, -7.88124465942, -39.148273468, -39.9440956116, -19.8144054413], [537.323669434, -139.792388916, -139.546905518, -4.28364849091, 20.1954040527, 129.672683716, 115.003173828, 283.998321533, 105.50994873, -38.183429718, -65.9087753296, -40.4713287354, -9.69541072845], [-1242.21557617, -35.6200294495, 177.407836914, 93.8548126221, 230.878494263, 134.755020142, 127.475364685, 105.50994873, 231.428817749, 39.0148773193, -5.9041929245, -19.847114563, -11.0339012146], [277.137969971, 141.448287964, -22.3709030151, -91.1972732544, -72.4617233276, -12.5113143921, -7.88124465942, -38.183429718, 39.0148773193, 145.751861572, 83.2882232666, 25.5036296844, -8.01262950897], [-720.64630127, -104.741104126, 75.462928772, -90.6713409424, 13.6797914505, -52.2988471985, -39.148273468, -65.9087753296, -5.9041929245, 83.2882232666, 168.708312988, 112.860229492, 25.8426265717], [-627.402099609, -176.867919922, 36.1413078308, -87.3233718872, 41.0611572266, -41.1060371399, -39.9440956116, -40.4713287354, -19.847114563, 25.5036296844, 112.860229492, 144.459747314, 57.8970069885], [-193.147003174, -56.5511894226, 1.52676141262, -38.9389266968, 8.83190345764, -17.7828330994, -19.8144054413, -9.69541072845, -11.0339012146, -8.01262950897, 25.8426265717, 57.8970069885, 78.5599517822]],
        "icov": [[0.00030063916347, -0.000385233084671, 0.00048891705228, -0.000469368300401, 0.000776153814513, -0.000748228048906, 0.000638604047708, -0.000973513175268, 0.00129809451755, -0.00113269337453, 0.00101784663275, -0.000585748930462, 0.000167641410371], [-0.000385233084671, 0.00125933776144, -0.000925586384255, 0.000202146096854, -0.000136779111926, 0.000973265094217, -0.00105435657315, 0.00166083232034, -0.00188831938431, 0.000475153501611, -0.000480323942611, 0.00094581884332, -0.000503490446135], [0.00048891705228, -0.000925586384255, 0.00439792871475, -0.00273807952181, -0.00148805044591, 0.000197667992325, -0.000597328937147, -0.000394225411583, 0.00241314875893, -0.00213864957914, -0.000797808868811, -3.4729768231e-05, -0.000485293421661], [-0.000469368300401, 0.000202146096854, -0.00273807952181, 0.00557525735348, -0.00185196520761, -7.78043686296e-05, 4.67907593702e-05, 0.00122311583254, -0.00171679421328, 0.0035874391906, -0.000643365317956, 0.0024925286416, 0.000660975289065], [0.000776153814513, -0.000136779111926, -0.00148805044591, -0.00185196520761, 0.00882740691304, -0.00641460437328, 0.00273773632944, -0.000745055906009, -0.000476512301248, 0.000207792370929, 0.00318725663237, -0.00441760290414, 0.00123640045058], [-0.000748228048906, 0.000973265094217, 0.000197667992325, -7.78043686296e-05, -0.00641460437328, 0.0134229138494, -0.00723598571494, -0.000587074318901, -0.000623961677775, -0.00234426977113, -0.000135381662403, 0.00226675113663, -0.00127210072242], [0.000638604047708, -0.00105435657315, -0.000597328937147, 4.67907593702e-05, 0.00273773632944, -0.00723598571494, 0.0112497089431, -0.00349635770544, 0.000786623219028, -0.000975580420345, 0.00204684445634, -0.000883487809915, 0.00129484862555], [-0.000973513175268, 0.00166083232034, -0.000394225411583, 0.00122311583254, -0.000745055906009, -0.000587074318901, -0.00349635770544, 0.0112327486277, -0.00850863941014, 0.00738112116233, -0.00367721333168, 0.00143765076064, -0.000420828146162], [0.00129809451755, -0.00188831938431, 0.00241314875893, -0.00171679421328, -0.000476512301248, -0.000623961677775, 0.000786623219028, -0.00850863941014, 0.0161059424281, -0.0112753855065, 0.00567640177906, -0.000639656500425, -0.0002887819428], [-0.00113269337453, 0.000475153501611, -0.00213864957914, 0.0035874391906, 0.000207792370929, -0.00234426977113, -0.000975580420345, 0.00738112116233, -0.0112753855065, 0.0231444370002, -0.0151720745489, 0.00503770587966, 0.00154295389075], [0.00101784663275, -0.000480323942611, -0.000797808868811, -0.000643365317956, 0.00318725663237, -0.000135381662403, 0.00204684445634, -0.00367721333168, 0.00567640177906, -0.0151720745489, 0.0275649074465, -0.0177673716098, 0.00480318302289], [-0.000585748930462, 0.00094581884332, -3.4729768231e-05, 0.0024925286416, -0.00441760290414, 0.00226675113663, -0.000883487809915, 0.00143765076064, -0.000639656500425, 0.00503770587966, -0.0177673716098, 0.026857400313, -0.0120835267007], [0.000167641410371, -0.000503490446135, -0.000485293421661, 0.000660975289065, 0.00123640045058, -0.00127210072242, 0.00129484862555, -0.000420828146162, -0.0002887819428, 0.00154295389075, 0.00480318302289, -0.0120835267007, 0.020405691117]]
    },
    "melbands": {
        "dmean": [1.30900673412e-06, 3.53267341779e-06, 1.16852188512e-05, 8.26233917905e-06, 1.40349147841e-05, 0.000486958655529, 0.00106714828871, 0.000391371315345, 0.000242766880547, 0.000145236394019, 0.000232172154938, 0.000156884241733, 3.3282161894e-05, 2.69214324362e-05, 2.54762162513e-05, 6.70119152346e-06, 4.90064849146e-06, 4.19571642851e-06, 2.7066828352e-06, 2.37794915847e-06, 7.00503414919e-06, 2.06357981369e-05, 6.66464575261e-06, 3.53173049916e-06, 6.59862371322e-06, 5.60134549232e-06, 3.76135221813e-06, 4.52561243947e-06, 2.91108790407e-06, 1.84434748007e-06, 2.15146064875e-06, 1.71650094671e-06, 6.8504562023e-07, 2.60317847278e-07, 1.64640511002e-07, 2.91891495863e-07, 1.08124254439e-06, 1.61004390975e-06, 1.60129286542e-06, 1.34583808631e-06],
        "dmean2": [2.25885537475e-06, 5.89589672018e-06, 1.89997954294e-05, 1.47572618516e-05, 2.41718644247e-05, 0.000849914504215, 0.00183169741649, 0.000672291440424, 0.000406486011343, 0.000251677876804, 0.000415894581238, 0.00027383811539, 5.57002567803e-05, 4.08597225032e-05, 3.90369859815e-05, 9.14410793484e-06, 7.92728224042e-06, 6.97261066307e-06, 4.34339108324e-06, 3.72375689039e-06, 1.2239377611e-05, 3.80706551368e-05, 1.13511459858e-05, 6.00938483331e-06, 1.18197058327e-05, 9.69304164755e-06, 5.80325558985e-06, 7.37993059374e-06, 4.52567655884e-06, 2.83079270957e-06, 3.41192298947e-06, 2.54499354924e-06, 1.01021964838e-06, 3.43277719139e-07, 2.32743900597e-07, 4.13248898212e-07, 1.70727446402e-06, 2.34575372815e-06, 2.39835367211e-06, 2.03750846595e-06],
        "dvar": [2.22636405839e-11, 1.00281360993e-09, 9.15403575164e-09, 1.00538342096e-08, 1.04905071296e-08, 1.83730135177e-05, 7.24126730347e-05, 7.4670547292e-06, 3.01993372886e-06, 1.17697231872e-06, 9.33201863518e-06, 1.95682218873e-06, 3.24357181114e-08, 2.26030216766e-08, 3.88976246768e-08, 1.45713718869e-09, 1.15692955216e-09, 1.26467547545e-09, 6.88244738978e-10, 2.93037483168e-10, 5.60851987075e-09, 6.77280596051e-08, 2.25102647633e-09, 4.75844585957e-10, 1.10837428124e-08, 5.38803357486e-09, 3.77224917969e-10, 1.44663159229e-09, 2.64697819219e-10, 7.57330101409e-11, 1.11221393206e-10, 9.96281737664e-11, 1.01660823856e-11, 1.11699083143e-12, 4.92941028708e-13, 1.50969731508e-12, 3.10687794935e-11, 7.29319937776e-11, 8.36479704946e-11, 4.95527924249e-11],
        "dvar2": [5.98099694771e-11, 2.72633871035e-09, 2.12404760447e-08, 1.92962641421e-08, 2.21114007104e-08, 4.90382626595e-05, 0.000193131607375, 1.95662360056e-05, 7.86525106378e-06, 3.12068550556e-06, 2.62623816525e-05, 5.3605267567e-06, 7.80926967536e-08, 5.51308758645e-08, 7.85847831253e-08, 2.78321565794e-09, 3.06253644666e-09, 3.53507934037e-09, 1.78116665861e-09, 6.29086394088e-10, 1.54806638619e-08, 1.93804751802e-07, 5.88399950985e-09, 1.19190757264e-09, 3.1822004587e-08, 1.53261741076e-08, 8.76469452571e-10, 3.80279496781e-09, 6.16440287704e-10, 1.78168341192e-10, 2.56729082437e-10, 2.23152996082e-10, 2.11593867427e-11, 2.06627531925e-12, 9.41363632011e-13, 3.11433387759e-12, 6.5105899838e-11, 1.56344784341e-10, 1.88748155994e-10, 1.2185784326e-10],
        "max": [5.72111857764e-05, 0.00069027353311, 0.0017426237464, 0.00229098298587, 0.00218772678636, 0.062164735049, 0.156543448567, 0.0446718744934, 0.0249152649194, 0.0180686246604, 0.0710493326187, 0.0273600593209, 0.0027082443703, 0.00287397275679, 0.00402768375352, 0.000606409972534, 0.000611074559856, 0.000719204777852, 0.00067878770642, 0.000341330713127, 0.00131499092095, 0.00551217794418, 0.000871091906447, 0.000337638193741, 0.00244259368628, 0.00171151163522, 0.000252753758105, 0.000915874319617, 0.000315705547109, 0.000144380202983, 0.000126254322822, 0.00020618113922, 4.5857654186e-05, 1.76498397195e-05, 1.44217592606e-05, 1.89664169739e-05, 9.8883319879e-05, 0.000149524654262, 0.000185062250239, 0.000107193744043],
        "mean": [1.48645131048e-06, 3.08708354169e-06, 1.07037867565e-05, 8.12612233858e-06, 1.45090943988e-05, 0.000345848122379, 0.000703110941686, 0.000264466303634, 0.000185467884876, 0.000115722396004, 0.000153997505549, 0.000110432163638, 3.12926749757e-05, 2.62934809143e-05, 2.41896377702e-05, 7.69835605752e-06, 4.23302071795e-06, 3.59681985174e-06, 2.77148205896e-06, 2.55948998529e-06, 5.40352129974e-06, 1.32740042318e-05, 6.46577200314e-06, 3.97559097109e-06, 4.70677014164e-06, 4.50426205134e-06, 3.99933014705e-06, 5.2314048844e-06, 3.55988777301e-06, 2.12453551285e-06, 2.38213237935e-06, 1.83752661087e-06, 8.07062178865e-07, 3.20193549896e-07, 2.10352780528e-07, 3.8539860725e-07, 1.30288185574e-06, 1.86255283552e-06, 1.88377134691e-06, 1.45674698615e-06],
        "median": [7.05658598221e-09, 1.27403287919e-09, 1.01598374158e-09, 1.74860637081e-09, 4.8499053662e-09, 1.09938227411e-08, 1.10359135164e-08, 1.07729505316e-08, 8.05900768341e-09, 9.67118918282e-09, 7.50817363837e-09, 5.95869931175e-09, 4.81787321149e-09, 3.4013716288e-09, 1.77111059152e-09, 1.15998832761e-09, 1.33143873704e-09, 1.28907884367e-09, 1.11281039938e-09, 1.00001673609e-09, 1.14229914416e-09, 1.24592014483e-09, 1.17361542706e-09, 9.36063226931e-10, 8.46587466796e-10, 8.86525297616e-10, 9.42413480587e-10, 9.50825196355e-10, 8.36833990991e-10, 8.02343802508e-10, 7.35073890645e-10, 7.0087047277e-10, 5.73951330907e-10, 4.92039298194e-10, 4.8430814914e-10, 5.21914622631e-10, 5.4570870045e-10, 5.78835701592e-10, 5.41542033439e-10, 5.65884339387e-10],
        "min": [3.58241810782e-14, 3.47822661786e-14, 3.29521430758e-14, 3.02855308919e-14, 2.67727548166e-14, 2.25952899647e-14, 1.79017702897e-14, 1.30294165485e-14, 8.49819600947e-15, 4.65397721243e-15, 1.89327152656e-15, 4.1310106534e-16, 1.24440892534e-16, 7.44801099779e-16, 1.84520113625e-15, 3.03855536245e-15, 4.01595091546e-15, 4.46126408792e-15, 3.99966713056e-15, 2.46886789543e-15, 6.68916635644e-16, 5.76396709123e-16, 3.5162059235e-15, 7.39088000192e-15, 7.68029506638e-15, 3.68485632429e-15, 5.04765885631e-16, 7.01516763262e-16, 1.41144392842e-15, 2.3701919452e-15, 2.6550281613e-15, 9.69720269829e-16, 4.75447936568e-15, 8.88928382672e-15, 3.77072555986e-15, 5.00321143768e-15, 1.23582920156e-14, 5.29868829342e-15, 2.87645549097e-15, 9.76163882393e-15],
        "stdev": [5.42908128409e-06, 2.66690931312e-05, 9.61371697485e-05, 0.000105613777123, 0.000110120796307, 0.00353605765849, 0.00701148761436, 0.00230718101375, 0.00154955475591, 0.000938953016885, 0.00238306610845, 0.00112970464397, 0.000173721418832, 0.00015392251953, 0.000209882375202, 4.74816442875e-05, 2.96413891192e-05, 2.88750070467e-05, 2.57231313299e-05, 1.99530313694e-05, 6.17784971837e-05, 0.000198982379516, 4.31041517004e-05, 2.58936597675e-05, 7.99593181e-05, 5.68047944398e-05, 2.03742947633e-05, 3.92014771933e-05, 1.97609424504e-05, 9.70421751845e-06, 1.10181590571e-05, 1.00644265331e-05, 3.66465042134e-06, 1.40959662076e-06, 9.28085739815e-07, 1.56509076987e-06, 6.89659555064e-06, 1.09990969577e-05, 1.12979987534e-05, 7.90855210653e-06],
