{
"lowlevel": {
    "average_loudness": 4.82052928419e-05,
    "barkbands_crest": {
        "dmean": 1.59012854099,
        "dmean2": 2.6227273941,
        "dvar": 4.83016252518,
        "dvar2": 12.5117807388,
        "max": 24.6243476868,
        "mean": 12.0332632065,
        "median": 10.5421543121,
        "min": 3.79710316658,
        "stdev": 6.59996843338,
        "var": 43.5595817566
    },
    "barkbands_flatness_db": {
        "dmean": 0.0135371079668,
        "dmean2": 0.0218600742519,
        "dvar": 0.00027300795773,
        "dvar2": 0.000683282967657,
        "max": 0.542114973068,
        "mean": 0.18427182734,
        "median": 0.0882427245378,
        "min": 0.043844178319,
        "stdev": 0.153223410249,
        "var": 0.0234774146229
    },
    "barkbands_kurtosis": {
        "dmean": 2.92094016075,
        "dmean2": 4.65967988968,
        "dvar": 32.9324493408,
        "dvar2": 83.6526412964,
        "max": 187.087310791,
        "mean": 18.82188797,
        "median": 0.000452041625977,
        "min": -1.86654949188,
        "stdev": 43.1039466858,
        "var": 1857.95007324
    },
    "barkbands_skewness": {
        "dmean": 0.521069347858,
        "dmean2": 0.830627262592,
        "dvar": 0.334765911102,
        "dvar2": 0.875715970993,
        "max": 11.7640514374,
        "mean": 1.23921263218,
        "median": -0.0443407855928,
        "min": -1.98881900311,
        "stdev": 3.0488088131,
        "var": 9.29523468018
    },
    "barkbands_spread": {
        "dmean": 13.7526693344,
        "dmean2": 23.0502300262,
        "dvar": 349.909729004,
        "dvar2": 996.919555664,
        "max": 134.277984619,
        "mean": 60.0795478821,
        "median": 71.5410919189,
        "min": 0.694446921349,
        "stdev": 48.4055404663,
        "var": 2343.09619141
    },
    "dissonance": {
        "dmean": 0.0114353690296,
        "dmean2": 0.019512867555,
        "dvar": 0.000224242554395,
        "dvar2": 0.000637783610728,
        "max": 0.49992108345,
        "mean": 0.398730397224,
        "median": 0.486887216568,
        "min": 0.114740990102,
        "stdev": 0.128257498145,
        "var": 0.0164499860257
    },
    "dynamic_complexity": 48.2949256897,
    "erbbands_crest": {
        "dmean": 0.612792491913,
        "dmean2": 0.902004480362,
        "dvar": 0.616812288761,
        "dvar2": 1.4452688694,
        "max": 26.4253311157,
        "mean": 11.2761201859,
        "median": 4.31416511536,
        "min": 2.63313007355,
        "stdev": 9.02148628235,
        "var": 81.3872070312
    },
    "erbbands_flatness_db": {
        "dmean": 0.00825570244342,
        "dmean2": 0.0128110144287,
        "dvar": 5.02155562572e-05,
        "dvar2": 0.000114288741315,
        "max": 0.482135117054,
        "mean": 0.189031600952,
        "median": 0.0903094932437,
        "min": 0.0494180172682,
        "stdev": 0.145845398307,
        "var": 0.0212708804756
    },
    "erbbands_kurtosis": {
        "dmean": 1.44264924526,
        "dmean2": 2.2860724926,
        "dvar": 7.3564696312,
        "dvar2": 18.4993438721,
        "max": 115.244087219,
        "mean": 12.3846731186,
        "median": 0.689757943153,
        "min": -1.6335515976,
        "stdev": 26.5720901489,
        "var": 706.07598877
    },
    "erbbands_skewness": {
        "dmean": 0.194035068154,
        "dmean2": 0.300685942173,
        "dvar": 0.0347376018763,
        "dvar2": 0.0818084329367,
        "max": 9.06372070312,
        "mean": 1.03844511509,
        "median": -0.51369202137,
        "min": -1.29762077332,
        "stdev": 2.67216897011,
        "var": 7.14048671722
    },
    "erbbands_spread": {
        "dmean": 3.27436518669,
        "dmean2": 5.20926094055,
        "dvar": 29.8788356781,
        "dvar2": 61.334148407,
        "max": 146.368057251,
        "mean": 30.6804924011,
        "median": 36.7338256836,
        "min": 1.59345066547,
        "stdev": 23.0450572968,
        "var": 531.074707031
    },
    "hfc": {
        "dmean": 1.88511562347,
        "dmean2": 2.07941889763,
        "dvar": 253.337921143,
        "dvar2": 267.773132324,
        "max": 525.87878418,
        "mean": 10.6965169907,
        "median": 0.00107088196091,
        "min": 0.000237671119976,
        "stdev": 59.8997154236,
        "var": 3587.97607422
    },
    "loudness_ebu128": {
        "integrated": -19.2988643646,
        "loudness_range": 27.2908592224,
        "momentary": {
            "dmean": 0.578590512276,
            "dmean2": 0.151451602578,
            "dvar": 0.594173908234,
            "dvar2": 0.13829703629,
            "max": -13.8941860199,
            "mean": -73.593170166,
            "median": -84.8093643188,
            "min": -85.5942306519,
            "stdev": 18.1944236755,
            "var": 331.03704834
        },
        "short_term": {
            "dmean": 0.574557065964,
            "dmean2": 0.0911823958158,
            "dvar": 0.618772029877,
            "dvar2": 0.107607021928,
            "max": -22.3788490295,
            "mean": -73.9884643555,
            "median": -84.1699905396,
            "min": -85.4922943115,
            "stdev": 16.4128723145,
            "var": 269.382385254
        }
    },
    "melbands_crest": {
        "dmean": 3.63900876045,
        "dmean2": 6.00952339172,
        "dvar": 21.831495285,
        "dvar2": 60.4408340454,
        "max": 37.5316963196,
        "mean": 19.8901634216,
        "median": 18.4334831238,
        "min": 3.73913097382,
        "stdev": 7.93931865692,
        "var": 63.0327835083
    },
    "melbands_flatness_db": {
        "dmean": 0.0194395463914,
        "dmean2": 0.0302476659417,
        "dvar": 0.000608367787208,
        "dvar2": 0.00140747101977,
        "max": 0.66323775053,
        "mean": 0.216198265553,
        "median": 0.111478492618,
        "min": 0.00825469195843,
        "stdev": 0.20328527689,
        "var": 0.0413249023259
    },
    "melbands_kurtosis": {
        "dmean": 10.4369983673,
        "dmean2": 16.2929706573,
        "dvar": 808.402282715,
        "dvar2": 1702.23266602,
        "max": 398.923065186,
        "mean": 31.6060123444,
        "median": 1.9221072197,
        "min": -1.43568372726,
        "stdev": 69.9277954102,
        "var": 4889.89648438
    },
    "melbands_skewness": {
        "dmean": 0.846073210239,
        "dmean2": 1.29938995838,
        "dvar": 1.76662731171,
        "dvar2": 3.61876559258,
        "max": 16.1092090607,
        "mean": 2.41937708855,
        "median": 1.18674945831,
        "min": -0.446059823036,
        "stdev": 3.04766201973,
        "var": 9.28824424744
    },
    "melbands_spread": {
        "dmean": 14.0111713409,
        "dmean2": 22.8431491852,
        "dvar": 445.358306885,
        "dvar2": 1066.26660156,
        "max": 190.736831665,
        "mean": 76.1518554688,
        "median": 64.4911117554,
        "min": 0.796141564846,
        "stdev": 70.3567810059,
        "var": 4950.07666016
    },
    "pitch_salience": {
        "dmean": 0.0610645674169,
        "dmean2": 0.101381756365,
        "dvar": 0.00596325332299,
        "dvar2": 0.015648778528,
        "max": 0.795020997524,
        "mean": 0.506732523441,
        "median": 0.515550732613,
        "min": 0.102127932012,
        "stdev": 0.184294700623,
        "var": 0.0339645370841
    },
    "silence_rate_20dB": {
        "dmean": 0.00331674958579,
        "dmean2": 0.00664451811463,
        "dvar": 0.00330571713857,
        "dvar2": 0.0066003263928,
        "max": 1,
        "mean": 0.968543052673,
        "median": 1,
        "min": 0,
        "stdev": 0.17455022037,
        "var": 0.0304677784443
    },
    "silence_rate_30dB": {
        "dmean": 0.00331674958579,
        "dmean2": 0.00664451811463,
        "dvar": 0.00330571783707,
        "dvar2": 0.0066003263928,
        "max": 1,
        "mean": 0.955298006535,
        "median": 1,
        "min": 0,
        "stdev": 0.206650212407,
        "var": 0.0427043102682
    },
    "silence_rate_60dB": {
        "dmean": 0.00331674958579,
        "dmean2": 0.0049833888188,
        "dvar": 0.00330572132953,
        "dvar2": 0.00495852250606,
        "max": 1,
        "mean": 0.89735096693,
        "median": 1,
        "min": 0,
        "stdev": 0.30349907279,
        "var": 0.0921116918325
    },
    "spectral_centroid": {
        "dmean": 91.3713989258,
        "dmean2": 145.64906311,
        "dvar": 22865.6757812,
        "dvar2": 48404.5976562,
        "max": 4033.39282227,
        "mean": 2308.33105469,
        "median": 3432.17285156,
        "min": 200.19178772,
        "stdev": 1541.89294434,
        "var": 2377433.75
    },
    "spectral_complexity": {
        "dmean": 0.137645110488,
        "dmean2": 0.202657803893,
        "dvar": 1.17340123653,
        "dvar2": 1.99210131168,
        "max": 33,
        "mean": 1.35264897346,
        "median": 0,
        "min": 0,
        "stdev": 3.86529660225,
        "var": 14.9405183792
    },
    "spectral_decrease": {
        "dmean": 2.39679898151e-09,
        "dmean2": 2.55562748741e-09,
        "dvar": 4.10099921729e-16,
        "dvar2": 3.99230980238e-16,
        "max": -5.55772092132e-16,
        "mean": -1.33836675076e-08,
        "median": -3.0082253149e-14,
        "min": -6.82005634189e-07,
        "stdev": 7.78003226287e-08,
        "var": 6.0528902413e-15
    },
    "spectral_energy": {
        "dmean": 0.00921568274498,
        "dmean2": 0.00983395799994,
        "dvar": 0.00606357259676,
        "dvar2": 0.00591147271916,
        "max": 2.62173676491,
        "mean": 0.051483117044,
        "median": 2.04379460911e-07,
        "min": 3.37290124719e-08,
        "stdev": 0.29906514287,
        "var": 0.0894399657845
    },
    "spectral_energyband_high": {
        "dmean": 1.03453621705e-05,
        "dmean2": 1.55258276209e-05,
        "dvar": 2.24574403518e-08,
        "dvar2": 5.3169266323e-08,
        "max": 0.00311364210211,
        "mean": 8.98745292943e-06,
        "median": 6.68879636123e-08,
        "min": 1.7593185575e-08,
        "stdev": 0.000140468735481,
        "var": 1.97314662387e-08
    },
    "spectral_energyband_low": {
        "dmean": 0.00351928710006,
        "dmean2": 0.00554674072191,
        "dvar": 0.00110120337922,
        "dvar2": 0.00303143728524,
        "max": 0.626627087593,
        "mean": 0.00787930749357,
        "median": 1.84737469766e-08,
        "min": 1.55575330396e-09,
        "stdev": 0.0524492822587,
        "var": 0.00275092734955
    },
    "spectral_energyband_middle_high": {
        "dmean": 6.52656744933e-05,
        "dmean2": 9.2505622888e-05,
        "dvar": 2.91250358941e-07,
        "dvar2": 4.09491576647e-07,
        "max": 0.0160933602601,
        "mean": 0.000260116707068,
        "median": 1.53521710899e-08,
        "min": 4.80329154229e-09,
        "stdev": 0.00156534975395,
        "var": 2.45031992563e-06
    },
    "spectral_energyband_middle_low": {
        "dmean": 0.00869139656425,
        "dmean2": 0.0103064617142,
        "dvar": 0.00648868177086,
        "dvar2": 0.00809554290026,
        "max": 2.47238779068,
        "mean": 0.0497487746179,
        "median": 8.89771634149e-09,
        "min": 5.96767968375e-10,
        "stdev": 0.289572894573,
        "var": 0.08385245502
    },
    "spectral_entropy": {
        "dmean": 0.0504923276603,
        "dmean2": 0.0785109996796,
        "dvar": 0.00325544178486,
        "dvar2": 0.00491887051612,
        "max": 8.84760284424,
        "mean": 7.51253509521,
        "median": 8.69936561584,
        "min": 4.26593875885,
        "stdev": 1.66074466705,
        "var": 2.75807285309
    },
    "spectral_flux": {
        "dmean": 0.00681552896276,
        "dmean2": 0.0122930137441,
        "dvar": 0.002576620318,
        "dvar2": 0.00535837654024,
        "max": 1.04995465279,
        "mean": 0.0113070141524,
        "median": 0.000243276634137,
        "min": 0.00018230205751,
        "stdev": 0.0685881823301,
        "var": 0.00470433896407
    },
    "spectral_kurtosis": {
        "dmean": 5.82138776779,
        "dmean2": 10.5481233597,
        "dvar": 387.297332764,
        "dvar2": 1243.42797852,
        "max": 328.293457031,
        "mean": 28.1670074463,
        "median": 2.09626984596,
        "min": 1.25378608704,
        "stdev": 64.0646743774,
        "var": 4104.28222656
    },
    "spectral_rms": {
        "dmean": 0.000176850007847,
        "dmean2": 0.000180286704563,
        "dvar": 2.12648683373e-06,
        "dvar2": 2.10706480175e-06,
        "max": 0.050574619323,
        "mean": 0.00168958143331,
        "median": 1.41206610351e-05,
        "min": 5.73640591028e-06,
        "stdev": 0.0068827951327,
        "var": 4.73728687211e-05
    },
    "spectral_rolloff": {
        "dmean": 981.742614746,
        "dmean2": 1647.61291504,
        "dvar": 4364183.5,
        "dvar2": 10887677,
        "max": 19293.75,
        "mean": 9916.96582031,
        "median": 14631.8115234,
        "min": 43.06640625,
        "stdev": 8072.15234375,
        "var": 65159644
    },
    "spectral_skewness": {
        "dmean": 0.241817623377,
        "dmean2": 0.43197286129,
        "dvar": 0.354679524899,
        "dvar2": 1.10609507561,
        "max": 14.891752243,
        "mean": 2.96948766708,
        "median": 1.27120351791,
        "min": 0.998030662537,
        "stdev": 3.41006660461,
        "var": 11.6285543442
    },
    "spectral_spread": {
        "dmean": 354749.34375,
        "dmean2": 613979.625,
        "dvar": 79766831104,
        "dvar2": 224110231552,
        "max": 11335421,
        "mean": 7710326.5,
        "median": 9532468,
        "min": 254730.25,
        "stdev": 3445200.75,
        "var": 1.18694084608e+13
    },
    "spectral_strongpeak": {
        "dmean": 0.101176351309,
        "dmean2": 0.170956924558,
        "dvar": 0.420259714127,
        "dvar2": 1.11971282959,
        "max": 12.3520145416,
        "mean": 0.4161927104,
        "median": 0.000185549346497,
        "min": 0,
        "stdev": 1.55483496189,
        "var": 2.41751170158
    },
    "zerocrossingrate": {
        "dmean": 0.0285146534443,
        "dmean2": 0.040905315429,
        "dvar": 0.00108558824286,
        "dvar2": 0.00222132261842,
        "max": 0.47021484375,
        "mean": 0.204392597079,
        "median": 0.245361328125,
        "min": 0.0078125,
        "stdev": 0.149026870728,
        "var": 0.0222090091556
    },
    "barkbands": {
        "dmean": [4.89790218126e-05, 0.000347084162058, 0.00121908425353, 0.00614791037515, 0.00574520276859, 0.000244191411184, 0.000628000299912, 0.000346312590409, 8.4065781266e-05, 5.59521686228e-05, 3.42981365975e-05, 2.24100349442e-05, 2.15448417293e-05, 1.02587755464e-05, 2.69705628853e-06, 4.04810589316e-06, 1.7336867586e-06, 1.4744107375e-06, 1.31987133045e-06, 4.09246922572e-06, 2.91810442832e-06, 1.58742727763e-06, 9.60906277214e-07, 1.1328797882e-06, 4.28341593306e-07, 1.95024600913e-08, 1.32744251147e-08],
        "dmean2": [8.91250820132e-05, 0.000590880576055, 0.00233498611487, 0.00488942908123, 0.00795737374574, 0.000404892023653, 0.000593649223447, 0.000431090389611, 0.000117049065011, 9.04014450498e-05, 5.81681415497e-05, 3.51008311554e-05, 3.81320969609e-05, 1.83175870916e-05, 3.44824570675e-06, 6.32429919278e-06, 2.38720076595e-06, 2.03767876883e-06, 2.30669775192e-06, 7.21272726878e-06, 5.03539649799e-06, 2.41947668655e-06, 1.79313838089e-06, 1.90492630736e-06, 7.76144588599e-07, 2.60307686517e-08, 2.30565184722e-08],
        "dvar": [2.27765127647e-07, 1.36235212267e-05, 0.000312573683914, 0.00232546380721, 0.00162709550932, 1.7682688167e-06, 1.44066880239e-05, 1.12656898636e-05, 5.50919082798e-07, 2.53789437465e-07, 7.21467259268e-08, 2.11744897172e-08, 3.65334393848e-08, 8.45079828338e-09, 4.58919874324e-10, 1.08300191037e-09, 2.80745648951e-10, 1.66106434163e-10, 3.09475334248e-10, 3.80729670013e-09, 1.95456051344e-09, 5.24479903952e-10, 2.38675246234e-10, 2.94714419535e-10, 4.48501930039e-11, 3.05687753214e-14, 1.0724768648e-14],
        "dvar2": [6.51535003726e-07, 3.02644093608e-05, 0.000952090718783, 0.0017093581846, 0.00322086922824, 4.23364008384e-06, 1.99551759579e-05, 1.45708181662e-05, 1.20302331652e-06, 6.08889138221e-07, 2.28450247164e-07, 4.32821245511e-08, 1.163444594e-07, 2.48893758936e-08, 7.50368489566e-10, 3.26375237947e-09, 5.53137036174e-10, 3.00124120001e-10, 8.07580391449e-10, 1.05335358214e-08, 4.02141342448e-09, 1.25689669783e-09, 4.65574995223e-10, 7.7088441186e-10, 1.25710469812e-10, 5.85365157496e-14, 2.84365901052e-14],
        "max": [0.00890231318772, 0.0761647671461, 0.319706976414, 1.85366213322, 0.779804766178, 0.032684404403, 0.109889686108, 0.0955279245973, 0.0225126817822, 0.0137194432318, 0.00552404532209, 0.00386527110822, 0.00305851385929, 0.00161882501561, 0.000567815674003, 0.000596351863351, 0.000462977681309, 0.000323738553561, 0.000390917761251, 0.00121304497588, 0.000876526581123, 0.000478216505144, 0.000288219307549, 0.000340823229635, 0.000127790990518, 4.90182810609e-06, 2.22421590479e-06],
        "mean": [7.6439777331e-05, 0.000536586216185, 0.000871149532031, 0.0320018865168, 0.0124881323427, 0.00089086178923, 0.00311904540285, 0.000959735247307, 0.000203716132091, 0.000156261885422, 5.05153584527e-05, 5.06058095198e-05, 2.92098557111e-05, 1.93872529053e-05, 6.82581139699e-06, 5.07371078129e-06, 3.57624753633e-06, 2.50750326813e-06, 2.06847698792e-06, 3.06828337671e-06, 3.01227714772e-06, 1.38309042086e-06, 1.06871004846e-06, 8.30891735859e-07, 3.0367326076e-07, 4.97603522831e-08, 3.90031082986e-08],
        "median": [2.25332890125e-08, 5.03466424107e-09, 1.14159837139e-09, 3.76972009164e-10, 1.22021259763e-09, 7.63756835553e-10, 1.16067044864e-09, 3.92561938511e-09, 8.57414472755e-10, 9.33823129934e-10, 8.68525085185e-10, 1.00034580619e-09, 1.00925390267e-09, 1.02752018005e-09, 1.23370302862e-09, 1.36985556232e-09, 1.55676316282e-09, 1.89826643293e-09, 2.39218445053e-09, 2.92028712323e-09, 3.95239041495e-09, 4.73963535086e-09, 5.54342705072e-09, 7.34940908131e-09, 1.01766470806e-08, 1.45251668471e-08, 2.06849115614e-08],
        "min": [3.34606481411e-10, 6.99200003451e-11, 1.74385701192e-12, 7.4376529241e-12, 2.17013455817e-11, 3.76005719616e-11, 7.10522959912e-11, 6.2575757076e-11, 9.07653396887e-11, 1.14143035301e-10, 6.3138085038e-11, 1.4090634215e-10, 1.49950357686e-10, 1.69093891667e-10, 2.68298161465e-10, 3.19323567588e-10, 4.52155424213e-10, 3.96174426598e-10, 8.037316368e-10, 1.3298062651e-09, 1.32456490221e-09, 1.260546445e-09, 1.56398538564e-09, 2.3997563936e-09, 4.03731803544e-09, 2.86207257894e-09, 3.56601237428e-09],
        "stdev": [0.000643566600047, 0.00554621126503, 0.0134960599244, 0.19511577487, 0.0780140087008, 0.00381418294273, 0.0131879998371, 0.00728471949697, 0.00141562323552, 0.00106540159322, 0.000333118747221, 0.000318246777169, 0.000215497246245, 0.00012945990602, 4.96578832099e-05, 3.91262001358e-05, 3.02736370941e-05, 2.15152904275e-05, 2.09290210478e-05, 5.04735289724e-05, 4.52451167803e-05, 2.14080100704e-05, 1.61916268553e-05, 1.45677586261e-05, 5.30749412064e-06, 3.06436106712e-07, 1.61640841156e-07],
        "var": [4.1417794705e-07, 3.07604605041e-05, 0.000182143645361, 0.0380701683462, 0.00608618510887, 1.45479907587e-05, 0.000173923341208, 5.30671350134e-05, 2.00398903871e-06, 1.13508065169e-06, 1.10968109368e-07, 1.01281017351e-07, 4.64390659261e-08, 1.67598663836e-08, 2.46590547981e-09, 1.53085943921e-09, 9.1649304812e-10, 4.62907712162e-10, 4.38023894933e-10, 2.54757703821e-09, 2.04712069518e-09, 4.58302895634e-10, 2.62168758924e-10, 2.12219589124e-10, 2.81694962495e-11, 9.39030889721e-14, 2.61277612501e-14]
    },
    "erbbands": {
        "dmean": [0.00507743330672, 0.0957770943642, 1.0462167263, 8.96430110931, 31.0686607361, 5.36261367798, 1.2626696825, 2.7600274086, 11.2785139084, 5.26362466812, 4.93902111053, 1.49120759964, 2.9906308651, 0.917551398277, 1.52566659451, 0.825370192528, 1.06223499775, 0.591323852539, 0.171403616667, 0.183811888099, 0.186932966113, 0.102564767003, 0.0713277831674, 0.067183688283, 0.0692386850715, 0.183397203684, 0.194409891963, 0.0832821950316, 0.0632165968418, 0.0457598939538, 0.0293287597597, 0.0282828211784, 0.0154921589419, 0.00892719626427, 0.000492437917273, 9.93096837192e-05, 3.97690564569e-05, 1.0132585885e-05, 5.91657089899e-06, 1.02144358607e-05],
        "dmean2": [0.00737507455051, 0.179665952921, 1.91908037663, 7.31673574448, 42.7346878052, 7.48772001266, 2.09862041473, 3.94267606735, 11.4463891983, 4.60918664932, 6.45684528351, 2.40850090981, 4.83416128159, 1.13307142258, 2.37168645859, 1.21624815464, 1.95512878895, 1.02395319939, 0.290200293064, 0.287773489952, 0.292476475239, 0.139577940106, 0.10138078779, 0.0943539813161, 0.113988235593, 0.312467604876, 0.300559312105, 0.152870044112, 0.0980821251869, 0.0730274692178, 0.0431141108274, 0.0469565168023, 0.0265634357929, 0.0163978934288, 0.000723337405361, 0.000137967406772, 5.55900805921e-05, 1.51712292791e-05, 7.41049188946e-06, 1.09995753519e-05],
        "dvar": [0.00228155450895, 1.23497450352, 188.740219116, 4229.36572266, 66262.25, 1635.60961914, 119.359687805, 236.949737549, 4297.578125, 2111.56176758, 2001.57177734, 171.770126343, 873.565063477, 58.4198532104, 114.040283203, 28.2981319427, 96.782371521, 23.9433135986, 2.62047743797, 2.13029766083, 2.28332591057, 0.948603749275, 0.427711248398, 0.507439553738, 0.839057147503, 7.3934340477, 8.1323184967, 1.70140123367, 0.840363204479, 0.442708700895, 0.182588040829, 0.181264713407, 0.0560954660177, 0.0201712306589, 4.36557784269e-05, 9.02785757262e-07, 1.10495093963e-07, 5.59561197377e-09, 2.23300422597e-09, 7.40366834506e-09],
        "dvar2": [0.0046383664012, 2.8245408535, 564.638122559, 3945.31738281, 116478.203125, 3115.49194336, 328.593292236, 468.955810547, 6659.72363281, 1553.8692627, 3385.41723633, 412.750427246, 2272.04199219, 82.7210769653, 339.113342285, 59.7297935486, 302.716125488, 71.8651275635, 5.84797859192, 5.92358016968, 6.64999294281, 2.00751447678, 0.7796022892, 0.875296354294, 2.28034353256, 20.0869560242, 19.583360672, 3.36495423317, 2.05813169479, 0.932034015656, 0.423512160778, 0.468104213476, 0.149822831154, 0.0570135079324, 0.00010015378939, 1.667485094e-06, 2.13753125422e-07, 1.18489813516e-08, 2.93986124333e-09, 7.31590432679e-09],
        "max": [1.25229883194, 21.2873725891, 267.095092773, 2574.99609375, 6716.25634766, 946.512145996, 233.322601318, 498.024169922, 1985.19421387, 1506.90026855, 1142.41003418, 399.074279785, 845.280151367, 225.849182129, 238.754440308, 151.123214722, 166.386932373, 88.0031433105, 39.3706359863, 31.0418682098, 29.2872467041, 26.6722660065, 15.1766290665, 16.968788147, 19.9937896729, 54.5580177307, 58.5045318604, 24.8962516785, 19.0344924927, 13.7505970001, 8.81804847717, 8.4974193573, 4.65884494781, 2.6758415699, 0.143130332232, 0.0262542944402, 0.00919617339969, 0.00199088663794, 0.00145136611536, 0.00288868346252],
        "mean": [0.00927199982107, 0.163899481297, 1.49581873417, 42.2471923828, 116.609413147, 14.8261861801, 2.48399543762, 13.8359327316, 54.9858703613, 19.802154541, 11.3007307053, 4.59857273102, 7.15566635132, 2.44169259071, 2.42909407616, 2.02536845207, 1.59035515785, 1.1599265337, 0.535533308983, 0.293270289898, 0.262469381094, 0.20947176218, 0.149274706841, 0.113845132291, 0.0960307866335, 0.143085852265, 0.16382907331, 0.0923381000757, 0.0534499511123, 0.0438745319843, 0.0258424077183, 0.0209096856415, 0.0111871808767, 0.00583530357108, 0.000741178926546, 0.00024968359503, 0.000103351354483, 2.83900826616e-05, 2.8845095585e-05, 5.68381838093e-05],
        "median": [3.07163048774e-07, 9.56589701673e-07, 1.8524343659e-06, 1.55579209604e-06, 2.44009424932e-06, 4.37597145719e-06, 4.71922976431e-06, 7.90265767137e-06, 1.49876141222e-05, 6.95204362273e-05, 4.19555581175e-05, 2.84374291368e-05, 2.76470964309e-05, 3.39489270118e-05, 3.58148536179e-05, 4.44002289441e-05, 4.88288715133e-05, 5.33081765752e-05, 6.18086342001e-05, 6.91337918397e-05, 8.09686534922e-05, 9.03213294805e-05, 0.000100497723906, 0.000114815273264, 0.000127058592625, 0.000137959228596, 0.00015380201512, 0.000159798975801, 0.000163407603395, 0.000163355143741, 0.000161253672559, 0.000146491831401, 0.000126817642013, 0.000105698898551, 7.78201865614e-05, 5.16692380188e-05, 2.81006905425e-05, 1.13011683425e-05, 2.87202919935e-06, 3.2025346286e-07],
        "min": [1.56899311321e-08, 1.56476342994e-08, 1.62625983791e-08, 5.13257916168e-08, 8.14914287162e-08, 9.05245087779e-08, 2.03257783937e-07, 5.46482453956e-07, 1.08361416551e-06, 1.51318943153e-06, 1.94794233721e-06, 2.29130341722e-06, 3.53193672709e-06, 4.61082663605e-06, 6.1940327214e-06, 7.26903999748e-06, 9.6237345133e-06, 1.07466730697e-05, 7.61902310842e-06, 1.63131408044e-05, 2.74834274023e-05, 3.08961207338e-05, 2.62306457444e-05, 3.15263278026e-05, 5.3879841289e-05, 6.96541683283e-05, 5.22067130078e-05, 5.46093579032e-05, 4.6429278882e-05, 2.74603225989e-05, 4.22446864832e-05, 5.83695618843e-05, 4.16205293732e-05, 3.87301261071e-05, 2.60538236034e-05, 1.55156467372e-05, 4.90181128043e-06, 2.13829139284e-06, 4.78825484151e-07, 4.75899994967e-08],
        "stdev": [0.0830365046859, 1.63178265095, 13.3298597336, 256.231689453, 714.733947754, 88.7529602051, 15.1963281631, 59.1672821045, 233.045318604, 123.808616638, 88.2503204346, 29.0223808289, 53.3565826416, 17.4292430878, 15.4252052307, 12.188908577, 11.0507383347, 7.49585390091, 3.65506052971, 2.22135543823, 1.99649381638, 1.74715483189, 1.22766578197, 1.07455945015, 1.00112855434, 2.28225898743, 2.62668347359, 1.36493897438, 0.841991007328, 0.671383082867, 0.406250536442, 0.365251928568, 0.197343096137, 0.110432222486, 0.00732107879594, 0.00165964534972, 0.000605041626841, 0.000140884323628, 0.000156090740347, 0.000328554946464],
        "var": [0.00689506158233, 2.66271471977, 177.685165405, 65654.671875, 510844.65625, 7877.08789062, 230.928390503, 3500.76708984, 54310.1171875, 15328.5742188, 7788.11914062, 842.298583984, 2846.92480469, 303.778533936, 237.936950684, 148.569503784, 122.11882019, 56.187828064, 13.3594675064, 4.9344201088, 3.98598742485, 3.05255007744, 1.507163167, 1.15467810631, 1.00225841999, 5.2087059021, 6.89946651459, 1.86305832863, 0.708948850632, 0.450755238533, 0.165039494634, 0.13340896368, 0.0389442965388, 0.0121952760965, 5.35981926078e-05, 2.75442266684e-06, 3.66075340708e-07, 1.98483913749e-08, 2.4364320339e-08, 1.07948359584e-07]
    },
    "gfcc": {
        "mean": [-511.274993896, 4.17722511292, -64.2822265625, -15.3448619843, -61.4658203125, -3.54660773277, -20.7549915314, 9.74191761017, -9.63482475281, 6.32848978043, -9.54391765594, -0.395010322332, -13.9228162766],
        "cov": [[21029.0546875, 13101.0869141, 723.210998535, -3514.22509766, -2150.30151367, -1758.3001709, -678.550720215, -1831.33935547, -853.043212891, -1362.81030273, -271.768768311, -979.959472656, -460.562072754], [13101.0869141, 9615.5625, 804.314453125, -3295.92456055, -2249.79125977, -1498.4909668, -475.066650391, -1192.41137695, -635.544799805, -921.59576416, -177.119903564, -609.487548828, -385.838653564], [723.210998535, 804.314453125, 188.623565674, -310.713348389, -228.936431885, -103.814682007, -12.6564159393, -67.5417785645, -54.7944602966, -61.4540252686, -10.2073316574, -36.785774231, -40.0527229309], [-3514.22509766, -3295.92456055, -310.713348389, 1703.3302002, 1414.48522949, 786.009643555, 177.66267395, 275.062225342, 202.513442993, 272.299194336, 59.1000061035, 155.906143188, 174.289169312], [-2150.30151367, -2249.79125977, -228.936431885, 1414.48522949, 1478.17150879, 735.996643066, 82.1846008301, 26.6518859863, 105.011810303, 151.221069336, 38.1527481079, 78.7277984619, 172.888595581], [-1758.3001709, -1498.4909668, -103.814682007, 786.009643555, 735.996643066, 451.208068848, 92.5266342163, 72.0157546997, 45.840549469, 108.344871521, 33.1773147583, 85.2855834961, 103.241897583], [-678.550720215, -475.066650391, -12.6564159393, 177.66267395, 82.1846008301, 92.5266342163, 75.6527557373, 109.683403015, 49.8088569641, 61.8775405884, 17.4936885834, 38.4397163391, 9.70535564423], [-1831.33935547, -1192.41137695, -67.5417785645, 275.062225342, 26.6518859863, 72.0157546997, 109.683403015, 333.636352539, 207.326858521, 196.682876587, 28.2992420197, 66.6488952637, -9.17047691345], [-853.043212891, -635.544799805, -54.7944602966, 202.513442993, 105.011810303, 45.840549469, 49.8088569641, 207.326858521, 211.989837646, 166.584838867, 20.0837192535, -5.19834280014, -28.2842102051], [-1362.81030273, -921.59576416, -61.4540252686, 272.299194336, 151.221069336, 108.344871521, 61.8775405884, 196.682876587, 166.584838867, 178.772598267, 37.8679542542, 34.2207069397, -4.70894002914], [-271.768768311, -177.119903564, -10.2073316574, 59.1000061035, 38.1527481079, 33.1773147583, 17.4936885834, 28.2992420197, 20.0837192535, 37.8679542542, 30.6575164795, 24.7923946381, 6.02302646637], [-979.959472656, -609.487548828, -36.785774231, 155.906143188, 78.7277984619, 85.2855834961, 38.4397163391, 66.6488952637, -5.19834280014, 34.2207069397, 24.7923946381, 93.5477600098, 56.7507591248], [-460.562072754, -385.838653564, -40.0527229309, 174.289169312, 172.888595581, 103.241897583, 9.70535564423, -9.17047691345, -28.2842102051, -4.70894002914, 6.02302646637, 56.7507591248, 77.7660140991]],
        "icov": [[0.00225587608293, -0.0041921408847, 0.00476136198267, -0.00533279962838, 0.00247928756289, 0.00037767709, -0.000268153700745, 0.000386422878364, -0.00197506183758, 0.00413042865694, -0.00411602668464, 0.00613341480494, -0.00359474332072], [-0.0041921408847, 0.0123056350276, -0.0139345414937, 0.0118766035885, -0.00329604605213, 0.00473022833467, -0.0115960668772, 0.0130585264415, -0.0107889464125, 0.00941841024905, -0.00553620513529, 0.00032758936868, 0.00330355623737], [0.00476136198267, -0.0139345414937, 0.025687161833, -0.00968595407903, 0.0034340757411, -0.00960046611726, 0.00926745031029, -0.0150261102244, 0.0121710887179, -0.00844726338983, 0.00540628517047, 0.00111661758274, -0.00113579072058], [-0.00533279962838, 0.0118766035885, -0.00968595407903, 0.0228653531522, -0.012635782361, -0.00140876800288, -0.00582951586694, -0.00394054688513, 0.00419789087027, -0.00259612686932, 0.00364146032371, -0.00812924467027, 0.00835351832211], [0.00247928756289, -0.00329604605213, 0.0034340757411, -0.012635782361, 0.0182378180325, -0.013173035346, 0.00515468465164, 0.0141878025606, -0.0225320514292, 0.0186390690506, -0.011821991764, 0.0112303663045, -0.00795632228255], [0.00037767709, 0.00473022833467, -0.00960046611726, -0.00140876800288, -0.013173035346, 0.04773626104, -0.0425807274878, 0.0223391316831, 0.00310788303614, -0.00621553277597, -0.00334868300706, 0.0117738060653, -0.00979996286333], [-0.000268153700745, -0.0115960668772, 0.00926745031029, -0.00582951586694, 0.00515468465164, -0.0425807274878, 0.0946798846126, -0.0637209042907, 0.0359143689275, -0.0213477965444, 0.00998820643872, -0.025315662846, 0.0139261269942], [0.000386422878364, 0.0130585264415, -0.0150261102244, -0.00394054688513, 0.0141878025606, 0.0223391316831, -0.0637209042907, 0.0892220064998, -0.0727546066046, 0.038187071681, -0.0105984229594, 0.00647545186803, -0.00260814954527], [-0.00197506183758, -0.0107889464125, 0.0121710887179, 0.00419789087027, -0.0225320514292, 0.00310788303614, 0.0359143689275, -0.0727546066046, 0.107023112476, -0.0944326221943, 0.0444472283125, -0.0140298698097, 0.00454192841426], [0.00413042865694, 0.00941841024905, -0.00844726338983, -0.00259612686932, 0.0186390690506, -0.00621553277597, -0.0213477965444, 0.038187071681, -0.0944326221943, 0.137799605727, -0.095889210701, 0.0536765754223, -0.0111058317125], [-0.00411602668464, -0.00553620513529, 0.00540628517047, 0.00364146032371, -0.011821991764, -0.00334868300706, 0.00998820643872, -0.0105984229594, 0.0444472283125, -0.095889210701, 0.131984531879, -0.083636932075, 0.0321826040745], [0.00613341480494, 0.00032758936868, 0.00111661758274, -0.00812924467027, 0.0112303663045, 0.0117738060653, -0.025315662846, 0.00647545186803, -0.0140298698097, 0.0536765754223, -0.083636932075, 0.113828711212, -0.0583735220134], [-0.00359474332072, 0.00330355623737, -0.00113579072058, 0.00835351832211, -0.00795632228255, -0.00979996286333, 0.0139261269942, -0.00260814954527, 0.00454192841426, -0.0111058317125, 0.0321826040745, -0.0583735220134, 0.0583923384547]]
    },
    "melbands": {
        "dmean": [6.93046167726e-05, 0.000467712321552, 0.00207178504206, 0.00136231409851, 4.89329868287e-05, 6.89333392074e-05, 0.000149621788296, 6.57156633679e-05, 3.26639237755e-05, 1.18384832604e-05, 1.42590924952e-05, 4.55628469354e-06, 4.97025985169e-06, 2.15177169594e-06, 2.48477522291e-06, 2.41335919782e-06, 1.05488197732e-06, 3.37291510277e-07, 2.56920287711e-07, 2.60908052496e-07, 2.0383492938e-07, 1.28691937107e-07, 9.47622851299e-08, 5.70347538087e-08, 5.68845841542e-08, 4.34083062828e-08, 5.19603595706e-08, 1.50364400042e-07, 1.75852179041e-07, 3.88019003594e-08, 5.19374623309e-08, 4.31540669865e-08, 2.12596340532e-08, 3.29957678957e-08, 1.6055686558e-08, 1.41049190105e-08, 2.02021457341e-08, 9.06547814594e-09, 1.23590062628e-08, 5.4271969141e-09],
        "dmean2": [0.000114480040793, 0.000833859900013, 0.00190606212709, 0.00188690109644, 8.00805428298e-05, 9.33574119699e-05, 0.000163185992278, 6.87755818944e-05, 4.43820899818e-05, 1.87124642252e-05, 2.33268110605e-05, 6.04050819675e-06, 8.10291294329e-06, 2.62575531451e-06, 4.63140213469e-06, 4.13416728406e-06, 1.94158997147e-06, 6.45809734579e-07, 3.86990478773e-07, 4.10438701692e-07, 3.3423495438e-07, 2.03308985647e-07, 1.38929109994e-07, 9.09201389732e-08, 7.80314621807e-08, 6.2848137361e-08, 8.65042437681e-08, 2.60034198618e-07, 2.89087438432e-07, 7.18699553204e-08, 9.59002122158e-08, 7.12831393912e-08, 3.2712449638e-08, 5.05254718064e-08, 2.37915340762e-08, 2.46475195809e-08, 3.3619063089e-08, 1.43396432506e-08, 2.3237797464e-08, 9.81106307307e-09],
        "dvar": [5.27868621703e-07, 3.17897320201e-05, 0.000292031298159, 0.000111786139314, 1.82475375254e-07, 1.40159343687e-07, 8.26011785193e-07, 3.78760205422e-07, 8.98101504276e-08, 1.16304894604e-08, 2.02461905019e-08, 1.23290910814e-09, 1.52118995178e-09, 2.57486781896e-10, 2.25168453327e-10, 3.88399090667e-10, 8.7845314356e-11, 9.97588730373e-12, 5.41544413479e-12, 4.40306471838e-12, 2.77920546819e-12, 1.4150747631e-12, 6.11416895845e-13, 3.34693915378e-13, 3.49184629779e-13, 3.11590569969e-13, 4.56644921529e-13, 5.07381766809e-12, 6.82525954157e-12, 3.67076188239e-13, 6.67173022557e-13, 4.05727562007e-13, 9.33232034402e-14, 2.2682950082e-13, 5.3973657683e-14, 4.70668866566e-14, 9.26521297293e-14, 1.80039919198e-14, 4.05299166624e-14, 7.1882917438e-15],
        "dvar2": [1.22414428461e-06, 9.30184833123e-05, 0.000242487090873, 0.00021104591724, 4.99381769714e-07, 2.50958379411e-07, 1.32120248963e-06, 3.43798120639e-07, 1.62572689533e-07, 2.90836368322e-08, 5.27828163399e-08, 2.39601782859e-09, 4.69449190632e-09, 2.69176042567e-10, 7.05176139704e-10, 1.23434762411e-09, 2.6339427861e-10, 2.52834628234e-11, 1.23878121303e-11, 1.32211143075e-11, 8.0751325765e-12, 3.47866375462e-12, 1.3049038846e-12, 6.51510258503e-13, 5.8883686772e-13, 7.68266472575e-13, 1.26446260146e-12, 1.39346312267e-11, 1.73585069929e-11, 7.11005690088e-13, 1.32023103387e-12, 1.05569947315e-12, 2.10543740645e-13, 5.4576281645e-13, 1.23523112854e-13, 1.276572435e-13, 2.39238912968e-13, 4.46772576346e-14, 1.16759819044e-13, 2.00047277869e-14],
        "max": [0.0165708828717, 0.110575802624, 0.614495933056, 0.245846375823, 0.00862727314234, 0.0125829158351, 0.0255676973611, 0.0195546783507, 0.00722504919395, 0.00310508534312, 0.00405644578859, 0.000893652846571, 0.000818295346107, 0.000508872850332, 0.000281474873191, 0.0003081561008, 0.000156876223627, 6.63278697175e-05, 5.29969183845e-05, 3.95547758671e-05, 3.14046083076e-05, 2.94096334983e-05, 1.84957461897e-05, 1.26331142383e-05, 1.44063951666e-05, 1.26927816382e-05, 1.4386060684e-05, 4.42985110567e-05, 5.25604955328e-05, 1.146878094e-05, 1.55017551151e-05, 1.29547333927e-05, 6.32956016489e-06, 9.88981992123e-06, 4.82252289657e-06, 4.24418476541e-06, 6.0584034145e-06, 2.72170541393e-06, 3.71862188331e-06, 1.62026469752e-06],
        "mean": [0.000115392962471, 0.000733527587727, 0.0113601721823, 0.00429019704461, 8.24331873446e-05, 0.000352044502506, 0.000715501431841, 0.000207050397876, 6.91543245921e-05, 3.12408883474e-05, 3.47124259861e-05, 9.60067791311e-06, 7.20022762835e-06, 5.99595159656e-06, 4.50610423286e-06, 3.1669553664e-06, 2.04400953407e-06, 9.18078796985e-07, 4.88440889512e-07, 3.34027845383e-07, 2.97004987715e-07, 2.17194028096e-07, 1.70555850332e-07, 1.08892187711e-07, 9.15504685395e-08, 6.93517421269e-08, 6.03544805244e-08, 1.07298475882e-07, 1.33776524081e-07, 4.829692557e-08, 5.57722863448e-08, 3.34816725456e-08, 2.01076133521e-08, 2.66550816974e-08, 1.45754901482e-08, 1.02592609963e-08, 1.45372247573e-08, 7.31618454708e-09, 7.55188267476e-09, 3.73085118355e-09],
        "median": [3.00789704255e-09, 1.01065800173e-09, 3.15220738401e-10, 2.64934241212e-10, 1.66376148969e-10, 1.58037555265e-10, 2.10590017646e-10, 8.49771197853e-10, 3.12637804534e-10, 1.24994625761e-10, 1.32642452577e-10, 1.3540313315e-10, 1.22859722396e-10, 1.20087717548e-10, 9.78562925136e-11, 9.97775334577e-11, 9.39269356737e-11, 9.58951737462e-11, 9.19839343583e-11, 9.06740932338e-11, 9.21834206191e-11, 9.1357990617e-11, 8.86633266806e-11, 9.02077301745e-11, 9.13132902625e-11, 9.15051714956e-11, 9.0835755584e-11, 9.0120522156e-11, 9.23453119528e-11, 9.21816373234e-11, 9.12633996153e-11, 9.14632536375e-11, 9.22721898888e-11, 9.01647714824e-11, 9.24843535088e-11, 8.83055434331e-11, 8.9097174083e-11, 8.79341044424e-11, 8.82741657549e-11, 8.83703527021e-11],
        "min": [1.74305764267e-10, 1.2724443027e-11, 9.4784527449e-12, 5.59682205095e-12, 6.68119986419e-12, 1.27548006879e-11, 1.63830251448e-11, 1.56216949099e-11, 1.76682193181e-11, 1.1225251631e-11, 1.70812426703e-11, 1.33969129193e-11, 1.92328531573e-11, 1.87826785375e-11, 1.5837232567e-11, 1.40939204751e-11, 1.86651371442e-11, 9.63908293461e-12, 1.95834928135e-11, 2.28658984108e-11, 3.06113363824e-11, 2.48093646321e-11, 2.43110045983e-11, 1.84412884269e-11, 2.64785363774e-11, 2.89769770678e-11, 3.24909474325e-11, 3.69416719437e-11, 2.69237809131e-11, 3.21206949927e-11, 3.6384818769e-11, 2.66577367819e-11, 2.17598456614e-11, 1.26701557232e-11, 1.68482016533e-11, 4.40306367755e-11, 3.31601898718e-11, 3.06930210414e-11, 2.60429039445e-11, 3.74100056488e-11],
        "stdev": [0.00112102983985, 0.00608859118074, 0.0688609927893, 0.0261578392237, 0.000571720767766, 0.0015036406694, 0.00303548295051, 0.00152174069081, 0.000551468925551, 0.000204526309972, 0.000256424042163, 6.63060709485e-05, 4.81510724057e-05, 4.11571054428e-05, 2.48921223829e-05, 2.25006933761e-05, 1.33236180773e-05, 6.23448659098e-06, 3.79929656447e-06, 2.57815122495e-06, 2.23709503189e-06, 1.85815861187e-06, 1.4021819652e-06, 9.3119012945e-07, 8.82360154719e-07, 6.88895738676e-07, 6.74672037349e-07, 1.83464112524e-06, 2.28021212934e-06, 6.57709392726e-07, 8.47684873406e-07, 5.53416271032e-07, 2.98348112437e-07, 4.37662833974e-07, 2.24368903901e-07, 1.78765560577e-07, 2.59927617208e-07, 1.20296249406e-07, 1.52378419216e-07, 6.73450202271e-08],
