{
"lowlevel": {
    "average_loudness": 0.71264564991,
    "barkbands_crest": {
        "dmean": 2.75515508652,
        "dmean2": 4.55219507217,
        "dvar": 11.1708946228,
        "dvar2": 29.584980011,
        "max": 26.9632453918,
        "mean": 17.7034797668,
        "median": 17.3222465515,
        "min": 4.29419517517,
        "stdev": 5.3670167923,
        "var": 28.8048686981
    },
    "barkbands_flatness_db": {
        "dmean": 0.0400825999677,
        "dmean2": 0.0641279220581,
        "dvar": 0.00181091495324,
        "dvar2": 0.00421891361475,
        "max": 0.547290027142,
        "mean": 0.293108999729,
        "median": 0.29273879528,
        "min": 0.0332565158606,
        "stdev": 0.107705622911,
        "var": 0.011600500904
    },
    "barkbands_kurtosis": {
        "dmean": 32.3924446106,
        "dmean2": 52.0317344666,
        "dvar": 10575.3251953,
        "dvar2": 23086.2675781,
        "max": 2594.0637207,
        "mean": 51.8220367432,
        "median": 9.61392307281,
        "min": -1.91942989826,
        "stdev": 158.047775269,
        "var": 24979.0996094
    },
    "barkbands_skewness": {
        "dmean": 1.87616384029,
        "dmean2": 2.95772528648,
        "dvar": 5.94468069077,
        "dvar2": 14.4371480942,
        "max": 26.8609104156,
        "mean": 1.34810948372,
        "median": 0.859770059586,
        "min": -16.1731338501,
        "stdev": 4.09009504318,
        "var": 16.7288780212
    },
    "barkbands_spread": {
        "dmean": 6.82197952271,
        "dmean2": 11.3726100922,
        "dvar": 120.604476929,
        "dvar2": 313.709136963,
        "max": 92.787612915,
        "mean": 10.3465366364,
        "median": 5.40913486481,
        "min": 0.0333296880126,
        "stdev": 12.6140556335,
        "var": 159.1144104
    },
    "dissonance": {
        "dmean": 0.0597816929221,
        "dmean2": 0.101867571473,
        "dvar": 0.00448520528153,
        "dvar2": 0.0126203671098,
        "max": 0.499981492758,
        "mean": 0.387036949396,
        "median": 0.415562570095,
        "min": 0.070265173912,
        "stdev": 0.102292731404,
        "var": 0.0104638030753
    },
    "dynamic_complexity": 12.2993049622,
    "erbbands_crest": {
        "dmean": 2.46171450615,
        "dmean2": 4.034719944,
        "dvar": 11.8242483139,
        "dvar2": 29.3383388519,
        "max": 34.7309989929,
        "mean": 19.3534145355,
        "median": 19.6116905212,
        "min": 2.29580879211,
        "stdev": 8.94924640656,
        "var": 80.0890045166
    },
    "erbbands_flatness_db": {
        "dmean": 0.0343144126236,
        "dmean2": 0.0523348450661,
        "dvar": 0.00178528064862,
        "dvar2": 0.00393773987889,
        "max": 0.589212357998,
        "mean": 0.321842372417,
        "median": 0.356205821037,
        "min": 0.0294354595244,
        "stdev": 0.154206067324,
        "var": 0.0237795133144
    },
    "erbbands_kurtosis": {
        "dmean": 16.719827652,
        "dmean2": 26.2376251221,
        "dvar": 1668.82214355,
        "dvar2": 3824.52929688,
        "max": 555.834228516,
        "mean": 30.4041519165,
        "median": 4.08496856689,
        "min": -1.90607559681,
        "stdev": 61.2219772339,
        "var": 3748.13037109
    },
    "erbbands_skewness": {
        "dmean": 1.1553068161,
        "dmean2": 1.76185274124,
        "dvar": 2.77831530571,
        "dvar2": 6.6397151947,
        "max": 18.8776054382,
        "mean": 2.28115606308,
        "median": 1.20687603951,
        "min": -7.12691259384,
        "stdev": 2.96659207344,
        "var": 8.80066871643
    },
    "erbbands_spread": {
        "dmean": 8.21128749847,
        "dmean2": 13.7867565155,
        "dvar": 197.584686279,
        "dvar2": 493.820251465,
        "max": 125.702453613,
        "mean": 20.5702190399,
        "median": 6.14820861816,
        "min": 0.197651326656,
        "stdev": 27.1145591736,
        "var": 735.199279785
    },
    "hfc": {
        "dmean": 33.8900260925,
        "dmean2": 57.9095726013,
        "dvar": 19216.1074219,
        "dvar2": 53208.5429688,
        "max": 2225.9831543,
        "mean": 33.5531654358,
        "median": 4.10345458984,
        "min": 0.000163942779182,
        "stdev": 117.304267883,
        "var": 13760.2910156
    },
    "loudness_ebu128": {
        "integrated": -29.8265151978,
        "loudness_range": 5.9276676178,
        "momentary": {
            "dmean": 1.95369231701,
            "dmean2": 2.47451448441,
            "dvar": 7.44249486923,
            "dvar2": 11.0215044022,
            "max": -24.4736881256,
            "mean": -38.6249809265,
            "median": -32.6125793457,
            "min": -68.5318908691,
            "stdev": 13.1760196686,
            "var": 173.607498169
        },
        "short_term": {
            "dmean": 0.288824617863,
            "dmean2": 0.306234627962,
            "dvar": 0.716935575008,
            "dvar2": 0.679492592812,
            "max": -27.8545017242,
            "mean": -32.421672821,
            "median": -30.7038269043,
            "min": -53.5213546753,
            "stdev": 5.82788848877,
            "var": 33.9642868042
        }
    },
    "melbands_crest": {
        "dmean": 3.28219413757,
        "dmean2": 5.36047267914,
        "dvar": 18.7465190887,
        "dvar2": 50.3002052307,
        "max": 38.2312507629,
        "mean": 22.8776264191,
        "median": 22.414768219,
        "min": 6.19299983978,
        "stdev": 7.0371670723,
        "var": 49.5217208862
    },
    "melbands_flatness_db": {
        "dmean": 0.0454118773341,
        "dmean2": 0.0718424990773,
        "dvar": 0.00256767682731,
        "dvar2": 0.00612068967894,
        "max": 0.607352674007,
        "mean": 0.345681726933,
        "median": 0.340471744537,
        "min": 0.0792181715369,
        "stdev": 0.107050471008,
        "var": 0.01145980414
    },
    "melbands_kurtosis": {
        "dmean": 27.5252037048,
        "dmean2": 41.1545143127,
        "dvar": 3155.83740234,
        "dvar2": 5983.60839844,
        "max": 957.894836426,
        "mean": 48.8898086548,
        "median": 14.2362327576,
        "min": -1.92934381962,
        "stdev": 92.5818710327,
        "var": 8571.40332031
    },
    "melbands_skewness": {
        "dmean": 1.76493752003,
        "dmean2": 2.67456889153,
        "dvar": 5.30427122116,
        "dvar2": 11.1150856018,
        "max": 25.5381832123,
        "mean": 1.69592106342,
        "median": 0.835481762886,
        "min": -8.60344982147,
        "stdev": 4.41034460068,
        "var": 19.4511394501
    },
    "melbands_spread": {
        "dmean": 7.74617052078,
        "dmean2": 13.4702386856,
        "dvar": 319.748413086,
        "dvar2": 824.1796875,
        "max": 161.822967529,
        "mean": 12.1066379547,
        "median": 6.55504179001,
        "min": 0.198498159647,
        "stdev": 18.3841152191,
        "var": 337.97567749
    },
    "pitch_salience": {
        "dmean": 0.084656894207,
        "dmean2": 0.143534302711,
        "dvar": 0.0147937685251,
        "dvar2": 0.0401646718383,
        "max": 0.913143277168,
        "mean": 0.382680475712,
        "median": 0.409502506256,
        "min": 0.0171055272222,
        "stdev": 0.16442297399,
        "var": 0.0270349122584
    },
    "silence_rate_20dB": {
        "dmean": 0,
        "dmean2": 0,
        "dvar": 0,
        "dvar2": 0,
        "max": 1,
        "mean": 1,
        "median": 1,
        "min": 1,
        "stdev": 0,
        "var": 0
    },
    "silence_rate_30dB": {
        "dmean": 0.0144578311592,
        "dmean2": 0.0289389062673,
        "dvar": 0.0142488423735,
        "dvar2": 0.0329249203205,
        "max": 1,
        "mean": 0.983948647976,
        "median": 1,
        "min": 0,
        "stdev": 0.125672698021,
        "var": 0.0157936252654
    },
    "silence_rate_60dB": {
        "dmean": 0.0562249012291,
        "dmean2": 0.112540192902,
        "dvar": 0.0530637577176,
        "dvar2": 0.109520845115,
        "max": 1,
        "mean": 0.471107542515,
        "median": 0,
        "min": 0,
        "stdev": 0.499162733555,
        "var": 0.249163433909
    },
    "spectral_centroid": {
        "dmean": 262.284729004,
        "dmean2": 437.899963379,
        "dvar": 277661.53125,
        "dvar2": 668020.1875,
        "max": 5317.14355469,
        "mean": 1322.79748535,
        "median": 1148.2487793,
        "min": 498.017547607,
        "stdev": 650.028015137,
        "var": 422536.4375
    },
    "spectral_complexity": {
        "dmean": 0.703614473343,
        "dmean2": 1.2057877779,
        "dvar": 4.06238222122,
        "dvar2": 10.9496421814,
        "max": 39,
        "mean": 2.65008020401,
        "median": 2,
        "min": 0,
        "stdev": 2.71748423576,
        "var": 7.38472080231
    },
    "spectral_decrease": {
        "dmean": 8.78634276447e-10,
        "dmean2": 1.15042653182e-09,
        "dvar": 5.26326876038e-18,
        "dvar2": 8.98441477862e-18,
        "max": 1.16862040045e-08,
        "mean": -2.81706724614e-09,
        "median": -7.92049814624e-10,
        "min": -3.88187118006e-08,
        "stdev": 5.06740471806e-09,
        "var": 2.5678591272e-17
    },
    "spectral_energy": {
        "dmean": 0.00567310862243,
        "dmean2": 0.00815982744098,
        "dvar": 0.000231483776588,
        "dvar2": 0.000521578360349,
        "max": 0.170759081841,
        "mean": 0.01367562823,
        "median": 0.00361932488158,
        "min": 3.083446245e-07,
        "stdev": 0.0246474016458,
        "var": 0.000607494381256
    },
    "spectral_energyband_high": {
        "dmean": 0.00265128002502,
        "dmean2": 0.00466409604996,
        "dvar": 0.000118572883366,
        "dvar2": 0.00032510588062,
        "max": 0.147186785936,
        "mean": 0.00176337955054,
        "median": 2.90304069495e-06,
        "min": 6.59632570787e-09,
        "stdev": 0.00896891858429,
        "var": 8.04414958111e-05
    },
    "spectral_energyband_low": {
        "dmean": 1.71319879883e-05,
        "dmean2": 2.98551913147e-05,
        "dvar": 1.53009638293e-09,
        "dvar2": 4.43752279367e-09,
        "max": 0.000721612654161,
        "mean": 2.09440095205e-05,
        "median": 1.34842248372e-05,
        "min": 1.23347234648e-07,
        "stdev": 3.40221558872e-05,
        "var": 1.15750697915e-09
    },
    "spectral_energyband_middle_high": {
        "dmean": 0.0033065949101,
        "dmean2": 0.0042492877692,
        "dvar": 8.39704371174e-05,
        "dvar2": 0.000136506263516,
        "max": 0.167338013649,
        "mean": 0.0107338912785,
        "median": 0.0023983027786,
        "min": 2.13891340195e-08,
        "stdev": 0.0203899424523,
        "var": 0.000415749760577
    },
    "spectral_energyband_middle_low": {
        "dmean": 0.000421092408942,
        "dmean2": 0.000438394898083,
        "dvar": 6.0749948716e-06,
        "dvar2": 8.75689238455e-06,
        "max": 0.0570379309356,
        "mean": 0.00190161087085,
        "median": 2.76127648249e-05,
        "min": 1.89698440067e-07,
        "stdev": 0.00649308925495,
        "var": 4.21602089773e-05
    },
    "spectral_entropy": {
        "dmean": 0.511300861835,
        "dmean2": 0.807809412479,
        "dvar": 0.467233687639,
        "dvar2": 1.12603235245,
        "max": 8.65722846985,
        "mean": 6.19742918015,
        "median": 6.00365543365,
        "min": 3.13791775703,
        "stdev": 1.4001262188,
        "var": 1.96035337448
    },
    "spectral_flux": {
        "dmean": 0.0213658157736,
        "dmean2": 0.033111859113,
        "dvar": 0.00194866862148,
        "dvar2": 0.0041972338222,
        "max": 0.380210995674,
        "mean": 0.0308873075992,
        "median": 0.00982754305005,
        "min": 0.000969450746197,
        "stdev": 0.053911101073,
        "var": 0.00290640699677
    },
    "spectral_kurtosis": {
        "dmean": 6.67988824844,
        "dmean2": 10.4272184372,
        "dvar": 77.0713577271,
        "dvar2": 200.562744141,
        "max": 92.5425262451,
        "mean": 15.6190090179,
        "median": 10.6801509857,
        "min": -1.22783374786,
        "stdev": 15.6019897461,
        "var": 243.422073364
    },
    "spectral_rms": {
        "dmean": 0.000554708007257,
        "dmean2": 0.000752890249714,
        "dvar": 1.31675074044e-06,
        "dvar2": 2.72187094197e-06,
        "max": 0.0129071380943,
        "mean": 0.00259000062943,
        "median": 0.00187910848763,
        "min": 1.73442804225e-05,
        "stdev": 0.0025756477844,
        "var": 6.63396167511e-06
    },
    "spectral_rolloff": {
        "dmean": 1179.67382812,
        "dmean2": 2229.94946289,
        "dvar": 9456697,
        "dvar2": 22664408,
        "max": 16882.03125,
        "mean": 2034.60693359,
        "median": 1184.32617188,
        "min": 21.533203125,
        "stdev": 3118.57495117,
        "var": 9725510
    },
    "spectral_skewness": {
        "dmean": 0.687841296196,
        "dmean2": 1.0723862648,
        "dvar": 0.618369281292,
        "dvar2": 1.53517043591,
        "max": 8.09602546692,
        "mean": 2.94541978836,
        "median": 2.68575787544,
        "min": -0.314375072718,
        "stdev": 1.49402928352,
        "var": 2.23212337494
    },
    "spectral_spread": {
        "dmean": 1361391.125,
        "dmean2": 2097811.25,
        "dvar": 3.86614584934e+12,
        "dvar2": 8.50033219994e+12,
        "max": 20205930,
        "mean": 4887572,
        "median": 4028181.5,
        "min": 913505.5625,
        "stdev": 2901302.25,
        "var": 8.41755498906e+12
    },
    "spectral_strongpeak": {
        "dmean": 1.60797095299,
        "dmean2": 2.7534673214,
        "dvar": 57.8717689514,
        "dvar2": 148.541229248,
        "max": 123.012634277,
        "mean": 3.3411397934,
        "median": 1.72879624367,
        "min": 0,
        "stdev": 7.17692136765,
        "var": 51.5082015991
    },
    "zerocrossingrate": {
        "dmean": 0.0173832047731,
        "dmean2": 0.0224275738001,
        "dvar": 0.00107809621841,
        "dvar2": 0.00147945282515,
        "max": 0.52685546875,
        "mean": 0.0679020509124,
        "median": 0.05322265625,
        "min": 0.00439453125,
        "stdev": 0.0539793148637,
        "var": 0.00291376654059
    },
    "barkbands": {
        "dmean": [1.66014724527e-05, 9.67867072177e-06, 1.42487419907e-06, 7.32538410375e-07, 8.61599630753e-07, 4.13921213749e-07, 1.47625382851e-06, 2.6687503123e-05, 6.64710314595e-05, 0.000747546670027, 0.00137222674675, 0.000302759377519, 0.000519811990671, 0.000315920682624, 0.000281365500996, 0.000200630500331, 7.97007523943e-05, 8.60893487697e-05, 1.54887129611e-05, 4.90070851811e-05, 5.77400496695e-05, 0.000226023490541, 0.000152364795213, 9.57396259764e-05, 0.000851896125823, 0.000826105999295, 0.000458260561572],
        "dmean2": [2.91553169518e-05, 1.72428826772e-05, 2.55680834016e-06, 1.32338482217e-06, 1.5124486481e-06, 7.46109890315e-07, 2.0263753413e-06, 3.16568621201e-05, 8.31862198538e-05, 0.000878797261976, 0.00167983176652, 0.000422538054409, 0.000737087102607, 0.000449370330898, 0.00036447137245, 0.000323641957948, 0.000116148527013, 0.000131029664772, 2.52612171607e-05, 8.70645526447e-05, 9.43503764574e-05, 0.000339814141626, 0.000292996322969, 0.000155421294039, 0.00153394904919, 0.00151991460007, 0.000821229652502],
        "dvar": [7.45488171194e-10, 6.07055461455e-10, 7.38561295455e-12, 1.81336391215e-12, 1.25724586991e-11, 3.1200495746e-12, 9.13497610888e-11, 3.87894161236e-08, 1.36187765065e-07, 1.88870089914e-05, 4.33881614299e-05, 3.05497565023e-06, 1.1347509826e-05, 2.48017818194e-06, 8.12163762021e-06, 8.37745062654e-07, 3.44888803738e-07, 1.16819205687e-06, 3.01767322242e-09, 6.64597976652e-08, 9.66454862805e-08, 5.70823567614e-06, 8.26745065297e-07, 2.75528918792e-07, 4.07295883633e-05, 1.38162531584e-05, 2.76301670965e-05],
        "dvar2": [2.09954453823e-09, 1.74975867129e-09, 2.21580080673e-11, 5.15083852307e-12, 3.67489823294e-11, 8.88069132121e-12, 1.38680233963e-10, 5.83666910359e-08, 2.42490187929e-07, 3.16551195283e-05, 5.9979789512e-05, 6.36023787592e-06, 2.12533559534e-05, 5.5219056776e-06, 1.38697259899e-05, 1.92657466869e-06, 7.24200958757e-07, 2.66840470431e-06, 7.24364346283e-09, 1.87094897797e-07, 2.28347275311e-07, 1.0338917491e-05, 2.44764919444e-06, 6.72973726523e-07, 0.000111083340016, 3.88375265175e-05, 7.69100806792e-05],
        "max": [0.000339233374689, 0.000465585530037, 3.41675768141e-05, 1.81796858669e-05, 8.62924935063e-05, 3.49463298335e-05, 0.00030611618422, 0.00538183096796, 0.00844719167799, 0.0845910385251, 0.114216499031, 0.0443498566747, 0.0731407403946, 0.0272887889296, 0.0871437117457, 0.0143466768786, 0.0206477418542, 0.035676125437, 0.00092706468422, 0.00475651305169, 0.00738539313897, 0.0754402056336, 0.012441909872, 0.00856343843043, 0.107548058033, 0.0429280698299, 0.126128301024],
        "mean": [1.69446357177e-05, 1.01251480373e-05, 1.49342213263e-06, 7.27671647383e-07, 1.03150944142e-06, 4.41034728738e-07, 6.22940660833e-06, 0.000133879657369, 0.000299701758195, 0.00311410357244, 0.00455311033875, 0.000642522645649, 0.0011455193162, 0.000749010010622, 0.000632629729807, 0.000275297643384, 0.00015739967057, 0.000147706377902, 1.46713337017e-05, 3.67485881725e-05, 4.87274483021e-05, 0.000188552963664, 8.7425854872e-05, 7.67921083025e-05, 0.000544230744708, 0.000505084986798, 0.000285040208837],
        "median": [8.76345438883e-06, 5.47280433238e-06, 7.99963061127e-07, 4.56943865856e-07, 6.4464990146e-07, 2.42195824285e-07, 1.94564023559e-07, 4.58128283753e-07, 4.64322511107e-06, 6.27387862551e-06, 2.81127286144e-05, 2.17752995013e-06, 1.07822506834e-06, 1.26837244352e-06, 2.03276385946e-06, 7.47550643609e-07, 6.84162387188e-07, 3.52385484348e-07, 1.63629266581e-07, 1.87182322975e-07, 1.7238988903e-07, 2.08997192885e-07, 5.79031279813e-07, 1.47738376199e-07, 2.5095752676e-07, 1.25155366959e-07, 5.80538106476e-08],
        "min": [6.33434371622e-09, 4.07521696388e-08, 1.70296310387e-08, 4.49155379556e-09, 2.50652725242e-08, 8.18877410325e-09, 5.22483523113e-09, 1.32672794972e-09, 3.49577877756e-09, 7.94111087998e-09, 5.04490005326e-10, 6.11754957802e-09, 1.01164909783e-09, 1.35944699942e-09, 5.86705573014e-10, 1.32040611778e-09, 7.03574531968e-10, 1.5776936424e-09, 6.89663159914e-10, 6.9181788076e-10, 5.93637250468e-10, 1.16634812919e-09, 5.41843181434e-10, 6.20080986558e-10, 9.3523433442e-10, 9.53531364978e-10, 1.50187684511e-09],
        "stdev": [2.6545701985e-05, 2.11052483792e-05, 2.40140911956e-06, 1.15224929687e-06, 2.71309613709e-06, 1.38558573326e-06, 2.97507976939e-05, 0.000559119682293, 0.000893707387149, 0.0105311274529, 0.0138050159439, 0.00273407553323, 0.00584591273218, 0.00272370502353, 0.00493900151923, 0.00119700515643, 0.00112884154078, 0.00155167083722, 5.83372711844e-05, 0.000206447090022, 0.000294905388728, 0.00267243571579, 0.000661278201733, 0.000494197884109, 0.00513566285372, 0.00293936836533, 0.00414279242977],
        "var": [7.04674263385e-10, 4.45431497242e-10, 5.76676553732e-12, 1.32767841859e-12, 7.36089054293e-12, 1.91984774432e-12, 8.85109985305e-10, 3.12614815812e-07, 7.98712903816e-07, 0.000110904642497, 0.000190578473848, 7.47516924093e-06, 3.41746963386e-05, 7.41856865716e-06, 2.43937338382e-05, 1.43282136378e-06, 1.27428324959e-06, 2.40768235926e-06, 3.40323724757e-09, 4.26204032067e-08, 8.69691874072e-08, 7.1419131018e-06, 4.372888327e-07, 2.44231557645e-07, 2.63750316662e-05, 8.63988680067e-06, 1.71627307282e-05]
    },
    "erbbands": {
        "dmean": [0.000588192255236, 0.00123571010772, 0.00167555268854, 0.00209835800342, 0.00203091558069, 0.00348634226248, 0.00374119426124, 0.00363808358088, 0.0084936991334, 0.0766318067908, 0.980223536491, 2.18824672699, 15.4182386398, 28.5925617218, 50.9009895325, 17.3288421631, 27.1832866669, 15.9811353683, 17.9349536896, 10.6692113876, 8.05526351929, 4.04980134964, 4.77138471603, 1.08636569977, 0.861262798309, 2.23039078712, 2.41535878181, 3.75659036636, 11.3931474686, 1.64836537838, 5.35926103592, 2.06120729446, 2.11137723923, 10.3510904312, 5.2652964592, 3.98247051239, 1.70979988575, 0.791599214077, 0.032325591892, 0.00114926393144],
        "dmean2": [0.0010476950556, 0.00220168149099, 0.00298675429076, 0.00380327808671, 0.00359583715908, 0.00615027919412, 0.00672343512997, 0.00650995317847, 0.0139773422852, 0.0972476676106, 1.1609429121, 2.47888636589, 16.1443557739, 36.4715270996, 61.7391471863, 22.4108715057, 37.7094535828, 24.3012752533, 22.616809845, 15.2609243393, 13.4933652878, 6.02567577362, 6.92038011551, 1.65631127357, 1.48359405994, 3.90307331085, 4.16439533234, 5.72194671631, 17.5132064819, 2.93777537346, 10.2760877609, 3.79405641556, 3.49076318741, 18.689037323, 9.58852481842, 7.36152601242, 3.11400866508, 1.42593407631, 0.0583132915199, 0.00211697211489],
        "dvar": [2.37809194914e-06, 7.36429092285e-06, 9.87864677882e-06, 1.66047029779e-05, 1.092513412e-05, 0.000210802376387, 0.000473121996038, 0.000226834308705, 0.00126751500648, 0.173139974475, 33.019317627, 112.260124207, 9017.41699219, 25946.5644531, 55005.9179688, 8112.52148438, 32222.9003906, 8816.84570312, 22783.234375, 2457.78100586, 1378.16174316, 1420.46044922, 3578.49243164, 17.7398414612, 12.2403202057, 111.84085083, 113.279075623, 529.891052246, 17133.140625, 60.9736061096, 1043.09313965, 98.4727859497, 139.314453125, 11775.0341797, 1496.8885498, 415.802398682, 67.6057357788, 73.6015777588, 0.0551526285708, 4.62191965198e-05],
        "dvar2": [6.84972792442e-06, 2.12233626371e-05, 2.87594448309e-05, 4.86524804728e-05, 2.9598502806e-05, 0.000616613717284, 0.00138635246549, 0.000639410864096, 0.00278092478402, 0.271279931068, 50.8734550476, 186.235046387, 12674.9189453, 45780.2578125, 79741.484375, 16577.3476562, 59781.8710938, 21911.2929688, 38393.8359375, 4653.11181641, 3468.00317383, 3125.22680664, 8079.97900391, 41.7740859985, 32.269569397, 302.169494629, 314.565093994, 1121.16381836, 31112.2128906, 139.470855713, 3089.07226562, 277.305786133, 357.865264893, 33149.6640625, 4148.14990234, 1187.44604492, 186.381454468, 205.815307617, 0.154564201832, 0.000129458640004],
        "max": [0.0293275434524, 0.0434927381575, 0.041884586215, 0.0565879382193, 0.04736674577, 0.353419274092, 0.539394974709, 0.238925173879, 0.700149178505, 9.47748374939, 148.030166626, 221.51701355, 2223.21679688, 3540.95776367, 3732.17578125, 2286.88330078, 3965.44970703, 1916.02636719, 4650.77001953, 964.401062012, 485.169952393, 1346.88793945, 1996.34729004, 72.8509368896, 58.9538917542, 160.961105347, 187.105056763, 542.159362793, 4044.56347656, 159.713821411, 432.762268066, 133.563476562, 170.664199829, 2437.83837891, 830.367431641, 274.596832275, 126.595191956, 204.323226929, 4.78830528259, 0.0977400168777],
        "mean": [0.000597442558501, 0.0012568050297, 0.00183752202429, 0.00223499396816, 0.0024564799387, 0.00381763442419, 0.00402564555407, 0.0041828462854, 0.023140065372, 0.403909355402, 5.0146317482, 10.2941255569, 67.0271759033, 107.544593811, 170.194229126, 42.5357551575, 62.3044433594, 33.248916626, 45.0295257568, 21.2773838043, 10.7168083191, 7.99742364883, 8.54604625702, 1.31647312641, 0.760970413685, 1.75121927261, 2.01307797432, 3.10326433182, 9.50913906097, 1.17099916935, 3.10135245323, 1.36066305637, 1.59902179241, 6.48395252228, 3.31990504265, 2.41164469719, 1.04906105995, 0.487989246845, 0.0205280389637, 0.000712312699761],
        "median": [0.000318532489473, 0.000645529478788, 0.00101531017572, 0.00142170942854, 0.00166527670808, 0.00214171828702, 0.00212308089249, 0.00221529277042, 0.00391175504774, 0.0127633083612, 0.122597776353, 0.309592157602, 0.73984003067, 3.17190957069, 2.24735927582, 2.03759479523, 0.572273433208, 0.281511068344, 0.360141396523, 0.328361690044, 0.171646535397, 0.0504087768495, 0.0325364619493, 0.0139392921701, 0.0109090181068, 0.0105997594073, 0.00925139151514, 0.00740309432149, 0.00887293647975, 0.005299014505, 0.0199211537838, 0.00927623175085, 0.00140396447387, 0.0024812745396, 0.00193246558774, 0.000662499223836, 0.000216899279621, 7.23032208043e-05, 1.2004106793e-05, 5.93580580244e-06],
        "min": [1.326932761e-06, 8.92490061233e-06, 4.13784000557e-05, 6.07571892033e-05, 9.09315349418e-05, 9.61048281169e-05, 4.86001117679e-05, 9.507399227e-05, 0.000134102956508, 2.12543709495e-05, 5.0917329645e-05, 8.16727915662e-05, 0.000180899573024, 0.000166694517247, 6.30070717307e-05, 0.000252487574471, 7.17208095011e-05, 7.16243885108e-05, 4.27884915553e-05, 2.7751955713e-05, 8.6453401309e-05, 4.95221866004e-05, 8.6037296569e-05, 5.04055969941e-05, 2.32438796957e-05, 3.09359638777e-05, 2.74743997579e-05, 2.08998844755e-05, 3.13819036819e-05, 3.3805048588e-05, 2.12490176636e-05, 1.56379901455e-05, 7.88824672782e-06, 9.36241394811e-06, 6.96739834893e-06, 3.41117606695e-06, 1.57756585395e-06, 9.22214610455e-07, 2.15059529296e-07, 2.17243378842e-08],
        "stdev": [0.00128622690681, 0.00243037287146, 0.00285782036372, 0.00345668196678, 0.0031230757013, 0.0110986661166, 0.0163204763085, 0.0121225165203, 0.0718730464578, 1.21992743015, 15.885509491, 26.4183616638, 252.855499268, 365.154571533, 484.324493408, 143.789718628, 314.300109863, 124.885162354, 270.428497314, 79.9239959717, 43.100933075, 64.6120910645, 90.3081207275, 4.94911241531, 3.35881781578, 8.90023612976, 8.95071220398, 23.7839794159, 145.985839844, 7.63301420212, 23.5149536133, 7.91842126846, 10.5236759186, 84.1625976562, 30.5726528168, 15.579454422, 6.6662311554, 6.72447729111, 0.184141337872, 0.00530821830034],
        "var": [1.65437961641e-06, 5.90671243117e-06, 8.16713782115e-06, 1.19486503536e-05, 9.75360217126e-06, 0.000123180390801, 0.000266357936198, 0.000146955397213, 0.00516573479399, 1.48822295666, 252.349411011, 697.929870605, 63935.9023438, 133337.859375, 234570.203125, 20675.484375, 98784.5546875, 15596.3037109, 73131.578125, 6387.84570312, 1857.69042969, 4174.72216797, 8155.55712891, 24.4937114716, 11.2816572189, 79.2141952515, 80.1152420044, 565.67767334, 21311.8632812, 58.2629089355, 552.953063965, 62.7013931274, 110.747764587, 7083.34277344, 934.687072754, 242.719406128, 44.4386367798, 45.2185935974, 0.0339080318809, 2.81771808659e-05]
    },
    "gfcc": {
        "mean": [-235.998825073, 30.5977230072, -129.439086914, -28.8575687408, -37.3609161377, 45.1563262939, -1.64502716064, 18.0261077881, -16.6361026764, -1.81707465649, -20.7453022003, 3.49307656288, -5.01961517334],
        "cov": [[13223.6904297, -4683.49755859, -3940.28833008, -2082.21044922, 382.921630859, 1012.90936279, 686.270446777, 648.169433594, -399.386169434, 185.622009277, -639.038269043, 232.451324463, 40.5591430664], [-4683.49755859, 3132.15258789, 611.405944824, -118.609474182, -360.295074463, -73.1397857666, 24.9672737122, -102.033287048, 270.187805176, -255.852432251, 242.580551147, -306.524230957, 52.1076011658], [-3940.28833008, 611.405944824, 2514.96069336, 1043.09753418, -608.094604492, -615.12677002, -292.873138428, 53.9836082458, 172.378982544, 87.2530441284, 163.190856934, -62.714214325, -160.76133728], [-2082.21044922, -118.609474182, 1043.09753418, 1470.85644531, 180.459136963, -646.241943359, -397.379516602, -183.023651123, 192.549057007, 212.159057617, 9.76979923248, 62.315990448, -100.302047729], [382.921630859, -360.295074463, -608.094604492, 180.459136963, 979.548400879, 162.867202759, -169.806625366, -375.75491333, -228.347244263, 35.5396537781, 43.2685317993, 233.072921753, 72.8767929077], [1012.90936279, -73.1397857666, -615.12677002, -646.241943359, 162.867202759, 800.925842285, 224.379394531, -122.945861816, -377.461334229, -199.473831177, 152.561203003, 117.004127502, 163.234054565], [686.270446777, 24.9672737122, -292.873138428, -397.379516602, -169.806625366, 224.379394531, 404.673583984, 58.0028419495, -130.265274048, -63.0039405823, -3.31250905991, -12.8146209717, 7.48095750809], [648.169433594, -102.033287048, 53.9836082458, -183.023651123, -375.75491333, -122.945861816, 58.0028419495, 486.88458252, 166.549530029, -28.5568962097, -112.048416138, -148.035171509, -13.4117174149], [-399.386169434, 270.187805176, 172.378982544, 192.549057007, -228.347244263, -377.461334229, -130.265274048, 166.549530029, 586.148803711, 16.7920360565, -217.23789978, -153.377609253, -24.6695270538], [185.622009277, -255.852432251, 87.2530441284, 212.159057617, 35.5396537781, -199.473831177, -63.0039405823, -28.5568962097, 16.7920360565, 353.622070312, -24.9590568542, -48.7787399292, -182.571182251], [-639.038269043, 242.580551147, 163.190856934, 9.76979923248, 43.2685317993, 152.561203003, -3.31250905991, -112.048416138, -217.23789978, -24.9590568542, 291.155883789, 55.6146850586, -18.5995235443], [232.451324463, -306.524230957, -62.714214325, 62.315990448, 233.072921753, 117.004127502, -12.8146209717, -148.035171509, -153.377609253, -48.7787399292, 55.6146850586, 261.855194092, 53.6963729858], [40.5591430664, 52.1076011658, -160.76133728, -100.302047729, 72.8767929077, 163.234054565, 7.48095750809, -13.4117174149, -24.6695270538, -182.571182251, -18.5995235443, 53.6963729858, 286.853210449]],
        "icov": [[0.000965783721767, 0.00124823662918, 0.00101705593988, 0.000575247278903, 0.000326831504935, -0.000222606147872, -0.000199907401111, -0.000636791228317, -0.00024986200151, -0.000320795719745, 0.000137897804962, -0.000134358779178, 0.000235342173255], [0.00124823662918, 0.00222603208385, 0.00114566087723, 0.0009785303846, 0.000319246290019, -5.84381341469e-05, -0.000490858452395, -0.0003062163305, -0.000821142806672, 8.11922072899e-05, -0.000664917402901, 0.000727460079361, 0.000155764908413], [0.00101705593988, 0.00114566087723, 0.00212581921369, -9.22533072298e-05, 0.0013153454056, -4.93683910463e-05, 0.000319647748256, -0.000661958591081, 0.00015220179921, -0.000187588026165, -9.88113970379e-05, -0.000555689446628, 0.000453145359643], [0.000575247278903, 0.0009785303846, -9.22533072298e-05, 0.00236773467623, -0.000439345516497, 0.00109822663944, 0.000159692077432, 0.000263837515377, -0.000489366066176, -0.00047100771917, -0.000391873356421, -0.000116205817903, -0.000333558215061], [0.000326831504935, 0.000319246290019, 0.0013153454056, -0.000439345516497, 0.00296938093379, -0.000187710189493, 0.00136776955333, 0.000875344325323, 0.000833228288684, -0.000250300421612, 0.000563102134038, -0.00117348087952, 5.54444932277e-06], [-0.000222606147872, -5.84381341469e-05, -4.93683910463e-05, 0.00109822663944, -0.000187710189493, 0.00387163762935, -0.000452782376669, 0.000991311389953, 0.00103664596099, 0.000920088205021, -0.00131678790785, 0.000121867924463, -0.00113232014701], [-0.000199907401111, -0.000490858452395, 0.000319647748256, 0.000159692077432, 0.00136776955333, -0.000452782376669, 0.00451125763357, 0.000258594751358, 0.00145407672971, 0.000282265857095, 0.00121356942691, -0.000489811645821, 0.000632094743196], [-0.000636791228317, -0.0003062163305, -0.000661958591081, 0.000263837515377, 0.000875344325323, 0.000991311389953, 0.000258594751358, 0.00443729525432, -4.92215585837e-05, 0.00102323922329, 1.97398621822e-05, 0.00151483202353, -0.000354100804543], [-0.00024986200151, -0.000821142806672, 0.00015220179921, -0.000489366066176, 0.000833228288684, 0.00103664596099, 0.00145407672971, -4.92215585837e-05, 0.0044517936185, 0.000669975590426, 0.00271642417647, 0.000372025562683, 0.000172626270796], [-0.000320795719745, 8.11922072899e-05, -0.000187588026165, -0.00047100771917, -0.000250300421612, 0.000920088205021, 0.000282265857095, 0.00102323922329, 0.000669975590426, 0.00566481705755, 0.000130312560941, 0.00171911343932, 0.00269098463468], [0.000137897804962, -0.000664917402901, -9.88113970379e-05, -0.000391873356421, 0.000563102134038, -0.00131678790785, 0.00121356942691, 1.97398621822e-05, 0.00271642417647, 0.000130312560941, 0.00728989392519, -0.000902153667994, 0.00144252274185], [-0.000134358779178, 0.000727460079361, -0.000555689446628, -0.000116205817903, -0.00117348087952, 0.000121867924463, -0.000489811645821, 0.00151483202353, 0.000372025562683, 0.00171911343932, -0.000902153667994, 0.00733028911054, -0.000457341200672], [0.000235342173255, 0.000155764908413, 0.000453145359643, -0.000333558215061, 5.54444932277e-06, -0.00113232014701, 0.000632094743196, -0.000354100804543, 0.000172626270796, 0.00269098463468, 0.00144252274185, -0.000457341200672, 0.00607845326886]]
    },
    "melbands": {
        "dmean": [4.44667011834e-06, 9.96137487164e-07, 3.35583450806e-07, 1.74263860231e-07, 1.42422365457e-07, 8.17104677253e-08, 1.6002846337e-07, 1.18128184567e-06, 9.93535741145e-06, 1.35696136567e-05, 7.55359506002e-05, 0.000105571612949, 0.000204640338779, 4.79393529531e-05, 4.71387575089e-05, 4.89480953547e-05, 2.88093597192e-05, 2.73894856946e-05, 1.89585953194e-05, 1.60867602972e-05, 8.21170215204e-06, 3.0837588838e-06, 8.51558615977e-06, 1.8582153416e-06, 7.20354194073e-07, 5.46560613657e-07, 7.37801485684e-07, 1.74642843831e-06, 1.72062254933e-06, 1.42704323025e-06, 1.95344114218e-06, 8.82524818735e-06, 1.66882512076e-06, 5.09037192842e-07, 2.81246798295e-06, 2.97931205751e-06, 8.1116633055e-07, 7.60969953717e-07, 3.55657880391e-06, 1.0693135664e-05],
        "dmean2": [7.82245479058e-06, 1.77818174052e-06, 6.03498619967e-07, 3.05753644625e-07, 2.5321739372e-07, 1.46717866301e-07, 2.5013386562e-07, 1.4730572957e-06, 1.19920068755e-05, 1.52592274389e-05, 7.94305015006e-05, 0.000137100665597, 0.000248086522333, 6.32282244624e-05, 6.2834325945e-05, 7.09752712282e-05, 4.41227166448e-05, 3.4398304706e-05, 2.44545772148e-05, 2.52858026215e-05, 1.40168940561e-05, 4.67827885586e-06, 1.19655906019e-05, 2.86675754069e-06, 1.11830752303e-06, 9.31826491524e-07, 1.27910470837e-06, 3.0719188544e-06, 3.05884577756e-06, 2.35613993027e-06, 3.3116261875e-06, 1.2768005945e-05, 2.93713901556e-06, 9.59672092904e-07, 5.38810081707e-06, 5.77459377382e-06, 1.38567224894e-06, 1.20963431982e-06, 6.10102460996e-06, 1.93847845367e-05],
        "dvar": [1.18369827828e-10, 3.9063682844e-12, 4.21647146451e-13, 2.35408643533e-13, 7.06998966749e-13, 1.20527760407e-13, 6.12139625013e-13, 4.66773251995e-11, 2.82368728399e-09, 4.36912861446e-09, 2.21916025112e-07, 4.46746838634e-07, 9.88831402537e-07, 5.8008726711e-08, 6.95965809427e-08, 8.49587706853e-08, 2.907755281e-08, 4.23491002266e-08, 2.75079177214e-08, 5.9788063389e-09, 1.40652967051e-09, 2.25072682714e-10, 1.97284251158e-08, 9.2558641307e-11, 7.69213512331e-12, 4.14552203329e-12, 1.07983864905e-11, 8.72863864521e-11, 9.06663077949e-11, 1.14596651613e-10, 1.63374452855e-10, 1.18794920567e-08, 2.13684736572e-10, 4.94190756026e-12, 2.81360462706e-10, 3.71819686151e-10, 2.27364533451e-11, 2.65595340859e-11, 7.32858496111e-10, 1.30749890914e-08],
        "dvar2": [3.43419764848e-10, 1.11324621396e-11, 1.22682137886e-12, 6.78585659886e-13, 2.07559425376e-12, 3.41362056894e-13, 1.10226855855e-12, 7.1309867733e-11, 4.62242732979e-09, 6.94186663708e-09, 3.1080782037e-07, 7.99533950158e-07, 1.36657138228e-06, 1.12356381976e-07, 1.25652647398e-07, 1.72291862555e-07, 7.14278414193e-08, 7.04813487573e-08, 4.7790958746e-08, 1.28717294601e-08, 3.68350261404e-09, 4.44485614981e-10, 4.36881890664e-08, 2.17013462755e-10, 1.78592887007e-11, 1.07590238801e-11, 2.91103981198e-11, 2.38960462529e-10, 2.62716098876e-10, 2.7625621235e-10, 4.13777734298e-10, 2.14026378842e-08, 5.73025737971e-10, 1.41740837817e-11, 8.31494206821e-10, 1.10348374882e-09, 5.38650686555e-11, 6.56077484007e-11, 2.01403871358e-09, 3.67967096793e-08],
        "max": [0.000204346724786, 2.54148490058e-05, 9.26298162085e-06, 1.09588045234e-05, 2.09112404264e-05, 5.81783115194e-06, 2.17861379497e-05, 0.000174337910721, 0.00113631924614, 0.00119616370648, 0.0110531877726, 0.0151699632406, 0.0175429955125, 0.00476395292208, 0.00556928990409, 0.00571257947013, 0.00321228522807, 0.00616965210065, 0.00497512938455, 0.00128919421695, 0.000403396610636, 0.000395413546357, 0.00470930803567, 0.000187009049114, 4.46669073426e-05, 3.13874515996e-05, 5.20352150488e-05, 0.000155038884259, 0.000202514900593, 0.000303235865431, 0.000225360592594, 0.00356125645339, 0.000321039115079, 2.85942805931e-05, 0.00025122507941, 0.000294703873806, 9.36839423957e-05, 9.54502684181e-05, 0.000524558883626, 0.00257625454105],
        "mean": [4.94334472023e-06, 1.12865836854e-06, 3.90858531318e-07, 2.15410693727e-07, 1.54532784791e-07, 8.49613286391e-08, 4.88028888412e-07, 6.04488150202e-06, 4.99979068991e-05, 6.18635094725e-05, 0.000327757268678, 0.000399211770855, 0.000681207573507, 0.000125333637698, 0.00011001915118, 0.00010815069254, 5.56729391974e-05, 7.15190908522e-05, 4.28465027653e-05, 2.48705637205e-05, 9.76847604761e-06, 5.71931377635e-06, 1.74431352207e-05, 2.06377444556e-06, 7.86662610608e-07, 4.69848458806e-07, 6.08227992416e-07, 1.32972752453e-06, 1.31720832997e-06, 1.27084456381e-06, 1.54450424361e-06, 7.35014509701e-06, 1.13199212137e-06, 3.09150266276e-07, 1.64118932844e-06, 1.67529424289e-06, 6.38465280645e-07, 6.25775157914e-07, 2.46199761023e-06, 6.57200871501e-06],
        "median": [2.91489868687e-06, 6.51042569189e-07, 2.65122196197e-07, 1.43092279359e-07, 8.13761289464e-08, 4.400157394e-08, 4.16045295992e-08, 5.94868687642e-08, 4.54216177559e-07, 8.29613384212e-07, 6.03014427725e-07, 5.3327621572e-06, 5.51659559278e-06, 1.18661580473e-06, 1.78241521098e-07, 1.1170760672e-07, 1.07101705282e-07, 1.15137595458e-07, 1.49261126126e-07, 7.07826757207e-08, 4.6633552131e-08, 3.28824825147e-08, 1.68598592865e-08, 1.24254793121e-08, 7.17508763515e-09, 6.00843419463e-09, 5.97308602579e-09, 5.2103947823e-09, 5.26482768493e-09, 3.11371506356e-09, 3.34631522492e-09, 4.91369256395e-09, 3.00316704838e-09, 1.88976922999e-09, 9.08830433133e-09, 1.28252874987e-08, 2.16497486605e-09, 5.53126544567e-10, 1.17134557609e-09, 2.13809969729e-09],
        "min": [1.17847829273e-08, 1.92792519726e-08, 1.16928138283e-08, 1.09310009933e-08, 2.05966665945e-09, 1.29293364903e-09, 1.81441972558e-09, 1.69913375037e-10, 4.84538575929e-10, 4.90815610377e-10, 9.56091095183e-10, 7.7332573678e-10, 1.01450778334e-10, 5.88829041082e-10, 4.13708595159e-10, 1.13821813086e-10, 1.29147789685e-10, 6.81156658855e-11, 4.78220310574e-11, 5.76320310919e-11, 1.02817088177e-10, 4.24663845755e-11, 9.20857001763e-11, 5.51635508106e-11, 4.17025060317e-11, 1.44575115768e-11, 2.17766724792e-11, 2.02049106612e-11, 1.9786989755e-11, 9.05400494161e-12, 1.44721934089e-11, 1.2966938287e-11, 3.08285307005e-11, 1.19877285182e-11, 1.21919861359e-11, 9.24860622115e-12, 1.02782287889e-11, 6.37032397319e-12, 3.70277419837e-12, 1.01325120169e-11],
        "stdev": [9.20302773011e-06, 1.82316910013e-06, 5.56451027478e-07, 3.93334175897e-07, 6.2895821884e-07, 2.75615917644e-07, 2.07877815228e-06, 1.96342334675e-05, 0.00013992843742, 0.000165800302057, 0.00125747942366, 0.00153221108485, 0.00207723397762, 0.000423615623731, 0.00046590709826, 0.000478533213027, 0.00022390705999, 0.00039010355249, 0.000291152799036, 0.000106876897917, 4.01198485633e-05, 3.04258246615e-05, 0.000217670720303, 1.00228407973e-05, 3.06890046886e-06, 1.96679775399e-06, 3.02260718854e-06, 7.69716916693e-06, 7.32423131922e-06, 9.98139057629e-06, 1.15250304589e-05, 0.000121741315525, 1.20785916806e-05, 1.69618476775e-06, 1.22755309349e-05, 1.39245812534e-05, 4.64434378955e-06, 4.87916440761e-06, 2.19532212213e-05, 8.86893249117e-05],
