{
"lowlevel": {
    "average_loudness": 0.00928999483585,
    "barkbands_crest": {
        "dmean": 3.38890886307,
        "dmean2": 5.85573005676,
        "dvar": 7.13922309875,
        "dvar2": 19.1649780273,
        "max": 22.1727962494,
        "mean": 12.8459062576,
        "median": 12.4833660126,
        "min": 4.17808008194,
        "stdev": 3.37282538414,
        "var": 11.3759508133
    },
    "barkbands_flatness_db": {
        "dmean": 0.040026254952,
        "dmean2": 0.0661690160632,
        "dvar": 0.00107117730659,
        "dvar2": 0.00255225319415,
        "max": 0.620751202106,
        "mean": 0.294604361057,
        "median": 0.267352551222,
        "min": 0.061256095767,
        "stdev": 0.11185850203,
        "var": 0.0125123253092
    },
    "barkbands_kurtosis": {
        "dmean": 15.7842473984,
        "dmean2": 26.7847194672,
        "dvar": 299.503753662,
        "dvar2": 783.223266602,
        "max": 130.69380188,
        "mean": 28.3651866913,
        "median": 24.4552726746,
        "min": -1.70736384392,
        "stdev": 22.4164638519,
        "var": 502.49786377
    },
    "barkbands_skewness": {
        "dmean": 1.13303601742,
        "dmean2": 1.87933802605,
        "dvar": 0.96305167675,
        "dvar2": 2.43413543701,
        "max": 8.39956855774,
        "mean": 3.51317024231,
        "median": 3.49926948547,
        "min": -1.94784581661,
        "stdev": 1.63296580315,
        "var": 2.66657733917
    },
    "barkbands_spread": {
        "dmean": 1.83586883545,
        "dmean2": 3.02153325081,
        "dvar": 26.3319892883,
        "dvar2": 64.2868728638,
        "max": 117.416130066,
        "mean": 4.03201055527,
        "median": 2.52959990501,
        "min": 0.33552467823,
        "stdev": 6.39358377457,
        "var": 40.8779144287
    },
    "dissonance": {
        "dmean": 0.0322070755064,
        "dmean2": 0.0548285990953,
        "dvar": 0.00141334836371,
        "dvar2": 0.00394283654168,
        "max": 0.499565809965,
        "mean": 0.444702327251,
        "median": 0.458009362221,
        "min": 0.105429440737,
        "stdev": 0.0490198805928,
        "var": 0.00240294868127
    },
    "dynamic_complexity": 17.1690406799,
    "erbbands_crest": {
        "dmean": 3.15486836433,
        "dmean2": 5.34612846375,
        "dvar": 6.67578172684,
        "dvar2": 18.7661361694,
        "max": 25.3219566345,
        "mean": 10.0040130615,
        "median": 9.3812456131,
        "min": 3.15601158142,
        "stdev": 4.11135387421,
        "var": 16.9032306671
    },
    "erbbands_flatness_db": {
        "dmean": 0.0228290911764,
        "dmean2": 0.0383287779987,
        "dvar": 0.000414544570958,
        "dvar2": 0.00105489767157,
        "max": 0.421516120434,
        "mean": 0.193894997239,
        "median": 0.16532227397,
        "min": 0.0482436418533,
        "stdev": 0.0783899724483,
        "var": 0.00614498788491
    },
    "erbbands_kurtosis": {
        "dmean": 3.67315912247,
        "dmean2": 6.2438378334,
        "dvar": 27.4443874359,
        "dvar2": 76.8712692261,
        "max": 59.9834747314,
        "mean": 5.67973041534,
        "median": 2.58000850677,
        "min": -1.56557381153,
        "stdev": 8.03829860687,
        "var": 64.6142501831
    },
    "erbbands_skewness": {
        "dmean": 0.605399131775,
        "dmean2": 0.985124409199,
        "dvar": 0.297485232353,
        "dvar2": 0.810352444649,
        "max": 6.01304864883,
        "mean": 1.62974786758,
        "median": 1.47190344334,
        "min": -1.38710057735,
        "stdev": 1.13817536831,
        "var": 1.29544305801
    },
    "erbbands_spread": {
        "dmean": 6.82039117813,
        "dmean2": 11.1476411819,
        "dvar": 55.347278595,
        "dvar2": 149.869720459,
        "max": 124.796234131,
        "mean": 26.2004909515,
        "median": 26.9269695282,
        "min": 1.89734363556,
        "stdev": 15.8424329758,
        "var": 250.982681274
    },
    "hfc": {
        "dmean": 2.76436138153,
        "dmean2": 4.36430072784,
        "dvar": 68.8639755249,
        "dvar2": 166.574829102,
        "max": 122.281837463,
        "mean": 4.12823152542,
        "median": 0.0653326064348,
        "min": 1.15741116691e-09,
        "stdev": 11.9428787231,
        "var": 142.632354736
    },
    "loudness_ebu128": {
        "integrated": -16.72356987,
        "loudness_range": 25.867143631,
        "momentary": {
            "dmean": 0.837434232235,
            "dmean2": 0.765709877014,
            "dvar": 1.0941889286,
            "dvar2": 1.01222407818,
            "max": -12.1716308594,
            "mean": -35.686290741,
            "median": -40.0383529663,
            "min": -60.1690368652,
            "stdev": 11.7029047012,
            "var": 136.957977295
        },
        "short_term": {
            "dmean": 0.307127386332,
            "dmean2": 0.174850210547,
            "dvar": 0.128668874502,
            "dvar2": 0.0635540112853,
            "max": -14.8748884201,
            "mean": -33.1344451904,
            "median": -40.195350647,
            "min": -46.9036865234,
            "stdev": 11.3459386826,
            "var": 128.730316162
        }
    },
    "melbands_crest": {
        "dmean": 4.87171411514,
        "dmean2": 8.17308998108,
        "dvar": 12.6644887924,
        "dvar2": 34.3508262634,
        "max": 30.5526733398,
        "mean": 19.4149227142,
        "median": 19.5200996399,
        "min": 4.81226921082,
        "stdev": 5.00525379181,
        "var": 25.052564621
    },
    "melbands_flatness_db": {
        "dmean": 0.0444468744099,
        "dmean2": 0.0727814733982,
        "dvar": 0.00135730637703,
        "dvar2": 0.00314913014881,
        "max": 0.781763851643,
        "mean": 0.423351377249,
        "median": 0.394572764635,
        "min": 0.0440375395119,
        "stdev": 0.126164257526,
        "var": 0.0159174185246
    },
    "melbands_kurtosis": {
        "dmean": 22.56457901,
        "dmean2": 37.7441253662,
        "dvar": 603.101318359,
        "dvar2": 1580.28991699,
        "max": 237.829925537,
        "mean": 43.8331413269,
        "median": 36.6617355347,
        "min": -1.36706340313,
        "stdev": 35.3248558044,
        "var": 1247.84533691
    },
    "melbands_skewness": {
        "dmean": 1.19984912872,
        "dmean2": 1.96747648716,
        "dvar": 1.09914672375,
        "dvar2": 2.9559981823,
        "max": 11.1562852859,
        "mean": 4.06100177765,
        "median": 4.03612422943,
        "min": -0.454968720675,
        "stdev": 1.87514019012,
        "var": 3.51615071297
    },
    "melbands_spread": {
        "dmean": 1.76836168766,
        "dmean2": 2.74093532562,
        "dvar": 31.0916442871,
        "dvar2": 32.792175293,
        "max": 159.168670654,
        "mean": 3.67508602142,
        "median": 1.98902249336,
        "min": 0.289299637079,
        "stdev": 8.30836296082,
        "var": 69.0289001465
    },
    "pitch_salience": {
        "dmean": 0.144153103232,
        "dmean2": 0.23984092474,
        "dvar": 0.011059156619,
        "dvar2": 0.0292364507914,
        "max": 0.974992513657,
        "mean": 0.471649974585,
        "median": 0.481818377972,
        "min": 0.0897909328341,
        "stdev": 0.152526125312,
        "var": 0.0232642181218
    },
    "silence_rate_20dB": {
        "dmean": 0.0231884066015,
        "dmean2": 0.0464441217482,
        "dvar": 0.0226508416235,
        "dvar2": 0.0442871972919,
        "max": 1,
        "mean": 0.966714918613,
        "median": 1,
        "min": 0,
        "stdev": 0.17938067019,
        "var": 0.0321774221957
    },
    "silence_rate_30dB": {
        "dmean": 0.0289855077863,
        "dmean2": 0.0580551512539,
        "dvar": 0.028144640848,
        "dvar2": 0.0633944198489,
        "max": 1,
        "mean": 0.900144696236,
        "median": 1,
        "min": 0,
        "stdev": 0.299807667732,
        "var": 0.0898846462369
    },
    "silence_rate_60dB": {
        "dmean": 0.0173913035542,
        "dmean2": 0.0348330922425,
        "dvar": 0.0170887168497,
        "dvar2": 0.0394250191748,
        "max": 1,
        "mean": 0.722141802311,
        "median": 1,
        "min": 0,
        "stdev": 0.447942644358,
        "var": 0.200652614236
    },
    "spectral_centroid": {
        "dmean": 84.8039398193,
        "dmean2": 133.746231079,
        "dvar": 30318.9023438,
        "dvar2": 51162.3554688,
        "max": 4254.49121094,
        "mean": 316.137359619,
        "median": 247.692779541,
        "min": 103.661346436,
        "stdev": 292.716674805,
        "var": 85683.046875
    },
    "spectral_complexity": {
        "dmean": 0.971014499664,
        "dmean2": 1.72714078426,
        "dvar": 3.93246817589,
        "dvar2": 9.76295089722,
        "max": 27,
        "mean": 2.22575974464,
        "median": 1,
        "min": 0,
        "stdev": 2.71639990807,
        "var": 7.37882852554
    },
    "spectral_decrease": {
        "dmean": 7.04417812969e-09,
        "dmean2": 1.1065595551e-08,
        "dvar": 4.98800126704e-16,
        "dvar2": 1.20751947581e-15,
        "max": 8.27999866691e-22,
        "mean": -9.79966330306e-09,
        "median": -1.12152426235e-10,
        "min": -3.29901865825e-07,
        "stdev": 3.0596737588e-08,
        "var": 9.36160400942e-16
    },
    "spectral_energy": {
        "dmean": 0.026835443452,
        "dmean2": 0.0421469174325,
        "dvar": 0.00723047927022,
        "dvar2": 0.0175044219941,
        "max": 1.25621581078,
        "mean": 0.0373605042696,
        "median": 0.000428201718023,
        "min": 1.01855589935e-13,
        "stdev": 0.116554386914,
        "var": 0.0135849248618
    },
    "spectral_energyband_high": {
        "dmean": 3.64295397048e-06,
        "dmean2": 5.96834070166e-06,
        "dvar": 1.23676813235e-09,
        "dvar2": 2.75479816736e-09,
        "max": 0.000688865722623,
        "mean": 3.64276911569e-06,
        "median": 2.45915003916e-07,
        "min": 8.0098640665e-14,
        "stdev": 3.35657168762e-05,
        "var": 1.12665732299e-09
    },
    "spectral_energyband_low": {
        "dmean": 0.0260385200381,
        "dmean2": 0.0412417426705,
        "dvar": 0.00700875930488,
        "dvar2": 0.0168793257326,
        "max": 1.23669850826,
        "mean": 0.0340795740485,
        "median": 0.000335555901984,
        "min": 4.00071321625e-15,
        "stdev": 0.110555544496,
        "var": 0.0122225284576
    },
    "spectral_energyband_middle_high": {
        "dmean": 6.31151779089e-05,
        "dmean2": 0.000102135178167,
        "dvar": 2.20667629947e-07,
        "dvar2": 4.7264575187e-07,
        "max": 0.00858456175774,
        "mean": 7.97873944975e-05,
        "median": 3.06839751829e-06,
        "min": 7.33584318914e-15,
        "stdev": 0.000503186602145,
        "var": 2.53196759559e-07
    },
    "spectral_energyband_middle_low": {
        "dmean": 0.00310112396255,
        "dmean2": 0.00518316915259,
        "dvar": 8.86912675924e-05,
        "dvar2": 0.00023888197029,
        "max": 0.0966231450438,
        "mean": 0.00422190874815,
        "median": 0.000104779879621,
        "min": 6.19533111336e-15,
        "stdev": 0.0117574073374,
        "var": 0.000138236631756
    },
    "spectral_entropy": {
        "dmean": 0.275365442038,
        "dmean2": 0.465470135212,
        "dvar": 0.0600399114192,
        "dvar2": 0.140967011452,
        "max": 9.40843200684,
        "mean": 6.36070966721,
        "median": 6.6247754097,
        "min": 4.12897443771,
        "stdev": 0.8781260252,
        "var": 0.771105349064
    },
    "spectral_flux": {
        "dmean": 0.0266192127019,
        "dmean2": 0.0474659502506,
        "dvar": 0.00334272836335,
        "dvar2": 0.00968069769442,
        "max": 0.552931249142,
        "mean": 0.0571561679244,
        "median": 0.0130561962724,
        "min": 7.06739301677e-05,
        "stdev": 0.0965703204274,
        "var": 0.00932582654059
    },
    "spectral_kurtosis": {
        "dmean": 8.19114875793,
        "dmean2": 13.0141410828,
        "dvar": 232.940444946,
        "dvar2": 602.374755859,
        "max": 205.870330811,
        "mean": 27.0911102295,
        "median": 12.4270391464,
        "min": 0.923757791519,
        "stdev": 37.1708374023,
        "var": 1381.67114258
    },
    "spectral_rms": {
        "dmean": 0.00113491457887,
        "dmean2": 0.00178271404002,
        "dvar": 5.89037244936e-06,
        "dvar2": 1.36598437166e-05,
        "max": 0.0350082330406,
        "mean": 0.00295574730262,
        "median": 0.000646341824904,
        "min": 9.9685157906e-09,
        "stdev": 0.00526429712772,
        "var": 2.7712821975e-05
    },
    "spectral_rolloff": {
        "dmean": 110.661865234,
        "dmean2": 186.735595703,
        "dvar": 383566.4375,
        "dvar2": 667220.6875,
        "max": 18066.3574219,
        "mean": 286.44442749,
        "median": 193.798828125,
        "min": 107.666015625,
        "stdev": 935.023376465,
        "var": 874268.6875
    },
    "spectral_skewness": {
        "dmean": 0.524107038975,
        "dmean2": 0.820624470711,
        "dvar": 0.435724616051,
        "dvar2": 1.0903301239,
        "max": 12.8233633041,
        "mean": 3.79707098007,
        "median": 2.96398425102,
        "min": 0.70113658905,
        "stdev": 2.26126194,
        "var": 5.11330604553
    },
    "spectral_spread": {
        "dmean": 494299.375,
        "dmean2": 811976.25,
        "dvar": 335135768576,
        "dvar2": 520619327488,
        "max": 22577860,
        "mean": 3284525.25,
        "median": 3449454.75,
        "min": 449296,
        "stdev": 1452515.5,
        "var": 2.10980123443e+12
    },
    "spectral_strongpeak": {
        "dmean": 0.146699249744,
        "dmean2": 0.229053378105,
        "dvar": 0.108024306595,
        "dvar2": 0.245592728257,
        "max": 4.47830581665,
        "mean": 0.266838788986,
        "median": 0.0492025353014,
        "min": 0,
        "stdev": 0.56060475111,
        "var": 0.31427770853
    },
    "zerocrossingrate": {
        "dmean": 0.00434994883835,
        "dmean2": 0.00611662631854,
        "dvar": 0.000247182440944,
        "dvar2": 0.000309820257826,
        "max": 0.49560546875,
        "mean": 0.0149918599054,
        "median": 0.01220703125,
        "min": 0.00341796875,
        "stdev": 0.0211182422936,
        "var": 0.000445980142104
    },
    "barkbands": {
        "dmean": [3.79697266908e-05, 0.0164961256087, 0.010527620092, 0.00181127386168, 0.00154403306078, 0.000419842894189, 4.50334409834e-05, 1.04120454125e-05, 8.1958824012e-06, 6.9716274993e-06, 5.95233814238e-06, 7.29122166376e-06, 1.11733079393e-05, 1.69804370671e-05, 1.14387066787e-05, 7.84860458225e-06, 3.82636517315e-06, 1.49655738824e-06, 1.2965492715e-06, 2.47406569542e-06, 1.03122829387e-06, 6.05872003234e-07, 3.9883192926e-07, 1.02935473478e-07, 2.83278076552e-08, 6.3285456875e-09, 7.35301020072e-09],
        "dmean2": [6.42806116957e-05, 0.0270995534956, 0.0163578558713, 0.00306255905889, 0.00268018059433, 0.000765215489082, 8.01074274932e-05, 1.86183588085e-05, 1.41736509249e-05, 1.16137844088e-05, 1.0610483514e-05, 1.25105334519e-05, 1.67323942151e-05, 2.94889268844e-05, 2.01975763048e-05, 1.34215870276e-05, 6.61369313093e-06, 2.45984642788e-06, 2.15939621739e-06, 4.00485441787e-06, 1.68556005065e-06, 9.56467829383e-07, 6.21271055934e-07, 1.61226040518e-07, 4.4365368268e-08, 1.07080575518e-08, 1.21922463237e-08],
        "dvar": [1.49168410957e-08, 0.00276393187232, 0.00112251099199, 3.50071495632e-05, 2.77740455203e-05, 2.3838153993e-06, 2.88798229775e-08, 7.68212882196e-10, 6.44131470384e-10, 2.02752281631e-09, 1.07672815108e-09, 1.47070255974e-09, 5.11507458612e-09, 1.71150684736e-08, 1.71135354776e-08, 3.33965011201e-09, 9.68888302921e-10, 1.25611618329e-10, 1.28924662612e-10, 5.96703519928e-10, 9.15836989579e-11, 4.97458914339e-11, 8.8260275824e-12, 1.42200585074e-12, 9.45173775943e-14, 3.025925413e-16, 2.16472313978e-15],
        "dvar2": [3.99312902744e-08, 0.00694511085749, 0.00257311761379, 9.49302120716e-05, 7.77303212089e-05, 7.04147805664e-06, 8.03955302331e-08, 2.22293938812e-09, 1.60344926226e-09, 5.26535703926e-09, 2.95592039734e-09, 3.74547282078e-09, 1.12944560371e-08, 4.08281835007e-08, 3.48486217661e-08, 7.62707497159e-09, 2.1603610012e-09, 2.80431372568e-10, 2.76627359908e-10, 1.32168020972e-09, 2.05263736563e-10, 1.15224288444e-10, 2.03876811267e-11, 3.36007046839e-12, 2.20812558234e-13, 7.84168755947e-16, 5.16840234415e-15],
        "max": [0.00182102329563, 0.712132632732, 0.52050948143, 0.0522112026811, 0.0757615119219, 0.0159914568067, 0.00249651144259, 0.000275644037174, 0.000298704748275, 0.000927647575736, 0.000482133007608, 0.00059043453075, 0.00126454757992, 0.00235039787367, 0.00262718903832, 0.0009475244442, 0.000503816991113, 0.000189126993064, 0.000216155152884, 0.000504361873027, 0.000160650466569, 0.000145184545545, 5.99818195042e-05, 2.54583064816e-05, 6.72188252793e-06, 4.00058354444e-07, 1.04875368834e-06],
        "mean": [4.72088249808e-05, 0.0195163451135, 0.013492655009, 0.00185376126319, 0.00189168611541, 0.00040215550689, 4.94901105412e-05, 1.25453816509e-05, 1.05950548459e-05, 7.70136102801e-06, 7.13458393875e-06, 9.53895596467e-06, 1.20531458379e-05, 1.55480793183e-05, 1.26586792248e-05, 7.89240220911e-06, 3.94591415898e-06, 1.49902518842e-06, 1.35689663239e-06, 2.77944513982e-06, 9.17230352115e-07, 5.36448453659e-07, 4.1948243279e-07, 1.15875764095e-07, 5.84588093488e-08, 3.67515511357e-08, 3.32445644347e-08],
        "median": [6.62692457354e-07, 0.000156519497978, 0.000125920312712, 4.46691738034e-05, 4.28132116213e-05, 7.76655633672e-06, 2.02021510631e-06, 1.30961745981e-06, 1.21729704006e-06, 8.67648793701e-07, 5.50467859739e-07, 4.56310232266e-07, 3.53773032202e-07, 2.82803654272e-07, 2.47207935899e-07, 1.53113106194e-07, 8.68180123348e-08, 5.80471990475e-08, 3.96159833826e-08, 2.4107528418e-08, 2.01051371107e-08, 2.03710541768e-08, 9.91435626929e-08, 2.19951328262e-08, 2.28844605488e-08, 2.08524024714e-08, 1.95289349136e-08],
        "min": [1.20848879914e-15, 1.76515599334e-15, 1.10748731996e-15, 1.02653341658e-15, 2.11669531288e-15, 1.42004035992e-15, 8.21777230564e-16, 4.30720541783e-16, 3.133617976e-16, 2.0816471277e-16, 1.268180905e-16, 4.5676605714e-17, 1.1409421303e-16, 5.81278054119e-16, 1.53466710521e-15, 1.65363552963e-15, 9.22894700318e-16, 1.45874711863e-15, 5.1826399092e-16, 1.63168318849e-15, 1.79377056625e-15, 4.66176906851e-15, 5.77105442766e-15, 7.28688129666e-15, 8.25781737641e-15, 1.84764567334e-14, 3.35540345237e-14],
        "stdev": [0.000148810984683, 0.0651107802987, 0.0453709550202, 0.00621975632384, 0.00575982267037, 0.00145448476542, 0.000176604284206, 2.9473889299e-05, 2.70287782769e-05, 4.29252249887e-05, 3.58870129276e-05, 4.61521740363e-05, 7.75260195951e-05, 0.000124872487504, 0.000133427529363, 5.63766079722e-05, 3.04453424178e-05, 1.11062427095e-05, 1.13014084491e-05, 2.36354626395e-05, 9.0863695732e-06, 6.55496705804e-06, 2.79604478237e-06, 1.09152040295e-06, 2.88056781983e-07, 3.59495828661e-08, 5.00228374278e-08],
        "var": [2.21447109539e-08, 0.00423941388726, 0.00205852370709, 3.86853680538e-05, 3.31755545631e-05, 2.11552583096e-06, 3.11890708815e-08, 8.68710103852e-10, 7.30554894357e-10, 1.84257487046e-09, 1.28787769338e-09, 2.13002304683e-09, 6.0102833821e-09, 1.55931374479e-08, 1.78029040399e-08, 3.17832204999e-09, 9.26918874988e-10, 1.23348622982e-10, 1.2772183311e-10, 5.58635082637e-10, 8.25621168654e-11, 4.296759476e-11, 7.81786614612e-12, 1.19141686534e-12, 8.29767027657e-14, 1.29237248361e-15, 2.50228440399e-15]
    },
    "erbbands": {
        "dmean": [0.132525131106, 4.77309942245, 15.2017946243, 5.46344041824, 4.6532330513, 6.61404752731, 4.22841691971, 3.82114815712, 1.14986515045, 0.352045983076, 0.243916541338, 0.196275159717, 0.168368160725, 0.238735362887, 0.236700281501, 0.329235672951, 0.516847193241, 0.806301772594, 0.7455072999, 0.457921743393, 0.376914680004, 0.201501756907, 0.0942002683878, 0.0634585022926, 0.0805529803038, 0.119708530605, 0.0688223168254, 0.0284895114601, 0.0236248467118, 0.0157272443175, 0.0112302005291, 0.00337946345098, 0.00119905418251, 0.000483288196847, 0.000128535582917, 3.6607736547e-05, 1.64651737578e-05, 5.21975607626e-06, 1.24792950373e-05, 2.90711068374e-05],
        "dmean2": [0.22690731287, 7.81025075912, 23.4392871857, 9.20605373383, 7.87403535843, 11.5543298721, 7.34014844894, 7.00945520401, 1.9861689806, 0.633783817291, 0.431316107512, 0.341832876205, 0.274358123541, 0.372364491224, 0.399721443653, 0.554109930992, 0.777611255646, 1.383928895, 1.32719969749, 0.811743021011, 0.65284216404, 0.359677642584, 0.156281203032, 0.103292547166, 0.132184132934, 0.194603890181, 0.113550275564, 0.0463374592364, 0.0372418612242, 0.0249668620527, 0.0174378380179, 0.00528645515442, 0.00187951873522, 0.000748152378947, 0.000208567318623, 5.94307202846e-05, 2.64323407464e-05, 8.74543638929e-06, 1.94991407625e-05, 4.56540801679e-05],
        "dvar": [0.160938456655, 234.414855957, 2473.56958008, 247.073974609, 206.245132446, 579.400878906, 244.111328125, 223.925476074, 15.6972646713, 1.52413928509, 0.485007464886, 0.361284554005, 0.470982909203, 2.5274078846, 1.73691296577, 3.26355361938, 12.1801109314, 34.5267982483, 56.7800483704, 17.7751464844, 7.75986194611, 2.68696403503, 0.524965524673, 0.229638278484, 0.533061027527, 1.42821907997, 0.382416337729, 0.0754426494241, 0.0764089152217, 0.0254463199526, 0.00493065221235, 0.00132884515915, 0.000185907993, 3.18272868753e-05, 8.73811131896e-07, 7.7922415187e-09, 1.80488979318e-09, 5.09548625516e-10, 1.43092915295e-09, 8.45036574049e-09],
        "dvar2": [0.437103927135, 583.748474121, 5699.85742188, 669.080566406, 593.966430664, 1592.64465332, 689.162231445, 666.91973877, 42.9660835266, 4.46795892715, 1.39963150024, 0.915534317493, 1.18154013157, 5.65414714813, 4.26187133789, 7.97426843643, 27.6395988464, 85.7206802368, 117.527023315, 37.101688385, 17.0925521851, 5.79863166809, 1.14355266094, 0.505670130253, 1.17506611347, 3.13053131104, 0.847733855247, 0.170307502151, 0.17589007318, 0.059257235378, 0.0114297745749, 0.00312831299379, 0.000440065254224, 7.46716323192e-05, 2.05417268262e-06, 1.95359746158e-08, 4.29494795284e-09, 1.21798571229e-09, 3.42926109731e-09, 2.04493435518e-08],
        "max": [3.9370610714, 212.475265503, 775.880371094, 148.950912476, 151.507797241, 373.620269775, 209.487091064, 161.11114502, 47.0576438904, 21.2603302002, 6.87967586517, 6.53095626831, 12.7692556381, 38.6260910034, 17.7673416138, 26.4523639679, 64.0719451904, 103.125495911, 146.233612061, 74.6019897461, 41.597492218, 24.5616817474, 11.6073818207, 7.16270160675, 14.809926033, 24.5468921661, 10.5880441666, 4.30551719666, 5.68790435791, 3.20095896721, 1.43095433712, 0.777496397495, 0.291988998652, 0.122479751706, 0.020720096305, 0.00185947818682, 0.00085698987823, 0.000518194341566, 0.000567789655179, 0.00135973549914],
        "mean": [0.162791520357, 5.66810655594, 19.1947841644, 7.34495401382, 5.61422967911, 7.45478439331, 4.34729146957, 3.52546834946, 1.26986777782, 0.401038825512, 0.29040107131, 0.245707243681, 0.209891229868, 0.284979254007, 0.322636723518, 0.410457104445, 0.562330186367, 0.740094125271, 0.776563286781, 0.533641517162, 0.388527423143, 0.218220219016, 0.0979147106409, 0.0643990635872, 0.0882961004972, 0.134660556912, 0.0635994896293, 0.0254377759993, 0.0206359345466, 0.015499651432, 0.0117650795728, 0.00363665958866, 0.00152781233191, 0.000810493773315, 0.000354076037183, 0.000171592750121, 7.54569482524e-05, 2.37365693465e-05, 2.15507498069e-05, 4.08820233133e-05],
        "median": [0.00204291730188, 0.0440911650658, 0.154825851321, 0.163815841079, 0.122518911958, 0.160915836692, 0.109465815127, 0.0588209629059, 0.0342691019177, 0.0276687033474, 0.0304748490453, 0.0281047746539, 0.0270651727915, 0.0247081927955, 0.0231513027102, 0.0190694276243, 0.0166144073009, 0.0153055340052, 0.013312490657, 0.0116124572232, 0.00715168192983, 0.00501945940778, 0.0034544300288, 0.00275262864307, 0.0015518568689, 0.00111055234447, 0.000891025003511, 0.000737682217732, 0.000659129989799, 0.00188593496569, 0.00307207158767, 0.000622768595349, 0.000377344811568, 0.000260766566498, 0.000158508148161, 8.60491636558e-05, 3.83385267924e-05, 1.36013131851e-05, 3.17096828439e-06, 7.00175803559e-07],
        "min": [6.51512264277e-14, 3.55069760486e-13, 1.15081555396e-12, 2.61983620561e-12, 4.80988773116e-12, 7.47558872444e-12, 1.00727794161e-11, 1.18626341389e-11, 1.21957808435e-11, 1.09538602147e-11, 8.86367802072e-12, 7.20576419713e-12, 6.68152555852e-12, 6.28312419454e-12, 4.26952006735e-12, 1.79013975952e-12, 4.90014886306e-12, 2.19105376204e-11, 5.86411613712e-11, 9.54111373241e-11, 7.86340506598e-11, 5.56666795992e-11, 8.15424186507e-11, 4.20059681483e-11, 2.1535627448e-11, 7.73043712377e-11, 6.32221150432e-11, 1.08921691111e-10, 2.18792900464e-10, 7.47546746727e-11, 2.08923961464e-10, 1.49461262811e-10, 1.21074678061e-10, 6.42986566768e-11, 8.45160677554e-11, 7.4339548406e-11, 3.87707990712e-11, 1.3640865347e-11, 5.55528019419e-12, 3.73747094471e-13],
        "stdev": [0.492910683155, 19.0486602783, 65.7417831421, 20.5013141632, 16.2424602509, 24.976688385, 15.3688249588, 13.4342670441, 4.31636667252, 1.26598358154, 0.700018584728, 0.627644300461, 0.725044429302, 1.75334322453, 1.5687059164, 2.10835981369, 3.69403123856, 5.52504253387, 7.63892793655, 4.33990812302, 2.77532339096, 1.63512909412, 0.728169798851, 0.47539678216, 0.712823748589, 1.16257786751, 0.59210562706, 0.259196937084, 0.257218182087, 0.148707866669, 0.0664553716779, 0.0335235446692, 0.012469433248, 0.00521832285449, 0.000925412168726, 0.000186986333574, 8.4461964434e-05, 2.904662324e-05, 5.42315137864e-05, 0.000126295344671],
        "var": [0.242960944772, 362.851470947, 4321.98193359, 420.303863525, 263.817504883, 623.834960938, 236.200790405, 180.479522705, 18.6310214996, 1.60271430016, 0.490026056767, 0.393937379122, 0.525689423084, 3.0742123127, 2.46083831787, 4.44518136978, 13.645866394, 30.526096344, 58.3532180786, 18.8348026276, 7.70241975784, 2.6736471653, 0.530231297016, 0.22600209713, 0.508117735386, 1.35158717632, 0.350589066744, 0.0671830549836, 0.0661612004042, 0.0221140310168, 0.004416316282, 0.00112382811494, 0.000155486763106, 2.72308934655e-05, 8.56387657677e-07, 3.49638895614e-08, 7.13382286577e-09, 8.43706327025e-10, 2.94105717558e-09, 1.59505137987e-08]
    },
    "gfcc": {
        "mean": [-288.122192383, 146.109436035, -41.5703926086, 25.844909668, -25.8552455902, 15.5406370163, -28.8066520691, -7.15718889236, -15.6855211258, -9.06278991699, -13.1482563019, -3.64574599266, -12.925195694],
        "cov": [[10219.2548828, 2523.92382812, 457.858612061, 388.933929443, 365.823120117, -320.555480957, 225.048461914, -262.586242676, 219.042892456, -83.5136413574, 358.565612793, -356.830596924, 274.145507812], [2523.92382812, 1048.31408691, 707.878601074, 43.3957176208, 97.3579940796, -179.358200073, 49.4257011414, -98.8304214478, 107.30480957, -44.8569297791, 140.735534668, -86.2708053589, 105.025009155], [457.858612061, 707.878601074, 1312.46435547, 108.173820496, 16.6244945526, -185.714996338, 11.1582317352, -77.974647522, 83.155380249, -39.3474845886, 131.763916016, -49.2318229675, 77.7323379517], [388.933929443, 43.3957176208, 108.173820496, 238.176940918, 45.064704895, -54.4552650452, 54.7694587708, -40.1824073792, -43.0201301575, 20.9260673523, 41.1565513611, -68.0763244629, 44.0767097473], [365.823120117, 97.3579940796, 16.6244945526, 45.064704895, 130.79750061, 22.6640815735, 25.3709259033, -13.2560501099, 18.8854694366, -9.84677124023, 14.2775802612, -8.62215900421, 20.0196418762], [-320.555480957, -179.358200073, -185.714996338, -54.4552650452, 22.6640815735, 124.685905457, -14.6321249008, 27.9399986267, 17.64112854, -14.9312982559, -41.6609954834, 46.706489563, -35.9365959167], [225.048461914, 49.4257011414, 11.1582317352, 54.7694587708, 25.3709259033, -14.6321249008, 77.6789550781, 7.74656867981, -1.44262290001, 17.4417934418, 21.1629123688, -38.6131668091, 20.2114276886], [-262.586242676, -98.8304214478, -77.974647522, -40.1824073792, -13.2560501099, 27.9399986267, 7.74656867981, 59.5475845337, 12.1472482681, 11.0094423294, -12.2291183472, 12.6598901749, -21.2056407928], [219.042892456, 107.30480957, 83.155380249, -43.0201301575, 18.8854694366, 17.64112854, -1.44262290001, 12.1472482681, 79.3438262939, -4.21164941788, 15.3336830139, 15.8905162811, -1.11919939518], [-83.5136413574, -44.8569297791, -39.3474845886, 20.9260673523, -9.84677124023, -14.9312982559, 17.4417934418, 11.0094423294, -4.21164941788, 42.8526000977, 11.2166337967, -9.58276462555, 7.25632762909], [358.565612793, 140.735534668, 131.763916016, 41.1565513611, 14.2775802612, -41.6609954834, 21.1629123688, -12.2291183472, 15.3336830139, 11.2166337967, 59.2484664917, -13.8299207687, 21.2140884399], [-356.830596924, -86.2708053589, -49.2318229675, -68.0763244629, -8.62215900421, 46.706489563, -38.6131668091, 12.6598901749, 15.8905162811, -9.58276462555, -13.8299207687, 68.3710708618, -10.253247261], [274.145507812, 105.025009155, 77.7323379517, 44.0767097473, 20.0196418762, -35.9365959167, 20.2114276886, -21.2056407928, -1.11919939518, 7.25632762909, 21.2140884399, -10.253247261, 50.5224761963]],
        "icov": [[0.000837624655105, -0.002739966847, 0.00140402594116, -0.00147580634803, 0.000667957705446, -0.00168421608396, 0.00125542317983, -0.000416504160967, -0.000664315768518, 0.000974961149041, -0.00171752355527, 0.0022960100323, -0.000829330005217], [-0.002739966847, 0.0133601753041, -0.00525942351669, 0.00793523807079, -0.00384874618612, 0.00756375165656, -0.00382840889506, 0.0041943108663, -0.00178297865205, 0.00201878906228, 1.1691259715e-05, -0.0015476552071, -0.00218732748181], [0.00140402594116, -0.00525942351669, 0.00388350128196, -0.00357960537076, 0.00169808848295, -0.00125224422663, 0.00225188699551, -0.000887703092303, -0.00241151498631, 0.00321973836981, -0.00348831294104, 0.00260073528625, -0.000897868943866], [-0.00147580634803, 0.00793523807079, -0.00357960537076, 0.0141512891278, -0.0040597342886, 0.000636904791463, -0.00203478429466, 0.0050496859476, 0.00413909181952, -0.00137064687442, -0.00539516238496, 0.0076119187288, -0.00623197806999], [0.000667957705446, -0.00384874618612, 0.00169808848295, -0.0040597342886, 0.0126505754888, -0.00741629721597, -0.000444014440291, -1.50348241732e-05, -0.00189332757145, 0.00281513482332, -0.00211547524668, 0.00203736778349, -0.0039558596909], [-0.00168421608396, 0.00756375165656, -0.00125224422663, 0.000636904791463, -0.00741629721597, 0.0303994081914, -0.0110328057781, 0.00219835503958, -0.00743082351983, 0.00477885268629, 0.0132869100198, -0.0206603128463, 0.01406176202], [0.00125542317983, -0.00382840889506, 0.00225188699551, -0.00203478429466, -0.000444014440291, -0.0110328057781, 0.0311243850738, -0.0109414318576, 0.000410142558394, -0.00129003194161, -0.0120650148019, 0.0233979634941, -0.0152497515082], [-0.000416504160967, 0.0041943108663, -0.000887703092303, 0.0050496859476, -1.50348241732e-05, 0.00219835503958, -0.0109414318576, 0.0310910250992, -0.00603664573282, -0.00579000264406, 0.00154233165085, -0.00371009367518, 0.0087951477617], [-0.000664315768518, -0.00178297865205, -0.00241151498631, 0.00413909181952, -0.00189332757145, -0.00743082351983, 0.000410142558394, -0.00603664573282, 0.0256204027683, -0.00718111125752, -0.00237331585959, -0.0043014222756, 0.00189981644507], [0.000974961149041, 0.00201878906228, 0.00321973836981, -0.00137064687442, 0.00281513482332, 0.00477885268629, -0.00129003194161, -0.00579000264406, -0.00718111125752, 0.0424043275416, -0.0151141053066, 0.00893397256732, -0.0109654357657], [-0.00171752355527, 1.1691259715e-05, -0.00348831294104, -0.00539516238496, -0.00211547524668, 0.0132869100198, -0.0120650148019, 0.00154233165085, -0.00237331585959, -0.0151141053066, 0.0465999133885, -0.0234790127724, 0.0129186026752], [0.0022960100323, -0.0015476552071, 0.00260073528625, 0.0076119187288, 0.00203736778349, -0.0206603128463, 0.0233979634941, -0.00371009367518, -0.0043014222756, 0.00893397256732, -0.0234790127724, 0.0559118501842, -0.0264768470079], [-0.000829330005217, -0.00218732748181, -0.000897868943866, -0.00623197806999, -0.0039558596909, 0.01406176202, -0.0152497515082, 0.0087951477617, 0.00189981644507, -0.0109654357657, 0.0129186026752, -0.0264768470079, 0.0478396490216]]
    },
    "melbands": {
        "dmean": [0.00278850481845, 0.00717816827819, 0.000934649957344, 0.000358678371413, 0.000187442230526, 8.02836366347e-05, 1.58629754878e-05, 3.26136046169e-06, 1.85813735243e-06, 1.2150578641e-06, 8.39631752569e-07, 1.00363979527e-06, 7.72475061694e-07, 7.81611902312e-07, 1.0443826568e-06, 1.16838168651e-06, 1.56103317295e-06, 1.26677252865e-06, 7.97746281478e-07, 5.66196774798e-07, 3.99422873443e-07, 2.21511612608e-07, 1.21585230772e-07, 6.61340706642e-08, 4.90121543351e-08, 5.25320444922e-08, 7.06634182279e-08, 8.62594973228e-08, 5.06070740869e-08, 2.4840941748e-08, 1.32203608061e-08, 1.42031861827e-08, 1.04749373619e-08, 8.20621615105e-09, 7.37661887129e-09, 3.24766591397e-09, 1.74299885636e-09, 9.27620258384e-10, 5.51760137579e-10, 3.69155567226e-10],
        "dmean2": [0.00466270558536, 0.0113124893978, 0.00157314015087, 0.000620550068561, 0.000324859662214, 0.000147037921124, 2.7456368116e-05, 5.8539380916e-06, 3.25897076436e-06, 2.13396992876e-06, 1.37868573802e-06, 1.60319916631e-06, 1.35827554004e-06, 1.30947807975e-06, 1.65793755968e-06, 1.831228019e-06, 2.68249891633e-06, 2.27146574616e-06, 1.4204093759e-06, 9.73708438323e-07, 6.96153335866e-07, 3.9507335714e-07, 2.0449002136e-07, 1.10659556185e-07, 8.03123612059e-08, 8.6792262266e-08, 1.1368464925e-07, 1.43213725323e-07, 8.41645757532e-08, 4.09327292061e-08, 2.14445492475e-08, 2.25255298858e-08, 1.65387525897e-08, 1.30075141769e-08, 1.14859357581e-08, 5.08870057203e-09, 2.74045364179e-09, 1.46022227643e-09, 8.65407578932e-10, 5.76332592761e-10],
        "dvar": [7.66385710449e-05, 0.000549772812519, 7.12134442438e-06, 1.20634126688e-06, 5.31687533112e-07, 9.54134478093e-08, 3.04538660956e-09, 1.20232879208e-10, 2.67873449117e-11, 1.46328608952e-11, 1.27984081666e-11, 4.75348614637e-11, 1.83356923394e-11, 1.63049660579e-11, 4.8031894434e-11, 5.57776255738e-11, 1.29484867273e-10, 1.49478152078e-10, 8.35206348526e-11, 1.93756243688e-11, 8.58199969422e-12, 3.21963267678e-12, 9.21235201838e-13, 2.63702417107e-13, 1.33629842218e-13, 2.15548309453e-13, 3.8004704093e-13, 7.77055178015e-13, 2.15469067827e-13, 5.70008314637e-14, 1.74792973606e-14, 2.82951152742e-14, 1.41625001453e-14, 6.0589164572e-15, 1.79270605759e-15, 7.97340912371e-16, 3.97032506224e-16, 1.0533647469e-16, 4.09714832758e-17, 1.69411023139e-17],
        "dvar2": [0.00019741068536, 0.0012997497106, 1.92247152881e-05, 3.31967839884e-06, 1.49972322561e-06, 2.83599661088e-07, 8.35937363775e-09, 3.57172569299e-10, 7.56391269063e-11, 3.70128788729e-11, 3.20955276245e-11, 1.09411667226e-10, 4.67994497322e-11, 3.97369359639e-11, 1.10472235526e-10, 1.29843150121e-10, 3.24390236894e-10, 3.12328385377e-10, 1.7052494139e-10, 4.43514183712e-11, 1.88050911648e-11, 6.97717838366e-12, 2.02848003152e-12, 5.8051236344e-13, 2.96006464782e-13, 4.75208305865e-13, 8.58544626451e-13, 1.68874538919e-12, 4.7703215076e-13, 1.26833981685e-13, 3.99058397275e-14, 6.47655350574e-14, 3.32363734516e-14, 1.40146022635e-14, 4.13535842058e-15, 1.87239534078e-15, 9.35081386847e-16, 2.48938853912e-16, 9.72066723147e-17, 3.950981212e-17],
        "max": [0.110497698188, 0.355830907822, 0.0250352155417, 0.0130957970396, 0.0116471480578, 0.00331965181977, 0.000691796594765, 0.000183094380191, 5.28818709427e-05, 4.40579897258e-05, 6.82634417899e-05, 0.000163559714565, 6.1591512349e-05, 5.40619294043e-05, 0.000111435598228, 0.000131495820824, 0.000197104425752, 0.000231798811001, 0.000184469477972, 7.13285699021e-05, 4.35680594819e-05, 2.70117125183e-05, 1.53010350914e-05, 9.16974113352e-06, 5.50601043869e-06, 9.03348882275e-06, 1.26697623273e-05, 1.81343239092e-05, 8.71902648214e-06, 4.39637142335e-06, 2.17264641833e-06, 3.4888130358e-06, 2.43312706516e-06, 1.53921428137e-06, 8.35933917642e-07, 6.05562433975e-07, 4.2446720272e-07, 2.18706816213e-07, 1.38604718813e-07, 8.94652529837e-08],
        "mean": [0.00337291671894, 0.00905740447342, 0.0013157868525, 0.00045562867308, 0.000196155611775, 7.47310405131e-05, 1.73890766746e-05, 3.64953621101e-06, 2.25524286179e-06, 1.48318144966e-06, 1.03145703179e-06, 1.15214129437e-06, 1.01755381365e-06, 1.06840991521e-06, 1.17863328342e-06, 1.22841265693e-06, 1.38727614285e-06, 1.29366742385e-06, 8.83885093117e-07, 6.15060173459e-07, 4.07391723911e-07, 2.38261733898e-07, 1.244258101e-07, 6.62021548692e-08, 4.90256866215e-08, 5.2883706303e-08, 8.33309172776e-08, 9.24999028484e-08, 4.59115909734e-08, 2.20167954978e-08, 1.17329426175e-08, 1.21807595121e-08, 9.34712840461e-09, 8.32010549345e-09, 7.75910535822e-09, 3.38432193381e-09, 1.79200154715e-09, 1.10223241645e-09, 8.04993294246e-10, 6.15157813577e-10],
        "median": [3.22977793985e-05, 7.27358128643e-05, 2.6742605769e-05, 1.0264856428e-05, 4.49760273113e-06, 1.2822717963e-06, 4.8247795803e-07, 2.87746047434e-07, 2.4639774665e-07, 1.67564309095e-07, 1.33222599175e-07, 1.00691110561e-07, 7.6373829927e-08, 5.77058543172e-08, 4.3765719937e-08, 3.30563807438e-08, 2.7622499843e-08, 2.06541042047e-08, 1.81607493488e-08, 1.26096368902e-08, 7.16280279534e-09, 5.1186268557e-09, 3.59409524364e-09, 2.57304777485e-09, 2.06500549993e-09, 1.23531118668e-09, 9.30709120883e-10, 7.04982072719e-10, 5.40725131337e-10, 4.85982698528e-10, 4.04575623003e-10, 3.49478529449e-10, 4.45047027009e-10, 1.29004795735e-09, 2.09459716238e-09, 6.43860909033e-10, 2.64561123009e-10, 2.47282472277e-10, 2.45057779624e-10, 2.07627776083e-10],
        "min": [5.93736426466e-16, 5.63559289533e-16, 5.1237308853e-16, 4.41911911659e-16, 3.5681636127e-16, 2.67379740556e-16, 1.8293168068e-16, 1.14102193668e-16, 6.84216406482e-17, 4.37936944856e-17, 3.29469479051e-17, 2.57801690512e-17, 1.61891405432e-17, 6.43968089165e-18, 4.13892682149e-18, 1.55238739181e-17, 4.30732532593e-17, 8.46838659072e-17, 1.24530810375e-16, 1.27440368549e-16, 8.24576383287e-17, 5.15891041353e-17, 7.26190991834e-17, 6.85294322082e-17, 3.01460150893e-17, 1.87171318809e-17, 1.08622115492e-17, 6.61710013154e-17, 4.88640932649e-17, 3.5901114275e-17, 6.53264234403e-17, 1.34201531118e-16, 7.31311504524e-17, 3.05031255034e-17, 1.2257625538e-16, 1.0731873031e-16, 8.78406055004e-17, 1.07472877071e-16, 4.02522265721e-17, 5.49355758e-17],
        "stdev": [0.0108591141179, 0.0305609703064, 0.00362413935363, 0.00130873336457, 0.000706016202457, 0.000280639418634, 5.99033810431e-05, 1.10165192382e-05, 5.3065141401e-06, 3.93384516428e-06, 3.71492160411e-06, 7.33081560611e-06, 5.01513341078e-06, 5.02067769048e-06, 7.45799525248e-06, 7.82119695941e-06, 1.05842436824e-05, 1.23692179841e-05, 9.30050373427e-06, 4.33152354162e-06, 2.92231197818e-06, 1.78841253273e-06, 9.46664613366e-07, 5.13496217991e-07, 3.61375441571e-07, 4.54317842014e-07, 5.98465703661e-07, 8.58701810103e-07, 4.44824564738e-07, 2.27493174521e-07, 1.23756919379e-07, 1.56811964303e-07, 1.10140305765e-07, 7.28812210582e-08, 4.03126811932e-08, 2.61801780255e-08, 1.8279287417e-08, 9.38747568568e-09, 5.86504800282e-09, 3.82485287886e-09],
