{
"lowlevel": {
    "average_loudness": 0.0307656507939,
    "barkbands_crest": {
        "dmean": 2.62458848953,
        "dmean2": 4.30964708328,
        "dvar": 4.71105909348,
        "dvar2": 11.6947889328,
        "max": 22.5063514709,
        "mean": 9.83215045929,
        "median": 9.658659935,
        "min": 2.31650805473,
        "stdev": 3.97328090668,
        "var": 15.7869615555
    },
    "barkbands_flatness_db": {
        "dmean": 0.0197523161769,
        "dmean2": 0.0308591183275,
        "dvar": 0.000356230593752,
        "dvar2": 0.000779972353484,
        "max": 0.395075857639,
        "mean": 0.0958562716842,
        "median": 0.075592905283,
        "min": 0.0177227128297,
        "stdev": 0.0644450485706,
        "var": 0.00415316410363
    },
    "barkbands_kurtosis": {
        "dmean": 4.21843624115,
        "dmean2": 6.29874897003,
        "dvar": 112.758506775,
        "dvar2": 229.487380981,
        "max": 245.148910522,
        "mean": 6.74334955215,
        "median": 0.879703760147,
        "min": -1.73883485794,
        "stdev": 19.4278888702,
        "var": 377.442871094
    },
    "barkbands_skewness": {
        "dmean": 0.637220323086,
        "dmean2": 0.958364069462,
        "dvar": 0.496320396662,
        "dvar2": 1.03134608269,
        "max": 11.6412563324,
        "mean": 1.64732277393,
        "median": 1.39737558365,
        "min": -3.08467411995,
        "stdev": 1.79018628597,
        "var": 3.20476675034
    },
    "barkbands_spread": {
        "dmean": 10.8130369186,
        "dmean2": 17.2311172485,
        "dvar": 118.25994873,
        "dvar2": 285.28515625,
        "max": 104.670936584,
        "mean": 44.263584137,
        "median": 43.0089416504,
        "min": 0.863422870636,
        "stdev": 25.1011829376,
        "var": 630.069396973
    },
    "dissonance": {
        "dmean": 0.0127098318189,
        "dmean2": 0.0219868309796,
        "dvar": 0.000280657724943,
        "dvar2": 0.000746754696593,
        "max": 0.499921888113,
        "mean": 0.48047286272,
        "median": 0.486448049545,
        "min": 0.352016329765,
        "stdev": 0.0207198634744,
        "var": 0.000429312727647
    },
    "dynamic_complexity": 33.3339500427,
    "erbbands_crest": {
        "dmean": 2.509796381,
        "dmean2": 4.06143808365,
        "dvar": 6.49103879929,
        "dvar2": 16.0179595947,
        "max": 27.4782581329,
        "mean": 6.83903837204,
        "median": 5.49687385559,
        "min": 1.86027479172,
        "stdev": 4.48273944855,
        "var": 20.094953537
    },
    "erbbands_flatness_db": {
        "dmean": 0.0188888106495,
        "dmean2": 0.028284246102,
        "dvar": 0.000503603077959,
        "dvar2": 0.0010652433848,
        "max": 0.343446403742,
        "mean": 0.0947228372097,
        "median": 0.0681124851108,
        "min": 0.0331413224339,
        "stdev": 0.0610384605825,
        "var": 0.00372569379397
    },
    "erbbands_kurtosis": {
        "dmean": 1.47300446033,
        "dmean2": 2.44866490364,
        "dvar": 11.6897144318,
        "dvar2": 29.1969127655,
        "max": 57.9117240906,
        "mean": 0.873678565025,
        "median": -0.524225950241,
        "min": -1.75361442566,
        "stdev": 4.97457885742,
        "var": 24.7464370728
    },
    "erbbands_skewness": {
        "dmean": 0.427964985371,
        "dmean2": 0.681589245796,
        "dvar": 0.243707805872,
        "dvar2": 0.565606236458,
        "max": 7.02561759949,
        "mean": 0.226260006428,
        "median": -0.00912997871637,
        "min": -3.79065322876,
        "stdev": 1.10557663441,
        "var": 1.22229957581
    },
    "erbbands_spread": {
        "dmean": 14.9327611923,
        "dmean2": 23.2690925598,
        "dvar": 218.391403198,
        "dvar2": 451.103363037,
        "max": 147.123687744,
        "mean": 64.3493804932,
        "median": 65.2705764771,
        "min": 3.91469311714,
        "stdev": 33.0403518677,
        "var": 1091.66491699
    },
    "hfc": {
        "dmean": 16.8694190979,
        "dmean2": 25.8548145294,
        "dvar": 12362.0585938,
        "dvar2": 24601.8457031,
        "max": 2042.4777832,
        "mean": 18.2511672974,
        "median": 0.0026676254347,
        "min": 3.87799991586e-05,
        "stdev": 128.52684021,
        "var": 16519.1503906
    },
    "loudness_ebu128": {
        "integrated": -33.3695297241,
        "loudness_range": 22.7027282715,
        "momentary": {
            "dmean": 4.41688585281,
            "dmean2": 5.64061832428,
            "dvar": 48.585975647,
            "dvar2": 62.1506614685,
            "max": -27.029253006,
            "mean": -64.2602767944,
            "median": -71.8496246338,
            "min": -82.9734573364,
            "stdev": 17.5918521881,
            "var": 309.473236084
        },
        "short_term": {
            "dmean": 0.519469439983,
            "dmean2": 0.722544789314,
            "dvar": 1.83098471165,
            "dvar2": 2.11440515518,
            "max": -34.7192840576,
            "mean": -47.165058136,
            "median": -47.0197105408,
            "min": -67.7671966553,
            "stdev": 9.92087650299,
            "var": 98.4237823486
        }
    },
    "melbands_crest": {
        "dmean": 3.32018446922,
        "dmean2": 5.43170690536,
        "dvar": 7.37691068649,
        "dvar2": 18.2480945587,
        "max": 27.0030136108,
        "mean": 14.6322469711,
        "median": 15.1919116974,
        "min": 3.29352879524,
        "stdev": 5.15270233154,
        "var": 26.5503406525
    },
    "melbands_flatness_db": {
        "dmean": 0.0257982034236,
        "dmean2": 0.0395323187113,
        "dvar": 0.000596245052293,
        "dvar2": 0.00117910094559,
        "max": 0.502263665199,
        "mean": 0.171207860112,
        "median": 0.157368525863,
        "min": 0.0294050276279,
        "stdev": 0.0857926607132,
        "var": 0.00736038060859
    },
    "melbands_kurtosis": {
        "dmean": 15.6443443298,
        "dmean2": 24.8380680084,
        "dvar": 630.678527832,
        "dvar2": 1460.89294434,
        "max": 387.869842529,
        "mean": 32.8121566772,
        "median": 19.5224208832,
        "min": -1.80622816086,
        "stdev": 46.5409240723,
        "var": 2166.05761719
    },
    "melbands_skewness": {
        "dmean": 1.17589259148,
        "dmean2": 1.81364047527,
        "dvar": 1.40982699394,
        "dvar2": 2.93647861481,
        "max": 14.1753387451,
        "mean": 3.98952269554,
        "median": 3.8985812664,
        "min": -2.09829187393,
        "stdev": 2.72293448448,
        "var": 7.41437196732
    },
    "melbands_spread": {
        "dmean": 10.5556411743,
        "dmean2": 16.4726543427,
        "dvar": 256.897918701,
        "dvar2": 529.888427734,
        "max": 243.233322144,
        "mean": 29.7356147766,
        "median": 21.2712192535,
        "min": 0.626442849636,
        "stdev": 27.8595161438,
        "var": 776.152587891
    },
    "pitch_salience": {
        "dmean": 0.072639413178,
        "dmean2": 0.119734466076,
        "dvar": 0.00381240877323,
        "dvar2": 0.00949947442859,
        "max": 0.949094057083,
        "mean": 0.646158337593,
        "median": 0.657331943512,
        "min": 0.253795713186,
        "stdev": 0.101839885116,
        "var": 0.0103713618591
    },
    "silence_rate_20dB": {
        "dmean": 0.0102564105764,
        "dmean2": 0.0205391533673,
        "dvar": 0.0101513452828,
        "dvar2": 0.0226843785495,
        "max": 1,
        "mean": 0.991037130356,
        "median": 1,
        "min": 0,
        "stdev": 0.094246327877,
        "var": 0.00888237077743
    },
    "silence_rate_30dB": {
        "dmean": 0.0179487187415,
        "dmean2": 0.0359435155988,
        "dvar": 0.0176267363131,
        "dvar2": 0.0397859476507,
        "max": 1,
        "mean": 0.975672185421,
        "median": 1,
        "min": 0,
        "stdev": 0.154063656926,
        "var": 0.0237356107682
    },
    "silence_rate_60dB": {
        "dmean": 0.0333333350718,
        "dmean2": 0.0667522475123,
        "dvar": 0.0322225876153,
        "dvar2": 0.0674309283495,
        "max": 1,
        "mean": 0.887323915958,
        "median": 1,
        "min": 0,
        "stdev": 0.316195547581,
        "var": 0.0999796316028
    },
    "spectral_centroid": {
        "dmean": 325.823913574,
        "dmean2": 497.525268555,
        "dvar": 120512.71875,
        "dvar2": 264126.84375,
        "max": 4720.89501953,
        "mean": 1590.09106445,
        "median": 1450.63598633,
        "min": 194.584609985,
        "stdev": 879.552062988,
        "var": 773611.8125
    },
    "spectral_complexity": {
        "dmean": 1.21025645733,
        "dmean2": 1.63029527664,
        "dvar": 23.2174396515,
        "dvar2": 32.8853492737,
        "max": 60,
        "mean": 2.90909099579,
        "median": 0,
        "min": 0,
        "stdev": 10.0496673584,
        "var": 100.995819092
    },
    "spectral_decrease": {
        "dmean": 2.19695084347e-09,
        "dmean2": 3.28862337362e-09,
        "dvar": 1.66387022873e-16,
        "dvar2": 3.37985495363e-16,
        "max": -3.14927696822e-16,
        "mean": -2.34196573246e-09,
        "median": -4.35664552394e-13,
        "min": -2.08043090311e-07,
        "stdev": 1.45977319121e-08,
        "var": 2.13093782778e-16
    },
    "spectral_energy": {
        "dmean": 0.00971090327948,
        "dmean2": 0.0146683780476,
        "dvar": 0.00335150281899,
        "dvar2": 0.00670862058178,
        "max": 0.930391848087,
        "mean": 0.0104945786297,
        "median": 1.90965261027e-06,
        "min": 4.70607064429e-09,
        "stdev": 0.0662410855293,
        "var": 0.00438788114116
    },
    "spectral_energyband_high": {
        "dmean": 0.00168635789305,
        "dmean2": 0.00257985061035,
        "dvar": 0.00013131344167,
        "dvar2": 0.000261071400018,
        "max": 0.210519269109,
        "mean": 0.00177532457747,
        "median": 1.4438417395e-07,
        "min": 2.48240472622e-09,
        "stdev": 0.0130980610847,
        "var": 0.000171559207956
    },
    "spectral_energyband_low": {
        "dmean": 0.000363701430615,
        "dmean2": 0.000577704049647,
        "dvar": 5.75185777052e-06,
        "dvar2": 1.45071817315e-05,
        "max": 0.0376899465919,
        "mean": 0.000322400097502,
        "median": 6.1529362938e-07,
        "min": 7.10816849825e-10,
        "stdev": 0.00224377820268,
        "var": 5.03454020873e-06
    },
    "spectral_energyband_middle_high": {
        "dmean": 0.00139055890031,
        "dmean2": 0.00195352081209,
        "dvar": 7.0293128374e-05,
        "dvar2": 0.000152864304255,
        "max": 0.182558298111,
        "mean": 0.00176847260445,
        "median": 1.40369039059e-07,
        "min": 8.20210399599e-10,
        "stdev": 0.0109079601243,
        "var": 0.000118983603898
    },
    "spectral_energyband_middle_low": {
        "dmean": 0.00704834936187,
        "dmean2": 0.0103439539671,
        "dvar": 0.00168268894777,
        "dvar2": 0.00353529537097,
        "max": 0.64021551609,
        "mean": 0.00681828986853,
        "median": 5.77636342314e-07,
        "min": 2.27450960844e-10,
        "stdev": 0.0440582223237,
        "var": 0.0019411270041
    },
    "spectral_entropy": {
        "dmean": 0.15635304153,
        "dmean2": 0.237020015717,
        "dvar": 0.0299206580967,
        "dvar2": 0.0640581920743,
        "max": 8.94981956482,
        "mean": 8.043217659,
        "median": 8.20021820068,
        "min": 5.18203783035,
        "stdev": 0.580666422844,
        "var": 0.337173521519
    },
    "spectral_flux": {
        "dmean": 0.0124478349462,
        "dmean2": 0.0173173323274,
        "dvar": 0.00228296942078,
        "dvar2": 0.00395373161882,
        "max": 0.691667973995,
        "mean": 0.0254260543734,
        "median": 0.00079041760182,
        "min": 0.000316498248139,
        "stdev": 0.0844690427184,
        "var": 0.00713501963764
    },
    "spectral_kurtosis": {
        "dmean": 1.07112979889,
        "dmean2": 1.6677839756,
        "dvar": 3.77725481987,
        "dvar2": 9.796459198,
        "max": 38.9687385559,
        "mean": 3.74481272697,
        "median": 2.62443065643,
        "min": 0.0277395248413,
        "stdev": 3.31733059883,
        "var": 11.0046815872
    },
    "spectral_rms": {
        "dmean": 0.000487045705086,
        "dmean2": 0.000581228116062,
        "dvar": 3.68184646504e-06,
        "dvar2": 6.09424841969e-06,
        "max": 0.0301280487329,
        "mean": 0.00090345821809,
        "median": 4.31633598055e-05,
        "min": 2.14272927224e-06,
        "stdev": 0.00306958402507,
        "var": 9.42234601098e-06
    },
    "spectral_rolloff": {
        "dmean": 1716.83288574,
        "dmean2": 2846.61352539,
        "dvar": 5298808,
        "dvar2": 13367685,
        "max": 17549.5605469,
        "mean": 3822.02026367,
        "median": 2799.31640625,
        "min": 129.19921875,
        "stdev": 3547.62573242,
        "var": 12585648
    },
    "spectral_skewness": {
        "dmean": 0.179388970137,
        "dmean2": 0.273623764515,
        "dvar": 0.0554710626602,
        "dvar2": 0.13105969131,
        "max": 4.64748954773,
        "mean": 1.52950668335,
        "median": 1.39042115211,
        "min": 0.631131589413,
        "stdev": 0.467368543148,
        "var": 0.218433350325
    },
    "spectral_spread": {
        "dmean": 749593.4375,
        "dmean2": 1105136.5,
        "dvar": 877929234432,
        "dvar2": 1.83783732019e+12,
        "max": 13219745,
        "mean": 7796747,
        "median": 8672925,
        "min": 1678466.625,
        "stdev": 2385567.5,
        "var": 5.6909323305e+12
    },
    "spectral_strongpeak": {
        "dmean": 0.141674026847,
        "dmean2": 0.228189691901,
        "dvar": 0.379449188709,
        "dvar2": 0.95803207159,
        "max": 7.5624499321,
        "mean": 0.162402883172,
        "median": 0.00415724609047,
        "min": 0,
        "stdev": 0.668546795845,
        "var": 0.446954786777
    },
    "zerocrossingrate": {
        "dmean": 0.0176632609218,
        "dmean2": 0.0213195253164,
        "dvar": 0.000241744914092,
        "dvar2": 0.000352778093657,
        "max": 0.27783203125,
        "mean": 0.141266450286,
        "median": 0.14794921875,
        "min": 0.00927734375,
        "stdev": 0.0576937384903,
        "var": 0.00332856737077
    },
    "barkbands": {
        "dmean": [3.43418969351e-06, 2.14769497688e-05, 0.000214023166336, 0.000281846936559, 0.00232080114074, 0.00170945958234, 0.00070202810457, 0.000749791332055, 0.00187896203715, 0.000238964421442, 0.000123904334032, 0.000202472656383, 0.000131469845655, 0.000155486224685, 0.000207811186556, 0.000163586548297, 7.41660551284e-05, 9.72929556156e-05, 0.000282779365079, 0.00025086174719, 0.000556465354748, 0.000250354642048, 0.000392162852222, 0.000134637026349, 0.000195387197891, 8.65190377226e-05, 1.57973390742e-05],
        "dmean2": [5.97414282311e-06, 3.66701315215e-05, 0.00035531775211, 0.000452351494459, 0.00355296256021, 0.00298944092356, 0.00104695837945, 0.00134039937984, 0.00306197395548, 0.000420245603891, 0.000175688139279, 0.000332451920258, 0.000210991944186, 0.000250555138336, 0.000320442719385, 0.000259260588791, 0.000130963962874, 0.000151160551468, 0.00041697526467, 0.000361002341378, 0.000888834008947, 0.000393409165554, 0.000628944020718, 0.0002072549687, 0.00030996685382, 0.000147661907249, 2.62547182501e-05],
        "dvar": [1.6577736961e-09, 3.50199975685e-08, 2.36158916778e-06, 1.99850546778e-06, 0.000212022161577, 0.000142829609104, 2.82531418634e-05, 3.42643070326e-05, 0.000162846918101, 3.59044042852e-06, 7.07398100985e-07, 1.92742072613e-06, 8.65039396558e-07, 9.82589199339e-07, 1.68110500454e-06, 1.05106823867e-06, 1.69689343466e-07, 3.22316935808e-07, 6.03290573054e-06, 2.03678405342e-06, 1.66452991834e-05, 2.92156050818e-06, 1.1750050362e-05, 1.13245164357e-06, 1.99136184165e-06, 4.7126209779e-07, 1.80086452417e-08],
        "dvar2": [3.51812601274e-09, 9.22251572888e-08, 6.31399416307e-06, 4.68220832772e-06, 0.000480098358821, 0.000374221068341, 6.0700072936e-05, 7.11985776434e-05, 0.00038205034798, 9.73879559751e-06, 1.51260087478e-06, 4.12659483118e-06, 2.51530241258e-06, 2.49216395787e-06, 3.06539504891e-06, 2.78981974589e-06, 4.18863010054e-07, 7.30718738851e-07, 1.33641342472e-05, 4.17875435232e-06, 3.87870168197e-05, 6.30242357147e-06, 2.33174832829e-05, 2.86280078399e-06, 4.61592389911e-06, 9.78295247478e-07, 3.93681816035e-08],
        "max": [0.000810850819107, 0.00381409749389, 0.0248986184597, 0.02016235888, 0.229394584894, 0.17607344687, 0.114131912589, 0.091501660645, 0.197996541858, 0.0273070912808, 0.0161976367235, 0.0254916157573, 0.0226447526366, 0.0190368723124, 0.0292637143284, 0.0176392439753, 0.00501230824739, 0.00843051075935, 0.0562644228339, 0.0190735645592, 0.0671892389655, 0.0251189991832, 0.0746399015188, 0.0163516961038, 0.020567856729, 0.0103894164786, 0.00207963772118],
        "mean": [2.82259702544e-06, 1.64052598848e-05, 0.000164459284861, 0.000318878446706, 0.00224989908747, 0.00132870103698, 0.000583057873882, 0.00073062221054, 0.00151473446749, 0.000187359619304, 0.000139108364237, 0.000209050122066, 0.000164767887327, 0.000159268238349, 0.000251855526585, 0.000161276693689, 7.77293680585e-05, 0.000106314968434, 0.000254133890849, 0.000284688314423, 0.000527941680048, 0.000253100093687, 0.0004047480179, 0.00011825907859, 0.00018186160014, 8.72728705872e-05, 1.51555605044e-05],
        "median": [5.1178194127e-08, 4.94935363804e-08, 4.85315126753e-07, 9.46078699826e-08, 2.03750332162e-07, 3.98343082963e-08, 2.89333694781e-08, 1.50873020743e-08, 1.51014862837e-08, 1.25988979249e-08, 9.27984089572e-09, 1.10505684603e-08, 1.16461542632e-08, 1.66992819572e-08, 1.27857591181e-08, 1.0792650329e-08, 9.79246372879e-09, 9.82517267545e-09, 9.9844932322e-09, 9.93885240774e-09, 1.20544054738e-08, 1.22348620124e-08, 1.35544562241e-08, 1.71679417349e-08, 2.29037144805e-08, 2.97700957219e-08, 3.89379444243e-08],
        "min": [4.00324828842e-10, 4.16864764929e-10, 6.46264292081e-11, 5.18782343473e-11, 5.76901131033e-11, 5.36307075139e-11, 1.73436300044e-11, 1.46760711223e-11, 3.2175973691e-11, 7.30058374865e-12, 3.77003255003e-11, 9.24667200447e-12, 1.06461693627e-10, 8.80522738056e-11, 2.3602573021e-11, 3.43941403136e-11, 6.14026399171e-11, 1.17926002297e-10, 2.05417280408e-10, 2.30863120287e-10, 6.42123992867e-11, 1.29352209499e-10, 2.02045449815e-10, 3.50196677212e-10, 3.58300611403e-10, 5.50368695063e-10, 8.08953071196e-10],
        "stdev": [3.94501439587e-05, 0.000157038986799, 0.0013031763956, 0.00169686006848, 0.0147956283763, 0.0101694688201, 0.00535344192758, 0.00610673241317, 0.0124067692086, 0.00162353587802, 0.00101424148306, 0.00156742613763, 0.00121259642765, 0.00112655351404, 0.00187421834562, 0.00102324003819, 0.000448717153631, 0.000632593291812, 0.00255979388021, 0.00176020979416, 0.00418435037136, 0.0018432950601, 0.0036959333811, 0.000996432150714, 0.00140539708082, 0.000732040905859, 0.000138150644489],
        "var": [1.55631385557e-09, 2.46612437138e-08, 1.69826864749e-06, 2.8793342608e-06, 0.000218910630792, 0.000103418096842, 2.86593403871e-05, 3.72921822418e-05, 0.000153927932843, 2.6358688956e-06, 1.02868580143e-06, 2.45682463174e-06, 1.47039020248e-06, 1.26912277665e-06, 3.51269454768e-06, 1.04702019144e-06, 2.01347077677e-07, 4.00174286597e-07, 6.5525446189e-06, 3.09833853862e-06, 1.75087861862e-05, 3.39773669111e-06, 1.36599228426e-05, 9.92876948658e-07, 1.97514100364e-06, 5.35883884822e-07, 1.90856024318e-08]
    },
    "erbbands": {
        "dmean": [0.000182591189514, 0.00882897060364, 0.155314147472, 0.672172605991, 2.17014575005, 8.43519592285, 20.1723403931, 13.0753278732, 7.97081136703, 16.1353263855, 20.7503757477, 48.0467033386, 14.6060285568, 4.77165269852, 5.57201385498, 7.88899755478, 5.86377382278, 6.62961006165, 9.12577915192, 9.71019268036, 8.89220809937, 4.00818824768, 5.72219181061, 7.81156778336, 15.6699733734, 12.9439210892, 29.4132232666, 12.0473079681, 6.99623584747, 17.2168464661, 7.60175991058, 3.44043159485, 2.06296253204, 1.75869393349, 1.54259419441, 0.462378919125, 0.163680806756, 0.0239453371614, 0.00250106095336, 0.000147260725498],
        "dmean2": [0.000302347762045, 0.0142176402733, 0.259437382221, 1.06910979748, 3.1876335144, 12.4822816849, 33.0359230042, 21.7763442993, 12.7019844055, 23.732503891, 35.0291099548, 79.7351150513, 23.0896701813, 7.84204387665, 7.56174278259, 13.4809455872, 8.6000289917, 10.5559949875, 14.3548307419, 15.5465507507, 13.9406576157, 6.50714349747, 8.88517475128, 11.2867107391, 23.8246116638, 17.6097335815, 47.3974533081, 18.905166626, 11.8164224625, 26.6845397949, 12.4735164642, 5.22601699829, 3.3135445118, 2.90889263153, 2.40596485138, 0.78429633379, 0.273984909058, 0.0416722036898, 0.00402418011799, 0.000236758525716],
        "dvar": [2.01065358851e-06, 0.00454334914684, 1.20653164387, 15.7482271194, 118.638763428, 2679.38378906, 23030.2851562, 7119.54541016, 2905.61889648, 15882.9755859, 23228.3613281, 109985.976562, 11822.6181641, 1219.89196777, 1198.64306641, 2877.30664062, 1420.76586914, 2051.21337891, 2662.5625, 6732.00634766, 2596.04589844, 487.625366211, 1119.98925781, 4844.41162109, 16009.0009766, 5806.25244141, 49494.2734375, 7552.68261719, 2401.9765625, 22171.7890625, 3622.55981445, 714.762023926, 217.277023315, 163.001693726, 142.216766357, 12.972568512, 1.75499546528, 0.039411701262, 0.000453261571238, 1.48059734784e-06],
        "dvar2": [4.29416331826e-06, 0.0115743950009, 3.12618494034, 38.3796348572, 281.600097656, 5558.14355469, 59842.0703125, 18852.5449219, 5735.70996094, 34933.5625, 55279.671875, 250908.65625, 27066.7011719, 3311.80639648, 2161.34570312, 6577.57519531, 3789.66015625, 5053.44970703, 5530.54882812, 17321.7929688, 5809.12451172, 1125.90600586, 2571.79785156, 10287.1005859, 37688.2734375, 11871.7431641, 123692.53125, 16264.3320312, 5122.1015625, 45901.8476562, 6985.49023438, 1725.43115234, 538.621459961, 410.762969971, 318.421966553, 27.5343856812, 3.76807641983, 0.0826022326946, 0.000999625073746, 3.1891497656e-06],
        "max": [0.0217702817172, 1.3412541151, 17.8004131317, 56.5450973511, 176.968536377, 935.540649414, 2437.38330078, 1068.92871094, 855.996337891, 2820.16186523, 2350.09155273, 5572.76220703, 1980.72900391, 600.5, 559.340148926, 940.531005859, 985.691650391, 1069.78051758, 989.167419434, 2042.16845703, 750.356018066, 338.681427002, 530.438476562, 1713.20751953, 2538.90991211, 1100.97961426, 4014.47485352, 1631.7467041, 671.241821289, 3217.90454102, 1053.12976074, 460.548461914, 191.168502808, 172.368591309, 176.290908813, 51.1163024902, 19.9856567383, 3.12029218674, 0.354881227016, 0.0234028436244],
        "mean": [0.000169997656485, 0.00712386099622, 0.131065055728, 0.713860452175, 2.40202784538, 8.22066116333, 15.1077318192, 9.59138202667, 7.5283741951, 13.3350868225, 18.4114780426, 38.6469650269, 12.5827989578, 4.42995500565, 6.44325065613, 8.78903579712, 7.87857532501, 7.48667812347, 10.7327604294, 10.5869674683, 9.70344543457, 4.42302465439, 5.88759326935, 8.22134017944, 13.7620010376, 14.3414344788, 28.6597957611, 10.9519767761, 7.82090473175, 16.8423576355, 8.30615329742, 3.07195186615, 1.80803024769, 1.60582435131, 1.49395763874, 0.472059309483, 0.155576586723, 0.0247903931886, 0.00228924490511, 0.000137940092827],
        "median": [1.10449002477e-06, 2.23087026825e-05, 0.000395272887545, 0.000549626362044, 0.000622881518211, 0.000648653018288, 0.000247429357842, 0.000373537710402, 0.000415381626226, 0.000426553247962, 0.000331598392222, 0.000361496553523, 0.000413775094785, 0.000420250406023, 0.000374865659978, 0.000501817907207, 0.000534367805813, 0.000814185361378, 0.000848099880386, 0.000585303700063, 0.000562002998777, 0.000584839552175, 0.000555793289095, 0.000517954991665, 0.000492218881845, 0.000464778713649, 0.000495730317198, 0.000455948873423, 0.000435238936916, 0.000435302703409, 0.000389033986721, 0.000342581071891, 0.00029673834797, 0.000237449406995, 0.000175580833456, 0.000108428379463, 5.74864498049e-05, 2.24652631005e-05, 5.50297681912e-06, 5.77563469051e-07],
        "min": [1.93867588649e-08, 6.75365257052e-08, 8.67058957965e-08, 1.34266613827e-07, 1.35746816454e-07, 2.07795281426e-07, 3.59818898232e-07, 4.71279349767e-07, 3.8064911223e-07, 1.33331525376e-07, 4.73943657653e-07, 8.36534184145e-07, 1.67305501009e-07, 8.50721107781e-07, 1.28853287151e-06, 6.11203972767e-07, 4.80020980831e-06, 5.38285848961e-06, 1.51957590333e-06, 2.02467936106e-06, 1.57489330377e-06, 3.97414669351e-06, 6.26449036645e-06, 6.25525262876e-06, 1.27867779156e-05, 1.17771432997e-05, 3.04412765217e-06, 3.01787918033e-06, 4.50124935014e-06, 5.93863887843e-06, 5.49735477762e-06, 6.07176070844e-06, 5.74140358367e-06, 2.62565890807e-06, 3.84031955036e-06, 1.56961266384e-06, 1.21219864013e-06, 6.48338243536e-07, 7.21547905869e-08, 1.14398037709e-08],
        "stdev": [0.00140466250014, 0.0591895617545, 0.968790829182, 4.19429731369, 12.7233114243, 55.7342948914, 130.947998047, 71.5258102417, 57.790348053, 128.067520142, 146.084472656, 327.517364502, 106.534835815, 33.1723403931, 43.8722763062, 62.2173423767, 55.1096458435, 55.0600776672, 69.7991790771, 89.878036499, 57.1787834167, 25.1710548401, 36.5142250061, 76.3531723022, 126.396934509, 92.6342544556, 220.319854736, 91.0307617188, 53.9803161621, 157.82258606, 67.1189422607, 25.8990345001, 14.1432542801, 12.1482419968, 12.0500593185, 3.79922485352, 1.38370978832, 0.211919263005, 0.0215709637851, 0.00125058810227],
        "var": [1.97307667804e-06, 0.00350340432487, 0.938555717468, 17.5921287537, 161.882659912, 3106.31152344, 17147.3769531, 5115.94189453, 3339.72436523, 16401.2890625, 21340.6738281, 107267.632812, 11349.671875, 1100.4041748, 1924.77661133, 3870.99755859, 3037.07324219, 3031.61206055, 4871.92578125, 8078.06103516, 3269.41333008, 633.581970215, 1333.28869629, 5829.80712891, 15976.1855469, 8581.10449219, 48540.8398438, 8286.59960938, 2913.87451172, 24907.96875, 4504.95214844, 670.75994873, 200.03163147, 147.579788208, 145.203933716, 14.4341087341, 1.9146528244, 0.0449097752571, 0.000465306453407, 1.56397049977e-06]
    },
    "gfcc": {
        "mean": [-381.45010376, 17.7746315002, -72.7182006836, 18.4643917084, -40.878364563, 2.46434020996, -38.1270370483, -6.63388681412, -28.2956142426, -4.33139276505, -24.6767845154, -8.8692522049, -17.6462402344],
        "cov": [[30033.0644531, 1095.58203125, -5146.33154297, -558.325927734, -2785.90136719, -1219.16723633, -1492.49438477, -419.362548828, -638.648254395, 451.763793945, -522.44934082, -25.0709476471, 241.782974243], [1095.58203125, 1328.58703613, 238.468566895, 3.06931781769, 100.949798584, -197.365890503, -213.936279297, -151.259429932, -69.6167449951, 21.0289363861, -20.4100627899, -131.076629639, 136.770187378], [-5146.33154297, 238.468566895, 1806.82983398, 283.278320312, 523.52935791, 165.794647217, 204.212661743, -28.7569961548, -10.9865961075, -125.522903442, 61.9368133545, -42.9125404358, 3.82609200478], [-558.325927734, 3.06931781769, 283.278320312, 295.60546875, 148.896316528, 1.45540142059, -3.9189684391, -32.6010322571, -49.719707489, -27.6356620789, 14.9160985947, 4.42991018295, 28.4639015198], [-2785.90136719, 100.949798584, 523.52935791, 148.896316528, 468.744140625, 148.976455688, 108.596961975, 1.38975644112, 16.4054889679, -61.0244102478, 51.5291175842, -19.872882843, 16.8145866394], [-1219.16723633, -197.365890503, 165.794647217, 1.45540142059, 148.976455688, 199.029754639, 115.198440552, 36.9242477417, 13.5647296906, -45.6060333252, 8.65554428101, -5.50351428986, -41.8316917419], [-1492.49438477, -213.936279297, 204.212661743, -3.9189684391, 108.596961975, 115.198440552, 169.488174438, 72.9907226562, 47.8362045288, -29.8974380493, 17.3270587921, 14.8417634964, -35.1649589539], [-419.362548828, -151.259429932, -28.7569961548, -32.6010322571, 1.38975644112, 36.9242477417, 72.9907226562, 107.791793823, 67.5941085815, 4.44977521896, 5.75126504898, 3.15161705017, -30.9474430084], [-638.648254395, -69.6167449951, -10.9865961075, -49.719707489, 16.4054889679, 13.5647296906, 47.8362045288, 67.5941085815, 118.441345215, 29.038143158, 12.3227052689, 0.0610996522009, -31.3588733673], [451.763793945, 21.0289363861, -125.522903442, -27.6356620789, -61.0244102478, -45.6060333252, -29.8974380493, 4.44977521896, 29.038143158, 67.1743774414, 11.3310422897, 0.453464567661, -3.52596116066], [-522.44934082, -20.4100627899, 61.9368133545, 14.9160985947, 51.5291175842, 8.65554428101, 17.3270587921, 5.75126504898, 12.3227052689, 11.3310422897, 58.6630821228, 17.3287906647, -8.76291465759], [-25.0709476471, -131.076629639, -42.9125404358, 4.42991018295, -19.872882843, -5.50351428986, 14.8417634964, 3.15161705017, 0.0610996522009, 0.453464567661, 17.3287906647, 68.0355453491, 9.14907455444], [241.782974243, 136.770187378, 3.82609200478, 28.4639015198, 16.8145866394, -41.8316917419, -35.1649589539, -30.9474430084, -31.3588733673, -3.52596116066, -8.76291465759, 9.14907455444, 67.723739624]],
        "icov": [[0.000285614572931, -0.000369425571989, 0.000469749211334, -0.000417134288, 0.00105345528573, -0.000431021006079, 0.000855090620462, -0.000535575556569, 0.00118469505105, -0.00068659929093, 0.00102189090103, -0.00046286691213, 0.000254205282545], [-0.000369425571989, 0.00261849351227, -0.00098248757422, 0.00166811188683, -0.00223058462143, 0.00213992525823, 0.000273493205896, 0.00161372986622, -0.00173260411248, 0.000832643243484, -0.00202401191927, 0.00454900506884, -0.00349513697438], [0.000469749211334, -0.00098248757422, 0.00191142933909, -0.00146649905946, 0.0013220529072, -0.000424206984462, -0.000367579952581, 0.000137011287734, 0.00160466774832, 3.0373375921e-05, 0.0011311606504, -0.000423255492933, 0.00104510039091], [-0.000417134288, 0.00166811188683, -0.00146649905946, 0.00634890887886, -0.00401288457215, 0.00276030576788, 0.0005676781293, 1.43060651681e-05, 0.000949501933064, 0.000322645937558, -0.00102439615875, 0.00107896048576, -0.00128437427338], [0.00105345528573, -0.00223058462143, 0.0013220529072, -0.00401288457215, 0.0105234859511, -0.0062370444648, 0.00172509206459, -0.000466188561404, 0.00086273951456, 0.000236055551795, -0.00131095817778, 0.000163333112141, -0.00320685259067], [-0.000431021006079, 0.00213992525823, -0.000424206984462, 0.00276030576788, -0.0062370444648, 0.0145632624626, -0.00624250434339, 0.00171508116182, 0.00103838811629, 0.00359521107748, 0.000390243803849, 0.00343632185832, 0.00442161830142], [0.000855090620462, 0.000273493205896, -0.000367579952581, 0.0005676781293, 0.00172509206459, -0.00624250434339, 0.0209081284702, -0.00969929434359, 0.00247085420415, -0.000548234791495, 0.00307899899781, -0.00437923893332, 0.000422554818215], [-0.000535575556569, 0.00161372986622, 0.000137011287734, 1.43060651681e-05, -0.000466188561404, 0.00171508116182, -0.00969929434359, 0.022413354367, -0.0119070252404, 0.00392981339246, -0.00352851371281, 0.00515435822308, -0.00144139234908], [0.00118469505105, -0.00173260411248, 0.00160466774832, 0.000949501933064, 0.00086273951456, 0.00103838811629, 0.00247085420415, -0.0119070252404, 0.0239341314882, -0.0118068950251, 0.00711034378037, -0.00430010678247, 0.00701756635681], [-0.00068659929093, 0.000832643243484, 3.0373375921e-05, 0.000322645937558, 0.000236055551795, 0.00359521107748, -0.000548234791495, 0.00392981339246, -0.0118068950251, 0.0285139121115, -0.011573006399, 0.00465738913044, -0.00180357962381], [0.00102189090103, -0.00202401191927, 0.0011311606504, -0.00102439615875, -0.00131095817778, 0.000390243803849, 0.00307899899781, -0.00352851371281, 0.00711034378037, -0.011573006399, 0.0310076382011, -0.0127447517589, 0.00978250149637], [-0.00046286691213, 0.00454900506884, -0.000423255492933, 0.00107896048576, 0.000163333112141, 0.00343632185832, -0.00437923893332, 0.00515435822308, -0.00430010678247, 0.00465738913044, -0.0127447517589, 0.0289790295064, -0.0131130525842], [0.000254205282545, -0.00349513697438, 0.00104510039091, -0.00128437427338, -0.00320685259067, 0.00442161830142, 0.000422554818215, -0.00144139234908, 0.00701756635681, -0.00180357962381, 0.00978250149637, -0.0131130525842, 0.0306785218418]]
    },
    "melbands": {
        "dmean": [3.47736954609e-06, 6.27050394542e-05, 0.000134858579258, 0.000356583826942, 0.000659302400891, 0.000287752103759, 0.000124590034829, 0.000177936890395, 0.000197531378944, 0.000294695753837, 6.61889280309e-05, 1.92398965737e-05, 1.77834099304e-05, 2.32079310081e-05, 1.932070154e-05, 9.73412170424e-06, 1.29453483169e-05, 1.39861595017e-05, 1.6495683667e-05, 9.40262634685e-06, 1.14887452582e-05, 4.1043690544e-06, 4.82904852106e-06, 4.75003344036e-06, 6.17298974248e-06, 1.28921010401e-05, 8.52487482916e-06, 8.00228553999e-06, 1.80644801731e-05, 1.41311647894e-05, 5.03211140312e-06, 3.80845540349e-06, 6.40843245492e-06, 1.17779172797e-05, 5.41083772987e-06, 2.30086038755e-06, 1.93839741769e-06, 1.4917683302e-06, 1.40321299114e-06, 1.45518640693e-06],
        "dmean2": [5.95681376581e-06, 0.000104804283183, 0.000203564093681, 0.000516166503076, 0.00108027912211, 0.000481894181576, 0.000196301625692, 0.000269250565907, 0.000339691148838, 0.000481908413349, 0.000106826097181, 3.32275121764e-05, 2.40906392719e-05, 3.75658419216e-05, 3.14893986797e-05, 1.45919357237e-05, 2.10748094105e-05, 2.31730864471e-05, 2.62295270659e-05, 1.55700308824e-05, 1.85989429156e-05, 7.2041666499e-06, 7.67441542848e-06, 7.59065960665e-06, 9.12982068257e-06, 1.92609259102e-05, 1.33201010613e-05, 1.09654329208e-05, 2.94355650112e-05, 2.3058604711e-05, 7.77908189775e-06, 6.14209102423e-06, 1.03470811155e-05, 1.83258671314e-05, 8.70069561643e-06, 3.52457618646e-06, 3.04610830426e-06, 2.46071795118e-06, 2.30179375649e-06, 2.39184237216e-06],
        "dvar": [8.40775671307e-10, 1.91669670357e-07, 4.30095667525e-07, 4.29288047599e-06, 2.31792473642e-05, 3.49001425093e-06, 7.32582009277e-07, 1.88826493286e-06, 2.28826297644e-06, 4.22546327172e-06, 2.47435480105e-07, 2.14260342801e-08, 1.32284840859e-08, 2.67782134244e-08, 1.28457209314e-08, 4.4975982938e-09, 7.8591915198e-09, 6.51986864497e-09, 1.13474136754e-08, 8.38278335635e-09, 4.91974327943e-09, 5.49847278819e-10, 8.86547002477e-10, 7.659429202e-10, 3.48045325893e-09, 1.29061028531e-08, 3.21244519874e-09, 2.16877693582e-09, 1.91961913032e-08, 1.16923715154e-08, 1.36793232297e-09, 7.48903106196e-10, 2.38528641283e-09, 1.28578907521e-08, 1.83651571728e-09, 2.3857307796e-10, 2.52915882681e-10, 1.33135044655e-10, 1.50314358183e-10, 1.25329469025e-10],
        "dvar2": [2.09615658164e-09, 4.90777949835e-07, 9.88523993328e-07, 8.64327103045e-06, 5.98658662057e-05, 9.19364174479e-06, 1.44512102906e-06, 4.08801633967e-06, 5.89235787629e-06, 9.42024234973e-06, 5.88406237512e-07, 6.01848455517e-08, 2.53517828952e-08, 5.64031807926e-08, 3.17494510682e-08, 1.11129310199e-08, 2.0046368121e-08, 1.52456696156e-08, 2.10235242548e-08, 2.38704327415e-08, 1.0796378902e-08, 1.36619837665e-09, 2.08377604061e-09, 1.78010994833e-09, 7.38506900078e-09, 3.00280795784e-08, 7.29317495285e-09, 4.29023483406e-09, 4.84070632467e-08, 2.60369787952e-08, 3.16162851455e-09, 1.8459591633e-09, 5.72667469001e-09, 2.79308025597e-08, 3.58080143315e-09, 5.64145341553e-10, 6.22976725762e-10, 3.39088479517e-10, 3.94327404063e-10, 3.27353921747e-10],
        "max": [0.000562509172596, 0.00707598775625, 0.0087733687833, 0.0409290120006, 0.0784364268184, 0.0237659271806, 0.0148752517998, 0.0297708641738, 0.0245142914355, 0.0356368906796, 0.00871945824474, 0.00254665827379, 0.00212934729643, 0.00302273081616, 0.00198686518706, 0.00178680371027, 0.00187399343122, 0.00132155430038, 0.00242167944089, 0.00203487672843, 0.00108639255632, 0.000348656816641, 0.000559681269806, 0.000403298006859, 0.00146014557686, 0.00248659984209, 0.000858642335515, 0.00068229471799, 0.00244862865657, 0.00168861751445, 0.000712958164513, 0.000441958283773, 0.000793274259195, 0.00257009943016, 0.000814158061985, 0.000229934725212, 0.000274248828646, 0.000183184849448, 0.00020558066899, 0.000184004151379],
        "mean": [2.79105688605e-06, 5.39939173905e-05, 0.000163736534887, 0.000362690741895, 0.000520513218362, 0.000216875167098, 0.00011493000784, 0.000151034968439, 0.00016603768745, 0.000238949447521, 5.47469389858e-05, 1.68688457052e-05, 2.11476090044e-05, 2.32614384004e-05, 2.35794250329e-05, 1.35138898258e-05, 1.374758358e-05, 1.56059377332e-05, 1.99812766368e-05, 9.31671638682e-06, 1.21779476103e-05, 4.43917906523e-06, 4.48973651146e-06, 5.21214724358e-06, 6.36058302916e-06, 1.13088844955e-05, 7.68680365582e-06, 9.51611855271e-06, 1.80240185728e-05, 1.33921375891e-05, 4.25036023444e-06, 3.78716845262e-06, 5.93796130488e-06, 1.1293434909e-05, 5.72042472413e-06, 2.03208855964e-06, 1.70610633177e-06, 1.26230622755e-06, 1.24588484596e-06, 1.31129593228e-06],
        "median": [1.28198411886e-08, 1.47077130919e-07, 9.84340573496e-08, 5.07641644276e-08, 1.1425875357e-08, 8.34517877024e-09, 6.70793021129e-09, 4.42221059771e-09, 2.60867949464e-09, 2.21903317943e-09, 1.99532745881e-09, 1.68173275306e-09, 1.22168730687e-09, 1.21109433593e-09, 1.23008669917e-09, 1.28796417975e-09, 1.43343403813e-09, 1.433279051e-09, 8.58219162403e-10, 7.41356920297e-10, 6.19242712663e-10, 5.89507165305e-10, 5.80911652115e-10, 4.415454391e-10, 4.12582162879e-10, 3.63582192131e-10, 3.34526906176e-10, 3.04697239661e-10, 3.02997293922e-10, 2.92806168201e-10, 2.64298527508e-10, 2.43566611324e-10, 2.42602604672e-10, 2.41452524641e-10, 2.31216143454e-10, 2.17783763246e-10, 2.11515027715e-10, 2.10294004432e-10, 2.0634766118e-10, 2.03473252136e-10],
        "min": [1.63571128864e-10, 5.89238796644e-11, 2.32617883289e-11, 1.08467210908e-11, 1.27718027126e-11, 1.05104952519e-11, 5.21921091415e-12, 1.58465189755e-12, 4.398920464e-12, 4.96736115782e-12, 5.60877678937e-13, 3.0361969449e-12, 5.18635698624e-12, 1.3540020884e-12, 4.03178141914e-12, 1.22893787161e-11, 1.0009485428e-11, 2.53325485589e-12, 2.3018073992e-12, 2.91221582439e-12, 1.30728576835e-12, 3.42908926081e-12, 5.68791064595e-12, 5.74402548095e-12, 4.21991348115e-12, 1.04833919323e-11, 8.49057889968e-12, 7.74719524643e-12, 1.69267800731e-12, 1.89966445352e-12, 1.54476193122e-12, 2.43578963423e-12, 2.49127064464e-12, 3.95145071178e-12, 3.47246688868e-12, 2.88539071108e-12, 4.17882135145e-12, 3.88269581417e-12, 3.20725434058e-12, 1.68145900849e-12],
        "stdev": [2.55718114204e-05, 0.000393168418668, 0.000817668449599, 0.00230778916739, 0.00421821279451, 0.0015925236512, 0.00091145792976, 0.00141892570537, 0.00134842237458, 0.00205725478008, 0.000472263636766, 0.000131483830046, 0.000147708749864, 0.000181134615559, 0.000158958355314, 9.94807851384e-05, 0.000101249519503, 9.83240242931e-05, 0.000155775152962, 7.93548242655e-05, 7.57543602958e-05, 2.57197843894e-05, 3.10648210871e-05, 3.07407099172e-05, 6.35133474134e-05, 0.000115302216727, 5.75143130845e-05, 5.97822981945e-05, 0.000136875052704, 0.000112437403004, 3.64064435416e-05, 2.67552823061e-05, 4.82813848066e-05, 0.000115338596515, 4.73344116472e-05, 1.54124300025e-05, 1.50258119902e-05, 1.05397566585e-05, 1.11226900117e-05, 1.02330413938e-05],
