{
"lowlevel": {
    "average_loudness": 0.748103380203,
    "barkbands_crest": {
        "dmean": 1.16439831257,
        "dmean2": 1.98062753677,
        "dvar": 1.17547428608,
        "dvar2": 2.28558731079,
        "max": 17.2786369324,
        "mean": 14.3184041977,
        "median": 14.194732666,
        "min": 5.21328639984,
        "stdev": 1.25491583347,
        "var": 1.57481384277
    },
    "barkbands_flatness_db": {
        "dmean": 0.0662517845631,
        "dmean2": 0.11845754832,
        "dvar": 0.00322671141475,
        "dvar2": 0.00578124728054,
        "max": 0.836508095264,
        "mean": 0.669652998447,
        "median": 0.6711769104,
        "min": 0.0850609913468,
        "stdev": 0.0814099386334,
        "var": 0.00662757782266
    },
    "barkbands_kurtosis": {
        "dmean": 1.97494471073,
        "dmean2": 3.54653859138,
        "dvar": 8.23206424713,
        "dvar2": 13.4915447235,
        "max": 42.4191703796,
        "mean": 8.50269031525,
        "median": 7.77101135254,
        "min": 1.37787866592,
        "stdev": 5.28878879547,
        "var": 27.9712867737
    },
    "barkbands_skewness": {
        "dmean": 0.194234311581,
        "dmean2": 0.257292956114,
        "dvar": 0.0834468156099,
        "dvar2": 0.0576628372073,
        "max": 5.09769487381,
        "mean": 1.30142664909,
        "median": 1.29783797264,
        "min": 0.450593531132,
        "stdev": 0.58053290844,
        "var": 0.337018460035
    },
    "barkbands_spread": {
        "dmean": 0.259579122066,
        "dmean2": 0.28438347578,
        "dvar": 5.05919694901,
        "dvar2": 5.016726017,
        "max": 25.2024784088,
        "mean": 0.616924226284,
        "median": 0.369173109531,
        "min": 0.263904362917,
        "stdev": 2.25220227242,
        "var": 5.07241535187
    },
    "dissonance": {
        "dmean": 0.0323320813477,
        "dmean2": 0.0582428313792,
        "dvar": 0.000529786804691,
        "dvar2": 0.00139656476676,
        "max": 0.487182825804,
        "mean": 0.182781204581,
        "median": 0.169577017426,
        "min": 0.0969482660294,
        "stdev": 0.0659861713648,
        "var": 0.0043541751802
    },
    "dynamic_complexity": 11.2674474716,
    "erbbands_crest": {
        "dmean": 1.01287591457,
        "dmean2": 1.24387538433,
        "dvar": 4.84019756317,
        "dvar2": 3.37451982498,
        "max": 28.2369937897,
        "mean": 24.8087368011,
        "median": 25.6347866058,
        "min": 3.30037617683,
        "stdev": 3.58012223244,
        "var": 12.817276001
    },
    "erbbands_flatness_db": {
        "dmean": 0.0492784641683,
        "dmean2": 0.0879946872592,
        "dvar": 0.00149682338815,
        "dvar2": 0.00273070437834,
        "max": 0.574047982693,
        "mean": 0.468778699636,
        "median": 0.469116657972,
        "min": 0.0500085130334,
        "stdev": 0.0599340237677,
        "var": 0.00359208718874
    },
    "erbbands_kurtosis": {
        "dmean": 11.0196638107,
        "dmean2": 18.8173217773,
        "dvar": 186.525375366,
        "dvar2": 447.171051025,
        "max": 147.771377563,
        "mean": 30.3225574493,
        "median": 18.3217124939,
        "min": -0.553956985474,
        "stdev": 31.7514820099,
        "var": 1008.15655518
    },
    "erbbands_skewness": {
        "dmean": 0.5553637743,
        "dmean2": 0.913600325584,
        "dvar": 0.323727160692,
        "dvar2": 0.590678393841,
        "max": 6.81856632233,
        "mean": 2.93203115463,
        "median": 2.61504387856,
        "min": 0.634160935879,
        "stdev": 1.36320865154,
        "var": 1.85833775997
    },
    "erbbands_spread": {
        "dmean": 1.06791543961,
        "dmean2": 1.14175224304,
        "dvar": 43.7193527222,
        "dvar2": 40.7680244446,
        "max": 68.6094970703,
        "mean": 2.53406739235,
        "median": 1.60448229313,
        "min": 0.724004685879,
        "stdev": 6.83183002472,
        "var": 46.6739044189
    },
    "hfc": {
        "dmean": 2.08150267601,
        "dmean2": 1.82961308956,
        "dvar": 41.6342811584,
        "dvar2": 31.2715454102,
        "max": 94.7471084595,
        "mean": 5.31803417206,
        "median": 0.288716226816,
        "min": 8.69791801961e-06,
        "stdev": 14.345911026,
        "var": 205.805160522
    },
    "loudness_ebu128": {
        "integrated": -18.2152385712,
        "loudness_range": 0,
        "momentary": {
            "dmean": 1.27528309822,
            "dmean2": 0.575496077538,
            "dvar": 1.15121901035,
            "dvar2": 0.228714555502,
            "max": -11.7959537506,
            "mean": -29.9769477844,
            "median": -32.0805206299,
            "min": -38.3548355103,
            "stdev": 8.24484348297,
            "var": 67.9774475098
        },
        "short_term": {
            "dmean": 0,
            "dmean2": 0,
            "dvar": 0,
            "dvar2": 0,
            "max": -19.8143615723,
            "mean": -19.8143615723,
            "median": -19.8143615723,
            "min": -19.8143615723,
            "stdev": 0,
            "var": 0
        }
    },
    "melbands_crest": {
        "dmean": 0.704678118229,
        "dmean2": 0.984848082066,
        "dvar": 2.62771391869,
        "dvar2": 1.2806507349,
        "max": 31.3079147339,
        "mean": 29.9326267242,
        "median": 30.3043708801,
        "min": 9.15883255005,
        "stdev": 2.26063227654,
        "var": 5.11045837402
    },
    "melbands_flatness_db": {
        "dmean": 0.0737470909953,
        "dmean2": 0.132711946964,
        "dvar": 0.00399042293429,
        "dvar2": 0.00732720829546,
        "max": 1,
        "mean": 0.831536591053,
        "median": 0.832162857056,
        "min": 0.190092220902,
        "stdev": 0.0870834514499,
        "var": 0.00758352736011
    },
    "melbands_kurtosis": {
        "dmean": 2.2150285244,
        "dmean2": 3.32333803177,
        "dvar": 12.1547489166,
        "dvar2": 8.72095775604,
        "max": 64.8119659424,
        "mean": 9.8604183197,
        "median": 8.94176197052,
        "min": 4.78954219818,
        "stdev": 6.4332985878,
        "var": 41.3873291016
    },
    "melbands_skewness": {
        "dmean": 0.282228857279,
        "dmean2": 0.397419095039,
        "dvar": 0.204755648971,
        "dvar2": 0.122539810836,
        "max": 5.8226313591,
        "mean": 1.16237068176,
        "median": 1.13330495358,
        "min": 0.0714843124151,
        "stdev": 0.757582843304,
        "var": 0.573931753635
    },
    "melbands_spread": {
        "dmean": 0.125834450126,
        "dmean2": 0.138847395778,
        "dvar": 0.962159156799,
        "dvar2": 0.937948226929,
        "max": 11.1481189728,
        "mean": 0.419936805964,
        "median": 0.298880755901,
        "min": 0.235766977072,
        "stdev": 0.990590453148,
        "var": 0.981269419193
    },
    "pitch_salience": {
        "dmean": 0.0406988449395,
        "dmean2": 0.0611156672239,
        "dvar": 0.00358341843821,
        "dvar2": 0.00383531441912,
        "max": 0.815353274345,
        "mean": 0.160431101918,
        "median": 0.149006217718,
        "min": 0.024831244722,
        "stdev": 0.0913861915469,
        "var": 0.00835143588483
    },
    "silence_rate_20dB": {
        "dmean": 0.0333333350718,
        "dmean2": 0.0672268941998,
        "dvar": 0.032222148031,
        "dvar2": 0.0627074465156,
        "max": 1,
        "mean": 0.950413227081,
        "median": 1,
        "min": 0,
        "stdev": 0.21709010005,
        "var": 0.047128111124
    },
    "silence_rate_30dB": {
        "dmean": 0.0166666675359,
        "dmean2": 0.0252100843936,
        "dvar": 0.0163888689131,
        "dvar2": 0.0245746001601,
        "max": 1,
        "mean": 0.842975199223,
        "median": 1,
        "min": 0,
        "stdev": 0.363824695349,
        "var": 0.132368400693
    },
    "silence_rate_60dB": {
        "dmean": 0.0250000003725,
        "dmean2": 0.0504201687872,
        "dvar": 0.0243749581277,
        "dvar2": 0.0478779040277,
        "max": 1,
        "mean": 0.520661175251,
        "median": 1,
        "min": 0,
        "stdev": 0.499572515488,
        "var": 0.249572709203
    },
    "spectral_centroid": {
        "dmean": 5.51110553741,
        "dmean2": 7.7924246788,
        "dvar": 279.735198975,
        "dvar2": 256.933197021,
        "max": 282.368225098,
        "mean": 114.178443909,
        "median": 110.041816711,
        "min": 98.1781692505,
        "stdev": 19.5402374268,
        "var": 381.820861816
    },
    "spectral_complexity": {
        "dmean": 0.0916666686535,
        "dmean2": 0.142857149243,
        "dvar": 0.183263033628,
        "dvar2": 0.324130088091,
        "max": 5,
        "mean": 2.01652884483,
        "median": 1,
        "min": 0,
        "stdev": 1.1640868187,
        "var": 1.35509812832
    },
    "spectral_decrease": {
        "dmean": 5.70558666979e-09,
        "dmean2": 5.01286256949e-09,
        "dvar": 3.10412667106e-16,
        "dvar2": 2.33895257602e-16,
        "max": -2.79021419617e-15,
        "mean": -1.42414711135e-08,
        "median": -7.60693452673e-10,
        "min": -2.57545906379e-07,
        "stdev": 3.88234440152e-08,
        "var": 1.50725976601e-15
    },
    "spectral_energy": {
        "dmean": 0.0217229183763,
        "dmean2": 0.0190854594111,
        "dvar": 0.00449994346127,
        "dvar2": 0.00339060346596,
        "max": 0.980631768703,
        "mean": 0.0542329289019,
        "median": 0.00289721786976,
        "min": 1.13198357354e-08,
        "stdev": 0.147829666734,
        "var": 0.0218536108732
    },
    "spectral_energyband_high": {
        "dmean": 3.96299917327e-08,
        "dmean2": 7.56278808467e-08,
        "dvar": 1.17689849362e-14,
        "dvar2": 4.35447610316e-14,
        "max": 5.9576689182e-07,
        "mean": 2.99759363998e-08,
        "median": 3.45532935597e-09,
        "min": 4.18307138927e-10,
        "stdev": 8.80705144368e-08,
        "var": 7.75641537625e-15
    },
    "spectral_energyband_low": {
        "dmean": 0.0217135436833,
        "dmean2": 0.0190931931138,
        "dvar": 0.00449822284281,
        "dvar2": 0.00339437718503,
        "max": 0.979278862476,
        "mean": 0.053931992501,
        "median": 0.00283966981806,
        "min": 4.92418150699e-09,
        "stdev": 0.147473946214,
        "var": 0.0217485632747
    },
    "spectral_energyband_middle_high": {
        "dmean": 9.12671907827e-07,
        "dmean2": 9.17546628898e-07,
        "dvar": 2.59582910722e-11,
        "dvar2": 4.0849809646e-11,
        "max": 5.22754162375e-05,
        "mean": 1.11929375635e-06,
        "median": 4.25769819401e-09,
        "min": 6.11433959019e-10,
        "stdev": 5.81587664783e-06,
        "var": 3.38244189602e-11
    },
    "spectral_energyband_middle_low": {
        "dmean": 4.33327695646e-05,
        "dmean2": 5.66009111935e-05,
        "dvar": 2.78817502419e-08,
        "dvar2": 5.17653262477e-08,
        "max": 0.00172097946052,
        "mean": 0.000306394707877,
        "median": 6.7401342676e-05,
        "min": 4.76031747354e-09,
        "stdev": 0.000491727667395,
        "var": 2.41796101363e-07
    },
    "spectral_entropy": {
        "dmean": 0.158213987947,
        "dmean2": 0.204272806644,
        "dvar": 0.109616085887,
        "dvar2": 0.0477299876511,
        "max": 7.14072465897,
        "mean": 3.50845313072,
        "median": 3.42965006828,
        "min": 3.07478809357,
        "stdev": 0.505514979362,
        "var": 0.255545407534
    },
    "spectral_flux": {
        "dmean": 0.0178594831377,
        "dmean2": 0.0255763940513,
        "dvar": 0.00189533585217,
        "dvar2": 0.00373840890825,
        "max": 0.352849632502,
        "mean": 0.0276692975312,
        "median": 0.00807822030038,
        "min": 0.00147414393723,
        "stdev": 0.0591981895268,
        "var": 0.00350442575291
    },
    "spectral_kurtosis": {
        "dmean": 62.4502639771,
        "dmean2": 118.343429565,
        "dvar": 5517.39501953,
        "dvar2": 18642.7539062,
        "max": 481.873748779,
        "mean": 163.956985474,
        "median": 148.888137817,
        "min": 5.83197212219,
        "stdev": 79.3436965942,
        "var": 6295.421875
    },
    "spectral_rms": {
        "dmean": 0.0007959738723,
        "dmean2": 0.000725861231331,
        "dvar": 3.31948126586e-06,
        "dvar2": 1.51931783421e-06,
        "max": 0.0309307929128,
        "mean": 0.00416072458029,
        "median": 0.00168123585172,
        "min": 3.32321269525e-06,
        "stdev": 0.00596645288169,
        "var": 3.55985575879e-05
    },
    "spectral_rolloff": {
        "dmean": 3.40942382812,
        "dmean2": 3.98092842102,
        "dvar": 579.56640625,
        "dvar2": 529.656616211,
        "max": 387.59765625,
        "mean": 110.869300842,
        "median": 107.666015625,
        "min": 107.666015625,
        "stdev": 25.7717056274,
        "var": 664.180847168
    },
    "spectral_skewness": {
        "dmean": 1.86177182198,
        "dmean2": 3.41112685204,
        "dvar": 4.16684675217,
        "dvar2": 13.3037185669,
        "max": 20.0488967896,
        "mean": 11.4397134781,
        "median": 11.2697458267,
        "min": 2.40308856964,
        "stdev": 2.78053450584,
        "var": 7.73137187958
    },
    "spectral_spread": {
        "dmean": 821111.1875,
        "dmean2": 1448622.25,
        "dvar": 2.28549276467e+12,
        "dvar2": 2.60173070336e+12,
        "max": 18132394,
        "mean": 1489276.375,
        "median": 1343174.125,
        "min": 213526.359375,
        "stdev": 1607637.75,
        "var": 2.58449919181e+12
    },
    "spectral_strongpeak": {
        "dmean": 0.0935496762395,
        "dmean2": 0.0906764045358,
        "dvar": 0.0542894266546,
        "dvar2": 0.0311007723212,
        "max": 3.88170313835,
        "mean": 0.52307343483,
        "median": 0.208682850003,
        "min": 0,
        "stdev": 0.750680863857,
        "var": 0.563521742821
    },
    "zerocrossingrate": {
        "dmean": 0.000773111998569,
        "dmean2": 0.00152639183216,
        "dvar": 5.03761912114e-05,
        "dvar2": 0.000103652193502,
        "max": 0.08251953125,
        "mean": 0.00570199498907,
        "median": 0.00439453125,
        "min": 0.0029296875,
        "stdev": 0.0098037282005,
        "var": 9.61130936048e-05
    },
    "barkbands": {
        "dmean": [5.2840182434e-06, 0.0117223160341, 0.0100332563743, 2.53793969023e-05, 1.91420240299e-05, 1.1417632777e-05, 3.17956096296e-06, 1.2428964169e-07, 8.05696629413e-08, 3.28682205009e-07, 2.68970211437e-07, 1.24949650626e-07, 3.99859167999e-08, 7.62415766076e-08, 7.01090883126e-08, 6.11958839158e-08, 2.27514114215e-08, 1.10928430885e-08, 8.89175222341e-09, 8.30783708494e-09, 6.88696299989e-09, 6.82428558108e-09, 4.8071391312e-09, 4.47228698519e-09, 4.32486091384e-09, 4.15839629397e-09, 4.45072068089e-09],
        "dmean2": [8.93056676432e-06, 0.0102652674541, 0.00908969994634, 4.25076541433e-05, 2.10560974665e-05, 1.39835865411e-05, 2.36869027503e-06, 1.69524327021e-07, 1.04917170063e-07, 3.23413075876e-07, 2.55271487504e-07, 1.11698646776e-07, 6.57923493463e-08, 1.04590888839e-07, 9.80614345281e-08, 8.21385981453e-08, 3.83161449236e-08, 1.9661158035e-08, 1.67609002233e-08, 1.54966564025e-08, 1.31255077918e-08, 1.27040875597e-08, 9.23335008451e-09, 8.62516014166e-09, 8.33823232682e-09, 8.04137112453e-09, 8.62560600723e-09],
        "dvar": [2.12947472156e-11, 0.00126356829423, 0.00100861047395, 9.79980807614e-09, 1.79573911296e-09, 2.38529351826e-09, 1.25642454774e-10, 1.68609687302e-13, 8.40310554972e-14, 3.65466554589e-12, 2.44187330946e-12, 3.04103991338e-13, 2.45342025911e-14, 2.00180190891e-13, 1.77785900151e-13, 1.3044840002e-13, 1.15221713938e-14, 1.23764684956e-15, 5.81957321603e-16, 5.13986686295e-16, 3.5678385638e-16, 3.6292815397e-16, 1.76584770162e-16, 1.60563684596e-16, 1.49667571876e-16, 1.44293505168e-16, 1.64765047423e-16],
        "dvar2": [5.35405157709e-11, 0.000968919310253, 0.000759146001656, 2.67543072141e-08, 2.3302466623e-09, 2.93704593979e-09, 9.85199907766e-11, 2.78398235454e-13, 1.37005139763e-13, 5.50853633541e-12, 3.58707139513e-12, 4.07776433063e-13, 5.90365497916e-14, 4.48033699984e-13, 4.0326113759e-13, 2.84232869446e-13, 3.0870844211e-14, 3.44371239695e-15, 2.12803560174e-15, 1.84811747069e-15, 1.31411539585e-15, 1.30267483947e-15, 6.54183238681e-16, 5.86709864652e-16, 5.47536390786e-16, 5.22656809664e-16, 5.97946127274e-16],
        "max": [2.4360808311e-05, 0.50843334198, 0.47082695365, 0.000828531454317, 0.00101513625123, 0.000548871932551, 0.000180939241545, 4.52847962151e-06, 3.39853477271e-06, 1.95897955564e-05, 1.61182906595e-05, 7.01721046426e-06, 1.66344102581e-06, 4.00483440899e-06, 3.82733287552e-06, 3.22934329233e-06, 8.96103983905e-07, 3.05222897623e-07, 1.26085950569e-07, 1.13678282787e-07, 1.04400051271e-07, 1.08769221185e-07, 7.38642000897e-08, 7.13910850436e-08, 6.95966875242e-08, 6.8041316581e-08, 7.06176095377e-08],
        "mean": [5.40271685168e-06, 0.0262864530087, 0.0276336893439, 4.30883337685e-05, 0.000184038639418, 6.73133545206e-05, 1.13543646876e-05, 3.46786805494e-07, 1.07318257392e-07, 4.4643735464e-07, 3.4643659319e-07, 1.71892665435e-07, 4.96856529253e-08, 5.5490048112e-08, 5.45409797326e-08, 4.3185639953e-08, 1.48411540835e-08, 9.55559098514e-09, 6.15992457043e-09, 5.70079494722e-09, 4.8940380637e-09, 4.79111372798e-09, 3.64241636852e-09, 3.39591954557e-09, 3.5883060967e-09, 3.43989348117e-09, 3.63975871664e-09],
        "median": [3.43849569617e-06, 0.0013151592575, 0.00148628628813, 6.16703937339e-06, 4.47288766736e-05, 1.67235102708e-05, 4.74459227462e-08, 7.17648829252e-09, 2.58670862507e-09, 9.45876932334e-10, 7.21206039334e-10, 5.84056913944e-10, 4.44993347726e-10, 3.83739928722e-10, 3.40467154469e-10, 3.32403132797e-10, 3.19503423718e-10, 2.75894612711e-10, 2.8180766054e-10, 2.93727653311e-10, 3.46967593545e-10, 3.23176652106e-10, 3.53955142973e-10, 4.30645574756e-10, 5.41665434728e-10, 6.89442891666e-10, 8.86628603869e-10],
        "min": [2.01797845101e-09, 2.17563700389e-09, 1.28961052948e-09, 1.15929887912e-09, 2.07032391231e-09, 9.19067433269e-10, 2.70370198452e-10, 9.59175100457e-11, 7.4014495921e-11, 5.41562905632e-11, 2.97179746089e-11, 3.49888590323e-11, 4.38637980105e-11, 2.14643684771e-11, 4.29775208477e-11, 3.91040463898e-11, 3.80140190159e-11, 4.19542456331e-11, 3.52293541561e-11, 4.42859568461e-11, 3.01982328033e-11, 6.34241201225e-11, 2.93446308919e-11, 5.40364940294e-11, 4.27519374069e-11, 7.19743986632e-11, 1.20945933824e-10],
        "stdev": [5.1714014262e-06, 0.0752660930157, 0.0725017338991, 0.000100265679066, 0.000287959410343, 0.000125571605167, 3.4104254155e-05, 8.16646149815e-07, 3.93092250306e-07, 2.2274236926e-06, 1.82857934306e-06, 8.33821786728e-07, 2.08993355955e-07, 3.76709721195e-07, 3.61375526836e-07, 3.03522540435e-07, 8.40938838564e-08, 3.5511948937e-08, 1.98081089309e-08, 1.85411188625e-08, 1.53419090765e-08, 1.56531818618e-08, 1.08897530993e-08, 1.01381401052e-08, 1.00364614397e-08, 9.60169099784e-09, 9.92379600717e-09],
        "var": [2.67433904882e-11, 0.00566498422995, 0.00525650195777, 1.00532062675e-08, 8.29206285857e-08, 1.57682276125e-08, 1.16310006071e-09, 6.66910970892e-13, 1.54521523615e-13, 4.96141669415e-12, 3.34370226819e-12, 6.95258791945e-13, 4.36782229309e-14, 1.41910205917e-13, 1.30592273649e-13, 9.21259393099e-14, 7.07178109135e-15, 1.26109854489e-15, 3.92361172459e-16, 3.43773112673e-16, 2.35374150658e-16, 2.45022120625e-16, 1.18586716963e-16, 1.02781889496e-16, 1.00730554368e-16, 9.219246226e-17, 9.84817215981e-17]
    },
    "erbbands": {
        "dmean": [0.0558630004525, 3.54964470863, 14.5053663254, 2.11103725433, 0.139076948166, 0.035511624068, 0.117404691875, 0.0904931947589, 0.0901922881603, 0.00651662657037, 0.00336593505926, 0.00225989660248, 0.00427797390148, 0.0168180149049, 0.00907006673515, 0.00465588318184, 0.00148025900126, 0.00363963586278, 0.0034345430322, 0.0052674873732, 0.00187159667257, 0.00145370920654, 0.000724018958863, 0.000491762708407, 0.000444857403636, 0.000395165814552, 0.000301078602206, 0.00027174182469, 0.000243079586653, 0.00018019817071, 0.000131763605168, 9.97386741801e-05, 7.23142511561e-05, 5.02202674397e-05, 3.23230851791e-05, 1.93163232325e-05, 9.58921555139e-06, 2.82443966171e-06, 9.66563857219e-06, 2.3496681024e-05],
        "dmean2": [0.0553160756826, 3.10864877701, 12.9056787491, 2.000446558, 0.178475096822, 0.0441479496658, 0.150284945965, 0.109505735338, 0.0701445639133, 0.00764011405408, 0.00367719354108, 0.00289424322546, 0.0049208807759, 0.0178450327367, 0.00840495619923, 0.00502393767238, 0.00223272945732, 0.00569660030305, 0.00438260659575, 0.00740783941001, 0.00234658177942, 0.00239453953691, 0.00126237806398, 0.000917147495784, 0.000832987891044, 0.000736212881748, 0.000574400124606, 0.000509808771312, 0.000452315551229, 0.000343568390235, 0.000253347243415, 0.000191924671526, 0.000138989387779, 9.53190901782e-05, 5.95838100708e-05, 3.30874790961e-05, 1.56436635734e-05, 5.35798517376e-06, 8.77378352016e-06, 2.06698950933e-05],
        "dvar": [0.0280678588897, 116.815216064, 2075.06347656, 45.3878593445, 0.193146139383, 0.0103115756065, 0.162958472967, 0.21243648231, 0.100035145879, 0.000739906041417, 0.000130461034132, 7.50983745093e-05, 0.00035587218008, 0.0105510866269, 0.00266774953343, 0.000458401889773, 3.36446573783e-05, 0.000484150776174, 0.000365323241567, 0.00117145630065, 8.54941026773e-05, 5.57896564715e-05, 6.74355942465e-06, 1.7761875597e-06, 1.47203513734e-06, 1.16918579351e-06, 6.85638383402e-07, 5.39890663731e-07, 4.50906981087e-07, 2.41149649582e-07, 1.37855963089e-07, 8.14972054286e-08, 4.41245795457e-08, 2.1476655121e-08, 9.13629705224e-09, 3.39803851723e-09, 9.0350915638e-10, 6.70681912784e-11, 8.93166374194e-10, 5.26489518649e-09],
        "dvar2": [0.0240794476122, 89.2187576294, 1563.86682129, 35.1551322937, 0.301792681217, 0.010548661463, 0.346413552761, 0.430629044771, 0.0924693420529, 0.000729226507246, 0.000177301451913, 0.000111487657705, 0.000458277500002, 0.0186990890652, 0.00344432285056, 0.000794854597189, 5.61818196729e-05, 0.00117518100888, 0.000747809070162, 0.00272819516249, 0.000160557392519, 0.000142652788782, 1.80973838724e-05, 6.32603268969e-06, 5.34449009137e-06, 4.18842500949e-06, 2.52435711445e-06, 1.95583334062e-06, 1.61883235705e-06, 8.95949085589e-07, 4.97109567732e-07, 2.87076488803e-07, 1.50791350961e-07, 6.99565276818e-08, 2.75900706725e-08, 8.62432081306e-09, 1.95540339476e-09, 2.27940166742e-10, 6.59378329715e-10, 3.96111143885e-09],
        "max": [2.36573958397, 155.216598511, 669.449890137, 101.827087402, 6.60045051575, 1.56909024715, 4.90659332275, 4.54514312744, 5.2219285965, 0.332484781742, 0.142909988761, 0.105464339256, 0.242260575294, 1.01357364655, 0.535398304462, 0.258384436369, 0.0674388855696, 0.187243372202, 0.183792605996, 0.294588655233, 0.088394485414, 0.0633775889874, 0.0236568134278, 0.00689449440688, 0.00601819949225, 0.00547678861767, 0.0045672073029, 0.00392132345587, 0.00362161989324, 0.00277245859616, 0.00229211268015, 0.00184834457468, 0.0014728102833, 0.00116095051635, 0.000857069680933, 0.000595397956204, 0.000329291680828, 5.73402066948e-05, 0.00043238219223, 0.00106038816739],
        "mean": [0.124620385468, 8.12973690033, 38.2051200867, 6.25994110107, 0.979797780514, 0.29700165987, 0.668325603008, 0.321154147387, 0.338373690844, 0.0234742406756, 0.00953905750066, 0.00397051637992, 0.00829159468412, 0.0172136612236, 0.0134267918766, 0.00545087410137, 0.00219088932499, 0.00254050944932, 0.00290353689343, 0.00351153616793, 0.0015776634682, 0.000985367689282, 0.000608609465417, 0.000365810497897, 0.000301405845676, 0.000272657576716, 0.000213265011553, 0.000202243594686, 0.000180675880983, 0.000148887294927, 0.000116626186355, 9.6380674222e-05, 7.90197445895e-05, 6.59954894218e-05, 5.03277187818e-05, 3.55987867806e-05, 2.00685699383e-05, 3.19135824611e-06, 2.44149759965e-05, 5.87018002989e-05],
        "median": [0.00551788462326, 0.415537387133, 2.03200078011, 0.349517732859, 0.170473456383, 0.0679771229625, 0.258728474379, 0.0374039188027, 0.00298977899365, 0.000512312515639, 0.000179684604518, 7.65206787037e-05, 4.84193624288e-05, 3.30149705405e-05, 2.70441923931e-05, 2.35546613112e-05, 2.05245942198e-05, 2.14452484215e-05, 1.96884502657e-05, 1.76056310011e-05, 1.82517069334e-05, 1.81213690666e-05, 1.71875417436e-05, 1.44856621773e-05, 1.33573812491e-05, 1.37961123983e-05, 1.43415809362e-05, 1.3250271877e-05, 1.21272532851e-05, 1.16835144581e-05, 1.04678256321e-05, 9.30586429604e-06, 8.59283409227e-06, 7.07964363755e-06, 5.18470233146e-06, 3.55916222361e-06, 2.10959069591e-06, 5.62658954095e-07, 1.35533139201e-06, 3.14218641506e-06],
        "min": [7.05090954511e-08, 4.77884270822e-07, 1.32031391331e-06, 3.14582030114e-06, 5.24130291524e-06, 6.9636189437e-06, 7.86601231084e-06, 7.15394480721e-06, 4.89513331559e-06, 2.64230357061e-06, 2.42892929236e-06, 4.05230866818e-06, 2.75573120234e-06, 2.58449153989e-06, 2.39205223806e-06, 2.39431687987e-06, 2.94886376651e-06, 2.40740064328e-06, 2.65865469373e-06, 2.29757051784e-06, 2.17888509724e-06, 2.08181359085e-06, 2.09546351471e-06, 2.08219171327e-06, 1.83258612196e-06, 2.06919366974e-06, 1.48136427924e-06, 1.21879065773e-06, 1.50603273141e-06, 2.16459852709e-06, 9.76674186859e-07, 1.08169001578e-06, 8.81626249338e-07, 4.37609315895e-07, 3.59774276149e-07, 2.56359612649e-07, 1.37368417086e-07, 4.91698273208e-08, 1.67939848694e-08, 1.78828385433e-09],
        "stdev": [0.356506288052, 23.0474624634, 102.023246765, 15.960310936, 1.70139491558, 0.462566792965, 0.91698974371, 0.813406646252, 1.02166950703, 0.0620751045644, 0.0228441767395, 0.0128407618031, 0.0323440916836, 0.10342900455, 0.0663383081555, 0.0282027069479, 0.00905650760978, 0.0173495281488, 0.0179677456617, 0.0270890835673, 0.00900504086167, 0.00589790614322, 0.00249995104969, 0.00116436975077, 0.000980830634944, 0.00088812445756, 0.000671168789268, 0.000623023835942, 0.00056690670317, 0.000434569374193, 0.00033459282713, 0.000269949930953, 0.000214863408473, 0.00017169311468, 0.00012870010687, 9.14548509172e-05, 5.16517648066e-05, 8.22953825264e-06, 6.61379890516e-05, 0.000159953444381],
        "var": [0.12709672749, 531.185546875, 10408.7421875, 254.731521606, 2.89474463463, 0.213968038559, 0.840870201588, 0.661630392075, 1.04380857944, 0.0038533185143, 0.000521856418345, 0.000164885161212, 0.00104614021257, 0.0106975585222, 0.00440077111125, 0.000795392668806, 8.20203349576e-05, 0.000301006104564, 0.000322839914588, 0.000733818451408, 8.10907586128e-05, 3.47852947016e-05, 6.24975518804e-06, 1.35575703553e-06, 9.6202882105e-07, 7.88765078141e-07, 4.50467581459e-07, 3.88158667874e-07, 3.21383197388e-07, 1.88850549421e-07, 1.11952360271e-07, 7.28729645516e-08, 4.61662850171e-08, 2.94785245103e-08, 1.65637175087e-08, 8.36398950099e-09, 2.66790478598e-09, 6.77252975922e-11, 4.37423341992e-09, 2.55851038133e-08]
    },
    "gfcc": {
        "mean": [-470.129333496, 175.888275146, 72.8270645142, 63.352230072, 3.41142129898, -1.70210707188, -23.3914146423, -18.592010498, -15.2559566498, -11.2157964706, -2.62686920166, -5.92411804199, -0.927895247936],
        "cov": [[11955.7763672, 1758.97045898, -737.953796387, -1183.03137207, 38.7116127014, 68.4558105469, 683.317565918, 374.210449219, 570.615783691, 36.8699302673, 175.013137817, -205.370407104, -26.6184806824], [1758.97045898, 498.767913818, 178.579391479, -177.457336426, -9.51899814606, -82.75440979, 64.889755249, 20.0153465271, 105.827667236, 4.56914567947, 53.5025863647, -52.5453071594, 6.04495334625], [-737.953796387, 178.579391479, 667.665283203, 164.710876465, 11.9284563065, -127.970314026, -67.2520217896, -66.4909820557, 0.0016993205063, -0.201630651951, 42.1860122681, -36.0654335022, -1.67541611195], [-1183.03137207, -177.457336426, 164.710876465, 240.314315796, 46.5710372925, -19.1453609467, -80.3220291138, -63.3180923462, -65.6852874756, -7.54481315613, -12.5091238022, 11.9265928268, 2.92803573608], [38.7116127014, -9.51899814606, 11.9284563065, 46.5710372925, 62.7722167969, 32.8770027161, 16.0205669403, -7.03041124344, -3.86324071884, -4.33078289032, 3.25238394737, -0.838410675526, 3.20980405807], [68.4558105469, -82.75440979, -127.970314026, -19.1453609467, 32.8770027161, 81.6112289429, 38.167011261, 22.5194168091, -10.4736804962, -5.18696308136, -12.0891075134, 15.72153759, 1.38439619541], [683.317565918, 64.889755249, -67.2520217896, -80.3220291138, 16.0205669403, 38.167011261, 67.3654098511, 38.7014045715, 33.7647209167, 0.707145154476, 5.79276371002, -13.2529354095, -7.41268348694], [374.210449219, 20.0153465271, -66.4909820557, -63.3180923462, -7.03041124344, 22.5194168091, 38.7014045715, 34.3892021179, 22.5960655212, 1.35964787006, -2.91231274605, -7.33852815628, -7.31211090088], [570.615783691, 105.827667236, 0.0016993205063, -65.6852874756, -3.86324071884, -10.4736804962, 33.7647209167, 22.5960655212, 41.0204734802, 4.73169517517, 10.7826519012, -17.0619335175, -4.44297122955], [36.8699302673, 4.56914567947, -0.201630651951, -7.54481315613, -4.33078289032, -5.18696308136, 0.707145154476, 1.35964787006, 4.73169517517, 4.71108579636, 3.85393667221, -0.572952270508, -1.67969787121], [175.013137817, 53.5025863647, 42.1860122681, -12.5091238022, 3.25238394737, -12.0891075134, 5.79276371002, -2.91231274605, 10.7826519012, 3.85393667221, 14.9498252869, -3.31398153305, 0.496323406696], [-205.370407104, -52.5453071594, -36.0654335022, 11.9265928268, -0.838410675526, 15.72153759, -13.2529354095, -7.33852815628, -17.0619335175, -0.572952270508, -3.31398153305, 19.50258255, 7.54620456696], [-26.6184806824, 6.04495334625, -1.67541611195, 2.92803573608, 3.20980405807, 1.38439619541, -7.41268348694, -7.31211090088, -4.44297122955, -1.67969787121, 0.496323406696, 7.54620456696, 8.85262012482]],
        "icov": [[0.0012356005609, -0.00402083620429, 0.00279776100069, -0.00397956930101, 0.00367047614418, -0.00114000670146, -0.00718591641635, -0.00191694544628, -0.0038005260285, 0.000607432972174, -0.00744549836963, 0.00207459391095, -0.00358956726268], [-0.00402083620429, 0.0312001500279, -0.0117417285219, 0.0253846030682, -0.0173514802009, 0.017596565187, 0.0144092589617, 0.0222200602293, -0.0096889892593, 0.036873228848, 0.00597812561318, 0.00674839038402, -0.0140087446198], [0.00279776100069, -0.0117417285219, 0.0112935649231, -0.016817484051, 0.0160825960338, -0.0102929091081, -0.00787221826613, -0.0106119764969, -0.00809333473444, 0.0086308568716, -0.0389990247786, 0.0201720912009, -0.0128816757351], [-0.00397956930101, 0.0253846030682, -0.016817484051, 0.0540909171104, -0.0603541098535, 0.045784983784, 0.0174004249275, 0.0223427303135, 0.0259634349495, 0.00913810264319, 0.0650823414326, -0.0391051396728, 0.0418247878551], [0.00367047614418, -0.0173514802009, 0.0160825960338, -0.0603541098535, 0.134440600872, -0.126513630152, -0.00374353886582, 0.0564312562346, -0.0782430171967, 0.0201637204736, -0.113701887429, 0.127881661057, -0.0776715129614], [-0.00114000670146, 0.017596565187, -0.0102929091081, 0.045784983784, -0.126513630152, 0.228690683842, -0.133212566376, -0.0525868609548, 0.108092442155, -0.000177500449354, 0.145143762231, -0.211429938674, 0.0488996505737], [-0.00718591641635, 0.0144092589617, -0.00787221826613, 0.0174004249275, -0.00374353886582, -0.133212566376, 0.267655611038, -0.0872705355287, -0.0292586758733, 0.0552925355732, -0.120058022439, 0.143883496523, 0.0154216801748], [-0.00191694544628, 0.0222200602293, -0.0106119764969, 0.0223427303135, 0.0564312562346, -0.0525868609548, -0.0872705355287, 0.321073710918, -0.144663617015, 0.0212344732136, 0.121599949896, -0.0317042022943, 0.101186417043], [-0.0038005260285, -0.0096889892593, -0.00809333473444, 0.0259634349495, -0.0782430171967, 0.108092442155, -0.0292586758733, -0.144663617015, 0.25891572237, -0.151924014091, 0.0616616569459, -0.0149109950289, -0.0370816923678], [0.000607432972174, 0.036873228848, 0.0086308568716, 0.00913810264319, 0.0201637204736, -0.000177500449354, 0.0552925355732, 0.0212344732136, -0.151924014091, 0.555742144585, -0.221141427755, -0.029660847038, 0.0986943915486], [-0.00744549836963, 0.00597812561318, -0.0389990247786, 0.0650823414326, -0.113701887429, 0.145143762231, -0.120058022439, 0.121599949896, 0.0616616569459, -0.221141427755, 0.457997947931, -0.265866816044, 0.153002902865], [0.00207459391095, 0.00674839038402, 0.0201720912009, -0.0391051396728, 0.127881661057, -0.211429938674, 0.143883496523, -0.0317042022943, -0.0149109950289, -0.029660847038, -0.265866816044, 0.471622288227, -0.300857841969], [-0.00358956726268, -0.0140087446198, -0.0128816757351, 0.0418247878551, -0.0776715129614, 0.0488996505737, 0.0154216801748, 0.101186417043, -0.0370816923678, 0.0986943915486, 0.153002902865, -0.300857841969, 0.460465103388]]
    },
    "melbands": {
        "dmean": [0.00173803349026, 0.00641031563282, 0.000400804332457, 4.93173001814e-06, 3.20607568938e-06, 2.04921411751e-06, 1.21513096474e-06, 4.45564225515e-08, 2.40594424383e-08, 1.36599380696e-08, 2.04486401145e-08, 6.7986249519e-08, 3.79923186244e-08, 1.31525714764e-08, 7.40531191923e-09, 4.33885771756e-09, 7.11905245865e-09, 5.56444446076e-09, 5.6983591179e-09, 5.7282019128e-09, 1.62377067348e-09, 1.45483802783e-09, 9.97352644916e-10, 4.99040808677e-10, 3.82963938339e-10, 3.36519395683e-10, 3.01629110577e-10, 2.53576992737e-10, 1.91227728097e-10, 1.63872873604e-10, 1.58962884522e-10, 1.47751907931e-10, 1.13638938537e-10, 9.34866836722e-11, 7.68336019807e-11, 6.7309227636e-11, 5.85362106009e-11, 5.11251076196e-11, 4.51522326472e-11, 4.03652042347e-11],
        "dmean2": [0.00152393523604, 0.00564553169534, 0.000376673648134, 6.0909237618e-06, 4.13833231505e-06, 2.35047832575e-06, 9.5079036555e-07, 5.46433227555e-08, 2.78398957221e-08, 1.74464442892e-08, 2.22110010384e-08, 7.22949806686e-08, 3.57595446587e-08, 1.27511716741e-08, 1.09235420709e-08, 7.24456272749e-09, 1.10931859254e-08, 6.98446323e-09, 7.75041897327e-09, 8.01714161724e-09, 2.00742822365e-09, 2.42821696084e-09, 1.5982439816e-09, 9.10708342072e-10, 7.18238524211e-10, 6.32017660429e-10, 5.62431767825e-10, 4.7146647697e-10, 3.65274394065e-10, 3.13156028886e-10, 2.95115015758e-10, 2.72127098633e-10, 2.16119983021e-10, 1.79114834076e-10, 1.48236381503e-10, 1.29060109821e-10, 1.12814556308e-10, 9.86215831222e-11, 8.6950946443e-11, 7.76584768714e-11],
        "dvar": [2.72231463896e-05, 0.000397217751015, 1.63149331911e-06, 1.27119356708e-10, 1.29558794248e-10, 9.69759966774e-11, 1.78511580518e-11, 2.91636120364e-14, 6.24892542903e-15, 2.70885159938e-15, 7.71635834114e-15, 1.7257914119e-13, 4.84831054156e-14, 3.4689685901e-15, 1.39015439056e-15, 4.01888387292e-16, 1.90871738411e-15, 9.40280898593e-16, 1.2051653595e-15, 1.32409503216e-15, 5.1744011903e-17, 5.09023026902e-17, 2.0343871891e-17, 2.03368536771e-18, 1.06766114517e-18, 8.35067831393e-19, 6.94888686609e-19, 4.81366642236e-19, 2.77140427737e-19, 2.04268478258e-19, 1.90287549093e-19, 1.77284412036e-19, 9.50560740146e-20, 6.51785041597e-20, 4.6242071654e-20, 3.52721542355e-20, 2.72340783318e-20, 2.09347118419e-20, 1.62695876705e-20, 1.27625963283e-20],
        "dvar2": [2.10392227018e-05, 0.000300388550386, 1.24728853734e-06, 2.56638127416e-10, 2.32632010877e-10, 1.61985022618e-10, 1.6824822785e-11, 3.801908739e-14, 1.00743481415e-14, 4.30516608013e-15, 1.12247459388e-14, 3.05427612455e-13, 6.45345390082e-14, 3.42990554815e-15, 2.42030029678e-15, 1.04320789542e-15, 4.63755705523e-15, 1.87373449987e-15, 2.70271802205e-15, 3.05618021226e-15, 9.05718632388e-17, 1.34661972934e-16, 4.97907208394e-17, 6.66111590086e-18, 3.85613403599e-18, 3.04982815337e-18, 2.50030663665e-18, 1.71273298279e-18, 1.02130129076e-18, 7.53658990252e-19, 6.72428148039e-19, 6.17397114356e-19, 3.55895466677e-19, 2.43990570153e-19, 1.70492625896e-19, 1.29432155771e-19, 9.95675106132e-20, 7.64186931498e-20, 5.93192478388e-20, 4.66320420764e-20],
        "max": [0.0747406557202, 0.290867298841, 0.0192910376936, 0.000219455963816, 0.000139850701089, 0.000101252524473, 6.99188312865e-05, 1.83341285265e-06, 9.38622520152e-07, 6.26767416634e-07, 1.16228488878e-06, 4.09384529121e-06, 2.2706353775e-06, 7.30954809569e-07, 3.90724494537e-07, 1.71660559545e-07, 3.70133477645e-07, 2.97105742675e-07, 3.12612513653e-07, 3.13658318873e-07, 6.97183111242e-08, 5.85311035195e-08, 4.26516599816e-08, 9.96908422479e-09, 5.43311706735e-09, 4.58483961907e-09, 4.33365965335e-09, 3.56866936002e-09, 2.87877188754e-09, 2.4785267172e-09, 2.32907804154e-09, 2.49114773254e-09, 1.57380153354e-09, 1.38822520146e-09, 1.19834009382e-09, 1.04217690033e-09, 9.35006294611e-10, 8.13429101854e-10, 7.19460768739e-10, 6.51058706946e-10],
        "mean": [0.00386321777478, 0.0161323528737, 0.00119556544814, 3.8050191506e-05, 1.83079428098e-05, 8.94275490282e-06, 4.51430378234e-06, 9.75564304895e-08, 6.13228152702e-08, 2.05432666434e-08, 3.86359566562e-08, 6.8599248948e-08, 5.34836424038e-08, 1.94872189496e-08, 9.10185704583e-09, 3.45954243031e-09, 4.81895146009e-09, 4.66976368685e-09, 4.34682556616e-09, 3.73544573051e-09, 1.4428458428e-09, 9.11734965303e-10, 8.05468525211e-10, 3.79236142489e-10, 2.79753692434e-10, 2.23366672381e-10, 2.02809810612e-10, 1.74697145638e-10, 1.33039204653e-10, 1.14825614295e-10, 1.14230777615e-10, 1.00474260856e-10, 8.37272196019e-11, 7.10832573358e-11, 5.75614729492e-11, 5.04504667209e-11, 4.42896240516e-11, 3.88362120241e-11, 3.50549832218e-11, 3.4174822694e-11],
        "median": [0.000185064302059, 0.000851061486173, 6.95258349879e-05, 8.25228016765e-06, 7.09722735337e-06, 1.27297960262e-06, 1.82071424604e-08, 3.03945113522e-09, 6.4036342895e-10, 3.59811763717e-10, 1.50355894402e-10, 1.16820858542e-10, 9.36899169357e-11, 6.50414860859e-11, 4.88557840017e-11, 4.15144793542e-11, 3.66823411924e-11, 2.98578765878e-11, 2.51485273578e-11, 2.16708474082e-11, 2.07061399277e-11, 1.91410186312e-11, 1.53420887106e-11, 1.30714918056e-11, 1.21730629049e-11, 1.1266963057e-11, 1.03798905235e-11, 8.89178054103e-12, 9.01330485942e-12, 7.77961462611e-12, 8.10951566316e-12, 6.82757713213e-12, 6.30273784552e-12, 6.23320926124e-12, 5.6891926066e-12, 5.3688069615e-12, 5.19215096265e-12, 5.16275824175e-12, 5.23927559323e-12, 5.01382832821e-12],
        "min": [7.23899495902e-10, 6.9079175713e-10, 5.93285254258e-10, 4.43499931224e-10, 2.90511364964e-10, 1.62283450567e-10, 7.0149434872e-11, 2.6101242695e-11, 2.04602116499e-11, 1.07945657621e-11, 6.74789521135e-12, 6.65468201377e-12, 5.1065878956e-12, 3.25484582862e-12, 5.73910190205e-12, 3.93247760744e-12, 3.11208784437e-12, 3.20173379996e-12, 3.05334230122e-12, 2.6852242218e-12, 2.46847269188e-12, 2.15621162418e-12, 2.01282436899e-12, 1.89563035408e-12, 1.64597729977e-12, 1.47852346685e-12, 1.25393434785e-12, 1.41705191418e-12, 1.00217468872e-12, 7.41347629986e-13, 6.94215626824e-13, 7.15634203372e-13, 1.44228043137e-12, 9.11717424647e-13, 5.65519202647e-13, 5.5645256198e-13, 6.4192200817e-13, 5.82060983613e-13, 5.39205561711e-13, 3.26945312186e-13],
        "stdev": [0.0110902758315, 0.0438907109201, 0.00302997604012, 6.16529796389e-05, 2.53667931247e-05, 2.119797864e-05, 1.37200659083e-05, 2.53552883578e-07, 1.47204090695e-07, 7.36996312867e-08, 1.5166072842e-07, 4.17234929273e-07, 2.72381498689e-07, 9.26612457874e-08, 4.78284540861e-08, 1.71332086296e-08, 3.41915509239e-08, 2.91706836464e-08, 2.94509465704e-08, 2.88688113415e-08, 7.54505968814e-09, 5.44906164635e-09, 4.12937684047e-09, 1.30272648224e-09, 8.8707563517e-10, 7.30245142133e-10, 6.72064404128e-10, 5.71440561536e-10, 4.22271634326e-10, 3.62627483597e-10, 3.64994784396e-10, 3.38569061675e-10, 2.58804200293e-10, 2.1275617379e-10, 1.74110795226e-10, 1.51749487975e-10, 1.3257606124e-10, 1.15626418162e-10, 1.02653177625e-10, 9.46326350615e-11],
