{
"lowlevel": {
    "average_loudness": 0.874290168285,
    "barkbands_crest": {
        "dmean": 2.81624317169,
        "dmean2": 4.76686382294,
        "dvar": 5.4614610672,
        "dvar2": 14.6333856583,
        "max": 18.8182086945,
        "mean": 10.0912532806,
        "median": 9.45673179626,
        "min": 4.65312242508,
        "stdev": 2.91477966309,
        "var": 8.49594116211
    },
    "barkbands_flatness_db": {
        "dmean": 0.0746668726206,
        "dmean2": 0.121714770794,
        "dvar": 0.00348530639894,
        "dvar2": 0.00804947689176,
        "max": 0.538715362549,
        "mean": 0.365381091833,
        "median": 0.363077759743,
        "min": 0.0424148701131,
        "stdev": 0.0817104801536,
        "var": 0.00667660310864
    },
    "barkbands_kurtosis": {
        "dmean": 17.1124763489,
        "dmean2": 29.4054298401,
        "dvar": 227.408737183,
        "dvar2": 594.177062988,
        "max": 88.0236129761,
        "mean": 20.6575164795,
        "median": 16.054151535,
        "min": -0.945407390594,
        "stdev": 17.8241558075,
        "var": 317.700500488
    },
    "barkbands_skewness": {
        "dmean": 1.47729957104,
        "dmean2": 2.51531767845,
        "dvar": 1.33538746834,
        "dvar2": 3.46131134033,
        "max": 0.541279792786,
        "mean": -2.3617837429,
        "median": -2.09770154953,
        "min": -7.71857833862,
        "stdev": 1.49776256084,
        "var": 2.24329257011
    },
    "barkbands_spread": {
        "dmean": 1.4268835783,
        "dmean2": 2.23489618301,
        "dvar": 20.3887481689,
        "dvar2": 26.7194271088,
        "max": 75.1687545776,
        "mean": 3.15714979172,
        "median": 2.67488026619,
        "min": 0.606190502644,
        "stdev": 4.81775808334,
        "var": 23.2107925415
    },
    "dissonance": {
        "dmean": 0.00311192497611,
        "dmean2": 0.00530731771141,
        "dvar": 0.000145037658513,
        "dvar2": 0.000215950130951,
        "max": 0.5,
        "mean": 0.497742444277,
        "median": 0.499687790871,
        "min": 0.324571251869,
        "stdev": 0.011699186638,
        "var": 0.000136870963615
    },
    "dynamic_complexity": 6.03074216843,
    "erbbands_crest": {
        "dmean": 2.93246412277,
        "dmean2": 4.84264755249,
        "dvar": 7.33124685287,
        "dvar2": 19.600769043,
        "max": 27.0307922363,
        "mean": 9.53877162933,
        "median": 8.83066368103,
        "min": 3.86212038994,
        "stdev": 3.16162657738,
        "var": 9.9958820343
    },
    "erbbands_flatness_db": {
        "dmean": 0.0729848966002,
        "dmean2": 0.120818272233,
        "dvar": 0.00320310215466,
        "dvar2": 0.00733216386288,
        "max": 0.507388472557,
        "mean": 0.348387479782,
        "median": 0.359214007854,
        "min": 0.0715557560325,
        "stdev": 0.0772321671247,
        "var": 0.00596480816603
    },
    "erbbands_kurtosis": {
        "dmean": 2.27016019821,
        "dmean2": 3.80251765251,
        "dvar": 6.03759860992,
        "dvar2": 15.3892726898,
        "max": 14.5628070831,
        "mean": 2.06964874268,
        "median": 1.27421379089,
        "min": -1.42582321167,
        "stdev": 2.64070057869,
        "var": 6.97329998016
    },
    "erbbands_skewness": {
        "dmean": 0.609857261181,
        "dmean2": 0.974249243736,
        "dvar": 0.305688291788,
        "dvar2": 0.787801086903,
        "max": 1.26907968521,
        "mean": -0.632926106453,
        "median": -0.603123545647,
        "min": -2.89668560028,
        "stdev": 0.676617443562,
        "var": 0.457811146975
    },
    "erbbands_spread": {
        "dmean": 2.69166970253,
        "dmean2": 4.45634078979,
        "dvar": 9.52365589142,
        "dvar2": 17.378528595,
        "max": 38.9313087463,
        "mean": 7.71725893021,
        "median": 7.03889846802,
        "min": 1.7852935791,
        "stdev": 3.57701706886,
        "var": 12.7950515747
    },
    "hfc": {
        "dmean": 542.305541992,
        "dmean2": 998.252563477,
        "dvar": 763951.8125,
        "dvar2": 2108938.25,
        "max": 6505.83984375,
        "mean": 426.771514893,
        "median": 123.824668884,
        "min": 1.51864099962e-07,
        "stdev": 747.631835938,
        "var": 558953.375
    },
    "loudness_ebu128": {
        "integrated": -26.48620224,
        "loudness_range": 6.58511352539,
        "momentary": {
            "dmean": 1.07796871662,
            "dmean2": 1.55491375923,
            "dvar": 0.64433079958,
            "dvar2": 0.722611010075,
            "max": -21.2383422852,
            "mean": -30.3591785431,
            "median": -28.1384944916,
            "min": -46.3361587524,
            "stdev": 6.29127550125,
            "var": 39.5801467896
        },
        "short_term": {
            "dmean": 0.253954648972,
            "dmean2": 0.240928336978,
            "dvar": 0.0307365115732,
            "dvar2": 0.0236244704574,
            "max": -24.9609127045,
            "mean": -28.3767604828,
            "median": -28.0818252563,
            "min": -32.8824310303,
            "stdev": 2.36947607994,
            "var": 5.61441707611
        }
    },
    "melbands_crest": {
        "dmean": 3.17435240746,
        "dmean2": 5.36693048477,
        "dvar": 7.86279392242,
        "dvar2": 21.4618835449,
        "max": 25.7138748169,
        "mean": 9.15028095245,
        "median": 8.64243507385,
        "min": 3.35429477692,
        "stdev": 3.3042242527,
        "var": 10.9178981781
    },
    "melbands_flatness_db": {
        "dmean": 0.0725296810269,
        "dmean2": 0.120256684721,
        "dvar": 0.00318329059519,
        "dvar2": 0.00735169323161,
        "max": 0.38106161356,
        "mean": 0.216222420335,
        "median": 0.226225137711,
        "min": 0.0427829883993,
        "stdev": 0.0755940526724,
        "var": 0.00571446027607
    },
    "melbands_kurtosis": {
        "dmean": 10.6461210251,
        "dmean2": 17.5934066772,
        "dvar": 123.481903076,
        "dvar2": 334.704071045,
        "max": 84.8034667969,
        "mean": 14.5275611877,
        "median": 11.4335174561,
        "min": -1.17756485939,
        "stdev": 12.1030397415,
        "var": 146.483566284
    },
    "melbands_skewness": {
        "dmean": 1.07935285568,
        "dmean2": 1.73526859283,
        "dvar": 0.810491204262,
        "dvar2": 2.03833198547,
        "max": 1.04743003845,
        "mean": -2.54831695557,
        "median": -2.5242600441,
        "min": -6.56767845154,
        "stdev": 1.16456711292,
        "var": 1.35621654987
    },
    "melbands_spread": {
        "dmean": 17.0938167572,
        "dmean2": 28.8218173981,
        "dvar": 566.45324707,
        "dvar2": 1558.77636719,
        "max": 207.001235962,
        "mean": 25.529258728,
        "median": 18.4254112244,
        "min": 3.79340577126,
        "stdev": 24.5090522766,
        "var": 600.693664551
    },
    "pitch_salience": {
        "dmean": 0.0686163380742,
        "dmean2": 0.117388248444,
        "dvar": 0.00242571393028,
        "dvar2": 0.00733648100868,
        "max": 0.97663795948,
        "mean": 0.839023649693,
        "median": 0.833850502968,
        "min": 0.678379774094,
        "stdev": 0.0586404539645,
        "var": 0.00343870301731
    },
    "silence_rate_20dB": {
        "dmean": 0,
        "dmean2": 0,
        "dvar": 0,
        "dvar2": 0,
        "max": 1,
        "mean": 1,
        "median": 1,
        "min": 1,
        "stdev": 0,
        "var": 0
    },
    "silence_rate_30dB": {
        "dmean": 0.157303377986,
        "dmean2": 0.315789461136,
        "dvar": 0.132559075952,
        "dvar2": 0.306292265654,
        "max": 1,
        "mean": 0.869403004646,
        "median": 1,
        "min": 0,
        "stdev": 0.336959004402,
        "var": 0.113541379571
    },
    "silence_rate_60dB": {
        "dmean": 0.13483145833,
        "dmean2": 0.270676702261,
        "dvar": 0.116651564837,
        "dvar2": 0.242523103952,
        "max": 1,
        "mean": 0.223880603909,
        "median": 0,
        "min": 0,
        "stdev": 0.416842132807,
        "var": 0.173757374287
    },
    "spectral_centroid": {
        "dmean": 626.603942871,
        "dmean2": 1036.40783691,
        "dvar": 287726.21875,
        "dvar2": 721115.5625,
        "max": 8877.3984375,
        "mean": 6318.14990234,
        "median": 6261.30078125,
        "min": 3822.66601562,
        "stdev": 768.828979492,
        "var": 591098
    },
    "spectral_complexity": {
        "dmean": 3.24344563484,
        "dmean2": 5.93233060837,
        "dvar": 31.090549469,
        "dvar2": 80.1758804321,
        "max": 27,
        "mean": 2.36567163467,
        "median": 0,
        "min": 0,
        "stdev": 5.08515644073,
        "var": 25.8588180542
    },
    "spectral_decrease": {
        "dmean": 1.38379929737e-09,
        "dmean2": 2.47007281295e-09,
        "dvar": 3.64206300218e-18,
        "dvar2": 1.04054655761e-17,
        "max": 1.20231433698e-08,
        "mean": 5.41897027251e-10,
        "median": 3.11375572678e-13,
        "min": -6.11260375649e-09,
        "stdev": 1.744684619e-09,
        "var": 3.04392435855e-18
    },
    "spectral_energy": {
        "dmean": 0.0461681261659,
        "dmean2": 0.0849178284407,
        "dvar": 0.00594608159736,
        "dvar2": 0.0163206253201,
        "max": 0.58717662096,
        "mean": 0.0366641879082,
        "median": 0.0112704262137,
        "min": 1.71851942399e-11,
        "stdev": 0.0657522380352,
        "var": 0.00432335631922
    },
    "spectral_energyband_high": {
        "dmean": 0.0448367856443,
        "dmean2": 0.0824543088675,
        "dvar": 0.00566376559436,
        "dvar2": 0.015514338389,
        "max": 0.575200974941,
        "mean": 0.0356486104429,
        "median": 0.0109848650172,
        "min": 9.92510761078e-12,
        "stdev": 0.0641727745533,
        "var": 0.00411814497784
    },
    "spectral_energyband_low": {
        "dmean": 9.61615660344e-06,
        "dmean2": 1.82130497706e-05,
        "dvar": 1.34680566699e-09,
        "dvar2": 3.99600219581e-09,
        "max": 0.000418582872953,
        "mean": 7.2542138696e-06,
        "median": 6.78897322359e-07,
        "min": 1.81428450822e-12,
        "stdev": 2.80797012238e-05,
        "var": 7.88469622925e-10
    },
    "spectral_energyband_middle_high": {
        "dmean": 0.000409276486607,
        "dmean2": 0.000755529734306,
        "dvar": 9.50224603002e-07,
        "dvar2": 2.68916824098e-06,
        "max": 0.00648803589866,
        "mean": 0.00029429141432,
        "median": 4.72379069834e-05,
        "min": 2.74111029014e-12,
        "stdev": 0.000772725034039,
        "var": 5.97104019562e-07
    },
    "spectral_energyband_middle_low": {
        "dmean": 4.40240473836e-05,
        "dmean2": 8.47022311063e-05,
        "dvar": 2.35576198548e-08,
        "dvar2": 6.85251251298e-08,
        "max": 0.00110404624138,
        "mean": 2.52382651524e-05,
        "median": 6.59537846559e-08,
        "min": 1.14104667555e-12,
        "stdev": 0.000113553280244,
        "var": 1.28943469235e-08
    },
    "spectral_entropy": {
        "dmean": 0.150579825044,
        "dmean2": 0.256243318319,
        "dvar": 0.0166273340583,
        "dvar2": 0.0453001782298,
        "max": 9.23704338074,
        "mean": 8.78067016602,
        "median": 8.78359985352,
        "min": 8.2783870697,
        "stdev": 0.155757218599,
        "var": 0.0242603123188
    },
    "spectral_flux": {
        "dmean": 0.0761137828231,
        "dmean2": 0.135292798281,
        "dvar": 0.00845344737172,
        "dvar2": 0.0187162626535,
        "max": 0.69060844183,
        "mean": 0.150965169072,
        "median": 0.130027472973,
        "min": 0.006763771642,
        "stdev": 0.117350436747,
        "var": 0.0137711241841
    },
    "spectral_kurtosis": {
        "dmean": 0.59154009819,
        "dmean2": 0.946754038334,
        "dvar": 0.290213286877,
        "dvar2": 0.589193463326,
        "max": 4.12368202209,
        "mean": 0.324563473463,
        "median": 0.253337264061,
        "min": -1.0193349123,
        "stdev": 0.756830751896,
        "var": 0.572792768478
    },
    "spectral_rms": {
        "dmean": 0.00344253913499,
        "dmean2": 0.00608055200428,
        "dvar": 1.25333872347e-05,
        "dvar2": 3.2467989513e-05,
        "max": 0.0239343941212,
        "mean": 0.00446573784575,
        "median": 0.00331590790302,
        "min": 1.29483751721e-07,
        "stdev": 0.00397833343595,
        "var": 1.58271359396e-05
    },
    "spectral_rolloff": {
        "dmean": 1687.57519531,
        "dmean2": 2860.35449219,
        "dvar": 2697086,
        "dvar2": 6914742.5,
        "max": 20176.6113281,
        "mean": 14643.3017578,
        "median": 14222.6806641,
        "min": 10206.7382812,
        "stdev": 2006.18444824,
        "var": 4024776
    },
    "spectral_skewness": {
        "dmean": 0.230667844415,
        "dmean2": 0.376512795687,
        "dvar": 0.0378286242485,
        "dvar2": 0.0864913910627,
        "max": 1.84744787216,
        "mean": 0.646130383015,
        "median": 0.679327726364,
        "min": -0.216043695807,
        "stdev": 0.282395035028,
        "var": 0.0797469615936
    },
    "spectral_spread": {
        "dmean": 1664453.75,
        "dmean2": 2796676.5,
        "dvar": 1.95559908966e+12,
        "dvar2": 5.07790229504e+12,
        "max": 15338267,
        "mean": 9095592,
        "median": 8947600,
        "min": 5300712,
        "stdev": 1684596.625,
        "var": 2.83786582426e+12
    },
    "spectral_strongpeak": {
        "dmean": 4.6932682991,
        "dmean2": 8.28986644745,
        "dvar": 45.3957214355,
        "dvar2": 127.956970215,
        "max": 48.6285629272,
        "mean": 4.73101997375,
        "median": 2.69805884361,
        "min": 0,
        "stdev": 6.29676675797,
        "var": 39.649269104
    },
    "zerocrossingrate": {
        "dmean": 0.0187686532736,
        "dmean2": 0.0240763034672,
        "dvar": 0.000566826900467,
        "dvar2": 0.000525629264303,
        "max": 0.52685546875,
        "mean": 0.467283338308,
        "median": 0.47314453125,
        "min": 0.01953125,
        "stdev": 0.043526776135,
        "var": 0.0018945800839
    },
    "barkbands": {
        "dmean": [6.3548864091e-06, 3.67786037714e-06, 2.29527950069e-06, 2.50077846431e-06, 6.68933762427e-06, 9.17539364309e-06, 7.68470181356e-06, 5.92906098973e-06, 9.13941585168e-06, 1.16492246889e-05, 8.60754244059e-06, 9.10336530069e-06, 1.29852141981e-05, 1.38924033308e-05, 2.10970702028e-05, 2.69552547252e-05, 4.83775365865e-05, 4.99290581502e-05, 0.000105628947495, 0.000361985439667, 0.000701614189893, 0.00213755527511, 0.00295828236267, 0.00741433119401, 0.0108826868236, 0.0173546262085, 0.00557717680931],
        "dmean2": [1.16384935609e-05, 6.9420834734e-06, 4.45302657681e-06, 4.82146151626e-06, 1.29685358843e-05, 1.78853042598e-05, 1.47955488501e-05, 1.1092420209e-05, 1.74098331627e-05, 2.24092891585e-05, 1.61134867085e-05, 1.66873614944e-05, 2.44504772127e-05, 2.51855508395e-05, 4.10274114984e-05, 5.11318357894e-05, 9.44092753343e-05, 9.3609560281e-05, 0.000194860607735, 0.000664336315822, 0.00125422305427, 0.00400321139023, 0.00547506008297, 0.013761645183, 0.0198435932398, 0.0321526043117, 0.0103800399229],
        "dvar": [2.76531159082e-10, 2.27347488058e-10, 1.04547606683e-10, 1.26825841495e-10, 7.32888416621e-10, 1.50601031645e-09, 7.83768550061e-10, 3.46003836693e-10, 8.74794181538e-10, 2.20335105716e-09, 6.29889918002e-10, 4.60406684999e-10, 2.15121787051e-09, 1.50487899919e-09, 5.26959587077e-09, 7.95002996767e-09, 3.66134997876e-08, 1.64305760109e-08, 6.10272792301e-08, 5.42587542895e-07, 1.70685336798e-06, 2.20975452976e-05, 3.82835823984e-05, 0.000218422006583, 0.000397642579628, 0.00113537814468, 8.76230624272e-05],
        "dvar2": [8.02601596295e-10, 6.75051015087e-10, 3.11203951497e-10, 3.72614300526e-10, 2.15633422229e-09, 4.42719150229e-09, 2.28649832401e-09, 9.82280701223e-10, 2.52385246036e-09, 6.4946794609e-09, 1.80814774264e-09, 1.25117005645e-09, 6.21137763446e-09, 4.02690147894e-09, 1.51018184624e-08, 2.30154864056e-08, 1.07927910165e-07, 4.81796966767e-08, 1.70258402932e-07, 1.45939782215e-06, 4.45299974672e-06, 6.23828891548e-05, 0.000108639920654, 0.000579845043831, 0.00108209066093, 0.00313500594348, 0.000242614129093],
        "max": [0.000165528894286, 0.00017264582857, 0.000105075989268, 0.00011749186524, 0.000236813342781, 0.00033990771044, 0.000244625261985, 0.000141679673106, 0.000213873005123, 0.000381249148631, 0.00018322111282, 0.000122933633975, 0.000469841703307, 0.000324681692291, 0.000496600114275, 0.000754259352107, 0.00151957548223, 0.000839504878968, 0.00173187151086, 0.00545840151608, 0.00831081811339, 0.033955834806, 0.0458576455712, 0.109955869615, 0.150993347168, 0.242141574621, 0.0772336050868],
        "mean": [5.16969021191e-06, 2.72241436505e-06, 1.29013119476e-06, 1.42001908898e-06, 3.75028866983e-06, 5.1029946917e-06, 4.3843469939e-06, 3.56660348189e-06, 5.28192413185e-06, 6.53335291645e-06, 5.14166231369e-06, 5.79700554226e-06, 7.93384606368e-06, 8.80899642652e-06, 1.27598941617e-05, 1.60733707162e-05, 2.82636192424e-05, 3.2220279536e-05, 7.772155368e-05, 0.00027603431954, 0.000537526037078, 0.00167786586098, 0.00230230228044, 0.00584912672639, 0.00845542643219, 0.0125997914001, 0.00426980666816],
        "median": [5.98608096425e-07, 2.38027610067e-07, 1.34522490924e-08, 9.35769461918e-10, 1.71828640205e-09, 4.24175983227e-09, 6.19838935734e-09, 9.10367514706e-09, 2.82501062543e-08, 4.72672745389e-08, 5.52090462236e-08, 9.35070758601e-08, 1.65991110634e-07, 1.52340291493e-07, 1.11954733484e-07, 1.60814579431e-07, 7.78545199864e-07, 2.45582032221e-06, 1.47909140651e-05, 6.40425205347e-05, 0.000123803241877, 0.000431724998634, 0.000636122073047, 0.00149905751459, 0.00247098552063, 0.00219704816118, 0.000776509405114],
        "min": [6.91818347401e-13, 8.96783894973e-13, 4.22076273671e-13, 2.68810364593e-13, 2.51719896012e-13, 1.79180915981e-13, 2.3182641245e-13, 1.32274657265e-13, 6.40018840334e-14, 5.93153862615e-14, 7.09726941388e-14, 1.96933821925e-14, 1.23263229593e-13, 1.47147444511e-13, 4.34571161608e-13, 3.20399522885e-13, 7.00802100812e-13, 2.32692093675e-13, 3.3086218227e-13, 6.67088888469e-13, 6.66529169097e-13, 5.47288776798e-13, 1.17209833419e-12, 7.93304387025e-13, 1.3257430093e-12, 2.74062868753e-12, 2.80910754727e-12],
        "stdev": [1.484371478e-05, 1.13340984171e-05, 7.39797997085e-06, 8.2814549387e-06, 1.97846638912e-05, 2.82105938822e-05, 2.05821615964e-05, 1.43249062603e-05, 2.21580448851e-05, 3.3985117625e-05, 1.89150377992e-05, 1.74153374246e-05, 3.47279528796e-05, 3.18356542266e-05, 5.42553061678e-05, 6.65864572511e-05, 0.000139376381412, 0.000100521654531, 0.000200437862077, 0.000618275254965, 0.00116814312059, 0.00389760127291, 0.00500030256808, 0.0126356193796, 0.0167875811458, 0.0275089778006, 0.00804240442812],
        "var": [2.20335860668e-10, 1.28461796756e-10, 5.4730105864e-11, 6.85824938507e-11, 3.91432941615e-10, 7.95837562517e-10, 4.23625384771e-10, 2.05202937975e-10, 4.90978979695e-10, 1.15498821618e-09, 3.57778667803e-10, 3.03293973269e-10, 1.20603060871e-09, 1.01350883241e-09, 2.94363844411e-09, 4.43375602899e-09, 1.94257765429e-08, 1.01046024881e-08, 4.01753368351e-08, 3.82264289556e-07, 1.36455832944e-06, 1.51912963702e-05, 2.50030261668e-05, 0.000159658884513, 0.000281822867692, 0.000756743829697, 6.46802654956e-05]
    },
    "erbbands": {
        "dmean": [0.000171023086295, 0.000680991041008, 0.00234553869814, 0.00608791550621, 0.0130135174841, 0.0237596407533, 0.0468742102385, 0.0832059681416, 0.10937140137, 0.115958526731, 0.140572234988, 0.204526767135, 0.309609413147, 0.392649054527, 0.334603786469, 0.399166464806, 0.585837125778, 0.708810865879, 0.83328962326, 1.42598772049, 1.56059408188, 2.80223488808, 2.77929997444, 3.49687361717, 7.73509168625, 17.5440292358, 23.5151958466, 34.539894104, 58.510383606, 110.496894836, 79.544960022, 94.5802078247, 163.486953735, 125.153778076, 77.5133285522, 68.0769119263, 33.8524055481, 7.07275676727, 0.864518523216, 0.0619605779648],
        "dmean2": [0.000321034283843, 0.00129715667572, 0.00454497942701, 0.0117765180767, 0.02506554313, 0.0460952594876, 0.0909881368279, 0.162463158369, 0.211673095822, 0.219496369362, 0.2643430233, 0.388913869858, 0.595577478409, 0.74895042181, 0.619880199432, 0.739654660225, 1.1026674509, 1.30111801624, 1.58030104637, 2.76029372215, 2.97099375725, 5.43781471252, 5.23633480072, 6.43658256531, 14.0856733322, 32.4735908508, 41.7437973022, 61.5395011902, 108.220489502, 206.928192139, 146.276565552, 174.908828735, 299.905395508, 231.153381348, 139.367553711, 126.739044189, 63.4045181274, 12.8860988617, 1.60663449764, 0.11565797776],
        "dvar": [3.45358500908e-07, 9.48071738094e-06, 0.000109854481707, 0.000744499266148, 0.00321588967927, 0.00907528586686, 0.035800203681, 0.126362457871, 0.183751747012, 0.141899615526, 0.204788044095, 0.448022425175, 1.509999156, 2.00883078575, 0.715898692608, 0.980504393578, 4.14075469971, 4.27909374237, 5.56082820892, 28.646402359, 30.7146835327, 114.230377197, 56.7357940674, 88.7157669067, 243.189498901, 1238.74401855, 1953.35949707, 4122.09716797, 11888.5927734, 78641.1875, 24813.6171875, 30185.828125, 115902.078125, 80327.4453125, 13548.9013672, 17321.5214844, 4803.46289062, 105.268692017, 2.74591231346, 0.0103176254779],
        "dvar2": [1.03257320916e-06, 2.806439079e-05, 0.000326704466715, 0.0021969396621, 0.00941892247647, 0.0267636645585, 0.105084896088, 0.371700823307, 0.538691520691, 0.407386481762, 0.585498392582, 1.29123389721, 4.44957876205, 5.88377094269, 1.99749684334, 2.70167160034, 11.9115476608, 11.8067302704, 15.2499275208, 83.3846740723, 89.662940979, 336.268035889, 166.213394165, 257.221008301, 661.649169922, 3316.02416992, 5238.89306641, 10905.2792969, 32885.7109375, 227244.65625, 70454.015625, 80229.40625, 309501.75, 224141, 35357.046875, 47503.7617188, 13160.2001953, 296.878936768, 7.79848670959, 0.0289393682033],
        "max": [0.00665239524096, 0.0344197675586, 0.109310932457, 0.282188743353, 0.577633857727, 0.800336837769, 1.36478507519, 3.20487499237, 3.9367313385, 2.95519828796, 3.92970132828, 5.10243606567, 9.83463096619, 11.6821250916, 5.63942718506, 6.20097303391, 20.17278862, 14.5842065811, 13.9271669388, 41.9147796631, 55.0149307251, 86.8802032471, 59.4362983704, 70.48853302, 94.9696044922, 238.211715698, 291.667785645, 425.106842041, 694.932434082, 2321.36401367, 1297.51159668, 1128.02770996, 2502.42260742, 2200.71948242, 728.362792969, 1049.53869629, 427.151031494, 52.7543983459, 15.6565542221, 0.703139305115],
        "mean": [0.000141414609971, 0.00043008569628, 0.00133184355218, 0.00344606838189, 0.0073724729009, 0.0132461711764, 0.026205200702, 0.0461665354669, 0.0616197884083, 0.0686553418636, 0.0836127996445, 0.118426240981, 0.173879310489, 0.223660051823, 0.208508491516, 0.253453433514, 0.358650535345, 0.441943138838, 0.523879110813, 0.843448460102, 0.928320646286, 1.65046370029, 1.77105879784, 2.32766962051, 6.06247663498, 13.3438091278, 17.8276996613, 26.3220748901, 47.0862503052, 80.8529281616, 63.4944915771, 77.5044708252, 125.347572327, 94.1755523682, 60.5355796814, 48.8384971619, 24.4329948425, 5.16428661346, 0.633370101452, 0.0467007085681],
        "median": [1.94177773665e-05, 1.3419870811e-05, 1.88779631571e-05, 6.11793348071e-06, 4.70297254651e-06, 5.14551902597e-06, 1.6655325453e-05, 4.09804051742e-05, 7.58854293963e-05, 0.00010720827413, 0.000282486638753, 0.000590602168813, 0.0014053627383, 0.00181242683902, 0.00256496295333, 0.00418172217906, 0.00738960737363, 0.00784700643271, 0.00696032680571, 0.00564655754715, 0.0138925667852, 0.0465730801225, 0.148086935282, 0.21687695384, 1.39670467377, 2.96099281311, 4.03573703766, 6.32263326645, 12.7109680176, 19.8646183014, 18.628944397, 22.9434719086, 25.8778553009, 24.6103553772, 16.752822876, 9.56329154968, 3.54481887817, 1.01933050156, 0.12638951838, 0.00718166213483],
        "min": [3.50819651107e-11, 1.71803238302e-10, 4.60848581518e-10, 7.71761043961e-10, 8.95444718374e-10, 7.88455689626e-10, 8.69019023408e-10, 1.70755343198e-09, 3.01884162113e-09, 3.46367579063e-09, 2.53042431453e-09, 1.50401524568e-09, 1.46102052678e-09, 2.62566213216e-09, 2.21768092779e-09, 1.16574805364e-09, 5.3169375569e-09, 6.91295332089e-09, 1.44307765737e-08, 2.73614535473e-08, 1.55845736316e-08, 4.03088940004e-08, 1.84071637932e-08, 1.28694468415e-08, 1.89522264549e-08, 3.38016405976e-08, 1.54453321244e-08, 3.56306095739e-08, 1.70867000548e-08, 1.99525977962e-08, 3.78148605762e-08, 2.29474128588e-08, 1.20317622532e-08, 1.24727703721e-08, 1.15660272471e-08, 5.37979927273e-09, 7.17566939201e-09, 1.85207638115e-09, 4.58001081505e-10, 3.27121905952e-11],
        "stdev": [0.000462580675958, 0.00226579932496, 0.00760058220476, 0.0199472121894, 0.0418642871082, 0.0693675428629, 0.138110950589, 0.258042961359, 0.312695890665, 0.284707844257, 0.344822853804, 0.502628624439, 0.890621483326, 1.03553020954, 0.663113355637, 0.787683725357, 1.53101277351, 1.64043915272, 1.86180615425, 3.93507957458, 4.09445428848, 7.82344961166, 5.79467105865, 7.3763384819, 13.1982917786, 29.5204544067, 38.360458374, 57.1832542419, 95.1780853271, 219.009475708, 129.363143921, 150.172622681, 290.252624512, 228.619064331, 104.227462769, 107.267959595, 56.3554153442, 9.10808563232, 1.35375928879, 0.0876775979996],
        "var": [2.1398086858e-07, 5.13384611622e-06, 5.77688515477e-05, 0.000397891242756, 0.00175261846744, 0.0048118554987, 0.0190746337175, 0.0665861666203, 0.0977787151933, 0.0810585543513, 0.118902809918, 0.252635508776, 0.793206632137, 1.07232272625, 0.439719289541, 0.620445609093, 2.34400010109, 2.6910405159, 3.46632218361, 15.4848508835, 16.7645549774, 61.2063674927, 33.578212738, 54.410369873, 174.194900513, 871.457275391, 1471.52478027, 3269.92456055, 9058.86816406, 47965.1484375, 16734.8222656, 22551.8144531, 84246.5859375, 52266.6757812, 10863.3642578, 11506.4150391, 3175.93286133, 82.9572219849, 1.83266437054, 0.00768736144528]
    },
    "gfcc": {
        "mean": [-184.61277771, -229.198379517, -56.8699951172, 31.8277492523, -59.9040412903, 33.5954055786, -7.70697307587, 19.6726856232, -18.1492233276, 16.360660553, -5.69153690338, 7.67605447769, -9.4836435318],
        "cov": [[16838.7988281, 1904.96374512, 409.678771973, -1193.82141113, -586.018371582, -1251.45495605, -1435.33312988, -745.187133789, -451.808990479, -360.804992676, -606.280273438, -85.0271682739, -52.8629837036], [1904.96374512, 2174.47485352, 0.522738873959, -516.920043945, -117.954612732, -355.523681641, -494.23449707, -263.593322754, -89.7609024048, -135.726226807, -208.670562744, -21.763168335, -5.51550912857], [409.678771973, 0.522738873959, 240.839401245, -22.6647720337, -37.4962310791, -53.2495536804, -32.233997345, -49.9678421021, -8.33787059784, -23.7125549316, -5.13998031616, -8.24803829193, -6.56284379959], [-1193.82141113, -516.920043945, -22.6647720337, 388.424987793, 61.4729995728, 163.480361938, 201.328598022, 137.325027466, 57.6711044312, 75.2703475952, 106.007591248, 32.302734375, 22.534570694], [-586.018371582, -117.954612732, -37.4962310791, 61.4729995728, 133.205871582, 78.5238342285, 95.4839324951, 61.3662528992, 41.2540283203, 28.4885578156, 54.512424469, -2.49531292915, 12.7298402786], [-1251.45495605, -355.523681641, -53.2495536804, 163.480361938, 78.5238342285, 251.889572144, 185.330337524, 104.462554932, 81.5463180542, 47.7112998962, 93.3388366699, 18.4978809357, 14.8923912048], [-1435.33312988, -494.23449707, -32.233997345, 201.328598022, 95.4839324951, 185.330337524, 287.855285645, 114.70816803, 88.0145111084, 60.4792022705, 110.420448303, 18.4984607697, 13.2084941864], [-745.187133789, -263.593322754, -49.9678421021, 137.325027466, 61.3662528992, 104.462554932, 114.70816803, 147.333984375, 7.64393138885, 65.8892059326, 56.4438476562, 16.8184318542, 18.4651851654], [-451.808990479, -89.7609024048, -8.33787059784, 57.6711044312, 41.2540283203, 81.5463180542, 88.0145111084, 7.64393138885, 116.376808167, -4.63786172867, 52.2474136353, 17.1808319092, 1.50139319897], [-360.804992676, -135.726226807, -23.7125549316, 75.2703475952, 28.4885578156, 47.7112998962, 60.4792022705, 65.8892059326, -4.63786172867, 82.2289581299, 29.770565033, 9.62601280212, 16.7119426727], [-606.280273438, -208.670562744, -5.13998031616, 106.007591248, 54.512424469, 93.3388366699, 110.420448303, 56.4438476562, 52.2474136353, 29.770565033, 92.9840164185, 6.92322015762, 13.3055410385], [-85.0271682739, -21.763168335, -8.24803829193, 32.302734375, -2.49531292915, 18.4978809357, 18.4984607697, 16.8184318542, 17.1808319092, 9.62601280212, 6.92322015762, 40.9049606323, 1.95863008499], [-52.8629837036, -5.51550912857, -6.56284379959, 22.534570694, 12.7298402786, 14.8923912048, 13.2084941864, 18.4651851654, 1.50139319897, 16.7119426727, 13.3055410385, 1.95863008499, 34.9734153748]],
        "icov": [[0.000124520141981, 8.55796752148e-05, -5.95298151893e-05, 0.000110538610897, 2.45168812398e-05, 0.000289339397568, 0.000479548820294, 0.000113302638056, -7.34416244086e-05, 7.72468592913e-06, 1.76590856427e-05, -0.000149593717651, -0.000252626778092], [8.55796752148e-05, 0.000976009236183, 0.000182727919309, 0.000623893225566, -0.000401540106395, 0.000457623624243, 0.00149547425099, 0.000443771394202, -0.000568812072743, 2.76623013633e-05, 0.000276402541203, -0.000615769356955, -0.000991711043753], [-5.95298151893e-05, 0.000182727919309, 0.00488120829687, -0.000250145210885, 0.000892486306839, 0.000883696659002, -0.00026760683977, 0.0015712112654, 0.000328661524691, 0.000420295662479, -0.0018213292351, 0.00035426724935, 4.44719262305e-05], [0.000110538610897, 0.000623893225566, -0.000250145210885, 0.00562325585634, 0.000971656525508, -4.38119932369e-05, -0.000496835797094, -0.00206746440381, -0.00043902915786, -0.000765270669945, -0.00218248460442, -0.00198740744963, -0.00113436963875], [2.45168812398e-05, -0.000401540106395, 0.000892486306839, 0.000971656525508, 0.0125257987529, 4.5619726734e-05, -0.00199554907158, -0.00372446980327, -0.00254547502846, -0.000365700921975, -0.00316553330049, 0.00417034141719, -0.00108861399349], [0.000289339397568, 0.000457623624243, 0.000883696659002, -4.38119932369e-05, 4.5619726734e-05, 0.0102451723069, -0.00134900945704, -0.00258113071322, -0.00346927461214, 0.000185390599654, -0.00209888862446, -8.74719335116e-05, -0.000939613848459], [0.000479548820294, 0.00149547425099, -0.00026760683977, -0.000496835797094, -0.00199554907158, -0.00134900945704, 0.013391696848, -0.000999166164547, -0.00379404588602, -0.00170963257551, -0.00304375216365, -0.000523154099938, 0.000168359430972], [0.000113302638056, 0.000443771394202, 0.0015712112654, -0.00206746440381, -0.00372446980327, -0.00258113071322, -0.000999166164547, 0.018587525934, 0.00596020836383, -0.00587496487424, -0.00205601821654, -0.00452922703698, -0.00152614060789], [-7.34416244086e-05, -0.000568812072743, 0.000328661524691, -0.00043902915786, -0.00254547502846, -0.00346927461214, -0.00379404588602, 0.00596020836383, 0.0179489385337, 0.00408203247935, -0.0063910856843, -0.00682569295168, 0.000926302978769], [7.72468592913e-06, 2.76623013633e-05, 0.000420295662479, -0.000765270669945, -0.000365700921975, 0.000185390599654, -0.00170963257551, -0.00587496487424, 0.00408203247935, 0.0211587660015, -0.00151534599718, -0.00238654436544, -0.0051860329695], [1.76590856427e-05, 0.000276402541203, -0.0018213292351, -0.00218248460442, -0.00316553330049, -0.00209888862446, -0.00304375216365, -0.00205601821654, -0.0063910856843, -0.00151534599718, 0.0271278843284, 0.00316297402605, -0.0040836087428], [-0.000149593717651, -0.000615769356955, 0.00035426724935, -0.00198740744963, 0.00417034141719, -8.74719335116e-05, -0.000523154099938, -0.00452922703698, -0.00682569295168, -0.00238654436544, 0.00316297402605, 0.0307044424117, 0.000642551400233], [-0.000252626778092, -0.000991711043753, 4.44719262305e-05, -0.00113436963875, -0.00108861399349, -0.000939613848459, 0.000168359430972, -0.00152614060789, 0.000926302978769, -0.0051860329695, -0.0040836087428, 0.000642551400233, 0.0342886634171]]
    },
    "melbands": {
        "dmean": [1.54940016728e-06, 1.13447310923e-06, 1.2398029412e-06, 1.29954617023e-06, 1.55054738116e-06, 1.86969612059e-06, 1.65679682596e-06, 1.26790052946e-06, 1.17292165669e-06, 1.32003094677e-06, 1.5647390228e-06, 1.60771242008e-06, 1.15332511541e-06, 9.74369527285e-07, 1.2221785255e-06, 1.29401644244e-06, 1.3182566363e-06, 1.21259381558e-06, 1.74737829184e-06, 1.97104441213e-06, 1.77687456926e-06, 2.84531392936e-06, 2.84979068965e-06, 2.25831445277e-06, 2.70292912319e-06, 4.58997237729e-06, 7.13092276783e-06, 1.3099645912e-05, 1.41318741953e-05, 1.63175336638e-05, 2.12242975977e-05, 2.69370284514e-05, 5.57697276236e-05, 6.33288946119e-05, 4.59264301753e-05, 4.43466597062e-05, 6.30438589724e-05, 0.000116169372632, 0.000111678724352, 0.000108399392047],
        "dmean2": [2.93837797471e-06, 2.19572621063e-06, 2.39451151174e-06, 2.51508026849e-06, 3.01175168715e-06, 3.64794982488e-06, 3.20315643876e-06, 2.38771485783e-06, 2.21051868721e-06, 2.51325855061e-06, 3.01149952975e-06, 3.07355526274e-06, 2.14133319787e-06, 1.77460219675e-06, 2.26622364607e-06, 2.43656495513e-06, 2.40958183895e-06, 2.27439886658e-06, 3.38744871442e-06, 3.76723005502e-06, 3.37125493388e-06, 5.54749840376e-06, 5.44851991435e-06, 4.21608865508e-06, 5.03417822983e-06, 8.38948835735e-06, 1.31248561956e-05, 2.42241876549e-05, 2.52074023592e-05, 2.91168817057e-05, 3.77608230338e-05, 4.84389274789e-05, 0.000105852952402, 0.000118361196655, 8.46814073157e-05, 8.077162056e-05, 0.000116747207358, 0.00021469098283, 0.000203171322937, 0.000198822599486],
        "dvar": [2.99455182873e-11, 2.58828687649e-11, 3.05393731137e-11, 2.89651774787e-11, 3.85585591234e-11, 6.3349006596e-11, 4.064935194e-11, 1.6512806747e-11, 1.49502788621e-11, 1.85681366116e-11, 3.98634042442e-11, 3.5359576378e-11, 9.86705942646e-12, 4.94092310468e-12, 1.36380923915e-11, 2.19628169817e-11, 1.46286368435e-11, 1.09267039861e-11, 3.98531450896e-11, 4.88859265568e-11, 4.67059758924e-11, 1.304916869e-10, 9.20581458286e-11, 3.08823661088e-11, 6.02218622192e-11, 1.14602147216e-10, 1.76935938123e-10, 7.395155599e-10, 7.66672614283e-10, 9.97669280522e-10, 1.56349555525e-09, 2.06850425677e-09, 1.83680395338e-08, 2.65690474066e-08, 9.35891275589e-09, 6.36603658677e-09, 1.36129720829e-08, 6.70769253475e-08, 5.64774644829e-08, 6.51329017387e-08],
        "dvar2": [8.90056570113e-11, 7.68195507206e-11, 8.98491420154e-11, 8.52034276466e-11, 1.13259721046e-10, 1.86317794526e-10, 1.19052753766e-10, 4.71998898299e-11, 4.28654160778e-11, 5.35825030179e-11, 1.17575879588e-10, 1.0372952497e-10, 2.80088174875e-11, 1.33074341477e-11, 3.88138028662e-11, 6.35552721562e-11, 3.99202476631e-11, 2.93257119977e-11, 1.14770845605e-10, 1.42050204932e-10, 1.37393291189e-10, 3.84585141511e-10, 2.71331956903e-10, 9.0432876465e-11, 1.74854464241e-10, 3.19324289233e-10, 4.79038475554e-10, 1.98768734805e-09, 2.0558492686e-09, 2.6412878551e-09, 4.19020729225e-09, 5.68784530586e-09, 5.27145225249e-08, 7.67918209021e-08, 2.68238586898e-08, 1.72563154877e-08, 3.65139527503e-08, 1.80446733111e-07, 1.54263446461e-07, 1.84533064385e-07],
        "max": [6.30777503829e-05, 5.41032495676e-05, 5.73558718315e-05, 4.98208391946e-05, 4.41612100985e-05, 7.16404756531e-05, 5.79620245844e-05, 3.30937946273e-05, 3.52599672624e-05, 3.02646603814e-05, 5.05420321133e-05, 4.92162616865e-05, 2.19684243348e-05, 1.29874324557e-05, 3.16444311466e-05, 4.79990521853e-05, 2.97384358419e-05, 1.95431894099e-05, 4.50928419014e-05, 5.65459085919e-05, 7.22112527001e-05, 9.15782802622e-05, 9.23782063182e-05, 3.53686227754e-05, 5.88146176597e-05, 7.35346184229e-05, 8.90179144335e-05, 0.000187993588042, 0.000192059451365, 0.000228149190661, 0.000285894609988, 0.000303564273054, 0.000991770648398, 0.00136740040034, 0.000840575841721, 0.000562989444006, 0.00075241032755, 0.00215509533882, 0.0014175028773, 0.00205751997419],
        "mean": [1.29142938476e-06, 6.56847419123e-07, 7.03028433691e-07, 7.29721364223e-07, 8.66143693656e-07, 1.0381560287e-06, 9.35776085953e-07, 7.56765246024e-07, 6.9615572329e-07, 7.61450735354e-07, 8.7672913196e-07, 9.10453479719e-07, 7.03678892933e-07, 6.21304309334e-07, 7.50573121877e-07, 7.92224227553e-07, 8.2396917378e-07, 7.75489979787e-07, 1.04617163288e-06, 1.16407329642e-06, 1.04676689716e-06, 1.65446874689e-06, 1.74431272626e-06, 1.47930677485e-06, 1.74174135736e-06, 3.44859608958e-06, 5.64800120628e-06, 9.79065862339e-06, 1.05799044832e-05, 1.22467008623e-05, 1.59731625899e-05, 2.14885312744e-05, 4.24152785854e-05, 4.51136293123e-05, 3.53352697857e-05, 3.68164437532e-05, 5.05660718773e-05, 8.95986304386e-05, 8.25098250061e-05, 8.03005386842e-05],
        "median": [1.54642805228e-07, 1.02267563307e-08, 1.02871178242e-09, 3.26255439331e-10, 4.79019934829e-10, 8.98717544828e-10, 1.20284915361e-09, 1.19619114614e-09, 2.62509325388e-09, 4.09321287975e-09, 7.06109526405e-09, 6.93261981155e-09, 7.97298493893e-09, 1.03777653138e-08, 1.25719825661e-08, 1.81379604669e-08, 1.3982178082e-08, 1.18679306382e-08, 8.77706529678e-09, 7.07493486019e-09, 1.73386016655e-08, 3.87789782508e-08, 8.98192809018e-08, 1.30013148691e-07, 1.03953205155e-07, 7.30924114123e-07, 1.5101554709e-06, 2.16180796997e-06, 2.24268205784e-06, 2.68751387011e-06, 3.95183087676e-06, 5.93672484683e-06, 1.02629201137e-05, 1.03154907265e-05, 9.41192593018e-06, 1.05430808617e-05, 1.48064791574e-05, 1.97242588911e-05, 1.50310206664e-05, 2.02094088309e-05],
        "min": [3.14391443651e-13, 2.35590599763e-13, 1.3688971289e-13, 5.99999515133e-14, 3.07709214283e-14, 3.83915887633e-14, 4.69817666216e-14, 3.64859509792e-14, 1.87746919519e-14, 8.75887209306e-15, 7.18806897413e-15, 1.04318129859e-14, 8.94519562453e-15, 2.07511552429e-15, 7.0380446161e-15, 1.30037489091e-14, 1.24679895585e-14, 1.96028648636e-14, 3.65871883571e-14, 3.16008307575e-14, 1.45650872819e-14, 4.20146502225e-14, 3.15680167011e-14, 8.26306389848e-15, 1.00093832555e-14, 1.40578958115e-14, 1.59928239949e-14, 2.44049724684e-14, 8.59219887893e-15, 1.31022664642e-14, 2.29065999838e-14, 6.50212729389e-15, 1.50917113821e-14, 8.77260080307e-15, 2.41095663399e-14, 2.10771002973e-14, 1.10908630641e-14, 1.07078584823e-14, 6.27867703779e-15, 1.11285365485e-14],
        "stdev": [4.3262230065e-06, 3.70219709112e-06, 4.05635319112e-06, 3.94042854168e-06, 4.52960102848e-06, 5.77915125177e-06, 4.65819630335e-06, 3.09432198264e-06, 2.93292669085e-06, 3.22822711496e-06, 4.57007854493e-06, 4.33403738498e-06, 2.40842382482e-06, 1.82922838121e-06, 2.82640598925e-06, 3.49905803887e-06, 3.07057302962e-06, 2.67612108473e-06, 4.69717406304e-06, 5.1747138059e-06, 4.99901307194e-06, 8.31515899335e-06, 7.14075440555e-06, 4.40576968685e-06, 6.02114505455e-06, 8.74732631928e-06, 1.13384885481e-05, 2.26261727221e-05, 2.37093718169e-05, 2.78535735561e-05, 3.4775606764e-05, 4.0652743337e-05, 0.000109398482891, 0.000125904407469, 7.7800184954e-05, 6.8982677476e-05, 0.00010023919458, 0.000217630469706, 0.000198892637854, 0.0002020845277],
