{
"lowlevel": {
    "average_loudness": 0.962154507637,
    "barkbands_crest": {
        "dmean": 1.36885464191,
        "dmean2": 2.13053607941,
        "dvar": 2.0683760643,
        "dvar2": 4.20549631119,
        "max": 13.5073356628,
        "mean": 5.30423974991,
        "median": 3.94450044632,
        "min": 2.08538246155,
        "stdev": 3.10699629784,
        "var": 9.65342617035
    },
    "barkbands_flatness_db": {
        "dmean": 0.0125353923067,
        "dmean2": 0.0176387149841,
        "dvar": 0.000165290708537,
        "dvar2": 0.000376305630198,
        "max": 0.160277083516,
        "mean": 0.0835108309984,
        "median": 0.0830338299274,
        "min": 0.0288415830582,
        "stdev": 0.0290609523654,
        "var": 0.000844538910314
    },
    "barkbands_kurtosis": {
        "dmean": 0.42291405797,
        "dmean2": 0.672589957714,
        "dvar": 0.259389698505,
        "dvar2": 0.614967644215,
        "max": 3.12912130356,
        "mean": -0.649672269821,
        "median": -0.904945492744,
        "min": -1.39406347275,
        "stdev": 0.698742449284,
        "var": 0.488241046667
    },
    "barkbands_skewness": {
        "dmean": 0.280370652676,
        "dmean2": 0.40588003397,
        "dvar": 0.0555443018675,
        "dvar2": 0.126827165484,
        "max": 1.01372337341,
        "mean": -0.262649774551,
        "median": -0.111512795091,
        "min": -1.99966681004,
        "stdev": 0.619297921658,
        "var": 0.383529931307
    },
    "barkbands_spread": {
        "dmean": 9.50327301025,
        "dmean2": 14.4474964142,
        "dvar": 201.490234375,
        "dvar2": 371.729797363,
        "max": 106.723686218,
        "mean": 48.8710365295,
        "median": 38.7011032104,
        "min": 11.4993753433,
        "stdev": 25.7754497528,
        "var": 664.373779297
    },
    "dissonance": {
        "dmean": 0.0116891497746,
        "dmean2": 0.0214759092778,
        "dvar": 0.00078801822383,
        "dvar2": 0.00228999694809,
        "max": 0.500000059605,
        "mean": 0.489213734865,
        "median": 0.492994487286,
        "min": 0.255450069904,
        "stdev": 0.0211294852197,
        "var": 0.000446455174824
    },
    "dynamic_complexity": 18.8122215271,
    "erbbands_crest": {
        "dmean": 1.2701830864,
        "dmean2": 2.15385699272,
        "dvar": 2.01910972595,
        "dvar2": 5.2004532814,
        "max": 11.0469360352,
        "mean": 4.22824144363,
        "median": 3.69616222382,
        "min": 2.31329488754,
        "stdev": 1.533218503,
        "var": 2.35075902939
    },
    "erbbands_flatness_db": {
        "dmean": 0.0160458218306,
        "dmean2": 0.0253423340619,
        "dvar": 0.000541701389011,
        "dvar2": 0.00103850010782,
        "max": 0.236312776804,
        "mean": 0.135799601674,
        "median": 0.142331957817,
        "min": 0.06524836272,
        "stdev": 0.0395559333265,
        "var": 0.00156467186753
    },
    "erbbands_kurtosis": {
        "dmean": 0.328534632921,
        "dmean2": 0.524255633354,
        "dvar": 0.131379425526,
        "dvar2": 0.306040108204,
        "max": 1.78028154373,
        "mean": -0.494851440191,
        "median": -0.668591380119,
        "min": -1.11102235317,
        "stdev": 0.513150811195,
        "var": 0.263323754072
    },
    "erbbands_skewness": {
        "dmean": 0.220969945192,
        "dmean2": 0.363551110029,
        "dvar": 0.0288765002042,
        "dvar2": 0.0683243051171,
        "max": 0.423224389553,
        "mean": -0.13159327209,
        "median": -0.0951845794916,
        "min": -0.810560405254,
        "stdev": 0.281172335148,
        "var": 0.079057879746
    },
    "erbbands_spread": {
        "dmean": 6.49713230133,
        "dmean2": 10.2086429596,
        "dvar": 30.5396003723,
        "dvar2": 64.5705337524,
        "max": 66.9509048462,
        "mean": 39.2151069641,
        "median": 40.1882019043,
        "min": 13.5241279602,
        "stdev": 8.71731567383,
        "var": 75.9915847778
    },
    "hfc": {
        "dmean": 30.6177768707,
        "dmean2": 56.7309951782,
        "dvar": 11002.1318359,
        "dvar2": 31003.8125,
        "max": 1000.47088623,
        "mean": 18.6423816681,
        "median": 0.0296744331717,
        "min": 0.000430232845247,
        "stdev": 81.4482269287,
        "var": 6633.81396484
    },
    "loudness_ebu128": {
        "integrated": -34.047794342,
        "loudness_range": 2.60409545898,
        "momentary": {
            "dmean": 4.81690645218,
            "dmean2": 9.58443164825,
            "dvar": 66.1897506714,
            "dvar2": 174.948059082,
            "max": -29.5189800262,
            "mean": -36.9620857239,
            "median": -35.1223640442,
            "min": -68.7245254517,
            "stdev": 7.0615029335,
            "var": 49.8648223877
        },
        "short_term": {
            "dmean": 0.27540281415,
            "dmean2": 0.494054228067,
            "dvar": 0.097544118762,
            "dvar2": 0.164156451821,
            "max": -32.9203567505,
            "mean": -34.5681419373,
            "median": -34.4216003418,
            "min": -36.10987854,
            "stdev": 0.883366107941,
            "var": 0.780335664749
        }
    },
    "melbands_crest": {
        "dmean": 2.30266284943,
        "dmean2": 3.95751619339,
        "dvar": 3.40937519073,
        "dvar2": 8.04694843292,
        "max": 16.9187240601,
        "mean": 7.11845254898,
        "median": 6.60311222076,
        "min": 2.29379415512,
        "stdev": 2.7007689476,
        "var": 7.2941532135
    },
    "melbands_flatness_db": {
        "dmean": 0.0112261641771,
        "dmean2": 0.018018739298,
        "dvar": 9.54480346991e-05,
        "dvar2": 0.000213857652852,
        "max": 0.110963866115,
        "mean": 0.0539794936776,
        "median": 0.0557671785355,
        "min": 0.0158132296056,
        "stdev": 0.0201878920197,
        "var": 0.000407550978707
    },
    "melbands_kurtosis": {
        "dmean": 0.753789067268,
        "dmean2": 1.20935201645,
        "dvar": 0.49038669467,
        "dvar2": 1.26646196842,
        "max": 4.83150815964,
        "mean": 0.351478338242,
        "median": 0.188876271248,
        "min": -1.46685242653,
        "stdev": 1.11635625362,
        "var": 1.24625122547
    },
    "melbands_skewness": {
        "dmean": 0.329412996769,
        "dmean2": 0.510491132736,
        "dvar": 0.0838058367372,
        "dvar2": 0.195935338736,
        "max": 2.09995603561,
        "mean": 0.864899039268,
        "median": 0.909747123718,
        "min": -0.587989270687,
        "stdev": 0.506686866283,
        "var": 0.256731569767
    },
    "melbands_spread": {
        "dmean": 15.9236965179,
        "dmean2": 25.0021400452,
        "dvar": 526.935913086,
        "dvar2": 964.444152832,
        "max": 190.941802979,
        "mean": 76.9423065186,
        "median": 62.1676330566,
        "min": 31.691280365,
        "stdev": 40.1171417236,
        "var": 1609.38513184
    },
    "pitch_salience": {
        "dmean": 0.0427023693919,
        "dmean2": 0.0726399645209,
        "dvar": 0.00207126908936,
        "dvar2": 0.0053423633799,
        "max": 0.964161157608,
        "mean": 0.749053418636,
        "median": 0.742823004723,
        "min": 0.646002352238,
        "stdev": 0.0529836341739,
        "var": 0.00280726561323
    },
    "silence_rate_20dB": {
        "dmean": 0,
        "dmean2": 0,
        "dvar": 0,
        "dvar2": 0,
        "max": 1,
        "mean": 1,
        "median": 1,
        "min": 1,
        "stdev": 0,
        "var": 0
    },
    "silence_rate_30dB": {
        "dmean": 0.00604229606688,
        "dmean2": 0.0121212117374,
        "dvar": 0.00600576028228,
        "dvar2": 0.0180348455906,
        "max": 1,
        "mean": 0.996987938881,
        "median": 1,
        "min": 0,
        "stdev": 0.0547993183136,
        "var": 0.00300296512432
    },
    "silence_rate_60dB": {
        "dmean": 0.102719031274,
        "dmean2": 0.206060603261,
        "dvar": 0.0921679586172,
        "dvar2": 0.16360001266,
        "max": 1,
        "mean": 0.864457845688,
        "median": 1,
        "min": 0,
        "stdev": 0.342301696539,
        "var": 0.117170445621
    },
    "spectral_centroid": {
        "dmean": 250.648345947,
        "dmean2": 366.187774658,
        "dvar": 43736.8710938,
        "dvar2": 100134.984375,
        "max": 3983.9675293,
        "mean": 3045.51904297,
        "median": 2981.72973633,
        "min": 1792.75366211,
        "stdev": 481.579986572,
        "var": 231919.296875
    },
    "spectral_complexity": {
        "dmean": 4.22356510162,
        "dmean2": 7.08484840393,
        "dvar": 116.977226257,
        "dvar2": 254.374710083,
        "max": 54,
        "mean": 3.59638547897,
        "median": 0,
        "min": 0,
        "stdev": 10.9056510925,
        "var": 118.933227539
    },
    "spectral_decrease": {
        "dmean": 8.98967678076e-10,
        "dmean2": 1.65181035516e-09,
        "dvar": 1.1774528072e-17,
        "dvar2": 3.36163884836e-17,
        "max": 3.73738295493e-15,
        "mean": -5.50909318164e-10,
        "median": -1.76873750021e-12,
        "min": -3.52569671236e-08,
        "stdev": 2.62673771623e-09,
        "var": 6.89975130373e-18
    },
    "spectral_energy": {
        "dmean": 0.00616963021457,
        "dmean2": 0.0113794608042,
        "dvar": 0.00050036952598,
        "dvar2": 0.00141999684274,
        "max": 0.223813474178,
        "mean": 0.00377017864957,
        "median": 9.1231904662e-06,
        "min": 3.04586578181e-08,
        "stdev": 0.017238881439,
        "var": 0.000297179009067
    },
    "spectral_energyband_high": {
        "dmean": 0.00281033967622,
        "dmean2": 0.00519044697285,
        "dvar": 8.20180212031e-05,
        "dvar2": 0.000229774668696,
        "max": 0.0802032276988,
        "mean": 0.00170711404644,
        "median": 2.28183853324e-06,
        "min": 1.90093469854e-08,
        "stdev": 0.00709302537143,
        "var": 5.03110095451e-05
    },
    "spectral_energyband_low": {
        "dmean": 1.08758356987e-07,
        "dmean2": 1.77438266746e-07,
        "dvar": 1.47019034316e-13,
        "dvar2": 3.60912525994e-13,
        "max": 3.4214540392e-06,
        "mean": 9.07211088474e-08,
        "median": 3.10026271322e-09,
        "min": 7.90721488286e-10,
        "stdev": 3.5557363276e-07,
        "var": 1.26432610041e-13
    },
    "spectral_energyband_middle_high": {
        "dmean": 0.00315748527646,
        "dmean2": 0.00583449937403,
        "dvar": 0.000167650054209,
        "dvar2": 0.000482208066387,
        "max": 0.135522186756,
        "mean": 0.00191049254499,
        "median": 4.77386402054e-06,
        "min": 1.74750858228e-09,
        "stdev": 0.00978423655033,
        "var": 9.5731287729e-05
    },
    "spectral_energyband_middle_low": {
        "dmean": 0.000188438192708,
        "dmean2": 0.000334392301738,
        "dvar": 5.70384599996e-07,
        "dvar2": 1.60339038757e-06,
        "max": 0.00766376173124,
        "mean": 0.000140179719892,
        "median": 2.516946779e-06,
        "min": 2.57246723923e-10,
        "stdev": 0.000609471811913,
        "var": 3.71455882942e-07
    },
    "spectral_entropy": {
        "dmean": 0.0779536813498,
        "dmean2": 0.113325931132,
        "dvar": 0.00771903479472,
        "dvar2": 0.0131404064596,
        "max": 8.90947151184,
        "mean": 8.44594764709,
        "median": 8.37139606476,
        "min": 8.11526584625,
        "stdev": 0.193310022354,
        "var": 0.0373687669635
    },
    "spectral_flux": {
        "dmean": 0.0212843995541,
        "dmean2": 0.032615263015,
        "dvar": 0.00264439964667,
        "dvar2": 0.00463226158172,
        "max": 0.415614724159,
        "mean": 0.0280355997384,
        "median": 0.00281512178481,
        "min": 0.000128916901303,
        "stdev": 0.0631096884608,
        "var": 0.00398283265531
    },
    "spectral_kurtosis": {
        "dmean": 0.615477263927,
        "dmean2": 0.985207736492,
        "dvar": 0.510555326939,
        "dvar2": 1.26218891144,
        "max": 8.65555667877,
        "mean": 3.50509572029,
        "median": 3.41076946259,
        "min": 1.90894269943,
        "stdev": 0.841446578503,
        "var": 0.708032369614
    },
    "spectral_rms": {
        "dmean": 0.000734954199288,
        "dmean2": 0.00114917953033,
        "dvar": 3.35192839884e-06,
        "dvar2": 8.33699050418e-06,
        "max": 0.0147768268362,
        "mean": 0.000724678451661,
        "median": 9.43397535593e-05,
        "min": 5.45121702089e-06,
        "stdev": 0.00177568674553,
        "var": 3.15306351695e-06
    },
    "spectral_rolloff": {
        "dmean": 1611.21655273,
        "dmean2": 2227.96826172,
        "dvar": 5436540.5,
        "dvar2": 8027782,
        "max": 21145.6054688,
        "mean": 10939.5175781,
        "median": 7655.05371094,
        "min": 2863.91601562,
        "stdev": 6176.83789062,
        "var": 38153328
    },
    "spectral_skewness": {
        "dmean": 0.117809407413,
        "dmean2": 0.190940633416,
        "dvar": 0.0185311492532,
        "dvar2": 0.0471196733415,
        "max": 2.40978598595,
        "mean": 1.47495448589,
        "median": 1.43824195862,
        "min": 1.22943556309,
        "stdev": 0.155772104859,
        "var": 0.0242649503052
    },
    "spectral_spread": {
        "dmean": 730690.625,
        "dmean2": 1119068.875,
        "dvar": 1.48736888013e+12,
        "dvar2": 2.6760881111e+12,
        "max": 16099101,
        "mean": 7199367.5,
        "median": 6125870,
        "min": 4768914,
        "stdev": 2114767.5,
        "var": 4.47224165171e+12
    },
    "spectral_strongpeak": {
        "dmean": 0.173014461994,
        "dmean2": 0.291091650724,
        "dvar": 0.177021414042,
        "dvar2": 0.453158885241,
        "max": 2.83467388153,
        "mean": 0.146009802818,
        "median": 0.0155800301582,
        "min": 0,
        "stdev": 0.384862661362,
        "var": 0.148119270802
    },
    "zerocrossingrate": {
        "dmean": 0.0289413593709,
        "dmean2": 0.0222626663744,
        "dvar": 0.000843395013362,
        "dvar2": 0.000526161398739,
        "max": 0.509765625,
        "mean": 0.285306274891,
        "median": 0.23486328125,
        "min": 0.08837890625,
        "stdev": 0.112575925887,
        "var": 0.0126733388752
    },
    "barkbands": {
        "dmean": [3.11252379426e-09, 7.96447352513e-09, 2.45983535763e-08, 2.62574815224e-07, 5.2253458307e-06, 1.18233119792e-05, 2.41692778218e-05, 5.53503450647e-05, 8.73473109095e-05, 6.30699723843e-05, 4.90853417432e-05, 0.000128434912767, 0.000209235760849, 0.000301901280181, 0.000350472342689, 0.00068706338061, 0.000326776062138, 0.000407336920034, 0.000412825145759, 0.000732422980946, 0.000492941122502, 0.000402222503908, 0.00038858348853, 0.000254890939686, 0.000300617190078, 0.000301612075418, 0.000189191574464],
        "dmean2": [5.80898618097e-09, 1.52452983571e-08, 4.13256699971e-08, 4.24586175996e-07, 9.62212379818e-06, 2.01187067432e-05, 3.92954789277e-05, 0.000102471931314, 0.000162250318681, 0.000109717759187, 8.80435618456e-05, 0.000237648098846, 0.000385179300793, 0.000573042838369, 0.000665536092129, 0.00132282299455, 0.000593551609199, 0.000749507104047, 0.000751517887693, 0.00138013868127, 0.000910579168703, 0.000726792728528, 0.00071212335024, 0.000469120976049, 0.000558478699531, 0.00056450732518, 0.000350935413735],
        "dvar": [4.73341545623e-16, 1.69751162454e-15, 7.07329219813e-15, 8.04412688803e-13, 6.31949881313e-10, 1.19506216034e-09, 5.47118395033e-09, 6.87944279321e-08, 1.66455862427e-07, 5.67382691941e-08, 3.00435480938e-08, 3.16826714197e-07, 7.22117476926e-07, 2.45738647209e-06, 2.8904280498e-06, 1.36512126119e-05, 1.94393442143e-06, 1.73930050096e-06, 2.27535952035e-06, 5.57918792765e-06, 2.92821346193e-06, 1.55449663453e-06, 1.49798279381e-06, 6.36395270703e-07, 1.13759915621e-06, 1.4610643575e-06, 3.81469675403e-07],
        "dvar2": [1.42946571904e-15, 5.00526464554e-15, 1.74414248235e-14, 2.01368327395e-12, 1.82838333362e-09, 3.30638294521e-09, 1.20343459642e-08, 1.9744788915e-07, 4.81144127207e-07, 1.58609111622e-07, 8.28508532891e-08, 9.02699639482e-07, 2.05647438634e-06, 7.21226660971e-06, 8.412464922e-06, 4.02647201554e-05, 5.53462996322e-06, 4.84929068989e-06, 6.43079874862e-06, 1.58478924277e-05, 8.2714805103e-06, 4.24030122304e-06, 4.15557133238e-06, 1.7816031459e-06, 3.23448989548e-06, 4.20726337325e-06, 1.06709285319e-06],
        "max": [2.89732383862e-07, 4.64298381075e-07, 7.96402673586e-07, 7.46480145608e-06, 0.000283752160612, 0.000342220242601, 0.000852135533933, 0.00229039392434, 0.00454753777012, 0.0027438797988, 0.00149891024921, 0.00636471668258, 0.0068338192068, 0.0176183953881, 0.0169422067702, 0.0427630320191, 0.0148036917672, 0.0109588690102, 0.0144323268905, 0.0190705079585, 0.0166512280703, 0.0112032936886, 0.0104798097163, 0.00571160437539, 0.00995094515383, 0.0126753626391, 0.00538321118802],
        "mean": [8.80374617651e-09, 4.63189619992e-09, 1.89129849559e-08, 2.0582844229e-07, 3.46657998307e-06, 1.1283564163e-05, 2.44094153459e-05, 3.55301854142e-05, 5.66539856663e-05, 4.60230185126e-05, 3.52134156856e-05, 8.11087957118e-05, 0.000128369574668, 0.000176087545697, 0.000201108428882, 0.000389336521039, 0.00020432373276, 0.000244400463998, 0.000252650905168, 0.000423972727731, 0.000301214895444, 0.00025681295665, 0.000238842185354, 0.000158515525982, 0.000180353890755, 0.000175012100954, 0.000114379472507],
        "median": [7.90192622446e-09, 1.20769810819e-10, 2.14187390046e-10, 3.64621954851e-09, 6.8757216809e-08, 5.3957506907e-07, 3.70070722511e-07, 3.4261449855e-07, 4.40383871592e-07, 7.93391791376e-07, 3.15886751423e-07, 3.81865305599e-07, 3.23947801917e-07, 2.76638559171e-07, 3.08778510316e-07, 3.6136179915e-07, 4.9917105116e-07, 3.93883794914e-07, 4.68165580969e-07, 3.78064584083e-07, 3.97322423851e-07, 4.06856656809e-07, 3.45597868545e-07, 2.87143336664e-07, 2.05622214366e-07, 1.51839202545e-07, 1.63758386407e-07],
        "min": [7.57944762508e-10, 8.35380809666e-12, 2.19957472375e-12, 2.84663828967e-12, 2.8897762655e-11, 1.56307657789e-11, 1.11645866163e-11, 7.94027257139e-12, 4.1646928961e-11, 5.03360270132e-11, 3.99496026537e-11, 1.81002244443e-11, 6.23832027702e-11, 4.5213367772e-11, 1.26035140657e-10, 9.58668838758e-11, 1.24311158589e-10, 1.31952351823e-10, 2.0790294486e-10, 3.17161241714e-10, 4.46656656106e-10, 6.28996854601e-10, 7.28404891959e-10, 8.39171232503e-10, 1.08203634941e-09, 3.16583825821e-09, 5.88126303214e-09],
        "stdev": [1.55417527736e-08, 2.99660243286e-08, 7.74771962142e-08, 8.2003668922e-07, 1.89569982467e-05, 3.28611604345e-05, 8.05763120297e-05, 0.00019885218353, 0.000308471906465, 0.000190605118405, 0.000142717806739, 0.000431378604844, 0.000652569637168, 0.00114551512524, 0.00125870935153, 0.00267792958766, 0.00106682919431, 0.00103656819556, 0.00117676251102, 0.00180681957863, 0.00132471462712, 0.00101734802593, 0.000973654678091, 0.000628931215033, 0.000816762971226, 0.000907524547074, 0.000483920797706],
        "var": [2.41546082698e-16, 8.97962603153e-16, 6.00271582115e-15, 6.72460188662e-13, 3.5936778553e-10, 1.07985576037e-09, 6.49254250362e-09, 3.95421935195e-08, 9.51549097294e-08, 3.63303129802e-08, 2.03683736544e-08, 1.86087504517e-07, 4.25847161978e-07, 1.31220497224e-06, 1.5843492065e-06, 7.17130660632e-06, 1.13812461677e-06, 1.07447374376e-06, 1.38476991651e-06, 3.26459689859e-06, 1.75486877652e-06, 1.03499701254e-06, 9.48003389567e-07, 3.95554451416e-07, 6.67101744511e-07, 8.23600771582e-07, 2.34179324821e-07]
    },
    "erbbands": {
        "dmean": [2.38091374172e-07, 2.27982968681e-06, 2.47652988037e-05, 0.000434374611359, 0.0026659714058, 0.0203046873212, 0.0468872487545, 0.123239651322, 0.31925868988, 0.556687057018, 1.77785599232, 1.76872622967, 1.67261493206, 2.04526329041, 2.41293239594, 5.8212647438, 9.17568588257, 16.4274234772, 16.7437591553, 32.3751106262, 27.235906601, 17.6881599426, 18.216588974, 24.0274467468, 22.5908985138, 39.4023513794, 23.589641571, 17.6031627655, 13.5869226456, 12.3529949188, 10.4629526138, 5.68696212769, 4.90918111801, 3.17461776733, 2.17965936661, 1.27895641327, 0.542523801327, 0.157865643501, 0.0308374483138, 0.0022686321754],
        "dmean2": [4.5553201744e-07, 4.1760026761e-06, 4.1021809011e-05, 0.000695713795722, 0.00466626090929, 0.037451967597, 0.0839601829648, 0.203819692135, 0.521163344383, 0.947375297546, 3.34371829033, 3.27014160156, 2.91748452187, 3.58028817177, 4.29139375687, 10.7820224762, 16.8135166168, 31.5014762878, 31.3229084015, 62.5176086426, 51.3243675232, 32.2446784973, 33.4337310791, 43.7309379578, 41.5107078552, 74.7071838379, 43.5626831055, 32.3388061523, 24.482919693, 22.2939338684, 19.2148418427, 10.3610858917, 9.15205192566, 5.8625497818, 4.07238864899, 2.3920404911, 1.01833117008, 0.292017579079, 0.0574408173561, 0.00418271496892],
        "dvar": [3.09403717924e-12, 8.56877971356e-11, 6.96618895901e-09, 2.14105898522e-06, 9.00538143469e-05, 0.0085799722001, 0.0370665453374, 0.118828721344, 1.13986217976, 4.469373703, 70.5266571045, 68.4435501099, 32.5079612732, 51.4320831299, 85.3006210327, 626.044250488, 1378.74206543, 7115.0703125, 5398.19287109, 31423.2304688, 15512.5058594, 5489.16894531, 3468.39648438, 6246.95068359, 8745.46289062, 15440.6347656, 6075.99072266, 3686.65185547, 1951.85400391, 1470.68566895, 1066.44519043, 287.695037842, 249.900253296, 119.504806519, 62.9533309937, 26.2606983185, 5.11591529846, 0.309105783701, 0.00979369319975, 4.93060906592e-05],
        "dvar2": [9.20922452879e-12, 2.4607232918e-10, 1.75101657618e-08, 5.25288805875e-06, 0.000246905052336, 0.0245170239359, 0.107969261706, 0.318108260632, 2.75367236137, 12.1368684769, 203.284347534, 198.094345093, 90.671875, 141.303573608, 241.029922485, 1788.27880859, 3921.07568359, 20916.4042969, 15493.7167969, 92838.9609375, 45142.6757812, 15609.5859375, 9629.76660156, 17532.3183594, 25189.7421875, 43821.609375, 17076.0488281, 10393.5195312, 5346.95410156, 4010.46655273, 2972.7277832, 797.664611816, 706.312316895, 339.021972656, 179.550140381, 75.6449661255, 14.7867927551, 0.87052500248, 0.0274520032108, 0.000137471608468],
        "max": [2.25555540965e-05, 8.37485349621e-05, 0.000733138527721, 0.0114972367883, 0.0831304863095, 0.998046755791, 2.20755362511, 3.16931557655, 12.4302616119, 21.1978473663, 80.6221618652, 92.8988189697, 60.3205108643, 74.7249679565, 76.7362289429, 280.210021973, 310.66784668, 939.237243652, 706.919677734, 2021.82556152, 1357.4708252, 771.473632812, 438.267669678, 689.594055176, 999.458496094, 835.936157227, 709.690429688, 596.515136719, 422.239898682, 310.013397217, 276.2940979, 113.884887695, 110.881187439, 105.304458618, 69.0047836304, 51.658290863, 24.6228923798, 5.17009162903, 0.840657055378, 0.0550767891109],
        "mean": [1.53665112634e-07, 1.45638523463e-06, 1.9886327209e-05, 0.000350532616721, 0.00192446645815, 0.0137992082164, 0.0367361865938, 0.122012838721, 0.324838638306, 0.431137084961, 1.10016262531, 1.17092263699, 1.20259916782, 1.51049983501, 1.64760196209, 3.61688971519, 5.66383695602, 9.44639968872, 9.81266403198, 18.1986980438, 15.8767557144, 11.0849065781, 11.1175165176, 14.6292514801, 13.5300779343, 22.8292655945, 14.2028827667, 10.8071718216, 8.72445011139, 7.81022644043, 6.41237354279, 3.58241391182, 2.96982288361, 1.90582549572, 1.29504919052, 0.746461689472, 0.313292711973, 0.0931153222919, 0.0185934212059, 0.00138571381103],
        "median": [2.27710152956e-08, 3.22584270407e-08, 3.34661905299e-07, 7.07051367499e-06, 6.35155302007e-05, 0.000299645180348, 0.00144156580791, 0.0048692477867, 0.00533331278712, 0.00569662638009, 0.00730937579647, 0.00920700840652, 0.0116382520646, 0.0304703488946, 0.014351638034, 0.0141352508217, 0.0133153926581, 0.0158950462937, 0.0185317657888, 0.0164182148874, 0.0227781124413, 0.0285193175077, 0.0223651081324, 0.0202886126935, 0.027620550245, 0.0196607355028, 0.0159700624645, 0.0155716845766, 0.0138055738062, 0.0106829991564, 0.00987584795803, 0.00582410860807, 0.00496169785038, 0.00266984989867, 0.00137604936026, 0.000595372868702, 0.000283202331048, 8.87040951056e-05, 2.32036654779e-05, 2.39194059759e-06],
        "min": [1.07056319365e-08, 2.24133556159e-09, 4.50103332383e-09, 1.53786725576e-08, 3.05535756695e-08, 9.36842425858e-08, 1.94780199081e-07, 9.06748667262e-08, 9.31522521341e-08, 4.00122814881e-07, 4.08984703881e-07, 9.27575626974e-07, 1.12164195798e-06, 1.8271089175e-06, 2.18403511099e-06, 9.61335217653e-07, 3.14422254633e-06, 4.24725431003e-06, 3.77932906304e-06, 8.12149664853e-06, 5.40114797332e-06, 7.94191510067e-06, 8.66888058226e-06, 1.44856012412e-05, 1.39244111779e-05, 1.30373182401e-05, 1.88558642549e-05, 2.05212800211e-05, 2.28862936638e-05, 2.56331059063e-05, 1.73537046066e-05, 1.7626065528e-05, 1.51390886458e-05, 8.1319203673e-06, 9.97492497845e-06, 7.95973210188e-06, 6.09546259511e-06, 3.07587288262e-06, 9.74114414021e-07, 8.75479670981e-08],
        "stdev": [1.26370730413e-06, 7.07515255272e-06, 7.60505718063e-05, 0.00136285601184, 0.00779796531424, 0.0709446519613, 0.150237947702, 0.347658663988, 1.11836898327, 1.77410948277, 6.31111621857, 6.25670957565, 4.63820266724, 5.86670398712, 7.37133979797, 19.0957717896, 28.5841579437, 61.4453849792, 55.5337982178, 128.077102661, 92.2971878052, 56.8037796021, 46.6726722717, 62.0936965942, 70.7333450317, 95.0077362061, 60.6284103394, 47.2825050354, 35.8569259644, 31.2943000793, 25.86992836, 13.6145496368, 12.2373161316, 8.42817115784, 6.03798437119, 3.84546756744, 1.68906402588, 0.430731862783, 0.0772889629006, 0.00555955525488],
        "var": [1.59695618274e-12, 5.00577843066e-11, 5.78368908322e-09, 1.85737644642e-06, 6.08082664257e-05, 0.00503314333037, 0.0225714389235, 0.120866544545, 1.25074923038, 3.14746427536, 39.8301887512, 39.1464157104, 21.5129241943, 34.4182167053, 54.3366508484, 364.648529053, 817.054138184, 3775.53540039, 3084.00292969, 16403.7460938, 8518.77050781, 3226.66943359, 2178.33837891, 3855.62695312, 5003.20556641, 9026.46972656, 3675.80419922, 2235.63525391, 1285.71923828, 979.333190918, 669.253173828, 185.355957031, 149.751907349, 71.034072876, 36.4572525024, 14.7876214981, 2.85293722153, 0.185529947281, 0.00597358355299, 3.09086572088e-05]
    },
    "gfcc": {
        "mean": [-368.227386475, -70.4911804199, -144.202865601, -31.2535495758, -76.8876342773, -18.5395736694, -38.8985595703, -5.54386234283, -20.4398918152, 0.965539157391, -11.5005455017, 2.6802945137, -7.22554111481],
        "cov": [[52768.2109375, -2278.78027344, -8284.24511719, -2342.14257812, -4606.89404297, -2017.26391602, -2739.97290039, -1305.11828613, -1513.01452637, -537.634460449, -944.834960938, -513.296081543, -583.150146484], [-2278.78027344, 803.000305176, 191.690887451, -54.4252662659, -71.6446609497, -66.1247329712, -51.6375732422, -58.062297821, -4.21461009979, -34.8868713379, 11.6773872375, 25.4435977936, 33.367805481], [-8284.24511719, 191.690887451, 1580.47473145, 498.939483643, 890.163452148, 375.600585938, 459.818115234, 206.874481201, 241.707473755, 88.5727233887, 125.189811707, 61.3853683472, 66.8697357178], [-2342.14257812, -54.4252662659, 498.939483643, 236.999649048, 329.213531494, 145.054550171, 158.292678833, 68.4307327271, 52.2228736877, 12.2981147766, 24.0689048767, 7.12684488297, 9.38184547424], [-4606.89404297, -71.6446609497, 890.163452148, 329.213531494, 610.917785645, 269.961181641, 321.214447021, 155.944351196, 154.175735474, 69.9752807617, 62.8719902039, 16.8235473633, 16.6567668915], [-2017.26391602, -66.1247329712, 375.600585938, 145.054550171, 269.961181641, 148.245910645, 160.969818115, 80.7614517212, 67.2352142334, 30.0751419067, 24.9724063873, 6.54216384888, 5.79787349701], [-2739.97290039, -51.6375732422, 459.818115234, 158.292678833, 321.214447021, 160.969818115, 221.818023682, 115.710113525, 99.385055542, 43.1130104065, 50.3387298584, 12.5506982803, 15.4911413193], [-1305.11828613, -58.062297821, 206.874481201, 68.4307327271, 155.944351196, 80.7614517212, 115.710113525, 79.7043380737, 62.8895149231, 31.7946414948, 28.9222812653, 8.15865039825, 9.59352684021], [-1513.01452637, -4.21461009979, 241.707473755, 52.2228736877, 154.175735474, 67.2352142334, 99.385055542, 62.8895149231, 88.8040924072, 49.4783935547, 38.5893936157, 18.4652671814, 14.39067173], [-537.634460449, -34.8868713379, 88.5727233887, 12.2981147766, 69.9752807617, 30.0751419067, 43.1130104065, 31.7946414948, 49.4783935547, 52.9324913025, 25.7414360046, 10.8368406296, 0.944047927856], [-944.834960938, 11.6773872375, 125.189811707, 24.0689048767, 62.8719902039, 24.9724063873, 50.3387298584, 28.9222812653, 38.5893936157, 25.7414360046, 50.8191871643, 29.2225322723, 24.4391498566], [-513.296081543, 25.4435977936, 61.3853683472, 7.12684488297, 16.8235473633, 6.54216384888, 12.5506982803, 8.15865039825, 18.4652671814, 10.8368406296, 29.2225322723, 36.5013885498, 29.6624011993], [-583.150146484, 33.367805481, 66.8697357178, 9.38184547424, 16.6567668915, 5.79787349701, 15.4911413193, 9.59352684021, 14.39067173, 0.944047927856, 24.4391498566, 29.6624011993, 41.6045036316]],
        "icov": [[0.000492256949656, 0.00135415710974, 0.000790626683738, 0.000118494775961, 0.000789129291661, 0.000970643828623, 0.00155950093176, 0.000296591810184, 0.00147437653504, -0.00102216051891, 0.00240048486739, -0.000269141397439, 0.00171094969846], [0.00135415710974, 0.00613939482719, -0.000369332236005, 0.00268753943965, 0.00415255920961, 0.00441172067076, 0.00272744637914, 0.00275830528699, 0.0041861506179, -0.00157880445477, 0.00783612392843, -0.00155436678324, 0.00520830368623], [0.000790626683738, -0.000369332236005, 0.00958920456469, -0.00485959695652, -0.00753271859139, 0.000694062910043, 0.00315515650436, 0.00474481331185, -0.00488829193637, 0.00177070510108, -0.000348823261447, -5.19292843819e-05, -0.000395823735744], [0.000118494775961, 0.00268753943965, -0.00485959695652, 0.0307429861277, -0.0148870199919, -0.000743214972317, 0.00576135655865, -0.00435455562547, 0.0171512998641, 0.00734848948196, -0.00104689225554, -0.00457748398185, 0.00308547099121], [0.000789129291661, 0.00415255920961, -0.00753271859139, -0.0148870199919, 0.0370624735951, -0.00998706836253, -0.0105166342109, 0.00540486210957, -0.00571625586599, -0.0124385366216, 0.0115748783574, 0.00430106557906, 0.00481117656454], [0.000970643828623, 0.00441172067076, 0.000694062910043, -0.000743214972317, -0.00998706836253, 0.0594933368266, -0.025901157409, -0.000705736281816, 0.0128864310682, -0.00821378175169, 0.0263686254621, -0.0201332233846, 0.00922716781497], [0.00155950093176, 0.00272744637914, 0.00315515650436, 0.00576135655865, -0.0105166342109, -0.025901157409, 0.068906404078, -0.039306294173, 0.00144245708361, 0.0127006499097, -0.0221861172467, 0.0185710508376, 0.00353253888898], [0.000296591810184, 0.00275830528699, 0.00474481331185, -0.00435455562547, 0.00540486210957, -0.000705736281816, -0.039306294173, 0.0778621137142, -0.0254641771317, -0.00335461297072, 0.00574267935008, 0.00442732218653, -0.00772940460593], [0.00147437653504, 0.0041861506179, -0.00488829193637, 0.0171512998641, -0.00571625586599, 0.0128864310682, 0.00144245708361, -0.0254641771317, 0.0727283731103, -0.0349241122603, 0.0103157702833, -0.00901855900884, 0.00313134142198], [-0.00102216051891, -0.00157880445477, 0.00177070510108, 0.00734848948196, -0.0124385366216, -0.00821378175169, 0.0127006499097, -0.00335461297072, -0.0349241122603, 0.0620336085558, -0.0264967828989, -0.00581433949992, 0.0149874947965], [0.00240048486739, 0.00783612392843, -0.000348823261447, -0.00104689225554, 0.0115748783574, 0.0263686254621, -0.0221861172467, 0.00574267935008, 0.0103157702833, -0.0264967828989, 0.0828149914742, -0.0430494770408, 0.00586513848975], [-0.000269141397439, -0.00155436678324, -5.19292843819e-05, -0.00457748398185, 0.00430106557906, -0.0201332233846, 0.0185710508376, 0.00442732218653, -0.00901855900884, -0.00581433949992, -0.0430494770408, 0.105088301003, -0.054646614939], [0.00171094969846, 0.00520830368623, -0.000395823735744, 0.00308547099121, 0.00481117656454, 0.00922716781497, 0.00353253888898, -0.00772940460593, 0.00313134142198, 0.0149874947965, 0.00586513848975, -0.054646614939, 0.0751280337572]]
    },
    "melbands": {
        "dmean": [2.18610263225e-09, 1.15230918141e-08, 1.18838535457e-07, 7.16084514352e-07, 1.61560888046e-06, 2.90269008474e-06, 4.75830483992e-06, 6.94032905812e-06, 1.6903555661e-05, 1.02510457509e-05, 8.61307762534e-06, 8.6907093646e-06, 7.00739838067e-06, 1.11022091005e-05, 1.92679272004e-05, 2.192804277e-05, 3.22924461216e-05, 2.41301295318e-05, 3.10224677378e-05, 5.32182930328e-05, 2.85922469629e-05, 1.88648155017e-05, 1.65975852724e-05, 1.70620405697e-05, 1.98028428713e-05, 1.59296487254e-05, 1.72626769199e-05, 2.93134235108e-05, 1.49405159391e-05, 1.23598392747e-05, 9.5883897302e-06, 7.66110042605e-06, 7.76522301749e-06, 6.39246536593e-06, 5.54802682018e-06, 5.68480891161e-06, 2.73643399851e-06, 3.85248767998e-06, 2.69060319624e-06, 2.64512573267e-06],
        "dmean2": [4.20845625015e-09, 1.92026803347e-08, 2.01136742817e-07, 1.30836929202e-06, 2.88991009256e-06, 4.81942288388e-06, 7.70612678025e-06, 1.21419780044e-05, 3.19870378007e-05, 1.87726018339e-05, 1.51197436935e-05, 1.52155698743e-05, 1.25890119307e-05, 2.03497420443e-05, 3.57850985893e-05, 4.04240417993e-05, 6.20835853624e-05, 4.47195998277e-05, 5.94398406975e-05, 0.000103184320324, 5.31988334842e-05, 3.4206379496e-05, 3.09076822305e-05, 3.10683535645e-05, 3.60775156878e-05, 2.9312006518e-05, 3.24923275912e-05, 5.57583516638e-05, 2.75636793958e-05, 2.28806129599e-05, 1.76403773366e-05, 1.37048746183e-05, 1.40288448165e-05, 1.1537017599e-05, 1.01503792393e-05, 1.05232365968e-05, 4.93568177262e-06, 7.18400769983e-06, 4.97829205415e-06, 4.89671219839e-06],
        "dvar": [1.96420455372e-16, 1.56555056174e-15, 1.59632086738e-13, 9.61595560123e-12, 4.65341411238e-11, 7.11647338281e-11, 2.35663377701e-10, 9.38829347596e-10, 6.84128931283e-09, 2.09393125061e-09, 8.83105422123e-10, 9.77477432329e-10, 6.67588151426e-10, 2.25717000646e-09, 5.84383297308e-09, 8.30416535536e-09, 3.01712930195e-08, 9.7519112785e-09, 2.19369677978e-08, 1.01608925718e-07, 1.47610732526e-08, 6.67893740314e-09, 3.73259778641e-09, 2.71564459808e-09, 4.25852197949e-09, 4.24819246447e-09, 5.37799271783e-09, 8.61610072178e-09, 2.76909117858e-09, 1.59261293042e-09, 1.14938358831e-09, 6.0938809554e-10, 5.88302462301e-10, 4.21551349383e-10, 2.95751423351e-10, 3.24695798026e-10, 6.66882243872e-11, 1.56394230899e-10, 8.22440102133e-11, 8.95749724394e-11],
        "dvar2": [5.8437295369e-16, 3.88245089967e-15, 3.97961747107e-13, 2.72829623477e-11, 1.35185862504e-10, 1.88089960274e-10, 5.46740264173e-10, 2.62828714348e-09, 1.98057872325e-08, 6.02619687484e-09, 2.47168485679e-09, 2.70597988461e-09, 1.86008619618e-09, 6.42391073669e-09, 1.65998201851e-08, 2.37132251613e-08, 8.9029761341e-08, 2.77008052052e-08, 6.4126176369e-08, 3.0132179063e-07, 4.25528661196e-08, 1.91422238061e-08, 1.04283115476e-08, 7.44344319514e-09, 1.19728458259e-08, 1.20313448093e-08, 1.56216177771e-08, 2.45341595928e-08, 7.80949527268e-09, 4.48750769877e-09, 3.23203508401e-09, 1.66225555542e-09, 1.61796132048e-09, 1.14424647535e-09, 8.20074896879e-10, 9.15576503502e-10, 1.83001919174e-10, 4.45222497758e-10, 2.32663777133e-10, 2.54756771234e-10],
        "max": [1.74566707756e-07, 3.34157078896e-07, 3.20019580613e-06, 3.19568680425e-05, 7.76883462095e-05, 8.8835520728e-05, 0.000181904048077, 0.000328120222548, 0.000862488464918, 0.00050856533926, 0.000315192795824, 0.000338885729434, 0.000217338048969, 0.000539900851436, 0.000707703235094, 0.000789730926044, 0.00194341270253, 0.000890650844667, 0.00128824729472, 0.00373930088244, 0.00120772293303, 0.000869162962772, 0.000507826684043, 0.00039108938654, 0.000554898928385, 0.00061957212165, 0.000801873218734, 0.000560683896765, 0.000514426792506, 0.000350802059984, 0.000341902981745, 0.000238809952862, 0.000212228143937, 0.000163718999829, 0.000146310601849, 0.000141021169838, 5.60555854463e-05, 9.23937477637e-05, 7.86870295997e-05, 9.64509163168e-05],
        "mean": [1.54642210148e-09, 9.34227095684e-09, 9.61233865837e-08, 4.88119610509e-07, 1.21802236208e-06, 2.91049809675e-06, 4.86738372274e-06, 5.10379868501e-06, 1.03168531496e-05, 6.89254375175e-06, 6.13607198829e-06, 6.32790352029e-06, 4.96362918057e-06, 7.13908775651e-06, 1.16263290693e-05, 1.35266045618e-05, 1.83489100891e-05, 1.43546139952e-05, 1.76256162376e-05, 2.97699534713e-05, 1.68578735611e-05, 1.1698641174e-05, 1.02830626929e-05, 1.0427928828e-05, 1.20050872283e-05, 9.74271915766e-06, 1.00557881524e-05, 1.68866099557e-05, 8.9926079454e-06, 7.40276209399e-06, 5.96930703978e-06, 4.905748483e-06, 4.92147364639e-06, 4.05235368817e-06, 3.43558053828e-06, 3.4149873045e-06, 1.79318635674e-06, 2.30122941502e-06, 1.61768070939e-06, 1.58721104526e-06],
        "median": [3.89541787715e-10, 1.39356318152e-10, 2.6445763357e-09, 1.08441016167e-08, 4.45674075422e-08, 1.06658760046e-07, 7.94632200041e-08, 6.24349993927e-08, 5.76275276387e-08, 6.40605577473e-08, 5.64518600754e-08, 1.31788766566e-07, 4.5885030886e-08, 3.94190422526e-08, 3.49023636659e-08, 3.48669502159e-08, 2.97879747535e-08, 2.89030239742e-08, 2.2762410623e-08, 2.38634463301e-08, 2.56023646727e-08, 2.9776881405e-08, 1.82222326117e-08, 1.71023302187e-08, 1.51104444512e-08, 1.92316527148e-08, 1.89164541808e-08, 1.05630322267e-08, 8.59916671203e-09, 1.24794565792e-08, 7.75377984041e-09, 7.4901826963e-09, 8.12251599314e-09, 4.69283545357e-09, 5.09518471858e-09, 5.79218983887e-09, 2.89396284714e-09, 3.41217187838e-09, 3.11160142097e-09, 1.92065607862e-09],
        "min": [1.62426780359e-10, 2.84510717936e-12, 4.18213770906e-12, 5.2787565985e-12, 7.10611864491e-12, 2.33270369167e-12, 1.56086807975e-12, 3.55249900677e-12, 2.86746277764e-12, 5.30280246797e-12, 4.92687314557e-12, 5.85287287386e-12, 6.06448571916e-12, 3.29075785718e-12, 3.27931930742e-12, 4.26654284819e-12, 6.19039671954e-12, 4.5911603512e-12, 9.7097356197e-12, 9.94146171635e-12, 5.69695592784e-12, 5.54312455311e-12, 8.12913104886e-12, 7.66505175304e-12, 1.04184863861e-11, 8.50201332947e-12, 1.109279682e-11, 7.30921052849e-12, 1.06732686925e-11, 8.58890996519e-12, 9.47214268826e-12, 1.15605658726e-11, 1.29371444113e-11, 1.21004092163e-11, 8.53431388059e-12, 1.20119660746e-11, 1.03912703095e-11, 1.17983296744e-11, 8.23682441697e-12, 6.0358198474e-12],
        "stdev": [1.00589581109e-08, 3.63644048207e-08, 3.64789087826e-07, 2.40000326812e-06, 5.26995290784e-06, 8.51678487379e-06, 1.6405907445e-05, 2.44016955548e-05, 6.17374462308e-05, 3.50235168298e-05, 2.40013396251e-05, 2.5293264116e-05, 2.10407433769e-05, 3.66598724213e-05, 5.86810238019e-05, 6.96894494467e-05, 0.000125822101836, 7.57814341341e-05, 0.000108790140075, 0.000229065364692, 9.14636839298e-05, 6.20637583779e-05, 4.78374931845e-05, 4.18827476096e-05, 5.11199577886e-05, 5.04236959387e-05, 5.44827562408e-05, 7.05613711034e-05, 4.07036968681e-05, 3.10020768666e-05, 2.64635273197e-05, 2.01511265914e-05, 1.9656117729e-05, 1.67755570146e-05, 1.37234446811e-05, 1.40447764352e-05, 6.68194797981e-06, 9.58041255217e-06, 7.04191961631e-06, 7.25464406059e-06],
