{
"lowlevel": {
    "average_loudness": 0.15689919889,
    "barkbands_crest": {
        "dmean": 3.61343431473,
        "dmean2": 5.84998369217,
        "dvar": 11.1524486542,
        "dvar2": 30.7889499664,
        "max": 26.7906074524,
        "mean": 18.3842754364,
        "median": 19.3980712891,
        "min": 2.73523902893,
        "stdev": 5.66502475739,
        "var": 32.0925064087
    },
    "barkbands_flatness_db": {
        "dmean": 0.0443004444242,
        "dmean2": 0.0669183880091,
        "dvar": 0.00161560834385,
        "dvar2": 0.0040485705249,
        "max": 0.48044142127,
        "mean": 0.229429230094,
        "median": 0.22928917408,
        "min": 0.0165554415435,
        "stdev": 0.0971231386065,
        "var": 0.00943290442228
    },
    "barkbands_kurtosis": {
        "dmean": 58.3225288391,
        "dmean2": 93.9621505737,
        "dvar": 16081.6298828,
        "dvar2": 43130.0898438,
        "max": 2328.30444336,
        "mean": 89.0313415527,
        "median": 47.6756515503,
        "min": -1.51051068306,
        "stdev": 146.099731445,
        "var": 21345.1308594
    },
    "barkbands_skewness": {
        "dmean": 2.40577936172,
        "dmean2": 3.7841527462,
        "dvar": 8.24684619904,
        "dvar2": 21.2999649048,
        "max": 42.877571106,
        "mean": 6.54840517044,
        "median": 5.61131286621,
        "min": -0.587937951088,
        "stdev": 4.57180738449,
        "var": 20.9014205933
    },
    "barkbands_spread": {
        "dmean": 4.63029718399,
        "dmean2": 7.13216352463,
        "dvar": 50.9080429077,
        "dvar2": 130.313491821,
        "max": 100.801979065,
        "mean": 9.15203094482,
        "median": 3.96459436417,
        "min": 0.131535321474,
        "stdev": 12.3085289001,
        "var": 151.499893188
    },
    "dissonance": {
        "dmean": 0.0145520605147,
        "dmean2": 0.0250596720725,
        "dvar": 0.000204130919883,
        "dvar2": 0.000565312162507,
        "max": 0.500000178814,
        "mean": 0.479882866144,
        "median": 0.483682751656,
        "min": 0.313953220844,
        "stdev": 0.0161706600338,
        "var": 0.000261490233243
    },
    "dynamic_complexity": 11.8509082794,
    "erbbands_crest": {
        "dmean": 2.33228325844,
        "dmean2": 3.8176047802,
        "dvar": 5.64205789566,
        "dvar2": 14.4782934189,
        "max": 22.8504905701,
        "mean": 7.28219795227,
        "median": 6.33204555511,
        "min": 2.22640442848,
        "stdev": 3.52004766464,
        "var": 12.3907356262
    },
    "erbbands_flatness_db": {
        "dmean": 0.0166866071522,
        "dmean2": 0.0242730490863,
        "dvar": 0.000238278429606,
        "dvar2": 0.000517773791216,
        "max": 0.220894634724,
        "mean": 0.101476579905,
        "median": 0.0922165960073,
        "min": 0.0413056463003,
        "stdev": 0.0389278382063,
        "var": 0.00151537649799
    },
    "erbbands_kurtosis": {
        "dmean": 1.73477041721,
        "dmean2": 2.63036465645,
        "dvar": 5.07515382767,
        "dvar2": 10.8761463165,
        "max": 25.5739593506,
        "mean": 2.2520570755,
        "median": 0.205160856247,
        "min": -1.68638825417,
        "stdev": 4.48424100876,
        "var": 20.1084156036
    },
    "erbbands_skewness": {
        "dmean": 0.461957991123,
        "dmean2": 0.689431846142,
        "dvar": 0.17186999321,
        "dvar2": 0.397612392902,
        "max": 4.23236751556,
        "mean": 1.13948130608,
        "median": 0.889413952827,
        "min": -1.11038827896,
        "stdev": 1.0045119524,
        "var": 1.00904428959
    },
    "erbbands_spread": {
        "dmean": 13.2974367142,
        "dmean2": 19.5060882568,
        "dvar": 174.892120361,
        "dvar2": 343.688842773,
        "max": 147.790740967,
        "mean": 53.7467842102,
        "median": 50.6319122314,
        "min": 9.64061164856,
        "stdev": 25.3787670135,
        "var": 644.081848145
    },
    "hfc": {
        "dmean": 1.77437245846,
        "dmean2": 2.25837373734,
        "dvar": 16.3055782318,
        "dvar2": 24.876285553,
        "max": 90.7430953979,
        "mean": 6.07160663605,
        "median": 1.09318447113,
        "min": 2.24770204227e-07,
        "stdev": 12.1566181183,
        "var": 147.783355713
    },
    "loudness_ebu128": {
        "integrated": -24.0873279572,
        "loudness_range": 18.2540721893,
        "momentary": {
            "dmean": 1.41987931728,
            "dmean2": 1.66911840439,
            "dvar": 2.39048242569,
            "dvar2": 2.97553944588,
            "max": -18.4517364502,
            "mean": -34.9033470154,
            "median": -32.4057731628,
            "min": -58.4103088379,
            "stdev": 11.834854126,
            "var": 140.063781738
        },
        "short_term": {
            "dmean": 0.324577838182,
            "dmean2": 0.301392197609,
            "dvar": 0.63035929203,
            "dvar2": 0.496738225222,
            "max": -21.0889892578,
            "mean": -29.8885421753,
            "median": -28.289937973,
            "min": -49.8806686401,
            "stdev": 7.4415063858,
            "var": 55.3760147095
        }
    },
    "melbands_crest": {
        "dmean": 3.71755838394,
        "dmean2": 5.78444719315,
        "dvar": 13.3198032379,
        "dvar2": 34.5928230286,
        "max": 39.6863937378,
        "mean": 23.2269153595,
        "median": 23.008266449,
        "min": 4.63382816315,
        "stdev": 6.59440755844,
        "var": 43.4862098694
    },
    "melbands_flatness_db": {
        "dmean": 0.0419901832938,
        "dmean2": 0.0606110319495,
        "dvar": 0.0012454361422,
        "dvar2": 0.00276253395714,
        "max": 0.567379891872,
        "mean": 0.327558428049,
        "median": 0.326548457146,
        "min": 0.0437198132277,
        "stdev": 0.116262242198,
        "var": 0.0135169085115
    },
    "melbands_kurtosis": {
        "dmean": 66.2059326172,
        "dmean2": 102.05544281,
        "dvar": 9176.16113281,
        "dvar2": 22471.5859375,
        "max": 1257.25073242,
        "mean": 121.66003418,
        "median": 72.3668365479,
        "min": 0.634236812592,
        "stdev": 143.441452026,
        "var": 20575.4492188
    },
    "melbands_skewness": {
        "dmean": 2.10099482536,
        "dmean2": 3.08588123322,
        "dvar": 4.66647338867,
        "dvar2": 10.7321710587,
        "max": 30.0972442627,
        "mean": 6.87895679474,
        "median": 6.06911563873,
        "min": 0.816742002964,
        "stdev": 4.18295383453,
        "var": 17.4971027374
    },
    "melbands_spread": {
        "dmean": 3.51032590866,
        "dmean2": 5.313164711,
        "dvar": 40.9497070312,
        "dvar2": 94.4537124634,
        "max": 115.076766968,
        "mean": 7.53078508377,
        "median": 2.66134405136,
        "min": 0.294102400541,
        "stdev": 11.6304521561,
        "var": 135.267425537
    },
    "pitch_salience": {
        "dmean": 0.112822525203,
        "dmean2": 0.184766873717,
        "dvar": 0.01006300468,
        "dvar2": 0.0274527817965,
        "max": 0.860540509224,
        "mean": 0.358474731445,
        "median": 0.349147081375,
        "min": 0.0172815714031,
        "stdev": 0.165349453688,
        "var": 0.0273404400796
    },
    "silence_rate_20dB": {
        "dmean": 0.0227014757693,
        "dmean2": 0.0454545468092,
        "dvar": 0.0221858788282,
        "dvar2": 0.0456618666649,
        "max": 1,
        "mean": 0.929705202579,
        "median": 1,
        "min": 0,
        "stdev": 0.255641669035,
        "var": 0.0653526633978
    },
    "silence_rate_30dB": {
        "dmean": 0.0340522117913,
        "dmean2": 0.0681818202138,
        "dvar": 0.0328927598894,
        "dvar2": 0.0680792182684,
        "max": 1,
        "mean": 0.829931974411,
        "median": 1,
        "min": 0,
        "stdev": 0.375692605972,
        "var": 0.141144931316
    },
    "silence_rate_60dB": {
        "dmean": 0.0567536875606,
        "dmean2": 0.113636367023,
        "dvar": 0.0535324849188,
        "dvar2": 0.118905901909,
        "max": 1,
        "mean": 0.387755095959,
        "median": 0,
        "min": 0,
        "stdev": 0.487238883972,
        "var": 0.237401723862
    },
    "spectral_centroid": {
        "dmean": 208.834594727,
        "dmean2": 304.72567749,
        "dvar": 53929.9570312,
        "dvar2": 121135.9375,
        "max": 3568.46728516,
        "mean": 821.954589844,
        "median": 702.526855469,
        "min": 149.207046509,
        "stdev": 624.930541992,
        "var": 390538.21875
    },
    "spectral_complexity": {
        "dmean": 1.24631106853,
        "dmean2": 2.04545450211,
        "dvar": 3.71799945831,
        "dvar2": 8.56839466095,
        "max": 25,
        "mean": 3.63265299797,
        "median": 2,
        "min": 0,
        "stdev": 3.87108421326,
        "var": 14.9852924347
    },
    "spectral_decrease": {
        "dmean": 5.3481796769e-09,
        "dmean2": 6.73140476692e-09,
        "dvar": 1.43591804545e-16,
        "dvar2": 2.13806547768e-16,
        "max": -1.9650194507e-18,
        "mean": -1.70654885778e-08,
        "median": -1.54081636339e-09,
        "min": -2.56896072415e-07,
        "stdev": 3.65167025507e-08,
        "var": 1.33346946342e-15
    },
    "spectral_energy": {
        "dmean": 0.0203362554312,
        "dmean2": 0.0255924966186,
        "dvar": 0.00207710289396,
        "dvar2": 0.00309231085703,
        "max": 0.977241516113,
        "mean": 0.0649596080184,
        "median": 0.00604357384145,
        "min": 2.78037697032e-11,
        "stdev": 0.138909474015,
        "var": 0.0192958414555
    },
    "spectral_energyband_high": {
        "dmean": 1.9317260012e-05,
        "dmean2": 2.68489584414e-05,
        "dvar": 1.89548021723e-09,
        "dvar2": 3.73920361341e-09,
        "max": 0.000863991037477,
        "mean": 5.74232180952e-05,
        "median": 2.65378712356e-05,
        "min": 1.3733428457e-11,
        "stdev": 8.65696347319e-05,
        "var": 7.49430117963e-09
    },
    "spectral_energyband_low": {
        "dmean": 0.0190641768277,
        "dmean2": 0.0242806542665,
        "dvar": 0.00189266598318,
        "dvar2": 0.00297330110334,
        "max": 0.920094847679,
        "mean": 0.0598779506981,
        "median": 0.00428753811866,
        "min": 4.39466301891e-12,
        "stdev": 0.129732728004,
        "var": 0.0168305821717
    },
    "spectral_energyband_middle_high": {
        "dmean": 7.57875168347e-05,
        "dmean2": 0.000116815812362,
        "dvar": 2.9308573346e-08,
        "dvar2": 6.59379537638e-08,
        "max": 0.00208191154525,
        "mean": 0.000167683465406,
        "median": 5.08203156642e-05,
        "min": 4.44189997284e-12,
        "stdev": 0.000269044219749,
        "var": 7.23847932704e-08
    },
    "spectral_energyband_middle_low": {
        "dmean": 0.0023653160315,
        "dmean2": 0.00328534841537,
        "dvar": 3.56987293344e-05,
        "dvar2": 6.79160584696e-05,
        "max": 0.109956160188,
        "mean": 0.00519327633083,
        "median": 0.000362102815416,
        "min": 2.46589380859e-12,
        "stdev": 0.0128047885373,
        "var": 0.00016396259889
    },
    "spectral_entropy": {
        "dmean": 0.213555619121,
        "dmean2": 0.293333917856,
        "dvar": 0.0423882491887,
        "dvar2": 0.0769163221121,
        "max": 8.74820041656,
        "mean": 7.57844781876,
        "median": 7.80567407608,
        "min": 5.81702852249,
        "stdev": 0.673523187637,
        "var": 0.453633457422
    },
    "spectral_flux": {
        "dmean": 0.0241357237101,
        "dmean2": 0.040750592947,
        "dvar": 0.00109037803486,
        "dvar2": 0.00274866004474,
        "max": 0.364513605833,
        "mean": 0.0595239959657,
        "median": 0.0422565191984,
        "min": 0.00166614213958,
        "stdev": 0.0584463328123,
        "var": 0.00341597362421
    },
    "spectral_kurtosis": {
        "dmean": 1.06943786144,
        "dmean2": 1.47941243649,
        "dvar": 1.58968782425,
        "dvar2": 2.97182226181,
        "max": 24.1609592438,
        "mean": 4.31805038452,
        "median": 3.39202046394,
        "min": 0.686692476273,
        "stdev": 3.22577929497,
        "var": 10.4056520462
    },
    "spectral_rms": {
        "dmean": 0.00111353117973,
        "dmean2": 0.00141959695611,
        "dvar": 2.08058850149e-06,
        "dvar2": 2.81572260974e-06,
        "max": 0.0308772791177,
        "mean": 0.00505713745952,
        "median": 0.00242820102721,
        "min": 1.64698604976e-07,
        "stdev": 0.0061482177116,
        "var": 3.78005788662e-05
    },
    "spectral_rolloff": {
        "dmean": 201.106384277,
        "dmean2": 324.538543701,
        "dvar": 669946.5625,
        "dvar2": 1250593.75,
        "max": 17678.7597656,
        "mean": 304.834228516,
        "median": 107.666015625,
        "min": 21.533203125,
        "stdev": 872.266296387,
        "var": 760848.5
    },
    "spectral_skewness": {
        "dmean": 0.208115518093,
        "dmean2": 0.278722941875,
        "dvar": 0.034566745162,
        "dvar2": 0.0653515532613,
        "max": 4.24308729172,
        "mean": 1.76084387302,
        "median": 1.63354325294,
        "min": 0.58827906847,
        "stdev": 0.573115110397,
        "var": 0.328460901976
    },
    "spectral_spread": {
        "dmean": 597787.1875,
        "dmean2": 859000.625,
        "dvar": 320678952960,
        "dvar2": 687934668800,
        "max": 9923374,
        "mean": 6282842,
        "median": 6395207,
        "min": 2722569.75,
        "stdev": 1352391.125,
        "var": 1.82896164864e+12
    },
    "spectral_strongpeak": {
        "dmean": 0.10370927304,
        "dmean2": 0.150148391724,
        "dvar": 0.0248495470732,
        "dvar2": 0.0618237927556,
        "max": 2.61259841919,
        "mean": 0.30804336071,
        "median": 0.132481694221,
        "min": 0,
        "stdev": 0.405380189419,
        "var": 0.164333105087
    },
    "zerocrossingrate": {
        "dmean": 0.00926902983338,
        "dmean2": 0.012472811155,
        "dvar": 0.000134025307489,
        "dvar2": 0.000217730557779,
        "max": 0.203125,
        "mean": 0.0271544158459,
        "median": 0.01806640625,
        "min": 0,
        "stdev": 0.0262694843113,
        "var": 0.000690085813403
    },
    "barkbands": {
        "dmean": [0.001166787697, 0.0157656613737, 0.00463430443779, 0.00122464227024, 0.00105537555646, 0.000359696161468, 0.000142066419357, 7.12664041203e-05, 3.72414688172e-05, 2.16346252273e-05, 1.69580198417e-05, 1.58993025252e-05, 1.30408407131e-05, 1.08688645923e-05, 9.32621423999e-06, 8.31828765513e-06, 6.94360596754e-06, 5.69737858314e-06, 4.81422011944e-06, 3.41628924616e-06, 3.77972105525e-06, 4.25681400884e-06, 3.99666259909e-06, 3.66447056876e-06, 2.90887714982e-06, 1.81717291525e-06, 7.3185947258e-07],
        "dmean2": [0.00182313320693, 0.0206652376801, 0.00584453996271, 0.00183935102541, 0.00145088229328, 0.000514791463502, 0.000227288997849, 0.000115875445772, 6.1841623392e-05, 3.54939802492e-05, 2.8478934837e-05, 2.69502361334e-05, 2.21455811698e-05, 1.8405922674e-05, 1.48283997987e-05, 1.34977808557e-05, 1.16670353236e-05, 9.19860667636e-06, 8.04643786978e-06, 5.50897357243e-06, 6.30698787063e-06, 6.56962583889e-06, 6.10777851762e-06, 5.37769483344e-06, 4.22698440161e-06, 2.5907509098e-06, 1.06728055016e-06],
        "dvar": [6.91880541126e-06, 0.0011913634371, 0.000184223405086, 9.74232534645e-06, 7.75638272899e-06, 1.05759681901e-06, 1.1283312773e-07, 3.41758834566e-08, 5.65411495401e-09, 1.90238602649e-09, 1.40191314113e-09, 1.69226266333e-09, 1.07080666556e-09, 6.73951505714e-10, 4.76280515027e-10, 5.32119737162e-10, 4.21651102922e-10, 2.27354718385e-10, 1.45887663061e-10, 6.2158361791e-11, 1.47662271299e-10, 8.40747402253e-11, 1.01631508764e-10, 8.09863981432e-11, 3.68819072505e-11, 2.2898292637e-11, 3.76893308229e-12],
        "dvar2": [1.66995760083e-05, 0.00210833060555, 0.000326853245497, 2.54581991612e-05, 1.43339584611e-05, 1.67547170804e-06, 2.90192645025e-07, 7.3935765954e-08, 1.43955114495e-08, 4.68649075103e-09, 3.37276473417e-09, 4.77724215742e-09, 2.97024671525e-09, 1.80326498178e-09, 1.11007747439e-09, 1.20043963658e-09, 1.1355799634e-09, 5.33465549513e-10, 3.82909842722e-10, 1.45241291216e-10, 4.26904733786e-10, 1.84222179178e-10, 2.09391740058e-10, 1.58296376007e-10, 7.43292233318e-11, 4.59035691402e-11, 7.641934828e-12],
        "max": [0.0348949953914, 0.631512224674, 0.257245004177, 0.0465008877218, 0.0554163008928, 0.0207688584924, 0.00466214632615, 0.00445681950077, 0.00142153317574, 0.00039963281597, 0.000496646680404, 0.000534102204256, 0.000520496279933, 0.000363206956536, 0.000279992382275, 0.000322198320646, 0.000303386099404, 0.000223457624088, 0.000146965219756, 0.000139994983329, 0.000244061287958, 0.000141511874972, 0.000180636794539, 0.000239425135078, 0.00012791917834, 0.0001069764985, 3.4757405956e-05],
        "mean": [0.00173354975414, 0.0472584143281, 0.0105538694188, 0.00204256316647, 0.00213048188016, 0.000666807754897, 0.000193429121282, 9.22003964661e-05, 5.82462344028e-05, 3.01479303744e-05, 2.2831149181e-05, 2.17659689952e-05, 1.87091663975e-05, 1.67481302924e-05, 1.60737981787e-05, 1.31923743538e-05, 1.07080722955e-05, 9.93818775896e-06, 8.72374585015e-06, 7.32423677618e-06, 8.02952945378e-06, 1.06003708424e-05, 9.95045593299e-06, 9.41571033763e-06, 8.3524355432e-06, 5.17725538884e-06, 2.24943801186e-06],
        "median": [0.00037943321513, 0.00277304439805, 0.000323979562381, 9.09755399334e-05, 7.61251067161e-05, 4.21993172495e-05, 2.72964534815e-05, 1.52624052134e-05, 1.53706914716e-05, 8.33892136143e-06, 5.21183574165e-06, 5.62832428841e-06, 5.66692142456e-06, 5.1856659411e-06, 4.34427602158e-06, 3.54612666342e-06, 2.75040292763e-06, 2.81390884993e-06, 2.53381654147e-06, 2.56076259575e-06, 4.96999837196e-06, 4.58635440737e-06, 3.29211388816e-06, 4.91912715006e-06, 3.39254029313e-06, 1.79993708116e-06, 8.25227516543e-07],
        "min": [2.24861210381e-12, 2.32901024855e-12, 7.1951580978e-13, 4.79073595031e-13, 1.06336478251e-12, 3.87026836361e-13, 1.96085227049e-13, 1.04319879829e-13, 1.63684549855e-13, 2.60957542467e-13, 2.02106086315e-13, 7.34930779428e-14, 4.69261511159e-13, 1.77265510213e-13, 4.64844850979e-13, 8.70593148353e-13, 1.65722646652e-13, 1.18727429147e-13, 1.06242824868e-12, 7.59606353512e-13, 5.53496105286e-13, 8.78336357639e-13, 6.13392366414e-13, 1.52298377902e-12, 2.20686598336e-12, 3.82053633521e-12, 4.34192655788e-12],
        "stdev": [0.00346665317193, 0.0997233167291, 0.0310674719512, 0.00493111461401, 0.00590921891853, 0.00199591834098, 0.000479219976114, 0.000280773732811, 0.000114745409519, 5.47444069525e-05, 4.42607342848e-05, 4.27779632446e-05, 3.59133227903e-05, 3.18135753332e-05, 3.36356461048e-05, 2.90516636596e-05, 2.23926672334e-05, 1.9818508008e-05, 1.57303365995e-05, 1.23904874272e-05, 1.21094817587e-05, 1.65652454598e-05, 1.7913773263e-05, 1.59425799211e-05, 1.30428152261e-05, 9.32889270189e-06, 3.7506983972e-06],
        "var": [1.20176837299e-05, 0.00994473975152, 0.000965187791735, 2.43158920057e-05, 3.49188703694e-05, 3.98369002141e-06, 2.2965177493e-07, 7.88338851976e-08, 1.31665087721e-08, 2.99695024353e-09, 1.95901272981e-09, 1.82995407716e-09, 1.28976673786e-09, 1.01210362313e-09, 1.13135678603e-09, 8.43999203859e-10, 5.01431507427e-10, 3.92773230606e-10, 2.47443510126e-10, 1.5352417948e-10, 1.46639547727e-10, 2.74407357947e-10, 3.20903248419e-10, 2.54165882785e-10, 1.70115033171e-10, 8.70282387821e-11, 1.40677382937e-11]
    },
    "erbbands": {
        "dmean": [0.496937632561, 3.45247220993, 4.84514951706, 4.93487548828, 3.35113811493, 3.89839267731, 3.53109335899, 2.78578805923, 2.23199748993, 1.82955741882, 1.33567476273, 0.903678536415, 0.686707496643, 0.727103233337, 0.632825613022, 0.614047825336, 0.583592116833, 0.556109547615, 0.515011072159, 0.445884257555, 0.427353471518, 0.394407868385, 0.306327968836, 0.277718037367, 0.207717761397, 0.157644167542, 0.151802286506, 0.154291629791, 0.146291986108, 0.143623098731, 0.113649711013, 0.0891308933496, 0.0586611367762, 0.0381570532918, 0.0190347507596, 0.00926117319614, 0.00309655000456, 0.000795473984908, 0.000118150506751, 2.6215951948e-05],
        "dmean2": [0.524089932442, 5.02449083328, 6.62618303299, 7.05480623245, 4.60799455643, 5.57414960861, 4.92075824738, 4.19044589996, 3.50315904617, 3.01813054085, 2.17156481743, 1.47224020958, 1.14828765392, 1.20553708076, 1.0402982235, 1.03571259975, 0.990893065929, 0.936615467072, 0.836632370949, 0.744674801826, 0.684557139874, 0.663112461567, 0.499567866325, 0.463257223368, 0.338185787201, 0.255456537008, 0.246822357178, 0.258616656065, 0.228673890233, 0.223218113184, 0.169826894999, 0.129051193595, 0.086657397449, 0.0556406900287, 0.0278699342161, 0.0131809422746, 0.00460354192182, 0.00120060855988, 0.000177253052243, 3.48035282514e-05],
        "dvar": [1.25776553154, 58.6169891357, 198.921005249, 196.75328064, 75.6186676025, 110.839492798, 108.032402039, 58.769317627, 30.7903079987, 20.860414505, 11.8295545578, 3.38903260231, 1.82449948788, 2.83958697319, 1.75113856792, 3.26152181625, 2.19105911255, 2.02236890793, 1.45924544334, 1.46485543251, 1.37009727955, 1.64396321774, 0.660379469395, 0.547240614891, 0.262628048658, 0.134415328503, 0.101594135165, 0.286924153566, 0.0911770835519, 0.109152875841, 0.0820445567369, 0.0493431836367, 0.0197103749961, 0.00681753642857, 0.00184342695866, 0.000581156520639, 6.61197118461e-05, 4.28133580499e-06, 9.66615445464e-08, 2.65874899874e-09],
        "dvar2": [1.28338980675, 126.830612183, 346.945465088, 488.561462402, 143.250701904, 210.080413818, 163.575424194, 104.290016174, 73.982093811, 58.6589279175, 25.7711811066, 8.49006271362, 5.04424095154, 7.16539478302, 4.31913852692, 9.29703235626, 6.03489160538, 5.54655885696, 3.68761229515, 3.53159856796, 3.01663827896, 4.48442649841, 1.50141882896, 1.44370675087, 0.650485813618, 0.324785172939, 0.266584873199, 0.832399189472, 0.203375160694, 0.255224615335, 0.167238622904, 0.088717341423, 0.0442284457386, 0.0145839639008, 0.00372650939971, 0.00119535718113, 0.000137387018185, 9.31250633585e-06, 2.08269653967e-07, 4.25082902211e-09],
        "max": [23.60962677, 122.292572021, 303.468048096, 279.632171631, 165.240158081, 221.612258911, 251.477249146, 132.169326782, 76.2043609619, 64.5252227783, 85.0578613281, 37.9761924744, 14.0306377411, 17.3133888245, 16.4706859589, 24.9309806824, 24.3925457001, 22.0588130951, 17.3296031952, 19.0136413574, 14.9124555588, 18.8853645325, 12.1456127167, 8.78500080109, 6.15178012848, 6.57523059845, 4.84791088104, 10.6794519424, 4.81362533569, 5.04044294357, 5.05488681793, 5.35285186768, 3.60061192513, 2.02176070213, 0.80754417181, 0.543040275574, 0.176475286484, 0.0356913246214, 0.0063288542442, 0.00112126208842],
        "mean": [1.77619731426, 9.1850643158, 11.4502410889, 10.0188341141, 7.0017747879, 7.7609834671, 6.81152439117, 4.72296476364, 3.16331148148, 2.46652364731, 1.84231352806, 1.37151694298, 0.999006927013, 0.962601006031, 0.935906469822, 0.887005329132, 0.869652450085, 0.857021868229, 0.877829372883, 0.778973400593, 0.705555260181, 0.620228946209, 0.554824531078, 0.483863800764, 0.413312077522, 0.341089874506, 0.316047608852, 0.334348350763, 0.362828165293, 0.34821999073, 0.277956604958, 0.216670379043, 0.148391515017, 0.101648300886, 0.0542055666447, 0.0250352304429, 0.00895075313747, 0.00226504658349, 0.000370767898858, 9.58311211434e-05],
        "median": [0.077368080616, 0.582349181175, 0.674495816231, 0.413277387619, 0.263072133064, 0.252714514732, 0.298645436764, 0.332282781601, 0.395706266165, 0.364165693521, 0.359406232834, 0.344131797552, 0.279218375683, 0.254454642534, 0.231513142586, 0.241760700941, 0.266186118126, 0.260319262743, 0.258857548237, 0.214882910252, 0.183892607689, 0.160775363445, 0.156454786658, 0.13921380043, 0.120941966772, 0.12490811944, 0.18781286478, 0.193804740906, 0.154725730419, 0.138932794333, 0.088874399662, 0.0899390876293, 0.083712875843, 0.0449588745832, 0.0205637123436, 0.00987140834332, 0.00277524767444, 0.000770880025811, 0.000133439592901, 2.30387013289e-05],
        "min": [1.01206723557e-10, 4.08471229063e-10, 8.42240277521e-10, 1.30880628557e-09, 2.40274511398e-09, 3.84955045618e-09, 3.68506625215e-09, 3.04680392027e-09, 3.2582463394e-09, 2.0065413775e-09, 2.55440313346e-09, 3.37895600389e-09, 6.93774326876e-09, 9.71641433978e-09, 5.77147574177e-09, 4.31411217861e-09, 1.95815630377e-08, 1.28413688572e-08, 9.88768444898e-09, 4.90713247814e-08, 3.43456818541e-08, 9.77063141505e-09, 6.1191389733e-09, 1.90304891845e-08, 7.19652817338e-08, 4.15407264143e-08, 1.49995038612e-08, 3.43928050484e-08, 3.01044522644e-08, 2.09690860231e-08, 1.55484478626e-08, 3.16834842806e-08, 2.26702905337e-08, 2.51929890283e-08, 1.54238719574e-08, 1.29671704485e-08, 8.92374174555e-09, 2.06816697101e-09, 7.00101088214e-10, 6.56592558101e-11],
        "stdev": [3.89808750153, 19.1257476807, 31.4823818207, 26.667181015, 17.5269298553, 22.8749313354, 21.7021999359, 13.4207448959, 8.10112762451, 6.22061109543, 5.30212640762, 2.80899953842, 1.76334857941, 1.90222835541, 1.66666150093, 1.8132570982, 1.64800035954, 1.64033555984, 1.76894950867, 1.60257101059, 1.52782380581, 1.34863257408, 1.09201931953, 0.903591930866, 0.739954888821, 0.567891359329, 0.431431919336, 0.533432841301, 0.551378428936, 0.56056624651, 0.513598442078, 0.406926989555, 0.230633795261, 0.156832575798, 0.0919047519565, 0.045304402709, 0.016271777451, 0.00391423981637, 0.000589479051996, 0.000163904682267],
        "var": [15.1950855255, 365.794219971, 991.140380859, 711.138549805, 307.193267822, 523.262451172, 470.98550415, 180.116394043, 65.6282653809, 38.6960029602, 28.1125431061, 7.89047813416, 3.10939836502, 3.61847281456, 2.77776050568, 3.28790140152, 2.71590518951, 2.69070076942, 3.12918233871, 2.56823396683, 2.33424568176, 1.81880986691, 1.19250631332, 0.816478431225, 0.547533214092, 0.32250058651, 0.186133503914, 0.284550577402, 0.304018199444, 0.314234524965, 0.263783335686, 0.165589570999, 0.0531919486821, 0.0245964564383, 0.00844648294151, 0.00205248896964, 0.0002647707297, 1.53212749865e-05, 3.4748555322e-07, 2.68647468715e-08]
    },
    "gfcc": {
        "mean": [-136.576828003, 82.7146453857, -51.3188552856, 37.8030929565, -39.1586227417, 22.5964126587, -22.6794109344, 10.483039856, -9.7526140213, 9.02537059784, -10.5613994598, 2.00726819038, -7.06604957581],
        "cov": [[11040.2958984, 1597.41027832, 828.025268555, 851.740661621, 509.027496338, 235.162475586, -185.517166138, -15.9789400101, -146.049362183, -315.572601318, 132.200012207, 71.7079772949, -118.323722839], [1597.41027832, 1075.06738281, 602.615722656, 314.149963379, 150.58656311, -93.6007003784, -65.8289260864, -88.2030258179, -5.33436346054, -97.0928573608, 38.8804626465, -64.6223983765, 8.02464485168], [828.025268555, 602.615722656, 700.499572754, 385.011352539, 162.561584473, 7.94600439072, -8.5922498703, -74.5853729248, -23.2621459961, -78.6215744019, 32.7989120483, -26.8835105896, 21.5628242493], [851.740661621, 314.149963379, 385.011352539, 439.696624756, 167.967437744, 63.0545806885, 5.97647285461, -9.6124162674, -13.6876688004, -64.7880554199, 17.5609836578, -32.4852867126, 5.53261613846], [509.027496338, 150.58656311, 162.561584473, 167.967437744, 158.066467285, 56.6800765991, 11.3937387466, -3.0333738327, -6.02329301834, -35.0033493042, 18.259727478, -3.7016544342, -6.16452598572], [235.162475586, -93.6007003784, 7.94600439072, 63.0545806885, 56.6800765991, 125.524757385, 50.6174087524, 29.1541023254, -8.42336273193, -8.92231941223, -0.849578499794, 14.864982605, -0.480825304985], [-185.517166138, -65.8289260864, -8.5922498703, 5.97647285461, 11.3937387466, 50.6174087524, 73.9715194702, 28.4631252289, 9.76003932953, 6.68240308762, 0.76615357399, 6.16572475433, 6.42177915573], [-15.9789400101, -88.2030258179, -74.5853729248, -9.6124162674, -3.0333738327, 29.1541023254, 28.4631252289, 61.7645149231, 23.4908294678, 6.14954805374, 0.0366836339235, 2.33844041824, -9.0342130661], [-146.049362183, -5.33436346054, -23.2621459961, -13.6876688004, -6.02329301834, -8.42336273193, 9.76003932953, 23.4908294678, 46.0713729858, 29.0584850311, 8.01074981689, -3.45472621918, 5.16430234909], [-315.572601318, -97.0928573608, -78.6215744019, -64.7880554199, -35.0033493042, -8.92231941223, 6.68240308762, 6.14954805374, 29.0584850311, 61.5628509521, 10.98300457, 6.38188362122, 11.2984046936], [132.200012207, 38.8804626465, 32.7989120483, 17.5609836578, 18.259727478, -0.849578499794, 0.76615357399, 0.0366836339235, 8.01074981689, 10.98300457, 35.1812934875, 14.8951187134, 4.68354606628], [71.7079772949, -64.6223983765, -26.8835105896, -32.4852867126, -3.7016544342, 14.864982605, 6.16572475433, 2.33844041824, -3.45472621918, 6.38188362122, 14.8951187134, 44.2630310059, 14.553609848], [-118.323722839, 8.02464485168, 21.5628242493, 5.53261613846, -6.16452598572, -0.480825304985, 6.42177915573, -9.0342130661, 5.16430234909, 11.2984046936, 4.68354606628, 14.553609848, 36.4250030518]],
        "icov": [[0.000218253553612, -0.000515370222274, 0.000250612472882, -0.00032101655961, 9.44315033848e-05, -0.000719313509762, 0.000741572992411, -0.000386794708902, 0.000412104825955, -3.11578514811e-05, -7.78587345849e-05, -0.00128073780797, 0.000975699455012], [-0.000515370222274, 0.00402033282444, -0.00227068085223, 0.00132151658181, -0.00104552030098, 0.00301713868976, -0.000895612523891, 0.00210276246071, -0.003521889681, 0.00418705260381, -0.00324026332237, 0.0067154886201, -0.00394001882523], [0.000250612472882, -0.00227068085223, 0.00543146859854, -0.00352177745663, 0.000488656223752, -0.00105147925206, -0.00140351126902, 0.00449112709612, -0.00100876356009, 0.00155638798606, -0.00115302123595, -0.00291030458175, 0.00103543605655], [-0.00032101655961, 0.00132151658181, -0.00352177745663, 0.00770738860592, -0.00381762022153, -0.000982401543297, 0.00141983840149, -0.00331827020273, 0.000686904473696, 0.00227223732509, -0.00256041414104, 0.00852603651583, -0.00603173580021], [9.44315033848e-05, -0.00104552030098, 0.000488656223752, -0.00381762022153, 0.0149041591212, -0.00678075198084, 0.000220344547415, 0.00470341183245, -0.0054726768285, 0.00536294048652, -0.00600564666092, -0.00175482186023, 0.00497400015593], [-0.000719313509762, 0.00301713868976, -0.00105147925206, -0.000982401543297, -0.00678075198084, 0.0211614705622, -0.0109236883, -0.00497463811189, 0.00669955601916, -0.00404859846458, 0.00592451170087, -0.00187060271855, -0.00211427058093], [0.000741572992411, -0.000895612523891, -0.00140351126902, 0.00141983840149, 0.000220344547415, -0.0109236883, 0.0259192530066, -0.0101367197931, 0.000762886949815, -0.000550195924006, -0.00173758482561, 0.000261699664406, -0.00378784397617], [-0.000386794708902, 0.00210276246071, 0.00449112709612, -0.00331827020273, 0.00470341183245, -0.00497463811189, -0.0101367197931, 0.0423470586538, -0.0295245032758, 0.015547898598, -0.00483715627342, -0.000797730928753, 0.00945007055998], [0.000412104825955, -0.003521889681, -0.00100876356009, 0.000686904473696, -0.0054726768285, 0.00669955601916, 0.000762886949815, -0.0295245032758, 0.0570216402411, -0.0297308657318, 0.00181511975825, 0.00290923658758, -0.00594582036138], [-3.11578514811e-05, 0.00418705260381, 0.00155638798606, 0.00227223732509, 0.00536294048652, -0.00404859846458, -0.000550195924006, 0.015547898598, -0.0297308657318, 0.046410061419, -0.0211153011769, 0.0110061941668, -0.00934561621398], [-7.78587345849e-05, -0.00324026332237, -0.00115302123595, -0.00256041414104, -0.00600564666092, 0.00592451170087, -0.00173758482561, -0.00483715627342, 0.00181511975825, -0.0211153011769, 0.0544941686094, -0.0276261437684, 0.0100242225453], [-0.00128073780797, 0.0067154886201, -0.00291030458175, 0.00852603651583, -0.00175482186023, -0.00187060271855, 0.000261699664406, -0.000797730928753, 0.00290923658758, 0.0110061941668, -0.0276261437684, 0.0568424537778, -0.0287633109838], [0.000975699455012, -0.00394001882523, 0.00103543605655, -0.00603173580021, 0.00497400015593, -0.00211427058093, -0.00378784397617, 0.00945007055998, -0.00594582036138, -0.00934561621398, 0.0100242225453, -0.0287633109838, 0.0495651848614]]
    },
    "melbands": {
        "dmean": [0.00450957287103, 0.00288268225268, 0.000786736316513, 0.000251013843808, 0.000126439234009, 6.1574683059e-05, 3.27723064402e-05, 1.91868584807e-05, 1.0130787814e-05, 5.42898442291e-06, 3.3928765788e-06, 2.99729981634e-06, 2.24275822802e-06, 1.83314386959e-06, 1.54103020122e-06, 1.18868354093e-06, 1.07153198314e-06, 8.79302433532e-07, 6.95766459557e-07, 6.25961035894e-07, 5.13676013725e-07, 4.4384646003e-07, 3.17984614639e-07, 2.84334419121e-07, 2.38679177755e-07, 1.81056250881e-07, 1.35737124651e-07, 1.05079209334e-07, 9.98388927087e-08, 1.01723721002e-07, 9.27680474661e-08, 8.39972216227e-08, 9.98194167323e-08, 7.78502027288e-08, 6.7835465245e-08, 6.6959884748e-08, 5.46358940312e-08, 4.32563105335e-08, 4.00225665942e-08, 3.28087210733e-08],
        "dmean2": [0.00547094363719, 0.00415456015617, 0.00107270909939, 0.000346826389432, 0.000175947629032, 9.14846605156e-05, 5.1459785027e-05, 3.14130229526e-05, 1.6220679754e-05, 8.98414418771e-06, 5.70750671613e-06, 4.99362295159e-06, 3.7340248582e-06, 3.0885569231e-06, 2.63155016e-06, 2.02301157515e-06, 1.81251925824e-06, 1.44797843404e-06, 1.1085207916e-06, 1.01232251382e-06, 8.16917122393e-07, 7.58453040817e-07, 5.3620573226e-07, 4.66869579441e-07, 4.02355198048e-07, 3.00529023889e-07, 2.12740189909e-07, 1.77119019895e-07, 1.62461006425e-07, 1.76043954525e-07, 1.54627301185e-07, 1.32913072548e-07, 1.61668452847e-07, 1.21916116314e-07, 1.02548398218e-07, 1.04141754775e-07, 8.20004970592e-08, 6.62960459863e-08, 5.78008432228e-08, 4.89561706729e-08],
        "dvar": [9.6617055533e-05, 5.4219730373e-05, 4.70804843644e-06, 4.57334721204e-07, 1.26433533865e-07, 2.8326208934e-08, 6.56442056268e-09, 2.21836060632e-09, 6.23151363843e-10, 1.22262505675e-10, 4.44466859151e-11, 4.73244256283e-11, 2.32703977615e-11, 1.88866977613e-11, 2.40268291374e-11, 7.95298375766e-12, 7.56924124073e-12, 4.21243205248e-12, 2.56280955659e-12, 3.23961820911e-12, 1.81497254292e-12, 2.03908114352e-12, 6.68550392997e-13, 6.25342551179e-13, 3.8086561357e-13, 2.00904817413e-13, 9.3189460326e-14, 6.2813666215e-14, 3.82918455516e-14, 1.51876246497e-13, 6.77233266753e-14, 2.54448223017e-14, 5.72772691364e-14, 3.04499569277e-14, 2.87348778398e-14, 2.82623842271e-14, 1.91171050209e-14, 1.00780208763e-14, 8.40884165684e-15, 4.51383730537e-15],
        "dvar2": [0.000142399396282, 0.000106019673694, 1.07120858956e-05, 8.32628643366e-07, 1.98344835667e-07, 4.88355702544e-08, 1.59231436925e-08, 5.99447824712e-09, 1.36975675247e-09, 3.17952802975e-10, 1.23473009594e-10, 1.19443108182e-10, 5.67344886349e-11, 5.19982841507e-11, 6.89550777588e-11, 2.19849780742e-11, 2.08671517565e-11, 1.09880455429e-11, 6.00377690271e-12, 8.06405983655e-12, 3.99318295444e-12, 5.65677626269e-12, 1.58843489577e-12, 1.54765794364e-12, 1.02670823232e-12, 5.42438652589e-13, 2.11092035236e-13, 1.57178984455e-13, 9.61913518673e-14, 4.46774778631e-13, 1.91513566616e-13, 5.65739404108e-14, 1.39335998251e-13, 7.15829237791e-14, 6.03889632527e-14, 5.43435129253e-14, 3.64263198598e-14, 2.36458496826e-14, 1.78668352628e-14, 1.01651026396e-14],
        "max": [0.187305018306, 0.148097038269, 0.0444434545934, 0.013045613654, 0.00836534798145, 0.00294449063949, 0.00111370091327, 0.000802092021331, 0.000623682921287, 0.000202407158213, 6.90373708494e-05, 6.60943042021e-05, 6.45700565656e-05, 4.7494777391e-05, 8.38583218865e-05, 3.81759855372e-05, 4.3236566853e-05, 2.83857025352e-05, 2.23640909098e-05, 2.32747934206e-05, 1.92053121282e-05, 2.1533403924e-05, 9.6866297099e-06, 1.27846251416e-05, 7.31415457267e-06, 5.37479763807e-06, 4.7206031013e-06, 4.28800694863e-06, 3.15978581966e-06, 8.13523911347e-06, 4.71935754831e-06, 2.61624245468e-06, 3.46543174601e-06, 2.73372756965e-06, 2.91599917546e-06, 3.04457466882e-06, 3.51743187821e-06, 2.42627061198e-06, 2.49606296165e-06, 1.41325870118e-06],
        "mean": [0.0146652068943, 0.00751653406769, 0.00171364285052, 0.000516783678904, 0.000253426464042, 0.000107798739919, 4.61656163679e-05, 2.53177149716e-05, 1.39863523145e-05, 8.15860948933e-06, 4.8419583436e-06, 3.87429190596e-06, 3.16746036333e-06, 2.51956021202e-06, 2.14231681639e-06, 1.77124866241e-06, 1.56865451117e-06, 1.41726627589e-06, 1.17152285384e-06, 9.46678881064e-07, 7.91996967564e-07, 6.43216424123e-07, 5.51101379642e-07, 4.57339979221e-07, 3.86061628888e-07, 3.14583502359e-07, 2.67957346978e-07, 2.15975347828e-07, 1.95174209239e-07, 1.92461286019e-07, 1.93371008095e-07, 1.97742892283e-07, 2.17693781224e-07, 1.8129981072e-07, 1.5754913818e-07, 1.53703354044e-07, 1.24068051832e-07, 1.01688200971e-07, 9.98917570882e-08, 8.04320023917e-08],
        "median": [0.000865310430527, 0.000578544801101, 6.85352715664e-05, 1.80486131285e-05, 1.10936398414e-05, 7.62123454479e-06, 5.88748889641e-06, 3.91264711652e-06, 2.95289532914e-06, 2.15649697566e-06, 1.31300805606e-06, 1.01048158285e-06, 7.41208793897e-07, 6.71768702887e-07, 5.86829003169e-07, 5.64781885259e-07, 4.75469818184e-07, 4.20302256998e-07, 3.1619512697e-07, 2.37160534766e-07, 2.07284543308e-07, 1.65279558928e-07, 1.5466893899e-07, 1.24880102703e-07, 1.12576714173e-07, 9.29963448471e-08, 7.6820299455e-08, 7.8129829717e-08, 1.04071723683e-07, 1.19516627706e-07, 1.05271112716e-07, 8.4638159592e-08, 8.55726227655e-08, 7.22829298638e-08, 4.67274858806e-08, 5.28395815991e-08, 5.39659552601e-08, 5.8752842591e-08, 4.96931598093e-08, 3.23543147829e-08],
        "min": [8.83342173279e-13, 4.67027241532e-13, 2.55962460428e-13, 2.28462919156e-13, 1.41791838145e-13, 6.96803929118e-14, 4.72835102506e-14, 2.11222234365e-14, 2.04401687904e-14, 2.30834147234e-14, 3.49721336959e-14, 3.94214656307e-14, 2.40086017066e-14, 6.27493357567e-15, 2.57020119976e-14, 4.88134076074e-14, 1.98933310959e-14, 1.1133228264e-14, 4.48076939322e-14, 7.80594799953e-14, 2.96094732392e-14, 1.05435112206e-14, 4.4083423164e-15, 5.945278517e-15, 1.25242071352e-14, 5.20433881808e-14, 4.49379574351e-14, 2.16252458106e-14, 9.57629869771e-15, 4.41034893746e-15, 2.93241688256e-14, 1.79603612527e-14, 1.34281412148e-14, 1.28145666414e-14, 6.70876140489e-15, 1.91314859462e-14, 1.62182330147e-14, 1.63297364319e-14, 1.30545234521e-14, 2.65578727223e-14],
        "stdev": [0.0312084853649, 0.017374811694, 0.00446762470528, 0.00142200419214, 0.000774355896283, 0.000304736051476, 0.000117099531053, 6.60728837829e-05, 3.87611471524e-05, 1.62462220032e-05, 8.58423572936e-06, 7.70845599618e-06, 5.89152705288e-06, 4.78562151329e-06, 4.62275238533e-06, 3.28041278408e-06, 3.08784706249e-06, 2.86172280539e-06, 2.42795681515e-06, 2.11350857171e-06, 1.73315129359e-06, 1.43814145304e-06, 1.07885750822e-06, 9.45126373608e-07, 7.29336875338e-07, 5.72542433019e-07, 4.83151040953e-07, 3.63712615581e-07, 2.8309924005e-07, 3.38625483209e-07, 2.94528433642e-07, 2.98911601249e-07, 3.59898024271e-07, 2.97774192859e-07, 2.99003431792e-07, 2.93059144951e-07, 2.37923302393e-07, 1.58756421342e-07, 1.54738813762e-07, 1.27050498122e-07],
