{
"lowlevel": {
    "average_loudness": 0.977712929249,
    "barkbands_crest": {
        "dmean": 3.20923471451,
        "dmean2": 5.35573959351,
        "dvar": 9.40638446808,
        "dvar2": 25.830619812,
        "max": 25.8985080719,
        "mean": 10.0926494598,
        "median": 8.31522464752,
        "min": 3.19913935661,
        "stdev": 5.15405893326,
        "var": 26.5643234253
    },
    "barkbands_flatness_db": {
        "dmean": 0.0322152376175,
        "dmean2": 0.0506555624306,
        "dvar": 0.0015502666356,
        "dvar2": 0.00362398591824,
        "max": 0.430960774422,
        "mean": 0.126699641347,
        "median": 0.10915581882,
        "min": 0.0439545698464,
        "stdev": 0.0672360137105,
        "var": 0.00452068122104
    },
    "barkbands_kurtosis": {
        "dmean": 16.7768325806,
        "dmean2": 23.6485481262,
        "dvar": 4223.16064453,
        "dvar2": 9985.98925781,
        "max": 532.938720703,
        "mean": 16.3323001862,
        "median": 1.52615070343,
        "min": -1.60782766342,
        "stdev": 61.1440467834,
        "var": 3738.59423828
    },
    "barkbands_skewness": {
        "dmean": 1.02725291252,
        "dmean2": 1.4439355135,
        "dvar": 4.48545122147,
        "dvar2": 9.67680072784,
        "max": 20.8735179901,
        "mean": 1.54532551765,
        "median": 0.866955161095,
        "min": -1.6354547739,
        "stdev": 3.21875834465,
        "var": 10.3604049683
    },
    "barkbands_spread": {
        "dmean": 7.88756752014,
        "dmean2": 12.7272186279,
        "dvar": 50.0006752014,
        "dvar2": 126.941589355,
        "max": 72.4833297729,
        "mean": 25.0496196747,
        "median": 22.8261947632,
        "min": 0.680361151695,
        "stdev": 14.813044548,
        "var": 219.426300049
    },
    "dissonance": {
        "dmean": 0.0472872033715,
        "dmean2": 0.0765123292804,
        "dvar": 0.00210700766183,
        "dvar2": 0.0052616847679,
        "max": 0.500000178814,
        "mean": 0.446399390697,
        "median": 0.457771837711,
        "min": 0.227271869779,
        "stdev": 0.0533916987479,
        "var": 0.00285067339428
    },
    "dynamic_complexity": 5.72967433929,
    "erbbands_crest": {
        "dmean": 3.3823299408,
        "dmean2": 5.48593425751,
        "dvar": 9.9147977829,
        "dvar2": 31.5283222198,
        "max": 26.3071899414,
        "mean": 11.0092067719,
        "median": 10.1451263428,
        "min": 2.80389451981,
        "stdev": 4.32429695129,
        "var": 18.6995429993
    },
    "erbbands_flatness_db": {
        "dmean": 0.0306175686419,
        "dmean2": 0.0486818365753,
        "dvar": 0.00128180463798,
        "dvar2": 0.00346307316795,
        "max": 0.322802901268,
        "mean": 0.156195834279,
        "median": 0.152590245008,
        "min": 0.0468132048845,
        "stdev": 0.0495888218284,
        "var": 0.00245905132033
    },
    "erbbands_kurtosis": {
        "dmean": 2.28838777542,
        "dmean2": 3.71177482605,
        "dvar": 37.6965255737,
        "dvar2": 92.4256668091,
        "max": 47.9132461548,
        "mean": 1.53450191021,
        "median": 0.68895149231,
        "min": -1.4934040308,
        "stdev": 4.74346208572,
        "var": 22.5004329681
    },
    "erbbands_skewness": {
        "dmean": 0.597847402096,
        "dmean2": 0.976807236671,
        "dvar": 0.343223065138,
        "dvar2": 0.883925497532,
        "max": 4.51248550415,
        "mean": 0.642383396626,
        "median": 0.73555123806,
        "min": -1.40372633934,
        "stdev": 0.835740149021,
        "var": 0.698461592197
    },
    "erbbands_spread": {
        "dmean": 10.1304502487,
        "dmean2": 15.7672939301,
        "dvar": 104.769073486,
        "dvar2": 256.914428711,
        "max": 82.7446899414,
        "mean": 35.0136604309,
        "median": 32.1623840332,
        "min": 2.80791401863,
        "stdev": 16.8710727692,
        "var": 284.633087158
    },
    "hfc": {
        "dmean": 20.7567558289,
        "dmean2": 36.3267059326,
        "dvar": 1133.93933105,
        "dvar2": 3213.52050781,
        "max": 277.328063965,
        "mean": 28.1236915588,
        "median": 16.5862464905,
        "min": 2.53535654338e-05,
        "stdev": 41.7862892151,
        "var": 1746.09387207
    },
    "loudness_ebu128": {
        "integrated": -29.5618858337,
        "loudness_range": 0,
        "momentary": {
            "dmean": 0.986044347286,
            "dmean2": 0.759208083153,
            "dvar": 0.507112503052,
            "dvar2": 0.468095421791,
            "max": -26.0863666534,
            "mean": -30.8460998535,
            "median": -30.1482124329,
            "min": -39.9573059082,
            "stdev": 3.4621090889,
            "var": 11.986199379
        },
        "short_term": {
            "dmean": 0,
            "dmean2": 0,
            "dvar": 0,
            "dvar2": 0,
            "max": -30.5188350677,
            "mean": -30.5188350677,
            "median": -30.5188350677,
            "min": -30.5188350677,
            "stdev": 0,
            "var": 0
        }
    },
    "melbands_crest": {
        "dmean": 4.05245351791,
        "dmean2": 7.05737113953,
        "dvar": 19.0396785736,
        "dvar2": 51.6248855591,
        "max": 38.3245277405,
        "mean": 13.2866535187,
        "median": 10.7365322113,
        "min": 4.85020589828,
        "stdev": 8.40749263763,
        "var": 70.6859283447
    },
    "melbands_flatness_db": {
        "dmean": 0.0362859554589,
        "dmean2": 0.0571998655796,
        "dvar": 0.00187371298671,
        "dvar2": 0.00429053604603,
        "max": 0.580466628075,
        "mean": 0.186667233706,
        "median": 0.181257009506,
        "min": 0.0645349398255,
        "stdev": 0.0820650458336,
        "var": 0.00673467200249
    },
    "melbands_kurtosis": {
        "dmean": 13.6326112747,
        "dmean2": 20.9150981903,
        "dvar": 1484.53686523,
        "dvar2": 3620.99609375,
        "max": 291.971008301,
        "mean": 15.9285993576,
        "median": 3.22686839104,
        "min": -1.27444159985,
        "stdev": 43.0282402039,
        "var": 1851.42944336
    },
    "melbands_skewness": {
        "dmean": 0.969295859337,
        "dmean2": 1.43445515633,
        "dvar": 2.32702231407,
        "dvar2": 5.51615762711,
        "max": 14.3450546265,
        "mean": 1.93924105167,
        "median": 1.26773238182,
        "min": -0.7432051301,
        "stdev": 2.59556055069,
        "var": 6.73693418503
    },
    "melbands_spread": {
        "dmean": 12.8223752975,
        "dmean2": 22.2162284851,
        "dvar": 235.268386841,
        "dvar2": 657.602661133,
        "max": 138.468231201,
        "mean": 35.7545814514,
        "median": 26.7912960052,
        "min": 1.03302550316,
        "stdev": 28.6483383179,
        "var": 820.727294922
    },
    "pitch_salience": {
        "dmean": 0.124962031841,
        "dmean2": 0.206549420953,
        "dvar": 0.0129972677678,
        "dvar2": 0.036845523864,
        "max": 0.925970971584,
        "mean": 0.568695425987,
        "median": 0.594634771347,
        "min": 0.0511816293001,
        "stdev": 0.187849193811,
        "var": 0.0352873168886
    },
    "silence_rate_20dB": {
        "dmean": 0,
        "dmean2": 0,
        "dvar": 0,
        "dvar2": 0,
        "max": 1,
        "mean": 1,
        "median": 1,
        "min": 1,
        "stdev": 0,
        "var": 0
    },
    "silence_rate_30dB": {
        "dmean": 0,
        "dmean2": 0,
        "dvar": 0,
        "dvar2": 0,
        "max": 1,
        "mean": 1,
        "median": 1,
        "min": 1,
        "stdev": 0,
        "var": 0
    },
    "silence_rate_60dB": {
        "dmean": 0.0695652142167,
        "dmean2": 0.131578952074,
        "dvar": 0.0647259056568,
        "dvar2": 0.149353653193,
        "max": 1,
        "mean": 0.181034475565,
        "median": 0,
        "min": 0,
        "stdev": 0.385046809912,
        "var": 0.14826105535
    },
    "spectral_centroid": {
        "dmean": 395.333465576,
        "dmean2": 658.499755859,
        "dvar": 128078.625,
        "dvar2": 336054.625,
        "max": 3467.84521484,
        "mean": 1749.20788574,
        "median": 1465.36816406,
        "min": 182.231307983,
        "stdev": 778.948547363,
        "var": 606760.8125
    },
    "spectral_complexity": {
        "dmean": 3.63478255272,
        "dmean2": 5.86842107773,
        "dvar": 12.9448795319,
        "dvar2": 30.8862018585,
        "max": 37,
        "mean": 11.6379308701,
        "median": 10.5,
        "min": 0,
        "stdev": 8.62773799896,
        "var": 74.4378585815
    },
    "spectral_decrease": {
        "dmean": 1.94696703204e-09,
        "dmean2": 3.23234838895e-09,
        "dvar": 4.14831780299e-18,
        "dvar2": 1.15051194824e-17,
        "max": -2.72800479309e-14,
        "mean": -3.99252630956e-09,
        "median": -3.56650886602e-09,
        "min": -1.2619721268e-08,
        "stdev": 3.30806093629e-09,
        "var": 1.09432678047e-17
    },
    "spectral_energy": {
        "dmean": 0.00897999014705,
        "dmean2": 0.0150185506791,
        "dvar": 8.94535187399e-05,
        "dvar2": 0.000245637958869,
        "max": 0.0602983087301,
        "mean": 0.0176196210086,
        "median": 0.0159494690597,
        "min": 1.05261008798e-07,
        "stdev": 0.0149348406121,
        "var": 0.00022304947197
    },
    "spectral_energyband_high": {
        "dmean": 0.00155314593576,
        "dmean2": 0.00280854804441,
        "dvar": 1.50756659423e-05,
        "dvar2": 4.31953994848e-05,
        "max": 0.0319759063423,
        "mean": 0.00180372362956,
        "median": 0.000483788375277,
        "min": 1.13349529762e-09,
        "stdev": 0.00448334077373,
        "var": 2.01003440452e-05
    },
    "spectral_energyband_low": {
        "dmean": 0.00173650216311,
        "dmean2": 0.00289317825809,
        "dvar": 8.37830793898e-06,
        "dvar2": 2.52008449024e-05,
        "max": 0.0199976935983,
        "mean": 0.00284238019958,
        "median": 0.00170413416345,
        "min": 6.74595455052e-08,
        "stdev": 0.00338235567324,
        "var": 1.14403301268e-05
    },
    "spectral_energyband_middle_high": {
        "dmean": 0.00515796709806,
        "dmean2": 0.00868416298181,
        "dvar": 3.96044706577e-05,
        "dvar2": 0.000116398645332,
        "max": 0.044057302177,
        "mean": 0.00775876967236,
        "median": 0.00494273705408,
        "min": 3.17130699479e-09,
        "stdev": 0.00807527825236,
        "var": 6.52101152809e-05
    },
    "spectral_energyband_middle_low": {
        "dmean": 0.002331166761,
        "dmean2": 0.00383354537189,
        "dvar": 6.69154724164e-06,
        "dvar2": 1.62676478794e-05,
        "max": 0.0206793602556,
        "mean": 0.00539324851707,
        "median": 0.00380640430376,
        "min": 9.4030365716e-09,
        "stdev": 0.00533033022657,
        "var": 2.84124198515e-05
    },
    "spectral_entropy": {
        "dmean": 0.233658134937,
        "dmean2": 0.35627964139,
        "dvar": 0.118041545153,
        "dvar2": 0.274735301733,
        "max": 8.56927490234,
        "mean": 7.69934177399,
        "median": 7.72011613846,
        "min": 4.99841880798,
        "stdev": 0.392804861069,
        "var": 0.154295668006
    },
    "spectral_flux": {
        "dmean": 0.0186310317367,
        "dmean2": 0.030789103359,
        "dvar": 0.000342494517099,
        "dvar2": 0.000881919346284,
        "max": 0.1612175107,
        "mean": 0.0690498352051,
        "median": 0.0674495249987,
        "min": 0.0010457985336,
        "stdev": 0.0374929979444,
        "var": 0.00140572478995
    },
    "spectral_kurtosis": {
        "dmean": 1.88558590412,
        "dmean2": 2.90012216568,
        "dvar": 12.8642778397,
        "dvar2": 32.9715614319,
        "max": 31.0431938171,
        "mean": 4.07206773758,
        "median": 3.65772867203,
        "min": -0.169546365738,
        "stdev": 3.52912449837,
        "var": 12.4547195435
    },
    "spectral_rms": {
        "dmean": 0.00112208444625,
        "dmean2": 0.00188609410543,
        "dvar": 1.11137228487e-06,
        "dvar2": 3.09077881866e-06,
        "max": 0.00766991637647,
        "mean": 0.00358977401629,
        "median": 0.00394467031583,
        "min": 1.0133788237e-05,
        "stdev": 0.00207446329296,
        "var": 4.30339832747e-06
    },
    "spectral_rolloff": {
        "dmean": 700.859130859,
        "dmean2": 1270.27001953,
        "dvar": 1319607.75,
        "dvar2": 3447464.5,
        "max": 9754.54101562,
        "mean": 2207.52441406,
        "median": 1173.55957031,
        "min": 21.533203125,
        "stdev": 2157.56982422,
        "var": 4655107.5
    },
    "spectral_skewness": {
        "dmean": 0.295985460281,
        "dmean2": 0.455209672451,
        "dvar": 0.166089728475,
        "dvar2": 0.396640837193,
        "max": 4.75867366791,
        "mean": 1.6015869379,
        "median": 1.61072134972,
        "min": 0.615099012852,
        "stdev": 0.495488852262,
        "var": 0.245509207249
    },
    "spectral_spread": {
        "dmean": 984374.9375,
        "dmean2": 1651484.25,
        "dvar": 769610350592,
        "dvar2": 1.72526652621e+12,
        "max": 11782195,
        "mean": 5971909,
        "median": 5882310,
        "min": 1559042.75,
        "stdev": 1861598.875,
        "var": 3.46555049574e+12
    },
    "spectral_strongpeak": {
        "dmean": 0.706315219402,
        "dmean2": 1.20115160942,
        "dvar": 0.780531644821,
        "dvar2": 1.96981167793,
        "max": 8.32607841492,
        "mean": 1.09703493118,
        "median": 0.800383806229,
        "min": 0,
        "stdev": 1.32913863659,
        "var": 1.76660954952
    },
    "zerocrossingrate": {
        "dmean": 0.00850883126259,
        "dmean2": 0.0111533720046,
        "dvar": 7.43702694308e-05,
        "dvar2": 0.000118228766951,
        "max": 0.134765625,
        "mean": 0.0586989820004,
        "median": 0.056884765625,
        "min": 0.00048828125,
        "stdev": 0.024428607896,
        "var": 0.000596756872255
    },
    "barkbands": {
        "dmean": [0.000220134461415, 0.00104423181619, 0.000460059061879, 0.000286687747575, 0.000260720145889, 0.00121757469606, 0.0012896831613, 9.33691044338e-05, 3.61915117537e-05, 0.000224288043682, 0.0016548873391, 0.0017045380082, 0.000464727927465, 0.000129043983179, 0.000107338782982, 0.000228708871873, 3.98478950956e-05, 0.000769095844589, 0.000562120578252, 0.000244276801823, 0.000242449299549, 0.00026599667035, 0.000510781188495, 0.000298733008094, 0.000257839477854, 0.000109701832116, 2.1651492716e-05],
        "dmean2": [0.000399177079089, 0.00175043544732, 0.000726563273929, 0.000443636788987, 0.000401724188123, 0.00194266287144, 0.00211279885843, 0.000158915980137, 5.52033816348e-05, 0.000358188524842, 0.00259709940292, 0.00285864737816, 0.000848796102218, 0.000206713652005, 0.000180190545507, 0.000393541209633, 6.68044158374e-05, 0.00145258428529, 0.00104256242048, 0.000447434082162, 0.000433714536484, 0.000455313595012, 0.000947018910665, 0.000517389213201, 0.000442008575192, 0.000187577024917, 3.9635648136e-05],
        "dvar": [1.41444772339e-07, 3.15793727168e-06, 7.60811133205e-07, 2.63380229626e-07, 1.20090433597e-07, 2.86274644168e-06, 1.94666722564e-06, 7.94850851804e-09, 1.65580515965e-09, 1.01617864345e-07, 5.37281403012e-06, 1.15478951557e-05, 8.8070800075e-07, 9.00860968045e-08, 6.82685765696e-08, 1.35872127771e-07, 4.11895539898e-09, 2.47249408858e-06, 7.88467957591e-07, 1.07422522433e-07, 3.48902517544e-07, 3.48715218479e-07, 1.9461372176e-06, 4.93780476063e-07, 3.96218183596e-07, 7.18326305105e-08, 1.89053728228e-09],
        "dvar2": [4.44634792984e-07, 9.74378690444e-06, 2.05935407394e-06, 7.03958619397e-07, 2.58262815578e-07, 7.36938000045e-06, 5.58444571652e-06, 2.13433661855e-08, 4.29576196836e-09, 2.7832345495e-07, 1.19043761515e-05, 3.79200500902e-05, 2.93699395115e-06, 2.13577692421e-07, 1.73611624632e-07, 4.05418859373e-07, 1.02940438396e-08, 6.74926059219e-06, 2.347346026e-06, 3.04548791519e-07, 9.7007966815e-07, 9.33308285767e-07, 6.05313834967e-06, 1.33826790716e-06, 1.08381618702e-06, 1.79227981789e-07, 4.92557594711e-09],
        "max": [0.00301891379058, 0.00863417796791, 0.00773275271058, 0.00388270895928, 0.00345178693533, 0.0130195152014, 0.0114298919216, 0.000583659333643, 0.000301957363263, 0.00207320833579, 0.0204782616347, 0.0181523710489, 0.00501248054206, 0.00190198491327, 0.00174308556598, 0.00205801683478, 0.000448715960374, 0.0114569924772, 0.00479446537793, 0.00187793001533, 0.00458300625905, 0.00477333879098, 0.00998377241194, 0.00637719826773, 0.00502723874524, 0.00260750483721, 0.000258375453996],
        "mean": [0.000461911869934, 0.00158091145568, 0.000637207704131, 0.00041699555004, 0.000437477196101, 0.00224275630899, 0.0020760728512, 0.000131758963107, 5.8037967392e-05, 0.000357374054147, 0.00340970116667, 0.0016473387368, 0.000417225412093, 0.000128974177642, 0.000109308413812, 0.000212980681681, 4.12070658058e-05, 0.00072145962622, 0.000524213071913, 0.000236777064856, 0.000234654304222, 0.000289141695248, 0.000485945201945, 0.00032086551073, 0.000308161164867, 0.000109928550955, 1.93111918634e-05],
        "median": [0.000232230668189, 0.000917072815355, 0.000270343967713, 0.000171793173649, 0.000177695997991, 0.0012837741524, 0.00112843769602, 0.000101041412563, 2.3367068934e-05, 5.18044944329e-05, 0.000886070774868, 0.000438776478404, 0.00015013331722, 1.93357736862e-05, 1.27033463286e-05, 6.71932066325e-05, 1.14441518235e-05, 0.000155831905431, 0.000259272346739, 0.000162600859767, 5.82120919717e-05, 3.55308184226e-05, 6.08902300883e-05, 8.74459801707e-05, 5.83106084378e-05, 2.19055000343e-05, 5.08848370373e-06],
        "min": [4.89304738949e-08, 3.74002588899e-08, 5.25389376449e-09, 1.6859866836e-09, 2.36750596905e-09, 2.04734207365e-09, 1.21866106095e-09, 6.15548001459e-10, 6.92093049537e-10, 8.16953005245e-10, 3.62499252837e-10, 3.72970515583e-10, 3.6774730483e-10, 3.05279274082e-10, 2.58787324903e-10, 2.05812436538e-10, 1.34216138203e-10, 1.56399990181e-10, 2.23202720195e-10, 1.45338810431e-10, 1.67872007961e-10, 1.1907524966e-10, 1.22018714577e-10, 1.24064508666e-10, 1.30234309448e-10, 2.43971870484e-10, 1.9529163009e-10],
        "stdev": [0.00058071676176, 0.00196031830274, 0.000998173258267, 0.000633365882095, 0.000650491390843, 0.0027961153537, 0.00239243148826, 0.000123091900605, 6.96187998983e-05, 0.000555147591513, 0.0049916729331, 0.00337246013805, 0.000794112042058, 0.000330464914441, 0.000281146261841, 0.000346081709722, 7.06288556103e-05, 0.00153512356337, 0.000840144697577, 0.000290149240755, 0.00058416032698, 0.000742114614695, 0.00140368519351, 0.000810283003375, 0.000827889714856, 0.000308416550979, 4.26428887295e-05],
        "var": [3.37231966796e-07, 3.84284749089e-06, 9.9634974049e-07, 4.01152362883e-07, 4.23139056238e-07, 7.81826111051e-06, 5.72372800889e-06, 1.51516150737e-08, 4.84677720181e-09, 3.08188873532e-07, 2.49167987931e-05, 1.13734868137e-05, 6.30613897101e-07, 1.09207057619e-07, 7.90432252984e-08, 1.19772550988e-07, 4.9884354425e-09, 2.35660422732e-06, 7.05843149262e-07, 8.41865741563e-08, 3.41243264756e-07, 5.50734114313e-07, 1.97033227778e-06, 6.56558540868e-07, 6.85401346345e-07, 9.51207752564e-08, 1.81841597335e-09]
    },
    "erbbands": {
        "dmean": [0.0391015671194, 0.201256886125, 0.476956367493, 0.878630042076, 0.807167112827, 0.84134298563, 2.31599259377, 12.0626220703, 22.8705883026, 5.9501657486, 1.47017729282, 0.823801338673, 2.75429272652, 34.5179214478, 53.4574661255, 71.868598938, 26.2146377563, 7.80790281296, 6.53361034393, 8.35154151917, 8.44986724854, 3.20169854164, 31.9607009888, 34.1105155945, 30.5820865631, 9.46071147919, 8.56158542633, 8.169880867, 7.52750921249, 18.2315750122, 10.9003429413, 4.96792173386, 6.08527946472, 3.30551457405, 1.36702132225, 0.605771243572, 0.188458532095, 0.0324705913663, 0.00367105659097, 0.000244209717494],
        "dmean2": [0.0655648112297, 0.332411706448, 0.731346070766, 1.41346287727, 1.18310785294, 1.3337816, 3.29802751541, 18.8161430359, 36.4614715576, 9.9950761795, 2.46832704544, 1.29806125164, 4.29924154282, 54.8966712952, 83.8974380493, 122.38433075, 47.2915458679, 13.2383460999, 10.6862306595, 14.0712013245, 14.4355039597, 5.18957662582, 59.7003822327, 62.524471283, 56.4685668945, 17.5091381073, 15.3143901825, 14.6737508774, 12.7082118988, 33.3958930969, 20.233171463, 8.5574798584, 10.7409210205, 5.6342086792, 2.39794540405, 1.04273283482, 0.318102389574, 0.0556741431355, 0.00651684263721, 0.000437606911873],
        "dvar": [0.00431631552055, 0.125838041306, 0.588408052921, 3.86091685295, 1.05342328548, 1.56545817852, 12.156586647, 320.52444458, 654.925354004, 53.6346435547, 1.99529647827, 0.831180989742, 13.5638141632, 3008.36938477, 4701.44189453, 22932.9042969, 2900.11816406, 255.875610352, 288.795349121, 206.562713623, 185.033187866, 24.1668224335, 4081.77856445, 4603.59619141, 1909.61779785, 183.657730103, 548.618225098, 314.387939453, 262.49798584, 2545.60668945, 877.394775391, 170.048675537, 201.744354248, 87.5558242798, 5.90845823288, 2.45349168777, 0.171719670296, 0.00580620905384, 4.13962989114e-05, 2.82999565115e-07],
        "dvar2": [0.0143431005999, 0.366891473532, 1.55985987186, 10.934969902, 2.17519879341, 3.54505729675, 27.1683311462, 824.127807617, 1799.0057373, 169.151107788, 5.79778146744, 2.13942313194, 32.8484039307, 6300.84960938, 12031.5117188, 75386.640625, 9565.84960938, 671.433776855, 686.998291016, 610.389648438, 553.675231934, 64.5552902222, 11020.6611328, 13259.3193359, 5899.99658203, 520.168762207, 1507.52441406, 879.860107422, 693.416625977, 7742.93115234, 2728.50366211, 449.933013916, 568.124267578, 235.234008789, 16.4774150848, 6.38298416138, 0.42127302289, 0.0129977576435, 0.000113202520879, 7.85445479323e-07],
        "max": [0.319158673286, 2.14723300934, 6.34587907791, 16.3931941986, 10.7092723846, 10.7151660919, 22.6592578888, 130.047225952, 235.072998047, 49.1022872925, 9.14634037018, 6.66195774078, 28.7692127228, 559.299133301, 449.098876953, 871.160461426, 329.986419678, 113.642089844, 111.03289032, 91.3656539917, 63.5633201599, 25.5768585205, 417.691741943, 500.905395508, 244.87286377, 87.5534286499, 163.703582764, 132.219055176, 143.896743774, 394.716796875, 210.500930786, 118.981307983, 117.348190308, 74.6802139282, 17.585931778, 15.0604381561, 3.77522850037, 0.682949483395, 0.0428141281009, 0.00333819934167],
        "mean": [0.0625788196921, 0.286549121141, 0.70524263382, 1.22462570667, 1.32655191422, 1.40563464165, 4.24441194534, 23.6141281128, 39.9483718872, 9.13439655304, 2.263879776, 1.29791307449, 5.26161813736, 77.4240722656, 94.3224868774, 69.5305099487, 25.009595871, 7.7987742424, 6.84802913666, 8.3377199173, 8.27324771881, 3.47736883163, 31.1395835876, 29.559545517, 32.1176605225, 9.35130119324, 8.94103145599, 7.35736751556, 8.19796848297, 19.6723861694, 10.6002645493, 5.23433113098, 6.60231304169, 4.05106258392, 1.58497440815, 0.649307191372, 0.186098992825, 0.0286388471723, 0.00314801954664, 0.000228712320677],
        "median": [0.0406451560557, 0.121962048113, 0.297350168228, 0.569662213326, 0.412421494722, 0.605621159077, 1.88455319405, 13.3589639664, 22.7628974915, 5.93638849258, 1.81932985783, 0.507113814354, 1.29374909401, 17.0913238525, 36.0544624329, 21.9469299316, 9.60513973236, 1.85753822327, 0.77741253376, 2.69142270088, 2.41300225258, 1.27165782452, 7.82011175156, 4.64650774002, 19.0107040405, 6.11009645462, 1.94972157478, 2.36935043335, 1.22516727448, 2.05812168121, 1.57600688934, 1.05333709717, 1.78440237045, 0.537030398846, 0.393678307533, 0.13226878643, 0.034733299166, 0.00602368498221, 0.00103662884794, 6.72618625686e-05],
        "min": [1.88136050383e-06, 5.66535209146e-06, 7.1621616371e-06, 6.99087468092e-06, 6.19959473624e-06, 8.19596607471e-06, 1.35471564136e-05, 1.76314770215e-05, 1.77732290467e-05, 1.62408305187e-05, 1.40159154398e-05, 1.50771220433e-05, 2.48705164267e-05, 2.29015658988e-05, 1.1280050785e-05, 1.64389184647e-05, 1.71291267179e-05, 1.79303078767e-05, 1.23465442812e-05, 1.33170751724e-05, 1.01340947367e-05, 8.60260024638e-06, 9.23283732845e-06, 1.1282626474e-05, 1.0068042684e-05, 6.02300815444e-06, 8.09151424619e-06, 4.69924725621e-06, 4.01502802561e-06, 3.50223263013e-06, 3.50307527697e-06, 3.30235843649e-06, 1.74198771674e-06, 1.54649512751e-06, 8.98998791854e-07, 1.0268377082e-06, 3.60243262776e-07, 1.43829211652e-07, 2.66361119827e-08, 2.75737477295e-09],
        "stdev": [0.0734548270702, 0.393857240677, 0.995900988579, 1.97801208496, 2.03097128868, 2.09780335426, 5.63874053955, 28.8116893768, 46.4364738464, 9.49858188629, 2.03812837601, 1.52998304367, 7.500477314, 127.795814514, 115.316322327, 146.296005249, 48.4472618103, 16.5663051605, 18.9138793945, 13.4042444229, 13.9298915863, 5.52935123444, 64.2767333984, 63.2050437927, 44.1743431091, 12.0074443817, 24.5445804596, 15.9195079803, 20.1802272797, 56.2148742676, 29.078660965, 14.4156599045, 16.5169410706, 12.154458046, 3.26864218712, 1.81028556824, 0.49347704649, 0.0825811326504, 0.00638509029523, 0.000518289511092],
        "var": [0.0053956117481, 0.155123531818, 0.991818785667, 3.9125316143, 4.12484407425, 4.40077877045, 31.7953929901, 830.11340332, 2156.34619141, 90.2230606079, 4.15396690369, 2.34084796906, 56.2571601868, 16331.7705078, 13297.8535156, 21402.5195312, 2347.13720703, 274.442474365, 357.734802246, 179.67376709, 194.041885376, 30.5737247467, 4131.49804688, 3994.87768555, 1951.37268066, 144.178726196, 602.436401367, 253.430725098, 407.241607666, 3160.11206055, 845.568481445, 207.811264038, 272.809356689, 147.73085022, 10.6840219498, 3.27713370323, 0.243519604206, 0.0068196435459, 4.07693769375e-05, 2.68624035016e-07]
    },
    "gfcc": {
        "mean": [-61.4768562317, 45.422996521, -94.9531402588, 23.8615493774, -56.674446106, 16.8767585754, -28.5866641998, 13.1405296326, -30.4379291534, 8.69640254974, 11.1687870026, 15.1528511047, -13.3878164291],
        "cov": [[33122.2070312, -1652.71411133, -1858.13146973, 305.637695312, -2504.78564453, 581.922058105, -115.40436554, -400.154754639, -1948.52929688, -303.811889648, 859.558288574, 1464.77734375, -147.099731445], [-1652.71411133, 983.384643555, 559.912841797, -78.1970443726, -159.504486084, -35.5842285156, 201.481582642, -66.2513504028, -57.1618423462, -74.7126464844, -118.362258911, 114.195289612, 258.670928955], [-1858.13146973, 559.912841797, 1241.17041016, -23.1673870087, -283.807525635, 10.6491155624, 212.67817688, -13.8668680191, -110.129562378, -129.611831665, -260.973815918, 196.566146851, 358.074005127], [305.637695312, -78.1970443726, -23.1673870087, 283.608947754, -10.2831220627, 5.35159540176, -83.5580749512, -39.7229423523, 61.0360679626, -19.6660785675, -5.44799184799, -64.7900314331, -5.04426050186], [-2504.78564453, -159.504486084, -283.807525635, -10.2831220627, 562.733886719, -96.9565811157, -130.443893433, 42.1424064636, 268.782562256, 58.9632453918, -21.9961662292, -290.498718262, -183.963851929], [581.922058105, -35.5842285156, 10.6491155624, 5.35159540176, -96.9565811157, 106.597496033, 20.8401260376, -42.0438270569, -22.7898693085, 21.6622333527, 21.9515132904, 38.4624137878, 10.711514473], [-115.40436554, 201.481582642, 212.67817688, -83.5580749512, -130.443893433, 20.8401260376, 170.83190918, -12.4572811127, -80.5329971313, -11.9951839447, -33.3235321045, 113.660308838, 85.9926071167], [-400.154754639, -66.2513504028, -13.8668680191, -39.7229423523, 42.1424064636, -42.0438270569, -12.4572811127, 119.489608765, 5.94941234589, -15.4508628845, 0.818446576595, -10.8098487854, -17.4152584076], [-1948.52929688, -57.1618423462, -110.129562378, 61.0360679626, 268.782562256, -22.7898693085, -80.5329971313, 5.94941234589, 263.209655762, 61.3825454712, -28.6196842194, -195.58895874, -62.7059440613], [-303.811889648, -74.7126464844, -129.611831665, -19.6660785675, 58.9632453918, 21.6622333527, -11.9951839447, -15.4508628845, 61.3825454712, 135.600341797, 59.2304573059, -55.1699295044, -21.5834217072], [859.558288574, -118.362258911, -260.973815918, -5.44799184799, -21.9961662292, 21.9515132904, -33.3235321045, 0.818446576595, -28.6196842194, 59.2304573059, 140.299560547, -19.1210174561, -81.3268508911], [1464.77734375, 114.195289612, 196.566146851, -64.7900314331, -290.498718262, 38.4624137878, 113.660308838, -10.8098487854, -195.58895874, -55.1699295044, -19.1210174561, 249.570587158, 119.36869812], [-147.099731445, 258.670928955, 358.074005127, -5.04426050186, -183.963851929, 10.711514473, 85.9926071167, -17.4152584076, -62.7059440613, -21.5834217072, -81.3268508911, 119.36869812, 225.439941406]],
        "icov": [[0.000163030970725, 0.000188037985936, 0.000328859227011, -0.000149147221236, 0.000371560221538, -0.000143155528349, 0.000365963118384, 0.000449829880381, 0.000815137114841, 0.000219938781811, -5.50437725906e-05, -0.000339387741406, -2.22625858441e-05], [0.000188037985936, 0.00246578082442, 1.68307014974e-05, 0.000499512942042, 0.000393703725422, 0.00134477077518, -0.00151966861449, 0.00232292991132, 0.000162456432008, 0.00211274181493, -0.00168876978569, 0.000511620892212, -0.00233827996999], [0.000328859227011, 1.68307014974e-05, 0.00301528233103, -0.000420246564317, 0.00134180148598, -0.00100493221544, -0.000258748099441, 0.000191721192095, 0.00249686511233, 0.000555246486329, 0.00324455671944, 0.000579440209549, -0.00173589889891], [-0.000149147221236, 0.000499512942042, -0.000420246564317, 0.00598424719647, 0.00203852099366, 0.00123830395751, 0.00176704698242, 0.00213772803545, -0.00273744249716, 0.00201344443485, -0.000210594836972, 0.0026868567802, -0.000840613560285], [0.000371560221538, 0.000393703725422, 0.00134180148598, 0.00203852099366, 0.00952339824289, 0.00367949414067, 0.00152518553659, 0.001227714587, -0.000919896410778, -0.00115519366227, 0.00506413914263, 0.00455114105716, 0.00386524386704], [-0.000143155528349, 0.00134477077518, -0.00100493221544, 0.00123830395751, 0.00367949414067, 0.0159258786589, -0.00147927249782, 0.00493426062167, -0.00415468541905, -0.0014444955159, -0.00149960280396, -0.000373929098714, 0.00154184550047], [0.000365963118384, -0.00151966861449, -0.000258748099441, 0.00176704698242, 0.00152518553659, -0.00147927249782, 0.0137973790988, 0.000749759376049, 0.00208317465149, -0.00251037906855, 0.00185429968406, -0.0048254574649, 0.00210591917858], [0.000449829880381, 0.00232292991132, 0.000191721192095, 0.00213772803545, 0.001227714587, 0.00493426062167, 0.000749759376049, 0.0134937772527, 0.000217422479182, 0.00379666266963, -0.00331537867896, -0.000983103527687, -0.00135621498339], [0.000815137114841, 0.000162456432008, 0.00249686511233, -0.00273744249716, -0.000919896410778, -0.00415468541905, 0.00208317465149, 0.000217422479182, 0.0179535746574, -0.00355536234565, 0.00597648089752, 0.00532620679587, -0.00102350115776], [0.000219938781811, 0.00211274181493, 0.000555246486329, 0.00201344443485, -0.00115519366227, -0.0014444955159, -0.00251037906855, 0.00379666266963, -0.00355536234565, 0.0163103155792, -0.0102287670597, 0.00113951577805, -0.00646144617349], [-5.50437725906e-05, -0.00168876978569, 0.00324455671944, -0.000210594836972, 0.00506413914263, -0.00149960280396, 0.00185429968406, -0.00331537867896, 0.00597648089752, -0.0102287670597, 0.0236303508282, 0.00463353842497, 0.0067381314002], [-0.000339387741406, 0.000511620892212, 0.000579440209549, 0.0026868567802, 0.00455114105716, -0.000373929098714, -0.0048254574649, -0.000983103527687, 0.00532620679587, 0.00113951577805, 0.00463353842497, 0.0199614409357, -0.00347973732278], [-2.22625858441e-05, -0.00233827996999, -0.00173589889891, -0.000840613560285, 0.00386524386704, 0.00154184550047, 0.00210591917858, -0.00135621498339, -0.00102350115776, -0.00646144617349, 0.0067381314002, -0.00347973732278, 0.0153853418306]]
    },
    "melbands": {
        "dmean": [0.000315857992973, 0.000256629864452, 0.000146071746713, 5.55785263714e-05, 7.19107410987e-05, 0.000277170969639, 0.000311510550091, 5.23470735061e-05, 9.50502453634e-06, 5.00230316902e-06, 1.18103880595e-05, 0.000127514809719, 0.00020842680533, 0.000180392758921, 0.000138024915941, 3.14377684845e-05, 1.26640334202e-05, 1.05578028524e-05, 7.2537241067e-06, 1.87335008377e-05, 6.99758356859e-06, 2.51033361565e-06, 6.43683233648e-06, 5.02153998241e-05, 2.48593842116e-05, 2.148961903e-05, 1.84479049494e-05, 3.56846999239e-06, 3.77328160539e-06, 7.61281080486e-06, 3.57587737199e-06, 2.76013383882e-06, 7.86636701378e-06, 1.24017178678e-05, 7.20523667042e-06, 3.40518931807e-06, 3.16670252687e-06, 4.47748880106e-06, 4.58613931187e-06, 2.0271302219e-06],
        "dmean2": [0.000528671196662, 0.000406535807997, 0.000229890327319, 8.57109262142e-05, 0.000102471713035, 0.000437475770013, 0.000497453263961, 8.96355995792e-05, 1.6411404431e-05, 7.88630404713e-06, 1.90072278201e-05, 0.000203458315809, 0.000323586631566, 0.00030276569305, 0.000241765927058, 5.62284476473e-05, 2.09433273994e-05, 1.70967359736e-05, 1.24584375953e-05, 3.25002438331e-05, 1.19697588161e-05, 4.28860175816e-06, 1.1429558981e-05, 9.4371047453e-05, 4.56581437902e-05, 3.99922282668e-05, 3.42961793649e-05, 6.7048836172e-06, 6.74786997479e-06, 1.36506851049e-05, 6.42116856397e-06, 4.60021965409e-06, 1.34635120048e-05, 2.29606339417e-05, 1.32885861603e-05, 6.14151167611e-06, 5.35716026207e-06, 7.77198783908e-06, 8.08451022749e-06, 3.41673535331e-06],
        "dvar": [2.87528592935e-07, 1.84327177521e-07, 7.29617539719e-08, 5.28390620147e-09, 1.22434009597e-08, 1.57873927265e-07, 1.13953980474e-07, 4.19202761393e-09, 8.9334845077e-11, 3.14889468667e-11, 2.66887567602e-10, 4.2143280865e-08, 7.27251432409e-08, 1.25418210928e-07, 1.02338937324e-07, 3.24409366037e-09, 8.25873702759e-10, 7.78877573548e-10, 2.47294101863e-10, 1.0875838008e-09, 1.57336157991e-10, 1.65383019779e-11, 1.25152346819e-10, 1.10694307054e-08, 2.61666621704e-09, 1.32639199624e-09, 5.85918147333e-10, 4.79942648124e-11, 9.84009401739e-11, 3.97082505765e-10, 5.63754182226e-11, 2.95232414904e-11, 3.56266183221e-10, 1.28681565403e-09, 4.05172340123e-10, 7.22355369964e-11, 8.13983394576e-11, 8.13708891934e-11, 1.92822480205e-10, 3.04880010127e-11],
        "dvar2": [9.33182832341e-07, 5.05923708261e-07, 1.99619023533e-07, 1.05033368669e-08, 2.79375402812e-08, 4.08545020036e-07, 3.19592089681e-07, 1.28415837963e-08, 2.3078707001e-10, 8.04364908014e-11, 6.93771318172e-10, 8.91000695447e-08, 1.6788894186e-07, 3.94275161852e-07, 3.39235469937e-07, 1.03562802778e-08, 2.08488404319e-09, 1.79718018245e-09, 6.34525432197e-10, 3.24445403876e-09, 4.70148142639e-10, 4.10451013455e-11, 3.52444073926e-10, 3.01677971493e-08, 7.66278418496e-09, 4.03870936694e-09, 1.73893344169e-09, 1.3712898872e-10, 2.73011890872e-10, 1.08902176166e-09, 1.54003768071e-10, 7.39343447576e-11, 9.70189151239e-10, 3.97549682063e-09, 1.28092281226e-09, 2.12694806212e-10, 2.06724970475e-10, 2.24394947068e-10, 5.67219549108e-10, 7.34022773119e-11],
        "max": [0.00264832261018, 0.00336008309387, 0.00220880983397, 0.000769883452449, 0.000723462551832, 0.00290538440458, 0.00305221136659, 0.000449042592663, 5.95496712776e-05, 3.9116217522e-05, 0.000125644553918, 0.00208344287239, 0.00213221251033, 0.00216781254858, 0.00205553509295, 0.000299853505567, 0.000197850924451, 0.000175072491402, 9.72726120381e-05, 0.000214868938201, 6.164352817e-05, 2.76009686786e-05, 6.95739581715e-05, 0.00074645812856, 0.000369356857846, 0.000207631892408, 0.000111455512524, 4.35067049693e-05, 7.48884558561e-05, 0.000157465037773, 4.69927908853e-05, 4.9375139497e-05, 0.000159448216436, 0.000296325451927, 0.00013946944091, 6.63521350361e-05, 8.84428372956e-05, 7.67436868045e-05, 0.000100172561361, 4.97167966387e-05],
        "mean": [0.00051416043425, 0.000375472242013, 0.000211780163227, 9.40244135563e-05, 0.000126399318106, 0.000557866995223, 0.000546357827261, 7.10430540494e-05, 1.44502009789e-05, 7.7407930803e-06, 1.94760250452e-05, 0.000283472210867, 0.000410435721278, 0.000182630552445, 0.000129438500153, 2.80162003037e-05, 1.25212645798e-05, 1.09527409222e-05, 7.68262452766e-06, 1.71821902768e-05, 7.12399105396e-06, 2.56103362517e-06, 6.86303383191e-06, 4.64388795081e-05, 2.04746793315e-05, 2.07145403692e-05, 2.04604384635e-05, 2.97518454317e-06, 3.91214689444e-06, 7.44939779906e-06, 3.00299439004e-06, 2.96602502203e-06, 8.56230599311e-06, 1.25193109852e-05, 6.78357582728e-06, 3.26562712871e-06, 3.33025991495e-06, 4.64066397399e-06, 5.32163085154e-06, 2.5141093829e-06],
        "median": [0.00031199370278, 0.000162208045367, 0.000101826997707, 3.46140586771e-05, 4.95485292049e-05, 0.000307276204694, 0.000322183477692, 4.67915306217e-05, 1.07880241558e-05, 2.93994253298e-06, 5.48142998014e-06, 4.56826492155e-05, 0.000138419592986, 5.33342536073e-05, 4.55126355519e-05, 1.05018980321e-05, 2.22603375732e-06, 9.25927679418e-07, 1.443555675e-06, 5.7641859712e-06, 1.96409314412e-06, 7.59749923418e-07, 2.16773787542e-06, 9.5558934845e-06, 1.84339091902e-06, 8.6552099674e-06, 1.44857031046e-05, 6.54254506571e-07, 6.76388367538e-07, 1.57062822836e-06, 8.65204071943e-07, 5.13992517881e-07, 8.20850004857e-07, 1.29308330088e-06, 8.6588886461e-07, 5.79640527576e-07, 5.6638384649e-07, 1.37838378578e-06, 6.04977913099e-07, 3.54353176135e-07],
        "min": [1.59382160803e-08, 4.80607509346e-09, 1.18429865914e-09, 4.77979045233e-10, 4.70433025868e-10, 3.94262733572e-10, 2.70124617119e-10, 1.64400992819e-10, 1.1082803425e-10, 9.77558381465e-11, 1.25377888627e-10, 9.55087189891e-11, 4.19456344658e-11, 3.68019642538e-11, 4.52147833063e-11, 3.58408754064e-11, 3.24890808701e-11, 1.81355867823e-11, 2.10258910976e-11, 1.52583067708e-11, 1.05867996661e-11, 8.64685753554e-12, 8.03783428704e-12, 7.27437251061e-12, 9.45654752421e-12, 8.37822086014e-12, 6.54148957224e-12, 2.94362255925e-12, 5.39339016156e-12, 3.61581229368e-12, 2.6514972943e-12, 2.05041821195e-12, 2.52248959567e-12, 1.81334114391e-12, 2.01170807443e-12, 2.32544907809e-12, 1.76211920489e-12, 1.04852292213e-12, 1.53727941835e-12, 1.15245226556e-12],
        "stdev": [0.000610514834989, 0.000521477952134, 0.00031162193045, 0.000141931261169, 0.000174317567144, 0.000669225060847, 0.000611048657447, 8.05332529126e-05, 1.3778399989e-05, 9.47700300458e-06, 2.75544316537e-05, 0.000477110443171, 0.000551518984139, 0.000359621393727, 0.00029636270483, 5.05171046825e-05, 3.02521184494e-05, 3.1343428418e-05, 1.71929150383e-05, 2.89702493319e-05, 1.3436277186e-05, 4.34884032074e-06, 1.247428645e-05, 0.00010272104555, 4.68016660307e-05, 3.5032935557e-05, 2.44994644163e-05, 6.03114449405e-06, 1.03130496427e-05, 2.02320752578e-05, 6.48976629236e-06, 6.9334150794e-06, 2.31882386288e-05, 3.78725490009e-05, 1.90053378901e-05, 8.59482588567e-06, 9.96878316073e-06, 1.02196390799e-05, 1.69605827978e-05, 7.26139296603e-06],
        "var": [3.72728379716e-07, 2.71939228469e-07, 9.71082201318e-08, 2.01444816383e-08, 3.03866123375e-08, 4.47862163355e-07, 3.73380487417e-07, 6.48560538608e-09, 1.89844306941e-10, 8.98135801841e-11, 7.59246721049e-10, 2.27634373573e-07, 3.04173198629e-07, 1.29327546006e-07, 8.78308554775e-08, 2.55197796228e-09, 9.1519064549e-10, 9.82410486294e-10, 2.95596352951e-10, 8.39275315911e-10, 1.80533546446e-10, 1.89124133021e-11, 1.55607818297e-10, 1.05516138049e-08, 2.19039586469e-09, 1.22730670071e-09, 6.00223759584e-10, 3.63747018617e-11, 1.06358991059e-10, 4.093368422e-10, 4.21170667786e-11, 4.80722441021e-11, 5.37694389013e-10, 1.43433009914e-09, 3.61202900923e-10, 7.38710273507e-11, 9.93766388624e-11, 1.04441025273e-10, 2.87661366949e-10, 5.27278290474e-11]
    },
    "melbands128": {
