{
"lowlevel": {
    "average_loudness": 0.952447652817,
    "barkbands_crest": {
        "dmean": 2.35615134239,
        "dmean2": 4.06787204742,
        "dvar": 4.18360042572,
        "dvar2": 12.9277563095,
        "max": 17.2458019257,
        "mean": 8.22248458862,
        "median": 7.92288684845,
        "min": 3.33503222466,
        "stdev": 2.43161988258,
        "var": 5.91277551651
    },
    "barkbands_flatness_db": {
        "dmean": 0.019113631919,
        "dmean2": 0.0323545001447,
        "dvar": 0.000181909039384,
        "dvar2": 0.000523042632267,
        "max": 0.225206613541,
        "mean": 0.156350210309,
        "median": 0.155806213617,
        "min": 0.0861805900931,
        "stdev": 0.0275712031871,
        "var": 0.000760171271395
    },
    "barkbands_kurtosis": {
        "dmean": 3.76764941216,
        "dmean2": 6.32334375381,
        "dvar": 13.8787097931,
        "dvar2": 39.7692298889,
        "max": 36.8993186951,
        "mean": 10.3579301834,
        "median": 9.28361129761,
        "min": 0.408509969711,
        "stdev": 6.09294223785,
        "var": 37.1239471436
    },
    "barkbands_skewness": {
        "dmean": 0.471513062716,
        "dmean2": 0.762272298336,
        "dvar": 0.126420989633,
        "dvar2": 0.350118458271,
        "max": 5.2288274765,
        "mean": 2.68382573128,
        "median": 2.66585206985,
        "min": 0.714807748795,
        "stdev": 0.772233605385,
        "var": 0.596344709396
    },
    "barkbands_spread": {
        "dmean": 3.1476650238,
        "dmean2": 5.30031871796,
        "dvar": 6.75553703308,
        "dvar2": 17.3214740753,
        "max": 38.5074920654,
        "mean": 13.3006105423,
        "median": 12.1070175171,
        "min": 3.86362886429,
        "stdev": 5.6912894249,
        "var": 32.3907737732
    },
    "dissonance": {
        "dmean": 0.0258879866451,
        "dmean2": 0.0443418286741,
        "dvar": 0.000527673750184,
        "dvar2": 0.00132013356779,
        "max": 0.499999910593,
        "mean": 0.463343769312,
        "median": 0.468717366457,
        "min": 0.320191293955,
        "stdev": 0.0268756058067,
        "var": 0.000722298223991
    },
    "dynamic_complexity": 2.44156169891,
    "erbbands_crest": {
        "dmean": 2.35470628738,
        "dmean2": 4.12587976456,
        "dvar": 3.46907019615,
        "dvar2": 10.2048625946,
        "max": 17.9682979584,
        "mean": 8.29792118073,
        "median": 8.02305221558,
        "min": 3.58953714371,
        "stdev": 2.37202882767,
        "var": 5.6265206337
    },
    "erbbands_flatness_db": {
        "dmean": 0.0158500466496,
        "dmean2": 0.0262897145003,
        "dvar": 0.000160272538778,
        "dvar2": 0.000409542088164,
        "max": 0.256120204926,
        "mean": 0.178788408637,
        "median": 0.177287220955,
        "min": 0.107281938195,
        "stdev": 0.0260672271252,
        "var": 0.000679500342812
    },
    "erbbands_kurtosis": {
        "dmean": 2.00271081924,
        "dmean2": 3.37639594078,
        "dvar": 4.01199817657,
        "dvar2": 10.5743112564,
        "max": 17.6715145111,
        "mean": 5.17026376724,
        "median": 4.39333343506,
        "min": -0.0779075622559,
        "stdev": 3.26465153694,
        "var": 10.6579494476
    },
    "erbbands_skewness": {
        "dmean": 0.372018456459,
        "dmean2": 0.626684546471,
        "dvar": 0.086804099381,
        "dvar2": 0.223229855299,
        "max": 3.26544451714,
        "mean": 1.72891426086,
        "median": 1.68250393867,
        "min": 0.17169162631,
        "stdev": 0.600429773331,
        "var": 0.360515922308
    },
    "erbbands_spread": {
        "dmean": 4.48013210297,
        "dmean2": 7.48441076279,
        "dvar": 15.2614412308,
        "dvar2": 40.0877304077,
        "max": 50.2243156433,
        "mean": 21.0206394196,
        "median": 19.8818359375,
        "min": 9.00265979767,
        "stdev": 6.95737171173,
        "var": 48.4050178528
    },
    "hfc": {
        "dmean": 5.5847454071,
        "dmean2": 7.924284935,
        "dvar": 36.9696655273,
        "dvar2": 75.4086456299,
        "max": 84.0945739746,
        "mean": 21.7068519592,
        "median": 15.9553337097,
        "min": 0.000338818499586,
        "stdev": 17.7413043976,
        "var": 314.75390625
    },
    "loudness_ebu128": {
        "integrated": -21.5583629608,
        "loudness_range": 2.99723052979,
        "momentary": {
            "dmean": 0.666986465454,
            "dmean2": 0.810146152973,
            "dvar": 0.283046275377,
            "dvar2": 0.363627791405,
            "max": -17.7751922607,
            "mean": -22.0338249207,
            "median": -22.0749359131,
            "min": -26.511220932,
            "stdev": 2.02134823799,
            "var": 4.08584833145
        },
        "short_term": {
            "dmean": 0.102080054581,
            "dmean2": 0.101477943361,
            "dvar": 0.00562138808891,
            "dvar2": 0.00647861603647,
            "max": -20.0709953308,
            "mean": -21.7841873169,
            "median": -21.7009048462,
            "min": -23.5342693329,
            "stdev": 0.9827054739,
            "var": 0.965710103512
        }
    },
    "melbands_crest": {
        "dmean": 3.03733682632,
        "dmean2": 5.1697101593,
        "dvar": 7.04623794556,
        "dvar2": 22.0090427399,
        "max": 22.4961738586,
        "mean": 10.4827251434,
        "median": 9.91314029694,
        "min": 4.37636089325,
        "stdev": 3.05760526657,
        "var": 9.34895038605
    },
    "melbands_flatness_db": {
        "dmean": 0.0208581238985,
        "dmean2": 0.0348372347653,
        "dvar": 0.000224534393055,
        "dvar2": 0.000618715188466,
        "max": 0.295782655478,
        "mean": 0.206353574991,
        "median": 0.206057429314,
        "min": 0.11284737289,
        "stdev": 0.0339703299105,
        "var": 0.00115398329217
    },
    "melbands_kurtosis": {
        "dmean": 5.03713703156,
        "dmean2": 8.65806865692,
        "dvar": 23.0167179108,
        "dvar2": 61.3105964661,
        "max": 42.2402839661,
        "mean": 13.625254631,
        "median": 12.8880233765,
        "min": 1.32627296448,
        "stdev": 7.79580163956,
        "var": 60.7745246887
    },
    "melbands_skewness": {
        "dmean": 0.553863048553,
        "dmean2": 0.946630239487,
        "dvar": 0.190907329321,
        "dvar2": 0.495044708252,
        "max": 4.76141405106,
        "mean": 2.38316035271,
        "median": 2.44280385971,
        "min": 0.662924766541,
        "stdev": 0.779343545437,
        "var": 0.607376337051
    },
    "melbands_spread": {
        "dmean": 2.56498861313,
        "dmean2": 4.31110811234,
        "dvar": 4.77622842789,
        "dvar2": 12.5344991684,
        "max": 30.8855628967,
        "mean": 11.1655359268,
        "median": 10.2048988342,
        "min": 3.45742917061,
        "stdev": 4.69902038574,
        "var": 22.0807914734
    },
    "pitch_salience": {
        "dmean": 0.0670190528035,
        "dmean2": 0.118453994393,
        "dvar": 0.00293515063822,
        "dvar2": 0.0085221696645,
        "max": 0.910738825798,
        "mean": 0.73845499754,
        "median": 0.747888565063,
        "min": 0.510721325874,
        "stdev": 0.0623124577105,
        "var": 0.00388284237124
    },
    "silence_rate_20dB": {
        "dmean": 0,
        "dmean2": 0,
        "dvar": 0,
        "dvar2": 0,
        "max": 1,
        "mean": 1,
        "median": 1,
        "min": 1,
        "stdev": 0,
        "var": 0
    },
    "silence_rate_30dB": {
        "dmean": 0,
        "dmean2": 0,
        "dvar": 0,
        "dvar2": 0,
        "max": 1,
        "mean": 1,
        "median": 1,
        "min": 1,
        "stdev": 0,
        "var": 0
    },
    "silence_rate_60dB": {
        "dmean": 0.025559104979,
        "dmean2": 0.0512820519507,
        "dvar": 0.024905834347,
        "dvar2": 0.0486525036395,
        "max": 1,
        "mean": 0.0541401281953,
        "median": 0,
        "min": 0,
        "stdev": 0.226294755936,
        "var": 0.0512093156576
    },
    "spectral_centroid": {
        "dmean": 111.399238586,
        "dmean2": 185.60508728,
        "dvar": 11019.4111328,
        "dvar2": 31748.9941406,
        "max": 1677.74157715,
        "mean": 789.057250977,
        "median": 750.035766602,
        "min": 457.966796875,
        "stdev": 215.914871216,
        "var": 46619.234375
    },
    "spectral_complexity": {
        "dmean": 2.53035140038,
        "dmean2": 3.7596154213,
        "dvar": 4.59412384033,
        "dvar2": 10.0479850769,
        "max": 37,
        "mean": 17.385351181,
        "median": 17,
        "min": 0,
        "stdev": 6.48034143448,
        "var": 41.9948272705
    },
    "spectral_decrease": {
        "dmean": 1.75847658657e-09,
        "dmean2": 2.79191847419e-09,
        "dvar": 3.00477824285e-18,
        "dvar2": 7.93885103973e-18,
        "max": -9.94179104276e-14,
        "mean": -5.42163425266e-09,
        "median": -4.65854599341e-09,
        "min": -2.26339231801e-08,
        "stdev": 4.03234157176e-09,
        "var": 1.62597768044e-17
    },
    "spectral_energy": {
        "dmean": 0.00704914703965,
        "dmean2": 0.0110976947471,
        "dvar": 4.86869612359e-05,
        "dvar2": 0.000126613580505,
        "max": 0.0916368961334,
        "mean": 0.0224313810468,
        "median": 0.0196526609361,
        "min": 4.05957706562e-07,
        "stdev": 0.0166737195104,
        "var": 0.00027801291435
    },
    "spectral_energyband_high": {
        "dmean": 0.000191424594959,
        "dmean2": 0.000284492998617,
        "dvar": 7.76376438694e-08,
        "dvar2": 1.45562950138e-07,
        "max": 0.00422881916165,
        "mean": 0.00067028432386,
        "median": 0.000373512331862,
        "min": 1.52098404982e-08,
        "stdev": 0.000710694584996,
        "var": 5.05086802605e-07
    },
    "spectral_energyband_low": {
        "dmean": 5.2616254834e-05,
        "dmean2": 9.62268240983e-05,
        "dvar": 6.57300835982e-09,
        "dvar2": 1.93756228839e-08,
        "max": 0.000587103131693,
        "mean": 5.94567791268e-05,
        "median": 2.70561176876e-05,
        "min": 2.65501682861e-08,
        "stdev": 8.77067141118e-05,
        "var": 7.69246799592e-09
    },
    "spectral_energyband_middle_high": {
        "dmean": 0.00196695979685,
        "dmean2": 0.00285357772373,
        "dvar": 7.00547616361e-06,
        "dvar2": 1.49399666043e-05,
        "max": 0.0292807258666,
        "mean": 0.00521411933005,
        "median": 0.0037497007288,
        "min": 3.30434914986e-08,
        "stdev": 0.00509717687964,
        "var": 2.59812131844e-05
    },
    "spectral_energyband_middle_low": {
        "dmean": 0.00626483000815,
        "dmean2": 0.0104368645698,
        "dvar": 3.75060990336e-05,
        "dvar2": 0.000102096288174,
        "max": 0.0725131705403,
        "mean": 0.0167798306793,
        "median": 0.0138826817274,
        "min": 3.43509782397e-07,
        "stdev": 0.0128067685291,
        "var": 0.000164013312315
    },
    "spectral_entropy": {
        "dmean": 0.154145091772,
        "dmean2": 0.258819520473,
        "dvar": 0.0128958672285,
        "dvar2": 0.0349074304104,
        "max": 8.14158058167,
        "mean": 7.50480985641,
        "median": 7.50465917587,
        "min": 6.72509813309,
        "stdev": 0.260373294353,
        "var": 0.0677942559123
    },
    "spectral_flux": {
        "dmean": 0.0148888044059,
        "dmean2": 0.0222401004285,
        "dvar": 0.000172279585968,
        "dvar2": 0.000395173527068,
        "max": 0.210455179214,
        "mean": 0.0904971063137,
        "median": 0.0874256119132,
        "min": 0.00352813419886,
        "stdev": 0.0373251251876,
        "var": 0.00139316497371
    },
    "spectral_kurtosis": {
        "dmean": 1.3073631525,
        "dmean2": 2.17626428604,
        "dvar": 1.13191652298,
        "dvar2": 2.90741491318,
        "max": 14.8176860809,
        "mean": 6.93375921249,
        "median": 6.6401720047,
        "min": 2.36274242401,
        "stdev": 2.16413092613,
        "var": 4.68346261978
    },
    "spectral_rms": {
        "dmean": 0.000729564868379,
        "dmean2": 0.0011115281377,
        "dvar": 3.25741865481e-07,
        "dvar2": 7.96985148099e-07,
        "max": 0.00945525523275,
        "mean": 0.00433395709842,
        "median": 0.00437873182818,
        "min": 1.99011628865e-05,
        "stdev": 0.00176098954398,
        "var": 3.10108430313e-06
    },
    "spectral_rolloff": {
        "dmean": 174.398284912,
        "dmean2": 294.839172363,
        "dvar": 37719.3476562,
        "dvar2": 91538.609375,
        "max": 2928.515625,
        "mean": 1008.08300781,
        "median": 947.4609375,
        "min": 473.73046875,
        "stdev": 323.70425415,
        "var": 104784.453125
    },
    "spectral_skewness": {
        "dmean": 0.195343986154,
        "dmean2": 0.324300050735,
        "dvar": 0.0222112126648,
        "dvar2": 0.0563478879631,
        "max": 3.32141327858,
        "mean": 2.32315421104,
        "median": 2.30441522598,
        "min": 1.64017617702,
        "stdev": 0.328492671251,
        "var": 0.107907436788
    },
    "spectral_spread": {
        "dmean": 584692.6875,
        "dmean2": 929514.375,
        "dvar": 208800808960,
        "dvar2": 519065337856,
        "max": 9617453,
        "mean": 5929177,
        "median": 5753725,
        "min": 3753993,
        "stdev": 1063088.875,
        "var": 1.13015783424e+12
    },
    "spectral_strongpeak": {
        "dmean": 0.406415104866,
        "dmean2": 0.706226289272,
        "dvar": 0.170135393739,
        "dvar2": 0.482729882002,
        "max": 3.2476439476,
        "mean": 0.736289560795,
        "median": 0.613157749176,
        "min": 0.000220404326683,
        "stdev": 0.530852258205,
        "var": 0.28180411458
    },
    "zerocrossingrate": {
        "dmean": 0.010082305409,
        "dmean2": 0.0134840747342,
        "dvar": 6.58228236716e-05,
        "dvar2": 0.000126700950204,
        "max": 0.1640625,
        "mean": 0.076459556818,
        "median": 0.072265625,
        "min": 0.0302734375,
        "stdev": 0.023093611002,
        "var": 0.000533314887434
    },
    "barkbands": {
        "dmean": [5.82692694095e-09, 2.73594878308e-07, 1.96882429009e-05, 8.1881051301e-05, 0.000998550560325, 0.00275816209614, 0.00238783494569, 0.00259538157843, 0.00216042320244, 0.000897802761756, 0.000718926079571, 0.0008220601012, 0.000448460312327, 0.000193237370695, 0.000110741129902, 5.43886199011e-05, 4.94447776873e-05, 4.7225268645e-05, 2.27056243602e-05, 2.1706777261e-05, 2.78708284895e-05, 2.47563657467e-05, 2.497587775e-05, 4.49184117315e-05, 3.7412646634e-05, 6.53563984088e-05, 4.07903316955e-05],
        "dmean2": [1.06543529554e-08, 4.91390323987e-07, 3.53696632374e-05, 0.000146965467138, 0.00181364349555, 0.00474060326815, 0.00381608842872, 0.00444925716147, 0.00361561891623, 0.00137374945916, 0.00118280644529, 0.00135991885327, 0.000766695127822, 0.000291773525532, 0.000179565584403, 8.25526512926e-05, 7.65667136875e-05, 7.60740731494e-05, 3.40454535035e-05, 3.36636185239e-05, 4.40086660092e-05, 3.94875314669e-05, 3.84419727197e-05, 6.69878718327e-05, 5.46737101104e-05, 0.000106119659904, 6.14711170783e-05],
        "dvar": [7.42606622701e-17, 1.92766619724e-13, 1.0394433092e-09, 1.48969352409e-08, 3.85398379876e-06, 8.93777541933e-06, 9.7053580248e-06, 1.22148103401e-05, 1.02209241959e-05, 2.74600211014e-06, 1.61212471994e-06, 1.65691358234e-06, 3.89594021044e-07, 9.49670919681e-08, 3.02946041586e-08, 7.58091811548e-09, 5.28016830259e-09, 7.08363856461e-09, 2.04966421613e-09, 9.43684796972e-10, 2.22408180761e-09, 1.22735466235e-09, 1.04953101765e-09, 9.38875466261e-09, 3.86124598961e-09, 9.1825960169e-09, 8.57800674936e-09],
        "dvar2": [2.23350226804e-16, 5.79774834912e-13, 2.73895572889e-09, 4.62549394342e-08, 1.26748882394e-05, 2.52971785812e-05, 2.19120993279e-05, 3.74291230401e-05, 2.83540557575e-05, 5.95283836446e-06, 4.36326808995e-06, 4.70889563076e-06, 1.04981063487e-06, 2.15333500364e-07, 7.92937555616e-08, 1.60063713395e-08, 1.39458169457e-08, 1.89456148547e-08, 5.20668930193e-09, 2.29309371491e-09, 6.27262819464e-09, 3.6446972107e-09, 2.45517739472e-09, 1.8751194375e-08, 7.2454926503e-09, 2.31016965557e-08, 2.12431476854e-08],
        "max": [7.44976205169e-08, 2.87954821943e-06, 0.000259796157479, 0.00102272920776, 0.0180350076407, 0.0247823819518, 0.0421001724899, 0.0310923326761, 0.024322617799, 0.027039475739, 0.0135818272829, 0.0139983817935, 0.00566375209019, 0.0029014996253, 0.00200332095847, 0.00105071684811, 0.000639243982732, 0.000814374710899, 0.000661959580611, 0.000303287582938, 0.000494838517625, 0.000460227223812, 0.000356416217983, 0.00183989584912, 0.00102459429763, 0.0011293446878, 0.0015191717539],
        "mean": [6.94197899165e-09, 2.89332632519e-07, 2.17788146983e-05, 9.4820461527e-05, 0.00125806115102, 0.00428145099431, 0.00358389527537, 0.00375491078012, 0.00330425752327, 0.00152259587776, 0.00103506166488, 0.0012414919911, 0.000762765412219, 0.000344467203831, 0.000191282699234, 0.000100680190371, 9.35208663577e-05, 9.05698761926e-05, 5.57895218662e-05, 5.22176378581e-05, 6.52418748359e-05, 6.023419337e-05, 6.41195947537e-05, 9.02223764569e-05, 8.5732077423e-05, 0.000158036098583, 0.000117652642075],
        "median": [4.57749926852e-09, 1.40984042218e-07, 9.48695378611e-06, 4.84638658236e-05, 0.00072679889854, 0.00300307525322, 0.00225242134184, 0.00245533976704, 0.00172384479083, 0.000828411313705, 0.000535555649549, 0.000702345860191, 0.000430623418652, 0.000185242446605, 0.000111595385533, 4.83626099594e-05, 4.14172100136e-05, 3.42894345522e-05, 2.76505579677e-05, 2.73884761555e-05, 3.00867886835e-05, 2.74080939562e-05, 3.52629140252e-05, 4.63458927698e-05, 5.2367682656e-05, 8.43468515086e-05, 5.53804748051e-05],
        "min": [5.19652432196e-10, 2.58832089095e-09, 1.04350332819e-08, 2.93178814559e-08, 8.6904506702e-08, 7.74653940994e-08, 7.57930962436e-08, 4.28097983729e-08, 3.04381444494e-08, 1.43996414792e-09, 4.53524684474e-09, 2.78141643051e-09, 2.87054247039e-09, 1.16990959143e-08, 2.10878337015e-09, 2.47517428775e-09, 1.43602107983e-09, 2.57593146813e-09, 1.21364229777e-09, 6.6936134413e-10, 4.46683268152e-09, 1.05649200499e-09, 1.55993740147e-09, 1.5730302616e-09, 1.19214016436e-09, 2.4515234287e-09, 2.68332867037e-09],
        "stdev": [7.34308702732e-09, 4.3322916099e-07, 3.58264114766e-05, 0.000127987630549, 0.00194823334459, 0.00381064717658, 0.00432339357212, 0.00428231805563, 0.00445460341871, 0.00231001782231, 0.00146491976921, 0.00159590283874, 0.000894407159649, 0.000469468679512, 0.000252689525951, 0.000144396180985, 0.000123498655739, 0.000135956142913, 7.23867924535e-05, 6.01103965892e-05, 8.70043950272e-05, 7.581407408e-05, 7.12582259439e-05, 0.000155254514539, 0.00012406836322, 0.000180637463927, 0.000183543466846],
        "var": [5.39209262821e-17, 1.87687512017e-13, 1.28353183637e-09, 1.63808326903e-08, 3.7956133383e-06, 1.45210315168e-05, 1.8691733203e-05, 1.83382489922e-05, 1.98434900085e-05, 5.33618185727e-06, 2.14598981074e-06, 2.54690576185e-06, 7.99964197995e-07, 2.2040083536e-07, 6.38519921381e-08, 2.08502584087e-08, 1.52519170626e-08, 1.84840711626e-08, 5.23984722278e-09, 3.61325991349e-09, 7.56976525906e-09, 5.74777425655e-09, 5.07773467717e-09, 2.41039650462e-08, 1.53929580193e-08, 3.26298952302e-08, 3.36882024499e-08]
    },
    "erbbands": {
        "dmean": [6.27320378044e-06, 0.000284121721052, 0.0134310359135, 0.15325935185, 0.707879424095, 4.09413862228, 12.2525749207, 29.4885463715, 30.0834732056, 44.7236022949, 51.6158752441, 49.3575935364, 35.4602127075, 24.8021240234, 26.5032501221, 33.0449638367, 19.3669090271, 11.3990249634, 6.55895423889, 4.69891548157, 2.61332774162, 2.64044094086, 2.69783902168, 1.5875672102, 0.972324073315, 1.04170751572, 1.48963773251, 0.748616695404, 0.945941448212, 0.603144407272, 0.816914200783, 0.849788308144, 0.844859540462, 0.555266141891, 0.213006287813, 0.118525326252, 0.186045512557, 0.0350541472435, 0.00715827196836, 0.000613131269347],
        "dmean2": [1.10879927888e-05, 0.000504836032633, 0.0241219624877, 0.271088272333, 1.27484738827, 7.45093393326, 21.2631874084, 51.0637283325, 50.3970451355, 77.7623062134, 87.9267425537, 81.8676376343, 59.422668457, 40.6712722778, 39.8338279724, 54.180934906, 32.4300804138, 18.0596237183, 9.99181747437, 7.50419425964, 4.08161115646, 4.13111495972, 4.37842607498, 2.4587225914, 1.4853540659, 1.61519563198, 2.27856564522, 1.17418599129, 1.53185021877, 0.92055284977, 1.28821456432, 1.37657487392, 1.22925078869, 0.814770519733, 0.310916960239, 0.179557412863, 0.311485022306, 0.0570977404714, 0.0114511409774, 0.000901020306628],
        "dvar": [7.34625138499e-11, 2.32722243254e-07, 0.000478048052173, 0.0496395677328, 0.797946631908, 58.5782318115, 221.047393799, 1253.37597656, 1690.01452637, 3198.12060547, 5923.90185547, 4625.41796875, 5102.64892578, 1608.61047363, 2439.16894531, 2746.10742188, 667.217773438, 400.319152832, 129.579956055, 62.8830680847, 16.8012142181, 14.6201543808, 21.4183158875, 7.77575016022, 2.41150665283, 2.16622757912, 6.80478954315, 1.66831755638, 1.95243179798, 0.626546561718, 1.24859595299, 3.01588249207, 3.12601876259, 0.942423582077, 0.111727789044, 0.035396758467, 0.0845868736506, 0.00329820904881, 0.000344147993019, 1.67446387422e-06],
        "dvar2": [2.13722692322e-10, 6.62724630729e-07, 0.0013008096721, 0.156304329634, 2.32432603836, 184.935256958, 696.551879883, 3504.78881836, 4052.19262695, 9486.91308594, 16826.78125, 11819.7304688, 13771.9599609, 3843.84423828, 5989.88818359, 7924.78222656, 1736.3515625, 1018.91656494, 307.677215576, 162.416824341, 37.59765625, 37.0197601318, 57.3729324341, 19.3011360168, 6.0484957695, 5.18018960953, 19.8732433319, 4.87993383408, 5.58544635773, 1.62532293797, 2.77088737488, 6.81089448929, 5.80399560928, 1.72557520866, 0.22531825304, 0.0777274593711, 0.230963364244, 0.00786029547453, 0.00088362529641, 3.86187230106e-06],
        "max": [6.78950164001e-05, 0.00383740849793, 0.177822202444, 1.92260193825, 7.25019979477, 66.1022491455, 136.651702881, 301.292663574, 519.039306641, 504.251831055, 803.976867676, 623.758605957, 1003.94940186, 521.742370605, 695.396362305, 494.036254883, 262.786987305, 207.282592773, 127.040786743, 85.7567901611, 49.0759506226, 36.2607383728, 48.1854438782, 31.0064811707, 20.9576263428, 16.8756427765, 26.0280189514, 17.657283783, 19.0749969482, 10.8410491943, 12.6731719971, 29.4309520721, 34.7412452698, 16.5168132782, 4.9972987175, 2.36921310425, 3.50123929977, 0.908418178558, 0.282204896212, 0.0236131176353],
        "mean": [1.20856839203e-05, 0.000401815137593, 0.0168600007892, 0.190007254481, 0.968396902084, 4.89895820618, 16.2881317139, 43.073551178, 45.2757720947, 70.273979187, 80.8823547363, 78.3023757935, 59.1502227783, 42.6916770935, 44.3424720764, 50.8832893372, 36.5349998474, 21.5354747772, 12.5441226959, 8.29802131653, 5.53327655792, 5.22035551071, 5.13282060623, 3.66245818138, 2.4793856144, 2.44673800468, 3.32409787178, 1.93030309677, 2.15872359276, 1.73799884319, 1.95982658863, 1.77278637886, 1.58102107048, 1.14340674877, 0.500737130642, 0.273648172617, 0.40693551302, 0.096886947751, 0.0189186148345, 0.00171294319443],
        "median": [8.50877859193e-06, 0.000239314918872, 0.00889264792204, 0.0987153798342, 0.626090168953, 2.60484600067, 12.12068367, 30.2238864899, 29.314496994, 50.0924835205, 50.4229736328, 40.6698532104, 31.9647941589, 25.9861526489, 21.884349823, 32.6185798645, 21.7011566162, 12.531244278, 6.96160268784, 4.78261137009, 2.52595233917, 2.22658848763, 1.87583351135, 1.86060118675, 1.25477313995, 1.27172255516, 1.49636983871, 0.855343699455, 1.0233912468, 0.852736711502, 1.10212755203, 1.02653384209, 0.757795035839, 0.662865281105, 0.319978475571, 0.152247458696, 0.217209249735, 0.0492403507233, 0.00821273680776, 0.000869351613801],
        "min": [7.0347716985e-08, 1.00562760963e-06, 9.13550047699e-06, 5.94650919084e-05, 0.000169039485627, 0.000297475082334, 0.000564097077586, 0.000622786756139, 0.000881695013959, 0.00135995133314, 0.000734670553356, 0.00077199540101, 0.00015193958825, 6.19946804363e-05, 0.00022412132239, 9.55150753725e-05, 0.000125802675029, 0.000567077542655, 0.000242887879722, 0.000112609057396, 0.000158666400239, 6.79131480865e-05, 0.000139474170282, 6.20047794655e-05, 7.10936146788e-05, 3.7375401007e-05, 0.000202829905902, 9.59498283919e-05, 3.1408319046e-05, 4.69039478048e-05, 4.45728874183e-05, 3.71237365471e-05, 2.30674668273e-05, 1.77980218723e-05, 6.05165541856e-06, 3.14743101626e-06, 4.98528970638e-06, 2.00829958885e-06, 5.13700399551e-07, 3.88273626584e-08],
        "stdev": [1.10371838673e-05, 0.000521236681379, 0.0245234891772, 0.24639621377, 1.03643405437, 7.78676795959, 15.7167110443, 42.699420929, 51.7654380798, 73.5158691406, 99.3885574341, 101.277198792, 89.8046646118, 54.1834640503, 63.5248756409, 62.5859832764, 40.3343315125, 28.6022701263, 16.4928684235, 11.0482168198, 7.29812526703, 6.72722387314, 7.53889131546, 4.9255361557, 2.93951225281, 2.86024165154, 4.53084230423, 2.44633603096, 2.75966978073, 2.02036046982, 2.2492954731, 2.59578871727, 2.96124505997, 1.78470742702, 0.678644359112, 0.33689776063, 0.479674071074, 0.125051677227, 0.032681658864, 0.00256482628174],
        "var": [1.21819429544e-10, 2.71687667919e-07, 0.000601401552558, 0.0607110969722, 1.0741956234, 60.6337585449, 247.01499939, 1823.24060059, 2679.66064453, 5404.58349609, 9878.08496094, 10257.0703125, 8064.87841797, 2935.84765625, 4035.40966797, 3917.00512695, 1626.85839844, 818.08984375, 272.014678955, 122.063087463, 53.2626342773, 45.2555389404, 56.8348846436, 24.2609081268, 8.6407327652, 8.18098258972, 20.5285339355, 5.98456001282, 7.61577701569, 4.08185625076, 5.05932998657, 6.73811864853, 8.76897239685, 3.18518042564, 0.460558205843, 0.113500095904, 0.230087205768, 0.015637923032, 0.00106809078716, 6.57833334117e-06]
    },
    "gfcc": {
        "mean": [-7.75469017029, 29.2209148407, -116.448112488, -66.023979187, -97.0882263184, -26.3914966583, -52.879234314, -17.6817798615, -34.0818748474, -5.52623319626, -17.4565753937, -3.64316868782, -18.9802150726],
        "cov": [[4651.14355469, -729.648986816, -856.627990723, -386.843597412, -125.699279785, -136.948501587, -13.6511192322, -50.9628143311, 76.916885376, -21.2828998566, -4.34708547592, 174.184585571, 29.2485580444], [-729.648986816, 429.26776123, 286.610534668, 127.340888977, 88.2976760864, 25.090801239, 56.1683197021, -43.6420173645, -63.2421112061, -12.0385971069, 4.18768310547, -24.7318572998, -45.6134033203], [-856.627990723, 286.610534668, 423.068603516, 150.549102783, 76.0935974121, 19.9174976349, 42.3570785522, -32.8193321228, -43.906085968, -23.2662391663, 1.91695225239, -26.0048294067, -41.4442367554], [-386.843597412, 127.340888977, 150.549102783, 241.351760864, 139.486434937, -39.750617981, 88.8862915039, -53.552772522, -19.7489738464, -58.4162406921, -27.566204071, 2.75848007202, -34.7421722412], [-125.699279785, 88.2976760864, 76.0935974121, 139.486434937, 138.235549927, -6.06619310379, 73.7997055054, -58.6042785645, -20.1723480225, -47.9851379395, -26.1966018677, 6.61998605728, -32.5005912781], [-136.948501587, 25.090801239, 19.9174976349, -39.750617981, -6.06619310379, 129.793273926, -37.0620307922, -16.1311702728, -23.1009063721, -9.51459884644, 16.8964424133, -38.3671112061, 5.64963531494], [-13.6511192322, 56.1683197021, 42.3570785522, 88.8862915039, 73.7997055054, -37.0620307922, 105.328659058, -23.7480430603, -3.91093826294, -27.7620220184, -29.2983512878, 11.7865152359, -34.7669715881], [-50.9628143311, -43.6420173645, -32.8193321228, -53.552772522, -58.6042785645, -16.1311702728, -23.7480430603, 82.1721725464, 20.9238624573, 36.3371505737, 0.194319680333, -11.6601905823, 13.750087738], [76.916885376, -63.2421112061, -43.906085968, -19.7489738464, -20.1723480225, -23.1009063721, -3.91093826294, 20.9238624573, 46.0635986328, 13.8177661896, -0.554282605648, 5.7522816658, 2.62562012672], [-21.2828998566, -12.0385971069, -23.2662391663, -58.4162406921, -47.9851379395, -9.51459884644, -27.7620220184, 36.3371505737, 13.8177661896, 58.5588874817, 12.5944499969, -2.29212641716, 5.74478816986], [-4.34708547592, 4.18768310547, 1.91695225239, -27.566204071, -26.1966018677, 16.8964424133, -29.2983512878, 0.194319680333, -0.554282605648, 12.5944499969, 43.2427368164, 0.861932694912, -0.911145091057], [174.184585571, -24.7318572998, -26.0048294067, 2.75848007202, 6.61998605728, -38.3671112061, 11.7865152359, -11.6601905823, 5.7522816658, -2.29212641716, 0.861932694912, 41.7015914917, -1.09275209904], [29.2485580444, -45.6134033203, -41.4442367554, -34.7421722412, -32.5005912781, 5.64963531494, -34.7669715881, 13.750087738, 2.62562012672, 5.74478816986, -0.911145091057, -1.09275209904, 45.1615104675]],
        "icov": [[0.000502727983985, 0.000369553279597, 0.000601155683398, 0.000935154617764, -0.000143394805491, 0.00051205343334, -0.000249998905929, 0.000661174417473, 0.000370945432223, 0.000695764494594, -4.35118308815e-05, -0.000813861377537, 0.000627083529253], [0.000369553279597, 0.00583137851208, -0.00234421202913, 0.000616841192823, -0.00149310252164, 0.000590429408476, -0.00185669050552, 0.00122768804431, 0.00488679111004, -0.00261351279914, -0.001608771272, 0.00130400492344, 0.00106958451215], [0.000601155683398, -0.00234421202913, 0.00586107606068, -0.00189262873027, 0.00166716566309, -0.000155701753101, 0.000733221066184, 0.000405100960052, 0.000663000915665, 0.00114951643627, 0.000127667037304, -0.000585015397519, 0.00262969802134], [0.000935154617764, 0.000616841192823, -0.00189262873027, 0.0171396955848, -0.0125829735771, 0.00762526551262, -0.00216319644824, 0.000964244827628, -0.000145975602209, 0.00715536205098, -0.00323184463196, 0.0044844057411, -0.00136070314329], [-0.000143394805491, -0.00149310252164, 0.00166716566309, -0.0125829735771, 0.0289101731032, -0.00567475054413, -0.00470319623128, 0.00749461958185, 0.000485191383632, 0.000921123661101, 0.00850573927164, -0.00483610667288, 0.00595669448376], [0.00051205343334, 0.000590429408476, -0.000155701753101, 0.00762526551262, -0.00567475054413, 0.0181206148118, 0.00315212598071, 0.00465531973168, 0.00418097153306, 0.00553639512509, -0.00540851429105, 0.0154315670952, -3.66887034033e-05], [-0.000249998905929, -0.00185669050552, 0.000733221066184, -0.00216319644824, -0.00470319623128, 0.00315212598071, 0.0241406690329, -0.00175896927249, -0.0013389865635, 0.0036457113456, 0.0102608436719, -0.00262705399655, 0.0123938480392], [0.000661174417473, 0.00122768804431, 0.000405100960052, 0.000964244827628, 0.00749461958185, 0.00465531973168, -0.00175896927249, 0.0254421774298, -0.00338917085901, -0.00773133244365, 0.00397369172424, 0.00879672076553, -0.000890382158104], [0.000370945432223, 0.00488679111004, 0.000663000915665, -0.000145975602209, 0.000485191383632, 0.00418097153306, -0.0013389865635, -0.00338917085901, 0.0330795757473, -0.00410839449614, -0.00109958520625, 0.000300686137052, 0.00360330473632], [0.000695764494594, -0.00261351279914, 0.00114951643627, 0.00715536205098, 0.000921123661101, 0.00553639512509, 0.0036457113456, -0.00773133244365, -0.00410839449614, 0.0339971855283, -0.00413143308833, 0.000179639871931, 0.00443519372493], [-4.35118308815e-05, -0.001608771272, 0.000127667037304, -0.00323184463196, 0.00850573927164, -0.00540851429105, 0.0102608436719, 0.00397369172424, -0.00109958520625, -0.00413143308833, 0.0370068959892, -0.00915591139346, 0.0106358975172], [-0.000813861377537, 0.00130400492344, -0.000585015397519, 0.0044844057411, -0.00483610667288, 0.0154315670952, -0.00262705399655, 0.00879672076553, 0.000300686137052, 0.000179639871931, -0.00915591139346, 0.045699197799, -0.00447368854657], [0.000627083529253, 0.00106958451215, 0.00262969802134, -0.00136070314329, 0.00595669448376, -3.66887034033e-05, 0.0123938480392, -0.000890382158104, 0.00360330473632, 0.00443519372493, 0.0106358975172, -0.00447368854657, 0.0376197099686]]
    },
    "melbands": {
        "dmean": [3.78296931558e-08, 6.19994352746e-06, 3.62113933079e-05, 0.000151620377437, 0.000384198065149, 0.000601442588959, 0.000460480921902, 0.000505316187628, 0.000408618303481, 0.000325120898196, 0.000179478185601, 0.000101194404124, 9.63984784903e-05, 9.3251488579e-05, 7.00461896486e-05, 3.66620224668e-05, 2.08484252653e-05, 1.21797693282e-05, 7.91996353655e-06, 4.92959134135e-06, 3.04865284306e-06, 2.90118555313e-06, 2.70885243481e-06, 2.40252825279e-06, 1.32603338443e-06, 8.20981881589e-07, 7.12460575869e-07, 7.69658697664e-07, 1.01740204173e-06, 7.53827521294e-07, 4.66007747946e-07, 6.12332030414e-07, 4.89030810513e-07, 3.40462634085e-07, 4.82469090457e-07, 5.52593633074e-07, 5.64508354728e-07, 6.72434282478e-07, 5.31147577476e-07, 4.87301690555e-07],
        "dmean2": [6.78364884266e-08, 1.12763009383e-05, 6.35749020148e-05, 0.000277929502772, 0.000661175581627, 0.00103351671714, 0.000756705587264, 0.000882640597411, 0.000687284977175, 0.00054938782705, 0.000299504899886, 0.000169341976289, 0.00015211943537, 0.000153159329784, 0.000120494012663, 6.15305034444e-05, 3.3262593206e-05, 1.87172845472e-05, 1.25775968627e-05, 7.79681249696e-06, 4.87760689794e-06, 4.62591106043e-06, 4.36874188381e-06, 3.9600886339e-06, 2.10857911043e-06, 1.30261742015e-06, 1.09142376914e-06, 1.23532765883e-06, 1.54686438236e-06, 1.20468337172e-06, 7.54534653424e-07, 1.02283297565e-06, 7.43688531202e-07, 5.24732058693e-07, 7.67445783367e-07, 8.76329295352e-07, 9.40349593748e-07, 9.85630890682e-07, 8.21818787244e-07, 7.14518762379e-07],
        "dvar": [3.53967593592e-15, 9.71890692925e-11, 2.15401363413e-09, 6.38176018697e-08, 2.65462347215e-07, 4.8085405524e-07, 4.08047242217e-07, 4.23006611072e-07, 3.82046863479e-07, 2.15873342313e-07, 1.24383490174e-07, 2.84852905708e-08, 2.98744176064e-08, 2.39319053463e-08, 8.37501445972e-09, 2.74013256529e-09, 1.3678169708e-09, 4.5124443071e-10, 1.61025193179e-10, 7.12317704821e-11, 2.40696854809e-11, 1.74112304435e-11, 2.4814766561e-11, 2.29996178353e-11, 5.75642224859e-12, 3.325542966e-12, 1.0868557573e-12, 1.31296850562e-12, 2.95950807264e-12, 1.74167039298e-12, 7.90312260079e-13, 9.29229566557e-13, 5.34441794205e-13, 1.87756575695e-13, 4.55436361367e-13, 6.44350133146e-13, 1.65352486477e-12, 2.69052119993e-12, 8.75574840496e-13, 7.46482845156e-13],
        "dvar2": [1.0681371762e-14, 2.67665195564e-10, 6.6123222453e-09, 1.98356730152e-07, 8.69158725436e-07, 1.35959885483e-06, 9.51615504619e-07, 1.29888007905e-06, 1.04776631815e-06, 5.84798897307e-07, 3.33002759589e-07, 6.4899786878e-08, 7.77327997525e-08, 6.24061371468e-08, 2.40814710395e-08, 7.51589013248e-09, 3.40578187874e-09, 1.0614048529e-09, 4.21162993369e-10, 1.6716746043e-10, 6.14205492022e-11, 4.51527079615e-11, 6.70713137807e-11, 6.35599975429e-11, 1.4059226873e-11, 9.08458031024e-12, 2.53017290279e-12, 3.20319660553e-12, 8.56762057133e-12, 4.7608696499e-12, 2.60785186848e-12, 2.82508196524e-12, 1.41641592118e-12, 5.0055776581e-13, 1.08475175457e-12, 1.46575481787e-12, 3.871514654e-12, 5.63508441298e-12, 1.82451232941e-12, 1.41385568617e-12],
        "max": [3.95873712478e-07, 7.40889372537e-05, 0.000405403261539, 0.00200196914375, 0.00449387775734, 0.00592463836074, 0.00857523456216, 0.00563086709008, 0.00666699372232, 0.00404768856242, 0.00499436166137, 0.0021275060717, 0.0020519848913, 0.0017978210235, 0.000686178915203, 0.000534075370524, 0.000349176290911, 0.000222322036279, 0.000151484040543, 9.97962633846e-05, 5.07444892719e-05, 3.68128276023e-05, 5.28626114829e-05, 4.38585520897e-05, 2.75973270618e-05, 2.43256436079e-05, 1.15302582344e-05, 1.26027252918e-05, 1.61269490491e-05, 1.35145382956e-05, 1.08979129436e-05, 1.09133025035e-05, 9.60022680374e-06, 4.87991565024e-06, 8.37229436002e-06, 9.82606343314e-06, 2.17255237658e-05, 3.07957707264e-05, 1.44736004586e-05, 1.35894042614e-05],
        "mean": [4.21381187721e-08, 7.44654380469e-06, 4.99260859215e-05, 0.000189688158571, 0.000513181497809, 0.000913887284696, 0.000715640198905, 0.000786226068158, 0.000638117664494, 0.000483780662762, 0.000289093150059, 0.000173937703948, 0.000146265359945, 0.00014067342272, 0.00011240621825, 6.55375333736e-05, 3.61132188118e-05, 2.09932022699e-05, 1.33060666485e-05, 8.35409446154e-06, 6.08274649494e-06, 5.45188640899e-06, 4.89321018904e-06, 4.32893557445e-06, 2.84734119305e-06, 1.88009892099e-06, 1.59916692155e-06, 1.59372461894e-06, 2.15076215682e-06, 1.62746835031e-06, 9.87258545138e-07, 1.23316010558e-06, 1.15122963962e-06, 8.84903101905e-07, 1.10134465103e-06, 1.15904595077e-06, 1.05573565179e-06, 1.13509247512e-06, 1.01812042885e-06, 9.63855768532e-07],
        "median": [2.27769518801e-08, 3.58920169674e-06, 3.04716450046e-05, 0.000103518279502, 0.00038081195089, 0.000624673964921, 0.000480060873087, 0.000568747462239, 0.000363579136319, 0.000255750317592, 0.000147515907884, 0.000102409117972, 7.1424554335e-05, 7.60071125114e-05, 6.59145589452e-05, 3.73248403776e-05, 1.98937595997e-05, 1.02295416582e-05, 7.41374287827e-06, 3.96457699026e-06, 2.75392039839e-06, 2.40888039116e-06, 1.73692944827e-06, 1.70839098246e-06, 1.40297015605e-06, 9.13574353945e-07, 8.93996570994e-07, 7.89389105194e-07, 9.20190359466e-07, 6.90634692546e-07, 4.44171689651e-07, 5.4425640883e-07, 5.0681421726e-07, 4.55051122117e-07, 5.78000083351e-07, 6.82167296873e-07, 5.39689722245e-07, 4.69860083285e-07, 5.55578708372e-07, 5.67612119085e-07],
        "min": [8.04946664879e-10, 4.05988531682e-09, 1.34953195285e-08, 1.64960436422e-08, 1.88907431919e-08, 1.42596592312e-08, 1.41393732278e-08, 1.41960150302e-08, 5.68032998416e-09, 4.48986670065e-09, 5.76792724694e-10, 1.86960530391e-10, 7.27391646915e-10, 3.49980461278e-10, 2.61853760897e-10, 3.6976838258e-10, 1.17292808799e-09, 4.57012844235e-10, 1.45442574651e-10, 1.56439861065e-10, 1.97701577331e-10, 7.92640952874e-11, 7.70416855311e-11, 1.34529526408e-10, 3.67070714102e-11, 5.81022764623e-11, 3.510329874e-11, 1.89258071021e-11, 8.88978057834e-11, 1.51437903884e-10, 3.05275318913e-11, 1.92861299847e-11, 1.66533904722e-11, 2.99365671141e-11, 2.68200218978e-11, 2.42432462993e-11, 2.02029209334e-11, 1.32593901137e-11, 1.67472979928e-11, 1.61461660014e-11],
        "stdev": [5.95582285712e-08, 1.10153869173e-05, 5.5338434322e-05, 0.000268132018391, 0.00053260900313, 0.000863326073159, 0.00083131424617, 0.00081429106649, 0.000818583474029, 0.000647147244308, 0.000447369850008, 0.000227939206525, 0.000209408477531, 0.000193286046851, 0.000122792378534, 8.03452567197e-05, 5.11754988111e-05, 2.91417109111e-05, 1.78695918294e-05, 1.23447116493e-05, 8.04531646281e-06, 7.06540231477e-06, 7.18316186976e-06, 6.85907843945e-06, 3.90976583731e-06, 2.54123051491e-06, 1.89891568425e-06, 1.96836026589e-06, 2.96114990306e-06, 2.2739054657e-06, 1.29485181333e-06, 1.59819489909e-06, 1.58843329245e-06, 9.92043965198e-07, 1.30859825731e-06, 1.38918551329e-06, 1.77634524334e-06, 2.39766086452e-06, 1.62928904501e-06, 1.52633447215e-06],
        "var": [3.54718276541e-15, 1.21338744608e-10, 3.06234215763e-09, 7.18947745781e-08, 2.83672335399e-07, 7.45331874441e-07, 6.91083357651e-07, 6.63069897655e-07, 6.70078918574e-07, 4.18799544377e-07, 2.00139794515e-07, 5.19562810553e-08, 4.38519123236e-08, 3.73594986058e-08, 1.50779673191e-08, 6.45536024635e-09, 2.6189315161e-09, 8.49239345513e-10, 3.19322290832e-10, 1.52391904651e-10, 6.47271125587e-11, 4.99199084847e-11, 5.15978128279e-11, 4.70469566083e-11, 1.52862705133e-11, 6.45785204825e-12, 3.60588056809e-12, 3.87444199987e-12, 8.76840874214e-12, 5.17064559571e-12, 1.67664135613e-12, 2.55422701219e-12, 2.5231203845e-12, 9.84151128647e-13, 1.71242935196e-12, 1.92983649894e-12, 3.15540258852e-12, 5.74877732223e-12, 2.65458293368e-12, 2.3296969822e-12]
    },
    "melbands128": {
