{
"lowlevel": {
    "average_loudness": 0.959830999374,
    "barkbands_crest": {
        "dmean": 3.0897603035,
        "dmean2": 4.22878694534,
        "dvar": 5.88442993164,
        "dvar2": 10.947637558,
        "max": 25.0056705475,
        "mean": 13.5242166519,
        "median": 12.8049993515,
        "min": 4.3890748024,
        "stdev": 4.68183374405,
        "var": 21.9195671082
    },
    "barkbands_flatness_db": {
        "dmean": 0.0178504306823,
        "dmean2": 0.0211633983999,
        "dvar": 0.000326184293954,
        "dvar2": 0.000567771319766,
        "max": 0.275174438953,
        "mean": 0.182670548558,
        "median": 0.189776331186,
        "min": 0.0404417999089,
        "stdev": 0.0451485402882,
        "var": 0.00203839084134
    },
    "barkbands_kurtosis": {
        "dmean": 2.38735508919,
        "dmean2": 3.02237796783,
        "dvar": 40.1870117188,
        "dvar2": 57.5538635254,
        "max": 75.2860717773,
        "mean": 2.74641227722,
        "median": -0.17634832859,
        "min": -1.69052135944,
        "stdev": 11.3214960098,
        "var": 128.176269531
    },
    "barkbands_skewness": {
        "dmean": 0.525440454483,
        "dmean2": 0.610326051712,
        "dvar": 0.383354038,
        "dvar2": 0.641163766384,
        "max": 6.97363185883,
        "mean": 1.26036453247,
        "median": 0.953390836716,
        "min": -0.772747993469,
        "stdev": 1.27074110508,
        "var": 1.61478281021
    },
    "barkbands_spread": {
        "dmean": 4.69684791565,
        "dmean2": 7.02838563919,
        "dvar": 89.4690322876,
        "dvar2": 166.346191406,
        "max": 105.587165833,
        "mean": 24.6568431854,
        "median": 17.7187366486,
        "min": 2.10037088394,
        "stdev": 22.3298873901,
        "var": 498.623840332
    },
    "dissonance": {
        "dmean": 0.0179792530835,
        "dmean2": 0.02854491584,
        "dvar": 0.000342670275131,
        "dvar2": 0.000488708727062,
        "max": 0.496761888266,
        "mean": 0.431821584702,
        "median": 0.433277606964,
        "min": 0.293438136578,
        "stdev": 0.0338350683451,
        "var": 0.00114481186029
    },
    "dynamic_complexity": 7.58667707443,
    "erbbands_crest": {
        "dmean": 1.66806268692,
        "dmean2": 2.82165431976,
        "dvar": 2.70035481453,
        "dvar2": 4.78954315186,
        "max": 25.4772605896,
        "mean": 8.19430541992,
        "median": 7.45238208771,
        "min": 4.40139770508,
        "stdev": 3.50130295753,
        "var": 12.2591218948
    },
    "erbbands_flatness_db": {
        "dmean": 0.00894957780838,
        "dmean2": 0.0123576195911,
        "dvar": 0.000105972882011,
        "dvar2": 0.00011743556388,
        "max": 0.276636242867,
        "mean": 0.216739878058,
        "median": 0.241034477949,
        "min": 0.0553578287363,
        "stdev": 0.0645966827869,
        "var": 0.00417273119092
    },
    "erbbands_kurtosis": {
        "dmean": 0.491113960743,
        "dmean2": 0.623725295067,
        "dvar": 1.92978537083,
        "dvar2": 2.29404258728,
        "max": 18.4650535583,
        "mean": -0.482862383127,
        "median": -1.13719761372,
        "min": -1.68381977081,
        "stdev": 2.8370642662,
        "var": 8.04893398285
    },
    "erbbands_skewness": {
        "dmean": 0.265391558409,
        "dmean2": 0.367136538029,
        "dvar": 0.0676638931036,
        "dvar2": 0.0958664566278,
        "max": 4.05533456802,
        "mean": -0.0480347685516,
        "median": -0.198477089405,
        "min": -1.25736927986,
        "stdev": 0.806464672089,
        "var": 0.650385260582
    },
    "erbbands_spread": {
        "dmean": 6.1052031517,
        "dmean2": 6.68829202652,
        "dvar": 28.2514648438,
        "dvar2": 44.4259147644,
        "max": 99.4054870605,
        "mean": 37.9594268799,
        "median": 35.6942138672,
        "min": 10.4323692322,
        "stdev": 15.2310171127,
        "var": 231.983886719
    },
    "hfc": {
        "dmean": 1.68637263775,
        "dmean2": 2.42467570305,
        "dvar": 4.35753822327,
        "dvar2": 7.64757061005,
        "max": 43.4829826355,
        "mean": 14.5360059738,
        "median": 11.5599632263,
        "min": 5.632425637e-09,
        "stdev": 12.8265161514,
        "var": 164.519515991
    },
    "loudness_ebu128": {
        "integrated": -22.4857540131,
        "loudness_range": 0.0503025054932,
        "momentary": {
            "dmean": 1.54620707035,
            "dmean2": 0.736243069172,
            "dvar": 3.09121608734,
            "dvar2": 0.836892545223,
            "max": -19.6046333313,
            "mean": -26.6841526031,
            "median": -23.6351547241,
            "min": -53.6086959839,
            "stdev": 8.37812042236,
            "var": 70.1928939819
        },
        "short_term": {
            "dmean": 0.0228775031865,
            "dmean2": 0.0160212516785,
            "dvar": 0.000566978415009,
            "dvar2": 0.000101596888271,
            "max": -22.9181556702,
            "mean": -22.9485607147,
            "median": -22.9270248413,
            "min": -23.0320835114,
            "stdev": 0.0412244163454,
            "var": 0.00169945240486
        }
    },
    "melbands_crest": {
        "dmean": 3.51013112068,
        "dmean2": 5.41148138046,
        "dvar": 10.0712366104,
        "dvar2": 20.3032283783,
        "max": 34.5626716614,
        "mean": 18.1063041687,
        "median": 17.7011489868,
        "min": 9.03155422211,
        "stdev": 4.96174001694,
        "var": 24.6188640594
    },
    "melbands_flatness_db": {
        "dmean": 0.0229802560061,
        "dmean2": 0.0260612908751,
        "dvar": 0.000374196446501,
        "dvar2": 0.000831757672131,
        "max": 0.387918651104,
        "mean": 0.232119575143,
        "median": 0.237734347582,
        "min": 0.0785817354918,
        "stdev": 0.0549901463091,
        "var": 0.00302391638979
    },
    "melbands_kurtosis": {
        "dmean": 5.7306470871,
        "dmean2": 7.71073293686,
        "dvar": 176.782302856,
        "dvar2": 366.60760498,
        "max": 185.225540161,
        "mean": 10.3864345551,
        "median": 3.42995262146,
        "min": -0.743139028549,
        "stdev": 26.0110816956,
        "var": 676.576416016
    },
    "melbands_skewness": {
        "dmean": 0.682582497597,
        "dmean2": 0.816948592663,
        "dvar": 0.543625950813,
        "dvar2": 1.26068103313,
        "max": 10.8091173172,
        "mean": 2.40149259567,
        "median": 1.97464680672,
        "min": 0.532128930092,
        "stdev": 1.66628623009,
        "var": 2.77650976181
    },
    "melbands_spread": {
        "dmean": 6.76306009293,
        "dmean2": 9.42480754852,
        "dvar": 86.3205184937,
        "dvar2": 220.533157349,
        "max": 120.350753784,
        "mean": 27.5844593048,
        "median": 24.0315856934,
        "min": 1.45013153553,
        "stdev": 17.4264812469,
        "var": 303.682220459
    },
    "pitch_salience": {
        "dmean": 0.0800913870335,
        "dmean2": 0.106694869697,
        "dvar": 0.0037220872473,
        "dvar2": 0.00562719395384,
        "max": 0.891634225845,
        "mean": 0.550476908684,
        "median": 0.575129032135,
        "min": 0.143629476428,
        "stdev": 0.141637712717,
        "var": 0.0200612396002
    },
    "silence_rate_20dB": {
        "dmean": 0,
        "dmean2": 0,
        "dvar": 0,
        "dvar2": 0,
        "max": 1,
        "mean": 1,
        "median": 1,
        "min": 1,
        "stdev": 0,
        "var": 0
    },
    "silence_rate_30dB": {
        "dmean": 0,
        "dmean2": 0,
        "dvar": 0,
        "dvar2": 0,
        "max": 1,
        "mean": 1,
        "median": 1,
        "min": 1,
        "stdev": 0,
        "var": 0
    },
    "silence_rate_60dB": {
        "dmean": 0.0268456377089,
        "dmean2": 0.0540540553629,
        "dvar": 0.0261249709874,
        "dvar2": 0.0511322319508,
        "max": 1,
        "mean": 0.280000001192,
        "median": 0,
        "min": 0,
        "stdev": 0.448998719454,
        "var": 0.201599851251
    },
    "spectral_centroid": {
        "dmean": 240.639831543,
        "dmean2": 261.963989258,
        "dvar": 65804.875,
        "dvar2": 100831.695312,
        "max": 3770.78198242,
        "mean": 1571.28686523,
        "median": 1460.96020508,
        "min": 346.963012695,
        "stdev": 680.907714844,
        "var": 463635.3125
    },
    "spectral_complexity": {
        "dmean": 0.375838935375,
        "dmean2": 0.648648619652,
        "dvar": 0.422503054142,
        "dvar2": 0.808985352516,
        "max": 13,
        "mean": 8.79333305359,
        "median": 12,
        "min": 0,
        "stdev": 4.88712215424,
        "var": 23.8839645386
    },
    "spectral_decrease": {
        "dmean": 8.52436676801e-10,
        "dmean2": 7.91510079701e-10,
        "dvar": 7.92220185855e-19,
        "dvar2": 6.9810481653e-19,
        "max": -3.49375564466e-20,
        "mean": -3.69627239927e-09,
        "median": -2.71133115959e-09,
        "min": -1.41350655625e-08,
        "stdev": 3.50325879417e-09,
        "var": 1.22728225002e-17
    },
    "spectral_energy": {
        "dmean": 0.00331698381342,
        "dmean2": 0.00310026784427,
        "dvar": 1.19870019262e-05,
        "dvar2": 1.10297996798e-05,
        "max": 0.0571926832199,
        "mean": 0.0152690364048,
        "median": 0.0111898938194,
        "min": 6.4274009292e-13,
        "stdev": 0.0143226329237,
        "var": 0.000205137810553
    },
    "spectral_energyband_high": {
        "dmean": 1.9913433789e-05,
        "dmean2": 2.98161357932e-05,
        "dvar": 8.732811696e-10,
        "dvar2": 2.08537054291e-09,
        "max": 0.000304028508253,
        "mean": 7.76450615376e-05,
        "median": 5.8878591517e-05,
        "min": 3.573522229e-13,
        "stdev": 7.34940113034e-05,
        "var": 5.40137001792e-09
    },
    "spectral_energyband_low": {
        "dmean": 5.6160611166e-06,
        "dmean2": 9.50590128923e-06,
        "dvar": 7.26054216749e-11,
        "dvar2": 1.95356078536e-10,
        "max": 5.76056263526e-05,
        "mean": 9.87621842796e-06,
        "median": 4.47163392892e-06,
        "min": 1.06237121964e-13,
        "stdev": 1.11620611278e-05,
        "var": 1.24591600925e-10
    },
    "spectral_energyband_middle_high": {
        "dmean": 0.000769595149904,
        "dmean2": 0.00108241254929,
        "dvar": 8.1760640569e-07,
        "dvar2": 1.70351165707e-06,
        "max": 0.0142754875124,
        "mean": 0.00458109332249,
        "median": 0.00364446034655,
        "min": 6.64643443364e-14,
        "stdev": 0.00407418841496,
        "var": 1.65990095411e-05
    },
    "spectral_energyband_middle_low": {
        "dmean": 0.00322329998016,
        "dmean2": 0.00279829907231,
        "dvar": 1.1056718904e-05,
        "dvar2": 9.36199467105e-06,
        "max": 0.0454949177802,
        "mean": 0.0105803748593,
        "median": 0.00755426473916,
        "min": 4.72226289105e-14,
        "stdev": 0.0107286591083,
        "var": 0.000115104121505
    },
    "spectral_entropy": {
        "dmean": 0.124288521707,
        "dmean2": 0.132900863886,
        "dvar": 0.0148358372971,
        "dvar2": 0.0135139804333,
        "max": 9.02606010437,
        "mean": 6.69440412521,
        "median": 6.36692667007,
        "min": 5.74894809723,
        "stdev": 0.828577697277,
        "var": 0.68654102087
    },
    "spectral_flux": {
        "dmean": 0.00870997831225,
        "dmean2": 0.0138722369447,
        "dvar": 6.81437086314e-05,
        "dvar2": 0.000163839999004,
        "max": 0.0839873924851,
        "mean": 0.0382414832711,
        "median": 0.0388902723789,
        "min": 0.00154359580483,
        "stdev": 0.0242364313453,
        "var": 0.000587404647376
    },
    "spectral_kurtosis": {
        "dmean": 1.96445703506,
        "dmean2": 3.42661333084,
        "dvar": 2.7260389328,
        "dvar2": 8.28990459442,
        "max": 15.2279033661,
        "mean": 7.24820375443,
        "median": 7.48348617554,
        "min": 0.0549173355103,
        "stdev": 3.04580211639,
        "var": 9.27690982819
    },
    "spectral_rms": {
        "dmean": 0.000382422032999,
        "dmean2": 0.000355944182957,
        "dvar": 9.01413557131e-08,
        "dvar2": 8.08619233794e-08,
        "max": 0.00746978865936,
        "mean": 0.00323631847277,
        "median": 0.00330279301852,
        "min": 2.50412366398e-08,
        "stdev": 0.00210305978544,
        "var": 4.4228600018e-06
    },
    "spectral_rolloff": {
        "dmean": 594.258361816,
        "dmean2": 922.290344238,
        "dvar": 2395246.5,
        "dvar2": 4765937,
        "max": 18195.5566406,
        "mean": 2409.13574219,
        "median": 2013.35449219,
        "min": 21.533203125,
        "stdev": 2598.45849609,
        "var": 6751986
    },
    "spectral_skewness": {
        "dmean": 0.198435857892,
        "dmean2": 0.343126267195,
        "dvar": 0.0277454387397,
        "dvar2": 0.080005005002,
        "max": 2.66789412498,
        "mean": 1.79830896854,
        "median": 1.8326997757,
        "min": 1.00317943096,
        "stdev": 0.360909163952,
        "var": 0.130255430937
    },
    "spectral_spread": {
        "dmean": 457976.59375,
        "dmean2": 541331,
        "dvar": 4.73916401254e+12,
        "dvar2": 4.63327775949e+12,
        "max": 35462220,
        "mean": 4446265.5,
        "median": 3246488,
        "min": 2558417.5,
        "stdev": 3445549.5,
        "var": 1.1871811797e+13
    },
    "spectral_strongpeak": {
        "dmean": 0.28039214015,
        "dmean2": 0.470830500126,
        "dvar": 0.090420499444,
        "dvar2": 0.240105032921,
        "max": 2.91660356522,
        "mean": 1.15231645107,
        "median": 1.25703513622,
        "min": 0,
        "stdev": 0.781328082085,
        "var": 0.610473573208
    },
    "zerocrossingrate": {
        "dmean": 0.0165524072945,
        "dmean2": 0.0145494611934,
        "dvar": 0.000789551879279,
        "dvar2": 0.000646797241643,
        "max": 0.32373046875,
        "mean": 0.0707779973745,
        "median": 0.061767578125,
        "min": 0.0068359375,
        "stdev": 0.0495124347508,
        "var": 0.00245148129761
    },
    "barkbands": {
        "dmean": [1.3857614249e-05, 1.54725557877e-06, 4.58563164329e-07, 1.16230535241e-06, 0.000243234579102, 0.00362960854545, 1.73567798356e-07, 0.000150320396642, 0.000827454787213, 1.36268899951e-05, 0.000188501289813, 9.38793236855e-05, 4.48279351986e-05, 0.000237333675614, 0.000425448291935, 0.000340444385074, 0.000186099670827, 0.0002738207113, 0.000101501573226, 6.47519846098e-05, 2.81882535091e-06, 1.05006711237e-05, 5.75669082536e-06, 5.70589600102e-06, 4.65512243863e-07, 2.57130977843e-07, 1.95753571575e-07],
        "dmean2": [1.88246813195e-05, 2.83489907815e-06, 8.23659888738e-07, 2.06944514503e-06, 0.00023284261988, 0.00316420081072, 2.81244922462e-07, 0.000147305181599, 0.00089564640075, 2.07258344744e-05, 0.000306926376652, 0.000150664462126, 5.96073259658e-05, 0.000409289234085, 0.000664156279527, 0.000475789507618, 0.000312819087412, 0.000374447205104, 0.000156034220709, 9.52626360231e-05, 4.89334570375e-06, 1.72516101884e-05, 9.93003686744e-06, 7.56544022806e-06, 7.55274186304e-07, 3.96160146465e-07, 2.75968062624e-07],
        "dvar": [3.7468358971e-10, 9.07288653929e-12, 5.25886029602e-13, 3.47197921455e-12, 7.77270230401e-08, 1.57523500093e-05, 3.95685545961e-13, 3.91502652519e-08, 9.41362316098e-07, 4.72771710669e-10, 4.01579143272e-08, 1.22126051494e-08, 2.89904145134e-09, 6.50341718256e-08, 2.69587815183e-07, 1.77693650016e-07, 6.67605490889e-08, 1.77110507593e-07, 1.45665293161e-08, 8.23924040105e-09, 1.21132617825e-11, 2.63813387802e-10, 5.20789487923e-11, 7.48801298744e-11, 3.14007744502e-13, 7.08534861099e-14, 6.09740665077e-14],
        "dvar2": [6.78240630325e-10, 2.70139258185e-11, 1.51221504936e-12, 9.09910861935e-12, 5.75547929316e-08, 1.20291324492e-05, 1.01750162115e-12, 3.73510857798e-08, 9.49985121679e-07, 1.01870123448e-09, 1.16587557386e-07, 2.69148028309e-08, 4.54212889522e-09, 2.05853254442e-07, 6.83776193e-07, 4.15476051785e-07, 1.43291174481e-07, 2.9284481684e-07, 3.28282681039e-08, 1.49473340372e-08, 3.42808489928e-11, 6.5015959283e-10, 1.53609888698e-10, 1.23828683418e-10, 7.16063167962e-13, 1.87291520726e-13, 9.01234178973e-14],
        "max": [0.000168316924828, 1.9670880647e-05, 6.05006835031e-06, 1.95396823983e-05, 0.00249686650932, 0.0382959209383, 7.00126565789e-06, 0.00243691843934, 0.00996713060886, 0.000232733931625, 0.00126230460592, 0.000791254919022, 0.000335336022545, 0.00148825161159, 0.00516431033611, 0.00436446396634, 0.00151522771921, 0.00266109220684, 0.00105462037027, 0.000729423074517, 2.57678257185e-05, 0.000124271726236, 6.86999192112e-05, 8.73894459801e-05, 6.12069879935e-06, 3.82731877835e-06, 2.87136413135e-06],
        "mean": [2.77561266557e-05, 1.69326744981e-06, 5.92418984979e-07, 1.31548870286e-06, 0.000430891668657, 0.00681925052777, 2.02653978931e-07, 0.000596044177655, 0.00273261754774, 2.01276270673e-05, 0.000305446796119, 0.000268962467089, 8.6531152192e-05, 0.00039986523916, 0.00120775401592, 0.0010030324338, 0.000293479912216, 0.000573457335122, 0.000285675079795, 0.000147148050019, 6.05098239248e-06, 2.17532360693e-05, 1.90540104086e-05, 1.5978304873e-05, 1.74018441612e-06, 1.39231440244e-06, 1.10739313186e-06],
        "median": [9.4509759947e-06, 1.16497335512e-06, 4.11961565305e-07, 6.34499599528e-07, 0.000160843337653, 0.00271943560801, 9.99033957783e-08, 0.000459199975012, 0.00234767794609, 1.0247431419e-05, 0.000240936671617, 0.000236796797253, 4.65828416054e-05, 0.000289202027488, 0.00100319646299, 0.000674766546581, 0.000166675759829, 0.000250513257924, 0.00022169679869, 9.31410468183e-05, 4.98984900332e-06, 1.40704896694e-05, 1.38956065712e-05, 9.24330379348e-06, 1.38971461183e-06, 1.30184298541e-06, 8.55005282574e-07],
        "min": [4.09812395336e-14, 5.27843827675e-14, 2.44514390018e-14, 1.52321511388e-14, 1.32372115182e-14, 7.08650972376e-15, 6.55055386155e-15, 2.33257267092e-15, 2.38446699146e-15, 1.65876865517e-15, 4.12558831905e-15, 2.15116108351e-15, 1.66787912979e-15, 1.07263254946e-15, 3.68670497369e-15, 1.75962624463e-15, 1.44422336232e-14, 1.47253764087e-14, 1.20739057858e-14, 1.1007305805e-14, 4.95319287159e-15, 3.10260308113e-14, 3.95469518678e-14, 6.45498872453e-14, 4.87846898024e-14, 6.14573902836e-14, 1.07072337108e-13],
        "stdev": [3.6855966755e-05, 2.41874954554e-06, 6.35047115338e-07, 2.31541093854e-06, 0.00057100871345, 0.00889865774661, 6.16184479441e-07, 0.000597191916313, 0.00260102585889, 3.01240306726e-05, 0.000297625054372, 0.000229398705414, 9.25546773942e-05, 0.000397951080231, 0.00116608908866, 0.00115017476492, 0.000364627485396, 0.00071538623888, 0.000282455439446, 0.000172189524164, 5.70398833588e-06, 2.63420333795e-05, 1.75556488102e-05, 1.86474062502e-05, 1.36546202611e-06, 8.28451732104e-07, 6.02156944751e-07],
        "var": [1.3583622005e-09, 5.8503488512e-12, 4.03284854513e-13, 5.36112734068e-12, 3.26050979993e-07, 7.91861020843e-05, 3.79683345311e-13, 3.56638196308e-07, 6.76533500155e-06, 9.07457220478e-10, 8.85806699102e-08, 5.26237684539e-08, 8.56636894753e-09, 1.58365068614e-07, 1.35976370075e-06, 1.32290210786e-06, 1.32953204002e-07, 5.11777443535e-07, 7.97810741915e-08, 2.96492306262e-08, 3.25354812536e-11, 6.93902713067e-10, 3.08200798216e-10, 3.47725737093e-10, 1.86448664667e-12, 6.86332284408e-13, 3.62592985151e-13]
    },
    "erbbands": {
        "dmean": [0.000112892907055, 0.000197366811335, 0.000429398874985, 0.00258241873235, 0.024983573705, 1.09333372116, 31.36419487, 12.6856832504, 0.413550257683, 0.224250003695, 12.7778148651, 12.6618452072, 0.414281338453, 6.5819940567, 1.95228302479, 3.1246201992, 1.92250478268, 12.6499214172, 9.76336765289, 15.5911512375, 20.4015636444, 12.8032503128, 12.585726738, 6.34633827209, 3.02401399612, 1.56355857849, 0.0930165499449, 0.199717566371, 0.479725897312, 0.150888308883, 0.143447369337, 0.193106502295, 0.0440037921071, 0.0075911115855, 0.00264950795099, 0.00111287087202, 0.000713787565473, 0.000126757528051, 3.4642234823e-05, 5.20083085576e-06],
        "dmean2": [0.000203843490453, 0.000350521557266, 0.000744496821426, 0.00425508152694, 0.0289695933461, 1.004591465, 27.7124080658, 10.8211803436, 0.352438807487, 0.237917304039, 13.4067306519, 13.8652887344, 0.468898057938, 10.4718122482, 3.27594971657, 5.18804550171, 3.18277359009, 22.0059757233, 13.9995708466, 25.2097682953, 30.557138443, 22.1157245636, 17.4988212585, 10.5081958771, 5.07100915909, 2.1174094677, 0.148015365005, 0.307496130466, 0.816192269325, 0.255133211613, 0.232506081462, 0.264620363712, 0.0636969134212, 0.01157701388, 0.00427491869777, 0.00184414337855, 0.00111577170901, 0.000188044956303, 5.10760364705e-05, 5.89337014389e-06],
        "dvar": [4.32429487773e-08, 9.56143040298e-08, 3.50528381432e-07, 1.09800821519e-05, 0.00106727320235, 1.43678534031, 1207.85620117, 183.106674194, 0.189006239176, 0.0737980827689, 246.834518433, 212.80078125, 0.19916164875, 47.1415290833, 4.47515964508, 12.1080732346, 4.69907903671, 184.832855225, 144.714324951, 369.367126465, 636.728149414, 312.209777832, 400.102874756, 61.6766052246, 16.1102676392, 5.06855106354, 0.0162420608103, 0.097355209291, 0.533781528473, 0.0528356581926, 0.0318967625499, 0.0831291824579, 0.00480390153825, 0.000103130762, 7.45818215364e-06, 1.15486568575e-06, 5.58289627861e-07, 1.77903434206e-08, 1.71900815804e-09, 2.6431030975e-11],
        "dvar2": [1.27008775053e-07, 2.83769963971e-07, 9.9835722267e-07, 2.84257421299e-05, 0.00215370836668, 1.0806800127, 897.495117188, 151.259628296, 0.15956453979, 0.0811622589827, 255.348312378, 216.040481567, 0.290605127811, 135.052398682, 12.8793354034, 31.3011932373, 13.4676856995, 593.787536621, 319.192962646, 986.329711914, 1649.7130127, 730.140869141, 616.99609375, 167.394485474, 40.8130493164, 7.84619045258, 0.0388785600662, 0.216437727213, 1.34474790096, 0.169053643942, 0.0782928094268, 0.136583015323, 0.0110067678615, 0.000214938103454, 1.84301679838e-05, 3.07691698254e-06, 1.49261154547e-06, 2.77167426788e-08, 3.24674287455e-09, 3.09916259322e-11],
        "max": [0.00146087666508, 0.00206103920937, 0.00498895766214, 0.0305730719119, 0.284995883703, 11.2086610794, 329.388977051, 134.526489258, 4.46333360672, 3.49477910995, 179.059509277, 148.271530151, 5.19762706757, 45.7429771423, 12.5266151428, 30.0020637512, 20.7788696289, 81.7261734009, 118.891227722, 205.541610718, 259.313690186, 119.403747559, 142.797286987, 76.2760467529, 47.6141433716, 17.5965995789, 1.34489238262, 2.56874132156, 6.07042360306, 2.3837993145, 1.69961833954, 2.79142832756, 0.648118793964, 0.105921007693, 0.0337271615863, 0.0148224662989, 0.0081989094615, 0.00193165440578, 0.000414627167629, 0.000104400365672],
        "mean": [0.000149096085806, 0.000254495826084, 0.000745671219192, 0.00437531294301, 0.0464447662234, 1.96669316292, 57.7496490479, 24.6338024139, 0.841320574284, 1.03287935257, 50.3913993835, 40.6149482727, 1.51980698109, 11.036649704, 3.22278118134, 10.4431743622, 7.14590406418, 22.350069046, 27.5550880432, 51.1961860657, 64.4080123901, 25.7444210052, 31.3929977417, 22.0779151917, 14.460524559, 3.85688281059, 0.35799986124, 0.43382948637, 0.924609661102, 0.58165127039, 0.481476038694, 0.508562445641, 0.112106412649, 0.0272039473057, 0.0107345860451, 0.00552129233256, 0.00278951437213, 0.000709179555997, 0.000170020764926, 3.39138605341e-05],
        "median": [8.29087730381e-05, 0.000200121896341, 0.000612201052718, 0.00335703697056, 0.0265035405755, 0.767330169678, 21.8109512329, 10.0573368073, 0.365671396255, 0.942077100277, 43.5972633362, 34.252243042, 1.37366116047, 8.44776153564, 2.63746261597, 10.0445547104, 7.62614250183, 16.7703590393, 21.2324028015, 41.8067550659, 43.6067504883, 18.9740085602, 18.5093288422, 18.7410316467, 9.83391475677, 2.52896022797, 0.283613264561, 0.278539597988, 0.551142692566, 0.352144539356, 0.34669560194, 0.281633287668, 0.0712632387877, 0.0199275612831, 0.00904360692948, 0.00486222654581, 0.00255756638944, 0.000626593013294, 0.000152290638653, 3.32775744027e-05],
        "min": [2.07132791821e-12, 1.00856042268e-11, 2.67762045175e-11, 4.40650189948e-11, 4.95739040096e-11, 4.0793795425e-11, 3.88962195785e-11, 6.55875700972e-11, 9.47076306268e-11, 7.75448802393e-11, 4.76652224635e-11, 5.49458187282e-11, 4.68297865763e-11, 1.00238040091e-10, 1.64713562234e-10, 7.65786670187e-11, 7.39690739215e-11, 6.34915592324e-11, 1.56897994597e-10, 1.28946062161e-10, 2.13931206083e-10, 8.4250062482e-10, 8.86848650072e-10, 4.98554197925e-10, 8.63824345387e-10, 4.19725698642e-10, 1.25551416486e-10, 2.85586221338e-10, 9.71299707331e-10, 1.77832903958e-09, 8.3957613084e-10, 1.43363043659e-09, 8.7808427196e-10, 3.47049861071e-10, 5.39109479281e-10, 3.27107341214e-10, 7.80366674058e-11, 3.78852053895e-11, 1.65840934735e-11, 1.78043137958e-12],
        "stdev": [0.000195479777176, 0.00026655048714, 0.000625634856988, 0.00456236489117, 0.052587762475, 2.57774090767, 76.2867660522, 31.417345047, 1.04028129578, 0.944848716259, 47.3519287109, 38.7100944519, 1.3191921711, 10.5292453766, 3.04165530205, 8.32970523834, 5.52043294907, 21.9093551636, 27.4724464417, 47.9492759705, 71.1915283203, 27.9576473236, 36.5800704956, 20.4365062714, 14.0756893158, 4.43867063522, 0.325809210539, 0.483493685722, 1.18005204201, 0.560929715633, 0.449047982693, 0.597799479961, 0.120004296303, 0.0239927638322, 0.0074343434535, 0.00337176886387, 0.00178853480611, 0.000384634418879, 9.08665606403e-05, 2.10232665268e-05],
        "var": [3.82123417353e-08, 7.10491576683e-08, 3.91418979007e-07, 2.081517232e-05, 0.00276547274552, 6.64474821091, 5819.67089844, 987.049560547, 1.08218514919, 0.892739057541, 2242.20507812, 1498.47131348, 1.74026799202, 110.865013123, 9.25166702271, 69.3839874268, 30.4751815796, 480.019805908, 754.735290527, 2299.13305664, 5068.23388672, 781.630004883, 1338.1015625, 417.650756836, 198.125030518, 19.701795578, 0.106151640415, 0.233766153455, 1.39252281189, 0.314642161131, 0.201644077897, 0.357364237309, 0.0144010307267, 0.000575652695261, 5.52694618818e-05, 1.13688256533e-05, 3.19885657518e-06, 1.47943637785e-07, 8.25673129867e-09, 4.41977704435e-10]
    },
    "gfcc": {
        "mean": [-117.37877655, 40.0440444946, -164.566116333, -11.1005744934, -62.6280937195, -23.4307117462, -57.4523887634, -4.83210754395, -12.7188005447, -9.42488193512, -5.55461788177, 10.549413681, 0.199077323079],
        "cov": [[21402.03125, 2893.80541992, -7169.15087891, -1542.4576416, -1571.78540039, -1912.74829102, -2259.96899414, -178.964385986, 153.83253479, -511.021240234, 347.496520996, -521.368469238, -265.557159424], [2893.80541992, 904.939697266, -1142.24987793, -363.583679199, -254.597045898, -442.333892822, -516.674804688, -101.624702454, 7.5375585556, -136.889068604, 81.1089553833, -53.5288391113, -21.699131012], [-7169.15087891, -1142.24987793, 3153.42993164, 701.378479004, 598.380004883, 785.868408203, 881.879821777, -17.9392032623, -150.044967651, 251.756271362, -161.540298462, 299.069122314, 186.245925903], [-1542.4576416, -363.583679199, 701.378479004, 254.778045654, 152.857192993, 205.753814697, 225.311325073, 7.86454772949, -35.7070770264, 47.8944244385, -41.2469749451, 53.5288085938, 29.0238437653], [-1571.78540039, -254.597045898, 598.380004883, 152.857192993, 225.135223389, 206.920089722, 230.703521729, 36.8095016479, -28.9710693359, 36.323425293, -49.960018158, 46.3479156494, 15.6786336899], [-1912.74829102, -442.333892822, 785.868408203, 205.753814697, 206.920089722, 318.570983887, 354.44354248, 67.8222198486, -16.0872344971, 82.1496200562, -67.2983398438, 44.6333045959, 27.5328655243], [-2259.96899414, -516.674804688, 881.879821777, 225.311325073, 230.703521729, 354.44354248, 424.938049316, 96.6871414185, -7.85173034668, 98.913482666, -77.641166687, 43.5643844604, 21.3881931305], [-178.964385986, -101.624702454, -17.9392032623, 7.86454772949, 36.8095016479, 67.8222198486, 96.6871414185, 80.5291671753, 36.4463005066, 20.1147556305, -15.6691236496, -31.1222171783, -23.3827152252], [153.83253479, 7.5375585556, -150.044967651, -35.7070770264, -28.9710693359, -16.0872344971, -7.85173034668, 36.4463005066, 54.7198753357, 18.4572963715, 11.3894577026, -29.7526550293, -17.5278244019], [-511.021240234, -136.889068604, 251.756271362, 47.8944244385, 36.323425293, 82.1496200562, 98.913482666, 20.1147556305, 18.4572963715, 67.6365737915, -4.19069480896, 13.8426656723, 13.2416124344], [347.496520996, 81.1089553833, -161.540298462, -41.2469749451, -49.960018158, -67.2983398438, -77.641166687, -15.6691236496, 11.3894577026, -4.19069480896, 45.1161155701, -1.69427907467, 0.25430598855], [-521.368469238, -53.5288391113, 299.069122314, 53.5288085938, 46.3479156494, 44.6333045959, 43.5643844604, -31.1222171783, -29.7526550293, 13.8426656723, -1.69427907467, 64.7352981567, 38.7863960266], [-265.557159424, -21.699131012, 186.245925903, 29.0238437653, 15.6786336899, 27.5328655243, 21.3881931305, -23.3827152252, -17.5278244019, 13.2416124344, 0.25430598855, 38.7863960266, 48.4880828857]],
        "icov": [[0.000622881692834, -0.000516218249686, 0.00221021380275, -0.00167177838739, 0.00121664186008, -0.00157884915825, 0.00222884118557, -0.00192076212261, 0.00443789362907, -0.00515353726223, 0.00296385260299, -0.00306578841992, -0.000266380840912], [-0.000516218249686, 0.00606659241021, -0.00213521905243, 0.00613509817049, -0.00347801158205, 0.00365549791604, 0.00246749143116, 0.00129456946161, -0.00341654568911, 0.00610998133197, -0.0011095154332, 0.00309910951182, -0.00237514497712], [0.00221021380275, -0.00213521905243, 0.011365538463, -0.00875233020633, 0.00239732302725, -0.00381913781166, 0.00180546427146, -0.000119609503599, 0.0157171934843, -0.0228004343808, 0.0128645235673, -0.0158142186701, -0.00223751692101], [-0.00167177838739, 0.00613509817049, -0.00875233020633, 0.020781353116, -0.00538274878636, 0.00101696129423, -0.00198869453743, 0.00746732857078, -0.0118871610612, 0.0198838431388, -0.0104508353397, 0.012517767027, 0.000724476471078], [0.00121664186008, -0.00347801158205, 0.00239732302725, -0.00538274878636, 0.0187117084861, -0.0130725204945, 0.00704223709181, -0.0119649553671, 0.0114075327292, -0.00549033237621, 0.00584307406098, -0.0121651431546, 0.00694019487128], [-0.00157884915825, 0.00365549791604, -0.00381913781166, 0.00101696129423, -0.0130725204945, 0.0642976537347, -0.0509388037026, 0.0173410791904, -0.0112180607393, 0.00956284161657, -0.00297899916768, 0.0155676305294, -0.013505381532], [0.00222884118557, 0.00246749143116, 0.00180546427146, -0.00198869453743, 0.00704223709181, -0.0509388037026, 0.0753073990345, -0.0491252094507, 0.027440590784, -0.02533839643, 0.0174299236387, -0.017041105777, 0.00768478866667], [-0.00192076212261, 0.00129456946161, -0.000119609503599, 0.00746732857078, -0.0119649553671, 0.0173410791904, -0.0491252094507, 0.0798315927386, -0.0460088253021, 0.024254469201, -0.0106542687863, 0.0215240549296, -0.000178300862899], [0.00443789362907, -0.00341654568911, 0.0157171934843, -0.0118871610612, 0.0114075327292, -0.0112180607393, 0.027440590784, -0.0460088253021, 0.0868829190731, -0.0615597441792, 0.0162112787366, -0.0172880012542, -0.000126701561385], [-0.00515353726223, 0.00610998133197, -0.0228004343808, 0.0198838431388, -0.00549033237621, 0.00956284161657, -0.02533839643, 0.024254469201, -0.0615597441792, 0.0886538475752, -0.0367755815387, 0.0315259732306, -0.00208471319638], [0.00296385260299, -0.0011095154332, 0.0128645235673, -0.0104508353397, 0.00584307406098, -0.00297899916768, 0.0174299236387, -0.0106542687863, 0.0162112787366, -0.0367755815387, 0.0575715489686, -0.0290205534548, -0.00163087283727], [-0.00306578841992, 0.00309910951182, -0.0158142186701, 0.012517767027, -0.0121651431546, 0.0155676305294, -0.017041105777, 0.0215240549296, -0.0172880012542, 0.0315259732306, -0.0290205534548, 0.0743681192398, -0.0233574975282], [-0.000266380840912, -0.00237514497712, -0.00223751692101, 0.000724476471078, 0.00694019487128, -0.013505381532, 0.00768478866667, -0.000178300862899, -0.000126701561385, -0.00208471319638, -0.00163087283727, -0.0233574975282, 0.0474275648594]]
    },
    "melbands": {
        "dmean": [1.1848721897e-06, 2.09105920135e-07, 4.56335499166e-07, 9.51428228291e-06, 0.000807953299955, 0.000389189372072, 4.21612078583e-08, 2.98192958326e-07, 0.000148707142216, 6.94343034411e-05, 1.40013469263e-07, 2.43193389906e-05, 1.37432616611e-05, 2.38359325522e-06, 1.44928999362e-05, 5.28058535565e-07, 2.88271967293e-05, 8.39640506456e-06, 4.615839498e-05, 1.73727494257e-05, 1.98877369257e-05, 1.51972235471e-05, 9.37160257308e-06, 8.2979331637e-06, 5.50445520275e-06, 3.68846440324e-06, 4.36207210441e-06, 3.57567358833e-07, 5.40800328963e-08, 7.10099712364e-08, 1.39680864208e-07, 3.6523624658e-07, 1.1671997413e-07, 1.03946170782e-07, 7.58756186769e-08, 1.69424083651e-07, 9.1566903393e-08, 4.48187975621e-08, 1.26533858946e-08, 5.20853893349e-09],
        "dmean2": [2.0433994905e-06, 3.64077919812e-07, 7.62865397519e-07, 9.9970602605e-06, 0.000713269459084, 0.00033453758806, 6.93950283903e-08, 3.35772142535e-07, 0.000158312308486, 7.58043970563e-05, 2.26710184847e-07, 3.86868596252e-05, 2.28739172599e-05, 3.26018425767e-06, 2.52140289376e-05, 7.66345237935e-07, 4.99794623465e-05, 1.20443482956e-05, 7.29661842342e-05, 2.13832081499e-05, 3.12314259645e-05, 2.56828461715e-05, 1.27649918795e-05, 1.20620816233e-05, 9.11975166673e-06, 5.81256927035e-06, 6.5234221438e-06, 6.15173860297e-07, 9.80824452768e-08, 1.20066445675e-07, 2.14261902443e-07, 6.215987014e-07, 1.81441222935e-07, 1.77448740146e-07, 1.27701781594e-07, 2.45959569156e-07, 1.1914360698e-07, 7.01436491113e-08, 2.05850092527e-08, 7.68594698997e-09],
        "dvar": [3.69673128914e-12, 8.88352705199e-14, 6.33598696512e-13, 1.42031955641e-10, 7.98607629804e-07, 1.7543085562e-07, 2.24281212363e-14, 1.47057374416e-13, 3.30282716732e-08, 6.33839603026e-09, 4.13454264315e-13, 6.38350816651e-10, 2.20712129129e-10, 7.59943063339e-12, 2.65568289581e-10, 2.78162285957e-13, 9.64756052824e-10, 9.43960257183e-11, 3.23612514563e-09, 4.65225080681e-10, 6.35793806492e-10, 4.33146601919e-10, 1.93487281752e-10, 1.65856134382e-10, 4.35292739354e-11, 2.69226758942e-11, 4.00557885472e-11, 3.0651070332e-13, 9.05048181988e-15, 6.79963279353e-15, 5.17597812213e-14, 2.89510521676e-13, 3.21157048167e-14, 2.17452432742e-14, 9.38927890515e-15, 5.73518080358e-14, 1.86382027569e-14, 6.59370722559e-15, 2.39721706078e-16, 4.30980157381e-17],
        "dvar2": [1.02354114767e-11, 2.60541263043e-13, 1.57072141752e-12, 2.11775083581e-10, 5.94646735408e-07, 1.40109762015e-07, 5.79064316571e-14, 1.74207206278e-13, 3.39080443723e-08, 6.42882991286e-09, 1.21477296538e-12, 1.8264159074e-09, 6.35657415593e-10, 1.30927508418e-11, 7.64112773055e-10, 6.1616548452e-13, 3.08776448854e-09, 2.01997432669e-10, 8.51708925609e-09, 8.48366710215e-10, 1.72649783359e-09, 9.76492220417e-10, 3.34034633287e-10, 2.92465801577e-10, 1.22058502194e-10, 6.18641596284e-11, 7.36630548226e-11, 6.76634421236e-13, 2.65225294255e-14, 1.83967356865e-14, 1.02125014174e-13, 7.7534593329e-13, 7.97884233184e-14, 6.57803144095e-14, 2.45424103403e-14, 1.02672360089e-13, 3.57455967495e-14, 1.58889337099e-14, 6.14884562758e-16, 1.03223153956e-16],
        "max": [1.29121281134e-05, 2.11655355997e-06, 7.54252050683e-06, 8.84388573468e-05, 0.00849205255508, 0.00412004441023, 1.67818359387e-06, 3.09859046865e-06, 0.00202965224162, 0.000803186325356, 6.58934868625e-06, 0.000168004611623, 8.76072008396e-05, 1.97042645596e-05, 0.000146099831909, 4.90997626912e-06, 0.000182846328244, 7.86119053373e-05, 0.000563938054256, 0.000224844334298, 0.000252010446275, 0.000125507081975, 0.000115354116133, 9.05282358872e-05, 6.22601946816e-05, 6.19310303591e-05, 4.77102912555e-05, 4.78255742564e-06, 8.79954086486e-07, 6.44072372324e-07, 1.73783507762e-06, 4.28619023296e-06, 1.55903705945e-06, 1.61688353728e-06, 7.28322390842e-07, 2.08414098779e-06, 1.39917847264e-06, 6.36103322904e-07, 1.54957106702e-07, 6.73796236583e-08],
        "mean": [1.86134070645e-06, 3.18412276101e-07, 6.83641644628e-07, 1.63918175531e-05, 0.00149312417489, 0.000746786012314, 5.35051505324e-08, 5.62130878734e-07, 0.000568412768189, 0.000218417451833, 1.43030831623e-07, 4.04880775022e-05, 2.17567139771e-05, 6.60215982862e-06, 4.96566026413e-05, 1.53266410052e-06, 4.94364685437e-05, 1.82272742677e-05, 0.000131984153995, 4.78929359815e-05, 6.38616693323e-05, 2.40367953666e-05, 2.55606519204e-05, 2.11848437175e-05, 1.76774974534e-05, 1.28662513816e-05, 8.9547575044e-06, 7.29016790046e-07, 1.41604701298e-07, 1.53996111862e-07, 2.42067073941e-07, 6.63013224766e-07, 2.38949468212e-07, 3.80703369274e-07, 2.29679159247e-07, 4.17992794155e-07, 2.46403430992e-07, 8.55738235828e-08, 4.00728126237e-08, 1.56879007562e-08],
        "median": [7.34648040179e-07, 2.56141362343e-07, 4.57937915144e-07, 7.16520116839e-06, 0.000569814466871, 0.000303634878946, 2.83249725896e-08, 2.59413184267e-07, 0.000498374341987, 0.000181465467904, 3.34904157739e-08, 3.07584778056e-05, 1.78260925168e-05, 4.81982988276e-06, 5.40980945516e-05, 1.46704292092e-06, 3.55271622539e-05, 1.22983483379e-05, 0.000110689274152, 2.94076144201e-05, 4.28088824265e-05, 1.37462848215e-05, 1.5064463696e-05, 1.37895422085e-05, 1.47511782416e-05, 8.47523915581e-06, 5.41559347766e-06, 5.39495204066e-07, 1.00262028013e-07, 1.32349725845e-07, 1.32387199869e-07, 3.72887427602e-07, 1.59352865126e-07, 2.45677568955e-07, 1.70361346363e-07, 2.21596621941e-07, 1.41072746374e-07, 4.97059033933e-08, 2.78011391686e-08, 1.20960148564e-08],
        "min": [1.85465758148e-14, 1.37240479398e-14, 7.77374228222e-15, 3.22166758027e-15, 1.41657398346e-15, 1.47224067112e-15, 1.43396674624e-15, 7.68205096567e-16, 3.71604788905e-16, 3.45193772214e-16, 2.22978908736e-16, 3.71288025053e-16, 5.80442826694e-16, 3.02413446771e-16, 1.3893023813e-16, 1.72197655656e-16, 9.91099619646e-17, 2.16320872428e-16, 2.73059228816e-16, 1.02578456004e-16, 2.87096920563e-16, 8.61861264848e-16, 9.75459447442e-16, 5.95680896475e-16, 3.68078749565e-16, 4.66639609186e-16, 7.38694203987e-16, 1.69173642155e-16, 7.48950436255e-17, 7.92293575387e-17, 1.55527597268e-16, 4.38785248353e-16, 7.93614920315e-16, 1.07800104428e-15, 4.67118447499e-16, 4.35076699882e-16, 1.14150977472e-15, 7.22718633207e-16, 2.59958434919e-16, 3.03424671761e-16],
        "stdev": [2.31100261772e-06, 2.88977815899e-07, 1.06144545953e-06, 2.07790635613e-05, 0.0019671600312, 0.000960625184234, 1.46160147096e-07, 7.27190979433e-07, 0.000533937476575, 0.000208931436646, 6.61785463762e-07, 3.858405762e-05, 2.11514798139e-05, 6.01463671046e-06, 3.83669321309e-05, 1.26993836602e-06, 4.90007587359e-05, 1.93329324247e-05, 0.000126155777252, 5.65644659218e-05, 7.04605918145e-05, 2.9359382097e-05, 2.82293603959e-05, 2.35977568082e-05, 1.63419299497e-05, 1.36211838253e-05, 1.10237615445e-05, 8.36245021674e-07, 1.44915759392e-07, 1.40107275115e-07, 3.08268937488e-07, 8.69727386998e-07, 2.70775501576e-07, 3.75392602336e-07, 2.07786555961e-07, 4.78821903016e-07, 2.88609612653e-07, 1.03796352846e-07, 3.84035061529e-08, 1.31950725901e-08],
