{
"lowlevel": {
    "average_loudness": 0.76685655117,
    "barkbands_crest": {
        "dmean": 3.47217273712,
        "dmean2": 5.79400444031,
        "dvar": 7.93481302261,
        "dvar2": 20.254322052,
        "max": 26.3133869171,
        "mean": 14.0473051071,
        "median": 13.8291320801,
        "min": 2.91507339478,
        "stdev": 5.51166677475,
        "var": 30.3784713745
    },
    "barkbands_flatness_db": {
        "dmean": 0.03089081496,
        "dmean2": 0.0475994721055,
        "dvar": 0.000747735321056,
        "dvar2": 0.00161470368039,
        "max": 0.525516688824,
        "mean": 0.254533022642,
        "median": 0.22693695128,
        "min": 0.0221885722131,
        "stdev": 0.116834908724,
        "var": 0.0136503959075
    },
    "barkbands_kurtosis": {
        "dmean": 12.0045623779,
        "dmean2": 19.0097141266,
        "dvar": 622.44732666,
        "dvar2": 1357.63684082,
        "max": 330.859039307,
        "mean": 18.3619499207,
        "median": 7.31087589264,
        "min": -1.5473921299,
        "stdev": 33.8426361084,
        "var": 1145.32409668
    },
    "barkbands_skewness": {
        "dmean": 0.923060894012,
        "dmean2": 1.41004192829,
        "dvar": 1.15752899647,
        "dvar2": 2.4091296196,
        "max": 15.6148672104,
        "mean": 1.75594520569,
        "median": 1.45861947536,
        "min": -4.16914558411,
        "stdev": 2.37811374664,
        "var": 5.65542459488
    },
    "barkbands_spread": {
        "dmean": 2.59825825691,
        "dmean2": 4.07151556015,
        "dvar": 13.5493488312,
        "dvar2": 28.7594776154,
        "max": 92.7414016724,
        "mean": 7.73612117767,
        "median": 5.25087213516,
        "min": 0.138281986117,
        "stdev": 8.25329113007,
        "var": 68.1168212891
    },
    "dissonance": {
        "dmean": 0.051160544157,
        "dmean2": 0.0850144103169,
        "dvar": 0.00323130376637,
        "dvar2": 0.00906424038112,
        "max": 0.5,
        "mean": 0.430630624294,
        "median": 0.459282100201,
        "min": 0.127492398024,
        "stdev": 0.0724486485124,
        "var": 0.005248806905
    },
    "dynamic_complexity": 17.5215129852,
    "erbbands_crest": {
        "dmean": 4.10497283936,
        "dmean2": 6.72130393982,
        "dvar": 10.944606781,
        "dvar2": 27.6647605896,
        "max": 34.0621910095,
        "mean": 16.1926002502,
        "median": 15.8435707092,
        "min": 2.9917318821,
        "stdev": 6.55842494965,
        "var": 43.0129356384
    },
    "erbbands_flatness_db": {
        "dmean": 0.0279973912984,
        "dmean2": 0.0426732674241,
        "dvar": 0.000625871936791,
        "dvar2": 0.00126314989757,
        "max": 0.553900539875,
        "mean": 0.321524232626,
        "median": 0.324536442757,
        "min": 0.0518340878189,
        "stdev": 0.109137415886,
        "var": 0.0119109749794
    },
    "erbbands_kurtosis": {
        "dmean": 7.60009288788,
        "dmean2": 12.2014102936,
        "dvar": 151.729888916,
        "dvar2": 354.891815186,
        "max": 128.203659058,
        "mean": 11.6817207336,
        "median": 4.47525119781,
        "min": -1.68337094784,
        "stdev": 18.4190292358,
        "var": 339.260650635
    },
    "erbbands_skewness": {
        "dmean": 0.782910346985,
        "dmean2": 1.23037576675,
        "dvar": 0.582667589188,
        "dvar2": 1.35508000851,
        "max": 8.67167282104,
        "mean": 1.66805183887,
        "median": 1.58263683319,
        "min": -3.52074956894,
        "stdev": 1.94725692272,
        "var": 3.79180932045
    },
    "erbbands_spread": {
        "dmean": 3.3255314827,
        "dmean2": 5.28051662445,
        "dvar": 17.9395465851,
        "dvar2": 41.6219978333,
        "max": 60.6579971313,
        "mean": 11.724064827,
        "median": 8.12054252625,
        "min": 0.440849661827,
        "stdev": 11.5639753342,
        "var": 133.725524902
    },
    "hfc": {
        "dmean": 2.94590306282,
        "dmean2": 3.95589518547,
        "dvar": 50.7904319763,
        "dvar2": 90.0909423828,
        "max": 80.7942352295,
        "mean": 5.11099433899,
        "median": 0.173357263207,
        "min": 1.17808551803e-09,
        "stdev": 11.7316637039,
        "var": 137.631942749
    },
    "loudness_ebu128": {
        "integrated": -19.4016704559,
        "loudness_range": 3.43149757385,
        "momentary": {
            "dmean": 3.18693494797,
            "dmean2": 3.4833509922,
            "dvar": 24.9605808258,
            "dvar2": 33.722743988,
            "max": -15.7819442749,
            "mean": -32.7565956116,
            "median": -31.0331554413,
            "min": -60.4144363403,
            "stdev": 13.760723114,
            "var": 189.357513428
        },
        "short_term": {
            "dmean": 0.232432693243,
            "dmean2": 0.312999635935,
            "dvar": 0.13665163517,
            "dvar2": 0.210460886359,
            "max": -20.26679039,
            "mean": -22.3841190338,
            "median": -21.9895057678,
            "min": -26.9072608948,
            "stdev": 1.32512235641,
            "var": 1.75594937801
        }
    },
    "melbands_crest": {
        "dmean": 4.10658597946,
        "dmean2": 6.87619161606,
        "dvar": 10.5628385544,
        "dvar2": 26.7102603912,
        "max": 32.0000762939,
        "mean": 15.9949016571,
        "median": 15.9039392471,
        "min": 3.0766723156,
        "stdev": 6.09423875809,
        "var": 37.1397438049
    },
    "melbands_flatness_db": {
        "dmean": 0.0311915352941,
        "dmean2": 0.0486493222415,
        "dvar": 0.000711195461918,
        "dvar2": 0.00154146109708,
        "max": 0.593697726727,
        "mean": 0.309315472841,
        "median": 0.276391804218,
        "min": 0.0565982684493,
        "stdev": 0.120456755161,
        "var": 0.0145098306239
    },
    "melbands_kurtosis": {
        "dmean": 10.0787401199,
        "dmean2": 16.2068023682,
        "dvar": 351.076782227,
        "dvar2": 825.225891113,
        "max": 224.345291138,
        "mean": 16.5253314972,
        "median": 8.11934947968,
        "min": -1.54634845257,
        "stdev": 25.8956546783,
        "var": 670.584899902
    },
    "melbands_skewness": {
        "dmean": 0.799411594868,
        "dmean2": 1.24774134159,
        "dvar": 0.619850039482,
        "dvar2": 1.47015225887,
        "max": 8.88956451416,
        "mean": 1.65540277958,
        "median": 1.43421590328,
        "min": -3.30854558945,
        "stdev": 1.82201075554,
        "var": 3.31972312927
    },
    "melbands_spread": {
        "dmean": 4.46900463104,
        "dmean2": 7.2609038353,
        "dvar": 41.7155265808,
        "dvar2": 99.0401687622,
        "max": 105.808509827,
        "mean": 12.9841680527,
        "median": 7.26653432846,
        "min": 0.358662068844,
        "stdev": 14.2569761276,
        "var": 203.261367798
    },
    "pitch_salience": {
        "dmean": 0.0995854064822,
        "dmean2": 0.163600236177,
        "dvar": 0.00638932175934,
        "dvar2": 0.0166154205799,
        "max": 0.910826265812,
        "mean": 0.560802042484,
        "median": 0.577025473118,
        "min": 0.143019616604,
        "stdev": 0.126483604312,
        "var": 0.0159981008619
    },
    "silence_rate_20dB": {
        "dmean": 0,
        "dmean2": 0,
        "dvar": 0,
        "dvar2": 0,
        "max": 1,
        "mean": 1,
        "median": 1,
        "min": 1,
        "stdev": 0,
        "var": 0
    },
    "silence_rate_30dB": {
        "dmean": 0.00681430986151,
        "dmean2": 0.0136402389035,
        "dvar": 0.00676782336086,
        "dvar2": 0.0202746316791,
        "max": 1,
        "mean": 0.996595740318,
        "median": 1,
        "min": 0,
        "stdev": 0.0582468435168,
        "var": 0.0033926947508
    },
    "silence_rate_60dB": {
        "dmean": 0.0442930161953,
        "dmean2": 0.0886615514755,
        "dvar": 0.0423308759928,
        "dvar2": 0.0825051739812,
        "max": 1,
        "mean": 0.720851063728,
        "median": 1,
        "min": 0,
        "stdev": 0.44858148694,
        "var": 0.201225355268
    },
    "spectral_centroid": {
        "dmean": 134.210510254,
        "dmean2": 210.174179077,
        "dvar": 45303.7460938,
        "dvar2": 95712.8828125,
        "max": 3776.01367188,
        "mean": 1084.62426758,
        "median": 676.56262207,
        "min": 360.443786621,
        "stdev": 696.096252441,
        "var": 484550
    },
    "spectral_complexity": {
        "dmean": 0.741056203842,
        "dmean2": 1.18499577045,
        "dvar": 1.33330059052,
        "dvar2": 3.05444407463,
        "max": 13,
        "mean": 2.19574475288,
        "median": 1,
        "min": 0,
        "stdev": 2.91773056984,
        "var": 8.5131521225
    },
    "spectral_decrease": {
        "dmean": 1.30336308413e-09,
        "dmean2": 1.79830095259e-09,
        "dvar": 9.96334829199e-18,
        "dvar2": 1.82622321749e-17,
        "max": -8.34746730218e-21,
        "mean": -2.26555152416e-09,
        "median": -3.08168872365e-11,
        "min": -3.30446709995e-08,
        "stdev": 5.16160847397e-09,
        "var": 2.66422004373e-17
    },
    "spectral_energy": {
        "dmean": 0.00518472678959,
        "dmean2": 0.00714428955689,
        "dvar": 0.000157691785716,
        "dvar2": 0.000288495299174,
        "max": 0.132046163082,
        "mean": 0.00901429541409,
        "median": 0.00013280188432,
        "min": 1.38361043e-13,
        "stdev": 0.0205435790122,
        "var": 0.000422038632678
    },
    "spectral_energyband_high": {
        "dmean": 2.27212717618e-06,
        "dmean2": 2.96839834846e-06,
        "dvar": 4.72479798341e-11,
        "dvar2": 9.08467329142e-11,
        "max": 7.96761014499e-05,
        "mean": 3.09911501972e-06,
        "median": 1.95891857402e-07,
        "min": 7.15326642321e-14,
        "stdev": 9.335481991e-06,
        "var": 8.71512167988e-11
    },
    "spectral_energyband_low": {
        "dmean": 2.1745347567e-06,
        "dmean2": 3.71851547243e-06,
        "dvar": 4.25753876598e-10,
        "dvar2": 1.12380227346e-09,
        "max": 0.000582295528147,
        "mean": 2.34728872783e-06,
        "median": 7.38168580483e-07,
        "min": 1.88507097708e-14,
        "stdev": 1.7801678041e-05,
        "var": 3.16899756436e-10
    },
    "spectral_energyband_middle_high": {
        "dmean": 0.000132337620016,
        "dmean2": 0.000188239413546,
        "dvar": 9.73493783363e-08,
        "dvar2": 2.05652099794e-07,
        "max": 0.00454596383497,
        "mean": 0.000269462441793,
        "median": 5.0098165957e-05,
        "min": 1.83393339577e-14,
        "stdev": 0.000578747713007,
        "var": 3.34948936143e-07
    },
    "spectral_energyband_middle_low": {
        "dmean": 0.00513029564172,
        "dmean2": 0.00715078413486,
        "dvar": 0.000156455440447,
        "dvar2": 0.000289840361802,
        "max": 0.13002756238,
        "mean": 0.00875318329781,
        "median": 3.61725906259e-05,
        "min": 1.5615010031e-14,
        "stdev": 0.0201392676681,
        "var": 0.00040559010813
    },
    "spectral_entropy": {
        "dmean": 0.226601779461,
        "dmean2": 0.353029549122,
        "dvar": 0.0449257008731,
        "dvar2": 0.0995951592922,
        "max": 9.03018188477,
        "mean": 6.50220012665,
        "median": 6.6953754425,
        "min": 4.22585344315,
        "stdev": 0.869185864925,
        "var": 0.755484104156
    },
    "spectral_flux": {
        "dmean": 0.0151413539425,
        "dmean2": 0.0234072469175,
        "dvar": 0.000863174383994,
        "dvar2": 0.00176215032116,
        "max": 0.307740151882,
        "mean": 0.0368668548763,
        "median": 0.00724085653201,
        "min": 6.80307421135e-05,
        "stdev": 0.0559334680438,
        "var": 0.00312855304219
    },
    "spectral_kurtosis": {
        "dmean": 9.97153186798,
        "dmean2": 16.5002536774,
        "dvar": 158.226409912,
        "dvar2": 427.408905029,
        "max": 151.685424805,
        "mean": 26.523651123,
        "median": 15.9809913635,
        "min": 2.09004020691,
        "stdev": 25.6095409393,
        "var": 655.848632812
    },
    "spectral_rms": {
        "dmean": 0.000540852139238,
        "dmean2": 0.000711932894774,
        "dvar": 1.05219100988e-06,
        "dvar2": 1.61840489454e-06,
        "max": 0.0113501334563,
        "mean": 0.00165213539731,
        "median": 0.000359948346158,
        "min": 1.16183640486e-08,
        "stdev": 0.00246269721538,
        "var": 6.06487810728e-06
    },
    "spectral_rolloff": {
        "dmean": 189.39630127,
        "dmean2": 314.203857422,
        "dvar": 248968.234375,
        "dvar2": 365871.84375,
        "max": 17571.09375,
        "mean": 1212.10668945,
        "median": 645.99609375,
        "min": 236.865234375,
        "stdev": 997.791809082,
        "var": 995588.4375
    },
    "spectral_skewness": {
        "dmean": 0.653789937496,
        "dmean2": 1.08123660088,
        "dvar": 0.490187734365,
        "dvar2": 1.29489815235,
        "max": 10.2352848053,
        "mean": 3.36103773117,
        "median": 2.60441350937,
        "min": 0.686808824539,
        "stdev": 1.93144094944,
        "var": 3.73046422005
    },
    "spectral_spread": {
        "dmean": 336373.46875,
        "dmean2": 527455.375,
        "dvar": 165459017728,
        "dvar2": 276537999360,
        "max": 17712602,
        "mean": 2261069,
        "median": 1927787.25,
        "min": 592605.5625,
        "stdev": 1164872.25,
        "var": 1.35692746752e+12
    },
    "spectral_strongpeak": {
        "dmean": 0.381658613682,
        "dmean2": 0.579035401344,
        "dvar": 0.456679999828,
        "dvar2": 1.02797114849,
        "max": 7.27273750305,
        "mean": 0.633070409298,
        "median": 0.194765210152,
        "min": 0,
        "stdev": 1.03732347488,
        "var": 1.07604002953
    },
    "zerocrossingrate": {
        "dmean": 0.00450474815443,
        "dmean2": 0.00567580107599,
        "dvar": 0.000142296776175,
        "dvar2": 0.000155733374413,
        "max": 0.4921875,
        "mean": 0.0466709621251,
        "median": 0.03271484375,
        "min": 0.0185546875,
        "stdev": 0.0286813322455,
        "var": 0.000822618778329
    },
    "barkbands": {
        "dmean": [5.48543084733e-07, 1.07979110453e-06, 6.73292788633e-07, 5.46147816749e-07, 3.90081640944e-06, 9.09557566047e-05, 0.00161075301003, 0.00441916612908, 0.000476679269923, 7.2530034231e-05, 1.34235651785e-05, 0.000100064738945, 2.23101142183e-05, 9.37888125918e-06, 1.41925556818e-06, 2.38418806475e-06, 4.50504103355e-06, 3.96269842895e-06, 1.05299091047e-06, 5.11558823746e-07, 3.26545716689e-07, 5.22782045209e-07, 1.06495781438e-06, 2.25016506761e-07, 2.3140431793e-08, 3.32173111239e-09, 1.54998036628e-09],
        "dmean2": [8.90397075182e-07, 1.92714651348e-06, 1.15988746074e-06, 9.34803438213e-07, 6.64335038891e-06, 0.000166184123373, 0.00287769106217, 0.00634345738217, 0.000811197271105, 0.00011942772835, 2.33699302044e-05, 0.000154170280439, 3.6249311961e-05, 1.56547994266e-05, 2.12005897993e-06, 4.01260103899e-06, 7.43294731365e-06, 6.24078938927e-06, 1.68198425854e-06, 8.10643143723e-07, 4.75294825719e-07, 7.85640111189e-07, 1.48159983837e-06, 3.04404039753e-07, 3.32426033367e-08, 4.42512027021e-09, 2.10657580269e-09],
        "dvar": [4.62225119291e-11, 2.06937592062e-10, 1.81555335002e-12, 8.48162360657e-13, 5.24724430573e-11, 4.56724826847e-08, 1.73584303411e-05, 0.000138230752782, 6.93359424986e-06, 1.04731228134e-07, 1.1811742695e-09, 7.12994108198e-08, 6.55089182899e-09, 2.05797690001e-09, 1.89180685006e-11, 4.2032249209e-11, 8.74752284497e-11, 1.5077182558e-10, 8.7766226578e-12, 4.00147102952e-12, 2.92865102829e-12, 4.66843664421e-12, 1.42568630512e-11, 6.59659718343e-13, 8.30097285804e-15, 1.44879043162e-16, 1.63121009412e-17],
        "dvar2": [1.1134947131e-10, 5.79833570047e-10, 5.07973827932e-12, 2.32417514054e-12, 1.40305253526e-10, 1.39347520189e-07, 4.78149813716e-05, 0.000256632338278, 1.91687104234e-05, 2.66539473159e-07, 3.15250470173e-09, 1.67186243516e-07, 1.72188006076e-08, 5.76843417477e-09, 4.17997789159e-11, 1.22948790038e-10, 2.29914282057e-10, 3.74978492701e-10, 2.17925556073e-11, 9.69420984459e-12, 7.26980411633e-12, 1.17269527422e-11, 3.01158889493e-11, 1.39144511885e-12, 2.045260154e-14, 3.0957389273e-16, 2.97483099596e-17],
        "max": [0.000198602807359, 0.000387214153307, 1.61772004503e-05, 1.06600145955e-05, 8.39161075419e-05, 0.00241115340032, 0.0429104939103, 0.124187514186, 0.0478602983057, 0.00622226949781, 0.000358639605111, 0.00359063642099, 0.00159830669872, 0.00091072905343, 5.98292135692e-05, 0.000112353955046, 0.000113208938274, 0.000191268482013, 6.46291664452e-05, 3.5864279198e-05, 4.10016436945e-05, 3.99868185923e-05, 5.41467306903e-05, 1.21178691188e-05, 1.30202772652e-06, 1.92395745557e-07, 6.78811247212e-08],
        "mean": [4.9755379905e-07, 9.27270946249e-07, 7.38663800348e-07, 6.5612795197e-07, 5.60622856938e-06, 9.81968260021e-05, 0.00184209435247, 0.00627484824508, 0.000484456046252, 8.10016499599e-05, 1.82782805496e-05, 0.000140249772812, 3.03330762108e-05, 1.17386580314e-05, 2.04413777283e-06, 3.58178658644e-06, 8.60992076923e-06, 5.52126084585e-06, 1.63166987477e-06, 6.4604137151e-07, 4.07481053344e-07, 7.00556995525e-07, 1.2352044223e-06, 2.61246100308e-07, 2.85800361155e-08, 5.36444266785e-09, 3.63419694338e-09],
        "median": [9.09759236833e-08, 1.7689946219e-07, 1.56738977353e-07, 2.1771134584e-07, 2.01573084269e-06, 3.38056906912e-06, 8.58798011905e-06, 8.49761454447e-06, 2.76729588222e-06, 2.48440346695e-06, 1.18109983305e-06, 6.80619450577e-06, 1.30506839469e-06, 6.67971505663e-07, 3.2898782365e-07, 4.72370572879e-07, 8.82558708781e-07, 9.1452648121e-07, 2.41415079927e-07, 1.21139834164e-07, 4.88649156694e-08, 1.94577900459e-08, 8.90753515392e-09, 6.10281469804e-09, 2.34249286635e-09, 1.33271693681e-09, 1.93940663529e-09],
        "min": [7.11579927604e-15, 9.27865386114e-15, 4.42575646677e-15, 2.86169043615e-15, 2.79287387962e-15, 2.42910287493e-15, 3.5430174809e-15, 2.13162575088e-15, 1.4523321146e-15, 9.96550885466e-16, 7.63459329783e-16, 2.72823997179e-15, 6.9404683264e-16, 2.44823565514e-15, 1.4555148409e-15, 1.51200907975e-15, 1.5964353947e-15, 6.70725262745e-16, 4.02315535419e-15, 3.14912323174e-15, 2.53699877878e-15, 1.66639470455e-15, 6.19277815605e-15, 9.25336399843e-15, 1.51999469462e-14, 1.6335523361e-14, 1.95776097292e-14],
        "stdev": [6.32606679574e-06, 1.15112816275e-05, 1.4785420035e-06, 1.08673020804e-06, 9.113440683e-06, 0.000240548208239, 0.00438645109534, 0.0166996866465, 0.00260453554802, 0.000353591691237, 4.2507865146e-05, 0.00037197500933, 0.000103256512375, 4.52711974503e-05, 5.65445452594e-06, 7.91785078036e-06, 1.54378030857e-05, 1.34403244374e-05, 3.60405010724e-06, 2.08809456126e-06, 1.78829975539e-06, 2.45943238042e-06, 4.36226582679e-06, 9.63669322118e-07, 1.00055679297e-07, 1.52769743522e-08, 5.73817970917e-09],
        "var": [4.00191199623e-11, 1.32509614392e-10, 2.1860865982e-12, 1.18098261205e-12, 8.30548060882e-11, 5.78634420378e-08, 1.92409534066e-05, 0.000278879510006, 6.78360538586e-06, 1.25027085573e-07, 1.80691850371e-09, 1.3836540802e-07, 1.06619078011e-08, 2.04948147342e-09, 3.19728583886e-11, 6.26923651881e-11, 2.38325775781e-10, 1.80642320546e-10, 1.2989177442e-11, 4.36013855229e-12, 3.19801607071e-12, 6.04880772206e-12, 1.90293648894e-11, 9.28658517273e-13, 1.00111391548e-14, 2.33385926103e-16, 3.29267051412e-17]
    },
    "erbbands": {
        "dmean": [5.90908784943e-05, 0.000145906480611, 0.000588939350564, 0.00137447542511, 0.00454824604094, 0.0176177620888, 0.0713112428784, 1.12368297577, 12.4239416122, 56.4338874817, 91.6311416626, 12.7076129913, 4.93094205856, 0.878911435604, 1.39547550678, 3.76763272285, 1.09054267406, 0.618787705898, 0.162099272013, 0.0454006046057, 0.171192243695, 0.24640750885, 0.217233836651, 0.113300904632, 0.0328473784029, 0.0237369090319, 0.0246055684984, 0.00825755670667, 0.0213890485466, 0.030058003962, 0.0268565174192, 0.00668124761432, 0.00355121539906, 0.000512996688485, 9.80600379989e-05, 2.44084058068e-05, 6.29036503597e-06, 2.21378081733e-06, 2.66433380602e-06, 5.88563079873e-06],
        "dmean2": [0.000105789556983, 0.000257406121818, 0.00101171503775, 0.00231520691887, 0.0077598253265, 0.0298218764365, 0.125491574407, 2.07487249374, 22.511882782, 96.5263442993, 130.960708618, 18.2958431244, 8.80079555511, 1.39440321922, 2.210709095, 5.71144723892, 1.69232523441, 1.00145816803, 0.24553155899, 0.0682564005256, 0.285084545612, 0.401199728251, 0.349268853664, 0.174674734473, 0.0527737364173, 0.0371192656457, 0.0363175161183, 0.011009494774, 0.0325555950403, 0.0430389754474, 0.0383526645601, 0.00930861756206, 0.00509708188474, 0.000717762217391, 0.000129995081807, 3.17905069096e-05, 7.52652249503e-06, 2.87585294245e-06, 3.56782129529e-06, 8.09289304016e-06],
        "dvar": [8.54323559452e-07, 1.63721097124e-06, 1.39872463478e-06, 5.75626836508e-06, 5.75785888941e-05, 0.0012147477828, 0.0249954555184, 7.07857990265, 1035.57983398, 21506.6503906, 59751.578125, 2228.70385742, 703.676879883, 7.9309220314, 14.1530828476, 112.212509155, 10.4326038361, 9.41675662994, 0.223958104849, 0.0116283055395, 0.185912236571, 0.2551189363, 0.452571570873, 0.158106416464, 0.00873772148043, 0.00969958957285, 0.0125018507242, 0.000948079687078, 0.01217073109, 0.0127064371482, 0.00748231261969, 0.000482059433125, 0.000219850568101, 3.44733211932e-06, 1.38915055459e-07, 7.41390726589e-09, 3.64178326384e-10, 4.1206153073e-11, 3.95989942226e-11, 2.03089281503e-10],
        "dvar2": [2.3637310278e-06, 4.66681285616e-06, 3.92869424104e-06, 1.55649959197e-05, 0.000162828742759, 0.00313628837466, 0.0735612735152, 21.1583976746, 3051.00878906, 57687.078125, 105734.710938, 5235.72167969, 1954.13195801, 17.0058002472, 34.7319030762, 259.846862793, 23.8067302704, 25.7511138916, 0.41879966855, 0.0249391067773, 0.544537782669, 0.682583630085, 1.17288541794, 0.359374493361, 0.0235809721053, 0.0242771338671, 0.0298664998263, 0.00167267792858, 0.0319654121995, 0.0280509516597, 0.0153377270326, 0.000965429004282, 0.000509345496539, 7.82697225077e-06, 2.87518844289e-07, 1.62284443661e-08, 6.00934302319e-10, 7.32165716943e-11, 6.86082649026e-11, 3.70195901711e-10],
        "max": [0.0250538401306, 0.0341491363943, 0.0160034224391, 0.0262074042112, 0.0771786123514, 0.364563405514, 1.46460008621, 25.6075191498, 297.902770996, 1641.90393066, 2764.40454102, 783.883850098, 492.56463623, 55.9661827087, 48.2159194946, 147.185562134, 59.315952301, 67.2095718384, 6.20449066162, 2.25520038605, 7.54245710373, 6.70464468002, 13.1010284424, 9.11382293701, 1.64198744297, 2.02038359642, 2.42505836487, 0.769831120968, 2.05677247047, 1.95517885685, 1.02820193768, 0.289821982384, 0.24427947402, 0.024356668815, 0.00615725945681, 0.00127938529477, 0.000441199779743, 0.000114577451313, 6.72318492434e-05, 0.000150652907905],
        "mean": [4.56642519566e-05, 0.000149274856085, 0.000689652748406, 0.00175579928327, 0.00591509742662, 0.0240130499005, 0.0938254147768, 1.31726980209, 14.049197197, 76.1859893799, 121.783882141, 15.5557699203, 5.26273918152, 1.30019640923, 2.07511520386, 5.30903291702, 1.72685337067, 0.812929689884, 0.269550383091, 0.084038592875, 0.29339787364, 0.471986472607, 0.311584115028, 0.178551629186, 0.0529729761183, 0.0305866710842, 0.0286930222064, 0.012567685917, 0.0283051095903, 0.032592214644, 0.0321896672249, 0.00874988734722, 0.00372204789892, 0.000622344901785, 0.000129456981085, 3.49839283444e-05, 1.17572799354e-05, 4.03698004448e-06, 4.94587902722e-06, 1.02680905911e-05],
        "median": [5.30020361111e-06, 4.00707358494e-05, 0.00016858514573, 0.00070853024954, 0.00274885678664, 0.00746609875932, 0.0125489206985, 0.0367762260139, 0.0971528142691, 0.180143266916, 0.160803228617, 0.0722997486591, 0.101741306484, 0.0591025017202, 0.136516883969, 0.28610253334, 0.11447583884, 0.0659554377198, 0.0308903045952, 0.023896869272, 0.0380967594683, 0.0520802810788, 0.0550057403743, 0.0227823741734, 0.0106313545257, 0.00565816834569, 0.00338788470253, 0.00143603608012, 0.000764837954193, 0.000408907566452, 0.000233430997469, 0.000139332463732, 8.57577979332e-05, 3.77173164452e-05, 1.19949409054e-05, 5.48865864403e-06, 2.73245541393e-06, 1.16674493711e-06, 4.0732138018e-07, 1.98492969616e-07],
        "min": [3.61948426959e-13, 1.78180181113e-12, 4.82074710012e-12, 8.17543428788e-12, 9.65497126693e-12, 8.81327736485e-12, 1.07562422511e-11, 2.35733984416e-11, 4.50447769362e-11, 5.47461312395e-11, 4.13631351392e-11, 3.26960056252e-11, 3.71246089426e-11, 2.22387143423e-11, 5.89602602852e-11, 1.0525381261e-10, 3.81257352078e-11, 1.035490374e-10, 1.01661720708e-10, 7.50364076429e-11, 8.96823518226e-11, 8.66063679106e-11, 2.73178858007e-11, 1.85159762522e-10, 1.81131290522e-10, 1.55791143874e-10, 1.43043452083e-10, 4.85016124485e-11, 4.51267634372e-11, 1.58104404568e-10, 1.67494240699e-10, 1.82659623538e-10, 1.52195547831e-10, 2.09585016009e-10, 8.0877457509e-11, 5.21728632519e-11, 3.78660956757e-11, 1.1765330897e-11, 3.09930835336e-12, 2.70753688567e-13],
        "stdev": [0.000746032921597, 0.00102629500907, 0.00131575029809, 0.00279353698716, 0.00859032105654, 0.0431430414319, 0.181076809764, 2.97233867645, 32.8112030029, 181.930969238, 342.994781494, 54.8259620667, 25.9951725006, 3.98351454735, 4.92176961899, 14.9773788452, 5.20178127289, 3.24572086334, 0.73107278347, 0.154129892588, 0.570707261562, 0.819349348545, 0.706551015377, 0.471890509129, 0.107589475811, 0.0991121605039, 0.118050672114, 0.0480923503637, 0.115747600794, 0.122792512178, 0.105950936675, 0.029325062409, 0.0156325809658, 0.00218012859114, 0.000447146361694, 0.000105987921415, 2.91645210382e-05, 9.36131618801e-06, 1.06320039777e-05, 2.33478749578e-05],
        "var": [5.5656511222e-07, 1.05328138034e-06, 1.73119872215e-06, 7.80384834798e-06, 7.37936134101e-05, 0.0018613220891, 0.0327888093889, 8.83479690552, 1076.57495117, 33098.8789062, 117645.429688, 3005.88598633, 675.748962402, 15.8683872223, 24.2238140106, 224.321884155, 27.0585269928, 10.5347042084, 0.53446739912, 0.0237560216337, 0.325706750154, 0.671333312988, 0.499214321375, 0.222680643201, 0.0115754958242, 0.00982322078198, 0.0139359608293, 0.00231287418865, 0.0133975064382, 0.0150780016556, 0.0112256007269, 0.000859959283844, 0.000244377559284, 4.75296019431e-06, 1.99939876211e-07, 1.1233439956e-08, 8.50569337185e-10, 8.76342470812e-11, 1.13039515248e-10, 5.45123279849e-10]
    },
    "gfcc": {
        "mean": [-336.060760498, 113.850585938, -155.237045288, -28.4136676788, -72.5528182983, -20.7102355957, -23.6084747314, 2.95634031296, -4.75055932999, -5.12006235123, 2.47374129295, -0.0572099909186, -14.7788181305],
        "cov": [[12813.7587891, 1080.70910645, -2384.81396484, -2372.25244141, -2684.453125, -945.191040039, -144.729110718, -290.848876953, 1387.49694824, -249.557235718, 1173.90197754, -416.786010742, -822.869140625], [1080.70910645, 1153.06811523, 467.132141113, -638.719665527, -630.864318848, -365.984161377, 12.8483896255, -137.227920532, 243.56829834, 36.4830589294, 95.6657028198, -93.8278884888, -181.768081665], [-2384.81396484, 467.132141113, 1744.25463867, -15.2558727264, -475.322235107, 7.15244674683, 63.5727996826, -70.4848098755, 43.8027572632, 199.324676514, -281.747070312, -54.2870979309, 5.4066491127], [-2372.25244141, -638.719665527, -15.2558727264, 1141.73876953, 1099.99365234, 305.942810059, -76.6070251465, 173.377975464, -466.68850708, -46.366985321, -257.084350586, 139.371444702, 271.117401123], [-2684.453125, -630.864318848, -475.322235107, 1099.99365234, 1619.59265137, 382.242584229, -27.1853408813, 216.679016113, -597.83996582, -86.4939498901, -209.15196228, 209.051132202, 325.356781006], [-945.191040039, -365.984161377, 7.15244674683, 305.942810059, 382.242584229, 303.358093262, 52.2424087524, 32.8544540405, -151.932983398, 0.831992030144, -75.0895690918, 57.9723510742, 96.705078125], [-144.729110718, 12.8483896255, 63.5727996826, -76.6070251465, -27.1853408813, 52.2424087524, 137.892410278, 35.8029327393, 37.6169891357, 43.968120575, 7.51848316193, -2.23708367348, -12.1083374023], [-290.848876953, -137.227920532, -70.4848098755, 173.377975464, 216.679016113, 32.8544540405, 35.8029327393, 181.843612671, -16.157787323, -0.635934054852, -19.0093269348, 13.3196439743, 40.1268463135], [1387.49694824, 243.56829834, 43.8027572632, -466.68850708, -597.83996582, -151.932983398, 37.6169891357, -16.157787323, 360.851745605, 59.7901992798, 131.377532959, -86.8091201782, -140.142837524], [-249.557235718, 36.4830589294, 199.324676514, -46.366985321, -86.4939498901, 0.831992030144, 43.968120575, -0.635934054852, 59.7901992798, 117.525726318, -11.4644651413, -14.5640573502, 3.37959551811], [1173.90197754, 95.6657028198, -281.747070312, -257.084350586, -209.15196228, -75.0895690918, 7.51848316193, -19.0093269348, 131.377532959, -11.4644651413, 195.658065796, 0.509644091129, -77.216178894], [-416.786010742, -93.8278884888, -54.2870979309, 139.371444702, 209.051132202, 57.9723510742, -2.23708367348, 13.3196439743, -86.8091201782, -14.5640573502, 0.509644091129, 102.548164368, 76.4292449951], [-822.869140625, -181.768081665, 5.4066491127, 271.117401123, 325.356781006, 96.705078125, -12.1083374023, 40.1268463135, -140.142837524, 3.37959551811, -77.216178894, 76.4292449951, 159.165405273]],
        "icov": [[0.00109240808524, -0.00132313754875, 0.00222218525596, -0.00118053716142, 0.00252947793342, -0.00134355446789, 0.000901915540453, -0.000493784958962, -0.000886271416675, 0.000475777371321, -0.00163304561283, 0.00121132784989, -0.000253548263572], [-0.00132313754875, 0.00473629124463, -0.00452041719109, 0.00287870457396, -0.00542795564979, 0.00548735633492, -0.00237708888017, 0.0027799718082, -0.000227454715059, 0.00146757008042, 3.31185256073e-05, -0.000223502633162, 0.000590248906519], [0.00222218525596, -0.00452041719109, 0.00713673140854, -0.00349647295661, 0.00787374284118, -0.00523144565523, 0.00251660542563, -0.0026817866601, -0.000198054593056, -0.00230476958677, 0.000650822650641, 0.000159199771588, 0.000104319544334], [-0.00118053716142, 0.00287870457396, -0.00349647295661, 0.00623996835202, -0.00527116144076, 0.00177790061571, 0.00154672609642, -0.000873268116266, 0.00174428324681, -0.00027905672323, 0.00260960869491, -0.00128040241543, 0.000129244101117], [0.00252947793342, -0.00542795564979, 0.00787374284118, -0.00527116144076, 0.0121026299894, -0.00710742827505, 0.00290190661326, -0.00529623916373, 0.00295597547665, -0.00215228809975, -0.00101278780494, -0.000344531639712, -0.000953064765781], [-0.00134355446789, 0.00548735633492, -0.00523144565523, 0.00177790061571, -0.00710742827505, 0.0127911530435, -0.00681861117482, 0.00566815957427, -0.00130281865131, 0.00293634482659, -0.000892301148269, 0.000524203584064, -0.000614922377281], [0.000901915540453, -0.00237708888017, 0.00251660542563, 0.00154672609642, 0.00290190661326, -0.00681861117482, 0.0142857544124, -0.00611177459359, 0.00104093062691, -0.0049420055002, 0.000643458799459, -0.00171649281401, 0.0022244011052], [-0.000493784958962, 0.0027799718082, -0.0026817866601, -0.000873268116266, -0.00529623916373, 0.00566815957427, -0.00611177459359, 0.0125232804567, -0.00581929460168, 0.00389540474862, -0.00195523910224, 0.00298686185852, -0.00162852788344], [-0.000886271416675, -0.000227454715059, -0.000198054593056, 0.00174428324681, 0.00295597547665, -0.00130281865131, 0.00104093062691, -0.00581929460168, 0.0137319881469, -0.00615078210831, 0.000517198583111, -0.00119127077051, 0.00153364497237], [0.000475777371321, 0.00146757008042, -0.00230476958677, -0.00027905672323, -0.00215228809975, 0.00293634482659, -0.0049420055002, 0.00389540474862, -0.00615078210831, 0.0165638830513, -0.00451982440427, 0.00501168472692, -0.00441980315372], [-0.00163304561283, 3.31185256073e-05, 0.000650822650641, 0.00260960869491, -0.00101278780494, -0.000892301148269, 0.000643458799459, -0.00195523910224, 0.000517198583111, -0.00451982440427, 0.0193055961281, -0.0115564018488, 0.0057485634461], [0.00121132784989, -0.000223502633162, 0.000159199771588, -0.00128040241543, -0.000344531639712, 0.000524203584064, -0.00171649281401, 0.00298686185852, -0.00119127077051, 0.00501168472692, -0.0115564018488, 0.0239020884037, -0.0105541953817], [-0.000253548263572, 0.000590248906519, 0.000104319544334, 0.000129244101117, -0.000953064765781, -0.000614922377281, 0.0022244011052, -0.00162852788344, 0.00153364497237, -0.00441980315372, 0.0057485634461, -0.0105541953817, 0.017624925822]]
    },
    "melbands": {
        "dmean": [4.20250870548e-07, 2.4554148581e-07, 2.72944333801e-07, 7.53770848405e-07, 1.84709767836e-06, 2.6258681828e-05, 0.000232055579545, 0.000701439625118, 0.000675812363625, 4.78423025925e-05, 2.42098103627e-05, 3.92643278246e-06, 2.90359571409e-06, 1.1766530406e-05, 5.85624275118e-06, 1.72912234575e-06, 1.08393828668e-06, 3.14667090606e-07, 6.6593038639e-08, 7.64628111938e-08, 2.49501425742e-07, 2.7321632956e-07, 2.4210146421e-07, 1.98833632226e-07, 8.67837997021e-08, 3.7731293645e-08, 9.96450832957e-09, 1.90823090662e-08, 2.10403889866e-08, 5.39751310313e-09, 4.96196905786e-09, 1.39269342725e-08, 8.9301188666e-09, 2.29980461341e-08, 1.86562409965e-08, 8.08016586973e-09, 3.20340176607e-09, 3.15175441301e-09, 9.67712243671e-10, 2.84901907621e-10],
        "dmean2": [7.38814037504e-07, 4.13340217165e-07, 4.59412461851e-07, 1.26074837681e-06, 3.29420913658e-06, 4.84079355374e-05, 0.000420263357228, 0.00116687850095, 0.00096238241531, 7.97210304881e-05, 4.3032985559e-05, 6.72899295751e-06, 4.79439768242e-06, 1.93589548871e-05, 9.05090655579e-06, 2.72992724604e-06, 1.77735751095e-06, 4.91289711135e-07, 9.77411005465e-08, 1.25562678477e-07, 4.19287999875e-07, 4.45694411155e-07, 3.98921457645e-07, 3.192868121e-07, 1.38044029541e-07, 6.3514740134e-08, 1.58152229091e-08, 3.03911313893e-08, 3.18787130027e-08, 7.60807505884e-09, 6.96090785013e-09, 2.14137756416e-08, 1.37381892529e-08, 3.32499610067e-08, 2.6712028145e-08, 1.1680675982e-08, 4.70652983253e-09, 4.75846340109e-09, 1.44034184579e-09, 4.46549935917e-10],
        "dvar": [3.88288880215e-11, 3.65466093803e-13, 1.81130338592e-13, 1.91017774515e-12, 1.68554909613e-11, 4.03010202987e-09, 3.55568090527e-07, 3.47413197233e-06, 3.34350352205e-06, 5.37584980975e-08, 1.71396923321e-08, 1.8815948799e-10, 6.13249104275e-11, 9.74787583985e-10, 5.14990994294e-10, 3.61228685852e-11, 2.84975654186e-11, 8.71813146848e-13, 3.93230031328e-14, 3.30997199322e-14, 4.08237462932e-13, 3.70464482658e-13, 3.52709533672e-13, 4.94106383413e-13, 1.13305517041e-13, 1.27287257815e-14, 5.2523343095e-16, 7.8630619065e-15, 8.42473877119e-15, 7.9963494229e-16, 3.54577150264e-16, 5.68362580443e-15, 1.07501059446e-15, 9.41611883815e-15, 4.02471940053e-15, 8.3554596288e-16, 1.34450783797e-16, 1.98912638061e-16, 1.54232143093e-17, 1.3655269192e-18],
        "dvar2": [1.06024848623e-10, 9.20246301037e-13, 4.93294424406e-13, 4.8979128045e-12, 4.98935996684e-11, 1.20417862348e-08, 1.01572368294e-06, 8.50021478982e-06, 6.01148349233e-06, 1.45123649986e-07, 4.74975365705e-08, 4.88294626955e-10, 1.5251951091e-10, 2.39578601402e-09, 1.17343346151e-09, 8.31321678163e-11, 7.78236156074e-11, 1.77083293775e-12, 8.13150206349e-14, 8.96967436849e-14, 1.18180519624e-12, 9.93463557947e-13, 9.16890586893e-13, 1.22230979678e-12, 2.61492379399e-13, 3.69712026022e-14, 1.39671137848e-15, 1.96220891234e-14, 2.03729211507e-14, 1.66325708276e-15, 6.54185938598e-16, 1.49589508261e-14, 2.73974034987e-15, 2.18884596049e-14, 8.18307180101e-15, 1.80894177336e-15, 3.06054709062e-16, 4.8594640173e-16, 3.41337734131e-17, 3.53739777132e-18],
        "max": [0.000170846251422, 1.4972797544e-05, 4.0203331082e-06, 1.57261547429e-05, 3.91532266804e-05, 0.000623040599748, 0.00523931905627, 0.0236690305173, 0.0249782092869, 0.00415084324777, 0.0024572070688, 0.00026827462716, 9.29996458581e-05, 0.000370065798052, 0.000401673023589, 0.000113100453746, 0.000111811968964, 1.20459617392e-05, 3.94328162656e-06, 2.48322226071e-06, 1.08253543658e-05, 7.77347122494e-06, 7.17630291547e-06, 1.12198104034e-05, 8.22563652036e-06, 1.94691119759e-06, 3.25837106629e-07, 1.81196389804e-06, 1.80979031938e-06, 6.39397512714e-07, 3.82521847087e-07, 1.56373505433e-06, 5.51046298369e-07, 1.80176630238e-06, 8.46915611419e-07, 4.43458276322e-07, 1.50890897999e-07, 2.22771006975e-07, 5.33663140345e-08, 1.8349139097e-08],
        "mean": [3.50998533349e-07, 3.02882028791e-07, 3.85821778082e-07, 9.86475924947e-07, 2.26256815949e-06, 2.78939714917e-05, 0.000256137631368, 0.000990027445368, 0.000859433261212, 5.32766862307e-05, 2.40009649133e-05, 4.86512317366e-06, 4.16178727392e-06, 1.5884756067e-05, 8.28564861877e-06, 2.52165432357e-06, 1.32811112508e-06, 4.88421164846e-07, 1.03973967214e-07, 1.32753811499e-07, 4.04133402299e-07, 5.21541437593e-07, 3.43005837067e-07, 2.57450466279e-07, 1.33735895247e-07, 5.0163258436e-08, 1.69870020272e-08, 2.1641422876e-08, 2.28609948749e-08, 7.1902066523e-09, 7.24028303978e-09, 1.79452648297e-08, 1.08414131006e-08, 2.27069687497e-08, 2.14831459289e-08, 9.78426673015e-09, 3.72218944555e-09, 3.09293457512e-09, 1.01374486583e-09, 3.36171895876e-10],
        "median": [5.6954643668e-08, 8.55023571944e-08, 1.78563254849e-07, 3.54938464397e-07, 4.41107317783e-07, 8.13501856101e-07, 1.56615772084e-06, 1.87982834632e-06, 1.14394140383e-06, 4.19321651179e-07, 4.78931099224e-07, 2.12898754626e-07, 2.34735423987e-07, 7.03899104337e-07, 4.70666975616e-07, 1.24331563711e-07, 6.10501800224e-08, 4.03984898867e-08, 2.20919780247e-08, 2.60879708947e-08, 4.38233165312e-08, 4.99919536878e-08, 4.86653632947e-08, 3.99716135746e-08, 1.3330359927e-08, 8.94559093467e-09, 4.22984980375e-09, 3.28216498424e-09, 2.02358130252e-09, 1.02400132818e-09, 5.99672589363e-10, 4.52175380472e-10, 2.72008943147e-10, 1.93670385285e-10, 1.34759134407e-10, 9.7295838053e-11, 7.38049829585e-11, 6.15504452961e-11, 4.58691036542e-11, 2.28749207076e-11],
        "min": [3.2462819342e-15, 2.45905141884e-15, 1.45471958284e-15, 6.57385340858e-16, 3.73300972382e-16, 5.30297152727e-16, 7.05810108574e-16, 5.79838521625e-16, 3.10139975437e-16, 2.04111699822e-16, 1.84908562935e-16, 8.71261927664e-17, 1.42700130315e-16, 3.10492288203e-16, 1.76176341463e-16, 6.96832366661e-17, 2.12739087732e-16, 1.79325133505e-16, 1.02510309557e-16, 9.98471320916e-17, 1.07497540289e-16, 1.06590745196e-16, 2.50119961948e-17, 3.14731039595e-17, 1.70099118295e-16, 1.23817793922e-16, 1.28303084841e-16, 1.00274420509e-16, 7.56701912688e-17, 7.72059678813e-17, 1.47277770986e-17, 1.86149337163e-17, 4.36755764029e-17, 1.03317459164e-16, 8.1698815922e-17, 9.52863692139e-17, 1.30494809061e-16, 1.07095331988e-16, 8.30870764527e-17, 2.42720149772e-16],
        "stdev": [5.12097039973e-06, 6.65925199428e-07, 5.36978063792e-07, 1.68272276824e-06, 4.41479915025e-06, 6.78129072185e-05, 0.000611822702922, 0.00243805162609, 0.00250047305599, 0.000242518246523, 0.000127405161038, 1.6391320969e-05, 1.01030982478e-05, 4.00356730097e-05, 3.30299626512e-05, 8.10513211036e-06, 5.52129631615e-06, 1.37179517878e-06, 2.63879968543e-07, 2.67762175099e-07, 8.44991802751e-07, 9.96569951894e-07, 6.72752889841e-07, 7.45680210912e-07, 3.89742893958e-07, 1.10675919984e-07, 2.93606277069e-08, 8.54829096397e-08, 9.47138403262e-08, 3.56918690159e-08, 2.7543578085e-08, 7.8425280492e-08, 3.50178090969e-08, 9.82408465688e-08, 7.48642037252e-08, 3.54762583754e-08, 1.35102995458e-08, 1.39429001678e-08, 4.26627222438e-09, 1.24992505235e-09],
