{
"lowlevel": {
    "average_loudness": 0.99068403244,
    "barkbands_crest": {
        "dmean": 1.54305362701,
        "dmean2": 2.47581982613,
        "dvar": 1.23034238815,
        "dvar2": 3.11008191109,
        "max": 9.41967105865,
        "mean": 5.58871364594,
        "median": 5.27398300171,
        "min": 2.95960330963,
        "stdev": 1.52157115936,
        "var": 2.31517863274
    },
    "barkbands_flatness_db": {
        "dmean": 0.0195628367364,
        "dmean2": 0.0322259142995,
        "dvar": 0.000351986120222,
        "dvar2": 0.000969988119323,
        "max": 0.14518378675,
        "mean": 0.0826722383499,
        "median": 0.0825288146734,
        "min": 0.0435076951981,
        "stdev": 0.0226182695478,
        "var": 0.000511586084031
    },
    "barkbands_kurtosis": {
        "dmean": 1.42854821682,
        "dmean2": 2.64800071716,
        "dvar": 4.1607003212,
        "dvar2": 11.207034111,
        "max": 7.55892181396,
        "mean": -0.528985381126,
        "median": -1.20615673065,
        "min": -1.69107854366,
        "stdev": 1.72662866116,
        "var": 2.98124670982
    },
    "barkbands_skewness": {
        "dmean": 0.680017590523,
        "dmean2": 1.0437810421,
        "dvar": 0.341964513063,
        "dvar2": 0.882390201092,
        "max": 2.75538682938,
        "mean": 0.26143437624,
        "median": 0.377842664719,
        "min": -1.57076859474,
        "stdev": 0.803391516209,
        "var": 0.645437955856
    },
    "barkbands_spread": {
        "dmean": 12.2907447815,
        "dmean2": 21.6296234131,
        "dvar": 182.215652466,
        "dvar2": 482.904083252,
        "max": 112.300315857,
        "mean": 40.9304389954,
        "median": 37.9164161682,
        "min": 13.4779253006,
        "stdev": 17.8852558136,
        "var": 319.882354736
    },
    "dissonance": {
        "dmean": 0.00889214593917,
        "dmean2": 0.0148610472679,
        "dvar": 0.000100674369605,
        "dvar2": 0.000245506031206,
        "max": 0.500000119209,
        "mean": 0.489192187786,
        "median": 0.49447491765,
        "min": 0.422947704792,
        "stdev": 0.0161911938339,
        "var": 0.000262154761003
    },
    "dynamic_complexity": 4.06364250183,
    "erbbands_crest": {
        "dmean": 2.57065916061,
        "dmean2": 4.33325910568,
        "dvar": 3.65867495537,
        "dvar2": 10.1118383408,
        "max": 12.1006937027,
        "mean": 7.0916724205,
        "median": 6.69955539703,
        "min": 2.51163077354,
        "stdev": 2.5225918293,
        "var": 6.36346912384
    },
    "erbbands_flatness_db": {
        "dmean": 0.0213821828365,
        "dmean2": 0.0359469018877,
        "dvar": 0.000335512129823,
        "dvar2": 0.000722457538359,
        "max": 0.21448327601,
        "mean": 0.155738204718,
        "median": 0.163430213928,
        "min": 0.072202578187,
        "stdev": 0.0311070177704,
        "var": 0.000967646599747
    },
    "erbbands_kurtosis": {
        "dmean": 1.11501395702,
        "dmean2": 1.87066292763,
        "dvar": 1.88675785065,
        "dvar2": 4.04977178574,
        "max": 7.06494998932,
        "mean": 0.738399446011,
        "median": 0.0508326292038,
        "min": -1.27118802071,
        "stdev": 1.83560264111,
        "var": 3.36943697929
    },
    "erbbands_skewness": {
        "dmean": 0.525491774082,
        "dmean2": 0.859856665134,
        "dvar": 0.244182556868,
        "dvar2": 0.607077538967,
        "max": 1.08054411411,
        "mean": -0.746860682964,
        "median": -0.805372059345,
        "min": -2.09383630753,
        "stdev": 0.769685089588,
        "var": 0.592415094376
    },
    "erbbands_spread": {
        "dmean": 10.2111158371,
        "dmean2": 15.6158847809,
        "dvar": 66.6225357056,
        "dvar2": 176.443389893,
        "max": 69.9762268066,
        "mean": 35.7957191467,
        "median": 37.9435577393,
        "min": 13.1932439804,
        "stdev": 11.8250780106,
        "var": 139.832473755
    },
    "hfc": {
        "dmean": 14.4899930954,
        "dmean2": 23.6612071991,
        "dvar": 332.027679443,
        "dvar2": 793.137573242,
        "max": 88.6511459351,
        "mean": 18.125837326,
        "median": 14.1300315857,
        "min": 5.71918974401e-07,
        "stdev": 20.9568519592,
        "var": 439.18963623
    },
    "loudness_ebu128": {
        "integrated": -12.0125465393,
        "loudness_range": 0,
        "momentary": {
            "dmean": 0.952831625938,
            "dmean2": 1.07854127884,
            "dvar": 0.269460141659,
            "dvar2": 0.444502264261,
            "max": -10.9166202545,
            "mean": -12.1695184708,
            "median": -11.5978126526,
            "min": -14.5212316513,
            "stdev": 1.2257951498,
            "var": 1.50257384777
        },
        "short_term": {
            "dmean": 0,
            "dmean2": 0,
            "dvar": 0,
            "dvar2": 0,
            "max": -17.9214229584,
            "mean": -17.9214229584,
            "median": -17.9214229584,
            "min": -17.9214229584,
            "stdev": 0,
            "var": 0
        }
    },
    "melbands_crest": {
        "dmean": 2.10856366158,
        "dmean2": 3.51602005959,
        "dvar": 4.41990995407,
        "dvar2": 11.8927717209,
        "max": 17.1246528625,
        "mean": 7.76932764053,
        "median": 7.25520372391,
        "min": 4.11248445511,
        "stdev": 2.57071971893,
        "var": 6.60859966278
    },
    "melbands_flatness_db": {
        "dmean": 0.0289223399013,
        "dmean2": 0.0446022041142,
        "dvar": 0.0007741250447,
        "dvar2": 0.00215806299821,
        "max": 0.200069189072,
        "mean": 0.106857553124,
        "median": 0.103095449507,
        "min": 0.024867258966,
        "stdev": 0.0367480963469,
        "var": 0.00135042262264
    },
    "melbands_kurtosis": {
        "dmean": 4.04798078537,
        "dmean2": 7.10525512695,
        "dvar": 41.8502616882,
        "dvar2": 115.072731018,
        "max": 33.3779296875,
        "mean": 2.55266904831,
        "median": 1.67993879318,
        "min": -1.61310327053,
        "stdev": 5.71813344955,
        "var": 32.6970481873
    },
    "melbands_skewness": {
        "dmean": 0.743090033531,
        "dmean2": 1.21323382854,
        "dvar": 0.543583869934,
        "dvar2": 1.35105717182,
        "max": 5.12375211716,
        "mean": 1.4764393568,
        "median": 1.33752346039,
        "min": -0.216688215733,
        "stdev": 0.918769299984,
        "var": 0.844137072563
    },
    "melbands_spread": {
        "dmean": 21.276884079,
        "dmean2": 32.289680481,
        "dvar": 362.806915283,
        "dvar2": 884.983459473,
        "max": 153.677368164,
        "mean": 60.2565307617,
        "median": 56.5296630859,
        "min": 10.900053978,
        "stdev": 29.9371547699,
        "var": 896.233276367
    },
    "pitch_salience": {
        "dmean": 0.0721909701824,
        "dmean2": 0.124918423593,
        "dvar": 0.00275473156944,
        "dvar2": 0.00720019079745,
        "max": 0.95545989275,
        "mean": 0.827828586102,
        "median": 0.845121264458,
        "min": 0.596172988415,
        "stdev": 0.0867048725486,
        "var": 0.00751773500815
    },
    "silence_rate_20dB": {
        "dmean": 0,
        "dmean2": 0,
        "dvar": 0,
        "dvar2": 0,
        "max": 1,
        "mean": 1,
        "median": 1,
        "min": 1,
        "stdev": 0,
        "var": 0
    },
    "silence_rate_30dB": {
        "dmean": 0,
        "dmean2": 0,
        "dvar": 0,
        "dvar2": 0,
        "max": 1,
        "mean": 1,
        "median": 1,
        "min": 1,
        "stdev": 0,
        "var": 0
    },
    "silence_rate_60dB": {
        "dmean": 0.102564103901,
        "dmean2": 0.210526317358,
        "dvar": 0.0920447334647,
        "dvar2": 0.166205003858,
        "max": 1,
        "mean": 0.34999999404,
        "median": 0,
        "min": 0,
        "stdev": 0.476969569921,
        "var": 0.227499961853
    },
    "spectral_centroid": {
        "dmean": 576.7265625,
        "dmean2": 891.79901123,
        "dvar": 253013.96875,
        "dvar2": 675854.25,
        "max": 3700.77490234,
        "mean": 2433.05126953,
        "median": 2400.83618164,
        "min": 825.45501709,
        "stdev": 702.399780273,
        "var": 493365.4375
    },
    "spectral_complexity": {
        "dmean": 9.5897436142,
        "dmean2": 15.8421049118,
        "dvar": 202.498382568,
        "dvar2": 315.238250732,
        "max": 69,
        "mean": 25.875,
        "median": 28,
        "min": 0,
        "stdev": 24.1082839966,
        "var": 581.209350586
    },
    "spectral_decrease": {
        "dmean": 1.26272525769e-09,
        "dmean2": 2.1435730968e-09,
        "dvar": 4.05781100909e-18,
        "dvar2": 8.02322263503e-18,
        "max": -4.60128893746e-18,
        "mean": -2.70997335683e-09,
        "median": -2.70955080595e-09,
        "min": -8.7078673161e-09,
        "stdev": 2.65737987171e-09,
        "var": 7.06166818633e-18
    },
    "spectral_energy": {
        "dmean": 0.00602456415072,
        "dmean2": 0.0100585026667,
        "dvar": 7.93655271991e-05,
        "dvar2": 0.000158155351528,
        "max": 0.0398348532617,
        "mean": 0.0118721183389,
        "median": 0.0118139591068,
        "min": 6.92410226377e-11,
        "stdev": 0.0117252999917,
        "var": 0.000137482667924
    },
    "spectral_energyband_high": {
        "dmean": 0.000641544233076,
        "dmean2": 0.00110442738514,
        "dvar": 1.02820217762e-06,
        "dvar2": 2.38682514464e-06,
        "max": 0.00572373764589,
        "mean": 0.000662039150484,
        "median": 0.000291250209557,
        "min": 3.82579766478e-11,
        "stdev": 0.00105088343844,
        "var": 1.10435598799e-06
    },
    "spectral_energyband_low": {
        "dmean": 0.000706205551978,
        "dmean2": 0.00104401668068,
        "dvar": 7.34042828299e-07,
        "dvar2": 1.5160037492e-06,
        "max": 0.00482315989211,
        "mean": 0.00136875966564,
        "median": 0.00112743815407,
        "min": 8.09207562069e-12,
        "stdev": 0.00141603022348,
        "var": 2.00514159587e-06
    },
    "spectral_energyband_middle_high": {
        "dmean": 0.00396436732262,
        "dmean2": 0.00624783849344,
        "dvar": 2.00530394068e-05,
        "dvar2": 5.03025694343e-05,
        "max": 0.0207517929375,
        "mean": 0.00502518564463,
        "median": 0.00382567825727,
        "min": 1.20546628235e-11,
        "stdev": 0.00552085926756,
        "var": 3.04798886646e-05
    },
    "spectral_energyband_middle_low": {
        "dmean": 0.00261721457355,
        "dmean2": 0.00441182777286,
        "dvar": 1.83012962225e-05,
        "dvar2": 4.45372606919e-05,
        "max": 0.0232894662768,
        "mean": 0.00519196782261,
        "median": 0.00373740820214,
        "min": 1.37887368624e-12,
        "stdev": 0.0054681757465,
        "var": 2.99009461742e-05
    },
    "spectral_entropy": {
        "dmean": 0.123318254948,
        "dmean2": 0.204636827111,
        "dvar": 0.0181238632649,
        "dvar2": 0.0397697202861,
        "max": 8.70235347748,
        "mean": 7.94264888763,
        "median": 7.92369651794,
        "min": 7.52494573593,
        "stdev": 0.230028226972,
        "var": 0.0529129877687
    },
    "spectral_flux": {
        "dmean": 0.0265305526555,
        "dmean2": 0.0443148314953,
        "dvar": 0.00129593210295,
        "dvar2": 0.00286397407763,
        "max": 0.180598422885,
        "mean": 0.0605883002281,
        "median": 0.0615648701787,
        "min": 1.84421533049e-05,
        "stdev": 0.0460719168186,
        "var": 0.00212262151763
    },
    "spectral_kurtosis": {
        "dmean": 1.39616525173,
        "dmean2": 2.47527217865,
        "dvar": 1.07546520233,
        "dvar2": 3.50778198242,
        "max": 6.31812763214,
        "mean": 2.87027573586,
        "median": 2.76412081718,
        "min": 0.461464166641,
        "stdev": 1.36682486534,
        "var": 1.86821007729
    },
    "spectral_rms": {
        "dmean": 0.000927019573282,
        "dmean2": 0.00154132745229,
        "dvar": 1.58789509896e-06,
        "dvar2": 2.95294807984e-06,
        "max": 0.00623404141515,
        "mean": 0.00271664257161,
        "median": 0.0033938032575,
        "min": 2.59908091493e-07,
        "stdev": 0.00204997789115,
        "var": 4.20240894528e-06
    },
    "spectral_rolloff": {
        "dmean": 1198.12939453,
        "dmean2": 1901.1550293,
        "dvar": 5054325,
        "dvar2": 9455385,
        "max": 17764.8925781,
        "mean": 3780.15356445,
        "median": 3229.98046875,
        "min": 301.46484375,
        "stdev": 3161.15917969,
        "var": 9992928
    },
    "spectral_skewness": {
        "dmean": 0.265212088823,
        "dmean2": 0.431211680174,
        "dvar": 0.0499631538987,
        "dvar2": 0.12808676064,
        "max": 1.74037361145,
        "mean": 1.00994420052,
        "median": 0.980479478836,
        "min": 0.155048877001,
        "stdev": 0.325339347124,
        "var": 0.105845689774
    },
    "spectral_spread": {
        "dmean": 666824.5,
        "dmean2": 1017472.75,
        "dvar": 631050731520,
        "dvar2": 1.07913569894e+12,
        "max": 9369162,
        "mean": 3817165.5,
        "median": 3369225.5,
        "min": 2324042.25,
        "stdev": 1505384.375,
        "var": 2.26618218906e+12
    },
    "spectral_strongpeak": {
        "dmean": 0.178756475449,
        "dmean2": 0.328222006559,
        "dvar": 0.0441781468689,
        "dvar2": 0.139142513275,
        "max": 0.908048868179,
        "mean": 0.195676460862,
        "median": 0.107329145074,
        "min": 0,
        "stdev": 0.228333219886,
        "var": 0.0521360561252
    },
    "zerocrossingrate": {
        "dmean": 0.0248647835106,
        "dmean2": 0.0271510072052,
        "dvar": 0.0017029736191,
        "dvar2": 0.00133387092501,
        "max": 0.4697265625,
        "mean": 0.111596681178,
        "median": 0.096435546875,
        "min": 0.05810546875,
        "stdev": 0.0641815885901,
        "var": 0.00411927653477
    },
    "barkbands": {
        "dmean": [0.000173900931259, 0.000231840545894, 0.000391603214666, 0.000458796479506, 0.00100633001421, 0.000615503638983, 0.000305091467453, 0.000306188885588, 0.000392556103179, 0.000345716747688, 0.000197608751478, 0.000174781802343, 0.000158250259119, 0.000156511217938, 0.000134948801133, 0.000297325634165, 0.000794034800492, 0.00102591235191, 0.00085134775145, 0.00076863222057, 0.000126574785099, 0.000108402738988, 5.14970161021e-05, 0.000100785946415, 2.90818934445e-05, 6.87712599756e-06, 1.80757496082e-07],
        "dmean2": [0.000341234146617, 0.000405265222071, 0.000647517852485, 0.000749962113332, 0.00163865054492, 0.000986466999166, 0.000560978718568, 0.00056247547036, 0.000677580654155, 0.000615264754742, 0.000331271759933, 0.000328413967509, 0.000310330709908, 0.000264512462309, 0.000249761709711, 0.000509599107318, 0.00135444104671, 0.00190650217701, 0.00154014513828, 0.00148811726831, 0.000232535952819, 0.000183878146345, 8.32222649478e-05, 0.000172045794898, 5.55081496714e-05, 1.28840110847e-05, 3.27888841412e-07],
        "dvar": [1.65550858355e-07, 8.42884233521e-08, 3.17619367252e-07, 4.19417347075e-07, 1.61563627898e-06, 4.71223984277e-07, 3.26289864461e-07, 6.32565786418e-07, 8.66064510774e-07, 5.82238158131e-07, 1.19146484678e-07, 5.60435431396e-08, 7.90769405512e-08, 8.49866239605e-08, 3.24955138353e-08, 1.40165226981e-07, 1.0465506648e-06, 1.71111526015e-06, 1.77410845481e-06, 2.13639486901e-06, 2.96466584615e-08, 1.55141748337e-08, 6.96329927052e-09, 3.80838613978e-08, 2.93545077135e-09, 2.11213740942e-10, 1.08982159235e-13],
        "dvar2": [4.7950214821e-07, 1.73666236947e-07, 5.01398119468e-07, 1.1435874967e-06, 3.10754967359e-06, 1.14963677333e-06, 9.19931665067e-07, 1.8589668116e-06, 2.31317494581e-06, 1.61053651482e-06, 2.82747549818e-07, 1.67950972241e-07, 2.0715822302e-07, 1.92746540506e-07, 7.46927710793e-08, 3.61406449656e-07, 2.57056399278e-06, 4.38728056906e-06, 4.65287394036e-06, 5.82622215006e-06, 6.16157436184e-08, 3.0134000184e-08, 1.3297081658e-08, 7.28100459924e-08, 7.85036657902e-09, 5.8963278704e-10, 2.11448819066e-13],
        "max": [0.0017598583363, 0.00204750755802, 0.00289086787961, 0.00304513424635, 0.00757311517373, 0.0037573040463, 0.00297541730106, 0.00386481173337, 0.00497761368752, 0.00400172453374, 0.00193471927196, 0.00112861779053, 0.00113218207844, 0.00159492914099, 0.00079943559831, 0.00169172196183, 0.00412790291011, 0.00530887115747, 0.00589025719091, 0.00713799195364, 0.000737288268283, 0.00055870146025, 0.000504665658809, 0.0010266979225, 0.000221967275138, 5.56731683901e-05, 1.33191815621e-06],
        "mean": [0.000108190193714, 0.000340736529324, 0.000628414913081, 0.00067950313678, 0.00208368478343, 0.00107705534901, 0.000411021348555, 0.00033961146255, 0.000469819002319, 0.000400799326599, 0.000260394794168, 0.000216638465645, 0.000205346543225, 0.000169023231138, 0.000193690269953, 0.000365468906239, 0.00087738072034, 0.00106852012686, 0.000889416958671, 0.000624855747446, 0.000145073019667, 0.000123885227367, 6.75251430948e-05, 9.91505221464e-05, 2.24823579629e-05, 4.26769656769e-06, 1.52477653614e-07],
        "median": [2.0777402824e-05, 0.000134111091029, 0.000334778334945, 0.000505122006871, 0.00141855166294, 0.000850774988066, 0.00031202158425, 0.000238656561123, 0.00029948662268, 0.000246294483077, 0.000193441373995, 0.000120561591757, 0.000102196878288, 8.85440094862e-05, 0.000170584811713, 0.000202646115213, 0.000310031929985, 0.000329308561049, 0.000300821673591, 0.000147490543895, 6.85906634317e-05, 5.01041504322e-05, 3.62021710316e-05, 2.4544147891e-05, 3.52409483639e-06, 4.81913446038e-07, 1.80788823911e-08],
        "min": [1.02469473878e-11, 3.2498830016e-12, 2.20446572238e-13, 2.01467789391e-13, 5.84859526261e-13, 1.0912416939e-13, 3.40082000375e-14, 7.58192201513e-14, 2.28137387454e-13, 3.8365296183e-13, 2.34847216543e-13, 1.3450178471e-13, 5.78199814416e-13, 7.51151799181e-13, 2.04924163576e-12, 2.78136086211e-12, 7.19211962121e-13, 1.06510373438e-12, 2.03379197164e-12, 2.5346588977e-12, 3.26861736462e-12, 3.3451427392e-12, 2.30812157581e-12, 3.12106937517e-12, 4.76835324698e-12, 9.50772446884e-12, 1.1950306196e-11],
        "stdev": [0.000306424684823, 0.000459662085632, 0.000757752859499, 0.000752476451453, 0.00221834285185, 0.00112929160241, 0.000550238066353, 0.000631081697065, 0.000815831648652, 0.000661640660837, 0.000364003324648, 0.000259098305833, 0.000278628867818, 0.000292047887342, 0.000215552092413, 0.000450109946541, 0.0011695047142, 0.0014405886177, 0.00127511075698, 0.00126528984401, 0.000180638351594, 0.000159258575877, 9.71700719674e-05, 0.000209520090721, 4.66647470603e-05, 1.16099381557e-05, 3.35559292353e-07],
        "var": [9.38960909025e-08, 2.11289233221e-07, 5.74189357394e-07, 5.66220819564e-07, 4.92104481964e-06, 1.27529960992e-06, 3.02761947069e-07, 3.98264091928e-07, 6.65581296744e-07, 4.37768363781e-07, 1.32498414018e-07, 6.71319355661e-08, 7.76340485231e-08, 8.52919725958e-08, 4.64627021302e-08, 2.02598954502e-07, 1.36774121984e-06, 2.07529569707e-06, 1.62590754371e-06, 1.60095839874e-06, 3.26302149745e-08, 2.53632954639e-08, 9.44202316333e-09, 4.38986695883e-08, 2.17759854593e-09, 1.34790664741e-10, 1.12600033464e-13]
    },
    "erbbands": {
        "dmean": [0.00672956835479, 0.0597867704928, 0.354058772326, 0.872442364693, 2.25252914429, 3.94217181206, 5.1197309494, 4.24351549149, 3.93544507027, 5.57645273209, 6.79966783524, 8.93704032898, 10.6083641052, 9.40075683594, 7.81550073624, 6.26712608337, 7.11024808884, 7.28767824173, 7.13173246384, 9.239610672, 20.5258655548, 46.9740562439, 57.7945976257, 42.0771255493, 49.1030540466, 37.4847793579, 7.45648431778, 5.06096792221, 3.53207945824, 3.55589461327, 1.43904423714, 2.21621346474, 1.64376676083, 0.374566018581, 0.190851375461, 0.0446419604123, 0.0102595053613, 0.00109637179412, 5.17219596077e-05, 1.21760485854e-05],
        "dmean2": [0.012004904449, 0.106982685626, 0.580837666988, 1.32975411415, 3.72398900986, 6.65689706802, 8.47643947601, 7.29301691055, 7.46457862854, 10.2359924316, 12.2375249863, 15.8395032883, 18.3431224823, 17.2646331787, 13.5057792664, 12.0980844498, 13.9632825851, 12.5575876236, 11.8147888184, 15.5741415024, 34.7158241272, 80.8016891479, 105.329742432, 73.8788223267, 91.7073287964, 73.5956497192, 12.8073396683, 9.52484226227, 5.96794557571, 5.67069149017, 2.42939019203, 3.72539639473, 2.79947710037, 0.711898863316, 0.342333436012, 0.0847894698381, 0.0186989568174, 0.00205406616442, 8.91501986189e-05, 2.01455404749e-05],
        "dvar": [7.40023460821e-05, 0.00588740129024, 0.276549696922, 1.39401948452, 7.0457034111, 27.7873344421, 34.9542312622, 29.7492389679, 45.6175804138, 167.281784058, 314.422729492, 475.847717285, 553.496582031, 481.481811523, 154.780029297, 71.4622802734, 153.074493408, 187.652862549, 122.047798157, 189.214324951, 676.733154297, 3572.62548828, 5286.4453125, 4113.18017578, 6746.47265625, 5999.14306641, 114.385803223, 44.3869018555, 13.9795341492, 21.2898979187, 5.87423419952, 22.560213089, 8.49206829071, 0.409692555666, 0.193163499236, 0.00827279035002, 0.000493153056595, 6.41682072455e-06, 7.30750215894e-09, 2.9538513302e-10],
        "dvar2": [0.000193532148842, 0.0109135331586, 0.514820277691, 3.05257177353, 14.8385763168, 53.70936203, 69.1838607788, 69.3031463623, 119.330154419, 489.914886475, 902.708862305, 1330.9473877, 1515.12353516, 1272.07458496, 353.273712158, 200.171463013, 405.343078613, 446.794708252, 292.471832275, 520.184814453, 1657.93444824, 8738.15429688, 14535.5234375, 10364.2539062, 17722.6191406, 16883.3632812, 248.86618042, 88.8696899414, 23.2934570312, 40.5508918762, 13.783531189, 56.0263557434, 16.5396118164, 1.00669574738, 0.523361444473, 0.0220229309052, 0.00134346913546, 1.81706036528e-05, 1.7518823725e-08, 5.81066916805e-10],
        "max": [0.042996417731, 0.514050245285, 2.92199850082, 5.9265499115, 13.7393093109, 33.1496772766, 33.6442489624, 24.316865921, 34.0394935608, 65.7849884033, 89.0628967285, 113.098274231, 123.031890869, 117.812828064, 69.2415008545, 42.4168357849, 50.5865783691, 74.2774353027, 60.5178947449, 69.8858718872, 130.459228516, 244.261245728, 265.033782959, 278.156738281, 360.111663818, 391.788421631, 58.5517082214, 26.159330368, 17.9917125702, 24.0727863312, 12.7914915085, 25.7663192749, 14.5355072021, 2.28458809853, 1.94363844395, 0.355535030365, 0.0995515808463, 0.0102648502216, 0.000358850171324, 8.81863961695e-05],
        "mean": [0.00817717891186, 0.0907637923956, 0.533990740776, 1.78761446476, 3.89253425598, 7.78141689301, 10.0755376816, 7.81259679794, 5.94710826874, 6.51361751556, 7.87413311005, 10.5436220169, 12.536699295, 11.8031520844, 10.6208581924, 8.7408657074, 9.36148452759, 8.45779705048, 9.26176738739, 12.8313245773, 25.2843093872, 51.571937561, 57.7079162598, 50.1069335938, 44.9092063904, 29.9528923035, 7.584025383, 5.75452041626, 4.1066942215, 3.86381840706, 1.66504895687, 1.95344614983, 1.51915431023, 0.324594527483, 0.146808028221, 0.0301667954773, 0.00675526773557, 0.000713450252078, 4.50856132375e-05, 1.90458595171e-05],
        "median": [0.00369398249313, 0.0443702340126, 0.309544801712, 1.19283986092, 2.95756912231, 4.70901918411, 6.57778263092, 6.31421375275, 4.75896072388, 4.64368438721, 5.59026145935, 6.61156463623, 8.13132286072, 7.90068340302, 7.13927936554, 4.956387043, 4.79535675049, 5.33285903931, 6.76600074768, 9.16552257538, 14.0575218201, 16.9765014648, 17.6345977783, 17.158657074, 11.5151529312, 7.58752155304, 3.18562269211, 2.7344288826, 1.33128833771, 1.41203725338, 0.715365409851, 0.527549147606, 0.387300014496, 0.0832798331976, 0.00687042437494, 0.00220657978207, 0.000796834006906, 9.96236631181e-05, 1.29347008624e-05, 1.66550380527e-05],
        "min": [2.25999108316e-10, 3.20994536507e-10, 2.89623575123e-10, 4.87949181061e-10, 1.38310729536e-09, 2.13281659001e-09, 1.23626986426e-09, 9.3132279666e-10, 5.08287523182e-10, 5.43180722623e-10, 2.62245758442e-09, 5.4266782179e-09, 1.2060350052e-08, 9.48679357293e-09, 8.74999539491e-09, 5.6831845896e-09, 2.28834196037e-08, 3.8361775978e-08, 1.06465925853e-07, 7.64281224974e-08, 1.63046465218e-07, 3.60360878915e-08, 6.78640361684e-08, 1.02081344266e-07, 8.49386196933e-08, 1.18072080113e-07, 1.41730822634e-07, 1.10130535802e-07, 1.48544899048e-07, 8.51825703307e-08, 6.23182714321e-08, 8.41754115299e-08, 4.01530364513e-08, 4.77707509106e-08, 3.71760755513e-08, 3.46687230035e-08, 1.56855239908e-08, 5.53475887344e-09, 1.60108448721e-09, 2.01707373026e-10],
        "stdev": [0.0113276634365, 0.116789162159, 0.649064183235, 1.86432111263, 4.05361509323, 8.52990818024, 10.7090902328, 7.93043470383, 7.0189614296, 10.9577598572, 14.4341459274, 18.2957553864, 20.6520862579, 19.4097290039, 14.0250558853, 9.9666223526, 12.2234067917, 13.707701683, 11.8714771271, 15.4852294922, 31.7779521942, 68.3724822998, 77.6490325928, 68.7166900635, 73.3924789429, 65.050201416, 11.2666025162, 7.21902751923, 5.16280555725, 5.58274841309, 2.63004279137, 4.49745988846, 3.08432841301, 0.599098682404, 0.374708652496, 0.0750543996692, 0.0185301452875, 0.0020088062156, 8.29443015391e-05, 2.10940852412e-05],
        "var": [0.00012831595086, 0.0136397089809, 0.421284288168, 3.47569322586, 16.4317970276, 72.7593307495, 114.684616089, 62.8917922974, 49.2658195496, 120.072509766, 208.344558716, 334.734680176, 426.508636475, 376.737579346, 196.702194214, 99.3335647583, 149.411682129, 187.901077271, 140.931976318, 239.792327881, 1009.8381958, 4674.79638672, 6029.37255859, 4721.98388672, 5386.45556641, 4231.52832031, 126.936325073, 52.1143608093, 26.6545619965, 31.1670799255, 6.91712474823, 20.2271442413, 9.5130815506, 0.358919262886, 0.140406578779, 0.00563316326588, 0.000343366293237, 4.0353024815e-06, 6.87975765246e-09, 4.44960457369e-10]
    },
    "gfcc": {
        "mean": [-125.152915955, 75.3667602539, -145.322982788, 55.0329208374, -66.0294113159, 7.25231647491, -40.3586807251, 6.73172903061, -25.2320022583, -13.1999006271, -10.639175415, -3.60197257996, -5.49099493027],
        "cov": [[64343.1328125, 8474.87890625, -3279.1574707, 1971.22277832, -1746.76086426, -1963.86975098, -1549.6550293, 37.24634552, -1152.96740723, -1619.6307373, 510.048583984, -131.246002197, -518.305419922], [8474.87890625, 2022.35131836, -500.253997803, 292.44430542, -324.712646484, -110.213531494, -147.990631104, -70.4266281128, 61.9442596436, -264.283843994, 68.6600723267, -50.6010475159, 24.3208446503], [-3279.1574707, -500.253997803, 464.334747314, -139.630111694, 132.143295288, 119.664787292, 51.1127967834, 59.2663650513, 50.6881713867, 132.50617981, -98.555015564, 34.533493042, 10.9665870667], [1971.22277832, 292.44430542, -139.630111694, 280.227600098, -61.3654594421, -51.3664779663, -39.565071106, -6.94136095047, -63.2590255737, -49.3030548096, 47.4942588806, -61.1721382141, -5.04385757446], [-1746.76086426, -324.712646484, 132.143295288, -61.3654594421, 177.858230591, -16.0298423767, 51.3172874451, 10.6476278305, 26.6029186249, 19.1453037262, -28.0562705994, 19.575378418, 6.77009868622], [-1963.86975098, -110.213531494, 119.664787292, -51.3664779663, -16.0298423767, 207.639266968, 66.412147522, 33.7341461182, 56.364276886, 70.624671936, -28.4386329651, -19.5349273682, 44.2015647888], [-1549.6550293, -147.990631104, 51.1127967834, -39.565071106, 51.3172874451, 66.412147522, 103.396659851, 0.651208162308, 40.6563606262, 21.6873645782, -9.01099300385, -12.9025917053, 24.4193687439], [37.24634552, -70.4266281128, 59.2663650513, -6.94136095047, 10.6476278305, 33.7341461182, 0.651208162308, 84.4143371582, -4.1031036377, 23.6066589355, -26.7396717072, 21.2289829254, -4.90286111832], [-1152.96740723, 61.9442596436, 50.6881713867, -63.2590255737, 26.6029186249, 56.364276886, 40.6563606262, -4.1031036377, 138.716064453, 7.30692958832, -24.1841468811, 14.7962665558, 38.7234954834], [-1619.6307373, -264.283843994, 132.50617981, -49.3030548096, 19.1453037262, 70.624671936, 21.6873645782, 23.6066589355, 7.30692958832, 112.205589294, -21.8107662201, 2.80694484711, 5.32983922958], [510.048583984, 68.6600723267, -98.555015564, 47.4942588806, -28.0562705994, -28.4386329651, -9.01099300385, -26.7396717072, -24.1841468811, -21.8107662201, 67.8612442017, -19.8884963989, -1.47895622253], [-131.246002197, -50.6010475159, 34.533493042, -61.1721382141, 19.575378418, -19.5349273682, -12.9025917053, 21.2289829254, 14.7962665558, 2.80694484711, -19.8884963989, 60.9804763794, -4.58052492142], [-518.305419922, 24.3208446503, 10.9665870667, -5.04385757446, 6.77009868622, 44.2015647888, 24.4193687439, -4.90286111832, 38.7234954834, 5.32983922958, -1.47895622253, -4.58052492142, 35.8033294678]],
        "icov": [[0.000216388943954, -0.000677237461787, 0.000185510725714, 0.000168661266798, 0.00054164417088, 0.00126581126824, 0.000688552274369, -0.00156189268455, 0.00121927668806, 0.000652171787806, 0.000270735967206, 0.000643008155748, -0.000111488283437], [-0.000677237461787, 0.00353420595638, -0.000386115221772, -0.00125413935166, 0.00036028114846, -0.00359999248758, -0.00123556191102, 0.00478632142767, -0.00537851871923, 0.000298058002954, -0.00010403849592, -0.00156517978758, -0.00082043587463], [0.000185510725714, -0.000386115221772, 0.00616643670946, 0.000253237580182, -0.00310969096608, -0.00147582078353, 0.00221258332022, -0.00112385710236, 0.000595205405261, -0.00330886035226, 0.00490396469831, -2.50524644798e-05, 0.00188994011842], [0.000168661266798, -0.00125413935166, 0.000253237580182, 0.00728500308469, 0.000342215818819, 0.00325691513717, 0.00164209329523, -0.00466275960207, 0.00329089863226, 0.000475120847113, -0.0013189362362, 0.00781850516796, -0.00428606476635], [0.00054164417088, 0.00036028114846, -0.00310969096608, 0.000342215818819, 0.0157888904214, 0.0101836286485, -0.00355444173329, -0.00587062304839, 0.000946963438764, 0.00582415098324, 0.00163438112941, 0.00257640704513, -0.00683455448598], [0.00126581126824, -0.00359999248758, -0.00147582078353, 0.00325691513717, 0.0101836286485, 0.0228824485093, -0.00131757790223, -0.0154499625787, 0.00627682264894, 0.000886627356522, 0.0027149154339, 0.0111893294379, -0.0150888990611], [0.000688552274369, -0.00123556191102, 0.00221258332022, 0.00164209329523, -0.00355444173329, -0.00131757790223, 0.02085464634, -0.00463222945109, 0.0012173561845, 0.00353307579644, 0.000648286484648, 0.00711529143155, -0.00310411676764], [-0.00156189268455, 0.00478632142767, -0.00112385710236, -0.00466275960207, -0.00587062304839, -0.0154499625787, -0.00463222945109, 0.0300227608532, -0.00720456149429, -0.00579059123993, 0.00232913624495, -0.0145396059379, 0.00817038211972], [0.00121927668806, -0.00537851871923, 0.000595205405261, 0.00329089863226, 0.000946963438764, 0.00627682264894, 0.0012173561845, -0.00720456149429, 0.0213245619088, 0.00267449743114, 0.00357318250462, 0.000609894632362, -0.0113957328722], [0.000652171787806, 0.000298058002954, -0.00330886035226, 0.000475120847113, 0.00582415098324, 0.000886627356522, 0.00353307579644, -0.00579059123993, 0.00267449743114, 0.0218212623149, -0.000453566928627, 0.00331671745516, -0.000814897939563], [0.000270735967206, -0.00010403849592, 0.00490396469831, -0.0013189362362, 0.00163438112941, 0.0027149154339, 0.000648286484648, 0.00232913624495, 0.00357318250462, -0.000453566928627, 0.0256847795099, 0.00331339961849, -0.00379413599148], [0.000643008155748, -0.00156517978758, -2.50524644798e-05, 0.00781850516796, 0.00257640704513, 0.0111893294379, 0.00711529143155, -0.0145396059379, 0.000609894632362, 0.00331671745516, 0.00331339961849, 0.0339698120952, -0.00633484683931], [-0.000111488283437, -0.00082043587463, 0.00188994011842, -0.00428606476635, -0.00683455448598, -0.0150888990611, -0.00310411676764, 0.00817038211972, -0.0113957328722, -0.000814897939563, -0.00379413599148, -0.00633484683931, 0.0603269077837]]
    },
    "melbands": {
        "dmean": [6.57767232042e-05, 0.0001370163518, 0.000175481967744, 0.000225026204134, 0.000172403859324, 9.4672148407e-05, 6.08327136433e-05, 6.37266275589e-05, 5.67065180803e-05, 5.71124437556e-05, 5.28809869138e-05, 3.90573404729e-05, 2.79195501207e-05, 2.07063731068e-05, 1.5040524886e-05, 1.52648262883e-05, 1.36196013045e-05, 1.20308532132e-05, 1.14364111141e-05, 1.48360286403e-05, 2.63548408839e-05, 4.38225397374e-05, 6.16283723502e-05, 4.53813518106e-05, 3.30758994096e-05, 3.45048283634e-05, 3.54074472853e-05, 2.21050104301e-05, 4.64559070679e-06, 3.13995565193e-06, 3.42729140357e-06, 2.1570692752e-06, 2.08438564187e-06, 2.00843055609e-06, 8.25839265417e-07, 1.15738134809e-06, 1.47366949932e-06, 1.43222371207e-06, 6.18925753315e-07, 2.89383535801e-07],
        "dmean2": [0.000118117794045, 0.000211178819882, 0.000279739877442, 0.000374772498617, 0.000292148411972, 0.000157368107466, 0.000112486093713, 0.000117393370601, 0.000102053891169, 0.00010156796634, 9.17424840736e-05, 7.1711911005e-05, 4.81897623104e-05, 3.84922386729e-05, 2.88861792797e-05, 2.96890411846e-05, 2.367966772e-05, 1.97842964553e-05, 2.06840850296e-05, 2.62500616373e-05, 4.52439417131e-05, 7.49437022023e-05, 0.000108537875349, 8.6168780399e-05, 5.8230056311e-05, 6.47331908112e-05, 6.66984997224e-05, 4.3994270527e-05, 8.15825478639e-06, 5.75757530896e-06, 6.29947908237e-06, 3.62103241969e-06, 3.11024200528e-06, 3.12527413371e-06, 1.44470971009e-06, 2.27515761253e-06, 2.36522032537e-06, 2.4378582566e-06, 1.07720427422e-06, 5.56343763947e-07],
        "dvar": [5.9086748827e-09, 3.31568408285e-08, 6.22269524797e-08, 6.94954849223e-08, 3.86673875141e-08, 1.45619472036e-08, 1.12023714749e-08, 2.31239187798e-08, 2.01428775881e-08, 1.91869435895e-08, 1.34973063837e-08, 8.40365999011e-09, 1.96383931339e-09, 9.61546176015e-10, 4.19976164956e-10, 8.27647006485e-10, 6.69958255539e-10, 4.09979189486e-10, 2.40585940059e-10, 4.6285528188e-10, 1.04603026241e-09, 3.18566595325e-09, 6.24908125246e-09, 3.5104084084e-09, 2.79789347246e-09, 3.1016873514e-09, 3.73808095588e-09, 2.51822229735e-09, 5.00316767182e-11, 1.32124398228e-11, 1.87565397242e-11, 4.29227833831e-12, 7.50394451438e-12, 8.26983620472e-12, 1.61755060301e-12, 6.74396432795e-12, 9.77076926312e-12, 7.40309549774e-12, 9.9087990417e-13, 3.02391737952e-13],
        "dvar2": [1.21906458261e-08, 6.50251692491e-08, 1.39855430348e-07, 1.33593417218e-07, 6.78036613522e-08, 3.56564164861e-08, 2.98240401264e-08, 6.80102161255e-08, 5.59972122005e-08, 5.30808321741e-08, 3.70569566144e-08, 2.26535377124e-08, 4.24499280172e-09, 2.86464718613e-09, 1.01017294529e-09, 2.27327423552e-09, 1.51485779476e-09, 9.96137061726e-10, 5.97228766441e-10, 1.22770449362e-09, 2.49972798017e-09, 7.26227167291e-09, 1.79097412456e-08, 8.7101064139e-09, 7.02573288436e-09, 8.1494588855e-09, 9.69168123532e-09, 7.2598935752e-09, 9.96751917115e-11, 2.8397766777e-11, 4.07705501304e-11, 8.69866938896e-12, 1.76806399382e-11, 1.92811148991e-11, 3.47105829322e-12, 1.89048273563e-11, 2.32051981797e-11, 1.44122899379e-11, 2.39093987664e-12, 8.85251561725e-13],
        "max": [0.000516625936143, 0.00103015790228, 0.00119040650316, 0.00150595861487, 0.0012318197405, 0.000532869773451, 0.000545476388652, 0.000761179428082, 0.000729305495042, 0.000722908647731, 0.000606059504207, 0.000486765347887, 0.000247605174081, 0.000154366789502, 8.17189793452e-05, 0.000122395795188, 0.000141412412631, 0.000111262954306, 7.60071488912e-05, 0.000104335638753, 0.000167049278389, 0.000246333278483, 0.000283287430648, 0.000249490956776, 0.000232101752772, 0.000239179847995, 0.000246675219387, 0.000254937913269, 3.86583269574e-05, 1.33330413519e-05, 1.64257144206e-05, 9.83872632787e-06, 1.43004190249e-05, 1.64499160746e-05, 5.93045024289e-06, 1.2790663277e-05, 1.68588212546e-05, 1.33427702167e-05, 4.61916670247e-06, 2.17561887439e-06],
        "mean": [9.2018963187e-05, 0.000238753782469, 0.000357901706593, 0.000427005201345, 0.0003573463473, 0.000178165500984, 9.00397644727e-05, 7.18826631783e-05, 6.60284786136e-05, 6.7714630859e-05, 6.22880615992e-05, 4.79044683743e-05, 3.67048596672e-05, 2.56925359281e-05, 2.23328715947e-05, 1.86820470844e-05, 1.54377539729e-05, 1.43198385558e-05, 1.59850769705e-05, 1.92581028386e-05, 3.13591590384e-05, 5.09624296683e-05, 5.78343569941e-05, 4.86621938762e-05, 3.97281473852e-05, 3.27645138896e-05, 3.06571237161e-05, 1.67971611518e-05, 4.59692455479e-06, 3.33300658895e-06, 3.38101972375e-06, 2.30313116845e-06, 2.29067836699e-06, 1.98668976736e-06, 9.03882494185e-07, 9.42533461057e-07, 1.29020179429e-06, 1.30338753479e-06, 5.04785248268e-07, 1.9420158992e-07],
        "median": [3.7121510104e-05, 0.00018936995184, 0.000292458687909, 0.000287484872388, 0.000227464974159, 0.000145435769809, 7.16092035873e-05, 4.87746547151e-05, 4.77991343359e-05, 4.38361239503e-05, 3.96587420255e-05, 3.16802761517e-05, 2.62135908997e-05, 1.47362407006e-05, 9.59057251748e-06, 1.0354369806e-05, 9.48411252466e-06, 8.62603337737e-06, 1.4312863641e-05, 1.09732691271e-05, 1.72274194483e-05, 1.95407283172e-05, 1.48583731061e-05, 1.27154380607e-05, 1.4351309801e-05, 9.47599801293e-06, 7.04738204149e-06, 4.8364918257e-06, 2.00019030672e-06, 1.42002613757e-06, 1.39664109611e-06, 6.3925563154e-07, 8.62456545292e-07, 7.04992544343e-07, 3.86112617434e-07, 1.92058138282e-07, 2.57584787278e-07, 2.79694518213e-07, 1.11315159756e-07, 2.82297900611e-08],
        "min": [1.95792904459e-12, 2.17137099317e-13, 1.09422806103e-13, 1.3319069968e-13, 5.50865573317e-14, 1.97835166624e-14, 7.82501826871e-15, 6.92927796237e-15, 2.37262348033e-14, 3.49030598531e-14, 6.13503456479e-14, 3.907427699e-14, 2.87448931574e-14, 1.92187693033e-14, 1.55491871007e-14, 7.29137074069e-14, 6.66368951121e-14, 1.55182819177e-13, 1.30890510561e-13, 1.50047604008e-13, 1.92331149921e-13, 3.99974548111e-14, 2.58679237292e-14, 6.71980781566e-14, 8.8255513737e-14, 6.15311770177e-14, 7.45488198083e-14, 7.65628744214e-14, 8.47484314171e-14, 7.1199631206e-14, 6.52280421516e-14, 8.97521193108e-14, 5.94966716411e-14, 4.41514161928e-14, 3.39960671376e-14, 3.95500520084e-14, 5.52704956184e-14, 2.25973363963e-14, 3.12702337982e-14, 4.42617507045e-14],
        "stdev": [0.000121098695672, 0.000256827421254, 0.000357723271009, 0.000447222380899, 0.000370673689758, 0.000179973809281, 0.000108952946903, 0.000125652979477, 0.000118984447909, 0.000117087307444, 0.000101949430245, 7.96475651441e-05, 4.98438021168e-05, 3.20381077472e-05, 2.56996227108e-05, 2.64586124104e-05, 2.61201166722e-05, 2.05479882425e-05, 1.8425147573e-05, 2.42655078182e-05, 3.98690317525e-05, 6.68911088724e-05, 8.15071471152e-05, 6.56634947518e-05, 5.60132139071e-05, 5.05105308548e-05, 5.52348537894e-05, 4.09599670093e-05, 7.47498916098e-06, 3.96683071813e-06, 4.59810144093e-06, 2.87305215352e-06, 3.23607878272e-06, 3.12199563268e-06, 1.44191551499e-06, 2.10880489249e-06, 3.07084519591e-06, 2.84057273348e-06, 9.4762236813e-07, 4.52592331612e-07],
        "var": [1.46648941879e-08, 6.59603216491e-08, 1.27965932961e-07, 2.0000786094e-07, 1.37398984634e-07, 3.23905737787e-08, 1.18707443875e-08, 1.57886717034e-08, 1.41572993329e-08, 1.37094371411e-08, 1.03936859119e-08, 6.34373487074e-09, 2.48440445993e-09, 1.02644037714e-09, 6.60470567126e-10, 7.00058122582e-10, 6.82260525853e-10, 4.22219814666e-10, 3.39486050382e-10, 5.88814830227e-10, 1.58953983309e-09, 4.47442038976e-09, 6.64341470724e-09, 4.31169500104e-09, 3.13748005354e-09, 2.55131360483e-09, 3.05088887487e-09, 1.67771896376e-09, 5.58754605084e-11, 1.57357460395e-11, 2.11425373736e-11, 8.25442925817e-12, 1.0472205568e-11, 9.74685696736e-12, 2.07912029607e-12, 4.44705773942e-12, 9.43009038912e-12, 8.06885287752e-12, 8.97988172537e-13, 2.04839807226e-13]
    },
    "melbands128": {
