{
"lowlevel": {
    "average_loudness": 0.926463186741,
    "barkbands_crest": {
        "dmean": 1.90951800346,
        "dmean2": 2.87388539314,
        "dvar": 8.86835193634,
        "dvar2": 22.784078598,
        "max": 26.967754364,
        "mean": 20.4745368958,
        "median": 23.4338226318,
        "min": 4.04767036438,
        "stdev": 6.52420902252,
        "var": 42.5653038025
    },
    "barkbands_flatness_db": {
        "dmean": 0.0340427868068,
        "dmean2": 0.042409542948,
        "dvar": 0.00242161517963,
        "dvar2": 0.00365206017159,
        "max": 0.738794207573,
        "mean": 0.485432118177,
        "median": 0.629073023796,
        "min": 0.024714646861,
        "stdev": 0.246846884489,
        "var": 0.0609333850443
    },
    "barkbands_kurtosis": {
        "dmean": 55.2456359863,
        "dmean2": 70.3053970337,
        "dvar": 28848.03125,
        "dvar2": 47139.7773438,
        "max": 1802.24047852,
        "mean": 87.2114028931,
        "median": 19.9881668091,
        "min": -1.42532420158,
        "stdev": 238.373397827,
        "var": 56821.875
    },
    "barkbands_skewness": {
        "dmean": 1.58383226395,
        "dmean2": 2.17441773415,
        "dvar": 9.54251670837,
        "dvar2": 20.388174057,
        "max": 20.1758174896,
        "mean": 4.70797634125,
        "median": 3.77207517624,
        "min": -7.69301795959,
        "stdev": 4.76893568039,
        "var": 22.7427463531
    },
    "barkbands_spread": {
        "dmean": 5.06396818161,
        "dmean2": 8.3153591156,
        "dvar": 119.400741577,
        "dvar2": 229.546539307,
        "max": 68.9702835083,
        "mean": 11.7248191833,
        "median": 2.72607207298,
        "min": 0.0306346975267,
        "stdev": 19.3426513672,
        "var": 374.138183594
    },
    "dissonance": {
        "dmean": 0.0608453564346,
        "dmean2": 0.105337679386,
        "dvar": 0.00458653643727,
        "dvar2": 0.0113663487136,
        "max": 0.499690383673,
        "mean": 0.33464679122,
        "median": 0.323546350002,
        "min": 0.0809952095151,
        "stdev": 0.135755062103,
        "var": 0.0184294376522
    },
    "dynamic_complexity": 22.520647049,
    "erbbands_crest": {
        "dmean": 0.87394118309,
        "dmean2": 1.16476964951,
        "dvar": 3.16867089272,
        "dvar2": 4.59988212585,
        "max": 26.6551628113,
        "mean": 16.7715206146,
        "median": 18.3551025391,
        "min": 2.49829483032,
        "stdev": 9.24558448792,
        "var": 85.4808273315
    },
    "erbbands_flatness_db": {
        "dmean": 0.016415938735,
        "dmean2": 0.0204763542861,
        "dvar": 0.00118399935309,
        "dvar2": 0.00170159479603,
        "max": 0.649642109871,
        "mean": 0.407314628363,
        "median": 0.520886659622,
        "min": 0.0329486764967,
        "stdev": 0.243362560868,
        "var": 0.0592253394425
    },
    "erbbands_kurtosis": {
        "dmean": 3.59277868271,
        "dmean2": 4.00171089172,
        "dvar": 160.601989746,
        "dvar2": 181.971298218,
        "max": 156.054122925,
        "mean": 11.3026342392,
        "median": 0.68234038353,
        "min": -1.29649960995,
        "stdev": 23.4532299042,
        "var": 550.054016113
    },
    "erbbands_skewness": {
        "dmean": 0.346922338009,
        "dmean2": 0.418967962265,
        "dvar": 0.503497183323,
        "dvar2": 0.50374943018,
        "max": 9.21867179871,
        "mean": 1.68349683285,
        "median": 1.05776023865,
        "min": -1.0492464304,
        "stdev": 2.08935117722,
        "var": 4.3653883934
    },
    "erbbands_spread": {
        "dmean": 5.14712619781,
        "dmean2": 7.92431259155,
        "dvar": 148.341781616,
        "dvar2": 287.56918335,
        "max": 135.959747314,
        "mean": 23.8825778961,
        "median": 7.8765501976,
        "min": 0.328915089369,
        "stdev": 33.6998443604,
        "var": 1135.67944336
    },
    "hfc": {
        "dmean": 3.20698189735,
        "dmean2": 3.59680771828,
        "dvar": 83.5285491943,
        "dvar2": 113.239593506,
        "max": 128.971038818,
        "mean": 14.2963600159,
        "median": 4.38241577148,
        "min": 3.9657547859e-06,
        "stdev": 24.657283783,
        "var": 607.981628418
    },
    "loudness_ebu128": {
        "integrated": -17.8589000702,
        "loudness_range": 0,
        "momentary": {
            "dmean": 5.31127357483,
            "dmean2": 3.92984271049,
            "dvar": 150.695861816,
            "dvar2": 129.882278442,
            "max": -14.0144395828,
            "mean": -25.3168182373,
            "median": -21.2102565765,
            "min": -77.8691253662,
            "stdev": 14.6182250977,
            "var": 213.692504883
        },
        "short_term": {
            "dmean": 0,
            "dmean2": 0,
            "dvar": 0,
            "dvar2": 0,
            "max": -20.8471889496,
            "mean": -20.8471889496,
            "median": -20.8471889496,
            "min": -20.8471889496,
            "stdev": 0,
            "var": 0
        }
    },
    "melbands_crest": {
        "dmean": 2.31474328041,
        "dmean2": 3.31968426704,
        "dvar": 14.6731147766,
        "dvar2": 33.529914856,
        "max": 39.7811355591,
        "mean": 26.7648563385,
        "median": 29.5072669983,
        "min": 5.35519886017,
        "stdev": 7.0404715538,
        "var": 49.5682411194
    },
    "melbands_flatness_db": {
        "dmean": 0.031365018338,
        "dmean2": 0.0383034981787,
        "dvar": 0.00223471457139,
        "dvar2": 0.00295929191634,
        "max": 0.750986337662,
        "mean": 0.502221047878,
        "median": 0.587531447411,
        "min": 0.0422483757138,
        "stdev": 0.226211607456,
        "var": 0.0511716902256
    },
    "melbands_kurtosis": {
        "dmean": 59.1931037903,
        "dmean2": 88.334815979,
        "dvar": 39902.4492188,
        "dvar2": 70515.3671875,
        "max": 1478.12097168,
        "mean": 95.3186035156,
        "median": 25.4112644196,
        "min": -0.728474378586,
        "stdev": 242.035919189,
        "var": 58581.3867188
    },
    "melbands_skewness": {
        "dmean": 1.68196892738,
        "dmean2": 2.28150701523,
        "dvar": 18.7895889282,
        "dvar2": 31.0950336456,
        "max": 36.5065498352,
        "mean": 5.46557044983,
        "median": 3.83519983292,
        "min": -4.66012144089,
        "stdev": 6.91909265518,
        "var": 47.873840332
    },
    "melbands_spread": {
        "dmean": 4.20980596542,
        "dmean2": 6.00970458984,
        "dvar": 107.239936829,
        "dvar2": 181.303359985,
        "max": 83.8046875,
        "mean": 12.5309486389,
        "median": 2.32857990265,
        "min": 0.222882434726,
        "stdev": 22.140537262,
        "var": 490.203399658
    },
    "pitch_salience": {
        "dmean": 0.0535270273685,
        "dmean2": 0.0683384761214,
        "dvar": 0.00515812076628,
        "dvar2": 0.0101257814094,
        "max": 0.777548372746,
        "mean": 0.312680453062,
        "median": 0.27222430706,
        "min": 0.0251922365278,
        "stdev": 0.200821012259,
        "var": 0.040329080075
    },
    "silence_rate_20dB": {
        "dmean": 0,
        "dmean2": 0,
        "dvar": 0,
        "dvar2": 0,
        "max": 1,
        "mean": 1,
        "median": 1,
        "min": 1,
        "stdev": 0,
        "var": 0
    },
    "silence_rate_30dB": {
        "dmean": 0,
        "dmean2": 0,
        "dvar": 0,
        "dvar2": 0,
        "max": 1,
        "mean": 1,
        "median": 1,
        "min": 1,
        "stdev": 0,
        "var": 0
    },
    "silence_rate_60dB": {
        "dmean": 0.0210526324809,
        "dmean2": 0.0425531901419,
        "dvar": 0.0206094235182,
        "dvar2": 0.040742430836,
        "max": 1,
        "mean": 0.4375,
        "median": 0,
        "min": 0,
        "stdev": 0.496078372002,
        "var": 0.24609375
    },
    "spectral_centroid": {
        "dmean": 169.531295776,
        "dmean2": 271.080078125,
        "dvar": 101759.273438,
        "dvar2": 201473.109375,
        "max": 3086.63818359,
        "mean": 1401.95556641,
        "median": 958.523132324,
        "min": 716.554748535,
        "stdev": 805.984008789,
        "var": 649610.1875
    },
    "spectral_complexity": {
        "dmean": 0.252631574869,
        "dmean2": 0.425531923771,
        "dvar": 0.799333333969,
        "dvar2": 1.56360268593,
        "max": 10,
        "mean": 1.89583337307,
        "median": 2,
        "min": 0,
        "stdev": 2.13833713531,
        "var": 4.57248544693
    },
    "spectral_decrease": {
        "dmean": 5.59264690114e-10,
        "dmean2": 6.20521689587e-10,
        "dvar": 2.21592401001e-18,
        "dvar2": 3.14916799545e-18,
        "max": -2.07317010137e-15,
        "mean": -3.41975670004e-09,
        "median": -1.49830325924e-09,
        "min": -2.17789981605e-08,
        "stdev": 4.76473749345e-09,
        "var": 2.27027213372e-17
    },
    "spectral_energy": {
        "dmean": 0.00240113842301,
        "dmean2": 0.00266703381203,
        "dvar": 4.13955785916e-05,
        "dvar2": 5.84163462918e-05,
        "max": 0.0938968211412,
        "mean": 0.0142036518082,
        "median": 0.00605243444443,
        "min": 9.43806988118e-09,
        "stdev": 0.0201755687594,
        "var": 0.000407053594245
    },
    "spectral_energyband_high": {
        "dmean": 3.65012419934e-05,
        "dmean2": 5.9853267885e-05,
        "dvar": 2.3473322841e-08,
        "dvar2": 6.00756706604e-08,
        "max": 0.00120082776994,
        "mean": 4.70279082947e-05,
        "median": 1.96811562603e-08,
        "min": 2.13789833059e-10,
        "stdev": 0.000177547190106,
        "var": 3.1523004651e-08
    },
    "spectral_energyband_low": {
        "dmean": 4.72805332663e-08,
        "dmean2": 7.45662447343e-08,
        "dvar": 2.88684456182e-15,
        "dvar2": 7.14814831133e-15,
        "max": 3.20654010011e-07,
        "mean": 7.46561070741e-08,
        "median": 5.21303107348e-08,
        "min": 1.82684944949e-09,
        "stdev": 6.95762381042e-08,
        "var": 4.84085300938e-15
    },
    "spectral_energyband_middle_high": {
        "dmean": 0.00147104659118,
        "dmean2": 0.00177895673551,
        "dvar": 2.02810115297e-05,
        "dvar2": 2.53461821558e-05,
        "max": 0.0610150098801,
        "mean": 0.00450185826048,
        "median": 7.18096780474e-05,
        "min": 2.69245598039e-10,
        "stdev": 0.0110806496814,
        "var": 0.000122780795209
    },
    "spectral_energyband_middle_low": {
        "dmean": 0.00104798690882,
        "dmean2": 0.000937464938033,
        "dvar": 5.67066445001e-06,
        "dvar2": 1.00474489955e-05,
        "max": 0.0353725887835,
        "mean": 0.00965864770114,
        "median": 0.0059814513661,
        "min": 1.34667860197e-10,
        "stdev": 0.01070000045,
        "var": 0.000114490008855
    },
    "spectral_entropy": {
        "dmean": 0.150828376412,
        "dmean2": 0.152537196875,
        "dvar": 0.0724905431271,
        "dvar2": 0.0486596897244,
        "max": 8.68088245392,
        "mean": 5.28780460358,
        "median": 4.11501026154,
        "min": 2.89737319946,
        "stdev": 2.31148648262,
        "var": 5.34296941757
    },
    "spectral_flux": {
        "dmean": 0.0075126872398,
        "dmean2": 0.009351471439,
        "dvar": 0.000405189814046,
        "dvar2": 0.000698898278642,
        "max": 0.194592341781,
        "mean": 0.0156087428331,
        "median": 0.00305828871205,
        "min": 3.90467830584e-05,
        "stdev": 0.0369221456349,
        "var": 0.0013632447226
    },
    "spectral_kurtosis": {
        "dmean": 12.5270214081,
        "dmean2": 20.2169151306,
        "dvar": 212.510177612,
        "dvar2": 587.378967285,
        "max": 186.984359741,
        "mean": 56.5865287781,
        "median": 27.0419998169,
        "min": 1.63415336609,
        "stdev": 57.2374076843,
        "var": 3276.12084961
    },
    "spectral_rms": {
        "dmean": 0.000234838473261,
        "dmean2": 0.000206888638786,
        "dvar": 3.29446237401e-07,
        "dvar2": 4.08108576266e-07,
        "max": 0.00957113690674,
        "mean": 0.00265111215413,
        "median": 0.00242951977998,
        "min": 3.03444767269e-06,
        "stdev": 0.00261320127174,
        "var": 6.82882091496e-06
    },
    "spectral_rolloff": {
        "dmean": 275.625,
        "dmean2": 442.576141357,
        "dvar": 373829.0625,
        "dvar2": 880353.8125,
        "max": 5060.30273438,
        "mean": 1110.0814209,
        "median": 732.12890625,
        "min": 21.533203125,
        "stdev": 987.469482422,
        "var": 975095.9375
    },
    "spectral_skewness": {
        "dmean": 0.711924433708,
        "dmean2": 1.18928873539,
        "dvar": 0.665853619576,
        "dvar2": 1.66190969944,
        "max": 11.0348377228,
        "mean": 4.87438774109,
        "median": 3.48445773125,
        "min": 0.967693388462,
        "stdev": 3.50595903397,
        "var": 12.2917480469
    },
    "spectral_spread": {
        "dmean": 567418.25,
        "dmean2": 805113,
        "dvar": 777225109504,
        "dvar2": 950069297152,
        "max": 14499384,
        "mean": 3527717,
        "median": 1668049.5,
        "min": 531686.125,
        "stdev": 3390929,
        "var": 1.14983992033e+13
    },
    "spectral_strongpeak": {
        "dmean": 0.297027498484,
        "dmean2": 0.344051152468,
        "dvar": 0.634646236897,
        "dvar2": 1.1199862957,
        "max": 11.2758197784,
        "mean": 2.20484948158,
        "median": 2.22645378113,
        "min": 0,
        "stdev": 2.1736574173,
        "var": 4.72478628159
    },
    "zerocrossingrate": {
        "dmean": 0.0111173931509,
        "dmean2": 0.0126745346934,
        "dvar": 0.000333527277689,
        "dvar2": 0.00045399935334,
        "max": 0.18115234375,
        "mean": 0.0534718818963,
        "median": 0.03271484375,
        "min": 0.00439453125,
        "stdev": 0.036024466157,
        "var": 0.00129776226822
    },
    "barkbands": {
        "dmean": [9.97787523715e-08, 1.10581011015e-08, 1.84723192298e-09, 1.26946841927e-09, 1.11641265121e-08, 1.38262965521e-08, 5.14144637975e-09, 5.13452789619e-07, 0.0010471456917, 3.13343912239e-06, 7.74021380323e-09, 1.7646517847e-07, 0.00112249865197, 2.28127169066e-06, 2.18346085603e-05, 0.000126454251586, 3.99631171604e-05, 0.000272410921752, 2.85057794827e-05, 2.00461854547e-05, 1.28330084408e-05, 4.08176083511e-06, 3.30392055048e-07, 1.98086524961e-07, 1.19615606309e-07, 1.25188023503e-07, 4.92312643985e-08],
        "dmean2": [1.61433803214e-07, 1.93950899785e-08, 3.26242699522e-09, 2.1541155526e-09, 2.07745767256e-08, 2.52729517314e-08, 8.82076367503e-09, 8.29008854453e-07, 0.000939245219342, 5.67315828448e-06, 1.33924524803e-08, 2.89050063884e-07, 0.00147543707862, 4.47497359346e-06, 2.87221337203e-05, 0.000183211421245, 4.15816066379e-05, 0.000348243891494, 4.68709986308e-05, 3.52258430212e-05, 2.34368017118e-05, 7.78294725023e-06, 3.8623059595e-07, 3.37102420644e-07, 1.48039219994e-07, 1.70031313473e-07, 7.94781058744e-08],
        "dvar": [1.26414661413e-14, 1.36642071267e-16, 9.73627149741e-18, 8.48884508337e-18, 2.25829444595e-15, 3.54476999206e-15, 1.42235731267e-16, 9.06053444077e-12, 5.69303574594e-06, 3.7481545645e-10, 4.93620361413e-16, 9.43251444833e-13, 1.22367673612e-05, 2.20019238939e-10, 1.13227134335e-08, 1.63023997857e-07, 3.00900566685e-08, 1.04992295746e-06, 1.65056910362e-08, 8.55369997055e-09, 3.29145088962e-09, 4.11652378851e-10, 1.31739953148e-12, 5.97938257067e-13, 1.60415802278e-13, 2.00192117115e-13, 4.05187629325e-14],
        "dvar2": [3.5423375252e-14, 3.7413117055e-16, 2.95589352301e-17, 2.7055952871e-17, 6.77175609221e-15, 1.00151269859e-14, 4.27724850946e-16, 2.26476181558e-11, 1.01389741758e-05, 1.03728692302e-09, 1.35749216484e-15, 2.52324550143e-12, 1.70947096194e-05, 6.5036065422e-10, 2.023695167e-08, 3.87760735521e-07, 3.88397545237e-08, 1.29616523736e-06, 4.18346068898e-08, 2.25989360558e-08, 8.77893935325e-09, 1.14756770753e-09, 1.89694440711e-12, 1.6240909442e-12, 2.86242980273e-13, 4.6730533939e-13, 1.0425277449e-13],
        "max": [6.55737778743e-07, 7.35545810926e-08, 2.25885266047e-08, 1.93523863601e-08, 3.44254914353e-07, 4.66910904606e-07, 9.15908699994e-08, 2.4230868803e-05, 0.0353724546731, 0.000148362058098, 1.83268511478e-07, 8.10661549622e-06, 0.0452292226255, 0.000107669286081, 0.00103517249227, 0.00394386425614, 0.00189804192632, 0.0115723330528, 0.00111692294013, 0.000804643845186, 0.000458241731394, 0.000170141851413, 1.33438052217e-05, 5.94909261054e-06, 3.90216564483e-06, 3.94788366975e-06, 1.6120465034e-06],
        "mean": [1.22540953384e-07, 1.55947965652e-08, 2.48253084756e-09, 1.14006881713e-09, 8.63943228069e-09, 1.13062839091e-08, 6.36600150372e-09, 3.6530374814e-07, 0.00965643022209, 1.91553249351e-06, 1.28478321315e-08, 1.64209794207e-07, 0.00369084649719, 1.33574883421e-06, 2.38810825977e-05, 0.000226422402193, 5.31605619472e-05, 0.000439472816652, 5.46222290723e-05, 2.98655304505e-05, 1.86461820704e-05, 5.00289252159e-06, 6.01633985298e-07, 2.95092689839e-07, 2.13517807879e-07, 1.89730755551e-07, 7.00221605143e-08],
        "median": [6.33871550804e-08, 1.21168248768e-08, 1.74915149032e-09, 3.89680177015e-10, 1.4809272697e-09, 2.32390195976e-09, 2.95617486046e-09, 3.10315839691e-09, 0.00598143506795, 4.27282120796e-09, 3.21862492214e-09, 5.24522247858e-09, 7.02852266841e-05, 1.43233069849e-08, 5.45887779424e-09, 1.55773784627e-06, 1.1155135482e-08, 7.47580202187e-08, 2.21031370984e-08, 8.8654203978e-09, 6.05333028147e-09, 2.88785750868e-09, 1.15195764039e-09, 8.73367878018e-10, 7.09584169201e-10, 7.92824139673e-10, 5.53977863582e-10],
        "min": [7.91452847704e-10, 7.58464291373e-10, 1.1647741105e-10, 1.38086850981e-11, 1.60236199309e-11, 6.82730087742e-12, 3.77436797094e-12, 4.61602240806e-12, 5.13909444513e-12, 7.36555261227e-12, 3.03927304331e-12, 1.17118120757e-11, 1.16805688385e-11, 7.66523650109e-12, 1.71962374895e-11, 1.84192227443e-11, 7.36257929623e-12, 6.83942399243e-12, 2.34963316165e-11, 2.45313769298e-11, 3.05502810549e-11, 1.49200773264e-11, 1.25437785159e-11, 2.35704494117e-11, 4.18798294655e-11, 3.49722542592e-11, 4.14395497084e-11],
        "stdev": [1.42366758382e-07, 1.35932589629e-08, 3.00232683159e-09, 2.65847655001e-09, 3.58986547155e-08, 4.833587397e-08, 1.31834392292e-08, 2.642536856e-06, 0.0106997080147, 1.53683649842e-05, 3.07788425857e-08, 8.96610742984e-07, 0.00865320488811, 1.09558022814e-05, 0.000131187727675, 0.000639522797428, 0.000265988783212, 0.00178484758362, 0.000188683479792, 0.000115708775411, 6.87806968926e-05, 2.11584738281e-05, 2.00613385459e-06, 9.53659309744e-07, 7.19649278835e-07, 6.55605560951e-07, 2.49302502198e-07],
        "var": [2.02682922529e-14, 1.84776677258e-16, 9.013965806e-18, 7.06749815528e-18, 1.28871351304e-15, 2.33635679061e-15, 1.73803061024e-16, 6.98300054933e-12, 0.000114483751531, 2.36186625813e-10, 9.4733721244e-16, 8.03910811618e-13, 7.48779566493e-05, 1.2002961125e-10, 1.7210220804e-08, 4.08989421885e-07, 7.07500333874e-08, 3.18568095281e-06, 3.56014560055e-08, 1.33885214026e-08, 4.73078376473e-09, 4.47681003379e-10, 4.02457277573e-12, 9.09466133046e-13, 5.1789508012e-13, 4.29818615595e-13, 6.21517336837e-14]
    },
    "erbbands": {
        "dmean": [9.45823956044e-07, 7.90317358224e-07, 2.13933208215e-06, 3.24064512824e-06, 8.26634641271e-06, 4.26849001087e-05, 0.000111691297207, 0.000115819522762, 0.00116481771693, 0.0288104638457, 1.72421276569, 30.1918773651, 6.93630313873, 0.202855944633, 0.0452342778444, 2.09894394875, 52.116355896, 13.4235439301, 0.429404765368, 5.38410520554, 3.43949222565, 2.67731809616, 17.0914592743, 1.12459969521, 1.15040552616, 1.44858837128, 0.474624663591, 0.410022616386, 0.102109827101, 0.0170548800379, 0.0104313772172, 0.00598569680005, 0.00246461783536, 0.00161401240621, 0.000628394715022, 0.000494023843203, 0.00023193359084, 4.9440546718e-05, 1.03373704405e-05, 3.25632231579e-06],
        "dmean2": [1.5883940705e-06, 1.26674433432e-06, 3.77906326321e-06, 5.42420229976e-06, 1.39825651786e-05, 7.98755063443e-05, 0.000202584516956, 0.000152805165271, 0.00145096646156, 0.0365132912993, 2.20592021942, 30.5449028015, 4.58167028427, 0.143915057182, 0.0590911917388, 2.72381567955, 73.1339035034, 13.0593833923, 0.447287201881, 8.03873348236, 4.40299749374, 3.95091700554, 20.2996006012, 1.8364533186, 1.71678936481, 2.47439312935, 0.788499057293, 0.721352458, 0.177493050694, 0.0257916785777, 0.0122724818066, 0.0110131083056, 0.00306050479412, 0.0018802548293, 0.00090947834542, 0.000665050698444, 0.000312234624289, 7.79237961979e-05, 1.56802416313e-05, 3.72787872038e-06],
        "dvar": [1.14758127046e-12, 9.3114741178e-13, 1.14081851604e-11, 4.61472041136e-11, 3.23583437822e-10, 3.63086662958e-08, 2.53929414384e-07, 1.49561415697e-07, 2.13377370528e-05, 0.0140373380855, 53.6930198669, 6064.03417969, 135.605682373, 0.122189231217, 0.0217480100691, 56.4701385498, 29802.0449219, 1300.56774902, 1.23001730442, 316.450256348, 100.839309692, 91.1745910645, 4104.20556641, 23.9657154083, 16.5491981506, 44.4066619873, 4.38237190247, 2.6781141758, 0.201812937856, 0.00296504725702, 0.00123253709171, 0.000588273745961, 6.93176116329e-05, 2.89798354061e-05, 5.66693370274e-06, 2.91087621918e-06, 6.55238864056e-07, 4.20302406212e-08, 1.5596184344e-09, 8.06057443015e-11],
        "dvar2": [2.94570487794e-12, 2.60731562209e-12, 3.4158172818e-11, 1.44719153328e-10, 9.63965463008e-10, 1.07252937198e-07, 7.09606524651e-07, 2.29518917649e-07, 3.64205989172e-05, 0.0218238625675, 80.3442306519, 11692.0908203, 104.682853699, 0.113663598895, 0.0332876294851, 82.698638916, 44704.2226562, 1462.64697266, 1.57759463787, 719.294555664, 231.85736084, 144.501144409, 5018.37890625, 52.509552002, 40.542301178, 119.275299072, 9.77247810364, 7.00097894669, 0.511105358601, 0.00568061415106, 0.00174225657247, 0.00163424538914, 0.00014010220184, 5.73463221372e-05, 1.39021731229e-05, 6.42276199869e-06, 1.41919258567e-06, 1.08687025602e-07, 3.91595111893e-09, 1.25219723479e-10],
        "max": [6.9378270382e-06, 8.32304885989e-06, 2.57744941337e-05, 5.3429757827e-05, 0.000118453906907, 0.0014359728666, 0.00424636062235, 0.0045662522316, 0.0532540902495, 1.34040534496, 80.8843078613, 1010.8572998, 278.406463623, 7.99501371384, 1.6392980814, 84.2859039307, 2073.2734375, 542.123962402, 15.8711185455, 147.686416626, 98.6220626831, 103.099517822, 751.744262695, 43.9147758484, 35.4498672485, 57.2231445312, 16.926448822, 12.559679985, 3.86295104027, 0.511186599731, 0.423435986042, 0.194733858109, 0.0848609730601, 0.0502610877156, 0.0187403000891, 0.0167041476816, 0.00777179095894, 0.00164945924189, 0.000321797793731, 0.000122344194097],
        "mean": [1.52880193127e-06, 1.51737128817e-06, 3.62688501809e-06, 5.0218591241e-06, 1.31767546918e-05, 5.6896595197e-05, 0.000218173125177, 0.000900096725672, 0.00857478938997, 0.169511720538, 8.33903884888, 235.668807983, 80.839805603, 2.34031796455, 0.268081724644, 5.77014875412, 150.926300049, 47.4739837646, 1.55479943752, 8.75232219696, 6.78171348572, 5.60136795044, 29.5095291138, 3.07241368294, 1.97745144367, 2.01095247269, 0.879509866238, 0.570648610592, 0.140884593129, 0.0388947017491, 0.0201147254556, 0.00975095387548, 0.00353069347329, 0.00319882924668, 0.000858689949382, 0.000839492247906, 0.000355524593033, 7.46881196392e-05, 2.03329927899e-05, 1.74982542376e-05],
        "median": [1.11855933937e-06, 1.24417147163e-06, 2.7927787869e-06, 2.60570459432e-06, 6.09157450526e-06, 2.20531546802e-05, 9.30815149331e-05, 0.000443374447059, 0.00400986615568, 0.0685871616006, 2.85859632492, 131.179244995, 47.587348938, 1.48035407066, 0.107159420848, 0.0475279800594, 1.90364742279, 1.56430768967, 0.0435115844011, 0.0228863507509, 0.0774585753679, 0.00336262094788, 0.00536902807653, 0.000821800262202, 0.00156229548156, 0.000473985332064, 0.000298503960948, 0.000254142971244, 0.000130342174089, 5.38109998161e-05, 3.10319592245e-05, 2.4610233595e-05, 1.71059291461e-05, 1.38349805638e-05, 9.4584429462e-06, 7.36745550967e-06, 3.26887538904e-06, 9.01036173673e-07, 3.12375686917e-06, 6.99055999576e-06],
        "min": [4.4619511641e-08, 9.25845142774e-08, 1.65581411693e-07, 2.99116322822e-07, 7.34737781727e-08, 4.16333136855e-08, 3.89562941905e-08, 4.50095889448e-08, 8.26374630947e-08, 4.62584353045e-08, 1.24879349528e-07, 1.44671048474e-07, 2.41604851681e-07, 2.54408860201e-07, 2.42610724399e-07, 5.76007209929e-07, 5.96921154283e-07, 6.87456065407e-07, 8.25117751901e-07, 9.48417209656e-07, 9.76036858447e-07, 4.33564991908e-07, 4.49468330999e-07, 1.12599911972e-06, 9.12615178095e-07, 1.09910820356e-06, 1.69606653344e-06, 8.33161152514e-07, 5.05355558289e-07, 5.28773739461e-07, 3.22171104017e-07, 3.18619044037e-07, 5.12040742251e-07, 4.23295091423e-07, 2.75452521237e-07, 1.22376633271e-07, 7.91785694787e-08, 2.19830678105e-08, 6.78183553759e-09, 6.31965979547e-10],
        "stdev": [1.3352721453e-06, 1.22846972772e-06, 3.58995339411e-06, 7.59409294915e-06, 2.07326265809e-05, 0.000153211629367, 0.000474807980936, 0.00113563251216, 0.0116638876498, 0.268020033836, 15.4165296555, 276.877929688, 89.2371520996, 2.55693483353, 0.401717215776, 16.6779346466, 388.053070068, 104.022720337, 3.25638461113, 26.8038444519, 18.7019271851, 18.5830459595, 115.348777771, 9.35960292816, 6.22364330292, 8.00673294067, 3.29171514511, 1.91665625572, 0.537419259548, 0.114125572145, 0.0662804692984, 0.031135385856, 0.012443463318, 0.0102118197829, 0.00303565105423, 0.00279119750485, 0.00123159319628, 0.000261116074398, 5.35971557838e-05, 2.58910149569e-05],
        "var": [1.78295182438e-12, 1.50913775834e-12, 1.28877646402e-11, 5.76702470501e-11, 4.29841828797e-10, 2.34738042337e-08, 2.25442605029e-07, 1.28966132706e-06, 0.000136046277476, 0.0718347355723, 237.669372559, 76661.3828125, 7963.26904297, 6.53791570663, 0.161376714706, 278.153503418, 150585.1875, 10820.7265625, 10.6040410995, 718.446105957, 349.762054443, 345.329589844, 13305.3398438, 87.6021652222, 38.7337379456, 64.1077728271, 10.8353881836, 3.67357134819, 0.288819491863, 0.0130246467888, 0.00439310073853, 0.000969412270933, 0.000154839770403, 0.000104281258245, 9.21517676034e-06, 7.79078345658e-06, 1.516821726e-06, 6.81816061388e-08, 2.87265500276e-09, 6.70344668663e-10]
    },
    "gfcc": {
        "mean": [-445.780303955, 37.8973197937, -185.000808716, -61.8387718201, -46.3510169983, 4.56166791916, 11.0662221909, 28.1460189819, 11.2812242508, 6.93349885941, -15.4371976852, -19.2042617798, -10.8053741455],
        "cov": [[46881.578125, 1327.89196777, -19044.4804688, -11122.1220703, -3548.76147461, -2790.88525391, 1904.30249023, 979.670532227, 2123.22558594, -394.207763672, -750.396362305, -2724.36499023, -865.000793457], [1327.89196777, 2038.65478516, -1008.73974609, -2353.50170898, -365.21484375, -236.159576416, 570.797424316, 180.401580811, 426.135040283, -228.369689941, -153.804336548, -513.850646973, 234.368209839], [-19044.4804688, -1008.73974609, 7985.48828125, 5003.81591797, 1503.88769531, 1195.09399414, -887.387817383, -408.936798096, -961.199035645, 213.811889648, 327.991912842, 1216.98925781, 294.848480225], [-11122.1220703, -2353.50170898, 5003.81591797, 5078.8046875, 1159.8347168, 753.010803223, -1096.05249023, -485.149536133, -962.961486816, 330.469207764, 329.488189697, 1173.60375977, -48.3393554688], [-3548.76147461, -365.21484375, 1503.88769531, 1159.8347168, 543.000183105, 246.010437012, -302.724853516, -175.851333618, -209.744445801, 52.1536216736, 112.977806091, 284.523895264, 17.5522460938], [-2790.88525391, -236.159576416, 1195.09399414, 753.010803223, 246.010437012, 247.868865967, -103.474433899, -38.7380867004, -112.941680908, 25.2401218414, 48.2495002747, 183.201309204, 32.8639602661], [1904.30249023, 570.797424316, -887.387817383, -1096.05249023, -302.724853516, -103.474433899, 383.642791748, 185.809463501, 221.446121216, -87.0049743652, -89.8202590942, -262.482940674, 41.4962463379], [979.670532227, 180.401580811, -408.936798096, -485.149536133, -175.851333618, -38.7380867004, 185.809463501, 179.831451416, 114.004508972, -38.0891876221, -53.5566749573, -115.749031067, 6.46150302887], [2123.22558594, 426.135040283, -961.199035645, -962.961486816, -209.744445801, -112.941680908, 221.446121216, 114.004508972, 233.143585205, -62.6856842041, -59.3838043213, -219.777160645, 6.4785695076], [-394.207763672, -228.369689941, 213.811889648, 330.469207764, 52.1536216736, 25.2401218414, -87.0049743652, -38.0891876221, -62.6856842041, 57.4842834473, 32.1150512695, 76.7939834595, -16.711725235], [-750.396362305, -153.804336548, 327.991912842, 329.488189697, 112.977806091, 48.2495002747, -89.8202590942, -53.5566749573, -59.3838043213, 32.1150512695, 50.3851394653, 79.2597808838, -10.0783252716], [-2724.36499023, -513.850646973, 1216.98925781, 1173.60375977, 284.523895264, 183.201309204, -262.482940674, -115.749031067, -219.777160645, 76.7939834595, 79.2597808838, 297.267486572, 4.29190015793], [-865.000793457, 234.368209839, 294.848480225, -48.3393554688, 17.5522460938, 32.8639602661, 41.4962463379, 6.46150302887, 6.4785695076, -16.711725235, -10.0783252716, 4.29190015793, 69.5702972412]],
        "icov": [[0.00141961383633, 0.00077023555059, 0.00331622362137, 0.000845912960358, -9.78493480943e-05, -0.000592117663473, 0.000182882155059, -0.000664659484755, 0.00138295476791, -0.00143168307841, 0.00171021244023, -0.00130126276053, 0.00170149968471], [0.00077023555059, 0.00888537149876, -0.00136734475382, 0.00351693923585, -0.000585702655371, 0.0103654945269, -0.00110791320913, 0.00301415193826, -0.00481745740399, 0.00915528647602, -0.00287721771747, 0.00354827474803, -0.0144733646885], [0.00331622362137, -0.00136734475382, 0.0107616465539, 0.000140385265695, -0.000285101530608, -0.0101569099352, 0.00222592195496, -0.00433973083273, 0.00860970653594, -0.00628470117226, 0.00254741776735, -0.00250102044083, 0.00248388410546], [0.000845912960358, 0.00351693923585, 0.000140385265695, 0.00660684425384, -0.000233172439039, 0.00165142910555, -7.42581614759e-05, 0.00101167371031, 0.00422225007787, 2.20975816774e-05, 0.001004197984, -0.0104777673259, 0.00229846430011], [-9.78493480943e-05, -0.000585702655371, -0.000285101530608, -0.000233172439039, 0.00797146186233, -0.00463873427361, 0.00369549333118, 0.00149697205052, -0.000258759508142, 0.0053141657263, -0.0090589877218, 0.00011026627908, -0.000378874421585], [-0.000592117663473, 0.0103654945269, -0.0101569099352, 0.00165142910555, -0.00463873427361, 0.0420762524009, -0.0105480048805, 0.00687080482021, -0.0225835423917, 0.0143104223534, 0.00239251414314, -0.00153353926726, -0.00515818176791], [0.000182882155059, -0.00110791320913, 0.00222592195496, -7.42581614759e-05, 0.00369549333118, -0.0105480048805, 0.0170203819871, -0.00829053949565, 0.00381479109637, 0.00186050275806, -0.00499216513708, 0.00952107273042, -0.0100297452882], [-0.000664659484755, 0.00301415193826, -0.00433973083273, 0.00101167371031, 0.00149697205052, 0.00687080482021, -0.00829053949565, 0.0170592516661, -0.00930730439723, 0.00312942732126, 0.00671583460644, -0.00298009905964, 0.00318966573104], [0.00138295476791, -0.00481745740399, 0.00860970653594, 0.00422225007787, -0.000258759508142, -0.0225835423917, 0.00381479109637, -0.00930730439723, 0.0365982465446, -0.00853084679693, -0.00416653743014, -0.0033353373874, 0.00333587313071], [-0.00143168307841, 0.00915528647602, -0.00628470117226, 2.20975816774e-05, 0.0053141657263, 0.0143104223534, 0.00186050275806, 0.00312942732126, -0.00853084679693, 0.0548964180052, -0.0284195262939, 0.00470750546083, -0.0219196062535], [0.00171021244023, -0.00287721771747, 0.00254741776735, 0.001004197984, -0.0090589877218, 0.00239251414314, -0.00499216513708, 0.00671583460644, -0.00416653743014, -0.0284195262939, 0.0686205551028, -0.0127388462424, 0.0286552086473], [-0.00130126276053, 0.00354827474803, -0.00250102044083, -0.0104777673259, 0.00011026627908, -0.00153353926726, 0.00952107273042, -0.00298009905964, -0.0033353373874, 0.00470750546083, -0.0127388462424, 0.0574605688453, -0.0334676615894], [0.00170149968471, -0.0144733646885, 0.00248388410546, 0.00229846430011, -0.000378874421585, -0.00515818176791, -0.0100297452882, 0.00318966573104, 0.00333587313071, -0.0219196062535, 0.0286552086473, -0.0334676615894, 0.0842154994607]]
    },
    "melbands": {
        "dmean": [1.01833101951e-08, 9.33205068776e-10, 6.77792155734e-10, 1.59750068729e-09, 3.86649734452e-09, 2.25470642157e-09, 9.33158439409e-10, 5.60496316027e-09, 3.05501707771e-05, 0.000201534858206, 3.5611079511e-05, 2.0191183836e-08, 1.81567394453e-09, 9.76022374033e-09, 2.95718928101e-05, 0.000153508488438, 7.76644992584e-06, 2.8369916194e-08, 2.1720463792e-06, 1.27406028696e-05, 1.88084129604e-06, 8.79409299159e-07, 1.71762148966e-05, 7.29567773305e-06, 8.31142301649e-07, 1.71130432136e-06, 2.88858444719e-07, 1.13940734536e-06, 1.64144935866e-07, 6.50746926567e-07, 1.29280294914e-07, 9.25665446516e-08, 2.10291588587e-08, 7.33666416508e-09, 7.84981413204e-09, 4.02505984098e-09, 3.79775233483e-09, 1.23846677358e-09, 2.38609088044e-09, 1.0000605899e-09],
        "dmean2": [1.61507482943e-08, 1.53692392146e-09, 1.13828535486e-09, 2.9298761195e-09, 7.2689436692e-09, 4.12496170554e-09, 1.59380286746e-09, 9.64570645579e-09, 4.20537216996e-05, 0.000191405051737, 2.24505292863e-05, 4.0503508103e-08, 3.18275739097e-09, 1.62617084243e-08, 4.12846638937e-05, 0.000189282378415, 5.81369613428e-06, 5.65412499043e-08, 2.54785345533e-06, 1.87379791896e-05, 2.08610435948e-06, 8.41509915972e-07, 2.34898725466e-05, 8.39658423502e-06, 1.26126099076e-06, 2.53476059697e-06, 4.31789231925e-07, 1.92805919141e-06, 2.41501368237e-07, 1.2413956938e-06, 1.94297598455e-07, 1.67353917391e-07, 3.34888987652e-08, 1.05302842002e-08, 8.71339622677e-09, 6.81062406471e-09, 6.71496991345e-09, 1.73266978543e-09, 2.88397750126e-09, 1.42088685262e-09],
        "dvar": [1.29445996984e-16, 2.02003626722e-18, 2.00778944466e-18, 3.60778199062e-17, 3.3350500871e-16, 8.77661327755e-17, 4.53575100394e-18, 8.0962003137e-16, 2.07796198026e-08, 2.12316464854e-07, 3.49183193471e-09, 1.72801599147e-14, 6.47212250169e-17, 2.54224360679e-15, 1.60228275092e-08, 2.31906867043e-07, 2.98069624538e-10, 2.90333078759e-14, 8.91539828074e-11, 1.75959113946e-09, 3.6707185902e-11, 1.42568483061e-11, 4.06018507704e-09, 9.52995349301e-10, 1.80584696502e-11, 4.05966441019e-11, 1.644574559e-12, 2.60542368929e-11, 3.87811798733e-13, 9.56825070564e-12, 3.37339558414e-13, 1.63964965195e-13, 6.28102162498e-15, 5.86650942922e-16, 8.09736604279e-16, 2.08557431655e-16, 2.32855021733e-16, 2.29118292873e-17, 6.0586122665e-17, 1.41856710493e-17],
        "dvar2": [3.18841015508e-16, 6.33890382327e-18, 6.39948156825e-18, 1.05982899795e-16, 9.6838227541e-16, 2.54043497969e-16, 1.37463347464e-17, 2.16794970004e-15, 3.10355616762e-08, 3.6980136997e-07, 3.37404704176e-09, 5.19155031464e-14, 1.72044514746e-16, 6.72825840927e-15, 2.65573927294e-08, 2.82458643142e-07, 1.79007045298e-10, 8.7821704119e-14, 1.69544392414e-10, 4.21302992493e-09, 5.21949185261e-11, 2.07701165295e-11, 5.71809311012e-09, 1.13745446395e-09, 3.79603848355e-11, 1.02583087858e-10, 3.27279522927e-12, 6.9952314774e-11, 6.03522440357e-13, 2.71439468125e-11, 5.92029463647e-13, 4.39258628386e-13, 1.65375220842e-14, 1.26881056812e-15, 1.0387039036e-15, 5.08685742353e-16, 6.49055618855e-16, 4.95760310745e-17, 1.14268966514e-16, 3.09930480366e-17],
        "max": [6.81434713101e-08, 9.65971036493e-09, 9.20983023178e-09, 4.38953797754e-08, 1.39711275438e-07, 7.05052585204e-08, 1.63482489768e-08, 2.26064031494e-07, 0.00144929741509, 0.00691047590226, 0.00135601707734, 9.26768620957e-07, 7.06338809664e-08, 4.26531244102e-07, 0.00121129013132, 0.0062916232273, 0.000316600286169, 1.24006419355e-06, 0.000103162150481, 0.000416086724726, 7.94294173829e-05, 4.17602277594e-05, 0.00070483511081, 0.000338728132192, 3.85668790841e-05, 5.16854161106e-05, 1.12515990622e-05, 4.20806754846e-05, 6.34718162473e-06, 2.46708405029e-05, 5.18540582561e-06, 3.35803815688e-06, 7.00991620306e-07, 2.26090008937e-07, 3.36281146929e-07, 1.1159752944e-07, 1.15738224338e-07, 5.11973503592e-08, 7.54651594548e-08, 3.09715808555e-08],
        "mean": [1.58692454733e-08, 1.44721512552e-09, 6.51469489465e-10, 1.25155097397e-09, 3.10679992843e-09, 1.82047366071e-09, 1.16370801884e-09, 4.4787564768e-09, 7.15015121386e-05, 0.00168251025025, 0.000391912151827, 1.11330535901e-08, 2.78331868664e-09, 1.02373078903e-08, 6.76200143062e-05, 0.000449035753263, 3.52841852873e-05, 2.11615773793e-08, 2.84257498606e-06, 2.13694966078e-05, 4.03848525821e-06, 1.05047843135e-06, 3.01031159324e-05, 1.33929743242e-05, 1.45959791098e-06, 2.63315610027e-06, 4.70792542728e-07, 1.50115999986e-06, 3.06616726675e-07, 7.47969750137e-07, 2.23342496497e-07, 1.04824323444e-07, 2.87485875106e-08, 1.42808866954e-08, 1.37273596934e-08, 6.97294666452e-09, 4.85493689695e-09, 1.72320513414e-09, 3.81827769402e-09, 2.00486671709e-09],
        "median": [1.16203446865e-08, 1.09691566941e-09, 2.51604043155e-10, 2.25977098145e-10, 4.28766300242e-10, 4.68313832158e-10, 5.5775617458e-10, 5.83198378479e-10, 3.42053999702e-06, 0.000998257077299, 0.000209837191505, 4.86764628604e-10, 5.06194863803e-10, 5.33177946238e-10, 5.79875969464e-09, 8.28993688629e-06, 1.52031429934e-06, 1.08299103019e-09, 3.81821629869e-10, 1.01999972912e-07, 5.83412855804e-08, 6.18644468986e-10, 2.78449174829e-09, 4.25838120321e-09, 1.80298290187e-10, 1.0176106624e-09, 7.70700170349e-10, 2.44905956626e-10, 2.09398220985e-10, 1.48351914087e-10, 1.29524224679e-10, 7.34316912832e-11, 3.38656325205e-11, 2.55163772056e-11, 1.72637702744e-11, 1.46543124857e-11, 1.07597090959e-11, 9.59493855895e-12, 7.88801749613e-12, 7.9249549631e-12],
        "min": [3.86249254802e-10, 1.0048207405e-10, 5.26225660269e-11, 2.91134109008e-12, 1.41430920794e-12, 1.20512703549e-12, 9.86385560904e-13, 5.41207541022e-13, 8.9418208081e-13, 7.75165142578e-13, 1.15812763025e-12, 9.3837405294e-13, 7.76739024662e-13, 8.343797658e-13, 9.94197779658e-13, 1.24133006391e-12, 9.89558261721e-13, 1.23754099416e-12, 1.23531686182e-12, 1.12444125192e-12, 1.00664344482e-12, 4.54868456269e-13, 4.03473668321e-13, 3.08103965518e-13, 9.99172207646e-13, 7.51197444093e-13, 5.33658295505e-13, 7.78298812117e-13, 8.13599621702e-13, 7.11913221516e-13, 3.58755180511e-13, 2.76054271673e-13, 2.75143840003e-13, 2.95315963524e-13, 2.03627547224e-13, 1.57870149787e-13, 1.8985129495e-13, 3.70933291678e-13, 2.99459540281e-13, 3.77438586028e-13],
        "stdev": [1.48805590072e-08, 1.45236700444e-09, 1.32445354684e-09, 4.68593697178e-09, 1.43738230207e-08, 7.35093541593e-09, 2.37322717034e-09, 2.38960353727e-08, 0.000260477536358, 0.00192604353651, 0.000447233265731, 9.39966255942e-08, 8.85222917191e-09, 4.79524118191e-08, 0.000247593940003, 0.00112466025166, 7.27457809262e-05, 1.27531762928e-07, 1.31331898956e-05, 6.27545814496e-05, 1.26345939861e-05, 5.42168800166e-06, 0.000112282250484, 5.43975038454e-05, 6.37175298834e-06, 8.98551570572e-06, 1.79705784831e-06, 5.95843221163e-06, 1.10234941531e-06, 3.0637436339e-06, 8.05799800219e-07, 4.35787569586e-07, 1.01060138036e-07, 4.47335253284e-08, 4.99276566757e-08, 2.16629985061e-08, 1.70935425814e-08, 6.37655217517e-09, 1.32664590424e-08, 6.32214680607e-09],
