{
"lowlevel": {
    "average_loudness": 0.50092369318,
    "barkbands_crest": {
        "dmean": 2.51513171196,
        "dmean2": 4.11762666702,
        "dvar": 6.44554185867,
        "dvar2": 15.6760158539,
        "max": 23.54596138,
        "mean": 8.70582580566,
        "median": 7.07227611542,
        "min": 2.70560073853,
        "stdev": 4.81827497482,
        "var": 23.2157726288
    },
    "barkbands_flatness_db": {
        "dmean": 0.0250854101032,
        "dmean2": 0.0347278341651,
        "dvar": 0.00110331480391,
        "dvar2": 0.00172745075542,
        "max": 0.513918757439,
        "mean": 0.143946796656,
        "median": 0.0791126787663,
        "min": 0.0336186923087,
        "stdev": 0.122927896678,
        "var": 0.0151112675667
    },
    "barkbands_kurtosis": {
        "dmean": 2.66468477249,
        "dmean2": 4.09293699265,
        "dvar": 46.8001861572,
        "dvar2": 103.895195007,
        "max": 137.85017395,
        "mean": 2.90062880516,
        "median": 0.167961716652,
        "min": -1.80364573002,
        "stdev": 8.96742248535,
        "var": 80.4146728516
    },
    "barkbands_skewness": {
        "dmean": 0.552707076073,
        "dmean2": 0.874782443047,
        "dvar": 0.525698900223,
        "dvar2": 1.17753756046,
        "max": 8.50771427155,
        "mean": -0.665685653687,
        "median": -0.673479914665,
        "min": -7.02538490295,
        "stdev": 1.19145858288,
        "var": 1.41957342625
    },
    "barkbands_spread": {
        "dmean": 9.1025686264,
        "dmean2": 14.7080497742,
        "dvar": 102.085113525,
        "dvar2": 246.291412354,
        "max": 94.5771408081,
        "mean": 29.1339912415,
        "median": 29.0319442749,
        "min": 0.530935883522,
        "stdev": 20.527381897,
        "var": 421.373443604
    },
    "dissonance": {
        "dmean": 0.00655853794888,
        "dmean2": 0.0113275796175,
        "dvar": 0.000115699527669,
        "dvar2": 0.000297342630802,
        "max": 0.499999910593,
        "mean": 0.491989910603,
        "median": 0.495647966862,
        "min": 0.359751969576,
        "stdev": 0.0126886013895,
        "var": 0.000161000614753
    },
    "dynamic_complexity": 14.198972702,
    "erbbands_crest": {
        "dmean": 2.75461602211,
        "dmean2": 4.45466804504,
        "dvar": 7.16274929047,
        "dvar2": 17.0160236359,
        "max": 33.3975372314,
        "mean": 11.1073694229,
        "median": 9.47889614105,
        "min": 4.09314584732,
        "stdev": 5.25180339813,
        "var": 27.5814399719
    },
    "erbbands_flatness_db": {
        "dmean": 0.0234717521816,
        "dmean2": 0.0315070934594,
        "dvar": 0.000935950607527,
        "dvar2": 0.00134445889853,
        "max": 0.554104983807,
        "mean": 0.233752116561,
        "median": 0.175771743059,
        "min": 0.0691113471985,
        "stdev": 0.116085082293,
        "var": 0.0134757459164
    },
    "erbbands_kurtosis": {
        "dmean": 1.66650307178,
        "dmean2": 2.73737573624,
        "dvar": 15.8980789185,
        "dvar2": 44.8374176025,
        "max": 90.337348938,
        "mean": 2.90428566933,
        "median": 1.91883707047,
        "min": -1.80373644829,
        "stdev": 4.82059192657,
        "var": 23.2381057739
    },
    "erbbands_skewness": {
        "dmean": 0.382616847754,
        "dmean2": 0.609968841076,
        "dvar": 0.170507580042,
        "dvar2": 0.401255548,
        "max": 4.62672138214,
        "mean": -0.389469772577,
        "median": -0.425411403179,
        "min": -3.3820104599,
        "stdev": 0.708524882793,
        "var": 0.502007544041
    },
    "erbbands_spread": {
        "dmean": 4.02322530746,
        "dmean2": 6.20866250992,
        "dvar": 33.964515686,
        "dvar2": 73.6749038696,
        "max": 97.9664306641,
        "mean": 16.0029201508,
        "median": 16.3457946777,
        "min": 0.378149777651,
        "stdev": 9.67082023621,
        "var": 93.5247573853
    },
    "hfc": {
        "dmean": 3.13964939117,
        "dmean2": 4.34187936783,
        "dvar": 85.7671813965,
        "dvar2": 172.739120483,
        "max": 130.025634766,
        "mean": 8.79807853699,
        "median": 0.127290219069,
        "min": 6.7274605442e-08,
        "stdev": 21.4165649414,
        "var": 458.669281006
    },
    "loudness_ebu128": {
        "integrated": -16.8251457214,
        "loudness_range": 16.3057994843,
        "momentary": {
            "dmean": 2.520373106,
            "dmean2": 2.97198462486,
            "dvar": 12.7669439316,
            "dvar2": 18.1086368561,
            "max": -9.59489536285,
            "mean": -28.2857608795,
            "median": -28.6782493591,
            "min": -50.4646148682,
            "stdev": 10.3326501846,
            "var": 106.763664246
        },
        "short_term": {
            "dmean": 0.425327807665,
            "dmean2": 0.378161251545,
            "dvar": 0.694068312645,
            "dvar2": 0.546737372875,
            "max": -15.1872673035,
            "mean": -21.9152164459,
            "median": -20.2172279358,
            "min": -37.2085952759,
            "stdev": 5.66060161591,
            "var": 32.0424118042
        }
    },
    "melbands_crest": {
        "dmean": 4.00813055038,
        "dmean2": 6.79340696335,
        "dvar": 15.5577697754,
        "dvar2": 40.2142982483,
        "max": 37.346370697,
        "mean": 11.0776319504,
        "median": 9.38425159454,
        "min": 2.80577230453,
        "stdev": 6.18713092804,
        "var": 38.2805900574
    },
    "melbands_flatness_db": {
        "dmean": 0.0253437794745,
        "dmean2": 0.0366044156253,
        "dvar": 0.00108783191536,
        "dvar2": 0.00197508675046,
        "max": 0.436366647482,
        "mean": 0.129204377532,
        "median": 0.0804668962955,
        "min": 0.0261954870075,
        "stdev": 0.0981374979019,
        "var": 0.00963096879423
    },
    "melbands_kurtosis": {
        "dmean": 3.17763829231,
        "dmean2": 5.11514616013,
        "dvar": 221.928344727,
        "dvar2": 547.509399414,
        "max": 246.996429443,
        "mean": 2.72946023941,
        "median": -0.427258968353,
        "min": -1.79620015621,
        "stdev": 14.9346656799,
        "var": 223.044235229
    },
    "melbands_skewness": {
        "dmean": 0.589013159275,
        "dmean2": 0.916792094707,
        "dvar": 0.976771593094,
        "dvar2": 2.21916770935,
        "max": 13.9224243164,
        "mean": 0.0785221606493,
        "median": 0.0990529730916,
        "min": -8.14527893066,
        "stdev": 1.4846739769,
        "var": 2.20425677299
    },
    "melbands_spread": {
        "dmean": 12.8502721786,
        "dmean2": 20.3146495819,
        "dvar": 238.644210815,
        "dvar2": 526.186828613,
        "max": 145.862487793,
        "mean": 58.8258399963,
        "median": 70.9468841553,
        "min": 1.08832001686,
        "stdev": 34.0960617065,
        "var": 1162.54150391
    },
    "pitch_salience": {
        "dmean": 0.0756101757288,
        "dmean2": 0.125644743443,
        "dvar": 0.00548239890486,
        "dvar2": 0.0147832892835,
        "max": 0.939886927605,
        "mean": 0.659896433353,
        "median": 0.68774831295,
        "min": 0.118395619094,
        "stdev": 0.112031877041,
        "var": 0.0125511409715
    },
    "silence_rate_20dB": {
        "dmean": 0,
        "dmean2": 0,
        "dvar": 0,
        "dvar2": 0,
        "max": 1,
        "mean": 1,
        "median": 1,
        "min": 1,
        "stdev": 0,
        "var": 0
    },
    "silence_rate_30dB": {
        "dmean": 0,
        "dmean2": 0,
        "dvar": 0,
        "dvar2": 0,
        "max": 1,
        "mean": 1,
        "median": 1,
        "min": 1,
        "stdev": 0,
        "var": 0
    },
    "silence_rate_60dB": {
        "dmean": 0.0463192723691,
        "dmean2": 0.0927152335644,
        "dvar": 0.0441733747721,
        "dvar2": 0.0890862345695,
        "max": 1,
        "mean": 0.789256215096,
        "median": 1,
        "min": 0,
        "stdev": 0.407838106155,
        "var": 0.166331931949
    },
    "spectral_centroid": {
        "dmean": 166.540863037,
        "dmean2": 257.628723145,
        "dvar": 58339.40625,
        "dvar2": 131522.46875,
        "max": 3825.26855469,
        "mean": 2764.65087891,
        "median": 2798.15991211,
        "min": 576.938659668,
        "stdev": 434.510467529,
        "var": 188799.359375
    },
    "spectral_complexity": {
        "dmean": 1.13813066483,
        "dmean2": 1.67549669743,
        "dvar": 9.15297031403,
        "dvar2": 17.5321750641,
        "max": 35,
        "mean": 2.43305778503,
        "median": 0,
        "min": 0,
        "stdev": 5.05009508133,
        "var": 25.5034599304
    },
    "spectral_decrease": {
        "dmean": 2.30255828293e-10,
        "dmean2": 3.27833538094e-10,
        "dvar": 4.31468703693e-19,
        "dvar2": 9.55587891545e-19,
        "max": -4.89068417522e-19,
        "mean": -6.06553973714e-10,
        "median": -1.40249860336e-11,
        "min": -9.64468771514e-09,
        "stdev": 1.412983619e-09,
        "var": 1.99652262433e-18
    },
    "spectral_energy": {
        "dmean": 0.00114937510807,
        "dmean2": 0.00162726501003,
        "dvar": 1.08672857095e-05,
        "dvar2": 2.34645322053e-05,
        "max": 0.048013523221,
        "mean": 0.00308728637174,
        "median": 6.5776752308e-05,
        "min": 7.94786372132e-12,
        "stdev": 0.00725906807929,
        "var": 5.26940712007e-05
    },
    "spectral_energyband_high": {
        "dmean": 9.59576864261e-05,
        "dmean2": 0.000135253503686,
        "dvar": 1.52917223772e-07,
        "dvar2": 3.42866684377e-07,
        "max": 0.00841140653938,
        "mean": 0.000207089542528,
        "median": 5.44123849977e-06,
        "min": 4.28073722303e-12,
        "stdev": 0.000621861370746,
        "var": 3.86711548117e-07
    },
    "spectral_energyband_low": {
        "dmean": 3.43131978298e-05,
        "dmean2": 5.75381891394e-05,
        "dvar": 9.95908635559e-08,
        "dvar2": 2.61935355184e-07,
        "max": 0.00757868820801,
        "mean": 2.80767890217e-05,
        "median": 3.43365127264e-06,
        "min": 1.11486883093e-12,
        "stdev": 0.000271949364105,
        "var": 7.39564640639e-08
    },
    "spectral_energyband_middle_high": {
        "dmean": 0.00103652279358,
        "dmean2": 0.0014703257475,
        "dvar": 9.87073053693e-06,
        "dvar2": 2.18420682359e-05,
        "max": 0.0462954156101,
        "mean": 0.00279206689447,
        "median": 3.55062220478e-05,
        "min": 1.03576587411e-12,
        "stdev": 0.00682885013521,
        "var": 4.66331948701e-05
    },
    "spectral_energyband_middle_low": {
        "dmean": 5.68406940147e-05,
        "dmean2": 8.79628641997e-05,
        "dvar": 1.16677689732e-07,
        "dvar2": 2.8707660249e-07,
        "max": 0.00671277288347,
        "mean": 6.6482789407e-05,
        "median": 4.57158330391e-06,
        "min": 3.91506380266e-13,
        "stdev": 0.00035437909537,
        "var": 1.25584534771e-07
    },
    "spectral_entropy": {
        "dmean": 0.168325632811,
        "dmean2": 0.216233029962,
        "dvar": 0.042887147516,
        "dvar2": 0.059268232435,
        "max": 8.93050956726,
        "mean": 7.46508836746,
        "median": 7.92227935791,
        "min": 4.41252088547,
        "stdev": 0.954809904099,
        "var": 0.911661922932
    },
    "spectral_flux": {
        "dmean": 0.0102252112702,
        "dmean2": 0.0157218202949,
        "dvar": 0.000408678839449,
        "dvar2": 0.000941704318393,
        "max": 0.192141652107,
        "mean": 0.0235421787947,
        "median": 0.00599973136559,
        "min": 8.53238307172e-05,
        "stdev": 0.034662630409,
        "var": 0.00120149785653
    },
    "spectral_kurtosis": {
        "dmean": 3.3869304657,
        "dmean2": 5.62672376633,
        "dvar": 34.0018730164,
        "dvar2": 102.080329895,
        "max": 62.937713623,
        "mean": 8.41317367554,
        "median": 4.79334020615,
        "min": 0.794130563736,
        "stdev": 8.93862915039,
        "var": 79.8990936279
    },
    "spectral_rms": {
        "dmean": 0.000246764568146,
        "dmean2": 0.000322414154653,
        "dvar": 2.63069836137e-07,
        "dvar2": 4.54140177908e-07,
        "max": 0.0068441554904,
        "mean": 0.00100423663389,
        "median": 0.000253322796198,
        "min": 8.80568720163e-08,
        "stdev": 0.0014154483797,
        "var": 2.00349427359e-06
    },
    "spectral_rolloff": {
        "dmean": 455.794036865,
        "dmean2": 731.594848633,
        "dvar": 498765.96875,
        "dvar2": 936910.75,
        "max": 18324.7558594,
        "mean": 3404.34985352,
        "median": 3380.71289062,
        "min": 43.06640625,
        "stdev": 1081.97924805,
        "var": 1170679.125
    },
    "spectral_skewness": {
        "dmean": 0.325205892324,
        "dmean2": 0.545984089375,
        "dvar": 0.224755197763,
        "dvar2": 0.682890355587,
        "max": 5.82973432541,
        "mean": 1.77338504791,
        "median": 1.62206017971,
        "min": 0.557160437107,
        "stdev": 0.620301187038,
        "var": 0.384773552418
    },
    "spectral_spread": {
        "dmean": 421329.875,
        "dmean2": 624590.3125,
        "dvar": 271150448640,
        "dvar2": 462761328640,
        "max": 14154907,
        "mean": 3453872.75,
        "median": 3909154,
        "min": 786594.75,
        "stdev": 1296473.875,
        "var": 1.6808443904e+12
    },
    "spectral_strongpeak": {
        "dmean": 0.590631127357,
        "dmean2": 0.925566911697,
        "dvar": 1.80676424503,
        "dvar2": 4.07119989395,
        "max": 19.1784954071,
        "mean": 1.41899907589,
        "median": 0.0998920202255,
        "min": 0,
        "stdev": 3.12231278419,
        "var": 9.74883651733
    },
    "zerocrossingrate": {
        "dmean": 0.0107377450913,
        "dmean2": 0.0126831866801,
        "dvar": 0.000195781132788,
        "dvar2": 0.000226247138926,
        "max": 0.50146484375,
        "mean": 0.129780724645,
        "median": 0.1328125,
        "min": 0.00732421875,
        "stdev": 0.0295984763652,
        "var": 0.000876069767401
    },
    "barkbands": {
        "dmean": [1.19253845696e-05, 2.18204331759e-05, 6.41187580186e-06, 4.50746938441e-06, 3.77694823328e-06, 2.67345967586e-06, 1.06537490865e-05, 2.81613120023e-05, 1.68979713635e-05, 1.91373910639e-05, 2.0481975298e-05, 1.88097619684e-05, 1.74252381839e-05, 4.22364355472e-05, 0.00013718115224, 0.000197655623197, 0.000322693405906, 0.000271286146017, 0.000370821886463, 0.000124664948089, 2.40139997914e-05, 3.74923147319e-05, 2.87574994218e-06, 1.56842679644e-06, 7.61964884077e-07, 8.55169446368e-08, 1.81379827824e-10],
        "dmean2": [2.13250878005e-05, 3.86097271985e-05, 9.49284094531e-06, 8.45290469442e-06, 6.64499657432e-06, 4.47246566182e-06, 1.72938562173e-05, 4.93459338031e-05, 2.53169728239e-05, 2.88266728603e-05, 3.10225295834e-05, 3.03303950204e-05, 2.93980792776e-05, 6.57515338389e-05, 0.000229747980484, 0.000340170605341, 0.000457225687569, 0.000411003478803, 0.000538134539966, 0.000186152145034, 3.55534430128e-05, 5.55077022e-05, 3.87762838727e-06, 2.36689265876e-06, 1.22522578749e-06, 1.39613689498e-07, 3.35947880625e-10],
        "dvar": [5.50475665051e-09, 5.53506467327e-08, 3.84438392231e-09, 6.4037846137e-09, 8.84231965426e-10, 2.7587454543e-10, 7.82965869917e-09, 6.21558555736e-08, 1.89737061618e-08, 4.32297930786e-09, 9.767390452e-09, 9.49022105345e-09, 4.81577933087e-09, 3.56228007092e-08, 3.95974353751e-07, 1.52686561705e-06, 1.6598116872e-06, 1.53908888478e-06, 1.37609106332e-06, 2.81187396922e-07, 1.54258295026e-08, 2.71385811601e-08, 1.19953838529e-10, 6.37435243478e-11, 2.24782588376e-11, 8.12600041509e-14, 1.7343724412e-18],
        "dvar2": [1.48672061329e-08, 1.57972422699e-07, 7.71941088828e-09, 1.89893611946e-08, 2.35322517028e-09, 5.85300141687e-10, 1.71796976645e-08, 1.75255493673e-07, 3.98487820519e-08, 8.50994741342e-09, 2.30238423882e-08, 2.17788009849e-08, 1.33183570838e-08, 7.79106485993e-08, 1.10810196929e-06, 4.72791589345e-06, 3.20524986819e-06, 3.41164854945e-06, 2.7997646157e-06, 5.86719863804e-07, 3.27295808233e-08, 5.97631171217e-08, 1.94358293348e-10, 1.47163128905e-10, 6.48808784476e-11, 2.29442604239e-13, 5.14747795029e-18],
        "max": [0.00130683835596, 0.00563267152756, 0.00144500099123, 0.00202002329752, 0.000631295260973, 0.000391792011214, 0.00217244587839, 0.00530808744952, 0.00424584979191, 0.00128917116672, 0.00123552023433, 0.00188543077093, 0.000930547714233, 0.00366710522212, 0.0101586487144, 0.0199931059033, 0.0393642820418, 0.0258737262338, 0.0170929916203, 0.00822131987661, 0.00436174171045, 0.00345383095555, 0.00030490977224, 0.000275415543001, 0.000105336570414, 5.06886635776e-06, 3.18635429153e-08],
        "mean": [9.75749480858e-06, 1.51156991706e-05, 5.57485600439e-06, 2.8629449389e-06, 3.43630858879e-06, 2.83297208625e-06, 1.10023493107e-05, 2.2317362891e-05, 1.69004906638e-05, 3.29866743414e-05, 1.91267990886e-05, 1.83486426977e-05, 1.78103473445e-05, 6.57487908029e-05, 0.000130178712425, 0.00023448310094, 0.000826215255074, 0.000510886195116, 0.000788589240983, 0.00022407672077, 5.1416001952e-05, 6.91755994922e-05, 4.77719959235e-06, 2.25536928156e-06, 1.21281414067e-06, 2.0221268926e-07, 2.65526794996e-10],
        "median": [1.24149494241e-06, 1.32428931465e-06, 4.07013260428e-07, 2.73999887668e-07, 6.12864596405e-07, 4.46551808864e-07, 3.82042429692e-07, 4.37054154645e-07, 7.02113027273e-07, 9.35976004257e-07, 6.76064814797e-07, 1.01132354757e-06, 1.12769430416e-06, 1.56640066962e-06, 1.8666315782e-06, 3.07161872115e-06, 6.99411066307e-06, 5.99229997533e-06, 3.77935248252e-06, 1.77601191353e-06, 8.56650501646e-07, 1.18759317047e-06, 5.73834427087e-07, 6.95349740454e-07, 4.8593358315e-07, 1.74636056727e-07, 1.57010446311e-10],
        "min": [7.86299085738e-13, 5.60141776712e-13, 1.31711116081e-13, 8.50478541758e-14, 7.1884433627e-14, 1.04726875772e-13, 8.55484438714e-14, 1.49288642158e-14, 1.48351247736e-14, 9.09877167642e-14, 3.42461519212e-14, 1.05135118547e-13, 1.03223568473e-13, 4.12906335642e-14, 1.12688301073e-13, 1.55795027486e-13, 1.22785787614e-13, 5.92873054253e-14, 1.75942756458e-13, 1.63423175817e-13, 3.38431593947e-13, 5.954994527e-13, 1.9169790809e-13, 4.05315782022e-13, 6.29536462023e-13, 1.05754250843e-12, 1.02781932271e-12],
        "stdev": [6.29259811831e-05, 0.000180195245775, 6.59058277961e-05, 5.85304478591e-05, 2.57621304627e-05, 1.87608911801e-05, 0.000100561592262, 0.00020828525885, 0.000154070294229, 0.000101063560578, 0.000101813820947, 0.000103671009128, 6.9463159889e-05, 0.000276978185866, 0.000617496843915, 0.00123365875334, 0.00333817047067, 0.00230007385835, 0.00217595230788, 0.000856457394548, 0.000298893050058, 0.000259268359514, 1.90161172213e-05, 1.0909341654e-05, 4.52437234344e-06, 2.66616723366e-07, 9.62870672083e-10],
        "var": [3.95967925115e-09, 3.24703286481e-08, 4.34357794177e-09, 3.42581318868e-09, 6.63687327318e-10, 3.51971063406e-10, 1.01126333973e-08, 4.33827516133e-08, 2.37376571732e-08, 1.02138439928e-08, 1.03660546813e-08, 1.07476783029e-08, 4.82513096145e-09, 7.67169154869e-08, 3.813023568e-07, 1.52191387315e-06, 1.11433828351e-05, 5.29033923158e-06, 4.73476802654e-06, 7.33519300411e-07, 8.93370497579e-08, 6.72200783924e-08, 3.61612684241e-10, 1.19013729427e-10, 2.04699469181e-11, 7.1084482159e-14, 9.27119850379e-19]
    },
    "erbbands": {
        "dmean": [0.000832509540487, 0.00421712733805, 0.00843440182507, 0.0115178516135, 0.013145564124, 0.0118376677856, 0.0151683520526, 0.026094455272, 0.0825621709228, 0.354989022017, 0.533288061619, 0.313614547253, 0.562119245529, 0.706799268723, 0.682578027248, 0.694014072418, 0.72964912653, 1.35754597187, 3.93374633789, 10.0232343674, 10.3136253357, 19.0790214539, 14.1157073975, 14.4526357651, 15.5151338577, 5.38472795486, 1.40347790718, 1.01878416538, 1.63460123539, 0.400420069695, 0.0776861608028, 0.044869903475, 0.0205290932208, 0.0120431669056, 0.00305402791128, 0.000733594817575, 9.30859823711e-05, 2.92104232358e-06, 1.18962782381e-06, 1.79341418516e-06],
        "dmean2": [0.00147308106534, 0.00764324003831, 0.0129050137475, 0.0211837105453, 0.0240430049598, 0.0208239890635, 0.0232984889299, 0.0436085239053, 0.137478142977, 0.596007168293, 0.904921650887, 0.49123108387, 0.822127938271, 1.02818548679, 1.06588840485, 1.08734571934, 1.19705021381, 1.90728068352, 6.22119188309, 16.9949417114, 16.9168281555, 26.4786052704, 19.9422168732, 21.0598945618, 21.8182811737, 7.84844779968, 2.05427289009, 1.40987837315, 2.44459223747, 0.581034719944, 0.110965423286, 0.0692223235965, 0.0309860147536, 0.0193055067211, 0.00487166782841, 0.00117291684728, 0.000153270462761, 4.56710631624e-06, 1.63916377005e-06, 2.51139954344e-06],
        "dvar": [6.64136023261e-05, 0.00228719902225, 0.00697148684412, 0.0325137078762, 0.0364180579782, 0.00538230966777, 0.00585822016001, 0.0268246456981, 0.332480877638, 9.50699424744, 20.7138595581, 4.55984449387, 13.0771942139, 7.19841909409, 12.4962596893, 11.5146083832, 7.95852375031, 24.3134231567, 252.179946899, 2345.82348633, 2685.96533203, 6407.35253906, 4674.57666016, 2684.49389648, 2884.69116211, 584.968200684, 39.5473632812, 20.986995697, 74.2250289917, 1.76723206043, 0.101807050407, 0.0925584733486, 0.00676168175414, 0.00550914555788, 0.000277648214251, 6.53191500533e-06, 5.5575117841e-08, 5.97507113231e-11, 1.03140048585e-11, 2.64351873724e-11],
        "dvar2": [0.000189221085748, 0.00650521554053, 0.0157090760767, 0.0938564017415, 0.104015819728, 0.0136226331815, 0.013466973789, 0.0620342642069, 0.851864337921, 21.753194809, 59.9422645569, 9.3753786087, 28.2559375763, 14.4985980988, 25.9074687958, 24.4294223785, 21.9225597382, 44.0944519043, 655.15838623, 6709.37304688, 7704.56640625, 12691.0546875, 9984.33105469, 6015.74365234, 5510.08447266, 1304.0111084, 92.585975647, 41.3494606018, 166.228103638, 4.14144182205, 0.191866114736, 0.230490297079, 0.0161931570619, 0.0158899500966, 0.000793535844423, 1.80835195351e-05, 1.55423990122e-07, 1.6399705205e-10, 2.02719022124e-11, 5.4882227235e-11],
        "max": [0.190829098225, 1.12979722023, 1.79103291035, 4.68486356735, 4.81652641296, 1.35532641411, 1.33984458447, 3.72323060036, 9.60754585266, 63.1885223389, 106.243057251, 58.620223999, 109.511192322, 55.9146003723, 59.8327178955, 67.1847305298, 42.258731842, 86.8790817261, 301.86541748, 762.565856934, 950.107910156, 2764.24804688, 1814.54943848, 717.184265137, 1195.86804199, 480.968566895, 207.578643799, 127.705482483, 200.144088745, 17.4981536865, 9.79084014893, 10.5346660614, 1.51166641712, 1.638910532, 0.299011707306, 0.0469131357968, 0.0048932894133, 0.00013313247473, 4.39864488726e-05, 7.25256904843e-05],
        "mean": [0.000592365686316, 0.00284567754716, 0.00678053218871, 0.00838122144341, 0.0100627932698, 0.0107821710408, 0.0156050845981, 0.0254179351032, 0.0858724340796, 0.361284404993, 0.439934134483, 0.326093196869, 0.856864988804, 1.0884822607, 0.728718519211, 0.745620965958, 0.832957804203, 2.26650714874, 5.49557876587, 9.85879993439, 17.9451713562, 49.18201828, 29.5287742615, 32.861366272, 34.0020904541, 11.3671989441, 3.33230018616, 1.83252418041, 2.8909432888, 0.759824156761, 0.135182917118, 0.0631791204214, 0.0323002189398, 0.0182765889913, 0.00509389350191, 0.0016463244101, 0.000223696915782, 7.78894900577e-06, 3.40287442668e-06, 4.94105279358e-06],
        "median": [5.53779645998e-05, 0.00020494403725, 0.000478766887682, 0.000867189839482, 0.00129449262749, 0.00195210054517, 0.00296915904619, 0.0036362237297, 0.00509318336844, 0.00715850479901, 0.0111969877034, 0.0196332484484, 0.0290621034801, 0.0336978137493, 0.0415961630642, 0.0470651052892, 0.0649380683899, 0.0889286845922, 0.124784357846, 0.161824852228, 0.259216278791, 0.443818360567, 0.426333159208, 0.22904086113, 0.164441138506, 0.0845449715853, 0.0456336960196, 0.0359849557281, 0.0457497835159, 0.0251844786108, 0.0170421972871, 0.0145098622888, 0.0117847630754, 0.00663835275918, 0.00285616191104, 0.001312303124, 0.00018411455676, 5.42088673683e-06, 3.43366878042e-07, 1.2803391769e-07],
        "min": [2.84083919583e-11, 8.53571172077e-11, 1.51553616878e-10, 2.44777503822e-10, 2.5411189819e-10, 2.26986707208e-10, 4.2928235966e-10, 9.97918858658e-10, 1.2430929619e-09, 8.984017974e-10, 2.88256862824e-10, 3.40106304231e-10, 1.58949742257e-09, 2.9695017556e-09, 1.45603828994e-09, 5.1006083801e-09, 5.1972244286e-09, 1.65816527176e-09, 4.45994308151e-09, 9.11804765025e-09, 7.36146787972e-09, 6.18099083027e-09, 3.48299655784e-09, 7.15184667044e-09, 7.37692618102e-09, 7.7083761596e-09, 1.6023314231e-08, 1.34293749454e-08, 1.90369693343e-08, 1.08934958831e-08, 6.62782184691e-09, 7.03503610922e-09, 7.93780419173e-09, 3.49310580461e-09, 6.11756423297e-09, 4.50159820531e-09, 1.69622593749e-09, 6.90883072973e-10, 1.44487574683e-10, 1.5940779946e-11],
        "stdev": [0.00626928312704, 0.0367235839367, 0.0817618370056, 0.139756634831, 0.147536382079, 0.0674621984363, 0.0826661139727, 0.176726937294, 0.637968599796, 3.42891407013, 3.74740934372, 2.36703252792, 4.22235774994, 4.0026102066, 3.81385231018, 4.02970075607, 2.95974111557, 8.30097103119, 20.1593551636, 46.6939506531, 70.2943725586, 213.405944824, 116.791854858, 98.3239974976, 102.327018738, 37.4619941711, 15.0059528351, 7.10217046738, 12.6029987335, 2.18047904968, 0.534328818321, 0.391487658024, 0.0989948734641, 0.071087859571, 0.0139851644635, 0.00243357941508, 0.000242518610321, 9.43833674683e-06, 7.5064685916e-06, 1.16333367259e-05],
        "var": [3.93039117625e-05, 0.00134862156119, 0.00668499758467, 0.0195319149643, 0.0217669829726, 0.00455114804208, 0.00683368649334, 0.0312324110419, 0.407003968954, 11.7574510574, 14.0430765152, 5.60284280777, 17.8283042908, 16.0208873749, 14.5454692841, 16.2384872437, 8.76006793976, 68.9061126709, 406.39956665, 2180.32495117, 4941.29931641, 45542.0976562, 13640.3378906, 9667.60839844, 10470.8183594, 1403.40087891, 225.178634644, 50.4408226013, 158.835586548, 4.75448846817, 0.285507261753, 0.153262585402, 0.00979998521507, 0.00505348388106, 0.0001955848129, 5.92230844632e-06, 5.88152744285e-08, 8.908219995e-11, 5.6347072841e-11, 1.35334521367e-10]
    },
    "gfcc": {
        "mean": [-258.087280273, 16.4282054901, -177.133712769, 50.8257217407, -46.4661560059, 17.496295929, -38.5027503967, 26.904094696, -20.8693180084, 0.0262049138546, -15.4259471893, 4.64161348343, -6.39260816574],
        "cov": [[6734.22802734, -946.634521484, -2375.72094727, 333.012237549, 146.173858643, -714.065551758, 827.419128418, -235.833908081, 320.897216797, -374.504577637, -11.3330421448, -328.5362854, 267.401733398], [-946.634521484, 1214.92834473, 1208.99890137, -369.069793701, -259.080383301, 387.467376709, -434.659881592, 109.688598633, -189.187072754, 258.111602783, 108.402641296, 125.512016296, -171.269760132], [-2375.72094727, 1208.99890137, 2050.68359375, -243.601196289, -291.254486084, 649.515319824, -691.912658691, 209.67237854, -319.158172607, 356.687194824, 67.3383026123, 252.796401978, -243.060638428], [333.012237549, -369.069793701, -243.601196289, 335.461761475, 163.456268311, -102.755279541, 161.566345215, -29.7716674805, 51.6476020813, -118.260032654, -49.0092849731, -23.2946128845, 58.6866455078], [146.173858643, -259.080383301, -291.254486084, 163.456268311, 277.21395874, -90.9979858398, 137.755477905, -8.47354698181, 42.1415367126, -91.0158081055, -47.9426116943, -32.1337089539, 72.8704833984], [-714.065551758, 387.467376709, 649.515319824, -102.755279541, -90.9979858398, 364.727203369, -242.112030029, 34.9560470581, -104.080696106, 157.752471924, 33.0942687988, 73.9539871216, -96.6233825684], [827.419128418, -434.659881592, -691.912658691, 161.566345215, 137.755477905, -242.112030029, 398.701171875, -34.8716926575, 102.336555481, -167.669464111, -47.2223434448, -68.3648071289, 101.996574402], [-235.833908081, 109.688598633, 209.67237854, -29.7716674805, -8.47354698181, 34.9560470581, -34.8716926575, 133.981430054, -17.1953315735, 13.7716264725, -5.73743391037, 23.9018363953, -7.26302814484], [320.897216797, -189.187072754, -319.158172607, 51.6476020813, 42.1415367126, -104.080696106, 102.336555481, -17.1953315735, 165.134124756, -45.0239028931, -1.40221774578, -46.5650177002, 27.8063640594], [-374.504577637, 258.111602783, 356.687194824, -118.260032654, -91.0158081055, 157.752471924, -167.669464111, 13.7716264725, -45.0239028931, 180.695739746, 58.6968688965, 28.3923110962, -70.9260253906], [-11.3330421448, 108.402641296, 67.3383026123, -49.0092849731, -47.9426116943, 33.0942687988, -47.2223434448, -5.73743391037, -1.40221774578, 58.6968688965, 92.8767089844, 10.8974208832, -33.3544006348], [-328.5362854, 125.512016296, 252.796401978, -23.2946128845, -32.1337089539, 73.9539871216, -68.3648071289, 23.9018363953, -46.5650177002, 28.3923110962, 10.8974208832, 111.422103882, -6.40607500076], [267.401733398, -171.269760132, -243.060638428, 58.6866455078, 72.8704833984, -96.6233825684, 101.996574402, -7.26302814484, 27.8063640594, -70.9260253906, -33.3544006348, -6.40607500076, 117.388153076]],
        "icov": [[0.000366236228729, -0.000630634312984, 0.00102790177334, -0.00088030169718, 0.000550547032617, -0.00021227018442, 0.000158862618264, -0.000429200794315, 0.000333531963406, -0.000294772733469, 0.000151343381731, -4.17922492488e-05, -8.33741942188e-05], [-0.000630634312984, 0.0046465639025, -0.00461981259286, 0.00468791648746, -0.00143275037408, 0.000710120017175, -0.00147451623343, 0.00199728901498, -0.00100696086884, 0.00164070934989, -0.00261798547581, 0.00155339983758, -0.000244010298047], [0.00102790177334, -0.00461981259286, 0.00867377314717, -0.00635101273656, 0.00282470998354, -0.0028982872609, 0.00425956910476, -0.00559747964144, 0.00336106913164, -0.00303146475926, 0.00335859740153, -0.00425819167867, 0.00196064193733], [-0.00088030169718, 0.00468791648746, -0.00635101273656, 0.010425853543, -0.00422129267827, 0.00118124159053, -0.00330033316277, 0.00423465343192, -0.00246099825017, 0.0040239514783, -0.00242816377431, 0.00194045121316, -0.000365026266081], [0.000550547032617, -0.00143275037408, 0.00282470998354, -0.00422129267827, 0.0069683464244, -0.00124964956194, 0.000582820386626, -0.00210532126948, 0.000990629778244, -0.000740740273613, 0.00158279773314, -5.04310010001e-05, -0.00161155033857], [-0.00021227018442, 0.000710120017175, -0.0028982872609, 0.00118124159053, -0.00124964956194, 0.0076511753723, -0.000245931441896, 0.00201584282331, -6.67037747917e-05, -0.00238519650884, 0.000373232120182, -2.31772646657e-05, 0.00101930112578], [0.000158862618264, -0.00147451623343, 0.00425956910476, -0.00330033316277, 0.000582820386626, -0.000245931441896, 0.00847144238651, -0.00314119434915, 0.00100870104507, 0.000718944880646, 0.00130284659099, -0.0018936872948, 0.000299529259792], [-0.000429200794315, 0.00199728901498, -0.00559747964144, 0.00423465343192, -0.00210532126948, 0.00201584282331, -0.00314119434915, 0.0122730908915, -0.00259955297224, 0.00211944058537, -0.000922393577639, 0.00193492684048, -0.00162059953436], [0.000333531963406, -0.00100696086884, 0.00336106913164, -0.00246099825017, 0.000990629778244, -6.67037747917e-05, 0.00100870104507, -0.00259955297224, 0.00974512659013, -0.00157917256001, -0.000148997001816, 2.83433892037e-05, 0.000950315152295], [-0.000294772733469, 0.00164070934989, -0.00303146475926, 0.0040239514783, -0.000740740273613, -0.00238519650884, 0.000718944880646, 0.00211944058537, -0.00157917256001, 0.0148157803342, -0.00617674319074, 0.00255471398123, 0.000489829864819], [0.000151343381731, -0.00261798547581, 0.00335859740153, -0.00242816377431, 0.00158279773314, 0.000373232120182, 0.00130284659099, -0.000922393577639, -0.000148997001816, -0.00617674319074, 0.0168123822659, -0.00348485331051, 0.00302947708406], [-4.17922492488e-05, 0.00155339983758, -0.00425819167867, 0.00194045121316, -5.04310010001e-05, -2.31772646657e-05, -0.0018936872948, 0.00193492684048, 2.83433892037e-05, 0.00255471398123, -0.00348485331051, 0.0150480279699, -0.00428017554805], [-8.33741942188e-05, -0.000244010298047, 0.00196064193733, -0.000365026266081, -0.00161155033857, 0.00101930112578, 0.000299529259792, -0.00162059953436, 0.000950315152295, 0.000489829864819, 0.00302947708406, -0.00428017554805, 0.0147717231885]]
    },
    "melbands": {
        "dmean": [7.22207823856e-06, 4.59062312075e-06, 1.98943621399e-06, 8.32002683637e-07, 5.21421611666e-07, 6.04853084951e-07, 1.45157241604e-06, 4.68092548545e-06, 3.88245234717e-06, 2.15259478864e-06, 2.85494775198e-06, 2.85208193418e-06, 2.50002358371e-06, 2.29337933888e-06, 1.67723453615e-06, 1.79112112164e-06, 2.81630241261e-06, 6.31328339296e-06, 1.17624376799e-05, 1.604816498e-05, 1.11600220407e-05, 2.1662479412e-05, 1.92843926925e-05, 1.1845492736e-05, 1.34653055284e-05, 1.50558271343e-05, 6.93881383995e-06, 3.48842513631e-06, 1.25172471144e-06, 2.87890543405e-07, 7.6733243759e-07, 1.14173246857e-06, 5.59851457638e-07, 1.25765552639e-07, 4.24905408636e-08, 3.84712492973e-08, 2.35879795696e-08, 1.41527909392e-08, 1.56118407091e-08, 8.52116066596e-09],
        "dmean2": [1.25134938571e-05, 7.40263885746e-06, 3.62687183042e-06, 1.5079079958e-06, 8.0882233533e-07, 1.01877606085e-06, 2.43788213083e-06, 7.65056029195e-06, 6.49708499623e-06, 3.28412602357e-06, 4.1833764044e-06, 4.19908928961e-06, 3.78843014914e-06, 3.64791890206e-06, 2.80835229205e-06, 2.93695620712e-06, 4.10957272834e-06, 1.04561331682e-05, 2.01208240469e-05, 2.70905329671e-05, 1.796493234e-05, 3.08023081743e-05, 2.78797433566e-05, 1.63254480867e-05, 1.98459292733e-05, 2.15598010982e-05, 9.33406590775e-06, 5.07075264977e-06, 1.90574189673e-06, 4.20503766918e-07, 1.04800722056e-06, 1.79157245839e-06, 8.76035585406e-07, 1.86735562124e-07, 5.93785429714e-08, 5.86727999519e-08, 3.71763384521e-08, 2.11467217071e-08, 2.54837253522e-08, 1.39307720914e-08],
        "dvar": [4.9381991829e-09, 2.20506546356e-09, 9.58057744249e-10, 6.38723934854e-11, 7.33683166304e-12, 1.66802457263e-11, 1.30045405e-10, 1.62220081812e-09, 9.873686313e-10, 2.68360056399e-10, 3.1404512324e-10, 1.13415547787e-10, 1.51102977353e-10, 1.60551891226e-10, 6.42988995381e-11, 4.8180553297e-11, 1.18240570113e-10, 7.50588313725e-10, 3.34323413398e-09, 1.12629514604e-08, 3.11461589853e-09, 9.64455271202e-09, 8.80472761366e-09, 2.93642998805e-09, 2.52584708704e-09, 2.69560929134e-09, 7.87983900352e-10, 3.53996609803e-10, 3.9954782538e-11, 1.21175682335e-12, 1.29321102438e-11, 4.36969418982e-11, 4.65723553472e-12, 2.13443615538e-13, 2.76690122366e-14, 8.50484369345e-14, 2.07022678893e-14, 2.76912434633e-15, 1.00836968441e-14, 2.18443634932e-15],
        "dvar2": [1.39551659117e-08, 5.52079537641e-09, 2.73249156635e-09, 1.76323664003e-10, 1.72021182021e-11, 3.64771893246e-11, 3.18362725071e-10, 4.01052613341e-09, 2.8513258421e-09, 5.40471833954e-10, 6.71371958028e-10, 2.26564711436e-10, 3.42257111541e-10, 3.87208598518e-10, 1.57936844158e-10, 1.2258699611e-10, 2.26751672994e-10, 1.94764160355e-09, 9.79132508405e-09, 3.50770008595e-08, 7.78179298777e-09, 2.01980725478e-08, 2.01577528003e-08, 5.09534414661e-09, 5.73754554978e-09, 5.37124433819e-09, 1.32285116194e-09, 8.58096371736e-10, 9.82306458397e-11, 2.25865224961e-12, 2.44326850418e-11, 9.20060069798e-11, 1.18756220135e-11, 4.86788018748e-13, 4.59954306359e-14, 2.2206693949e-13, 4.8834322545e-14, 5.30201670938e-15, 2.92234904895e-14, 6.24389362981e-15],
        "max": [0.00167106522713, 0.00108146120328, 0.000807368196547, 0.000186000746908, 4.20750257035e-05, 0.000101378216641, 0.000239785716985, 0.000831814017147, 0.000719214731362, 0.000481248513097, 0.000528108677827, 0.000208595010918, 0.000190177277545, 0.000278516818071, 0.000178951464477, 9.71429544734e-05, 0.000209676014492, 0.000554442813154, 0.000996818882413, 0.00191347661894, 0.00118551240303, 0.00335265835747, 0.00210576155223, 0.00148001592606, 0.000715854985174, 0.0010777246207, 0.000649060937576, 0.000436508620623, 0.000209561476368, 2.45706523856e-05, 9.87315943348e-05, 0.000151179759996, 4.2065679736e-05, 7.43973851058e-06, 4.22562561653e-06, 9.60454781307e-06, 4.95443600812e-06, 1.30918476771e-06, 2.31410035667e-06, 9.71254735305e-07],
        "mean": [5.26356097907e-06, 3.56911823474e-06, 1.5016804582e-06, 7.26587416011e-07, 5.35850631422e-07, 6.07726747148e-07, 1.54009126163e-06, 4.36799928138e-06, 3.21977563544e-06, 2.20357037506e-06, 4.40758958575e-06, 4.54735118183e-06, 2.4397972993e-06, 2.14295755541e-06, 1.73013143012e-06, 2.07145649256e-06, 4.33948798673e-06, 8.54768677527e-06, 1.02639205579e-05, 1.61843890965e-05, 2.11944716284e-05, 5.24459246662e-05, 3.53472096322e-05, 2.33673927141e-05, 2.62862249656e-05, 3.19022328767e-05, 1.47205137182e-05, 5.88798911849e-06, 2.6294133022e-06, 5.04103979893e-07, 1.2514391301e-06, 1.92221887119e-06, 9.43142595133e-07, 1.98724649181e-07, 6.96281716728e-08, 5.23660901308e-08, 3.12640899836e-08, 2.11391117944e-08, 2.32407533218e-08, 1.22444285822e-08],
        "median": [5.59949739909e-07, 2.88206592813e-07, 1.79490541541e-07, 1.23839583921e-07, 1.06949435974e-07, 8.53994919225e-08, 7.76501849487e-08, 8.36463840415e-08, 8.97336676076e-08, 1.04119102673e-07, 1.35241862154e-07, 1.24932995504e-07, 1.00090751687e-07, 1.10522670127e-07, 1.18606713784e-07, 1.11334145458e-07, 1.35827320946e-07, 1.62481228472e-07, 1.40629197176e-07, 1.64246017675e-07, 2.60473882463e-07, 4.0441872784e-07, 4.4209386374e-07, 2.63083165919e-07, 1.64494792898e-07, 1.35008477287e-07, 7.71787469489e-08, 4.98868715226e-08, 3.16287085411e-08, 1.68504765696e-08, 2.11718109711e-08, 2.82024554821e-08, 1.90811242362e-08, 1.12389280105e-08, 8.72530492302e-09, 8.4507973952e-09, 8.06394773178e-09, 7.61203278188e-09, 7.57449480915e-09, 4.67815874927e-09],
        "min": [2.42225754428e-13, 8.83755078124e-14, 4.23897604572e-14, 1.65907293058e-14, 1.39110634971e-14, 2.20490401111e-14, 1.89392857002e-14, 8.23456378091e-15, 2.22582724956e-15, 2.00149374986e-15, 8.42863088758e-15, 1.28042929788e-14, 4.32892069562e-15, 8.23913945289e-15, 1.93520041978e-14, 5.73405645204e-15, 2.77679994714e-15, 6.75186818212e-15, 9.03935434805e-15, 1.28437071159e-14, 8.58711414015e-15, 7.48851156052e-15, 3.20481988319e-15, 2.9806744248e-15, 6.19982843479e-15, 6.26846139692e-15, 3.76134678756e-15, 5.64883138502e-15, 8.65898827385e-15, 1.12729480427e-14, 7.37878013627e-15, 1.2363648652e-14, 9.76154226217e-15, 3.94111513105e-15, 3.64172583013e-15, 3.19935355606e-15, 4.60276348285e-15, 6.29120126694e-15, 3.71152727421e-15, 2.25947838625e-15],
        "stdev": [5.46379706066e-05, 4.22765624535e-05, 2.42717615038e-05, 6.63520495436e-06, 2.81207758235e-06, 4.61321542389e-06, 1.23544405142e-05, 4.11216897191e-05, 2.59170956269e-05, 1.86096458492e-05, 2.10737089219e-05, 1.62292544701e-05, 1.26710438053e-05, 1.25893429868e-05, 9.13004714675e-06, 7.96054700913e-06, 1.7267135263e-05, 3.51672897523e-05, 5.36436018592e-05, 9.45514329942e-05, 9.74158901954e-05, 0.000244104594458, 0.000136277914862, 0.000131166380015, 8.85901608854e-05, 9.69499888015e-05, 6.48730419925e-05, 2.34970975725e-05, 1.36829621624e-05, 1.97957137971e-06, 5.36331845069e-06, 9.62499598245e-06, 3.19013315675e-06, 6.51496350201e-07, 2.87949973199e-07, 3.48150081209e-07, 1.90828998825e-07, 7.1849498795e-08, 9.49089340452e-08, 4.46432188994e-08],
