{
"lowlevel": {
    "average_loudness": 0.321942806244,
    "barkbands_crest": {
        "dmean": 2.24833059311,
        "dmean2": 3.57566714287,
        "dvar": 3.79746079445,
        "dvar2": 7.77663183212,
        "max": 22.7686367035,
        "mean": 11.9905996323,
        "median": 11.6623125076,
        "min": 3.46776080132,
        "stdev": 4.17761659622,
        "var": 17.4524822235
    },
    "barkbands_flatness_db": {
        "dmean": 0.0200355071574,
        "dmean2": 0.0294036008418,
        "dvar": 0.00078334833961,
        "dvar2": 0.000983535079286,
        "max": 0.483996838331,
        "mean": 0.321685612202,
        "median": 0.374756813049,
        "min": 0.0251771192998,
        "stdev": 0.123974211514,
        "var": 0.015369605273
    },
    "barkbands_kurtosis": {
        "dmean": 4.50846147537,
        "dmean2": 6.7937130928,
        "dvar": 46.5988121033,
        "dvar2": 92.1207580566,
        "max": 54.6982765198,
        "mean": 8.45843982697,
        "median": 3.88930797577,
        "min": -1.84778857231,
        "stdev": 11.3019247055,
        "var": 127.733505249
    },
    "barkbands_skewness": {
        "dmean": 0.515447080135,
        "dmean2": 0.753248393536,
        "dvar": 0.231064558029,
        "dvar2": 0.500051498413,
        "max": 0.552934765816,
        "mean": -1.44235980511,
        "median": -1.12893545628,
        "min": -5.20987033844,
        "stdev": 1.14833939075,
        "var": 1.31868326664
    },
    "barkbands_spread": {
        "dmean": 4.59355688095,
        "dmean2": 6.36208152771,
        "dvar": 152.960342407,
        "dvar2": 250.224136353,
        "max": 118.753158569,
        "mean": 17.2909927368,
        "median": 3.09359097481,
        "min": 0.954555809498,
        "stdev": 28.9223194122,
        "var": 836.500610352
    },
    "dissonance": {
        "dmean": 0.00208221306093,
        "dmean2": 0.00247217388824,
        "dvar": 0.000379748991691,
        "dvar2": 0.00036129594082,
        "max": 0.499995946884,
        "mean": 0.497654110193,
        "median": 0.499851316214,
        "min": 0.223832309246,
        "stdev": 0.0201554223895,
        "var": 0.000406241044402
    },
    "dynamic_complexity": 16.6595535278,
    "erbbands_crest": {
        "dmean": 2.46451950073,
        "dmean2": 3.8929901123,
        "dvar": 8.85601615906,
        "dvar2": 15.4376745224,
        "max": 31.7148914337,
        "mean": 13.5279846191,
        "median": 12.956486702,
        "min": 2.72759985924,
        "stdev": 4.60529375076,
        "var": 21.2087306976
    },
    "erbbands_flatness_db": {
        "dmean": 0.0181180872023,
        "dmean2": 0.0267530288547,
        "dvar": 0.000998932868242,
        "dvar2": 0.00112496351358,
        "max": 0.510566592216,
        "mean": 0.36811631918,
        "median": 0.415466040373,
        "min": 0.0461617261171,
        "stdev": 0.111333370209,
        "var": 0.0123951192945
    },
    "erbbands_kurtosis": {
        "dmean": 1.15282285213,
        "dmean2": 1.8138884306,
        "dvar": 1.38803827763,
        "dvar2": 3.19811940193,
        "max": 9.3122215271,
        "mean": 1.86957156658,
        "median": 1.49972581863,
        "min": -1.33413743973,
        "stdev": 1.78964388371,
        "var": 3.20282506943
    },
    "erbbands_skewness": {
        "dmean": 0.303365945816,
        "dmean2": 0.454885661602,
        "dvar": 0.11163701117,
        "dvar2": 0.188676804304,
        "max": 2.43178725243,
        "mean": -0.553151488304,
        "median": -0.524715781212,
        "min": -2.56383991241,
        "stdev": 0.588429749012,
        "var": 0.346249550581
    },
    "erbbands_spread": {
        "dmean": 1.86481976509,
        "dmean2": 2.63982081413,
        "dvar": 23.4084796906,
        "dvar2": 23.876121521,
        "max": 57.3297767639,
        "mean": 8.45055770874,
        "median": 7.16530752182,
        "min": 2.85238194466,
        "stdev": 6.05602073669,
        "var": 36.6753845215
    },
    "hfc": {
        "dmean": 44.6440429688,
        "dmean2": 67.2032089233,
        "dvar": 10298.8310547,
        "dvar2": 25300.2890625,
        "max": 1303.65881348,
        "mean": 156.717636108,
        "median": 11.6718816757,
        "min": 1.50127021925e-08,
        "stdev": 251.248092651,
        "var": 63125.6054688
    },
    "loudness_ebu128": {
        "integrated": -18.857465744,
        "loudness_range": 5.79117012024,
        "momentary": {
            "dmean": 1.4056738615,
            "dmean2": 0.581493794918,
            "dvar": 0.948240041733,
            "dvar2": 0.187790825963,
            "max": -15.4466705322,
            "mean": -34.1462783813,
            "median": -29.8578472137,
            "min": -64.1000823975,
            "stdev": 16.6440639496,
            "var": 277.024871826
        },
        "short_term": {
            "dmean": 0.596872210503,
            "dmean2": 0.248091220856,
            "dvar": 0.249238476157,
            "dvar2": 0.0972001180053,
            "max": -20.2947311401,
            "mean": -22.7192363739,
            "median": -21.8152618408,
            "min": -28.054069519,
            "stdev": 2.43133950233,
            "var": 5.91141176224
        }
    },
    "melbands_crest": {
        "dmean": 2.61800551414,
        "dmean2": 4.01633358002,
        "dvar": 4.82622623444,
        "dvar2": 11.5365276337,
        "max": 29.2683238983,
        "mean": 12.9059553146,
        "median": 11.8675260544,
        "min": 4.65070772171,
        "stdev": 5.34253692627,
        "var": 28.5426998138
    },
    "melbands_flatness_db": {
        "dmean": 0.0163932107389,
        "dmean2": 0.0244239401072,
        "dvar": 0.000364870502381,
        "dvar2": 0.000583115383051,
        "max": 0.360087096691,
        "mean": 0.226187705994,
        "median": 0.24895888567,
        "min": 0.0460879094899,
        "stdev": 0.0773462355137,
        "var": 0.00598243996501
    },
    "melbands_kurtosis": {
        "dmean": 2.32640576363,
        "dmean2": 3.65449309349,
        "dvar": 24.5542011261,
        "dvar2": 40.8105010986,
        "max": 53.5649986267,
        "mean": 4.01945543289,
        "median": 2.60836315155,
        "min": -1.88558065891,
        "stdev": 6.72336053848,
        "var": 45.203578949
    },
    "melbands_skewness": {
        "dmean": 0.429119557142,
        "dmean2": 0.626707315445,
        "dvar": 0.591940045357,
        "dvar2": 0.855443000793,
        "max": 3.34174489975,
        "mean": -1.06027960777,
        "median": -1.02093183994,
        "min": -6.06452894211,
        "stdev": 1.04047036171,
        "var": 1.08257853985
    },
    "melbands_spread": {
        "dmean": 7.7231464386,
        "dmean2": 11.4897689819,
        "dvar": 138.965957642,
        "dvar2": 233.740310669,
        "max": 257.806152344,
        "mean": 52.8013572693,
        "median": 19.862165451,
        "min": 7.55399036407,
        "stdev": 64.1923904419,
        "var": 4120.66259766
    },
    "pitch_salience": {
        "dmean": 0.0483042895794,
        "dmean2": 0.0743623971939,
        "dvar": 0.00177416112274,
        "dvar2": 0.00355357164517,
        "max": 0.891944885254,
        "mean": 0.451489239931,
        "median": 0.466064035892,
        "min": 0.234225481749,
        "stdev": 0.101055301726,
        "var": 0.0102121746168
    },
    "silence_rate_20dB": {
        "dmean": 0,
        "dmean2": 0,
        "dvar": 0,
        "dvar2": 0,
        "max": 1,
        "mean": 1,
        "median": 1,
        "min": 1,
        "stdev": 0,
        "var": 0
    },
    "silence_rate_30dB": {
        "dmean": 0.0322580635548,
        "dmean2": 0.0648648664355,
        "dvar": 0.0312173850834,
        "dvar2": 0.0822791606188,
        "max": 1,
        "mean": 0.978609621525,
        "median": 1,
        "min": 0,
        "stdev": 0.144681736827,
        "var": 0.0209328047931
    },
    "silence_rate_60dB": {
        "dmean": 0.010752688162,
        "dmean2": 0.0216216221452,
        "dvar": 0.0106370812282,
        "dvar2": 0.0211541671306,
        "max": 1,
        "mean": 0.529411792755,
        "median": 1,
        "min": 0,
        "stdev": 0.499134689569,
        "var": 0.249135449529
    },
    "spectral_centroid": {
        "dmean": 189.265289307,
        "dmean2": 275.065063477,
        "dvar": 63896.484375,
        "dvar2": 106777.320312,
        "max": 6730.53027344,
        "mean": 4829.64257812,
        "median": 5017.15185547,
        "min": 3048.18994141,
        "stdev": 814.121276855,
        "var": 662793.5
    },
    "spectral_complexity": {
        "dmean": 0.860215067863,
        "dmean2": 1.45945942402,
        "dvar": 1.77615356445,
        "dvar2": 3.98888993263,
        "max": 19,
        "mean": 4.72192525864,
        "median": 0,
        "min": 0,
        "stdev": 6.32604122162,
        "var": 40.0187950134
    },
    "spectral_decrease": {
        "dmean": 4.51595982831e-10,
        "dmean2": 6.8075500792e-10,
        "dvar": 8.48804974922e-19,
        "dvar2": 2.09804208732e-18,
        "max": -1.41362297403e-19,
        "mean": -1.50246781683e-09,
        "median": -1.62886593102e-10,
        "min": -1.12188240919e-08,
        "stdev": 2.27396634855e-09,
        "var": 5.17092273039e-18
    },
    "spectral_energy": {
        "dmean": 0.00554360123351,
        "dmean2": 0.00842411536723,
        "dvar": 0.000144572710269,
        "dvar2": 0.000350792775862,
        "max": 0.151351571083,
        "mean": 0.0198854077607,
        "median": 0.00168435461819,
        "min": 1.89522919927e-12,
        "stdev": 0.0309845600277,
        "var": 0.00096004299121
    },
    "spectral_energyband_high": {
        "dmean": 0.00547677930444,
        "dmean2": 0.00833780132234,
        "dvar": 0.000140880394611,
        "dvar2": 0.000339375750627,
        "max": 0.147934511304,
        "mean": 0.0192979164422,
        "median": 0.00160322804004,
        "min": 9.31880549289e-13,
        "stdev": 0.0302783101797,
        "var": 0.0009167760727
    },
    "spectral_energyband_low": {
        "dmean": 4.5761862566e-07,
        "dmean2": 7.81327116783e-07,
        "dvar": 1.02752051659e-12,
        "dvar2": 3.14405294334e-12,
        "max": 1.07249643406e-05,
        "mean": 6.76456522797e-07,
        "median": 2.88226004841e-07,
        "min": 2.07068588079e-13,
        "stdev": 1.21406992548e-06,
        "var": 1.47396580618e-12
    },
    "spectral_energyband_middle_high": {
        "dmean": 0.000156690046424,
        "dmean2": 0.000233907878282,
        "dvar": 8.51928021461e-08,
        "dvar2": 2.14538644627e-07,
        "max": 0.0034233124461,
        "mean": 0.00058726669522,
        "median": 0.000105413011624,
        "min": 3.84080300116e-13,
        "stdev": 0.000854258541949,
        "var": 7.29757630324e-07
    },
    "spectral_energyband_middle_low": {
        "dmean": 3.27364233499e-08,
        "dmean2": 5.05058039835e-08,
        "dvar": 9.26736291195e-15,
        "dvar2": 2.25938703375e-14,
        "max": 1.22622884646e-06,
        "mean": 5.98593032919e-08,
        "median": 3.08013383687e-08,
        "min": 2.45815466506e-13,
        "stdev": 1.0511755022e-07,
        "var": 1.10496989569e-14
    },
    "spectral_entropy": {
        "dmean": 0.143716096878,
        "dmean2": 0.222917333245,
        "dvar": 0.0292989779264,
        "dvar2": 0.0559207908809,
        "max": 9.03796672821,
        "mean": 7.62529373169,
        "median": 7.67353487015,
        "min": 6.86589336395,
        "stdev": 0.390480518341,
        "var": 0.152475044131
    },
    "spectral_flux": {
        "dmean": 0.0103058842942,
        "dmean2": 0.0156036708504,
        "dvar": 0.000254921498708,
        "dvar2": 0.00058312015608,
        "max": 0.259689360857,
        "mean": 0.0600248798728,
        "median": 0.022689845413,
        "min": 0.000358310353477,
        "stdev": 0.0696883946657,
        "var": 0.00485647283494
    },
    "spectral_kurtosis": {
        "dmean": 0.462261766195,
        "dmean2": 0.66302716732,
        "dvar": 0.162857070565,
        "dvar2": 0.334771543741,
        "max": 6.69414806366,
        "mean": 2.01161718369,
        "median": 1.47034168243,
        "min": -0.731286525726,
        "stdev": 1.81124484539,
        "var": 3.28060793877
    },
    "spectral_rms": {
        "dmean": 0.000418513052864,
        "dmean2": 0.000599453924224,
        "dvar": 4.48162438715e-07,
        "dvar2": 1.00174577256e-06,
        "max": 0.012151545845,
        "mean": 0.00296720373444,
        "median": 0.00128190196119,
        "min": 4.30000461904e-08,
        "stdev": 0.00325516448356,
        "var": 1.05960953078e-05
    },
    "spectral_rolloff": {
        "dmean": 562.062683105,
        "dmean2": 914.288024902,
        "dvar": 1022808.25,
        "dvar2": 1501512.125,
        "max": 17721.8261719,
        "mean": 9008.94140625,
        "median": 9065.47851562,
        "min": 6029.296875,
        "stdev": 1898.05908203,
        "var": 3602628.5
    },
    "spectral_skewness": {
        "dmean": 0.107451677322,
        "dmean2": 0.15495659411,
        "dvar": 0.00916112214327,
        "dvar2": 0.0203625932336,
        "max": 1.98194098473,
        "mean": 1.07786738873,
        "median": 0.98322480917,
        "min": 0.196001410484,
        "stdev": 0.375833809376,
        "var": 0.141251057386
    },
    "spectral_spread": {
        "dmean": 448689.59375,
        "dmean2": 648549.375,
        "dvar": 936369979392,
        "dvar2": 1.00796268544e+12,
        "max": 18959612,
        "mean": 5468926,
        "median": 5166429,
        "min": 3554399.75,
        "stdev": 1557552,
        "var": 2.4259681321e+12
    },
    "spectral_strongpeak": {
        "dmean": 3.34658741951,
        "dmean2": 4.93569850922,
        "dvar": 22.2033481598,
        "dvar2": 49.4565391541,
        "max": 47.8637466431,
        "mean": 9.63066387177,
        "median": 5.02888965607,
        "min": 0,
        "stdev": 11.2989740372,
        "var": 127.666816711
    },
    "zerocrossingrate": {
        "dmean": 0.0136246215552,
        "dmean2": 0.0138328755274,
        "dvar": 0.000320634746458,
        "dvar2": 0.000225408512051,
        "max": 0.43603515625,
        "mean": 0.313471347094,
        "median": 0.31494140625,
        "min": 0.01953125,
        "stdev": 0.0560926236212,
        "var": 0.00314638251439
    },
    "barkbands": {
        "dmean": [8.77164893609e-07, 2.04033796081e-07, 2.05316030844e-08, 1.22736008024e-08, 2.01621830342e-08, 3.91889720674e-09, 2.64001842609e-09, 2.4867479187e-09, 3.88873466761e-09, 4.42864322991e-09, 1.33876199016e-08, 1.77534232648e-07, 4.84195993522e-07, 7.71720124249e-07, 1.01995260593e-06, 1.88638332475e-05, 2.08605524676e-05, 4.50036859547e-05, 8.94565600902e-05, 0.000331964169163, 0.000399885029765, 0.00258835195564, 0.00135399145074, 0.0025064938236, 0.00152467819862, 0.000682240759488, 6.06796602369e-05],
        "dmean2": [1.53454300289e-06, 3.71999078652e-07, 3.5900200146e-08, 2.03538768062e-08, 3.40970096602e-08, 6.60780541395e-09, 4.35035785173e-09, 4.30873559054e-09, 6.71033717481e-09, 8.00123789446e-09, 2.1709592346e-08, 2.55318752806e-07, 6.25668576504e-07, 1.01503144379e-06, 1.36164680953e-06, 3.21495863318e-05, 2.76280770777e-05, 6.32824812783e-05, 0.000132624569233, 0.000576501945034, 0.000673833128531, 0.00377550022677, 0.00202052504756, 0.00383719359525, 0.00249294866808, 0.00104262225796, 0.000102289028291],
        "dvar": [4.66418917378e-12, 1.22858659552e-13, 1.9282417053e-15, 1.04286802345e-15, 5.95600745983e-15, 1.20030350618e-17, 6.89927526129e-18, 7.20299943861e-18, 2.0102682568e-17, 1.19310308093e-16, 9.31694525607e-16, 2.37477924695e-13, 1.18387168558e-12, 2.74572248618e-12, 7.98802864133e-12, 1.20397336545e-09, 4.00093336239e-09, 8.01751021129e-09, 3.18677457756e-08, 6.73972635923e-07, 6.24774827429e-07, 3.55229094566e-05, 1.18694097182e-05, 6.08790505794e-05, 1.14412987386e-05, 3.64452466783e-06, 3.92702048657e-08],
        "dvar2": [1.66405552532e-11, 3.7538369765e-13, 4.61332174854e-15, 1.9381793076e-15, 1.66767980176e-14, 3.37637622902e-17, 2.09862371937e-17, 2.35295429533e-17, 5.86972524275e-17, 3.39114325584e-16, 2.08589401855e-15, 4.8923912881e-13, 2.12797292808e-12, 5.55666320248e-12, 1.4922080932e-11, 3.76819508929e-09, 6.25053298009e-09, 1.51677124194e-08, 8.59288107335e-08, 1.89685363239e-06, 1.56306953158e-06, 7.82453935244e-05, 3.21140432789e-05, 0.000165022269357, 3.29513313773e-05, 7.73271312937e-06, 1.11792928692e-07],
        "max": [1.95457614609e-05, 2.69062934422e-06, 3.00213940818e-07, 3.14956025704e-07, 8.77632999163e-07, 3.08162526608e-08, 2.1111656423e-08, 2.36904273976e-08, 3.65360186549e-08, 9.70818021528e-08, 2.85037060621e-07, 6.23223786533e-06, 1.7341450075e-05, 2.39159326156e-05, 3.68925902876e-05, 0.000220582587644, 0.000744151242543, 0.00106897449587, 0.00199232366867, 0.00816040486097, 0.00670396955684, 0.0704539343715, 0.0357352644205, 0.0886660516262, 0.037615083158, 0.0267471503466, 0.00157312932424],
        "mean": [8.98351686374e-07, 2.78529086017e-07, 2.10733812622e-08, 1.49872754207e-08, 2.30817889246e-08, 6.23250873133e-09, 4.35514957431e-09, 3.97987420797e-09, 5.85341952686e-09, 5.60224311386e-09, 2.10559534253e-08, 4.64048781623e-07, 1.4518353737e-06, 2.70917576017e-06, 3.29847262037e-06, 2.56477669609e-05, 4.83397270727e-05, 0.000135858674184, 0.000214843152207, 0.000634024618194, 0.000851136574056, 0.00547324446961, 0.00286610471085, 0.00515461806208, 0.0031876990106, 0.00119347625878, 9.04110856936e-05],
        "median": [3.30497442746e-07, 1.52783968588e-07, 4.86123852284e-09, 4.70491112736e-09, 7.3548012125e-09, 5.17358555996e-09, 3.75601594271e-09, 3.39233285906e-09, 4.5005159599e-09, 2.89206059101e-09, 4.65769200986e-09, 4.27794120128e-08, 6.08462400464e-08, 1.05696138064e-07, 6.258301255e-08, 2.44770535573e-06, 1.15217262646e-05, 2.73237583315e-05, 2.36005453189e-05, 2.00771519303e-05, 3.92469228245e-05, 0.000674422830343, 0.000164902477991, 0.000262198067503, 0.000163218690432, 1.56597379828e-05, 2.9575193139e-07],
        "min": [1.01083305951e-13, 1.13065413694e-13, 3.57639231543e-14, 1.34210456198e-14, 2.28202331164e-14, 2.91774457785e-14, 2.97498232104e-14, 5.58069317483e-14, 7.53334027104e-14, 4.84002520408e-14, 2.33957886159e-14, 4.68170492066e-14, 1.88526799695e-14, 3.66706244905e-14, 3.98056526705e-14, 4.2514724922e-14, 7.0077007619e-14, 2.56156569887e-14, 2.12076212982e-14, 5.17087966141e-14, 2.64672554435e-14, 5.51223224509e-14, 4.33205954561e-14, 8.14256092565e-14, 8.35121156798e-14, 2.54347405767e-13, 3.86292858595e-13],
        "stdev": [2.03804029297e-06, 3.89285133906e-07, 4.75085215612e-08, 3.72537201088e-08, 6.92373589573e-08, 4.83679540864e-09, 2.97892488454e-09, 2.82410539398e-09, 5.04409136681e-09, 9.77148317816e-09, 4.18332817276e-08, 9.51408082983e-07, 2.93646326099e-06, 4.85062946609e-06, 6.09871540291e-06, 4.45005498477e-05, 9.5094430435e-05, 0.000219999856199, 0.00034579259227, 0.00122114864644, 0.00138762453571, 0.0104865059257, 0.00589167745784, 0.011935826391, 0.00603317609057, 0.00327567313798, 0.000239212313318],
        "var": [4.15360844677e-12, 1.51542922091e-13, 2.25705968367e-15, 1.38783976715e-15, 4.79381176411e-15, 2.33945900907e-17, 8.87399361147e-18, 7.97557124148e-18, 2.54428580323e-17, 9.54818816235e-17, 1.75002332622e-15, 9.05177354512e-13, 8.62281600289e-12, 2.35286061467e-11, 3.71943274791e-11, 1.98029903586e-09, 9.0429503885e-09, 4.83999365031e-08, 1.19572518997e-07, 1.49120398873e-06, 1.92550169231e-06, 0.000109966807941, 3.47118657373e-05, 0.000142463948578, 3.63992148777e-05, 1.07300347736e-05, 5.72225289375e-08]
    },
    "erbbands": {
        "dmean": [1.37982833621e-05, 2.28341159527e-05, 2.08467299672e-05, 3.10954201268e-05, 8.4067491116e-05, 4.7906247346e-05, 2.74032299785e-05, 3.51348317054e-05, 3.9157072024e-05, 4.51068881375e-05, 5.58089850529e-05, 9.17856668821e-05, 9.78811149253e-05, 0.000230407225899, 0.00216201902367, 0.00755073549226, 0.0170138850808, 0.0444330908358, 0.0446479432285, 0.241762503982, 1.3300806284, 0.916114211082, 1.85177183151, 2.78605532646, 5.94578695297, 10.8052072525, 17.6625576019, 25.5333690643, 72.8320770264, 79.0808410645, 36.5211639404, 48.6766700745, 41.5698432922, 24.4141464233, 10.8277225494, 3.11018586159, 1.26851415634, 0.19848459959, 0.0107420394197, 0.00033053784864],
        "dmean2": [2.50031371252e-05, 4.14723617723e-05, 3.63572180504e-05, 5.00424757774e-05, 0.000135769339977, 8.05719246273e-05, 4.84965021315e-05, 6.08645423199e-05, 6.7033142841e-05, 7.87911994848e-05, 9.57821102929e-05, 0.000157896705787, 0.000168373895576, 0.000421449338319, 0.00322726671584, 0.0103221368045, 0.0200046300888, 0.0517027527094, 0.0590038150549, 0.385126680136, 1.99539899826, 1.23058533669, 2.61111021042, 4.22792959213, 9.26843166351, 16.4653816223, 32.2499313354, 44.7215881348, 107.584625244, 117.29083252, 59.9824180603, 79.536026001, 62.1542663574, 41.9179534912, 16.4110488892, 4.94590091705, 1.9069507122, 0.310979425907, 0.017231747508, 0.000512501341291],
        "dvar": [7.63508645196e-10, 1.28810317968e-09, 2.22304441522e-09, 4.35394298393e-09, 9.9944159615e-08, 1.7595649382e-08, 1.12899301019e-09, 1.23992927037e-09, 1.44708722782e-09, 2.53005816298e-09, 3.86520726536e-09, 1.06239124165e-08, 3.21361923739e-08, 4.54528986893e-07, 2.76398041024e-05, 0.000345745967934, 0.00117183488328, 0.00895099714398, 0.0100747747347, 0.225811704993, 7.41053152084, 4.78318595886, 14.6492185593, 30.2050170898, 120.42779541, 639.443603516, 1629.36474609, 4481.88525391, 26244.65625, 37671.375, 11793.7294922, 33846.6914062, 11438.6923828, 2629.27929688, 694.663757324, 73.8001480103, 26.6222858429, 0.377205997705, 0.00112848985009, 7.43853718177e-07],
        "dvar2": [2.33976371611e-09, 4.00895761032e-09, 5.38896927083e-09, 8.79351969019e-09, 2.5998218689e-07, 4.61672939878e-08, 2.78761325134e-09, 3.7648941742e-09, 4.36069402809e-09, 7.97694710286e-09, 1.2926288484e-08, 3.1221102148e-08, 9.26938028556e-08, 1.34593040002e-06, 6.19272104814e-05, 0.000680424564052, 0.00167056999635, 0.0152347050607, 0.0197939481586, 0.549544394016, 15.9407587051, 8.9901714325, 29.1428794861, 75.1544113159, 328.560546875, 1610.95654297, 4929.02099609, 13682.03125, 54172.6523438, 92818.3125, 34526.40625, 96219.0390625, 28226.9003906, 7817.5234375, 1806.80847168, 190.386489868, 60.5627098083, 0.726960539818, 0.0031809094362, 1.98940051632e-06],
        "max": [0.0002539177367, 0.000313256983645, 0.000305601075524, 0.000641238701064, 0.00374775775708, 0.00151496951003, 0.000287929549813, 0.000313777156407, 0.000263113994151, 0.000369630026398, 0.000505319330841, 0.000846414419357, 0.00158930814359, 0.00622672121972, 0.0523710772395, 0.280170232058, 0.650684833527, 1.56008005142, 1.15842580795, 4.12426948547, 32.9176635742, 24.4385623932, 40.2080802917, 76.6108398438, 110.178672791, 237.451690674, 395.700836182, 769.096984863, 1805.62976074, 2309.52001953, 1170.40002441, 2068.2434082, 1284.47167969, 505.442047119, 291.329711914, 88.0058517456, 75.934753418, 7.26830244064, 0.334134221077, 0.00976039189845],
        "mean": [1.74734468601e-05, 3.56283744622e-05, 2.73020177701e-05, 3.79742959922e-05, 9.17603611015e-05, 5.86108726566e-05, 3.70098568965e-05, 5.38772146683e-05, 6.56854754197e-05, 6.89095104462e-05, 9.95581212919e-05, 0.00013350872905, 0.000144505291246, 0.000343005318427, 0.00505752535537, 0.0224633440375, 0.06078331545, 0.14216811955, 0.165039852262, 0.478420197964, 2.27555847168, 2.71304702759, 5.58262729645, 8.46495056152, 14.255531311, 24.9361343384, 36.2693634033, 52.0261688232, 150.92578125, 189.845001221, 77.1137161255, 90.1812133789, 81.9328308105, 50.6205177307, 19.3088226318, 5.63066625595, 2.16009545326, 0.343925356865, 0.0173079930246, 0.000642732076813],
        "median": [6.98709391145e-06, 2.50873144978e-05, 1.0044616829e-05, 1.05696199171e-05, 2.58775871771e-05, 2.06329132197e-05, 2.50601842708e-05, 4.46989906777e-05, 5.81535714446e-05, 5.66998642171e-05, 8.01801434136e-05, 0.000100958219264, 8.92946918611e-05, 0.000137505616294, 0.000815120816696, 0.00160699314438, 0.00271313847043, 0.0059226215817, 0.00616527255625, 0.0205420982093, 0.372028678656, 0.72624617815, 0.922087907791, 1.63623273373, 0.969237148762, 0.975819826126, 1.64328157902, 3.93718242645, 27.6122608185, 16.4941558838, 4.91768407822, 4.73174381256, 4.67621135712, 3.45672702789, 0.47681504488, 0.100506804883, 0.020069770515, 0.00102572876494, 0.000111538611236, 1.84851232916e-05],
        "min": [4.75451449045e-12, 2.03332350956e-11, 4.23551610451e-11, 4.68465335968e-11, 4.02038818903e-11, 8.3290069286e-11, 1.9001093754e-10, 2.4428487011e-10, 3.2101057923e-10, 7.81843700892e-10, 1.3541577859e-09, 1.67928537742e-09, 1.82051640429e-09, 1.05292241592e-09, 1.33363542432e-09, 1.81043113834e-09, 9.35470256813e-10, 1.60839341845e-09, 2.0197301609e-09, 2.52815035573e-09, 2.36109576335e-09, 3.79816222917e-09, 1.26436749959e-09, 1.45473155744e-09, 1.34465494295e-09, 2.6061952596e-09, 1.21868526382e-09, 1.50515699904e-09, 2.02828132068e-09, 1.78226267078e-09, 9.34950672438e-10, 2.01663374888e-09, 1.2060559218e-09, 8.80417960758e-10, 6.4764210661e-10, 1.43565626054e-09, 3.37987665633e-10, 8.87032530761e-11, 6.74155245517e-11, 5.5731092484e-12],
        "stdev": [3.11411022267e-05, 3.54298535967e-05, 5.04934578203e-05, 7.85475058365e-05, 0.000300951534882, 0.000133431662107, 4.04052443628e-05, 4.23152087023e-05, 4.14530550188e-05, 5.23923263245e-05, 6.78472133586e-05, 0.000115359682241, 0.000178245361894, 0.000609096896369, 0.0098193148151, 0.0448492839932, 0.113023519516, 0.268465250731, 0.274091184139, 0.817349910736, 4.31748628616, 4.21483945847, 8.79627132416, 13.2203731537, 22.7473335266, 45.4413833618, 66.3906784058, 96.52734375, 277.289581299, 364.241729736, 157.922973633, 234.437194824, 178.014221191, 90.4431304932, 42.9513549805, 12.1756763458, 7.92711305618, 1.07355964184, 0.0441681593657, 0.00138122471981],
        "var": [9.69768154668e-10, 1.25527455097e-09, 2.54958942847e-09, 6.16971096434e-09, 9.05718238187e-08, 1.78040089338e-08, 1.63258373487e-09, 1.79057679794e-09, 1.71835567997e-09, 2.74495604025e-09, 4.60324400819e-09, 1.33078561504e-08, 3.17714103915e-08, 3.70999003962e-07, 9.64189384831e-05, 0.00201145838946, 0.0127743156627, 0.0720735937357, 0.075125977397, 0.668060898781, 18.6406879425, 17.7648715973, 77.3743896484, 174.778259277, 517.441162109, 2064.91918945, 4407.72265625, 9317.52832031, 76889.515625, 132672.046875, 24939.6640625, 54960.8007812, 31689.0605469, 8179.96044922, 1844.81884766, 148.247085571, 62.8391189575, 1.15253043175, 0.00195082626306, 1.90778177966e-06]
    },
    "gfcc": {
        "mean": [-289.727935791, -184.573898315, -111.859779358, 95.0530548096, -40.4274635315, 28.5396595001, -32.5091552734, 18.2239131927, -12.5855808258, 4.81480932236, -4.33248901367, 16.1840267181, -14.1091766357],
        "cov": [[23370.515625, -12426.0830078, -2123.39355469, 2605.48022461, 718.949035645, 2584.33496094, -1495.11425781, -1118.43713379, -928.911193848, 1293.40527344, -808.47479248, -112.001091003, 148.011352539], [-12426.0830078, 7446.06201172, 1222.17687988, -1452.60595703, -372.624542236, -1587.79675293, 896.275512695, 647.066040039, 483.529052734, -823.826965332, 528.088562012, 40.7651252747, -166.395324707], [-2123.39355469, 1222.17687988, 610.956542969, -474.908477783, 29.8528652191, -280.864074707, 97.5827865601, 80.3620223999, 167.808502197, -133.378128052, -80.9788589478, -15.5145435333, 55.2906341553], [2605.48022461, -1452.60595703, -474.908477783, 622.774291992, -85.5885467529, 328.105102539, -171.73097229, -59.1090431213, -112.005050659, 133.408111572, -35.6486587524, 31.7123184204, 28.7028484344], [718.949035645, -372.624542236, 29.8528652191, -85.5885467529, 239.255584717, 67.7045898438, -30.2643718719, -105.078819275, -60.0524139404, 66.2476730347, -20.7424926758, -70.3499755859, -33.9836540222], [2584.33496094, -1587.79675293, -280.864074707, 328.105102539, 67.7045898438, 424.982574463, -179.010269165, -136.102233887, -121.385826111, 183.196807861, -84.7776947021, -7.7385635376, 32.5712623596], [-1495.11425781, 896.275512695, 97.5827865601, -171.73097229, -30.2643718719, -179.010269165, 172.14125061, 65.9463119507, 30.0503635406, -91.2146148682, 98.7827224731, -1.58442890644, -54.9128799438], [-1118.43713379, 647.066040039, 80.3620223999, -59.1090431213, -105.078819275, -136.102233887, 65.9463119507, 151.953826904, 77.1566619873, -86.6761856079, 44.7642021179, 27.543636322, 24.6695518494], [-928.911193848, 483.529052734, 167.808502197, -112.005050659, -60.0524139404, -121.385826111, 30.0503635406, 77.1566619873, 159.218643188, -56.7179794312, -40.7188720703, 47.4320068359, 44.168838501], [1293.40527344, -823.826965332, -133.378128052, 133.408111572, 66.2476730347, 183.196807861, -91.2146148682, -86.6761856079, -56.7179794312, 160.300735474, -50.4572868347, -22.5922832489, 32.1809844971], [-808.47479248, 528.088562012, -80.9788589478, -35.6486587524, -20.7424926758, -84.7776947021, 98.7827224731, 44.7642021179, -40.7188720703, -50.4572868347, 208.550842285, -13.3145189285, -73.3636779785], [-112.001091003, 40.7651252747, -15.5145435333, 31.7123184204, -70.3499755859, -7.7385635376, -1.58442890644, 27.543636322, 47.4320068359, -22.5922832489, -13.3145189285, 116.95917511, 10.6688346863], [148.011352539, -166.395324707, 55.2906341553, 28.7028484344, -33.9836540222, 32.5712623596, -54.9128799438, 24.6695518494, 44.168838501, 32.1809844971, -73.3636779785, 10.6688346863, 129.812515259]],
        "icov": [[0.00049106759252, 0.000826278992463, -0.000330987822963, -0.000656915188301, -0.000462110881926, 0.000441923679318, 0.000153505243361, 1.52346510731e-05, 0.000405657163355, 0.000375650415663, -8.57370105223e-05, -6.6616521508e-05, 0.000341501174262], [0.000826278992463, 0.00343894865364, -0.00175889662933, -0.000226517004194, 0.000496978580486, 0.00381942954846, -0.00291554071009, -0.0009232792072, 0.000230422025197, 0.00231130374596, -0.00227933563292, 0.000205289223231, 0.000422702054493], [-0.000330987822963, -0.00175889662933, 0.00821052864194, 0.00439265230671, -0.000900940445717, -0.00184329238255, 0.00170953187626, 0.000532592704985, -0.00234217057005, 0.0018924648175, 0.00447012018412, 0.00150469364598, -0.00276653491892], [-0.000656915188301, -0.000226517004194, 0.00439265230671, 0.00817998964339, 0.00359304156154, -0.00128453329671, 0.000923953950405, -0.00130523426924, -0.000558210187592, 0.00112975691445, 0.000631711096503, 0.000829457887448, -0.00112044531852], [-0.000462110881926, 0.000496978580486, -0.000900940445717, 0.00359304156154, 0.0102911656722, 0.000690130516887, -0.000512783939485, 0.00299834623002, -5.3527084674e-05, -0.00154976686463, -0.00142149033491, 0.00320744328201, 0.00182289129589], [0.000441923679318, 0.00381942954846, -0.00184329238255, -0.00128453329671, 0.000690130516887, 0.0134776486084, -0.00182952301111, -8.90447699931e-05, 0.00219930429012, -0.00125535775442, -0.00248517235741, -0.000894359371159, -0.000265060371021], [0.000153505243361, -0.00291554071009, 0.00170953187626, 0.000923953950405, -0.000512783939485, -0.00182952301111, 0.0205844305456, -0.000349553185515, 0.00127725803759, -0.00233993981965, -0.000563052017242, -0.000337787350873, 0.00410920288414], [1.52346510731e-05, -0.0009232792072, 0.000532592704985, -0.00130523426924, 0.00299834623002, -8.90447699931e-05, -0.000349553185515, 0.0175610184669, -0.00432141777128, 0.00358734210022, -0.0025462701451, 0.00100780860521, -0.00475777033716], [0.000405657163355, 0.000230422025197, -0.00234217057005, -0.000558210187592, -5.3527084674e-05, 0.00219930429012, 0.00127725803759, -0.00432141777128, 0.0154145769775, -0.00173001282383, 0.003168518655, -0.00484760431573, -0.000877297425177], [0.000375650415663, 0.00231130374596, 0.0018924648175, 0.00112975691445, -0.00154976686463, -0.00125535775442, -0.00233993981965, 0.00358734210022, -0.00173001282383, 0.0187579747289, -0.00130241166335, 0.00226429477334, -0.00526749528944], [-8.57370105223e-05, -0.00227933563292, 0.00447012018412, 0.000631711096503, -0.00142149033491, -0.00248517235741, -0.000563052017242, -0.0025462701451, 0.003168518655, -0.00130241166335, 0.0128001505509, 0.000438152143033, 0.00207237759605], [-6.6616521508e-05, 0.000205289223231, 0.00150469364598, 0.000829457887448, 0.00320744328201, -0.000894359371159, -0.000337787350873, 0.00100780860521, -0.00484760431573, 0.00226429477334, 0.000438152143033, 0.0124196475372, 0.000559445237741], [0.000341501174262, 0.000422702054493, -0.00276653491892, -0.00112044531852, 0.00182289129589, -0.000265060371021, 0.00410920288414, -0.00475777033716, -0.000877297425177, -0.00526749528944, 0.00207237759605, 0.000559445237741, 0.0151976570487]]
    },
    "melbands": {
        "dmean": [1.15047861016e-07, 1.40061331422e-08, 6.61469545804e-09, 4.94948348972e-09, 9.31388077774e-10, 7.63593077657e-10, 5.82111636671e-10, 5.13403097813e-10, 4.9548093406e-10, 5.75515524126e-10, 4.92467511215e-10, 8.26796409115e-10, 4.03317068631e-09, 1.85574329237e-08, 2.32919834531e-08, 5.62120767711e-08, 8.7248224645e-08, 6.87552983436e-08, 1.14473117208e-07, 8.87404667083e-07, 1.87465423096e-06, 1.22635628941e-06, 1.22266601466e-06, 2.48821424975e-06, 2.36964001488e-06, 4.2603305701e-06, 5.50292043044e-06, 9.21584978641e-06, 1.43964334711e-05, 1.01988607639e-05, 2.02934770641e-05, 3.80729106837e-05, 6.66059277137e-05, 4.01394281653e-05, 2.45880200964e-05, 2.04632233363e-05, 3.80166493414e-05, 2.50043231063e-05, 3.98777447117e-05, 2.11499245779e-05],
        "dmean2": [1.99722990146e-07, 2.41992346162e-08, 1.00588453122e-08, 8.04768518492e-09, 1.61024382717e-09, 1.30960431388e-09, 9.86235204614e-10, 8.87265372285e-10, 8.48833725531e-10, 9.93512605518e-10, 8.50910397698e-10, 1.53436996442e-09, 6.03851946224e-09, 2.69877773462e-08, 3.07742915595e-08, 7.01293103589e-08, 1.03941431462e-07, 9.68252322764e-08, 1.5869802894e-07, 1.47959394781e-06, 2.66228948931e-06, 1.63244067153e-06, 1.76158937393e-06, 3.34693231707e-06, 3.66495214621e-06, 6.3996467361e-06, 9.41232246987e-06, 1.44724017446e-05, 2.55484555964e-05, 1.70140392584e-05, 3.51314156433e-05, 5.63633657293e-05, 0.00010489707347, 6.31107832305e-05, 4.13143716287e-05, 3.10312061629e-05, 6.21558938292e-05, 3.9020080294e-05, 6.49032663205e-05, 3.63722610928e-05],
        "dvar": [5.89053274474e-14, 6.90723869448e-16, 3.13464129768e-16, 3.36532489752e-16, 1.57335129182e-18, 5.162303922e-19, 2.92078327322e-19, 2.89700700049e-19, 2.94831727238e-19, 4.16351461011e-19, 7.50601885804e-19, 6.75133814464e-18, 8.94495313488e-17, 2.86506056848e-15, 2.48604614711e-15, 1.54180376013e-14, 3.42062532813e-14, 2.65374151825e-14, 8.78867155918e-14, 3.03428397859e-12, 1.67402966489e-11, 9.87376933687e-12, 6.14498165893e-12, 2.24652605546e-11, 2.22733324839e-11, 8.55433779368e-11, 1.3063027049e-10, 4.7338799547e-10, 1.14391696115e-09, 4.26631507899e-10, 4.77815165212e-09, 1.02232426968e-08, 2.07042702982e-08, 1.25652075411e-08, 7.73141461963e-09, 2.93325608247e-09, 2.57640948575e-08, 4.12522949134e-09, 1.43337537395e-08, 1.97719396411e-09],
        "dvar2": [1.82086659119e-13, 1.82273909304e-15, 6.81190460687e-16, 9.08902986579e-16, 3.49172664816e-18, 1.54641363818e-18, 8.8522625428e-19, 9.37807644278e-19, 9.57617792768e-19, 1.21851014438e-18, 2.11344129519e-18, 1.99621462363e-17, 2.07859105929e-16, 6.06514130233e-15, 4.87132374911e-15, 2.51231700103e-14, 5.89071570386e-14, 6.28194938017e-14, 1.81199239641e-13, 8.36460588294e-12, 2.97731110599e-11, 1.73958590588e-11, 1.38368136393e-11, 4.21508175585e-11, 5.43042451284e-11, 2.25256854836e-10, 3.39069022859e-10, 1.22346044407e-09, 3.45677642066e-09, 1.09254816305e-09, 1.48916692311e-08, 2.30481713714e-08, 4.86006008771e-08, 3.22646158679e-08, 2.3235173785e-08, 7.98364663268e-09, 7.55848077461e-08, 8.80864181596e-09, 4.31188240668e-08, 5.91667337346e-09],
        "max": [2.48839501182e-06, 2.11378164749e-07, 2.08781202105e-07, 2.15477655274e-07, 1.16631868607e-08, 6.52907594656e-09, 3.551295924e-09, 3.83802500892e-09, 4.11232115027e-09, 5.50326362259e-09, 7.47156203573e-09, 2.4343034255e-08, 1.0518671445e-07, 6.70485633236e-07, 7.76451543061e-07, 2.12645250031e-06, 2.95646873383e-06, 1.74637955297e-06, 3.56000896318e-06, 1.2267947568e-05, 5.26928233739e-05, 3.30611474055e-05, 2.09047539101e-05, 6.29858914181e-05, 6.5600455855e-05, 9.84439975582e-05, 0.000112671383249, 0.000207838820643, 0.000319688377203, 0.000202673167223, 0.000779803143814, 0.00126506166998, 0.00140045559965, 0.00136857957114, 0.000957951066084, 0.000607280468103, 0.00188553717453, 0.00071157689672, 0.0012216999894, 0.000390139350202],
        "mean": [1.61922187658e-07, 2.29700578558e-08, 8.49988435192e-09, 5.74180791801e-09, 1.37427236258e-09, 1.21935894715e-09, 9.89012316488e-10, 7.75307706924e-10, 8.62908688948e-10, 8.26483326222e-10, 6.89667878362e-10, 9.51729361987e-10, 7.83855291786e-09, 4.79323460922e-08, 7.77947022357e-08, 1.72928153575e-07, 2.67626631967e-07, 2.35394949755e-07, 2.95066683975e-07, 1.2607432609e-06, 2.97346264233e-06, 3.09354913952e-06, 2.89529725706e-06, 6.91963032295e-06, 6.49019148113e-06, 8.71008251124e-06, 1.12869856821e-05, 1.87778550753e-05, 2.35735133174e-05, 2.02697792702e-05, 3.25857909047e-05, 7.16741196811e-05, 0.000131117587443, 8.96826968528e-05, 4.2656021833e-05, 3.8434882299e-05, 6.27191038802e-05, 5.13893646712e-05, 6.27392728347e-05, 3.70181260223e-05],
        "median": [7.18759736174e-08, 1.41064209203e-08, 2.37678565718e-09, 1.5715249102e-09, 8.37989566627e-10, 9.97233517985e-10, 8.77455386128e-10, 6.63569366122e-10, 6.6629990414e-10, 6.24642004787e-10, 4.22234802677e-10, 3.88084786529e-10, 1.64839231154e-09, 4.40342740049e-09, 3.47617090668e-09, 6.12615336237e-09, 1.06608384343e-08, 5.99748384289e-09, 5.34415312003e-09, 7.30837470542e-08, 4.43684712081e-07, 7.90450712884e-07, 2.67777295448e-07, 1.36348887736e-06, 1.27358123336e-06, 7.91667389421e-07, 5.33080424248e-07, 6.69875817039e-07, 5.96634890826e-07, 1.02367698673e-06, 1.44823559367e-06, 1.44374407682e-05, 1.62284595717e-05, 4.91801483804e-06, 2.08876667784e-06, 1.84107909718e-06, 2.52011568591e-06, 1.89194429367e-06, 5.37769119546e-06, 1.17902436614e-06],
        "min": [4.17976607102e-14, 2.32762909018e-14, 7.79643175377e-15, 4.07197790975e-15, 6.26177407181e-15, 5.48939649094e-15, 5.22999349788e-15, 9.41855914007e-15, 1.13420820248e-14, 1.07079237038e-14, 9.04186580074e-15, 4.32070235845e-15, 3.7357214998e-15, 5.42740087898e-15, 3.27741759479e-15, 1.85278504575e-15, 3.14208925839e-15, 3.28507773725e-15, 3.06483159503e-15, 3.39171177377e-15, 2.68232591561e-15, 4.34214118586e-15, 1.97199498044e-15, 1.11287741412e-15, 1.17779063107e-15, 7.95765431089e-16, 1.21703991438e-15, 1.90146042934e-15, 8.87115234533e-16, 6.21460450104e-16, 9.2819447959e-16, 1.47230038694e-15, 7.14577587792e-16, 1.03151979366e-15, 2.70611065371e-16, 1.19678375672e-15, 1.15122291328e-15, 5.83834134856e-16, 1.24003580011e-15, 5.40233219775e-16],
        "stdev": [2.82823862108e-07, 2.85162116143e-08, 1.98773424387e-08, 1.72292473621e-08, 1.58821011897e-09, 9.12872166747e-10, 6.12951300827e-10, 5.79101322451e-10, 6.08879224817e-10, 7.28151872131e-10, 8.73899508314e-10, 2.16181339496e-09, 1.5500820183e-08, 9.893668107e-08, 1.47148497831e-07, 3.38805108413e-07, 5.10982829383e-07, 4.00605273398e-07, 5.75848616791e-07, 2.31543140217e-06, 6.36986123936e-06, 5.29559247298e-06, 4.50136303698e-06, 1.18295583889e-05, 1.050157789e-05, 1.52896500367e-05, 1.89555466932e-05, 3.59996665793e-05, 4.80729067931e-05, 3.43469910149e-05, 8.00626439741e-05, 0.000151171916514, 0.000239251472522, 0.000183747630217, 0.000100776494946, 7.7218937804e-05, 0.000192436549696, 0.000114846276119, 0.000144154197187, 7.19804011169e-05],
