{
"lowlevel": {
    "average_loudness": 0.156780153513,
    "barkbands_crest": {
        "dmean": 3.25338578224,
        "dmean2": 5.47472858429,
        "dvar": 8.77425289154,
        "dvar2": 20.1061344147,
        "max": 24.2154064178,
        "mean": 12.0549278259,
        "median": 12.921339035,
        "min": 2.96805357933,
        "stdev": 6.40104198456,
        "var": 40.9733390808
    },
    "barkbands_flatness_db": {
        "dmean": 0.0363448299468,
        "dmean2": 0.0632802844048,
        "dvar": 0.00184615224134,
        "dvar2": 0.00432524736971,
        "max": 0.571053206921,
        "mean": 0.185660913587,
        "median": 0.075923986733,
        "min": 0.015621682629,
        "stdev": 0.179662406445,
        "var": 0.0322785787284
    },
    "barkbands_kurtosis": {
        "dmean": 37.6075172424,
        "dmean2": 66.6752624512,
        "dvar": 9149.84179688,
        "dvar2": 27838.0976562,
        "max": 1051.33435059,
        "mean": 75.6447677612,
        "median": -0.298513770103,
        "min": -1.75052821636,
        "stdev": 167.761688232,
        "var": 28143.984375
    },
    "barkbands_skewness": {
        "dmean": 1.4568426609,
        "dmean2": 2.43812346458,
        "dvar": 5.31070661545,
        "dvar2": 16.1554431915,
        "max": 26.0224113464,
        "mean": 3.65081501007,
        "median": 1.02259802818,
        "min": -0.966649770737,
        "stdev": 5.79592847824,
        "var": 33.5927848816
    },
    "barkbands_spread": {
        "dmean": 13.939198494,
        "dmean2": 23.5377864838,
        "dvar": 237.419631958,
        "dvar2": 653.529785156,
        "max": 121.240951538,
        "mean": 54.894859314,
        "median": 67.7483978271,
        "min": 0.307304352522,
        "stdev": 46.0406913757,
        "var": 2119.74536133
    },
    "dissonance": {
        "dmean": 0.016431927681,
        "dmean2": 0.027826724574,
        "dvar": 0.000780277652666,
        "dvar2": 0.00208876817487,
        "max": 0.500000059605,
        "mean": 0.477739781141,
        "median": 0.490481734276,
        "min": 0.307803273201,
        "stdev": 0.0357224084437,
        "var": 0.00127609050833
    },
    "dynamic_complexity": 32.3530960083,
    "erbbands_crest": {
        "dmean": 1.37730073929,
        "dmean2": 2.39280414581,
        "dvar": 4.74664592743,
        "dvar2": 14.0127887726,
        "max": 19.6113471985,
        "mean": 5.49664878845,
        "median": 2.98964738846,
        "min": 2.20933485031,
        "stdev": 4.45251846313,
        "var": 19.8249206543
    },
    "erbbands_flatness_db": {
        "dmean": 0.0147352255881,
        "dmean2": 0.0250433944166,
        "dvar": 0.000366612075595,
        "dvar2": 0.00112202193122,
        "max": 0.278578430414,
        "mean": 0.086217738688,
        "median": 0.0600774623454,
        "min": 0.0289033148438,
        "stdev": 0.0624390915036,
        "var": 0.00389864016324
    },
    "erbbands_kurtosis": {
        "dmean": 1.254342556,
        "dmean2": 2.11989998817,
        "dvar": 5.13180875778,
        "dvar2": 15.4162034988,
        "max": 15.0408172607,
        "mean": 0.805674552917,
        "median": -0.4496986866,
        "min": -1.53547108173,
        "stdev": 3.09052085876,
        "var": 9.55131912231
    },
    "erbbands_skewness": {
        "dmean": 0.368415951729,
        "dmean2": 0.608553111553,
        "dvar": 0.274529546499,
        "dvar2": 0.853643655777,
        "max": 3.57079124451,
        "mean": 0.163724154234,
        "median": -0.347210794687,
        "min": -0.771492779255,
        "stdev": 1.04460775852,
        "var": 1.09120535851
    },
    "erbbands_spread": {
        "dmean": 9.35540294647,
        "dmean2": 16.2847232819,
        "dvar": 152.982223511,
        "dvar2": 430.331878662,
        "max": 146.58265686,
        "mean": 57.7536888123,
        "median": 54.4458389282,
        "min": 7.49753236771,
        "stdev": 29.6950473785,
        "var": 881.795837402
    },
    "hfc": {
        "dmean": 4.69926118851,
        "dmean2": 4.58523893356,
        "dvar": 366.987365723,
        "dvar2": 310.242645264,
        "max": 305.960357666,
        "mean": 10.0167779922,
        "median": 0.0121269822121,
        "min": 0.00352424336597,
        "stdev": 42.9434928894,
        "var": 1844.14355469
    },
    "loudness_ebu128": {
        "integrated": -30.6045093536,
        "loudness_range": 22.1969413757,
        "momentary": {
            "dmean": 2.00053358078,
            "dmean2": 0.533938407898,
            "dvar": 6.74511623383,
            "dvar2": 0.551534354687,
            "max": -26.5074043274,
            "mean": -73.1276092529,
            "median": -82.9019317627,
            "min": -83.5318374634,
            "stdev": 16.005525589,
            "var": 256.176879883
        },
        "short_term": {
            "dmean": 7.3989815712,
            "dmean2": 1.16778182983,
            "dvar": 0.952111244202,
            "dvar2": 0.193357169628,
            "max": -35.2534484863,
            "mean": -46.9358100891,
            "median": -47.5197029114,
            "min": -57.4503936768,
            "stdev": 8.3261680603,
            "var": 69.3250808716
        }
    },
    "melbands_crest": {
        "dmean": 4.06708240509,
        "dmean2": 6.77725887299,
        "dvar": 15.5882072449,
        "dvar2": 32.7817611694,
        "max": 39.3129501343,
        "mean": 22.3341598511,
        "median": 25.9312839508,
        "min": 3.0113697052,
        "stdev": 13.3322210312,
        "var": 177.748123169
    },
    "melbands_flatness_db": {
        "dmean": 0.0432269014418,
        "dmean2": 0.0734204500914,
        "dvar": 0.00214324798435,
        "dvar2": 0.00525507237762,
        "max": 0.73015409708,
        "mean": 0.241180494428,
        "median": 0.110810428858,
        "min": 0.0206924844533,
        "stdev": 0.228514268994,
        "var": 0.0522187687457
    },
    "melbands_kurtosis": {
        "dmean": 239.52104187,
        "dmean2": 406.289703369,
        "dvar": 358430.375,
        "dvar2": 1042445.5625,
        "max": 4317.09326172,
        "mean": 366.405761719,
        "median": 6.84468126297,
        "min": -0.427001237869,
        "stdev": 846.042602539,
        "var": 715788.125
    },
    "melbands_skewness": {
        "dmean": 3.12246608734,
        "dmean2": 5.09130907059,
        "dvar": 27.5181007385,
        "dvar2": 78.9123382568,
        "max": 51.3936729431,
        "mean": 8.40678596497,
        "median": 2.47841310501,
        "min": 0.840255260468,
        "stdev": 11.4293041229,
        "var": 130.628982544
    },
    "melbands_spread": {
        "dmean": 9.52251148224,
        "dmean2": 15.4557065964,
        "dvar": 141.742462158,
        "dvar2": 429.907073975,
        "max": 133.705825806,
        "mean": 50.8505325317,
        "median": 50.9930343628,
        "min": 0.0506490021944,
        "stdev": 46.6673812866,
        "var": 2177.84448242
    },
    "pitch_salience": {
        "dmean": 0.0949975401163,
        "dmean2": 0.157294124365,
        "dvar": 0.00779564352706,
        "dvar2": 0.0163235310465,
        "max": 0.883334457874,
        "mean": 0.419326484203,
        "median": 0.44336950779,
        "min": 0.0227610077709,
        "stdev": 0.28045463562,
        "var": 0.0786548033357
    },
    "silence_rate_20dB": {
        "dmean": 0.0143884895369,
        "dmean2": 0.0217391308397,
        "dvar": 0.0141814928502,
        "dvar2": 0.0212665013969,
        "max": 1,
        "mean": 0.921428561211,
        "median": 1,
        "min": 0,
        "stdev": 0.26906812191,
        "var": 0.0723976492882
    },
    "silence_rate_30dB": {
        "dmean": 0.00719424476847,
        "dmean2": 0.0144927538931,
        "dvar": 0.00714246975258,
        "dvar2": 0.0142827210948,
        "max": 1,
        "mean": 0.892857134342,
        "median": 1,
        "min": 0,
        "stdev": 0.309294462204,
        "var": 0.0956630706787
    },
    "silence_rate_60dB": {
        "dmean": 0.0215827338398,
        "dmean2": 0.0434782616794,
        "dvar": 0.0211169626564,
        "dvar2": 0.0415877625346,
        "max": 1,
        "mean": 0.807142853737,
        "median": 1,
        "min": 0,
        "stdev": 0.39454126358,
        "var": 0.155662804842
    },
    "spectral_centroid": {
        "dmean": 195.888763428,
        "dmean2": 325.285125732,
        "dvar": 41784.0234375,
        "dvar2": 105504.59375,
        "max": 3424.6237793,
        "mean": 2152.32617188,
        "median": 2913.13867188,
        "min": 130.018157959,
        "stdev": 1240.92785645,
        "var": 1539901.875
    },
    "spectral_complexity": {
        "dmean": 0.489208638668,
        "dmean2": 0.652173936367,
        "dvar": 2.75347518921,
        "dvar2": 5.67613744736,
        "max": 32,
        "mean": 1.57142853737,
        "median": 0,
        "min": 0,
        "stdev": 4.77814722061,
        "var": 22.8306903839
    },
    "spectral_decrease": {
        "dmean": 1.52654457963e-08,
        "dmean2": 2.06894501531e-08,
        "dvar": 3.61421038835e-15,
        "dvar2": 5.57001920444e-15,
        "max": -7.51479770338e-14,
        "mean": -3.22439390743e-08,
        "median": -8.23944807781e-13,
        "min": -7.10294045803e-07,
        "stdev": 1.20017588756e-07,
        "var": 1.44042221727e-14
    },
    "spectral_energy": {
        "dmean": 0.0578688681126,
        "dmean2": 0.078263066709,
        "dvar": 0.0520690903068,
        "dvar2": 0.0798671618104,
        "max": 2.70680642128,
        "mean": 0.122604250908,
        "median": 4.19323259848e-06,
        "min": 1.23717791212e-06,
        "stdev": 0.456613183022,
        "var": 0.208495602012
    },
    "spectral_energyband_high": {
        "dmean": 2.09648696909e-05,
        "dmean2": 3.71387468476e-05,
        "dvar": 1.93755589351e-08,
        "dvar2": 5.19865039905e-08,
        "max": 0.00121590355411,
        "mean": 1.97666231543e-05,
        "median": 8.00644158971e-07,
        "min": 1.68404667988e-07,
        "stdev": 0.000126981743961,
        "var": 1.61243640662e-08
    },
    "spectral_energyband_low": {
        "dmean": 0.0497472770512,
        "dmean2": 0.0673421919346,
        "dvar": 0.0418620444834,
        "dvar2": 0.063303604722,
        "max": 2.2139673233,
        "mean": 0.104090072215,
        "median": 1.50663777276e-06,
        "min": 3.82140399324e-08,
        "stdev": 0.380748659372,
        "var": 0.144969552755
    },
    "spectral_energyband_middle_high": {
        "dmean": 0.000632712326478,
        "dmean2": 0.0010311397491,
        "dvar": 1.78614664037e-05,
        "dvar2": 3.76318021154e-05,
        "max": 0.0459053367376,
        "mean": 0.000773642386775,
        "median": 2.9416611369e-07,
        "min": 2.09083935943e-07,
        "stdev": 0.00499300658703,
        "var": 2.49301137956e-05
    },
    "spectral_energyband_middle_low": {
        "dmean": 0.0066877650097,
        "dmean2": 0.0082303378731,
        "dvar": 0.00151440105401,
        "dvar2": 0.00189547461923,
        "max": 0.484147667885,
        "mean": 0.0139379613101,
        "median": 2.56489613548e-07,
        "min": 1.16813509976e-07,
        "stdev": 0.0718501359224,
        "var": 0.00516244163737
    },
    "spectral_entropy": {
        "dmean": 0.11751934886,
        "dmean2": 0.197091341019,
        "dvar": 0.0350729599595,
        "dvar2": 0.0842204242945,
        "max": 8.76925373077,
        "mean": 8.13027667999,
        "median": 8.65788936615,
        "min": 5.51844453812,
        "stdev": 0.94597029686,
        "var": 0.894859790802
    },
    "spectral_flux": {
        "dmean": 0.0375803932548,
        "dmean2": 0.0607917904854,
        "dvar": 0.0151836769655,
        "dvar2": 0.0437593199313,
        "max": 1.10659730434,
        "mean": 0.0719826519489,
        "median": 0.0012688372517,
        "min": 0.000704524456523,
        "stdev": 0.192881956697,
        "var": 0.0372034497559
    },
    "spectral_kurtosis": {
        "dmean": 1.9747055769,
        "dmean2": 3.27362895012,
        "dvar": 28.6888484955,
        "dvar2": 89.8232345581,
        "max": 51.0077819824,
        "mean": 6.08127069473,
        "median": 2.24089479446,
        "min": 1.65666246414,
        "stdev": 10.1244001389,
        "var": 102.503471375
    },
    "spectral_rms": {
        "dmean": 0.00130273133982,
        "dmean2": 0.00195319694467,
        "dvar": 1.8310645828e-05,
        "dvar2": 2.94816363748e-05,
        "max": 0.0513885878026,
        "mean": 0.00371050275862,
        "median": 6.3957675593e-05,
        "min": 3.47419445461e-05,
        "stdev": 0.0102881500497,
        "var": 0.000105846040242
    },
    "spectral_rolloff": {
        "dmean": 1514.76025391,
        "dmean2": 2510.80249023,
        "dvar": 6432877,
        "dvar2": 18714670,
        "max": 17915.625,
        "mean": 7958.82763672,
        "median": 7945.75195312,
        "min": 21.533203125,
        "stdev": 7621.09960938,
        "var": 58081156
    },
    "spectral_skewness": {
        "dmean": 0.196079462767,
        "dmean2": 0.311364918947,
        "dvar": 0.157643318176,
        "dvar2": 0.454673916101,
        "max": 5.98793315887,
        "mean": 1.79565000534,
        "median": 1.31399345398,
        "min": 1.15598714352,
        "stdev": 1.13761591911,
        "var": 1.29417002201
    },
    "spectral_spread": {
        "dmean": 516614.90625,
        "dmean2": 820873.5,
        "dvar": 176128655360,
        "dvar2": 531190251520,
        "max": 10600095,
        "mean": 8445536,
        "median": 9487368,
        "min": 1259085.75,
        "stdev": 2561661.75,
        "var": 6.5621107671e+12
    },
    "spectral_strongpeak": {
        "dmean": 0.0892002284527,
        "dmean2": 0.144264280796,
        "dvar": 0.0762802287936,
        "dvar2": 0.179972052574,
        "max": 1.88533830643,
        "mean": 0.114565342665,
        "median": 0,
        "min": 0,
        "stdev": 0.365242213011,
        "var": 0.133401870728
    },
    "zerocrossingrate": {
        "dmean": 0.0251658055931,
        "dmean2": 0.0371766015887,
        "dvar": 0.000999887473881,
        "dvar2": 0.00190467119683,
        "max": 0.3876953125,
        "mean": 0.171728521585,
        "median": 0.21484375,
        "min": 0.00146484375,
        "stdev": 0.139496326447,
        "var": 0.0194592233747
    },
    "barkbands": {
        "dmean": [0.0236559212208, 0.044257234782, 0.00498275831342, 0.00172449718229, 0.00365415075794, 0.0023259059526, 0.00142406381201, 0.000827895360999, 0.000568565214053, 0.000320642138831, 0.000100660567114, 5.46824849152e-05, 0.000110863387818, 6.80842204019e-05, 2.48427513725e-05, 2.70800410362e-05, 6.31760713077e-06, 8.37800325826e-06, 8.83290067577e-06, 5.56406757823e-06, 3.61639513358e-06, 4.53254142485e-06, 4.28621115134e-06, 2.76809214483e-06, 2.85600276584e-06, 3.43206465914e-07, 1.28563286239e-07],
        "dmean2": [0.0391041338444, 0.0593597367406, 0.00950166583061, 0.00309681752697, 0.00338072609156, 0.00367666035891, 0.00218229927123, 0.00130851182621, 0.000801733520348, 0.000473298336146, 0.000151775209815, 8.02375943749e-05, 0.000198059031391, 0.000123952646391, 3.74836090486e-05, 3.50793125108e-05, 9.98763516691e-06, 1.58221628226e-05, 1.63933618751e-05, 9.72849557002e-06, 6.68754728395e-06, 7.69287635194e-06, 6.8312865551e-06, 5.21014590049e-06, 4.94844653076e-06, 5.10319580371e-07, 1.76416122599e-07],
        "dvar": [0.00833857711405, 0.0282852668315, 0.000747213780414, 8.50547730806e-05, 0.000329511938617, 0.00016333606618, 7.88942779764e-05, 2.11379137909e-05, 1.26572685986e-05, 4.44245324616e-06, 4.33788443388e-07, 1.05983332332e-07, 5.81990207138e-07, 2.52846973581e-07, 2.18373337191e-08, 3.09338332727e-08, 1.81738513128e-09, 3.78164033421e-09, 4.02098621066e-09, 1.47549106266e-09, 6.09029660037e-10, 8.22543977375e-10, 8.01918531579e-10, 3.98572841398e-10, 3.60248469944e-10, 5.09628624024e-12, 6.50209703787e-13],
        "dvar2": [0.020500710234, 0.0412867367268, 0.00251413229853, 0.000261637527728, 0.000272240256891, 0.000459487840999, 0.000190475548152, 5.93227305217e-05, 2.84153811663e-05, 9.10208018468e-06, 8.10483470559e-07, 2.40811232288e-07, 1.30219700623e-06, 7.13909741989e-07, 4.95613967644e-08, 5.03096408977e-08, 3.13655701412e-09, 1.11619735677e-08, 1.15957288216e-08, 4.03071531707e-09, 1.71435188268e-09, 2.13342543631e-09, 1.64989133467e-09, 1.16563603214e-09, 9.54779810769e-10, 8.10845314503e-12, 8.19994029275e-13],
        "max": [1.09521877766, 1.70458471775, 0.23904505372, 0.0850135162473, 0.250344216824, 0.135041087866, 0.102209486067, 0.0451634824276, 0.0405377596617, 0.0242541618645, 0.00740625988692, 0.00421699695289, 0.00673046009615, 0.00483243400231, 0.00171271641739, 0.00195519765839, 0.000486659933813, 0.00059035414597, 0.000593076401856, 0.000383904291084, 0.000253984122537, 0.000229981087614, 0.000262137531536, 0.000171299980138, 0.000155469504534, 2.80771637335e-05, 1.12466887003e-05],
        "mean": [0.0348287969828, 0.0696706175804, 0.00343776750378, 0.00169562944211, 0.00643286993727, 0.00231059477665, 0.00192628032528, 0.000785711861681, 0.000653595430776, 0.000379207369406, 0.000119047668704, 8.18903718027e-05, 0.000119498145068, 5.4319814808e-05, 3.53293762601e-05, 2.7913656595e-05, 9.21103674045e-06, 7.4359240898e-06, 6.81277197145e-06, 4.94967935083e-06, 4.48740365755e-06, 3.75534000341e-06, 3.79147149943e-06, 1.92422839973e-06, 2.19565299631e-06, 5.80676896789e-07, 3.85897550359e-07],
        "median": [2.00090471481e-06, 3.51705921275e-07, 4.05759195132e-08, 2.46779521262e-08, 6.013776499e-08, 5.4674870853e-08, 3.7106953954e-08, 3.36315402194e-08, 4.29683026937e-08, 2.97824556128e-08, 2.3839810126e-08, 2.77197163001e-08, 3.00813454146e-08, 2.54553391699e-08, 2.79161991301e-08, 2.94916588928e-08, 3.28095595137e-08, 3.35867724743e-08, 3.78049591632e-08, 4.55194921756e-08, 4.89061058317e-08, 6.03590706305e-08, 7.12386878376e-08, 9.43243705365e-08, 1.18357355916e-07, 1.7580811118e-07, 2.39641025246e-07],
        "min": [1.42765363975e-08, 4.58636684186e-09, 2.01431293867e-09, 1.45328415968e-09, 7.74487052269e-09, 1.39596139093e-08, 4.09076506003e-09, 5.37648014998e-09, 7.11648118212e-09, 5.1809960766e-09, 3.79144227125e-09, 6.48644116197e-09, 6.76365896624e-09, 6.67136701438e-09, 6.58964305345e-09, 1.15407354784e-08, 1.18540119942e-08, 1.21604166736e-08, 1.11594946617e-08, 1.92297502366e-08, 2.25940670617e-08, 9.58705026477e-09, 8.66340243988e-09, 8.69820482308e-09, 3.57394824846e-08, 4.1453649402e-08, 3.77595164025e-08],
        "stdev": [0.139352351427, 0.26183205843, 0.0218758005649, 0.00920782610774, 0.0341924913228, 0.0136771891266, 0.0108731444925, 0.00462066847831, 0.00410077581182, 0.00248800381087, 0.000789599027485, 0.000463318981929, 0.00081061857054, 0.000424521742389, 0.000206821670872, 0.000190587699763, 5.68510731682e-05, 5.24821589352e-05, 5.18201086379e-05, 3.47798741132e-05, 2.6528203307e-05, 2.55023751379e-05, 2.7246414902e-05, 1.51338108481e-05, 1.564888953e-05, 2.68300254902e-06, 9.93075900624e-07],
        "var": [0.0194190777838, 0.0685560330749, 0.000478550646221, 8.47840565257e-05, 0.00116912648082, 0.000187065495993, 0.000118225267215, 2.1350577299e-05, 1.68163624039e-05, 6.19016327619e-06, 6.23466632987e-07, 2.14664467535e-07, 6.57102475543e-07, 1.80218719947e-07, 4.27752055998e-08, 3.63236729584e-08, 3.23204463193e-09, 2.75437717079e-09, 2.6853235191e-09, 1.2096396107e-09, 7.03745561825e-10, 6.50371145827e-10, 7.42367167739e-10, 2.2903223762e-10, 2.44887721212e-10, 7.19850221098e-12, 9.86199837072e-13]
    },
    "erbbands": {
        "dmean": [2.8217420578, 4.99611330032, 6.86459970474, 2.94501042366, 10.0366821289, 14.702662468, 14.1863937378, 15.3827438354, 23.160484314, 14.0987844467, 12.2605257034, 12.4447669983, 10.1771697998, 9.20376014709, 2.71724677086, 2.73832964897, 5.3327627182, 5.49713659286, 1.2185292244, 1.53637611866, 1.19277393818, 0.3736089468, 0.407551705837, 0.498144507408, 0.366951704025, 0.231800436974, 0.208777546883, 0.10819440335, 0.141719967127, 0.238639473915, 0.0859107375145, 0.0421593002975, 0.0552477240562, 0.0478340834379, 0.0101074706763, 0.00171209231485, 0.000736029702239, 0.000167393969605, 3.21624866046e-05, 6.17466139374e-05],
        "dmean2": [3.74969482422, 6.74961471558, 12.580491066, 4.52886724472, 11.6735048294, 17.5820426941, 17.647726059, 23.7330207825, 39.0827102661, 22.8015155792, 21.9163341522, 18.5730876923, 19.2620201111, 14.3871555328, 4.28981971741, 3.94137716293, 8.25823116302, 9.40276813507, 1.79274523258, 2.11211013794, 1.64912045002, 0.583906173706, 0.766902565956, 0.944928586483, 0.684849619865, 0.399702608585, 0.387737929821, 0.199719950557, 0.235648199916, 0.401446759701, 0.133652999997, 0.0795300453901, 0.103402078152, 0.0869375839829, 0.0148049006239, 0.00255978968926, 0.00102855707519, 0.000226616699365, 4.82186369481e-05, 8.32185542095e-05],
        "dvar": [106.85231781, 531.309326172, 1348.88989258, 246.222625732, 2633.09716797, 5248.90576172, 5634.05419922, 7052.02685547, 21274.71875, 6485.94775391, 5249.89404297, 5858.9609375, 5982.71240234, 3988.56396484, 336.056274414, 283.853668213, 1111.53894043, 1523.83032227, 63.6906890869, 87.8448944092, 52.8082351685, 6.30593538284, 8.82422447205, 13.163819313, 7.40368461609, 2.5836956501, 2.20053076744, 0.497709274292, 0.785260379314, 2.40204739571, 0.327614396811, 0.0928267389536, 0.156434297562, 0.11170681566, 0.00506798923016, 0.000116634699225, 2.67295217782e-05, 1.34088247705e-06, 1.153675111e-08, 5.86915334111e-08],
        "dvar2": [209.972061157, 858.10546875, 4490.04003906, 501.770843506, 4152.87451172, 6889.67724609, 10114.2060547, 16909.9960938, 53281.8710938, 13074.9140625, 12215.7685547, 13633.390625, 12131.6064453, 10025.0771484, 568.724304199, 704.234985352, 2731.50244141, 4116.11230469, 143.305526733, 187.22277832, 97.3650741577, 11.6749105453, 25.2690238953, 38.3966140747, 21.3640613556, 6.88302230835, 6.27022695541, 1.40190207958, 1.79805696011, 5.9942855835, 0.626897752285, 0.271777957678, 0.455129235983, 0.318796336651, 0.00801087636501, 0.000200402893825, 3.61184502253e-05, 1.70734438143e-06, 2.46177496166e-08, 9.10710156177e-08],
        "max": [103.50756073, 226.225357056, 323.915344238, 189.05796814, 698.656188965, 973.218383789, 948.892028809, 965.958007812, 1612.87329102, 1050.26257324, 732.742858887, 895.656555176, 788.11505127, 660.988952637, 210.044921875, 210.285690308, 327.360687256, 379.482452393, 93.4386291504, 107.879104614, 72.0159759521, 30.2406578064, 29.8708782196, 34.0149154663, 25.5942420959, 16.6595611572, 14.976017952, 6.97572898865, 7.40097808838, 11.7351284027, 5.81325817108, 2.70731210709, 3.34840703011, 2.87858271599, 0.769861757755, 0.127825185657, 0.0675018131733, 0.0150027265772, 0.00176891952287, 0.0029647492338],
        "mean": [4.27203941345, 6.81836700439, 5.37645864487, 4.70692396164, 14.2781362534, 21.2026996613, 21.3483448029, 18.5439014435, 27.5717105865, 24.6825790405, 15.0183057785, 14.0164861679, 15.650885582, 8.19078922272, 4.19155979156, 3.58347201347, 5.1347618103, 4.17031097412, 1.70837879181, 1.94504153728, 1.1866081953, 0.572923660278, 0.402472376823, 0.400113046169, 0.290577530861, 0.231238096952, 0.238144412637, 0.124449320138, 0.128209933639, 0.182776764035, 0.0832152068615, 0.0335300341249, 0.037475027144, 0.0329562239349, 0.0101710343733, 0.0025125851389, 0.00123801082373, 0.000325608358253, 0.000112001995149, 0.000137341776281],
        "median": [2.08268320421e-05, 3.28845817421e-05, 5.49098549527e-05, 7.16476934031e-05, 0.000128348066937, 0.000213263148908, 0.000269187090453, 0.000509168428835, 0.00064085656777, 0.000500453112181, 0.000874734832905, 0.000910861417651, 0.000935498275794, 0.00096628582105, 0.00112367980182, 0.00113259837963, 0.00131280021742, 0.00136137311347, 0.00128451921046, 0.00152575341053, 0.00172016466968, 0.00182677689008, 0.00188607443124, 0.00175697996747, 0.00197897898033, 0.00208820821717, 0.0019356807461, 0.00208704732358, 0.00215749186464, 0.00208125426434, 0.00200697546825, 0.00185466406401, 0.00160496728495, 0.00119525077753, 0.00088108330965, 0.000593553762883, 0.000350421003532, 0.000137940180139, 3.48621033481e-05, 3.52132747139e-06],
        "min": [2.91978608402e-07, 5.41695499123e-07, 2.39360861087e-06, 7.20908747098e-06, 1.24788884932e-05, 2.21790924115e-05, 4.30909822171e-05, 8.48679046612e-05, 7.49647369958e-05, 9.98400719254e-05, 0.000224705843721, 0.000121336124721, 7.87584285717e-05, 0.000227995187743, 0.000214483370655, 0.000282909313682, 0.000376995303668, 0.00050295132678, 0.000414500565967, 0.000537118292414, 0.000787843426224, 0.000673249945976, 0.000808789627627, 0.000844315625727, 0.000666641280986, 0.00104554591235, 0.000814084138256, 0.000863138353452, 0.000302111671772, 0.000287991570076, 0.000200361420866, 0.000158200084115, 0.000182965901331, 0.000149874394992, 0.000353628478479, 0.000171195963048, 7.25700592739e-05, 3.66180138371e-05, 5.68377117816e-06, 3.86253276474e-07],
        "stdev": [15.9373521805, 28.7299842834, 30.9743919373, 23.4650821686, 79.5629272461, 117.25202179, 110.603919983, 106.346656799, 166.437683105, 124.933914185, 85.1175918579, 87.0182723999, 96.7789077759, 60.9154052734, 25.299118042, 21.3433017731, 34.6617774963, 33.5504264832, 10.1591482162, 12.0654411316, 7.73507928848, 3.4310734272, 2.70143294334, 2.97958374023, 2.23480606079, 1.55248463154, 1.48313808441, 0.72763043642, 0.845580279827, 1.33765256405, 0.583590507507, 0.241905853152, 0.298441886902, 0.258776396513, 0.0715934410691, 0.0124676693231, 0.00617506634444, 0.00133214041125, 0.000291032920359, 0.00049687246792],
        "var": [253.999191284, 825.41204834, 959.412963867, 550.610046387, 6330.25878906, 13748.0371094, 12233.2275391, 11309.6113281, 27701.5039062, 15608.4824219, 7245.00488281, 7572.1796875, 9366.15722656, 3710.68652344, 640.045410156, 455.536499023, 1201.43884277, 1125.63122559, 103.208297729, 145.574874878, 59.831451416, 11.7722644806, 7.29773950577, 8.87791919708, 4.99435806274, 2.41020846367, 2.1996986866, 0.529446065426, 0.715005993843, 1.78931450844, 0.340577870607, 0.0585184432566, 0.089067555964, 0.0669652223587, 0.00512562086806, 0.000155442787218, 3.81314457627e-05, 1.77459799033e-06, 8.47001615512e-08, 2.46882223109e-07]
    },
    "gfcc": {
        "mean": [-358.382476807, 15.0154571533, -49.9842147827, 16.2512454987, -32.5125465393, 12.1690759659, -17.4579143524, 9.84473133087, -8.97793483734, 7.90283966064, -6.19555950165, 5.40428304672, -5.9685754776],
        "cov": [[16899.7089844, 8621.30566406, 1602.29577637, 473.87612915, 133.824005127, 30.8185806274, 425.457763672, -137.54385376, 548.711914062, -56.566204071, 400.602996826, -285.029937744, 332.872344971], [8621.30566406, 5285.2578125, 1573.77062988, 532.516418457, 336.435882568, 150.891830444, 391.3359375, 10.8074378967, 386.106140137, 27.9354248047, 311.49017334, -104.818664551, 210.122787476], [1602.29577637, 1573.77062988, 914.681152344, 415.85635376, 326.739990234, 206.135284424, 249.211502075, 112.860877991, 182.973144531, 62.1888008118, 143.717697144, 26.3298950195, 80.8893203735], [473.87612915, 532.516418457, 415.85635376, 323.862579346, 241.531890869, 178.791259766, 155.77722168, 95.4353027344, 94.9103775024, 49.0863380432, 65.1918792725, 46.2070541382, 51.6952133179], [133.824005127, 336.435882568, 326.739990234, 241.531890869, 220.2006073, 155.938140869, 136.240707397, 85.7071075439, 75.496963501, 42.6745223999, 53.633014679, 41.2344436646, 42.5060844421], [30.8185806274, 150.891830444, 206.135284424, 178.791259766, 155.938140869, 154.424530029, 118.355781555, 94.5500564575, 66.3574981689, 47.7177124023, 34.1490783691, 32.5736312866, 22.4745311737], [425.457763672, 391.3359375, 249.211502075, 155.77722168, 136.240707397, 118.355781555, 141.756088257, 95.3057785034, 94.5407867432, 48.6028823853, 57.3949928284, 22.4713115692, 36.3897171021], [-137.54385376, 10.8074378967, 112.860877991, 95.4353027344, 85.7071075439, 94.5500564575, 95.3057785034, 105.233207703, 76.4769210815, 50.9018592834, 32.2788887024, 24.8836402893, 14.8005075455], [548.711914062, 386.106140137, 182.973144531, 94.9103775024, 75.496963501, 66.3574981689, 94.5407867432, 76.4769210815, 106.488227844, 49.3483276367, 53.3393745422, 8.73934173584, 26.6505336761], [-56.566204071, 27.9354248047, 62.1888008118, 49.0863380432, 42.6745223999, 47.7177124023, 48.6028823853, 50.9018592834, 49.3483276367, 52.8316764832, 32.753780365, 20.0624732971, 6.29336357117], [400.602996826, 311.49017334, 143.717697144, 65.1918792725, 53.633014679, 34.1490783691, 57.3949928284, 32.2788887024, 53.3393745422, 32.753780365, 56.9498329163, 18.7254638672, 27.6799278259], [-285.029937744, -104.818664551, 26.3298950195, 46.2070541382, 41.2344436646, 32.5736312866, 22.4713115692, 24.8836402893, 8.73934173584, 20.0624732971, 18.7254638672, 40.0013923645, 17.9737186432], [332.872344971, 210.122787476, 80.8893203735, 51.6952133179, 42.5060844421, 22.4745311737, 36.3897171021, 14.8005075455, 26.6505336761, 6.29336357117, 27.6799278259, 17.9737186432, 37.6098480225]],
        "icov": [[0.00312464917079, -0.00664548389614, 0.00823379680514, -0.00489670131356, 0.00593433296308, -0.00728455465287, 0.00221638381481, 0.00135651801247, -0.00453414488584, 0.00526873208582, -0.00342585542239, 0.00448570493609, -0.00382902333513], [-0.00664548389614, 0.0155234150589, -0.0190804414451, 0.00959325395525, -0.00965849496424, 0.0134077733383, -0.00639624428004, 0.00231179734692, 0.00661672791466, -0.0101703815162, 0.00429191114381, -0.00413453299552, 0.00395337771624], [0.00823379680514, -0.0190804414451, 0.028767356649, -0.0162234771997, 0.00924198236316, -0.0149067044258, 0.0046104346402, 0.000495550397318, -0.011739612557, 0.0180307757109, -0.0143240857869, 0.00854232348502, -0.000277708342765], [-0.00489670131356, 0.00959325395525, -0.0162234771997, 0.030934330076, -0.0244867894799, 0.00280070886947, 0.00148143619299, -0.00112412800081, 0.00376090407372, -0.00876814126968, 0.0128388311714, -0.016341028735, 0.00428792275488], [0.00593433296308, -0.00965849496424, 0.00924198236316, -0.0244867894799, 0.0562720969319, -0.0342532135546, -0.00739183463156, 0.0172418635339, -0.0109151797369, 0.0139185683802, -0.0111493868753, 0.011938479729, -0.0196379516274], [-0.00728455465287, 0.0134077733383, -0.0149067044258, 0.00280070886947, -0.0342532135546, 0.0711169317365, -0.0224337037653, -0.0256287790835, 0.026270179078, -0.027424601838, 0.0257336553186, -0.0178834926337, 0.0213637948036], [0.00221638381481, -0.00639624428004, 0.0046104346402, 0.00148143619299, -0.00739183463156, -0.0224337037653, 0.0653165131807, -0.0317178405821, -0.00440365541726, 0.00648721307516, -0.0180526673794, 0.0173518620431, -0.0177604127675], [0.00135651801247, 0.00231179734692, 0.000495550397318, -0.00112412800081, 0.0172418635339, -0.0256287790835, -0.0317178405821, 0.08007927984, -0.0442668646574, 0.00219875900075, 0.00564011093229, -0.00651065306738, 0.000521658046637], [-0.00453414488584, 0.00661672791466, -0.011739612557, 0.00376090407372, -0.0109151797369, 0.026270179078, -0.00440365541726, -0.0442668646574, 0.0719133391976, -0.0379572100937, -0.000893782416824, 0.016682907939, -0.0103600071743], [0.00526873208582, -0.0101703815162, 0.0180307757109, -0.00876814126968, 0.0139185683802, -0.027424601838, 0.00648721307516, 0.00219875900075, -0.0379572100937, 0.0895514860749, -0.047173794359, -0.0165816750377, 0.0315318852663], [-0.00342585542239, 0.00429191114381, -0.0143240857869, 0.0128388311714, -0.0111493868753, 0.0257336553186, -0.0180526673794, 0.00564011093229, -0.000893782416824, -0.047173794359, 0.0958092734218, -0.0368101708591, -0.0124210296199], [0.00448570493609, -0.00413453299552, 0.00854232348502, -0.016341028735, 0.011938479729, -0.0178834926337, 0.0173518620431, -0.00651065306738, 0.016682907939, -0.0165816750377, -0.0368101708591, 0.10571116209, -0.0620213672519], [-0.00382902333513, 0.00395337771624, -0.000277708342765, 0.00428792275488, -0.0196379516274, 0.0213637948036, -0.0177604127675, 0.000521658046637, -0.0103600071743, 0.0315318852663, -0.0124210296199, -0.0620213672519, 0.100347988307]]
    },
    "melbands": {
        "dmean": [0.0171022247523, 0.00379616837017, 0.000570736534428, 0.000799061730504, 0.000512826256454, 0.000415076094214, 0.000324873806676, 0.000169103717781, 9.53162380029e-05, 8.02560607553e-05, 5.1959475968e-05, 3.98122210754e-05, 1.19753867693e-05, 4.31269063483e-06, 1.30354064822e-05, 1.2428205082e-05, 9.7292022474e-06, 1.70858186266e-06, 1.9878762032e-06, 2.07898551707e-06, 1.12306554456e-06, 4.72218033565e-07, 1.34605073754e-07, 5.43437295164e-07, 3.89854562854e-07, 2.90278904913e-07, 2.02622231882e-07, 1.42802150549e-07, 1.51061598785e-07, 1.07227826618e-07, 4.46704575552e-08, 5.70626461638e-08, 1.30165204837e-07, 1.35030120418e-07, 5.47348690816e-08, 2.07104218219e-08, 2.6787798646e-08, 3.73404454024e-08, 4.61619613645e-08, 3.84909029094e-08],
        "dmean2": [0.0233469363302, 0.0063688531518, 0.00087653810624, 0.000846534210723, 0.000580872816499, 0.000677507079672, 0.000547202478629, 0.000259080436081, 0.000164364668308, 0.000115898947115, 9.61112891673e-05, 6.3160136051e-05, 1.83632200788e-05, 6.8880276558e-06, 2.24795694521e-05, 2.05472988455e-05, 1.75378554559e-05, 2.53997586697e-06, 2.88215142064e-06, 2.85644728137e-06, 1.54896349613e-06, 7.09221126272e-07, 2.14710283331e-07, 1.061976036e-06, 7.37101402137e-07, 5.27938823325e-07, 3.62558267852e-07, 2.47341404247e-07, 2.7506368383e-07, 1.94813296162e-07, 7.97573918021e-08, 9.05740762391e-08, 2.28258542734e-07, 2.23000952815e-07, 8.29579676065e-08, 3.66551269337e-08, 5.12109608053e-08, 6.75629223679e-08, 8.8465078818e-08, 6.84437821974e-08],
        "dvar": [0.00429003825411, 0.000368478533346, 9.79473043117e-06, 1.80202096089e-05, 6.66260621074e-06, 4.86810040456e-06, 4.21504910264e-06, 8.26423047329e-07, 3.2764057778e-07, 2.46889356958e-07, 1.48187766058e-07, 7.59513625326e-08, 6.16191675462e-09, 8.66102523034e-10, 7.63337748566e-09, 6.87128709487e-09, 5.08862463278e-09, 1.25783272686e-10, 1.33563715643e-10, 2.05679459575e-10, 4.53129894717e-11, 9.54267307535e-12, 7.14069265956e-13, 1.7567803115e-11, 7.87654490242e-12, 4.34985250944e-12, 2.10594063889e-12, 9.69250287669e-13, 1.10764630974e-12, 5.17576216261e-13, 7.69820202051e-14, 1.26567986235e-13, 7.33736639155e-13, 7.71320127994e-13, 1.33246102411e-13, 1.84427329636e-14, 3.94010758536e-14, 6.56503388978e-14, 1.19162343296e-13, 6.89367047604e-14],
        "dvar2": [0.00757317338139, 0.00102773658, 1.60907511599e-05, 1.70385337697e-05, 1.00124898381e-05, 1.31238593895e-05, 1.05638719106e-05, 1.97343615582e-06, 7.46044918287e-07, 5.66653682199e-07, 2.98175052649e-07, 1.92660209564e-07, 1.10783053842e-08, 1.97423188908e-09, 2.3469011623e-08, 1.50778287633e-08, 1.43200731273e-08, 3.01593361396e-10, 3.12278730652e-10, 3.54433399297e-10, 8.37188512959e-11, 1.63485631283e-11, 1.5808628278e-12, 5.18821964557e-11, 2.29644307043e-11, 1.23673822919e-11, 5.8615586343e-12, 2.58947160589e-12, 3.13256820657e-12, 1.51587423169e-12, 2.07417877362e-13, 2.44804258245e-13, 1.999317812e-12, 1.81434197093e-12, 2.42210114812e-13, 4.99340491373e-14, 1.16482778284e-13, 1.85116502747e-13, 3.52643072079e-13, 1.92597538395e-13],
        "max": [0.672372579575, 0.164077267051, 0.0349983610213, 0.0550339408219, 0.0341444835067, 0.0231302380562, 0.0228670090437, 0.011254215613, 0.00601816317067, 0.00568059738725, 0.00402954453602, 0.00285379402339, 0.000893226184417, 0.000385803665267, 0.000840342661832, 0.000807457021438, 0.00067248288542, 0.000135153968586, 0.000131020133267, 0.000165118326549, 6.39694189886e-05, 3.54545845767e-05, 1.18224215839e-05, 3.88941043639e-05, 2.6265037377e-05, 1.99318310479e-05, 1.41645050462e-05, 1.02738067653e-05, 1.04595792436e-05, 6.99700922269e-06, 2.76345895145e-06, 3.73831790057e-06, 6.95533981343e-06, 6.73978911436e-06, 3.86315014111e-06, 1.22867311347e-06, 1.74820229404e-06, 2.10036637327e-06, 2.98885106531e-06, 2.2478379833e-06],
        "mean": [0.0292693041265, 0.00432865554467, 0.00107331119943, 0.00135855912231, 0.000793901912402, 0.000445909186965, 0.000400147138862, 0.000243251139182, 0.000114180518722, 9.07368084881e-05, 7.76124652475e-05, 3.43985775544e-05, 1.54151130118e-05, 8.62433535076e-06, 1.05640865513e-05, 1.21354778457e-05, 6.99149495631e-06, 2.42481360146e-06, 2.76254081655e-06, 2.38606776293e-06, 1.11269594072e-06, 6.32356091046e-07, 2.89699386258e-07, 4.26426481681e-07, 3.1287066804e-07, 2.35067716403e-07, 1.68167574088e-07, 1.47044886489e-07, 1.5796912578e-07, 1.12014149067e-07, 5.70594949068e-08, 5.9998534141e-08, 9.4487084823e-08, 1.05756399194e-07, 5.2984013621e-08, 2.09051282951e-08, 1.95609093367e-08, 2.57625902833e-08, 2.92303905525e-08, 2.7257923918e-08],
        "median": [2.79720438812e-07, 3.12765706667e-08, 1.31128707892e-08, 1.31546284976e-08, 9.47963307851e-09, 1.14402922691e-08, 9.36039690203e-09, 5.62398128068e-09, 7.37626004721e-09, 5.62025359585e-09, 4.61071669733e-09, 3.81025522245e-09, 3.43325678998e-09, 3.08057845899e-09, 3.01561797755e-09, 2.90976842621e-09, 2.51465914758e-09, 1.98281613351e-09, 2.11482831247e-09, 1.96497973448e-09, 2.13334683252e-09, 1.90596005645e-09, 1.79881309847e-09, 1.67302560694e-09, 1.41569034273e-09, 1.46582146421e-09, 1.45711775978e-09, 1.38944311612e-09, 1.25726917766e-09, 1.1786867038e-09, 1.18216347822e-09, 1.23522103657e-09, 1.17625442719e-09, 1.17007514788e-09, 1.10412912147e-09, 1.14536025109e-09, 1.12098574867e-09, 1.12702236432e-09, 1.10631037664e-09, 9.97197768804e-10],
        "min": [4.67123228987e-09, 1.03069663915e-09, 1.70291003521e-09, 1.30888611061e-09, 1.2743415212e-09, 2.00347316515e-09, 1.31188626629e-09, 1.10573461498e-09, 1.75523651169e-09, 7.5854467152e-10, 3.07605968475e-10, 8.67534155624e-10, 6.05117678187e-10, 6.39073127751e-10, 7.19297010843e-10, 9.17124931554e-10, 8.23384582738e-10, 4.93480423192e-10, 6.55164644758e-10, 4.18355072807e-10, 7.62216512129e-10, 7.02539026953e-10, 5.8070021014e-10, 5.42124234393e-10, 6.28635310473e-10, 3.28531341021e-10, 5.26027221781e-10, 5.40984146369e-10, 3.64338587078e-10, 5.57157653347e-10, 4.90195051217e-10, 1.75305298056e-10, 1.49419782103e-10, 1.64997362995e-10, 1.23141274955e-10, 1.07157345497e-10, 8.53729864581e-11, 1.21042093015e-10, 1.21962329125e-10, 1.20108159529e-10],
        "stdev": [0.107758074999, 0.0201769862324, 0.00537115940824, 0.00747571280226, 0.00411230325699, 0.00258937431499, 0.00237163458951, 0.00125474517699, 0.000665935629513, 0.000566859613173, 0.000482064817334, 0.000261010689428, 9.8681266536e-05, 4.64919103251e-05, 7.6358410297e-05, 8.60286163515e-05, 5.83547371207e-05, 1.4155532881e-05, 1.63063850778e-05, 1.61354419106e-05, 7.14045199857e-06, 4.01153056373e-06, 1.51879055466e-06, 3.35957679454e-06, 2.30756018027e-06, 1.75626280452e-06, 1.25274800666e-06, 9.67036271504e-07, 1.01193177215e-06, 6.94092193498e-07, 3.18431915503e-07, 3.82061301707e-07, 6.97328459864e-07, 7.78755065767e-07, 3.78484287467e-07, 1.28248942133e-07, 1.51798175807e-07, 1.97364627752e-07, 2.55766821056e-07, 2.07744761838e-07],
        "var": [0.0116118025035, 0.000407110754168, 2.88493556582e-05, 5.58862811886e-05, 1.69110371644e-05, 6.70485906085e-06, 5.62465038456e-06, 1.57438546466e-06, 4.43470298706e-07, 3.21329792996e-07, 2.32386497601e-07, 6.81265817093e-08, 9.73799263448e-09, 2.16149786958e-09, 5.83060666415e-09, 7.40092298557e-09, 3.40527517295e-09, 2.003791022e-10, 2.65898220109e-10, 2.60352489567e-10, 5.09860521858e-11, 1.60923774306e-11, 2.30672490657e-12, 1.12867562518e-11, 5.32483432347e-12, 3.08445912041e-12, 1.56937765734e-12, 9.35159068238e-13, 1.02400585841e-12, 4.81763988511e-13, 1.01398876546e-13, 1.45970827656e-13, 4.86267005394e-13, 6.06459489832e-13, 1.43250361117e-13, 1.64477908019e-14, 2.30426842971e-14, 3.89527989128e-14, 6.54166730008e-14, 4.31578872032e-14]
    },
    "melbands128": {
