{
"lowlevel": {
    "average_loudness": 0.99068403244,
    "barkbands_crest": {
        "dmean": 3.08295607567,
        "dmean2": 4.81028795242,
        "dvar": 6.96216964722,
        "dvar2": 20.4933357239,
        "max": 21.4084472656,
        "mean": 11.6347312927,
        "median": 11.1603431702,
        "min": 5.00010871887,
        "stdev": 3.51541686058,
        "var": 12.3581552505
    },
    "barkbands_flatness_db": {
        "dmean": 0.0248274784535,
        "dmean2": 0.0370787121356,
        "dvar": 0.000294776982628,
        "dvar2": 0.000855476246215,
        "max": 0.214704528451,
        "mean": 0.126555144787,
        "median": 0.123518899083,
        "min": 0.0533338077366,
        "stdev": 0.0320319086313,
        "var": 0.00102604308631
    },
    "barkbands_kurtosis": {
        "dmean": 4.63974142075,
        "dmean2": 7.4143576622,
        "dvar": 33.1953659058,
        "dvar2": 81.4062652588,
        "max": 36.8916702271,
        "mean": 5.83952617645,
        "median": 4.39797210693,
        "min": -1.93098092079,
        "stdev": 8.11722564697,
        "var": 65.8893508911
    },
    "barkbands_skewness": {
        "dmean": 0.883955895901,
        "dmean2": 1.22958016396,
        "dvar": 0.597912669182,
        "dvar2": 1.41109502316,
        "max": 5.93159914017,
        "mean": 2.05764436722,
        "median": 2.34814381599,
        "min": -1.49128484726,
        "stdev": 1.52176499367,
        "var": 2.31576871872
    },
    "barkbands_spread": {
        "dmean": 10.8982439041,
        "dmean2": 16.1035518646,
        "dvar": 78.9451141357,
        "dvar2": 151.10798645,
        "max": 106.450492859,
        "mean": 41.6755485535,
        "median": 32.3389701843,
        "min": 7.43707799911,
        "stdev": 24.2162532806,
        "var": 586.426879883
    },
    "dissonance": {
        "dmean": 0.0230020526797,
        "dmean2": 0.0361404046416,
        "dvar": 0.00372411962599,
        "dvar2": 0.00522515084594,
        "max": 0.498128592968,
        "mean": 0.471993356943,
        "median": 0.483517587185,
        "min": 0.000781489768997,
        "stdev": 0.061279758811,
        "var": 0.00375520880334
    },
    "dynamic_complexity": 22.324136734,
    "erbbands_crest": {
        "dmean": 4.16041183472,
        "dmean2": 6.20249795914,
        "dvar": 13.5828351974,
        "dvar2": 39.1943740845,
        "max": 30.2160282135,
        "mean": 11.2508907318,
        "median": 10.4962320328,
        "min": 3.09213352203,
        "stdev": 6.1388220787,
        "var": 37.6851348877
    },
    "erbbands_flatness_db": {
        "dmean": 0.0251949634403,
        "dmean2": 0.0368481278419,
        "dvar": 0.000971677305643,
        "dvar2": 0.00195463839918,
        "max": 0.317045360804,
        "mean": 0.10396964103,
        "median": 0.0863151922822,
        "min": 0.0426831841469,
        "stdev": 0.0576379485428,
        "var": 0.00332213309593
    },
    "erbbands_kurtosis": {
        "dmean": 2.48849415779,
        "dmean2": 4.23929834366,
        "dvar": 14.9077701569,
        "dvar2": 38.6497306824,
        "max": 20.1588096619,
        "mean": 1.09920048714,
        "median": -0.689410686493,
        "min": -1.70287537575,
        "stdev": 4.09754276276,
        "var": 16.789855957
    },
    "erbbands_skewness": {
        "dmean": 0.647607624531,
        "dmean2": 0.989176869392,
        "dvar": 0.43571305275,
        "dvar2": 1.1605618,
        "max": 2.22710943222,
        "mean": -0.538425207138,
        "median": -0.11528904736,
        "min": -4.49214315414,
        "stdev": 1.29395246506,
        "var": 1.67431282997
    },
    "erbbands_spread": {
        "dmean": 18.6243515015,
        "dmean2": 29.1971130371,
        "dvar": 447.419128418,
        "dvar2": 1130.34606934,
        "max": 142.40586853,
        "mean": 76.5734634399,
        "median": 84.275894165,
        "min": 5.13468313217,
        "stdev": 36.8065452576,
        "var": 1354.72180176
    },
    "hfc": {
        "dmean": 12.0664758682,
        "dmean2": 22.3225402832,
        "dvar": 2511.68481445,
        "dvar2": 7774.49853516,
        "max": 340.099456787,
        "mean": 7.92674732208,
        "median": 0.0932225212455,
        "min": 7.15014962793e-08,
        "stdev": 41.5455589294,
        "var": 1726.0333252
    },
    "loudness_ebu128": {
        "integrated": -40.3319969177,
        "loudness_range": 0,
        "momentary": {
            "dmean": 4.24240636826,
            "dmean2": 5.55729627609,
            "dvar": 35.5520210266,
            "dvar2": 45.3911476135,
            "max": -39.3534317017,
            "mean": -56.6355819702,
            "median": -62.78540802,
            "min": -67.5380477905,
            "stdev": 10.9239406586,
            "var": 119.332473755
        },
        "short_term": {
            "dmean": 0,
            "dmean2": 0,
            "dvar": 0,
            "dvar2": 0,
            "max": -48.0577926636,
            "mean": -48.0577926636,
            "median": -48.0577926636,
            "min": -48.0577926636,
            "stdev": 0,
            "var": 0
        }
    },
    "melbands_crest": {
        "dmean": 3.4425330162,
        "dmean2": 5.68117189407,
        "dvar": 8.10368537903,
        "dvar2": 20.5808734894,
        "max": 25.8175449371,
        "mean": 16.7762985229,
        "median": 17.125705719,
        "min": 6.77070951462,
        "stdev": 3.87970304489,
        "var": 15.0520963669
    },
    "melbands_flatness_db": {
        "dmean": 0.0356758385897,
        "dmean2": 0.0560865029693,
        "dvar": 0.000728341809008,
        "dvar2": 0.00151028705295,
        "max": 0.337547779083,
        "mean": 0.212187737226,
        "median": 0.210322797298,
        "min": 0.0716896355152,
        "stdev": 0.0478587783873,
        "var": 0.00229046260938
    },
    "melbands_kurtosis": {
        "dmean": 29.0281124115,
        "dmean2": 45.2471084595,
        "dvar": 1404.31860352,
        "dvar2": 3127.23852539,
        "max": 331.284606934,
        "mean": 46.8831291199,
        "median": 31.6473312378,
        "min": -0.696051836014,
        "stdev": 55.9881401062,
        "var": 3134.671875
    },
    "melbands_skewness": {
        "dmean": 1.77049291134,
        "dmean2": 2.54974603653,
        "dvar": 2.5751080513,
        "dvar2": 5.5742559433,
        "max": 15.6818361282,
        "mean": 5.28187704086,
        "median": 5.04344177246,
        "min": -1.07028877735,
        "stdev": 3.17470407486,
        "var": 10.078745842
    },
    "melbands_spread": {
        "dmean": 14.888674736,
        "dmean2": 21.445772171,
        "dvar": 373.498077393,
        "dvar2": 787.784362793,
        "max": 152.630142212,
        "mean": 29.0008792877,
        "median": 14.0994224548,
        "min": 1.93471169472,
        "stdev": 31.8243846893,
        "var": 1012.79150391
    },
    "pitch_salience": {
        "dmean": 0.0836005136371,
        "dmean2": 0.131071329117,
        "dvar": 0.00446362188086,
        "dvar2": 0.0100130373612,
        "max": 0.947158098221,
        "mean": 0.582811236382,
        "median": 0.583533287048,
        "min": 0.3221565485,
        "stdev": 0.099236048758,
        "var": 0.00984779279679
    },
    "silence_rate_20dB": {
        "dmean": 0,
        "dmean2": 0,
        "dvar": 0,
        "dvar2": 0,
        "max": 1,
        "mean": 1,
        "median": 1,
        "min": 1,
        "stdev": 0,
        "var": 0
    },
    "silence_rate_30dB": {
        "dmean": 0.0266666673124,
        "dmean2": 0.0540540553629,
        "dvar": 0.025955542922,
        "dvar2": 0.0511321984231,
        "max": 1,
        "mean": 0.973684191704,
        "median": 1,
        "min": 0,
        "stdev": 0.160072654486,
        "var": 0.025623254478
    },
    "silence_rate_60dB": {
        "dmean": 0.0533333346248,
        "dmean2": 0.108108110726,
        "dvar": 0.0504888370633,
        "dvar2": 0.0964207053185,
        "max": 1,
        "mean": 0.89473682642,
        "median": 1,
        "min": 0,
        "stdev": 0.306892156601,
        "var": 0.0941827893257
    },
    "spectral_centroid": {
        "dmean": 516.960754395,
        "dmean2": 758.66619873,
        "dvar": 238680.03125,
        "dvar2": 510987.5,
        "max": 4670.90917969,
        "mean": 1722.94433594,
        "median": 1416.87084961,
        "min": 359.345214844,
        "stdev": 1036.78173828,
        "var": 1074916.25
    },
    "spectral_complexity": {
        "dmean": 1.91999995708,
        "dmean2": 3.01351356506,
        "dvar": 31.2202415466,
        "dvar2": 73.1484298706,
        "max": 49,
        "mean": 2.40789484978,
        "median": 1,
        "min": 0,
        "stdev": 6.79430341721,
        "var": 46.1625556946
    },
    "spectral_decrease": {
        "dmean": 2.16548690091e-09,
        "dmean2": 4.06386657659e-09,
        "dvar": 8.24688151931e-17,
        "dvar2": 2.56470670879e-16,
        "max": -4.15617364066e-19,
        "mean": -1.45839751386e-09,
        "median": -2.76744703542e-11,
        "min": -6.16433624145e-08,
        "stdev": 7.59224327851e-09,
        "var": 5.76421537777e-17
    },
    "spectral_energy": {
        "dmean": 0.00926546379924,
        "dmean2": 0.0173611678183,
        "dvar": 0.00150670914445,
        "dvar2": 0.00468348292634,
        "max": 0.263503730297,
        "mean": 0.00622330186889,
        "median": 0.000113733723992,
        "min": 8.05403140014e-12,
        "stdev": 0.0324189998209,
        "var": 0.00105099158827
    },
    "spectral_energyband_high": {
        "dmean": 0.000236557025346,
        "dmean2": 0.00044083816465,
        "dvar": 7.47987826344e-07,
        "dvar2": 2.31455851463e-06,
        "max": 0.00576270837337,
        "mean": 0.000167473728652,
        "median": 5.60135413252e-06,
        "min": 4.36801072742e-12,
        "stdev": 0.00072335609002,
        "var": 5.23244011674e-07
    },
    "spectral_energyband_low": {
        "dmean": 0.000191340106539,
        "dmean2": 0.000362765422324,
        "dvar": 5.6182472008e-07,
        "dvar2": 1.70142425304e-06,
        "max": 0.00526987202466,
        "mean": 0.000188396297744,
        "median": 6.56053307466e-05,
        "min": 8.20003787094e-13,
        "stdev": 0.000651678303257,
        "var": 4.24684628797e-07
    },
    "spectral_energyband_middle_high": {
        "dmean": 0.00513922050595,
        "dmean2": 0.00927348993719,
        "dvar": 0.00050391361583,
        "dvar2": 0.00148948188871,
        "max": 0.15795789659,
        "mean": 0.00341212702915,
        "median": 3.36212633556e-06,
        "min": 9.04034768053e-13,
        "stdev": 0.0190011728555,
        "var": 0.00036104460014
    },
    "spectral_energyband_middle_low": {
        "dmean": 0.00380526296794,
        "dmean2": 0.00750566553324,
        "dvar": 0.000251662277151,
        "dvar2": 0.00081666756887,
        "max": 0.09929266572,
        "mean": 0.00250640069135,
        "median": 2.47534535447e-05,
        "min": 8.05642716168e-13,
        "stdev": 0.0129161793739,
        "var": 0.000166827681824
    },
    "spectral_entropy": {
        "dmean": 0.21434956789,
        "dmean2": 0.333331048489,
        "dvar": 0.0318800657988,
        "dvar2": 0.0693465024233,
        "max": 9.16988182068,
        "mean": 7.92777919769,
        "median": 7.97132778168,
        "min": 7.02865457535,
        "stdev": 0.344641059637,
        "var": 0.118777453899
    },
    "spectral_flux": {
        "dmean": 0.0157623011619,
        "dmean2": 0.0249427314848,
        "dvar": 0.00232258765027,
        "dvar2": 0.00523598724976,
        "max": 0.370246142149,
        "mean": 0.0277898870409,
        "median": 0.00589272333309,
        "min": 0.00270770001225,
        "stdev": 0.0723638162017,
        "var": 0.00523652229458
    },
    "spectral_kurtosis": {
        "dmean": 0.906497180462,
        "dmean2": 1.50444197655,
        "dvar": 2.00394368172,
        "dvar2": 5.3373875618,
        "max": 10.2763996124,
        "mean": 2.78669095039,
        "median": 2.25112986565,
        "min": 0.345447063446,
        "stdev": 1.77406382561,
        "var": 3.14730262756
    },
    "spectral_rms": {
        "dmean": 0.000674997805618,
        "dmean2": 0.0010952722514,
        "dvar": 4.18421177528e-06,
        "dvar2": 1.16324536066e-05,
        "max": 0.016033615917,
        "mean": 0.00092951656552,
        "median": 0.000333105825121,
        "min": 8.86430555624e-08,
        "stdev": 0.00228199712001,
        "var": 5.20751109434e-06
    },
    "spectral_rolloff": {
        "dmean": 775.76953125,
        "dmean2": 1237.57727051,
        "dvar": 4069232.75,
        "dvar2": 5042172,
        "max": 19832.0800781,
        "mean": 2287.90307617,
        "median": 462.963867188,
        "min": 150.732421875,
        "stdev": 3119.55249023,
        "var": 9731608
    },
    "spectral_skewness": {
        "dmean": 0.226360350847,
        "dmean2": 0.344710350037,
        "dvar": 0.0704136937857,
        "dvar2": 0.185940340161,
        "max": 2.61068463326,
        "mean": 1.22148633003,
        "median": 1.28488171101,
        "min": -0.00627279700711,
        "stdev": 0.413489997387,
        "var": 0.170973971486
    },
    "spectral_spread": {
        "dmean": 1101215,
        "dmean2": 1475004.375,
        "dvar": 7.96021699379e+12,
        "dvar2": 7.99487295488e+12,
        "max": 31221548,
        "mean": 8089740,
        "median": 8675404,
        "min": 3039537,
        "stdev": 3381103,
        "var": 1.14318576189e+13
    },
    "spectral_strongpeak": {
        "dmean": 0.261418551207,
        "dmean2": 0.402821928263,
        "dvar": 1.19090080261,
        "dvar2": 2.3397424221,
        "max": 8.27303504944,
        "mean": 0.279999285936,
        "median": 0.0341935157776,
        "min": 0,
        "stdev": 1.16841542721,
        "var": 1.36519467831
    },
    "zerocrossingrate": {
        "dmean": 0.0181510411203,
        "dmean2": 0.0216427370906,
        "dvar": 0.000318669452099,
        "dvar2": 0.000232774531469,
        "max": 0.20947265625,
        "mean": 0.098876953125,
        "median": 0.093017578125,
        "min": 0.0068359375,
        "stdev": 0.0387535728514,
        "var": 0.00150183937512
    },
    "barkbands": {
        "dmean": [1.47715718413e-06, 2.11849401239e-05, 9.68508975348e-05, 0.000217493696255, 0.000687316758558, 0.000354601390427, 0.00101803208236, 0.00150265404955, 3.10898758471e-05, 2.12557952182e-05, 1.81801187864e-05, 8.00483394414e-05, 0.00149825541303, 0.00242944527417, 0.000155158602865, 6.64170656819e-05, 0.000232921200222, 8.69911673362e-05, 0.000489262165502, 0.00017592011136, 2.04562475119e-05, 4.62013886136e-05, 4.27060185757e-05, 1.55427005666e-05, 8.92600291991e-06, 2.11698420571e-06, 7.51709990254e-07],
        "dmean2": [2.3150519155e-06, 4.18395502493e-05, 0.000152170774527, 0.000431034073699, 0.00135756516829, 0.000709656917024, 0.00195807940327, 0.00301768421195, 6.06709327258e-05, 4.25137222919e-05, 3.61284983228e-05, 0.000160298353876, 0.00296179647557, 0.00392120471224, 0.000310785369948, 0.000125775070046, 0.000461108778836, 0.000176056142664, 0.000978889176622, 0.000344548665453, 3.47413370037e-05, 8.83994216565e-05, 8.20043278509e-05, 2.78218594758e-05, 1.70624643943e-05, 4.00764611186e-06, 1.42736348607e-06],
        "dvar": [5.65268578473e-12, 8.4447062676e-09, 1.23326827861e-07, 8.45008059969e-07, 8.27207895782e-06, 2.13152952711e-06, 1.5812476704e-05, 4.54081673524e-05, 2.18076419145e-08, 7.87349296871e-09, 5.52610712745e-09, 1.62102480772e-07, 5.33191414434e-05, 0.000127547114971, 4.63378341919e-07, 8.62513687139e-08, 8.92712535006e-07, 1.51968691853e-07, 4.52381345895e-06, 5.95142296334e-07, 4.59042137635e-09, 2.23286367174e-08, 2.68206470366e-08, 2.33748309597e-09, 1.10944797793e-09, 6.70961272653e-11, 6.68372301948e-12],
        "dvar2": [7.0310775431e-12, 2.63110919718e-08, 3.24713880673e-07, 2.58476688941e-06, 2.64468926616e-05, 7.35405319574e-06, 4.89025478601e-05, 0.000148766441271, 5.75652130408e-08, 2.62736303824e-08, 1.86456432516e-08, 4.79592415559e-07, 0.000167459947988, 0.000319819431752, 1.55458030804e-06, 2.83452664007e-07, 3.00586020785e-06, 5.13060626872e-07, 1.52671818796e-05, 1.87970965726e-06, 1.33975852634e-08, 6.40323349899e-08, 8.65036327014e-08, 6.98193369786e-09, 3.64196983682e-09, 2.06253819579e-10, 1.99100198134e-11],
        "max": [2.20355777856e-05, 0.000610511517152, 0.00269039324485, 0.00601553218439, 0.0177825391293, 0.0069823670201, 0.0263808704913, 0.0415789112449, 0.00108711398207, 0.000496247084811, 0.000384102953831, 0.00278835301287, 0.0471309199929, 0.0853172913194, 0.00399339571595, 0.00179919041693, 0.00548291346058, 0.00224751629867, 0.0123276989907, 0.00508046383038, 0.000480145972688, 0.000892152602319, 0.000992609537207, 0.000235350016737, 0.000202480237931, 5.1109080232e-05, 1.66293211805e-05],
        "mean": [1.83975007531e-05, 1.58364564413e-05, 0.00010463403305, 0.000173649212229, 0.000484517542645, 0.000202710551093, 0.000730852771085, 0.000882746244315, 3.0225410228e-05, 1.34317961056e-05, 1.12906545837e-05, 6.11723735346e-05, 0.000849383359309, 0.00187161681242, 8.43958114274e-05, 4.03869707952e-05, 0.000134218178573, 4.44001234428e-05, 0.000260896311374, 0.000118237046991, 1.50756495714e-05, 2.82580331259e-05, 2.65136823145e-05, 1.04473938336e-05, 6.24676977168e-06, 2.16536932385e-06, 1.46936463352e-06],
        "median": [1.90613991435e-05, 2.84362045022e-06, 4.748223364e-05, 1.16241899377e-05, 7.21496508049e-06, 2.49552476816e-06, 5.13181930728e-07, 2.78354633565e-07, 3.3316470649e-07, 1.48893619212e-07, 1.27240824099e-07, 1.92877735117e-07, 2.62901608039e-07, 2.06946978665e-07, 1.97081064357e-07, 1.74370313744e-07, 2.21200309625e-07, 2.1056746391e-07, 3.02404629338e-07, 5.75854642193e-07, 4.17573858158e-07, 4.80472237996e-07, 5.14687030773e-07, 5.00157966599e-07, 6.45565819468e-07, 8.66912046149e-07, 1.08478468519e-06],
        "min": [2.58794450713e-13, 3.70164944703e-13, 2.20935899783e-13, 1.91676169836e-13, 3.29019987253e-13, 1.32883125076e-13, 2.35131568892e-14, 1.29429209321e-14, 8.30286631549e-14, 1.03538312364e-13, 3.83703079075e-14, 1.58455961162e-14, 1.46615860186e-13, 1.93595953071e-13, 5.02645715577e-14, 3.34015923102e-14, 6.49444826259e-14, 2.22724823204e-14, 1.85020130727e-13, 1.61771041441e-13, 1.47208059544e-12, 6.85830651168e-14, 3.66882143155e-13, 8.2422634798e-14, 6.97638453083e-13, 4.43368947242e-13, 1.45648987662e-12],
        "stdev": [3.20704270962e-06, 7.4726092862e-05, 0.000319366401527, 0.00083334260853, 0.00249157403596, 0.00111135782208, 0.00335087603889, 0.00518715009093, 0.000148009712575, 7.11518077878e-05, 5.95213205088e-05, 0.000344511616277, 0.00551973143592, 0.010475602001, 0.000501185772009, 0.000220989270019, 0.000715733563993, 0.000279112748103, 0.00156334752683, 0.000640618847683, 6.00741695962e-05, 0.000117227136798, 0.000121649143694, 4.07532461395e-05, 2.68079638772e-05, 6.24957510809e-06, 2.01658576771e-06],
        "var": [1.02851234474e-11, 5.58398927097e-09, 1.01994899637e-07, 6.94459913575e-07, 6.20794116912e-06, 1.23511608763e-06, 1.12283696581e-05, 2.6906525818e-05, 2.19068745366e-08, 5.0625796888e-09, 3.54278739678e-09, 1.18688255668e-07, 3.04674376821e-05, 0.000109738241008, 2.51187202593e-07, 4.88362594808e-08, 5.12274539233e-07, 7.7903926865e-08, 2.44405532612e-06, 4.10392487993e-07, 3.60890606288e-09, 1.3742202043e-08, 1.47985135257e-08, 1.66082703146e-09, 7.18666903765e-10, 3.90571915088e-11, 4.06661813598e-12]
    },
    "erbbands": {
        "dmean": [0.000169689097675, 0.00756838312373, 0.0852293297648, 0.414641857147, 0.901232898235, 2.91141676903, 3.03976011276, 3.24523019791, 8.07106304169, 39.7842521667, 14.6102275848, 1.29709613323, 0.433287978172, 0.804472267628, 1.01518845558, 5.61986160278, 53.907623291, 161.309539795, 23.379858017, 4.47104310989, 7.55530929565, 10.9050149918, 5.18092393875, 18.4675216675, 18.9099655151, 7.06273984909, 3.41905117035, 0.684339225292, 1.68384838104, 1.29533755779, 1.35136306286, 0.279070258141, 0.334690541029, 0.150215804577, 0.0501129180193, 0.0125563722104, 0.00299761304632, 0.000799079658464, 0.000114478520118, 2.03038889595e-05],
        "dmean2": [0.000330102979206, 0.0148826725781, 0.15089841187, 0.805465340614, 1.76948428154, 5.75934457779, 6.02763175964, 6.5440363884, 15.793759346, 77.3652114868, 29.2384529114, 2.58298444748, 0.86106133461, 1.60747098923, 2.01661086082, 11.1433191299, 102.629203796, 269.158294678, 42.180896759, 8.72307491302, 14.5290575027, 21.7296466827, 10.4790019989, 37.301322937, 37.4647636414, 13.7544565201, 6.38854980469, 1.23592877388, 3.22850799561, 2.3998875618, 2.55493283272, 0.522186934948, 0.624943137169, 0.288231134415, 0.0922447070479, 0.0235142409801, 0.00562793575227, 0.00151243573055, 0.000215829961235, 3.79929697374e-05],
        "dvar": [4.86102919695e-07, 0.00109032215551, 0.117932468653, 2.49977040291, 14.2156543732, 159.483001709, 168.448104858, 195.881286621, 972.764587402, 31803.5703125, 3668.76123047, 31.9967842102, 3.46556854248, 12.0481538773, 17.9669380188, 614.295227051, 60065.6679688, 629956.125, 7666.68066406, 313.191864014, 880.302185059, 1890.14855957, 536.142578125, 6809.92578125, 6232.71044922, 1076.2253418, 241.556686401, 3.72868776321, 38.2242050171, 14.7536201477, 25.7731819153, 0.793306469917, 1.17393887043, 0.307626992464, 0.0296600777656, 0.00225744582713, 9.80340992101e-05, 9.05628894543e-06, 1.35271136514e-07, 4.33773905684e-09],
        "dvar2": [1.52909115059e-06, 0.00335917272605, 0.34032946825, 7.81233024597, 41.9078407288, 504.326080322, 554.39239502, 662.142700195, 3216.0612793, 98938.0234375, 12335.4003906, 95.36277771, 10.1605529785, 39.9914741516, 57.4841117859, 1959.4552002, 186085.46875, 1626660.375, 25247.0488281, 1076.63183594, 3014.02709961, 6443.03466797, 1804.50634766, 22985.9082031, 21108.8789062, 3290.68383789, 704.494262695, 11.2232236862, 109.374992371, 49.1182441711, 83.3226318359, 2.28829240799, 3.71781134605, 1.03082287312, 0.096096418798, 0.00700271269307, 0.000311135750962, 2.75949769275e-05, 4.07007263448e-07, 1.44645175837e-08],
        "max": [0.0046721668914, 0.22238701582, 2.47470235825, 9.00957870483, 24.3041648865, 81.9425354004, 78.0037841797, 81.0114440918, 182.900131226, 1181.88879395, 336.62008667, 37.6473884583, 11.2854557037, 20.7155265808, 24.898645401, 157.380249023, 1639.82519531, 5865.25146484, 506.116821289, 91.6475448608, 149.402938843, 241.088302612, 134.41494751, 476.466094971, 451.052642822, 224.370254517, 110.926124573, 10.7876930237, 38.307144165, 19.652715683, 30.2582550049, 4.26630878448, 5.36480808258, 3.1469745636, 1.05148720741, 0.293872147799, 0.0601367913187, 0.019179103896, 0.00232544285245, 0.000379484234145],
        "mean": [0.000178370130016, 0.00602169288322, 0.0839099660516, 0.363288938999, 0.768748879433, 2.01941084862, 1.95204782486, 1.82660937309, 5.2751250267, 25.5481948853, 8.92759037018, 1.05557096004, 0.374926120043, 0.487687706947, 0.728665590286, 3.88038444519, 32.830329895, 117.195579529, 16.0707950592, 2.56785702705, 4.56506299973, 6.21227645874, 2.66562128067, 9.46086502075, 10.6288452148, 4.82071208954, 2.42106485367, 0.465186715126, 1.04825353622, 0.830511569977, 0.821003675461, 0.201436638832, 0.210488900542, 0.098038867116, 0.0373059846461, 0.0110621415079, 0.00337229110301, 0.00107380957343, 0.000216052576434, 2.64922855422e-05],
        "median": [7.50005856389e-05, 0.00151773076504, 0.0357671789825, 0.0693552494049, 0.0230034403503, 0.0228734947741, 0.0231594629586, 0.0210225097835, 0.00969227962196, 0.00639569759369, 0.00677650794387, 0.00773414876312, 0.00540382508188, 0.00573441619053, 0.00490939663723, 0.00867083668709, 0.0127136390656, 0.0139405755326, 0.00989353656769, 0.00997270643711, 0.0106117278337, 0.0137059092522, 0.0120730884373, 0.0136610362679, 0.0221169292927, 0.0250536054373, 0.0216904990375, 0.0186848305166, 0.0176006630063, 0.015989003703, 0.0146449860185, 0.0108275506645, 0.00825590267777, 0.00670326501131, 0.00487254746258, 0.00309571460821, 0.00162313238252, 0.000659451819956, 0.000158556358656, 1.50745945575e-05],
        "min": [1.38043344117e-11, 7.38202415862e-11, 2.31434080233e-10, 4.98702801277e-10, 8.39870395453e-10, 1.13973508409e-09, 1.23408439023e-09, 1.00265795666e-09, 5.18586174003e-10, 1.68121114252e-10, 5.24094878607e-10, 1.78813097662e-09, 3.08856251685e-09, 2.80623368987e-09, 9.50900136409e-10, 1.13853926287e-09, 6.13668804661e-09, 1.00735997322e-08, 5.93237903246e-09, 1.15348808283e-09, 2.64951283135e-09, 3.53285112276e-09, 1.47977341491e-09, 4.8110080364e-09, 1.06651691922e-08, 7.53943307785e-09, 5.49890586399e-08, 4.11179712501e-08, 4.12728384802e-09, 8.29706436889e-09, 9.95536897364e-09, 2.83558265757e-09, 1.32218269666e-09, 5.95807714276e-09, 5.39234035202e-09, 1.48331058547e-09, 5.10941289278e-10, 7.2616712643e-10, 1.80900017188e-10, 2.40301702148e-11],
        "stdev": [0.000573344703298, 0.0265764351934, 0.287607073784, 1.4546033144, 3.67633008957, 10.7415132523, 10.4960212708, 10.4861917496, 25.2407932281, 140.911865234, 48.0986824036, 5.25768947601, 1.81057846546, 2.70359039307, 3.70635962486, 20.8214759827, 195.532730103, 702.14630127, 74.1900558472, 13.5317516327, 23.1117343903, 32.6247520447, 16.6303424835, 59.3951911926, 59.7528610229, 27.1199016571, 13.1140441895, 1.59264647961, 4.77344274521, 3.00890016556, 3.78042840958, 0.760884582996, 0.864213764668, 0.440322220325, 0.14252141118, 0.0365402474999, 0.0077843866311, 0.00226959120482, 0.000292505457764, 5.4516196542e-05],
        "var": [3.2872412703e-07, 0.000706306891516, 0.0827178284526, 2.11587071419, 13.5154037476, 115.380111694, 110.166465759, 109.960220337, 637.09765625, 19856.1523438, 2313.4831543, 27.6432971954, 3.27819418907, 7.30940151215, 13.7371025085, 433.533874512, 38233.046875, 493009.40625, 5504.16455078, 183.108306885, 534.152282715, 1064.37438965, 276.56829834, 3527.78857422, 3570.40429688, 735.489074707, 171.978164673, 2.53652262688, 22.7857551575, 9.05348014832, 14.2916383743, 0.578945338726, 0.746865391731, 0.193883657455, 0.0203123539686, 0.00133518956136, 6.05966743024e-05, 5.15104375154e-06, 8.55594493032e-08, 2.97201552257e-09]
    },
    "gfcc": {
        "mean": [-251.822784424, 22.2762184143, -54.3569717407, 36.188873291, -41.3754272461, 0.8199878335, -32.764591217, -11.0037698746, -26.0989284515, 0.179514750838, -19.0008182526, -8.75268650055, -22.4530086517],
        "cov": [[18075.9140625, 1659.29223633, -2849.27539062, -360.166870117, -803.278930664, -381.538208008, -1192.67248535, -141.400924683, 185.13230896, 505.421295166, 406.506561279, -542.527893066, -827.045837402], [1659.29223633, 421.988555908, -322.954803467, -171.122833252, -49.5513153076, -118.946029663, -114.392356873, 38.250377655, -67.6220016479, 78.928237915, 85.7185821533, -122.146835327, -41.6881561279], [-2849.27539062, -322.954803467, 1178.1574707, 178.675857544, 167.665267944, 98.9421920776, 249.319015503, 65.3583831787, -53.6261863708, -247.523300171, -168.847885132, 183.881607056, 158.856765747], [-360.166870117, -171.122833252, 178.675857544, 216.834014893, 31.9474411011, 49.1497497559, 122.573242188, -47.4768333435, -24.2266559601, -63.150188446, -79.7627563477, 59.7533531189, 26.1125164032], [-803.278930664, -49.5513153076, 167.665267944, 31.9474411011, 187.997024536, 22.6711158752, 88.3019714355, 49.2678985596, -94.1462860107, -43.8868904114, -19.4692878723, -6.92290306091, 68.6934127808], [-381.538208008, -118.946029663, 98.9421920776, 49.1497497559, 22.6711158752, 142.815826416, 42.0396575928, -69.8606414795, 49.314781189, -58.2657165527, -53.8755950928, 49.3546981812, -27.4919166565], [-1192.67248535, -114.392356873, 249.319015503, 122.573242188, 88.3019714355, 42.0396575928, 251.025177002, -0.177996948361, -99.7175827026, -72.6280670166, -91.4971008301, 61.0998878479, 104.596557617], [-141.400924683, 38.250377655, 65.3583831787, -47.4768333435, 49.2678985596, -69.8606414795, -0.177996948361, 117.282775879, -36.0791435242, -0.635204315186, 32.5531806946, -31.3330593109, 23.1951732635], [185.13230896, -67.6220016479, -53.6261863708, -24.2266559601, -94.1462860107, 49.314781189, -99.7175827026, -36.0791435242, 156.786758423, 16.2451515198, 2.36439156532, 28.9037437439, -95.5407867432], [505.421295166, 78.928237915, -247.523300171, -63.150188446, -43.8868904114, -58.2657165527, -72.6280670166, -0.635204315186, 16.2451515198, 124.562652588, 56.6893424988, -69.3089828491, -27.3443756104], [406.506561279, 85.7185821533, -168.847885132, -79.7627563477, -19.4692878723, -53.8755950928, -91.4971008301, 32.5531806946, 2.36439156532, 56.6893424988, 92.0155105591, -50.628528595, -33.7296943665], [-542.527893066, -122.146835327, 183.881607056, 59.7533531189, -6.92290306091, 49.3546981812, 61.0998878479, -31.3330593109, 28.9037437439, -69.3089828491, -50.628528595, 102.789291382, 29.7583045959], [-827.045837402, -41.6881561279, 158.856765747, 26.1125164032, 68.6934127808, -27.4919166565, 104.596557617, 23.1951732635, -95.5407867432, -27.3443756104, -33.7296943665, 29.7583045959, 139.433242798]],
        "icov": [[0.000371395086404, -0.0011470715981, 0.000602773216087, -0.00138443743344, 0.00121021852829, -0.00151007052045, 0.00249359337613, -0.00206838734448, 0.00289028929546, -0.00123620033264, 0.00207163835876, -0.00210043671541, 0.00169947335962], [-0.0011470715981, 0.0127175962552, -0.00138919753954, 0.0115008689463, -0.00147087476216, 0.0100761232898, -0.00653576198965, 0.00938219483942, 0.000993989990093, 0.00631434330717, -0.00168632832356, 0.0092274621129, 0.00202292087488], [0.000602773216087, -0.00138919753954, 0.00314438063651, -0.00241177692078, 0.0015086538624, -0.00264180870727, 0.00426285341382, -0.00541619164869, 0.00446893274784, 6.23139130767e-05, 0.00515488022938, -0.00470195710659, 0.00179318967275], [-0.00138443743344, 0.0115008689463, -0.00241177692078, 0.0200031548738, -0.00487288413569, 0.0141714373603, -0.0118996296078, 0.0153832249343, -0.00278769084252, 0.00778986094519, -0.000485118478537, 0.00846452638507, 0.00348444702104], [0.00121021852829, -0.00147087476216, 0.0015086538624, -0.00487288413569, 0.0188019629568, -0.0158295594156, 0.0112618403509, -0.016336645931, 0.0220852214843, -0.00671706534922, 0.0082633709535, -0.00613353168592, 0.00494148535654], [-0.00151007052045, 0.0100761232898, -0.00264180870727, 0.0141714373603, -0.0158295594156, 0.0400566756725, -0.0191828645766, 0.0319359079003, -0.0244789291173, 0.0207151677459, -0.00728735141456, 0.0183616168797, 0.000793176644947], [0.00249359337613, -0.00653576198965, 0.00426285341382, -0.0118996296078, 0.0112618403509, -0.0191828645766, 0.0329618565738, -0.0231871269643, 0.0357049815357, -0.0162699576467, 0.0250300113112, -0.0243146233261, 0.0125275012106], [-0.00206838734448, 0.00938219483942, -0.00541619164869, 0.0153832249343, -0.016336645931, 0.0319359079003, -0.0231871269643, 0.0435269251466, -0.0294959787279, 0.0215295143425, -0.020179701969, 0.0268636867404, -0.00827903859317], [0.00289028929546, 0.000993989990093, 0.00446893274784, -0.00278769084252, 0.0220852214843, -0.0244789291173, 0.0357049815357, -0.0294959787279, 0.0738363191485, -0.0273975878954, 0.035298615694, -0.0396183691919, 0.0375016331673], [-0.00123620033264, 0.00631434330717, 6.23139130767e-05, 0.00778986094519, -0.00671706534922, 0.0207151677459, -0.0162699576467, 0.0215295143425, -0.0273975878954, 0.0357588119805, -0.0164134204388, 0.0296750031412, -0.0130215473473], [0.00207163835876, -0.00168632832356, 0.00515488022938, -0.000485118478537, 0.0082633709535, -0.00728735141456, 0.0250300113112, -0.020179701969, 0.035298615694, -0.0164134204388, 0.0476123653352, -0.0209002420306, 0.022020611912], [-0.00210043671541, 0.0092274621129, -0.00470195710659, 0.00846452638507, -0.00613353168592, 0.0183616168797, -0.0243146233261, 0.0268636867404, -0.0396183691919, 0.0296750031412, -0.0209002420306, 0.0541571266949, -0.0234566424042], [0.00169947335962, 0.00202292087488, 0.00179318967275, 0.00348444702104, 0.00494148535654, 0.000793176644947, 0.0125275012106, -0.00827903859317, 0.0375016331673, -0.0130215473473, 0.022020611912, -0.0234566424042, 0.0383390113711]]
    },
    "melbands": {
        "dmean": [3.45042053596e-06, 3.38910249411e-05, 8.43269008328e-05, 0.000132586836116, 0.000120693097415, 7.42301490391e-05, 0.000137397801154, 0.000445228652097, 8.11474674265e-05, 4.67525387648e-06, 2.00082263291e-06, 3.33448792844e-06, 2.61882291852e-06, 6.24193125986e-06, 2.6529574825e-05, 0.000245148170507, 0.000278732739389, 3.41646991728e-05, 8.1791440607e-06, 2.86683871309e-06, 1.16890478239e-05, 1.3838734958e-05, 5.23713879375e-06, 4.01954230256e-06, 1.62964151968e-05, 1.88892427104e-05, 7.57396128392e-06, 4.70100576422e-06, 3.33538037012e-06, 4.14411687188e-07, 3.16381914445e-07, 1.07981202291e-06, 8.31569764159e-07, 6.46513001357e-07, 8.40602126573e-07, 4.44976990366e-07, 8.10331712842e-08, 2.53090604474e-07, 1.78737963097e-07, 1.23202099189e-07],
        "dmean2": [6.74576131132e-06, 6.19585480308e-05, 0.000164334167494, 0.000261644978309, 0.000239166460233, 0.000149677754962, 0.000265021342784, 0.000871892319992, 0.00016364568728, 9.28069948714e-06, 3.98002066504e-06, 6.66942605676e-06, 5.2035693443e-06, 1.24621474242e-05, 5.28851196577e-05, 0.000458295748103, 0.000450951891253, 6.43012754153e-05, 1.63466393133e-05, 5.64578658668e-06, 2.23932147492e-05, 2.74811955023e-05, 1.06084971776e-05, 8.13189126347e-06, 3.29693757521e-05, 3.77231008315e-05, 1.49151455844e-05, 8.91979198059e-06, 6.26430301054e-06, 7.65157381011e-07, 5.61163915336e-07, 2.06310005524e-06, 1.58920147442e-06, 1.23925269691e-06, 1.60224249157e-06, 8.57809823174e-07, 1.3763784068e-07, 4.73351235541e-07, 3.49434685631e-07, 2.36575971257e-07],
        "dvar": [2.17342324693e-10, 1.93118427916e-08, 1.13804510704e-07, 3.19655526937e-07, 2.4714492497e-07, 9.98868827651e-08, 2.61684022007e-07, 3.98630527343e-06, 1.12768091753e-07, 5.07526964899e-10, 7.38722624738e-11, 2.05159667033e-10, 1.15779233423e-10, 9.48796818889e-10, 1.31979485118e-08, 1.48226797592e-06, 1.80876486411e-06, 2.3088546186e-08, 1.12676834529e-09, 1.29370431035e-10, 2.10069961426e-09, 2.94731905548e-09, 5.83714299118e-10, 3.21736942643e-10, 5.35244737421e-09, 6.53373177784e-09, 9.392490119e-10, 6.03054439718e-10, 2.51887399827e-10, 1.71733937834e-12, 8.11367357849e-13, 2.19833699855e-11, 4.41664413375e-12, 5.01466489861e-12, 1.01498393024e-11, 2.61918394959e-12, 7.29818698422e-14, 6.67078913809e-13, 4.58719000285e-13, 2.45242357238e-13],
        "dvar2": [6.7967875772e-10, 5.58773152193e-08, 3.41052896147e-07, 9.99561166282e-07, 8.2166292259e-07, 3.39553594131e-07, 8.503659501e-07, 1.25656315504e-05, 3.8026004745e-07, 1.3721876968e-09, 2.1838948705e-10, 6.86472434452e-10, 3.83195281062e-10, 2.79095724309e-09, 4.32675122397e-08, 4.3376467147e-06, 4.56550606032e-06, 7.17989294685e-08, 3.90941545803e-09, 4.47738290887e-10, 7.18650738918e-09, 1.00609494069e-08, 1.93294358297e-09, 1.08845810143e-09, 1.80571717578e-08, 2.2121369625e-08, 3.21619975097e-09, 1.72603020765e-09, 7.28562044028e-10, 5.48483784432e-12, 2.29872197666e-12, 6.37400340842e-11, 1.31396126618e-11, 1.65784157236e-11, 3.2997816285e-11, 8.1565006485e-12, 1.74196608201e-13, 2.02465214733e-12, 1.53276555944e-12, 7.89386188794e-13],
        "max": [9.87017338048e-05, 0.00100562756415, 0.00208237906918, 0.00367066985928, 0.00266894558445, 0.00178426457569, 0.00309476256371, 0.013047860004, 0.00169688893948, 0.000163456657901, 5.25801187905e-05, 8.39675267343e-05, 5.84213703405e-05, 0.000214601168409, 0.000692164816428, 0.00838524568826, 0.0100511582568, 0.000993022695184, 0.000168025813764, 5.41750050616e-05, 0.000228692108067, 0.000296266924124, 0.000143973447848, 0.000102973011963, 0.000422528013587, 0.000464275246486, 0.000151685017045, 0.000173976834049, 0.000113512818643, 8.02708382253e-06, 5.29385079062e-06, 2.98732866213e-05, 1.11745885079e-05, 1.30098778754e-05, 1.90851897059e-05, 9.3832213679e-06, 1.8247085336e-06, 4.13215047956e-06, 3.8528442019e-06, 3.15918009619e-06],
        "mean": [3.4045879147e-06, 3.43040046573e-05, 7.64646902098e-05, 9.67843443505e-05, 7.86470045568e-05, 4.2192696128e-05, 9.31992835831e-05, 0.000279622006929, 4.98360750498e-05, 4.44553734269e-06, 1.70347323092e-06, 1.97035160454e-06, 1.72792863395e-06, 4.91565833727e-06, 1.7069885871e-05, 0.000151838044985, 0.000207467470318, 2.32867932937e-05, 4.43358112534e-06, 1.6430182086e-06, 7.06897344571e-06, 8.02672548161e-06, 2.68022427008e-06, 2.05281662602e-06, 8.28824522614e-06, 1.02175699794e-05, 4.50796960649e-06, 3.31714772983e-06, 2.36748246607e-06, 2.88316613251e-07, 2.08059333318e-07, 6.45266766242e-07, 5.21044455581e-07, 4.19507102833e-07, 5.04111824284e-07, 2.90019443128e-07, 6.48291234029e-08, 1.56025208753e-07, 1.15591269889e-07, 8.02708441938e-08],
        "median": [1.25591827782e-06, 1.34584242915e-05, 1.02103858808e-05, 1.529642077e-06, 9.67215555647e-07, 4.1780882043e-07, 1.37797599109e-07, 6.91962824817e-08, 6.6288592393e-08, 4.80600306219e-08, 2.45370053165e-08, 2.30609735752e-08, 1.63368945039e-08, 1.95308906825e-08, 3.07419583123e-08, 2.54328185179e-08, 2.1664700256e-08, 1.45946215113e-08, 1.40432865336e-08, 1.15593872252e-08, 1.21540111309e-08, 1.51705172868e-08, 1.06018447354e-08, 1.07410160766e-08, 1.03410213725e-08, 1.20536762793e-08, 2.06926564772e-08, 1.53477053288e-08, 1.10534994491e-08, 9.63541690879e-09, 9.70587166194e-09, 9.37118471711e-09, 9.54445411594e-09, 9.38984712207e-09, 8.61996340973e-09, 7.09361502871e-09, 6.46979625429e-09, 5.55704193772e-09, 5.70460834126e-09, 5.60393198512e-09],
        "min": [1.25408215171e-13, 1.14116507043e-13, 9.56182561514e-14, 7.17036090334e-14, 4.56552384873e-14, 2.26843673376e-14, 7.07985543292e-15, 1.64217337391e-15, 5.18747456151e-15, 1.21991870409e-14, 1.56571499201e-14, 1.18934293227e-14, 4.22478477102e-15, 1.02993954782e-15, 7.11496579562e-15, 1.68591252476e-14, 1.90496320703e-14, 1.10378879295e-14, 2.5537357263e-15, 1.22292912271e-15, 3.5523769832e-15, 4.00166443425e-15, 2.14585145748e-15, 8.20022654753e-16, 3.86082233688e-15, 8.28624210805e-15, 6.03175168707e-15, 3.273116785e-15, 2.69688378617e-14, 4.61175626225e-14, 1.49894033546e-14, 1.34109445401e-15, 1.41145356342e-15, 6.39797654621e-15, 7.47258310595e-15, 1.76243246478e-15, 1.89941675059e-15, 6.53928175884e-16, 1.87543809489e-15, 6.08618541239e-15],
        "stdev": [1.20365220937e-05, 0.00011849119619, 0.00032476297929, 0.000497942091897, 0.0004106729466, 0.000238870372414, 0.000421909324359, 0.0015651996946, 0.000268198142294, 2.2178330255e-05, 8.26171799417e-06, 1.10106966531e-05, 8.94009099284e-06, 2.69335087069e-05, 9.33102928684e-05, 0.000974583148491, 0.00121493870392, 0.000119651100249, 2.47996158578e-05, 8.57243412611e-06, 3.58407851309e-05, 4.10887405451e-05, 1.73203716258e-05, 1.2852112377e-05, 5.25009309058e-05, 5.98505575908e-05, 2.38227949012e-05, 2.03066319955e-05, 1.33635085149e-05, 1.10034341105e-06, 7.32810747195e-07, 3.52294841832e-06, 1.73025614458e-06, 1.69158784047e-06, 2.35376160163e-06, 1.25338988255e-06, 2.56680237953e-07, 6.54960217616e-07, 5.25126893081e-07, 3.91319133541e-07],
        "var": [1.44877873587e-10, 1.40401628101e-08, 1.05470988387e-07, 2.47946303489e-07, 1.6865226371e-07, 5.7059057923e-08, 1.78007482532e-07, 2.44985017162e-06, 7.19302377661e-08, 4.91878371367e-10, 6.8255984198e-11, 1.21235438355e-10, 7.99252330985e-11, 7.25413895619e-10, 8.70681038379e-09, 9.49812317685e-07, 1.47607613599e-06, 1.43163862987e-08, 6.15020978589e-10, 7.34866265062e-11, 1.28456190129e-09, 1.68828473424e-09, 2.99995250863e-10, 1.65176788913e-10, 2.75634781666e-09, 3.58208906981e-09, 5.67525582085e-10, 4.12359313362e-10, 1.78583356436e-10, 1.21075556265e-12, 5.37011570195e-13, 1.2411165845e-11, 2.99378642536e-12, 2.86146952487e-12, 5.5401937378e-12, 1.57098607127e-12, 6.58847434075e-14, 4.28972883691e-13, 2.75758257375e-13, 1.5313066841e-13]
    },
    "melbands128": {
