{
"lowlevel": {
    "average_loudness": 0.99068403244,
    "barkbands_crest": {
        "dmean": 1.88403844833,
        "dmean2": 2.7556014061,
        "dvar": 1.7452455759,
        "dvar2": 2.99643945694,
        "max": 13.681684494,
        "mean": 8.99660110474,
        "median": 8.54021263123,
        "min": 4.76296329498,
        "stdev": 2.232006073,
        "var": 4.98185062408
    },
    "barkbands_flatness_db": {
        "dmean": 0.025476610288,
        "dmean2": 0.0342551358044,
        "dvar": 0.000448137783678,
        "dvar2": 0.000607470865361,
        "max": 0.234794780612,
        "mean": 0.147146522999,
        "median": 0.151214137673,
        "min": 0.0467693954706,
        "stdev": 0.0585479401052,
        "var": 0.00342786125839
    },
    "barkbands_kurtosis": {
        "dmean": 2.01608896255,
        "dmean2": 2.96995449066,
        "dvar": 6.64875411987,
        "dvar2": 15.1405572891,
        "max": 13.1598091125,
        "mean": 0.901435017586,
        "median": -0.0700476169586,
        "min": -1.38677179813,
        "stdev": 2.94467067719,
        "var": 8.67108535767
    },
    "barkbands_skewness": {
        "dmean": 0.710744142532,
        "dmean2": 0.893047392368,
        "dvar": 0.345264673233,
        "dvar2": 0.647195577621,
        "max": 3.54084038734,
        "mean": 0.733021318913,
        "median": 0.806439816952,
        "min": -0.822566211224,
        "stdev": 1.04497480392,
        "var": 1.09197223186
    },
    "barkbands_spread": {
        "dmean": 8.04440593719,
        "dmean2": 8.98478317261,
        "dvar": 161.041091919,
        "dvar2": 119.172576904,
        "max": 104.077186584,
        "mean": 23.0420532227,
        "median": 17.0498580933,
        "min": 9.55920314789,
        "stdev": 18.3436927795,
        "var": 336.491088867
    },
    "dissonance": {
        "dmean": 0.0398488231003,
        "dmean2": 0.0647304728627,
        "dvar": 0.00162562669721,
        "dvar2": 0.0044907676056,
        "max": 0.493714272976,
        "mean": 0.440702974796,
        "median": 0.460113406181,
        "min": 0.349130153656,
        "stdev": 0.0487478040159,
        "var": 0.00237634847872
    },
    "dynamic_complexity": 10.7184638977,
    "erbbands_crest": {
        "dmean": 3.57790589333,
        "dmean2": 5.68069648743,
        "dvar": 9.57469272614,
        "dvar2": 18.0223140717,
        "max": 24.1744747162,
        "mean": 10.9811267853,
        "median": 10.3842134476,
        "min": 4.08793830872,
        "stdev": 4.78947162628,
        "var": 22.939037323
    },
    "erbbands_flatness_db": {
        "dmean": 0.0261430237442,
        "dmean2": 0.0354299247265,
        "dvar": 0.000347088207491,
        "dvar2": 0.000689815322403,
        "max": 0.317703157663,
        "mean": 0.199452757835,
        "median": 0.23273190856,
        "min": 0.0649272575974,
        "stdev": 0.0753320977092,
        "var": 0.00567492470145
    },
    "erbbands_kurtosis": {
        "dmean": 1.30765604973,
        "dmean2": 2.26809287071,
        "dvar": 2.18988537788,
        "dvar2": 6.0052485466,
        "max": 6.08580970764,
        "mean": 0.377426832914,
        "median": -0.280160903931,
        "min": -1.47542262077,
        "stdev": 1.70287501812,
        "var": 2.89978313446
    },
    "erbbands_skewness": {
        "dmean": 0.454841464758,
        "dmean2": 0.763568103313,
        "dvar": 0.0985623374581,
        "dvar2": 0.222680196166,
        "max": 0.574800789356,
        "mean": -0.287360697985,
        "median": -0.357046097517,
        "min": -1.31970715523,
        "stdev": 0.467352390289,
        "var": 0.21841827035
    },
    "erbbands_spread": {
        "dmean": 8.80854701996,
        "dmean2": 13.7876033783,
        "dvar": 63.1752204895,
        "dvar2": 101.628013611,
        "max": 63.8590011597,
        "mean": 29.3713665009,
        "median": 22.6084060669,
        "min": 8.42645740509,
        "stdev": 16.398935318,
        "var": 268.925109863
    },
    "hfc": {
        "dmean": 4.47044229507,
        "dmean2": 6.4576010704,
        "dvar": 108.85635376,
        "dvar2": 159.138763428,
        "max": 53.5480155945,
        "mean": 5.12029123306,
        "median": 0.0719540193677,
        "min": 1.19933673659e-07,
        "stdev": 13.4512968063,
        "var": 180.93737793
    },
    "loudness_ebu128": {
        "integrated": -34.188293457,
        "loudness_range": 0,
        "momentary": {
            "dmean": 10.7817544937,
            "dmean2": 4.70707511902,
            "dvar": 5.53913927078,
            "dvar2": 0,
            "max": -31.7607631683,
            "mean": -41.7580070496,
            "median": -40.1889801025,
            "min": -53.3242721558,
            "stdev": 8.87290287018,
            "var": 78.7284011841
        },
        "short_term": {
            "dmean": 0,
            "dmean2": 0,
            "dvar": 0,
            "dvar2": 0,
            "max": -40.5108184814,
            "mean": -40.5108184814,
            "median": -40.5108184814,
            "min": -40.5108184814,
            "stdev": 0,
            "var": 0
        }
    },
    "melbands_crest": {
        "dmean": 3.72115731239,
        "dmean2": 6.57168722153,
        "dvar": 9.51981449127,
        "dvar2": 20.8926773071,
        "max": 22.5658473969,
        "mean": 14.0020523071,
        "median": 13.4406499863,
        "min": 6.0155081749,
        "stdev": 4.87841892242,
        "var": 23.7989730835
    },
    "melbands_flatness_db": {
        "dmean": 0.0340705104172,
        "dmean2": 0.0450415126979,
        "dvar": 0.000801957270596,
        "dvar2": 0.00100944773294,
        "max": 0.304326713085,
        "mean": 0.210059523582,
        "median": 0.214087873697,
        "min": 0.073661416769,
        "stdev": 0.0606003291905,
        "var": 0.00367240002379
    },
    "melbands_kurtosis": {
        "dmean": 5.60638666153,
        "dmean2": 7.96903514862,
        "dvar": 51.5345420837,
        "dvar2": 111.201774597,
        "max": 41.4501991272,
        "mean": 4.94047498703,
        "median": 1.5233001709,
        "min": -1.48085343838,
        "stdev": 9.45589160919,
        "var": 89.4138870239
    },
    "melbands_skewness": {
        "dmean": 0.897554695606,
        "dmean2": 1.25557994843,
        "dvar": 0.526857674122,
        "dvar2": 1.01827442646,
        "max": 5.90566015244,
        "mean": 1.6311019659,
        "median": 1.43784916401,
        "min": -0.162642806768,
        "stdev": 1.49082911015,
        "var": 2.22257137299
    },
    "melbands_spread": {
        "dmean": 11.5431442261,
        "dmean2": 14.8132686615,
        "dvar": 242.023132324,
        "dvar2": 272.320220947,
        "max": 95.5121536255,
        "mean": 30.243637085,
        "median": 25.4208545685,
        "min": 6.33480787277,
        "stdev": 18.1803894043,
        "var": 330.526550293
    },
    "pitch_salience": {
        "dmean": 0.0864343568683,
        "dmean2": 0.144010454416,
        "dvar": 0.00423216586933,
        "dvar2": 0.00981729943305,
        "max": 0.838882029057,
        "mean": 0.609257936478,
        "median": 0.614595711231,
        "min": 0.416020184755,
        "stdev": 0.118966951966,
        "var": 0.0141531350091
    },
    "silence_rate_20dB": {
        "dmean": 0,
        "dmean2": 0,
        "dvar": 0,
        "dvar2": 0,
        "max": 1,
        "mean": 1,
        "median": 1,
        "min": 1,
        "stdev": 0,
        "var": 0
    },
    "silence_rate_30dB": {
        "dmean": 0,
        "dmean2": 0,
        "dvar": 0,
        "dvar2": 0,
        "max": 1,
        "mean": 1,
        "median": 1,
        "min": 1,
        "stdev": 0,
        "var": 0
    },
    "silence_rate_60dB": {
        "dmean": 0.0833333358169,
        "dmean2": 0.130434781313,
        "dvar": 0.0763888657093,
        "dvar2": 0.113421618938,
        "max": 1,
        "mean": 0.759999990463,
        "median": 1,
        "min": 0,
        "stdev": 0.427083164454,
        "var": 0.182400017977
    },
    "spectral_centroid": {
        "dmean": 407.644287109,
        "dmean2": 474.166015625,
        "dvar": 289214.0625,
        "dvar2": 374189.5625,
        "max": 3646.05639648,
        "mean": 1433.4732666,
        "median": 1321.02062988,
        "min": 717.172851562,
        "stdev": 641.876281738,
        "var": 412005.15625
    },
    "spectral_complexity": {
        "dmean": 1.5,
        "dmean2": 1.73913037777,
        "dvar": 8,
        "dvar2": 6.9754281044,
        "max": 18,
        "mean": 3.24000000954,
        "median": 0,
        "min": 0,
        "stdev": 5.63758897781,
        "var": 31.7824115753
    },
    "spectral_decrease": {
        "dmean": 1.0630426539e-09,
        "dmean2": 1.34249233952e-09,
        "dvar": 5.37599362554e-18,
        "dvar2": 6.70886738327e-18,
        "max": -9.14850797341e-19,
        "mean": -1.36920985661e-09,
        "median": -1.40681884545e-11,
        "min": -1.27620563006e-08,
        "stdev": 3.34313221551e-09,
        "var": 1.11765327374e-17
    },
    "spectral_energy": {
        "dmean": 0.00441731512547,
        "dmean2": 0.00565233826637,
        "dvar": 9.36514989007e-05,
        "dvar2": 0.00011816991173,
        "max": 0.0530239269137,
        "mean": 0.00563213508576,
        "median": 5.96230893279e-05,
        "min": 1.43312080952e-11,
        "stdev": 0.0138307744637,
        "var": 0.000191290324437
    },
    "spectral_energyband_high": {
        "dmean": 2.3859400244e-05,
        "dmean2": 3.19174105243e-05,
        "dvar": 3.15752823887e-09,
        "dvar2": 5.72893732453e-09,
        "max": 0.000295041740173,
        "mean": 3.01140516967e-05,
        "median": 1.15911326759e-07,
        "min": 7.13798074467e-12,
        "stdev": 7.32942353352e-05,
        "var": 5.37204458695e-09
    },
    "spectral_energyband_low": {
        "dmean": 6.55851690681e-05,
        "dmean2": 7.54088614485e-05,
        "dvar": 1.67098512804e-08,
        "dvar2": 1.58650497184e-08,
        "max": 0.000778128334787,
        "mean": 0.00012194221199,
        "median": 2.67510199592e-06,
        "min": 2.68347388581e-12,
        "stdev": 0.000241054352955,
        "var": 5.81072043815e-08
    },
    "spectral_energyband_middle_high": {
        "dmean": 0.00217579095624,
        "dmean2": 0.00342258508317,
        "dvar": 2.9171585993e-05,
        "dvar2": 4.69011938549e-05,
        "max": 0.025932457298,
        "mean": 0.00233709975146,
        "median": 3.20907565765e-05,
        "min": 1.92981785066e-12,
        "stdev": 0.00645150756463,
        "var": 4.16219481849e-05
    },
    "spectral_energyband_middle_low": {
        "dmean": 0.00223730341531,
        "dmean2": 0.00280459458008,
        "dvar": 2.25115272769e-05,
        "dvar2": 2.46568943112e-05,
        "max": 0.0268543511629,
        "mean": 0.00326341786422,
        "median": 1.40799247674e-05,
        "min": 7.75899039029e-13,
        "stdev": 0.00748824654147,
        "var": 5.6073837186e-05
    },
    "spectral_entropy": {
        "dmean": 0.220044493675,
        "dmean2": 0.271411806345,
        "dvar": 0.031320899725,
        "dvar2": 0.0479327477515,
        "max": 8.67479896545,
        "mean": 7.34448194504,
        "median": 7.23223400116,
        "min": 6.63961696625,
        "stdev": 0.50194978714,
        "var": 0.251953572035
    },
    "spectral_flux": {
        "dmean": 0.0174409430474,
        "dmean2": 0.0287302862853,
        "dvar": 0.000823727517854,
        "dvar2": 0.00220368732698,
        "max": 0.131876960397,
        "mean": 0.0242938064039,
        "median": 0.00441556796432,
        "min": 0.000403376558097,
        "stdev": 0.0380594059825,
        "var": 0.00144851848017
    },
    "spectral_kurtosis": {
        "dmean": 2.0755906105,
        "dmean2": 3.11320090294,
        "dvar": 6.83958673477,
        "dvar2": 15.5529251099,
        "max": 22.5058193207,
        "mean": 9.63892173767,
        "median": 8.91084480286,
        "min": 3.43967676163,
        "stdev": 4.62668800354,
        "var": 21.4062404633
    },
    "spectral_rms": {
        "dmean": 0.000591639836784,
        "dmean2": 0.000634701747913,
        "dvar": 1.08658946374e-06,
        "dvar2": 9.56096073423e-07,
        "max": 0.00719240307808,
        "mean": 0.00119484844618,
        "median": 0.000241182235186,
        "min": 1.18244095404e-07,
        "stdev": 0.00201670592651,
        "var": 4.06710296375e-06
    },
    "spectral_rolloff": {
        "dmean": 1201.37329102,
        "dmean2": 1493.28088379,
        "dvar": 11585092,
        "dvar2": 11477768,
        "max": 19056.8847656,
        "mean": 2273.04492188,
        "median": 1528.85742188,
        "min": 193.798828125,
        "stdev": 3525.44824219,
        "var": 12428785
    },
    "spectral_skewness": {
        "dmean": 0.174241140485,
        "dmean2": 0.256341189146,
        "dvar": 0.0454893149436,
        "dvar2": 0.0781356021762,
        "max": 2.78491663933,
        "mean": 1.92968261242,
        "median": 1.92745447159,
        "min": 1.40908682346,
        "stdev": 0.315476983786,
        "var": 0.0995257347822
    },
    "spectral_spread": {
        "dmean": 492946.5,
        "dmean2": 475898.96875,
        "dvar": 494225981440,
        "dvar2": 275440173056,
        "max": 9859237,
        "mean": 3557753.5,
        "median": 2672420.5,
        "min": 1986127.75,
        "stdev": 1817922.375,
        "var": 3.30484154368e+12
    },
    "spectral_strongpeak": {
        "dmean": 0.299499422312,
        "dmean2": 0.321909457445,
        "dvar": 0.196680471301,
        "dvar2": 0.232638239861,
        "max": 3.07196140289,
        "mean": 0.439366519451,
        "median": 0.108114652336,
        "min": 0,
        "stdev": 0.780004858971,
        "var": 0.608407557011
    },
    "zerocrossingrate": {
        "dmean": 0.0148722333834,
        "dmean2": 0.0199133828282,
        "dvar": 0.00040308595635,
        "dvar2": 0.000452870008303,
        "max": 0.1357421875,
        "mean": 0.0616210922599,
        "median": 0.05615234375,
        "min": 0.0283203125,
        "stdev": 0.0234956145287,
        "var": 0.000552043900825
    },
    "barkbands": {
        "dmean": [1.28903083763e-08, 1.70451016857e-07, 2.30663704315e-06, 0.000370810361346, 0.000158188224304, 4.5627889449e-06, 0.00045050054905, 0.00129148759879, 2.13278303818e-06, 9.65650251601e-05, 4.48330501968e-05, 0.00106830580626, 0.00018549291417, 0.000261922483332, 6.79477234371e-05, 0.000276865350315, 4.10186876252e-05, 0.000172334315721, 1.62184969668e-05, 2.41748693952e-05, 6.70698273098e-06, 4.29275723945e-06, 3.76343479047e-07, 1.65656786066e-07, 3.26516584437e-07, 5.84964141126e-07, 1.72841637891e-07],
        "dmean2": [2.3877847255e-08, 3.1049691529e-07, 3.90317973142e-06, 0.000387623585993, 0.000189489903278, 7.78098365117e-06, 0.000690054730512, 0.00162245181855, 3.14764952236e-06, 0.000104486149212, 5.70856791455e-05, 0.00194758269936, 0.000258477230091, 0.000404579128372, 9.27677756408e-05, 0.000385374733014, 4.83770054416e-05, 0.000312109157676, 1.58221428137e-05, 3.09088973154e-05, 9.08376114239e-06, 5.73401575821e-06, 3.21433816453e-07, 1.98879860136e-07, 3.89047499993e-07, 5.65325876778e-07, 1.60299762797e-07],
        "dvar": [4.35460458747e-16, 1.79130375219e-14, 9.19683339901e-12, 5.08227685714e-07, 1.28131162569e-07, 8.52548934227e-11, 1.18647085401e-06, 8.07970627648e-06, 2.29745094477e-11, 3.60738248162e-08, 9.59176293946e-09, 9.2432501333e-06, 1.90742255768e-07, 4.16353941546e-07, 1.98354275227e-08, 4.55560098089e-07, 6.35741992383e-09, 2.42923334781e-07, 8.59591287039e-10, 2.77714184982e-09, 2.62449062483e-10, 9.63237545282e-11, 5.79405989333e-13, 1.23383670902e-13, 6.62840171205e-13, 1.91357455055e-12, 1.2709694137e-13],
        "dvar2": [1.22547964479e-15, 6.14665450157e-14, 2.90368180889e-11, 5.5664924048e-07, 2.54100910979e-07, 2.44843728625e-10, 1.5728753624e-06, 9.52646314545e-06, 2.97263880178e-11, 4.59965185939e-08, 1.20060210662e-08, 1.54930039571e-05, 3.36708779969e-07, 1.05987510324e-06, 3.54336826547e-08, 9.97178972284e-07, 8.76436878627e-09, 4.19054543954e-07, 1.0484465518e-09, 4.01442568077e-09, 6.27217333626e-10, 1.73607808684e-10, 3.74364764449e-13, 1.60276739797e-13, 7.72481416941e-13, 2.13137168505e-12, 1.05085157156e-13],
        "max": [9.71023155216e-08, 6.24896983936e-07, 1.33299263325e-05, 0.00444418890402, 0.00189673446584, 4.5023556595e-05, 0.00530922645703, 0.0154430018738, 2.52061508945e-05, 0.00114484317601, 0.000528720789589, 0.0126176038757, 0.00222529051825, 0.00311730476096, 0.000750443723518, 0.00331940501928, 0.000487543147756, 0.0020683335606, 0.000193305677385, 0.000292358425213, 8.3986473328e-05, 5.2968673117e-05, 5.08805760546e-06, 2.07898983717e-06, 4.21120103056e-06, 8.63521745487e-06, 2.40377698901e-06],
        "mean": [1.23240644356e-08, 1.90038250025e-07, 2.17383967538e-06, 0.000667711428832, 0.000271090888418, 4.1319212869e-06, 0.000603718974162, 0.00171318079811, 2.95250856652e-06, 0.000123008008813, 5.4389849538e-05, 0.00119025353342, 0.00017685261264, 0.000222053437028, 6.79339209455e-05, 0.000230467019719, 5.56096856599e-05, 0.000177400914254, 2.44558177656e-05, 2.87020338874e-05, 7.86948294262e-06, 4.66040546598e-06, 7.558101629e-07, 3.08596725063e-07, 6.31956652342e-07, 1.26147585888e-06, 3.47189342165e-07],
        "median": [8.44722514159e-09, 1.65449591805e-07, 8.39092081151e-07, 5.1080414778e-06, 2.52786662713e-06, 1.81510117159e-07, 1.14079045943e-06, 4.93174457006e-06, 2.05232666417e-07, 2.01744342121e-06, 2.33479212852e-07, 4.95389986099e-06, 7.52146718241e-07, 5.80508049097e-06, 2.69043039225e-06, 2.19522712541e-06, 1.78052312094e-06, 2.51647361438e-06, 2.94860939221e-07, 1.74459600544e-07, 3.61207312949e-08, 1.46461136552e-08, 7.16100512221e-09, 4.47477743748e-09, 3.82915255059e-09, 4.91586593654e-09, 7.44822870047e-09],
        "min": [1.32168798475e-12, 1.42862284502e-12, 4.64813300696e-13, 2.53655955832e-13, 3.34407902845e-13, 3.06577544384e-14, 1.85824595186e-14, 6.20134572491e-14, 7.15895916224e-14, 1.64144109275e-14, 3.44141930936e-14, 1.60357567069e-14, 1.80373077585e-13, 1.92362049683e-13, 2.71591045009e-13, 7.97052690776e-13, 1.22066948021e-13, 2.61568280327e-14, 1.36276542351e-13, 2.33260567979e-13, 8.31936570415e-13, 3.72682001362e-13, 2.85449019023e-13, 5.54068726663e-13, 1.00445411537e-12, 1.73287534495e-12, 2.4298883218e-12],
        "stdev": [1.87692830167e-08, 1.7716931211e-07, 3.42603243553e-06, 0.00132602942176, 0.00054252409609, 9.92860350379e-06, 0.00151569850277, 0.00419126544148, 6.73754038871e-06, 0.000289743446046, 0.000137619499583, 0.00340182520449, 0.000512612925377, 0.000645071268082, 0.000173060019733, 0.000709325831849, 0.000124497164506, 0.000536227598786, 5.20541361766e-05, 7.25230493117e-05, 1.9022001652e-05, 1.22090104924e-05, 1.54353654125e-06, 6.27242513929e-07, 1.36256380756e-06, 2.65740482064e-06, 7.12701648808e-07],
        "var": [3.52286005551e-16, 3.13889674886e-14, 1.17376976194e-11, 1.7583540739e-06, 2.94332409112e-07, 9.85771742013e-11, 2.29734177992e-06, 1.75667046278e-05, 4.53944520862e-11, 8.39512566131e-08, 1.89391258232e-08, 1.15724142233e-05, 2.62772005044e-07, 4.16116961333e-07, 2.99497706635e-08, 5.03143155584e-07, 1.54995447588e-08, 2.87540046884e-07, 2.70963318449e-09, 5.25959320541e-09, 3.61836560714e-10, 1.49059944943e-10, 2.38250500058e-12, 3.93433197262e-13, 1.85658021075e-12, 7.0618007969e-12, 5.07943676269e-13]
    },
    "erbbands": {
        "dmean": [9.08607125893e-06, 0.000187198049389, 0.00861507281661, 0.465915411711, 1.37593173981, 0.136305510998, 0.0180011279881, 0.0650101825595, 1.28448927402, 35.3273429871, 7.67093801498, 0.309180080891, 1.11505448818, 2.68421673775, 4.02727174759, 52.8689994812, 16.8596591949, 17.1208667755, 3.52030301094, 4.08778429031, 18.1639957428, 4.95619916916, 7.93328666687, 3.76026797295, 0.994803845882, 0.993459045887, 0.526118516922, 0.219145700336, 0.117824546993, 0.021504893899, 0.00694135390222, 0.00278429943137, 0.00360627123155, 0.00274557829835, 0.00323780905455, 0.00301197473891, 0.00129184511025, 0.000184690405149, 2.77204399026e-05, 6.38741084913e-06],
        "dmean2": [1.04641858343e-05, 0.000238322696532, 0.0102831106633, 0.501675963402, 1.64445507526, 0.164809182286, 0.0308088846505, 0.102286890149, 1.87957584858, 47.3429641724, 9.60185623169, 0.382416605949, 1.13612926006, 3.23958134651, 6.11688899994, 96.5423812866, 26.5795631409, 26.0539302826, 4.30457782745, 5.85962533951, 25.7164421082, 5.8473405838, 14.5796279907, 5.65569019318, 1.06051170826, 1.23906314373, 0.672390282154, 0.326729387045, 0.167175456882, 0.0264552589506, 0.00657874997705, 0.00290969433263, 0.00444713188335, 0.00329791661352, 0.00346521893516, 0.00294952862896, 0.00117373722605, 0.000178549948032, 2.77974995697e-05, 7.01321914676e-06],
        "dvar": [2.89612028803e-10, 1.03608840618e-07, 0.000285163725493, 0.823071658611, 9.23116493225, 0.0933872386813, 0.00125902146101, 0.0192586742342, 9.12536811829, 6276.41552734, 279.46875, 0.460557252169, 4.37259817123, 30.3584461212, 102.004615784, 22591.7871094, 1779.38024902, 1782.15136719, 42.9486274719, 94.3650131226, 1948.60754395, 109.34752655, 529.268981934, 85.6077346802, 3.84152722359, 4.59209775925, 1.49030697346, 0.300056308508, 0.0754059776664, 0.0018822333077, 0.000206701006391, 3.7233785406e-05, 5.31575824425e-05, 4.48683313152e-05, 5.5325221183e-05, 4.63787546323e-05, 8.03801322036e-06, 1.87171721677e-07, 3.52090623323e-09, 1.71858346998e-10],
        "dvar2": [3.251670877e-10, 1.1279215073e-07, 0.000309440365527, 0.888916492462, 13.6107053757, 0.185951322317, 0.0032154112123, 0.0399502329528, 11.5343523026, 7565.06298828, 316.392547607, 0.526649832726, 6.61257123947, 36.1314468384, 143.753082275, 37933.8867188, 2944.05566406, 4412.4140625, 79.4628219604, 163.787963867, 4342.23974609, 192.86529541, 891.69921875, 158.352966309, 3.71590924263, 6.94295978546, 3.31607031822, 0.451007932425, 0.116898372769, 0.00307357055135, 0.000175398992724, 4.03296908189e-05, 8.9957669843e-05, 5.76894017286e-05, 5.13768463861e-05, 4.87017932755e-05, 1.28491310534e-05, 1.44711833627e-07, 3.56777096755e-09, 2.07291322996e-10],
        "max": [0.000104988932435, 0.0019898081664, 0.0997064337134, 5.57737731934, 16.4976463318, 1.62893307209, 0.173273772001, 0.775591313839, 15.2223243713, 418.97869873, 91.9552307129, 3.71480035782, 13.1584291458, 31.8785743713, 48.3523483276, 624.58581543, 200.876556396, 204.056289673, 38.6685523987, 49.0940666199, 217.865692139, 59.363319397, 95.1508560181, 45.0955314636, 11.9370908737, 12.0128440857, 6.42236566544, 2.74864816666, 1.47561311722, 0.288620859385, 0.100723855197, 0.0396549366415, 0.040256947279, 0.0359244048595, 0.0417333729565, 0.0428549014032, 0.018804365769, 0.0025554029271, 0.000383914302802, 7.95216838014e-05],
        "mean": [1.77841975528e-05, 0.000372826121747, 0.0162391811609, 0.848765492439, 2.59404563904, 0.230678200722, 0.0236744601279, 0.0802439153194, 1.73522341251, 46.2404594421, 10.5788650513, 0.434787362814, 1.45232355595, 3.45777058601, 5.02593374252, 58.3321342468, 17.1382369995, 14.3697938919, 3.93077278137, 4.03467607498, 15.0188045502, 5.27129268646, 8.48870372772, 3.7126326561, 1.46448564529, 1.17981541157, 0.565752625465, 0.307527929544, 0.152136921883, 0.0358222834766, 0.0160169117153, 0.0063178264536, 0.00564175145701, 0.00532064773142, 0.00599144445732, 0.00604938110337, 0.00222665793262, 0.000388544984162, 5.70291704207e-05, 9.40955760598e-06],
        "median": [2.17530964619e-06, 8.28800402815e-05, 0.000835248909425, 0.00841385871172, 0.0173087753356, 0.00433205999434, 0.00141631113365, 0.001687754062, 0.0047713057138, 0.116889573634, 0.0340273007751, 0.0105221252888, 0.0361828990281, 0.0654932782054, 0.032675344497, 0.189203605056, 0.0854566693306, 0.286700099707, 0.199836030602, 0.0713021159172, 0.139942005277, 0.106076970696, 0.0797636136413, 0.080418407917, 0.019395256415, 0.00684477994218, 0.00265577994287, 0.000943768129218, 0.000566475733649, 0.000294134981232, 0.000227637341595, 0.0001162207991, 6.8446926889e-05, 3.97861476813e-05, 3.07201626129e-05, 1.92059269466e-05, 9.03806721908e-06, 3.83697852158e-06, 1.3009206441e-06, 1.69424978935e-07],
        "min": [6.0871842289e-11, 2.54690935009e-10, 5.41512390484e-10, 7.51668061127e-10, 9.84132331183e-10, 1.15190634808e-09, 6.76629696716e-10, 1.68174987825e-10, 3.13740200486e-10, 3.52734147446e-10, 1.88502458087e-09, 1.67692393305e-09, 6.0243487976e-10, 8.37550140353e-10, 1.35925604106e-09, 9.3350660535e-10, 7.37924610306e-09, 1.06804529665e-08, 8.21076096003e-09, 2.71253952633e-08, 4.12225418245e-08, 7.05817715385e-09, 1.43050515877e-09, 3.29156946144e-09, 9.49208267542e-09, 1.3480870642e-08, 2.96672109101e-08, 2.76353517847e-08, 1.59426356561e-08, 3.34142580272e-09, 8.193163481e-09, 1.17649383569e-08, 8.33470625849e-09, 4.98962737794e-09, 1.0335453382e-08, 8.41951131036e-09, 2.22482454681e-09, 1.10498843409e-09, 3.27819771329e-10, 4.37621709704e-11],
        "stdev": [3.18467718898e-05, 0.000616465520579, 0.0310570523143, 1.68381440639, 5.14347791672, 0.460313528776, 0.047904599458, 0.186463803053, 4.29867649078, 114.634674072, 25.3253364563, 1.02712571621, 3.28242111206, 8.26970100403, 13.0688905716, 167.547149658, 49.1123733521, 42.5884208679, 8.81577205658, 11.3939657211, 46.1221199036, 13.6118021011, 25.339679718, 10.5662946701, 3.287068367, 2.95685648918, 1.44396626949, 0.742283523083, 0.370530843735, 0.073901809752, 0.0314956344664, 0.0124588850886, 0.011749192141, 0.0112556526437, 0.0129950148985, 0.0129006337374, 0.00484414538369, 0.000818034051917, 0.000116055052786, 2.09371210076e-05],
        "var": [1.01421682164e-09, 3.80029717917e-07, 0.000964540522546, 2.83523082733, 26.4553642273, 0.211888536811, 0.00229485053569, 0.0347687490284, 18.4786205292, 13141.1083984, 641.372680664, 1.05498719215, 10.7742891312, 68.3879470825, 170.795898438, 28072.0449219, 2412.02539062, 1813.77355957, 77.7178344727, 129.82244873, 2127.25, 185.281158447, 642.099365234, 111.646575928, 10.8048181534, 8.74300003052, 2.08503842354, 0.550984799862, 0.137293115258, 0.00546147767454, 0.000991975073703, 0.000155223824549, 0.000138043513289, 0.000126689716126, 0.000168870406924, 0.000166426354554, 2.34657436522e-05, 6.69179712531e-07, 1.34687754283e-08, 4.38363012556e-10]
    },
    "gfcc": {
        "mean": [-327.737731934, 79.2976837158, -142.791000366, 0.00651062000543, -24.7107906342, -9.46597003937, -33.9551696777, -7.43000221252, -33.3391799927, -9.77800273895, -25.6053524017, -15.9879713058, -32.727142334],
        "cov": [[51316.375, 5551.77734375, -6974.66015625, -2293.9230957, -1790.83972168, -1958.96191406, -195.197280884, 29.696685791, -1211.00524902, -87.0681152344, -567.385803223, -715.713439941, -2713.29418945], [5551.77734375, 1970.47900391, -1290.82019043, -330.37310791, 209.924728394, -102.878623962, 77.0854034424, -61.7843437195, -157.377853394, -231.659317017, 108.1692276, -279.724090576, -400.799072266], [-6974.66015625, -1290.82019043, 1684.81970215, 527.001037598, 7.10541296005, 208.964309692, -73.4839477539, -10.4815073013, 121.623878479, 15.246424675, -15.2063264847, 240.453811646, 469.587982178], [-2293.9230957, -330.37310791, 527.001037598, 248.133255005, 88.5447692871, 73.8888778687, -37.4720497131, -22.4544429779, 16.0062637329, -27.0114078522, 3.0517282486, 57.7984313965, 131.302017212], [-1790.83972168, 209.924728394, 7.10541296005, 88.5447692871, 303.02520752, 132.396072388, 5.19606924057, -30.7336673737, 27.561914444, -53.8310852051, 75.7259140015, -54.1972236633, 26.7450237274], [-1958.96191406, -102.878623962, 208.964309692, 73.8888778687, 132.396072388, 107.383140564, 12.9225502014, -10.7149534225, 42.899471283, -4.00590276718, 43.821849823, 7.15527486801, 87.1238937378], [-195.197280884, 77.0854034424, -73.4839477539, -37.4720497131, 5.19606924057, 12.9225502014, 55.8058166504, 14.5601530075, 8.36896419525, 3.48011898994, 13.0158653259, -28.5067996979, -0.925821959972], [29.696685791, -61.7843437195, -10.4815073013, -22.4544429779, -30.7336673737, -10.7149534225, 14.5601530075, 48.3452568054, 17.3337860107, 3.01503372192, -25.5570049286, 11.8955688477, 8.09297657013], [-1211.00524902, -157.377853394, 121.623878479, 16.0062637329, 27.561914444, 42.899471283, 8.36896419525, 17.3337860107, 53.5771903992, 18.9133930206, 4.81029176712, 16.0530986786, 63.5778617859], [-87.0681152344, -231.659317017, 15.246424675, -27.0114078522, -53.8310852051, -4.00590276718, 3.48011898994, 3.01503372192, 18.9133930206, 82.2003097534, -19.3285140991, 5.45077896118, 2.89811205864], [-567.385803223, 108.1692276, -15.2063264847, 3.0517282486, 75.7259140015, 43.821849823, 13.0158653259, -25.5570049286, 4.81029176712, -19.3285140991, 61.9483680725, -4.80626010895, 15.9381818771], [-715.713439941, -279.724090576, 240.453811646, 57.7984313965, -54.1972236633, 7.15527486801, -28.5067996979, 11.8955688477, 16.0530986786, 5.45077896118, -4.80626010895, 84.833152771, 79.8914718628], [-2713.29418945, -400.799072266, 469.587982178, 131.302017212, 26.7450237274, 87.1238937378, -0.925821959972, 8.09297657013, 63.5778617859, 2.89811205864, 15.9381818771, 79.8914718628, 179.906417847]],
        "icov": [[0.00275631877594, -0.00610684324056, 0.00605080882087, -0.0060900375247, 0.0195945948362, -0.0152700319886, 0.0197906419635, -0.0122570320964, 0.019059766084, -0.00885481387377, 0.00593969877809, -0.00720009114593, 0.0178293809295], [-0.00610684324056, 0.0219103712589, -0.0163304135203, 0.0255493503064, -0.0506760254502, 0.043836556375, -0.0511717051268, 0.0349958352745, -0.0411957278848, 0.0413359589875, -0.0176913607866, 0.0237560477108, -0.0299333091825], [0.00605080882087, -0.0163304135203, 0.0327022373676, -0.0488147065043, 0.0816400796175, -0.0892555788159, 0.0677147805691, -0.0367119126022, 0.0348314382136, -0.0199610181153, 0.0119348978624, -0.0051478696987, 0.0274716280401], [-0.0060900375247, 0.0255493503064, -0.0488147065043, 0.100414276123, -0.126637801528, 0.143816933036, -0.0916058719158, 0.0593857914209, -0.0142088476568, 0.0377696305513, 3.19579630741e-05, -0.000831286364701, -0.029983760789], [0.0195945948362, -0.0506760254502, 0.0816400796175, -0.126637801528, 0.251426637173, -0.261948376894, 0.215449541807, -0.129026606679, 0.113908745348, -0.0577654615045, 0.0161181036383, -0.00234128697775, 0.118630096316], [-0.0152700319886, 0.043836556375, -0.0892555788159, 0.143816933036, -0.261948376894, 0.338759958744, -0.197549551725, 0.105636805296, -0.0800653472543, 0.0342774167657, -0.034855671227, 0.00541864382103, -0.107083186507], [0.0197906419635, -0.0511717051268, 0.0677147805691, -0.0916058719158, 0.215449541807, -0.197549551725, 0.26179382205, -0.174774587154, 0.165216594934, -0.0857995525002, -0.0147556411102, 0.0387131050229, 0.0745444595814], [-0.0122570320964, 0.0349958352745, -0.0367119126022, 0.0593857914209, -0.129026606679, 0.105636805296, -0.174774587154, 0.169545412064, -0.133575290442, 0.0791145265102, 0.0445575937629, -0.0441751107574, -0.0333120189607], [0.019059766084, -0.0411957278848, 0.0348314382136, -0.0142088476568, 0.113908745348, -0.0800653472543, 0.165216594934, -0.133575290442, 0.229903548956, -0.0883295312524, 0.0200561303645, -0.0096323993057, 0.0665066018701], [-0.00885481387377, 0.0413359589875, -0.0199610181153, 0.0377696305513, -0.0577654615045, 0.0342774167657, -0.0857995525002, 0.0791145265102, -0.0883295312524, 0.115189366043, -0.014163990505, 0.0337660685182, -0.0133131854236], [0.00593969877809, -0.0176913607866, 0.0119348978624, 3.19579630741e-05, 0.0161181036383, -0.034855671227, -0.0147556411102, 0.0445575937629, 0.0200561303645, -0.014163990505, 0.103904977441, -0.088482029736, 0.0546230264008], [-0.00720009114593, 0.0237560477108, -0.0051478696987, -0.000831286364701, -0.00234128697775, 0.00541864382103, 0.0387131050229, -0.0441751107574, -0.0096323993057, 0.0337660685182, -0.088482029736, 0.147180497646, -0.0963714197278], [0.0178293809295, -0.0299333091825, 0.0274716280401, -0.029983760789, 0.118630096316, -0.107083186507, 0.0745444595814, -0.0333120189607, 0.0665066018701, -0.0133131854236, 0.0546230264008, -0.0963714197278, 0.208719283342]]
    },
    "melbands": {
        "dmean": [2.42651854165e-08, 4.21812546847e-06, 0.000131002205308, 4.76191016787e-05, 3.86825746546e-07, 9.77889385467e-07, 2.6805433663e-05, 0.000393392605474, 3.14289100061e-05, 4.3119874249e-07, 7.17678221918e-06, 1.24036050693e-05, 6.62498860038e-06, 8.09771154309e-05, 0.000100840938103, 2.52702593571e-05, 3.35228796757e-05, 3.3803619317e-06, 5.85469160796e-06, 6.74866714689e-06, 2.35971619986e-05, 2.43821659751e-06, 9.53757898969e-06, 4.42172085968e-06, 3.04421632791e-06, 7.09970606749e-07, 8.05087154276e-07, 6.84410679241e-07, 3.97059665147e-07, 1.82486743938e-07, 1.61701436241e-07, 9.52775280894e-08, 1.09153441841e-08, 1.24234089682e-08, 4.37063762959e-09, 3.01741720499e-09, 1.53367585298e-09, 2.28734386987e-09, 2.32856045557e-09, 2.48868725627e-09],
        "dmean2": [4.38502674172e-08, 5.08269431521e-06, 0.000144117206219, 5.88732327742e-05, 7.21903177237e-07, 1.62767298661e-06, 4.24913378083e-05, 0.000519198947586, 3.74160699721e-05, 6.30222189102e-07, 6.83992584527e-06, 1.48803328557e-05, 8.29903729027e-06, 0.000145774421981, 0.000184627933777, 3.44033833244e-05, 5.28915807081e-05, 5.43480200577e-06, 8.62617071107e-06, 9.20461752685e-06, 3.36841003445e-05, 2.80496033156e-06, 1.76749072125e-05, 7.29827161194e-06, 4.51297455584e-06, 7.82004576649e-07, 8.57630254814e-07, 8.91105685241e-07, 4.98665144733e-07, 2.70625179155e-07, 2.01964567736e-07, 1.33657337642e-07, 1.63028470723e-08, 1.26927224287e-08, 3.99940702778e-09, 5.10688824562e-09, 1.8835004667e-09, 2.76804468236e-09, 2.95089974678e-09, 3.09150194333e-09],
        "dvar": [3.50727729626e-16, 6.95608709522e-11, 6.91462886948e-08, 1.20337206866e-08, 5.95886892347e-13, 4.00654509569e-12, 4.44283854151e-09, 7.70030965214e-07, 4.48871162462e-09, 9.0947805927e-13, 1.8081318387e-10, 6.47907671958e-10, 2.14634351958e-10, 5.22881578036e-08, 8.23829893193e-08, 3.48755246904e-09, 7.17502635084e-09, 4.04765700124e-11, 2.03099606577e-10, 2.46776765689e-10, 3.28284754936e-09, 2.13459527831e-11, 7.72788666392e-10, 1.3374754082e-10, 5.66583724382e-11, 1.62690791828e-12, 2.70710819213e-12, 2.40040517845e-12, 8.36698711617e-13, 2.08372693557e-13, 1.2560502497e-13, 4.85670667094e-14, 6.48616379332e-16, 5.8608909538e-16, 7.61127726012e-17, 4.11030844025e-17, 1.34482593855e-17, 2.46494478954e-17, 2.22943637754e-17, 4.0724176125e-17],
        "dvar2": [1.04192686397e-15, 6.86607506961e-11, 8.39351699256e-08, 1.93486755506e-08, 1.644567078e-12, 1.09741235196e-11, 6.10437700388e-09, 9.20105435398e-07, 4.84132600675e-09, 1.17413077958e-12, 2.72199679463e-10, 7.96943011583e-10, 2.67486782723e-10, 8.68596501391e-08, 1.37996678973e-07, 6.37463548614e-09, 1.85150952348e-08, 7.42413006072e-11, 3.82539999677e-10, 4.24786317232e-10, 7.37628047531e-09, 2.87314668584e-11, 1.34341371361e-09, 2.11796247207e-10, 1.1226926333e-10, 2.26208700209e-12, 3.18719117938e-12, 4.24640400967e-12, 1.84275034468e-12, 5.25780753571e-13, 2.20022025772e-13, 7.47143300462e-14, 1.17010952455e-15, 8.35860053284e-16, 6.68712725697e-17, 1.04471958453e-16, 1.5764783654e-17, 3.56555905256e-17, 3.53306044978e-17, 5.94915972784e-17],
        "max": [1.00820521709e-07, 4.90382044518e-05, 0.00156982347835, 0.000570855860133, 3.83760652767e-06, 1.01380601336e-05, 0.000316217017826, 0.00467701023445, 0.000376791344024, 5.07010918227e-06, 8.43846282805e-05, 0.000147065264173, 7.82898205216e-05, 0.000958551361691, 0.00119020580314, 0.000303100183373, 0.000399197655497, 3.0364808481e-05, 7.00506279827e-05, 8.10074416222e-05, 0.000283046247205, 2.89345953206e-05, 0.000114154019684, 5.30808356416e-05, 3.64049665222e-05, 8.34127331473e-06, 9.80237837211e-06, 8.25207371236e-06, 4.80509470435e-06, 2.31005947171e-06, 1.9895501282e-06, 1.17701699764e-06, 1.43908181371e-07, 1.61305337087e-07, 6.26179499363e-08, 4.03307645058e-08, 2.1634368963e-08, 2.57361225664e-08, 2.78811640442e-08, 3.24078115455e-08],
        "mean": [3.27607381223e-08, 7.98073870101e-06, 0.000240138673689, 9.02191168279e-05, 4.46075489435e-07, 9.29433497276e-07, 3.68062319467e-05, 0.000517517153639, 4.51126543339e-05, 5.74102784867e-07, 9.10540438781e-06, 1.58070160978e-05, 8.33480135043e-06, 9.13665426197e-05, 0.000111136607302, 2.38156317209e-05, 2.73573277809e-05, 4.50949437436e-06, 5.4760121202e-06, 6.57212649458e-06, 1.94399181055e-05, 3.35318259204e-06, 9.84049620456e-06, 4.80374865219e-06, 2.87334933091e-06, 1.03306012988e-06, 1.0576987961e-06, 7.62224317441e-07, 4.17670889874e-07, 2.04822171668e-07, 1.8425532744e-07, 1.17597295457e-07, 1.80597243826e-08, 2.0027973946e-08, 9.56245838069e-09, 5.04309127791e-09, 3.47086026586e-09, 3.97186772361e-09, 3.69328101435e-09, 4.75348382878e-09],
        "median": [3.23377591371e-08, 3.5277224697e-07, 2.07484981729e-06, 7.55062785629e-07, 5.69446179099e-08, 3.49488189499e-08, 7.70901493752e-08, 1.3518376818e-06, 2.02579499842e-07, 3.06441769737e-08, 1.91237944591e-07, 2.98755452377e-07, 3.31553344779e-08, 4.19562667275e-07, 3.48194703292e-07, 1.245852701e-07, 5.19524235187e-07, 2.89610994741e-07, 1.05495466585e-07, 1.18820977946e-07, 1.98421446385e-07, 1.29017891481e-07, 8.49708641226e-08, 7.80946081136e-08, 5.98075686753e-08, 1.39378988351e-08, 9.04440700111e-09, 3.18135895405e-09, 1.9691872577e-09, 7.80235931419e-10, 5.13496078991e-10, 3.27972649039e-10, 2.05458469682e-10, 1.31353844468e-10, 1.42931014246e-10, 8.78365227774e-11, 6.35827293594e-11, 4.86929871424e-11, 4.5498157325e-11, 3.24856738732e-11],
        "min": [5.33727521814e-13, 2.96594861301e-13, 1.36268641228e-13, 7.79123876418e-14, 2.96862212004e-14, 4.22091552452e-15, 4.40488981011e-15, 5.20991119373e-15, 1.68004038415e-14, 9.46989865404e-15, 2.67495588193e-15, 3.10371421896e-15, 4.83047262061e-15, 2.17688843873e-15, 5.69765521113e-15, 2.15249774385e-14, 1.96042590798e-14, 1.11744753804e-14, 2.51375966754e-14, 4.8438510825e-14, 4.68854081536e-14, 7.11519195342e-15, 1.42774264227e-15, 1.12323207427e-15, 2.2728737888e-15, 7.30726768564e-15, 7.4375100127e-15, 8.17531806141e-15, 1.23856435565e-14, 2.97077561661e-14, 1.16024946812e-14, 1.11097629103e-14, 2.62751250777e-15, 1.80665309034e-15, 3.63028156798e-15, 8.8680351582e-15, 6.09495770911e-15, 5.06291582551e-15, 5.10515862914e-15, 4.24700244523e-15],
        "stdev": [2.83890386754e-08, 1.54261633725e-05, 0.000475875567645, 0.000179091788596, 9.10673747967e-07, 2.23056190407e-06, 9.20133243199e-05, 0.00127742520999, 0.000105297294795, 1.33893411203e-06, 2.08748933801e-05, 3.78860786441e-05, 2.08411220228e-05, 0.000258709449554, 0.000319778017001, 6.89621956553e-05, 8.2434824435e-05, 8.67780272529e-06, 1.59059709404e-05, 1.86743454833e-05, 5.96635327383e-05, 7.38206472306e-06, 2.99639596051e-05, 1.36194321385e-05, 8.33306694403e-06, 2.18411832975e-06, 2.53286566476e-06, 1.97890972231e-06, 1.08201265903e-06, 5.03708577071e-07, 4.65456167831e-07, 2.93931122997e-07, 3.71244439634e-08, 4.22497876684e-08, 1.89520346083e-08, 1.0117560123e-08, 6.93017598863e-09, 8.21638757031e-09, 7.73177344371e-09, 1.02149186887e-08],
        "var": [8.05937555631e-16, 2.37966535366e-10, 2.26457544272e-07, 3.20738706705e-08, 8.29326678945e-13, 4.97540637162e-12, 8.46645242802e-09, 1.63181505286e-06, 1.10875202353e-08, 1.79274466366e-12, 4.35761149387e-10, 1.43535505703e-09, 4.34352331879e-10, 6.69305748602e-08, 1.02257985191e-07, 4.75578465498e-09, 6.79550016258e-09, 7.53042628254e-11, 2.52999898809e-10, 3.4873118282e-10, 3.5597371717e-09, 5.44948808301e-11, 8.97838914327e-10, 1.85488943649e-10, 6.94400092982e-11, 4.7703724651e-12, 6.41540856897e-12, 3.91608403691e-12, 1.17075132141e-12, 2.5372233611e-13, 2.16649438732e-13, 8.63955107e-14, 1.37822424914e-15, 1.78504464458e-15, 3.59179636132e-16, 1.02365016937e-16, 4.80273405183e-17, 6.7509028822e-17, 5.97803230169e-17, 1.04344572639e-16]
    },
    "melbands128": {
