{
"lowlevel": {
    "average_loudness": 0.202144026756,
    "barkbands_crest": {
        "dmean": 4.1853723526,
        "dmean2": 6.98045635223,
        "dvar": 12.2077617645,
        "dvar2": 30.051109314,
        "max": 25.9292697906,
        "mean": 12.1101617813,
        "median": 11.0314369202,
        "min": 3.62480735779,
        "stdev": 5.11364078522,
        "var": 26.1493244171
    },
    "barkbands_flatness_db": {
        "dmean": 0.0397580638528,
        "dmean2": 0.0573287829757,
        "dvar": 0.00126633362379,
        "dvar2": 0.00245055952109,
        "max": 0.457061767578,
        "mean": 0.201318055391,
        "median": 0.198191344738,
        "min": 0.0280762221664,
        "stdev": 0.073416762054,
        "var": 0.00539002101868
    },
    "barkbands_kurtosis": {
        "dmean": 4.45316886902,
        "dmean2": 7.34683132172,
        "dvar": 72.4347763062,
        "dvar2": 176.591674805,
        "max": 119.207130432,
        "mean": 4.33670377731,
        "median": 1.65440106392,
        "min": -1.74097502232,
        "stdev": 9.0967874527,
        "var": 82.7515411377
    },
    "barkbands_skewness": {
        "dmean": 0.819713592529,
        "dmean2": 1.27644765377,
        "dvar": 0.670693039894,
        "dvar2": 1.57900047302,
        "max": 6.72952890396,
        "mean": 1.04154145718,
        "median": 0.826234579086,
        "min": -1.68575763702,
        "stdev": 1.25664532185,
        "var": 1.57915759087
    },
    "barkbands_spread": {
        "dmean": 3.88902020454,
        "dmean2": 5.90131092072,
        "dvar": 22.1518650055,
        "dvar2": 43.5202980042,
        "max": 123.563194275,
        "mean": 11.1383066177,
        "median": 8.66632843018,
        "min": 0.314373344183,
        "stdev": 11.7356071472,
        "var": 137.724472046
    },
    "dissonance": {
        "dmean": 0.0356655493379,
        "dmean2": 0.0599194616079,
        "dvar": 0.00137079949491,
        "dvar2": 0.00354369962588,
        "max": 0.499999940395,
        "mean": 0.453849256039,
        "median": 0.468903958797,
        "min": 0.207234203815,
        "stdev": 0.0456598103046,
        "var": 0.00208481843583
    },
    "dynamic_complexity": 9.7806892395,
    "erbbands_crest": {
        "dmean": 4.92381954193,
        "dmean2": 8.13781642914,
        "dvar": 17.4390029907,
        "dvar2": 41.2913551331,
        "max": 32.4358520508,
        "mean": 13.8922271729,
        "median": 12.6716918945,
        "min": 2.79611039162,
        "stdev": 6.05667877197,
        "var": 36.6833572388
    },
    "erbbands_flatness_db": {
        "dmean": 0.0360486097634,
        "dmean2": 0.0503826551139,
        "dvar": 0.000988086569123,
        "dvar2": 0.0018676581094,
        "max": 0.51877194643,
        "mean": 0.284316390753,
        "median": 0.284008145332,
        "min": 0.0441188402474,
        "stdev": 0.0741188973188,
        "var": 0.00549361109734
    },
    "erbbands_kurtosis": {
        "dmean": 3.22357702255,
        "dmean2": 5.22423124313,
        "dvar": 28.0458507538,
        "dvar2": 67.0620498657,
        "max": 76.3984985352,
        "mean": 3.20249032974,
        "median": 1.28003311157,
        "min": -1.68322181702,
        "stdev": 6.0495557785,
        "var": 36.5971260071
    },
    "erbbands_skewness": {
        "dmean": 0.695543825626,
        "dmean2": 1.07268369198,
        "dvar": 0.450641900301,
        "dvar2": 1.04301714897,
        "max": 5.85271215439,
        "mean": 0.87778198719,
        "median": 0.674779593945,
        "min": -1.30857586861,
        "stdev": 1.07378363609,
        "var": 1.15301132202
    },
    "erbbands_spread": {
        "dmean": 5.44248104095,
        "dmean2": 8.32328510284,
        "dvar": 34.6230545044,
        "dvar2": 80.0217208862,
        "max": 98.9995803833,
        "mean": 15.8077764511,
        "median": 13.5249662399,
        "min": 0.797627270222,
        "stdev": 10.3607158661,
        "var": 107.344436646
    },
    "hfc": {
        "dmean": 8.79727458954,
        "dmean2": 11.6130523682,
        "dvar": 731.464233398,
        "dvar2": 1299.79711914,
        "max": 431.510742188,
        "mean": 12.0465459824,
        "median": 1.75714182854,
        "min": 1.25380847749e-06,
        "stdev": 37.2892303467,
        "var": 1390.48657227
    },
    "loudness_ebu128": {
        "integrated": -24.3689231873,
        "loudness_range": 13.5542030334,
        "momentary": {
            "dmean": 1.54164040089,
            "dmean2": 2.20725417137,
            "dvar": 3.49378299713,
            "dvar2": 5.41379404068,
            "max": -15.6124324799,
            "mean": -31.6714859009,
            "median": -29.8543434143,
            "min": -74.2473449707,
            "stdev": 10.1357488632,
            "var": 102.733413696
        },
        "short_term": {
            "dmean": 0.25587105751,
            "dmean2": 0.343156188726,
            "dvar": 0.208161503077,
            "dvar2": 0.325174599886,
            "max": -19.5313873291,
            "mean": -28.1948165894,
            "median": -29.1793823242,
            "min": -45.0871658325,
            "stdev": 5.59167671204,
            "var": 31.2668476105
        }
    },
    "melbands_crest": {
        "dmean": 5.12852478027,
        "dmean2": 8.44890213013,
        "dvar": 17.8651561737,
        "dvar2": 44.6965866089,
        "max": 34.1370239258,
        "mean": 14.883936882,
        "median": 13.5711975098,
        "min": 3.7776966095,
        "stdev": 6.22750806808,
        "var": 38.7818565369
    },
    "melbands_flatness_db": {
        "dmean": 0.0387750379741,
        "dmean2": 0.0570848733187,
        "dvar": 0.00126425980125,
        "dvar2": 0.00242277188227,
        "max": 0.473095238209,
        "mean": 0.213867872953,
        "median": 0.210829883814,
        "min": 0.0195229873061,
        "stdev": 0.0685746446252,
        "var": 0.00470248237252
    },
    "melbands_kurtosis": {
        "dmean": 6.65301084518,
        "dmean2": 11.0283918381,
        "dvar": 149.352722168,
        "dvar2": 386.628814697,
        "max": 129.96862793,
        "mean": 7.17553853989,
        "median": 2.9798707962,
        "min": -1.49527668953,
        "stdev": 12.8658733368,
        "var": 165.530700684
    },
    "melbands_skewness": {
        "dmean": 0.92972868681,
        "dmean2": 1.44894814491,
        "dvar": 0.941217660904,
        "dvar2": 2.20378518105,
        "max": 9.82686233521,
        "mean": 1.34446275234,
        "median": 1.07819128036,
        "min": -1.8597124815,
        "stdev": 1.43524944782,
        "var": 2.05994081497
    },
    "melbands_spread": {
        "dmean": 6.89528560638,
        "dmean2": 10.7029399872,
        "dvar": 70.5632324219,
        "dvar2": 167.332763672,
        "max": 160.561569214,
        "mean": 17.7234992981,
        "median": 14.4945926666,
        "min": 0.786297440529,
        "stdev": 14.9233312607,
        "var": 222.705825806
    },
    "pitch_salience": {
        "dmean": 0.104561150074,
        "dmean2": 0.172423779964,
        "dvar": 0.00809009745717,
        "dvar2": 0.0193020179868,
        "max": 0.834109663963,
        "mean": 0.567743182182,
        "median": 0.587399661541,
        "min": 0.110099747777,
        "stdev": 0.133785590529,
        "var": 0.0178985856473
    },
    "silence_rate_20dB": {
        "dmean": 0.00171673821751,
        "dmean2": 0.00343642616645,
        "dvar": 0.00171380280517,
        "dvar2": 0.00514287035912,
        "max": 1,
        "mean": 0.999142348766,
        "median": 1,
        "min": 0,
        "stdev": 0.0292726848274,
        "var": 0.000856890110299
    },
    "silence_rate_30dB": {
        "dmean": 0.0171673819423,
        "dmean2": 0.0343642607331,
        "dvar": 0.0168733242899,
        "dvar2": 0.0383393578231,
        "max": 1,
        "mean": 0.979416787624,
        "median": 1,
        "min": 0,
        "stdev": 0.141983494163,
        "var": 0.0201593115926
    },
    "silence_rate_60dB": {
        "dmean": 0.132188841701,
        "dmean2": 0.2646048069,
        "dvar": 0.114714041352,
        "dvar2": 0.215209946036,
        "max": 1,
        "mean": 0.594339609146,
        "median": 1,
        "min": 0,
        "stdev": 0.491020023823,
        "var": 0.241100668907
    },
    "spectral_centroid": {
        "dmean": 300.432495117,
        "dmean2": 437.496307373,
        "dvar": 118413.8125,
        "dvar2": 179571.484375,
        "max": 10642.2558594,
        "mean": 1455.85778809,
        "median": 1368.91003418,
        "min": 195.211517334,
        "stdev": 584.760498047,
        "var": 341944.84375
    },
    "spectral_complexity": {
        "dmean": 2.43605160713,
        "dmean2": 3.31271481514,
        "dvar": 8.59103488922,
        "dvar2": 16.4091796875,
        "max": 46,
        "mean": 5.7795882225,
        "median": 4,
        "min": 0,
        "stdev": 6.46285915375,
        "var": 41.7685470581
    },
    "spectral_decrease": {
        "dmean": 1.83220338901e-09,
        "dmean2": 2.4374107177e-09,
        "dvar": 3.80097167704e-17,
        "dvar2": 7.36444590359e-17,
        "max": -1.18066417049e-17,
        "mean": -2.4582795799e-09,
        "median": -3.64334173941e-10,
        "min": -1.16012792262e-07,
        "stdev": 7.89548160185e-09,
        "var": 6.23386338328e-17
    },
    "spectral_energy": {
        "dmean": 0.00770420581102,
        "dmean2": 0.0102322334424,
        "dvar": 0.000659355020616,
        "dvar2": 0.00126707321033,
        "max": 0.476995646954,
        "mean": 0.0103707499802,
        "median": 0.00154171930626,
        "min": 1.58285218266e-10,
        "stdev": 0.0331437215209,
        "var": 0.00109850626905
    },
    "spectral_energyband_high": {
        "dmean": 6.77696662024e-05,
        "dmean2": 0.000100176715932,
        "dvar": 4.09044957905e-08,
        "dvar2": 8.87724382892e-08,
        "max": 0.00266040721908,
        "mean": 8.73963872436e-05,
        "median": 1.05723565866e-05,
        "min": 7.92807555716e-11,
        "stdev": 0.000256622879533,
        "var": 6.58553034327e-08
    },
    "spectral_energyband_low": {
        "dmean": 3.59686346201e-05,
        "dmean2": 6.13261581748e-05,
        "dvar": 1.52358779815e-07,
        "dvar2": 4.05555908856e-07,
        "max": 0.00964655447751,
        "mean": 2.61447294179e-05,
        "median": 4.59506139805e-07,
        "min": 2.67139695781e-11,
        "stdev": 0.000326568522723,
        "var": 1.06647007669e-07
    },
    "spectral_energyband_middle_high": {
        "dmean": 0.00684365350753,
        "dmean2": 0.00895530171692,
        "dvar": 0.000630972499494,
        "dvar2": 0.00118735234719,
        "max": 0.468984603882,
        "mean": 0.00867754686624,
        "median": 0.000618037534878,
        "min": 2.15936400705e-11,
        "stdev": 0.0322279185057,
        "var": 0.00103863875847
    },
    "spectral_energyband_middle_low": {
        "dmean": 0.00145670131315,
        "dmean2": 0.00231647118926,
        "dvar": 2.90070474875e-05,
        "dvar2": 7.77878376539e-05,
        "max": 0.121512323618,
        "mean": 0.00175321754068,
        "median": 0.000388467044104,
        "min": 8.58612920346e-12,
        "stdev": 0.00489391107112,
        "var": 2.39503642661e-05
    },
    "spectral_entropy": {
        "dmean": 0.260847002268,
        "dmean2": 0.38625228405,
        "dvar": 0.0610294267535,
        "dvar2": 0.123504348099,
        "max": 9.79369449615,
        "mean": 7.26917028427,
        "median": 7.30318641663,
        "min": 4.76858139038,
        "stdev": 0.464187175035,
        "var": 0.215469732881
    },
    "spectral_flux": {
        "dmean": 0.0248395297676,
        "dmean2": 0.0345916748047,
        "dvar": 0.00151651131455,
        "dvar2": 0.0027251879219,
        "max": 0.650684654713,
        "mean": 0.0574990957975,
        "median": 0.0352188572288,
        "min": 4.49595463579e-05,
        "stdev": 0.0752488076687,
        "var": 0.00566238258034
    },
    "spectral_kurtosis": {
        "dmean": 3.50960254669,
        "dmean2": 5.89722537994,
        "dvar": 12.057261467,
        "dvar2": 32.4759902954,
        "max": 41.9788475037,
        "mean": 7.45803117752,
        "median": 6.5357632637,
        "min": -1.21529507637,
        "stdev": 4.51828241348,
        "var": 20.4148769379
    },
    "spectral_rms": {
        "dmean": 0.000836015271489,
        "dmean2": 0.00102745159529,
        "dvar": 1.59474814154e-06,
        "dvar2": 2.37121776081e-06,
        "max": 0.0215722415596,
        "mean": 0.00198017898947,
        "median": 0.00122642307542,
        "min": 3.9296895693e-07,
        "stdev": 0.00248931953683,
        "var": 6.19671118329e-06
    },
    "spectral_rolloff": {
        "dmean": 419.795013428,
        "dmean2": 679.979675293,
        "dvar": 429355.15625,
        "dvar2": 722166.75,
        "max": 18260.15625,
        "mean": 1720.82861328,
        "median": 1528.85742188,
        "min": 150.732421875,
        "stdev": 1355.14074707,
        "var": 1836406.5
    },
    "spectral_skewness": {
        "dmean": 0.389677882195,
        "dmean2": 0.623142540455,
        "dvar": 0.114233709872,
        "dvar2": 0.288481384516,
        "max": 4.76090669632,
        "mean": 1.8565376997,
        "median": 1.80610477924,
        "min": 0.0335267409682,
        "stdev": 0.529517710209,
        "var": 0.280389010906
    },
    "spectral_spread": {
        "dmean": 409598.8125,
        "dmean2": 606053.6875,
        "dvar": 955651850240,
        "dvar2": 1.06248332902e+12,
        "max": 41301712,
        "mean": 3108730,
        "median": 2844604,
        "min": 1494564.625,
        "stdev": 1500402,
        "var": 2.25120616448e+12
    },
    "spectral_strongpeak": {
        "dmean": 0.732502520084,
        "dmean2": 1.06701314449,
        "dvar": 1.69416666031,
        "dvar2": 3.32366991043,
        "max": 20.8383579254,
        "mean": 1.0665346384,
        "median": 0.460087537766,
        "min": 0,
        "stdev": 1.82331907749,
        "var": 3.32449245453
    },
    "zerocrossingrate": {
        "dmean": 0.00903383176774,
        "dmean2": 0.0101632969454,
        "dvar": 9.24141131691e-05,
        "dvar2": 0.000115639755677,
        "max": 0.2431640625,
        "mean": 0.0624949745834,
        "median": 0.0576171875,
        "min": 0.01806640625,
        "stdev": 0.0249463710934,
        "var": 0.000622321444098
    },
    "barkbands": {
        "dmean": [4.96609857237e-07, 1.03770353235e-05, 2.1817493689e-05, 7.78476351115e-06, 4.16484726884e-05, 4.5892156777e-05, 0.000127195045934, 0.000283208617475, 0.000817085208837, 0.00179078301881, 0.00268413010053, 0.00270979548804, 0.000808502489235, 0.000992550398223, 0.000187160025234, 6.73635222483e-05, 7.09287633072e-05, 0.000109927634185, 0.000109999426058, 4.40972180513e-05, 1.42076460179e-05, 2.22022044909e-05, 1.20964768939e-05, 2.40442795985e-06, 6.55653195736e-07, 6.33701517927e-08, 5.2034843101e-09],
        "dmean2": [8.00987606908e-07, 1.83854099305e-05, 3.8057754864e-05, 1.26372178784e-05, 6.66250634822e-05, 7.32895205147e-05, 0.000195364540559, 0.000464434211608, 0.00134791759774, 0.00281816697679, 0.00426865695044, 0.0042681065388, 0.00132778368425, 0.00151361187454, 0.000306897592964, 0.000109098378744, 0.00011395457841, 0.000174507120391, 0.000168753336766, 7.08203515387e-05, 2.20007786993e-05, 3.23007261613e-05, 1.86231063708e-05, 3.65568121197e-06, 9.949123978e-07, 9.25900067728e-08, 7.73766029027e-09],
        "dvar": [1.12015214812e-11, 3.32487495314e-08, 4.85395048599e-08, 1.64608882081e-09, 1.660304072e-08, 1.49619303613e-08, 1.73154461436e-07, 4.00430138825e-07, 6.24789981885e-06, 0.000252884055953, 0.000244019756792, 0.000259857508354, 9.91816705209e-06, 1.15268576337e-05, 4.36779089341e-07, 5.77785286282e-08, 5.16577500775e-08, 1.34870916213e-07, 1.63630076599e-07, 1.9330238743e-08, 2.13032858021e-09, 6.00457417121e-09, 2.74225109287e-09, 8.34642077674e-11, 6.63943769755e-12, 6.84642975451e-14, 1.00754452609e-15],
        "dvar2": [2.48673009268e-11, 9.361306752e-08, 1.30004337962e-07, 3.9056011758e-09, 3.99393904615e-08, 3.42632837658e-08, 3.91708255165e-07, 1.02240369415e-06, 1.53564615175e-05, 0.000596666708589, 0.000603948486969, 0.000543740927242, 2.62955527432e-05, 2.68155054073e-05, 1.10944552034e-06, 1.47893658209e-07, 1.35158089165e-07, 3.63222994793e-07, 3.47395342715e-07, 4.82902891008e-08, 4.58510918122e-09, 1.22062147057e-08, 5.71768055124e-09, 1.78957251795e-10, 1.76967294985e-11, 1.73779014182e-13, 2.74312911694e-15],
        "max": [8.52626108099e-05, 0.00477933045477, 0.00466285133734, 0.00090959505178, 0.00218723108992, 0.00248136091977, 0.00747299753129, 0.00737028568983, 0.034325696528, 0.447153180838, 0.31257557869, 0.28535670042, 0.0667776614428, 0.0496930703521, 0.0104791456833, 0.00444501405582, 0.00408654799685, 0.0065158191137, 0.00710740778595, 0.0023951199837, 0.000737640308216, 0.0014116774546, 0.00123565783724, 0.000170952640474, 5.43782953173e-05, 5.65994878343e-06, 7.84871076576e-07],
        "mean": [5.03369506077e-07, 7.32210128263e-06, 1.49347670231e-05, 6.61906688038e-06, 5.20971771039e-05, 5.9120113292e-05, 0.000137236638693, 0.000320918072248, 0.00082042790018, 0.00157169578597, 0.00247450824827, 0.00250578066334, 0.000731777283363, 0.000988970627077, 0.000181712021003, 7.45325596654e-05, 7.04474732629e-05, 0.000115075148642, 0.000122865356389, 5.06230862811e-05, 1.77489109774e-05, 2.82621731458e-05, 1.33997800731e-05, 3.31090086547e-06, 7.94878189936e-07, 8.25118604553e-08, 8.99393892695e-09],
        "median": [5.25720231792e-08, 9.87580435208e-08, 1.29167986529e-07, 2.25792561537e-07, 4.58290332972e-06, 6.21643994236e-06, 1.85707758646e-05, 3.24408902088e-05, 5.1720708143e-05, 2.17769393203e-05, 2.01342791115e-05, 4.027801333e-05, 5.55349179194e-05, 6.43049279461e-05, 2.22971611947e-05, 9.01652401808e-06, 7.87550925452e-06, 1.12123971121e-05, 8.18096123112e-06, 5.71286273043e-06, 1.61982825375e-06, 2.27727423407e-06, 1.07956407192e-06, 5.6438602769e-07, 1.2868201793e-07, 1.64268847413e-08, 3.61918051084e-09],
        "min": [1.87971929688e-11, 1.31447942808e-11, 3.54912800538e-12, 1.98230537887e-12, 2.67198481223e-12, 1.89318634554e-12, 5.59390587237e-13, 2.8581694303e-13, 6.35325451102e-13, 1.60992725227e-12, 1.5214982052e-12, 1.95512529777e-12, 1.46721534661e-12, 1.26745196369e-12, 1.27688896782e-12, 1.03971237002e-12, 2.19234179422e-12, 5.75618112203e-12, 2.76801867018e-12, 3.76482092029e-12, 3.90371025435e-12, 1.1220029246e-11, 4.72197975165e-12, 7.3840022638e-12, 1.6382672996e-11, 1.1509865977e-11, 2.35369900653e-11],
        "stdev": [3.45764624399e-06, 0.000143195342389, 0.000182380885235, 3.83632723242e-05, 0.000149236395373, 0.000158346651006, 0.000459319533547, 0.000728053972125, 0.00247833854519, 0.0153062101454, 0.0146465981379, 0.0170589797199, 0.00291844387539, 0.00354005256668, 0.000650490401313, 0.000252591620665, 0.000224336661631, 0.000399013108108, 0.000464312994154, 0.000151853513671, 5.69921685383e-05, 0.000101348974567, 6.22282386757e-05, 1.19258129416e-05, 2.47927846431e-06, 2.63847027782e-07, 2.82370926641e-08],
        "var": [1.19553169448e-11, 2.05049044411e-08, 3.32627898558e-08, 1.47174061826e-09, 2.22715037523e-08, 2.50736640339e-08, 2.10974434367e-07, 5.30062550297e-07, 6.14216196482e-06, 0.000234280072618, 0.000214522835449, 0.000291008764179, 8.5173151092e-06, 1.2531972061e-05, 4.2313774884e-07, 6.38025312583e-08, 5.03269355079e-08, 1.5921145291e-07, 2.15586553054e-07, 2.30594885409e-08, 3.24810733865e-09, 1.02716146699e-08, 3.87235354893e-09, 1.42225023425e-10, 6.14682176686e-12, 6.96152594663e-14, 7.97333447893e-16]
    },
    "erbbands": {
        "dmean": [0.000162702664966, 0.00311021506786, 0.0212567206472, 0.0266051627696, 0.0386504419148, 0.165952503681, 0.362659096718, 0.359362930059, 1.12420713902, 3.54689097404, 8.0631313324, 20.0352630615, 44.751499176, 66.1616134644, 139.252761841, 80.9243850708, 36.2131118774, 48.5102081299, 23.4050388336, 4.83651733398, 2.72406816483, 4.07652378082, 5.15592908859, 7.03092575073, 3.78575801849, 2.07189869881, 0.802168250084, 0.604991197586, 0.786776304245, 0.606414973736, 0.292480796576, 0.0879474207759, 0.0282340869308, 0.0112083079293, 0.00218778662384, 0.000534856342711, 7.29867970222e-05, 1.03938464235e-05, 5.00431815453e-06, 9.43180384638e-06],
        "dmean2": [0.000251952267718, 0.00564191257581, 0.0382201187313, 0.0451357401907, 0.0615259408951, 0.271022588015, 0.580921709538, 0.572589278221, 1.73568153381, 5.3541841507, 13.017127037, 33.0644226074, 75.5340270996, 106.55091095, 209.102737427, 125.837989807, 58.3684616089, 74.4704208374, 34.3175354004, 7.39321422577, 4.25162935257, 6.45864534378, 7.90582370758, 10.9986991882, 5.79087162018, 3.22194099426, 1.23168897629, 0.944244086742, 1.17615628242, 0.902456879616, 0.445498168468, 0.13480861485, 0.0422851480544, 0.0170006360859, 0.00326579390094, 0.000790396239609, 0.000103563135781, 1.51635649672e-05, 6.54783934806e-06, 1.24985517687e-05],
        "dvar": [3.89122351407e-06, 0.00291633815505, 0.060238968581, 0.0310223270208, 0.0200754888356, 0.300119489431, 1.55431699753, 0.795646369457, 10.0237817764, 100.244659424, 318.533050537, 3626.58447266, 162590.015625, 156942.8125, 578476.25, 225314.734375, 21928.4511719, 29942.0878906, 5257.45654297, 167.196304321, 71.8405456543, 165.507369995, 265.587585449, 647.405639648, 137.209350586, 42.477645874, 6.00296640396, 4.70025396347, 6.92909193039, 6.36324548721, 1.40668940544, 0.145856648684, 0.0110891750082, 0.00183769874275, 6.73303220537e-05, 5.61801698495e-06, 6.89225245765e-08, 3.00574298784e-09, 2.27337343395e-10, 9.53816026161e-10],
        "dvar2": [9.66490551946e-06, 0.00827679503709, 0.166897282004, 0.0736662968993, 0.0503606237471, 0.754148423672, 4.00195503235, 1.78173351288, 20.6426467896, 218.566040039, 805.017211914, 8643.38476562, 456511.4375, 315150.96875, 1370233.125, 499791.21875, 57780.3632812, 70843.7265625, 11582.1826172, 376.935913086, 181.972824097, 417.418426514, 664.651367188, 1369.40856934, 298.796875, 107.94430542, 13.6414766312, 11.2596998215, 13.7742853165, 12.9187679291, 2.80865049362, 0.330912679434, 0.0276778209955, 0.00484523549676, 0.000168802114786, 1.49536317622e-05, 1.58279561902e-07, 8.08395395069e-09, 4.32745145273e-10, 1.81249126818e-09],
        "max": [0.0545546449721, 1.39563715458, 5.67172527313, 3.0348739624, 2.87036252022, 9.02393627167, 17.7902622223, 13.2401695251, 43.8891830444, 154.655700684, 187.286636353, 889.678283691, 9508.41308594, 9017.70214844, 15263.6503906, 8742.01464844, 3455.7800293, 2865.58203125, 913.437561035, 194.96383667, 142.542434692, 262.093414307, 294.897460938, 470.916046143, 180.809295654, 120.162757874, 35.4507255554, 38.983291626, 45.1819877625, 44.136302948, 27.6257896423, 7.8164525032, 1.92527937889, 0.883425712585, 0.173288211226, 0.0542037189007, 0.00436325650662, 0.0012922110036, 0.000264057482127, 0.000564925489016],
        "mean": [0.000156543203047, 0.00202514370903, 0.013898583129, 0.022355761379, 0.0417718067765, 0.196609660983, 0.504461407661, 0.435792207718, 1.27131640911, 4.25083112717, 8.82547187805, 19.3761882782, 36.6622238159, 62.6025390625, 133.801223755, 77.7178573608, 35.8556785583, 49.2370376587, 25.9488506317, 5.90979194641, 3.39556264877, 4.24260663986, 5.80771398544, 7.75069284439, 4.38049650192, 2.38641428947, 1.02365970612, 0.722011685371, 1.02319335938, 0.736802697182, 0.33084872365, 0.114191018045, 0.037262301892, 0.0140521768481, 0.00288666109554, 0.000671075715218, 0.000103191719973, 1.54146018758e-05, 7.53499625716e-06, 1.2828850231e-05],
        "median": [3.88295120501e-06, 2.2277719836e-05, 0.000141443364555, 0.000750934705138, 0.003368829377, 0.0168602019548, 0.0338233299553, 0.0707749128342, 0.226483613253, 0.580287218094, 1.32173466682, 1.58308625221, 1.30790877342, 1.22071397305, 1.56068634987, 2.30214118958, 3.67402911186, 4.28016853333, 2.24918985367, 1.00575959682, 0.547459363937, 0.50790822506, 0.603774547577, 0.560272693634, 0.365014314651, 0.267927110195, 0.104402750731, 0.0606140196323, 0.0786832869053, 0.0541807599366, 0.0323743000627, 0.0169035457075, 0.00623787241057, 0.00221114000306, 0.000529565440957, 0.000133573834319, 2.26358624786e-05, 4.43325279775e-06, 1.71667545601e-06, 1.94467611436e-06],
        "min": [6.59199639319e-10, 2.04019712235e-09, 4.03118072256e-09, 5.97636917732e-09, 7.46563166842e-09, 9.23997323099e-09, 1.09542543925e-08, 1.65990989842e-08, 1.16319158749e-08, 7.00623337124e-09, 4.33777236353e-09, 1.27678791983e-08, 4.588850544e-08, 4.72618495451e-08, 8.55375930087e-08, 6.85657184363e-08, 6.81176501871e-08, 3.75533346642e-08, 1.08498092288e-07, 4.37367937423e-08, 8.00445150162e-08, 1.30686345301e-07, 3.22550846477e-07, 2.1294970054e-07, 9.69187539113e-08, 1.28387199538e-07, 1.77965688408e-07, 1.91101875657e-07, 4.63233902792e-07, 1.89447277421e-07, 1.89875834167e-07, 2.00243277959e-07, 9.47463334455e-08, 1.4975367435e-07, 1.26746485307e-07, 3.12583381401e-08, 2.40721558242e-08, 1.15931113598e-08, 2.98665336906e-09, 4.13249351405e-10],
        "stdev": [0.00183492351789, 0.0417692512274, 0.194760158658, 0.164421364665, 0.139488935471, 0.598312556744, 1.44781339169, 1.09535622597, 3.70262861252, 12.9838829041, 19.1983833313, 59.9799308777, 319.735412598, 427.08883667, 747.614440918, 489.047271729, 139.37612915, 179.185119629, 87.4772949219, 15.1848535538, 9.57011604309, 13.4455499649, 19.3645038605, 28.5145606995, 14.2760887146, 6.98374557495, 2.96069025993, 2.54741120338, 3.54513812065, 3.13346409798, 1.42859995365, 0.462061673403, 0.11679995805, 0.0425271764398, 0.00863065384328, 0.00223453575745, 0.000298248633044, 5.04411691509e-05, 2.04177995329e-05, 4.03601588914e-05],
        "var": [3.36694438374e-06, 0.00174467032775, 0.0379315204918, 0.0270343832672, 0.0194571651518, 0.357977896929, 2.09616374969, 1.1998052597, 13.7094583511, 168.581222534, 368.577911377, 3597.59228516, 102230.734375, 182404.875, 558927.3125, 239167.234375, 19425.7050781, 32107.3066406, 7652.27685547, 230.579788208, 91.5871276855, 180.782806396, 374.984039307, 813.08013916, 203.80670166, 48.7727050781, 8.76568698883, 6.48930358887, 12.5680036545, 9.8185968399, 2.04089784622, 0.213500976562, 0.0136422310024, 0.00180856068619, 7.44881908759e-05, 4.99315001434e-06, 8.89522411285e-08, 2.54431165025e-09, 4.16886553056e-10, 1.62894242539e-09]
    },
    "gfcc": {
        "mean": [-220.639175415, 65.2668304443, -202.546005249, -15.461101532, -80.1613311768, 2.38499855995, -32.7949142456, -4.92927980423, -15.0728540421, -4.35744094849, -1.95766353607, -11.2963581085, -13.0250959396],
        "cov": [[17597.3339844, 513.860107422, -4476.18212891, -800.339294434, -1412.46728516, 23.9187984467, 167.092987061, -750.698608398, -520.604858398, -860.169311523, 98.3068313599, -445.852294922, 195.424636841], [513.860107422, 1045.67626953, 266.305603027, 34.2544746399, 34.188117981, -131.36958313, -89.4821472168, -127.760169983, -12.8370380402, -66.8712005615, -28.2941989899, -82.1436309814, -62.596534729], [-4476.18212891, 266.305603027, 1775.53149414, 468.487548828, 415.665618896, -29.6210536957, -173.857162476, 216.089813232, 78.2392196655, 188.327468872, -116.7579422, 63.8537025452, -90.8841400146], [-800.339294434, 34.2544746399, 468.487548828, 508.642700195, 236.495819092, 44.6336784363, -62.6145706177, 39.1813354492, -39.5931358337, 22.0799312592, -59.511756897, 8.24305820465, -38.9368095398], [-1412.46728516, 34.188117981, 415.665618896, 236.495819092, 412.492004395, 98.8421783447, 50.4457588196, 69.9570999146, 19.3733577728, 50.2680206299, -47.9175643921, -3.84361720085, -42.2457008362], [23.9187984467, -131.36958313, -29.6210536957, 44.6336784363, 98.8421783447, 268.924560547, 150.432846069, 38.8862457275, 3.83234429359, -31.3383750916, -3.40565514565, -8.00632572174, -1.94087541103], [167.092987061, -89.4821472168, -173.857162476, -62.6145706177, 50.4457588196, 150.432846069, 310.525299072, 71.5246276855, 40.899772644, -39.4382514954, 0.651470005512, -34.6298332214, -16.9406986237], [-750.698608398, -127.760169983, 216.089813232, 39.1813354492, 69.9570999146, 38.8862457275, 71.5246276855, 330.456939697, 100.759208679, 68.6337661743, -33.6968994141, -92.4608535767, -35.8799819946], [-520.604858398, -12.8370380402, 78.2392196655, -39.5931358337, 19.3733577728, 3.83234429359, 40.899772644, 100.759208679, 195.253875732, 89.5428314209, 5.49974250793, -4.74434804916, -25.5605297089], [-860.169311523, -66.8712005615, 188.327468872, 22.0799312592, 50.2680206299, -31.3383750916, -39.4382514954, 68.6337661743, 89.5428314209, 200.435241699, 52.9647521973, 40.1606369019, -15.0023355484], [98.3068313599, -28.2941989899, -116.7579422, -59.511756897, -47.9175643921, -3.40565514565, 0.651470005512, -33.6968994141, 5.49974250793, 52.9647521973, 152.166183472, 78.2395095825, 1.5359736681], [-445.852294922, -82.1436309814, 63.8537025452, 8.24305820465, -3.84361720085, -8.00632572174, -34.6298332214, -92.4608535767, -4.74434804916, 40.1606369019, 78.2395095825, 213.630264282, 52.8499641418], [195.424636841, -62.596534729, -90.8841400146, -38.9368095398, -42.2457008362, -1.94087541103, -16.9406986237, -35.8799819946, -25.5605297089, -15.0023355484, 1.5359736681, 52.8499641418, 146.874038696]],
        "icov": [[0.000343092135154, -0.000410234206356, 0.000899604288861, -0.000451076077297, 0.000630763766821, -0.000368021079339, 0.000210170430364, -0.000104391059722, 0.000310510135023, 0.000165480421856, 0.000212759623537, 0.000196290638996, -2.08701967495e-05], [-0.000410234206356, 0.00193760870025, -0.00157547020353, 0.000625907094218, -0.000942900485825, 0.00117556040641, -0.000327313056914, 0.00124599516857, -0.000987246632576, 0.000755010056309, -0.0011073150672, 0.00106397341006, 0.000107675579784], [0.000899604288861, -0.00157547020353, 0.00371805229224, -0.00164959335234, 0.00102838582825, -0.00109198957216, 0.0012225540122, -0.00139066588599, 0.00104303250555, -0.000432546017691, 0.00190303730778, -0.000925188651308, 0.000527949130628], [-0.000451076077297, 0.000625907094218, -0.00164959335234, 0.00395290227607, -0.00218125316314, -2.79960204352e-05, 0.000559890468139, -2.1967178327e-05, 0.000517250155099, -0.000105237370008, 0.000282154011074, -0.0005386841367, 0.00059571332531], [0.000630763766821, -0.000942900485825, 0.00102838582825, -0.00218125316314, 0.0056321201846, -0.00182141247205, -0.000677976931911, 1.08836375148e-05, 0.000793234154116, -0.000887926609721, 0.0011916422518, 0.000345292064594, 0.000247982388828], [-0.000368021079339, 0.00117556040641, -0.00109198957216, -2.79960204352e-05, -0.00182141247205, 0.00652003474534, -0.00281124841422, 0.00041089305887, -0.000567835464608, 0.00111370813102, -0.00122181198094, 0.000275928265182, -0.000425631646067], [0.000210170430364, -0.000327313056914, 0.0012225540122, 0.000559890468139, -0.000677976931911, -0.00281124841422, 0.00588377006352, -0.00136205973104, -0.000800119538326, 0.00139521528035, 4.80453199998e-05, -0.000300996965962, 0.00071061210474], [-0.000104391059722, 0.00124599516857, -0.00139066588599, -2.1967178327e-05, 1.08836375148e-05, 0.00041089305887, -0.00136205973104, 0.0060707917437, -0.00222098873928, -0.000526042305864, -0.00103726342786, 0.00368193420582, -0.000616206263658], [0.000310510135023, -0.000987246632576, 0.00104303250555, 0.000517250155099, 0.000793234154116, -0.000567835464608, -0.000800119538326, -0.00222098873928, 0.00859251059592, -0.00375164370053, 0.00200242502615, -0.00126599438954, 0.00108118786011], [0.000165480421856, 0.000755010056309, -0.000432546017691, -0.000105237370008, -0.000887926609721, 0.00111370813102, 0.00139521528035, -0.000526042305864, -0.00375164370053, 0.0099220443517, -0.00426155515015, 0.000444267090643, -0.000156931229867], [0.000212759623537, -0.0011073150672, 0.00190303730778, 0.000282154011074, 0.0011916422518, -0.00122181198094, 4.80453199998e-05, -0.00103726342786, 0.00200242502615, -0.00426155515015, 0.0119237778708, -0.00509173702449, 0.00219678110443], [0.000196290638996, 0.00106397341006, -0.000925188651308, -0.0005386841367, 0.000345292064594, 0.000275928265182, -0.000300996965962, 0.00368193420582, -0.00126599438954, 0.000444267090643, -0.00509173702449, 0.00991421472281, -0.00324445939623], [-2.08701967495e-05, 0.000107675579784, 0.000527949130628, 0.00059571332531, 0.000247982388828, -0.000425631646067, 0.00071061210474, -0.000616206263658, 0.00108118786011, -0.000156931229867, 0.00219678110443, -0.00324445939623, 0.00868057925254]]
    },
    "melbands": {
        "dmean": [2.15120917346e-06, 8.56945644045e-06, 4.81340066472e-06, 6.40080224912e-06, 1.19942833408e-05, 8.6102863861e-06, 1.9614584744e-05, 4.23427991336e-05, 7.88470715634e-05, 0.000126260652905, 0.000235201747273, 0.000261440873146, 0.000412962574046, 0.00037463704939, 0.000103623453469, 8.03764705779e-05, 0.000100638608274, 4.84162119392e-05, 1.00605930129e-05, 5.72337785343e-06, 2.80540848507e-06, 4.05986520491e-06, 4.28312478107e-06, 6.00456542088e-06, 6.17661771685e-06, 3.34210517394e-06, 2.01254147214e-06, 1.4119551679e-06, 6.3429962438e-07, 3.01560277194e-07, 3.75685317522e-07, 4.57489022665e-07, 4.51954065284e-07, 3.1257405908e-07, 1.93956751104e-07, 9.7918530173e-08, 3.81214739775e-08, 1.97593639228e-08, 1.5963408373e-08, 7.71316344128e-09],
        "dmean2": [3.61927163794e-06, 1.52634256665e-05, 7.75714215706e-06, 1.02767589851e-05, 1.89338625205e-05, 1.36771022881e-05, 3.02203552565e-05, 6.51893933536e-05, 0.00012540158059, 0.000209566045669, 0.000404049584176, 0.000436783157056, 0.000622325576842, 0.000584693683777, 0.000173032603925, 0.000129373322125, 0.000157087706611, 7.25615391275e-05, 1.62068008649e-05, 9.28979261516e-06, 4.6195127652e-06, 6.63411901769e-06, 6.82086192683e-06, 9.56557050813e-06, 9.9106991911e-06, 5.34248056283e-06, 3.21633046951e-06, 2.26483734878e-06, 9.89543764263e-07, 4.68508375207e-07, 5.94150890265e-07, 7.04454180323e-07, 6.95996334343e-07, 4.68800294584e-07, 2.9877844554e-07, 1.5697402489e-07, 5.89686983687e-08, 2.96253030996e-08, 2.48729179475e-08, 1.17467173766e-08],
        "dvar": [1.1655183485e-09, 1.06770832176e-08, 8.50595149871e-10, 3.44677786313e-10, 1.5753445215e-09, 4.70655736606e-10, 3.50334694588e-09, 1.18474341448e-08, 3.25072484486e-08, 1.55952491809e-07, 5.09941082782e-06, 3.00911733575e-06, 5.64347647014e-06, 5.07961703988e-06, 1.74883226123e-07, 9.83967751722e-08, 1.41172648682e-07, 2.59362415989e-08, 8.37647229357e-10, 4.93731999729e-10, 8.32443211585e-11, 1.63207516946e-10, 2.16166806677e-10, 4.83909468052e-10, 5.88398940682e-10, 1.49032453045e-10, 3.72198834253e-11, 2.80529471181e-11, 4.39264249974e-12, 1.01880591637e-12, 1.66759065324e-12, 2.43407247483e-12, 3.15758422013e-12, 2.12499462471e-12, 7.67152563263e-13, 1.93925591189e-13, 3.1676735074e-14, 4.26069049765e-15, 7.40136288168e-15, 5.8732491645e-16],
        "dvar2": [3.17844150999e-09, 2.94758955022e-08, 2.00518490701e-09, 8.34206093092e-10, 4.00429067682e-09, 1.05642850023e-09, 7.53886109095e-09, 2.65256314691e-08, 8.10208575786e-08, 3.81614739808e-07, 1.44104260471e-05, 5.9282156144e-06, 1.40025886139e-05, 1.02543517642e-05, 4.45843369334e-07, 2.48116293733e-07, 3.42513942542e-07, 5.74116860719e-08, 2.01945060674e-09, 1.25671639761e-09, 2.12536738209e-10, 4.17677975539e-10, 4.35403935128e-10, 1.33379152167e-09, 1.23268173446e-09, 3.55592028045e-10, 8.88051021608e-11, 7.69892483099e-11, 1.08747767735e-11, 2.25768557495e-12, 4.12478818462e-12, 4.87617064782e-12, 6.6546655339e-12, 4.49426607041e-12, 1.53664418429e-12, 4.82452727942e-13, 6.57351980466e-14, 9.86653453708e-15, 2.09501097297e-14, 1.43400412157e-15],
        "max": [0.000919323065318, 0.00249934056774, 0.000611271127127, 0.000287879694952, 0.000579592655413, 0.000343310559401, 0.000986103434116, 0.00170427409466, 0.00218807882629, 0.00535209011286, 0.0540565289557, 0.0382079295814, 0.0503701232374, 0.0413180217147, 0.00736456457525, 0.0065811178647, 0.00643002055585, 0.00193167338148, 0.000455754750874, 0.000406581413699, 0.000171597537701, 0.000224956893362, 0.000286108668661, 0.000407467479818, 0.00046082076733, 0.000209846446523, 7.03675905243e-05, 0.000106930572656, 3.53710020136e-05, 1.80364695552e-05, 2.0720923203e-05, 2.8606827982e-05, 2.88536321023e-05, 3.25519031321e-05, 2.19305784412e-05, 8.46167313284e-06, 3.77363312509e-06, 9.6865312571e-07, 1.95946563508e-06, 3.67038495597e-07],
        "mean": [1.71683541339e-06, 5.68549421587e-06, 4.25152120442e-06, 7.7171389421e-06, 1.65057463164e-05, 1.0398410268e-05, 2.15103082155e-05, 5.06831129314e-05, 8.22000147309e-05, 0.000122368364828, 0.000185672906809, 0.00024149393721, 0.000394184491597, 0.000354968884494, 9.06598361325e-05, 7.57315283408e-05, 9.55720024649e-05, 5.02458824485e-05, 1.00465213109e-05, 6.1741616264e-06, 3.22739447256e-06, 4.01418174079e-06, 4.80265043734e-06, 5.93210779698e-06, 6.5378681029e-06, 3.70063071387e-06, 2.23656820708e-06, 1.46929858147e-06, 7.4596283639e-07, 3.64172137779e-07, 4.27275125503e-07, 5.9015098941e-07, 5.46090120679e-07, 3.55155890475e-07, 2.08480301467e-07, 1.1006657985e-07, 5.24550358705e-08, 2.61376502664e-08, 1.83669097709e-08, 9.4772794057e-09],
        "median": [3.19023421014e-08, 6.09655046446e-08, 1.69927872662e-07, 6.67734639137e-07, 1.17582908388e-06, 1.4191880382e-06, 3.22627693095e-06, 5.84262943448e-06, 1.0206922525e-05, 7.32926037017e-06, 4.6617251428e-06, 3.32799845637e-06, 3.4789647998e-06, 4.64430786451e-06, 4.59710099676e-06, 7.17988041288e-06, 6.66257528792e-06, 2.91988726531e-06, 1.42991393659e-06, 6.77230559631e-07, 5.15424517289e-07, 4.44067438821e-07, 4.40666269697e-07, 5.55053361495e-07, 3.92319890352e-07, 2.44106104219e-07, 2.4953914135e-07, 1.49198285726e-07, 6.63589503347e-08, 3.12622674414e-08, 3.14235180099e-08, 4.06444442547e-08, 4.22467607564e-08, 2.15880575638e-08, 1.83146600108e-08, 1.35690605418e-08, 8.18318746099e-09, 4.41554437458e-09, 2.76086642437e-09, 1.39152178669e-09],
        "min": [5.66883085612e-12, 2.24798608547e-12, 1.06508920607e-12, 6.0445729368e-13, 3.76499233266e-13, 3.70427294524e-13, 1.59104419093e-13, 7.562081793e-14, 3.20899956727e-14, 9.3068836058e-14, 2.3446124057e-13, 1.86666735671e-13, 2.46270939839e-13, 2.75041843684e-13, 1.29290838018e-13, 1.28320544837e-13, 6.17509244693e-14, 1.98240227944e-13, 7.39717735307e-14, 4.20492498243e-14, 1.18996365496e-13, 1.13722873891e-13, 2.81848193872e-13, 2.3496523195e-13, 1.76732963659e-13, 7.53154930457e-14, 6.61860838488e-14, 9.64407319195e-14, 1.42030809856e-13, 8.28539100934e-14, 1.12410372623e-13, 2.53054033891e-13, 2.3535226502e-13, 5.48530303482e-14, 1.08925109871e-13, 1.09963043716e-13, 1.2278528617e-13, 4.26915176387e-14, 1.13664916509e-13, 1.27399677721e-13],
        "stdev": [2.81544489553e-05, 8.24450980872e-05, 2.75216425507e-05, 2.14912961383e-05, 4.58386493847e-05, 2.64920872723e-05, 6.65730985929e-05, 0.000143501427374, 0.000191546831047, 0.00038677683915, 0.00176759762689, 0.00187746761367, 0.00224864250049, 0.00241510942578, 0.000392407702748, 0.000311299867462, 0.00037323590368, 0.000187619589269, 2.92609074677e-05, 2.27194650506e-05, 9.57944757829e-06, 1.27936145873e-05, 1.79582693818e-05, 2.20767415158e-05, 2.64934606093e-05, 1.40280362757e-05, 6.8811541496e-06, 4.95946733281e-06, 2.31758804148e-06, 1.24847895222e-06, 1.49679476635e-06, 2.06362756217e-06, 2.19722323891e-06, 1.7290165033e-06, 1.0298788311e-06, 4.67251339842e-07, 2.30629538578e-07, 7.89396850109e-08, 7.32644309664e-08, 2.6950003118e-08],
