{
"lowlevel": {
    "average_loudness": 0.99068403244,
    "barkbands_crest": {
        "dmean": 2.93143987656,
        "dmean2": 4.83266830444,
        "dvar": 6.74768066406,
        "dvar2": 11.5888547897,
        "max": 18.3855018616,
        "mean": 9.91608428955,
        "median": 8.5265827179,
        "min": 4.25096321106,
        "stdev": 4.46541690826,
        "var": 19.9399471283
    },
    "barkbands_flatness_db": {
        "dmean": 0.017366701737,
        "dmean2": 0.0282140113413,
        "dvar": 0.000285118236206,
        "dvar2": 0.000698598858435,
        "max": 0.246748834848,
        "mean": 0.159197732806,
        "median": 0.184589147568,
        "min": 0.0399789214134,
        "stdev": 0.0615896470845,
        "var": 0.00379328476265
    },
    "barkbands_kurtosis": {
        "dmean": 2.73986005783,
        "dmean2": 4.49265146255,
        "dvar": 7.74543237686,
        "dvar2": 17.947095871,
        "max": 21.9474277496,
        "mean": 6.05575752258,
        "median": 3.39065241814,
        "min": -1.76826703548,
        "stdev": 6.88892507553,
        "var": 47.4572906494
    },
    "barkbands_skewness": {
        "dmean": 0.37036344409,
        "dmean2": 0.495362818241,
        "dvar": 0.0850061699748,
        "dvar2": 0.136875599623,
        "max": -0.284557580948,
        "mean": -1.67062604427,
        "median": -1.24616312981,
        "min": -3.56548142433,
        "stdev": 0.980654597282,
        "var": 0.961683392525
    },
    "barkbands_spread": {
        "dmean": 6.70224285126,
        "dmean2": 6.8519077301,
        "dvar": 59.745716095,
        "dvar2": 61.8519630432,
        "max": 129.69619751,
        "mean": 34.645401001,
        "median": 8.60655593872,
        "min": 3.2333548069,
        "stdev": 40.3638000488,
        "var": 1629.23632812
    },
    "dissonance": {
        "dmean": 0.00593777280301,
        "dmean2": 0.00731449248269,
        "dvar": 0.000630265683867,
        "dvar2": 0.000663588696625,
        "max": 0.499512732029,
        "mean": 0.492321580648,
        "median": 0.496939778328,
        "min": 0.340627998114,
        "stdev": 0.0250470098108,
        "var": 0.000627352739684
    },
    "dynamic_complexity": 24.6032981873,
    "erbbands_crest": {
        "dmean": 3.7734131813,
        "dmean2": 6.03490018845,
        "dvar": 11.3443574905,
        "dvar2": 23.4812431335,
        "max": 26.6246204376,
        "mean": 12.218998909,
        "median": 10.5885162354,
        "min": 3.00192952156,
        "stdev": 7.11839151382,
        "var": 50.671497345
    },
    "erbbands_flatness_db": {
        "dmean": 0.0212242212147,
        "dmean2": 0.0293614361435,
        "dvar": 0.000302269094391,
        "dvar2": 0.000679986726027,
        "max": 0.343308597803,
        "mean": 0.219360902905,
        "median": 0.256218254566,
        "min": 0.0685779675841,
        "stdev": 0.0802661851048,
        "var": 0.00644266000018
    },
    "erbbands_kurtosis": {
        "dmean": 2.72512531281,
        "dmean2": 4.46618556976,
        "dvar": 12.6077098846,
        "dvar2": 25.3744125366,
        "max": 30.0384979248,
        "mean": 6.10792827606,
        "median": 3.31643748283,
        "min": -0.586614131927,
        "stdev": 6.71902894974,
        "var": 45.1453514099
    },
    "erbbands_skewness": {
        "dmean": 0.255064457655,
        "dmean2": 0.422764867544,
        "dvar": 0.069881759584,
        "dvar2": 0.110097832978,
        "max": -0.250419467688,
        "mean": -1.15612661839,
        "median": -0.816191315651,
        "min": -3.15165042877,
        "stdev": 0.753805160522,
        "var": 0.568222224712
    },
    "erbbands_spread": {
        "dmean": 3.99997973442,
        "dmean2": 6.2282910347,
        "dvar": 13.788693428,
        "dvar2": 39.0855674744,
        "max": 43.3236351013,
        "mean": 15.1369132996,
        "median": 11.9231357574,
        "min": 3.9052965641,
        "stdev": 10.9518575668,
        "var": 119.94317627
    },
    "hfc": {
        "dmean": 82.2286453247,
        "dmean2": 68.0475158691,
        "dvar": 160573.421875,
        "dvar2": 112541.101562,
        "max": 3042.45166016,
        "mean": 103.125053406,
        "median": 0.00923340767622,
        "min": 5.18872980138e-08,
        "stdev": 493.059173584,
        "var": 243107.34375
    },
    "loudness_ebu128": {
        "integrated": -27.7054443359,
        "loudness_range": 0,
        "momentary": {
            "dmean": 10.3389253616,
            "dmean2": 3.94714546204,
            "dvar": 16.8189983368,
            "dvar2": 4.0589132309,
            "max": -27.7054443359,
            "mean": -57.4450874329,
            "median": -59.8407745361,
            "min": -79.4000701904,
            "stdev": 17.1092662811,
            "var": 292.727020264
        },
        "short_term": {
            "dmean": 0,
            "dmean2": 0,
            "dvar": 0,
            "dvar2": 0,
            "max": -36.4560470581,
            "mean": -36.4560470581,
            "median": -36.4560470581,
            "min": -36.4560470581,
            "stdev": 0,
            "var": 0
        }
    },
    "melbands_crest": {
        "dmean": 4.35144805908,
        "dmean2": 6.88983726501,
        "dvar": 10.2350692749,
        "dvar2": 27.9690418243,
        "max": 24.2479724884,
        "mean": 12.5540332794,
        "median": 10.5062627792,
        "min": 3.77534866333,
        "stdev": 6.24566507339,
        "var": 39.0083312988
    },
    "melbands_flatness_db": {
        "dmean": 0.0159058496356,
        "dmean2": 0.0262827351689,
        "dvar": 0.000202539231395,
        "dvar2": 0.000503411865793,
        "max": 0.155792683363,
        "mean": 0.0900781825185,
        "median": 0.100592792034,
        "min": 0.0236566830426,
        "stdev": 0.0371006391943,
        "var": 0.00137645739596
    },
    "melbands_kurtosis": {
        "dmean": 1.44667935371,
        "dmean2": 2.56651210785,
        "dvar": 2.05302715302,
        "dvar2": 5.59333086014,
        "max": 9.69203948975,
        "mean": 1.45199286938,
        "median": 1.0156661272,
        "min": -1.67659604549,
        "stdev": 2.84936380386,
        "var": 8.11887359619
    },
    "melbands_skewness": {
        "dmean": 0.394155561924,
        "dmean2": 0.645141243935,
        "dvar": 0.0706496909261,
        "dvar2": 0.144652664661,
        "max": 1.04826724529,
        "mean": -0.855646848679,
        "median": -0.931577444077,
        "min": -2.42547154427,
        "stdev": 0.948590219021,
        "var": 0.899823367596
    },
    "melbands_spread": {
        "dmean": 14.1777505875,
        "dmean2": 20.3676643372,
        "dvar": 150.115478516,
        "dvar2": 260.429107666,
        "max": 179.02104187,
        "mean": 79.3514175415,
        "median": 48.7960739136,
        "min": 17.128704071,
        "stdev": 52.4536933899,
        "var": 2751.39013672
    },
    "pitch_salience": {
        "dmean": 0.0727745518088,
        "dmean2": 0.112867169082,
        "dvar": 0.00400496227667,
        "dvar2": 0.00777703197673,
        "max": 0.888401448727,
        "mean": 0.590403020382,
        "median": 0.579967260361,
        "min": 0.352296441793,
        "stdev": 0.126562744379,
        "var": 0.0160181280226
    },
    "silence_rate_20dB": {
        "dmean": 0,
        "dmean2": 0,
        "dvar": 0,
        "dvar2": 0,
        "max": 1,
        "mean": 1,
        "median": 1,
        "min": 1,
        "stdev": 0,
        "var": 0
    },
    "silence_rate_30dB": {
        "dmean": 0.0270270276815,
        "dmean2": 0.0555555559695,
        "dvar": 0.0262965615839,
        "dvar2": 0.0524691604078,
        "max": 1,
        "mean": 0.947368443012,
        "median": 1,
        "min": 0,
        "stdev": 0.223296836019,
        "var": 0.0498614795506
    },
    "silence_rate_60dB": {
        "dmean": 0.0270270276815,
        "dmean2": 0.0555555559695,
        "dvar": 0.0262965615839,
        "dvar2": 0.0524691566825,
        "max": 1,
        "mean": 0.868421077728,
        "median": 1,
        "min": 0,
        "stdev": 0.33803242445,
        "var": 0.114265918732
    },
    "spectral_centroid": {
        "dmean": 115.766311646,
        "dmean2": 191.516342163,
        "dvar": 9994.33203125,
        "dvar2": 27298.7011719,
        "max": 4547.43310547,
        "mean": 3847.28125,
        "median": 3709.37695312,
        "min": 3510.32666016,
        "stdev": 291.306640625,
        "var": 84859.5546875
    },
    "spectral_complexity": {
        "dmean": 1.10810816288,
        "dmean2": 1.36111116409,
        "dvar": 8.79912376404,
        "dvar2": 11.2862710953,
        "max": 28,
        "mean": 2.18421053886,
        "median": 0,
        "min": 0,
        "stdev": 6.31145524979,
        "var": 39.8344688416
    },
    "spectral_decrease": {
        "dmean": 5.39734756888e-10,
        "dmean2": 5.4426596563e-10,
        "dvar": 9.13362492623e-18,
        "dvar2": 9.64526756796e-18,
        "max": 1.73585554819e-08,
        "mean": 3.58837265457e-10,
        "median": -2.93566332268e-13,
        "min": -1.30555521949e-09,
        "stdev": 2.80869683067e-09,
        "var": 7.88877766135e-18
    },
    "spectral_energy": {
        "dmean": 0.00568774621934,
        "dmean2": 0.00421881722286,
        "dvar": 0.000635653559584,
        "dvar2": 0.000357179553248,
        "max": 0.210443943739,
        "mean": 0.0079994071275,
        "median": 2.43159092861e-06,
        "min": 5.90697803171e-12,
        "stdev": 0.034703027457,
        "var": 0.00120430008974
    },
    "spectral_energyband_high": {
        "dmean": 0.00533239496872,
        "dmean2": 0.00403447635472,
        "dvar": 0.000577319122385,
        "dvar2": 0.000340908009093,
        "max": 0.197298184037,
        "mean": 0.00734458072111,
        "median": 6.25108100394e-07,
        "min": 3.46377375567e-12,
        "stdev": 0.0324254147708,
        "var": 0.0010514074238
    },
    "spectral_energyband_low": {
        "dmean": 1.37523113608e-06,
        "dmean2": 1.36352753088e-06,
        "dvar": 5.93274179783e-11,
        "dvar2": 5.45074714531e-11,
        "max": 5.07326549268e-05,
        "mean": 1.46127536027e-06,
        "median": 2.55922794068e-09,
        "min": 6.56765332223e-13,
        "stdev": 8.11744030216e-06,
        "var": 6.58928397956e-11
    },
    "spectral_energyband_middle_high": {
        "dmean": 0.000177350870217,
        "dmean2": 0.0001421655179,
        "dvar": 3.24240602367e-07,
        "dvar2": 2.2678371181e-07,
        "max": 0.00653446791694,
        "mean": 0.000426485494245,
        "median": 1.76680305231e-06,
        "min": 1.0967553905e-12,
        "stdev": 0.00130790320691,
        "var": 1.71061071796e-06
    },
    "spectral_energyband_middle_low": {
        "dmean": 2.3969092581e-05,
        "dmean2": 3.71148562408e-05,
        "dvar": 1.26259154243e-08,
        "dvar2": 1.86766886401e-08,
        "max": 0.00088487303583,
        "mean": 5.07187723997e-05,
        "median": 2.99409990134e-08,
        "min": 3.35636737587e-13,
        "stdev": 0.000194059248315,
        "var": 3.7658992369e-08
    },
    "spectral_entropy": {
        "dmean": 0.159104242921,
        "dmean2": 0.238705709577,
        "dvar": 0.0187722593546,
        "dvar2": 0.0339130051434,
        "max": 9.04005622864,
        "mean": 8.00756835938,
        "median": 8.00841140747,
        "min": 7.12991189957,
        "stdev": 0.571711063385,
        "var": 0.32685354352
    },
    "spectral_flux": {
        "dmean": 0.0124271204695,
        "dmean2": 0.006238238886,
        "dvar": 0.00127897784114,
        "dvar2": 0.000318891456118,
        "max": 0.458741694689,
        "mean": 0.0319320596755,
        "median": 0.0011531348573,
        "min": 9.55310460995e-05,
        "stdev": 0.0909899324179,
        "var": 0.00827916804701
    },
    "spectral_kurtosis": {
        "dmean": 1.25245845318,
        "dmean2": 2.03204250336,
        "dvar": 2.12926983833,
        "dvar2": 5.58211421967,
        "max": 14.4525146484,
        "mean": 5.61223936081,
        "median": 4.26559877396,
        "min": 1.45973396301,
        "stdev": 3.8739054203,
        "var": 15.0071430206
    },
    "spectral_rms": {
        "dmean": 0.000387979729567,
        "dmean2": 0.000199477130082,
        "dvar": 1.46932916323e-06,
        "dvar2": 4.06578266166e-07,
        "max": 0.0143286837265,
        "mean": 0.000956796691753,
        "median": 4.84200791107e-05,
        "min": 7.59138032436e-08,
        "stdev": 0.00262466003187,
        "var": 6.88884074407e-06
    },
    "spectral_rolloff": {
        "dmean": 1065.60253906,
        "dmean2": 1402.64904785,
        "dvar": 2123289,
        "dvar2": 3651166,
        "max": 18906.1523438,
        "mean": 9828.7734375,
        "median": 8279.51660156,
        "min": 4349.70703125,
        "stdev": 4970.43896484,
        "var": 24705264
    },
    "spectral_skewness": {
        "dmean": 0.164942488074,
        "dmean2": 0.259601444006,
        "dvar": 0.0120398867875,
        "dvar2": 0.0312352478504,
        "max": 2.21726989746,
        "mean": 1.50484228134,
        "median": 1.42912507057,
        "min": 1.04194045067,
        "stdev": 0.323100715876,
        "var": 0.104394070804
    },
    "spectral_spread": {
        "dmean": 731315.25,
        "dmean2": 712839,
        "dvar": 1.52038709658e+12,
        "dvar2": 1.2652609536e+12,
        "max": 18305932,
        "mean": 5760602.5,
        "median": 5023909,
        "min": 1886597.75,
        "stdev": 3472390.25,
        "var": 1.20574936351e+13
    },
    "spectral_strongpeak": {
        "dmean": 0.237700462341,
        "dmean2": 0.439462512732,
        "dvar": 0.349959433079,
        "dvar2": 0.919652700424,
        "max": 4.75425291061,
        "mean": 0.607199966908,
        "median": 0.150789707899,
        "min": 0,
        "stdev": 1.13375508785,
        "var": 1.28540050983
    },
    "zerocrossingrate": {
        "dmean": 0.0287822000682,
        "dmean2": 0.0283745657653,
        "dvar": 0.00179521355312,
        "dvar2": 0.0024809546303,
        "max": 0.47509765625,
        "mean": 0.242508739233,
        "median": 0.246337890625,
        "min": 0.025390625,
        "stdev": 0.0775593668222,
        "var": 0.00601545535028
    },
    "barkbands": {
        "dmean": [3.06805105765e-07, 5.64690765259e-07, 5.92052288084e-07, 1.05626845937e-07, 2.51025066973e-05, 7.86048985901e-06, 1.38627717661e-06, 4.06357287375e-07, 6.63573882775e-06, 2.42878718382e-06, 1.09861093733e-06, 6.58324233882e-06, 7.67043366068e-06, 6.51481104796e-06, 2.03431795853e-06, 1.05351937236e-05, 3.41516933986e-05, 1.3183323972e-05, 9.34393247007e-05, 3.03428732877e-05, 0.000172892701812, 0.00015550655371, 0.000354883552063, 0.000205241056392, 0.000411535555031, 0.00126439158339, 0.00288748671301],
        "dmean2": [3.15041120302e-07, 5.56703753318e-07, 5.88796297052e-07, 1.41374769669e-07, 3.45317021129e-05, 4.87115357828e-06, 1.35868208417e-06, 2.05233988027e-07, 6.06539742876e-06, 3.72862837139e-06, 9.25941776586e-07, 6.16414126853e-06, 3.59257205673e-06, 9.54798906605e-06, 2.06255890589e-06, 1.09384982352e-05, 3.02781954815e-05, 1.65655692399e-05, 0.000165018966072, 3.53692848876e-05, 0.000246655399678, 0.000158734022989, 0.000257924199104, 0.000142888471601, 0.000268114585197, 0.0010151793249, 0.00269524287432],
        "dvar": [3.29401740259e-12, 1.05462609132e-11, 1.15240846379e-11, 1.23532043969e-13, 8.35858138259e-09, 9.7695862511e-10, 6.28045462858e-11, 1.72341080209e-12, 1.24948085212e-09, 1.3320954062e-10, 1.98767616949e-11, 5.12128950358e-10, 5.81892478646e-10, 3.88450882571e-10, 3.75260378327e-11, 1.46630407816e-09, 2.93456974276e-08, 1.58027002595e-09, 1.57822498181e-07, 9.85596759762e-09, 4.1491432512e-07, 2.7537959113e-07, 2.01361763175e-06, 3.92979217168e-07, 2.05371588891e-06, 3.61335587513e-05, 0.00024799653329],
        "dvar2": [3.35715634979e-12, 1.0000913292e-11, 1.11235430589e-11, 1.94579934305e-13, 1.94566709411e-08, 5.08371122976e-10, 5.96385718588e-11, 5.53344750662e-13, 1.06641728781e-09, 2.0978638271e-10, 1.44259387422e-11, 3.75783404394e-10, 1.35248062749e-10, 5.65859803459e-10, 3.18747736539e-11, 1.49127943327e-09, 2.58785437524e-08, 1.74916214846e-09, 3.35376341809e-07, 1.00760821908e-08, 7.88373824889e-07, 2.79252333257e-07, 1.19478977467e-06, 1.67164486697e-07, 9.59632984632e-07, 2.33581013163e-05, 0.000212990154978],
        "max": [1.12732550406e-05, 2.08897581615e-05, 2.18959066842e-05, 3.12116253554e-06, 0.000577236933168, 0.00029034432373, 5.12896185683e-05, 1.50306941578e-05, 0.000245282077231, 8.93002434168e-05, 3.97734002036e-05, 0.000240045861574, 0.000283786648652, 0.000177950540092, 7.31357431505e-05, 0.000389626366086, 0.00126319250558, 0.000464815064333, 0.0031579064671, 0.0010743541643, 0.00552068790421, 0.00575374253094, 0.0130129866302, 0.00759391440079, 0.0152268093079, 0.0467824935913, 0.106837004423],
        "mean": [3.06898243707e-07, 5.75037518047e-07, 6.17064017661e-07, 1.70467885141e-07, 2.52095760516e-05, 1.24409289128e-05, 1.42914780099e-06, 8.14969382645e-07, 7.52829919293e-06, 4.91145738124e-06, 1.79434914571e-06, 1.53548207891e-05, 1.64759821928e-05, 1.25966098494e-05, 5.1362353588e-06, 2.28299813898e-05, 4.58809627162e-05, 4.97044420626e-05, 0.000228419041377, 6.6740976763e-05, 0.000362288352335, 0.000426643819083, 0.000587732996792, 0.000505333591718, 0.000794432417024, 0.00159895885736, 0.00312872161157],
        "median": [7.88294407528e-09, 1.77081738162e-10, 1.23097587679e-10, 9.24749582465e-11, 1.22355547916e-08, 1.22889227683e-08, 1.44898787413e-10, 1.56470683632e-10, 8.21239698467e-09, 3.92705157282e-09, 1.56093840076e-08, 8.517277994e-10, 6.55104948066e-09, 4.98343446509e-08, 6.85886369922e-09, 1.3682211808e-08, 2.86133889915e-08, 1.45956249753e-07, 1.36771586767e-06, 1.48377864662e-07, 4.08975893151e-07, 8.90772611228e-08, 5.64341071652e-08, 5.06508968101e-09, 3.18203041694e-09, 4.08221767501e-09, 5.71811087369e-09],
        "min": [2.90201077145e-13, 3.45757548027e-13, 1.30445052546e-13, 6.07673498109e-14, 4.37049959483e-14, 4.10139451698e-14, 1.98883776472e-14, 4.82244554348e-14, 8.37574774077e-14, 1.27776695474e-13, 4.94849997025e-14, 8.82982516314e-14, 1.7860797612e-14, 8.84566467925e-14, 4.37407034692e-14, 7.35248721715e-14, 1.05164832463e-13, 1.93643264943e-13, 2.84320662717e-13, 7.23179179843e-14, 9.67900686357e-14, 2.49748328572e-13, 4.07320119473e-13, 3.68282336051e-13, 3.97383786033e-13, 8.83026887288e-13, 1.08316122998e-12],
        "stdev": [1.80289885066e-06, 3.34252308676e-06, 3.5018847484e-06, 6.10693859926e-07, 9.99419862637e-05, 5.27522606717e-05, 8.20621698949e-06, 2.86553972728e-06, 3.93506488763e-05, 1.88358171727e-05, 6.71873976898e-06, 5.21937108715e-05, 5.52575002075e-05, 3.67532484233e-05, 1.46053107528e-05, 7.70177357481e-05, 0.000203953575692, 0.000125366263092, 0.000693769950885, 0.000206783413887, 0.00116975454148, 0.00131111463998, 0.00220417277887, 0.00162529200315, 0.0029148326721, 0.00761651992798, 0.0171225797385],
        "var": [3.25044440148e-12, 1.11724605262e-11, 1.22631965346e-11, 3.72946980373e-13, 9.98840121724e-09, 2.78280087862e-09, 6.7341993093e-11, 8.21131791034e-12, 1.54847357159e-09, 3.54788032286e-10, 4.51414634839e-11, 2.72418332337e-09, 3.05339131756e-09, 1.35080124863e-09, 2.13315101694e-10, 5.93173155039e-09, 4.15970582424e-08, 1.57166990533e-08, 4.8131676067e-07, 4.27593782604e-08, 1.36832557018e-06, 1.71902161128e-06, 4.85837745146e-06, 2.64157392849e-06, 8.49624939292e-06, 5.80113774049e-05, 0.000293182762107]
    },
    "erbbands": {
        "dmean": [1.46351840158e-05, 0.000139350697282, 0.000628169393167, 0.000587511982303, 0.00217145448551, 0.0837083980441, 0.172500967979, 0.0495918393135, 0.0259449779987, 0.0129813002422, 0.0182792916894, 0.137893512845, 0.137432143092, 0.0601785182953, 0.0796247720718, 0.303686469793, 0.41678377986, 0.329863876104, 0.13397705555, 0.132336199284, 0.952282369137, 1.85989999771, 1.00214266777, 1.99874508381, 5.56970643997, 1.66559529305, 6.17685317993, 5.12329721451, 5.16954374313, 9.79212665558, 8.96784973145, 5.19888448715, 3.73698377609, 4.85405921936, 2.73132133484, 3.22759342194, 3.1465921402, 0.879225850105, 0.386394381523, 0.0508977398276],
        "dmean2": [1.46810925798e-05, 0.000136954404297, 0.000621294078883, 0.000529015611392, 0.00178957358003, 0.111483298242, 0.265949219465, 0.0345153920352, 0.0250983852893, 0.0107511114329, 0.0132756046951, 0.123654007912, 0.103210180998, 0.0377691090107, 0.0522516779602, 0.302259087563, 0.190166532993, 0.311579346657, 0.188170328736, 0.129368767142, 0.633265554905, 1.5992487669, 1.10097849369, 2.37216472626, 9.08651351929, 1.32008504868, 7.41187620163, 6.85607004166, 4.37794065475, 4.14089679718, 6.18574333191, 2.43765664101, 2.12740445137, 2.19620037079, 2.64124035835, 2.03800654411, 2.76109719276, 0.783452272415, 0.355724960566, 0.0481631048024],
        "dvar": [7.32089988631e-09, 6.36659478914e-07, 1.30061889649e-05, 6.12770736552e-06, 6.23122323304e-05, 0.0886207744479, 0.476563632488, 0.046508256346, 0.0214361678809, 0.00371179101057, 0.00546593917534, 0.520815491676, 0.31295594573, 0.0532987937331, 0.0855477452278, 1.18912410736, 1.85218608379, 0.997051537037, 0.18379253149, 0.229284241796, 11.1059780121, 80.6259689331, 8.59481143951, 32.987903595, 529.854003906, 26.5381908417, 533.188415527, 288.804748535, 265.620635986, 949.651184082, 1078.97155762, 235.069290161, 130.495040894, 288.080230713, 102.770858765, 167.812286377, 261.271972656, 21.0277481079, 4.32938432693, 0.0790982469916],
        "dvar2": [7.28486959645e-09, 5.96345614667e-07, 1.24810421767e-05, 3.3144453937e-06, 3.84749582736e-05, 0.200970217586, 1.10798490047, 0.0189722366631, 0.0200960747898, 0.00291650369763, 0.00332977366634, 0.423954129219, 0.220868945122, 0.0199849382043, 0.0445802845061, 0.991782188416, 0.351645022631, 0.69597774744, 0.244261801243, 0.230043947697, 6.39337348938, 69.2792510986, 8.06249046326, 72.8498153687, 964.670898438, 14.4191932678, 576.975830078, 566.265625, 218.379348755, 157.633773804, 502.106231689, 49.7329063416, 41.1198921204, 72.1758422852, 87.9999694824, 57.211391449, 206.266525269, 16.8968143463, 3.58808469772, 0.0698314830661],
        "max": [0.000541173911188, 0.00515527790412, 0.0232350397855, 0.0207556616515, 0.0798092111945, 1.91682422161, 4.65839099884, 1.83459627628, 0.959942340851, 0.480247199535, 0.674089550972, 5.09721565247, 5.05850744247, 2.22624564171, 2.89438843727, 11.1083593369, 15.4209337234, 10.7179603577, 4.84718608856, 4.89636611938, 34.1543426514, 68.7985153198, 36.9662246704, 56.7466011047, 190.738632202, 60.100479126, 223.259796143, 159.048233032, 191.27305603, 362.307006836, 323.720062256, 192.358642578, 138.268341064, 179.600204468, 101.058830261, 119.420944214, 116.423904419, 32.5313568115, 14.2965917587, 1.88321650028],
        "mean": [1.47647197082e-05, 0.000142386343214, 0.000648795161396, 0.00079549982911, 0.00410231016576, 0.0858567729592, 0.221862569451, 0.0663093104959, 0.0273105278611, 0.0175679866225, 0.0289507787675, 0.158918499947, 0.221932783723, 0.10014629364, 0.13943259418, 0.730928421021, 0.824436962605, 0.667977690697, 0.442321062088, 0.304871320724, 1.76058292389, 2.64632534981, 2.78072571754, 4.45046901703, 13.1946754456, 4.03870630264, 14.2690572739, 11.1710739136, 13.3539295197, 20.0610561371, 15.6481552124, 12.2215213776, 8.34884548187, 8.69151973724, 5.63515233994, 4.80355882645, 3.6923699379, 1.00956368446, 0.423362374306, 0.054375667125],
        "median": [2.31059651412e-08, 3.10655750013e-08, 1.19361175166e-07, 3.77801768536e-07, 5.47517038285e-06, 5.99590857746e-05, 0.000154161156388, 3.06204710796e-05, 2.87586658487e-06, 5.33555521542e-06, 6.5924039518e-05, 0.000175059569301, 5.78883045819e-05, 0.00033156745485, 0.000575252925046, 6.88264044584e-05, 0.00027952043456, 0.00142091582529, 0.00175151962321, 0.000330427661538, 0.00101134914439, 0.00186214246787, 0.00500058662146, 0.0230339579284, 0.0785991773009, 0.00975809060037, 0.0185468792915, 0.01049305778, 0.00419896794483, 0.00216883816756, 0.00188098999206, 0.000260529021034, 7.3200892075e-05, 3.33537318511e-05, 2.597733328e-05, 1.52639513544e-05, 7.76755314291e-06, 3.05388721245e-06, 7.88084889791e-07, 8.49265262559e-08],
        "min": [1.40952379976e-11, 6.39180652851e-11, 1.48745779582e-10, 1.95484642362e-10, 1.59510654685e-10, 1.33714692097e-10, 2.47570630663e-10, 3.46765588466e-10, 2.69656130758e-10, 5.48743828155e-10, 1.23738919111e-09, 1.80672021788e-09, 3.56394069811e-09, 3.2514737569e-09, 2.56764964846e-09, 3.28325433507e-09, 1.06309194781e-09, 3.36285688185e-09, 3.83249254554e-09, 2.11941997286e-09, 5.37559641245e-09, 5.90911763965e-09, 8.19894374615e-09, 1.09594084918e-08, 1.59450035397e-08, 4.2093226682e-09, 4.64322180704e-09, 4.23478363487e-09, 9.12429953814e-09, 6.1726388445e-09, 1.2620254175e-08, 1.11071614128e-08, 4.68576244472e-09, 3.49408679767e-09, 3.49678908051e-09, 2.04788030977e-09, 1.97873650798e-09, 6.08209926867e-10, 1.58502169723e-10, 1.6622533211e-11],
        "stdev": [8.6569947598e-05, 0.000824958086014, 0.0037166532129, 0.00343962945044, 0.0155684510246, 0.333433300257, 0.87442690134, 0.306014180183, 0.153607293963, 0.0785626396537, 0.114499643445, 0.818971097469, 0.930393695831, 0.382238179445, 0.503354072571, 2.48008108139, 2.87866663933, 2.06530737877, 1.14247238636, 0.991618037224, 6.22895145416, 11.1809396744, 7.81620836258, 11.9119205475, 41.1437225342, 12.5730133057, 47.9380645752, 33.7053565979, 41.2850074768, 67.8893661499, 56.0061416626, 39.7914962769, 27.4895458221, 32.6910667419, 20.4234695435, 20.3136444092, 18.7463951111, 5.23042011261, 2.2932612896, 0.301620393991],
        "var": [7.4943562467e-09, 6.80555842791e-07, 1.38135110319e-05, 1.18310508697e-05, 0.000242376656388, 0.111177757382, 0.764622449875, 0.0936446711421, 0.0235952027142, 0.00617208890617, 0.0131101682782, 0.670713663101, 0.865632414818, 0.146106019616, 0.253365308046, 6.15080165863, 8.28672218323, 4.26549482346, 1.3052431345, 0.983306288719, 38.7998352051, 125.013404846, 61.0931129456, 141.893844604, 1692.80603027, 158.080673218, 2298.05810547, 1136.05114746, 1704.45178223, 4608.96582031, 3136.68798828, 1583.36328125, 755.675109863, 1068.70581055, 417.11807251, 412.644134521, 351.427307129, 27.3572940826, 5.2590470314, 0.0909748673439]
    },
    "gfcc": {
        "mean": [-458.25894165, -97.0648193359, -134.278030396, 29.2343235016, -56.2632484436, -9.55197429657, -28.8944606781, -12.2613630295, -38.9520683289, -6.61784410477, -10.761636734, 1.76034581661, -2.18363022804],
        "cov": [[64166.3710938, -9608.54882812, -4107.22851562, -413.979736328, -2796.6652832, 347.794921875, -2213.08984375, -2152.89135742, -1734.17504883, -1607.01513672, -882.730895996, -223.33706665, -575.311645508], [-9608.54882812, 2133.29248047, 499.860107422, 323.123535156, 371.143188477, -268.198455811, 450.554962158, 280.767150879, 234.604644775, 263.298187256, 178.468399048, 25.3871192932, 122.411605835], [-4107.22851562, 499.860107422, 2030.45544434, -650.562438965, 579.861022949, 30.6295261383, 65.7968292236, 410.620941162, 336.946594238, 332.157745361, 127.025062561, 171.373504639, 3.55150961876], [-413.979736328, 323.123535156, -650.562438965, 383.685333252, -139.155563354, -93.5281829834, 67.1785125732, -106.27973938, -112.130493164, -83.0364456177, -14.229177475, -82.4383163452, 24.2660312653], [-2796.6652832, 371.143188477, 579.861022949, -139.155563354, 249.633102417, -37.2765007019, 90.1282043457, 140.332855225, 104.31628418, 138.588516235, 65.9923095703, 64.9483032227, 22.7639961243], [347.794921875, -268.198455811, 30.6295261383, -93.5281829834, -37.2765007019, 212.445297241, -43.9668235779, 64.9887084961, 76.3802185059, -53.951965332, -46.0627326965, -38.0384635925, -48.9630012512], [-2213.08984375, 450.554962158, 65.7968292236, 67.1785125732, 90.1282043457, -43.9668235779, 141.358200073, 70.7975769043, 76.8410873413, 58.5461044312, 46.2379188538, 20.8387393951, 23.5410060883], [-2152.89135742, 280.767150879, 410.620941162, -106.27973938, 140.332855225, 64.9887084961, 70.7975769043, 159.351898193, 145.446304321, 74.4491348267, 29.8864154816, 19.5364456177, -2.46395301819], [-1734.17504883, 234.604644775, 336.946594238, -112.130493164, 104.31628418, 76.3802185059, 76.8410873413, 145.446304321, 192.753265381, 70.0741958618, 26.4584732056, 16.0749092102, -25.7535591125], [-1607.01513672, 263.298187256, 332.157745361, -83.0364456177, 138.588516235, -53.951965332, 58.5461044312, 74.4491348267, 70.0741958618, 111.622192383, 51.12241745, 48.774307251, 22.7376060486], [-882.730895996, 178.468399048, 127.025062561, -14.229177475, 65.9923095703, -46.0627326965, 46.2379188538, 29.8864154816, 26.4584732056, 51.12241745, 47.157623291, 27.9062004089, 12.2311897278], [-223.33706665, 25.3871192932, 171.373504639, -82.4383163452, 64.9483032227, -38.0384635925, 20.8387393951, 19.5364456177, 16.0749092102, 48.774307251, 27.9062004089, 61.1484298706, 18.6679992676], [-575.311645508, 122.411605835, 3.55150961876, 24.2660312653, 22.7639961243, -48.9630012512, 23.5410060883, -2.46395301819, -25.7535591125, 22.7376060486, 12.2311897278, 18.6679992676, 43.7796058655]],
        "icov": [[0.000217783963308, 0.000908051035367, -0.000973493733909, -0.000792442355305, 0.0030964598991, 0.000697872252204, -0.000994108384475, 0.000606110843364, 0.00042168571963, -0.000334414740792, 0.000360727804946, -0.00105205585714, 0.00134979910217], [0.000908051035367, 0.00952095072716, -0.00651675509289, -0.0120000373572, 0.0142706427723, 0.00613548187539, -0.0101305833086, -0.00257842824794, -0.00114651455078, -0.00522224232554, -0.000700978504028, -0.000765999255236, -0.000204461524845], [-0.000973493733909, -0.00651675509289, 0.0105183450505, 0.0129278143868, -0.0195767302066, 0.000931938062422, 0.0103920456022, -0.0108602195978, 0.00052996102022, 0.00392290996388, -0.000617289333604, 0.00591683294624, -0.00164405920077], [-0.000792442355305, -0.0120000373572, 0.0129278143868, 0.0465345978737, -0.00844988133758, 0.00719748577103, -0.0112393395975, -0.00812021549791, 0.0179683398455, 0.010570124723, 0.00275342050008, 0.032613992691, 0.00473174778745], [0.0030964598991, 0.0142706427723, -0.0195767302066, -0.00844988133758, 0.081774301827, 0.0108137875795, -0.0368488170207, -0.0102403005585, 0.0286679621786, -0.0302346087992, 0.0088248392567, -0.0124375149608, 0.0312773771584], [0.000697872252204, 0.00613548187539, 0.000931938062422, 0.00719748577103, 0.0108137875795, 0.02971999906, -0.00734521495178, -0.02651376836, 0.00240687630139, 0.00921498145908, 0.0073232576251, 0.0113762505352, 0.00775683205575], [-0.000994108384475, -0.0101305833086, 0.0103920456022, -0.0112393395975, -0.0368488170207, -0.00734521495178, 0.0641748160124, 0.00075434189057, -0.0283340457827, 0.0168256964535, -0.0136512536556, -0.0270371176302, -0.0129345990717], [0.000606110843364, -0.00257842824794, -0.0108602195978, -0.00812021549791, -0.0102403005585, -0.02651376836, 0.00075434189057, 0.0871631652117, -0.0334109887481, 0.0119396643713, -0.00705966632813, -0.00160702108406, -0.022469619289], [0.00042168571963, -0.00114651455078, 0.00052996102022, 0.0179683398455, 0.0286679621786, 0.00240687630139, -0.0283340457827, -0.0334109887481, 0.0519099496305, -0.0250003747642, 0.0125414924696, 0.00520017696545, 0.0376847758889], [-0.000334414740792, -0.00522224232554, 0.00392290996388, 0.010570124723, -0.0302346087992, 0.00921498145908, 0.0168256964535, 0.0119396643713, -0.0250003747642, 0.0663716420531, -0.0199261438102, 0.00220717978664, -0.0228700600564], [0.000360727804946, -0.000700978504028, -0.000617289333604, 0.00275342050008, 0.0088248392567, 0.0073232576251, -0.0136512536556, -0.00705966632813, 0.0125414924696, -0.0199261438102, 0.0626864284277, -0.0135082434863, 0.0217422991991], [-0.00105205585714, -0.000765999255236, 0.00591683294624, 0.032613992691, -0.0124375149608, 0.0113762505352, -0.0270371176302, -0.00160702108406, 0.00520017696545, 0.00220717978664, -0.0135082434863, 0.0810445472598, -0.0254738461226], [0.00134979910217, -0.000204461524845, -0.00164405920077, 0.00473174778745, 0.0312773771584, 0.00775683205575, -0.0129345990717, -0.022469619289, 0.0376847758889, -0.0228700600564, 0.0217422991991, -0.0254738461226, 0.0755984410644]]
    },
    "melbands": {
        "dmean": [1.58679583251e-07, 2.73135867701e-07, 1.20080130728e-07, 2.33123250837e-06, 6.57988402963e-06, 1.17503714137e-06, 3.58409039336e-07, 1.19518347219e-07, 1.9532802753e-07, 9.98763539428e-07, 6.68521352054e-07, 2.25623608685e-07, 1.85757983218e-07, 6.39020072413e-07, 8.81275411757e-07, 7.54261975544e-07, 6.22606478373e-07, 3.64763138805e-07, 1.32955250365e-07, 4.48888442861e-07, 1.24236521515e-06, 2.12040185943e-06, 1.30726891712e-06, 6.71113753015e-07, 1.24797429635e-06, 6.04038859819e-06, 2.05428159461e-06, 8.6961301804e-07, 3.78381969313e-06, 5.53254130864e-06, 2.3033871912e-06, 2.26178576668e-06, 4.4657649596e-06, 6.29989153822e-06, 5.08683660883e-06, 4.99985435454e-06, 3.96723180529e-06, 2.23374240704e-06, 2.92130289381e-06, 4.56378757008e-06],
        "dmean2": [1.5829367328e-07, 2.70254304269e-07, 1.11159160099e-07, 3.12032216243e-06, 9.70361361396e-06, 7.92314665432e-07, 3.5575669699e-07, 9.55073886644e-08, 1.58961924512e-07, 8.96409915185e-07, 5.18479566836e-07, 1.4744725263e-07, 1.57881117957e-07, 5.11883399668e-07, 4.08281067621e-07, 6.97301743458e-07, 6.48870752684e-07, 5.65771642869e-07, 1.53018049787e-07, 7.99686006303e-07, 8.96064193512e-07, 1.89029071862e-06, 1.45311832966e-06, 7.77349896453e-07, 1.13234557375e-06, 1.06244960989e-05, 1.52799975695e-06, 9.91047727439e-07, 2.98179566016e-06, 7.74546424509e-06, 3.26532472172e-06, 2.21577579396e-06, 5.17414673595e-06, 3.79446237275e-06, 3.75190461455e-06, 4.37881953985e-06, 3.98993097406e-06, 1.71901956492e-06, 1.74742535819e-06, 2.20839115173e-06],
        "dvar": [8.50252865076e-13, 2.42271198762e-12, 2.90315568894e-13, 6.82617087855e-11, 6.33992469634e-10, 2.54903962521e-11, 4.30620383102e-12, 2.56031551212e-13, 7.18959071964e-13, 2.74293712743e-11, 7.42077232996e-12, 7.81886057635e-13, 6.5080997232e-13, 4.28223775883e-12, 8.43553699115e-12, 6.58303012796e-12, 3.67101444729e-12, 1.1741201544e-12, 1.92310848236e-13, 3.43246112956e-12, 2.06850821194e-11, 1.14560839981e-10, 2.30164550613e-11, 4.67233977203e-12, 1.10265373221e-11, 6.04682692806e-10, 5.75388209301e-11, 7.67974139143e-12, 1.56298529674e-10, 3.54509754885e-10, 5.80437087283e-11, 5.03862160328e-11, 2.40770514637e-10, 5.52156764755e-10, 3.33673255692e-10, 4.84026485559e-10, 1.49450896103e-10, 4.69715898122e-11, 1.02288316706e-10, 2.63861543726e-10],
        "dvar2": [8.2886003833e-13, 2.28132421808e-12, 1.79966203615e-13, 1.5340467785e-10, 1.49060164212e-09, 9.70925770338e-12, 4.25809994903e-12, 1.77063591111e-13, 5.29855619016e-13, 2.20759990149e-11, 5.422952018e-12, 3.55071197054e-13, 5.15537861966e-13, 2.7231324834e-12, 1.66116621327e-12, 4.81771957397e-12, 3.04577110061e-12, 2.59780088066e-12, 2.08275576148e-13, 8.75875413864e-12, 8.48797854919e-12, 1.00535343939e-10, 2.12012230688e-11, 5.37096625855e-12, 1.96210270254e-11, 1.35690803038e-09, 2.1132045766e-11, 1.04028487213e-11, 7.60926599508e-11, 8.10632672099e-10, 1.12970743871e-10, 4.43207207046e-11, 2.88032819817e-10, 2.38500164063e-10, 1.39066147486e-10, 3.99292071629e-10, 2.25839888457e-10, 2.46162239897e-11, 4.70176050871e-11, 5.99825397685e-11],
        "max": [5.86641453992e-06, 1.01031146187e-05, 4.24507470598e-06, 5.56759950996e-05, 0.00016728429182, 4.34661596955e-05, 1.32606473926e-05, 4.42170585302e-06, 7.19526906323e-06, 3.69266672351e-05, 2.45663613896e-05, 8.34700858832e-06, 6.74484908814e-06, 2.30681271205e-05, 3.25013934344e-05, 2.78855950455e-05, 1.95780939976e-05, 9.86189934338e-06, 4.81439292344e-06, 1.25771002786e-05, 4.57472415292e-05, 7.84356452641e-05, 4.55283079646e-05, 2.42323912971e-05, 2.91581109195e-05, 0.000189539539861, 7.16983631719e-05, 2.70525924861e-05, 0.000137543087476, 0.000149690851686, 7.27227670723e-05, 8.36860199342e-05, 0.000159826522577, 0.000233094775467, 0.000182211704669, 0.00018425838789, 0.000117006908113, 8.26484028948e-05, 0.000108088126581, 0.00016886004596],
        "mean": [1.60438162311e-07, 2.84135751372e-07, 1.51468043441e-07, 2.60592355517e-06, 7.73445299274e-06, 1.58754392032e-06, 3.68219730262e-07, 1.81971842039e-07, 2.93297404141e-07, 1.14017223041e-06, 1.08416725197e-06, 3.75041622647e-07, 2.88902697321e-07, 1.53859798502e-06, 1.67677126228e-06, 1.79970027148e-06, 1.21497623695e-06, 7.88113993622e-07, 3.24720900835e-07, 7.17352691026e-07, 2.2461865683e-06, 2.82154178421e-06, 2.39366499954e-06, 2.51836308962e-06, 2.31183912547e-06, 1.35363234222e-05, 3.36801963385e-06, 2.03818399314e-06, 8.10102483229e-06, 9.03839372768e-06, 5.25934683537e-06, 5.77855462325e-06, 1.18303214549e-05, 1.09787497422e-05, 8.87366059033e-06, 7.92365335656e-06, 7.67344317865e-06, 5.6113053688e-06, 5.6470803429e-06, 7.89890782471e-06],
        "median": [3.92796101201e-10, 4.95617921703e-11, 9.43264424902e-11, 2.08061901041e-09, 4.45070291732e-09, 1.0207089618e-09, 2.79110554113e-11, 2.40986224032e-11, 9.68264690648e-10, 9.4483421087e-10, 2.68413097304e-10, 1.32277788722e-09, 2.4507498253e-09, 1.01756263138e-10, 2.07928438356e-10, 9.40733713151e-10, 3.03931191326e-09, 3.80646181242e-09, 4.70627703475e-10, 8.11059053252e-10, 1.09902875689e-09, 1.93292271078e-09, 2.31118235661e-09, 6.38978647771e-09, 9.82435999219e-09, 7.87690908055e-08, 1.38726443666e-08, 3.7012117815e-09, 1.02890176379e-08, 1.10919673446e-08, 3.6707681339e-09, 1.85820370202e-09, 2.36691466426e-09, 6.96527779898e-10, 1.17795473376e-09, 4.09688949432e-10, 9.24333387609e-11, 4.75162929836e-11, 3.08474842892e-11, 2.8879501221e-11],
        "min": [1.24913697008e-13, 7.90153871695e-14, 3.26514124982e-14, 9.81654095847e-15, 8.13913874313e-15, 7.72128044959e-15, 4.08755569269e-15, 6.92387897437e-15, 1.05026376457e-14, 1.18895820991e-14, 1.82561925917e-14, 1.38526444818e-14, 7.32230760265e-15, 1.06652849123e-14, 4.65703711895e-15, 1.8875792534e-15, 7.09916397247e-15, 7.09761474921e-15, 2.83581082675e-15, 3.76757247972e-15, 6.93775760921e-15, 7.02951160619e-15, 4.78192535076e-15, 9.61998696306e-15, 8.28256683209e-15, 1.18247213982e-14, 6.91476489986e-15, 1.90705677602e-15, 3.32502995203e-15, 1.46335847187e-15, 3.01172114693e-15, 5.57186785385e-15, 4.25751115949e-15, 2.88489088033e-15, 5.247979819e-15, 1.12986080588e-14, 5.0807983851e-15, 2.80520392648e-15, 3.83390405333e-15, 2.43964419996e-15],
        "stdev": [9.3849047289e-07, 1.61627883699e-06, 6.9323345997e-07, 9.90643820842e-06, 3.03899305436e-05, 7.29371822672e-06, 2.12099212149e-06, 7.43058308217e-07, 1.19810852084e-06, 5.93306140217e-06, 4.53232223663e-06, 1.42315843732e-06, 1.11753536203e-06, 5.08307539349e-06, 6.06246658208e-06, 5.85432599109e-06, 3.75465538127e-06, 2.04571961149e-06, 9.32793113861e-07, 2.49494087257e-06, 8.07435480965e-06, 1.26503573483e-05, 7.9869541878e-06, 6.50620359011e-06, 6.06755338595e-06, 4.12266490457e-05, 1.22609380924e-05, 6.11494260738e-06, 2.75452457572e-05, 2.90494772344e-05, 1.56639307534e-05, 1.77697147592e-05, 3.66012063751e-05, 4.04498496209e-05, 3.16479890898e-05, 3.06550900859e-05, 2.46095951297e-05, 1.78011250682e-05, 2.0136605599e-05, 3.0337858334e-05],
