{
"lowlevel": {
    "average_loudness": 0.865505993366,
    "barkbands_crest": {
        "dmean": 2.14350152016,
        "dmean2": 3.28631234169,
        "dvar": 6.13952207565,
        "dvar2": 17.7636604309,
        "max": 25.5677585602,
        "mean": 14.3253068924,
        "median": 13.729221344,
        "min": 5.71842813492,
        "stdev": 3.00692272186,
        "var": 9.04158401489
    },
    "barkbands_flatness_db": {
        "dmean": 0.0195385441184,
        "dmean2": 0.0302118733525,
        "dvar": 0.00061216217,
        "dvar2": 0.00144792557694,
        "max": 0.403586983681,
        "mean": 0.309138983488,
        "median": 0.317117989063,
        "min": 0.0783579275012,
        "stdev": 0.0532009415329,
        "var": 0.00283034029417
    },
    "barkbands_kurtosis": {
        "dmean": 6.47037887573,
        "dmean2": 10.6663818359,
        "dvar": 717.182495117,
        "dvar2": 1905.96337891,
        "max": 315.637878418,
        "mean": 6.31260681152,
        "median": -0.98419547081,
        "min": -1.61333405972,
        "stdev": 31.0820083618,
        "var": 966.091247559
    },
    "barkbands_skewness": {
        "dmean": 0.646974742413,
        "dmean2": 0.951431632042,
        "dvar": 1.89471995831,
        "dvar2": 4.48368453979,
        "max": 16.0566577911,
        "mean": 1.13633394241,
        "median": 0.541302680969,
        "min": -1.31452655792,
        "stdev": 2.22280669212,
        "var": 4.9408698082
    },
    "barkbands_spread": {
        "dmean": 2.20520567894,
        "dmean2": 3.23324370384,
        "dvar": 28.7095031738,
        "dvar2": 48.5953598022,
        "max": 82.5317077637,
        "mean": 14.5004749298,
        "median": 14.6737651825,
        "min": 1.20659565926,
        "stdev": 5.9949760437,
        "var": 35.9397392273
    },
    "dissonance": {
        "dmean": 0.0289764665067,
        "dmean2": 0.049815338105,
        "dvar": 0.000615451775957,
        "dvar2": 0.00169158598874,
        "max": 0.499948471785,
        "mean": 0.45747295022,
        "median": 0.46176970005,
        "min": 0.332216858864,
        "stdev": 0.0294439736754,
        "var": 0.000866947579198
    },
    "dynamic_complexity": 6.14930582047,
    "erbbands_crest": {
        "dmean": 2.41691493988,
        "dmean2": 3.43657279015,
        "dvar": 4.07198905945,
        "dvar2": 8.52797412872,
        "max": 25.9722251892,
        "mean": 15.7437591553,
        "median": 15.7082939148,
        "min": 2.32190918922,
        "stdev": 4.33579587936,
        "var": 18.7991275787
    },
    "erbbands_flatness_db": {
        "dmean": 0.0119610540569,
        "dmean2": 0.0165746957064,
        "dvar": 0.00025118488702,
        "dvar2": 0.000331856077537,
        "max": 0.424981892109,
        "mean": 0.31963506341,
        "median": 0.346306830645,
        "min": 0.0256751384586,
        "stdev": 0.0891193598509,
        "var": 0.007942260243
    },
    "erbbands_kurtosis": {
        "dmean": 0.588074028492,
        "dmean2": 0.902140974998,
        "dvar": 0.983610928059,
        "dvar2": 2.55608963966,
        "max": 8.33205413818,
        "mean": -0.586721658707,
        "median": -1.00291132927,
        "min": -1.5384850502,
        "stdev": 1.17566025257,
        "var": 1.38217699528
    },
    "erbbands_skewness": {
        "dmean": 0.325871646404,
        "dmean2": 0.411152660847,
        "dvar": 0.115138337016,
        "dvar2": 0.225020930171,
        "max": 2.70843744278,
        "mean": 0.202331289649,
        "median": 0.129449307919,
        "min": -2.03441977501,
        "stdev": 0.584805428982,
        "var": 0.341997385025
    },
    "erbbands_spread": {
        "dmean": 3.63197445869,
        "dmean2": 5.40080213547,
        "dvar": 76.1581420898,
        "dvar2": 151.937301636,
        "max": 108.235099792,
        "mean": 26.2002277374,
        "median": 22.7155952454,
        "min": 7.11905145645,
        "stdev": 15.472864151,
        "var": 239.40953064
    },
    "hfc": {
        "dmean": 2.65834856033,
        "dmean2": 3.20034956932,
        "dvar": 11.1241168976,
        "dvar2": 14.0935668945,
        "max": 79.1931533813,
        "mean": 17.2358627319,
        "median": 9.55691146851,
        "min": 8.37962943478e-09,
        "stdev": 17.4540176392,
        "var": 304.64276123
    },
    "loudness_ebu128": {
        "integrated": -23.5978946686,
        "loudness_range": 4.95879745483,
        "momentary": {
            "dmean": 1.45000720024,
            "dmean2": 1.25223386288,
            "dvar": 15.3869132996,
            "dvar2": 14.1697092056,
            "max": -18.8270397186,
            "mean": -26.7310028076,
            "median": -26.2367591858,
            "min": -72.2757949829,
            "stdev": 8.85867404938,
            "var": 78.4761123657
        },
        "short_term": {
            "dmean": 0.190986916423,
            "dmean2": 0.0771838128567,
            "dvar": 0.0152444001287,
            "dvar2": 0.00701129669324,
            "max": -21.9630126953,
            "mean": -24.7695846558,
            "median": -25.3388748169,
            "min": -27.1599254608,
            "stdev": 2.02275681496,
            "var": 4.09154510498
        }
    },
    "melbands_crest": {
        "dmean": 2.61938667297,
        "dmean2": 3.41499519348,
        "dvar": 9.59588336945,
        "dvar2": 24.095954895,
        "max": 35.4657745361,
        "mean": 19.0345993042,
        "median": 18.5356674194,
        "min": 8.70802688599,
        "stdev": 4.6525182724,
        "var": 21.6459274292
    },
    "melbands_flatness_db": {
        "dmean": 0.0175514928997,
        "dmean2": 0.0245938953012,
        "dvar": 0.000472924439237,
        "dvar2": 0.000879664439708,
        "max": 0.411149591208,
        "mean": 0.303544104099,
        "median": 0.303252846003,
        "min": 0.0760660618544,
        "stdev": 0.0357620790601,
        "var": 0.00127892626915
    },
    "melbands_kurtosis": {
        "dmean": 9.66975688934,
        "dmean2": 14.7668876648,
        "dvar": 1265.65112305,
        "dvar2": 3461.26513672,
        "max": 441.789794922,
        "mean": 11.5194616318,
        "median": 0.891847014427,
        "min": -1.30509722233,
        "stdev": 42.4609451294,
        "var": 1802.9317627
    },
    "melbands_skewness": {
        "dmean": 0.72368735075,
        "dmean2": 0.980957508087,
        "dvar": 1.76457107067,
        "dvar2": 3.93026947975,
        "max": 17.4066371918,
        "mean": 1.99126267433,
        "median": 1.3766926527,
        "min": -0.516160368919,
        "stdev": 2.25697875023,
        "var": 5.09395265579
    },
    "melbands_spread": {
        "dmean": 4.83872365952,
        "dmean2": 6.38210201263,
        "dvar": 109.907806396,
        "dvar2": 152.678390503,
        "max": 155.072982788,
        "mean": 26.3800468445,
        "median": 26.8615455627,
        "min": 0.970167338848,
        "stdev": 12.7233095169,
        "var": 161.882598877
    },
    "pitch_salience": {
        "dmean": 0.0482194982469,
        "dmean2": 0.0744516924024,
        "dvar": 0.00441401125863,
        "dvar2": 0.010159839876,
        "max": 0.889748573303,
        "mean": 0.532574534416,
        "median": 0.554789662361,
        "min": 0.142337560654,
        "stdev": 0.0961838066578,
        "var": 0.00925132445991
    },
    "silence_rate_20dB": {
        "dmean": 0,
        "dmean2": 0,
        "dvar": 0,
        "dvar2": 0,
        "max": 1,
        "mean": 1,
        "median": 1,
        "min": 1,
        "stdev": 0,
        "var": 0
    },
    "silence_rate_30dB": {
        "dmean": 0,
        "dmean2": 0,
        "dvar": 0,
        "dvar2": 0,
        "max": 1,
        "mean": 1,
        "median": 1,
        "min": 1,
        "stdev": 0,
        "var": 0
    },
    "silence_rate_60dB": {
        "dmean": 0.0879120901227,
        "dmean2": 0.176470592618,
        "dvar": 0.0801835656166,
        "dvar2": 0.160034775734,
        "max": 1,
        "mean": 0.23722627759,
        "median": 0,
        "min": 0,
        "stdev": 0.425382018089,
        "var": 0.180949851871
    },
    "spectral_centroid": {
        "dmean": 159.202194214,
        "dmean2": 207.018707275,
        "dvar": 66714.9296875,
        "dvar2": 70401.796875,
        "max": 4731.03320312,
        "mean": 2361.03125,
        "median": 2511.15673828,
        "min": 383.588195801,
        "stdev": 554.073425293,
        "var": 306997.34375
    },
    "spectral_complexity": {
        "dmean": 0.212454214692,
        "dmean2": 0.382352948189,
        "dvar": 0.203947082162,
        "dvar2": 0.412630081177,
        "max": 6,
        "mean": 4.04744529724,
        "median": 5,
        "min": 0,
        "stdev": 1.63714027405,
        "var": 2.68022823334
    },
    "spectral_decrease": {
        "dmean": 2.52482174057e-10,
        "dmean2": 2.57364601852e-10,
        "dvar": 7.8815584684e-20,
        "dvar2": 8.54929355553e-20,
        "max": -2.7450292358e-20,
        "mean": -1.72846914559e-09,
        "median": -1.12839249056e-09,
        "min": -7.21624937583e-09,
        "stdev": 1.58903479264e-09,
        "var": 2.52503147875e-18
    },
    "spectral_energy": {
        "dmean": 0.00113766163122,
        "dmean2": 0.00122142198961,
        "dvar": 1.7108012571e-06,
        "dvar2": 1.95012080439e-06,
        "max": 0.0340105257928,
        "mean": 0.00808697100729,
        "median": 0.00512627605349,
        "min": 8.63661247553e-13,
        "stdev": 0.00754389259964,
        "var": 5.69103140151e-05
    },
    "spectral_energyband_high": {
        "dmean": 0.000157613365445,
        "dmean2": 0.000213752093259,
        "dvar": 6.79949963001e-08,
        "dvar2": 1.21233526329e-07,
        "max": 0.00402532098815,
        "mean": 0.000574187666643,
        "median": 0.000241875444772,
        "min": 6.07685288808e-13,
        "stdev": 0.000743669341318,
        "var": 5.53044060325e-07
    },
    "spectral_energyband_low": {
        "dmean": 6.66483572331e-07,
        "dmean2": 1.13387272904e-06,
        "dvar": 4.7679769204e-13,
        "dvar2": 1.33210846867e-12,
        "max": 4.70182703793e-06,
        "mean": 9.50158266733e-07,
        "median": 7.04078502167e-07,
        "min": 1.11026476641e-13,
        "stdev": 8.03041189101e-07,
        "var": 6.44875158048e-13
    },
    "spectral_energyband_middle_high": {
        "dmean": 0.00111330475193,
        "dmean2": 0.0011620944133,
        "dvar": 1.54035535616e-06,
        "dvar2": 1.73031662598e-06,
        "max": 0.0311415418983,
        "mean": 0.00750786112621,
        "median": 0.00488804606721,
        "min": 4.77944201956e-14,
        "stdev": 0.00689363153651,
        "var": 4.75221531815e-05
    },
    "spectral_energyband_middle_low": {
        "dmean": 1.36682365337e-06,
        "dmean2": 2.24308655561e-06,
        "dvar": 2.65767442775e-12,
        "dvar2": 6.15950563124e-12,
        "max": 1.80084662134e-05,
        "mean": 3.06977221953e-06,
        "median": 2.53124380833e-06,
        "min": 2.88717244828e-14,
        "stdev": 2.57518945546e-06,
        "var": 6.63160108424e-12
    },
    "spectral_entropy": {
        "dmean": 0.166123092175,
        "dmean2": 0.232292637229,
        "dvar": 0.0278036259115,
        "dvar2": 0.0448160693049,
        "max": 9.18313121796,
        "mean": 5.67640161514,
        "median": 5.40151691437,
        "min": 4.81634378433,
        "stdev": 0.898511230946,
        "var": 0.807322382927
    },
    "spectral_flux": {
        "dmean": 0.00778270652518,
        "dmean2": 0.0125877596438,
        "dvar": 5.79855550313e-05,
        "dvar2": 0.000147812141222,
        "max": 0.0631177648902,
        "mean": 0.0187619440258,
        "median": 0.0168617814779,
        "min": 0.000197646935703,
        "stdev": 0.0125836860389,
        "var": 0.000158349153935
    },
    "spectral_kurtosis": {
        "dmean": 2.69939136505,
        "dmean2": 5.01168441772,
        "dvar": 6.7396736145,
        "dvar2": 21.5733184814,
        "max": 22.0491256714,
        "mean": 6.7873878479,
        "median": 6.33389377594,
        "min": 1.96321773529,
        "stdev": 2.98821902275,
        "var": 8.92945289612
    },
    "spectral_rms": {
        "dmean": 0.000199594171136,
        "dmean2": 0.000213557315874,
        "dvar": 3.55752476366e-08,
        "dvar2": 3.59052485521e-08,
        "max": 0.00576029531658,
        "mean": 0.00244734110311,
        "median": 0.00223634624854,
        "min": 2.90275110615e-08,
        "stdev": 0.00137849571183,
        "var": 1.90025048141e-06
    },
    "spectral_rolloff": {
        "dmean": 250.510498047,
        "dmean2": 424.805145264,
        "dvar": 1290850.5,
        "dvar2": 1446207.125,
        "max": 17958.6914062,
        "mean": 2736.76171875,
        "median": 2820.84960938,
        "min": 21.533203125,
        "stdev": 1338.9934082,
        "var": 1792903.5
    },
    "spectral_skewness": {
        "dmean": 0.30462628603,
        "dmean2": 0.562292516232,
        "dvar": 0.0868378579617,
        "dvar2": 0.274396538734,
        "max": 3.68814969063,
        "mean": 1.75992202759,
        "median": 1.67942988873,
        "min": 1.17714762688,
        "stdev": 0.31881570816,
        "var": 0.101643458009
    },
    "spectral_spread": {
        "dmean": 365442.0625,
        "dmean2": 555709.8125,
        "dvar": 217682182144,
        "dvar2": 280955846656,
        "max": 16158129,
        "mean": 3915312.25,
        "median": 3438100.25,
        "min": 2289453.25,
        "stdev": 1617806,
        "var": 2.61729628979e+12
    },
    "spectral_strongpeak": {
        "dmean": 0.831528663635,
        "dmean2": 1.29173779488,
        "dvar": 2.88551855087,
        "dvar2": 5.40664958954,
        "max": 13.5099477768,
        "mean": 2.85201787949,
        "median": 1.98907899857,
        "min": 0,
        "stdev": 2.774310112,
        "var": 7.69679689407
    },
    "zerocrossingrate": {
        "dmean": 0.0146055119112,
        "dmean2": 0.0166572127491,
        "dvar": 0.000737402995583,
        "dvar2": 0.000708693522029,
        "max": 0.501953125,
        "mean": 0.100701771677,
        "median": 0.09521484375,
        "min": 0.00537109375,
        "stdev": 0.0431991443038,
        "var": 0.00186616601422
    },
    "barkbands": {
        "dmean": [1.55572786298e-06, 1.65405836583e-07, 2.31545094209e-08, 2.32268626554e-09, 5.02355817389e-07, 3.22779868611e-07, 9.37588197303e-07, 2.86310239517e-07, 6.11764718883e-08, 7.39305469324e-05, 0.000760887807701, 2.01073660833e-07, 4.67182587727e-07, 2.87937893972e-07, 0.000187715486391, 5.39167444913e-07, 7.25734480511e-07, 0.000639168836642, 3.15057263833e-07, 0.000127791572595, 9.59038879955e-05, 9.32102648221e-06, 7.38366361475e-05, 1.02365665953e-05, 1.77060803708e-06, 6.69170503897e-07, 1.46052016703e-07],
        "dmean2": [2.85825262836e-06, 2.90528362257e-07, 4.11811065248e-08, 4.17324219626e-09, 8.18111345779e-07, 5.45978707578e-07, 1.55507200361e-06, 4.7955353466e-07, 1.00921994317e-07, 8.44541355036e-05, 0.000638570927549, 3.44184940104e-07, 8.17197530978e-07, 4.82667246615e-07, 0.000216607324546, 9.32189607283e-07, 1.30007401822e-06, 0.000757116940804, 5.42112047697e-07, 0.000146680467878, 0.000145570171298, 1.30802927742e-05, 8.84071778273e-05, 1.42501012306e-05, 2.44898001256e-06, 8.54601012179e-07, 1.71468158783e-07],
        "dvar": [3.32443317666e-12, 2.75220011982e-14, 3.74334008471e-16, 1.35929192126e-17, 4.16844727139e-13, 1.25323186616e-13, 1.70539157882e-12, 1.29729289377e-13, 4.1462029834e-15, 8.41261904583e-09, 6.90290846705e-07, 1.06275245223e-13, 4.35279416677e-13, 7.96818597974e-14, 4.88874860594e-08, 1.11249518712e-12, 9.98078464494e-13, 7.57382224492e-07, 3.71185477103e-13, 2.42438389364e-08, 3.47301778447e-08, 2.31104232973e-10, 1.27549721896e-08, 1.93052587805e-10, 8.84128274065e-12, 7.91656996034e-13, 4.4979834744e-14],
        "dvar2": [1.04571507703e-11, 7.80231321175e-14, 1.14199533636e-15, 3.8805974063e-17, 1.08334142438e-12, 3.56873574745e-13, 3.98313933919e-12, 3.19777868464e-13, 1.01155334245e-14, 1.18076286526e-08, 5.50314496195e-07, 2.54112621787e-13, 1.15044443156e-12, 2.08517746255e-13, 6.12880270978e-08, 3.12532291713e-12, 3.04353395784e-12, 9.1079334652e-07, 9.40179683238e-13, 3.31647811436e-08, 7.04723959188e-08, 4.34433211627e-10, 1.9910816107e-08, 4.27889529364e-10, 1.5254648239e-11, 1.37546549671e-12, 6.2490119958e-14],
        "max": [1.09971097118e-05, 1.10446376311e-06, 1.64097230027e-07, 3.48380453374e-08, 4.44007264377e-06, 2.82391238215e-06, 1.31082388179e-05, 2.94799679068e-06, 4.93717948302e-07, 0.00106537423562, 0.0187151804566, 4.12821646023e-06, 5.81899257668e-06, 2.01984130399e-06, 0.00255358801223, 1.10369328468e-05, 9.35798198043e-06, 0.0144031411037, 7.22440154277e-06, 0.0031016995199, 0.00255315355025, 0.000138281320687, 0.0017507384764, 0.000202861410799, 3.95064198528e-05, 1.72589116119e-05, 3.84111672247e-06],
        "mean": [1.60010483796e-06, 2.20523645567e-07, 5.38463424959e-08, 2.43141484724e-09, 6.60428838728e-07, 5.22579739481e-07, 1.30120236008e-06, 4.27457337082e-07, 1.19599476989e-07, 0.00015089783119, 0.00376821076497, 3.16152039659e-07, 7.78884611918e-07, 5.83561245548e-07, 0.000569648982491, 6.97007067174e-07, 1.21744801618e-06, 0.0024833753705, 5.00400346937e-07, 0.000531943514943, 0.000233312544879, 2.00209924515e-05, 0.000270196644124, 3.99772325181e-05, 6.30074646324e-06, 3.46712158716e-06, 6.22191976163e-07],
        "median": [1.0091994227e-06, 1.74029779032e-07, 5.03928809792e-08, 1.70075642458e-09, 4.32463195921e-07, 4.0228871967e-07, 8.54301845266e-07, 3.11698698852e-07, 9.96360398631e-08, 0.000102756588603, 0.00269556883723, 2.27521837814e-07, 6.25544714694e-07, 5.29313524567e-07, 0.000447639235063, 4.51635287391e-07, 9.70066821537e-07, 0.00121690635569, 3.32159004302e-07, 0.000315809476888, 7.24345009075e-05, 6.1608075157e-06, 0.000122021549032, 2.03758645512e-05, 2.27925852414e-06, 1.4284748886e-06, 2.68216183485e-07],
        "min": [4.94790027093e-14, 5.86508855263e-14, 2.18186776426e-14, 9.93554061723e-15, 7.06496374668e-15, 7.32671640914e-15, 1.57740552899e-15, 1.00984538521e-15, 1.27951462935e-15, 1.8684007334e-15, 4.42390061758e-15, 3.39138418378e-15, 1.97953632652e-15, 2.04630475738e-15, 7.77024911834e-15, 2.83535427599e-15, 4.8944485956e-15, 3.18611337231e-15, 1.11483511902e-14, 7.91890170652e-15, 1.86418941265e-14, 5.91490560958e-14, 6.35409490323e-14, 6.12863573909e-14, 9.50002541369e-14, 1.78168731938e-13, 1.36170344748e-13],
        "stdev": [1.83095403372e-06, 1.70207783867e-07, 2.03872776439e-08, 3.06556091623e-09, 7.63102434576e-07, 4.43218425517e-07, 1.67113546468e-06, 4.38428827465e-07, 9.38159701036e-08, 0.000164630517247, 0.00345126003958, 3.81563040719e-07, 7.76710578521e-07, 4.09967327641e-07, 0.000521562877111, 1.01950047338e-06, 1.08402412025e-06, 0.00288778427057, 7.06403341155e-07, 0.000568887160625, 0.00038091573515, 3.02346252283e-05, 0.000336685334332, 4.48523933301e-05, 8.32845125842e-06, 4.02922478315e-06, 7.84398878295e-07],
        "var": [3.35239279912e-12, 2.89706884242e-14, 4.15641078921e-16, 9.39766428648e-18, 5.82325312103e-13, 1.96442580085e-13, 2.79269359374e-12, 1.92219829463e-13, 8.80143634569e-15, 2.710320679e-08, 1.19111964523e-05, 1.45590354009e-13, 6.03279308019e-13, 1.68073210514e-13, 2.72027818937e-07, 1.03938114625e-12, 1.17510818784e-12, 8.33929789223e-06, 4.9900567619e-13, 3.23632605159e-07, 1.45096805682e-07, 9.14132547436e-10, 1.13357017995e-07, 2.01173722125e-09, 6.93631055371e-11, 1.62346507765e-11, 6.15281642909e-13]
    },
    "erbbands": {
        "dmean": [1.50162359205e-05, 1.1219793123e-05, 2.86092872557e-05, 1.12099778562e-05, 3.71202513634e-05, 0.00151788396761, 0.00458279484883, 0.00268454942852, 0.0160513874143, 0.00447447923943, 0.00455304468051, 0.018665868789, 0.850784540176, 30.0690002441, 6.4058008194, 0.183809995651, 0.0234989766032, 0.064765393734, 3.64525485039, 6.83016061783, 0.220408603549, 2.66146421432, 46.0544624329, 3.14446878433, 5.75622701645, 2.33559393883, 4.41185808182, 1.44283759594, 0.534860253334, 2.86104559898, 0.77344083786, 0.192071452737, 0.160005509853, 0.0635901913047, 0.0168641842902, 0.00406129937619, 0.000874541699886, 0.000256780767813, 2.01882357942e-05, 2.05867354452e-06],
        "dmean2": [2.60849355982e-05, 1.98221696337e-05, 5.08383054694e-05, 1.98086854653e-05, 6.38716592221e-05, 0.00251484569162, 0.00786961521953, 0.00437571993098, 0.0265845656395, 0.00713785551488, 0.00770816206932, 0.0165666826069, 0.756277918816, 25.9132175446, 5.38468551636, 0.155068770051, 0.0338595099747, 0.0761235952377, 4.08496856689, 8.19156837463, 0.290318399668, 3.31973814964, 54.2540931702, 3.61936306953, 6.39416885376, 2.78225541115, 6.80281829834, 2.12825870514, 0.770758867264, 3.39966225624, 0.952264547348, 0.278215438128, 0.226083219051, 0.0936029404402, 0.0236624013633, 0.00494443252683, 0.00103984598536, 0.000300958548905, 2.35988427448e-05, 2.36739992943e-06],
        "dvar": [2.34245761677e-10, 1.13752507414e-10, 5.85219928073e-10, 1.75368969346e-10, 1.8403663038e-09, 3.46949627783e-06, 4.2234420107e-05, 8.44361875352e-06, 0.000506863230839, 2.93518151011e-05, 3.18129532388e-05, 0.000410482229199, 0.841810762882, 1064.01025391, 48.3287620544, 0.0401435680687, 0.000788108620327, 0.00509348651394, 16.9972515106, 71.2306900024, 0.0700704082847, 10.9958791733, 4000.33691406, 21.1214923859, 50.4224815369, 7.5416226387, 66.9899597168, 8.64504718781, 0.666971325874, 19.1487407684, 1.2430229187, 0.0510112866759, 0.0467987395823, 0.00926611851901, 0.00112766923849, 3.43365354638e-05, 1.65233848293e-06, 1.239577756e-07, 6.7470301568e-10, 5.12708799028e-12],
        "dvar2": [6.47788878094e-10, 3.35855371292e-10, 1.76519732165e-09, 5.02057506679e-10, 4.52212534086e-09, 8.37158313516e-06, 0.000118495139759, 2.14650663111e-05, 0.00116391468327, 7.11657776264e-05, 7.49941609683e-05, 0.000351706170477, 0.733423709869, 881.503295898, 37.7687568665, 0.0307794567198, 0.00168864405714, 0.00640144990757, 19.9976215363, 93.9098205566, 0.110810481012, 16.8405780792, 4741.78759766, 24.1622714996, 63.1846199036, 12.10663414, 143.507202148, 16.6380596161, 1.34417867661, 30.0627098083, 2.03144478798, 0.119005978107, 0.100058913231, 0.0211782380939, 0.00194192945492, 5.18211636518e-05, 2.38406437347e-06, 1.44472920738e-07, 1.04446817861e-09, 6.89985828889e-12],
        "max": [0.000102470628917, 7.37319423934e-05, 0.000209688121686, 0.000127190840431, 0.000406952603953, 0.0133494948968, 0.0572245307267, 0.0328831449151, 0.233319729567, 0.055137090385, 0.0601409338415, 0.417009919882, 18.3044910431, 689.159606934, 169.960250854, 4.86810493469, 0.450848817825, 0.893183588982, 49.1960945129, 92.8784179688, 3.42837691307, 61.0024414062, 1037.26733398, 69.596786499, 129.406341553, 63.9188041687, 114.227149963, 40.0514144897, 8.39280986786, 70.0612945557, 16.4705944061, 2.64266037941, 3.00800919533, 1.3184876442, 0.451964139938, 0.105668395758, 0.0270962882787, 0.00611624401063, 0.000485990167363, 6.43743551336e-05],
        "mean": [1.83701831702e-05, 2.19865924009e-05, 7.01207682141e-05, 2.11155602301e-05, 6.15709432168e-05, 0.00204756553285, 0.00643681688234, 0.004955093842, 0.02254293859, 0.0082491170615, 0.0115912752226, 0.079913020134, 3.38324952126, 132.380706787, 35.9786529541, 1.03642940521, 0.104776464403, 0.216139614582, 10.5098552704, 21.4806308746, 0.914507448673, 12.1429357529, 176.980484009, 11.0373058319, 22.5633983612, 10.8511552811, 11.2547559738, 3.48216581345, 1.49577689171, 10.6015892029, 2.70256757736, 0.641060292721, 0.635651111603, 0.258008092642, 0.0482749044895, 0.017683185637, 0.00464505935088, 0.00109405303374, 8.87789865374e-05, 1.56589412654e-05],
        "median": [1.33585826916e-05, 1.98698726308e-05, 6.77544812788e-05, 1.82611929631e-05, 5.03112096339e-05, 0.00122142059263, 0.00465338677168, 0.00398128526285, 0.0147302467376, 0.00636945664883, 0.0100196804851, 0.0606843754649, 2.58520746231, 98.1182785034, 24.954460144, 0.722491979599, 0.0854052975774, 0.184307098389, 8.8092508316, 17.2814884186, 0.703367948532, 6.4362411499, 86.3062133789, 5.13749456406, 14.0652236938, 6.16054868698, 3.73388457298, 0.972794532776, 0.526623249054, 4.45314836502, 1.54671168327, 0.531235635281, 0.32911491394, 0.111212089658, 0.0185009036213, 0.00719178747386, 0.00189177202992, 0.00054855493363, 4.56869820482e-05, 9.53341623244e-06],
        "min": [2.39690298859e-12, 1.0818890922e-11, 2.49528349372e-11, 3.22514237538e-11, 2.5570092918e-11, 2.16291620031e-11, 4.29586019535e-11, 6.2032788628e-11, 3.58269802714e-11, 1.37743098177e-11, 2.46529342079e-11, 2.63962306873e-11, 5.85161225031e-11, 7.83211967503e-11, 2.26225316258e-10, 1.04413401536e-10, 8.4583326454e-11, 1.03665707962e-10, 2.33832953001e-10, 3.98216931652e-10, 1.72510936092e-10, 2.57789761759e-10, 1.75594788709e-10, 4.90190166236e-10, 4.99145169641e-10, 3.39337363764e-10, 2.58035176559e-10, 1.50882673022e-09, 2.20134888096e-09, 1.594487542e-09, 1.96201188629e-09, 1.56907609128e-09, 8.16708367601e-10, 7.22431447997e-10, 7.2781475291e-10, 6.92179480399e-10, 3.36731476036e-10, 7.42254382957e-11, 1.74804129505e-11, 2.42589043471e-12],
        "stdev": [1.62722208188e-05, 1.13939277071e-05, 2.55065497186e-05, 1.21216999105e-05, 5.31539262738e-05, 0.00232180696912, 0.00695607857779, 0.00424676109105, 0.0291250590235, 0.00780321797356, 0.00865705404431, 0.0711864903569, 3.08709168434, 120.807136536, 32.9733505249, 0.941759347916, 0.0789891257882, 0.172384142876, 9.52990436554, 19.8918190002, 0.764405250549, 12.9435863495, 207.452774048, 13.5549983978, 24.1600227356, 11.6240940094, 17.4631958008, 5.87896728516, 1.99932742119, 13.689576149, 3.11491417885, 0.550719320774, 0.712135136127, 0.316072523594, 0.07012488693, 0.0213266164064, 0.00621658749878, 0.00135691778269, 0.000101265170088, 1.48960698425e-05],
        "var": [2.64785193771e-10, 1.29821584038e-10, 6.50584086603e-10, 1.46935616452e-10, 2.82533996199e-09, 5.39078791917e-06, 4.83870317112e-05, 1.80349779839e-05, 0.000848269031849, 6.08902082604e-05, 7.49445825932e-05, 0.00506751658395, 9.53013515472, 14594.3642578, 1087.24182129, 0.886910676956, 0.00623928196728, 0.0297162923962, 90.8190841675, 395.684448242, 0.584315419197, 167.536422729, 43036.65625, 183.737976074, 583.706665039, 135.119567871, 304.963195801, 34.5622558594, 3.99730992317, 187.404495239, 9.70269107819, 0.303291797638, 0.507136464119, 0.0999018475413, 0.00491749960929, 0.000454824563349, 3.86459578294e-05, 1.84122598057e-06, 1.02546344749e-08, 2.21892906827e-10]
    },
    "gfcc": {
        "mean": [-199.822952271, -55.01379776, -204.43057251, 14.7885036469, -64.3050003052, 19.2699604034, -10.6201915741, 28.23554039, -24.8059673309, -22.4953346252, -6.06540489197, 29.9069232941, 22.4913578033],
        "cov": [[27084.8085938, -6595.09863281, -8918.02832031, -483.394104004, -1991.50292969, 103.740180969, 337.222717285, 919.629211426, -879.756591797, -1562.65270996, -54.8567466736, 991.787658691, 1289.58691406], [-6595.09863281, 2090.14648438, 2244.44238281, 75.3000259399, 499.294067383, -35.6389846802, -143.723922729, -254.519515991, 232.671844482, 415.48739624, 46.36693573, -258.846893311, -299.003479004], [-8918.02832031, 2244.44238281, 3235.59472656, 177.088851929, 641.168212891, -64.0783996582, -139.623199463, -316.422241211, 270.746734619, 565.699279785, 24.1984634399, -319.877990723, -458.899749756], [-483.394104004, 75.3000259399, 177.088851929, 75.2676239014, 55.3333854675, -10.0479631424, 13.8242712021, -18.7642421722, 14.1790122986, 15.7066020966, -3.86929178238, -2.70383691788, -31.7532844543], [-1991.50292969, 499.294067383, 641.168212891, 55.3333854675, 202.375137329, 12.3539085388, -14.6967630386, -60.0787849426, 75.5952606201, 112.841255188, -7.72310686111, -75.7499008179, -98.8425445557], [103.740180969, -35.6389846802, -64.0783996582, -10.0479631424, 12.3539085388, 56.4827766418, 24.61677742, 22.3910865784, 8.07873630524, -5.93450546265, -6.97695350647, -16.8346195221, 16.2083339691], [337.222717285, -143.723922729, -139.623199463, 13.8242712021, -14.6967630386, 24.61677742, 84.2254867554, 45.4261817932, -17.6219024658, -31.2255001068, -12.1577072144, 21.1023330688, 24.2409706116], [919.629211426, -254.519515991, -316.422241211, -18.7642421722, -60.0787849426, 22.3910865784, 45.4261817932, 74.2144546509, -21.8503379822, -45.9479484558, 3.45308566093, 37.4197502136, 41.9330787659], [-879.756591797, 232.671844482, 270.746734619, 14.1790122986, 75.5952606201, 8.07873630524, -17.6219024658, -21.8503379822, 71.2250366211, 70.535949707, 16.5396976471, -33.7838973999, -43.6540908813], [-1562.65270996, 415.48739624, 565.699279785, 15.7066020966, 112.841255188, -5.93450546265, -31.2255001068, -45.9479484558, 70.535949707, 141.38369751, 13.5865373611, -62.4897041321, -82.813911438], [-54.8567466736, 46.36693573, 24.1984634399, -3.86929178238, -7.72310686111, -6.97695350647, -12.1577072144, 3.45308566093, 16.5396976471, 13.5865373611, 31.4558429718, 3.56603646278, -3.3609418869], [991.787658691, -258.846893311, -319.877990723, -2.70383691788, -75.7499008179, -16.8346195221, 21.1023330688, 37.4197502136, -33.7838973999, -62.4897041321, 3.56603646278, 68.1195907593, 46.7573242188], [1289.58691406, -299.003479004, -458.899749756, -31.7532844543, -98.8425445557, 16.2083339691, 24.2409706116, 41.9330787659, -43.6540908813, -82.813911438, -3.3609418869, 46.7573242188, 95.9335632324]],
        "icov": [[0.000845325295813, 9.51788751991e-05, 0.0015795348445, -0.00123835157137, 0.00213973969221, -0.00158620579168, 0.00208792649209, -0.0017124711303, 0.00211475463584, -0.00125640665647, 0.000806260854006, -0.0023074769415, -0.000196607972612], [9.51788751991e-05, 0.00330672715791, -0.00112956226803, 0.00290297437459, -0.00434014201164, 0.0020604908932, -0.000534847669769, 0.00279650394805, -2.87219118036e-05, -0.000344876432791, -0.00500048045069, 0.002217175439, -0.00288922688924], [0.0015795348445, -0.00112956226803, 0.00658435514197, -0.00411377614364, 0.00249436171725, -0.00332932034507, 0.00188658479601, 0.00115189852659, 0.00781523808837, -0.00897152815014, 5.86704554735e-05, -0.00368875055574, 0.00514514511451], [-0.00123835157137, 0.00290297437459, -0.00411377614364, 0.0291842427105, -0.0141757195815, 0.00644337199628, -0.0123733393848, 0.0129923215136, -0.00545285502449, 0.00759250484407, -0.00753570348024, -0.00415999488905, 0.00326567655429], [0.00213973969221, -0.00434014201164, 0.00249436171725, -0.0141757195815, 0.0358009785414, -0.0140951862559, 0.00695297913626, -0.00902128778398, -0.00764301093295, 0.00057360943174, 0.0211658254266, -0.0069050709717, 0.00752765964717], [-0.00158620579168, 0.0020604908932, -0.00332932034507, 0.00644337199628, -0.0140951862559, 0.0509587340057, -0.0104969935492, -0.0134038645774, -0.0152012156323, 0.00871015246958, 0.00119553727563, 0.0352941937745, -0.0172279309481], [0.00208792649209, -0.000534847669769, 0.00188658479601, -0.0123733393848, 0.00695297913626, -0.0104969935492, 0.0326739959419, -0.0251421052963, 0.00639580795541, -0.000218632936594, 0.0134201450273, -0.00923184305429, -0.00544274272397], [-0.0017124711303, 0.00279650394805, 0.00115189852659, 0.0129923215136, -0.00902128778398, -0.0134038645774, -0.0251421052963, 0.0590872168541, 0.00314231379889, -0.0100761754438, -0.022392468527, -0.0117813125253, 0.0127312801778], [0.00211475463584, -2.87219118036e-05, 0.00781523808837, -0.00545285502449, -0.00764301093295, -0.0152012156323, 0.00639580795541, 0.00314231379889, 0.0515094995499, -0.0240246988833, -0.021146165207, -0.00941251404583, 0.00531300157309], [-0.00125640665647, -0.000344876432791, -0.00897152815014, 0.00759250484407, 0.00057360943174, 0.00871015246958, -0.000218632936594, -0.0100761754438, -0.0240246988833, 0.0415069498122, 0.00267791305669, 0.0102717550471, -0.00102338194847], [0.000806260854006, -0.00500048045069, 5.86704554735e-05, -0.00753570348024, 0.0211658254266, 0.00119553727563, 0.0134201450273, -0.022392468527, -0.021146165207, 0.00267791305669, 0.0636010318995, -0.00935318041593, -0.00115860218648], [-0.0023074769415, 0.002217175439, -0.00368875055574, -0.00415999488905, -0.0069050709717, 0.0352941937745, -0.00923184305429, -0.0117813125253, -0.00941251404583, 0.0102717550471, -0.00935318041593, 0.0642799139023, -0.0137618910521], [-0.000196607972612, -0.00288922688924, 0.00514514511451, 0.00326567655429, 0.00752765964717, -0.0172279309481, -0.00544274272397, 0.0127312801778, 0.00531300157309, -0.00102338194847, -0.00115860218648, -0.0137618910521, 0.0444326214492]]
    },
    "melbands": {
        "dmean": [1.49244471004e-07, 1.27760051427e-08, 1.89593851729e-09, 4.28603286196e-08, 1.53573012085e-07, 7.39781640391e-08, 2.1920672566e-07, 5.13210487441e-08, 3.11282946086e-08, 7.7498745199e-09, 2.75367160185e-08, 0.000110732100438, 4.81792267237e-05, 1.02708872518e-08, 5.36083497593e-08, 4.5841677121e-08, 3.14712984562e-08, 1.86835291061e-06, 2.09526206163e-05, 5.67091149151e-07, 7.41951993177e-08, 3.80824651813e-08, 2.62037974608e-05, 3.0854196666e-05, 1.35834463677e-08, 1.18114348879e-06, 8.0658146544e-06, 7.16337780204e-08, 1.49717709519e-06, 4.09134963775e-06, 5.52961143541e-09, 4.41045955313e-07, 2.72492517439e-08, 2.66484084932e-06, 4.23342072509e-07, 3.52266880554e-07, 1.26825639768e-07, 1.01577903422e-07, 1.77662471401e-07, 3.9965094345e-08],
        "dmean2": [2.55074013467e-07, 2.24995293507e-08, 3.37318661892e-09, 7.16760766295e-08, 2.58262673469e-07, 1.17231110153e-07, 3.66079405012e-07, 8.1511444705e-08, 5.29412602646e-08, 1.27904788982e-08, 4.44041710068e-08, 9.56715957727e-05, 4.04487509513e-05, 1.67215201685e-08, 8.96252529969e-08, 8.09461866424e-08, 5.31304209517e-08, 2.0254149149e-06, 2.42055521085e-05, 7.51123309328e-07, 1.29949313532e-07, 6.83122678424e-08, 3.19858881994e-05, 3.54442381649e-05, 2.2668395161e-08, 1.17426702673e-06, 9.42889255384e-06, 8.73707293181e-08, 2.37083668253e-06, 6.11309224041e-06, 7.4917796411e-09, 6.14758448592e-07, 4.01174133913e-08, 3.1474367006e-06, 4.58050635643e-07, 5.454952543e-07, 1.76206853553e-07, 1.3923862241e-07, 2.7943011105e-07, 5.87131445684e-08],
        "dvar": [2.33811095349e-14, 1.26298925478e-16, 5.563328114e-18, 2.76104026388e-15, 4.39909915407e-14, 6.63219555568e-15, 9.48824826759e-14, 3.87104094236e-15, 1.41499363174e-15, 6.43754966081e-17, 4.79540079791e-15, 1.44098324384e-08, 2.75539835393e-09, 1.76784325831e-16, 7.70925427581e-15, 4.46131194528e-15, 1.06477187195e-15, 3.97563839488e-12, 6.16561079969e-10, 5.83199558524e-13, 2.01123772042e-14, 3.1979868684e-15, 1.11230114008e-09, 1.98792626804e-09, 4.63464082667e-16, 2.45176903953e-12, 9.61759213935e-11, 1.76677435567e-14, 6.82031341126e-12, 6.83223963516e-11, 8.15813827448e-17, 5.27949645807e-13, 1.71820051015e-15, 1.67000042267e-11, 5.08156993047e-13, 1.52589339818e-13, 3.31802219435e-14, 1.80875347794e-14, 6.80512232936e-14, 4.42710028454e-15],
        "dvar2": [6.46456697309e-14, 3.90720416701e-16, 1.59134180839e-17, 6.51495306677e-15, 1.21576726009e-13, 1.63442765995e-14, 2.23538310258e-13, 9.66192187021e-15, 3.6202865792e-15, 1.58232901388e-16, 1.0708340444e-14, 1.19731087267e-08, 2.15114637214e-09, 4.57937827961e-16, 1.95931714185e-14, 1.24467739243e-14, 2.85012208367e-15, 5.15403648579e-12, 7.7106665497e-10, 1.08132524202e-12, 5.9855820387e-14, 9.64494394182e-15, 1.49966727925e-09, 2.2693300572e-09, 1.22443779427e-15, 2.50654054804e-12, 1.38247885362e-10, 2.03107116629e-14, 1.56800510076e-11, 1.33096964006e-10, 1.65279130248e-16, 9.57247302258e-13, 4.08038471175e-15, 2.58862792313e-11, 5.9611826109e-13, 3.95227741593e-13, 6.23227191425e-14, 3.70823672062e-14, 1.63301216625e-13, 9.12364598476e-15],
        "max": [1.0502819805e-06, 9.61464081684e-08, 2.39528077373e-08, 3.99449021415e-07, 1.76891455794e-06, 1.01734940472e-06, 3.04875220536e-06, 5.11678649673e-07, 3.11176421519e-07, 6.00601879341e-08, 8.72327973411e-07, 0.00253488589078, 0.00125987443607, 1.41939011655e-07, 1.07820505946e-06, 6.30437284599e-07, 2.16478895254e-07, 2.25712883548e-05, 0.000285256159259, 8.07556625659e-06, 1.28820249756e-06, 5.05132049966e-07, 0.000603191729169, 0.000677138858009, 2.37846322193e-07, 1.98641118914e-05, 0.000203176241484, 1.35344873797e-06, 3.60154699592e-05, 0.000111979577923, 8.6965393109e-08, 6.65432662572e-06, 4.3329117716e-07, 6.49549110676e-05, 8.80481547938e-06, 3.2111965993e-06, 2.17544447878e-06, 1.92468405658e-06, 3.3253024867e-06, 8.48993295222e-07],
        "mean": [1.99056756855e-07, 3.05261522726e-08, 3.83877551968e-09, 5.7751531557e-08, 2.19037843863e-07, 1.28482568584e-07, 3.05970615955e-07, 8.33225186625e-08, 5.34727035983e-08, 1.5890435634e-08, 3.98152764092e-08, 0.00048653993872, 0.000264141504886, 2.05405346065e-08, 8.46156993362e-08, 6.64593642341e-08, 6.31874570445e-08, 4.33363402408e-06, 6.37853736407e-05, 1.32063303226e-06, 9.44710691897e-08, 6.51045439781e-08, 0.000113831127237, 0.000107590989501, 2.13028776841e-08, 2.85207170236e-06, 3.45054431818e-05, 1.07398498983e-07, 3.81652716896e-06, 9.74504473561e-06, 9.39512467824e-09, 9.36794435802e-07, 5.88011772606e-08, 9.69192115008e-06, 1.04042783278e-06, 7.76945853431e-07, 3.06719215359e-07, 3.37151305985e-07, 6.46400508231e-07, 1.10670889342e-07],
        "median": [1.52400147613e-07, 2.95276123552e-08, 3.40214501016e-09, 3.61683483163e-08, 1.50242257746e-07, 1.01388124563e-07, 2.00809381568e-07, 6.33040073694e-08, 4.2207766171e-08, 1.31008732751e-08, 2.4536639387e-08, 0.000360638048733, 0.000184478878509, 1.62362887579e-08, 6.31737293588e-08, 4.7343135634e-08, 5.48787788546e-08, 3.3084243114e-06, 5.00327587361e-05, 7.71871725647e-07, 6.6131988774e-08, 5.29453672016e-08, 5.8665038523e-05, 5.04761810589e-05, 1.54932067176e-08, 1.81249924935e-06, 2.00936556212e-05, 2.90562862659e-08, 1.38130553751e-06, 2.74968761005e-06, 5.76330183577e-09, 2.79021037386e-07, 2.56992365166e-08, 4.04017100664e-06, 4.35309345903e-07, 6.59013608129e-07, 1.58751035428e-07, 1.9214007807e-07, 3.00080330362e-07, 4.25695674267e-08],
        "min": [2.12282838199e-14, 1.3289474298e-14, 5.36397505189e-15, 1.56857288118e-15, 1.40036209049e-15, 1.38204743822e-15, 4.88432919886e-16, 1.5330491664e-16, 1.98225932569e-16, 1.76499219835e-16, 2.93980307339e-16, 2.79244713383e-16, 7.0432732446e-16, 5.18932564613e-16, 9.3186713504e-17, 2.3642473621e-16, 1.75645979724e-16, 3.03220880928e-16, 6.53092313184e-16, 2.98144188959e-16, 2.02851963306e-16, 2.80081846633e-16, 2.26151576519e-16, 1.29499624758e-16, 4.27311578278e-16, 4.2309091898e-16, 3.05754012366e-16, 2.07126223907e-16, 1.59681168909e-16, 1.49548987263e-16, 1.21740075042e-15, 1.51878227283e-15, 7.3880193599e-16, 9.15331437253e-16, 1.26613140291e-15, 1.05704544916e-15, 8.43639945026e-16, 6.39306269632e-16, 3.71147682281e-16, 7.36335852504e-16],
        "stdev": [1.74928786123e-07, 1.15581979543e-08, 2.10140527201e-09, 6.55981082787e-08, 2.34236779306e-07, 1.19014366362e-07, 3.91008313727e-07, 8.33355429108e-08, 4.55758240037e-08, 1.20303864648e-08, 7.28548670281e-08, 0.000443724944489, 0.000242175461608, 1.89422983965e-08, 9.64216511079e-08, 7.39864844945e-08, 4.50906973981e-08, 4.05184300689e-06, 5.86782007304e-05, 1.54279200615e-06, 1.33345679387e-07, 6.02903469371e-08, 0.000125459497212, 0.000132286702865, 2.49973020061e-08, 3.42981047652e-06, 3.69518638763e-05, 2.13859593146e-07, 5.67317238165e-06, 1.64835746546e-05, 1.21095942163e-08, 1.4357362943e-06, 7.60295080227e-08, 1.26232753246e-05, 1.54371502958e-06, 6.56025633816e-07, 3.70093857782e-07, 3.71365104002e-07, 7.92005721451e-07, 1.50370738083e-07],
