{
"lowlevel": {
    "average_loudness": 0.951493561268,
    "barkbands_crest": {
        "dmean": 1.88987255096,
        "dmean2": 3.20716357231,
        "dvar": 3.50601887703,
        "dvar2": 9.15348434448,
        "max": 20.5056991577,
        "mean": 8.65227794647,
        "median": 8.32543945312,
        "min": 4.23146772385,
        "stdev": 2.12276172638,
        "var": 4.5061173439
    },
    "barkbands_flatness_db": {
        "dmean": 0.0199645757675,
        "dmean2": 0.0306305326521,
        "dvar": 0.000245026429184,
        "dvar2": 0.00062810262898,
        "max": 0.257637172937,
        "mean": 0.151744812727,
        "median": 0.151212692261,
        "min": 0.0796587541699,
        "stdev": 0.0270841196179,
        "var": 0.000733549532015
    },
    "barkbands_kurtosis": {
        "dmean": 4.19354867935,
        "dmean2": 6.56077575684,
        "dvar": 19.5668449402,
        "dvar2": 46.7081451416,
        "max": 42.9344482422,
        "mean": 6.51205730438,
        "median": 4.62713050842,
        "min": -1.91618800163,
        "stdev": 6.82424116135,
        "var": 46.5702667236
    },
    "barkbands_skewness": {
        "dmean": 0.681445360184,
        "dmean2": 1.04945075512,
        "dvar": 0.299804896116,
        "dvar2": 0.723276019096,
        "max": 0.27030390501,
        "mean": -2.46364855766,
        "median": -2.39176154137,
        "min": -5.8060092926,
        "stdev": 1.04634535313,
        "var": 1.09483850002
    },
    "barkbands_spread": {
        "dmean": 9.0455532074,
        "dmean2": 14.0823574066,
        "dvar": 57.3820114136,
        "dvar2": 145.617675781,
        "max": 76.7629928589,
        "mean": 29.7744789124,
        "median": 26.9531135559,
        "min": 4.87780666351,
        "stdev": 15.0232505798,
        "var": 225.698043823
    },
    "dissonance": {
        "dmean": 0.0109420632944,
        "dmean2": 0.018736474216,
        "dvar": 0.000111225068395,
        "dvar2": 0.000302930595353,
        "max": 0.500000119209,
        "mean": 0.48482015729,
        "median": 0.488575458527,
        "min": 0.417964011431,
        "stdev": 0.013068662025,
        "var": 0.00017078993551
    },
    "dynamic_complexity": 1.21680176258,
    "erbbands_crest": {
        "dmean": 2.29315876961,
        "dmean2": 3.85712122917,
        "dvar": 5.07573843002,
        "dvar2": 13.6115570068,
        "max": 27.2654438019,
        "mean": 7.63746833801,
        "median": 6.85408353806,
        "min": 2.77780508995,
        "stdev": 3.12580275536,
        "var": 9.77064323425
    },
    "erbbands_flatness_db": {
        "dmean": 0.0116011463106,
        "dmean2": 0.0187914092094,
        "dvar": 9.47468724917e-05,
        "dvar2": 0.000249415432336,
        "max": 0.177775681019,
        "mean": 0.112502895296,
        "median": 0.111860997975,
        "min": 0.0608568266034,
        "stdev": 0.0158659480512,
        "var": 0.000251728284638
    },
    "erbbands_kurtosis": {
        "dmean": 1.02940750122,
        "dmean2": 1.62338137627,
        "dvar": 0.979530453682,
        "dvar2": 2.22597289085,
        "max": 6.61746692657,
        "mean": 0.225575014949,
        "median": -0.199105381966,
        "min": -1.78504443169,
        "stdev": 1.57270598412,
        "var": 2.47340416908
    },
    "erbbands_skewness": {
        "dmean": 0.414654433727,
        "dmean2": 0.630381584167,
        "dvar": 0.115090578794,
        "dvar2": 0.276395648718,
        "max": 1.16860151291,
        "mean": -0.949289977551,
        "median": -0.978712677956,
        "min": -2.52715611458,
        "stdev": 0.63549220562,
        "var": 0.403850346804
    },
    "erbbands_spread": {
        "dmean": 12.3223686218,
        "dmean2": 19.4543190002,
        "dvar": 98.759552002,
        "dvar2": 239.652282715,
        "max": 123.391098022,
        "mean": 65.7601165771,
        "median": 63.5869369507,
        "min": 18.7275848389,
        "stdev": 20.297208786,
        "var": 411.976715088
    },
    "hfc": {
        "dmean": 288.719604492,
        "dmean2": 470.131072998,
        "dvar": 148578.59375,
        "dvar2": 377588.5625,
        "max": 4095.04663086,
        "mean": 727.779174805,
        "median": 618.912353516,
        "min": 14.858171463,
        "stdev": 420.527923584,
        "var": 176843.734375
    },
    "loudness_ebu128": {
        "integrated": -18.5992069244,
        "loudness_range": 2.46550750732,
        "momentary": {
            "dmean": 0.235369771719,
            "dmean2": 0.369135260582,
            "dvar": 0.0470613762736,
            "dvar2": 0.0813870355487,
            "max": -16.2511062622,
            "mean": -18.7171058655,
            "median": -18.73878479,
            "min": -21.0939369202,
            "stdev": 0.997410833836,
            "var": 0.994828343391
        },
        "short_term": {
            "dmean": 0.0401076972485,
            "dmean2": 0.0576854161918,
            "dvar": 0.00111718161497,
            "dvar2": 0.00181881210301,
            "max": -17.0161113739,
            "mean": -18.6734771729,
            "median": -18.6482906342,
            "min": -20.0800609589,
            "stdev": 0.785296499729,
            "var": 0.616690635681
        }
    },
    "melbands_crest": {
        "dmean": 3.14540314674,
        "dmean2": 5.21862030029,
        "dvar": 8.88329410553,
        "dvar2": 23.4505653381,
        "max": 28.2634658813,
        "mean": 8.08423709869,
        "median": 6.87607479095,
        "min": 2.68520212173,
        "stdev": 4.09813785553,
        "var": 16.7947349548
    },
    "melbands_flatness_db": {
        "dmean": 0.0155135104433,
        "dmean2": 0.0253650918603,
        "dvar": 0.000202825802262,
        "dvar2": 0.000525825947989,
        "max": 0.162394553423,
        "mean": 0.0594934262335,
        "median": 0.0546726360917,
        "min": 0.0207289587706,
        "stdev": 0.0236466620117,
        "var": 0.000559164618608
    },
    "melbands_kurtosis": {
        "dmean": 1.20316159725,
        "dmean2": 1.95071709156,
        "dvar": 3.40633010864,
        "dvar2": 9.05267047882,
        "max": 20.1093006134,
        "mean": 0.0138651933521,
        "median": -0.85255420208,
        "min": -1.82110798359,
        "stdev": 2.55799031258,
        "var": 6.54331493378
    },
    "melbands_skewness": {
        "dmean": 0.4568965137,
        "dmean2": 0.707225382328,
        "dvar": 0.155127093196,
        "dvar2": 0.400087505579,
        "max": 4.45044183731,
        "mean": 0.906101286411,
        "median": 0.787874817848,
        "min": -0.687754333019,
        "stdev": 0.781829297543,
        "var": 0.611257016659
    },
    "melbands_spread": {
        "dmean": 28.2347202301,
        "dmean2": 44.1080093384,
        "dvar": 536.714538574,
        "dvar2": 1258.04431152,
        "max": 238.077789307,
        "mean": 148.157028198,
        "median": 151.996459961,
        "min": 27.2664852142,
        "stdev": 44.0296363831,
        "var": 1938.60888672
    },
    "pitch_salience": {
        "dmean": 0.0363733880222,
        "dmean2": 0.0616035424173,
        "dvar": 0.00104885897599,
        "dvar2": 0.00289783929475,
        "max": 0.824010550976,
        "mean": 0.7340503335,
        "median": 0.743044495583,
        "min": 0.468809574842,
        "stdev": 0.0454342775047,
        "var": 0.00206427369267
    },
    "silence_rate_20dB": {
        "dmean": 0,
        "dmean2": 0,
        "dvar": 0,
        "dvar2": 0,
        "max": 1,
        "mean": 1,
        "median": 1,
        "min": 1,
        "stdev": 0,
        "var": 0
    },
    "silence_rate_30dB": {
        "dmean": 0.0705622956157,
        "dmean2": 0.141280353069,
        "dvar": 0.065582498908,
        "dvar2": 0.143393859267,
        "max": 1,
        "mean": 0.918502211571,
        "median": 1,
        "min": 0,
        "stdev": 0.273598998785,
        "var": 0.074856415391
    },
    "silence_rate_60dB": {
        "dmean": 0,
        "dmean2": 0,
        "dvar": 0,
        "dvar2": 0,
        "max": 0,
        "mean": 0,
        "median": 0,
        "min": 0,
        "stdev": 0,
        "var": 0
    },
    "spectral_centroid": {
        "dmean": 479.624938965,
        "dmean2": 744.668212891,
        "dvar": 153306.828125,
        "dvar2": 386685.28125,
        "max": 5906.57958984,
        "mean": 3634.81933594,
        "median": 3641.65966797,
        "min": 1310.70263672,
        "stdev": 772.649230957,
        "var": 596986.8125
    },
    "spectral_complexity": {
        "dmean": 6.24696779251,
        "dmean2": 9.54966926575,
        "dvar": 28.0338573456,
        "dvar2": 60.6095046997,
        "max": 52,
        "mean": 24.1618938446,
        "median": 23,
        "min": 0,
        "stdev": 9.06675434113,
        "var": 82.2060317993
    },
    "spectral_decrease": {
        "dmean": 2.32070784811e-09,
        "dmean2": 3.78826925385e-09,
        "dvar": 1.02203227026e-17,
        "dvar2": 2.6908856997e-17,
        "max": 2.71150710773e-08,
        "mean": 1.05497632852e-09,
        "median": 8.42574121585e-10,
        "min": -1.37664137867e-08,
        "stdev": 3.49467077498e-09,
        "var": 1.22127236928e-17
    },
    "spectral_energy": {
        "dmean": 0.0202461928129,
        "dmean2": 0.0327693670988,
        "dvar": 0.000587565707974,
        "dvar2": 0.00145512644667,
        "max": 0.269094288349,
        "mean": 0.0620299950242,
        "median": 0.0543497614563,
        "min": 0.00133545917924,
        "stdev": 0.0302520785481,
        "var": 0.000915188225918
    },
    "spectral_energyband_high": {
        "dmean": 0.0187309980392,
        "dmean2": 0.0303040966392,
        "dvar": 0.000548940617591,
        "dvar2": 0.0013790698722,
        "max": 0.248174145818,
        "mean": 0.0514972954988,
        "median": 0.0446248687804,
        "min": 0.00117404945195,
        "stdev": 0.0267680622637,
        "var": 0.00071652920451
    },
    "spectral_energyband_low": {
        "dmean": 0.000112529407488,
        "dmean2": 0.0001682771981,
        "dvar": 5.94664335551e-08,
        "dvar2": 1.20762791767e-07,
        "max": 0.00381601019762,
        "mean": 0.000164752404089,
        "median": 7.05590646248e-05,
        "min": 3.22208552461e-06,
        "stdev": 0.000321739120409,
        "var": 1.03516065053e-07
    },
    "spectral_energyband_middle_high": {
        "dmean": 0.00253266701475,
        "dmean2": 0.0041092610918,
        "dvar": 2.22076068894e-05,
        "dvar2": 5.49816832063e-05,
        "max": 0.0606671608984,
        "mean": 0.0049418406561,
        "median": 0.00287440186366,
        "min": 8.03316142992e-05,
        "stdev": 0.0063556083478,
        "var": 4.03937592637e-05
    },
    "spectral_energyband_middle_low": {
        "dmean": 0.00225355150178,
        "dmean2": 0.00360883655958,
        "dvar": 1.4060254216e-05,
        "dvar2": 3.38853387802e-05,
        "max": 0.0635862499475,
        "mean": 0.00475500104949,
        "median": 0.00302367005497,
        "min": 7.17389484635e-05,
        "stdev": 0.00578055391088,
        "var": 3.34148026013e-05
    },
    "spectral_entropy": {
        "dmean": 0.0894166082144,
        "dmean2": 0.143749982119,
        "dvar": 0.00637345062569,
        "dvar2": 0.01587828435,
        "max": 9.08560180664,
        "mean": 8.84478187561,
        "median": 8.87775230408,
        "min": 7.90922451019,
        "stdev": 0.157674744725,
        "var": 0.0248613264412
    },
    "spectral_flux": {
        "dmean": 0.0250602886081,
        "dmean2": 0.0374931842089,
        "dvar": 0.000861121166963,
        "dvar2": 0.0015372998314,
        "max": 0.43250772357,
        "mean": 0.177131161094,
        "median": 0.167681768537,
        "min": 0.0992920175195,
        "stdev": 0.043741479516,
        "var": 0.00191331689712
    },
    "spectral_kurtosis": {
        "dmean": 0.278817921877,
        "dmean2": 0.449610859156,
        "dvar": 0.0670415535569,
        "dvar2": 0.159655079246,
        "max": 1.7208981514,
        "mean": -0.157682016492,
        "median": -0.241340637207,
        "min": -0.83996629715,
        "stdev": 0.365340411663,
        "var": 0.133473619819
    },
    "spectral_rms": {
        "dmean": 0.00119223655201,
        "dmean2": 0.00188887759577,
        "dvar": 1.39945120736e-06,
        "dvar2": 3.3619480746e-06,
        "max": 0.0162028092891,
        "mean": 0.0075931889005,
        "median": 0.00728176860139,
        "min": 0.0011414407054,
        "stdev": 0.00169132603332,
        "var": 2.86058366328e-06
    },
    "spectral_rolloff": {
        "dmean": 686.071105957,
        "dmean2": 1144.35021973,
        "dvar": 330168.4375,
        "dvar2": 822078.6875,
        "max": 19250.6835938,
        "mean": 17116.3535156,
        "median": 17269.6289062,
        "min": 14125.78125,
        "stdev": 751.640014648,
        "var": 564962.6875
    },
    "spectral_skewness": {
        "dmean": 0.13085269928,
        "dmean2": 0.206878691912,
        "dvar": 0.0124000757933,
        "dvar2": 0.0279549695551,
        "max": 1.4362694025,
        "mean": 0.760550200939,
        "median": 0.732124745846,
        "min": 0.292817592621,
        "stdev": 0.17619420588,
        "var": 0.0310443956405
    },
    "spectral_spread": {
        "dmean": 1004316.75,
        "dmean2": 1575230.625,
        "dvar": 660241055744,
        "dvar2": 1.70052707942e+12,
        "max": 18326146,
        "mean": 15221309,
        "median": 15387847,
        "min": 10599385,
        "stdev": 1202954.5,
        "var": 1.4470994985e+12
    },
    "spectral_strongpeak": {
        "dmean": 8.86405467987,
        "dmean2": 15.0113630295,
        "dvar": 73.8875961304,
        "dvar2": 191.424789429,
        "max": 58.7877998352,
        "mean": 12.2816972733,
        "median": 11.5037403107,
        "min": 0.0748962014914,
        "stdev": 10.119635582,
        "var": 102.407020569
    },
    "zerocrossingrate": {
        "dmean": 0.0222154501826,
        "dmean2": 0.0265838429332,
        "dvar": 0.000458089169115,
        "dvar2": 0.000582023581956,
        "max": 0.64306640625,
        "mean": 0.528744578362,
        "median": 0.53515625,
        "min": 0.21826171875,
        "stdev": 0.0467252247036,
        "var": 0.00218324665911
    },
    "barkbands": {
        "dmean": [2.61987427308e-08, 5.53008758288e-05, 3.77173091692e-05, 8.41777291498e-05, 0.000282853783574, 0.000349549722159, 0.000671671004966, 0.00101979810279, 0.000839268439449, 0.00104782858398, 0.000270398682915, 0.000181536743185, 0.000155471832841, 0.000230878184084, 0.000330529845087, 0.000331495888531, 0.00012286513811, 0.000140972188092, 0.000752582214773, 0.00026458321372, 0.000106438601506, 0.000164980228874, 0.000663659942802, 0.00113794126082, 0.00503506371751, 0.00454010115936, 0.0112780239433],
        "dmean2": [4.27937081326e-08, 8.29420241644e-05, 6.41088918201e-05, 0.000138743038406, 0.000477997789858, 0.000573041790631, 0.00113963661715, 0.00163136573974, 0.0013545359252, 0.00179756386206, 0.000461328600068, 0.000311450683512, 0.000256087165326, 0.000377741554985, 0.000545172079001, 0.000566911476199, 0.000210018217331, 0.000235323939705, 0.00125203817151, 0.000452156848041, 0.000182615331141, 0.000278503663139, 0.00111079879571, 0.00186324189417, 0.00821902509779, 0.00750593701378, 0.0191671531647],
        "dvar": [5.39770305682e-15, 3.21901367784e-08, 3.55267526508e-09, 2.14513935504e-08, 1.56628090053e-07, 3.91462521065e-07, 3.02225839732e-06, 7.20034859114e-06, 4.36763502876e-06, 8.44985879667e-06, 3.68230018921e-07, 1.25754198166e-07, 1.64442639061e-07, 1.97869979957e-07, 4.57432861367e-07, 5.45017257991e-07, 2.3732951604e-08, 2.83736270035e-08, 8.25362076284e-06, 1.69855312038e-07, 1.23527659213e-08, 3.97611259473e-08, 8.59706347001e-07, 1.72464956449e-06, 3.06666479446e-05, 2.12166651181e-05, 0.00036338676],
        "dvar2": [1.26581797954e-14, 6.71047644119e-08, 8.71979288775e-09, 5.05037434095e-08, 4.38172577333e-07, 8.91603406217e-07, 8.38983305584e-06, 1.67779526237e-05, 1.12656362035e-05, 2.36049763771e-05, 1.02404317204e-06, 3.2395018934e-07, 4.68060704861e-07, 4.7781890089e-07, 1.17767706342e-06, 1.53566236349e-06, 6.39659845092e-08, 7.57466409596e-08, 1.99678743229e-05, 4.68671743192e-07, 3.34955068126e-08, 1.07005206473e-07, 2.15930572267e-06, 4.51013011116e-06, 8.27151889098e-05, 5.45746261196e-05, 0.000968946726061],
        "max": [1.15952889246e-06, 0.00268212496303, 0.000791916449089, 0.00193745573051, 0.00522118341178, 0.00870971288532, 0.027089305222, 0.0524662621319, 0.0417036451399, 0.0486520938575, 0.00810042954981, 0.00405546557158, 0.00812255591154, 0.0049262768589, 0.00888868328184, 0.0125462999567, 0.00218502641656, 0.00217246962711, 0.051459312439, 0.0055284476839, 0.00109193858225, 0.00218488555402, 0.0169042386115, 0.018505288288, 0.0586124658585, 0.0561418496072, 0.181557580829],
        "mean": [4.91225833343e-08, 6.56554693705e-05, 4.55396257166e-05, 0.000105810235254, 0.000415378570324, 0.000501122325659, 0.000930221867748, 0.00128414086066, 0.0011666858336, 0.0011242676992, 0.000364550127415, 0.0002464716963, 0.000199980902835, 0.00027674617013, 0.000411950983107, 0.000415681453887, 0.000238143809838, 0.000266926886979, 0.00129481113981, 0.00047923848615, 0.000225643423619, 0.000396717718104, 0.00170283508487, 0.00337232463062, 0.0142953824252, 0.0135799720883, 0.0179359726608],
        "median": [9.64275592708e-09, 4.20592095907e-06, 2.37106614804e-05, 5.59130821784e-05, 0.000284952082438, 0.000284154404653, 0.000429878244177, 0.000472350104246, 0.000465589226224, 0.000459740229417, 0.000204216950806, 0.000129991909489, 8.88375943759e-05, 0.000132797722472, 0.000234812177951, 0.000236562860664, 0.000187501165783, 0.000219988753088, 0.000376650481485, 0.000384473154554, 0.000195123095182, 0.000343203777447, 0.00149737123866, 0.002955815522, 0.0127840787172, 0.012109477073, 0.0133248521015],
        "min": [2.05298347766e-10, 4.30260236328e-08, 5.18333081345e-07, 4.25115558755e-07, 5.64171023143e-06, 1.45853446156e-05, 1.22832416309e-05, 1.04424780147e-05, 8.85456211108e-06, 5.52750907445e-06, 1.93586165551e-05, 5.78870549361e-06, 1.58350917445e-06, 6.32169758319e-07, 4.11459632232e-06, 6.83698772264e-06, 3.81165341423e-06, 7.10062886355e-06, 9.36953074415e-06, 2.24159248319e-05, 4.93384004585e-06, 6.21545041213e-06, 2.20642923523e-05, 5.19572822668e-05, 0.000542964204215, 0.000369835121091, 0.000162174765137],
        "stdev": [1.15341691753e-07, 0.000214375235373, 6.75911433063e-05, 0.00016916252207, 0.00043731299229, 0.000761610746849, 0.00186829955783, 0.00320917950012, 0.00257913698442, 0.00249628443271, 0.000607065740041, 0.000390357250581, 0.000458043912658, 0.000463765085442, 0.000637362303678, 0.000642224040348, 0.000176475121407, 0.000182286894415, 0.00434444239363, 0.000388581509469, 0.000128540603328, 0.000222796792514, 0.00107023201417, 0.00162492215168, 0.00667404290289, 0.00604974199086, 0.0175092071295],
        "var": [1.33037061456e-14, 4.59567424116e-08, 4.56856286135e-09, 2.86159593799e-08, 1.91242662595e-07, 5.8005093706e-07, 3.49054334947e-06, 1.02988324215e-05, 6.65194784233e-06, 6.23143614575e-06, 3.68528844774e-07, 1.52378774487e-07, 2.09804227325e-07, 2.15078060251e-07, 4.06230725503e-07, 4.12451726106e-07, 3.11434682487e-08, 3.32285132743e-08, 1.88741778402e-05, 1.50995589365e-07, 1.65226872184e-08, 4.96384124915e-08, 1.14539648166e-06, 2.64037203124e-06, 4.45428486273e-05, 3.65993764717e-05, 0.000306572357658]
    },
    "erbbands": {
        "dmean": [0.000813080347143, 0.0148721020669, 0.0364857017994, 0.168594002724, 0.440673500299, 1.25189948082, 1.74297559261, 3.40336966515, 7.89277458191, 14.739657402, 20.7294940948, 21.0431575775, 27.8555850983, 21.3966312408, 9.88949775696, 6.46110343933, 5.92880725861, 12.4923725128, 11.8346176147, 17.8539657593, 16.5443496704, 7.06856679916, 7.23727464676, 13.6492128372, 47.0389518738, 13.2388143539, 7.54625082016, 1.8195220232, 5.27731800079, 11.4663190842, 20.2193317413, 18.9094581604, 26.2580509186, 61.0522270203, 36.8434944153, 17.6253795624, 9.42630577087, 4.64832019806, 2.71241950989, 0.112434506416],
        "dmean2": [0.00116388243623, 0.0225417800248, 0.0595506466925, 0.276597440243, 0.758734822273, 2.15108895302, 3.00264334679, 5.61494827271, 13.4096374512, 22.7602005005, 33.551410675, 34.7506256104, 48.0234832764, 36.1876983643, 16.310716629, 11.034825325, 9.47828388214, 20.516122818, 19.4631519318, 29.1657466888, 28.516374588, 11.9271364212, 12.1146297455, 22.7616519928, 78.2951965332, 22.6905403137, 12.9648075104, 3.09953260422, 9.1147813797, 19.0983810425, 33.708152771, 31.2357997894, 43.3939666748, 101.288444519, 61.5216407776, 29.2477664948, 15.8144044876, 7.60399580002, 4.64971971512, 0.18929682672],
        "dvar": [5.95257279201e-06, 0.00237862835638, 0.00674712751061, 0.0887344405055, 0.488755822182, 3.53178501129, 7.04801082611, 44.7119178772, 391.408874512, 1210.10595703, 2822.26635742, 3584.88378906, 7071.54199219, 2438.7590332, 375.432678223, 146.939117432, 156.765487671, 709.58807373, 380.588226318, 1572.75402832, 1239.82067871, 70.3963165283, 63.5901565552, 614.704040527, 38010.9296875, 418.485748291, 60.0297241211, 3.91894197464, 62.7614898682, 181.369293213, 836.23046875, 477.797210693, 916.233764648, 5794.28027344, 1661.36413574, 453.291503906, 105.170585632, 29.6692218781, 25.6432285309, 0.0322308763862],
        "dvar2": [1.13369023893e-05, 0.00503604812548, 0.0159487444907, 0.200082063675, 1.30292034149, 10.0421066284, 18.9384098053, 103.377624512, 1053.80432129, 2446.88012695, 7463.25097656, 9420.1953125, 19904.6464844, 6402.78271484, 967.205322266, 373.340789795, 413.639038086, 1831.94067383, 971.701721191, 4112.92285156, 3433.0637207, 190.439758301, 168.646697998, 1544.95336914, 91969.1796875, 1082.34082031, 163.27255249, 10.3988609314, 175.600997925, 442.15838623, 2100.96679688, 1264.49035645, 2424.85595703, 15953.6845703, 4456.76416016, 1177.02185059, 285.804718018, 77.3276367188, 68.9968643188, 0.0859097838402],
        "max": [0.0382048636675, 0.738280296326, 1.31847441196, 4.55243492126, 12.8949928284, 25.4736251831, 36.4016075134, 97.3218460083, 289.466461182, 918.165222168, 784.569702148, 1236.6418457, 1482.46606445, 503.081420898, 240.864334106, 127.569023132, 238.936080933, 435.188323975, 172.219116211, 627.83404541, 535.373718262, 78.9965133667, 73.4953994751, 400.35723877, 3665.78076172, 251.606140137, 69.0478210449, 21.0290222168, 88.3299484253, 264.872924805, 443.197052002, 303.521850586, 380.77645874, 786.592956543, 450.005371094, 369.763183594, 178.51272583, 55.4945983887, 49.4154968262, 1.77062749863],
        "mean": [0.00103433022741, 0.0177570711821, 0.0474624857306, 0.235243320465, 0.619970560074, 1.60741496086, 2.53032517433, 4.76024103165, 11.3135852814, 20.8334960938, 27.9182033539, 28.4249401093, 31.022977829, 26.3974742889, 14.6342945099, 9.50709533691, 8.70569324493, 14.9662647247, 15.8597507477, 23.4904689789, 21.6648082733, 13.9642677307, 14.4888801575, 25.7732086182, 79.3591766357, 24.9707984924, 16.4381656647, 4.57379198074, 11.8168582916, 30.6571998596, 50.629650116, 56.9918136597, 73.9426727295, 145.928649902, 102.782234192, 50.1788902283, 25.8843650818, 10.4894285202, 3.76869058609, 0.180316433311],
        "median": [4.57916103187e-05, 0.00165699573699, 0.0225670505315, 0.138008326292, 0.389931559563, 1.01756739616, 1.56984591484, 2.52785563469, 5.2446680069, 8.58371639252, 10.8128757477, 11.255692482, 14.0896682739, 12.6245250702, 8.24573326111, 5.01288700104, 4.0394320488, 7.00467395782, 8.99583435059, 13.6640377045, 12.877910614, 10.9852972031, 11.9548854828, 15.6641798019, 20.1091041565, 17.8031768799, 13.9990186691, 4.05757713318, 9.97941207886, 27.221244812, 44.3217086792, 51.0115585327, 64.4939651489, 122.586990356, 90.7761993408, 43.96459198, 23.047164917, 8.78165912628, 2.57241177559, 0.133068755269],
        "min": [1.71800149928e-06, 7.74825530243e-05, 0.000885807035957, 0.00504328403622, 0.0221356190741, 0.0165859274566, 0.0149566968903, 0.154213801026, 0.259801447392, 0.316621094942, 0.21106402576, 0.217137947679, 0.150125563145, 0.244988620281, 0.842614233494, 0.300622850657, 0.0816353634, 0.0362332835793, 0.0745605677366, 0.331401377916, 0.386854857206, 0.225918486714, 0.347709000111, 0.362348109484, 0.623880803585, 1.12484920025, 0.546595275402, 0.0635033994913, 0.174077659845, 0.366078525782, 0.745428919792, 1.32449626923, 1.37279343605, 4.38993644714, 4.18555307388, 1.50713610649, 0.988457381725, 0.120252624154, 0.0350373163819, 0.00188236113172],
        "stdev": [0.00319550721906, 0.0572213418782, 0.0902041494846, 0.353706300259, 0.777219176292, 1.93066215515, 2.99439001083, 8.0352191925, 22.2502651215, 54.0557289124, 59.1057853699, 67.5739974976, 70.2151260376, 50.3988571167, 21.3816490173, 13.9235267639, 17.0692749023, 26.668176651, 19.8645858765, 37.0061073303, 30.7242507935, 9.80061149597, 9.28890705109, 38.590133667, 288.821502686, 23.8217144012, 9.20793914795, 2.28424239159, 7.82712221146, 16.4858760834, 32.8930130005, 27.3080711365, 36.4592628479, 82.7808532715, 48.3273200989, 24.9767799377, 12.6382360458, 6.16190385818, 4.47023105621, 0.169663265347],
        "var": [1.02112662717e-05, 0.00327428197488, 0.00813678838313, 0.125108152628, 0.604069650173, 3.72745656967, 8.96637153625, 64.564743042, 495.074279785, 2922.02172852, 3493.49389648, 4566.24462891, 4930.1640625, 2540.04492188, 457.17489624, 193.864593506, 291.360168457, 711.191650391, 394.601745605, 1369.4519043, 943.979614258, 96.0519866943, 86.2837982178, 1489.19836426, 83417.859375, 567.474060059, 84.7861480713, 5.21776342392, 61.2638397217, 271.784088135, 1081.95031738, 745.730773926, 1329.2779541, 6852.66943359, 2335.5300293, 623.839538574, 159.725021362, 37.9690589905, 19.9829654694, 0.02878562361]
    },
    "gfcc": {
        "mean": [85.5396575928, -85.9916534424, -69.4801940918, -40.6573295593, -65.9994735718, -13.0710229874, -49.6119117737, 10.629570961, -28.0918292999, -7.93484640121, -18.9279766083, -9.39089775085, -14.034488678],
        "cov": [[654.789672852, 225.301116943, -42.7006111145, 12.4795055389, 105.586624146, 88.144859314, 111.470535278, 69.0015869141, 31.7434825897, 46.9623641968, 61.8744277954, 14.3896589279, 31.9099159241], [225.301116943, 245.184387207, 26.6254062653, 10.1629657745, 24.0305271149, 57.4634017944, 47.6644973755, 44.0528488159, 19.2782173157, 24.0016803741, 15.2044324875, 14.5280694962, -0.402879148722], [-42.7006111145, 26.6254062653, 201.762771606, 91.0896682739, 16.6839866638, 6.33350086212, 21.4976806641, 25.8459014893, 15.96849823, 3.63686275482, 27.680721283, 23.2999095917, 1.47506177425], [12.4795055389, 10.1629657745, 91.0896682739, 167.433303833, 100.190689087, 46.2588157654, 36.6468009949, 31.0828971863, -2.75674390793, 3.99209976196, 19.6546516418, 18.5447311401, 14.8536376953], [105.586624146, 24.0305271149, 16.6839866638, 100.190689087, 157.587860107, 93.3367233276, 61.273223877, 28.824136734, 0.210461452603, 2.1700630188, 13.2520599365, 4.68898630142, 23.6495342255], [88.144859314, 57.4634017944, 6.33350086212, 46.2588157654, 93.3367233276, 117.753578186, 74.4841156006, 35.9262123108, 9.32611465454, 4.30378437042, 4.27341175079, 12.0249166489, 16.6491241455], [111.470535278, 47.6644973755, 21.4976806641, 36.6468009949, 61.273223877, 74.4841156006, 101.210250854, 59.2166404724, 13.1836910248, 8.39940071106, 19.8541297913, 7.58184289932, 13.8720798492], [69.0015869141, 44.0528488159, 25.8459014893, 31.0828971863, 28.824136734, 35.9262123108, 59.2166404724, 74.1006088257, 31.1500205994, 19.942773819, 19.0542545319, 5.52112007141, 2.7982006073], [31.7434825897, 19.2782173157, 15.96849823, -2.75674390793, 0.210461452603, 9.32611465454, 13.1836910248, 31.1500205994, 56.2474861145, 30.4993667603, 10.839641571, 1.58085989952, -3.7548186779], [46.9623641968, 24.0016803741, 3.63686275482, 3.99209976196, 2.1700630188, 4.30378437042, 8.39940071106, 19.942773819, 30.4993667603, 49.1747322083, 30.8888492584, 8.06668281555, -4.41124820709], [61.8744277954, 15.2044324875, 27.680721283, 19.6546516418, 13.2520599365, 4.27341175079, 19.8541297913, 19.0542545319, 10.839641571, 30.8888492584, 63.6280784607, 26.256526947, 4.15588235855], [14.3896589279, 14.5280694962, 23.2999095917, 18.5447311401, 4.68898630142, 12.0249166489, 7.58184289932, 5.52112007141, 1.58085989952, 8.06668281555, 26.256526947, 47.463809967, 24.4931030273], [31.9099159241, -0.402879148722, 1.47506177425, 14.8536376953, 23.6495342255, 16.6491241455, 13.8720798492, 2.7982006073, -3.7548186779, -4.41124820709, 4.15588235855, 24.4931030273, 48.9340324402]],
        "icov": [[0.00363507843576, -0.00332064949907, 0.00157076551113, 0.000621322193183, -0.00239757052623, 0.00240473076701, -0.00318041769788, 0.00140501896385, -0.00148898956832, 0.000286550057353, -0.00317127164453, 0.00174483039882, -0.00216434663162], [-0.00332064949907, 0.00835057534277, -0.00243664300069, 0.000665482948534, 0.00251462729648, -0.00501807965338, 0.00332816247828, -0.00392892584205, 0.00319733703509, -0.00322934612632, 0.00412957370281, -0.00306304520927, 0.00301546696573], [0.00157076551113, -0.00243664300069, 0.0094118444249, -0.00643477216363, 0.00243846513331, 0.001864807331, -0.00325169577263, 0.00246763951145, -0.00614668847993, 0.00588614121079, -0.00503647141159, -0.000496235210449, 0.000327987829223], [0.000621322193183, 0.000665482948534, -0.00643477216363, 0.016988825053, -0.0126383472234, 0.00333112408407, 0.00209756987169, -0.00644096499309, 0.00683540478349, -0.00486734276637, 0.00384565163404, -0.00558006577194, 0.00193790462799], [-0.00239757052623, 0.00251462729648, 0.00243846513331, -0.0126383472234, 0.0251122452319, -0.0169245973229, 0.00283314893022, 0.00214222283103, -0.00135549821425, 0.00356352515519, -0.00690399110317, 0.0116720655933, -0.0069956285879], [0.00240473076701, -0.00501807965338, 0.001864807331, 0.00333112408407, -0.0169245973229, 0.0327301248908, -0.0202120244503, 0.00614506425336, -0.00380257237703, -0.00261671887711, 0.00969216786325, -0.012778673321, 0.00479055289179], [-0.00318041769788, 0.00332816247828, -0.00325169577263, 0.00209756987169, 0.00283314893022, -0.0202120244503, 0.0394582748413, -0.0245547089726, 0.00783379841596, 0.00449978280813, -0.00755888177082, 0.0078474227339, -0.00499062985182], [0.00140501896385, -0.00392892584205, 0.00246763951145, -0.00644096499309, 0.00214222283103, 0.00614506425336, -0.0245547089726, 0.0399692058563, -0.0177795048803, 0.000779723632149, -0.0024737031199, 0.000934740470257, 0.000929657719098], [-0.00148898956832, 0.00319733703509, -0.00614668847993, 0.00683540478349, -0.00135549821425, -0.00380257237703, 0.00783379841596, -0.0177795048803, 0.0398872196674, -0.0251062698662, 0.0106242308393, -0.00144938507583, 0.000473083928227], [0.000286550057353, -0.00322934612632, 0.00588614121079, -0.00486734276637, 0.00356352515519, -0.00261671887711, 0.00449978280813, 0.000779723632149, -0.0251062698662, 0.0515919700265, -0.0256896149367, 0.00500536616892, 0.00133525184356], [-0.00317127164453, 0.00412957370281, -0.00503647141159, 0.00384565163404, -0.00690399110317, 0.00969216786325, -0.00755888177082, -0.0024737031199, 0.0106242308393, -0.0256896149367, 0.0429297797382, -0.0248762629926, 0.0107146259397], [0.00174483039882, -0.00306304520927, -0.000496235210449, -0.00558006577194, 0.0116720655933, -0.012778673321, 0.0078474227339, 0.000934740470257, -0.00144938507583, 0.00500536616892, -0.0248762629926, 0.0510683581233, -0.0261343289167], [-0.00216434663162, 0.00301546696573, 0.000327987829223, 0.00193790462799, -0.0069956285879, 0.00479055289179, -0.00499062985182, 0.000929657719098, 0.000473083928227, 0.00133525184356, 0.0107146259397, -0.0261343289167, 0.0367141775787]]
    },
    "melbands": {
        "dmean": [1.19537144201e-05, 1.99458609131e-05, 3.35988515872e-05, 5.57050552743e-05, 5.98726328462e-05, 7.56367226131e-05, 0.00012566181249, 0.000178788715857, 0.000170606872416, 0.000125199119793, 0.000144596400787, 9.62336271186e-05, 3.53054056177e-05, 2.41257293965e-05, 9.62912145042e-06, 1.89624006453e-05, 2.39831442741e-05, 1.69929026015e-05, 2.83519675577e-05, 2.27152431762e-05, 1.88033900486e-05, 7.57935458751e-06, 6.86266366756e-06, 7.1488325375e-06, 9.61325713433e-06, 3.91868597944e-05, 1.85490025615e-05, 8.13761198515e-06, 5.8005862229e-06, 2.77191657005e-06, 6.8526475161e-07, 2.65972244051e-06, 4.71888415632e-06, 8.37089919514e-06, 1.27377070385e-05, 1.40182328323e-05, 1.36897388074e-05, 1.95607681235e-05, 2.94480560115e-05, 6.69928413117e-05],
        "dmean2": [1.76141948032e-05, 3.08404341922e-05, 5.4760635976e-05, 9.46662767092e-05, 0.000102559919469, 0.00012546677317, 0.000214642030187, 0.000275923608569, 0.000277126324363, 0.000207507793675, 0.000249854463618, 0.000163342745509, 5.96301906626e-05, 4.09690474044e-05, 1.53419732669e-05, 3.12649062835e-05, 3.93841910409e-05, 2.80624135485e-05, 4.68445396109e-05, 3.89958877349e-05, 3.2590382034e-05, 1.29721711346e-05, 1.18587504403e-05, 1.19703927339e-05, 1.61100979312e-05, 6.42099475954e-05, 3.20673025271e-05, 1.39152280099e-05, 9.95653044811e-06, 4.75913111586e-06, 1.16426531349e-06, 4.68302368972e-06, 7.90651847637e-06, 1.39911226142e-05, 2.08838937397e-05, 2.40855315496e-05, 2.28736553254e-05, 3.28604437527e-05, 4.95897038491e-05, 0.00011133269436],
        "dvar": [1.40651534863e-09, 2.56535259702e-09, 3.08279712868e-09, 5.61424107204e-09, 7.76940378699e-09, 2.05645367402e-08, 1.06863105032e-07, 1.97268178681e-07, 1.90550409229e-07, 1.19691918599e-07, 1.93515973024e-07, 5.04285004865e-08, 6.14235418084e-09, 2.18508633409e-09, 2.46051012898e-10, 2.47636333661e-09, 2.56139776056e-09, 7.58530849243e-10, 4.25915835933e-09, 2.73945821583e-09, 1.43759315563e-09, 8.39893501969e-11, 5.50092783824e-11, 6.89157203526e-11, 2.36456160208e-10, 2.5256298386e-08, 3.88779719529e-09, 1.23894158821e-10, 3.8240861866e-11, 8.64050064137e-12, 6.32732093716e-13, 1.76479369313e-11, 2.68928906921e-11, 1.50369217078e-10, 3.95238508588e-10, 4.42849590332e-10, 2.21370644038e-10, 7.17414516682e-10, 9.38630950742e-10, 8.49097592237e-09],
        "dvar2": [2.78565681633e-09, 5.70375568998e-09, 7.31501437201e-09, 1.58620316881e-08, 2.11032968878e-08, 4.65726621712e-08, 2.93032456966e-07, 4.11309315496e-07, 5.08706250457e-07, 3.16556963753e-07, 5.45752016023e-07, 1.33154600235e-07, 1.6724101215e-08, 5.60280399853e-09, 6.28174900985e-10, 7.16890280472e-09, 6.36976249524e-09, 1.97146743375e-09, 1.11031370764e-08, 7.56975726546e-09, 3.92333499022e-09, 2.24809573734e-10, 1.46516035415e-10, 1.80457371268e-10, 6.31974028664e-10, 6.15513897628e-08, 9.2508258831e-09, 3.4110270164e-10, 1.05579607557e-10, 2.3753490494e-11, 1.74056071205e-12, 5.05408249973e-11, 7.18230822039e-11, 3.49854312187e-10, 9.40257649518e-10, 1.22756138587e-09, 5.93854687647e-10, 1.85671544806e-09, 2.51571519172e-09, 2.31180852239e-08],
        "max": [0.000533556216396, 0.000823683221824, 0.000879846338648, 0.000911918643396, 0.00129816774279, 0.00198171637021, 0.00515611609444, 0.0117967901751, 0.00649264035746, 0.00695088785142, 0.0077846092172, 0.00233545061201, 0.0011324606603, 0.000539988919627, 0.000189978105482, 0.000896398327313, 0.00078013719758, 0.000268691801466, 0.000905204622541, 0.000939172459766, 0.000518850807566, 0.000113651636639, 5.88311668253e-05, 9.27289293031e-05, 0.00019847319345, 0.00271382019855, 0.00131377496291, 0.000124735044665, 5.50708900846e-05, 2.77109120361e-05, 7.11603797754e-06, 4.15923168475e-05, 5.12582919328e-05, 0.000280474196188, 0.000414510053815, 0.00025460953475, 0.000162395372172, 0.00034577131737, 0.000336465949658, 0.000994597794488],
        "mean": [1.46617458086e-05, 2.70448726951e-05, 4.9340291298e-05, 7.87040698924e-05, 8.76024423633e-05, 0.000108216147055, 0.000178350586793, 0.000245263188845, 0.000233135768212, 0.00016635627253, 0.000156153255375, 0.000113956222776, 4.96762404509e-05, 3.23484491673e-05, 1.66536901816e-05, 2.27754353546e-05, 2.80738731817e-05, 2.21420559683e-05, 3.4235905332e-05, 2.9375358281e-05, 2.39173969021e-05, 1.40316660691e-05, 1.29138179545e-05, 1.28858018797e-05, 1.68476071849e-05, 6.47771666991e-05, 3.0930936191e-05, 1.42333765325e-05, 1.17403651529e-05, 5.64708216189e-06, 1.47529931382e-06, 5.09743813382e-06, 1.08769381768e-05, 1.98799007194e-05, 2.82055698335e-05, 3.18426064041e-05, 3.61309248547e-05, 4.44664838142e-05, 7.58364185458e-05, 0.000141405645991],
        "median": [7.33520323593e-07, 1.05741182779e-05, 3.12078736897e-05, 4.98879198858e-05, 5.52981327928e-05, 5.74041550863e-05, 8.16901447251e-05, 9.3902926892e-05, 8.78149512573e-05, 6.54262548778e-05, 6.88905784045e-05, 5.24356546521e-05, 2.9012453524e-05, 1.74137421709e-05, 8.47045521368e-06, 1.03186266642e-05, 1.26786926558e-05, 1.25699816635e-05, 1.84972777788e-05, 1.71236988535e-05, 1.41345535667e-05, 1.0995358025e-05, 1.06541065179e-05, 1.03075308289e-05, 1.23410445667e-05, 1.47518094309e-05, 1.33922530949e-05, 1.09911507025e-05, 9.78694333753e-06, 4.89075046062e-06, 1.28753413264e-06, 4.17039245804e-06, 9.48199522099e-06, 1.70707171492e-05, 2.36169744312e-05, 2.66852839559e-05, 3.1606596167e-05, 3.74939045287e-05, 6.72113965265e-05, 0.000115498216473],
        "min": [7.75012409804e-09, 4.3468730837e-07, 1.62601759257e-06, 1.47025593833e-06, 4.89752210342e-07, 2.42889313995e-06, 3.98630527343e-06, 3.19570062857e-06, 1.75438503902e-06, 1.22990388718e-06, 7.31265117793e-07, 7.55532482799e-07, 2.89657509711e-06, 7.39869847166e-07, 2.37621222254e-07, 1.00267463665e-07, 6.48621849564e-08, 6.88456580633e-08, 3.89842142567e-07, 4.01740408051e-07, 4.76069061506e-07, 2.32170762615e-07, 1.7193697488e-07, 4.36290036987e-07, 2.5191903319e-07, 3.98916370159e-07, 4.97773157804e-07, 8.45034207941e-07, 4.76145572748e-07, 6.95436384035e-08, 1.55345531994e-08, 6.07069665648e-08, 1.97690610548e-07, 2.11401811612e-07, 4.20084660391e-07, 5.34978312317e-07, 9.43618829297e-07, 4.10156303587e-07, 2.88163278128e-06, 3.40486485584e-06],
        "stdev": [4.69665028504e-05, 5.91069183429e-05, 6.56971024e-05, 8.54478348629e-05, 9.87999956124e-05, 0.000175126959221, 0.00035229587229, 0.000649591791444, 0.000495759886689, 0.000387248670449, 0.000364777108189, 0.000224572970183, 7.94699371909e-05, 5.11901307618e-05, 2.55785798799e-05, 5.15971805726e-05, 5.11938051204e-05, 2.88566643576e-05, 5.97888283664e-05, 4.67352074338e-05, 3.34859505529e-05, 1.05341441667e-05, 8.62723300088e-06, 9.14928477869e-06, 1.65412984643e-05, 0.000248175812885, 8.2885446318e-05, 1.09632537715e-05, 7.11785060048e-06, 3.30307830154e-06, 8.49124830893e-07, 3.93448863178e-06, 6.10199413131e-06, 1.40568809002e-05, 2.24364794121e-05, 2.22462058446e-05, 1.84708296729e-05, 2.84866946458e-05, 3.74859373551e-05, 9.47899170569e-05],
        "var": [2.20585238964e-09, 3.49362783147e-09, 4.31610969187e-09, 7.30133242755e-09, 9.76143965659e-09, 3.06694509788e-08, 1.24112389699e-07, 4.21969474473e-07, 2.45777869168e-07, 1.49961536522e-07, 1.33062329155e-07, 5.04330195383e-08, 6.31547081298e-09, 2.620429429e-09, 6.54263754285e-10, 2.66226907186e-09, 2.62080557256e-09, 8.32707125475e-10, 3.57470386625e-09, 2.18417950393e-09, 1.12130893459e-09, 1.10968192968e-10, 7.44291503429e-11, 8.37094144002e-11, 2.73614575441e-10, 6.15912369994e-08, 6.8699974598e-09, 1.20192938935e-10, 5.06637995445e-11, 1.09103255944e-11, 7.2101293035e-13, 1.54802021896e-11, 3.72343336719e-11, 1.97595911855e-10, 5.0339560298e-10, 4.94893681591e-10, 3.41171535467e-10, 8.11491818187e-10, 1.40519540448e-09, 8.98512819703e-09]
    },
    "melbands128": {
