{
"lowlevel": {
    "average_loudness": 0.339240640402,
    "barkbands_crest": {
        "dmean": 3.59385251999,
        "dmean2": 6.01760530472,
        "dvar": 13.8646411896,
        "dvar2": 34.8608665466,
        "max": 26.5446643829,
        "mean": 9.53850841522,
        "median": 7.61270332336,
        "min": 2.89696550369,
        "stdev": 5.45281219482,
        "var": 29.7331619263
    },
    "barkbands_flatness_db": {
        "dmean": 0.0421881712973,
        "dmean2": 0.0691541805863,
        "dvar": 0.00160226132721,
        "dvar2": 0.00416631810367,
        "max": 0.552970945835,
        "mean": 0.134395778179,
        "median": 0.120411157608,
        "min": 0.0191110633314,
        "stdev": 0.0711620748043,
        "var": 0.00506404135376
    },
    "barkbands_kurtosis": {
        "dmean": 27.9560070038,
        "dmean2": 49.551410675,
        "dvar": 33732.1640625,
        "dvar2": 95003.828125,
        "max": 4230.01269531,
        "mean": 23.7809715271,
        "median": 3.49305224419,
        "min": -1.89795339108,
        "stdev": 163.098480225,
        "var": 26601.1132812
    },
    "barkbands_skewness": {
        "dmean": 1.50054442883,
        "dmean2": 2.46188926697,
        "dvar": 7.48965883255,
        "dvar2": 20.7227115631,
        "max": 53.0478210449,
        "mean": -0.226106762886,
        "median": -1.20440602303,
        "min": -8.93874931335,
        "stdev": 4.10861968994,
        "var": 16.8807544708
    },
    "barkbands_spread": {
        "dmean": 14.8849020004,
        "dmean2": 25.0842552185,
        "dvar": 291.316070557,
        "dvar2": 766.806396484,
        "max": 120.017959595,
        "mean": 26.640127182,
        "median": 16.5761375427,
        "min": 0.056149404496,
        "stdev": 24.2313175201,
        "var": 587.156738281
    },
    "dissonance": {
        "dmean": 0.00399369886145,
        "dmean2": 0.00706689944491,
        "dvar": 5.94846824242e-05,
        "dvar2": 0.000161193645908,
        "max": 0.500000059605,
        "mean": 0.495746016502,
        "median": 0.498253405094,
        "min": 0.396569132805,
        "stdev": 0.0076681477949,
        "var": 5.880048775e-05
    },
    "dynamic_complexity": 12.5398664474,
    "erbbands_crest": {
        "dmean": 3.33247327805,
        "dmean2": 5.57287311554,
        "dvar": 13.5721721649,
        "dvar2": 32.8007202148,
        "max": 33.5852661133,
        "mean": 9.10546207428,
        "median": 7.89197635651,
        "min": 2.25311684608,
        "stdev": 4.92129850388,
        "var": 24.2191810608
    },
    "erbbands_flatness_db": {
        "dmean": 0.0360277146101,
        "dmean2": 0.0566930137575,
        "dvar": 0.00102991750464,
        "dvar2": 0.00242265989073,
        "max": 0.40903916955,
        "mean": 0.197936818004,
        "median": 0.207669109106,
        "min": 0.0313909500837,
        "stdev": 0.0687427520752,
        "var": 0.0047255656682
    },
    "erbbands_kurtosis": {
        "dmean": 2.39169311523,
        "dmean2": 3.95292019844,
        "dvar": 37.7769165039,
        "dvar2": 74.9197616577,
        "max": 124.657714844,
        "mean": 2.10664558411,
        "median": 0.746132612228,
        "min": -1.67028057575,
        "stdev": 7.53725767136,
        "var": 56.8102531433
    },
    "erbbands_skewness": {
        "dmean": 0.635687768459,
        "dmean2": 1.07194042206,
        "dvar": 0.48639857769,
        "dvar2": 1.19848906994,
        "max": 3.37201571465,
        "mean": -0.501714169979,
        "median": -0.429958552122,
        "min": -8.3076877594,
        "stdev": 1.00103831291,
        "var": 1.00207781792
    },
    "erbbands_spread": {
        "dmean": 7.36273527145,
        "dmean2": 11.8251857758,
        "dvar": 112.968482971,
        "dvar2": 261.054534912,
        "max": 130.043945312,
        "mean": 22.2745628357,
        "median": 16.1390266418,
        "min": 1.60512375832,
        "stdev": 20.2915267944,
        "var": 411.746063232
    },
    "hfc": {
        "dmean": 21.6298370361,
        "dmean2": 38.445224762,
        "dvar": 4460.79492188,
        "dvar2": 12442.6279297,
        "max": 709.242126465,
        "mean": 18.6141319275,
        "median": 0.738572955132,
        "min": 0.00131049496122,
        "stdev": 59.536693573,
        "var": 3544.61791992
    },
    "loudness_ebu128": {
        "integrated": -40.8889694214,
        "loudness_range": 16.6617088318,
        "momentary": {
            "dmean": 2.06427836418,
            "dmean2": 2.78997945786,
            "dvar": 5.99555015564,
            "dvar2": 8.12739086151,
            "max": -36.1010437012,
            "mean": -51.6651306152,
            "median": -52.6812782288,
            "min": -84.225402832,
            "stdev": 10.7263679504,
            "var": 115.054977417
        },
        "short_term": {
            "dmean": 0.249830424786,
            "dmean2": 0.308508962393,
            "dvar": 0.139500692487,
            "dvar2": 0.172716632485,
            "max": -38.6313858032,
            "mean": -46.6934928894,
            "median": -46.8461380005,
            "min": -58.30519104,
            "stdev": 6.4421377182,
            "var": 41.5011367798
        }
    },
    "melbands_crest": {
        "dmean": 4.69353961945,
        "dmean2": 7.97860097885,
        "dvar": 27.3892421722,
        "dvar2": 67.9248352051,
        "max": 39.9239044189,
        "mean": 11.8431186676,
        "median": 7.65652370453,
        "min": 2.36398506165,
        "stdev": 9.77971172333,
        "var": 95.6427612305
    },
    "melbands_flatness_db": {
        "dmean": 0.032938901335,
        "dmean2": 0.0526918917894,
        "dvar": 0.00117830012459,
        "dvar2": 0.00286640319973,
        "max": 0.589300215244,
        "mean": 0.103488430381,
        "median": 0.0756352841854,
        "min": 0.0153472237289,
        "stdev": 0.0905354842544,
        "var": 0.008196673356
    },
    "melbands_kurtosis": {
        "dmean": 40.1283531189,
        "dmean2": 70.0048599243,
        "dvar": 70339.96875,
        "dvar2": 158845.796875,
        "max": 4926.36279297,
        "mean": 40.4131965637,
        "median": 0.848580121994,
        "min": -1.91327381134,
        "stdev": 280.528991699,
        "var": 78696.515625
    },
    "melbands_skewness": {
        "dmean": 1.46099829674,
        "dmean2": 2.4070827961,
        "dvar": 13.474404335,
        "dvar2": 31.6368923187,
        "max": 63.784866333,
        "mean": 1.05924797058,
        "median": -0.361427724361,
        "min": -4.13704156876,
        "stdev": 5.40104722977,
        "var": 29.1713104248
    },
    "melbands_spread": {
        "dmean": 30.3709201813,
        "dmean2": 50.5639762878,
        "dvar": 944.312561035,
        "dvar2": 2441.94775391,
        "max": 263.167510986,
        "mean": 67.861000061,
        "median": 61.5592346191,
        "min": 0.078702904284,
        "stdev": 43.5597686768,
        "var": 1897.45361328
    },
    "pitch_salience": {
        "dmean": 0.127674236894,
        "dmean2": 0.212209269404,
        "dvar": 0.0168150402606,
        "dvar2": 0.0442720614374,
        "max": 0.978474855423,
        "mean": 0.664601266384,
        "median": 0.756097733974,
        "min": 0.0113065717742,
        "stdev": 0.225967884064,
        "var": 0.0510614849627
    },
    "silence_rate_20dB": {
        "dmean": 0,
        "dmean2": 0,
        "dvar": 0,
        "dvar2": 0,
        "max": 1,
        "mean": 1,
        "median": 1,
        "min": 1,
        "stdev": 0,
        "var": 0
    },
    "silence_rate_30dB": {
        "dmean": 0,
        "dmean2": 0,
        "dvar": 0,
        "dvar2": 0,
        "max": 1,
        "mean": 1,
        "median": 1,
        "min": 1,
        "stdev": 0,
        "var": 0
    },
    "silence_rate_60dB": {
        "dmean": 0.0877390354872,
        "dmean2": 0.175675675273,
        "dvar": 0.08004078269,
        "dvar2": 0.176345914602,
        "max": 1,
        "mean": 0.767415702343,
        "median": 1,
        "min": 0,
        "stdev": 0.422479212284,
        "var": 0.178488686681
    },
    "spectral_centroid": {
        "dmean": 395.177001953,
        "dmean2": 657.121398926,
        "dvar": 172952.265625,
        "dvar2": 417265.3125,
        "max": 5916.12353516,
        "mean": 3461.84545898,
        "median": 3609.95898438,
        "min": 168.983444214,
        "stdev": 868.773498535,
        "var": 754767.375
    },
    "spectral_complexity": {
        "dmean": 4.22947120667,
        "dmean2": 6.96283769608,
        "dvar": 66.9730300903,
        "dvar2": 159.912231445,
        "max": 59,
        "mean": 5.68314599991,
        "median": 0,
        "min": 0,
        "stdev": 12.1163101196,
        "var": 146.804977417
    },
    "spectral_decrease": {
        "dmean": 7.42654104879e-10,
        "dmean2": 1.29479382771e-09,
        "dvar": 4.58581693769e-18,
        "dvar2": 1.21802361742e-17,
        "max": -2.71975706388e-14,
        "mean": -6.87451207071e-10,
        "median": -5.11979139639e-11,
        "min": -2.85925203514e-08,
        "stdev": 2.03318251124e-09,
        "var": 4.13383138892e-18
    },
    "spectral_energy": {
        "dmean": 0.00470459228382,
        "dmean2": 0.00827706512064,
        "dvar": 0.000178618822247,
        "dvar2": 0.000483210751554,
        "max": 0.135463148355,
        "mean": 0.00428295275196,
        "median": 0.00029635138344,
        "min": 2.21515620069e-07,
        "stdev": 0.0125327287242,
        "var": 0.000157069283887
    },
    "spectral_energyband_high": {
        "dmean": 0.00263957097195,
        "dmean2": 0.00468327244744,
        "dvar": 6.69744767947e-05,
        "dvar2": 0.000188241101569,
        "max": 0.084404297173,
        "mean": 0.00223304494284,
        "median": 6.95866474416e-05,
        "min": 6.45143387601e-08,
        "stdev": 0.00719536049291,
        "var": 5.17732150911e-05
    },
    "spectral_energyband_low": {
        "dmean": 0.000133487090352,
        "dmean2": 0.000215895604924,
        "dvar": 4.61132344753e-07,
        "dvar2": 9.92480067907e-07,
        "max": 0.0131934760138,
        "mean": 0.000153207991389,
        "median": 4.07721927331e-06,
        "min": 3.01688274362e-08,
        "stdev": 0.000829294032883,
        "var": 6.877286296e-07
    },
    "spectral_energyband_middle_high": {
        "dmean": 0.00199325988069,
        "dmean2": 0.00351671269163,
        "dvar": 4.90940910822e-05,
        "dvar2": 0.000126039594761,
        "max": 0.107522413135,
        "mean": 0.00172370707151,
        "median": 8.77376805875e-05,
        "min": 3.48984627863e-08,
        "stdev": 0.00652291113511,
        "var": 4.25483704021e-05
    },
    "spectral_energyband_middle_low": {
        "dmean": 0.000100767778349,
        "dmean2": 0.000175650857273,
        "dvar": 4.50904764193e-07,
        "dvar2": 1.18590799048e-06,
        "max": 0.0155592141673,
        "mean": 8.67375347298e-05,
        "median": 2.54269571087e-06,
        "min": 1.63953011167e-08,
        "stdev": 0.000578597304411,
        "var": 3.34774853172e-07
    },
    "spectral_entropy": {
        "dmean": 0.177388891578,
        "dmean2": 0.289662212133,
        "dvar": 0.0406247079372,
        "dvar2": 0.111426182091,
        "max": 8.75131893158,
        "mean": 8.09192562103,
        "median": 8.10174369812,
        "min": 6.10480213165,
        "stdev": 0.266413986683,
        "var": 0.0709764137864
    },
    "spectral_flux": {
        "dmean": 0.0170782208443,
        "dmean2": 0.0286215413362,
        "dvar": 0.00106771162245,
        "dvar2": 0.00225127767771,
        "max": 0.324231445789,
        "mean": 0.0371337197721,
        "median": 0.0165461935103,
        "min": 0.000470654456876,
        "stdev": 0.0495423488319,
        "var": 0.00245444430038
    },
    "spectral_kurtosis": {
        "dmean": 1.61783277988,
        "dmean2": 2.68237257004,
        "dvar": 3.25636768341,
        "dvar2": 9.68721294403,
        "max": 21.7012786865,
        "mean": 3.59808325768,
        "median": 3.1719622612,
        "min": -0.242499351501,
        "stdev": 2.17683625221,
        "var": 4.73861598969
    },
    "spectral_rms": {
        "dmean": 0.000750809558667,
        "dmean2": 0.00124048255384,
        "dvar": 1.55750410613e-06,
        "dvar2": 3.97667690777e-06,
        "max": 0.0114960502833,
        "mean": 0.00120471860282,
        "median": 0.000537701766007,
        "min": 1.47007749547e-05,
        "stdev": 0.00165140663739,
        "var": 2.72714396488e-06
    },
    "spectral_rolloff": {
        "dmean": 1444.90576172,
        "dmean2": 2424.44921875,
        "dvar": 3334570.5,
        "dvar2": 7870704,
        "max": 17441.8945312,
        "mean": 5546.48828125,
        "median": 5469.43359375,
        "min": 21.533203125,
        "stdev": 2766.02832031,
        "var": 7650913
    },
    "spectral_skewness": {
        "dmean": 0.27948307991,
        "dmean2": 0.463458061218,
        "dvar": 0.0752709507942,
        "dvar2": 0.21690569818,
        "max": 3.42645049095,
        "mean": 1.24756574631,
        "median": 1.19536566734,
        "min": 0.0355060435832,
        "stdev": 0.37997636199,
        "var": 0.144382044673
    },
    "spectral_spread": {
        "dmean": 872981.875,
        "dmean2": 1432493.25,
        "dvar": 795667857408,
        "dvar2": 1.9860169687e+12,
        "max": 10476989,
        "mean": 4484188,
        "median": 4032881.25,
        "min": 1488806,
        "stdev": 1763599.5,
        "var": 3.11028298547e+12
    },
    "spectral_strongpeak": {
        "dmean": 0.911029160023,
        "dmean2": 1.51859354973,
        "dvar": 4.58107280731,
        "dvar2": 11.7655448914,
        "max": 28.3293838501,
        "mean": 0.932860016823,
        "median": 0.169988393784,
        "min": 0,
        "stdev": 2.22563529015,
        "var": 4.95345211029
    },
    "zerocrossingrate": {
        "dmean": 0.0236593969166,
        "dmean2": 0.0292402394116,
        "dvar": 0.000469936785521,
        "dvar2": 0.000708839448635,
        "max": 0.38916015625,
        "mean": 0.184321776032,
        "median": 0.192626953125,
        "min": 0.00048828125,
        "stdev": 0.0727093443274,
        "var": 0.00528664840385
    },
    "barkbands": {
        "dmean": [0.00017621635925, 6.67530111969e-05, 2.39750552282e-05, 1.36835224112e-05, 3.44253057847e-05, 1.29421605379e-05, 1.34390465973e-05, 9.73088117462e-06, 1.8296739654e-05, 2.15215368371e-05, 2.63278398052e-05, 4.39340401499e-05, 7.449228724e-05, 0.000137576746056, 0.000253743230132, 0.000328134803567, 0.000275608937955, 0.000194847176317, 0.00046603436931, 0.000784688512795, 0.000810104480479, 0.00042499913252, 0.000467224774184, 0.000277182174614, 0.000358043034794, 2.42538899329e-05, 1.0567485333e-05],
        "dmean2": [0.00027919531567, 0.00011409810395, 4.46746089438e-05, 2.45373103098e-05, 6.15416429355e-05, 2.35670995608e-05, 2.45582141361e-05, 1.72826803464e-05, 3.10322066071e-05, 3.57171775249e-05, 4.65889097541e-05, 7.65094300732e-05, 0.000128852436319, 0.000233357772231, 0.000445874902653, 0.000584437279031, 0.00049063708866, 0.000345393113093, 0.000807263131719, 0.00143593735993, 0.00142248324119, 0.000784935255069, 0.00083448382793, 0.000523465627339, 0.000660702469759, 4.64941331302e-05, 2.03157160286e-05],
        "dvar": [7.25502957266e-07, 1.80105956815e-07, 3.14983772398e-08, 4.08020683906e-09, 7.70250565552e-08, 3.15194337297e-09, 1.32515856066e-08, 5.53819390348e-09, 9.69519220462e-09, 1.05756994273e-08, 4.61425777587e-08, 5.04661805678e-08, 2.15982183249e-07, 1.13344265174e-06, 1.556453185e-06, 1.75633306299e-06, 1.23358313431e-06, 3.55743026148e-07, 2.84472685053e-06, 7.5567568274e-06, 6.06372987022e-06, 2.63743140749e-06, 5.15300098414e-06, 2.42889973379e-06, 3.76180400963e-06, 4.20606589557e-08, 9.28207111173e-09],
        "dvar2": [1.7041686533e-06, 4.59413826093e-07, 9.59037578241e-08, 1.1704281988e-08, 2.10739585782e-07, 7.88402410024e-09, 3.72807953397e-08, 1.52266519393e-08, 2.39939783597e-08, 2.3951731265e-08, 1.30601961246e-07, 1.36177348509e-07, 5.72401233967e-07, 2.91364108307e-06, 4.26778024121e-06, 4.68206781079e-06, 3.37755272994e-06, 9.46804902924e-07, 7.34772356736e-06, 2.08121473406e-05, 1.69185987033e-05, 7.64298692957e-06, 1.40324591484e-05, 7.27184533389e-06, 1.10861574285e-05, 1.25334693735e-07, 2.76864309257e-08],
        "max": [0.0185371004045, 0.0071784965694, 0.00347390770912, 0.000871830969118, 0.00617990549654, 0.00086197280325, 0.00258000125177, 0.00169999257196, 0.00220734509639, 0.00221114140004, 0.00470871478319, 0.00318578840233, 0.00946320220828, 0.0247311256826, 0.0218526981771, 0.0205516442657, 0.0130084296688, 0.00673975655809, 0.0310819167644, 0.0264210253954, 0.0242681037635, 0.0198467038572, 0.0336184091866, 0.0285609290004, 0.0329676233232, 0.00376669690013, 0.00140831887256],
        "mean": [0.000190194536117, 5.4870317399e-05, 1.52963675646e-05, 1.06727811726e-05, 2.56696257566e-05, 1.10097116703e-05, 9.71542522166e-06, 7.61963929108e-06, 1.51407284648e-05, 1.89120637515e-05, 2.05485575862e-05, 3.3990949305e-05, 5.8891811932e-05, 0.000108630687464, 0.000192108927877, 0.000262456887867, 0.000210764701478, 0.000156868685735, 0.000384605897125, 0.000613759562839, 0.000722081866115, 0.000335973454639, 0.000355644093361, 0.000196081775357, 0.000249095173785, 1.49325196617e-05, 6.34427351542e-06],
        "median": [3.25832593262e-06, 9.38924983984e-07, 2.0379469845e-07, 2.36650578245e-07, 5.80443497711e-07, 2.76035279967e-07, 1.49248876369e-07, 1.81660738008e-07, 3.75303386591e-07, 4.63416029106e-07, 5.43994246982e-07, 1.1397594335e-06, 1.26009877022e-06, 2.84844873022e-06, 7.44582484913e-06, 1.25136575662e-05, 1.10813243737e-05, 7.69319103711e-06, 1.41722230182e-05, 1.312925815e-05, 2.14891570067e-05, 9.6796948128e-06, 9.38469020184e-06, 3.37734354616e-06, 2.69450856649e-06, 1.31176761897e-07, 9.10879833782e-08],
        "min": [4.83271556107e-09, 9.88220261178e-09, 1.17583776049e-10, 5.20020027039e-10, 7.36890104491e-10, 1.00171970718e-09, 4.56510107494e-10, 5.44188138996e-10, 1.13932574486e-09, 1.33718891515e-09, 9.91928650329e-10, 1.45088840942e-09, 1.13451825712e-09, 2.6735176295e-09, 3.24942805996e-09, 3.06253400417e-09, 1.84813719883e-09, 2.74297251579e-09, 3.32154814764e-09, 4.82238737831e-09, 6.30072660712e-09, 4.2356136376e-09, 5.3396065347e-09, 6.60078791626e-09, 8.99506247265e-09, 1.47260958983e-08, 1.67660747508e-08],
        "stdev": [0.00108195864595, 0.000385933177313, 0.000131114764372, 5.38496642548e-05, 0.000223940849537, 5.13816485181e-05, 9.06495261006e-05, 6.03463158768e-05, 9.38773810049e-05, 0.000105219689431, 0.000167072445038, 0.000188650301425, 0.000391117529944, 0.000918129575439, 0.00104654382449, 0.00115871499293, 0.000928928959183, 0.000542298133951, 0.00157979596406, 0.00241122557782, 0.00228572427295, 0.00130059593357, 0.00188170501497, 0.00116048648488, 0.00146597996354, 0.000149422470713, 6.94484551786e-05],
        "var": [1.17063450489e-06, 1.48944423017e-07, 1.71910805591e-08, 2.89978618895e-09, 5.01495023286e-08, 2.6400737152e-09, 8.21733614487e-09, 3.64167762612e-09, 8.81296280397e-09, 1.10711830814e-08, 2.79132041925e-08, 3.55889362424e-08, 1.52972916112e-07, 8.42961924263e-07, 1.0952538787e-06, 1.34262052143e-06, 8.62908962063e-07, 2.94087271868e-07, 2.49575532507e-06, 5.81400854571e-06, 5.22453501617e-06, 1.69154986907e-06, 3.54081385012e-06, 1.34672893637e-06, 2.14909732676e-06, 2.23270752997e-08, 4.82308815108e-09]
    },
    "erbbands": {
        "dmean": [0.00362062035128, 0.0110517218709, 0.0278154816478, 0.0358116514981, 0.0838957577944, 0.120766200125, 0.122619278729, 0.104093447328, 0.14955213666, 0.240809425712, 0.212108179927, 0.383624792099, 0.700974404812, 0.756544828415, 1.1798170805, 2.01171183586, 3.1115489006, 6.3856959343, 10.2226219177, 15.5945177078, 18.7639274597, 15.3132066727, 10.8016328812, 16.3199806213, 28.6208972931, 36.8944320679, 36.2634811401, 29.0106964111, 16.8964252472, 9.71781253815, 15.0861530304, 7.81438016891, 4.85053777695, 5.43963289261, 1.70613217354, 0.220279306173, 0.0229636244476, 0.00643858592957, 0.00223894976079, 0.000128227824462],
        "dmean2": [0.00623099738732, 0.0193859040737, 0.0521097555757, 0.0654922798276, 0.153229579329, 0.21728733182, 0.223911553621, 0.189157932997, 0.271529823542, 0.432282298803, 0.369771808386, 0.665886640549, 1.1747303009, 1.2612323761, 2.05094075203, 3.52040719986, 5.31722927094, 10.9523134232, 17.4938373566, 27.7926483154, 33.4406547546, 27.3781166077, 19.2733802795, 28.6827774048, 50.2688179016, 67.250617981, 64.1600341797, 51.2776107788, 30.7430515289, 17.3916358948, 26.9942646027, 14.3384342194, 9.12717151642, 10.0315828323, 3.22064781189, 0.415196090937, 0.044215478003, 0.0125894295052, 0.0042481822893, 0.000246772629907],
        "dvar": [0.000558193656616, 0.00510177295655, 0.0460374504328, 0.0345412045717, 0.277868121862, 1.10721790791, 0.66249859333, 0.190589889884, 1.04687571526, 5.67876958847, 1.13333010674, 4.41545534134, 16.3806381226, 19.1581840515, 54.4944267273, 103.187049866, 309.651123047, 2806.0456543, 3883.88671875, 4679.81982422, 5538.97509766, 3881.57397461, 1292.76904297, 2666.78710938, 11851.6376953, 16657.4023438, 15273.9306641, 8569.62109375, 4471.87011719, 932.540405273, 6217.97460938, 1898.1237793, 757.044433594, 630.970336914, 316.587585449, 2.88415980339, 0.0467193797231, 0.00620203465223, 0.000473766616778, 1.34765707571e-06],
        "dvar2": [0.00152500334661, 0.0139538934454, 0.139582246542, 0.100047573447, 0.762934088707, 3.03108716011, 1.8662725687, 0.47850844264, 2.89063692093, 15.8287277222, 2.89204025269, 11.0836410522, 39.6551589966, 47.7164535522, 150.24621582, 278.883850098, 797.578552246, 7276.17382812, 10278.9238281, 12958.3232422, 14620.8222656, 10724.5507812, 3482.37524414, 6797.90869141, 31066.6210938, 45890.5390625, 43916.7695312, 23565.6503906, 12966.3886719, 2632.52929688, 16995.921875, 5440.6328125, 2243.99145508, 1841.03210449, 943.148925781, 8.55870246887, 0.141471236944, 0.0186656210572, 0.00140698940959, 4.02408795708e-06],
        "max": [0.402119845152, 1.12179279327, 4.22324085236, 3.01681733131, 10.8671693802, 23.6360569, 17.0014762878, 6.28496932983, 22.4687175751, 54.41248703, 23.7493629456, 47.402256012, 96.3281936646, 99.8843383789, 147.600021362, 155.811355591, 338.459716797, 1226.11401367, 1334.3984375, 1131.14050293, 1042.73547363, 851.882324219, 428.701477051, 789.775756836, 2057.60717773, 1329.23840332, 1553.40588379, 980.560546875, 743.164978027, 274.729248047, 1373.52990723, 839.813659668, 487.943511963, 344.15512085, 372.182861328, 32.9013748169, 4.353723526, 1.64402282238, 0.421974360943, 0.0203136708587],
        "mean": [0.00323395244777, 0.00789931137115, 0.017755087465, 0.0281438808888, 0.0629234686494, 0.0878049582243, 0.0917383879423, 0.0888076201081, 0.112834326923, 0.175748720765, 0.175813883543, 0.316828787327, 0.59899520874, 0.643175661564, 0.933597266674, 1.54949748516, 2.54872536659, 4.919672966, 7.97041034698, 12.091178894, 15.2335100174, 11.7888221741, 8.59081745148, 14.2389574051, 22.7039527893, 28.79337883, 29.8068065643, 25.6647052765, 13.559006691, 7.54051160812, 11.2186203003, 5.83556509018, 3.46160936356, 3.7607998848, 1.12968826294, 0.143733814359, 0.0144424149767, 0.00377837452106, 0.00136974791531, 8.0789810454e-05],
        "median": [6.22892548563e-05, 0.000108233725769, 0.000244161608862, 0.00054727634415, 0.00135232973844, 0.00181185232941, 0.00214926619083, 0.00256989453919, 0.00224664248526, 0.00285417214036, 0.00478840712458, 0.00818520225585, 0.0141163207591, 0.0185775086284, 0.0321459472179, 0.0477507710457, 0.0621748380363, 0.115126095712, 0.282793521881, 0.494046658278, 0.765309929848, 0.629614472389, 0.426795303822, 0.605518937111, 0.695982813835, 0.63295173645, 0.787815451622, 0.751182436943, 0.397557467222, 0.22221916914, 0.304120957851, 0.127479031682, 0.0537542104721, 0.0451150797307, 0.00844848155975, 0.00125678442419, 0.000173123349668, 5.69090043427e-05, 1.45086169141e-05, 2.06174217965e-06],
        "min": [4.52654859373e-07, 6.18271769781e-07, 9.94042920865e-07, 3.70691645912e-06, 2.89136528409e-06, 1.91102253666e-06, 4.54833343611e-06, 8.25833922136e-06, 8.7203206931e-06, 1.58652019309e-05, 1.28491919895e-05, 3.06830370391e-05, 3.7964709918e-05, 3.14605167659e-05, 3.87216750823e-05, 8.8865388534e-05, 7.70260521676e-05, 0.000168229307747, 0.000156815891387, 0.000180561924935, 0.000204641037271, 0.000111415945867, 0.000153369241161, 0.000172277839738, 0.000136529386509, 0.000240749985096, 0.000215916094021, 0.000253495876677, 0.000162564407219, 0.000143060067785, 0.000165474557434, 9.52508999035e-05, 0.000108380962047, 8.78067148733e-05, 7.62267663958e-05, 5.49978794879e-05, 2.87799139187e-05, 1.17173931358e-05, 2.08496226151e-06, 2.37219225596e-07],
        "stdev": [0.0216622520238, 0.0594135001302, 0.158651083708, 0.153027102351, 0.435188561678, 0.843196928501, 0.640306591988, 0.400814592838, 0.832251667976, 1.88216221333, 0.96412563324, 1.95762097836, 3.8785879612, 3.99652934074, 5.98824453354, 8.52555656433, 15.3280696869, 45.1173324585, 52.9751281738, 57.2878265381, 65.9101791382, 51.6242179871, 31.5325641632, 50.5793075562, 98.9986419678, 112.636909485, 105.623023987, 86.0776824951, 53.7972602844, 26.2590847015, 64.7817077637, 34.0144996643, 20.552898407, 19.5539779663, 12.8168382645, 1.24029827118, 0.157139629126, 0.0562341213226, 0.0157916322351, 0.000835232844111],
        "var": [0.000469253165647, 0.00352996378206, 0.0251701679081, 0.0234172958881, 0.189389079809, 0.710981070995, 0.409992516041, 0.160652339458, 0.692642807961, 3.54253458977, 0.929538190365, 3.83227968216, 15.0434446335, 15.97224617, 35.8590698242, 72.6851119995, 234.949707031, 2035.57373047, 2806.36425781, 3281.89501953, 4344.15136719, 2665.05981445, 994.30255127, 2558.26635742, 9800.73046875, 12687.0732422, 11156.2236328, 7409.3671875, 2894.14526367, 689.539550781, 4196.66943359, 1156.98620605, 422.421630859, 382.358062744, 164.271331787, 1.53833973408, 0.0246928613633, 0.00316227623262, 0.0002493756474, 6.97613927514e-07]
    },
    "gfcc": {
        "mean": [-227.867233276, -33.5036506653, -141.754180908, 57.5990905762, -46.9980010986, 20.5519008636, -33.6641311646, 4.24045610428, -15.7051563263, 3.17773389816, -12.0066919327, -2.28663897514, 1.50433421135],
        "cov": [[20347.6503906, -1112.35021973, -3356.8359375, 1170.76599121, -1993.90905762, 286.066101074, -781.483154297, 201.657028198, -661.650268555, -42.1220016479, -151.692062378, -672.479187012, 323.383575439], [-1112.35021973, 1970.12792969, 932.667297363, -211.647293091, 469.159973145, -76.3062057495, 225.818481445, -134.054016113, 49.1044197083, 63.7717933655, 73.7642745972, 50.7018508911, -60.3299369812], [-3356.8359375, 932.667297363, 1928.21691895, -311.67855835, 436.185394287, -33.3894119263, 189.681472778, -96.3633117676, 68.2708969116, 53.7764549255, 0.283724159002, 144.517974854, -110.423362732], [1170.76599121, -211.647293091, -311.67855835, 370.01663208, -116.092086792, 23.9655838013, -32.5252532959, 34.0159835815, -8.95195865631, -12.0694618225, 10.1322031021, -41.8118057251, 44.1826667786], [-1993.90905762, 469.159973145, 436.185394287, -116.092086792, 515.583862305, -14.5442113876, 130.144348145, -3.92913222313, 90.5641021729, 44.6653594971, 28.6496124268, 71.8261489868, -35.8679656982], [286.066101074, -76.3062057495, -33.3894119263, 23.9655838013, -14.5442113876, 146.724151611, 10.2494087219, 19.0526790619, 3.45613074303, 2.71257400513, 6.44216918945, -10.25248909, 13.9759187698], [-781.483154297, 225.818481445, 189.681472778, -32.5252532959, 130.144348145, 10.2494087219, 174.695953369, 2.96637177467, 37.0049858093, 21.4181442261, 17.6233196259, 30.1800041199, -7.28650617599], [201.657028198, -134.054016113, -96.3633117676, 34.0159835815, -3.92913222313, 19.0526790619, 2.96637177467, 118.206001282, 18.898015976, 5.01777267456, -4.47991085052, -7.58594751358, 18.1083965302], [-661.650268555, 49.1044197083, 68.2708969116, -8.95195865631, 90.5641021729, 3.45613074303, 37.0049858093, 18.898015976, 121.549659729, 8.8268032074, 14.4433450699, 40.0329055786, -9.88268280029], [-42.1220016479, 63.7717933655, 53.7764549255, -12.0694618225, 44.6653594971, 2.71257400513, 21.4181442261, 5.01777267456, 8.8268032074, 76.5843963623, 12.5728979111, 3.45616722107, 15.0650396347], [-151.692062378, 73.7642745972, 0.283724159002, 10.1322031021, 28.6496124268, 6.44216918945, 17.6233196259, -4.47991085052, 14.4433450699, 12.5728979111, 83.8811950684, 22.3376712799, -3.30816698074], [-672.479187012, 50.7018508911, 144.517974854, -41.8118057251, 71.8261489868, -10.25248909, 30.1800041199, -7.58594751358, 40.0329055786, 3.45616722107, 22.3376712799, 83.1115493774, -4.97816419601], [323.383575439, -60.3299369812, -110.423362732, 44.1826667786, -35.8679656982, 13.9759187698, -7.28650617599, 18.1083965302, -9.88268280029, 15.0650396347, -3.30816698074, -4.97816419601, 67.4443740845]],
        "icov": [[0.000167456892086, -0.000206182245165, 0.000172633051989, -0.000274223450106, 0.000440190167865, -0.000296986487228, 0.000365012267139, -0.000284597626887, 0.000420310214395, -0.000334314798238, 0.000217588123633, 0.000222959075472, 4.98119588883e-05], [-0.000206182245165, 0.00116586440708, -0.000508678785991, 0.000482375704451, -0.0010349128861, 0.000781619513873, -0.00105363246985, 0.00112954049837, -0.000560345069971, 0.000434417568613, -0.00106079166289, 0.000735751003958, -0.000423675723141], [0.000172633051989, -0.000508678785991, 0.00111810967792, -6.25455795671e-05, 0.000244306400418, -0.000540074252058, 0.000147120226757, -0.000140805830597, 0.000730962550733, -0.000860763597302, 0.00103447609581, -0.0011379881762, 0.00115049793385], [-0.000274223450106, 0.000482375704451, -6.25455795671e-05, 0.00394220370799, -0.000445535290055, 0.00043758112588, -0.000757007859647, 0.000223151902901, -0.00130120525137, 0.00125713890884, -0.0014552740613, 0.0011671136599, -0.00186461617704], [0.000440190167865, -0.0010349128861, 0.000244306400418, -0.000445535290055, 0.00456155557185, -0.000761766685173, -2.55064551311e-05, -0.00137362524401, -0.000185911252629, -0.00194042734802, 0.000705165439285, -0.000567281676922, 0.00100420648232], [-0.000296986487228, 0.000781619513873, -0.000540074252058, 0.00043758112588, -0.000761766685173, 0.00798004772514, -0.0015620382037, -8.25403094495e-06, -0.00124102504924, 0.00090718397405, -0.00165912532248, 0.00139660085551, -0.00163580931257], [0.000365012267139, -0.00105363246985, 0.000147120226757, -0.000757007859647, -2.55064551311e-05, -0.0015620382037, 0.00878005940467, -0.00144646014087, 0.000171637017047, -0.0014683593763, 0.000239540982875, -0.000616777630057, 1.05541157609e-05], [-0.000284597626887, 0.00112954049837, -0.000140805830597, 0.000223151902901, -0.00137362524401, -8.25403094495e-06, -0.00144646014087, 0.0108761880547, -0.0027369831223, 0.000244144641329, -0.000175718509126, 0.00129442219622, -0.0021756652277], [0.000420310214395, -0.000560345069971, 0.000730962550733, -0.00130120525137, -0.000185911252629, -0.00124102504924, 0.000171637017047, -0.0027369831223, 0.0124746682122, -0.00155343965162, 0.000758001988288, -0.00449617020786, 0.00232456787489], [-0.000334314798238, 0.000434417568613, -0.000860763597302, 0.00125713890884, -0.00194042734802, 0.00090718397405, -0.0014683593763, 0.000244144641329, -0.00155343965162, 0.0165228769183, -0.00320800137706, 0.00209099543281, -0.00560674304143], [0.000217588123633, -0.00106079166289, 0.00103447609581, -0.0014552740613, 0.000705165439285, -0.00165912532248, 0.000239540982875, -0.000175718509126, 0.000758001988288, -0.00320800137706, 0.0150771290064, -0.00516658043489, 0.00263256486505], [0.000222959075472, 0.000735751003958, -0.0011379881762, 0.0011671136599, -0.000567281676922, 0.00139660085551, -0.000616777630057, 0.00129442219622, -0.00449617020786, 0.00209099543281, -0.00516658043489, 0.020189570263, -0.00393302366138], [4.98119588883e-05, -0.000423675723141, 0.00115049793385, -0.00186461617704, 0.00100420648232, -0.00163580931257, 1.05541157609e-05, -0.0021756652277, 0.00232456787489, -0.00560674304143, 0.00263256486505, -0.00393302366138, 0.0202045142651]]
    },
    "melbands": {
        "dmean": [3.01167874568e-05, 1.39362091431e-05, 7.4634936027e-06, 7.47006106394e-06, 4.55873441751e-06, 2.30410682889e-06, 2.44012881012e-06, 2.55790450865e-06, 1.6874676021e-06, 2.67162067757e-06, 3.53126756636e-06, 2.94258120448e-06, 3.72187173525e-06, 4.88471687277e-06, 5.2092354963e-06, 8.90461069503e-06, 1.18418438433e-05, 1.53075961862e-05, 1.91962571989e-05, 2.08297497011e-05, 2.2784974135e-05, 1.70634448295e-05, 1.1238416846e-05, 8.78908940649e-06, 1.3204786228e-05, 1.99970945687e-05, 2.29875658988e-05, 2.56946514128e-05, 2.39051078097e-05, 1.85264980246e-05, 1.80795177585e-05, 1.06126972241e-05, 6.21238314125e-06, 4.6084414862e-06, 7.96951462689e-06, 8.9501563707e-06, 3.5982254758e-06, 2.82081509795e-06, 4.75543038192e-06, 4.40039002569e-06],
        "dmean2": [4.9102542107e-05, 2.59410371655e-05, 1.33732919494e-05, 1.33240464493e-05, 8.2809219748e-06, 4.2462206693e-06, 4.43590397481e-06, 4.59851844425e-06, 2.90608818432e-06, 4.6143891268e-06, 5.90352283325e-06, 4.83125040773e-06, 6.52659446132e-06, 8.59245028551e-06, 8.92812386155e-06, 1.54120152729e-05, 2.01087386813e-05, 2.62338617176e-05, 3.39260368492e-05, 3.670163278e-05, 4.06006547564e-05, 3.05065714201e-05, 2.03357649298e-05, 1.55077013915e-05, 2.32607908401e-05, 3.49344336428e-05, 4.04011116188e-05, 4.68585312774e-05, 4.21635959356e-05, 3.32580202667e-05, 3.15412107739e-05, 1.95894754143e-05, 1.13094556582e-05, 8.27253734315e-06, 1.43159068102e-05, 1.61481730174e-05, 6.72403166391e-06, 5.36293646292e-06, 8.74650868354e-06, 8.18595162855e-06],
        "dvar": [2.84627077463e-08, 1.00510959555e-08, 1.43514622408e-09, 3.53796236752e-09, 1.08501607698e-09, 9.45935482721e-11, 3.21987186913e-10, 6.56270648935e-10, 5.08474026772e-11, 2.35548608396e-10, 3.99010657848e-10, 2.4839985624e-10, 7.84482978577e-10, 7.45968564697e-10, 6.18764539606e-10, 4.21907087045e-09, 8.95896512532e-09, 1.01212540571e-08, 7.50493267532e-09, 7.01729074848e-09, 8.23099721714e-09, 4.67403094007e-09, 2.02911598635e-09, 6.50783205103e-10, 1.75861503138e-09, 6.59082166621e-09, 6.97619562118e-09, 8.57210658012e-09, 7.2840276033e-09, 3.14767389931e-09, 4.39756808746e-09, 2.24909846303e-09, 4.13131251431e-10, 2.36997949044e-10, 1.76599246338e-09, 3.29966498569e-09, 3.51900286688e-10, 3.61591728781e-10, 4.03516359215e-10, 4.82206996555e-10],
        "dvar2": [7.07262728383e-08, 2.97130320348e-08, 4.0761927167e-09, 9.65020863219e-09, 3.04233127579e-09, 2.35160502182e-10, 8.91157148075e-10, 1.83842585599e-09, 1.24557072989e-10, 5.9356936033e-10, 9.57914969568e-10, 6.00070992895e-10, 2.19245399613e-09, 2.06259542779e-09, 1.60098101443e-09, 1.12655422768e-08, 2.28553904691e-08, 2.6360957861e-08, 2.09529265049e-08, 1.88876061458e-08, 2.20019824582e-08, 1.28911921138e-08, 5.57474155727e-09, 1.73645664514e-09, 4.50982406974e-09, 1.73162728601e-08, 1.82073929267e-08, 2.41082993568e-08, 2.10236752451e-08, 8.9979703688e-09, 1.19032170787e-08, 6.56801946164e-09, 1.19134557774e-09, 6.734098279e-10, 4.84961004688e-09, 9.10581832159e-09, 1.03423059006e-09, 1.07606845656e-09, 1.16760034974e-09, 1.40344558197e-09],
        "max": [0.00312215741724, 0.00191912602168, 0.000540999055374, 0.00131913891528, 0.000707974133547, 0.000130849628476, 0.000399330747314, 0.000582899490837, 0.000143994882819, 0.000350042275386, 0.000471901177661, 0.000350853078999, 0.000607332331128, 0.000414839130826, 0.000443876720965, 0.00139079079963, 0.00219931616448, 0.0022301459685, 0.00132306106389, 0.00133988016751, 0.00120905891526, 0.0009019706049, 0.000548979034647, 0.000299273786368, 0.000597113044932, 0.00161019829102, 0.00138493767008, 0.000893437769264, 0.00102960737422, 0.000698520219885, 0.000728568236809, 0.000580894353334, 0.000256444880506, 0.000169336402905, 0.000831388926599, 0.00115942198317, 0.000294833880616, 0.000350713700755, 0.000256524392171, 0.000318177044392],
        "mean": [3.15023717121e-05, 9.38349694479e-06, 5.87331624047e-06, 5.56705072086e-06, 3.37911160386e-06, 1.99346118279e-06, 1.82845701602e-06, 1.88615922525e-06, 1.43137663144e-06, 2.18310538003e-06, 3.01847217088e-06, 2.5070880838e-06, 2.94660003419e-06, 3.69483586837e-06, 4.29658348367e-06, 6.79581989971e-06, 9.15273085411e-06, 1.21295870485e-05, 1.45956391862e-05, 1.67305679497e-05, 1.81836403499e-05, 1.29756108436e-05, 8.48892159411e-06, 7.16372005627e-06, 1.15879856821e-05, 1.5994433852e-05, 1.79013914021e-05, 1.94195854419e-05, 1.88708600035e-05, 1.60810905072e-05, 1.52917200467e-05, 8.30731914903e-06, 4.73142836199e-06, 3.55349607162e-06, 5.85720545132e-06, 6.65722882331e-06, 2.58736554315e-06, 1.86252509593e-06, 3.47848754245e-06, 2.97481756206e-06],
        "median": [7.16074055163e-07, 1.29648498159e-07, 1.30182911562e-07, 1.17202446859e-07, 8.6505821173e-08, 5.33295398952e-08, 3.40229036055e-08, 3.4032055396e-08, 4.10044194155e-08, 5.28107904074e-08, 6.81845619965e-08, 7.16222103847e-08, 9.08821320422e-08, 1.218503769e-07, 1.27050654442e-07, 1.4544161786e-07, 2.22496908009e-07, 3.79954030905e-07, 6.06940602665e-07, 7.38098265174e-07, 8.73242697708e-07, 6.57541590954e-07, 4.03399383231e-07, 3.66475035207e-07, 4.69077690468e-07, 5.29745761924e-07, 4.28903717875e-07, 3.86135525332e-07, 4.71142016067e-07, 4.62054913442e-07, 3.44864588442e-07, 2.2108999076e-07, 1.24383291222e-07, 9.36129396223e-08, 1.58264313654e-07, 1.22838642369e-07, 4.56088926626e-08, 2.68396842529e-08, 5.32170076895e-08, 2.99066194032e-08],
        "min": [4.67571847906e-09, 4.94700225229e-10, 8.90645612817e-10, 2.27567437117e-10, 2.06375944112e-10, 1.91778204428e-10, 1.36626585046e-10, 1.36628458547e-10, 1.06984303361e-10, 1.68598329742e-10, 1.906484276e-10, 9.57433576865e-11, 1.44311007588e-10, 1.3851927938e-10, 1.99960284442e-10, 1.62556523797e-10, 3.19044984876e-10, 2.17319148788e-10, 2.27315402612e-10, 1.73427244787e-10, 2.5200713738e-10, 1.11982603745e-10, 9.08333824823e-11, 1.42078612764e-10, 1.31246791213e-10, 1.18871801291e-10, 9.3178909033e-11, 1.55294999082e-10, 1.30319727232e-10, 1.21064214209e-10, 1.49806458905e-10, 8.03862740262e-11, 9.24346085784e-11, 7.35545513386e-11, 9.28233045983e-11, 6.32237456832e-11, 5.28100341235e-11, 6.79303072126e-11, 8.19577530842e-11, 7.15068906865e-11],
        "stdev": [0.000183508949704, 7.68516401877e-05, 3.17740923492e-05, 4.82010364067e-05, 2.59345360973e-05, 8.98155576579e-06, 1.45091826198e-05, 2.01142156584e-05, 6.83321059114e-06, 1.42091594171e-05, 1.93340019905e-05, 1.48919734784e-05, 2.21749378397e-05, 2.22463822865e-05, 2.18847599172e-05, 5.37930609426e-05, 8.20169807412e-05, 8.62773231347e-05, 7.25420759409e-05, 7.26408616174e-05, 7.92552746134e-05, 5.68991636101e-05, 3.71853457182e-05, 2.37398235186e-05, 4.10080901929e-05, 7.33355846023e-05, 7.68845566199e-05, 7.80947375461e-05, 7.11834218237e-05, 5.09077763127e-05, 6.07792753726e-05, 3.68940054614e-05, 1.7023201508e-05, 1.30470034492e-05, 3.43485080521e-05, 4.62870193587e-05, 1.43988854688e-05, 1.38468958539e-05, 1.59751325555e-05, 1.69681552507e-05],
        "var": [3.36755334729e-08, 5.90617421636e-09, 1.00959296478e-09, 2.32333996486e-09, 6.7260019776e-10, 8.06683400634e-11, 2.10516382104e-10, 4.04581673719e-10, 4.66927677079e-11, 2.01900218766e-10, 3.73803599185e-10, 2.21770865561e-10, 4.91727880636e-10, 4.94901564174e-10, 4.78942718818e-10, 2.89369350703e-09, 6.72678535096e-09, 7.44377670614e-09, 5.26235233167e-09, 5.27669508088e-09, 6.28139895653e-09, 3.23751470077e-09, 1.38274991457e-09, 5.63579183321e-10, 1.68166336412e-09, 5.37810818102e-09, 5.911235057e-09, 6.09878769708e-09, 5.06707964476e-09, 2.59160159999e-09, 3.69412012091e-09, 1.36116773408e-09, 2.89789359176e-10, 1.70224306872e-10, 1.17982001946e-09, 2.14248818686e-09, 2.07327904844e-10, 1.91736529431e-10, 2.55204857247e-10, 2.87918272557e-10]
    },
    "melbands128": {
