{
"lowlevel": {
    "average_loudness": 0.175879433751,
    "barkbands_crest": {
        "dmean": 1.94655811787,
        "dmean2": 3.32513618469,
        "dvar": 9.75640869141,
        "dvar2": 28.3028335571,
        "max": 26.9989395142,
        "mean": 21.6320915222,
        "median": 24.650970459,
        "min": 4.64436292648,
        "stdev": 6.12229061127,
        "var": 37.4824409485
    },
    "barkbands_flatness_db": {
        "dmean": 0.022805288434,
        "dmean2": 0.0324611328542,
        "dvar": 0.000734810251743,
        "dvar2": 0.00187812594231,
        "max": 0.778184771538,
        "mean": 0.399833023548,
        "median": 0.347664177418,
        "min": 0.0599015317857,
        "stdev": 0.234465181828,
        "var": 0.0549739189446
    },
    "barkbands_kurtosis": {
        "dmean": 1439.42712402,
        "dmean2": 2459.12036133,
        "dvar": 20815582,
        "dvar2": 64070644,
        "max": 46547.765625,
        "mean": 2413.48974609,
        "median": 14.8035087585,
        "min": -1.630469203,
        "stdev": 6028.55419922,
        "var": 36343464
    },
    "barkbands_skewness": {
        "dmean": 6.33394575119,
        "dmean2": 10.7020111084,
        "dvar": 177.879821777,
        "dvar2": 417.812957764,
        "max": 46.8430786133,
        "mean": -14.3712558746,
        "median": -0.626713275909,
        "min": -153.282012939,
        "stdev": 35.2594223022,
        "var": 1243.22680664
    },
    "barkbands_spread": {
        "dmean": 7.78274822235,
        "dmean2": 13.2657165527,
        "dvar": 155.054931641,
        "dvar2": 464.314544678,
        "max": 107.823074341,
        "mean": 19.163438797,
        "median": 13.3006677628,
        "min": 0.00340073858388,
        "stdev": 21.6757965088,
        "var": 469.840148926
    },
    "dissonance": {
        "dmean": 0.00589901069179,
        "dmean2": 0.0101019022986,
        "dvar": 0.000187784695299,
        "dvar2": 0.00046728932648,
        "max": 0.500000059605,
        "mean": 0.492708265781,
        "median": 0.497354626656,
        "min": 0.412259399891,
        "stdev": 0.0132331196219,
        "var": 0.000175115448656
    },
    "dynamic_complexity": 30.2712039948,
    "erbbands_crest": {
        "dmean": 0.410133421421,
        "dmean2": 0.544943213463,
        "dvar": 1.28431606293,
        "dvar2": 1.62803435326,
        "max": 24.4010677338,
        "mean": 20.3356494904,
        "median": 24.2887077332,
        "min": 2.29737997055,
        "stdev": 6.90113401413,
        "var": 47.6256484985
    },
    "erbbands_flatness_db": {
        "dmean": 0.0107294581831,
        "dmean2": 0.0115524828434,
        "dvar": 0.000208710509469,
        "dvar2": 9.34033596423e-05,
        "max": 0.738716006279,
        "mean": 0.388089954853,
        "median": 0.40106767416,
        "min": 0.0277830082923,
        "stdev": 0.249607935548,
        "var": 0.0623041205108
    },
    "erbbands_kurtosis": {
        "dmean": 7.08296632767,
        "dmean2": 8.28706932068,
        "dvar": 113.799133301,
        "dvar2": 203.18208313,
        "max": 215.206634521,
        "mean": 47.1844024658,
        "median": 16.5767364502,
        "min": -1.24824237823,
        "stdev": 61.196346283,
        "var": 3744.99267578
    },
    "erbbands_skewness": {
        "dmean": 0.589298248291,
        "dmean2": 0.799029231071,
        "dvar": 0.631923556328,
        "dvar2": 1.45627427101,
        "max": 8.82880210876,
        "mean": -0.124987117946,
        "median": -0.259330689907,
        "min": -6.57724571228,
        "stdev": 2.5454428196,
        "var": 6.47927951813
    },
    "erbbands_spread": {
        "dmean": 3.01598834991,
        "dmean2": 3.89855074883,
        "dvar": 39.039768219,
        "dvar2": 73.7977905273,
        "max": 111.338775635,
        "mean": 17.7166194916,
        "median": 0.715081691742,
        "min": 0.285771280527,
        "stdev": 29.6890716553,
        "var": 881.440979004
    },
    "hfc": {
        "dmean": 2.08866691589,
        "dmean2": 1.27451443672,
        "dvar": 181.057220459,
        "dvar2": 142.89175415,
        "max": 319.565948486,
        "mean": 11.599316597,
        "median": 0.0098530612886,
        "min": 4.85670739181e-07,
        "stdev": 36.6821861267,
        "var": 1345.5826416
    },
    "loudness_ebu128": {
        "integrated": -22.0387325287,
        "loudness_range": 11.4570522308,
        "momentary": {
            "dmean": 1.93836832047,
            "dmean2": 0.14619243145,
            "dvar": 0.494603008032,
            "dvar2": 0.0333443395793,
            "max": -16.3424968719,
            "mean": -52.3030128479,
            "median": -55.2556152344,
            "min": -78.3702850342,
            "stdev": 19.952009201,
            "var": 398.082641602
        },
        "short_term": {
            "dmean": 2.30000853539,
            "dmean2": 0.0373054519296,
            "dvar": 0.000728814222384,
            "dvar2": 0.000304331711959,
            "max": -24.5320644379,
            "mean": -31.4113674164,
            "median": -31.4252719879,
            "min": -38.3321151733,
            "stdev": 4.59586381912,
            "var": 21.1219654083
        }
    },
    "melbands_crest": {
        "dmean": 2.21415066719,
        "dmean2": 3.68978714943,
        "dvar": 13.4042682648,
        "dvar2": 37.773639679,
        "max": 36.0426139832,
        "mean": 29.6200561523,
        "median": 30.9736213684,
        "min": 10.2367744446,
        "stdev": 6.64216470718,
        "var": 44.1183509827
    },
    "melbands_flatness_db": {
        "dmean": 0.0244333483279,
        "dmean2": 0.0310716126114,
        "dvar": 0.000743630691431,
        "dvar2": 0.0013384121703,
        "max": 0.78330385685,
        "mean": 0.440571129322,
        "median": 0.382138669491,
        "min": 0.0756652504206,
        "stdev": 0.207177266479,
        "var": 0.0429224222898
    },
    "melbands_kurtosis": {
        "dmean": 48.5456809998,
        "dmean2": 75.2169036865,
        "dvar": 7098.61914062,
        "dvar2": 17987.3496094,
        "max": 921.983581543,
        "mean": 233.74206543,
        "median": 33.4061584473,
        "min": -1.91045975685,
        "stdev": 313.101013184,
        "var": 98032.2421875
    },
    "melbands_skewness": {
        "dmean": 1.80437159538,
        "dmean2": 2.56386637688,
        "dvar": 3.93846297264,
        "dvar2": 8.59453582764,
        "max": 21.8555259705,
        "mean": -1.9522074461,
        "median": -0.10966257751,
        "min": -22.4653396606,
        "stdev": 10.4803571701,
        "var": 109.837890625
    },
    "melbands_spread": {
        "dmean": 7.40849351883,
        "dmean2": 10.2799940109,
        "dvar": 123.292533875,
        "dvar2": 206.648239136,
        "max": 123.501289368,
        "mean": 20.9002609253,
        "median": 11.9711332321,
        "min": 0.0999197661877,
        "stdev": 24.2950153351,
        "var": 590.247802734
    },
    "pitch_salience": {
        "dmean": 0.0525906868279,
        "dmean2": 0.0862018018961,
        "dvar": 0.00753225525841,
        "dvar2": 0.0186113603413,
        "max": 0.824949204922,
        "mean": 0.207678750157,
        "median": 0.227600365877,
        "min": 0.00275665218942,
        "stdev": 0.180606365204,
        "var": 0.0326186567545
    },
    "silence_rate_20dB": {
        "dmean": 0,
        "dmean2": 0,
        "dvar": 0,
        "dvar2": 0,
        "max": 1,
        "mean": 1,
        "median": 1,
        "min": 1,
        "stdev": 0,
        "var": 0
    },
    "silence_rate_30dB": {
        "dmean": 0.013071895577,
        "dmean2": 0.019736841321,
        "dvar": 0.0129009746015,
        "dvar2": 0.0325052253902,
        "max": 1,
        "mean": 0.993506491184,
        "median": 1,
        "min": 0,
        "stdev": 0.0803200826049,
        "var": 0.00645131571218
    },
    "silence_rate_60dB": {
        "dmean": 0.00653594778851,
        "dmean2": 0.0131578948349,
        "dvar": 0.00649324385449,
        "dvar2": 0.0129847340286,
        "max": 1,
        "mean": 0.811688303947,
        "median": 1,
        "min": 0,
        "stdev": 0.390961050987,
        "var": 0.152850538492
    },
    "spectral_centroid": {
        "dmean": 97.3168640137,
        "dmean2": 130.938873291,
        "dvar": 51230.9921875,
        "dvar2": 77874.2265625,
        "max": 3792.19116211,
        "mean": 1856.48986816,
        "median": 1867.27758789,
        "min": 1160.86547852,
        "stdev": 261.974884033,
        "var": 68630.84375
    },
    "spectral_complexity": {
        "dmean": 0.183006539941,
        "dmean2": 0.184210523963,
        "dvar": 2.09721446037,
        "dvar2": 1.91343712807,
        "max": 28,
        "mean": 0.727272748947,
        "median": 0,
        "min": 0,
        "stdev": 2.773416996,
        "var": 7.69184207916
    },
    "spectral_decrease": {
        "dmean": 1.68848435234e-10,
        "dmean2": 1.07803391214e-10,
        "dvar": 7.26741033854e-19,
        "dvar2": 6.64586165639e-19,
        "max": -4.17082290591e-18,
        "mean": -1.24323862316e-09,
        "median": -1.31033638801e-12,
        "min": -2.5831917938e-08,
        "stdev": 3.57496277026e-09,
        "var": 1.27803590173e-17
    },
    "spectral_energy": {
        "dmean": 0.000826719333418,
        "dmean2": 0.000507536693476,
        "dvar": 1.95392003661e-05,
        "dvar2": 1.70662970049e-05,
        "max": 0.126481279731,
        "mean": 0.0057443571277,
        "median": 5.83922019359e-06,
        "min": 5.97934202151e-11,
        "stdev": 0.0167849510908,
        "var": 0.000281734595774
    },
    "spectral_energyband_high": {
        "dmean": 0.000174644461367,
        "dmean2": 0.000157471935381,
        "dvar": 2.85741293737e-06,
        "dvar2": 2.07699190469e-06,
        "max": 0.0253342688084,
        "mean": 0.000232224192587,
        "median": 8.72415029107e-09,
        "min": 3.15213168067e-11,
        "stdev": 0.00207295687869,
        "var": 4.29715055361e-06
    },
    "spectral_energyband_low": {
        "dmean": 6.32317323834e-07,
        "dmean2": 6.55494886814e-07,
        "dvar": 3.43134860803e-11,
        "dvar2": 3.02283510722e-11,
        "max": 8.00037960289e-05,
        "mean": 8.14270663341e-07,
        "median": 1.46217445263e-07,
        "min": 1.11692929211e-11,
        "stdev": 6.43545126877e-06,
        "var": 4.14150345962e-11
    },
    "spectral_energyband_middle_high": {
        "dmean": 0.000628410372883,
        "dmean2": 0.000385569641367,
        "dvar": 5.68091763853e-06,
        "dvar2": 5.63202684134e-06,
        "max": 0.0939165353775,
        "mean": 0.00546167744324,
        "median": 5.19312015967e-06,
        "min": 6.66329578319e-12,
        "stdev": 0.0151394028217,
        "var": 0.000229201526963
    },
    "spectral_energyband_middle_low": {
        "dmean": 5.40077489859e-05,
        "dmean2": 5.20905996382e-05,
        "dvar": 4.07025197546e-07,
        "dvar2": 3.86877815117e-07,
        "max": 0.00826219376177,
        "mean": 5.69946314499e-05,
        "median": 1.19769500984e-08,
        "min": 1.80926617004e-12,
        "stdev": 0.000664006918669,
        "var": 4.40905211008e-07
    },
    "spectral_entropy": {
        "dmean": 0.113362178206,
        "dmean2": 0.112331539392,
        "dvar": 0.0285441540182,
        "dvar2": 0.00794033333659,
        "max": 8.91833877563,
        "mean": 5.35904979706,
        "median": 5.39043617249,
        "min": 2.19918012619,
        "stdev": 2.46363925934,
        "var": 6.06951856613
    },
    "spectral_flux": {
        "dmean": 0.00245766132139,
        "dmean2": 0.00244583259337,
        "dvar": 0.000331607559929,
        "dvar2": 0.000314821489155,
        "max": 0.355642080307,
        "mean": 0.00661560008302,
        "median": 0.000430166546721,
        "min": 0.000132618486532,
        "stdev": 0.0358944572508,
        "var": 0.00128841213882
    },
    "spectral_kurtosis": {
        "dmean": 12.610086441,
        "dmean2": 20.3677120209,
        "dvar": 697.927612305,
        "dvar2": 1741.50549316,
        "max": 307.354705811,
        "mean": 50.4430160522,
        "median": 11.1832733154,
        "min": 1.41490650177,
        "stdev": 68.5705947876,
        "var": 4701.92675781
    },
    "spectral_rms": {
        "dmean": 7.39789174986e-05,
        "dmean2": 3.19417085848e-05,
        "dvar": 5.34981801081e-08,
        "dvar2": 4.23400585703e-08,
        "max": 0.0111083919182,
        "mean": 0.00108939490747,
        "median": 7.54271313781e-05,
        "min": 2.41526493028e-07,
        "stdev": 0.00210177805275,
        "var": 4.41747124569e-06
    },
    "spectral_rolloff": {
        "dmean": 486.819244385,
        "dmean2": 815.286743164,
        "dvar": 2952980.75,
        "dvar2": 6163561,
        "max": 17291.1621094,
        "mean": 1814.66296387,
        "median": 1873.38867188,
        "min": 43.06640625,
        "stdev": 1572.82055664,
        "var": 2473764.5
    },
    "spectral_skewness": {
        "dmean": 0.443811744452,
        "dmean2": 0.663395345211,
        "dvar": 0.455578476191,
        "dvar2": 1.06333982944,
        "max": 15.0986337662,
        "mean": 4.91521310806,
        "median": 2.8630437851,
        "min": 1.00974786282,
        "stdev": 4.09769535065,
        "var": 16.7911071777
    },
    "spectral_spread": {
        "dmean": 371722.78125,
        "dmean2": 591805.8125,
        "dvar": 70589693952,
        "dvar2": 175919267840,
        "max": 11481404,
        "mean": 5307192,
        "median": 4439214,
        "min": 319132.4375,
        "stdev": 3700446.75,
        "var": 1.36933067981e+13
    },
    "spectral_strongpeak": {
        "dmean": 0.233170121908,
        "dmean2": 0.140030533075,
        "dvar": 1.55132830143,
        "dvar2": 1.48880410194,
        "max": 19.9236679077,
        "mean": 2.45136284828,
        "median": 0.171590000391,
        "min": 0,
        "stdev": 4.63070726395,
        "var": 21.4434509277
    },
    "zerocrossingrate": {
        "dmean": 0.00693487050012,
        "dmean2": 0.0096531920135,
        "dvar": 0.000169627324794,
        "dvar2": 0.000330023030983,
        "max": 0.14892578125,
        "mean": 0.0904271528125,
        "median": 0.0849609375,
        "min": 0.0390625,
        "stdev": 0.0170464031398,
        "var": 0.000290579831926
    },
    "barkbands": {
        "dmean": [1.29687123263e-07, 1.38127418836e-07, 2.12345725004e-07, 6.30368788279e-07, 1.35926450184e-06, 6.04077968092e-06, 5.42417728866e-06, 6.76865238347e-06, 2.23377755901e-05, 4.76473614981e-05, 6.21782892267e-05, 1.8677665139e-05, 5.0618134992e-05, 2.05480519071e-05, 0.000583749846555, 3.73108814529e-05, 1.6123009118e-05, 8.12237522041e-06, 2.31964058912e-05, 2.7171570764e-05, 5.40143591934e-05, 5.11534999532e-05, 2.42717524088e-05, 3.2042087696e-05, 4.20012520408e-06, 1.90392279364e-06, 2.503653036e-07],
        "dmean2": [2.45508005037e-07, 1.49386153225e-07, 2.08333119645e-07, 6.59935665226e-07, 1.35760137709e-06, 5.54698590349e-06, 4.864550192e-06, 6.95300468578e-06, 2.15748696064e-05, 4.68389371235e-05, 6.02134532528e-05, 1.84435866686e-05, 4.85102937091e-05, 2.0026223865e-05, 0.00031643017428, 3.45360786014e-05, 1.59187984536e-05, 7.96656513558e-06, 2.26210158871e-05, 2.5454282877e-05, 3.37049059453e-05, 5.02352449985e-05, 2.3967375455e-05, 4.06529579777e-05, 2.20765878112e-06, 1.10998621494e-06, 2.69200342018e-07],
        "dvar": [1.86352550822e-14, 2.74092407842e-13, 5.49901357089e-12, 5.51724638198e-11, 2.33624036783e-10, 4.62181981575e-09, 3.56973361981e-09, 6.63277388568e-09, 6.96702215919e-08, 3.29031308866e-07, 5.39222071438e-07, 4.91166680661e-08, 3.52713840357e-07, 6.0165547211e-08, 3.51476114702e-06, 1.77261156864e-07, 3.80039857362e-08, 9.51916767633e-09, 7.67742065477e-08, 9.71140252659e-08, 2.0119482258e-07, 3.78625770736e-07, 8.61751416892e-08, 3.68078545421e-08, 1.15379050758e-09, 2.66705407759e-10, 5.19032906932e-12],
        "dvar2": [5.7756289985e-14, 1.21571332103e-13, 5.13215771963e-12, 5.66852779993e-11, 2.23960669454e-10, 4.04512023877e-09, 2.95539859252e-09, 6.77231426494e-09, 6.50278337844e-08, 3.21379275192e-07, 4.99856071201e-07, 4.65809719685e-08, 3.2782497783e-07, 5.80731267519e-08, 2.70558120974e-06, 1.48700749492e-07, 3.72880855082e-08, 9.31772792256e-09, 7.37445091659e-08, 8.99833096923e-08, 6.46874198651e-08, 3.65289764659e-07, 8.39797991148e-08, 6.56671375054e-08, 3.27679910983e-10, 9.50845721603e-11, 5.554164767e-12],
        "max": [9.28154463509e-07, 9.31267823034e-06, 3.13155687763e-05, 9.44040584727e-05, 0.000206650802284, 0.000923971354496, 0.000829545315355, 0.00102077156771, 0.00341666908935, 0.007289881818, 0.00951286964118, 0.00284819048829, 0.00774386525154, 0.00314383441582, 0.0694157704711, 0.00570846954361, 0.00246670842171, 0.00124268548097, 0.0035490244627, 0.00415724003688, 0.00821761600673, 0.0078264772892, 0.00371355214156, 0.00203809840605, 0.000642584869638, 0.000291260832455, 3.82553153031e-05],
        "mean": [1.22307895367e-07, 2.36392438069e-07, 2.37017417248e-07, 6.52112703392e-07, 1.5677784404e-06, 6.73933982398e-06, 6.15334965914e-06, 6.84119186189e-06, 2.33579175983e-05, 4.92259350722e-05, 6.50814472465e-05, 1.94249314518e-05, 5.34923674422e-05, 2.13735620491e-05, 0.0051567805931, 4.10026659665e-05, 1.6482641513e-05, 8.40149914438e-06, 2.41073867073e-05, 3.00479714497e-05, 8.26862305985e-05, 5.23203343619e-05, 2.46870295086e-05, 4.35791298514e-05, 6.54864697935e-06, 2.78484844785e-06, 4.34539089156e-07],
        "median": [7.3022874858e-08, 9.59955599455e-08, 4.84330131556e-09, 1.05038955311e-09, 6.30704732885e-09, 1.03855002376e-09, 6.76838030067e-10, 3.79272169226e-10, 7.98063337637e-10, 3.56853713246e-10, 2.4534180243e-10, 2.75636430347e-10, 8.98613683464e-10, 2.47719456059e-10, 5.18998604093e-06, 4.20555590352e-10, 2.63824684321e-10, 2.91463936319e-10, 3.56861762363e-10, 4.35588065617e-10, 5.49299383756e-10, 6.37955965832e-10, 7.41658789938e-10, 1.00982655571e-09, 1.35660771505e-09, 1.91627069768e-09, 2.54109866482e-09],
        "min": [7.69514139909e-12, 5.85582450585e-12, 1.28486284112e-12, 5.71270298861e-13, 4.36302713793e-13, 7.31517643226e-14, 8.58420051621e-14, 1.95347806941e-13, 2.83798429635e-13, 2.4046265196e-13, 1.46580081514e-13, 7.23656323667e-13, 1.82464828836e-12, 3.94068024739e-13, 2.68653751589e-13, 6.68444466445e-13, 7.40025770697e-13, 8.87202800375e-13, 6.37964941291e-13, 7.66961797891e-13, 1.60928095936e-12, 1.77197167529e-12, 2.36435285413e-12, 4.97496184873e-12, 4.56426996892e-12, 9.52792272163e-12, 6.79760111047e-12],
        "stdev": [1.5115013241e-07, 8.02150509571e-07, 2.52081485996e-06, 7.58572650739e-06, 1.6668378521e-05, 7.447340613e-05, 6.69906658004e-05, 8.19875058369e-05, 0.000274577585515, 0.000585564237554, 0.000764511176385, 0.000228839562624, 0.000622508814558, 0.000252580619417, 0.0137430084869, 0.000459965813207, 0.000198129957425, 9.98261966743e-05, 0.000285124348011, 0.000334674026817, 0.000714106892701, 0.000628693494946, 0.000298282393487, 0.000228644232266, 5.71800374018e-05, 2.53254984273e-05, 3.75059789803e-06],
        "var": [2.28463640828e-14, 6.43445420643e-13, 6.35450763189e-12, 5.75432444749e-11, 2.77834838469e-10, 5.54628876159e-09, 4.48774972739e-09, 6.72195143991e-09, 7.53928475206e-08, 3.42885471127e-07, 5.84477334087e-07, 5.23675467434e-08, 3.87517246736e-07, 6.37969748141e-08, 0.000188870282727, 2.1156854757e-07, 3.92554788675e-08, 9.96526949848e-09, 8.12959015661e-08, 1.12006695474e-07, 5.0994862022e-07, 3.95255540298e-07, 8.8972385015e-08, 5.22781853363e-08, 3.26955662544e-09, 6.4138083733e-10, 1.40669845564e-11]
    },
    "erbbands": {
        "dmean": [3.71310466107e-06, 3.57539429388e-05, 0.000192712876014, 0.0012468182249, 0.00377100938931, 0.00418043602258, 0.0132616441697, 0.0631248280406, 0.0714366734028, 0.117212258279, 0.179354980588, 0.441946476698, 1.18355882168, 2.28069758415, 1.66350078583, 1.01531040668, 2.33208751678, 1.54901480675, 10.5658578873, 18.9693889618, 1.36994850636, 0.959508359432, 0.5655143857, 1.24034714699, 0.743837416172, 1.58549034595, 1.2833186388, 2.8228058815, 2.1554787159, 1.25401639938, 0.531343221664, 0.745254516602, 0.314906835556, 0.0652697980404, 0.0188626684248, 0.00821914430708, 0.00432061078027, 0.000313324620947, 3.7845060433e-05, 2.31467947742e-06],
        "dmean2": [4.60374167233e-06, 3.81976824428e-05, 0.000187529745745, 0.00130444439128, 0.00427302205935, 0.00381254055537, 0.0118695972487, 0.0572096407413, 0.0651170760393, 0.11139510572, 0.178557753563, 0.427535504103, 1.17240822315, 2.23273777962, 1.58610439301, 0.994632542133, 2.25385737419, 1.3728171587, 4.89440011978, 10.383641243, 0.931636989117, 0.929972827435, 0.54722827673, 1.20447230339, 0.730192959309, 1.50316393375, 1.13883244991, 1.53401625156, 2.06417512894, 1.24307477474, 0.524816155434, 0.913043379784, 0.412780851126, 0.0449124462903, 0.017421958968, 0.00680189393461, 0.00277716899291, 0.000256163912127, 3.95313873014e-05, 1.35430730097e-06],
        "dvar": [1.04098653309e-10, 2.67810111865e-08, 3.78445315619e-06, 0.000217755121412, 0.00163957709447, 0.00204826518893, 0.0212257634848, 0.491722017527, 0.63752669096, 1.85657072067, 4.68389940262, 27.141122818, 206.146240234, 736.38885498, 377.837188721, 144.644302368, 760.368347168, 271.525848389, 790.864135742, 3336.69995117, 110.30531311, 128.726654053, 44.9102668762, 217.694137573, 79.9778671265, 338.766052246, 194.818862915, 502.032470703, 636.711303711, 231.801452637, 40.0330238342, 25.5763149261, 3.33864927292, 0.259887993336, 0.0456978529692, 0.00719109643251, 0.00131275586318, 7.20974685464e-06, 1.15013769175e-07, 2.55174242847e-10],
        "dvar2": [6.08169556382e-11, 1.2655767101e-08, 3.18268780575e-06, 0.000221882990445, 0.00188451167196, 0.0017278509913, 0.0171337500215, 0.414409250021, 0.552956521511, 1.7386084795, 4.65617513657, 25.225938797, 204.365921021, 697.941772461, 343.685699463, 135.96194458, 723.835632324, 255.289703369, 660.703430176, 2557.43286133, 91.9116668701, 126.772125244, 43.0000114441, 207.644439697, 78.0529098511, 318.473052979, 156.72958374, 166.575546265, 585.025085449, 227.743133545, 38.4567680359, 36.5902633667, 6.67624425888, 0.15076340735, 0.03970393911, 0.00471806200221, 0.000763267220464, 5.49623837287e-06, 1.20727364106e-07, 1.19597540205e-10],
        "max": [0.000177332854946, 0.00281159696169, 0.0272011924535, 0.188110500574, 0.514168083668, 0.629630148411, 2.02770495415, 9.65586662292, 10.9246244431, 17.9302768707, 27.4313259125, 67.5941696167, 181.083267212, 348.340148926, 254.502334595, 155.342254639, 356.775146484, 236.999267578, 1433.77331543, 2401.54077148, 209.602096558, 146.804840088, 86.5232620239, 189.772964478, 113.80657196, 242.579650879, 196.347305298, 428.59552002, 329.78805542, 191.864074707, 80.8339157104, 60.772102356, 18.8276576996, 9.98593521118, 2.88575530052, 1.25739002228, 0.660977602005, 0.0479069538414, 0.00578463589773, 0.000353739655111],
        "mean": [7.43022383176e-06, 5.40876644664e-05, 0.000226345757255, 0.00130765268113, 0.00376509292983, 0.00482993666083, 0.0150415664539, 0.0711421146989, 0.0803379938006, 0.126348614693, 0.185756355524, 0.463951557875, 1.2097774744, 2.36911439896, 1.76148355007, 1.06755030155, 2.49861288071, 3.28350996971, 108.109130859, 178.939224243, 6.16850423813, 1.21030724049, 0.615204691887, 1.3011932373, 0.768792390823, 1.7239536047, 1.4906668663, 4.6320643425, 2.28347539902, 1.27129840851, 0.553968429565, 0.968609392643, 0.463178306818, 0.12160166353, 0.0209896061569, 0.00984713342041, 0.00704865576699, 0.000527723168489, 6.90903252689e-05, 9.52753907768e-06],
        "median": [3.72467275156e-06, 1.69947379618e-05, 1.19655533126e-05, 4.34611320088e-06, 1.06022753243e-05, 3.04453751596e-05, 9.87215116766e-06, 9.0086414275e-06, 1.0566545825e-05, 7.42273368814e-06, 9.57783413469e-06, 1.84694636118e-05, 1.86799807125e-05, 1.09266020445e-05, 1.21466073324e-05, 1.69834929693e-05, 0.000102618330857, 0.00179837713949, 0.107233300805, 0.178554981947, 0.00505999196321, 0.00025881343754, 4.08253399655e-05, 2.25341282203e-05, 2.61670684267e-05, 2.20683723455e-05, 2.23959432333e-05, 2.40843783104e-05, 2.26823540288e-05, 2.37546955759e-05, 2.21907612286e-05, 2.06717668334e-05, 1.71604988282e-05, 1.43104016388e-05, 1.06616435005e-05, 7.28113354853e-06, 3.83590440833e-06, 1.54196072799e-06, 4.06325341373e-07, 4.54738611211e-08],
        "min": [2.88560980666e-10, 9.16065279188e-10, 1.54908164074e-09, 1.86832438409e-09, 1.52263535114e-09, 1.47503254055e-09, 1.17451848247e-09, 4.3532105698e-10, 5.87953130626e-10, 3.10053427377e-09, 3.80664966215e-09, 5.6639559709e-09, 1.20524976666e-08, 2.79176881612e-09, 1.40783216196e-08, 3.37193064581e-08, 8.08270712582e-08, 3.14857047101e-08, 2.1554013685e-08, 2.2042925707e-08, 2.84493939517e-08, 4.90100227069e-08, 4.65273330974e-08, 4.7237865175e-08, 2.48770817279e-08, 3.39724266496e-08, 7.90861989231e-08, 5.88850674887e-08, 6.51519016515e-08, 6.69423982913e-08, 5.83899861795e-08, 1.28913740127e-07, 5.89331570211e-08, 5.761553723e-08, 2.65717261527e-08, 3.67140309265e-08, 1.99889900188e-08, 3.58724916438e-09, 1.2995901022e-09, 9.58921900218e-11],
        "stdev": [1.57294343808e-05, 0.000237912070588, 0.00219715409912, 0.0151153476909, 0.0414343811572, 0.0508576072752, 0.163774311543, 0.779124736786, 0.881076872349, 1.44214844704, 2.20340490341, 5.4325709343, 14.5443162918, 27.9864997864, 20.4620227814, 12.4826745987, 28.6689338684, 19.5411491394, 289.26159668, 478.843048096, 21.2534942627, 11.7969350815, 6.95155000687, 15.2474040985, 9.14181804657, 19.5130958557, 15.8777303696, 38.5259933472, 26.5127887726, 15.4104156494, 6.49333953857, 5.72347450256, 2.31387877464, 0.954631388187, 0.232432991266, 0.102457098663, 0.0610384643078, 0.00453387154266, 0.000566127884667, 3.5291268432e-05],
        "var": [2.47415116172e-10, 5.66021540749e-08, 4.82748600916e-06, 0.000228473727475, 0.00171680783387, 0.00258649606258, 0.0268220249563, 0.607035338879, 0.776296496391, 2.07979202271, 4.85499286652, 29.5128250122, 211.537139893, 783.244140625, 418.694366455, 155.817153931, 821.907714844, 381.85647583, 83672.265625, 229290.671875, 451.711029053, 139.167678833, 48.3240470886, 232.483337402, 83.572845459, 380.760894775, 252.102325439, 1484.2520752, 702.927978516, 237.480895996, 42.1634597778, 32.7581596375, 5.35403490067, 0.911321043968, 0.0540250986814, 0.0104974573478, 0.00372569425963, 2.05559917958e-05, 3.20500760154e-07, 1.24547372415e-09]
    },
    "gfcc": {
        "mean": [-540.453063965, 4.14430999756, -112.294189453, 15.076918602, 29.0986175537, 33.9402732849, -61.109046936, -8.94931983948, 19.4675941467, 18.423871994, -22.4618206024, -15.5697307587, 11.1056871414],
        "cov": [[20277.8046875, -2098.90307617, -6811.16601562, -1138.06713867, 858.801269531, 930.925842285, -2329.32128906, -928.789611816, 1073.86340332, -368.188018799, 663.331726074, -1250.609375, 927.18963623], [-2098.90307617, 522.787780762, 873.245605469, 160.817214966, -9.6974363327, -143.633743286, 266.388092041, 80.8575210571, -80.3397750854, 160.892562866, -230.982971191, 179.816665649, -111.217193604], [-6811.16601562, 873.245605469, 3974.52539062, 709.506164551, -1907.14746094, -544.159057617, 1533.67797852, 632.826599121, -921.698852539, 96.2660217285, -345.176940918, 723.749145508, -396.842193604], [-1138.06713867, 160.817214966, 709.506164551, 164.675582886, -306.808654785, -58.5786170959, 273.382568359, 114.644416809, -145.581619263, 23.2107048035, -57.8782806396, 120.953712463, -51.0862197876], [858.801269531, -9.6974363327, -1907.14746094, -306.808654785, 1937.82885742, 319.746032715, -882.205444336, -376.039611816, 707.91192627, 110.266159058, 66.2258377075, -352.571075439, 147.023849487], [930.925842285, -143.633743286, -544.159057617, -58.5786170959, 319.746032715, 177.892456055, -233.413482666, -60.0127983093, 195.579101562, -6.29124164581, 72.5159225464, -136.163970947, 93.8147506714], [-2329.32128906, 266.388092041, 1533.67797852, 273.382568359, -882.205444336, -233.413482666, 734.501098633, 285.013824463, -444.496673584, 4.7689332962, -115.209251404, 320.763519287, -180.602523804], [-928.789611816, 80.8575210571, 632.826599121, 114.644416809, -376.039611816, -60.0127983093, 285.013824463, 149.982223511, -144.389175415, 0.589645266533, -7.81898975372, 115.024513245, -61.8365325928], [1073.86340332, -80.3397750854, -921.698852539, -145.581619263, 707.91192627, 195.579101562, -444.496673584, -144.389175415, 378.632751465, 73.3916702271, 51.3913002014, -197.938812256, 121.025505066], [-368.188018799, 160.892562866, 96.2660217285, 23.2107048035, 110.266159058, -6.29124164581, 4.7689332962, 0.589645266533, 73.3916702271, 125.716079712, -97.0881347656, 30.5987167358, -5.67557859421], [663.331726074, -230.982971191, -345.176940918, -57.8782806396, 66.2258377075, 72.5159225464, -115.209251404, -7.81898975372, 51.3913002014, -97.0881347656, 205.980316162, -72.8037109375, 45.0356521606], [-1250.609375, 179.816665649, 723.749145508, 120.953712463, -352.571075439, -136.163970947, 320.763519287, 115.024513245, -197.938812256, 30.5987167358, -72.8037109375, 174.715362549, -93.1242980957], [927.18963623, -111.217193604, -396.842193604, -51.0862197876, 147.023849487, 93.8147506714, -180.602523804, -61.8365325928, 121.025505066, -5.67557859421, 45.0356521606, -93.1242980957, 95.1640319824]],
        "icov": [[0.00110042223241, -0.00428714603186, 0.00510841840878, -0.00266434671357, 0.00325760012493, -0.00186914135702, 0.00110472494271, -0.00304246833548, 0.00506711332127, -0.00244758487679, -0.00148576020729, 0.00218795007095, -0.0026761086192], [-0.00428714603186, 0.0338935256004, -0.0227249450982, 0.00150066206697, -0.0167775563896, 0.0186332836747, -0.00104258826468, 0.00788278877735, -0.0272161196917, 0.00941159948707, 0.0162486806512, -0.0149427102879, 0.0109781185165], [0.00510841840878, -0.0227249450982, 0.0298274625093, -0.0252663008869, 0.0154132731259, -0.00232172734104, 0.00877876393497, -0.0279716830701, 0.0276458077133, -0.0112533411011, -0.0053344569169, 0.0102404616773, -0.0118342312053], [-0.00266434671357, 0.00150066206697, -0.0252663008869, 0.0717896446586, -0.00836471933872, -0.0309844780713, -0.0149659896269, 0.030754243955, 0.00221320218407, -0.00428150873631, -0.0076838019304, -0.00262722559273, -0.00606669532135], [0.00325760012493, -0.0167775563896, 0.0154132731259, -0.00836471933872, 0.0174472238868, -0.010843382217, -0.00465049687773, 0.0139588844031, -0.00839573517442, 0.00542428810149, -0.00681991269812, -0.00235982751474, 0.00433571450412], [-0.00186914135702, 0.0186332836747, -0.00232172734104, -0.0309844780713, -0.010843382217, 0.0563255213201, 0.00189394364133, -0.0278707742691, -0.0207930393517, 0.0101103680208, 0.0137406708673, 0.0117686484009, -0.00755707500502], [0.00110472494271, -0.00104258826468, 0.00877876393497, -0.0149659896269, -0.00465049687773, 0.00189394364133, 0.0427125245333, -0.0621235705912, 0.049968123436, -0.019636079669, 0.00689488137141, -0.0050061494112, -0.0102775245905], [-0.00304246833548, 0.00788278877735, -0.0279716830701, 0.030754243955, 0.0139588844031, -0.0278707742691, -0.0621235705912, 0.157827228308, -0.107663735747, 0.0446397922933, -0.0160538591444, -0.0301809497178, 0.046934414655], [0.00506711332127, -0.0272161196917, 0.0276458077133, 0.00221320218407, -0.00839573517442, -0.0207930393517, 0.049968123436, -0.107663735747, 0.163942366838, -0.0939783900976, -0.0182383228093, 0.061054572463, -0.0520853772759], [-0.00244758487679, 0.00941159948707, -0.0112533411011, -0.00428150873631, 0.00542428810149, 0.0101103680208, -0.019636079669, 0.0446397922933, -0.0939783900976, 0.079473502934, 0.0215391404927, -0.0514211878181, 0.0227593593299], [-0.00148576020729, 0.0162486806512, -0.0053344569169, -0.0076838019304, -0.00681991269812, 0.0137406708673, 0.00689488137141, -0.0160538591444, -0.0182383228093, 0.0215391404927, 0.0253203455359, -0.0182159394026, 0.00141077092849], [0.00218795007095, -0.0149427102879, 0.0102404616773, -0.00262722559273, -0.00235982751474, 0.0117686484009, -0.0050061494112, -0.0301809497178, 0.061054572463, -0.0514211878181, -0.0182159394026, 0.0906603559852, -0.0179309919477], [-0.0026761086192, 0.0109781185165, -0.0118342312053, -0.00606669532135, 0.00433571450412, -0.00755707500502, -0.0102775245905, 0.046934414655, -0.0520853772759, 0.0227593593299, 0.00141077092849, -0.0179309919477, 0.0579323992133]]
    },
    "melbands": {
        "dmean": [3.90412147055e-08, 9.20654059655e-08, 2.957876859e-07, 2.71364513083e-07, 3.98083869868e-07, 1.37298945901e-06, 1.11658107471e-06, 1.31495596634e-06, 1.58747059231e-06, 3.10875429932e-06, 5.97599182584e-06, 9.01123803487e-06, 7.34042578188e-06, 2.02130877369e-06, 3.96625819121e-06, 4.98610870636e-06, 2.27464056479e-06, 8.09409903013e-06, 6.82577010593e-05, 5.10042036694e-06, 6.79222750932e-07, 1.0112551081e-06, 6.82478059844e-07, 3.50145029415e-07, 1.14529552775e-06, 6.79646404933e-07, 5.6881629007e-07, 1.15345255836e-06, 7.28156749119e-07, 8.70246310569e-07, 1.81519601483e-06, 1.04634045783e-06, 1.12871089186e-06, 6.35186722775e-07, 2.65509868314e-07, 2.61445080696e-07, 6.21601486728e-07, 3.38576739978e-07, 7.51248023789e-08, 4.22739461214e-08],
        "dmean2": [4.73786379018e-08, 9.14993449896e-08, 3.19781207736e-07, 2.93571247312e-07, 3.54733515451e-07, 1.24864777717e-06, 1.01603961866e-06, 1.26868917505e-06, 1.55790735334e-06, 3.00634837913e-06, 5.92603100813e-06, 8.8380456873e-06, 7.03706791683e-06, 1.98728753276e-06, 3.85405701309e-06, 4.78392530567e-06, 2.18471018343e-06, 5.89579076404e-06, 3.90595378121e-05, 4.41380507255e-06, 6.42499799142e-07, 1.00424927041e-06, 6.65655363719e-07, 3.40740143656e-07, 1.11044448659e-06, 6.70930262459e-07, 5.56346208214e-07, 1.08420056222e-06, 6.91289244514e-07, 4.70276063425e-07, 1.09293318928e-06, 1.02838407656e-06, 1.12125133001e-06, 6.32182661775e-07, 2.58256733332e-07, 2.58644860196e-07, 8.03028967766e-07, 4.51063272067e-07, 4.6687638644e-08, 3.9034645738e-08],
        "dvar": [1.29094326375e-14, 7.35835437721e-13, 1.1348688482e-11, 9.42618986338e-12, 1.8994694706e-11, 2.345393324e-10, 1.55283744196e-10, 2.39921166267e-10, 3.6307393203e-10, 1.34563593601e-09, 5.26651033894e-09, 1.15472786888e-08, 7.41089145606e-09, 5.76497183324e-10, 2.22777774006e-09, 3.42574146828e-09, 7.16752213137e-10, 1.16329956779e-09, 5.97685172465e-08, 2.70350719589e-09, 6.20684476038e-11, 1.51180928887e-10, 6.64751587109e-11, 1.7416710435e-11, 1.8499798915e-10, 6.75177552756e-11, 4.64258215205e-11, 1.7608736691e-10, 7.16269751844e-11, 4.7526271113e-11, 2.21026766334e-10, 1.58665816596e-10, 1.88589852068e-10, 5.9944438302e-11, 1.00096285427e-11, 1.00352131119e-11, 1.30004227869e-11, 3.61049059573e-12, 4.13605971304e-13, 1.19901335497e-13],
        "dvar2": [6.40267122632e-15, 6.02459217496e-13, 1.21333351352e-11, 9.64969944228e-12, 1.51281105698e-11, 2.00306840559e-10, 1.3389264697e-10, 2.30085825392e-10, 3.56509266553e-10, 1.25208488022e-09, 5.23450127687e-09, 1.09972759788e-08, 6.77527411952e-09, 5.47074052726e-10, 2.12177275749e-09, 3.19458259845e-09, 6.6278910138e-10, 1.5299503886e-09, 4.79739590276e-08, 2.1119810345e-09, 5.54881453285e-11, 1.50311693647e-10, 6.38193733971e-11, 1.67936671513e-11, 1.75662887014e-10, 6.64834506892e-11, 4.48635538441e-11, 1.64556257509e-10, 6.7076656729e-11, 1.5344708143e-11, 6.95440510734e-11, 1.53552309756e-10, 1.85811172004e-10, 5.93131863069e-11, 9.48724085403e-12, 9.81082402818e-12, 2.53582415483e-11, 8.41745163155e-12, 1.36323285017e-13, 9.31342337778e-14],
        "max": [2.05698870559e-06, 1.20989334391e-05, 4.27819577453e-05, 4.07365914725e-05, 6.08559603279e-05, 0.00021001897403, 0.000170759434695, 0.000201060887775, 0.000242832436925, 0.000475388718769, 0.000914310570806, 0.00137675518636, 0.00112302287016, 0.000309257040499, 0.000606829882599, 0.000762493524235, 0.000348017900251, 0.00111109530553, 0.00763737643138, 0.000779492955189, 0.000103917795059, 0.000154715235112, 0.000104417318653, 5.35703729838e-05, 0.00017522930284, 0.00010398523591, 8.70282747201e-05, 0.000176477740752, 0.000111407352961, 0.000132489614771, 0.000275761936791, 0.000160089781275, 0.000172692409251, 9.71831104835e-05, 4.06225080951e-05, 4.0000606532e-05, 3.54974727088e-05, 2.28636654356e-05, 1.14935992315e-05, 6.4675205067e-06],
        "mean": [7.51446833647e-08, 1.11433536176e-07, 3.01731006402e-07, 3.08652630565e-07, 4.5283221084e-07, 1.54293343257e-06, 1.25604719869e-06, 1.39566111557e-06, 1.65314031619e-06, 3.25406745105e-06, 6.1022965383e-06, 9.34958461585e-06, 7.7357117334e-06, 2.11861970456e-06, 4.1310790948e-06, 5.26628991793e-06, 2.38344478021e-06, 6.25724424026e-05, 0.000563345151022, 9.13484927878e-06, 7.22783454421e-07, 1.02899548438e-06, 7.07195397354e-07, 3.65444947192e-07, 1.19980370528e-06, 6.95728715527e-07, 5.8908057099e-07, 1.2721842495e-06, 7.87527142165e-07, 1.437868832e-06, 2.82300948129e-06, 1.07034566099e-06, 1.14010686048e-06, 6.408836839e-07, 2.74502070852e-07, 2.65213515149e-07, 8.60108457346e-07, 4.92362516979e-07, 1.08477202332e-07, 7.83708600238e-08],
        "median": [3.67887409425e-08, 1.25973134146e-08, 8.99644914121e-10, 1.60237956237e-09, 4.96895635749e-10, 1.98461608258e-10, 1.55129187274e-10, 7.79264291983e-11, 7.26285143138e-11, 1.18757684242e-10, 8.90946760812e-11, 3.85193578423e-11, 3.45165909743e-11, 3.16312046e-11, 3.39378976311e-11, 1.1664440247e-10, 2.31409075929e-11, 5.91021738217e-08, 5.71583939291e-07, 3.67488817155e-09, 1.87327341139e-11, 1.45557038644e-11, 1.46675102619e-11, 1.40872747495e-11, 1.32671686137e-11, 1.36839827664e-11, 1.52249463037e-11, 1.19846641292e-11, 1.26149334034e-11, 1.32851576962e-11, 1.31883297685e-11, 1.18741344882e-11, 1.21039662668e-11, 1.2737309471e-11, 1.19332547316e-11, 1.20935709363e-11, 1.23030951746e-11, 1.17972289923e-11, 1.16282903445e-11, 1.16495849425e-11],
        "min": [2.47030802931e-12, 9.16611404833e-13, 3.10442074608e-13, 1.03011478199e-13, 4.71382474883e-14, 1.00863980322e-14, 1.1187963533e-14, 3.79998699065e-14, 2.77000373593e-14, 4.1420097468e-14, 6.00019098534e-14, 9.51548427319e-15, 3.15184076755e-14, 6.80439455865e-14, 1.54664665407e-13, 1.60930242656e-13, 4.58166728027e-14, 3.58656382588e-14, 1.71723529493e-14, 5.19705264067e-14, 2.33764474656e-14, 5.15108755075e-14, 3.76722409507e-14, 4.49652014028e-14, 3.94422890887e-14, 1.77607105048e-14, 1.63490894407e-14, 2.35547868645e-14, 4.91169164531e-14, 4.113318708e-14, 3.46903088937e-14, 4.86308753954e-14, 1.60198511222e-14, 5.08283668518e-14, 3.19150664284e-14, 4.28653050826e-14, 9.58536974295e-14, 3.16284237028e-14, 5.6439075825e-14, 4.57072700272e-14],
        "stdev": [1.80998284804e-07, 9.77462264018e-07, 3.43987289853e-06, 3.28413648276e-06, 4.91685477755e-06, 1.69403228938e-05, 1.37734605232e-05, 1.61613061209e-05, 1.95070151676e-05, 3.82056787203e-05, 7.34354398446e-05, 0.000110606655653, 9.02770916582e-05, 2.48490305239e-05, 4.87568395329e-05, 6.12926669419e-05, 2.79728501482e-05, 0.000173785650986, 0.00149943679571, 6.38885903754e-05, 8.35815717437e-06, 1.24263378893e-05, 8.38881896925e-06, 4.30409227192e-06, 1.40798056236e-05, 8.3523327703e-06, 6.99131578585e-06, 1.42049084388e-05, 8.96064102562e-06, 1.19182077469e-05, 2.41702600761e-05, 1.2859673916e-05, 1.38704363053e-05, 7.80548452894e-06, 3.2638392895e-06, 3.21290167449e-06, 4.38100687461e-06, 2.40086592385e-06, 9.87573457678e-07, 6.42401062123e-07],
