{
"lowlevel": {
    "average_loudness": 0.690481960773,
    "barkbands_crest": {
        "dmean": 4.01156282425,
        "dmean2": 6.88184595108,
        "dvar": 12.3385725021,
        "dvar2": 36.406452179,
        "max": 25.1126899719,
        "mean": 12.6695613861,
        "median": 12.4143733978,
        "min": 3.07042479515,
        "stdev": 4.52901649475,
        "var": 20.5119915009
    },
    "barkbands_flatness_db": {
        "dmean": 0.0375299938023,
        "dmean2": 0.0557306669652,
        "dvar": 0.00133040000219,
        "dvar2": 0.00288082938641,
        "max": 0.475328892469,
        "mean": 0.238701820374,
        "median": 0.270636320114,
        "min": 0.0122459689155,
        "stdev": 0.124205686152,
        "var": 0.0154270529747
    },
    "barkbands_kurtosis": {
        "dmean": 2.84531497955,
        "dmean2": 4.87835121155,
        "dvar": 28.9880924225,
        "dvar2": 91.6470413208,
        "max": 43.2975730896,
        "mean": 2.51446342468,
        "median": 1.55997347832,
        "min": -1.71697115898,
        "stdev": 4.92367553711,
        "var": 24.2425804138
    },
    "barkbands_skewness": {
        "dmean": 0.700092077255,
        "dmean2": 1.11277723312,
        "dvar": 0.60754686594,
        "dvar2": 1.91572034359,
        "max": 6.54762840271,
        "mean": 0.34554028511,
        "median": 0.156276792288,
        "min": -2.54133749008,
        "stdev": 1.20234179497,
        "var": 1.4456256628
    },
    "barkbands_spread": {
        "dmean": 7.83383655548,
        "dmean2": 13.143658638,
        "dvar": 177.687698364,
        "dvar2": 509.286529541,
        "max": 105.333091736,
        "mean": 23.5780277252,
        "median": 8.71509742737,
        "min": 1.95057594776,
        "stdev": 28.3860683441,
        "var": 805.768859863
    },
    "dissonance": {
        "dmean": 0.0214139856398,
        "dmean2": 0.0364010110497,
        "dvar": 0.000902898435015,
        "dvar2": 0.00225319550373,
        "max": 0.500000059605,
        "mean": 0.476075857878,
        "median": 0.48861899972,
        "min": 0.261648476124,
        "stdev": 0.0307452138513,
        "var": 0.000945268198848
    },
    "dynamic_complexity": 20.1597270966,
    "erbbands_crest": {
        "dmean": 3.24576950073,
        "dmean2": 5.14379310608,
        "dvar": 8.87295913696,
        "dvar2": 24.4111347198,
        "max": 29.219335556,
        "mean": 12.8630504608,
        "median": 13.1433849335,
        "min": 2.18500256538,
        "stdev": 6.66008043289,
        "var": 44.3566741943
    },
    "erbbands_flatness_db": {
        "dmean": 0.0240323450416,
        "dmean2": 0.0343024097383,
        "dvar": 0.000863500754349,
        "dvar2": 0.00136371853296,
        "max": 0.515618026257,
        "mean": 0.303460836411,
        "median": 0.374824523926,
        "min": 0.0377996005118,
        "stdev": 0.157170325518,
        "var": 0.0247025117278
    },
    "erbbands_kurtosis": {
        "dmean": 1.08042812347,
        "dmean2": 1.69384908676,
        "dvar": 1.69593930244,
        "dvar2": 4.01437568665,
        "max": 12.7581510544,
        "mean": 1.2627030611,
        "median": 1.04654026031,
        "min": -1.62265884876,
        "stdev": 2.06523060799,
        "var": 4.26517724991
    },
    "erbbands_skewness": {
        "dmean": 0.349247336388,
        "dmean2": 0.542787075043,
        "dvar": 0.108886510134,
        "dvar2": 0.271069794893,
        "max": 2.57270431519,
        "mean": 0.281912565231,
        "median": 0.208324432373,
        "min": -1.7507584095,
        "stdev": 0.641643941402,
        "var": 0.411706924438
    },
    "erbbands_spread": {
        "dmean": 3.7799975872,
        "dmean2": 5.80148458481,
        "dvar": 20.5468101501,
        "dvar2": 51.9095993042,
        "max": 68.8780670166,
        "mean": 20.2173748016,
        "median": 10.6651821136,
        "min": 2.75412988663,
        "stdev": 18.7918796539,
        "var": 353.134735107
    },
    "hfc": {
        "dmean": 4.89997625351,
        "dmean2": 6.10054397583,
        "dvar": 123.993133545,
        "dvar2": 178.454681396,
        "max": 194.632568359,
        "mean": 11.0017204285,
        "median": 0.528322935104,
        "min": 3.05585179383e-09,
        "stdev": 25.6130027771,
        "var": 656.025878906
    },
    "loudness_ebu128": {
        "integrated": -17.7754440308,
        "loudness_range": 7.19510269165,
        "momentary": {
            "dmean": 2.88621306419,
            "dmean2": 2.66200184822,
            "dvar": 18.6448421478,
            "dvar2": 19.7631912231,
            "max": -10.5186624527,
            "mean": -33.2202644348,
            "median": -24.6398029327,
            "min": -74.7978439331,
            "stdev": 21.1728782654,
            "var": 448.290771484
        },
        "short_term": {
            "dmean": 0.336781740189,
            "dmean2": 0.262109339237,
            "dvar": 0.228172361851,
            "dvar2": 0.128155112267,
            "max": -16.1510562897,
            "mean": -18.899438858,
            "median": -17.0356502533,
            "min": -27.2209243774,
            "stdev": 2.94430184364,
            "var": 8.66891384125
        }
    },
    "melbands_crest": {
        "dmean": 4.67581272125,
        "dmean2": 7.59356737137,
        "dvar": 17.5690002441,
        "dvar2": 55.2142944336,
        "max": 36.841053009,
        "mean": 16.877872467,
        "median": 15.7493085861,
        "min": 5.24774122238,
        "stdev": 6.55921506882,
        "var": 43.0233039856
    },
    "melbands_flatness_db": {
        "dmean": 0.0317079015076,
        "dmean2": 0.0475449860096,
        "dvar": 0.000921735365409,
        "dvar2": 0.00187840382569,
        "max": 0.442369103432,
        "mean": 0.232633277774,
        "median": 0.255771040916,
        "min": 0.0458021759987,
        "stdev": 0.0987009555101,
        "var": 0.00974187813699
    },
    "melbands_kurtosis": {
        "dmean": 3.31539583206,
        "dmean2": 5.83529043198,
        "dvar": 45.9646377563,
        "dvar2": 143.290878296,
        "max": 57.9966583252,
        "mean": 4.24782276154,
        "median": 2.32101726532,
        "min": -1.75928616524,
        "stdev": 7.34888315201,
        "var": 54.0060806274
    },
    "melbands_skewness": {
        "dmean": 0.660014748573,
        "dmean2": 1.06428694725,
        "dvar": 0.502252042294,
        "dvar2": 1.49716353416,
        "max": 7.18964624405,
        "mean": 0.901739478111,
        "median": 0.538343727589,
        "min": -2.28164577484,
        "stdev": 1.44395244122,
        "var": 2.08499860764
    },
    "melbands_spread": {
        "dmean": 8.52529525757,
        "dmean2": 13.6458568573,
        "dvar": 145.612762451,
        "dvar2": 323.649597168,
        "max": 178.399887085,
        "mean": 27.6399440765,
        "median": 17.5991287231,
        "min": 4.18676280975,
        "stdev": 24.27318573,
        "var": 589.1875
    },
    "pitch_salience": {
        "dmean": 0.0977687910199,
        "dmean2": 0.162388265133,
        "dvar": 0.00862805824727,
        "dvar2": 0.0254471004009,
        "max": 0.888206541538,
        "mean": 0.597484052181,
        "median": 0.630993247032,
        "min": 0.0770956575871,
        "stdev": 0.154557868838,
        "var": 0.0238881334662
    },
    "silence_rate_20dB": {
        "dmean": 0,
        "dmean2": 0,
        "dvar": 0,
        "dvar2": 0,
        "max": 1,
        "mean": 1,
        "median": 1,
        "min": 1,
        "stdev": 0,
        "var": 0
    },
    "silence_rate_30dB": {
        "dmean": 0,
        "dmean2": 0,
        "dvar": 0,
        "dvar2": 0,
        "max": 1,
        "mean": 1,
        "median": 1,
        "min": 1,
        "stdev": 0,
        "var": 0
    },
    "silence_rate_60dB": {
        "dmean": 0.0955223888159,
        "dmean2": 0.191616773605,
        "dvar": 0.0863980203867,
        "dvar2": 0.160887554288,
        "max": 1,
        "mean": 0.705357134342,
        "median": 1,
        "min": 0,
        "stdev": 0.455882191658,
        "var": 0.207828566432
    },
    "spectral_centroid": {
        "dmean": 214.585800171,
        "dmean2": 323.151062012,
        "dvar": 37681.5195312,
        "dvar2": 81931.5625,
        "max": 3928.67993164,
        "mean": 2394.85107422,
        "median": 2384.08422852,
        "min": 1401.76843262,
        "stdev": 404.919494629,
        "var": 163959.796875
    },
    "spectral_complexity": {
        "dmean": 1.42686569691,
        "dmean2": 1.97005987167,
        "dvar": 5.25956487656,
        "dvar2": 9.53202152252,
        "max": 20,
        "mean": 3.49107146263,
        "median": 1.5,
        "min": 0,
        "stdev": 4.450776577,
        "var": 19.8094120026
    },
    "spectral_decrease": {
        "dmean": 5.51644230296e-10,
        "dmean2": 7.04685421127e-10,
        "dvar": 1.46004502209e-18,
        "dvar2": 2.09818332841e-18,
        "max": -5.85807775002e-21,
        "mean": -1.23757404324e-09,
        "median": -6.17016437943e-11,
        "min": -1.96487093262e-08,
        "stdev": 2.73190048361e-09,
        "var": 7.46328009015e-18
    },
    "spectral_energy": {
        "dmean": 0.00252038589679,
        "dmean2": 0.00320078874938,
        "dvar": 3.0897626857e-05,
        "dvar2": 4.43490498583e-05,
        "max": 0.091812454164,
        "mean": 0.00566877657548,
        "median": 0.000276495993603,
        "min": 2.99284414525e-13,
        "stdev": 0.0126248449087,
        "var": 0.000159386705491
    },
    "spectral_energyband_high": {
        "dmean": 9.15466371225e-05,
        "dmean2": 0.00012896975386,
        "dvar": 1.43474508718e-07,
        "dvar2": 1.96988168e-07,
        "max": 0.00702656200156,
        "mean": 0.000143541343277,
        "median": 5.351935215e-06,
        "min": 1.72081072265e-13,
        "stdev": 0.00059223518474,
        "var": 3.50742482169e-07
    },
    "spectral_energyband_low": {
        "dmean": 3.58639255182e-07,
        "dmean2": 5.6790582903e-07,
        "dvar": 1.19830794593e-12,
        "dvar2": 2.13865080159e-12,
        "max": 1.41984701258e-05,
        "mean": 4.87824365791e-07,
        "median": 3.35039942456e-08,
        "min": 3.33372076418e-14,
        "stdev": 1.62873220688e-06,
        "var": 2.65276862976e-12
    },
    "spectral_energyband_middle_high": {
        "dmean": 0.00243241456337,
        "dmean2": 0.00312960101292,
        "dvar": 3.0412695196e-05,
        "dvar2": 4.44832621724e-05,
        "max": 0.0913145914674,
        "mean": 0.00533264456317,
        "median": 0.000251441437285,
        "min": 3.58910661879e-14,
        "stdev": 0.0123713165522,
        "var": 0.000153049462824
    },
    "spectral_energyband_middle_low": {
        "dmean": 0.000146485690493,
        "dmean2": 0.000177750000148,
        "dvar": 5.52898370643e-07,
        "dvar2": 5.82293409934e-07,
        "max": 0.014572921209,
        "mean": 0.000219738154556,
        "median": 5.02466764374e-06,
        "min": 8.78214601735e-15,
        "stdev": 0.00122678570915,
        "var": 1.50500306972e-06
    },
    "spectral_entropy": {
        "dmean": 0.215511515737,
        "dmean2": 0.312265187502,
        "dvar": 0.0609731003642,
        "dvar2": 0.11005692929,
        "max": 8.71382141113,
        "mean": 7.310131073,
        "median": 7.15500974655,
        "min": 5.23545980453,
        "stdev": 0.868601441383,
        "var": 0.75446844101
    },
    "spectral_flux": {
        "dmean": 0.017223905772,
        "dmean2": 0.0246783532202,
        "dvar": 0.00058212998556,
        "dvar2": 0.00118309643585,
        "max": 0.210244476795,
        "mean": 0.0349409915507,
        "median": 0.0136108016595,
        "min": 3.05200483126e-05,
        "stdev": 0.0448192730546,
        "var": 0.00200876710005
    },
    "spectral_kurtosis": {
        "dmean": 4.42626571655,
        "dmean2": 7.68781280518,
        "dvar": 27.7152576447,
        "dvar2": 71.6744003296,
        "max": 50.3056106567,
        "mean": 10.0195007324,
        "median": 7.56551551819,
        "min": 1.47184848785,
        "stdev": 8.4937286377,
        "var": 72.1434249878
    },
    "spectral_rms": {
        "dmean": 0.000467987614684,
        "dmean2": 0.000526535324752,
        "dvar": 5.14861199008e-07,
        "dvar2": 5.95574817908e-07,
        "max": 0.00946430768818,
        "mean": 0.00139461294748,
        "median": 0.000519368855748,
        "min": 1.70875633643e-08,
        "stdev": 0.00189355947077,
        "var": 3.58556758329e-06
    },
    "spectral_rolloff": {
        "dmean": 1204.8302002,
        "dmean2": 2001.36157227,
        "dvar": 4494270.5,
        "dvar2": 12240947,
        "max": 19982.8125,
        "mean": 3153.78271484,
        "median": 2304.05273438,
        "min": 21.533203125,
        "stdev": 2520.74316406,
        "var": 6354146
    },
    "spectral_skewness": {
        "dmean": 0.403760910034,
        "dmean2": 0.69395005703,
        "dvar": 0.188783168793,
        "dvar2": 0.476133108139,
        "max": 4.92554569244,
        "mean": 1.80271089077,
        "median": 1.58167529106,
        "min": 0.429831147194,
        "stdev": 0.709174990654,
        "var": 0.502929151058
    },
    "spectral_spread": {
        "dmean": 372402.1875,
        "dmean2": 565747.5625,
        "dvar": 322249293824,
        "dvar2": 678778044416,
        "max": 9990970,
        "mean": 3753208.5,
        "median": 2231686.75,
        "min": 1174323,
        "stdev": 2719832.75,
        "var": 7.39749081907e+12
    },
    "spectral_strongpeak": {
        "dmean": 0.653700530529,
        "dmean2": 0.958266019821,
        "dvar": 1.3161252737,
        "dvar2": 2.63000774384,
        "max": 15.0279788971,
        "mean": 1.3625074625,
        "median": 0.331853270531,
        "min": 0,
        "stdev": 2.50856781006,
        "var": 6.29291200638
    },
    "zerocrossingrate": {
        "dmean": 0.0169790703803,
        "dmean2": 0.0207928866148,
        "dvar": 0.000795130326878,
        "dvar2": 0.00132312392816,
        "max": 0.4921875,
        "mean": 0.111995153129,
        "median": 0.09130859375,
        "min": 0.03125,
        "stdev": 0.0531421452761,
        "var": 0.00282408762723
    },
    "barkbands": {
        "dmean": [1.09599818643e-06, 8.79012063137e-08, 5.47068843559e-08, 6.66029791319e-08, 3.94791968006e-08, 1.84049241625e-07, 3.5542122987e-06, 2.33205701079e-05, 0.000134482863359, 0.000163425676874, 2.69822739938e-05, 0.000177112189704, 0.000363568979083, 0.000716704234947, 0.000801056274213, 0.000502895622049, 0.000336439494276, 0.000123707635794, 0.000139102659887, 7.90462872828e-05, 3.29478280037e-05, 6.81401115799e-06, 1.40958570682e-06, 4.45704017693e-07, 2.08543013969e-07, 1.50180127889e-07, 2.14547912769e-09],
        "dmean2": [1.81748282557e-06, 1.55334575425e-07, 8.0648533185e-08, 1.09567118045e-07, 6.78938647525e-08, 3.40219344253e-07, 5.81603399041e-06, 4.01063844038e-05, 0.000184275893844, 0.000232350168517, 4.1269689973e-05, 0.000283560511889, 0.000508929137141, 0.00116626103409, 0.00118901825044, 0.000758515438065, 0.000488071294967, 0.000187163313967, 0.000193867119378, 0.000113824702566, 5.18846827617e-05, 1.03305310404e-05, 2.1661765004e-06, 6.03317005243e-07, 3.1253082966e-07, 1.92802616539e-07, 2.82028578269e-09],
        "dvar": [1.5110650578e-11, 9.80011766725e-14, 9.71562782483e-14, 1.0467350592e-13, 3.09868640079e-14, 5.36497007844e-13, 1.25817911645e-10, 8.79825723388e-09, 6.52962000913e-07, 9.03860211565e-07, 5.56183543665e-09, 3.73831738898e-07, 1.42783585488e-06, 6.3979391598e-06, 8.12760299596e-06, 2.35465790865e-06, 1.69865018051e-06, 1.2415181061e-07, 2.30599226825e-07, 9.13550266546e-08, 1.95565679206e-08, 2.95097613012e-10, 2.57592731867e-11, 1.89913623022e-12, 5.37310701574e-13, 1.63957972091e-13, 2.4750198494e-17],
        "dvar2": [3.55148653541e-11, 2.72081158601e-13, 1.99762773055e-13, 2.08614579062e-13, 9.19339271052e-14, 1.56418172685e-12, 3.26343618795e-10, 2.37944881576e-08, 1.0358749023e-06, 1.48818423895e-06, 1.06540474221e-08, 9.05949775643e-07, 2.41715065386e-06, 1.2832205357e-05, 1.36926255436e-05, 5.13002805747e-06, 3.14695057568e-06, 2.79320687468e-07, 4.69835299555e-07, 1.12949223308e-07, 5.12388567131e-08, 6.16760642558e-10, 6.86441320452e-11, 3.31586819634e-12, 1.13915116489e-12, 2.68668849104e-13, 5.00934887959e-17],
        "max": [4.67232493975e-05, 3.67263874068e-06, 4.56156521977e-06, 5.32482863491e-06, 1.93544065041e-06, 6.41735050522e-06, 0.000100491066405, 0.000967186642811, 0.0143791344017, 0.0168112739921, 0.000548542069737, 0.00569134531543, 0.0162648167461, 0.0317050777376, 0.0572168417275, 0.0210817717016, 0.0232818219811, 0.00430337153375, 0.00721570150927, 0.00563307804987, 0.0017409796128, 0.000203274554224, 6.59969446133e-05, 2.63837300736e-05, 1.27011790028e-05, 6.44441797704e-06, 7.50400488414e-08],
        "mean": [9.84703888207e-07, 7.39428713814e-08, 5.52370558182e-08, 9.6017132023e-08, 3.58583456261e-08, 1.26835246306e-07, 3.2756024666e-06, 2.05321812246e-05, 0.000143970915815, 0.000284189794911, 2.96412399621e-05, 0.000183178752195, 0.000434540910646, 0.000874347984791, 0.00181956181768, 0.000567134295125, 0.000710064370651, 0.000115467148134, 0.000309934199322, 0.000120336873806, 3.8597285311e-05, 9.07456978894e-06, 1.78186621724e-06, 1.03275408492e-06, 4.26032102041e-07, 3.19973707974e-07, 4.95244334431e-09],
        "median": [6.77516140968e-08, 8.32536883877e-09, 9.54800238873e-10, 7.76092690113e-10, 1.44884360065e-09, 1.54371293526e-09, 1.9903184878e-08, 1.77431587645e-07, 3.11577927903e-08, 1.65562106247e-08, 2.10213045193e-07, 2.07304765354e-06, 2.61329205387e-06, 5.97508324063e-06, 1.27834955492e-05, 7.71877967054e-06, 5.26311987414e-06, 5.06014930579e-06, 4.65136190542e-06, 5.01801059727e-06, 1.51784001901e-06, 5.22449795426e-07, 5.41040492408e-08, 2.22201403943e-08, 1.67513221072e-08, 1.48180223647e-08, 1.83096737771e-09],
        "min": [1.52303537349e-14, 1.78334486122e-14, 6.33985695702e-15, 2.57328037629e-15, 1.48007149071e-15, 3.00505139774e-15, 1.06294461012e-15, 3.17698447472e-16, 3.24715983091e-16, 2.54074679369e-16, 8.22145001682e-16, 8.34834825781e-16, 1.40408458853e-15, 1.42378689252e-15, 2.0605607454e-15, 7.06654335725e-16, 2.35018354468e-15, 4.65996869998e-15, 1.27143804315e-14, 1.19006816188e-14, 3.94653148323e-15, 5.39092721676e-15, 3.20499310143e-14, 3.08838139795e-14, 2.25048590332e-14, 2.14679382398e-14, 6.3921714059e-14],
        "stdev": [4.05084119848e-06, 2.75168844155e-07, 3.3896799323e-07, 4.99738519011e-07, 1.63332188663e-07, 5.55108783828e-07, 1.10581104309e-05, 8.09615594335e-05, 0.000990602071397, 0.00153665489051, 9.01552120922e-05, 0.000638635829091, 0.00168383470736, 0.00287328264676, 0.00678977742791, 0.00172987196129, 0.00243089906871, 0.000362739985576, 0.00103171018418, 0.00048793994938, 0.000150531705003, 2.20346828428e-05, 5.5490786508e-06, 3.41833901985e-06, 1.43784995998e-06, 9.08878291739e-07, 7.77290853904e-09],
        "var": [1.64093131444e-11, 7.57178946821e-14, 1.14899301011e-13, 2.49738597857e-13, 2.66774060118e-14, 3.08145788617e-13, 1.22281809678e-10, 6.55477361278e-09, 9.81292373581e-07, 2.36130836129e-06, 8.12796230321e-09, 4.07855708318e-07, 2.83529925582e-06, 8.25575261842e-06, 4.61010786239e-05, 2.99245698443e-06, 5.90926993027e-06, 1.31580307539e-07, 1.06442587366e-06, 2.38085405613e-07, 2.26597940411e-08, 4.85527285043e-10, 3.07922749798e-11, 1.1685041823e-11, 2.06741243049e-12, 8.26059706749e-13, 6.04181123564e-17]
    },
    "erbbands": {
        "dmean": [5.87176782574e-06, 1.27527528093e-05, 4.4426687964e-05, 0.000183505748282, 0.000123419042211, 0.000120511562272, 0.000608979258686, 0.0020973100327, 0.0229848939925, 0.0959713831544, 1.08732676506, 2.89456129074, 3.6992559433, 4.12544584274, 1.80000686646, 8.34183597565, 15.9393396378, 28.8663196564, 45.1774330139, 24.4677772522, 24.1939125061, 16.3541202545, 8.8193731308, 6.2932972908, 5.64462709427, 4.00909137726, 2.64267349243, 0.76514518261, 0.241665974259, 0.160113200545, 0.0210573002696, 0.00612149946392, 0.0092669390142, 0.00303218979388, 0.0010936090257, 0.00109515932854, 0.000155843197717, 9.69108168647e-06, 2.16594457925e-06, 3.45050011674e-06],
        "dmean2": [1.01202631413e-05, 2.27425007324e-05, 6.44532337901e-05, 0.000296150421491, 0.000198694091523, 0.000203036615858, 0.00112432031892, 0.00373912253417, 0.0379029102623, 0.158008739352, 1.88183319569, 4.54808568954, 5.34361124039, 5.52836322784, 2.58290958405, 12.818321228, 22.2662601471, 46.0259208679, 62.4738426208, 38.2892570496, 34.9436645508, 21.6033210754, 12.6398162842, 10.0010566711, 8.14131641388, 5.04315710068, 4.06726503372, 0.947504401207, 0.342905580997, 0.234711155295, 0.029817448929, 0.00910319201648, 0.0120418574661, 0.00429508462548, 0.0014496347867, 0.00132160959765, 0.000214958970901, 1.27883122332e-05, 2.5909616852e-06, 4.32272372564e-06],
        "dvar": [2.69646194262e-10, 4.75437778036e-09, 5.79247902976e-08, 9.84363964562e-07, 2.46243303081e-07, 2.50373972221e-07, 1.79798189492e-05, 4.44059987785e-05, 0.00408314680681, 0.0681089907885, 33.7655181885, 314.681427002, 433.649993896, 529.933959961, 16.5951747894, 831.354553223, 3092.87451172, 11924.2460938, 27492.125, 3591.63574219, 5578.57373047, 2857.64892578, 769.746643066, 775.684082031, 411.348266602, 252.950653076, 110.619972229, 12.5930957794, 0.438939392567, 0.207939848304, 0.00486095622182, 0.000330903596478, 0.00099401071202, 0.000138492163387, 9.08975562197e-06, 9.19236754271e-06, 1.54372955308e-07, 4.0353753672e-10, 2.12426673474e-11, 5.81658714249e-11],
        "dvar2": [6.83813616842e-10, 1.33929525248e-08, 1.23271036045e-07, 1.93396226678e-06, 5.59384488952e-07, 7.27001804535e-07, 5.36908373761e-05, 0.000126554019516, 0.0107103521004, 0.171803578734, 90.7678833008, 565.812011719, 772.748962402, 926.45904541, 33.6330604553, 2002.69482422, 5200.81982422, 22657.0898438, 40216.453125, 8585.78710938, 11408.0888672, 4587.77001953, 1608.38317871, 1712.43054199, 779.247924805, 382.078582764, 268.617553711, 19.8188896179, 0.809942483902, 0.445408672094, 0.0107875810936, 0.000749719969463, 0.00178645562846, 0.000316467951052, 1.69039631146e-05, 1.51486701725e-05, 3.01168313399e-07, 7.83659692694e-10, 2.71825756348e-11, 8.27758833699e-11],
        "max": [0.000173429449205, 0.000947726657614, 0.00366283254698, 0.0125393848866, 0.00668737897649, 0.00540741393343, 0.0540378503501, 0.0534497499466, 0.527194201946, 1.89487481117, 80.5703735352, 285.537872314, 392.757629395, 385.445861816, 40.8434524536, 306.704345703, 797.748291016, 1356.42602539, 3563.84912109, 603.345336914, 828.610107422, 988.765441895, 477.594238281, 393.543395996, 437.122802734, 325.066619873, 130.487991333, 71.2777328491, 10.3809928894, 4.79879903793, 0.859766900539, 0.223050802946, 0.610362827778, 0.206432387233, 0.0378072299063, 0.0501513369381, 0.00603805901483, 0.000275274738669, 7.73917199695e-05, 0.000128414307255],
        "mean": [6.20249329586e-06, 1.05830495158e-05, 4.5765984396e-05, 0.000245426926995, 0.000165694742464, 0.000109466782305, 0.000414769776398, 0.00185943196993, 0.0244574174285, 0.112420901656, 0.946985244751, 3.15291666985, 6.75375509262, 5.66626024246, 2.44875979424, 9.44582653046, 19.9737453461, 36.3897743225, 125.923561096, 33.9081115723, 29.7036418915, 38.7020492554, 13.4220380783, 9.57128429413, 13.8558092117, 5.89506196976, 3.35423898697, 1.08851253986, 0.347523480654, 0.222143292427, 0.0344310700893, 0.011433978565, 0.0215373039246, 0.00730093941092, 0.002287292853, 0.00221968395635, 0.00032166208257, 2.08774017665e-05, 5.27074826095e-06, 7.81980179454e-06],
        "median": [6.27743361292e-07, 1.11320287033e-06, 1.22920801005e-06, 2.24232189794e-06, 3.30934608428e-06, 6.33992158328e-06, 1.3478236724e-05, 8.27252079034e-05, 0.0012731506722, 0.0103591196239, 0.0134746339172, 0.00294338772073, 0.00739471893758, 0.043036699295, 0.117671690881, 0.276922523975, 0.706778585911, 0.915043115616, 1.20615112782, 1.23944818974, 1.13508689404, 0.512167692184, 0.421788305044, 0.216388657689, 0.274222999811, 0.240740478039, 0.114934436977, 0.0438419803977, 0.0210711658001, 0.0100631024688, 0.00169189204462, 0.000494862440974, 0.000293514603982, 0.000137334194733, 9.02974134078e-05, 7.57036032155e-05, 2.04514508368e-05, 2.49114577855e-06, 4.9393156587e-07, 4.12781247405e-07],
        "min": [7.33475292222e-13, 3.26994269335e-12, 7.3258994357e-12, 8.77704332825e-12, 5.5803564894e-12, 4.32234499928e-12, 1.43381912246e-11, 2.67325311193e-11, 2.09910977489e-11, 7.66812308095e-12, 8.50324931995e-12, 7.76095594041e-12, 4.11137356798e-12, 2.1094801253e-11, 3.0119736566e-11, 4.19332554791e-11, 6.88103463098e-11, 5.64609956011e-11, 9.75407601911e-11, 7.31958521571e-11, 6.354665405e-11, 1.35217892439e-10, 2.68763872269e-10, 3.83504894508e-10, 8.78713157793e-10, 4.70628591653e-10, 1.81226131324e-10, 1.66477845398e-10, 1.45519415962e-10, 5.63787128094e-10, 1.01012342935e-09, 4.37265473829e-10, 6.53034293308e-10, 2.64788441173e-10, 1.53636617317e-10, 7.66020719078e-11, 3.73659887754e-11, 2.71852870076e-11, 8.30834272908e-12, 9.13367038252e-13],
        "stdev": [1.87237819773e-05, 5.60876142117e-05, 0.0002589947253, 0.00134757871274, 0.000744912656955, 0.000484045187477, 0.00309264380485, 0.00567112537101, 0.0669639110565, 0.290248036385, 4.9560251236, 20.4986553192, 37.5432701111, 29.8318710327, 5.93631696701, 30.8362216949, 78.4071121216, 121.866790771, 460.114074707, 82.1818771362, 86.4381713867, 122.239967346, 41.7198867798, 31.5874843597, 49.8088912964, 24.4562969208, 11.9742012024, 5.17448949814, 0.915006697178, 0.577465891838, 0.0950279310346, 0.0301986616105, 0.0766983553767, 0.0286188721657, 0.00597283616662, 0.00671324739233, 0.000807013653684, 4.20711803599e-05, 1.10560986286e-05, 1.75129771378e-05],
        "var": [3.50580037223e-10, 3.14582027094e-09, 6.70782611678e-08, 1.81596851689e-06, 5.548948252e-07, 2.34299733393e-07, 9.56444546318e-06, 3.21616607835e-05, 0.00448416499421, 0.0842439159751, 24.5621833801, 420.194854736, 1409.49719238, 889.940490723, 35.2398605347, 950.872558594, 6147.67578125, 14851.5146484, 211704.96875, 6753.86035156, 7471.55712891, 14942.6103516, 1740.54907227, 997.769165039, 2480.92578125, 598.110412598, 143.381500244, 26.7753410339, 0.837237298489, 0.333466827869, 0.00903030764312, 0.000911959155928, 0.00588263804093, 0.00081903982209, 3.5674769606e-05, 4.50676889159e-05, 6.51271022889e-07, 1.76998415924e-09, 1.2223731749e-10, 3.06704384112e-10]
    },
    "gfcc": {
        "mean": [-386.740966797, -18.696641922, -215.092147827, -2.74599599838, -32.7219963074, 8.66063022614, -13.9560928345, 10.6531257629, -1.87530136108, 22.4658813477, -8.87396144867, -0.799729406834, -10.8764095306],
        "cov": [[39511.5234375, -2146.78442383, -16717.5625, -1763.51330566, 326.962036133, -380.361297607, 1242.91748047, 816.206604004, 614.565979004, 761.379089355, -567.534301758, -775.877563477, -249.478240967], [-2146.78442383, 631.038085938, 919.415100098, -66.3445587158, 5.50725650787, -61.29454422, -166.546478271, -166.940673828, 8.91316509247, 85.4896774292, 190.092605591, 92.1007537842, 12.5399513245], [-16717.5625, 919.415100098, 8329.21679688, 1086.85192871, -88.5620117188, 271.911010742, -702.425354004, -186.556884766, -374.460876465, -744.694519043, -32.5279960632, 166.55430603, 238.031066895], [-1763.51330566, -66.3445587158, 1086.85192871, 346.234375, 16.1327705383, 91.9673614502, -82.3743133545, 30.6769790649, -84.5392990112, -232.001815796, -120.864257812, -44.3731956482, 55.8035430908], [326.962036133, 5.50725650787, -88.5620117188, 16.1327705383, 405.926269531, 136.620956421, -63.0388298035, -99.7701339722, -35.8776283264, -38.5696754456, 6.42616176605, 28.2317276001, -52.8685646057], [-380.361297607, -61.29454422, 271.911010742, 91.9673614502, 136.620956421, 207.653076172, -10.4171514511, 0.63403481245, 20.232875824, -120.565261841, -60.3644485474, -17.1472816467, -23.8383140564], [1242.91748047, -166.546478271, -702.425354004, -82.3743133545, -63.0388298035, -10.4171514511, 266.497497559, 110.677894592, 44.3139648438, 75.2764434814, -29.1639919281, -46.0756912231, -53.295173645], [816.206604004, -166.940673828, -186.556884766, 30.6769790649, -99.7701339722, 0.63403481245, 110.677894592, 241.889465332, 80.5896911621, -87.6341171265, -117.741722107, -118.654045105, -10.035577774], [614.565979004, 8.91316509247, -374.460876465, -84.5392990112, -35.8776283264, 20.232875824, 44.3139648438, 80.5896911621, 218.213287354, 81.2453918457, 5.68438768387, -24.8063488007, -81.4309082031], [761.379089355, 85.4896774292, -744.694519043, -232.001815796, -38.5696754456, -120.565261841, 75.2764434814, -87.6341171265, 81.2453918457, 350.232788086, 177.058029175, 76.6829528809, -72.9111633301], [-567.534301758, 190.092605591, -32.5279960632, -120.864257812, 6.42616176605, -60.3644485474, -29.1639919281, -117.741722107, 5.68438768387, 177.058029175, 212.424789429, 112.583053589, -27.819185257], [-775.877563477, 92.1007537842, 166.55430603, -44.3731956482, 28.2317276001, -17.1472816467, -46.0756912231, -118.654045105, -24.8063488007, 76.6829528809, 112.583053589, 167.431091309, 27.2527523041], [-249.478240967, 12.5399513245, 238.031066895, 55.8035430908, -52.8685646057, -23.8383140564, -53.295173645, -10.035577774, -81.4309082031, -72.9111633301, -27.819185257, 27.2527523041, 200.515625]],
        "icov": [[0.000362263584975, -0.00041725000483, 0.000868579023518, -0.000247849762673, -0.000133884183015, -0.00019796192646, 0.000583658809774, -0.000894882658031, 0.000547702831682, -8.31785382616e-06, 0.000806802883744, 6.79063014104e-05, -0.000111677501991], [-0.00041725000483, 0.00510162860155, -0.00188283855096, 0.00291013275273, -0.000574219913688, 0.00250427634455, -0.000914411153644, 0.00433836644515, -0.00353172700852, 0.00188219861593, -0.00441765040159, 0.00283510354348, -0.00104064226616], [0.000868579023518, -0.00188283855096, 0.00256085791625, -0.00192690920085, 0.000148512248415, -0.00117535016034, 0.00195164070465, -0.00291172368452, 0.00205768761225, -0.00013586730347, 0.00207467726432, -0.000719786505215, 0.000139028823469], [-0.000247849762673, 0.00291013275273, -0.00192690920085, 0.00967632699758, -0.000370093912352, 0.000597121892497, -0.000606011482887, 0.0026282502804, -0.00092445575865, 0.00266965175979, -1.48237995745e-05, 0.00231111445464, -0.000672850350384], [-0.000133884183015, -0.000574219913688, 0.000148512248415, -0.000370093912352, 0.00456612557173, -0.00356493610889, 0.00126350019127, 0.000521501118783, 0.00178868637886, -0.000338717392879, 0.000275913946098, -0.00101302354597, 0.00171725999098], [-0.00019796192646, 0.00250427634455, -0.00117535016034, 0.000597121892497, -0.00356493610889, 0.012082871981, -0.00371723924764, 0.00567830633372, -0.00642722053453, 0.00575048103929, -0.00201011751778, 0.00170476664789, -0.00041086829151], [0.000583658809774, -0.000914411153644, 0.00195164070465, -0.000606011482887, 0.00126350019127, -0.00371723924764, 0.00922457501292, -0.00702071376145, 0.00464360648766, -0.00403040228412, 0.00293464330025, -0.00163728895131, 0.0016768281348], [-0.000894882658031, 0.00433836644515, -0.00291172368452, 0.0026282502804, 0.000521501118783, 0.00567830633372, -0.00702071376145, 0.0179967302829, -0.00958884414285, 0.00677733216435, -0.00374273466878, 0.00663782889023, -0.00166359078139], [0.000547702831682, -0.00353172700852, 0.00205768761225, -0.00092445575865, 0.00178868637886, -0.00642722053453, 0.00464360648766, -0.00958884414285, 0.0127586172894, -0.0058284108527, 0.00458630360663, -0.00335516780615, 0.00333310570568], [-8.31785382616e-06, 0.00188219861593, -0.00013586730347, 0.00266965175979, -0.000338717392879, 0.00575048103929, -0.00403040228412, 0.00677733216435, -0.0058284108527, 0.0128864580765, -0.00697156274691, 0.00199291692115, 0.000233262398979], [0.000806802883744, -0.00441765040159, 0.00207467726432, -1.48237995745e-05, 0.000275913946098, -0.00201011751778, 0.00293464330025, -0.00374273466878, 0.00458630360663, -0.00697156274691, 0.0184879805893, -0.00689335772768, 0.00207726098597], [6.79063014104e-05, 0.00283510354348, -0.000719786505215, 0.00231111445464, -0.00101302354597, 0.00170476664789, -0.00163728895131, 0.00663782889023, -0.00335516780615, 0.00199291692115, -0.00689335772768, 0.0144680356607, -0.0036095995456], [-0.000111677501991, -0.00104064226616, 0.000139028823469, -0.000672850350384, 0.00171725999098, -0.00041086829151, 0.0016768281348, -0.00166359078139, 0.00333310570568, 0.000233262398979, 0.00207726098597, -0.0036095995456, 0.00791905168444]]
    },
    "melbands": {
        "dmean": [6.72049011996e-08, 2.23348521899e-08, 2.68944120307e-08, 7.27992954808e-09, 1.76345587022e-08, 5.04623756115e-08, 4.66009055344e-07, 1.34914932914e-06, 1.18610032587e-05, 2.07958091778e-05, 1.79821727215e-05, 1.99617225007e-05, 4.15590238845e-06, 1.29502213895e-05, 3.5363365896e-05, 3.89774249925e-05, 6.02458494541e-05, 7.66824014136e-05, 4.53174907307e-05, 4.05921600759e-05, 2.70456876024e-05, 1.68022233993e-05, 1.68951155501e-05, 5.2864297686e-06, 5.75080275667e-06, 6.20774926574e-06, 2.16147759602e-06, 3.3668263768e-06, 2.35262882597e-06, 7.57758357395e-07, 3.42553391874e-07, 1.06429659752e-07, 1.78078664703e-07, 6.34030499214e-08, 1.48919765408e-08, 3.28161364749e-09, 4.27879642828e-09, 8.6092430962e-09, 6.79986067453e-09, 1.65232316718e-09],
        "dmean2": [1.09132429316e-07, 3.2846816822e-08, 4.39785523554e-08, 1.1442920389e-08, 3.23431876836e-08, 9.15834590387e-08, 7.70720760102e-07, 2.24711880037e-06, 2.10937214433e-05, 2.87705388473e-05, 2.70925083896e-05, 2.60859378614e-05, 6.14966302237e-06, 1.95155134861e-05, 5.7247478253e-05, 5.68954565097e-05, 9.96535090962e-05, 0.000107791856863, 6.94350892445e-05, 6.26122346148e-05, 4.22115736001e-05, 2.28029821301e-05, 2.51552173722e-05, 7.55718201617e-06, 9.23244533624e-06, 8.60797899804e-06, 3.37809524353e-06, 4.26274209531e-06, 3.66082758774e-06, 1.14684826258e-06, 4.85922669213e-07, 1.59415421308e-07, 2.68188102837e-07, 9.90722810457e-08, 2.13991331321e-08, 4.7996446817e-09, 6.96006896561e-09, 1.20012595417e-08, 1.06089128593e-08, 2.21559925961e-09],
        "dvar": [3.94552588572e-14, 1.48719859534e-14, 1.81534254724e-14, 7.4740117329e-16, 1.37190606098e-14, 2.86346467371e-14, 1.96897944997e-12, 1.65651312112e-11, 5.80190340216e-09, 1.56738408918e-08, 1.19905472218e-08, 1.31523574254e-08, 1.18385801162e-10, 1.68548852653e-09, 2.10535446854e-08, 2.00129388617e-08, 6.21414883994e-08, 7.51779438701e-08, 1.70490448426e-08, 1.59982445069e-08, 8.01303556841e-09, 3.40506467467e-09, 5.68824987113e-09, 3.21866283626e-10, 7.71779362641e-10, 4.98512731095e-10, 3.03437344695e-11, 2.41825948155e-10, 9.9194388814e-11, 8.7739251628e-12, 3.20719839575e-12, 6.54623043598e-14, 3.00416457119e-13, 4.40396281725e-14, 2.92198224133e-15, 7.18045909779e-17, 1.82267712729e-16, 9.47175323268e-16, 9.01419874006e-16, 3.47111487894e-17],
        "dvar2": [8.32378735166e-14, 3.35769857285e-14, 3.49608783221e-14, 1.95475997754e-15, 4.10331084432e-14, 8.22533163e-14, 5.08958456977e-12, 4.445355542e-11, 1.62177382634e-08, 2.79532326175e-08, 2.05941841358e-08, 2.15121129798e-08, 2.2888857476e-10, 3.48082851431e-09, 5.28204964212e-08, 3.39630794599e-08, 1.21571915201e-07, 1.01106010675e-07, 3.91732584148e-08, 4.10035987386e-08, 1.57833852654e-08, 6.0872795693e-09, 1.2039795827e-08, 6.90461354758e-10, 1.77746561913e-09, 7.35636052074e-10, 7.26233725934e-11, 3.77646025562e-10, 2.26704738315e-10, 1.79372159487e-11, 5.10290854711e-12, 1.2867010517e-13, 6.72836677866e-13, 1.0045633894e-13, 7.09445531632e-15, 1.35605488228e-16, 4.41682206912e-16, 2.084067392e-15, 2.31292764753e-15, 6.67811959097e-17],
        "max": [2.52142672252e-06, 1.85220505955e-06, 1.80682229711e-06, 3.27443189008e-07, 1.47412322349e-06, 1.47622176883e-06, 1.25186779769e-05, 3.41599115927e-05, 0.00104704243131, 0.00220742449164, 0.00190662639216, 0.00196917215362, 8.62486922415e-05, 0.000489151920192, 0.00195395178162, 0.00209549581632, 0.00313463364728, 0.00578417535871, 0.00177245191298, 0.00164426816627, 0.000788087025285, 0.000770677346736, 0.0014913912164, 0.000256937462837, 0.000403133948566, 0.000500019988976, 5.62367094972e-05, 0.000308300252073, 0.000147533326526, 4.34866306023e-05, 2.99831153825e-05, 2.49781123784e-06, 6.91489867677e-06, 2.25651888286e-06, 7.12395717528e-07, 9.18660987281e-08, 1.5881938964e-07, 5.61537319754e-07, 5.02457623952e-07, 1.16920020332e-07],
        "mean": [7.91250300836e-08, 2.29344738756e-08, 3.83304445961e-08, 8.11012679236e-09, 1.16652802973e-08, 3.94962924588e-08, 4.56090191392e-07, 1.43350223425e-06, 9.85558017419e-06, 2.09378158615e-05, 3.69431218132e-05, 2.72878405667e-05, 5.09760047862e-06, 1.6394400518e-05, 3.72301692551e-05, 4.25084472226e-05, 6.10517890891e-05, 0.000223812778131, 6.08460686635e-05, 4.13944726461e-05, 3.0902276194e-05, 3.66144122381e-05, 3.07925438392e-05, 5.02589773532e-06, 6.6179040914e-06, 1.69447957887e-05, 2.38309030465e-06, 4.45958494311e-06, 2.70821806225e-06, 9.54546067078e-07, 4.52674015605e-07, 1.43693327459e-07, 2.27193638125e-07, 8.32373530102e-08, 2.01616359163e-08, 5.0169326471e-09, 7.29614058059e-09, 1.59068722638e-08, 1.35179742955e-08, 3.94573307361e-09],
        "median": [7.0768439997e-09, 9.22134035797e-10, 3.94485721866e-10, 2.98384261743e-10, 2.68844446705e-10, 4.29099811239e-10, 3.13163051047e-09, 5.91174256215e-08, 2.34175328018e-08, 4.62853444461e-09, 2.33509034331e-09, 6.76353995033e-09, 6.00659433303e-08, 1.91719465192e-07, 6.18821104581e-07, 3.31041121626e-07, 5.2624517366e-07, 8.34158640828e-07, 8.32182877275e-07, 5.1747474572e-07, 5.23594223978e-07, 3.11555709231e-07, 1.76930285534e-07, 2.38191873336e-07, 1.19530852771e-07, 1.76869292545e-07, 1.97871955265e-07, 1.35485095143e-07, 7.91391556731e-08, 3.00948919119e-08, 1.32732971281e-08, 9.16481468494e-09, 6.13065109789e-09, 3.56492346754e-09, 3.93255483733e-10, 1.84743095821e-10, 2.03808747656e-10, 1.88349669195e-10, 8.30537166818e-11, 8.48041775692e-11],
        "min": [6.48466401561e-15, 3.93399073693e-15, 1.41903726115e-15, 3.06356782187e-16, 4.41313932868e-16, 5.95297455248e-16, 2.95261921127e-16, 7.21990634858e-17, 7.21568971269e-17, 4.43179218532e-17, 1.82626292216e-17, 7.86530310274e-17, 1.09842220131e-16, 7.40645741428e-17, 1.73762350503e-16, 1.09395152171e-16, 1.10796224075e-16, 1.53144430366e-16, 1.64000004618e-16, 3.43263443684e-17, 9.01858213557e-17, 1.10204902434e-16, 2.46658641218e-16, 2.04802997821e-16, 3.1679069285e-16, 4.4867107576e-16, 7.34267927442e-16, 2.22228861061e-16, 1.36327967627e-16, 8.08694978747e-17, 9.76136848807e-17, 5.52525414845e-17, 1.5434258494e-16, 4.12832820594e-16, 7.84562096872e-16, 2.2629070168e-16, 2.63116385504e-16, 5.74585011528e-16, 1.89947760462e-16, 2.38444592152e-16],
        "stdev": [2.51754954661e-07, 1.26981476001e-07, 1.96657779838e-07, 3.39826513596e-08, 8.60789484136e-08, 1.37608509476e-07, 1.41909765716e-06, 4.05338187193e-06, 6.09709932178e-05, 0.000145546000567, 0.000202638679184, 0.000151833592099, 1.41266755236e-05, 5.3358337027e-05, 0.000147852872033, 0.000179422480869, 0.000264966947725, 0.000816823157948, 0.000187848359928, 0.000128510626382, 0.000101058511063, 0.000111269400804, 0.000127278646687, 1.8897904738e-05, 2.78569186776e-05, 6.55055919196e-05, 6.08797563473e-06, 2.24918585445e-05, 1.07437881525e-05, 4.02882096751e-06, 2.334020337e-06, 3.46318898892e-07, 6.71905070249e-07, 2.58815333609e-07, 6.44256274995e-08, 1.31524293678e-08, 2.07426040788e-08, 5.65123059459e-08, 5.81076378126e-08, 1.5305243295e-08],
