{
"lowlevel": {
    "average_loudness": 0.976801455021,
    "barkbands_crest": {
        "dmean": 0.913103640079,
        "dmean2": 1.23477566242,
        "dvar": 3.13257551193,
        "dvar2": 6.80456972122,
        "max": 26.9302024841,
        "mean": 24.5499324799,
        "median": 25.978603363,
        "min": 5.47075510025,
        "stdev": 3.93184018135,
        "var": 15.4593667984
    },
    "barkbands_flatness_db": {
        "dmean": 0.0266967210919,
        "dmean2": 0.0376556776464,
        "dvar": 0.000909650931135,
        "dvar2": 0.001391674974,
        "max": 0.713339567184,
        "mean": 0.564133822918,
        "median": 0.609132230282,
        "min": 0.0610224083066,
        "stdev": 0.137389227748,
        "var": 0.0188758000731
    },
    "barkbands_kurtosis": {
        "dmean": 90.7513809204,
        "dmean2": 129.993225098,
        "dvar": 20564.9238281,
        "dvar2": 45245.4804688,
        "max": 970.911132812,
        "mean": 108.023483276,
        "median": 42.66847229,
        "min": -1.40799856186,
        "stdev": 159.643630981,
        "var": 25486.0898438
    },
    "barkbands_skewness": {
        "dmean": 2.7657854557,
        "dmean2": 3.56714868546,
        "dvar": 10.0080852509,
        "dvar2": 19.5893230438,
        "max": 14.2024717331,
        "mean": -5.76677370071,
        "median": -5.01534938812,
        "min": -25.5782985687,
        "stdev": 5.9489440918,
        "var": 35.3899345398
    },
    "barkbands_spread": {
        "dmean": 1.61653316021,
        "dmean2": 2.33888983727,
        "dvar": 27.1876106262,
        "dvar2": 60.3845977783,
        "max": 117.337776184,
        "mean": 3.82235813141,
        "median": 0.675620377064,
        "min": 0.0688271075487,
        "stdev": 13.5663795471,
        "var": 184.046661377
    },
    "dissonance": {
        "dmean": 0.0895181745291,
        "dmean2": 0.163023874164,
        "dvar": 0.00664150947705,
        "dvar2": 0.0188838522881,
        "max": 0.499511837959,
        "mean": 0.397397220135,
        "median": 0.433034598827,
        "min": 0.0930606797338,
        "stdev": 0.086559727788,
        "var": 0.00749258603901
    },
    "dynamic_complexity": 6.30217552185,
    "erbbands_crest": {
        "dmean": 0.626334011555,
        "dmean2": 0.740929722786,
        "dvar": 1.61262917519,
        "dvar2": 2.44535923004,
        "max": 31.6132488251,
        "mean": 27.772069931,
        "median": 30.0252990723,
        "min": 2.00558590889,
        "stdev": 7.18562507629,
        "var": 51.6332054138
    },
    "erbbands_flatness_db": {
        "dmean": 0.01862866804,
        "dmean2": 0.0242995657027,
        "dvar": 0.000518532237038,
        "dvar2": 0.000556179846171,
        "max": 0.663516163826,
        "mean": 0.540979981422,
        "median": 0.595793902874,
        "min": 0.0247282143682,
        "stdev": 0.164772897959,
        "var": 0.0271501094103
    },
    "erbbands_kurtosis": {
        "dmean": 5.97757816315,
        "dmean2": 6.91852140427,
        "dvar": 77.6771087646,
        "dvar2": 132.296661377,
        "max": 129.597229004,
        "mean": 21.9260730743,
        "median": 22.3791408539,
        "min": -1.24284231663,
        "stdev": 14.53540802,
        "var": 211.278091431
    },
    "erbbands_skewness": {
        "dmean": 0.705591738224,
        "dmean2": 1.0285834074,
        "dvar": 0.625091791153,
        "dvar2": 1.38877356052,
        "max": 3.39181566238,
        "mean": -2.22940659523,
        "median": -2.66997241974,
        "min": -3.80512690544,
        "stdev": 1.26740527153,
        "var": 1.60631620884
    },
    "erbbands_spread": {
        "dmean": 1.31757032871,
        "dmean2": 1.95068073273,
        "dvar": 18.7609138489,
        "dvar2": 43.8160018921,
        "max": 108.71282959,
        "mean": 7.21149682999,
        "median": 0.827090740204,
        "min": 0.259585231543,
        "stdev": 20.7801017761,
        "var": 431.812591553
    },
    "hfc": {
        "dmean": 10.9915752411,
        "dmean2": 11.7441120148,
        "dvar": 113.373764038,
        "dvar2": 106.245475769,
        "max": 115.40447998,
        "mean": 44.0877037048,
        "median": 41.088886261,
        "min": 9.87726309631e-08,
        "stdev": 28.2068328857,
        "var": 795.625427246
    },
    "loudness_ebu128": {
        "integrated": -23.0346717834,
        "loudness_range": 0.988151550293,
        "momentary": {
            "dmean": 1.23273682594,
            "dmean2": 1.11023557186,
            "dvar": 8.0584526062,
            "dvar2": 2.62040567398,
            "max": -21.0295391083,
            "mean": -27.4924793243,
            "median": -23.226474762,
            "min": -82.4442749023,
            "stdev": 13.9617786407,
            "var": 194.931274414
        },
        "short_term": {
            "dmean": 0.0966014862061,
            "dmean2": 0.1293476969,
            "dvar": 0.00301947095431,
            "dvar2": 0.00478600431234,
            "max": -22.5699691772,
            "mean": -23.3097038269,
            "median": -23.3583717346,
            "min": -24.0597763062,
            "stdev": 0.335569322109,
            "var": 0.11260677129
        }
    },
    "melbands_crest": {
        "dmean": 1.89152741432,
        "dmean2": 2.41431069374,
        "dvar": 8.64597415924,
        "dvar2": 18.5276679993,
        "max": 38.5235061646,
        "mean": 33.8424949646,
        "median": 35.1991462708,
        "min": 7.83892774582,
        "stdev": 4.24710941315,
        "var": 18.0379371643
    },
    "melbands_flatness_db": {
        "dmean": 0.0234444979578,
        "dmean2": 0.0325319468975,
        "dvar": 0.000689245644026,
        "dvar2": 0.00119310233276,
        "max": 0.688883423805,
        "mean": 0.562786757946,
        "median": 0.595451891422,
        "min": 0.018926916644,
        "stdev": 0.113355256617,
        "var": 0.0128494137898
    },
    "melbands_kurtosis": {
        "dmean": 44.2205657959,
        "dmean2": 62.7792778015,
        "dvar": 3788.60327148,
        "dvar2": 8699.109375,
        "max": 432.148681641,
        "mean": 56.1341552734,
        "median": 23.1208934784,
        "min": -1.67403662205,
        "stdev": 75.6984634399,
        "var": 5730.25732422
    },
    "melbands_skewness": {
        "dmean": 1.88065910339,
        "dmean2": 2.25656437874,
        "dvar": 3.61458683014,
        "dvar2": 7.87560844421,
        "max": 16.8308944702,
        "mean": -3.63645386696,
        "median": -3.96485447884,
        "min": -15.1072216034,
        "stdev": 4.97911405563,
        "var": 24.7915763855
    },
    "melbands_spread": {
        "dmean": 2.05909824371,
        "dmean2": 2.83882021904,
        "dvar": 66.7153167725,
        "dvar2": 113.31072998,
        "max": 168.911804199,
        "mean": 5.28829574585,
        "median": 1.96352696419,
        "min": 0.241862222552,
        "stdev": 18.5036315918,
        "var": 342.384399414
    },
    "pitch_salience": {
        "dmean": 0.060230627656,
        "dmean2": 0.0705004036427,
        "dvar": 0.00356414658017,
        "dvar2": 0.00730232289061,
        "max": 0.878841936588,
        "mean": 0.221108153462,
        "median": 0.19988155365,
        "min": 0.0558451376855,
        "stdev": 0.112243980169,
        "var": 0.0125987110659
    },
    "silence_rate_20dB": {
        "dmean": 0,
        "dmean2": 0,
        "dvar": 0,
        "dvar2": 0,
        "max": 1,
        "mean": 1,
        "median": 1,
        "min": 1,
        "stdev": 0,
        "var": 0
    },
    "silence_rate_30dB": {
        "dmean": 0,
        "dmean2": 0,
        "dvar": 0,
        "dvar2": 0,
        "max": 1,
        "mean": 1,
        "median": 1,
        "min": 1,
        "stdev": 0,
        "var": 0
    },
    "silence_rate_60dB": {
        "dmean": 0.0126582281664,
        "dmean2": 0.0222222227603,
        "dvar": 0.0124979829416,
        "dvar2": 0.0280777160078,
        "max": 1,
        "mean": 0.129337534308,
        "median": 0,
        "min": 0,
        "stdev": 0.335573196411,
        "var": 0.112609378994
    },
    "spectral_centroid": {
        "dmean": 40.7976837158,
        "dmean2": 54.1808662415,
        "dvar": 10499.3867188,
        "dvar2": 20767.3632812,
        "max": 3866.78076172,
        "mean": 1394.65332031,
        "median": 1375.8828125,
        "min": 436.894256592,
        "stdev": 382.632507324,
        "var": 146407.640625
    },
    "spectral_complexity": {
        "dmean": 0.158227846026,
        "dmean2": 0.292063504457,
        "dvar": 0.145849823952,
        "dvar2": 0.276604086161,
        "max": 4,
        "mean": 1.92429018021,
        "median": 2,
        "min": 0,
        "stdev": 0.782665252686,
        "var": 0.612564921379
    },
    "spectral_decrease": {
        "dmean": 1.80328407762e-09,
        "dmean2": 1.94088145555e-09,
        "dvar": 3.05486919882e-18,
        "dvar2": 2.88501944736e-18,
        "max": -2.4242996468e-19,
        "mean": -7.42587147329e-09,
        "median": -6.92181245654e-09,
        "min": -1.93668974191e-08,
        "stdev": 4.67454697173e-09,
        "var": 2.18513887051e-17
    },
    "spectral_energy": {
        "dmean": 0.00780264334753,
        "dmean2": 0.00839048530906,
        "dvar": 5.71896780457e-05,
        "dvar2": 5.39540342288e-05,
        "max": 0.0835625752807,
        "mean": 0.0320258140564,
        "median": 0.0298332218081,
        "min": 9.873956687e-12,
        "stdev": 0.0202006716281,
        "var": 0.000408067164244
    },
    "spectral_energyband_high": {
        "dmean": 2.34515573538e-06,
        "dmean2": 3.40116571351e-06,
        "dvar": 9.99128123985e-12,
        "dvar2": 2.31831186193e-11,
        "max": 3.17969315802e-05,
        "mean": 4.719325716e-06,
        "median": 3.28614714817e-06,
        "min": 5.99983864674e-12,
        "stdev": 5.00500027556e-06,
        "var": 2.50500280241e-11
    },
    "spectral_energyband_low": {
        "dmean": 9.29187808651e-06,
        "dmean2": 1.5131073269e-05,
        "dvar": 1.09036731033e-10,
        "dvar2": 2.53124465832e-10,
        "max": 0.000104681384983,
        "mean": 1.41896061905e-05,
        "median": 1.05433446151e-05,
        "min": 1.06817549597e-12,
        "stdev": 1.3467260942e-05,
        "var": 1.8136711577e-10
    },
    "spectral_energyband_middle_high": {
        "dmean": 0.00785182137042,
        "dmean2": 0.0083729699254,
        "dvar": 5.78452345508e-05,
        "dvar2": 5.44970716874e-05,
        "max": 0.0810990929604,
        "mean": 0.0310281962156,
        "median": 0.0290265064687,
        "min": 1.26687321658e-12,
        "stdev": 0.0200244821608,
        "var": 0.000400979857659
    },
    "spectral_energyband_middle_low": {
        "dmean": 0.000296335550956,
        "dmean2": 0.000246499635978,
        "dvar": 7.38074987794e-08,
        "dvar2": 6.42600781475e-08,
        "max": 0.00416454533115,
        "mean": 0.000973671209067,
        "median": 0.000951683265157,
        "min": 3.16563371653e-13,
        "stdev": 0.000776171335019,
        "var": 6.0244190081e-07
    },
    "spectral_entropy": {
        "dmean": 0.178354009986,
        "dmean2": 0.231267347932,
        "dvar": 0.0437563322484,
        "dvar2": 0.0411372333765,
        "max": 8.89785575867,
        "mean": 4.07820987701,
        "median": 3.58634257317,
        "min": 2.91423273087,
        "stdev": 1.46559643745,
        "var": 2.14797306061
    },
    "spectral_flux": {
        "dmean": 0.0184230301529,
        "dmean2": 0.027618791908,
        "dvar": 0.000300645740936,
        "dvar2": 0.000634321942925,
        "max": 0.109429240227,
        "mean": 0.0301335100085,
        "median": 0.0244691222906,
        "min": 6.21380095254e-05,
        "stdev": 0.0228727906942,
        "var": 0.000523164577316
    },
    "spectral_kurtosis": {
        "dmean": 20.1733951569,
        "dmean2": 34.6924591064,
        "dvar": 334.447143555,
        "dvar2": 990.111083984,
        "max": 149.796890259,
        "mean": 66.7838058472,
        "median": 69.4763565063,
        "min": 1.13729286194,
        "stdev": 34.7919006348,
        "var": 1210.47644043
    },
    "spectral_rms": {
        "dmean": 0.000697868876159,
        "dmean2": 0.000745591823943,
        "dvar": 4.50396186125e-07,
        "dvar2": 4.20219663511e-07,
        "max": 0.00902908947319,
        "mean": 0.00507419416681,
        "median": 0.00539495889097,
        "min": 9.81485044349e-08,
        "stdev": 0.00234462274238,
        "var": 5.49725564269e-06
    },
    "spectral_rolloff": {
        "dmean": 82.3168029785,
        "dmean2": 135.488296509,
        "dvar": 679263.25,
        "dvar2": 1140907.625,
        "max": 18863.0859375,
        "mean": 1521.9263916,
        "median": 1399.65820312,
        "min": 43.06640625,
        "stdev": 1917.13354492,
        "var": 3675401
    },
    "spectral_skewness": {
        "dmean": 1.15776753426,
        "dmean2": 1.97966349125,
        "dvar": 1.08796823025,
        "dvar2": 3.13479161263,
        "max": 9.76721382141,
        "mean": 5.93428277969,
        "median": 6.43825292587,
        "min": 1.03062200546,
        "stdev": 2.10918879509,
        "var": 4.44867753983
    },
    "spectral_spread": {
        "dmean": 483327.09375,
        "dmean2": 753832.1875,
        "dvar": 172065980416,
        "dvar2": 380646359040,
        "max": 13855069,
        "mean": 2040773.25,
        "median": 1219879.625,
        "min": 523303.96875,
        "stdev": 2396209.5,
        "var": 5.74182024806e+12
    },
    "spectral_strongpeak": {
        "dmean": 1.78072583675,
        "dmean2": 2.95869398117,
        "dvar": 2.94363760948,
        "dvar2": 6.64853906631,
        "max": 16.1686267853,
        "mean": 8.11287498474,
        "median": 8.51467323303,
        "min": 0,
        "stdev": 3.91613864899,
        "var": 15.33614254
    },
    "zerocrossingrate": {
        "dmean": 0.0030177636072,
        "dmean2": 0.00377759174444,
        "dvar": 0.000159051385708,
        "dvar2": 0.000158798240591,
        "max": 0.27587890625,
        "mean": 0.0640942305326,
        "median": 0.06298828125,
        "min": 0.0078125,
        "stdev": 0.02230633609,
        "var": 0.000497572647873
    },
    "barkbands": {
        "dmean": [1.21169250633e-05, 4.32692377217e-06, 3.69960332591e-07, 9.08809099087e-08, 1.02802260926e-07, 2.53534278016e-08, 1.11363593902e-08, 6.18864737234e-09, 0.000296323240036, 7.93863819126e-09, 1.09056976783e-07, 1.20095535294e-07, 0.00784795265645, 2.67673581078e-08, 2.04532923931e-07, 1.07661408038e-05, 1.27270745054e-08, 1.31585045438e-06, 2.36935193243e-06, 1.77268259449e-06, 6.86165549268e-07, 3.36830737524e-07, 2.1994290833e-09, 4.39151959242e-09, 1.31863830966e-09, 3.24254822992e-09, 1.57759416641e-09],
        "dmean2": [2.10914386116e-05, 7.38871403883e-06, 6.54033840419e-07, 1.61605399285e-07, 1.70111050579e-07, 4.31919993105e-08, 1.87742763558e-08, 1.02589767792e-08, 0.000246480311034, 1.29244783764e-08, 1.77381082267e-07, 1.90393720345e-07, 0.0083742570132, 4.12557454865e-08, 3.2448804177e-07, 1.36046965054e-05, 1.91999074417e-08, 1.88255398825e-06, 3.67775783161e-06, 2.66726533482e-06, 1.01451689716e-06, 5.02724390117e-07, 3.12117287571e-09, 6.55782850245e-09, 2.19430384973e-09, 4.64307881032e-09, 2.54633314434e-09],
        "dvar": [2.58653237717e-10, 1.81867298998e-11, 1.55839642406e-13, 9.3719138827e-15, 1.23493058431e-14, 7.23383659949e-16, 1.42643908503e-16, 7.46082832682e-17, 7.37999386047e-08, 1.8905981847e-16, 3.83037433152e-13, 8.13450123775e-14, 5.78097678954e-05, 7.72678224622e-16, 3.77934906677e-13, 1.05724776156e-10, 2.02584044138e-15, 3.35691856257e-11, 5.20123076553e-11, 8.33801517414e-12, 9.2926079158e-13, 1.39255469135e-13, 5.64338844395e-18, 1.48087736315e-16, 1.44727273304e-18, 1.20505632055e-17, 1.91728906141e-18],
        "dvar2": [6.56043164238e-10, 5.26674086287e-11, 4.86534586491e-13, 2.73928303678e-14, 3.36275027735e-14, 1.98576540682e-15, 3.53384819042e-16, 1.66804623351e-16, 6.42521698069e-08, 4.73909904731e-16, 9.81441815838e-13, 1.44297591996e-13, 5.44872091268e-05, 1.71481131957e-15, 7.98806008319e-13, 1.51190213127e-10, 2.66920325767e-15, 7.71206432049e-11, 1.21144622112e-10, 1.95118348562e-11, 1.74654518278e-12, 3.26340598425e-13, 9.90718934584e-18, 2.5694262705e-16, 3.68862044937e-18, 2.14160766359e-17, 4.93843327947e-18],
        "max": [0.000150113279233, 3.18813326885e-05, 3.14399017043e-06, 7.83481823419e-07, 9.61076011663e-07, 2.38865936808e-07, 1.17107767039e-07, 1.30479364202e-07, 0.00416419003159, 2.58483794369e-07, 8.53417895996e-06, 3.71729061044e-06, 0.0810474157333, 4.61279995534e-07, 8.1448133642e-06, 8.96673591342e-05, 7.07026231339e-07, 8.77931306604e-05, 8.7508597062e-05, 2.74196572718e-05, 1.15797720355e-05, 3.23021095028e-06, 2.10304555992e-08, 1.61771723128e-07, 1.18785656866e-08, 3.63226675404e-08, 1.27879307144e-08],
        "mean": [1.32351542561e-05, 5.64341144127e-06, 3.99137007889e-07, 1.12431862931e-07, 1.53545585135e-07, 4.40895533416e-08, 2.1625155e-08, 1.05542552475e-08, 0.00097332324367, 1.60870801125e-08, 1.20056128594e-07, 2.11276571349e-07, 0.0309991240501, 6.57529923842e-08, 2.66965656692e-07, 2.28873723245e-05, 2.66295607787e-08, 1.89775425952e-06, 3.54474082087e-06, 2.92934578283e-06, 1.20473703191e-06, 6.1592078282e-07, 5.26261167977e-09, 8.52831671949e-09, 3.87481069453e-09, 1.01065360525e-08, 5.81702019886e-09],
        "median": [7.33142587706e-06, 3.97907160732e-06, 2.78550089661e-07, 8.77152501744e-08, 1.08292852019e-07, 3.91759478191e-08, 1.90734841254e-08, 8.95711238513e-09, 0.000951209920458, 1.3171247204e-08, 6.1536745477e-08, 1.37378606269e-07, 0.029011387378, 6.55506937619e-08, 1.68406103285e-07, 1.73418975464e-05, 1.99206340312e-08, 2.55433604934e-07, 1.00338411357e-06, 1.45487206282e-06, 7.00823363786e-07, 3.51616080252e-07, 4.15644629825e-09, 5.71674751981e-09, 3.75473563352e-09, 8.60591597984e-09, 5.73737013454e-09],
        "min": [5.09678345535e-13, 5.74642547088e-13, 1.91962656708e-13, 8.27345055529e-14, 7.77596032269e-14, 6.63065793678e-14, 5.62033330032e-14, 1.23846813271e-14, 1.75616408216e-14, 2.37822016583e-14, 4.56322838945e-14, 3.77196036449e-14, 5.73866719119e-14, 1.05396167325e-13, 2.88292827111e-13, 1.9357589533e-13, 3.49372359385e-14, 2.94670632838e-14, 3.76936708842e-13, 2.75180350512e-13, 2.64128969347e-13, 2.61439605858e-13, 4.36595746535e-13, 7.7413298211e-13, 6.10435259198e-13, 1.83644419116e-12, 1.82274594723e-12],
        "stdev": [1.65464698512e-05, 5.35956132808e-06, 4.22323694238e-07, 1.00222379729e-07, 1.41062017178e-07, 3.04870937384e-08, 1.42851019902e-08, 9.59211821083e-09, 0.000776125583798, 1.88677020674e-08, 4.98341819366e-07, 3.6137592474e-07, 0.020009662956, 4.67295429019e-08, 5.71920850234e-07, 2.07414232136e-05, 5.57039285809e-08, 6.97097220836e-06, 9.21961418499e-06, 4.1661751311e-06, 1.5332490193e-06, 6.30068996088e-07, 4.22663726241e-09, 1.53082009291e-08, 1.8144661329e-09, 6.62249721728e-09, 2.34343366934e-09],
        "var": [2.73785688565e-10, 2.87248957259e-11, 1.78357301801e-13, 1.00445249584e-14, 1.98984946088e-14, 9.29462911428e-16, 2.04064146863e-16, 9.20087355198e-17, 6.02370960223e-07, 3.55990160039e-16, 2.48344584914e-13, 1.30592558252e-13, 0.000400386634283, 2.18365030275e-15, 3.27093468413e-13, 4.30206648083e-10, 3.10292774886e-15, 4.85944548489e-11, 8.50012837894e-11, 1.7357013396e-11, 2.35085258551e-12, 3.96986913828e-13, 1.7864462525e-17, 2.3434103516e-16, 3.29228719862e-18, 4.38574701109e-17, 5.49168186524e-18]
    },
    "erbbands": {
        "dmean": [0.00031614000909, 0.000386716448702, 0.000437885057181, 0.000326639972627, 0.000311650568619, 0.00035418724292, 0.000184324104339, 0.000235753133893, 0.000348869565642, 0.00542359240353, 0.259864270687, 8.39292812347, 1.8374658823, 0.0532325617969, 0.174380019307, 7.01209831238, 315.533630371, 104.261741638, 2.851801157, 0.380757927895, 0.324994236231, 0.0185489151627, 0.0911880657077, 0.0259203724563, 0.14122723043, 0.0809898376465, 0.0349590219557, 0.030685711652, 0.0182619057596, 0.00191178766545, 0.000139578682138, 0.000118826377729, 4.82503746753e-05, 1.79389116965e-05, 1.31473789224e-05, 1.00022189145e-05, 9.54630650085e-06, 3.46948741026e-06, 4.72609372082e-06, 9.76925730356e-06],
        "dmean2": [0.000533997605089, 0.000676858122461, 0.000770103011746, 0.00059316912666, 0.000520669564139, 0.000607219582889, 0.000324915105011, 0.00040682713734, 0.000408309977502, 0.00471554044634, 0.22751365602, 7.08048725128, 1.47003817558, 0.045016925782, 0.193592086434, 7.93796634674, 346.157501221, 107.280075073, 2.93554639816, 0.381202489138, 0.386151701212, 0.0208948869258, 0.12915058434, 0.0393187329173, 0.21825966239, 0.121117725968, 0.0509851314127, 0.0448455885053, 0.0276604462415, 0.00247782724909, 0.00016371125821, 0.00017501442926, 7.06926075509e-05, 2.4747570933e-05, 1.83725678653e-05, 1.29144982566e-05, 1.15027369247e-05, 4.42314012616e-06, 5.00913529322e-06, 1.0490754903e-05],
        "dvar": [1.03155912257e-07, 1.65067916669e-07, 2.10667252531e-07, 1.05755155744e-07, 1.00739477205e-07, 1.70714173464e-07, 3.86148855114e-08, 6.68715287588e-08, 8.7770992252e-08, 2.66065399046e-05, 0.063182130456, 61.1677513123, 2.63990426064, 0.00220601540059, 0.0286754406989, 46.6409263611, 94818.3125, 10196.6806641, 7.60196876526, 0.0928935185075, 0.0940838754177, 0.00150788773317, 0.158611729741, 0.00605002837256, 0.186811476946, 0.0165367349982, 0.00267093000002, 0.00173217430711, 0.000432768254541, 3.45539979207e-06, 2.21039933024e-08, 7.12550161097e-08, 1.56774238036e-08, 2.73775085935e-10, 1.5794919539e-10, 1.04751776697e-10, 1.03691277786e-10, 1.23393951307e-11, 2.08362320453e-11, 8.96200405553e-11],
        "dvar2": [2.69965966027e-07, 4.8246448614e-07, 6.30388342415e-07, 3.05658204525e-07, 2.78282982435e-07, 4.64148456558e-07, 1.09305638318e-07, 1.89030956221e-07, 1.42956196214e-07, 2.4222968932e-05, 0.0582213625312, 53.6283721924, 2.2555642128, 0.00191653205547, 0.0299547314644, 53.2974090576, 97440.5390625, 8262.53613281, 6.22205448151, 0.118077561259, 0.124017298222, 0.00341035821475, 0.363001137972, 0.0126239489764, 0.431500732899, 0.0374527871609, 0.00584955560043, 0.00328441313468, 0.00106949754991, 5.94633365836e-06, 2.8439339772e-08, 1.18932653947e-07, 2.67007340682e-08, 5.19787435316e-10, 2.9585670025e-10, 1.46218953612e-10, 1.48912104869e-10, 2.03473800309e-11, 1.90268373973e-11, 8.43702607778e-11],
        "max": [0.00271902466193, 0.00422967458144, 0.00370467966422, 0.00248605548404, 0.00301618874073, 0.00378955691122, 0.00142888829578, 0.00232297973707, 0.00476499320939, 0.0844842791557, 4.12635087967, 122.217094421, 23.0869064331, 0.72705245018, 1.95378696918, 79.2847442627, 3407.77246094, 995.531616211, 27.4279212952, 3.69823145866, 2.90047049522, 0.615700006485, 6.02911043167, 0.95919829607, 5.31121397018, 1.25154280663, 0.523057937622, 0.495892524719, 0.178850919008, 0.0160669069737, 0.00121798308101, 0.0037859773729, 0.00160682643764, 0.000228490243899, 0.000145375335705, 0.000106140163552, 0.000114598253276, 3.70501875295e-05, 5.09786332259e-05, 0.000104335929791],
        "mean": [0.000404682301451, 0.000497925444506, 0.000543478701729, 0.000429494102718, 0.000476040819194, 0.000510590267368, 0.000312811724143, 0.00046064433991, 0.00130555150099, 0.0188644174486, 0.903344094753, 28.0348968506, 5.72919940948, 0.214528754354, 0.786047458649, 31.9460372925, 1334.14611816, 365.282562256, 10.1269798279, 1.25880932808, 0.772797107697, 0.0504953712225, 0.136581629515, 0.0480169244111, 0.214157298207, 0.141414791346, 0.0706574469805, 0.0541018843651, 0.0312524065375, 0.00420145876706, 0.000382826401619, 0.000280336622382, 0.000142437114846, 8.0017503933e-05, 6.22974548605e-05, 4.80000671814e-05, 3.59440055036e-05, 1.38374925882e-05, 1.98766065296e-05, 4.00039716624e-05],
        "median": [0.000269383075647, 0.000353612296749, 0.000386827217881, 0.000346602057107, 0.000356742966687, 0.000332387251547, 0.000279219617369, 0.000422010489274, 0.00135107222013, 0.0190423354506, 0.913686871529, 27.9461956024, 5.33842658997, 0.216436460614, 0.796653985977, 32.5151100159, 1311.34484863, 316.587432861, 8.85871219635, 1.09711360931, 0.603680372238, 0.041747123003, 0.0232274960726, 0.0175096262246, 0.0593889914453, 0.0727382004261, 0.0440377555788, 0.03192191571, 0.0177880674601, 0.0030272481963, 0.000282692984911, 0.000208926110645, 0.000124268204672, 8.51470831549e-05, 6.62617894704e-05, 4.73293621326e-05, 3.29060894728e-05, 1.31562501338e-05, 1.86084344023e-05, 3.7230172893e-05],
        "min": [2.40450142436e-11, 1.03887384806e-10, 2.24055995979e-10, 2.72284111924e-10, 2.36304309453e-10, 2.59217952658e-10, 3.97745586467e-10, 5.8351573573e-10, 8.00373822774e-10, 6.33519070536e-10, 2.12715928205e-10, 4.0093084408e-10, 4.86501061658e-10, 1.55358836906e-09, 1.41539724385e-09, 1.8121254497e-09, 2.63238186804e-09, 3.79585429755e-09, 1.17557554802e-08, 1.47635557113e-08, 9.53091827682e-09, 2.51505105631e-09, 2.01570782288e-09, 1.05406172679e-08, 1.641297942e-08, 1.22860779328e-08, 1.00766808231e-08, 1.21567378386e-08, 7.79215447722e-09, 1.71807865712e-08, 9.50697209845e-09, 1.03592237011e-08, 1.50055399217e-08, 5.80215253621e-09, 5.44927125645e-09, 6.06879657639e-09, 3.95291044342e-09, 8.38449198959e-10, 2.65885341522e-10, 2.79349772481e-11],
        "stdev": [0.000413271744037, 0.000494200736284, 0.000522815738805, 0.000349971058313, 0.000398393982323, 0.000494692591019, 0.000208469456993, 0.000289190327749, 0.00079818838276, 0.014607754536, 0.7057710886, 22.2300624847, 4.66769456863, 0.146048828959, 0.461221545935, 18.7282066345, 823.505859375, 256.77633667, 7.0456776619, 0.8623701334, 0.664851605892, 0.0515850409865, 0.481264412403, 0.111183308065, 0.556915998459, 0.195610746741, 0.082837484777, 0.067068696022, 0.0328227318823, 0.00376423215494, 0.000301067717373, 0.000352082337486, 0.000166637357324, 3.83250517189e-05, 2.94983346976e-05, 2.46396866714e-05, 2.21746868192e-05, 7.87536282587e-06, 1.22880674098e-05, 2.52614809142e-05],
        "var": [1.70793526877e-07, 2.44234342972e-07, 2.73336297596e-07, 1.22479733022e-07, 1.58717767818e-07, 2.44720780529e-07, 4.34595115451e-08, 8.36310505292e-08, 6.37104676571e-07, 0.000213386505493, 0.498112857342, 494.175720215, 21.7873706818, 0.0213302597404, 0.212725311518, 350.745758057, 678161.9375, 65934.09375, 49.6415748596, 0.743682265282, 0.442027658224, 0.00266101630405, 0.231615439057, 0.0123617276549, 0.310155421495, 0.0382635630667, 0.00686204852536, 0.0044982098043, 0.00107733171899, 1.41694445119e-05, 9.0641776751e-08, 1.23961982013e-07, 2.77680065608e-08, 1.46880951846e-09, 8.70151728449e-10, 6.07114136741e-10, 4.91716722895e-10, 6.20213394531e-11, 1.50996590231e-10, 6.38142427789e-10]
    },
    "gfcc": {
        "mean": [-289.883636475, 73.4563217163, -201.638671875, -51.8774642944, 0.0157495494932, 44.7574043274, 35.8778762817, -17.4871997833, 0.575448453426, 30.8926544189, -12.0344228745, -35.351146698, -20.8714504242],
        "cov": [[15301.9921875, 1905.42053223, -6462.1015625, -3082.12304688, 804.823791504, 962.510192871, 2322.70800781, -920.131103516, 571.357788086, 669.92755127, -298.582275391, -1553.29187012, -420.03213501], [1905.42053223, 662.635925293, -607.742553711, -352.503295898, 98.277885437, 116.609153748, 257.678192139, -75.303276062, 43.5918922424, 91.4449157715, -49.593662262, -212.572463989, -48.6449699402], [-6462.1015625, -607.742553711, 3071.34057617, 1438.81323242, -336.073516846, -382.594146729, -1060.43518066, 400.260620117, -243.641372681, -292.66998291, 133.082229614, 718.703979492, 171.639572144], [-3082.12304688, -352.503295898, 1438.81323242, 826.250732422, -142.340301514, -225.698074341, -499.312438965, 203.7993927, -171.237762451, -148.04510498, 95.8798217773, 346.700531006, 73.0964279175], [804.823791504, 98.277885437, -336.073516846, -142.340301514, 147.3515625, 123.907470703, 106.626411438, -101.098884583, 30.1361198425, 50.4029579163, 3.05911326408, -63.9836959839, -22.9662647247], [962.510192871, 116.609153748, -382.594146729, -225.698074341, 123.907470703, 182.401275635, 145.089828491, -133.517150879, 93.1744384766, 70.9273300171, -39.8139190674, -63.9953765869, -17.9103069305], [2322.70800781, 257.678192139, -1060.43518066, -499.312438965, 106.626411438, 145.089828491, 419.708618164, -118.080001831, 102.77016449, 121.988838196, -56.3641281128, -261.548614502, -59.1186027527], [-920.131103516, -75.303276062, 400.260620117, 203.7993927, -101.098884583, -133.517150879, -118.080001831, 176.947814941, -48.8602371216, -59.2832260132, 49.4712295532, 68.1704788208, 13.5658788681], [571.357788086, 43.5918922424, -243.641372681, -171.237762451, 30.1361198425, 93.1744384766, 102.77016449, -48.8602371216, 101.504966736, 43.8923034668, -43.7655258179, -29.5674037933, -2.97766041756], [669.92755127, 91.4449157715, -292.66998291, -148.04510498, 50.4029579163, 70.9273300171, 121.988838196, -59.2832260132, 43.8923034668, 65.3552474976, -18.0988235474, -59.9508209229, -1.46216225624], [-298.582275391, -49.593662262, 133.082229614, 95.8798217773, 3.05911326408, -39.8139190674, -56.3641281128, 49.4712295532, -43.7655258179, -18.0988235474, 76.8942871094, 34.1783905029, -4.92695379257], [-1553.29187012, -212.572463989, 718.703979492, 346.700531006, -63.9836959839, -63.9953765869, -261.548614502, 68.1704788208, -29.5674037933, -59.9508209229, 34.1783905029, 217.56968689, 52.1300201416], [-420.03213501, -48.6449699402, 171.639572144, 73.0964279175, -22.9662647247, -17.9103069305, -59.1186027527, 13.5658788681, -2.97766041756, -1.46216225624, -4.92695379257, 52.1300201416, 41.4086952209]],
        "icov": [[0.00146677996963, -0.0018462658627, 0.00211162655614, -0.00071477831807, 0.000118390424177, 0.000553277437575, -0.00209535262547, 0.00231863232329, -0.00240784185007, 0.00167437479831, -0.00177529000212, -0.000214822692215, 0.00171757105272], [-0.0018462658627, 0.00525026302785, -0.00380338705145, 0.00216590287164, -0.00133619154803, -0.00154727546033, 0.00264996523038, -0.00447120983154, 0.00502343429253, -0.00616652425379, 0.00416795583442, 0.0031555800233, -0.000113623747893], [0.00211162655614, -0.00380338705145, 0.0131873087958, -0.00789829064161, 0.0100202318281, -0.0135503271595, 0.0143164163455, -0.00692276470363, 0.00173273368273, -0.00491838296875, 0.00186400441453, -0.00344114564359, 0.0031409766525], [-0.00071477831807, 0.00216590287164, -0.00789829064161, 0.0167799368501, -0.0093255257234, 0.00758395530283, -0.0118760634214, -0.0021986879874, 0.0162777993828, 0.00131032604259, 0.00566522916779, -0.0168692786247, 0.00341279711574], [0.000118390424177, -0.00133619154803, 0.0100202318281, -0.0093255257234, 0.0388468541205, -0.0382326692343, 0.0165781453252, -0.0056971386075, 0.0133213335648, -0.00728274183348, -0.00774874165654, 0.00435888767242, -0.000606005138252], [0.000553277437575, -0.00154727546033, -0.0135503271595, 0.00758395530283, -0.0382326692343, 0.0708377212286, -0.0236300434917, 0.0312701798975, -0.0420059412718, 0.0067300000228, -0.00721410755068, 0.00253782398067, 0.0051907254383], [-0.00209535262547, 0.00264996523038, 0.0143164163455, -0.0118760634214, 0.0165781453252, -0.0236300434917, 0.060992565006, -0.0226786043495, -0.0017474249471, -0.0421841368079, 0.00979314558208, 0.0221468955278, 0.00863206200302], [0.00231863232329, -0.00447120983154, -0.00692276470363, -0.0021986879874, -0.0056971386075, 0.0312701798975, -0.0226786043495, 0.0400494486094, -0.0333269797266, 0.0233255028725, -0.0249715559185, 0.0134791275486, -0.00580345932394], [-0.00240784185007, 0.00502343429253, 0.00173273368273, 0.0162777993828, 0.0133213335648, -0.0420059412718, -0.0017474249471, -0.0333269797266, 0.0801957547665, -0.0146836331114, 0.0305325742811, -0.0436803735793, 0.00707490928471], [0.00167437479831, -0.00616652425379, -0.00491838296875, 0.00131032604259, -0.00728274183348, 0.0067300000228, -0.0421841368079, 0.0233255028725, -0.0146836331114, 0.084588162601, -0.0213018320501, -0.00490156747401, -0.0356148630381], [-0.00177529000212, 0.00416795583442, 0.00186400441453, 0.00566522916779, -0.00774874165654, -0.00721410755068, 0.00979314558208, -0.0249715559185, 0.0305325742811, -0.0213018320501, 0.0408841520548, -0.0206040162593, 0.0161528605968], [-0.000214822692215, 0.0031555800233, -0.00344114564359, -0.0168692786247, 0.00435888767242, 0.00253782398067, 0.0221468955278, 0.0134791275486, -0.0436803735793, -0.00490156747401, -0.0206040162593, 0.0685541629791, -0.0157814119011], [0.00171757105272, -0.000113623747893, 0.0031409766525, 0.00341279711574, -0.000606005138252, 0.0051907254383, 0.00863206200302, -0.00580345932394, 0.00707490928471, -0.0356148630381, 0.0161528605968, -0.0157814119011, 0.0595692433417]]
    },
    "melbands": {
        "dmean": [2.40208714786e-06, 2.51101369031e-07, 5.06244823839e-08, 2.62597836809e-08, 6.65026567148e-09, 4.98206764732e-09, 2.71796452012e-09, 1.34625310899e-09, 1.44250088852e-06, 5.76335114602e-05, 7.2660063779e-06, 1.33141153658e-09, 1.94863822855e-08, 1.59903379426e-08, 3.97388903366e-05, 0.00110188231338, 4.54626388091e-05, 1.90720914617e-08, 7.8390245406e-09, 1.02531123503e-06, 1.83778297469e-07, 7.33546778875e-10, 7.06375260506e-08, 4.74982080334e-08, 2.19326978801e-09, 1.63887534654e-07, 1.36308564436e-08, 7.91798271393e-08, 3.46805073548e-08, 2.87651911179e-08, 9.72144942324e-09, 1.58698743036e-08, 9.16445141996e-10, 7.59107332549e-10, 6.14927414544e-11, 6.78367778617e-11, 8.76543698736e-11, 4.17332973734e-11, 1.48550893808e-11, 1.329066978e-11],
        "dmean2": [3.97160556531e-06, 4.3283577611e-07, 9.111411714e-08, 4.25939958859e-08, 1.17907026365e-08, 8.50320081014e-09, 4.61334748181e-09, 2.28608953989e-09, 1.39725102599e-06, 4.82648792968e-05, 5.60640137337e-06, 2.11557726892e-09, 2.88496284639e-08, 2.27951222342e-08, 5.53327554371e-05, 0.00117208051961, 4.30581931141e-05, 3.06057437172e-08, 1.22550414261e-08, 1.31693354888e-06, 2.1250578186e-07, 1.10590603342e-09, 1.02979051064e-07, 6.63076065166e-08, 3.37034911091e-09, 2.55380967928e-07, 1.94822664668e-08, 1.19644028018e-07, 5.18861185128e-08, 4.25293968931e-08, 1.42501654921e-08, 2.4225951023e-08, 1.31447086549e-09, 1.1084039242e-09, 8.72029531918e-11, 1.05470208955e-10, 1.3339868099e-10, 6.5541412575e-11, 2.45240494579e-11, 2.22717018439e-11],
        "dvar": [6.61959506307e-12, 6.34766151859e-14, 2.33448569483e-15, 8.11163166581e-16, 4.92945514382e-17, 2.93191488054e-17, 8.35575172281e-18, 2.70956658122e-18, 2.41927116361e-12, 2.83879786345e-09, 3.88265634921e-11, 7.932490848e-18, 7.23967699754e-15, 1.9200225211e-15, 1.60035285024e-09, 1.13845976557e-06, 2.02657224335e-09, 2.45320075052e-15, 8.8745182425e-16, 9.60572658741e-13, 3.04976923164e-14, 4.96583322367e-18, 9.9438618689e-14, 4.22358545707e-14, 1.77146518443e-17, 2.46709906193e-13, 1.7746420212e-15, 1.60851997141e-14, 3.43121209647e-15, 1.6686518356e-15, 1.82658618434e-16, 3.3371880512e-16, 1.01177341087e-18, 7.20773029132e-19, 8.13944187944e-21, 8.80990246207e-21, 7.38387103569e-20, 1.77375004469e-20, 3.52693551298e-22, 1.54914384109e-22],
        "dvar2": [1.58590276328e-11, 1.82493262038e-13, 6.76170223464e-15, 2.19073890972e-15, 1.41930164131e-16, 8.18631866358e-17, 1.95305664061e-17, 7.13128784258e-18, 2.52581874687e-12, 2.47287790245e-09, 3.27160451508e-11, 1.99905880145e-17, 1.65747813695e-14, 3.21397143891e-15, 2.57040344565e-09, 1.06418247015e-06, 1.32463340297e-09, 5.15433397393e-15, 1.99452859793e-15, 1.40717721763e-12, 3.77456516021e-14, 6.68994066367e-18, 2.31658713479e-13, 9.4827750795e-14, 2.9876433619e-17, 5.77272496298e-13, 3.85968858328e-15, 3.85920340281e-14, 7.51783414709e-15, 3.1494307047e-15, 3.39946826623e-16, 8.33828233002e-16, 2.02831717233e-18, 1.63223724565e-18, 1.3957063712e-20, 1.76230167114e-20, 1.27030230067e-19, 3.09538223048e-20, 8.07254768637e-22, 3.73853804759e-22],
        "max": [2.49652402999e-05, 2.14641136154e-06, 3.66100039173e-07, 2.37126030811e-07, 5.72401503973e-08, 5.06714776805e-08, 2.22673151029e-08, 1.66797846646e-08, 2.73224413831e-05, 0.000823907146696, 8.16071114969e-05, 4.9204246011e-08, 1.23544225517e-06, 5.85219765981e-07, 0.000498004083056, 0.0112827960402, 0.000422867888119, 5.96773475081e-07, 4.16404816406e-07, 8.4222847363e-06, 1.61753268912e-06, 3.43554056315e-08, 4.77653475173e-06, 3.10652876578e-06, 6.4388459009e-08, 5.96957670496e-06, 5.55733436158e-07, 1.19783203445e-06, 5.54585199097e-07, 4.92922481499e-07, 1.61437668567e-07, 1.53375893319e-07, 7.86252840612e-09, 6.49099085592e-09, 7.2768602255e-10, 8.90827800415e-10, 3.83119402869e-09, 1.71704073182e-09, 2.70053951423e-10, 1.08139990018e-10],
        "mean": [3.44344744008e-06, 3.64739747738e-07, 7.45603045971e-08, 3.92093753021e-08, 1.12527223095e-08, 8.23367329872e-09, 5.20453458108e-09, 2.5981183871e-09, 5.3258090702e-06, 0.000190827035112, 2.11375336221e-05, 2.78372125351e-09, 2.50116727329e-08, 2.53558454233e-08, 0.000232742502703, 0.00429553491995, 9.66740699369e-05, 2.42267415018e-08, 1.21886234439e-08, 2.16524199459e-06, 3.9891605752e-07, 1.58185242682e-09, 1.00315602936e-07, 6.92739021702e-08, 4.54735316069e-09, 2.42069461365e-07, 2.2313844994e-08, 1.28771745267e-07, 5.88913202648e-08, 4.91954637027e-08, 1.69714002851e-08, 2.58839261136e-08, 1.92840055036e-09, 1.2354183232e-09, 9.97650503876e-11, 1.15418938296e-10, 1.55651727618e-10, 8.05391864311e-11, 3.67205744978e-11, 3.15318222921e-11],
        "median": [2.46837407758e-06, 2.80527189034e-07, 6.39148041159e-08, 2.72458215989e-08, 1.03532542539e-08, 7.07793024191e-09, 4.75340655726e-09, 2.30993468797e-09, 5.67332517676e-06, 0.000188408215763, 1.93280302483e-05, 2.26385288293e-09, 1.22681855785e-08, 1.44200242858e-08, 0.000249048171099, 0.00399122433737, 5.37316736882e-05, 1.44440956973e-08, 9.05897756809e-09, 1.70402472577e-06, 2.84965977926e-07, 1.21455367985e-09, 1.34543665098e-08, 9.40791977655e-09, 3.38200933925e-09, 6.53546052831e-08, 6.05265082498e-09, 6.42149089458e-08, 2.63872497186e-08, 2.65950941269e-08, 9.45548617182e-09, 1.45259955175e-08, 1.35556432745e-09, 7.77189090861e-10, 5.11193830321e-11, 6.75813918716e-11, 1.01727001822e-10, 5.48524628496e-11, 3.4274492966e-11, 2.88754818667e-11],
        "min": [2.11690460625e-13, 1.21867292191e-13, 4.58054309814e-14, 1.69234014958e-14, 1.36349688728e-14, 1.31837993146e-14, 1.21791047367e-14, 5.98881982214e-15, 1.55724699188e-15, 2.65335124782e-15, 2.33360329826e-15, 5.99813845511e-15, 5.6082521541e-15, 3.73389953193e-15, 5.47564533456e-15, 5.8189096716e-15, 6.80003767528e-15, 1.80301059456e-14, 2.12890838449e-14, 1.49274886343e-14, 1.02859784763e-14, 1.98893119246e-15, 2.79568772307e-15, 7.03002511991e-16, 8.80360729113e-15, 1.75098549212e-14, 5.84562339669e-15, 9.32791899142e-15, 7.66972833036e-15, 5.05406602528e-15, 7.94398404615e-15, 3.0243112329e-15, 7.30864665527e-15, 1.06432984781e-14, 5.06272100794e-15, 3.98018918442e-15, 8.26590823512e-15, 1.41126310806e-14, 6.02913181416e-15, 3.86943750899e-15],
        "stdev": [3.35787717631e-06, 3.18492197948e-07, 5.44804912295e-08, 3.71763810847e-08, 7.43600558906e-09, 5.91742255196e-09, 3.39290529006e-09, 1.76457237711e-09, 4.12084727941e-06, 0.000151801301399, 1.78255013452e-05, 3.41072969867e-09, 7.86053817592e-08, 5.33579651574e-08, 0.000114531962026, 0.00279781874269, 0.00010049087723, 4.80485482512e-08, 2.5597193698e-08, 1.94901667783e-06, 3.76261965584e-07, 2.76776890296e-09, 3.7315092527e-07, 2.52903447517e-07, 6.01763572305e-09, 6.31677664842e-07, 5.67899967052e-08, 1.80564626362e-07, 8.65146816409e-08, 6.4764364538e-08, 2.15362430112e-08, 2.86029564478e-08, 1.67257085959e-09, 1.29403654459e-09, 1.28755520135e-10, 1.27021809737e-10, 3.33999494728e-10, 1.65938554564e-10, 2.52468254636e-11, 1.69441682907e-11],
