{
"lowlevel": {
    "average_loudness": 0.825092375278,
    "barkbands_crest": {
        "dmean": 3.13683891296,
        "dmean2": 5.08208799362,
        "dvar": 10.9805374146,
        "dvar2": 25.5795574188,
        "max": 26.4440155029,
        "mean": 11.1185760498,
        "median": 9.17282390594,
        "min": 2.52702569962,
        "stdev": 6.07111692429,
        "var": 36.8584632874
    },
    "barkbands_flatness_db": {
        "dmean": 0.0425713658333,
        "dmean2": 0.0715715438128,
        "dvar": 0.00171192642301,
        "dvar2": 0.00483804335818,
        "max": 0.403961330652,
        "mean": 0.192120343447,
        "median": 0.167399257421,
        "min": 0.0812699124217,
        "stdev": 0.0712207257748,
        "var": 0.00507239159197
    },
    "barkbands_kurtosis": {
        "dmean": 4.74058961868,
        "dmean2": 8.1969833374,
        "dvar": 124.679016113,
        "dvar2": 328.070953369,
        "max": 121.924079895,
        "mean": 4.09012651443,
        "median": 0.0370573997498,
        "min": -1.85750091076,
        "stdev": 13.8381156921,
        "var": 191.493438721
    },
    "barkbands_skewness": {
        "dmean": 0.957242071629,
        "dmean2": 1.50777554512,
        "dvar": 1.36899411678,
        "dvar2": 3.61558794975,
        "max": 10.9114179611,
        "mean": -0.224293649197,
        "median": -0.361109852791,
        "min": -5.18220710754,
        "stdev": 1.99509680271,
        "var": 3.98041129112
    },
    "barkbands_spread": {
        "dmean": 10.8155164719,
        "dmean2": 18.4196395874,
        "dvar": 106.604194641,
        "dvar2": 292.855865479,
        "max": 76.0354919434,
        "mean": 24.5874900818,
        "median": 22.9492435455,
        "min": 1.5039460659,
        "stdev": 14.1278877258,
        "var": 199.597198486
    },
    "dissonance": {
        "dmean": 0.0269571002573,
        "dmean2": 0.0423762872815,
        "dvar": 0.00134286261164,
        "dvar2": 0.00324421050027,
        "max": 0.499968647957,
        "mean": 0.456288516521,
        "median": 0.478662461042,
        "min": 0.188469469547,
        "stdev": 0.0601690523326,
        "var": 0.00362031487748
    },
    "dynamic_complexity": 12.1169481277,
    "erbbands_crest": {
        "dmean": 3.22610044479,
        "dmean2": 5.07848167419,
        "dvar": 13.2375545502,
        "dvar2": 28.4139442444,
        "max": 35.124584198,
        "mean": 12.7825069427,
        "median": 10.486366272,
        "min": 3.16916847229,
        "stdev": 7.22780323029,
        "var": 52.2411422729
    },
    "erbbands_flatness_db": {
        "dmean": 0.0384029559791,
        "dmean2": 0.0624726079404,
        "dvar": 0.00145223364234,
        "dvar2": 0.00400702655315,
        "max": 0.450739681721,
        "mean": 0.248681053519,
        "median": 0.228977143764,
        "min": 0.108485557139,
        "stdev": 0.0633242353797,
        "var": 0.00400995882228
    },
    "erbbands_kurtosis": {
        "dmean": 5.75205516815,
        "dmean2": 9.17264080048,
        "dvar": 337.08215332,
        "dvar2": 786.965332031,
        "max": 248.389251709,
        "mean": 4.98274946213,
        "median": 0.563530445099,
        "min": -1.82905745506,
        "stdev": 19.4800491333,
        "var": 379.472320557
    },
    "erbbands_skewness": {
        "dmean": 0.924507558346,
        "dmean2": 1.50124299526,
        "dvar": 1.98449850082,
        "dvar2": 5.28373289108,
        "max": 12.9875946045,
        "mean": -0.282360464334,
        "median": -0.580214619637,
        "min": -4.01271486282,
        "stdev": 1.85507500172,
        "var": 3.44130325317
    },
    "erbbands_spread": {
        "dmean": 11.8233137131,
        "dmean2": 19.951177597,
        "dvar": 192.842529297,
        "dvar2": 558.739929199,
        "max": 122.873184204,
        "mean": 28.6699676514,
        "median": 26.9501628876,
        "min": 0.756544232368,
        "stdev": 16.7044086456,
        "var": 279.03729248
    },
    "hfc": {
        "dmean": 13.1142749786,
        "dmean2": 22.8824329376,
        "dvar": 1116.06591797,
        "dvar2": 3148.78149414,
        "max": 290.741912842,
        "mean": 17.4299221039,
        "median": 1.8767799139,
        "min": 0.000142704171594,
        "stdev": 41.4172286987,
        "var": 1715.38671875
    },
    "loudness_ebu128": {
        "integrated": -30.1483325958,
        "loudness_range": 3.73143386841,
        "momentary": {
            "dmean": 3.39266395569,
            "dmean2": 3.68922495842,
            "dvar": 12.9333248138,
            "dvar2": 13.9057016373,
            "max": -23.0963611603,
            "mean": -37.1857032776,
            "median": -34.6146087646,
            "min": -67.1008529663,
            "stdev": 10.5922803879,
            "var": 112.196411133
        },
        "short_term": {
            "dmean": 0.243146345019,
            "dmean2": 0.265021413565,
            "dvar": 0.155990242958,
            "dvar2": 0.149610966444,
            "max": -29.5150337219,
            "mean": -32.1801109314,
            "median": -32.8358459473,
            "min": -33.6038894653,
            "stdev": 1.36176514626,
            "var": 1.85440433025
        }
    },
    "melbands_crest": {
        "dmean": 4.48325109482,
        "dmean2": 7.62645053864,
        "dvar": 21.5860824585,
        "dvar2": 54.8518257141,
        "max": 34.9395332336,
        "mean": 11.8561820984,
        "median": 9.22357845306,
        "min": 3.21218705177,
        "stdev": 7.13602542877,
        "var": 50.9228591919
    },
    "melbands_flatness_db": {
        "dmean": 0.0414484702051,
        "dmean2": 0.0686071291566,
        "dvar": 0.00200786045752,
        "dvar2": 0.00492621678859,
        "max": 0.474418342113,
        "mean": 0.155970677733,
        "median": 0.111559279263,
        "min": 0.0390885211527,
        "stdev": 0.102371826768,
        "var": 0.0104799903929
    },
    "melbands_kurtosis": {
        "dmean": 10.9775018692,
        "dmean2": 18.4792385101,
        "dvar": 1346.41430664,
        "dvar2": 3616.09277344,
        "max": 414.230957031,
        "mean": 8.76505184174,
        "median": -0.100212812424,
        "min": -1.81234776974,
        "stdev": 37.8474960327,
        "var": 1432.4329834
    },
    "melbands_skewness": {
        "dmean": 1.12459516525,
        "dmean2": 1.80270516872,
        "dvar": 2.58798718452,
        "dvar2": 6.66029787064,
        "max": 14.5282783508,
        "mean": 0.891770064831,
        "median": 0.507111907005,
        "min": -4.00491571426,
        "stdev": 2.23296976089,
        "var": 4.9861536026
    },
    "melbands_spread": {
        "dmean": 24.3850307465,
        "dmean2": 39.4472465515,
        "dvar": 620.746337891,
        "dvar2": 1618.50244141,
        "max": 192.256759644,
        "mean": 69.3436737061,
        "median": 66.8203277588,
        "min": 0.600541830063,
        "stdev": 45.4523506165,
        "var": 2065.91601562
    },
    "pitch_salience": {
        "dmean": 0.110856942832,
        "dmean2": 0.168982207775,
        "dvar": 0.00870986562222,
        "dvar2": 0.0218497347087,
        "max": 0.964438378811,
        "mean": 0.640695929527,
        "median": 0.691829681396,
        "min": 0.0755443647504,
        "stdev": 0.213705644011,
        "var": 0.0456700995564
    },
    "silence_rate_20dB": {
        "dmean": 0,
        "dmean2": 0,
        "dvar": 0,
        "dvar2": 0,
        "max": 1,
        "mean": 1,
        "median": 1,
        "min": 1,
        "stdev": 0,
        "var": 0
    },
    "silence_rate_30dB": {
        "dmean": 0,
        "dmean2": 0,
        "dvar": 0,
        "dvar2": 0,
        "max": 1,
        "mean": 1,
        "median": 1,
        "min": 1,
        "stdev": 0,
        "var": 0
    },
    "silence_rate_60dB": {
        "dmean": 0.116438359022,
        "dmean2": 0.233676970005,
        "dvar": 0.102880187333,
        "dvar2": 0.227181404829,
        "max": 1,
        "mean": 0.75426620245,
        "median": 1,
        "min": 0,
        "stdev": 0.430521667004,
        "var": 0.185348898172
    },
    "spectral_centroid": {
        "dmean": 518.939453125,
        "dmean2": 799.428955078,
        "dvar": 330895.0625,
        "dvar2": 778871.125,
        "max": 5290.08740234,
        "mean": 3086.51196289,
        "median": 3111.8359375,
        "min": 464.803894043,
        "stdev": 1119.6739502,
        "var": 1253669.875
    },
    "spectral_complexity": {
        "dmean": 4.10273981094,
        "dmean2": 6.45360803604,
        "dvar": 58.2701454163,
        "dvar2": 127.904022217,
        "max": 69,
        "mean": 6.92150163651,
        "median": 0,
        "min": 0,
        "stdev": 14.3442630768,
        "var": 205.757873535
    },
    "spectral_decrease": {
        "dmean": 8.05775390855e-10,
        "dmean2": 1.40966593953e-09,
        "dvar": 4.81280729189e-18,
        "dvar2": 1.36425252339e-17,
        "max": 7.37083920239e-15,
        "mean": -9.63711999091e-10,
        "median": -7.78896391829e-11,
        "min": -1.7447607803e-08,
        "stdev": 2.59677723768e-09,
        "var": 6.74325162697e-18
    },
    "spectral_energy": {
        "dmean": 0.00422654440627,
        "dmean2": 0.00737106846645,
        "dvar": 0.000126962608192,
        "dvar2": 0.000359561498044,
        "max": 0.0922225937247,
        "mean": 0.00521821435541,
        "median": 0.000487239507493,
        "min": 7.07307634684e-08,
        "stdev": 0.013513000682,
        "var": 0.00018260118668
    },
    "spectral_energyband_high": {
        "dmean": 0.00111626216676,
        "dmean2": 0.00193947600201,
        "dvar": 7.47684907765e-06,
        "dvar2": 2.10400958167e-05,
        "max": 0.0275586042553,
        "mean": 0.00162539177109,
        "median": 0.000216062850086,
        "min": 7.55005391539e-09,
        "stdev": 0.00346268899739,
        "var": 1.1990215171e-05
    },
    "spectral_energyband_low": {
        "dmean": 1.03711840893e-06,
        "dmean2": 1.70409691691e-06,
        "dvar": 7.64387685093e-12,
        "dvar2": 1.83379561536e-11,
        "max": 2.34975741478e-05,
        "mean": 9.3732512596e-07,
        "median": 3.89077285945e-08,
        "min": 2.05285760613e-10,
        "stdev": 2.84714747067e-06,
        "var": 8.10624831149e-12
    },
    "spectral_energyband_middle_high": {
        "dmean": 0.00307829119265,
        "dmean2": 0.00541738141328,
        "dvar": 7.51608749852e-05,
        "dvar2": 0.000213902530959,
        "max": 0.0632982850075,
        "mean": 0.00344571145251,
        "median": 0.000141672120662,
        "min": 2.59091326171e-09,
        "stdev": 0.0100862691179,
        "var": 0.000101732824987
    },
    "spectral_energyband_middle_low": {
        "dmean": 0.000116198607429,
        "dmean2": 0.000202750146855,
        "dvar": 5.21445784329e-08,
        "dvar2": 1.33478778253e-07,
        "max": 0.00251295766793,
        "mean": 0.000172728308826,
        "median": 3.375801316e-05,
        "min": 1.94715754631e-09,
        "stdev": 0.000357736629667,
        "var": 1.27975496866e-07
    },
    "spectral_entropy": {
        "dmean": 0.249717131257,
        "dmean2": 0.389524638653,
        "dvar": 0.135885998607,
        "dvar2": 0.29370573163,
        "max": 8.55840778351,
        "mean": 7.63701200485,
        "median": 7.94793462753,
        "min": 4.95755147934,
        "stdev": 0.849479317665,
        "var": 0.72161513567
    },
    "spectral_flux": {
        "dmean": 0.0178335383534,
        "dmean2": 0.0304542873055,
        "dvar": 0.00135292240884,
        "dvar2": 0.00273758010007,
        "max": 0.256954580545,
        "mean": 0.0359636433423,
        "median": 0.0198072921485,
        "min": 0.000281539105345,
        "stdev": 0.0462740547955,
        "var": 0.00214128801599
    },
    "spectral_kurtosis": {
        "dmean": 1.3830370903,
        "dmean2": 2.18468475342,
        "dvar": 3.73538756371,
        "dvar2": 8.07879638672,
        "max": 21.0798664093,
        "mean": 2.99397134781,
        "median": 1.88397741318,
        "min": -1.05615198612,
        "stdev": 3.80260467529,
        "var": 14.4598026276
    },
    "spectral_rms": {
        "dmean": 0.000743596174289,
        "dmean2": 0.00126197224017,
        "dvar": 1.69853922216e-06,
        "dvar2": 4.73533464174e-06,
        "max": 0.00948542356491,
        "mean": 0.00133937073406,
        "median": 0.000689460372087,
        "min": 8.3069626271e-06,
        "stdev": 0.00181577249896,
        "var": 3.2970299344e-06
    },
    "spectral_rolloff": {
        "dmean": 1104.90356445,
        "dmean2": 1864.58337402,
        "dvar": 5504909.5,
        "dvar2": 13782572,
        "max": 20025.8789062,
        "mean": 5586.06738281,
        "median": 5684.765625,
        "min": 473.73046875,
        "stdev": 2860.24731445,
        "var": 8181014.5
    },
    "spectral_skewness": {
        "dmean": 0.316566497087,
        "dmean2": 0.465793043375,
        "dvar": 0.131990075111,
        "dvar2": 0.258105516434,
        "max": 3.90741252899,
        "mean": 1.09305787086,
        "median": 0.903531074524,
        "min": -0.248430863023,
        "stdev": 0.851427018642,
        "var": 0.724927961826
    },
    "spectral_spread": {
        "dmean": 721749.625,
        "dmean2": 1071880.625,
        "dvar": 591503687680,
        "dvar2": 1.50017186202e+12,
        "max": 14229733,
        "mean": 5456849.5,
        "median": 4950258.5,
        "min": 2805591.5,
        "stdev": 1740931.875,
        "var": 3.03084365414e+12
    },
    "spectral_strongpeak": {
        "dmean": 0.332158118486,
        "dmean2": 0.548525869846,
        "dvar": 0.410599261522,
        "dvar2": 0.945251226425,
        "max": 8.28771018982,
        "mean": 0.47867205739,
        "median": 0.14771926403,
        "min": 0.000801103247795,
        "stdev": 1.10562169552,
        "var": 1.22239935398
    },
    "zerocrossingrate": {
        "dmean": 0.0223789997399,
        "dmean2": 0.0253335740417,
        "dvar": 0.000806190248113,
        "dvar2": 0.00089266023133,
        "max": 0.5625,
        "mean": 0.166430577636,
        "median": 0.16015625,
        "min": 0.02978515625,
        "stdev": 0.0628470256925,
        "var": 0.00394974881783
    },
    "barkbands": {
        "dmean": [4.45305197161e-08, 1.33963254711e-07, 1.09212955124e-07, 4.72548435937e-06, 4.8599918955e-05, 8.37265997689e-06, 2.84367961285e-05, 3.76323332603e-05, 2.51417804975e-05, 0.000114703143481, 5.65318914596e-05, 0.000223394177738, 0.000365758460248, 0.00080183747923, 0.000414029811509, 0.000329430040438, 0.000478171161376, 0.000229659650358, 8.48775889608e-05, 0.000184679665836, 0.000265014503384, 0.000257053354289, 0.000187159166671, 0.000291085161734, 4.32301712863e-05, 1.47884329635e-05, 2.93190191769e-06],
        "dmean2": [7.74300872308e-08, 2.39378096012e-07, 1.81175849434e-07, 8.04509454611e-06, 8.52786834002e-05, 1.48681074279e-05, 4.83079347759e-05, 6.5477375756e-05, 4.37142443843e-05, 0.000190757273231, 9.28066001507e-05, 0.000386192608858, 0.000662973034196, 0.0014516452793, 0.000721771095414, 0.000600580591708, 0.000849665841088, 0.000420584343374, 0.000134876085212, 0.000311113428324, 0.000448670441983, 0.000437522452557, 0.000314022850944, 0.000531817786396, 7.34037457732e-05, 2.55830254901e-05, 5.21515448781e-06],
        "dvar": [4.09666671788e-14, 4.00094616725e-13, 7.65750039333e-14, 1.31919267177e-10, 1.1097260888e-08, 3.5883906957e-10, 3.87431464688e-09, 1.81162143065e-08, 4.13590495185e-09, 6.67250006359e-08, 2.76705005575e-08, 4.95236008646e-07, 1.1672951814e-06, 5.1623978834e-06, 1.34764798077e-06, 1.98433031073e-06, 2.01733473659e-06, 5.96244831286e-07, 7.07878271555e-08, 3.06496559688e-07, 5.4243980685e-07, 5.17990144999e-07, 3.3267772892e-07, 5.2953322438e-07, 1.78086381197e-08, 3.15622594727e-09, 1.91578392039e-10],
        "dvar2": [1.13998220586e-13, 1.11658458087e-12, 1.84822738169e-13, 3.47967238357e-10, 2.9329425999e-08, 1.0359297864e-09, 1.11126858826e-08, 4.97342647066e-08, 1.16768692493e-08, 1.76070088287e-07, 6.41748911789e-08, 1.41372049711e-06, 3.35135837304e-06, 1.50393361764e-05, 3.66257040696e-06, 5.79875268159e-06, 5.76207185077e-06, 1.73354817434e-06, 1.73651244495e-07, 8.57895827266e-07, 1.53647488332e-06, 1.50368464347e-06, 9.04326441287e-07, 1.57257011324e-06, 4.99473280513e-08, 8.97680862977e-09, 5.39982614178e-10],
        "max": [1.94205654225e-06, 6.66206233291e-06, 2.01928764909e-06, 9.26528082346e-05, 0.000903551233932, 0.000142837961903, 0.000581563217565, 0.00150383333676, 0.000536762818228, 0.00253506191075, 0.00187167094555, 0.00585722224787, 0.00869070086628, 0.0169374421239, 0.0104243438691, 0.0158230103552, 0.0101664345711, 0.0053319404833, 0.00330223096535, 0.00552523136139, 0.0076481490396, 0.00963287614286, 0.00577066838741, 0.00425544846803, 0.0011122317519, 0.000591687858105, 0.000131605091156],
        "mean": [3.39761143664e-08, 8.56926121173e-08, 1.17790648346e-07, 4.25458438258e-06, 5.01747490489e-05, 7.82682036515e-06, 2.85890801024e-05, 4.0819242713e-05, 2.71679891739e-05, 0.000133992842166, 8.8916895038e-05, 0.000232987105846, 0.000359302328434, 0.000759223650675, 0.000506831216626, 0.00030614467687, 0.000572474149521, 0.000229747049161, 0.000146279009641, 0.000273198878858, 0.000335554417688, 0.000336739351042, 0.000264582864475, 0.000444535166025, 5.1451886975e-05, 1.45115682244e-05, 2.39274072555e-06],
        "median": [3.50422646456e-09, 1.39296663093e-09, 5.07277508888e-09, 7.54650884005e-08, 2.15899558498e-06, 1.21105938433e-06, 6.6077423071e-06, 5.16287911978e-07, 1.46160948589e-06, 1.44862287925e-05, 4.02049920467e-07, 2.85508713205e-06, 9.65944946074e-06, 2.51725305134e-05, 6.1205696511e-06, 1.03956517705e-05, 1.19873102449e-05, 4.13348971051e-06, 6.58637327433e-06, 1.44619743878e-05, 5.85221823712e-05, 3.22371779475e-05, 9.42837050388e-06, 1.19950718727e-05, 4.9593654694e-06, 6.69948406085e-07, 1.4124509562e-07],
        "min": [1.34675853802e-10, 3.29470895011e-11, 5.07237264344e-12, 8.99776433916e-12, 3.11018572008e-11, 1.28756477702e-10, 2.1651978821e-11, 8.16259906888e-11, 5.25138682539e-11, 7.14777820265e-11, 3.69008192058e-11, 8.72521499495e-11, 4.2820830215e-11, 1.20700727191e-10, 8.79826073108e-11, 1.10860709501e-10, 2.23505228214e-10, 1.43733275282e-10, 1.57362692321e-10, 1.61214500083e-10, 3.05153624591e-10, 3.27552235335e-10, 5.47197176459e-10, 5.65399949082e-10, 9.19263554167e-10, 1.91152849105e-09, 2.73062283895e-09],
        "stdev": [1.67541571727e-07, 4.98032591167e-07, 3.08125549964e-07, 1.16603450806e-05, 0.000109331587737, 1.92352563317e-05, 6.74052498653e-05, 0.000158432536409, 7.46891091694e-05, 0.000357191805961, 0.00030792717007, 0.000743733078707, 0.0010281172581, 0.00226183887571, 0.00168382143602, 0.00118562264834, 0.00179855886381, 0.00072949466994, 0.000464057142381, 0.000863780849613, 0.000844860333018, 0.000745097524486, 0.000792030827142, 0.00099301757291, 0.000140153017128, 5.19757195434e-05, 1.14789672807e-05],
        "var": [2.80701788988e-14, 2.48036481762e-13, 9.49413480776e-14, 1.35963657e-10, 1.19533964948e-08, 3.69995090121e-10, 4.5434673801e-09, 2.51008671626e-08, 5.57846302485e-09, 1.27585991549e-07, 9.48191498651e-08, 5.53138931991e-07, 1.0570250879e-06, 5.11591497343e-06, 2.83525469058e-06, 1.40570114127e-06, 3.23481390296e-06, 5.32162459876e-07, 2.15349018617e-07, 7.46117393646e-07, 7.13789006568e-07, 5.55170345251e-07, 6.27312829238e-07, 9.86083819043e-07, 1.9642868665e-08, 2.70147548775e-09, 1.317666809e-10]
    },
    "erbbands": {
        "dmean": [5.65282562093e-06, 2.62617904809e-05, 0.000180122500751, 0.00651799701154, 0.0728406086564, 0.249598041177, 0.0366836078465, 0.087822265923, 0.353382796049, 0.626345098019, 0.64549946785, 0.500084578991, 1.73322951794, 3.95815610886, 3.0472741127, 10.1928539276, 16.6072711945, 35.2495346069, 32.2539749146, 17.7149734497, 20.3762187958, 27.8078289032, 16.7182445526, 4.41605806351, 4.56428003311, 9.57301139832, 9.00546550751, 12.6647748947, 10.0585699081, 5.9339389801, 5.15295743942, 7.89831209183, 3.16221499443, 0.672945737839, 0.251979827881, 0.0935476645827, 0.0209106393158, 0.00327574880794, 0.00051164382603, 4.25545295002e-05],
        "dmean2": [1.01581917988e-05, 4.6507204388e-05, 0.000301902124193, 0.0111141987145, 0.120400212705, 0.431372076273, 0.0610354393721, 0.156664669514, 0.607679188251, 1.13589918613, 1.08061277866, 0.844330668449, 2.6748855114, 6.62440156937, 5.18694162369, 17.9723987579, 30.2810611725, 64.8335647583, 57.6798210144, 29.5982437134, 37.5039482117, 49.4251022339, 30.5174503326, 7.66961479187, 7.00676107407, 16.2840461731, 15.2174043655, 21.5683422089, 17.0689601898, 10.1513023376, 8.87768650055, 14.2839717865, 5.58931541443, 1.15611922741, 0.425901442766, 0.164575636387, 0.0360610745847, 0.00548146665096, 0.000906702480279, 7.76969609433e-05],
        "dvar": [7.25650539657e-10, 1.18896155143e-08, 1.86466536434e-07, 0.000226225121878, 0.0215898100287, 0.297028034925, 0.00591661781073, 0.0367325954139, 0.572007238865, 4.05229520798, 6.13744354248, 1.51012289524, 16.5912437439, 92.0123977661, 70.4979019165, 1071.76196289, 2574.25927734, 9667.86328125, 8522.08007812, 2677.78393555, 7913.20898438, 6892.79296875, 3033.6940918, 133.557846069, 179.835845947, 854.739074707, 405.190338135, 2073.02490234, 886.088867188, 249.87713623, 214.617736816, 384.149200439, 80.5671615601, 4.20951318741, 0.707171440125, 0.0943165719509, 0.0120156593621, 0.000162314448971, 5.26764097231e-06, 4.89746838639e-08],
        "dvar2": [2.02742311828e-09, 3.32646585832e-08, 4.57974522305e-07, 0.000568615563679, 0.0522912181914, 0.809546351433, 0.0151679851115, 0.104860581458, 1.65936470032, 11.6059532166, 16.6494007111, 4.24232721329, 37.961555481, 241.565368652, 176.895812988, 3068.01977539, 7409.02685547, 27932.8691406, 24583.9003906, 6910.44042969, 23305.2734375, 19668.0039062, 8877.19335938, 329.502868652, 459.678436279, 2356.17797852, 1108.47900391, 6034.6171875, 2551.046875, 704.178405762, 583.217956543, 1144.55236816, 232.31010437, 11.8585929871, 1.95783555508, 0.266543626785, 0.0348308049142, 0.000433545355918, 1.48685148815e-05, 1.41042363566e-07],
        "max": [0.000287520437269, 0.00110241235234, 0.00342104374431, 0.122829385102, 1.58759796619, 4.06924295425, 0.57633382082, 1.57213687897, 6.58700275421, 21.3942203522, 32.2314224243, 12.1198148727, 56.7750511169, 92.5300750732, 82.5378494263, 287.03515625, 425.698242188, 736.826782227, 684.22265625, 603.120117188, 991.905639648, 559.663085938, 358.798736572, 131.36138916, 150.424942017, 334.550445557, 159.025665283, 541.71270752, 419.247497559, 129.371841431, 146.538879395, 138.001205444, 83.3103637695, 16.6744651794, 8.80134010315, 2.60282707214, 1.2857208252, 0.128951624036, 0.0218409709632, 0.00202465010807],
        "mean": [3.69863982996e-06, 2.01453385671e-05, 0.000204071810003, 0.00675475271419, 0.0806790739298, 0.241388499737, 0.0408773608506, 0.0868480429053, 0.338856130838, 0.669013679028, 0.747029364109, 0.586085736752, 2.23547148705, 5.05458307266, 4.19043207169, 10.548705101, 16.3447608948, 34.1037521362, 32.2428703308, 24.4016304016, 17.6399879456, 33.2812995911, 16.886138916, 6.81674671173, 7.31007671356, 14.7067575455, 12.1913871765, 15.4345903397, 13.5472307205, 7.47865724564, 7.41037273407, 12.7703504562, 4.32323408127, 0.854726433754, 0.259539723396, 0.0892470180988, 0.0220277886838, 0.00332223367877, 0.000425502250437, 3.73869588657e-05],
        "median": [1.05757145263e-07, 8.40530731239e-07, 1.1998186892e-05, 0.00024826725712, 0.0034165000543, 0.00803650636226, 0.00389771116897, 0.0174785871059, 0.0954750776291, 0.0647793188691, 0.0227959416807, 0.0426990091801, 0.270623832941, 0.415727883577, 0.0921466723084, 0.15818849206, 0.500382661819, 1.41328859329, 0.61385422945, 0.29812708497, 0.759549915791, 0.720469117165, 0.27464607358, 0.242999717593, 0.416923880577, 0.606864094734, 2.17803955078, 2.38513541222, 1.20511853695, 0.648826181889, 0.274845510721, 0.410004884005, 0.180392771959, 0.0618274286389, 0.0240584108979, 0.00510875508189, 0.000643873296212, 0.000185855300515, 2.47166244662e-05, 2.54307906289e-06],
        "min": [4.13346912254e-09, 6.63944943469e-09, 1.49104728564e-08, 2.61329127227e-08, 1.31677907689e-07, 1.97329441676e-07, 4.13372077901e-07, 1.16445551157e-06, 5.11930693392e-07, 2.2996109692e-06, 3.38504787578e-06, 1.63203026204e-06, 3.5871532873e-06, 3.07970321956e-06, 3.60611784345e-06, 3.27960810864e-06, 2.70883015219e-06, 6.53128654449e-06, 8.32895966596e-06, 4.31992702943e-06, 7.00852024238e-06, 1.42162089105e-05, 7.1453819146e-06, 1.15983748401e-05, 6.13968086327e-06, 8.14397299109e-06, 1.19226733659e-05, 1.20493705253e-05, 1.24341850096e-05, 1.15243774417e-05, 1.86253910215e-05, 8.8821798272e-06, 1.11040590127e-05, 6.79235245116e-06, 9.41516009334e-06, 9.78075058811e-06, 3.01362570099e-06, 1.94302083401e-06, 3.78200269324e-07, 3.30771712242e-08],
        "stdev": [2.11714832403e-05, 8.72850723681e-05, 0.000492513354402, 0.0168178956956, 0.179677933455, 0.539460301399, 0.0851140469313, 0.203054234385, 0.765650808811, 2.14931178093, 2.943836689, 1.53528153896, 6.56508493423, 14.0753631592, 13.4776496887, 33.6483879089, 47.5787315369, 98.5755310059, 99.4868392944, 88.4906539917, 69.9830245972, 103.934692383, 53.7432289124, 20.2263202667, 22.6529712677, 49.4468650818, 27.5234889984, 43.9208717346, 31.2317142487, 20.3511257172, 19.9442710876, 29.2122192383, 10.114692688, 2.25600028038, 0.823360800743, 0.287847816944, 0.0956063345075, 0.0124484831467, 0.00192329881247, 0.000179496637429],
        "var": [4.48231701755e-10, 7.61868435006e-09, 2.42569427655e-07, 0.000282841618173, 0.0322841592133, 0.291017413139, 0.00724440068007, 0.0412310250103, 0.586221158504, 4.61954069138, 8.66617393494, 2.35708928108, 43.1003417969, 198.115844727, 181.64704895, 1132.21411133, 2263.7355957, 9717.13574219, 9897.63183594, 7830.59570312, 4897.62353516, 10802.4199219, 2888.33447266, 409.104034424, 513.157104492, 2444.99243164, 757.542480469, 1929.04309082, 975.419921875, 414.168304443, 397.773986816, 853.35369873, 102.307006836, 5.08953714371, 0.677922964096, 0.0828563645482, 0.00914057064801, 0.000154964727699, 3.69907820641e-06, 3.22190416568e-08]
    },
    "gfcc": {
        "mean": [-251.578521729, -52.5109214783, -167.812088013, -3.15251851082, -89.52709198, -0.853639245033, -56.7846946716, -13.7914657593, -18.5159778595, 8.39996814728, -20.0110855103, -1.86758959293, -6.4111161232],
        "cov": [[36574.4179688, -829.914855957, -6593.5390625, 2735.66577148, -2604.85766602, 2325.31298828, -449.307830811, -1525.80810547, -3517.04833984, -3405.60327148, -1621.46630859, -1494.12451172, -721.884887695], [-829.914855957, 1674.3470459, 1035.80175781, -80.8897705078, 73.2613677979, -375.268829346, -145.333770752, -195.27130127, -195.564620972, -69.1494445801, -207.158920288, 18.5123462677, -6.30455684662], [-6593.5390625, 1035.80175781, 2499.36083984, -110.660644531, 333.514587402, -613.558044434, -66.3437728882, 83.8381652832, 373.187286377, 478.851287842, 93.4771347046, 153.358123779, 51.4534378052], [2735.66577148, -80.8897705078, -110.660644531, 1103.51708984, -285.964050293, 132.182052612, -82.6476898193, -265.871826172, -372.255401611, -373.108276367, -241.534759521, -151.596694946, -63.3550796509], [-2604.85766602, 73.2613677979, 333.514587402, -285.964050293, 1028.24731445, 69.5560531616, 72.9713363647, 153.990859985, 216.914321899, 195.988815308, 71.0248718262, 191.753738403, 31.0295772552], [2325.31298828, -375.268829346, -613.558044434, 132.182052612, 69.5560531616, 631.218078613, 123.042938232, -128.280380249, -295.333984375, -311.660186768, -132.947357178, -164.233612061, -17.8034362793], [-449.307830811, -145.333770752, -66.3437728882, -82.6476898193, 72.9713363647, 123.042938232, 310.78704834, 108.414863586, -7.5701584816, 14.5262002945, -32.108089447, 31.9153270721, -2.67542791367], [-1525.80810547, -195.27130127, 83.8381652832, -265.871826172, 153.990859985, -128.280380249, 108.414863586, 479.385925293, 338.608978271, 142.288452148, 215.95401001, 102.889472961, -10.4986343384], [-3517.04833984, -195.564620972, 373.187286377, -372.255401611, 216.914321899, -295.333984375, -7.5701584816, 338.608978271, 748.91607666, 524.05078125, 316.112182617, 138.887145996, 57.3726463318], [-3405.60327148, -69.1494445801, 478.851287842, -373.108276367, 195.988815308, -311.660186768, 14.5262002945, 142.288452148, 524.05078125, 647.926574707, 231.518035889, 114.60609436, 72.4616546631], [-1621.46630859, -207.158920288, 93.4771347046, -241.534759521, 71.0248718262, -132.947357178, -32.108089447, 215.95401001, 316.112182617, 231.518035889, 414.263916016, 174.720443726, 9.22289276123], [-1494.12451172, 18.5123462677, 153.358123779, -151.596694946, 191.753738403, -164.233612061, 31.9153270721, 102.889472961, 138.887145996, 114.60609436, 174.720443726, 272.204437256, 47.8346939087], [-721.884887695, -6.30455684662, 51.4534378052, -63.3550796509, 31.0295772552, -17.8034362793, -2.67542791367, -10.4986343384, 57.3726463318, 72.4616546631, 9.22289276123, 47.8346939087, 139.850585938]],
        "icov": [[0.000220406567678, -0.000186109857168, 0.000474943197332, -0.000205013129744, 0.000243600530666, -0.000292218319373, 0.000433503446402, -0.000214401719859, 0.000424984231358, 1.11008730528e-05, 0.000168613303686, 9.87874809653e-05, 0.000537637271918], [-0.000186109857168, 0.00153170200065, -0.000905833614524, 0.000687702791765, -0.000492443912663, 0.00135719345417, -0.000334306329023, 0.000820194312837, -9.29331145016e-05, 0.00089336221572, 0.000160197421792, 0.000310268515022, -0.000451036379673], [0.000474943197332, -0.000905833614524, 0.0018284592079, -0.000731113948859, 0.000283608416794, -0.000243384332862, 0.000667242798954, -0.000494351959787, 0.000836226448882, -0.000389909284422, 9.84406360658e-05, 0.000496897264384, 0.000971072528046], [-0.000205013129744, 0.000687702791765, -0.000731113948859, 0.00170021492522, -0.000149734696606, 0.000710882479325, -0.000299790612189, 0.000916031131055, -0.000468810118036, 0.00101837702096, 0.000186895777006, 0.000134742149385, -0.000195013533812], [0.000243600530666, -0.000492443912663, 0.000283608416794, -0.000149734696606, 0.00223430176266, -0.0024398996029, 0.00156549096573, -0.00131624366622, 0.000307516398607, -0.00122962065507, 0.00171541317832, -0.00260438164696, 0.00147647166159], [-0.000292218319373, 0.00135719345417, -0.000243384332862, 0.000710882479325, -0.0024398996029, 0.00686079356819, -0.00388324540108, 0.00303758867085, -0.000501447764691, 0.00349894748069, -0.00293999235146, 0.00513527868316, -0.00263691390865], [0.000433503446402, -0.000334306329023, 0.000667242798954, -0.000299790612189, 0.00156549096573, -0.00388324540108, 0.00712214643136, -0.00360897113569, 0.00207018200308, -0.00269494950771, 0.00354967522435, -0.00368591630831, 0.00243864324875], [-0.000214401719859, 0.000820194312837, -0.000494351959787, 0.000916031131055, -0.00131624366622, 0.00303758867085, -0.00360897113569, 0.00621624803171, -0.00308686494827, 0.00354178599082, -0.00268259970471, 0.00229599676095, -0.000573694705963], [0.000424984231358, -9.29331145016e-05, 0.000836226448882, -0.000468810118036, 0.000307516398607, -0.000501447764691, 0.00207018200308, -0.00308686494827, 0.00614803889766, -0.00335949705914, -0.000276533595752, 0.000387787178624, 0.000449357641628], [1.11008730528e-05, 0.00089336221572, -0.000389909284422, 0.00101837702096, -0.00122962065507, 0.00349894748069, -0.00269494950771, 0.00354178599082, -0.00335949705914, 0.00703458953649, -0.00223430525512, 0.00320581579581, -0.00158088875469], [0.000168613303686, 0.000160197421792, 9.84406360658e-05, 0.000186895777006, 0.00171541317832, -0.00293999235146, 0.00354967522435, -0.00268259970471, -0.000276533595752, -0.00223430525512, 0.00743349641562, -0.00559064745903, 0.00273079518229], [9.87874809653e-05, 0.000310268515022, 0.000496897264384, 0.000134742149385, -0.00260438164696, 0.00513527868316, -0.00368591630831, 0.00229599676095, 0.000387787178624, 0.00320581579581, -0.00559064745903, 0.0111482962966, -0.00352905038744], [0.000537637271918, -0.000451036379673, 0.000971072528046, -0.000195013533812, 0.00147647166159, -0.00263691390865, 0.00243864324875, -0.000573694705963, 0.000449357641628, -0.00158088875469, 0.00273079518229, -0.00352905038744, 0.0104617914185]]
    },
    "melbands": {
        "dmean": [4.41597940437e-08, 8.48485512961e-08, 2.50660559686e-06, 1.23090476336e-05, 3.07570985569e-06, 2.08800997825e-06, 5.58848341825e-06, 7.79597939982e-06, 4.57027772427e-06, 3.65536379832e-06, 9.53078233579e-06, 1.72303789441e-05, 8.39377389639e-06, 2.16575244849e-05, 3.13196615025e-05, 4.08674059145e-05, 7.10920139682e-05, 5.79038824071e-05, 2.85039950541e-05, 2.04210991797e-05, 2.43082649831e-05, 2.86489648715e-05, 2.52201734838e-05, 7.28393706595e-06, 3.08442145069e-06, 3.66656990991e-06, 3.42604107573e-06, 7.17185366739e-06, 5.49356627744e-06, 5.32542389919e-06, 8.64489084051e-06, 6.439230674e-06, 3.57529029316e-06, 3.31152705257e-06, 2.77369485957e-06, 3.92117635784e-06, 5.47825993635e-06, 2.5990591439e-06, 1.03136824237e-06, 3.88438508026e-07],
        "dmean2": [7.88922562833e-08, 1.39836473068e-07, 4.29429928772e-06, 2.17806609726e-05, 5.20523781233e-06, 3.64779134543e-06, 9.70891051111e-06, 1.39774392665e-05, 7.38393418942e-06, 6.25176244284e-06, 1.49536772369e-05, 2.89956024062e-05, 1.4007648133e-05, 3.84528866562e-05, 5.58783576707e-05, 7.4037379818e-05, 0.000131184875499, 0.000103934777144, 4.98622903251e-05, 3.43766223523e-05, 4.52390486316e-05, 5.08894227096e-05, 4.58963841083e-05, 1.32644072437e-05, 5.33055981577e-06, 5.539560334e-06, 5.7135634961e-06, 1.23269473988e-05, 9.37258118938e-06, 8.94495678949e-06, 1.49883071572e-05, 1.09635420813e-05, 6.20716627964e-06, 5.74669593334e-06, 4.82154700876e-06, 6.71017096465e-06, 9.93226603896e-06, 4.60975934402e-06, 1.77010201696e-06, 6.64129345296e-07],
        "dvar": [4.36014072069e-14, 4.79579483764e-14, 2.67667710913e-11, 7.31485316763e-10, 4.26423930888e-11, 2.19190117445e-11, 1.38247926995e-10, 6.5124261539e-10, 2.77743855692e-10, 8.69384564339e-11, 4.75121386678e-10, 1.69437885944e-09, 5.5720073e-10, 4.43418723961e-09, 9.68456514983e-09, 1.42202001285e-08, 3.90848313714e-08, 2.83361085707e-08, 6.49946407805e-09, 4.70596051017e-09, 1.18291119122e-08, 7.09023595391e-09, 6.9401702163e-09, 5.53663004332e-10, 6.70860034191e-11, 1.44187994877e-10, 1.02225408694e-10, 5.09105813062e-10, 1.89347051927e-10, 1.49290926843e-10, 1.1993042115e-09, 4.34473373945e-10, 5.77557550396e-11, 1.08463779624e-10, 8.05284103289e-11, 8.81239664574e-11, 2.17539153358e-10, 5.42534767112e-11, 1.2834279646e-11, 1.3261345147e-12],
        "dvar2": [1.21395948849e-13, 1.15385877394e-13, 6.38783470563e-11, 1.95836058481e-09, 1.11573021655e-10, 6.09742326074e-11, 3.95735860748e-10, 1.87024262743e-09, 7.47387818301e-10, 2.45196835058e-10, 1.1019598567e-09, 4.47236603307e-09, 1.31188104824e-09, 1.25781367544e-08, 2.77018585848e-08, 4.11934699684e-08, 1.12889097181e-07, 8.23993104859e-08, 1.75313807915e-08, 1.28474724193e-08, 3.49200632854e-08, 2.00485015256e-08, 2.03785432973e-08, 1.58069002332e-09, 1.57562768388e-10, 3.67161356873e-10, 2.67365157791e-10, 1.42028078187e-09, 5.3288967683e-10, 3.96232019417e-10, 3.52204709841e-09, 1.23721877188e-09, 1.71394010096e-10, 3.03843394889e-10, 2.27219340565e-10, 2.34339769811e-10, 6.63338883822e-10, 1.55565033078e-10, 3.64843120992e-11, 3.71552181383e-12],
        "max": [2.17871775021e-06, 1.70957355294e-06, 4.43349708803e-05, 0.000228373712162, 4.96557804581e-05, 4.33512832387e-05, 9.65703075053e-05, 0.000247253046837, 0.000215678286622, 8.69286450325e-05, 0.000293512566714, 0.000402996287448, 0.000254760350799, 0.00053525302792, 0.000894734170288, 0.000943592458498, 0.00146238622256, 0.00127886864357, 0.000854950456414, 0.000673415197525, 0.00120262324344, 0.000613848969806, 0.000517138803843, 0.000176530782483, 0.000102923171653, 0.000144681253005, 0.00011114004883, 0.000243438349571, 0.000131140637677, 0.000109802123916, 0.000419390882598, 0.000301609834423, 5.45159928151e-05, 8.82823878783e-05, 9.37488439376e-05, 9.5761664852e-05, 9.73251007963e-05, 6.78807409713e-05, 3.28999121848e-05, 1.05933668237e-05],
        "mean": [2.82108967298e-08, 8.20836305593e-08, 2.91069818559e-06, 1.25016176753e-05, 3.15127749673e-06, 1.99186570171e-06, 5.47160561837e-06, 8.08843196864e-06, 5.33275215275e-06, 3.88954686059e-06, 1.20261875054e-05, 2.13813964365e-05, 1.2655565115e-05, 2.2421572794e-05, 3.22567357216e-05, 3.88809457945e-05, 6.82442696416e-05, 5.58567880944e-05, 3.62302416761e-05, 2.49360200542e-05, 1.97239969566e-05, 3.53731047653e-05, 2.66196493612e-05, 7.314225968e-06, 5.13313352712e-06, 5.93930008108e-06, 5.65764230487e-06, 1.06651696115e-05, 7.07404751665e-06, 7.08165543983e-06, 1.01487776192e-05, 8.67868220666e-06, 4.5160973059e-06, 4.05707532991e-06, 3.3950402667e-06, 6.9631637416e-06, 8.11682730273e-06, 3.52474012288e-06, 1.25816859509e-06, 4.75556390711e-07],
        "median": [5.41781619567e-10, 3.85242326928e-09, 7.97859271984e-08, 5.21200036019e-07, 1.6384555579e-07, 3.16483266261e-07, 1.56766407144e-06, 5.90028548686e-07, 1.45320598222e-07, 2.23856346793e-07, 1.50919231601e-06, 1.87218654446e-06, 1.17787415377e-07, 3.48074223666e-07, 2.87066484361e-07, 1.29073328026e-06, 2.71872431767e-06, 9.71584540821e-07, 3.95110845375e-07, 3.41562497397e-07, 8.89530383574e-07, 6.25454106284e-07, 4.0466463247e-07, 1.30947725552e-07, 1.70014615719e-07, 2.82372809579e-07, 1.8125692236e-07, 4.15708171886e-07, 1.05560286556e-06, 1.28794886223e-06, 1.13298904125e-06, 6.75523438076e-07, 4.80730250274e-07, 2.24364228529e-07, 1.48163735503e-07, 1.14858202949e-07, 1.96893424231e-07, 1.41376247598e-07, 5.84296948603e-08, 4.44361383245e-08],
        "min": [4.11487198482e-11, 8.35522710046e-12, 8.62901503723e-12, 7.32697583161e-12, 1.26993086186e-11, 3.29477382877e-11, 6.62431871509e-12, 3.20733266335e-11, 8.69968593692e-12, 8.57158354711e-12, 1.36820711011e-11, 1.0072227774e-11, 6.7633884604e-12, 1.06200942138e-11, 3.76442063285e-12, 7.28658973437e-12, 1.06770833494e-11, 1.15694858208e-11, 6.83310959898e-12, 5.12942206071e-12, 5.81476576958e-12, 1.11365144537e-11, 9.70074801737e-12, 7.07955178855e-12, 8.85888237767e-12, 5.61942289576e-12, 3.75998624597e-12, 5.71941409164e-12, 6.46383857897e-12, 8.42179277705e-12, 6.5840358339e-12, 7.98287217579e-12, 5.18881942621e-12, 6.48137966908e-12, 1.02414925499e-11, 5.56328464199e-12, 5.69226176611e-12, 6.84242549773e-12, 7.47332751239e-12, 4.50465446195e-12],
        "stdev": [1.6489286736e-07, 2.31834391684e-07, 6.578834018e-06, 2.75412257906e-05, 6.90205979481e-06, 4.94344158142e-06, 1.21657958516e-05, 2.7605025025e-05, 2.05379965337e-05, 1.06876050268e-05, 3.44937725458e-05, 5.83222790738e-05, 4.246358003e-05, 7.26109064999e-05, 9.87799285213e-05, 0.000110741246317, 0.000198913141503, 0.000172797183041, 0.000125206512166, 9.04905682546e-05, 8.27224212117e-05, 0.000110663371743, 8.5884508735e-05, 2.27064701903e-05, 1.57373142429e-05, 1.93128125829e-05, 1.82029543794e-05, 3.61811944458e-05, 1.62329633895e-05, 1.67336802406e-05, 3.15350298479e-05, 2.17251781578e-05, 8.69701398187e-06, 1.32842287712e-05, 1.04872697193e-05, 1.68742517417e-05, 1.89967340702e-05, 8.28418978926e-06, 3.71017040379e-06, 1.23783559047e-06],
