{
"lowlevel": {
    "average_loudness": 0.989978909492,
    "barkbands_crest": {
        "dmean": 1.61380553246,
        "dmean2": 2.13661003113,
        "dvar": 3.04050636292,
        "dvar2": 5.33314943314,
        "max": 20.6945095062,
        "mean": 12.8003005981,
        "median": 11.5539102554,
        "min": 5.20432186127,
        "stdev": 4.75529098511,
        "var": 22.6127910614
    },
    "barkbands_flatness_db": {
        "dmean": 0.0168501790613,
        "dmean2": 0.0193955413997,
        "dvar": 0.000251196324825,
        "dvar2": 0.000327239482431,
        "max": 0.445497125387,
        "mean": 0.306473910809,
        "median": 0.292740941048,
        "min": 0.220496833324,
        "stdev": 0.0481510981917,
        "var": 0.002318528248
    },
    "barkbands_kurtosis": {
        "dmean": 1.82007908821,
        "dmean2": 2.307264328,
        "dvar": 4.65014600754,
        "dvar2": 4.80504131317,
        "max": 21.2986755371,
        "mean": 6.23224115372,
        "median": 3.92580413818,
        "min": -1.56266915798,
        "stdev": 5.9393658638,
        "var": 35.2760658264
    },
    "barkbands_skewness": {
        "dmean": 0.330707103014,
        "dmean2": 0.401717871428,
        "dvar": 0.124218851328,
        "dvar2": 0.183602079749,
        "max": 3.91553330421,
        "mean": 2.02197957039,
        "median": 1.70258688927,
        "min": 0.02288550511,
        "stdev": 0.941402971745,
        "var": 0.886239528656
    },
    "barkbands_spread": {
        "dmean": 1.15503764153,
        "dmean2": 1.47661674023,
        "dvar": 2.01519083977,
        "dvar2": 2.92157196999,
        "max": 17.515411377,
        "mean": 5.13437080383,
        "median": 5.02033281326,
        "min": 1.21674191952,
        "stdev": 2.71944260597,
        "var": 7.39536809921
    },
    "dissonance": {
        "dmean": 0.0153462197632,
        "dmean2": 0.021723523736,
        "dvar": 0.000639807723928,
        "dvar2": 0.00107307173312,
        "max": 0.479051470757,
        "mean": 0.390014052391,
        "median": 0.412723451853,
        "min": 0.18177703023,
        "stdev": 0.0536083057523,
        "var": 0.0028738505207
    },
    "dynamic_complexity": 2.5738132,
    "erbbands_crest": {
        "dmean": 1.33511388302,
        "dmean2": 2.04846692085,
        "dvar": 2.79273295403,
        "dvar2": 5.71549606323,
        "max": 19.820476532,
        "mean": 8.31636047363,
        "median": 7.77640104294,
        "min": 4.15320825577,
        "stdev": 2.94660687447,
        "var": 8.68249225616
    },
    "erbbands_flatness_db": {
        "dmean": 0.0104720965028,
        "dmean2": 0.0146989785135,
        "dvar": 9.539740131e-05,
        "dvar2": 0.000259215245023,
        "max": 0.299347043037,
        "mean": 0.24551333487,
        "median": 0.24321770668,
        "min": 0.208201318979,
        "stdev": 0.0181939825416,
        "var": 0.000331021030433
    },
    "erbbands_kurtosis": {
        "dmean": 0.54925853014,
        "dmean2": 0.789427936077,
        "dvar": 0.925912857056,
        "dvar2": 1.37797379494,
        "max": 7.1898021698,
        "mean": 0.231176778674,
        "median": -0.138459444046,
        "min": -1.19506514072,
        "stdev": 1.23491871357,
        "var": 1.52502429485
    },
    "erbbands_skewness": {
        "dmean": 0.240778714418,
        "dmean2": 0.320107370615,
        "dvar": 0.0900474190712,
        "dvar2": 0.12457446754,
        "max": 1.69917428493,
        "mean": 0.241230145097,
        "median": 0.265870273113,
        "min": -2.06822872162,
        "stdev": 0.483164668083,
        "var": 0.23344810307
    },
    "erbbands_spread": {
        "dmean": 2.13847875595,
        "dmean2": 2.65540218353,
        "dvar": 5.50623369217,
        "dvar2": 11.3805742264,
        "max": 27.8488197327,
        "mean": 17.644071579,
        "median": 17.6347236633,
        "min": 7.06775712967,
        "stdev": 3.78494691849,
        "var": 14.3258228302
    },
    "hfc": {
        "dmean": 3.12649774551,
        "dmean2": 2.85599470139,
        "dvar": 15.4322481155,
        "dvar2": 18.5453681946,
        "max": 44.6834335327,
        "mean": 12.2134752274,
        "median": 8.20755386353,
        "min": 0.49823319912,
        "stdev": 9.67253398895,
        "var": 93.5579147339
    },
    "loudness_ebu128": {
        "integrated": -12.2903108597,
        "loudness_range": 0,
        "momentary": {
            "dmean": 0.914533138275,
            "dmean2": 1.05390071869,
            "dvar": 0.467660754919,
            "dvar2": 0.253739506006,
            "max": -8.23058986664,
            "mean": -13.3119840622,
            "median": -13.8215494156,
            "min": -17.1835212708,
            "stdev": 2.91227865219,
            "var": 8.48136711121
        },
        "short_term": {
            "dmean": 0,
            "dmean2": 0,
            "dvar": 0,
            "dvar2": 0,
            "max": -13.4812412262,
            "mean": -13.4812412262,
            "median": -13.4812412262,
            "min": -13.4812412262,
            "stdev": 0,
            "var": 0
        }
    },
    "melbands_crest": {
        "dmean": 2.25962972641,
        "dmean2": 3.12935376167,
        "dvar": 8.12070655823,
        "dvar2": 17.2210388184,
        "max": 30.564371109,
        "mean": 20.1207714081,
        "median": 17.9856243134,
        "min": 9.30647182465,
        "stdev": 6.84802818298,
        "var": 46.895488739
    },
    "melbands_flatness_db": {
        "dmean": 0.020530289039,
        "dmean2": 0.0232302062213,
        "dvar": 0.000332542520482,
        "dvar2": 0.000439710507635,
        "max": 0.567287504673,
        "mean": 0.418753325939,
        "median": 0.411219745874,
        "min": 0.311888575554,
        "stdev": 0.0509469211102,
        "var": 0.0025955887977
    },
    "melbands_kurtosis": {
        "dmean": 3.23913121223,
        "dmean2": 3.82725334167,
        "dvar": 11.9240369797,
        "dvar2": 14.6405191422,
        "max": 33.3367424011,
        "mean": 11.744515419,
        "median": 8.66628551483,
        "min": -0.581363916397,
        "stdev": 8.69989967346,
        "var": 75.6882553101
    },
    "melbands_skewness": {
        "dmean": 0.408482849598,
        "dmean2": 0.492744147778,
        "dvar": 0.17178863287,
        "dvar2": 0.252576649189,
        "max": 5.05705976486,
        "mean": 2.81738734245,
        "median": 2.5712082386,
        "min": 0.441825926304,
        "stdev": 1.02522683144,
        "var": 1.05109000206
    },
    "melbands_spread": {
        "dmean": 1.47924160957,
        "dmean2": 1.91454565525,
        "dvar": 3.78078818321,
        "dvar2": 5.39161491394,
        "max": 22.2998027802,
        "mean": 5.373939991,
        "median": 5.07027053833,
        "min": 1.17597401142,
        "stdev": 3.39728808403,
        "var": 11.5415668488
    },
    "pitch_salience": {
        "dmean": 0.0581154003739,
        "dmean2": 0.0732880979776,
        "dvar": 0.00495375692844,
        "dvar2": 0.00853646546602,
        "max": 0.74315726757,
        "mean": 0.481426388025,
        "median": 0.555675625801,
        "min": 0.154054865241,
        "stdev": 0.183109536767,
        "var": 0.0335291028023
    },
    "silence_rate_20dB": {
        "dmean": 0.019999999553,
        "dmean2": 0.0404040403664,
        "dvar": 0.0195999927819,
        "dvar2": 0.0387715511024,
        "max": 1,
        "mean": 0.980198025703,
        "median": 1,
        "min": 0,
        "stdev": 0.139319255948,
        "var": 0.0194098558277
    },
    "silence_rate_30dB": {
        "dmean": 0.0599999986589,
        "dmean2": 0.121212124825,
        "dvar": 0.0563999861479,
        "dvar2": 0.106519728899,
        "max": 1,
        "mean": 0.792079210281,
        "median": 1,
        "min": 0,
        "stdev": 0.405819952488,
        "var": 0.164689823985
    },
    "silence_rate_60dB": {
        "dmean": 0,
        "dmean2": 0,
        "dvar": 0,
        "dvar2": 0,
        "max": 0,
        "mean": 0,
        "median": 0,
        "min": 0,
        "stdev": 0,
        "var": 0
    },
    "spectral_centroid": {
        "dmean": 44.9310417175,
        "dmean2": 53.0307579041,
        "dvar": 2791.73193359,
        "dvar2": 3955.3918457,
        "max": 785.808410645,
        "mean": 333.688934326,
        "median": 328.142303467,
        "min": 177.698562622,
        "stdev": 103.914848328,
        "var": 10798.2949219
    },
    "spectral_complexity": {
        "dmean": 1.24000000954,
        "dmean2": 1.76767671108,
        "dvar": 2.76240062714,
        "dvar2": 3.43087482452,
        "max": 19,
        "mean": 11.6336631775,
        "median": 12,
        "min": 2,
        "stdev": 2.49245524406,
        "var": 6.2123336792
    },
    "spectral_decrease": {
        "dmean": 4.73592187689e-09,
        "dmean2": 4.54891591062e-09,
        "dvar": 4.56970701623e-17,
        "dvar2": 4.74831152322e-17,
        "max": -7.23605453334e-10,
        "mean": -1.81133241739e-08,
        "median": -9.39976896319e-09,
        "min": -8.75671588574e-08,
        "stdev": 1.91277731432e-08,
        "var": 3.65871699341e-16
    },
    "spectral_energy": {
        "dmean": 0.018114566803,
        "dmean2": 0.0173720121384,
        "dvar": 0.000667320215143,
        "dvar2": 0.000694267218933,
        "max": 0.334550321102,
        "mean": 0.0694714561105,
        "median": 0.0359977185726,
        "min": 0.0027762351092,
        "stdev": 0.0730123817921,
        "var": 0.00533080799505
    },
    "spectral_energyband_high": {
        "dmean": 1.84327973329e-06,
        "dmean2": 2.5066285616e-06,
        "dvar": 5.70893983129e-12,
        "dvar2": 8.38566282385e-12,
        "max": 2.07365046663e-05,
        "mean": 5.91388516114e-06,
        "median": 4.66042592961e-06,
        "min": 2.63972282255e-07,
        "stdev": 4.20921787736e-06,
        "var": 1.77175149552e-11
    },
    "spectral_energyband_low": {
        "dmean": 0.016176821664,
        "dmean2": 0.0159105975181,
        "dvar": 0.000570714357309,
        "dvar2": 0.000575073529035,
        "max": 0.312215685844,
        "mean": 0.0545805096626,
        "median": 0.0213337149471,
        "min": 0.00193239666987,
        "stdev": 0.0711537674069,
        "var": 0.00506285903975
    },
    "spectral_energyband_middle_high": {
        "dmean": 0.000904328539036,
        "dmean2": 0.00115740136243,
        "dvar": 5.73324905417e-06,
        "dvar2": 7.90329249867e-06,
        "max": 0.027211945504,
        "mean": 0.00186824100092,
        "median": 0.00100020482205,
        "min": 7.09848609404e-05,
        "stdev": 0.00345379672945,
        "var": 1.19287124107e-05
    },
    "spectral_energyband_middle_low": {
        "dmean": 0.00336507847533,
        "dmean2": 0.003763591405,
        "dvar": 1.19815531434e-05,
        "dvar2": 1.89439306268e-05,
        "max": 0.0323381461203,
        "mean": 0.0135735217482,
        "median": 0.0124133946374,
        "min": 0.000742539006751,
        "stdev": 0.0063440091908,
        "var": 4.02464538638e-05
    },
    "spectral_entropy": {
        "dmean": 0.1264411062,
        "dmean2": 0.155980229378,
        "dvar": 0.011985165067,
        "dvar2": 0.018386144191,
        "max": 6.81645393372,
        "mean": 6.07666301727,
        "median": 6.14533233643,
        "min": 4.96883773804,
        "stdev": 0.346365183592,
        "var": 0.11996883899
    },
    "spectral_flux": {
        "dmean": 0.0255504176021,
        "dmean2": 0.0379497632384,
        "dvar": 0.00108226982411,
        "dvar2": 0.00188577314839,
        "max": 0.323985487223,
        "mean": 0.0570226311684,
        "median": 0.0457970499992,
        "min": 0.0130528043956,
        "stdev": 0.0471544414759,
        "var": 0.00222354126163
    },
    "spectral_kurtosis": {
        "dmean": 7.95162582397,
        "dmean2": 13.7108058929,
        "dvar": 56.0770263672,
        "dvar2": 121.893432617,
        "max": 67.7521438599,
        "mean": 30.4915561676,
        "median": 28.5159721375,
        "min": 12.9835958481,
        "stdev": 11.6176652908,
        "var": 134.97013855
    },
    "spectral_rms": {
        "dmean": 0.00106711918488,
        "dmean2": 0.00108623353299,
        "dvar": 1.99481883101e-06,
        "dvar2": 2.36769824369e-06,
        "max": 0.0180662814528,
        "mean": 0.00739239249378,
        "median": 0.00592618994415,
        "min": 0.00164575886447,
        "stdev": 0.00362347019836,
        "var": 1.31295364554e-05
    },
    "spectral_rolloff": {
        "dmean": 79.8881835938,
        "dmean2": 110.928619385,
        "dvar": 12030.5654297,
        "dvar2": 18541.1894531,
        "max": 1012.06054688,
        "mean": 344.744445801,
        "median": 301.46484375,
        "min": 129.19921875,
        "stdev": 188.685501099,
        "var": 35602.21875
    },
    "spectral_skewness": {
        "dmean": 0.492647886276,
        "dmean2": 0.79606205225,
        "dvar": 0.173429369926,
        "dvar2": 0.363108664751,
        "max": 6.51522445679,
        "mean": 4.33235263824,
        "median": 4.20786619186,
        "min": 3.12347197533,
        "stdev": 0.756284832954,
        "var": 0.571966707706
    },
    "spectral_spread": {
        "dmean": 191638.21875,
        "dmean2": 299713.4375,
        "dvar": 29130246144,
        "dvar2": 66634715136,
        "max": 2777882.25,
        "mean": 1763736.125,
        "median": 1739628.75,
        "min": 1134637.5,
        "stdev": 295021.1875,
        "var": 87037509632
    },
    "spectral_strongpeak": {
        "dmean": 0.179788395762,
        "dmean2": 0.245801195502,
        "dvar": 0.0290899183601,
        "dvar2": 0.056462161243,
        "max": 1.81049406528,
        "mean": 0.754842162132,
        "median": 0.692329287529,
        "min": 0,
        "stdev": 0.392209023237,
        "var": 0.153827920556
    },
    "zerocrossingrate": {
        "dmean": 0.00240234378725,
        "dmean2": 0.0030825836584,
        "dvar": 2.61386885541e-05,
        "dvar2": 5.44058930245e-05,
        "max": 0.06640625,
        "mean": 0.012898360379,
        "median": 0.01171875,
        "min": 0.0048828125,
        "stdev": 0.00891182385385,
        "var": 7.94206061983e-05
    },
    "barkbands": {
        "dmean": [1.04892778836e-05, 0.00559312384576, 0.0110594155267, 0.00109489192255, 0.000897199264728, 0.000778081943281, 0.000717575079761, 0.000553222838789, 0.000357127049938, 0.000238854830968, 0.000518485729117, 0.000148413164425, 6.13324446022e-05, 3.25244254782e-05, 1.7196754925e-05, 7.20075513527e-06, 4.21992990596e-06, 7.7895231243e-07, 7.33406466225e-07, 1.00566910533e-06, 5.55807901037e-07, 3.86211951309e-07, 3.53158952748e-07, 1.90943879375e-07, 2.18696840193e-07, 1.08491249762e-07, 2.17211457709e-08],
        "dmean2": [1.85186654562e-05, 0.00663163186982, 0.0100886970758, 0.00139510515146, 0.00101105892099, 0.000804587616585, 0.000833983765915, 0.000751555664465, 0.000409595755627, 0.000311644253088, 0.000698027200997, 0.000230851481319, 7.54454376874e-05, 4.16686598328e-05, 2.49227196036e-05, 8.84177825355e-06, 5.27539668838e-06, 1.14064721402e-06, 9.77455101747e-07, 1.37761458063e-06, 7.74716113483e-07, 5.78227059123e-07, 5.02354964738e-07, 3.01278987536e-07, 3.19889750244e-07, 1.69603396216e-07, 3.05487937169e-08],
        "dvar": [4.59633886507e-09, 3.22333617078e-05, 0.000364822742995, 2.4751204819e-06, 1.09328072995e-06, 2.1701159767e-06, 1.16649880511e-06, 6.25873667559e-07, 3.57313183486e-07, 1.56744960123e-07, 2.63445031123e-06, 1.72423170852e-07, 2.43869706651e-08, 2.42276909646e-09, 3.69914404663e-10, 1.10628360639e-10, 9.77779038291e-11, 1.22583475488e-12, 7.29317973201e-13, 1.56867628696e-12, 5.53221856346e-13, 1.98033009804e-13, 1.65635734295e-13, 7.45512186056e-14, 6.06283754212e-14, 1.72261344593e-14, 3.87346102137e-16],
        "dvar2": [1.16305240994e-08, 5.56858358323e-05, 0.000306308706058, 3.95043207391e-06, 1.29880004351e-06, 3.47421882907e-06, 2.1004818791e-06, 1.28043961922e-06, 3.9528069351e-07, 1.99007985202e-07, 3.70461589227e-06, 3.64737644531e-07, 3.97027513088e-08, 4.26636059814e-09, 8.98939978011e-10, 1.55015209002e-10, 1.50779763675e-10, 2.03462680731e-12, 1.02673143425e-12, 3.08034956049e-12, 7.68855194355e-13, 3.28747337512e-13, 3.03159813876e-13, 1.6329866875e-13, 1.27006844169e-13, 4.27339201081e-14, 8.14027090855e-16],
        "max": [0.000648542889394, 0.0584639161825, 0.256421744823, 0.0135804098099, 0.0127378599718, 0.0139585714787, 0.00822244677693, 0.00851467996836, 0.00562913576141, 0.00357954762876, 0.0172854661942, 0.0039014716167, 0.00177029415499, 0.000487343029818, 0.000174286367837, 8.2730941358e-05, 0.000105670696939, 9.17022225622e-06, 7.96575295681e-06, 9.53009657678e-06, 5.61577417102e-06, 4.41011889052e-06, 3.05799130729e-06, 2.70462578555e-06, 1.86266061064e-06, 9.18219484447e-07, 1.62062690379e-07],
        "mean": [1.25742226373e-05, 0.0162813253701, 0.0377662479877, 0.00301716988906, 0.0035619942937, 0.00209738360718, 0.00171731668524, 0.00203787861392, 0.00108760909643, 0.000528677017428, 0.000872053264175, 0.000220329879085, 0.000102322788734, 7.87762546679e-05, 5.20950416103e-05, 1.85125663847e-05, 8.58435760165e-06, 1.91326557797e-06, 2.06372806133e-06, 2.59152284343e-06, 1.24440964555e-06, 9.68776248556e-07, 8.15114958641e-07, 4.15079796312e-07, 5.27512725057e-07, 2.59695099203e-07, 5.70859839399e-08],
        "median": [9.92722675619e-07, 0.0125262737274, 0.00618651509285, 0.00212990981527, 0.0027447422035, 0.00044689461356, 0.0012404731242, 0.00111539056525, 0.000830326403957, 0.000181132752914, 0.000469576742034, 0.00010817720613, 6.12220537732e-05, 3.3213840652e-05, 4.72761385026e-05, 1.22435931189e-05, 4.8414090088e-06, 1.34004960728e-06, 1.81366772267e-06, 2.1522971565e-06, 7.46592945688e-07, 6.39638187749e-07, 6.51052744161e-07, 3.24882677205e-07, 4.00979928372e-07, 2.1737432121e-07, 5.31066390863e-08],
        "min": [4.10408809159e-08, 0.000884473964106, 0.00031675939681, 2.67249015451e-05, 6.99403608451e-05, 2.49637487286e-05, 0.000100254910649, 3.45779044437e-05, 2.37832464336e-05, 1.0615030078e-05, 2.63146944235e-06, 1.50494065565e-06, 5.25592724898e-07, 2.75405409411e-06, 1.29304385155e-06, 8.60631587329e-07, 2.17847912154e-07, 1.89926225858e-07, 5.05803861017e-08, 1.10894163186e-07, 8.69910934398e-08, 2.95038873332e-08, 2.61591530659e-08, 1.23010801545e-08, 1.04990824923e-08, 6.16142870058e-09, 2.31561303465e-09],
        "stdev": [7.64014330343e-05, 0.0129528874531, 0.0602052845061, 0.00322120334022, 0.00283839437179, 0.00281992391683, 0.00173188152257, 0.00195096526295, 0.00111952295993, 0.000762412673794, 0.00220948946662, 0.00047580053797, 0.000211220496567, 0.000109271866677, 3.14222706947e-05, 1.77196634468e-05, 1.39003368531e-05, 1.60881450029e-06, 1.42016756399e-06, 1.89947297713e-06, 1.23747736325e-06, 9.15271471058e-07, 5.95039068685e-07, 3.66913752714e-07, 3.83999179121e-07, 1.85134709341e-07, 3.19504103174e-08],
        "var": [5.83717874036e-09, 0.000167777296156, 0.00362467649393, 1.03761503851e-05, 8.05648232927e-06, 7.9519704741e-06, 2.9994137094e-06, 3.80626556762e-06, 1.2533315612e-06, 5.81273127409e-07, 4.881843779e-06, 2.26386148938e-07, 4.46141008581e-08, 1.19403402721e-08, 9.87359194404e-10, 3.13986503464e-10, 1.93219357181e-10, 2.58828418767e-12, 2.0168760325e-12, 3.6079977981e-12, 1.5313501335e-12, 8.37721873207e-13, 3.54071481336e-13, 1.34625709018e-13, 1.47455371481e-13, 3.42748595619e-14, 1.02082875556e-15]
    },
    "erbbands": {
        "dmean": [0.0326264351606, 1.83706331253, 12.7569446564, 5.29518795013, 5.18196487427, 1.82481968403, 6.17340803146, 5.26572036743, 8.25939369202, 10.070690155, 9.22047615051, 6.67714595795, 6.57761001587, 12.3098897934, 18.5225639343, 4.62186908722, 2.26687693596, 1.42142534256, 1.31022882462, 0.617317795753, 0.361618489027, 0.195685580373, 0.0505602583289, 0.0380814634264, 0.0425324216485, 0.045126222074, 0.0340845547616, 0.0181215852499, 0.014594193548, 0.0136515311897, 0.00910681206733, 0.00533566996455, 0.00307043339126, 0.00289823301136, 0.00164308911189, 0.000662908423692, 0.0001568281441, 3.38350982929e-05, 9.84022608463e-06, 1.97294048121e-05],
        "dmean2": [0.0422598943114, 2.08126735687, 12.0772619247, 5.02489757538, 5.86949872971, 2.01162552834, 6.7934718132, 6.22458028793, 9.5370016098, 12.9496259689, 12.9948091507, 7.64500284195, 8.7040309906, 13.7527179718, 27.661781311, 6.82991409302, 2.79160046577, 1.76151573658, 1.75323331356, 0.83609431982, 0.427918165922, 0.249770790339, 0.0668988376856, 0.0545788183808, 0.054955534637, 0.060027975589, 0.048232216388, 0.0257471073419, 0.0203785672784, 0.0218778531998, 0.0137625522912, 0.00877584330738, 0.00484659103677, 0.00436430005357, 0.0026845112443, 0.00108284363523, 0.000246882584179, 5.04502095282e-05, 1.03120064523e-05, 1.88913181773e-05],
        "dvar": [0.00105599081144, 4.10620737076, 432.455047607, 53.0017929077, 51.2008590698, 3.0486137867, 90.5901489258, 99.3603744507, 218.376281738, 174.16746521, 216.546829224, 98.7397689819, 154.151245117, 749.577331543, 4925.67236328, 149.29498291, 34.2181434631, 3.9217581749, 1.91380631924, 0.509687960148, 0.36252579093, 0.191245615482, 0.00589537899941, 0.00286523019895, 0.00229728291743, 0.00477390736341, 0.00171010103077, 0.000607721507549, 0.000277997285593, 0.000188187361346, 0.000119653093861, 4.01795950893e-05, 3.05902649416e-05, 1.14493486763e-05, 4.14836176788e-06, 5.70043312109e-07, 4.22827817204e-08, 1.10657982777e-09, 1.80536335881e-10, 7.90805476658e-10],
        "dvar2": [0.00207608472556, 6.06290197372, 378.598449707, 50.9247932434, 66.9646682739, 5.73664331436, 151.220413208, 173.506866455, 343.993225098, 363.002288818, 545.486633301, 129.914657593, 202.613800049, 779.497375488, 7776.15771484, 303.163757324, 55.8117904663, 5.80316209793, 3.70236849785, 0.882158696651, 0.527517735958, 0.250010937452, 0.00865272339433, 0.00598478363827, 0.0031763354782, 0.0081053301692, 0.00318381469697, 0.0010582045652, 0.000441645417595, 0.000458149181213, 0.000200289025088, 7.24001074559e-05, 7.36580550438e-05, 2.51751007454e-05, 1.03270995169e-05, 1.41145767429e-06, 1.03141616137e-07, 2.34517805175e-09, 2.27125276919e-10, 8.26869350767e-10],
        "max": [0.277225226164, 23.6910362244, 276.634399414, 102.539894104, 77.4595794678, 20.6878604889, 98.6233901978, 89.1382598877, 122.046142578, 113.159851074, 117.966278076, 89.5274200439, 100.410118103, 348.147674561, 672.616088867, 125.375404358, 67.1597900391, 20.6954135895, 13.0961065292, 7.06746053696, 4.73960733414, 4.20586633682, 0.708165466785, 0.423285007477, 0.525475800037, 0.543820858002, 0.305685937405, 0.188172996044, 0.167546972632, 0.0988478288054, 0.0725966617465, 0.0456729196012, 0.0562097579241, 0.0295046251267, 0.0170417781919, 0.00474773207679, 0.00149757391773, 0.00025451235706, 0.000163721095305, 0.000363772647688],
        "mean": [0.0902164727449, 5.60496377945, 43.5426445007, 17.3642368317, 17.0483531952, 6.6863694191, 18.3928222656, 13.7346458435, 21.885591507, 35.619644165, 32.8249778748, 20.4345703125, 17.1529483795, 24.6613941193, 29.9992103577, 7.69174528122, 4.04490995407, 3.81630039215, 3.70512080193, 1.90676665306, 0.897902548313, 0.461556851864, 0.130230084062, 0.104616172612, 0.110328532755, 0.121347717941, 0.0778128802776, 0.0421870164573, 0.0355344675481, 0.0291539859027, 0.0216265060008, 0.011839620769, 0.00644206115976, 0.00606297329068, 0.00360046303831, 0.00144566991366, 0.000419121555751, 8.1265650806e-05, 4.1450610297e-05, 7.62631825637e-05],
        "median": [0.0719712749124, 3.79656338692, 10.8857727051, 7.83113288879, 13.2093477249, 6.27791929245, 12.9465885162, 5.02357196808, 14.5947532654, 26.1336536407, 21.9331989288, 15.7342739105, 5.38776826859, 10.358174324, 14.1663780212, 4.33606290817, 2.5146510601, 1.82529556751, 3.12950086594, 1.72675919533, 0.552704632282, 0.263675838709, 0.0848041027784, 0.0849958434701, 0.0899062082171, 0.094448953867, 0.0596515312791, 0.0254156980664, 0.0232929699123, 0.0227885432541, 0.0179946683347, 0.00935278460383, 0.00521646812558, 0.00476601161063, 0.00265381648205, 0.00112206547055, 0.000375609553885, 7.18646479072e-05, 2.72177021543e-05, 3.95503666368e-05],
        "min": [0.00479314429685, 0.208077311516, 0.633106589317, 0.826584756374, 0.307227641344, 0.181979775429, 0.131243348122, 0.253177970648, 1.23237907887, 1.84165811539, 0.940255343914, 0.472760766745, 0.858154475689, 1.10566985607, 0.105524249375, 0.0457097776234, 0.0300410687923, 0.139954134822, 0.0646147504449, 0.0677730813622, 0.0396374613047, 0.016221171245, 0.0132421730086, 0.00357434991747, 0.00220493832603, 0.00626073544845, 0.00451473426074, 0.00335490796715, 0.00145305518527, 0.000747091369703, 0.000647041539196, 0.000347413355485, 0.000142729651998, 9.9217191746e-05, 9.41320904531e-05, 3.81680001738e-05, 8.46228249429e-06, 1.68092367403e-06, 1.62341598298e-06, 3.05504727294e-06],
        "stdev": [0.065332531929, 5.13982057571, 64.7247467041, 21.8732147217, 16.3217391968, 3.86034727097, 16.7742881775, 17.6290073395, 21.5175991058, 24.0572948456, 25.827375412, 17.6961307526, 24.617816925, 47.5740127563, 86.2475738525, 15.0524339676, 7.90720510483, 4.80035495758, 2.61111831665, 1.23594796658, 0.988631427288, 0.647088050842, 0.125067546964, 0.0793283879757, 0.0824907869101, 0.102372400463, 0.0639684647322, 0.0405432507396, 0.0356123968959, 0.0219590310007, 0.0158728864044, 0.00884671602398, 0.00653853313997, 0.00490474840626, 0.00276350881904, 0.00105454446748, 0.000285198009806, 5.38783351658e-05, 3.45912849298e-05, 7.9243152868e-05],
        "var": [0.00426833936945, 26.417755127, 4189.29248047, 478.4375, 266.399200439, 14.9022817612, 281.37677002, 310.781921387, 463.007080078, 578.753417969, 667.053283691, 313.153076172, 606.03692627, 2263.28686523, 7438.64355469, 226.575759888, 62.5238952637, 23.0434055328, 6.81793832779, 1.52756750584, 0.977392137051, 0.418722957373, 0.0156418904662, 0.00629299273714, 0.00680472981185, 0.0104801077396, 0.00409196456894, 0.00164375524037, 0.00126824283507, 0.0004821990442, 0.000251948513323, 7.82643837738e-05, 4.27524173574e-05, 2.40565550484e-05, 7.63698153605e-06, 1.11206406928e-06, 8.13379017472e-08, 2.9028748294e-09, 1.19655707564e-09, 6.27947782661e-09]
    },
    "gfcc": {
        "mean": [-83.1175537109, 194.907745361, -72.1214981079, -4.74620771408, -41.1915168762, 13.8119783401, -19.6766986847, -1.36888968945, -10.1624164581, -1.19849574566, -15.2133321762, -14.3171348572, -7.56354284286],
        "cov": [[1169.15625, -104.168922424, -21.4532241821, 14.7882204056, 13.3941173553, -22.378528595, 1.82495605946, 28.2752494812, 83.1680984497, 90.5161132812, 1.86471927166, -5.73790216446, -6.09763288498], [-104.168922424, 108.818405151, 45.3590202332, -36.8643760681, 32.0922203064, 8.34639930725, 17.8581237793, -9.00524806976, -14.1297140121, -40.5063095093, 5.63250112534, 3.49588680267, 5.18243169785], [-21.4532241821, 45.3590202332, 274.900360107, 56.8390045166, 21.8436450958, -33.0680503845, -32.3344421387, -6.01215267181, 36.4600753784, 10.2945346832, 1.79877138138, -59.3875198364, -34.5552253723], [14.7882204056, -36.8643760681, 56.8390045166, 93.2110671997, 21.3543930054, -17.3718242645, -1.76880156994, -2.6975543499, 31.3698539734, 22.3956680298, -1.68791508675, -43.3014259338, -22.0561943054], [13.3941173553, 32.0922203064, 21.8436450958, 21.3543930054, 61.2528114319, 10.5762367249, 19.0179729462, 2.75390601158, 4.60147619247, -13.3117332458, 2.87078642845, -12.8969869614, -5.87773799896], [-22.378528595, 8.34639930725, -33.0680503845, -17.3718242645, 10.5762367249, 47.0132217407, 27.8725738525, -10.2324924469, -19.7498855591, -20.3448963165, 5.83059310913, 21.3486862183, 9.50700950623], [1.82495605946, 17.8581237793, -32.3344421387, -1.76880156994, 19.0179729462, 27.8725738525, 52.9368133545, 0.737527012825, 4.58211708069, -12.649430275, -7.11575078964, 9.89255905151, 7.01051998138], [28.2752494812, -9.00524806976, -6.01215267181, -2.6975543499, 2.75390601158, -10.2324924469, 0.737527012825, 41.7114295959, 16.1929569244, 4.92186117172, -8.33567523956, -10.528673172, 6.14002752304], [83.1680984497, -14.1297140121, 36.4600753784, 31.3698539734, 4.60147619247, -19.7498855591, 4.58211708069, 16.1929569244, 63.2001953125, 30.0747528076, -10.7507667542, -19.9741611481, -3.79372859001], [90.5161132812, -40.5063095093, 10.2945346832, 22.3956680298, -13.3117332458, -20.3448963165, -12.649430275, 4.92186117172, 30.0747528076, 43.546131134, -1.02921056747, -14.6320018768, -5.45807123184], [1.86471927166, 5.63250112534, 1.79877138138, -1.68791508675, 2.87078642845, 5.83059310913, -7.11575078964, -8.33567523956, -10.7507667542, -1.02921056747, 31.4500732422, 8.60621738434, -5.06535196304], [-5.73790216446, 3.49588680267, -59.3875198364, -43.3014259338, -12.8969869614, 21.3486862183, 9.89255905151, -10.528673172, -19.9741611481, -14.6320018768, 8.60621738434, 55.0197219849, 18.0428276062], [-6.09763288498, 5.18243169785, -34.5552253723, -22.0561943054, -5.87773799896, 9.50700950623, 7.01051998138, 6.14002752304, -3.79372859001, -5.45807123184, -5.06535196304, 18.0428276062, 23.0511112213]],
        "icov": [[0.00126060645562, 0.00285237957723, -0.000435320835095, 0.00285430205986, -0.0023909243755, 0.00146851176396, -0.00142239173874, 0.00105899816845, -0.0013448895188, -0.000836873834487, -0.00128085305914, 0.00073023873847, -0.000566631206311], [0.00285237957723, 0.0648388639092, -0.0131275430322, 0.0485012605786, -0.0288728717715, 0.041668202728, -0.033487059176, 0.0338178537786, -0.016069477424, 0.0465694926679, -0.0303658209741, 0.0321636125445, -0.0339311137795], [-0.000435320835095, -0.0131275430322, 0.00894315540791, -0.00937335193157, 0.00479841604829, -0.00886095687747, 0.0111996112391, -0.0039719035849, -0.00238702772185, -0.00502069527283, 0.00524618849158, -0.00167180411518, 0.0106835104525], [0.00285430205986, 0.0485012605786, -0.00937335193157, 0.0595955811441, -0.0274090599269, 0.0316495113075, -0.0269734971225, 0.0319830477238, -0.0183211565018, 0.0278738029301, -0.0244514271617, 0.0367958657444, -0.0181247387081], [-0.0023909243755, -0.0288728717715, 0.00479841604829, -0.0274090599269, 0.0396308340132, -0.020879868418, 0.00739124324173, -0.0174905676395, 0.00454518804327, -0.00625823438168, 0.00686005782336, -0.00812661647797, 0.015088445507], [0.00146851176396, 0.041668202728, -0.00886095687747, 0.0316495113075, -0.020879868418, 0.075701199472, -0.0453968159854, 0.0291169080883, -0.000550421769731, 0.0352412872016, -0.0292962677777, 0.0172813665122, -0.0341846384108], [-0.00142239173874, -0.033487059176, 0.0111996112391, -0.0269734971225, 0.00739124324173, -0.0453968159854, 0.0586570911109, -0.0177525449544, -0.0057908189483, -0.0160417556763, 0.0266853887588, -0.0195209961385, 0.0220214426517], [0.00105899816845, 0.0338178537786, -0.0039719035849, 0.0319830477238, -0.0174905676395, 0.0291169080883, -0.0177525449544, 0.05362720415, -0.0185325890779, 0.0296525061131, -0.0168999098241, 0.0312809832394, -0.0322556309402], [-0.0013448895188, -0.016069477424, -0.00238702772185, -0.0183211565018, 0.00454518804327, -0.000550421769731, -0.0057908189483, -0.0185325890779, 0.0438681133091, -0.0348586030304, 0.0137004796416, -0.0138212628663, 0.00302675063722], [-0.000836873834487, 0.0465694926679, -0.00502069527283, 0.0278738029301, -0.00625823438168, 0.0352412872016, -0.0160417556763, 0.0296525061131, -0.0348586030304, 0.0922700613737, -0.030180869624, 0.0321436673403, -0.0263780783862], [-0.00128085305914, -0.0303658209741, 0.00524618849158, -0.0244514271617, 0.00686005782336, -0.0292962677777, 0.0266853887588, -0.0168999098241, 0.0137004796416, -0.030180869624, 0.0591913387179, -0.0298653244972, 0.0326661840081], [0.00073023873847, 0.0321636125445, -0.00167180411518, 0.0367958657444, -0.00812661647797, 0.0172813665122, -0.0195209961385, 0.0312809832394, -0.0138212628663, 0.0321436673403, -0.0298653244972, 0.0648963600397, -0.0379540808499], [-0.000566631206311, -0.0339311137795, 0.0106835104525, -0.0181247387081, 0.015088445507, -0.0341846384108, 0.0220214426517, -0.0322556309402, 0.00302675063722, -0.0263780783862, 0.0326661840081, -0.0379540808499, 0.100512340665]]
    },
    "melbands": {
        "dmean": [0.000853652425576, 0.00483985524625, 0.00105911237188, 0.000217510169023, 0.00019297793915, 0.000130496264319, 0.000134422676638, 0.000112338319013, 7.50433682697e-05, 4.14313544752e-05, 3.46602028003e-05, 4.54425098724e-05, 7.59814138291e-05, 2.04776970349e-05, 8.28456359159e-06, 2.67937411991e-06, 2.87700913759e-06, 2.58354202742e-06, 1.01812702269e-06, 6.3573264697e-07, 4.07157557447e-07, 2.50346204211e-07, 8.05812874205e-08, 4.10376195248e-08, 3.36009229329e-08, 3.24217168668e-08, 2.93668271922e-08, 3.6259688585e-08, 2.8145192843e-08, 1.52999284353e-08, 9.57132684221e-09, 8.6615701278e-09, 8.60341220488e-09, 8.58183746288e-09, 5.61361623852e-09, 5.33474064923e-09, 3.27148708124e-09, 2.29076912994e-09, 2.67265054532e-09, 2.3399349125e-09],
        "dmean2": [0.00103956775274, 0.00474666664377, 0.00103574269451, 0.000248747499427, 0.000214961954043, 0.000146400299855, 0.000159981427714, 0.000148624705616, 0.000103036873043, 4.74393527838e-05, 4.69488368253e-05, 5.23617782164e-05, 0.000111106943223, 3.20815306623e-05, 1.0715031749e-05, 3.41100644619e-06, 3.6027738588e-06, 3.53828636435e-06, 1.48394872213e-06, 8.23264088012e-07, 4.9122661494e-07, 3.16116569365e-07, 1.020046696e-07, 6.01074177098e-08, 4.96913052928e-08, 4.22730757066e-08, 3.92334165156e-08, 5.05256565475e-08, 4.16651246837e-08, 2.21118678922e-08, 1.35118778388e-08, 1.23622667658e-08, 1.3184229708e-08, 1.36466224987e-08, 8.12814437978e-09, 8.61575344402e-09, 5.18747622635e-09, 3.6191205588e-09, 4.18255385881e-09, 3.66144470298e-09],
        "dvar": [7.09858568371e-07, 5.34947503184e-05, 1.56124963269e-06, 7.25845978877e-08, 7.47671293766e-08, 5.98388467665e-08, 4.74089212332e-08, 2.10369233145e-08, 1.47633274494e-08, 4.71811789637e-09, 4.41777681104e-09, 8.54708570586e-09, 7.45987875916e-08, 3.83352682931e-09, 4.34495661672e-10, 2.99385134739e-11, 1.73596033382e-11, 8.35513862957e-12, 1.48440602258e-12, 6.86550046414e-13, 4.82881584111e-13, 3.28523666604e-13, 1.97163164565e-14, 2.72603450975e-15, 2.09536321162e-15, 1.58007347102e-15, 1.20029979049e-15, 2.62017804948e-15, 1.00722170066e-15, 4.14407348963e-16, 1.52870071101e-16, 1.00773230271e-16, 1.06302542236e-16, 7.77738703852e-17, 4.17132591444e-17, 2.96995360819e-17, 1.426837753e-17, 2.3205135952e-17, 1.30342116483e-17, 6.68808447038e-18],
        "dvar2": [1.30440844259e-06, 5.14245184604e-05, 1.56912381044e-06, 8.72885550507e-08, 1.354308381e-07, 9.97980649231e-08, 7.94960826056e-08, 4.1562444153e-08, 3.70309116704e-08, 5.25555865494e-09, 5.82748160838e-09, 8.75409877921e-09, 1.13663148227e-07, 7.75018005328e-09, 7.89526499734e-10, 4.76668357563e-11, 2.49768157545e-11, 1.77550248809e-11, 3.59773495717e-12, 8.55779043549e-13, 7.84763584411e-13, 4.73558258579e-13, 2.79708608976e-14, 4.96352921465e-15, 4.79954194199e-15, 2.02015049755e-15, 1.73197273648e-15, 4.97785974157e-15, 2.24438616496e-15, 7.59738631683e-16, 2.71709270057e-16, 1.48896176324e-16, 2.7373007891e-16, 1.84573230532e-16, 7.39815318268e-17, 6.85022808318e-17, 2.7703481435e-17, 6.05073684532e-17, 3.07461974895e-17, 1.41864519077e-17],
        "max": [0.00789619702846, 0.0964323803782, 0.0173533596098, 0.00307814311236, 0.00287965545431, 0.00215190299787, 0.00159307941794, 0.00146007642616, 0.000866513350047, 0.000652268761769, 0.000544571841601, 0.0011595558608, 0.00267670303583, 0.000571493757889, 0.000234758044826, 6.4270265284e-05, 4.68469515909e-05, 2.66446513706e-05, 1.17754325402e-05, 7.20539810573e-06, 6.53461165712e-06, 5.73949455429e-06, 1.26213399199e-06, 4.19093225901e-07, 3.74993078367e-07, 4.37169831002e-07, 3.23105211919e-07, 3.99475482027e-07, 2.09784403182e-07, 1.61122216014e-07, 1.03577548316e-07, 9.1290971227e-08, 9.82550787398e-08, 6.74409079693e-08, 4.6143057375e-08, 3.82153544365e-08, 2.50772771437e-08, 4.61947280428e-08, 2.51760230441e-08, 2.46700970763e-08],
        "mean": [0.00243605626747, 0.0163016989827, 0.00353314029053, 0.000788030738477, 0.000582380045671, 0.000338263780577, 0.000342251849361, 0.000454517983599, 0.000260144297499, 0.000125551232486, 8.73510580277e-05, 9.53070048126e-05, 0.000125447870232, 2.85955447907e-05, 1.48946801346e-05, 5.16666705153e-06, 7.5055927482e-06, 6.62929642203e-06, 2.98700388157e-06, 1.7489212496e-06, 8.86015186552e-07, 5.28263683464e-07, 1.87165341003e-07, 9.01512606788e-08, 8.22369443654e-08, 7.75490676119e-08, 7.39373930969e-08, 8.67719620601e-08, 5.77120644607e-08, 3.17967376873e-08, 2.04845260754e-08, 1.96986764678e-08, 1.91703062313e-08, 1.53094177335e-08, 1.23005357011e-08, 1.05796811312e-08, 6.0825628978e-09, 4.18588985696e-09, 4.97302155011e-09, 4.82949058522e-09],
        "median": [0.00193432415836, 0.00546301994473, 0.002234286163, 0.000669430883136, 0.000449515937362, 9.11150855245e-05, 0.00024657099857, 0.000326581677655, 0.000176693996764, 9.53611088335e-05, 2.50221310125e-05, 3.68299188267e-05, 6.16610486759e-05, 1.13900896395e-05, 8.43699945108e-06, 3.83162341677e-06, 2.99712587548e-06, 5.45217199033e-06, 2.66794813797e-06, 1.3424800045e-06, 4.84922452415e-07, 2.92347777986e-07, 9.96227171868e-08, 6.97440043496e-08, 6.48742854992e-08, 5.73132865611e-08, 5.79461705286e-08, 6.27657499308e-08, 4.23834976004e-08, 1.7464364177e-08, 1.33511548484e-08, 1.25547225949e-08, 1.34811415364e-08, 1.11962501492e-08, 8.83563444631e-09, 8.69743299603e-09, 4.2069316919e-09, 3.13745829317e-09, 3.38690142598e-09, 3.97319821488e-09],
        "min": [0.000123255231301, 0.000310816452838, 0.000131018416141, 1.97309891519e-05, 4.90688353239e-06, 6.38134861219e-06, 1.91354974959e-05, 1.71131359821e-05, 7.71975010139e-06, 2.64368895841e-06, 3.69383951693e-06, 3.83056612918e-06, 2.89700039957e-07, 1.97646969013e-07, 4.89010680838e-08, 8.21204579893e-08, 2.61943142732e-07, 9.98808928898e-08, 1.10578511681e-07, 5.87861528345e-08, 3.68394985628e-08, 1.52285348776e-08, 1.10902602657e-08, 5.37606226203e-09, 2.61805421786e-09, 1.96398408647e-09, 1.74588754565e-09, 4.40067982055e-09, 2.71438893584e-09, 1.47638135051e-09, 1.66294855664e-09, 1.00886510257e-09, 1.90460702765e-10, 5.0932608131e-10, 3.70400932148e-10, 2.6988572488e-10, 2.06987815776e-10, 9.41773256602e-11, 8.54925644167e-11, 7.80674899725e-11],
        "stdev": [0.00181981013156, 0.0221462678164, 0.00357127562165, 0.000628453621175, 0.000468433659989, 0.000445987534476, 0.000331294431817, 0.000327057496179, 0.00019356032135, 0.000129071660922, 0.000133957117214, 0.000167764548678, 0.000344396277796, 7.04526319169e-05, 2.82762666757e-05, 7.58524447519e-06, 1.07288205982e-05, 5.14617431691e-06, 2.02692513085e-06, 1.40500787893e-06, 1.0942623021e-06, 8.17336854197e-07, 2.26192156561e-07, 7.54248219437e-08, 6.63751507091e-08, 6.62270025487e-08, 5.62655806391e-08, 7.97172958755e-08, 4.60076421405e-08, 3.35032659393e-08, 2.01773477926e-08, 2.07371453342e-08, 1.91623605872e-08, 1.23075087899e-08, 1.00050261409e-08, 7.01082791821e-09, 5.27358201552e-09, 5.09414599392e-09, 4.84408024803e-09, 3.703339857e-09],
        "var": [3.31170872414e-06, 0.00049045716878, 1.27540088215e-05, 3.94953957539e-07, 2.19430106085e-07, 1.9890487124e-07, 1.09756001621e-07, 1.06966609792e-07, 3.74655968471e-08, 1.66594933404e-08, 1.79445081017e-08, 2.81449459294e-08, 1.18608795674e-07, 4.96357310809e-09, 7.99547206221e-10, 5.75359308808e-11, 1.15107590126e-10, 2.64831108432e-11, 4.10842583912e-12, 1.97404701092e-12, 1.19741000969e-12, 6.68039516934e-13, 5.1162894044e-14, 5.68890324321e-15, 4.40566018658e-15, 4.38601622198e-15, 3.16581549827e-15, 6.35484774612e-15, 2.11670314794e-15, 1.12246889758e-15, 4.07125353776e-16, 4.30029204079e-16, 3.67196061824e-16, 1.51474782843e-16, 1.00100553762e-16, 4.91517072726e-17, 2.78106658444e-17, 2.59503217575e-17, 2.3465112201e-17, 1.37147265208e-17]
    },
    "melbands128": {
