{
"lowlevel": {
    "average_loudness": 0.99068403244,
    "barkbands_crest": {
        "dmean": 2.12295436859,
        "dmean2": 2.13998746872,
        "dvar": 18.3989772797,
        "dvar2": 17.2225036621,
        "max": 26.2489852905,
        "mean": 22.6305427551,
        "median": 25.5066452026,
        "min": 3.68742084503,
        "stdev": 6.3720998764,
        "var": 40.6036567688
    },
    "barkbands_flatness_db": {
        "dmean": 0.154837220907,
        "dmean2": 0.280928730965,
        "dvar": 0.0237693283707,
        "dvar2": 0.0335069410503,
        "max": 0.971991479397,
        "mean": 0.716479659081,
        "median": 0.782610177994,
        "min": 0.0419519804418,
        "stdev": 0.244102522731,
        "var": 0.0595860406756
    },
    "barkbands_kurtosis": {
        "dmean": 66.8996658325,
        "dmean2": 121.815086365,
        "dvar": 1239.61657715,
        "dvar2": 5260.82958984,
        "max": 172.64175415,
        "mean": 59.9845237732,
        "median": 43.8818969727,
        "min": -1.57505178452,
        "stdev": 47.7781105042,
        "var": 2282.74780273
    },
    "barkbands_skewness": {
        "dmean": 1.6886882782,
        "dmean2": 2.78737878799,
        "dvar": 2.68732380867,
        "dvar2": 6.53438234329,
        "max": 4.43885135651,
        "mean": -1.85534477234,
        "median": -2.54048109055,
        "min": -3.83791255951,
        "stdev": 2.203083992,
        "var": 4.8535785675
    },
    "barkbands_spread": {
        "dmean": 6.46695995331,
        "dmean2": 6.0024471283,
        "dvar": 500.54888916,
        "dvar2": 387.763153076,
        "max": 108.983009338,
        "mean": 6.93394613266,
        "median": 0.0527305006981,
        "min": 0.028937028721,
        "stdev": 24.9533214569,
        "var": 622.668273926
    },
    "dissonance": {
        "dmean": 0.0423206649721,
        "dmean2": 0.0781885832548,
        "dvar": 0.000913459574804,
        "dvar2": 0.00252570421435,
        "max": 0.488711088896,
        "mean": 0.449215769768,
        "median": 0.461602061987,
        "min": 0.381854534149,
        "stdev": 0.0316383428872,
        "var": 0.00100098468829
    },
    "dynamic_complexity": 0,
    "erbbands_crest": {
        "dmean": 2.38824605942,
        "dmean2": 3.67126703262,
        "dvar": 32.2590751648,
        "dvar2": 49.8153953552,
        "max": 27.242931366,
        "mean": 23.0089607239,
        "median": 26.5227108002,
        "min": 3.15474224091,
        "stdev": 7.66360998154,
        "var": 58.7309150696
    },
    "erbbands_flatness_db": {
        "dmean": 0.102843627334,
        "dmean2": 0.20014603436,
        "dvar": 0.00943008530885,
        "dvar2": 0.0180651582778,
        "max": 0.545834720135,
        "mean": 0.408888608217,
        "median": 0.431444823742,
        "min": 0.0375377088785,
        "stdev": 0.136986836791,
        "var": 0.0187653936446
    },
    "erbbands_kurtosis": {
        "dmean": 57.4154167175,
        "dmean2": 57.9506340027,
        "dvar": 3583.09179688,
        "dvar2": 2586.84375,
        "max": 361.31262207,
        "mean": 259.080596924,
        "median": 318.432922363,
        "min": -0.75781083107,
        "stdev": 127.705352783,
        "var": 16308.65625
    },
    "erbbands_skewness": {
        "dmean": 4.28524875641,
        "dmean2": 7.62958621979,
        "dvar": 6.51166582108,
        "dvar2": 16.3929443359,
        "max": 13.4130573273,
        "mean": 8.83327293396,
        "median": 10.0749912262,
        "min": -0.562942564487,
        "stdev": 4.64146995544,
        "var": 21.5432434082
    },
    "erbbands_spread": {
        "dmean": 7.01120376587,
        "dmean2": 12.7272758484,
        "dvar": 385.043762207,
        "dvar2": 1008.33154297,
        "max": 80.9526062012,
        "mean": 8.11425113678,
        "median": 0.704833984375,
        "min": 0.386947065592,
        "stdev": 21.0608062744,
        "var": 443.557556152
    },
    "hfc": {
        "dmean": 2.16283655167,
        "dmean2": 1.79100286961,
        "dvar": 5.51548480988,
        "dvar2": 5.1426987648,
        "max": 36.7682266235,
        "mean": 17.114358902,
        "median": 18.8273048401,
        "min": 6.61153691794e-08,
        "stdev": 11.0145177841,
        "var": 121.319610596
    },
    "loudness_ebu128": {
        "integrated": -10.2551860809,
        "loudness_range": 0,
        "momentary": {
            "dmean": 0,
            "dmean2": 0,
            "dvar": 0,
            "dvar2": 0,
            "max": -10.2551860809,
            "mean": -10.2551860809,
            "median": -10.2551860809,
            "min": -10.2551860809,
            "stdev": 0,
            "var": 0
        },
        "short_term": {
            "dmean": 0,
            "dmean2": 0,
            "dvar": 0,
            "dvar2": 0,
            "max": -19.0057983398,
            "mean": -19.0057983398,
            "median": -19.0057983398,
            "min": -19.0057983398,
            "stdev": 0,
            "var": 0
        }
    },
    "melbands_crest": {
        "dmean": 1.88800811768,
        "dmean2": 2.06038808823,
        "dvar": 13.2937698364,
        "dvar2": 15.6051912308,
        "max": 34.6628036499,
        "mean": 31.4037952423,
        "median": 34.6156997681,
        "min": 16.438791275,
        "stdev": 5.99529981613,
        "var": 35.9436187744
    },
    "melbands_flatness_db": {
        "dmean": 0.145308166742,
        "dmean2": 0.243067011237,
        "dvar": 0.0269909948111,
        "dvar2": 0.0392771847546,
        "max": 1,
        "mean": 0.842689275742,
        "median": 0.921645522118,
        "min": 0.0737604349852,
        "stdev": 0.256530076265,
        "var": 0.065807685256
    },
    "melbands_kurtosis": {
        "dmean": 16.4848175049,
        "dmean2": 29.1819133759,
        "dvar": 390.533325195,
        "dvar2": 1107.70910645,
        "max": 72.0722045898,
        "mean": 12.0856399536,
        "median": 9.30710983276,
        "min": -0.749667167664,
        "stdev": 15.4797401428,
        "var": 239.622344971
    },
    "melbands_skewness": {
        "dmean": 0.867510199547,
        "dmean2": 1.44481837749,
        "dvar": 2.55230498314,
        "dvar2": 7.16561794281,
        "max": 6.89190196991,
        "mean": 2.35209703445,
        "median": 2.19410562515,
        "min": 0.841379642487,
        "stdev": 1.15719616413,
        "var": 1.33910286427
    },
    "melbands_spread": {
        "dmean": 6.05359792709,
        "dmean2": 6.12018680573,
        "dvar": 521.694030762,
        "dvar2": 498.244262695,
        "max": 102.30796814,
        "mean": 6.11374378204,
        "median": 0.116641126573,
        "min": 0.115663781762,
        "stdev": 23.3572597504,
        "var": 545.561584473
    },
    "pitch_salience": {
        "dmean": 0.0796891972423,
        "dmean2": 0.0852642357349,
        "dvar": 0.026434417814,
        "dvar2": 0.0238881520927,
        "max": 0.797223031521,
        "mean": 0.119268111885,
        "median": 0.00442736549303,
        "min": 0.00179583020508,
        "stdev": 0.242493838072,
        "var": 0.0588032603264
    },
    "silence_rate_20dB": {
        "dmean": 0.117647059262,
        "dmean2": 0.1875,
        "dvar": 0.103806227446,
        "dvar2": 0.15234375,
        "max": 1,
        "mean": 0.444444447756,
        "median": 0,
        "min": 0,
        "stdev": 0.496903985739,
        "var": 0.246913567185
    },
    "silence_rate_30dB": {
        "dmean": 0.0588235296309,
        "dmean2": 0.125,
        "dvar": 0.0553633272648,
        "dvar2": 0.109375,
        "max": 1,
        "mean": 0.222222223878,
        "median": 0,
        "min": 0,
        "stdev": 0.415739685297,
        "var": 0.172839492559
    },
    "silence_rate_60dB": {
        "dmean": 0.0588235296309,
        "dmean2": 0.125,
        "dvar": 0.0553633272648,
        "dvar2": 0.109375,
        "max": 1,
        "mean": 0.111111111939,
        "median": 0,
        "min": 0,
        "stdev": 0.314269691706,
        "var": 0.0987654328346
    },
    "spectral_centroid": {
        "dmean": 220.10609436,
        "dmean2": 225.335418701,
        "dvar": 677240.625,
        "dvar2": 674379.6875,
        "max": 3675.66259766,
        "mean": 267.832275391,
        "median": 51.7930335999,
        "min": 51.5791015625,
        "stdev": 827.296569824,
        "var": 684419.625
    },
    "spectral_complexity": {
        "dmean": 0.0588235296309,
        "dmean2": 0.125,
        "dvar": 0.0553633421659,
        "dvar2": 0.109375,
        "max": 1,
        "mean": 0.111111111939,
        "median": 0,
        "min": 0,
        "stdev": 0.314269661903,
        "var": 0.098765425384
    },
    "spectral_decrease": {
        "dmean": 1.24647909772e-08,
        "dmean2": 9.66515223411e-09,
        "dvar": 2.81915461206e-16,
        "dvar2": 3.52325048476e-16,
        "max": -8.86353804853e-19,
        "mean": -7.8735496345e-08,
        "median": -9.14482711778e-08,
        "min": -1.42859647667e-07,
        "stdev": 4.68727634484e-08,
        "var": 2.19705608144e-15
    },
    "spectral_energy": {
        "dmean": 0.0472281835973,
        "dmean2": 0.0365748554468,
        "dvar": 0.0040186047554,
        "dvar2": 0.00504541350529,
        "max": 0.542409539223,
        "mean": 0.298717975616,
        "median": 0.346769869328,
        "min": 9.34217286863e-12,
        "stdev": 0.177786484361,
        "var": 0.0316080339253
    },
    "spectral_energyband_high": {
        "dmean": 2.37179847318e-07,
        "dmean2": 4.13009558997e-07,
        "dvar": 6.45532550483e-14,
        "dvar2": 1.46533406611e-13,
        "max": 1.16048749987e-06,
        "mean": 1.90598370864e-07,
        "median": 7.30178015829e-08,
        "min": 4.66239720442e-12,
        "stdev": 2.73278772056e-07,
        "var": 7.46812822087e-14
    },
    "spectral_energyband_low": {
        "dmean": 0.0502417124808,
        "dmean2": 0.0397791229188,
        "dvar": 0.00545044708997,
        "dvar2": 0.00682323984802,
        "max": 0.542364180088,
        "mean": 0.295808583498,
        "median": 0.346720248461,
        "min": 2.00957306351e-12,
        "stdev": 0.178418338299,
        "var": 0.031833101064
    },
    "spectral_energyband_middle_high": {
        "dmean": 8.33544345369e-06,
        "dmean2": 9.56191615842e-06,
        "dvar": 9.08366382113e-10,
        "dvar2": 9.77324887685e-10,
        "max": 0.000129077379825,
        "mean": 7.71735722083e-06,
        "median": 3.1765591757e-07,
        "min": 1.19400138648e-12,
        "stdev": 2.94404271699e-05,
        "var": 8.66738791849e-10
    },
    "spectral_energyband_middle_low": {
        "dmean": 0.0050098830834,
        "dmean2": 0.00531442975625,
        "dvar": 0.000399578624638,
        "dvar2": 0.000421269447543,
        "max": 0.0851353406906,
        "mean": 0.00474108709022,
        "median": 1.95865777641e-06,
        "min": 6.19344636341e-13,
        "stdev": 0.0194985084236,
        "var": 0.000380191806471
    },
    "spectral_entropy": {
        "dmean": 0.732005536556,
        "dmean2": 0.781368076801,
        "dvar": 0.934231221676,
        "dvar2": 0.557958960533,
        "max": 8.96274280548,
        "mean": 3.10006070137,
        "median": 2.27379894257,
        "min": 1.91253769398,
        "stdev": 1.91160821915,
        "var": 3.65424609184
    },
    "spectral_flux": {
        "dmean": 0.069019779563,
        "dmean2": 0.0836376026273,
        "dvar": 0.011310774833,
        "dvar2": 0.0182643160224,
        "max": 0.69317138195,
        "mean": 0.127262279391,
        "median": 0.0292609892786,
        "min": 0.000253730657278,
        "stdev": 0.190785646439,
        "var": 0.0363991633058
    },
    "spectral_kurtosis": {
        "dmean": 415.959503174,
        "dmean2": 796.253540039,
        "dvar": 186591.703125,
        "dvar2": 581902.0625,
        "max": 1345.28540039,
        "mean": 299.602508545,
        "median": 136.92590332,
        "min": 3.3151974678,
        "stdev": 365.315246582,
        "var": 133455.21875
    },
    "spectral_rms": {
        "dmean": 0.00173074682243,
        "dmean2": 0.00111556262709,
        "dvar": 4.27801069236e-06,
        "dvar2": 3.65597247765e-06,
        "max": 0.0230039134622,
        "mean": 0.015288178809,
        "median": 0.0183919146657,
        "min": 9.54689198807e-08,
        "stdev": 0.00759629998356,
        "var": 5.77037753828e-05
    },
    "spectral_rolloff": {
        "dmean": 925.927734375,
        "dmean2": 964.956665039,
        "dvar": 13013609,
        "dvar2": 13274210,
        "max": 15697.7050781,
        "mean": 955.834960938,
        "median": 64.599609375,
        "min": 64.599609375,
        "stdev": 3576.05444336,
        "var": 12788166
    },
    "spectral_skewness": {
        "dmean": 9.54940700531,
        "dmean2": 18.2265892029,
        "dvar": 69.8257446289,
        "dvar2": 213.171203613,
        "max": 32.9829216003,
        "mean": 13.5496940613,
        "median": 10.8268737793,
        "min": 1.59920537472,
        "stdev": 8.14593791962,
        "var": 66.356300354
    },
    "spectral_spread": {
        "dmean": 1997789.125,
        "dmean2": 4074590.25,
        "dvar": 8.81468532326e+12,
        "dvar2": 1.7361755177e+13,
        "max": 14736857,
        "mean": 2778003,
        "median": 1461732.75,
        "min": 156116.796875,
        "stdev": 4135468.75,
        "var": 1.7102101545e+13
    },
    "spectral_strongpeak": {
        "dmean": 0.148398593068,
        "dmean2": 0.0943344458938,
        "dvar": 0.0333853289485,
        "dvar2": 0.0167304109782,
        "max": 1.65078091621,
        "mean": 1.11141359806,
        "median": 1.38081550598,
        "min": 0,
        "stdev": 0.574551343918,
        "var": 0.330109268427
    },
    "zerocrossingrate": {
        "dmean": 0.0287224259228,
        "dmean2": 0.0440673828125,
        "dvar": 0.00720434263349,
        "dvar2": 0.0121208876371,
        "max": 0.48486328125,
        "mean": 0.071994356811,
        "median": 0.00244140625,
        "min": 0.001953125,
        "stdev": 0.156338244677,
        "var": 0.024441646412
    },
    "barkbands": {
        "dmean": [0.00285637471825, 0.058645889163, 0.00795266404748, 0.0032546131406, 0.00148407672532, 0.000197414206923, 4.82641044073e-05, 1.5504003386e-05, 9.00262330106e-06, 3.78102276954e-06, 1.89558431885e-06, 1.29777413349e-06, 7.65641289036e-07, 4.62071881202e-07, 3.2065548794e-07, 2.12327080362e-07, 1.47661538108e-07, 1.08659833131e-07, 8.25789783221e-08, 6.19191382611e-08, 4.95001764023e-08, 3.71677195687e-08, 2.85009225109e-08, 2.52518450594e-08, 2.3084488987e-08, 2.18116014139e-08, 2.2797067345e-08],
        "dmean2": [0.00344898435287, 0.0491326600313, 0.00788647960871, 0.00344854546711, 0.00157680816483, 0.000210260113818, 5.1615650591e-05, 1.66972477018e-05, 9.77895888354e-06, 4.16328839492e-06, 2.1191747237e-06, 1.47807907069e-06, 8.93438141247e-07, 5.55903341137e-07, 3.97795076879e-07, 2.74429908131e-07, 1.98182092959e-07, 1.53282087467e-07, 1.21885690874e-07, 9.60941832773e-08, 8.0655084389e-08, 6.32940597711e-08, 5.0332381818e-08, 4.59523761265e-08, 4.29712549987e-08, 4.12830694074e-08, 4.35222808903e-08],
        "dvar": [1.67264624906e-05, 0.0115968678147, 0.000875916855875, 0.000168437851244, 3.51736343873e-05, 6.19835020643e-07, 3.66846144573e-08, 3.7196912217e-09, 1.22770160704e-09, 2.09114989214e-10, 5.046540269e-11, 2.2478350778e-11, 7.28895589719e-12, 2.41426518534e-12, 1.0488836362e-12, 3.95335077608e-13, 1.63455512146e-13, 7.00100716874e-14, 3.14382952993e-14, 1.27162752442e-14, 5.49487510004e-15, 2.02191910235e-15, 7.94322510463e-16, 4.46877589373e-16, 3.03776402192e-16, 2.48388811892e-16, 2.66946747901e-16],
        "dvar2": [2.05608666874e-05, 0.0145771317184, 0.000797712127678, 0.000177259513293, 3.71988462575e-05, 6.56133920529e-07, 3.8864367724e-08, 3.94570331963e-09, 1.30437582957e-09, 2.22823412499e-10, 5.39540703781e-11, 2.41414232355e-11, 7.88034654892e-12, 2.63538908578e-12, 1.15832007614e-12, 4.45120828217e-13, 1.88325131314e-13, 8.41293180953e-14, 3.9900171383e-14, 1.77065817114e-14, 8.83434357569e-15, 3.98361670324e-15, 1.99424590069e-15, 1.42234206607e-15, 1.14241853519e-15, 1.01583242584e-15, 1.11604161158e-15],
        "max": [0.026230705902, 0.527322590351, 0.135117456317, 0.0553237348795, 0.0252178702503, 0.00334722618572, 0.000814578437712, 0.000259560416453, 0.000149241488543, 6.16691686446e-05, 3.0342145692e-05, 2.02880473807e-05, 1.15842631203e-05, 6.69144583298e-06, 4.42848022431e-06, 2.73552609542e-06, 1.77056472239e-06, 1.17037325253e-06, 7.92785954218e-07, 5.11052746788e-07, 3.40331013149e-07, 2.07261763308e-07, 1.27202611111e-07, 8.88708768798e-08, 6.40268211782e-08, 4.89498397371e-08, 5.2220912039e-08],
        "mean": [0.0142703335732, 0.271684855223, 0.00801483914256, 0.00308247748762, 0.00140228366945, 0.000186417528312, 4.55256376881e-05, 1.46003021655e-05, 8.4599123511e-06, 3.53978293788e-06, 1.76762614501e-06, 1.20377887924e-06, 7.0538305863e-07, 4.21890632651e-07, 2.90021091587e-07, 1.89613274415e-07, 1.30196156078e-07, 9.42180236052e-08, 7.04339839785e-08, 5.18595193455e-08, 4.07266078639e-08, 3.00888167715e-08, 2.2774472086e-08, 1.99703169557e-08, 1.80854637932e-08, 1.69149316775e-08, 1.7697793453e-08],
        "median": [0.0181773789227, 0.327728927135, 1.72974500856e-06, 3.4418653172e-07, 6.34738171357e-07, 3.65464131846e-07, 1.88029304127e-07, 1.12671592944e-07, 1.02060994323e-07, 6.61359891296e-08, 4.78160799844e-08, 4.45862440301e-08, 3.59730627508e-08, 2.90997004271e-08, 2.54502339203e-08, 2.18921023531e-08, 1.8394100465e-08, 1.69211151757e-08, 1.52573473855e-08, 1.3573959734e-08, 1.26178578697e-08, 1.07110906811e-08, 9.21961706979e-09, 8.99208174587e-09, 8.63538307527e-09, 8.29894197807e-09, 8.95760443598e-09],
        "min": [1.16559518114e-12, 1.08538004973e-12, 2.78309737452e-13, 1.37762739584e-13, 8.11627105584e-14, 3.17586397718e-14, 1.15557750543e-13, 1.00878513713e-13, 1.19126903437e-13, 7.31257637993e-14, 8.66416788032e-14, 8.30401014878e-14, 1.74041757026e-13, 3.18851492247e-14, 8.81180640066e-14, 1.3095984529e-13, 1.24768047998e-13, 2.92424748695e-13, 6.57142864972e-14, 1.33863392918e-13, 2.11324474629e-13, 4.4588594969e-13, 2.19550980586e-13, 5.76995374223e-13, 8.04756380892e-13, 1.23957495744e-12, 1.17820087454e-12],
        "stdev": [0.00938767939806, 0.177376955748, 0.0308968313038, 0.0126704163849, 0.00577612919733, 0.000766608922277, 0.000186522927834, 5.94118791923e-05, 3.41450504493e-05, 1.40990123327e-05, 6.93093670634e-06, 4.62940624857e-06, 2.6394179713e-06, 1.52162260747e-06, 1.00492979982e-06, 6.18907733951e-07, 3.99437226406e-07, 2.63036412207e-07, 1.77652040634e-07, 1.14398211792e-07, 7.65966845506e-08, 4.76333923416e-08, 3.06879215373e-08, 2.35114132607e-08, 1.94465616943e-08, 1.73456022878e-08, 1.77956440695e-08],
        "var": [8.81285304786e-05, 0.0314625836909, 0.000954614137299, 0.000160539450007, 3.33636671712e-05, 5.87689214626e-07, 3.47908049037e-08, 3.52977136409e-09, 1.16588438903e-09, 1.98782143523e-10, 4.80378826995e-11, 2.14314035268e-11, 6.96652674784e-12, 2.31533520655e-12, 1.00988379985e-12, 3.8304675729e-13, 1.59550107501e-13, 6.91881583493e-14, 3.15602477149e-14, 1.30869512614e-14, 5.8670520597e-15, 2.26893995603e-15, 9.41748594933e-16, 5.52786565691e-16, 3.78168764851e-16, 3.00869940983e-16, 3.16684919611e-16]
    },
    "erbbands": {
        "dmean": [2.78439831734, 12.6688232422, 7.95513296127, 11.2955703735, 7.68115854263, 4.13795137405, 2.33245968819, 1.43938922882, 0.862410604954, 0.495831251144, 0.304727852345, 0.211244910955, 0.14512604475, 0.0983494669199, 0.0712819769979, 0.0501919016242, 0.0366822183132, 0.0265265200287, 0.0196455903351, 0.0145729109645, 0.0109244845808, 0.00826617330313, 0.00630448199809, 0.00484664691612, 0.00375739624724, 0.00291625712998, 0.00227194721811, 0.00176440714858, 0.00136560027022, 0.00104188651312, 0.000782848626841, 0.0005702895578, 0.000399485783419, 0.000264921254711, 0.000161961637787, 8.8714332378e-05, 4.10341854149e-05, 1.42824655995e-05, 2.0351524654e-05, 5.0783273764e-05],
        "dmean2": [1.84493088722, 13.8800411224, 5.62437486649, 11.7602186203, 8.14158821106, 4.39560222626, 2.48111271858, 1.53343629837, 0.920908033848, 0.531678617001, 0.328679472208, 0.229289665818, 0.158900529146, 0.108993113041, 0.0799948647618, 0.0573232062161, 0.0426923260093, 0.031618155539, 0.0240269135684, 0.0183599088341, 0.0142145948485, 0.0111307380721, 0.00879853591323, 0.00701448693871, 0.00563286663964, 0.0045274249278, 0.00364189362153, 0.00291487108916, 0.002314589452, 0.00180757499766, 0.00138193741441, 0.00102059147321, 0.000720805430319, 0.000480541813886, 0.000294198282063, 0.000160549927386, 7.41501426091e-05, 2.67707073363e-05, 1.97056451725e-05, 3.94589624193e-05],
        "dvar": [14.4172306061, 569.713195801, 464.975006104, 1949.98852539, 938.032104492, 273.137115479, 86.7213973999, 32.9203109741, 11.7506895065, 3.84468388557, 1.43124508858, 0.677010774612, 0.312489539385, 0.139035671949, 0.0706058964133, 0.0333356074989, 0.0168536044657, 0.00819040089846, 0.00413062050939, 0.00204801606014, 0.00101751589682, 0.000504407973494, 0.000248235824984, 0.000121213961393, 5.91112911934e-05, 2.80939293589e-05, 1.32706891236e-05, 6.10890720054e-06, 2.81780103251e-06, 1.25525434669e-06, 5.5411487665e-07, 2.31837901765e-07, 9.1946567693e-08, 3.35295595733e-08, 1.06080673135e-08, 2.91762169979e-09, 6.65608568262e-10, 9.63952251354e-11, 7.19333315136e-10, 4.60435112259e-09],
        "dvar2": [6.86690044403, 1193.88269043, 187.552947998, 1985.14038086, 988.013671875, 288.746917725, 91.7570419312, 34.8459472656, 12.4440050125, 4.07485628128, 1.51849389076, 0.719147086143, 0.332553744316, 0.148340255022, 0.0755496323109, 0.0358250290155, 0.0182054396719, 0.00891240872443, 0.00453582871705, 0.00227684364654, 0.00114987313282, 0.000582563516218, 0.000295173173072, 0.000149872168549, 7.68977333792e-05, 3.91568682971e-05, 2.01856764761e-05, 1.0400111023e-05, 5.45567991139e-06, 2.8286081033e-06, 1.46045442762e-06, 7.22308641343e-07, 3.3707590319e-07, 1.41057498126e-07, 4.99551155997e-08, 1.40070302024e-08, 2.83923062838e-09, 4.27155089078e-10, 7.01583124929e-10, 5.76789327411e-09],
        "max": [23.8689861298, 117.135993958, 135.237243652, 192.024688721, 130.576660156, 70.3103408813, 39.6022491455, 24.3998794556, 14.580283165, 8.34306907654, 5.09348249435, 3.5052587986, 2.38336014748, 1.59174954891, 1.13576996326, 0.78189432621, 0.557156443596, 0.389541983604, 0.277575701475, 0.196296080947, 0.139080002904, 0.0985264480114, 0.069617331028, 0.0490456819534, 0.0345455817878, 0.0240406729281, 0.0166990514845, 0.0114500820637, 0.00784523226321, 0.00526784034446, 0.0035181005951, 0.00228659366257, 0.00145833415445, 0.000914597243536, 0.000583232496865, 0.00039614122943, 0.000218487650272, 4.02494843001e-05, 0.000238604174228, 0.000584890483879],
        "mean": [13.0550346375, 40.0057296753, 14.0523252487, 11.1234121323, 7.30933570862, 3.92081356049, 2.20775437355, 1.36131966114, 0.815090656281, 0.46820551157, 0.287431567907, 0.198967009783, 0.136399060488, 0.092183150351, 0.0666056275368, 0.0466979444027, 0.0339658372104, 0.0244107749313, 0.0179522112012, 0.0132064027712, 0.00980573520064, 0.00733945844695, 0.00552973430604, 0.00419266987592, 0.00320233288221, 0.00244964193553, 0.00190111272968, 0.00148174725473, 0.00116422725841, 0.000913809984922, 0.000719934643712, 0.000564954651054, 0.000442334130639, 0.000343958265148, 0.000260973232798, 0.000185583354323, 0.00010568714788, 1.57114900503e-05, 0.000133160239784, 0.000322059146129],
        "median": [16.0238456726, 43.9421424866, 5.26315593719, 0.317515671253, 0.047681979835, 0.0149534679949, 0.00776824448258, 0.0054761627689, 0.00455145630985, 0.00404862314463, 0.00349454418756, 0.00306666409597, 0.00266047706828, 0.00240538618527, 0.00221516028978, 0.00204032147303, 0.00187295139767, 0.00171243515797, 0.00155625550542, 0.00140877370723, 0.00126597646158, 0.00112951826304, 0.000999403418973, 0.00087402848294, 0.000755435554311, 0.000650050118566, 0.000580652034841, 0.000520515430253, 0.000481831666548, 0.000447980826721, 0.000417592760641, 0.000382680096664, 0.000342600920703, 0.000301375315757, 0.000252237048699, 0.000198306661332, 0.000117376344861, 1.27939911181e-05, 0.000154394685524, 0.00037366070319],
        "min": [4.94050321487e-11, 1.82547532646e-10, 3.35438704591e-10, 4.22113982657e-10, 4.06001454678e-10, 2.1112749049e-10, 1.38360323199e-10, 3.25999088835e-10, 1.21785226348e-09, 2.1859689614e-09, 2.28838370475e-09, 2.61851829109e-09, 2.81707235317e-09, 2.66367150559e-09, 2.877903027e-09, 4.33782965104e-09, 8.12876788103e-09, 2.45370412877e-09, 3.18730974946e-09, 8.06983102564e-09, 4.14999812293e-09, 7.76461206442e-09, 1.76677890096e-08, 6.07472294689e-09, 3.35196692625e-09, 7.60059304383e-09, 3.94286381322e-09, 1.46905021481e-08, 1.81038632974e-08, 6.46989306574e-09, 7.66635643856e-09, 6.92563872917e-09, 1.30285036093e-08, 1.05412718554e-08, 4.07845490713e-09, 3.33707617095e-09, 2.84573586917e-09, 8.82759365606e-10, 1.42392278524e-10, 1.90647567178e-11],
        "stdev": [8.63535308838, 29.0166835785, 31.2915534973, 43.8842048645, 29.8968334198, 16.1018314362, 9.06949806213, 5.58767271042, 3.33855271339, 1.90994048119, 1.16564714909, 0.801905453205, 0.544984281063, 0.363720118999, 0.259337604046, 0.178345873952, 0.126934245229, 0.0886083543301, 0.0630282610655, 0.0444767065346, 0.0314359404147, 0.0222104303539, 0.0156504232436, 0.0109981643036, 0.00773337902501, 0.00538033246994, 0.00374435749836, 0.0025838217698, 0.0017926802393, 0.00123169505969, 0.000851106247865, 0.000582707114518, 0.000398834847147, 0.000273016834399, 0.000184708580491, 0.000121048840811, 6.62727543386e-05, 1.28787532958e-05, 7.90485355537e-05, 0.000191605009604],
        "var": [74.5693283081, 841.967895508, 979.161376953, 1925.82336426, 893.820678711, 259.268951416, 82.2557983398, 31.2220859528, 11.1459341049, 3.64787244797, 1.35873329639, 0.643052339554, 0.297007888556, 0.132292315364, 0.0672559961677, 0.0318072512746, 0.0161123033613, 0.00785144045949, 0.00397256202996, 0.00197817734443, 0.000988218234852, 0.000493303232361, 0.000244935770752, 0.000120959608466, 5.98051519773e-05, 2.89479794446e-05, 1.40202137118e-05, 6.67613448968e-06, 3.21370248457e-06, 1.51707274654e-06, 7.24381891359e-07, 3.3954759715e-07, 1.59069230676e-07, 7.45381925071e-08, 3.41172601281e-08, 1.46528220668e-08, 4.39207825664e-09, 1.65862282242e-10, 6.24867135812e-09, 3.67124819434e-08]
    },
    "gfcc": {
        "mean": [-390.467163086, 121.946640015, 30.5221157074, 51.5365562439, 26.750995636, 32.7736053467, 18.2913970947, 15.7457933426, 11.5752344131, 3.02527093887, 5.36935997009, -4.27685117722, 2.40203046799],
        "cov": [[47481.5898438, 9713.45214844, 3591.05371094, 2172.41992188, 2981.58837891, 524.19921875, 1705.29064941, -169.633239746, 987.087768555, -247.657836914, 1029.9465332, -480.41027832, 852.877075195], [9713.45214844, 2577.5, 1022.80377197, 366.587799072, 511.205535889, -24.3453292847, 224.177398682, -180.883163452, 110.889213562, -144.196868896, 153.477615356, -158.550872803, 158.464294434], [3591.05371094, 1022.80377197, 1471.29870605, 505.90435791, 772.315917969, 325.67779541, 411.117706299, 107.227722168, 271.314422607, 30.1305751801, 221.934860229, -30.6796092987, 193.689880371], [2172.41992188, 366.587799072, 505.90435791, 270.061279297, 381.938812256, 183.920455933, 244.779159546, 94.0817489624, 160.111251831, 46.8410415649, 127.050697327, 3.33577871323, 97.0614547729], [2981.58837891, 511.205535889, 772.315917969, 381.938812256, 568.227539062, 268.813201904, 353.996734619, 136.848434448, 236.874908447, 63.5080490112, 188.395339966, 3.5009496212, 145.05871582], [524.19921875, -24.3453292847, 325.67779541, 183.920455933, 268.813201904, 166.722808838, 185.4581604, 108.098350525, 129.426101685, 61.9265136719, 94.176322937, 26.3131504059, 67.3345947266], [1705.29064941, 224.177398682, 411.117706299, 244.779159546, 353.996734619, 185.4581604, 245.118621826, 109.926849365, 167.136672974, 60.3847885132, 129.034042358, 15.7697067261, 95.0746917725], [-169.633239746, -180.883163452, 107.227722168, 94.0817489624, 136.848434448, 108.098350525, 109.926849365, 84.3788757324, 80.0889511108, 52.8519897461, 54.3314094543, 29.4339618683, 34.6509513855], [987.087768555, 110.889213562, 271.314422607, 160.111251831, 236.874908447, 129.426101685, 167.136672974, 80.0889511108, 117.127052307, 45.0272254944, 89.3361129761, 14.6953248978, 65.2743911743], [-247.657836914, -144.196868896, 30.1305751801, 46.8410415649, 63.5080490112, 61.9265136719, 60.3847885132, 52.8519897461, 45.0272254944, 36.5404815674, 29.5977745056, 22.4063205719, 18.0181427002], [1029.9465332, 153.477615356, 221.934860229, 127.050697327, 188.395339966, 94.176322937, 129.034042358, 54.3314094543, 89.3361129761, 29.5977745056, 70.5824203491, 6.9526348114, 52.759677887], [-480.41027832, -158.550872803, -30.6796092987, 3.33577871323, 3.5009496212, 26.3131504059, 15.7697067261, 29.4339618683, 14.6953248978, 22.4063205719, 6.9526348114, 17.0736522675, 2.00385951996], [852.877075195, 158.464294434, 193.689880371, 97.0614547729, 145.05871582, 67.3345947266, 95.0746917725, 34.6509513855, 65.2743911743, 18.0181427002, 52.759677887, 2.00385951996, 41.0414886475]],
        "icov": [[0.00210539228283, 0.113386914134, 0.238408073783, 0.257643252611, 0.307629793882, -2.43937683105, 0.0872934386134, 2.30099964142, 1.04443120956, -1.08602881432, -0.486472666264, 2.11101198196, -2.10809755325], [0.113386914134, 42.3148460388, 52.3198814392, 105.318267822, 8.00795269012, -615.021118164, 57.1943511963, 872.406799316, 233.14012146, -666.474121094, -365.812072754, 704.488952637, -192.395080566], [0.238408073783, 52.3198814392, 103.289085388, 118.453895569, -18.9121360779, -897.885131836, 270.766815186, 1150.65588379, 67.122177124, -1065.22192383, 14.030538559, 1231.46594238, -750.601074219], [0.257643252611, 105.318267822, 118.453895569, 610.406799316, 503.75793457, -2585.58618164, -848.135498047, 2344.97485352, 2316.65380859, -601.26751709, -2425.78271484, 1524.50646973, -344.761230469], [0.307629793882, 8.00795269012, -18.9121360779, 503.75793457, 955.41027832, -1841.3326416, -1836.25744629, 150.282302856, 3200.1184082, 2415.23364258, -2689.11010742, -796.820251465, -22.5446510315], [-2.43937683105, -615.021118164, -897.885131836, -2585.58618164, -1841.3326416, 13279.0654297, 1891.02966309, -13299.9316406, -8700.02636719, 6265.07617188, 8462.70898438, -10569.0673828, 5071.24658203], [0.0872934386134, 57.1943511963, 270.766815186, -848.135498047, -1836.25744629, 1891.02966309, 4268.9765625, 1356.33874512, -6378.20166016, -6361.88623047, 6202.69189453, 3957.90405273, -2371.21923828], [2.30099964142, 872.406799316, 1150.65588379, 2344.97485352, 150.282302856, -13299.9316406, 1356.33874512, 18437.3730469, 4776.32275391, -14437.6025391, -7152.19287109, 15496.4472656, -4631.9765625], [1.04443120956, 233.14012146, 67.122177124, 2316.65380859, 3200.1184082, -8700.02636719, -6378.20166016, 4776.32275391, 12360.5410156, 4993.04003906, -12295.0546875, -24.0908145905, 944.278015137], [-1.08602881432, -666.474121094, -1065.22192383, -601.26751709, 2415.23364258, 6265.07617188, -6361.88623047, -14437.6025391, 4993.04003906, 18560.5078125, -2455.54614258, -15641.8955078, 4987.62744141], [-0.486472666264, -365.812072754, 14.0305395126, -2425.78271484, -2689.11010742, 8462.70898438, 6202.69189453, -7152.19287109, -12295.0546875, -2455.54614258, 14822.6601562, -561.844848633, -4011.64257812], [2.11101198196, 704.488952637, 1231.46594238, 1524.50646973, -796.820251465, -10569.0673828, 3957.90405273, 15496.4472656, -24.0908107758, -15641.8955078, -561.844848633, 16248.2822266, -7442.46386719], [-2.10809755325, -192.395080566, -750.601074219, -344.761230469, -22.5446529388, 5071.24658203, -2371.21923828, -4631.9765625, 944.278015137, 4987.62744141, -4011.64257812, -7442.46386719, 8136.65722656]]
    },
    "melbands": {
        "dmean": [0.019202625379, 0.00482663931325, 0.00184297689702, 0.000398352392949, 9.49602836045e-05, 3.25806904584e-05, 1.22861047203e-05, 4.83906342197e-06, 2.27518830798e-06, 1.25267104067e-06, 6.99941836046e-07, 4.02236906893e-07, 2.52294455549e-07, 1.58855115728e-07, 1.02685632442e-07, 6.92458357321e-08, 4.65496619029e-08, 3.2520048876e-08, 2.27885319504e-08, 1.64516649193e-08, 1.19273941834e-08, 8.80707506923e-09, 6.58934640185e-09, 4.98700947205e-09, 3.81960774121e-09, 2.96782398657e-09, 2.32281616164e-09, 1.83840542789e-09, 1.47061018918e-09, 1.18656340309e-09, 9.64801016856e-10, 7.94848964425e-10, 6.55967669072e-10, 5.47862755162e-10, 4.61384763728e-10, 3.89907911513e-10, 3.3204766714e-10, 2.8447777467e-10, 2.46914211299e-10, 2.14323961356e-10],
        "dmean2": [0.0151595138013, 0.00657141301781, 0.00193174532615, 0.000423196848715, 0.00010102950182, 3.47146051354e-05, 1.31258129841e-05, 5.19446484759e-06, 2.45697447099e-06, 1.36108747029e-06, 7.66997970914e-07, 4.45640267799e-07, 2.82519266648e-07, 1.80351150902e-07, 1.18442137875e-07, 8.11678688706e-08, 5.56695241016e-08, 3.96661157254e-08, 2.84492411851e-08, 2.10017176983e-08, 1.56148871611e-08, 1.18233831614e-08, 9.07640362868e-09, 7.05102021215e-09, 5.54302426181e-09, 4.41399228279e-09, 3.54157547733e-09, 2.87007950739e-09, 2.34697195012e-09, 1.93413107752e-09, 1.60459256993e-09, 1.34401090257e-09, 1.12876064051e-09, 9.56613788183e-10, 8.15751688421e-10, 6.97962132534e-10, 6.00968830256e-10, 5.19942811028e-10, 4.54544124562e-10, 3.97833072041e-10],
        "dvar": [0.00102241372224, 8.43250527396e-05, 5.27730007889e-05, 2.53461575994e-06, 1.43804697927e-07, 1.68669842537e-08, 2.38293829113e-09, 3.65369345889e-10, 7.95718421709e-11, 2.37510549422e-11, 7.25621689471e-12, 2.32838704914e-12, 8.90139253539e-13, 3.39763455001e-13, 1.35688864116e-13, 5.88239174168e-14, 2.49775210009e-14, 1.14313779322e-14, 5.18172151373e-15, 2.48814805937e-15, 1.18501275162e-15, 5.81066031185e-16, 2.89371389314e-16, 1.45703034166e-16, 7.42654466828e-17, 3.87984764979e-17, 2.0245629304e-17, 1.07232187366e-17, 5.7852201405e-18, 3.14499631682e-18, 1.72902854425e-18, 9.94520284448e-19, 5.64210228149e-19, 3.34467688951e-19, 2.05371743325e-19, 1.27420336199e-19, 8.1816886752e-20, 5.41605456422e-20, 3.81966512912e-20, 2.68029718298e-20],
        "dvar2": [0.000831053534057, 0.000205778225791, 5.43106871191e-05, 2.68034227702e-06, 1.52216486526e-07, 1.78567702847e-08, 2.52409404489e-09, 3.87356202669e-10, 8.44487396678e-11, 2.52366374326e-11, 7.72404622901e-12, 2.48423417254e-12, 9.52034241372e-13, 3.64615672724e-13, 1.462110462e-13, 6.36805807196e-14, 2.72103608363e-14, 1.25407352891e-14, 5.73756528602e-15, 2.78370368917e-15, 1.34384762873e-15, 6.69653977825e-16, 3.4010683644e-16, 1.7544351238e-16, 9.21217085392e-17, 4.98226797896e-17, 2.71560218728e-17, 1.51453544154e-17, 8.67173802553e-18, 5.06220514171e-18, 3.02094693549e-18, 1.88653303867e-18, 1.18258631076e-18, 7.72197917237e-19, 5.20012417057e-19, 3.55261070846e-19, 2.49221479401e-19, 1.78867079966e-19, 1.3278957848e-19, 9.89091911678e-20],
        "max": [0.168059557676, 0.0686164572835, 0.0313257277012, 0.00676960777491, 0.0016119685024, 0.000552166427951, 0.000207589240745, 8.13206206658e-05, 3.79732082365e-05, 2.07582506846e-05, 1.14823906188e-05, 6.51145273878e-06, 4.03034619012e-06, 2.49346544479e-06, 1.57849353855e-06, 1.04118453237e-06, 6.80110190387e-07, 4.61255240225e-07, 3.11547267984e-07, 2.1659903382e-07, 1.50090059492e-07, 1.05567451669e-07, 7.48680761831e-08, 5.34199386948e-08, 3.83695493156e-08, 2.79042247087e-08, 2.02913454928e-08, 1.48653773735e-08, 1.09857030139e-08, 8.14235878721e-09, 6.05877126247e-09, 4.59926363661e-09, 3.45367290322e-09, 2.63921262622e-09, 2.04267158743e-09, 1.57559632008e-09, 1.22634502553e-09, 9.59426094127e-10, 7.77707731547e-10, 6.15911988078e-10],
        "mean": [0.0920445248485, 0.019949041307, 0.00176433264278, 0.000376403331757, 8.96738201845e-05, 3.07607442664e-05, 1.15917755465e-05, 4.56019279227e-06, 2.14113606489e-06, 1.17702302305e-06, 6.56133238408e-07, 3.75984285483e-07, 2.351454782e-07, 1.47483262936e-07, 9.4918590321e-08, 6.37072190557e-08, 4.25778807767e-08, 2.95678308504e-08, 2.05736760961e-08, 1.47479291002e-08, 1.06059054872e-08, 7.76629782706e-09, 5.76012437747e-09, 4.32032809528e-09, 3.27808269418e-09, 2.52482768026e-09, 1.95825178295e-09, 1.53622714549e-09, 1.21907084427e-09, 9.75642899803e-10, 7.87521658996e-10, 6.45102582464e-10, 5.29234656099e-10, 4.39488251347e-10, 3.6852601526e-10, 3.10261483172e-10, 2.63119803723e-10, 2.24752536027e-10, 1.94410321175e-10, 1.68247846211e-10],
        "median": [0.114352211356, 0.0185276120901, 2.22697309482e-07, 1.37972932635e-07, 9.52365013518e-08, 6.6012610489e-08, 4.15443750512e-08, 2.6475571957e-08, 1.94962215261e-08, 1.4178217711e-08, 1.0651169724e-08, 8.29130009095e-09, 6.54322018789e-09, 5.21253795682e-09, 4.19782031358e-09, 3.40669847887e-09, 2.78353251559e-09, 2.28761987131e-09, 1.89397675321e-09, 1.57395629863e-09, 1.31408650628e-09, 1.10152342803e-09, 9.27065701983e-10, 7.83323961251e-10, 6.63292643033e-10, 5.64529201164e-10, 4.80620709897e-10, 4.10644018789e-10, 3.52137319304e-10, 3.02173758238e-10, 2.60084592751e-10, 2.24957816264e-10, 1.94728400071e-10, 1.70577080238e-10, 1.49815188033e-10, 1.31979635554e-10, 1.16419179852e-10, 1.02662940649e-10, 9.03777330752e-11, 8.0113103651e-11],
        "min": [4.27280200154e-13, 1.93209014868e-13, 7.29042477429e-14, 2.18116218582e-14, 5.0372863026e-15, 7.48303972768e-15, 2.02141109434e-14, 2.37729232594e-14, 1.88915960512e-14, 1.6565206509e-14, 1.36482003745e-14, 1.01039121324e-14, 1.09809080232e-14, 8.25558375052e-15, 1.55202626196e-14, 1.59832643811e-14, 3.13524163228e-15, 4.42101774094e-15, 8.18707996092e-15, 1.27561239092e-14, 2.8138606032e-15, 5.6682822261e-15, 1.52689242272e-14, 1.48720333872e-14, 3.80292763494e-15, 1.8087357326e-15, 3.07465823601e-15, 5.59870990443e-15, 1.84223885028e-15, 3.7976023388e-15, 1.05595209904e-14, 1.2589039037e-14, 4.39116448823e-15, 2.84062176213e-15, 4.64728734621e-15, 2.95693844403e-15, 5.27427129816e-15, 6.72669478644e-15, 1.42523152839e-14, 6.74096136238e-15],
        "stdev": [0.0600342079997, 0.0173932611942, 0.00717035681009, 0.00155057990924, 0.000369210698409, 0.000126459475723, 4.75364104204e-05, 1.86171964742e-05, 8.6906229626e-06, 4.74921762361e-06, 2.62583080257e-06, 1.48815354351e-06, 9.20556260553e-07, 5.69071971768e-07, 3.59910018233e-07, 2.37163561678e-07, 1.54717085366e-07, 1.04792391653e-07, 7.06659051275e-08, 4.90501541606e-08, 3.39248060754e-08, 2.38153514687e-08, 1.68563634162e-08, 1.20038476936e-08, 8.60665672064e-09, 6.25067553273e-09, 4.54183668452e-09, 3.32814376058e-09, 2.46358089484e-09, 1.83278858756e-09, 1.3727905479e-09, 1.05159736474e-09, 8.01344546275e-10, 6.2391741773e-10, 4.93983576266e-10, 3.92836263519e-10, 3.17228743274e-10, 2.59361143673e-10, 2.18189438739e-10, 1.82808032601e-10],
        "var": [0.00360410613939, 0.000302525557345, 5.14140156156e-05, 2.40429812948e-06, 1.3631652962e-07, 1.59919988363e-08, 2.25971019674e-09, 3.46599998702e-10, 7.55269249919e-11, 2.2555067189e-11, 6.89498761905e-12, 2.2146008985e-12, 8.47423802137e-13, 3.2384292188e-13, 1.29535230741e-13, 5.62465520123e-14, 2.39373780942e-14, 1.09814458891e-14, 4.99367003504e-15, 2.40591767734e-15, 1.15089235868e-15, 5.67170932141e-16, 2.84136963928e-16, 1.44092361313e-16, 7.40745333974e-17, 3.90709431742e-17, 2.06282797467e-17, 1.10765414906e-17, 6.06923094945e-18, 3.35911387954e-18, 1.88455400905e-18, 1.10585703714e-18, 6.42153079126e-19, 3.89272954026e-19, 2.44019754119e-19, 1.54320340192e-19, 1.0063406954e-19, 6.72682014939e-20, 4.7606628859e-20, 3.34187785249e-20]
    },
    "melbands128": {
