{
"lowlevel": {
    "average_loudness": 0.93681794405,
    "barkbands_crest": {
        "dmean": 1.6314406395,
        "dmean2": 2.67186594009,
        "dvar": 2.49412202835,
        "dvar2": 6.49925708771,
        "max": 20.5436496735,
        "mean": 7.80453968048,
        "median": 7.59698390961,
        "min": 3.46390104294,
        "stdev": 2.08731746674,
        "var": 4.3568944931
    },
    "barkbands_flatness_db": {
        "dmean": 0.0237682685256,
        "dmean2": 0.0394164174795,
        "dvar": 0.000499191286508,
        "dvar2": 0.00149703619536,
        "max": 0.211289167404,
        "mean": 0.111404716969,
        "median": 0.10991923511,
        "min": 0.0413520894945,
        "stdev": 0.0262738857418,
        "var": 0.00069031707244
    },
    "barkbands_kurtosis": {
        "dmean": 3.87854576111,
        "dmean2": 6.85442209244,
        "dvar": 12.2266798019,
        "dvar2": 33.1931533813,
        "max": 21.3697891235,
        "mean": 5.2453584671,
        "median": 4.93037509918,
        "min": -1.72234237194,
        "stdev": 4.06829452515,
        "var": 16.5510196686
    },
    "barkbands_skewness": {
        "dmean": 0.710930109024,
        "dmean2": 1.21207940578,
        "dvar": 0.459134459496,
        "dvar2": 1.14824557304,
        "max": 3.88637948036,
        "mean": -2.01968026161,
        "median": -2.13551306725,
        "min": -4.0256690979,
        "stdev": 0.952005445957,
        "var": 0.906314373016
    },
    "barkbands_spread": {
        "dmean": 9.67910194397,
        "dmean2": 16.2265796661,
        "dvar": 157.468414307,
        "dvar2": 352.128662109,
        "max": 121.915184021,
        "mean": 22.1647911072,
        "median": 17.4978923798,
        "min": 5.03921556473,
        "stdev": 17.3940505981,
        "var": 302.552978516
    },
    "dissonance": {
        "dmean": 0.00530512351543,
        "dmean2": 0.00894246064126,
        "dvar": 6.55557159916e-05,
        "dvar2": 0.00010222329729,
        "max": 0.499999940395,
        "mean": 0.49409916997,
        "median": 0.496412038803,
        "min": 0.346477508545,
        "stdev": 0.0124002154917,
        "var": 0.000153765344294
    },
    "dynamic_complexity": 7.6351351738,
    "erbbands_crest": {
        "dmean": 1.5837045908,
        "dmean2": 2.61830735207,
        "dvar": 2.04440355301,
        "dvar2": 6.18375635147,
        "max": 12.8112249374,
        "mean": 6.39899778366,
        "median": 6.12057256699,
        "min": 2.11395144463,
        "stdev": 1.65041530132,
        "var": 2.72387051582
    },
    "erbbands_flatness_db": {
        "dmean": 0.023051282391,
        "dmean2": 0.0403942167759,
        "dvar": 0.000432367785834,
        "dvar2": 0.00104215170722,
        "max": 0.239424139261,
        "mean": 0.143742859364,
        "median": 0.143103346229,
        "min": 0.0261317063123,
        "stdev": 0.0248485542834,
        "var": 0.000617450627033
    },
    "erbbands_kurtosis": {
        "dmean": 1.44256556034,
        "dmean2": 2.49313092232,
        "dvar": 1.42104244232,
        "dvar2": 3.69592928886,
        "max": 5.72680568695,
        "mean": 0.995012760162,
        "median": 0.817214012146,
        "min": -1.62686932087,
        "stdev": 1.48250877857,
        "var": 2.19783234596
    },
    "erbbands_skewness": {
        "dmean": 0.471357226372,
        "dmean2": 0.810012102127,
        "dvar": 0.154262319207,
        "dvar2": 0.437772721052,
        "max": 0.521019637585,
        "mean": -1.13236784935,
        "median": -1.19178271294,
        "min": -2.3108727932,
        "stdev": 0.494444817305,
        "var": 0.244475662708
    },
    "erbbands_spread": {
        "dmean": 9.90905284882,
        "dmean2": 17.218662262,
        "dvar": 105.103424072,
        "dvar2": 267.073120117,
        "max": 107.022735596,
        "mean": 33.9869270325,
        "median": 31.8768138885,
        "min": 14.7541980743,
        "stdev": 11.401599884,
        "var": 129.996490479
    },
    "hfc": {
        "dmean": 148.880569458,
        "dmean2": 247.613952637,
        "dvar": 122923.585938,
        "dvar2": 276852.59375,
        "max": 3958.20751953,
        "mean": 203.693939209,
        "median": 57.0266571045,
        "min": 5.66679903002e-09,
        "stdev": 494.745422363,
        "var": 244773.03125
    },
    "loudness_ebu128": {
        "integrated": -16.0943470001,
        "loudness_range": 2.23531913757,
        "momentary": {
            "dmean": 1.47100758553,
            "dmean2": 2.00058722496,
            "dvar": 4.03994369507,
            "dvar2": 4.96073102951,
            "max": -10.4729127884,
            "mean": -20.4492702484,
            "median": -18.7680339813,
            "min": -43.5183563232,
            "stdev": 7.65353155136,
            "var": 58.5765419006
        },
        "short_term": {
            "dmean": 0.189140826464,
            "dmean2": 0.236808314919,
            "dvar": 0.0895595401525,
            "dvar2": 0.130563825369,
            "max": -14.7330207825,
            "mean": -15.8217658997,
            "median": -15.7119045258,
            "min": -17.1096286774,
            "stdev": 0.86546677351,
            "var": 0.749032735825
        }
    },
    "melbands_crest": {
        "dmean": 2.1397485733,
        "dmean2": 3.44015717506,
        "dvar": 8.30994606018,
        "dvar2": 15.1321525574,
        "max": 35.3813323975,
        "mean": 5.29019927979,
        "median": 4.22188282013,
        "min": 2.21340250969,
        "stdev": 4.12838983536,
        "var": 17.0436019897
    },
    "melbands_flatness_db": {
        "dmean": 0.0153222763911,
        "dmean2": 0.0252038948238,
        "dvar": 0.000486465723952,
        "dvar2": 0.00110551470425,
        "max": 0.239853322506,
        "mean": 0.0340982712805,
        "median": 0.0279007349163,
        "min": 0.011755105108,
        "stdev": 0.0251913759857,
        "var": 0.000634605414234
    },
    "melbands_kurtosis": {
        "dmean": 1.77348768711,
        "dmean2": 3.15618395805,
        "dvar": 71.0177612305,
        "dvar2": 197.656326294,
        "max": 83.3960723877,
        "mean": -0.193280309439,
        "median": -1.06010985374,
        "min": -1.68277323246,
        "stdev": 6.69856452942,
        "var": 44.8707695007
    },
    "melbands_skewness": {
        "dmean": 0.628151118755,
        "dmean2": 1.06855046749,
        "dvar": 0.727114081383,
        "dvar2": 1.71800303459,
        "max": 8.05470275879,
        "mean": -0.2149861902,
        "median": -0.382881194353,
        "min": -1.77599096298,
        "stdev": 0.981720685959,
        "var": 0.963775515556
    },
    "melbands_spread": {
        "dmean": 31.528383255,
        "dmean2": 51.9712257385,
        "dvar": 776.102966309,
        "dvar2": 2037.89160156,
        "max": 271.028137207,
        "mean": 130.922943115,
        "median": 130.284637451,
        "min": 7.43992996216,
        "stdev": 34.3801002502,
        "var": 1181.99121094
    },
    "pitch_salience": {
        "dmean": 0.0375560931861,
        "dmean2": 0.0564315840602,
        "dvar": 0.00199143216014,
        "dvar2": 0.00359477382153,
        "max": 0.96852594614,
        "mean": 0.806012034416,
        "median": 0.808754742146,
        "min": 0.22691899538,
        "stdev": 0.0805382356048,
        "var": 0.0064864079468
    },
    "silence_rate_20dB": {
        "dmean": 0.00826446246356,
        "dmean2": 0.0165975112468,
        "dvar": 0.00819616299123,
        "dvar2": 0.0163219999522,
        "max": 1,
        "mean": 0.987654328346,
        "median": 1,
        "min": 0,
        "stdev": 0.110423006117,
        "var": 0.0121932402253
    },
    "silence_rate_30dB": {
        "dmean": 0.049586776644,
        "dmean2": 0.0995850637555,
        "dvar": 0.047127880156,
        "dvar2": 0.0979663804173,
        "max": 1,
        "mean": 0.934156358242,
        "median": 1,
        "min": 0,
        "stdev": 0.248008593917,
        "var": 0.0615082606673
    },
    "silence_rate_60dB": {
        "dmean": 0.0743801668286,
        "dmean2": 0.149377599359,
        "dvar": 0.0688477680087,
        "dvar2": 0.143661528826,
        "max": 1,
        "mean": 0.325102895498,
        "median": 0,
        "min": 0,
        "stdev": 0.468413263559,
        "var": 0.219410985708
    },
    "spectral_centroid": {
        "dmean": 506.117645264,
        "dmean2": 883.866943359,
        "dvar": 215098.53125,
        "dvar2": 587688.0625,
        "max": 5990.5078125,
        "mean": 4303.41308594,
        "median": 4351.36816406,
        "min": 1419.91552734,
        "stdev": 558.42590332,
        "var": 311839.5
    },
    "spectral_complexity": {
        "dmean": 7.21487617493,
        "dmean2": 11.6348543167,
        "dvar": 106.623336792,
        "dvar2": 226.771575928,
        "max": 66,
        "mean": 11.436214447,
        "median": 2,
        "min": 0,
        "stdev": 16.7839984894,
        "var": 281.702575684
    },
    "spectral_decrease": {
        "dmean": 2.21071139173e-09,
        "dmean2": 4.00564648118e-09,
        "dvar": 1.67612097213e-16,
        "dvar2": 4.96524149175e-16,
        "max": 2.5595744968e-10,
        "mean": -1.86596071927e-09,
        "median": -2.78855577518e-10,
        "min": -1.44918118394e-07,
        "stdev": 9.75374003787e-09,
        "var": 9.5135445148e-17
    },
    "spectral_energy": {
        "dmean": 0.0212729703635,
        "dmean2": 0.0367052033544,
        "dvar": 0.00391030684114,
        "dvar2": 0.0104075381532,
        "max": 0.577314317226,
        "mean": 0.025518219918,
        "median": 0.0066250031814,
        "min": 6.61930417162e-13,
        "stdev": 0.0664180517197,
        "var": 0.00441135745496
    },
    "spectral_energyband_high": {
        "dmean": 0.0138855511323,
        "dmean2": 0.0227946266532,
        "dvar": 0.00104137754533,
        "dvar2": 0.0023288258817,
        "max": 0.369677454233,
        "mean": 0.0185503195971,
        "median": 0.00496755959466,
        "min": 3.63229574456e-13,
        "stdev": 0.0451404713094,
        "var": 0.00203766208142
    },
    "spectral_energyband_low": {
        "dmean": 0.00367303774692,
        "dmean2": 0.00691469246522,
        "dvar": 0.00114065199159,
        "dvar2": 0.00338758411817,
        "max": 0.375755012035,
        "mean": 0.00210316642188,
        "median": 7.18427327229e-06,
        "min": 9.15978244317e-14,
        "stdev": 0.0244598090649,
        "var": 0.000598282262217
    },
    "spectral_energyband_middle_high": {
        "dmean": 0.00216824468225,
        "dmean2": 0.0036105425097,
        "dvar": 1.58410966833e-05,
        "dvar2": 3.91654102714e-05,
        "max": 0.0346364676952,
        "mean": 0.00250116665848,
        "median": 0.000682164682075,
        "min": 9.32076749225e-14,
        "stdev": 0.0048172310926,
        "var": 2.3205715479e-05
    },
    "spectral_energyband_middle_low": {
        "dmean": 0.000973186688498,
        "dmean2": 0.00175653479528,
        "dvar": 1.92828247236e-05,
        "dvar2": 5.50929944438e-05,
        "max": 0.0415826961398,
        "mean": 0.000770935439505,
        "median": 0.000123258374515,
        "min": 4.23945241705e-14,
        "stdev": 0.00353543879464,
        "var": 1.24993266581e-05
    },
    "spectral_entropy": {
        "dmean": 0.0835706368089,
        "dmean2": 0.144943803549,
        "dvar": 0.00630412530154,
        "dvar2": 0.0165726561099,
        "max": 9.10647678375,
        "mean": 8.83660316467,
        "median": 8.86100769043,
        "min": 8.45973873138,
        "stdev": 0.0927545651793,
        "var": 0.00860340986401
    },
    "spectral_flux": {
        "dmean": 0.0339100398123,
        "dmean2": 0.0537797771394,
        "dvar": 0.0049804802984,
        "dvar2": 0.00983251072466,
        "max": 0.743734359741,
        "mean": 0.0900924503803,
        "median": 0.0619221478701,
        "min": 0.000888996524736,
        "stdev": 0.102123662829,
        "var": 0.0104292426258
    },
    "spectral_kurtosis": {
        "dmean": 0.375725984573,
        "dmean2": 0.61641740799,
        "dvar": 0.125880166888,
        "dvar2": 0.347460538149,
        "max": 2.99837112427,
        "mean": 0.271570831537,
        "median": 0.16632771492,
        "min": -0.760948181152,
        "stdev": 0.471273392439,
        "var": 0.222098618746
    },
    "spectral_rms": {
        "dmean": 0.00147524022032,
        "dmean2": 0.00238234223798,
        "dvar": 6.33707577435e-06,
        "dvar2": 1.64165194292e-05,
        "max": 0.023732541129,
        "mean": 0.00339749152772,
        "median": 0.00254232529551,
        "min": 2.54123158072e-08,
        "stdev": 0.00365415797569,
        "var": 1.33528701554e-05
    },
    "spectral_rolloff": {
        "dmean": 1934.78491211,
        "dmean2": 3318.34838867,
        "dvar": 4186102.25,
        "dvar2": 12441820,
        "max": 19638.28125,
        "mean": 12677.3867188,
        "median": 12489.2578125,
        "min": 129.19921875,
        "stdev": 2246.3527832,
        "var": 5046101
    },
    "spectral_skewness": {
        "dmean": 0.15605674684,
        "dmean2": 0.260254263878,
        "dvar": 0.0174373500049,
        "dvar2": 0.0481567271054,
        "max": 1.70681738853,
        "mean": 0.748007774353,
        "median": 0.722728610039,
        "min": 0.265106856823,
        "stdev": 0.182988911867,
        "var": 0.0334849432111
    },
    "spectral_spread": {
        "dmean": 961744,
        "dmean2": 1633783.375,
        "dvar": 987746861056,
        "dvar2": 2.18502476595e+12,
        "max": 17984794,
        "mean": 9994488,
        "median": 10073537,
        "min": 6656023.5,
        "stdev": 1083696.25,
        "var": 1.1743976489e+12
    },
    "spectral_strongpeak": {
        "dmean": 2.22218465805,
        "dmean2": 3.91028428078,
        "dvar": 12.9314146042,
        "dvar2": 37.4366607666,
        "max": 28.7870426178,
        "mean": 3.0205450058,
        "median": 2.11433124542,
        "min": 0,
        "stdev": 3.80266094208,
        "var": 14.4602298737
    },
    "zerocrossingrate": {
        "dmean": 0.0188896246254,
        "dmean2": 0.0243330206722,
        "dvar": 0.000883049156982,
        "dvar2": 0.00137190939859,
        "max": 0.49072265625,
        "mean": 0.396170914173,
        "median": 0.40673828125,
        "min": 0.09765625,
        "stdev": 0.0518445074558,
        "var": 0.00268785282969
    },
    "barkbands": {
        "dmean": [0.00259100249968, 0.00189591932576, 0.000410259352066, 0.000186918405234, 0.000217484135646, 0.000100116318208, 0.000116715753393, 0.00016134933685, 0.00024266084074, 0.000104671205918, 9.80467302725e-05, 0.000207677905564, 0.000318906357279, 0.000158319686307, 0.000191904604435, 0.000270205986453, 0.000212730403291, 0.0004138747463, 0.000411374552641, 0.000394532136852, 0.000455173285445, 0.00124516594224, 0.00211829645559, 0.00411091465503, 0.00441786739975, 0.0012972735567, 0.00100830476731],
        "dmean2": [0.00487485853955, 0.00370057788678, 0.000820712710265, 0.000363516621292, 0.000404002668802, 0.000185594719369, 0.000202489289222, 0.00030360367964, 0.000457694637589, 0.000189207188669, 0.000166321144206, 0.00036617758451, 0.000592264463194, 0.000277772487607, 0.000337270408636, 0.000462030642666, 0.000356296746759, 0.000702909368556, 0.000714302645065, 0.000690964050591, 0.000756734923925, 0.00224919756874, 0.00382940145209, 0.00650611752644, 0.00757836317644, 0.00223405612633, 0.0016624747077],
        "dvar": [0.00054656912107, 0.000329464353854, 1.24826756291e-05, 2.16537773667e-06, 1.47248749727e-06, 2.61622403741e-07, 1.88067659224e-07, 2.91819134191e-07, 1.47240245951e-06, 6.12473272099e-08, 4.71638443855e-08, 2.08292959769e-07, 5.44119586721e-07, 1.46980468685e-07, 2.10194158967e-07, 3.22966201338e-07, 1.59960265478e-07, 1.10635733108e-06, 1.10472535653e-06, 8.4104749476e-07, 9.6493579349e-07, 9.96194648906e-06, 3.26212903019e-05, 9.27374057937e-05, 0.000137999028084, 1.15348566396e-05, 6.71626912663e-06],
        "dvar2": [0.00162710528821, 0.000984458485618, 3.74559749616e-05, 6.45736281513e-06, 4.28824341725e-06, 7.70808469497e-07, 4.90997422276e-07, 8.50560297749e-07, 4.26605720349e-06, 1.73247755697e-07, 1.18941862581e-07, 5.25531788753e-07, 1.52108407292e-06, 3.97391119122e-07, 5.74703960865e-07, 7.48862987621e-07, 3.80290401836e-07, 2.9304922009e-06, 3.05288381242e-06, 1.96851033252e-06, 2.1308101168e-06, 2.87608800136e-05, 8.27453040984e-05, 0.00019997068739, 0.000352717324859, 2.39033488469e-05, 1.60442959896e-05],
        "max": [0.264024138451, 0.199848949909, 0.0385981015861, 0.0159462336451, 0.0122423646972, 0.00520193902776, 0.00387154263444, 0.00454262830317, 0.0132658975199, 0.00182629656047, 0.00197306042537, 0.00399550655857, 0.00457617547363, 0.00267859478481, 0.00333294877782, 0.00531195895746, 0.00395735166967, 0.0108707835898, 0.0098687550053, 0.00901962257922, 0.00991182681173, 0.0242786798626, 0.0600644946098, 0.110981240869, 0.120262376964, 0.0400966778398, 0.0326038710773],
        "mean": [0.00160347460769, 0.00103101367131, 0.000229877638048, 0.00011724523938, 0.00015117356088, 7.88249381003e-05, 9.79630567599e-05, 0.000127580555272, 0.000170295825228, 9.32566763368e-05, 9.88247120404e-05, 0.000213420731598, 0.000274949008599, 0.000149620929733, 0.000199506073841, 0.000266659568297, 0.000239817964029, 0.000390030560084, 0.000416645692894, 0.000446043122793, 0.000600939500146, 0.00127620983403, 0.00239123287611, 0.0053147082217, 0.00568489311263, 0.00179937714711, 0.00136779726017],
        "median": [3.02326100154e-07, 1.71575447894e-06, 1.91796038962e-06, 2.37255426327e-06, 1.18818807096e-05, 8.89039802132e-06, 1.65729070432e-05, 2.41528723564e-05, 2.75735674222e-05, 2.58850050159e-05, 2.6455929401e-05, 5.22544396517e-05, 7.03275509295e-05, 3.62299870176e-05, 4.68678808829e-05, 6.70599838486e-05, 7.56277659093e-05, 6.87996071065e-05, 9.70690525719e-05, 0.000112200439617, 0.000178761983989, 0.000290516385576, 0.000587112095673, 0.00137221289333, 0.00155704852659, 0.000472177722258, 0.000325753237121],
        "min": [3.9177035639e-14, 4.74218171784e-14, 1.89137171636e-14, 1.00522414286e-14, 1.17376828336e-14, 1.22904658524e-14, 4.67020763424e-15, 2.8626378425e-16, 1.95915290216e-15, 4.24981840626e-15, 3.87037475094e-15, 3.32088541982e-15, 3.60133125239e-15, 9.06880314252e-15, 8.62973514399e-15, 1.55651587539e-14, 9.80129944762e-15, 8.39885429135e-15, 2.29109723679e-14, 1.37366475548e-14, 1.8754486828e-14, 5.84464456541e-14, 1.69883096306e-14, 2.14495372961e-14, 6.93639210739e-14, 6.34534471407e-14, 1.13037027926e-13],
        "stdev": [0.017265137285, 0.0129468394443, 0.00252258870751, 0.00106842140667, 0.000919852463994, 0.000395631970605, 0.000390129978769, 0.000442701188149, 0.00092386250617, 0.000211763268453, 0.000221454058192, 0.000484257383505, 0.000639127450995, 0.000352671719156, 0.000428688013926, 0.000597317004576, 0.000474171334645, 0.00108560081571, 0.00100795924664, 0.00111093721353, 0.00131353305187, 0.0031559788622, 0.00690991943702, 0.0130105940625, 0.0140104880556, 0.0048589897342, 0.00377248553559],
        "var": [0.000298084953101, 0.00016762065934, 6.36345339444e-06, 1.14152419428e-06, 8.46128557441e-07, 1.56524649242e-07, 1.52201394599e-07, 1.95984341644e-07, 8.53521953559e-07, 4.48436807687e-08, 4.90419012067e-08, 2.34505208141e-07, 4.08483884939e-07, 1.24377336874e-07, 1.83773423146e-07, 3.56787609235e-07, 2.24838458962e-07, 1.17852903259e-06, 1.01598175206e-06, 1.23418158182e-06, 1.72536908849e-06, 9.96020298771e-06, 4.77469839097e-05, 0.000169275561348, 0.000196293767658, 2.36097803281e-05, 1.42316466736e-05]
    },
    "erbbands": {
        "dmean": [0.0984746515751, 0.280267626047, 0.475519984961, 0.60455852747, 0.539767742157, 0.816338062286, 0.776479542255, 0.889153897762, 1.60325479507, 2.02876353264, 5.27270793915, 5.17778491974, 3.09558272362, 3.22543215752, 4.69928121567, 9.44920253754, 14.7117710114, 9.49277019501, 9.38545513153, 10.0253143311, 15.2788600922, 11.5544261932, 19.2365818024, 24.460062027, 17.9350318909, 18.9132823944, 20.1365814209, 21.1471672058, 40.5982093811, 52.0096244812, 66.4612426758, 63.9104385376, 83.9046325684, 70.90234375, 20.4418811798, 6.94254922867, 2.16356492043, 0.626588404179, 0.114996179938, 0.0173523966223],
        "dmean2": [0.189941465855, 0.555840909481, 0.95124822855, 1.20035851002, 1.05182981491, 1.490639925, 1.42973291874, 1.63544917107, 2.83106422424, 3.53191328049, 10.0585889816, 9.64029502869, 5.62915849686, 5.59564495087, 7.9227514267, 16.8307628632, 27.1150493622, 17.0168590546, 16.8581504822, 16.7622795105, 26.4988956451, 19.3659057617, 31.7206230164, 43.8412399292, 30.564912796, 33.0933761597, 35.1924285889, 34.5666732788, 72.5614395142, 95.2532272339, 121.094070435, 105.416175842, 133.636917114, 120.010414124, 33.1481704712, 11.6298837662, 3.76072096825, 1.00392961502, 0.195496454835, 0.0297603271902],
        "dvar": [0.83305811882, 7.62947845459, 19.0733032227, 23.6384906769, 18.3396854401, 17.8502635956, 13.5416755676, 19.7331314087, 50.6893196106, 35.7698020935, 541.973388672, 617.870239258, 47.5677642822, 72.3203659058, 88.3235168457, 424.454467773, 1109.18164062, 522.938354492, 633.844421387, 387.428039551, 1207.28674316, 457.100250244, 2044.94946289, 3353.64526367, 1601.93457031, 2023.86730957, 2198.44726562, 2020.48413086, 11467.1484375, 14307.2089844, 39177.4375, 24010.4140625, 39263.6132812, 38294.59375, 2535.2578125, 284.28994751, 32.7088279724, 2.66191506386, 0.100434429944, 0.00222302996553],
        "dvar2": [2.48193693161, 22.8354949951, 57.1755332947, 70.6342391968, 54.8610191345, 50.7162055969, 37.6948852539, 57.5009536743, 139.79800415, 97.2472991943, 1618.57324219, 1772.35131836, 133.907470703, 198.922485352, 229.618972778, 1096.98413086, 3068.77001953, 1391.06201172, 1802.75720215, 972.617980957, 2718.79516602, 1078.17529297, 5233.16162109, 9184.74414062, 4062.45385742, 4628.88916016, 5493.08984375, 4513.43310547, 32612.2480469, 40187.0703125, 104474.234375, 51345.4765625, 85771.6015625, 100373.765625, 5596.57226562, 562.581115723, 78.7362670898, 5.71242237091, 0.222757816315, 0.00591687252745],
        "max": [10.0539646149, 30.4386920929, 48.0106506348, 52.3583259583, 47.2238197327, 37.5075187683, 35.6790847778, 45.2970581055, 71.3380966187, 49.4560623169, 228.620300293, 271.787200928, 44.0634689331, 79.4884338379, 99.2114715576, 183.592910767, 215.393493652, 163.719573975, 195.040100098, 118.426750183, 309.447143555, 197.894104004, 473.337402344, 474.935333252, 333.178131104, 447.092895508, 481.582275391, 465.08392334, 976.201599121, 887.434265137, 2120.61376953, 1861.02307129, 2278.70898438, 1866.68432617, 555.057678223, 223.123474121, 65.2463531494, 19.4279384613, 3.97994351387, 0.563157379627],
        "mean": [0.0536225326359, 0.154461324215, 0.269085466862, 0.366887658834, 0.359839946032, 0.56274074316, 0.601636886597, 0.708235263824, 1.25303602219, 1.70432782173, 3.73070406914, 3.72459888458, 2.87083888054, 3.00655460358, 5.21998119354, 9.55179977417, 12.7624168396, 8.68531417847, 9.59241867065, 10.9115171432, 15.9268817902, 13.6859922409, 19.1102638245, 22.6812324524, 19.4006671906, 21.8055992126, 23.6150932312, 27.0169239044, 42.4404258728, 54.9785881042, 73.0405654907, 82.2118606567, 105.753974915, 83.5373687744, 28.6022529602, 9.39078140259, 2.89797711372, 0.847209274769, 0.167969092727, 0.0223785676062],
        "median": [4.18298877776e-05, 0.000358508201316, 0.00214221514761, 0.00673521542922, 0.0213910173625, 0.0427036881447, 0.0636300817132, 0.0730589330196, 0.144868806005, 0.36358332634, 0.616875469685, 0.609244287014, 0.792210042477, 0.810842692852, 1.42646026611, 2.21189212799, 3.20729136467, 2.43661427498, 2.27185225487, 2.97795724869, 3.86762213707, 4.32468271255, 4.01181125641, 4.80200338364, 4.79896879196, 5.57819652557, 6.45302534103, 7.82535934448, 9.59585857391, 14.0642709732, 16.723575592, 19.4422721863, 27.9307746887, 21.7994155884, 7.98207235336, 2.54290938377, 0.782671630383, 0.180175498128, 0.0386233776808, 0.00590243609622],
        "min": [1.91767868946e-12, 8.83244085509e-12, 2.13073239608e-11, 3.06703169806e-11, 3.21234983058e-11, 3.92558693885e-11, 7.16957049285e-11, 1.06060167593e-10, 8.71617708564e-11, 3.17034801189e-11, 5.40587149697e-12, 3.86277884679e-11, 1.23993898482e-10, 1.27569177444e-10, 1.78560791153e-10, 1.21427354283e-10, 1.52334228565e-10, 4.81890582993e-10, 3.87678084079e-10, 6.24417184625e-10, 8.30850999112e-10, 5.27925314575e-10, 4.37888142413e-10, 8.52949433305e-10, 1.02035246918e-09, 7.07132075117e-10, 7.33699434541e-10, 1.30020227918e-09, 2.30880270458e-09, 7.95757737482e-10, 4.3441694686e-10, 4.78525441494e-10, 3.21071336185e-10, 8.37025004863e-10, 4.36157138184e-10, 3.3715139014e-10, 8.29171523109e-11, 8.5452256382e-11, 1.32346061194e-11, 1.4817113465e-12],
        "stdev": [0.654968798161, 1.96459984779, 3.11248707771, 3.5121486187, 3.07144808769, 3.30904483795, 3.00732493401, 3.50165891647, 6.04273462296, 5.21492958069, 17.6841030121, 19.3096389771, 6.10775756836, 7.36234235764, 10.847196579, 21.4098796844, 29.4102554321, 20.7963294983, 21.947599411, 21.0153198242, 37.4360466003, 26.0950107574, 50.2121238708, 55.4415588379, 44.9106483459, 55.4939498901, 55.2051048279, 59.804561615, 110.10735321, 126.720397949, 228.78515625, 208.069946289, 263.566467285, 213.792541504, 69.6766586304, 24.8617649078, 7.54851150513, 2.40022039413, 0.476382106543, 0.0616336427629],
        "var": [0.428984105587, 3.85965275764, 9.68757534027, 12.335187912, 9.43379402161, 10.9497776031, 9.04400348663, 12.2616147995, 36.5146408081, 27.1954898834, 312.727508545, 372.8621521, 37.3047027588, 54.2040863037, 117.6616745, 458.382965088, 864.963134766, 432.487304688, 481.697143555, 441.643707275, 1401.45751953, 680.949584961, 2521.25756836, 3073.76660156, 2016.96630859, 3079.57836914, 3047.60375977, 3576.58544922, 12123.6298828, 16058.0585938, 52342.6445312, 43293.1015625, 69467.28125, 45707.25, 4854.83691406, 618.10736084, 56.9800224304, 5.76105737686, 0.226939916611, 0.00379870599136]
    },
    "gfcc": {
        "mean": [-54.9995155334, -95.7157897949, -102.85559082, -2.89106059074, -65.0883331299, 15.8305873871, -41.919090271, 6.27782583237, -22.3429718018, -2.67156505585, -11.8563261032, -4.57224035263, -9.83285713196],
        "cov": [[22630.0742188, -490.723419189, -242.204864502, 9.11734867096, -474.16418457, 61.289188385, -249.564208984, -141.44758606, -172.085922241, -76.2687530518, 3.72949814796, -109.212867737, -367.470794678], [-490.723419189, 533.217529297, 239.48828125, 110.09979248, 85.923324585, 42.4869155884, 49.867515564, 21.8708515167, 39.4418678284, 7.52637910843, 15.5197324753, 15.6177930832, 26.5124454498], [-242.204864502, 239.48828125, 349.36730957, 132.73210144, 69.967010498, 22.3081912994, 38.4810676575, 16.2966518402, 35.0943717957, 9.72223854065, 18.5684757233, 16.4505748749, 21.9250202179], [9.11734867096, 110.09979248, 132.73210144, 155.180236816, 61.8059043884, 28.6983795166, 12.7032871246, 15.7492866516, 22.3154773712, 8.11639404297, 13.430562973, 16.5620326996, 9.28108501434], [-474.16418457, 85.923324585, 69.967010498, 61.8059043884, 111.445373535, 49.3071517944, 39.2885475159, 24.07903862, 20.041841507, 13.8084945679, 10.7996139526, 11.8133058548, 5.74901247025], [61.289188385, 42.4869155884, 22.3081912994, 28.6983795166, 49.3071517944, 81.4791870117, 41.2466621399, 24.6236057281, 15.3011770248, 14.2036752701, 10.6206731796, 12.4826335907, 7.75005149841], [-249.564208984, 49.867515564, 38.4810676575, 12.7032871246, 39.2885475159, 41.2466621399, 80.6316452026, 40.5321998596, 28.2840423584, 12.4679012299, 10.3356199265, 14.6064319611, 12.2111530304], [-141.44758606, 21.8708515167, 16.2966518402, 15.7492866516, 24.07903862, 24.6236057281, 40.5321998596, 66.2447738647, 35.6289558411, 16.7087650299, 7.37164449692, 12.0444202423, 10.1078891754], [-172.085922241, 39.4418678284, 35.0943717957, 22.3154773712, 20.041841507, 15.3011770248, 28.2840423584, 35.6289558411, 59.3927192688, 30.625333786, 11.9882860184, 13.1272220612, 11.6031808853], [-76.2687530518, 7.52637910843, 9.72223854065, 8.11639404297, 13.8084945679, 14.2036752701, 12.4679012299, 16.7087650299, 30.625333786, 46.2104911804, 21.6048374176, 10.1067829132, 4.16654586792], [3.72949814796, 15.5197324753, 18.5684757233, 13.430562973, 10.7996139526, 10.6206731796, 10.3356199265, 7.37164449692, 11.9882860184, 21.6048374176, 40.5225715637, 24.8442497253, 8.86539459229], [-109.212867737, 15.6177930832, 16.4505748749, 16.5620326996, 11.8133058548, 12.4826335907, 14.6064319611, 12.0444202423, 13.1272220612, 10.1067829132, 24.8442497253, 48.7194290161, 29.980348587], [-367.470794678, 26.5124454498, 21.9250202179, 9.28108501434, 5.74901247025, 7.75005149841, 12.2111530304, 10.1078891754, 11.6031808853, 4.16654586792, 8.86539459229, 29.980348587, 50.133430481]],
        "icov": [[6.62096499582e-05, 1.93507785298e-05, -3.22652304021e-05, -0.00013011021656, 0.000468721671496, -0.000391162873711, 0.000143307377584, -2.45842747972e-05, 3.26948938891e-05, 8.7033615273e-05, -5.89893534197e-05, -0.000235167826759, 0.000626305234618], [1.93507785298e-05, 0.00292327790521, -0.00157930061687, -0.000249582895776, -0.000732777640224, -0.000532638747245, -0.000338404031936, 0.000554681348149, -0.00114766648039, 0.00113798864186, -0.000625688349828, 0.000867159746122, -0.000767134944908], [-3.22652304021e-05, -0.00157930061687, 0.00567683484405, -0.00358799356036, -0.000668617838528, 0.00182319642045, -0.00209836987779, 0.00134248752147, -0.0011502597481, 0.000586867972743, -0.00147261237726, 0.00174526206683, -0.00175030191895], [-0.00013011021656, -0.000249582895776, -0.00358799356036, 0.0122560402378, -0.0051025939174, -0.00131268147379, 0.00430701486766, -0.00132285431027, -0.00234344089404, 0.00191165693104, -0.00046112111886, -0.00227942015044, 0.000312384334393], [0.000468721671496, -0.000732777640224, -0.000668617838528, -0.0051025939174, 0.019419722259, -0.00852430425584, -0.00258432189003, -0.000615242461208, 0.00146879453678, -0.00163937406614, 0.000714361260179, -0.00251082214527, 0.00607603183016], [-0.000391162873711, -0.000532638747245, 0.00182319642045, -0.00131268147379, -0.00852430425584, 0.0231247395277, -0.00862833485007, -0.00116048997734, 0.00343573186547, -0.00483197299764, 0.000657820375636, 0.000456412031781, -0.00418438296765], [0.000143307377584, -0.000338404031936, -0.00209836987779, 0.00430701486766, -0.00258432189003, -0.00862833485007, 0.0252762082964, -0.00967364571989, -0.00446963543072, 0.00437500001863, -0.00216910219751, -0.0018455919344, 0.000931850052439], [-2.45842747972e-05, 0.000554681348149, 0.00134248752147, -0.00132285431027, -0.000615242461208, -0.00116048997734, -0.00967364571989, 0.0283043682575, -0.0130662899464, 0.000980857876129, 0.00142391107511, -0.000857629289385, -0.000712586857844], [3.26948938891e-05, -0.00114766648039, -0.0011502597481, -0.00234344089404, 0.00146879453678, 0.00343573186547, -0.00446963543072, -0.0130662899464, 0.039487477392, -0.0233045518398, 0.00725308945403, -0.00360836065374, -0.00152015592903], [8.7033615273e-05, 0.00113798864186, 0.000586867972743, 0.00191165693104, -0.00163937406614, -0.00483197299764, 0.00437500001863, 0.000980857876129, -0.0233045518398, 0.0462875105441, -0.0233655199409, 0.00746345054358, 0.000312612450216], [-5.89893534197e-05, -0.000625688349828, -0.00147261237726, -0.00046112111886, 0.000714361260179, 0.000657820375636, -0.00216910219751, 0.00142391107511, 0.00725308945403, -0.0233655199409, 0.0511365495622, -0.0277282018214, 0.0084877088666], [-0.000235167826759, 0.000867159746122, 0.00174526206683, -0.00227942015044, -0.00251082214527, 0.000456412031781, -0.0018455919344, -0.000857629289385, -0.00360836065374, 0.00746345054358, -0.0277282018214, 0.0516037605703, -0.0274252071977], [0.000626305234618, -0.000767134944908, -0.00175030191895, 0.000312384334393, 0.00607603183016, -0.00418438296765, 0.000931850052439, -0.000712586857844, -0.00152015592903, 0.000312612450216, 0.0084877088666, -0.0274252071977, 0.0407431125641]]
    },
    "melbands": {
        "dmean": [0.000835250481032, 0.000272590696113, 0.000101474572148, 4.59496477561e-05, 3.10508476105e-05, 2.0806757675e-05, 2.39890723606e-05, 2.27725613513e-05, 4.96362699778e-05, 2.95961963275e-05, 1.5096912648e-05, 1.32740087793e-05, 1.43641300383e-05, 1.91526305571e-05, 3.41926315741e-05, 2.9391831049e-05, 1.60854015121e-05, 1.50153236973e-05, 1.34239326144e-05, 1.62151372933e-05, 1.88454396266e-05, 1.26367767734e-05, 1.23368781715e-05, 2.13072562474e-05, 2.01347738766e-05, 1.5780038666e-05, 9.92177865555e-06, 1.41119871842e-05, 1.35019872687e-05, 1.19441629067e-05, 1.26612649183e-05, 2.19875983021e-05, 2.81091997749e-05, 2.88560368062e-05, 3.85748899134e-05, 3.46942651959e-05, 4.24427416874e-05, 5.56661034352e-05, 7.17636139598e-05, 5.75228477828e-05],
        "dmean2": [0.00159878761042, 0.000543443486094, 0.000201653572731, 8.64082685439e-05, 5.51846933377e-05, 3.81487225241e-05, 4.19079842686e-05, 3.93619848182e-05, 9.50954854488e-05, 5.49303185835e-05, 2.770269748e-05, 2.32890433836e-05, 2.43337472057e-05, 3.32204872393e-05, 6.17472906015e-05, 5.3250194469e-05, 2.86507165583e-05, 2.69753800239e-05, 2.3531356419e-05, 2.76327682514e-05, 3.24262509821e-05, 2.1379417376e-05, 2.06881159102e-05, 3.63768740499e-05, 3.64124825865e-05, 2.67693158094e-05, 1.67696725839e-05, 2.47448970185e-05, 2.40232766373e-05, 1.874323425e-05, 2.11607002711e-05, 3.89488777728e-05, 5.13406848768e-05, 5.23131748196e-05, 7.1117960033e-05, 6.15355675109e-05, 7.0067922934e-05, 8.49848875077e-05, 0.000116217604955, 0.000100201483292],
        "dvar": [5.92779761064e-05, 6.97572204444e-06, 6.73262093187e-07, 7.85882505738e-08, 2.16618154525e-08, 1.07279847228e-08, 9.83446657443e-09, 4.04240196872e-09, 5.89855631006e-08, 1.78599091072e-08, 1.16097764735e-09, 1.26397647904e-09, 9.09044839403e-10, 1.61837432344e-09, 5.35930944068e-09, 4.86093387764e-09, 1.5984386037e-09, 1.66037394944e-09, 9.80967196362e-10, 9.57939394475e-10, 2.01629424268e-09, 5.52443535362e-10, 6.2331662054e-10, 2.95123570027e-09, 2.41511255439e-09, 1.52876100667e-09, 4.23898666169e-10, 1.18815823846e-09, 1.09290554384e-09, 7.01337876663e-10, 7.71520625165e-10, 3.57439322585e-09, 5.10907893769e-09, 4.09210443308e-09, 1.34388491446e-08, 9.5665404487e-09, 1.05853859012e-08, 1.75299135208e-08, 3.22261470842e-08, 3.08080174705e-08],
        "dvar2": [0.000176205125172, 2.08978435694e-05, 2.01431726055e-06, 2.32126197375e-07, 5.9188877799e-08, 3.12827559412e-08, 2.68918292079e-08, 1.10097051476e-08, 1.765448161e-07, 5.08773894126e-08, 3.28323723764e-09, 3.50914719505e-09, 2.29426211362e-09, 4.27256097169e-09, 1.41861979941e-08, 1.35720714667e-08, 4.28282564968e-09, 4.76510120251e-09, 2.64471289313e-09, 2.38052866308e-09, 4.57681936794e-09, 1.36580380339e-09, 1.52596979497e-09, 7.79529596429e-09, 6.70662014812e-09, 4.10423339758e-09, 9.05685137997e-10, 2.86885937228e-09, 3.01870106689e-09, 1.65148206221e-09, 1.80387227378e-09, 1.01214681081e-08, 1.48135628208e-08, 1.14309441912e-08, 3.73414756893e-08, 2.15470841169e-08, 2.31293988406e-08, 4.00219626329e-08, 7.59358869118e-08, 8.3342712287e-08],
        "max": [0.0852685794234, 0.0291008520871, 0.00891368556768, 0.00296689127572, 0.00131379591767, 0.00101409654599, 0.000934976444114, 0.000502609589603, 0.00245594140142, 0.00146513676737, 0.000224982810323, 0.000327821879182, 0.000288146111416, 0.000420621625381, 0.000575378653593, 0.000450225226814, 0.000299248145893, 0.00032167401514, 0.000212782484596, 0.000238655222347, 0.000408506923122, 0.000207226694329, 0.000291777134407, 0.000513031554874, 0.000428989878856, 0.000348471367033, 0.0002188757353, 0.000364867795724, 0.000337745412253, 0.000272120931186, 0.000252537516644, 0.000514810089953, 0.000572561868466, 0.000481547554955, 0.00122077239212, 0.00111367600039, 0.001192952157, 0.00165374635253, 0.00196826597676, 0.00165741052479],
        "mean": [0.000463118019979, 0.000156764232088, 6.22795923846e-05, 3.15935831168e-05, 2.34446197283e-05, 1.62415271916e-05, 1.9238646928e-05, 1.95317006728e-05, 3.36671764671e-05, 2.1687039407e-05, 1.40997717608e-05, 1.17921481433e-05, 1.54135741468e-05, 2.1227844627e-05, 3.01583131659e-05, 2.52433910646e-05, 1.45857275129e-05, 1.46152096931e-05, 1.46924930959e-05, 1.59189858095e-05, 1.93851938093e-05, 1.41818909469e-05, 1.34383544719e-05, 1.99078021978e-05, 1.80771312444e-05, 1.63889453688e-05, 1.12818297566e-05, 1.54585904966e-05, 1.43355364344e-05, 1.46254651554e-05, 1.57726353791e-05, 2.27762538998e-05, 2.79494124698e-05, 3.09954630211e-05, 4.02770128858e-05, 4.37056260125e-05, 5.37971318408e-05, 7.0557493018e-05, 8.19282358862e-05, 6.78953001625e-05],
        "median": [5.11792109137e-07, 9.14072700198e-07, 1.5734290173e-06, 2.2410101792e-06, 2.37693257077e-06, 1.62989397268e-06, 2.69601332548e-06, 4.47046750196e-06, 5.04044555782e-06, 3.67704660675e-06, 3.8468110688e-06, 3.09682945954e-06, 4.5529009185e-06, 5.6396729633e-06, 6.40950520392e-06, 6.86113344273e-06, 3.76165303351e-06, 3.30898160428e-06, 3.99072405344e-06, 3.88249600292e-06, 4.88260184284e-06, 4.50076595371e-06, 3.52257598024e-06, 3.42979137713e-06, 3.70079601453e-06, 3.35723620992e-06, 3.28567853103e-06, 3.75433455702e-06, 3.683721161e-06, 3.99199825551e-06, 4.82149562231e-06, 4.85577356812e-06, 6.0876104726e-06, 7.48482443669e-06, 8.93351989362e-06, 9.73307487584e-06, 1.27409039123e-05, 1.80319711944e-05, 2.21224909183e-05, 1.67068119481e-05],
        "min": [1.70318640647e-14, 1.12081669629e-14, 5.31642897498e-15, 2.45566095771e-15, 2.39080258615e-15, 2.37342210535e-15, 1.24157030617e-15, 2.60500430126e-16, 3.4808084431e-17, 2.90889510584e-16, 6.35190642421e-16, 5.1011770449e-16, 5.75513677276e-16, 4.31956971658e-16, 2.29904091294e-16, 4.76513207554e-16, 9.43361133906e-16, 5.61750821251e-16, 7.13106820958e-16, 1.02047850744e-15, 9.70573020249e-16, 6.22458784311e-16, 2.63326926131e-16, 4.62567021836e-16, 6.76499274588e-16, 1.05710580026e-15, 3.5640684731e-16, 5.04698281814e-16, 4.6532289647e-16, 3.58578269209e-16, 9.99139100516e-16, 1.70214553003e-15, 5.15576620076e-16, 4.27043095303e-16, 2.96632049859e-16, 1.87472280203e-16, 3.06514250906e-16, 1.64536613225e-16, 3.2139169641e-16, 8.62611100764e-16],
        "stdev": [0.00555627420545, 0.00188048742712, 0.000591035524849, 0.000207704753848, 0.000122066434415, 8.18188491394e-05, 8.532130596e-05, 5.61299930268e-05, 0.000181242328836, 0.00010489019769, 2.97691040032e-05, 3.0024395528e-05, 3.26781373587e-05, 4.59261682408e-05, 6.89312655595e-05, 6.09864691796e-05, 3.59661571565e-05, 3.48954381479e-05, 3.02445532725e-05, 3.19159116771e-05, 4.80535636598e-05, 2.71532862826e-05, 3.04015666188e-05, 5.60618609597e-05, 4.51621781394e-05, 3.99553755415e-05, 2.58838736045e-05, 4.09227104683e-05, 3.49794208887e-05, 3.37045057677e-05, 3.48054672941e-05, 6.15773606114e-05, 6.85564373271e-05, 7.00326418155e-05, 0.000128276093164, 0.000126964761876, 0.000133799636387, 0.000175115899765, 0.000213493112824, 0.000179948518053],
        "var": [3.08721828333e-05, 3.53623295268e-06, 3.49322988313e-07, 4.31412630064e-08, 1.49002152838e-08, 6.69432376199e-09, 7.27972571113e-09, 3.15057624434e-09, 3.28487814727e-08, 1.10019531263e-08, 8.8619950267e-10, 9.01464292102e-10, 1.06786068876e-09, 2.10921280441e-09, 4.75151917811e-09, 3.71934949506e-09, 1.29356458878e-09, 1.21769161421e-09, 9.14733011559e-10, 1.01862551727e-09, 2.30914487531e-09, 7.37300998033e-10, 9.24255283419e-10, 3.14293213677e-09, 2.03962247092e-09, 1.59643209763e-09, 6.69974908885e-10, 1.67466829293e-09, 1.22355992005e-09, 1.13599374352e-09, 1.21142051945e-09, 3.79177178544e-09, 4.69998528985e-09, 4.90457097158e-09, 1.64547575565e-08, 1.61200510718e-08, 1.7902340943e-08, 3.06655785209e-08, 4.55793092158e-08, 3.23814681735e-08]
    },
    "melbands128": {
