{
"lowlevel": {
    "average_loudness": 0.878733992577,
    "barkbands_crest": {
        "dmean": 4.1715593338,
        "dmean2": 7.16296386719,
        "dvar": 13.1659784317,
        "dvar2": 31.4509887695,
        "max": 26.8141002655,
        "mean": 13.6435661316,
        "median": 13.2020044327,
        "min": 3.12142062187,
        "stdev": 5.85534572601,
        "var": 34.2850761414
    },
    "barkbands_flatness_db": {
        "dmean": 0.0603819824755,
        "dmean2": 0.0984738320112,
        "dvar": 0.00373678607866,
        "dvar2": 0.00813006144017,
        "max": 0.742459237576,
        "mean": 0.19783782959,
        "median": 0.177255228162,
        "min": 0.0322675928473,
        "stdev": 0.127943322062,
        "var": 0.0163694955409
    },
    "barkbands_kurtosis": {
        "dmean": 255.022216797,
        "dmean2": 481.864807129,
        "dvar": 1229173.5,
        "dvar2": 3588213,
        "max": 6726.71289062,
        "mean": 195.480300903,
        "median": 8.67359828949,
        "min": -1.68370592594,
        "stdev": 926.8828125,
        "var": 859111.75
    },
    "barkbands_skewness": {
        "dmean": 3.30101466179,
        "dmean2": 5.54898834229,
        "dvar": 45.7404937744,
        "dvar2": 124.39188385,
        "max": 58.7105407715,
        "mean": 3.38531780243,
        "median": 0.51858818531,
        "min": -6.51120090485,
        "stdev": 8.63729953766,
        "var": 74.602935791
    },
    "barkbands_spread": {
        "dmean": 14.8054361343,
        "dmean2": 23.6282901764,
        "dvar": 309.463562012,
        "dvar2": 585.696899414,
        "max": 110.334693909,
        "mean": 27.6567344666,
        "median": 15.531006813,
        "min": 0.0089376391843,
        "stdev": 29.6619300842,
        "var": 879.83013916
    },
    "dissonance": {
        "dmean": 0.0112600345165,
        "dmean2": 0.0200346130878,
        "dvar": 0.000184881937457,
        "dvar2": 0.000516702188179,
        "max": 0.499999523163,
        "mean": 0.486566573381,
        "median": 0.492238253355,
        "min": 0.40346416831,
        "stdev": 0.015935190022,
        "var": 0.000253930309555
    },
    "dynamic_complexity": 24.5667362213,
    "erbbands_crest": {
        "dmean": 3.44310259819,
        "dmean2": 5.4612698555,
        "dvar": 11.9135093689,
        "dvar2": 31.1121444702,
        "max": 28.9272937775,
        "mean": 9.98459720612,
        "median": 9.14305400848,
        "min": 2.19187450409,
        "stdev": 5.6699461937,
        "var": 32.1482887268
    },
    "erbbands_flatness_db": {
        "dmean": 0.0300295371562,
        "dmean2": 0.0476688146591,
        "dvar": 0.000933781848289,
        "dvar2": 0.00189053511713,
        "max": 0.363932132721,
        "mean": 0.140243634582,
        "median": 0.111930958927,
        "min": 0.0268651768565,
        "stdev": 0.0872825086117,
        "var": 0.00761823682114
    },
    "erbbands_kurtosis": {
        "dmean": 2.08635187149,
        "dmean2": 3.44779276848,
        "dvar": 7.30251598358,
        "dvar2": 16.01197052,
        "max": 20.1238956451,
        "mean": 1.83782970905,
        "median": 0.560715913773,
        "min": -1.52596902847,
        "stdev": 3.79283022881,
        "var": 14.3855619431
    },
    "erbbands_skewness": {
        "dmean": 0.635894477367,
        "dmean2": 1.04544603825,
        "dvar": 0.469861954451,
        "dvar2": 1.17567574978,
        "max": 2.85130405426,
        "mean": -0.119070447981,
        "median": -0.225337922573,
        "min": -3.14649128914,
        "stdev": 1.0920227766,
        "var": 1.1925137043
    },
    "erbbands_spread": {
        "dmean": 11.3634157181,
        "dmean2": 17.1605987549,
        "dvar": 134.270141602,
        "dvar2": 293.321350098,
        "max": 130.702819824,
        "mean": 40.232509613,
        "median": 36.4338150024,
        "min": 1.58364880085,
        "stdev": 27.0204429626,
        "var": 730.104309082
    },
    "hfc": {
        "dmean": 92.5536727905,
        "dmean2": 161.931915283,
        "dvar": 157989.09375,
        "dvar2": 417026.65625,
        "max": 3144.65014648,
        "mean": 61.2208518982,
        "median": 0.00818854011595,
        "min": 4.39227142124e-06,
        "stdev": 334.053649902,
        "var": 111591.84375
    },
    "loudness_ebu128": {
        "integrated": -15.199886322,
        "loudness_range": 0,
        "momentary": {
            "dmean": 5.56515836716,
            "dmean2": 8.71383190155,
            "dvar": 112.613235474,
            "dvar2": 179.655548096,
            "max": -10.7130260468,
            "mean": -34.7550430298,
            "median": -24.6385364532,
            "min": -67.2449417114,
            "stdev": 20.7247257233,
            "var": 429.514251709
        },
        "short_term": {
            "dmean": 0,
            "dmean2": 0,
            "dvar": 0,
            "dvar2": 0,
            "max": -18.8310279846,
            "mean": -18.8310279846,
            "median": -18.8310279846,
            "min": -18.8310279846,
            "stdev": 0,
            "var": 0
        }
    },
    "melbands_crest": {
        "dmean": 5.79491138458,
        "dmean2": 10.055264473,
        "dvar": 28.7318267822,
        "dvar2": 74.7836074829,
        "max": 39.9803199768,
        "mean": 22.0724639893,
        "median": 23.6646728516,
        "min": 3.16208386421,
        "stdev": 10.9648189545,
        "var": 120.227249146
    },
    "melbands_flatness_db": {
        "dmean": 0.0555843487382,
        "dmean2": 0.0881071612239,
        "dvar": 0.00373931461945,
        "dvar2": 0.00687682535499,
        "max": 0.746877789497,
        "mean": 0.221416220069,
        "median": 0.192060217261,
        "min": 0.024279313162,
        "stdev": 0.154496088624,
        "var": 0.0238690413535
    },
    "melbands_kurtosis": {
        "dmean": 907.674133301,
        "dmean2": 1728.1126709,
        "dvar": 20329356,
        "dvar2": 65197340,
        "max": 34462.546875,
        "mean": 681.632507324,
        "median": 7.87156581879,
        "min": -1.85210025311,
        "stdev": 3794.45922852,
        "var": 14397921
    },
    "melbands_skewness": {
        "dmean": 5.36287355423,
        "dmean2": 9.08976554871,
        "dvar": 279.252227783,
        "dvar2": 807.635925293,
        "max": 149.537780762,
        "mean": 7.05763244629,
        "median": 2.12044644356,
        "min": -5.39093732834,
        "stdev": 19.2428722382,
        "var": 370.288146973
    },
    "melbands_spread": {
        "dmean": 27.6756477356,
        "dmean2": 44.0534858704,
        "dvar": 1303.61010742,
        "dvar2": 2685.97412109,
        "max": 220.530609131,
        "mean": 55.0905151367,
        "median": 36.2106819153,
        "min": 0.00757974525914,
        "stdev": 56.7932891846,
        "var": 3225.47753906
    },
    "pitch_salience": {
        "dmean": 0.145522266626,
        "dmean2": 0.257460594177,
        "dvar": 0.0166315063834,
        "dvar2": 0.0402077771723,
        "max": 0.88234102726,
        "mean": 0.388568162918,
        "median": 0.386907577515,
        "min": 0.00557413743809,
        "stdev": 0.190421715379,
        "var": 0.0362604297698
    },
    "silence_rate_20dB": {
        "dmean": 0,
        "dmean2": 0,
        "dvar": 0,
        "dvar2": 0,
        "max": 1,
        "mean": 1,
        "median": 1,
        "min": 1,
        "stdev": 0,
        "var": 0
    },
    "silence_rate_30dB": {
        "dmean": 0.0188679248095,
        "dmean2": 0.0380952395499,
        "dvar": 0.0185118988156,
        "dvar2": 0.0366439968348,
        "max": 1,
        "mean": 0.981308400631,
        "median": 1,
        "min": 0,
        "stdev": 0.135433495045,
        "var": 0.0183422323316
    },
    "silence_rate_60dB": {
        "dmean": 0.132075473666,
        "dmean2": 0.266666680574,
        "dvar": 0.114631406963,
        "dvar2": 0.271746248007,
        "max": 1,
        "mean": 0.813084125519,
        "median": 1,
        "min": 0,
        "stdev": 0.389844149351,
        "var": 0.151978462934
    },
    "spectral_centroid": {
        "dmean": 531.764953613,
        "dmean2": 754.727478027,
        "dvar": 902668.75,
        "dvar2": 910668.5625,
        "max": 10995.3378906,
        "mean": 2713.47509766,
        "median": 3243.0546875,
        "min": 261.634216309,
        "stdev": 1752.72753906,
        "var": 3072053.75
    },
    "spectral_complexity": {
        "dmean": 1.96226418018,
        "dmean2": 2.76190471649,
        "dvar": 36.1684494019,
        "dvar2": 62.2194252014,
        "max": 50,
        "mean": 2.44859814644,
        "median": 0,
        "min": 0,
        "stdev": 7.91925907135,
        "var": 62.7146606445
    },
    "spectral_decrease": {
        "dmean": 1.03560515718e-09,
        "dmean2": 1.77593906248e-09,
        "dvar": 2.04970988277e-17,
        "dvar2": 5.45551256578e-17,
        "max": -2.64009614835e-17,
        "mean": -7.49662720789e-10,
        "median": -2.01319473245e-12,
        "min": -3.68242893956e-08,
        "stdev": 3.8468619401e-09,
        "var": 1.47983471854e-17
    },
    "spectral_energy": {
        "dmean": 0.0122961513698,
        "dmean2": 0.0213391352445,
        "dvar": 0.00281842332333,
        "dvar2": 0.00745791615918,
        "max": 0.424212783575,
        "mean": 0.00838231947273,
        "median": 9.07596404431e-06,
        "min": 4.98035446217e-10,
        "stdev": 0.044790070504,
        "var": 0.00200615031645
    },
    "spectral_energyband_high": {
        "dmean": 0.0097603565082,
        "dmean2": 0.0169993303716,
        "dvar": 0.00176072272006,
        "dvar2": 0.00466230325401,
        "max": 0.329575657845,
        "mean": 0.00653034169227,
        "median": 7.72204714394e-07,
        "min": 2.66276001248e-10,
        "stdev": 0.0351647175848,
        "var": 0.00123655737843
    },
    "spectral_energyband_low": {
        "dmean": 6.68675711495e-05,
        "dmean2": 0.000115050497698,
        "dvar": 6.70408510928e-08,
        "dvar2": 1.74330210712e-07,
        "max": 0.00248217838816,
        "mean": 8.1773592683e-05,
        "median": 2.73417572316e-06,
        "min": 5.49053406906e-11,
        "stdev": 0.000307943089865,
        "var": 9.48289553548e-08
    },
    "spectral_energyband_middle_high": {
        "dmean": 0.00221931887791,
        "dmean2": 0.00393221667036,
        "dvar": 9.97761744657e-05,
        "dvar2": 0.000274064543191,
        "max": 0.0791053175926,
        "mean": 0.00148365530185,
        "median": 3.93611173877e-07,
        "min": 5.93285698347e-11,
        "stdev": 0.00812262669206,
        "var": 6.59770594211e-05
    },
    "spectral_energyband_middle_low": {
        "dmean": 0.000171205101651,
        "dmean2": 0.000263886526227,
        "dvar": 9.62916374192e-07,
        "dvar2": 2.28385192713e-06,
        "max": 0.00847614184022,
        "mean": 0.000134488800541,
        "median": 1.88996935435e-07,
        "min": 1.42693504582e-11,
        "stdev": 0.000910526607186,
        "var": 8.29058706131e-07
    },
    "spectral_entropy": {
        "dmean": 0.336231172085,
        "dmean2": 0.51073294878,
        "dvar": 0.124737970531,
        "dvar2": 0.252111136913,
        "max": 9.79738330841,
        "mean": 7.83741617203,
        "median": 7.93081712723,
        "min": 5.27408313751,
        "stdev": 0.678267121315,
        "var": 0.460046261549
    },
    "spectral_flux": {
        "dmean": 0.0261376649141,
        "dmean2": 0.0387723185122,
        "dvar": 0.00569833768532,
        "dvar2": 0.0123583041131,
        "max": 0.644046783447,
        "mean": 0.0375182293355,
        "median": 0.00239126640372,
        "min": 4.42696837126e-05,
        "stdev": 0.0926732718945,
        "var": 0.00858833547682
    },
    "spectral_kurtosis": {
        "dmean": 1.1327893734,
        "dmean2": 1.72495102882,
        "dvar": 1.30988407135,
        "dvar2": 2.7010641098,
        "max": 9.3885307312,
        "mean": 3.20297217369,
        "median": 3.04950618744,
        "min": -1.16753911972,
        "stdev": 1.84192752838,
        "var": 3.39269685745
    },
    "spectral_rms": {
        "dmean": 0.000898353056982,
        "dmean2": 0.00137938931584,
        "dvar": 6.08545269642e-06,
        "dvar2": 1.47433720485e-05,
        "max": 0.0203437004238,
        "mean": 0.00108035560697,
        "median": 9.40988757065e-05,
        "min": 6.97056862009e-07,
        "stdev": 0.00264777406119,
        "var": 7.01070757714e-06
    },
    "spectral_rolloff": {
        "dmean": 2111.67553711,
        "dmean2": 3484.07177734,
        "dvar": 8563355,
        "dvar2": 15756081,
        "max": 18712.3535156,
        "mean": 4717.78369141,
        "median": 4349.70703125,
        "min": 21.533203125,
        "stdev": 4843.82470703,
        "var": 23462636
    },
    "spectral_skewness": {
        "dmean": 0.213381141424,
        "dmean2": 0.300349742174,
        "dvar": 0.0462912581861,
        "dvar2": 0.0810692384839,
        "max": 2.3815510273,
        "mean": 1.44020867348,
        "median": 1.40051519871,
        "min": -0.0133892418817,
        "stdev": 0.406458646059,
        "var": 0.165208622813
    },
    "spectral_spread": {
        "dmean": 1446256.5,
        "dmean2": 2146040,
        "dvar": 9.01789515776e+12,
        "dvar2": 1.11273511485e+13,
        "max": 40140732,
        "mean": 7344481.5,
        "median": 6916713,
        "min": 2727980.75,
        "stdev": 3693297.25,
        "var": 1.36404438876e+13
    },
    "spectral_strongpeak": {
        "dmean": 1.56079649925,
        "dmean2": 2.58356499672,
        "dvar": 16.7727203369,
        "dvar2": 36.9621353149,
        "max": 28.2662448883,
        "mean": 1.95045018196,
        "median": 0.00163834902924,
        "min": 0,
        "stdev": 4.5461769104,
        "var": 20.6677246094
    },
    "zerocrossingrate": {
        "dmean": 0.0295502282679,
        "dmean2": 0.0379696786404,
        "dvar": 0.00115244893823,
        "dvar2": 0.00162878772244,
        "max": 0.38525390625,
        "mean": 0.14096724987,
        "median": 0.13671875,
        "min": 0,
        "stdev": 0.112486809492,
        "var": 0.0126532828435
    },
    "barkbands": {
        "dmean": [0.000208652825677, 1.73336611624e-05, 4.28967996413e-06, 4.68300822831e-06, 5.53704057893e-06, 4.035902748e-06, 1.92935458472e-05, 2.59175776591e-05, 0.00010195280629, 4.64539043605e-05, 3.57685566996e-05, 4.79967820866e-05, 6.86630955897e-05, 8.31030047266e-05, 0.000141788390465, 0.000133607434691, 0.000237461965298, 0.000867846014444, 0.000402007397497, 0.000672490219586, 0.000808843469713, 0.00219382112846, 0.0011291889241, 0.00196970347315, 0.00152356270701, 0.00125167856459, 0.000441395153757],
        "dmean2": [0.000402109173592, 3.25395885739e-05, 8.45089743962e-06, 9.03219097381e-06, 1.09947905003e-05, 7.49710170567e-06, 3.7913207052e-05, 4.95446947752e-05, 0.000162453608937, 8.10882193036e-05, 5.910604159e-05, 8.7768821686e-05, 0.000117952411529, 0.000135024616611, 0.00021941853629, 0.000243855218287, 0.000425337813795, 0.0015858275583, 0.000729483319446, 0.00111765344627, 0.00153953919653, 0.00403421046212, 0.00210996042006, 0.00315645057708, 0.00254704500549, 0.0021999955643, 0.000812928541563],
        "dvar": [9.59125259214e-07, 6.49963727284e-09, 8.26580526248e-10, 9.89067716617e-10, 1.21530241426e-09, 3.54980905781e-10, 1.41602880532e-08, 2.49257805507e-08, 3.71360556528e-07, 6.14201454141e-08, 2.39786430711e-08, 4.54950885853e-08, 1.37081130447e-07, 1.99110900212e-07, 5.42893985767e-07, 6.70234214795e-07, 1.98071529667e-06, 1.09971024358e-05, 4.46781041319e-06, 6.1112068579e-06, 2.80837157334e-05, 8.20356872282e-05, 4.78275760543e-05, 6.43235107418e-05, 4.52542153653e-05, 2.3262180548e-05, 5.39638813279e-06],
        "dvar2": [3.0186490676e-06, 2.01991419146e-08, 2.46186582231e-09, 2.89711965529e-09, 3.644738511e-09, 1.01720809553e-09, 4.20431547354e-08, 7.28825071405e-08, 8.39941264985e-07, 1.24869785623e-07, 5.8573458972e-08, 1.17728014004e-07, 3.6144541582e-07, 4.28408242215e-07, 1.28985072934e-06, 1.94487711269e-06, 5.49433298147e-06, 3.09779825329e-05, 1.24685057017e-05, 1.60623167176e-05, 8.18701810203e-05, 0.000231574798818, 0.00013607017172, 0.000153640343342, 0.00011209405784, 6.04800407018e-05, 1.4975211343e-05],
        "max": [0.00744276773185, 0.000651849724818, 0.000215203384869, 0.000240884051891, 0.000260765868006, 0.000145071404404, 0.000920365273487, 0.00122410943732, 0.0052251573652, 0.00204002531245, 0.00116669002455, 0.00149362022057, 0.00309665873647, 0.00385209312662, 0.00629600463435, 0.00653230305761, 0.0114928390831, 0.0194287449121, 0.0167799256742, 0.0168311279267, 0.041006218642, 0.0542358607054, 0.054804854095, 0.0640893355012, 0.0561979748309, 0.0328735932708, 0.0185579359531],
        "mean": [0.000162552780239, 1.89973598026e-05, 2.3622540084e-06, 2.60627552962e-06, 3.32267200065e-06, 2.66418396677e-06, 1.16528781291e-05, 1.5548295778e-05, 8.34190213936e-05, 4.34711037087e-05, 2.71280587185e-05, 3.85616986023e-05, 4.78077236039e-05, 7.46041259845e-05, 0.00010937670595, 9.20693491935e-05, 0.000154657653184, 0.000554111902602, 0.000251639081398, 0.000535532890353, 0.00046757463133, 0.00137491687201, 0.00067286909325, 0.00146076467354, 0.00106231949758, 0.000801617337856, 0.000263659923803],
        "median": [1.79198013939e-06, 1.41997816172e-06, 7.06460383526e-08, 2.05608436943e-08, 4.60833717852e-08, 4.65519605086e-08, 2.69936482056e-08, 1.31663027148e-08, 1.54726400581e-08, 1.40111016123e-08, 1.47833301156e-08, 2.58741454928e-08, 3.06033243191e-08, 5.7027143896e-08, 4.48045121004e-08, 1.90229538788e-08, 1.29037909247e-08, 9.51291170281e-08, 1.88029982695e-08, 9.31560251161e-08, 3.30278986382e-08, 1.07972454089e-07, 1.85127095875e-08, 4.99725878456e-08, 7.67181020933e-08, 6.70634889843e-08, 1.37403635136e-08],
        "min": [9.14034126165e-11, 1.61741956634e-11, 3.3219590273e-12, 2.36384696539e-12, 4.48682454038e-12, 2.03582550123e-12, 5.32024348621e-13, 2.20197037687e-12, 2.34200809787e-12, 1.44112022663e-12, 1.52989231526e-12, 5.27252547178e-12, 1.95216217323e-12, 3.32888968127e-12, 4.86544225048e-12, 1.59959144454e-12, 1.92726672295e-12, 8.98892939249e-12, 1.81029566337e-11, 1.41366831435e-11, 1.20649904997e-11, 2.12461940402e-11, 2.87551545075e-11, 1.8648896663e-11, 3.16205291118e-11, 5.13656374379e-11, 9.63069901605e-11],
        "stdev": [0.000806977623142, 7.28242885089e-05, 2.06966251426e-05, 2.32275597227e-05, 2.51548481174e-05, 1.47543878484e-05, 8.93184478628e-05, 0.000118843418022, 0.000579017854761, 0.000252239115071, 0.000141763404827, 0.000184318894753, 0.000313976750476, 0.000444277015049, 0.000680341385305, 0.000639506790321, 0.00113592657726, 0.00259288609959, 0.00167267397046, 0.00213981582783, 0.00396237429231, 0.00705135986209, 0.00533492956311, 0.00735989725217, 0.00598124414682, 0.00410929182544, 0.00184078351595],
        "var": [6.51212872071e-07, 5.30337729288e-09, 4.28350299675e-10, 5.39519540155e-10, 6.32766394837e-10, 2.17691947801e-10, 7.97778554329e-09, 1.4123758163e-08, 3.35261688633e-07, 6.36245687247e-08, 2.00968646169e-08, 3.39734569366e-08, 9.85814025967e-08, 1.97382064471e-07, 4.6286442057e-07, 4.08968901411e-07, 1.29032912355e-06, 6.72305804983e-06, 2.79783807855e-06, 4.5788119678e-06, 1.57004105859e-05, 4.97216788062e-05, 2.84614743578e-05, 5.41680856259e-05, 3.57752796845e-05, 1.68862788996e-05, 3.38848394676e-06]
    },
    "erbbands": {
        "dmean": [0.00111581990495, 0.00159781379625, 0.0039017512463, 0.0124459937215, 0.00993881002069, 0.0196066685021, 0.0457491874695, 0.033363353461, 0.232533857226, 0.474317699671, 0.75614798069, 2.76165127754, 1.42687213421, 1.98532736301, 1.35510504246, 2.02282619476, 2.95477342606, 3.47488808632, 5.38201093674, 7.3406047821, 9.86964607239, 13.5887355804, 24.4638233185, 45.6182479858, 19.1065196991, 26.7097396851, 33.4464530945, 42.8920822144, 70.1350097656, 58.1065406799, 33.116607666, 45.2078666687, 24.1245326996, 15.6245355606, 13.6109457016, 5.30435466766, 2.35930681229, 0.516757130623, 0.078041434288, 0.00545351300389],
        "dmean2": [0.00193753512576, 0.00293548288755, 0.00761813530698, 0.0242115389556, 0.0193580221385, 0.0385859794915, 0.0903068259358, 0.0612533167005, 0.461500972509, 0.887650489807, 1.33716499805, 4.2505197525, 2.55172562599, 3.20260000229, 2.13334846497, 3.84637331963, 4.7539639473, 6.13311576843, 8.89024162292, 10.8134708405, 18.2744503021, 24.4873790741, 44.9413223267, 82.4310302734, 34.7268409729, 46.5262908936, 57.710105896, 81.5878219604, 128.409240723, 107.945640564, 58.0091247559, 75.0435791016, 44.0887794495, 26.2021503448, 23.8250923157, 9.55541419983, 4.41209554672, 0.965100586414, 0.138753205538, 0.0100365011021],
        "dvar": [1.66995050677e-05, 7.39075621823e-05, 0.000630010210443, 0.00709633063525, 0.00433033378795, 0.013937279582, 0.0778753384948, 0.0218175798655, 2.22867393494, 7.37466526031, 20.8017482758, 270.617950439, 65.5002746582, 91.3268508911, 30.8008289337, 91.4779434204, 227.178283691, 344.135894775, 819.405822754, 1579.90197754, 3823.21679688, 6354.22949219, 13418.9814453, 27798.2734375, 9184.29003906, 13686.5625, 21350.1269531, 76263.1953125, 86659.6328125, 62897.9101562, 32538.7988281, 48586.9765625, 10481.1230469, 3699.56079102, 3316.56542969, 577.437744141, 74.3911056519, 4.52077388763, 0.120437279344, 0.000767083780374],
        "dvar2": [4.30691216025e-05, 0.000217496912228, 0.00187368260231, 0.0209026820958, 0.0129044540226, 0.0415889881551, 0.231439039111, 0.0625483170152, 6.65737867355, 21.2876110077, 56.1593666077, 631.244628906, 130.331771851, 229.150054932, 73.5607528687, 242.647994995, 555.112304688, 669.129821777, 2111.90966797, 3707.02685547, 11094.8330078, 17793.8378906, 38661.5273438, 77081.5078125, 25652.7070312, 37718.6914062, 59679.4609375, 222535.140625, 243813.109375, 177332.953125, 88190.875, 108153.4375, 29029.3339844, 8661.82519531, 8565.06445312, 1556.8548584, 181.646484375, 12.4730052948, 0.318149030209, 0.00211750273593],
        "max": [0.0429543182254, 0.0693065151572, 0.188700705767, 0.640553236008, 0.500330209732, 0.887070775032, 2.08536481857, 1.14645123482, 11.4408559799, 21.3938426971, 37.8929519653, 141.339523315, 67.0860748291, 79.3576889038, 42.7530975342, 65.7784042358, 128.624145508, 149.877975464, 241.49760437, 344.995727539, 487.060028076, 647.823730469, 869.049499512, 966.122680664, 751.27746582, 888.536987305, 1107.48693848, 2129.79370117, 2128.4909668, 1547.13879395, 1476.13708496, 1841.69726562, 776.833496094, 481.072143555, 471.06552124, 182.688201904, 52.3597640991, 15.4084348679, 2.78318428993, 0.219716206193],
        "mean": [0.00172560790088, 0.00137075805105, 0.00223118509166, 0.00686794007197, 0.00605676835403, 0.0120961330831, 0.0258824415505, 0.023095831275, 0.13823568821, 0.292808592319, 0.517876446247, 2.16888308525, 1.31371068954, 1.51100361347, 1.11434304714, 1.54958736897, 2.24453258514, 3.45781469345, 3.91088867188, 6.08086776733, 6.21996498108, 8.89047622681, 15.6391086578, 29.3078136444, 11.9257717133, 18.6104106903, 25.1820335388, 24.7522697449, 44.6937408447, 35.548034668, 21.8147792816, 37.0294036865, 14.791510582, 11.2646532059, 9.02464866638, 3.29925656319, 1.62777984142, 0.304001748562, 0.0488051734865, 0.00327018788084],
        "median": [8.06985990494e-05, 9.30464302655e-05, 8.54021927807e-05, 8.68769566296e-05, 7.47045705793e-05, 0.000191078972421, 0.000317311903927, 0.000253515609074, 0.000267740571871, 0.000379182340112, 0.000335764227202, 0.000337724399287, 0.000404086196795, 0.000530643737875, 0.000891179195605, 0.00113790587056, 0.00113040907308, 0.0028792633675, 0.00261373235844, 0.00168783427216, 0.00124023284297, 0.000773706939071, 0.00170975283254, 0.00510016130283, 0.000993506400846, 0.00323520018719, 0.00553366960958, 0.00211016996764, 0.00532469712198, 0.00158390542492, 0.000716394046322, 0.000884923501872, 0.000893323449418, 0.000899451144505, 0.000417017174186, 0.000251993507845, 0.00012275550398, 2.25198582484e-05, 2.4884927825e-06, 2.51503536219e-07],
        "min": [9.63639390505e-10, 2.6556967736e-09, 3.51130702292e-09, 8.27308621609e-09, 1.18330287791e-08, 1.21342820236e-08, 1.27913049042e-08, 2.19613731645e-08, 7.22548865184e-09, 1.22911556488e-08, 6.6366887097e-08, 5.93187472475e-08, 3.52680444848e-08, 6.0078690467e-08, 6.79371083834e-08, 2.51105774396e-07, 1.24114762912e-07, 2.68876419796e-07, 1.24809034219e-07, 2.86942480443e-07, 8.42509280119e-08, 1.14615318125e-07, 3.31108367391e-07, 7.9070684933e-07, 9.34047477585e-07, 6.55094311242e-07, 5.4770140423e-07, 6.30164151971e-07, 6.95992639521e-07, 7.41014332561e-07, 9.68453036876e-07, 4.30694711895e-07, 3.16187396265e-07, 2.60401577634e-07, 2.69907872052e-07, 1.98175030164e-07, 8.44727878757e-08, 4.50482531278e-08, 1.32447297574e-08, 1.47806755724e-09],
        "stdev": [0.00561486789957, 0.00698329787701, 0.0181649811566, 0.0617016218603, 0.0482052229345, 0.0858736857772, 0.201680287719, 0.118816241622, 1.10523831844, 2.10661816597, 3.77996134758, 15.3153944016, 8.25840473175, 8.56034564972, 5.22270536423, 7.99494743347, 13.732416153, 19.4320354462, 24.7789268494, 37.5789871216, 47.3441505432, 63.9269294739, 88.2970199585, 132.976272583, 75.9464263916, 94.481262207, 117.48992157, 205.628921509, 230.110275269, 195.116546631, 147.503204346, 209.617202759, 81.6262512207, 56.4823608398, 49.3619232178, 19.7135105133, 7.65629386902, 1.69378638268, 0.290847808123, 0.0220910217613],
        "var": [3.15267425322e-05, 4.87664474349e-05, 0.000329966540448, 0.00380708999, 0.00232374342158, 0.00737428991124, 0.0406749397516, 0.0141172995791, 1.22155165672, 4.43783998489, 14.2881069183, 234.561309814, 68.2012557983, 73.279510498, 27.2766494751, 63.9191856384, 188.57925415, 377.604003906, 613.995239258, 1412.18029785, 2241.46850586, 4086.65209961, 7796.36425781, 17682.6875, 5767.85986328, 8926.70898438, 13803.8808594, 42283.2539062, 52950.7382812, 38070.46875, 21757.1953125, 43939.3710938, 6662.84472656, 3190.25708008, 2436.59936523, 388.622467041, 58.6188392639, 2.86891245842, 0.0845924392343, 0.000488013261929]
    },
    "gfcc": {
        "mean": [-407.117675781, -14.1652898788, -78.6221160889, 33.4455413818, -39.1360435486, 19.0862503052, -18.4259395599, 14.8319406509, -14.576420784, 13.2967529297, -5.94295501709, 10.1498212814, -4.670773983],
        "cov": [[69642.1875, -17008.015625, -9401.56933594, -215.042617798, -3229.83349609, 890.078979492, 990.793273926, 1645.87976074, -755.587036133, 783.071960449, 12.7683105469, 774.113952637, -887.571411133], [-17008.015625, 6446.99951172, 2423.90771484, -142.936309814, 1007.47839355, -174.291992188, -374.955596924, -506.94342041, 403.356689453, -260.439422607, -53.0122299194, -271.388275146, 308.300842285], [-9401.56933594, 2423.90771484, 1802.14123535, 13.9675521851, 484.102386475, -150.238876343, -103.252410889, -219.425765991, 119.919441223, -147.548843384, -18.0753173828, -150.096069336, 183.24331665], [-215.042617798, -142.936309814, 13.9675521851, 386.629974365, -50.7187347412, 8.55739974976, 82.4605712891, 25.0208892822, -32.2805519104, 34.322227478, 31.2607402802, -17.2001209259, 26.5061149597], [-3229.83349609, 1007.47839355, 484.102386475, -50.7187347412, 292.42666626, -24.9591732025, -17.8364105225, -58.459197998, 74.1750335693, -48.3700523376, 8.14719963074, -57.1866149902, 59.3675689697], [890.078979492, -174.291992188, -150.238876343, 8.55739974976, -24.9591732025, 119.113670349, 33.0689086914, 49.9451599121, 37.9911460876, -9.70556545258, 11.604388237, 28.278678894, -18.9179782867], [990.793273926, -374.955596924, -103.252410889, 82.4605712891, -17.8364105225, 33.0689086914, 198.803970337, 81.2779083252, 5.80084705353, 9.27311325073, 32.7894210815, 31.5985794067, 3.06896829605], [1645.87976074, -506.94342041, -219.425765991, 25.0208892822, -58.459197998, 49.9451599121, 81.2779083252, 147.539001465, 38.3664855957, 13.4156770706, 28.1380767822, 32.6465454102, -36.3241500854], [-755.587036133, 403.356689453, 119.919441223, -32.2805519104, 74.1750335693, 37.9911460876, 5.80084705353, 38.3664855957, 174.436050415, -43.6038513184, 18.7867469788, 2.13116121292, 8.0798625946], [783.071960449, -260.439422607, -147.548843384, 34.322227478, -48.3700523376, -9.70556545258, 9.27311325073, 13.4156770706, -43.6038513184, 77.5814056396, 4.68578338623, -13.0934848785, 0.00843141693622], [12.7683105469, -53.0122299194, -18.0753173828, 31.2607402802, 8.14719963074, 11.604388237, 32.7894210815, 28.1380767822, 18.7867469788, 4.68578338623, 67.3666534424, 38.9162979126, -0.54547470808], [774.113952637, -271.388275146, -150.096069336, -17.2001209259, -57.1866149902, 28.278678894, 31.5985794067, 32.6465454102, 2.13116121292, -13.0934848785, 38.9162979126, 105.823997498, -27.0652961731], [-887.571411133, 308.300842285, 183.24331665, 26.5061149597, 59.3675689697, -18.9179782867, 3.06896829605, -36.3241500854, 8.0798625946, 0.00843141693622, -0.54547470808, -27.0652961731, 77.0130386353]],
        "icov": [[8.896633517e-05, 8.49062053021e-05, 0.000282171124127, 0.000172960528289, 0.000318418547977, -0.000101626064861, -0.000101044832263, -0.000252690777415, 1.49989728015e-05, 0.000130581887788, 4.0439368604e-05, 0.00021209580882, -0.000357834564056], [8.49062053021e-05, 0.000764169381, 2.60617343883e-05, -7.24197889213e-05, -0.00100926170126, -5.88726106798e-05, 0.000490276317578, 0.00112117244862, -0.00119638768956, 0.000229076787946, 0.000299350300338, 0.0001107530843, -0.000678321288433], [0.000282171124127, 2.60617343883e-05, 0.00257382332347, 0.000187735597137, -7.03847617842e-05, 0.000920016726013, -0.000267100607743, -0.000646051892545, 0.000198230263777, 0.00263831042685, -0.000273872778052, 0.00144484220073, -0.00257011386566], [0.000172960528289, -7.24197889213e-05, 0.000187735597137, 0.00399328721687, 0.00271234218962, -0.000963305472396, -0.00176215800457, -0.000884554523509, 0.00107939867303, -0.000281085231109, -0.00256372708827, 0.0024979757145, -0.00146581127774], [0.000318418547977, -0.00100926170126, -7.03847617842e-05, 0.00271234218962, 0.0117505984381, -0.00124782591593, -0.00265824957751, -0.00210593477823, 0.00097037490923, 0.00155279505998, -0.00438531814143, 0.00489547103643, -0.00172072160058], [-0.000101626064861, -5.88726106798e-05, 0.000920016726013, -0.000963305472396, -0.00124782591593, 0.0119144739583, -0.000219861860387, -0.00129322160501, -0.00238970736973, 0.0023077481892, 0.00082893500803, -0.00157336646225, 0.000197784334887], [-0.000101044832263, 0.000490276317578, -0.000267100607743, -0.00176215800457, -0.00265824957751, -0.000219861860387, 0.00851539894938, -0.00315313087776, 0.000169596096384, 0.00053068913985, -0.000200003370992, -0.00211468175985, -0.00247902120464], [-0.000252690777415, 0.00112117244862, -0.000646051892545, -0.000884554523509, -0.00210593477823, -0.00129322160501, -0.00315313087776, 0.0173930916935, -0.0064335372299, -0.00202625896782, -0.00236975727603, 0.000448481732747, 0.0048921755515], [1.49989728015e-05, -0.00119638768956, 0.000198230263777, 0.00107939867303, 0.00097037490923, -0.00238970736973, 0.000169596096384, -0.0064335372299, 0.0114699117839, 0.00398398842663, -0.0027931779623, 0.00141321390402, -0.000984105747193], [0.000130581887788, 0.000229076787946, 0.00263831042685, -0.000281085231109, 0.00155279505998, 0.0023077481892, 0.00053068913985, -0.00202625896782, 0.00398398842663, 0.0229667015374, -0.00627507735044, 0.00783020909876, -0.00491299014539], [4.0439368604e-05, 0.000299350300338, -0.000273872778052, -0.00256372708827, -0.00438531814143, 0.00082893500803, -0.000200003370992, -0.00236975727603, -0.0027931779623, -0.00627507735044, 0.026187190786, -0.0126617942005, -0.000694490852766], [0.00021209580882, 0.0001107530843, 0.00144484220073, 0.0024979757145, 0.00489547103643, -0.00157336646225, -0.00211468175985, 0.000448481732747, 0.00141321390402, 0.00783020909876, -0.0126617942005, 0.0199494734406, 0.000611145980656], [-0.000357834564056, -0.000678321288433, -0.00257011386566, -0.00146581127774, -0.00172072160058, 0.000197784334887, -0.00247902120464, 0.0048921755515, -0.000984105747193, -0.00491299014539, -0.000694490852766, 0.000611145980656, 0.022290982306]]
    },
    "melbands": {
        "dmean": [1.32975837914e-05, 2.00832846531e-06, 2.02546220862e-06, 8.87474925548e-07, 1.52763936967e-06, 8.21394792183e-07, 3.54955705006e-06, 5.27726251676e-06, 8.48509353091e-06, 1.63453260029e-05, 6.85013901602e-06, 7.98481505626e-06, 4.74688840768e-06, 4.68830603495e-06, 5.59642103326e-06, 7.16241856935e-06, 6.42521035843e-06, 7.72015300754e-06, 1.39574676723e-05, 5.98119777351e-06, 1.36199978442e-05, 1.36775370265e-05, 1.53902456077e-05, 3.64184561477e-05, 3.75571617042e-05, 1.85944445548e-05, 9.7716201708e-06, 2.04475818464e-05, 2.49096920015e-05, 1.24524285638e-05, 3.22594933095e-05, 3.56016171281e-05, 5.64900692552e-05, 2.22540020332e-05, 1.61604693858e-05, 2.90916250378e-05, 2.32329184655e-05, 1.37958750202e-05, 2.04304051294e-05, 9.93978846964e-06],
        "dmean2": [2.31565736613e-05, 3.86644296668e-06, 3.93162918044e-06, 1.74927561147e-06, 3.01951490655e-06, 1.52700852141e-06, 6.9452257776e-06, 9.8801428976e-06, 1.42034241435e-05, 2.5541656214e-05, 1.16628170872e-05, 1.29558366098e-05, 7.55741712055e-06, 8.57121813169e-06, 9.59296539804e-06, 1.1761728274e-05, 1.18357547763e-05, 1.30176895254e-05, 2.26103020395e-05, 9.22919844015e-06, 2.5892884878e-05, 2.48603300861e-05, 2.82935761788e-05, 6.60385703668e-05, 6.7747234425e-05, 3.44071049767e-05, 1.80923198059e-05, 3.47642489942e-05, 4.10676038882e-05, 2.33619975916e-05, 6.25402244623e-05, 6.62756356178e-05, 0.000104291000753, 4.17168412241e-05, 3.00920855807e-05, 4.76032764709e-05, 3.71539354092e-05, 2.64445206994e-05, 3.58086508641e-05, 1.56066471391e-05],
        "dvar": [2.30445040827e-09, 1.55090759679e-10, 1.87240861704e-10, 3.04664106443e-11, 8.73041430816e-11, 1.48231548563e-11, 5.03649677519e-10, 9.17006359735e-10, 2.5771613732e-09, 9.40836297758e-09, 1.39098832452e-09, 1.50477441618e-09, 4.09090428199e-10, 4.154712685e-10, 6.00666016926e-10, 1.40518807701e-09, 1.2870823296e-09, 1.80982273612e-09, 5.66372415634e-09, 1.01294506116e-09, 7.70053532051e-09, 6.42012842889e-09, 9.38937017025e-09, 1.9068917112e-08, 1.86119581969e-08, 1.01022346044e-08, 2.9330162743e-09, 6.90318602281e-09, 8.13788769705e-09, 6.46588649289e-09, 4.71289283155e-08, 3.4342022559e-08, 7.53809032972e-08, 1.46518459587e-08, 9.30553767375e-09, 1.9027604381e-08, 1.38533877703e-08, 5.71365843527e-09, 4.63305571685e-09, 2.25109486607e-09],
        "dvar2": [5.85126480601e-09, 4.59380700146e-10, 5.52199341808e-10, 9.13529321633e-11, 2.59463173169e-10, 4.31303256998e-11, 1.49571888208e-09, 2.64480060075e-09, 6.60242172046e-09, 2.16402362696e-08, 2.86038304154e-09, 3.80982134729e-09, 9.90563076009e-10, 1.04049824312e-09, 1.5346486304e-09, 3.54812090819e-09, 2.45741649252e-09, 4.79135575659e-09, 1.41980587287e-08, 2.47771736461e-09, 2.25813909793e-08, 1.80771415614e-08, 2.67638817775e-08, 5.34105275563e-08, 5.14973521604e-08, 2.85409189615e-08, 8.38360758593e-09, 1.85859718727e-08, 2.13361239787e-08, 1.86633588584e-08, 1.38655821047e-07, 9.86638539757e-08, 2.16437058498e-07, 4.16323615582e-08, 2.63658144206e-08, 4.31142446189e-08, 3.19703232776e-08, 1.66915494759e-08, 1.20729453101e-08, 5.29400034921e-09],
        "max": [0.000484371557832, 9.48607121245e-05, 0.000104087659565, 4.16864095314e-05, 6.9836176408e-05, 2.98702761938e-05, 0.000173272797838, 0.000238271051785, 0.000431136693805, 0.000833102851175, 0.000319746875903, 0.000322329025948, 0.000159474046086, 0.000141473137774, 0.000164902157849, 0.000319881655741, 0.0002823844261, 0.000355465570465, 0.000639314414002, 0.000281685555819, 0.00067850924097, 0.00064767798176, 0.000773131207097, 0.00082931027282, 0.00076876336243, 0.000785921001807, 0.000424343452323, 0.000613792508375, 0.000609107373748, 0.000632947310805, 0.00165508082137, 0.00143898627721, 0.00206386204809, 0.000949654611759, 0.000767427496612, 0.00114666367881, 0.00099678162951, 0.000575039011892, 0.000381251767976, 0.000399818673031],
        "mean": [1.78154823516e-05, 1.24509188026e-06, 1.13222847631e-06, 5.71833879803e-07, 8.67218943768e-07, 5.54888629267e-07, 2.13415842154e-06, 3.2447085232e-06, 6.12519215792e-06, 1.30211583382e-05, 6.00046905674e-06, 6.03956505074e-06, 3.76023854187e-06, 3.92963011109e-06, 4.09281392422e-06, 5.28781629328e-06, 6.67613312544e-06, 5.47467379874e-06, 1.02060739664e-05, 5.42531461178e-06, 8.05880245025e-06, 8.767629879e-06, 9.8875407275e-06, 2.34361323237e-05, 2.41770194407e-05, 1.11636209112e-05, 6.01770125286e-06, 1.47925529745e-05, 2.06188724405e-05, 7.69614052842e-06, 1.77145302587e-05, 2.22683356697e-05, 3.53803916369e-05, 1.31249125843e-05, 9.77420131676e-06, 2.36141404457e-05, 1.84502841876e-05, 7.79366291681e-06, 1.35040227178e-05, 7.38761582397e-06],
        "median": [5.98765211635e-07, 6.43950954782e-08, 1.5922299923e-08, 8.55600923444e-09, 1.09909654711e-08, 6.19933571144e-09, 4.2373136111e-09, 3.82121134734e-09, 2.96919622222e-09, 2.09571471288e-09, 1.94876159654e-09, 2.17663176372e-09, 2.02402361538e-09, 2.5186566166e-09, 1.59503354968e-09, 3.62724050795e-09, 5.67074920355e-09, 3.50100726187e-09, 3.6108889212e-09, 1.10109776852e-09, 1.43705047861e-09, 7.3228512143e-10, 8.99900376439e-10, 3.97269284136e-09, 4.30582458577e-09, 7.02151947696e-10, 6.36618147087e-10, 2.64719335341e-09, 5.5430411372e-09, 7.46946338115e-10, 6.67157329381e-10, 3.45290862569e-09, 1.5682388721e-09, 4.81122752749e-10, 3.55540347163e-10, 4.8262049912e-10, 5.14070952473e-10, 7.07981895331e-10, 1.22804666436e-09, 4.69414396242e-10],
        "min": [1.11979583592e-11, 2.45940203966e-12, 1.41366670973e-12, 9.66381488721e-13, 4.6138147556e-13, 4.34715468917e-13, 1.19937290351e-13, 1.68871915149e-13, 5.43859499536e-13, 3.62666521163e-13, 1.64787115702e-13, 2.3512011023e-13, 2.15501106001e-13, 4.31407513879e-13, 5.42315216172e-13, 2.64731433389e-13, 4.23253012499e-13, 1.55101517567e-13, 4.76620858666e-13, 1.90297539011e-13, 8.41431823306e-14, 9.12247504641e-14, 1.80245195939e-13, 4.67833779529e-13, 6.17286224306e-13, 6.36829076885e-13, 5.27755356777e-13, 4.23311884677e-13, 3.93382998702e-13, 2.68906750166e-13, 4.16306095499e-13, 3.39931668968e-13, 5.02826838326e-13, 3.63884568094e-13, 5.70727980934e-13, 3.63273050964e-13, 2.28301508557e-13, 1.8445550534e-13, 2.54987979516e-13, 2.12714069449e-13],
        "stdev": [6.23652013019e-05, 9.16531644179e-06, 1.00256283986e-05, 4.02823752665e-06, 6.75243154546e-06, 3.03026945403e-06, 1.67636353581e-05, 2.34421240748e-05, 4.41916054115e-05, 9.11053211894e-05, 3.76025855076e-05, 3.44804466295e-05, 1.87556579476e-05, 1.81181112566e-05, 2.15484797081e-05, 3.33214302373e-05, 3.77559408662e-05, 3.5857752664e-05, 6.65322513669e-05, 3.05522080453e-05, 6.56002157484e-05, 6.38611381873e-05, 7.53931381041e-05, 0.000108716114482, 0.000109111366328, 7.82586939749e-05, 4.18517520302e-05, 6.90479282639e-05, 7.91313286754e-05, 6.14179007243e-05, 0.000159508257639, 0.00014072979684, 0.000209199482924, 9.32901675696e-05, 7.49193277443e-05, 0.000130021304358, 0.000109755041194, 5.61650922464e-05, 5.82138964091e-05, 4.38861497969e-05],
        "var": [3.88941812091e-09, 8.40030198179e-11, 1.00513215806e-10, 1.62266988041e-11, 4.55953330647e-11, 9.18253320603e-12, 2.8101948546e-10, 5.49533196725e-10, 1.95289806548e-09, 8.30017921061e-09, 1.41395450903e-09, 1.18890108869e-09, 3.51774720464e-10, 3.28265942207e-10, 4.64336957773e-10, 1.11031772665e-09, 1.42551104254e-09, 1.28577848368e-09, 4.42654002342e-09, 9.33437438455e-10, 4.30338831237e-09, 4.07824485293e-09, 5.68412517055e-09, 1.18191936238e-08, 1.19052900871e-08, 6.12442274672e-09, 1.75156911197e-09, 4.76761652379e-09, 6.26176754892e-09, 3.7721581414e-09, 2.54428833557e-08, 1.98048759614e-08, 4.37644231965e-08, 8.70305516543e-09, 5.61290613987e-09, 1.69055400789e-08, 1.20461685071e-08, 3.15451775812e-09, 3.38885763895e-09, 1.92599425297e-09]
    },
    "melbands128": {
