{
"lowlevel": {
    "average_loudness": 0.909116089344,
    "barkbands_crest": {
        "dmean": 3.04998588562,
        "dmean2": 5.20148086548,
        "dvar": 5.78950405121,
        "dvar2": 16.580537796,
        "max": 21.6682319641,
        "mean": 10.1165370941,
        "median": 9.72730350494,
        "min": 2.79973387718,
        "stdev": 2.95458245277,
        "var": 8.72955703735
    },
    "barkbands_flatness_db": {
        "dmean": 0.0352249853313,
        "dmean2": 0.0569813735783,
        "dvar": 0.00111259403639,
        "dvar2": 0.00281210266985,
        "max": 0.314717918634,
        "mean": 0.132876008749,
        "median": 0.128973156214,
        "min": 0.0247928593308,
        "stdev": 0.0506081655622,
        "var": 0.00256118644029
    },
    "barkbands_kurtosis": {
        "dmean": 10.4137649536,
        "dmean2": 17.2922401428,
        "dvar": 175.855651855,
        "dvar2": 465.351074219,
        "max": 106.521026611,
        "mean": 14.9302387238,
        "median": 9.6747713089,
        "min": -1.74818909168,
        "stdev": 14.8675251007,
        "var": 221.043304443
    },
    "barkbands_skewness": {
        "dmean": 0.968772411346,
        "dmean2": 1.58296704292,
        "dvar": 0.865706145763,
        "dvar2": 2.20684123039,
        "max": 8.55911827087,
        "mean": 3.13048672676,
        "median": 2.96082258224,
        "min": -2.3112244606,
        "stdev": 1.29840826988,
        "var": 1.68586397171
    },
    "barkbands_spread": {
        "dmean": 9.6539182663,
        "dmean2": 15.3851242065,
        "dvar": 98.9125671387,
        "dvar2": 225.055755615,
        "max": 97.6589813232,
        "mean": 19.8630199432,
        "median": 17.930103302,
        "min": 1.4261033535,
        "stdev": 13.6255426407,
        "var": 185.655410767
    },
    "dissonance": {
        "dmean": 0.0284931603819,
        "dmean2": 0.0493702441454,
        "dvar": 0.000709419546183,
        "dvar2": 0.00197039172053,
        "max": 0.499993979931,
        "mean": 0.459492385387,
        "median": 0.466763168573,
        "min": 0.280210703611,
        "stdev": 0.0312220212072,
        "var": 0.000974814640358
    },
    "dynamic_complexity": 6.07302522659,
    "erbbands_crest": {
        "dmean": 4.08612823486,
        "dmean2": 6.87557411194,
        "dvar": 13.1542348862,
        "dvar2": 33.8399505615,
        "max": 27.9638271332,
        "mean": 10.3610639572,
        "median": 8.99532604218,
        "min": 2.55513477325,
        "stdev": 5.08140707016,
        "var": 25.8206977844
    },
    "erbbands_flatness_db": {
        "dmean": 0.0278977062553,
        "dmean2": 0.0456873066723,
        "dvar": 0.000766502867918,
        "dvar2": 0.00193562032655,
        "max": 0.308862745762,
        "mean": 0.113406144083,
        "median": 0.104969769716,
        "min": 0.0428994558752,
        "stdev": 0.0379229225218,
        "var": 0.00143814808689
    },
    "erbbands_kurtosis": {
        "dmean": 4.29198646545,
        "dmean2": 7.33232069016,
        "dvar": 41.7780647278,
        "dvar2": 115.578422546,
        "max": 53.7199172974,
        "mean": 4.15466690063,
        "median": 1.89965677261,
        "min": -1.59905433655,
        "stdev": 6.6931271553,
        "var": 44.7979507446
    },
    "erbbands_skewness": {
        "dmean": 0.728757441044,
        "dmean2": 1.18685102463,
        "dvar": 0.485680341721,
        "dvar2": 1.21499705315,
        "max": 5.53381156921,
        "mean": 1.64083468914,
        "median": 1.42240417004,
        "min": -1.80062437057,
        "stdev": 1.02794325352,
        "var": 1.05666744709
    },
    "erbbands_spread": {
        "dmean": 17.2065372467,
        "dmean2": 27.5193138123,
        "dvar": 244.439468384,
        "dvar2": 575.598266602,
        "max": 123.357963562,
        "mean": 46.4936332703,
        "median": 42.3515625,
        "min": 2.82102417946,
        "stdev": 21.8598232269,
        "var": 477.851898193
    },
    "hfc": {
        "dmean": 8.97717189789,
        "dmean2": 13.4917993546,
        "dvar": 608.447937012,
        "dvar2": 1372.82897949,
        "max": 482.435821533,
        "mean": 12.2254524231,
        "median": 4.30188751221,
        "min": 0.0789120569825,
        "stdev": 27.2631912231,
        "var": 743.281616211
    },
    "loudness_ebu128": {
        "integrated": -36.5120620728,
        "loudness_range": 4.0034942627,
        "momentary": {
            "dmean": 2.17004537582,
            "dmean2": 2.23746538162,
            "dvar": 7.19829177856,
            "dvar2": 9.75326824188,
            "max": -30.7875804901,
            "mean": -39.026763916,
            "median": -37.775062561,
            "min": -55.7522964478,
            "stdev": 5.37102651596,
            "var": 28.8479251862
        },
        "short_term": {
            "dmean": 0.16875205934,
            "dmean2": 0.172101929784,
            "dvar": 0.0362549386919,
            "dvar2": 0.0374704860151,
            "max": -35.2625732422,
            "mean": -37.1895675659,
            "median": -36.9482421875,
            "min": -40.4107589722,
            "stdev": 1.4603883028,
            "var": 2.13273406029
        }
    },
    "melbands_crest": {
        "dmean": 4.15578174591,
        "dmean2": 7.12648582458,
        "dvar": 9.86558532715,
        "dvar2": 28.3533096313,
        "max": 28.1667327881,
        "mean": 14.195567131,
        "median": 13.9080924988,
        "min": 5.56469345093,
        "stdev": 3.94645357132,
        "var": 15.5744953156
    },
    "melbands_flatness_db": {
        "dmean": 0.0431960746646,
        "dmean2": 0.0695716366172,
        "dvar": 0.00161079503596,
        "dvar2": 0.00402968237177,
        "max": 0.424960821867,
        "mean": 0.232624679804,
        "median": 0.226843908429,
        "min": 0.0435258634388,
        "stdev": 0.0594201385975,
        "var": 0.00353075307794
    },
    "melbands_kurtosis": {
        "dmean": 16.0476226807,
        "dmean2": 27.4778518677,
        "dvar": 395.601318359,
        "dvar2": 1063.04089355,
        "max": 176.217651367,
        "mean": 31.9542140961,
        "median": 26.928899765,
        "min": -1.57481968403,
        "stdev": 23.7855911255,
        "var": 565.754333496
    },
    "melbands_skewness": {
        "dmean": 1.15242815018,
        "dmean2": 1.94971334934,
        "dvar": 1.1214543581,
        "dvar2": 3.05991840363,
        "max": 10.0734634399,
        "mean": 3.78246045113,
        "median": 3.68448662758,
        "min": -0.239924699068,
        "stdev": 1.45190966129,
        "var": 2.10804152489
    },
    "melbands_spread": {
        "dmean": 5.21766328812,
        "dmean2": 8.61795711517,
        "dvar": 105.105003357,
        "dvar2": 229.122497559,
        "max": 199.434341431,
        "mean": 11.2641630173,
        "median": 8.91543674469,
        "min": 1.28729212284,
        "stdev": 12.4853382111,
        "var": 155.883666992
    },
    "pitch_salience": {
        "dmean": 0.103910364211,
        "dmean2": 0.17543810606,
        "dvar": 0.00632549170405,
        "dvar2": 0.0178321320564,
        "max": 0.946825265884,
        "mean": 0.607587754726,
        "median": 0.608225882053,
        "min": 0.23517639935,
        "stdev": 0.101334661245,
        "var": 0.0102687142789
    },
    "silence_rate_20dB": {
        "dmean": 0,
        "dmean2": 0,
        "dvar": 0,
        "dvar2": 0,
        "max": 1,
        "mean": 1,
        "median": 1,
        "min": 1,
        "stdev": 0,
        "var": 0
    },
    "silence_rate_30dB": {
        "dmean": 0.0216216221452,
        "dmean2": 0.0433017574251,
        "dvar": 0.0211539976299,
        "dvar2": 0.0441330522299,
        "max": 1,
        "mean": 0.977058053017,
        "median": 1,
        "min": 0,
        "stdev": 0.149718791246,
        "var": 0.0224157143384
    },
    "silence_rate_60dB": {
        "dmean": 0.0783783793449,
        "dmean2": 0.156968876719,
        "dvar": 0.0722347646952,
        "dvar2": 0.148569136858,
        "max": 1,
        "mean": 0.34547907114,
        "median": 0,
        "min": 0,
        "stdev": 0.475522845984,
        "var": 0.226121976972
    },
    "spectral_centroid": {
        "dmean": 230.528442383,
        "dmean2": 376.988800049,
        "dvar": 97999.15625,
        "dvar2": 242348.359375,
        "max": 4563.87402344,
        "mean": 701.500305176,
        "median": 621.518676758,
        "min": 202.771972656,
        "stdev": 407.495941162,
        "var": 166052.953125
    },
    "spectral_complexity": {
        "dmean": 2.24864864349,
        "dmean2": 3.41271996498,
        "dvar": 9.30034065247,
        "dvar2": 17.9635944366,
        "max": 44,
        "mean": 5.99055337906,
        "median": 5,
        "min": 0,
        "stdev": 5.17584228516,
        "var": 26.7893447876
    },
    "spectral_decrease": {
        "dmean": 3.08054026732e-09,
        "dmean2": 4.95256990973e-09,
        "dvar": 4.12375608091e-17,
        "dvar2": 1.02343351422e-16,
        "max": -5.46723473785e-12,
        "mean": -4.1909542503e-09,
        "median": -1.7950801956e-09,
        "min": -5.92504392216e-08,
        "stdev": 7.46126627149e-09,
        "var": 5.56704993045e-17
    },
    "spectral_energy": {
        "dmean": 0.012290623039,
        "dmean2": 0.0196212325245,
        "dvar": 0.000667114567477,
        "dvar2": 0.0016480893828,
        "max": 0.252162724733,
        "mean": 0.0169265214354,
        "median": 0.0073979254812,
        "min": 2.77921917586e-05,
        "stdev": 0.0301054622978,
        "var": 0.000906338915229
    },
    "spectral_energyband_high": {
        "dmean": 0.000536056468263,
        "dmean2": 0.000790576566942,
        "dvar": 3.00438114209e-06,
        "dvar2": 6.45527097731e-06,
        "max": 0.0363802611828,
        "mean": 0.000659225857817,
        "median": 0.000138862873428,
        "min": 4.66763185614e-06,
        "stdev": 0.00186786486302,
        "var": 3.48891921931e-06
    },
    "spectral_energyband_low": {
        "dmean": 0.00439185462892,
        "dmean2": 0.00741350650787,
        "dvar": 0.00014145039313,
        "dvar2": 0.000413532136008,
        "max": 0.167164266109,
        "mean": 0.00457784673199,
        "median": 0.00135461124592,
        "min": 5.15263309353e-06,
        "stdev": 0.0112076681107,
        "var": 0.000125611826661
    },
    "spectral_energyband_middle_high": {
        "dmean": 0.000368125620298,
        "dmean2": 0.000586305453908,
        "dvar": 2.67418931799e-06,
        "dvar2": 7.36315541872e-06,
        "max": 0.0333899445832,
        "mean": 0.000452144100564,
        "median": 0.000163211676409,
        "min": 5.78446042709e-06,
        "stdev": 0.00139738991857,
        "var": 1.95269853975e-06
    },
    "spectral_energyband_middle_low": {
        "dmean": 0.0100498311222,
        "dmean2": 0.0161243230104,
        "dvar": 0.00048510520719,
        "dvar2": 0.00120572710875,
        "max": 0.22592741251,
        "mean": 0.0130539620295,
        "median": 0.00553737673908,
        "min": 1.01921259557e-05,
        "stdev": 0.0244048442692,
        "var": 0.00059559638612
    },
    "spectral_entropy": {
        "dmean": 0.348856985569,
        "dmean2": 0.561693012714,
        "dvar": 0.123852789402,
        "dvar2": 0.309403240681,
        "max": 8.68502902985,
        "mean": 7.55388212204,
        "median": 7.66175985336,
        "min": 5.42910909653,
        "stdev": 0.489163249731,
        "var": 0.239280670881
    },
    "spectral_flux": {
        "dmean": 0.0263760574162,
        "dmean2": 0.0424824841321,
        "dvar": 0.00160084979143,
        "dvar2": 0.00336317578331,
        "max": 0.402331352234,
        "mean": 0.074380248785,
        "median": 0.0641200616956,
        "min": 0.00497566116974,
        "stdev": 0.0666241720319,
        "var": 0.00443878071383
    },
    "spectral_kurtosis": {
        "dmean": 1.85898566246,
        "dmean2": 3.06619095802,
        "dvar": 5.74147748947,
        "dvar2": 15.3055410385,
        "max": 25.0580997467,
        "mean": 4.35599803925,
        "median": 4.10256052017,
        "min": 0.278822183609,
        "stdev": 2.51946926117,
        "var": 6.34772586823
    },
    "spectral_rms": {
        "dmean": 0.00118191342335,
        "dmean2": 0.00180347077549,
        "dvar": 2.52633367381e-06,
        "dvar2": 5.65790924156e-06,
        "max": 0.0156847834587,
        "mean": 0.0030780530069,
        "median": 0.00268653826788,
        "min": 0.000164664306794,
        "stdev": 0.00265316176228,
        "var": 7.03926707502e-06
    },
    "spectral_rolloff": {
        "dmean": 522.179321289,
        "dmean2": 932.192138672,
        "dvar": 1804731.125,
        "dvar2": 4360611,
        "max": 13307.5195312,
        "mean": 882.366088867,
        "median": 473.73046875,
        "min": 150.732421875,
        "stdev": 1463.3416748,
        "var": 2141368.75
    },
    "spectral_skewness": {
        "dmean": 0.336335003376,
        "dmean2": 0.547009348869,
        "dvar": 0.130673438311,
        "dvar2": 0.335575461388,
        "max": 4.41308307648,
        "mean": 1.9195125103,
        "median": 1.88543367386,
        "min": 0.676883637905,
        "stdev": 0.429903566837,
        "var": 0.184817075729
    },
    "spectral_spread": {
        "dmean": 1156595.5,
        "dmean2": 1796338.875,
        "dvar": 1.14145991066e+12,
        "dvar2": 2.75337759949e+12,
        "max": 12822137,
        "mean": 7728095.5,
        "median": 7449697.5,
        "min": 2678608,
        "stdev": 1528549,
        "var": 2.33646220902e+12
    },
    "spectral_strongpeak": {
        "dmean": 0.305514931679,
        "dmean2": 0.500108122826,
        "dvar": 0.242111369967,
        "dvar2": 0.571022748947,
        "max": 6.95336008072,
        "mean": 0.413644939661,
        "median": 0.236363753676,
        "min": 0.00364474439994,
        "stdev": 0.59148478508,
        "var": 0.349854260683
    },
    "zerocrossingrate": {
        "dmean": 0.0198558904231,
        "dmean2": 0.0258372798562,
        "dvar": 0.00029616849497,
        "dvar2": 0.000451676372904,
        "max": 0.30029296875,
        "mean": 0.0759794637561,
        "median": 0.07080078125,
        "min": 0.015625,
        "stdev": 0.034233212471,
        "var": 0.00117191276513
    },
    "barkbands": {
        "dmean": [8.08923323348e-06, 0.000324222201016, 0.00258632237092, 0.00284471129999, 0.00304151745513, 0.00262252148241, 0.00405759969726, 0.000377625459805, 0.000116164919746, 4.66788551421e-05, 3.5813129216e-05, 3.52430834027e-05, 3.47833592969e-05, 2.35021543631e-05, 3.24334178003e-05, 7.03959085513e-05, 7.10686144885e-05, 6.4784566348e-05, 2.05991273106e-05, 1.57104823302e-05, 3.57092867489e-05, 2.23332735914e-05, 4.17106239183e-05, 0.000128110914375, 0.000171441934071, 0.000133787994855, 3.00843694276e-05],
        "dmean2": [1.48337621795e-05, 0.000569464929868, 0.00451037660241, 0.00485527003184, 0.00514270318672, 0.00464679952711, 0.006887875963, 0.000681418110617, 0.000202612864086, 8.03752336651e-05, 6.15245444351e-05, 6.0438127548e-05, 6.40668076812e-05, 4.20724863943e-05, 5.59398758924e-05, 0.000114191389002, 0.000113407404569, 0.00010127537098, 3.31820192514e-05, 2.60963861365e-05, 5.52556484763e-05, 3.55662632501e-05, 6.14109376329e-05, 0.000194293563254, 0.000259509135503, 0.000198548004846, 4.58141184936e-05],
        "dvar": [3.18104542707e-10, 1.55547422764e-06, 6.50627334835e-05, 3.99206874135e-05, 4.15236972913e-05, 5.25770446984e-05, 0.00014153754455, 5.51503762836e-06, 1.0521797833e-07, 1.51405910032e-08, 3.00521882934e-08, 5.38503641678e-08, 1.468146138e-07, 3.24699591658e-08, 2.90989508045e-08, 8.26064052717e-08, 2.95747391021e-08, 2.99936324666e-08, 2.54946597167e-09, 2.2637964836e-09, 6.07738570579e-09, 3.3930906973e-09, 1.09059561382e-08, 5.61165961699e-07, 2.76002879218e-07, 9.20956821915e-08, 8.08784861306e-09],
        "dvar2": [9.29871513122e-10, 4.32597653344e-06, 0.000188497171621, 0.000105809536763, 0.000103552876681, 0.000147218132042, 0.000353825307684, 1.62511714734e-05, 2.98194350989e-07, 4.03065989474e-08, 8.33586852877e-08, 1.4694563788e-07, 4.33661654142e-07, 9.35087101084e-08, 8.39328180291e-08, 2.22068663902e-07, 7.53061044634e-08, 7.61677085848e-08, 5.78419934172e-09, 5.95093752054e-09, 1.4890230382e-08, 8.7737719312e-09, 2.1555099039e-08, 1.20364245504e-06, 6.42895713554e-07, 1.88633450193e-07, 1.49615786427e-08],
        "max": [0.000235816347413, 0.0194478705525, 0.0967939794064, 0.095873452723, 0.0896323099732, 0.0777069032192, 0.157241418958, 0.0455921255052, 0.00545727042481, 0.0018079028232, 0.00362779479474, 0.00497074332088, 0.00757224066183, 0.0036518604029, 0.00331645412371, 0.00581857049838, 0.00266293529421, 0.00275910180062, 0.000847077986691, 0.000860988919158, 0.00124059489463, 0.000789755547885, 0.00165568606462, 0.0166728273034, 0.0101293092594, 0.0047219437547, 0.00161243998446],
        "mean": [7.41051553632e-06, 0.000312184798531, 0.0024489427451, 0.00284776231274, 0.00330269220285, 0.00247470242903, 0.00397357391194, 0.000325309549225, 0.00011409187573, 5.32312551513e-05, 3.56474993168e-05, 3.54403164238e-05, 2.67269115284e-05, 2.12372233364e-05, 3.0502980735e-05, 7.72475323174e-05, 7.84553412814e-05, 6.99217125657e-05, 2.40438839683e-05, 1.70832554431e-05, 3.90873829019e-05, 2.39262244577e-05, 5.09737947141e-05, 0.000144484787597, 0.00019354444521, 0.00016098706692, 3.69216068066e-05],
        "median": [2.77767435364e-06, 8.81798914634e-05, 0.000528387492523, 0.000723761855625, 0.00106958753895, 0.000675276154652, 0.000912427727599, 0.000106570892967, 4.5410310122e-05, 2.4736751584e-05, 1.14041331472e-05, 1.0373517398e-05, 6.53497681924e-06, 6.54332370686e-06, 9.65350955084e-06, 2.19628109335e-05, 1.92898387468e-05, 1.36541648317e-05, 5.1627062021e-06, 4.04860111303e-06, 8.71935299074e-06, 6.23082632956e-06, 1.18653997561e-05, 2.40210756601e-05, 3.36845514539e-05, 3.64511579392e-05, 7.11299617251e-06],
        "min": [2.74812039791e-09, 8.19490935555e-07, 2.87804414256e-06, 1.49879440414e-06, 8.17269153686e-07, 1.47488981384e-06, 8.31262241263e-07, 7.95866810677e-07, 1.19315166103e-06, 8.22102265374e-07, 3.98305985527e-07, 4.10228068404e-07, 1.70606810457e-07, 2.2022143753e-07, 2.71834750265e-07, 1.87796658224e-07, 1.25153661656e-07, 2.18007443209e-07, 2.00977751774e-07, 2.57701884721e-07, 3.02058055013e-07, 2.61106322341e-07, 3.23061613017e-07, 4.69938157721e-07, 5.98042788624e-07, 5.37090500075e-07, 3.33057613489e-07],
        "stdev": [1.58384245879e-05, 0.00104653241578, 0.00731821963564, 0.00614104932174, 0.00675576552749, 0.00637960527092, 0.0116810547188, 0.0017388141714, 0.000270035205176, 0.000112381705549, 0.000142862292705, 0.000190528880921, 0.000279555359157, 0.000137028342579, 0.000133871901198, 0.000252086436376, 0.000180911883945, 0.000172746513272, 5.47605523025e-05, 4.32168162661e-05, 8.42657173052e-05, 5.62312598049e-05, 0.00013223492715, 0.000754656968638, 0.000542360881809, 0.000359056692105, 0.00010567168647],
        "var": [2.50855697326e-10, 1.09523000447e-06, 5.35563412996e-05, 3.77124852093e-05, 4.56403649878e-05, 4.06993640354e-05, 0.000136447037221, 3.02347461911e-06, 7.29190148263e-08, 1.262964755e-08, 2.0409634871e-08, 3.63012517823e-08, 7.81512028425e-08, 1.87767685844e-08, 1.79216872453e-08, 6.35475672084e-08, 3.27291083124e-08, 2.98413596056e-08, 2.99871816267e-09, 1.86769333332e-09, 7.10071157428e-09, 3.16195447603e-09, 1.74860765867e-08, 5.69507108139e-07, 2.94155313441e-07, 1.28921698206e-07, 1.1166505054e-08]
    },
    "erbbands": {
        "dmean": [0.00619015004486, 0.112116500735, 1.89153110981, 7.7302107811, 8.55839443207, 11.8815984726, 7.63589668274, 28.2235164642, 73.8593521118, 18.8347702026, 6.34792757034, 2.733522892, 1.39159119129, 1.47055649757, 1.40797996521, 1.47020924091, 1.63891744614, 1.24114632607, 1.22473478317, 2.45192980766, 4.05760860443, 4.06800222397, 4.05693340302, 1.66194915771, 0.863034904003, 0.750765919685, 1.24748301506, 1.38979840279, 0.785089254379, 0.79664093256, 1.36450958252, 2.9666686058, 1.80964648724, 1.39841806889, 1.56163477898, 0.590051829815, 0.260273605585, 0.0634550750256, 0.00478355493397, 0.000228058066568],
        "dmean2": [0.0103728231043, 0.196416959167, 3.27086424828, 12.9306640625, 14.4431705475, 19.9721927643, 13.1546573639, 49.2486877441, 125.03755188, 32.0911369324, 11.216296196, 4.77904367447, 2.39661359787, 2.54059672356, 2.42728948593, 2.51917386055, 3.00738525391, 2.20732140541, 2.13483738899, 4.12752532959, 6.38385629654, 6.39789438248, 6.48762130737, 2.52218055725, 1.41683638096, 1.23639893532, 1.96926856041, 2.17350625992, 1.24752902985, 1.24341368675, 2.04805374146, 4.60542535782, 2.93174576759, 2.10933995247, 2.36348772049, 0.876099050045, 0.389037907124, 0.0948190465569, 0.00747530627996, 0.00034816324478],
        "dvar": [0.00032123728306, 0.179982990026, 37.2176170349, 326.028869629, 375.223236084, 550.102600098, 243.457946777, 6127.92041016, 48243.9765625, 4135.47705078, 927.678405762, 79.7866516113, 14.5423212051, 19.8661937714, 54.4168510437, 107.758010864, 352.608032227, 103.589385986, 54.1015777588, 166.774139404, 179.571807861, 108.053916931, 129.508102417, 16.7459468842, 3.34030938148, 4.56973266602, 13.4385976791, 9.26074695587, 4.23663377762, 3.52450680733, 13.2618074417, 270.54788208, 141.963821411, 40.2437515259, 15.5183992386, 2.20615124702, 0.327058315277, 0.0328681357205, 0.000213377425098, 2.75713631481e-07],
        "dvar2": [0.000821984605864, 0.525779724121, 108.694084167, 897.094238281, 930.221313477, 1406.0279541, 634.035339355, 17193.2773438, 124649.3125, 11276.8291016, 2707.60839844, 227.170898438, 39.5254821777, 52.5078582764, 151.791290283, 296.339996338, 1040.14099121, 296.28604126, 155.511154175, 485.614837646, 457.173370361, 279.718383789, 342.959838867, 36.3559112549, 7.96315097809, 11.8714294434, 34.3537902832, 23.3034954071, 10.8889818192, 8.12889671326, 27.8732719421, 683.785705566, 272.163787842, 94.8817062378, 35.2903137207, 4.89710712433, 0.724014222622, 0.0606647320092, 0.000385401566746, 5.53480617782e-07],
        "max": [0.260460019112, 7.06678724289, 78.8270339966, 296.165130615, 267.157470703, 232.467056274, 173.635467529, 847.923339844, 2891.8762207, 1052.02844238, 581.981567383, 161.059738159, 61.9446563721, 78.6873245239, 154.589996338, 220.63684082, 372.169433594, 208.702331543, 145.429550171, 249.852371216, 267.440490723, 170.145828247, 189.730316162, 66.5190887451, 22.9157142639, 37.9658126831, 69.9652862549, 38.7478141785, 29.1084098816, 33.309299469, 56.5244445801, 351.789520264, 241.503677368, 137.001419067, 60.0180664062, 21.7621269226, 8.07312202454, 2.87548756599, 0.244239598513, 0.00720139360055],
        "mean": [0.00678642559797, 0.112808771431, 1.87437665462, 7.91177988052, 9.0448589325, 12.1346302032, 8.62028408051, 26.8392276764, 71.4041900635, 19.0744304657, 5.87672567368, 2.74046278, 1.62088167667, 1.66299152374, 1.43322956562, 1.45981824398, 1.28644180298, 1.10746848583, 1.17915856838, 2.4642663002, 4.58714866638, 4.55300474167, 4.31728219986, 1.9054735899, 0.984974145889, 0.817819476128, 1.34031486511, 1.51912105083, 0.845235288143, 0.957774877548, 1.64470207691, 3.24779009819, 2.06447052956, 1.4480650425, 1.77503085136, 0.673236250877, 0.305214315653, 0.0764278843999, 0.00602364633232, 0.000304661371047],
        "median": [0.00234005460516, 0.0329437106848, 0.448383122683, 2.19694042206, 2.48739409447, 3.71168375015, 3.2175590992, 7.36489009857, 16.3042240143, 6.17652750015, 2.16958355904, 1.0728405714, 0.736690044403, 0.734873056412, 0.523543715477, 0.433935433626, 0.303627669811, 0.347152173519, 0.41766372323, 0.777976334095, 1.21606898308, 1.16430950165, 0.889862775803, 0.427579790354, 0.228706657887, 0.193596363068, 0.306285738945, 0.346693992615, 0.221361279488, 0.230926215649, 0.353849351406, 0.512521922588, 0.30241432786, 0.249910399318, 0.286431223154, 0.125313043594, 0.0740040615201, 0.0135496249422, 0.00126612198073, 8.20011482574e-05],
        "min": [8.22467791295e-06, 0.000275425554719, 0.00254915468395, 0.00664750533178, 0.0042415629141, 0.00289902579971, 0.00925356149673, 0.0152296060696, 0.0184021778405, 0.0264702606946, 0.0194485895336, 0.0245018564165, 0.0308402515948, 0.0208220556378, 0.0446586683393, 0.0355455949903, 0.0117090428248, 0.00869386084378, 0.0197947975248, 0.0117339203134, 0.00888809002936, 0.00736764445901, 0.0117920339108, 0.00983309186995, 0.00986616499722, 0.0114395720884, 0.0126542784274, 0.0115303108469, 0.00982297491282, 0.00824808795005, 0.00887879356742, 0.00809373706579, 0.00873742904514, 0.00498899584636, 0.00415189750493, 0.00248257489875, 0.00113673578016, 0.00027639529435, 4.28492494393e-05, 4.52110043625e-06],
        "stdev": [0.0176431592554, 0.354284405708, 5.56631374359, 17.6743354797, 20.0538845062, 24.2261981964, 15.994805336, 69.2073822021, 209.875656128, 56.1374435425, 23.1896800995, 7.25847816467, 3.39635252953, 4.08059406281, 5.98981523514, 8.42638111115, 13.7245931625, 7.79315280914, 5.72199440002, 10.0194234848, 12.849984169, 10.6413831711, 10.8961744308, 4.56728696823, 2.00339365005, 1.99088454247, 3.53713321686, 3.17035937309, 1.98634231091, 2.18538451195, 4.38413715363, 15.0147924423, 12.5271711349, 6.05625152588, 4.35189628601, 1.63819849491, 0.651750445366, 0.216415017843, 0.0171085558832, 0.000644452811684],
        "var": [0.000311281095492, 0.125517442822, 30.9838485718, 312.382110596, 402.15826416, 586.908691406, 255.83380127, 4789.66162109, 44047.7929688, 3151.41235352, 537.761230469, 52.685508728, 11.5352106094, 16.6512470245, 35.8778877258, 71.0038986206, 188.364456177, 60.7332305908, 32.7412223816, 100.38885498, 165.12210083, 113.23903656, 118.726623535, 20.8601112366, 4.01358604431, 3.96362113953, 12.5113115311, 10.0511789322, 3.94555568695, 4.77590513229, 19.2206573486, 225.444000244, 156.930007935, 36.6781845093, 18.9390029907, 2.68369412422, 0.424778670073, 0.0468354597688, 0.000292702694423, 4.15319391323e-07]
    },
    "gfcc": {
        "mean": [-72.6345443726, 58.1300621033, -49.2196655273, 8.10102558136, -56.6140518188, -5.96501111984, -51.9346046448, 8.05819702148, -23.7761764526, -0.748307406902, -22.3315544128, 2.0287797451, -17.8792209625],
        "cov": [[9362.35546875, -766.113952637, 803.497375488, 598.359008789, -464.660980225, -870.998535156, -1622.08569336, -69.0049057007, -142.6222229, 70.2460403442, -56.0894699097, 387.785614014, -83.9903717041], [-766.113952637, 503.369262695, 127.542510986, -44.846321106, 15.0095214844, 3.90655350685, 62.29296875, -39.0943222046, -2.30158877373, -7.15821170807, 12.957036972, -40.42004776, 9.62570476532], [803.497375488, 127.542510986, 274.316894531, 82.4896621704, -54.2932701111, -94.9012908936, -184.064224243, -29.1950092316, -43.5377578735, 5.49188661575, -15.2117977142, 16.0008907318, -6.97158813477], [598.359008789, -44.846321106, 82.4896621704, 118.822135925, 5.144282341, -39.7873687744, -100.799934387, -9.55107879639, -20.4954586029, 5.89706087112, -9.97486782074, 23.5918884277, -4.33348655701], [-464.660980225, 15.0095214844, -54.2932701111, 5.144282341, 123.651245117, 83.6588668823, 94.8013381958, 29.4559383392, 6.37687587738, -24.9095935822, 6.20315265656, -18.466424942, -0.623722314835], [-870.998535156, 3.90655350685, -94.9012908936, -39.7873687744, 83.6588668823, 171.34727478, 215.783676147, 25.0483455658, 9.88460826874, -11.2638273239, 0.373786568642, -59.6543884277, 12.4720649719], [-1622.08569336, 62.29296875, -184.064224243, -100.799934387, 94.8013381958, 215.783676147, 393.088043213, 32.0139846802, 18.216337204, -4.19411373138, 9.64830207825, -96.6707229614, 18.1176872253], [-69.0049057007, -39.0943222046, -29.1950092316, -9.55107879639, 29.4559383392, 25.0483455658, 32.0139846802, 55.8185882568, 19.1787776947, -2.95242261887, 5.54238605499, -0.76564770937, -2.44396710396], [-142.6222229, -2.30158877373, -43.5377578735, -20.4954586029, 6.37687587738, 9.88460826874, 18.216337204, 19.1787776947, 66.4053115845, 4.09679031372, 4.76185941696, 15.6014661789, -2.7524292469], [70.2460403442, -7.15821170807, 5.49188661575, 5.89706087112, -24.9095935822, -11.2638273239, -4.19411373138, -2.95242261887, 4.09679031372, 56.8130226135, 16.5064907074, 0.523086905479, 3.64933514595], [-56.0894699097, 12.957036972, -15.2117977142, -9.97486782074, 6.20315265656, 0.373786568642, 9.64830207825, 5.54238605499, 4.76185941696, 16.5064907074, 46.9360046387, 8.61379146576, 4.05549240112], [387.785614014, -40.42004776, 16.0008907318, 23.5918884277, -18.466424942, -59.6543884277, -96.6707229614, -0.76564770937, 15.6014661789, 0.523086905479, 8.61379146576, 72.7048797607, 4.86517190933], [-83.9903717041, 9.62570476532, -6.97158813477, -4.33348655701, -0.623722314835, 12.4720649719, 18.1176872253, -2.44396710396, -2.7524292469, 3.64933514595, 4.05549240112, 4.86517190933, 32.1012153625]],
        "icov": [[0.000646271044388, 0.00068809610093, -0.000451137952041, -0.00116415717639, 0.000927008397412, 0.000101459496364, 0.00185160851106, -0.000844502297696, 0.000385081279092, 1.94205313164e-05, -0.000297456368571, 0.00012691183656, 0.000147877100972], [0.00068809610093, 0.00509924720973, -0.00500995758921, 0.00161450181622, -0.00222319411114, 0.0039313165471, -0.00104702915996, 0.00316735054366, -0.00256634014659, 0.000861879438162, -0.00201499718241, 0.00194234913215, -0.00169513816945], [-0.000451137952041, -0.00500995758921, 0.011741489172, -0.00470289587975, 0.00399781716987, -0.00439912034199, 0.0049261348322, -0.00347525905818, 0.00469048321247, -0.000653707480524, 0.00200424413197, 0.0011744039366, 0.00102426111698], [-0.00116415717639, 0.00161450181622, -0.00470289587975, 0.0189124327153, -0.00925996806473, 0.000371981703211, -0.00161543744616, 0.00518371397629, 0.000723074306734, -0.00478500733152, 0.00373922847211, -0.00266682263464, -0.00047862221254], [0.000927008397412, -0.00222319411114, 0.00399781716987, -0.00925996806473, 0.020873522386, -0.010244762525, 0.00433663651347, -0.00893930066377, 0.00311363814399, 0.00686280615628, -0.00419748388231, -0.0019947050605, 0.00428740959615], [0.000101459496364, 0.0039313165471, -0.00439912034199, 0.000371981703211, -0.010244762525, 0.0289136189967, -0.0133882276714, 0.00225131795742, -0.00487249530852, 0.00174200965557, 0.000472198851639, 0.0073017179966, -0.00730567332357], [0.00185160851106, -0.00104702915996, 0.0049261348322, -0.00161543744616, 0.00433663651347, -0.0133882276714, 0.0201388075948, -0.00504982005805, 0.00310094142333, -0.0022919033654, -0.000680054770783, 0.00529727945104, -0.000644943618681], [-0.000844502297696, 0.00316735054366, -0.00347525905818, 0.00518371397629, -0.00893930066377, 0.00225131795742, -0.00504982005805, 0.0279393028468, -0.00851715635508, 0.000114767666673, -0.00230586156249, 0.00059297750704, 0.000172634405317], [0.000385081279092, -0.00256634014659, 0.00469048321247, 0.000723074306734, 0.00311363814399, -0.00487249530852, 0.00310094142333, -0.00851715635508, 0.0236976146698, -0.00405787676573, 0.00312997354195, -0.00975111220032, 0.00602394342422], [1.94205313164e-05, 0.000861879438162, -0.000653707480524, -0.00478500733152, 0.00686280615628, 0.00174200965557, -0.0022919033654, 0.000114767666673, -0.00405787676573, 0.0250191260129, -0.0108587387949, 0.00435746461153, -0.00271747261286], [-0.000297456368571, -0.00201499718241, 0.00200424413197, 0.00373922847211, -0.00419748388231, 0.000472198851639, -0.000680054770783, -0.00230586156249, 0.00312997354195, -0.0108587387949, 0.0286894030869, -0.00676190759987, -0.000387600040995], [0.00012691183656, 0.00194234913215, 0.0011744039366, -0.00266682263464, -0.0019947050605, 0.0073017179966, 0.00529727945104, 0.00059297750704, -0.00975111220032, 0.00435746461153, -0.00676190759987, 0.0309191420674, -0.0113387713209], [0.000147877100972, -0.00169513816945, 0.00102426111698, -0.00047862221254, 0.00428740959615, -0.00730567332357, -0.000644943618681, 0.000172634405317, 0.00602394342422, -0.00271747261286, -0.000387600040995, -0.0113387713209, 0.0380962528288]]
    },
    "melbands": {
        "dmean": [7.04508274794e-05, 0.000765732023865, 0.00120487227105, 0.000710064836312, 0.000315262470394, 0.000695127586368, 0.00100052251946, 0.000153217115439, 4.41135271103e-05, 1.4782010112e-05, 6.8216982072e-06, 6.13018801232e-06, 5.04365698362e-06, 3.77431160814e-06, 4.21254844696e-06, 3.22505115946e-06, 2.16919534068e-06, 1.76697028564e-06, 2.92809431812e-06, 4.07329798691e-06, 4.78894298794e-06, 4.15867771153e-06, 4.43933231509e-06, 2.9372854442e-06, 1.23186600831e-06, 7.01727117303e-07, 5.25191126144e-07, 4.94605501444e-07, 7.14878581221e-07, 9.39773485698e-07, 7.68212544244e-07, 4.69648853141e-07, 3.80635952979e-07, 4.67737720555e-07, 6.73306715271e-07, 1.21164771372e-06, 2.10843472814e-06, 1.37855568028e-06, 9.7989823189e-07, 1.23084657844e-06],
        "dmean2": [0.00012093452824, 0.00131797615904, 0.00200316519476, 0.00120225490537, 0.000526268209796, 0.00121025799308, 0.0016999343643, 0.000266620074399, 7.83537470852e-05, 2.59422504314e-05, 1.17757836051e-05, 1.06097877506e-05, 8.71182783158e-06, 6.46101443635e-06, 7.57763882575e-06, 5.9400358623e-06, 3.85624844057e-06, 3.07358322971e-06, 5.13490704179e-06, 6.8305221248e-06, 7.51967945689e-06, 6.63739911033e-06, 7.33010028853e-06, 4.57650276076e-06, 1.91506001102e-06, 1.16467356293e-06, 8.72366570093e-07, 8.1749601577e-07, 1.15987063509e-06, 1.46026809489e-06, 1.2235535678e-06, 7.59392207783e-07, 6.05590912528e-07, 7.31657394226e-07, 1.00720694718e-06, 1.86805141311e-06, 3.26780150317e-06, 2.29100692195e-06, 1.59023818469e-06, 1.9297997369e-06],
        "dvar": [5.97377436407e-08, 5.68082623431e-06, 6.85105760567e-06, 2.36598566516e-06, 3.60487803164e-07, 4.00690714741e-06, 8.49612388265e-06, 4.03322189868e-07, 3.85535336989e-08, 2.09043937716e-09, 3.21247861645e-10, 3.16770054631e-10, 7.3490968866e-10, 3.36094985176e-10, 1.92117277642e-09, 1.31904565048e-09, 2.46441006491e-10, 1.04613130658e-10, 2.89170354328e-10, 3.4793654069e-10, 2.11423448193e-10, 1.00249072932e-10, 1.65721936174e-10, 5.44422631976e-11, 1.07629460899e-11, 2.05798073895e-12, 1.76847707485e-12, 1.84127908233e-12, 6.29695861426e-12, 3.84390522884e-12, 3.70992039173e-12, 1.93858579363e-12, 8.97368605205e-13, 1.16277831547e-12, 2.20097941608e-12, 2.26999408853e-11, 1.53098644873e-10, 9.59416088242e-11, 2.48893822219e-11, 3.56101780008e-11],
        "dvar2": [1.60851271858e-07, 1.674151099e-05, 1.77667971002e-05, 5.87578779232e-06, 9.34097954541e-07, 1.12281513793e-05, 2.17837114178e-05, 1.14031433895e-06, 1.12121711027e-07, 5.92965188062e-09, 8.66639371377e-10, 8.36634594936e-10, 2.06469996655e-09, 8.84297135517e-10, 5.61689583733e-09, 3.86069221037e-09, 7.00262903219e-10, 2.99806374171e-10, 8.48382808449e-10, 9.95199145315e-10, 5.15953058056e-10, 2.52789594812e-10, 4.52958004438e-10, 1.33003205671e-10, 2.33699674196e-11, 4.6896752974e-12, 4.67402679061e-12, 4.75116994358e-12, 1.67308684268e-11, 8.76863599092e-12, 9.76359184474e-12, 5.1092515635e-12, 2.17577084821e-12, 2.64307260973e-12, 4.22962966734e-12, 5.36418409691e-11, 3.94152571692e-10, 1.83780241025e-10, 4.7966068617e-11, 9.27899215797e-11],
        "max": [0.00321852997877, 0.0307244211435, 0.0431479178369, 0.0215535815805, 0.00684114964679, 0.020370496437, 0.038037776947, 0.0115346396342, 0.00372104230337, 0.000807953882031, 0.000280382460915, 0.000298818427837, 0.000564460409805, 0.000400262390031, 0.000879158498719, 0.000725309771951, 0.000323053740431, 0.000201095783268, 0.00032734326669, 0.000355018884875, 0.000288046896458, 0.000157551650773, 0.000218692337512, 9.9610464531e-05, 5.907994273e-05, 1.65658111655e-05, 2.12806917261e-05, 2.26933461818e-05, 4.87526122015e-05, 2.77408271359e-05, 2.92999320664e-05, 2.14300416701e-05, 1.53559376486e-05, 1.93802297872e-05, 2.37351214309e-05, 9.21697792364e-05, 0.000265008100541, 0.000194240506971, 9.94366491796e-05, 0.000124190657516],
        "mean": [7.13900080882e-05, 0.000778874265961, 0.00133902637754, 0.000766579527408, 0.000350585149135, 0.000654272560496, 0.000985273276456, 0.000149861865793, 3.9801649109e-05, 1.48017970787e-05, 7.79361744208e-06, 6.81376150169e-06, 4.9482000577e-06, 3.94436301576e-06, 3.55523843609e-06, 2.4574624149e-06, 1.98066413759e-06, 1.67260316175e-06, 2.66558981821e-06, 4.34951107309e-06, 5.39717029824e-06, 4.54148448625e-06, 4.64341292172e-06, 3.12638644573e-06, 1.37813947276e-06, 7.89385978806e-07, 5.53624431632e-07, 5.22793584423e-07, 7.36646484256e-07, 1.04840171389e-06, 8.11692871139e-07, 4.81912593386e-07, 4.19506847038e-07, 5.65258460483e-07, 8.04220235295e-07, 1.42910130307e-06, 2.21241498366e-06, 1.55511338562e-06, 1.08077040295e-06, 1.21088964988e-06],
        "median": [2.21052832785e-05, 0.000200414739083, 0.000419620861067, 0.000234702529269, 0.000135384019814, 0.000175269902684, 0.000234194492805, 5.00399219163e-05, 1.3782167116e-05, 5.83503833695e-06, 3.25022756442e-06, 2.98461532111e-06, 1.60596584919e-06, 1.29913041746e-06, 8.85886379365e-07, 5.74664738906e-07, 6.12254950738e-07, 5.73872625864e-07, 8.08934714769e-07, 1.1981727539e-06, 1.40558313433e-06, 1.15569730497e-06, 1.03224579107e-06, 5.91210493894e-07, 2.8279015396e-07, 1.62762276545e-07, 1.41569458378e-07, 1.1953099488e-07, 1.5792971908e-07, 1.98022448217e-07, 1.84488513355e-07, 1.17638514041e-07, 1.07733676202e-07, 1.27070137523e-07, 1.79222027441e-07, 2.32777352949e-07, 3.53418897703e-07, 1.99577868898e-07, 1.55849463113e-07, 2.02115245429e-07],
        "min": [1.46301815107e-07, 1.05062099465e-06, 1.05638127934e-06, 1.7910262784e-07, 2.80296546862e-07, 3.22316395795e-07, 2.84856042754e-07, 2.88601825105e-07, 1.6180682394e-07, 1.62639196333e-07, 1.51062536702e-07, 8.06521853747e-08, 9.31965900008e-08, 6.16429502998e-08, 5.83125121523e-08, 1.39853977288e-08, 1.24300427728e-08, 2.2325991722e-08, 1.68077871621e-08, 1.58861563904e-08, 8.81409700781e-09, 6.96220769925e-09, 8.60681659276e-09, 1.0228808911e-08, 7.64849072965e-09, 5.90686921598e-09, 7.54644879919e-09, 6.83174850025e-09, 7.64099450379e-09, 5.32966826228e-09, 5.91626969637e-09, 4.9320174611e-09, 5.20112664049e-09, 3.83898246525e-09, 4.3080419232e-09, 4.38075753451e-09, 5.0409929564e-09, 5.55864732021e-09, 3.67106411936e-09, 2.63761523733e-09],
        "stdev": [0.000217559732846, 0.00217650062405, 0.00277425372042, 0.00160748371854, 0.000626013847068, 0.00175305455923, 0.00282036908902, 0.000513326260261, 0.000150535532157, 3.75625022571e-05, 1.61417046911e-05, 1.63715340022e-05, 2.17824508582e-05, 1.59279734362e-05, 3.25798464473e-05, 2.67809391516e-05, 1.21633675008e-05, 7.98001383373e-06, 1.29518139147e-05, 1.50658752318e-05, 1.45786225403e-05, 1.05715462269e-05, 1.19100204756e-05, 7.60939701649e-06, 3.56468353857e-06, 1.61183868386e-06, 1.26600707517e-06, 1.26956092572e-06, 2.25396183851e-06, 2.24783912017e-06, 1.84644511592e-06, 1.27045723275e-06, 1.00315537566e-06, 1.29275395011e-06, 1.9472963686e-06, 4.96714574183e-06, 1.10031196527e-05, 1.02503918242e-05, 5.30566467205e-06, 5.2145819609e-06],
        "var": [4.73322394612e-08, 4.73715545013e-06, 7.69648431742e-06, 2.58400405073e-06, 3.91893365759e-07, 3.07320010506e-06, 7.95448158897e-06, 2.6350383564e-07, 2.26609451204e-08, 1.41094158579e-09, 2.60554605669e-10, 2.6802712827e-10, 4.74475181367e-10, 2.53700310759e-10, 1.06144637524e-09, 7.17218728852e-10, 1.47947501472e-10, 6.36806232746e-11, 1.6774949485e-10, 2.26980587104e-10, 2.12536224731e-10, 1.11757596233e-10, 1.41848588431e-10, 5.79029220404e-11, 1.27069682901e-11, 2.59802379263e-12, 1.60277379476e-12, 1.61178481586e-12, 5.08034413149e-12, 5.0527806765e-12, 3.40935938335e-12, 1.614061532e-12, 1.00632067783e-12, 1.67121275586e-12, 3.79196283748e-12, 2.46725348485e-11, 1.21068641223e-10, 1.05070535605e-10, 2.81500777549e-11, 2.71918668138e-11]
    },
    "melbands128": {
