{
"lowlevel": {
    "average_loudness": 0.879343688488,
    "barkbands_crest": {
        "dmean": 2.53375935555,
        "dmean2": 3.91846704483,
        "dvar": 8.17827224731,
        "dvar2": 19.4200744629,
        "max": 26.6809539795,
        "mean": 12.8778009415,
        "median": 10.5729522705,
        "min": 3.6922082901,
        "stdev": 6.1948595047,
        "var": 38.376285553
    },
    "barkbands_flatness_db": {
        "dmean": 0.0307982917875,
        "dmean2": 0.0435727797449,
        "dvar": 0.00184650160372,
        "dvar2": 0.00301255937666,
        "max": 0.550439715385,
        "mean": 0.247933626175,
        "median": 0.28291285038,
        "min": 0.0172275826335,
        "stdev": 0.158164948225,
        "var": 0.0250161513686
    },
    "barkbands_kurtosis": {
        "dmean": 6.84289979935,
        "dmean2": 11.148267746,
        "dvar": 425.253417969,
        "dvar2": 1187.30834961,
        "max": 208.391876221,
        "mean": 6.24350595474,
        "median": -1.13343858719,
        "min": -1.96000623703,
        "stdev": 21.7405166626,
        "var": 472.650024414
    },
    "barkbands_skewness": {
        "dmean": 0.845021903515,
        "dmean2": 1.22607600689,
        "dvar": 2.1551425457,
        "dvar2": 4.99927520752,
        "max": 12.5895738602,
        "mean": -0.00667500356212,
        "median": -0.513989388943,
        "min": -11.5787248611,
        "stdev": 2.40025663376,
        "var": 5.76123189926
    },
    "barkbands_spread": {
        "dmean": 8.67312335968,
        "dmean2": 14.0908517838,
        "dvar": 334.644561768,
        "dvar2": 593.617370605,
        "max": 129.325500488,
        "mean": 55.3605766296,
        "median": 20.0869007111,
        "min": 0.540661752224,
        "stdev": 52.2717552185,
        "var": 2732.33642578
    },
    "dissonance": {
        "dmean": 0.0396132953465,
        "dmean2": 0.0694902315736,
        "dvar": 0.00469435472041,
        "dvar2": 0.0126949409023,
        "max": 0.499999791384,
        "mean": 0.458479821682,
        "median": 0.494036734104,
        "min": 0.124069429934,
        "stdev": 0.0765805914998,
        "var": 0.00586458668113
    },
    "dynamic_complexity": 19.8452014923,
    "erbbands_crest": {
        "dmean": 2.94403266907,
        "dmean2": 4.35388278961,
        "dvar": 12.6829328537,
        "dvar2": 26.5359954834,
        "max": 34.501865387,
        "mean": 12.751660347,
        "median": 12.3013458252,
        "min": 2.66592526436,
        "stdev": 9.37563991547,
        "var": 87.9026184082
    },
    "erbbands_flatness_db": {
        "dmean": 0.0302024129778,
        "dmean2": 0.0428332686424,
        "dvar": 0.00222454615869,
        "dvar2": 0.00365803157911,
        "max": 0.549946844578,
        "mean": 0.274308651686,
        "median": 0.345967799425,
        "min": 0.0461993068457,
        "stdev": 0.163958266377,
        "var": 0.0268823131919
    },
    "erbbands_kurtosis": {
        "dmean": 5.01510381699,
        "dmean2": 7.97495603561,
        "dvar": 137.179397583,
        "dvar2": 367.371856689,
        "max": 124.712615967,
        "mean": 5.77469778061,
        "median": 0.314108371735,
        "min": -1.94469916821,
        "stdev": 15.8087482452,
        "var": 249.916534424
    },
    "erbbands_skewness": {
        "dmean": 0.731557250023,
        "dmean2": 1.01863074303,
        "dvar": 1.26326370239,
        "dvar2": 2.45324325562,
        "max": 9.72424221039,
        "mean": 0.200483307242,
        "median": -0.555357158184,
        "min": -5.52922964096,
        "stdev": 2.25164365768,
        "var": 5.06989955902
    },
    "erbbands_spread": {
        "dmean": 6.10920763016,
        "dmean2": 9.8516664505,
        "dvar": 87.3480987549,
        "dvar2": 223.248184204,
        "max": 91.1965560913,
        "mean": 25.6204223633,
        "median": 30.5177364349,
        "min": 1.0721899271,
        "stdev": 14.0087251663,
        "var": 196.244384766
    },
    "hfc": {
        "dmean": 8.96583938599,
        "dmean2": 10.8367614746,
        "dvar": 535.642150879,
        "dvar2": 949.14251709,
        "max": 390.74230957,
        "mean": 21.6119670868,
        "median": 0.571218848228,
        "min": 1.66536701727e-05,
        "stdev": 48.2987213135,
        "var": 2332.76660156
    },
    "loudness_ebu128": {
        "integrated": -32.3438224792,
        "loudness_range": 5.45457077026,
        "momentary": {
            "dmean": 5.67255687714,
            "dmean2": 7.77447795868,
            "dvar": 101.052528381,
            "dvar2": 153.485092163,
            "max": -26.3226013184,
            "mean": -45.7160797119,
            "median": -39.3154449463,
            "min": -86.9205627441,
            "stdev": 18.9093570709,
            "var": 357.563781738
        },
        "short_term": {
            "dmean": 0.246930018067,
            "dmean2": 0.259163618088,
            "dvar": 0.192500963807,
            "dvar2": 0.223638743162,
            "max": -30.9344654083,
            "mean": -34.1442070007,
            "median": -33.7668609619,
            "min": -40.0145263672,
            "stdev": 1.88653361797,
            "var": 3.55900931358
        }
    },
    "melbands_crest": {
        "dmean": 3.44238901138,
        "dmean2": 5.34132766724,
        "dvar": 10.8558750153,
        "dvar2": 23.4374866486,
        "max": 35.6987762451,
        "mean": 16.7972431183,
        "median": 14.023557663,
        "min": 4.62040662766,
        "stdev": 7.03319549561,
        "var": 49.4658355713
    },
    "melbands_flatness_db": {
        "dmean": 0.0284308716655,
        "dmean2": 0.0381116084754,
        "dvar": 0.0016084567178,
        "dvar2": 0.00222735898569,
        "max": 0.530236184597,
        "mean": 0.198455110192,
        "median": 0.22030980885,
        "min": 0.0151159670204,
        "stdev": 0.160923063755,
        "var": 0.0258962344378
    },
    "melbands_kurtosis": {
        "dmean": 7.5957365036,
        "dmean2": 11.2618789673,
        "dvar": 588.116271973,
        "dvar2": 1323.87414551,
        "max": 328.56338501,
        "mean": 11.1279001236,
        "median": -0.739607095718,
        "min": -1.95272958279,
        "stdev": 36.1881103516,
        "var": 1309.5793457
    },
    "melbands_skewness": {
        "dmean": 0.837923109531,
        "dmean2": 1.15795946121,
        "dvar": 1.8903285265,
        "dvar2": 3.97680902481,
        "max": 13.4058227539,
        "mean": 1.22819817066,
        "median": 0.509977936745,
        "min": -6.7647819519,
        "stdev": 2.52773690224,
        "var": 6.3894534111
    },
    "melbands_spread": {
        "dmean": 16.0382423401,
        "dmean2": 26.0245857239,
        "dvar": 820.043701172,
        "dvar2": 1681.72998047,
        "max": 277.706970215,
        "mean": 91.6377639771,
        "median": 59.8662490845,
        "min": 0.696633160114,
        "stdev": 71.7230987549,
        "var": 5144.203125
    },
    "pitch_salience": {
        "dmean": 0.0753178298473,
        "dmean2": 0.112856954336,
        "dvar": 0.00821576919407,
        "dvar2": 0.0163777973503,
        "max": 0.958459734917,
        "mean": 0.566507160664,
        "median": 0.595957577229,
        "min": 0.0635315552354,
        "stdev": 0.180950954556,
        "var": 0.0327432453632
    },
    "silence_rate_20dB": {
        "dmean": 0,
        "dmean2": 0,
        "dvar": 0,
        "dvar2": 0,
        "max": 1,
        "mean": 1,
        "median": 1,
        "min": 1,
        "stdev": 0,
        "var": 0
    },
    "silence_rate_30dB": {
        "dmean": 0.00400000018999,
        "dmean2": 0.00801603216678,
        "dvar": 0.00398399541155,
        "dvar2": 0.00795179512352,
        "max": 1,
        "mean": 0.996007978916,
        "median": 1,
        "min": 0,
        "stdev": 0.0630562156439,
        "var": 0.00397608615458
    },
    "silence_rate_60dB": {
        "dmean": 0.0560000017285,
        "dmean2": 0.112224452198,
        "dvar": 0.0528638325632,
        "dvar2": 0.11165497452,
        "max": 1,
        "mean": 0.704590797424,
        "median": 1,
        "min": 0,
        "stdev": 0.456225395203,
        "var": 0.208141610026
    },
    "spectral_centroid": {
        "dmean": 365.335723877,
        "dmean2": 538.229003906,
        "dvar": 424613.4375,
        "dvar2": 906377.9375,
        "max": 6408.02050781,
        "mean": 3354.97143555,
        "median": 3760.02832031,
        "min": 836.802368164,
        "stdev": 1095.59875488,
        "var": 1200336.625
    },
    "spectral_complexity": {
        "dmean": 0.375999987125,
        "dmean2": 0.637274563313,
        "dvar": 0.938628435135,
        "dvar2": 2.00671005249,
        "max": 16,
        "mean": 1.3013972044,
        "median": 1,
        "min": 0,
        "stdev": 1.78230786324,
        "var": 3.17662119865
    },
    "spectral_decrease": {
        "dmean": 4.31960495151e-10,
        "dmean2": 5.39645494957e-10,
        "dvar": 2.57714323695e-18,
        "dvar2": 5.15304073991e-18,
        "max": -5.5933688323e-16,
        "mean": -9.3534957557e-10,
        "median": -5.06387397292e-11,
        "min": -3.06323322263e-08,
        "stdev": 2.64067501199e-09,
        "var": 6.97316482387e-18
    },
    "spectral_energy": {
        "dmean": 0.00241772853769,
        "dmean2": 0.00299743027426,
        "dvar": 6.25729517196e-05,
        "dvar2": 0.000122934419778,
        "max": 0.151055142283,
        "mean": 0.00549048930407,
        "median": 0.000254523241892,
        "min": 3.6216041277e-09,
        "stdev": 0.013843305409,
        "var": 0.000191637096577
    },
    "spectral_energyband_high": {
        "dmean": 0.00081886688713,
        "dmean2": 0.000958739838097,
        "dvar": 4.55325425719e-06,
        "dvar2": 6.82786685502e-06,
        "max": 0.032134115696,
        "mean": 0.00204868172295,
        "median": 2.35744046222e-05,
        "min": 1.03002462115e-09,
        "stdev": 0.00477123772725,
        "var": 2.2764708774e-05
    },
    "spectral_energyband_low": {
        "dmean": 6.39973961825e-07,
        "dmean2": 1.14909244076e-06,
        "dvar": 1.22908714456e-11,
        "dvar2": 3.53106953399e-11,
        "max": 5.26983276359e-05,
        "mean": 4.90573825118e-07,
        "median": 2.94838926607e-08,
        "min": 8.99561369838e-10,
        "stdev": 2.69264182862e-06,
        "var": 7.25031970225e-12
    },
    "spectral_energyband_middle_high": {
        "dmean": 0.00182461657096,
        "dmean2": 0.00232682563365,
        "dvar": 5.90000381635e-05,
        "dvar2": 0.00011666026694,
        "max": 0.140984266996,
        "mean": 0.00343792093918,
        "median": 0.000154918117914,
        "min": 4.68076633009e-10,
        "stdev": 0.0120300194249,
        "var": 0.000144721372635
    },
    "spectral_energyband_middle_low": {
        "dmean": 6.45482214168e-06,
        "dmean2": 1.11708650365e-05,
        "dvar": 1.54377199912e-09,
        "dvar2": 3.71988306824e-09,
        "max": 0.000557303603273,
        "mean": 5.61633305551e-06,
        "median": 5.47577236887e-08,
        "min": 4.30699975684e-10,
        "stdev": 4.0572405851e-05,
        "var": 1.64612024012e-09
    },
    "spectral_entropy": {
        "dmean": 0.262732207775,
        "dmean2": 0.365552067757,
        "dvar": 0.124702565372,
        "dvar2": 0.184315368533,
        "max": 8.85095119476,
        "mean": 7.48558521271,
        "median": 7.9498167038,
        "min": 4.22930622101,
        "stdev": 1.37462282181,
        "var": 1.88958775997
    },
    "spectral_flux": {
        "dmean": 0.0149113405496,
        "dmean2": 0.0232563838363,
        "dvar": 0.000676756084431,
        "dvar2": 0.00179454346653,
        "max": 0.414108395576,
        "mean": 0.0359201803803,
        "median": 0.0138567313552,
        "min": 0.000102785459603,
        "stdev": 0.0529007203877,
        "var": 0.00279848603532
    },
    "spectral_kurtosis": {
        "dmean": 0.983755707741,
        "dmean2": 1.55545806885,
        "dvar": 2.33574676514,
        "dvar2": 5.80920124054,
        "max": 16.2747535706,
        "mean": 2.0368065834,
        "median": 1.83488893509,
        "min": -1.13856065273,
        "stdev": 2.25277972221,
        "var": 5.07501649857
    },
    "spectral_rms": {
        "dmean": 0.000321695639286,
        "dmean2": 0.000350911344867,
        "dvar": 3.86262144048e-07,
        "dvar2": 5.3427174862e-07,
        "max": 0.0121396407485,
        "mean": 0.00134535762481,
        "median": 0.000498312525451,
        "min": 1.87970010757e-06,
        "stdev": 0.00188323878683,
        "var": 3.54658823198e-06
    },
    "spectral_rolloff": {
        "dmean": 1133.03295898,
        "dmean2": 1919.0880127,
        "dvar": 5706134,
        "dvar2": 9556056,
        "max": 18540.0878906,
        "mean": 10343.6757812,
        "median": 7385.88867188,
        "min": 990.52734375,
        "stdev": 6267.29980469,
        "var": 39279048
    },
    "spectral_skewness": {
        "dmean": 0.24360743165,
        "dmean2": 0.332698345184,
        "dvar": 0.0973243117332,
        "dvar2": 0.187387675047,
        "max": 3.43636274338,
        "mean": 1.1365853548,
        "median": 1.21378004551,
        "min": -0.537299096584,
        "stdev": 0.607627749443,
        "var": 0.36921146512
    },
    "spectral_spread": {
        "dmean": 764857.625,
        "dmean2": 1192181.5,
        "dvar": 1.3304093737e+12,
        "dvar2": 2.73484690227e+12,
        "max": 16837236,
        "mean": 7371406.5,
        "median": 7622754,
        "min": 2360452.5,
        "stdev": 2324994.75,
        "var": 5.40560064512e+12
    },
    "spectral_strongpeak": {
        "dmean": 1.21605849266,
        "dmean2": 1.91971373558,
        "dvar": 7.07061052322,
        "dvar2": 17.5377388,
        "max": 28.8723087311,
        "mean": 2.1925573349,
        "median": 0.282961815596,
        "min": 0,
        "stdev": 4.17140722275,
        "var": 17.400636673
    },
    "zerocrossingrate": {
        "dmean": 0.0209287106991,
        "dmean2": 0.0252829883248,
        "dvar": 0.000518161279615,
        "dvar2": 0.000611243944149,
        "max": 0.32763671875,
        "mean": 0.21649864316,
        "median": 0.25390625,
        "min": 0.05029296875,
        "stdev": 0.0751641914248,
        "var": 0.00564965605736
    },
    "barkbands": {
        "dmean": [1.48491992036e-07, 4.97776966313e-07, 4.39533955898e-08, 1.52786263641e-08, 7.06306124698e-08, 8.64984031068e-08, 7.12893609034e-07, 1.82162693818e-06, 2.44009152084e-06, 7.52574260332e-06, 1.71748997673e-05, 0.000220562244067, 0.000124427097035, 4.17369046772e-05, 6.26791052127e-06, 0.000542024034075, 0.00123919872567, 0.000222832997679, 0.00011098041432, 4.47467173217e-05, 2.88717328658e-05, 0.000211113379919, 0.000686954008415, 8.3973427536e-05, 2.77896360785e-05, 3.84448594559e-06, 3.32355405419e-08],
        "dmean2": [2.67484750793e-07, 9.04367027488e-07, 7.74714195018e-08, 2.58600003633e-08, 1.17350730022e-07, 1.55344650921e-07, 1.3692513221e-06, 3.40499173035e-06, 4.3707345867e-06, 1.18123325592e-05, 3.18778402288e-05, 0.000184957432793, 0.000185735581908, 6.29260539426e-05, 1.17327308544e-05, 0.000904894026462, 0.00165780610405, 0.000245963630732, 0.000141082855407, 5.2302628319e-05, 4.10320353694e-05, 0.000338025914971, 0.000935535586905, 0.000124682439491, 3.55128795491e-05, 5.22983646079e-06, 4.59123548069e-08],
        "dvar": [2.4354167771e-13, 7.91295414609e-12, 6.5414646898e-14, 3.04110789624e-15, 3.27147468458e-14, 2.28189754418e-13, 1.07973407992e-10, 5.25778642846e-10, 2.29311403199e-10, 1.75704517602e-09, 1.30667263676e-08, 8.05028150808e-07, 4.46770201279e-07, 2.18150884024e-08, 1.14322262768e-09, 5.05380048708e-05, 4.38808237959e-05, 3.07110485664e-06, 4.93196637308e-07, 2.42753142032e-08, 7.44549844001e-09, 4.89644207846e-07, 3.77790047423e-06, 6.96454875992e-08, 6.55529497351e-09, 1.6286584581e-10, 5.83700780107e-15],
        "dvar2": [6.96698070329e-13, 2.2865558405e-11, 1.86317730992e-13, 8.05324960228e-15, 8.19408560102e-14, 6.59699888033e-13, 3.15913462057e-10, 1.03218866787e-09, 6.25041685076e-10, 3.97848864964e-09, 3.77098388071e-08, 6.11282359841e-07, 8.41500252591e-07, 5.03593327039e-08, 3.31147753663e-09, 0.000138066738145, 7.21230462659e-05, 3.81999279853e-06, 8.71542454206e-07, 2.82552115038e-08, 1.44147795922e-08, 1.27065834477e-06, 7.93025810708e-06, 1.61501645835e-07, 8.870713053e-09, 2.74253536547e-10, 9.22918798405e-15],
        "max": [6.37977882434e-06, 4.1936247726e-05, 3.89542765333e-06, 6.62521983941e-07, 1.73704165718e-06, 5.35786330147e-06, 0.00017047271831, 0.000385040068068, 0.000161972595379, 0.000665810308419, 0.00140979187563, 0.027305284515, 0.0106106204912, 0.00198044627905, 0.000345273147104, 0.13113091886, 0.0758164450526, 0.0452398061752, 0.018298657611, 0.00382828898728, 0.00118420447689, 0.00913662277162, 0.0272905770689, 0.00398721173406, 0.00173378014006, 0.000265152862994, 1.69076179191e-06],
        "mean": [1.2715621267e-07, 3.59690091045e-07, 3.26841202991e-08, 1.26561490177e-08, 8.08078581827e-08, 6.51086722314e-08, 3.92798767734e-07, 1.74660829089e-06, 1.5397961306e-06, 5.46833643966e-06, 1.06772731669e-05, 0.000570900272578, 0.000201325441594, 9.29552479647e-05, 3.74476121578e-06, 0.000447274971521, 0.00155965599697, 0.000339642661856, 0.000157333139214, 0.000122450888739, 5.56879749638e-05, 0.000335056189215, 0.00135741697159, 0.000158098511747, 6.08577611274e-05, 7.50830076868e-06, 8.52593231571e-08],
        "median": [2.90859549779e-08, 1.1974011116e-08, 1.31222543942e-09, 6.93833768217e-10, 8.14018985551e-09, 3.82507092667e-09, 1.71120573267e-09, 6.31070840029e-09, 6.28052854168e-09, 1.05664819117e-08, 1.73184773189e-08, 5.34590860468e-08, 7.83375355695e-08, 3.14205088614e-08, 4.25228385836e-08, 5.09868556264e-08, 1.07245192282e-07, 2.08355341869e-08, 2.45463240844e-08, 1.18783614056e-08, 1.11645157119e-07, 1.33169510264e-06, 1.0310604921e-05, 8.84552150637e-07, 1.76246686578e-07, 1.93281799454e-08, 3.99138002649e-08],
        "min": [6.05450578561e-10, 1.68756415092e-11, 3.09756343839e-12, 3.89498286055e-12, 1.0226981588e-11, 9.78195736218e-12, 1.27101905389e-11, 9.9291512512e-12, 6.70405354494e-12, 2.3365918575e-11, 3.84907036799e-11, 5.41591806125e-11, 4.09144697289e-11, 3.83639300883e-11, 2.04647965241e-11, 6.74603428674e-12, 1.41779773685e-11, 3.64949667708e-11, 5.6490003647e-11, 5.22784524004e-11, 7.13960904286e-11, 7.25231541487e-11, 1.08810412069e-10, 1.50079823569e-10, 1.36045452681e-10, 1.7313081524e-10, 3.21897286604e-10],
        "stdev": [4.05916210866e-07, 2.13434918805e-06, 1.97699193905e-07, 4.86541757994e-08, 1.97966031124e-07, 3.60737146821e-07, 7.62471427151e-06, 2.32986221818e-05, 1.22104584079e-05, 4.09616295656e-05, 8.64524408826e-05, 0.00265255291015, 0.000819582841359, 0.000321361410897, 2.57584142673e-05, 0.00620072195306, 0.00842663086951, 0.00297211436555, 0.00110690086149, 0.000448016187875, 0.000172406696947, 0.000903979002032, 0.00358862825669, 0.00046279723756, 0.000172319283593, 2.71710450761e-05, 1.51866956344e-07],
        "var": [1.64767979534e-13, 4.55544629796e-12, 3.90849733221e-14, 2.3672288122e-15, 3.91905508967e-14, 1.30131284437e-13, 5.81362666341e-11, 5.42825784322e-10, 1.49095305546e-10, 1.67785518812e-09, 7.47402406631e-09, 7.03603700458e-06, 6.71716065881e-07, 1.03273158913e-07, 6.63495924869e-10, 3.84489503631e-05, 7.1008100349e-05, 8.83346365299e-06, 1.22522942547e-06, 2.00718503152e-07, 2.97240703162e-08, 8.17178033685e-07, 1.28782530737e-05, 2.14181284264e-07, 2.96939344224e-08, 7.3826572633e-10, 2.30635704355e-14]
    },
    "erbbands": {
        "dmean": [2.43609483732e-05, 7.30699321139e-05, 6.19420970907e-05, 5.11293837917e-05, 6.28872367088e-05, 0.000264079135377, 0.000581157510169, 0.000859002175275, 0.0034905706998, 0.0342248901725, 0.0411108247936, 0.0463057421148, 0.239667668939, 0.309055477381, 1.7688382864, 10.5904283524, 5.6013584137, 2.69906520844, 0.621385812759, 1.40968883038, 44.9034309387, 49.7868804932, 15.7622394562, 7.69104337692, 2.66954851151, 2.52921962738, 1.28617858887, 1.55746686459, 4.55551767349, 21.0153636932, 18.3971538544, 3.12006735802, 0.57881051302, 0.36269646883, 0.175104513764, 0.0364629402757, 0.00229821796529, 0.000106708233943, 1.20460745165e-05, 5.63407229492e-06],
        "dmean2": [4.39512987214e-05, 0.000133451336296, 0.000112499103125, 8.75554687809e-05, 0.000102274796518, 0.000451853411505, 0.000999674433842, 0.00152764609084, 0.00644011050463, 0.0599399618804, 0.0636252835393, 0.0814063027501, 0.433359980583, 0.561896324158, 2.34799718857, 7.82990789413, 7.16469717026, 3.67383623123, 0.905026495457, 2.17784953117, 62.5910339355, 59.2469825745, 15.1757450104, 9.19101715088, 3.92891383171, 3.06915330887, 1.863915205, 2.2575302124, 6.31134414673, 28.6149349213, 25.2323379517, 3.65256905556, 0.689466655254, 0.485525965691, 0.207206100225, 0.0450008288026, 0.00301699247211, 0.000126149054267, 1.3677109564e-05, 6.53445795251e-06],
        "dvar": [1.555457807e-08, 2.08706381954e-07, 1.67769513837e-07, 5.06174124837e-08, 3.19050705855e-08, 4.43973192432e-07, 5.014710041e-06, 1.98872530746e-05, 0.00206510862336, 0.206967324018, 0.200610399246, 0.0793679058552, 2.16155481339, 2.86250543594, 58.26354599, 2006.44348145, 918.074279785, 60.3672294617, 4.27880620956, 113.756088257, 131585.75, 52208.2734375, 9790.95214844, 2776.82080078, 139.965560913, 92.6787261963, 21.2344589233, 24.0996856689, 161.767852783, 3522.90600586, 3497.50390625, 80.3620986938, 2.07433748245, 1.15074431896, 0.256128937006, 0.011207703501, 3.75118106604e-05, 8.89875337862e-08, 5.7568544376e-10, 2.01776650943e-10],
        "dvar2": [4.49151293935e-08, 6.04854278663e-07, 4.83110795813e-07, 1.34502883498e-07, 7.97834758259e-08, 1.17225170015e-06, 1.38811537909e-05, 5.70965567022e-05, 0.00590966129676, 0.559883534908, 0.446197211742, 0.210924893618, 5.92566251755, 8.08120632172, 125.699531555, 1270.31945801, 1850.14562988, 113.657722473, 7.90858030319, 303.641174316, 320172.0625, 81040.1796875, 12070.7578125, 4434.90429688, 331.047851562, 148.568878174, 41.7124938965, 51.0001678467, 362.487976074, 7310.54296875, 6577.89599609, 125.837539673, 3.03974080086, 1.99422633648, 0.303200781345, 0.0178218651563, 5.96700992901e-05, 1.20346768995e-07, 7.05277447555e-10, 3.53073098536e-10],
        "max": [0.0017887809081, 0.00699880626053, 0.00635159481317, 0.00327023491263, 0.00155052088667, 0.00628928514197, 0.0238913297653, 0.0500441603363, 0.766714513302, 8.06817722321, 8.29026603699, 3.42449331284, 19.4830722809, 19.0976371765, 111.921020508, 1409.87329102, 565.660400391, 116.302215576, 35.2006225586, 221.282699585, 7816.78857422, 3733.87939453, 2983.5480957, 1303.43164062, 231.683410645, 228.022689819, 62.066493988, 67.5899810791, 159.951919556, 785.187255859, 1180.91638184, 152.219192505, 23.2818965912, 20.0788784027, 11.8316879272, 1.83397316933, 0.123212225735, 0.00636248290539, 0.00052070710808, 0.000262307206867],
        "mean": [1.80290207936e-05, 5.08082775923e-05, 4.55035806226e-05, 4.22309640271e-05, 6.27792833257e-05, 0.000282557739411, 0.000575262354687, 0.000650832720567, 0.00210886914283, 0.0216243620962, 0.0339116603136, 0.032364692539, 0.145724073052, 0.247360423207, 2.49163293839, 26.6369304657, 12.0231599808, 6.26547527313, 1.1711704731, 1.62487733364, 49.4086837769, 73.3928756714, 29.0666980743, 9.53558731079, 4.4531211853, 6.32190942764, 2.66038441658, 3.23081612587, 9.11345481873, 37.9014511108, 34.5798988342, 7.10429573059, 1.37042462826, 0.746838152409, 0.375999391079, 0.08528278023, 0.00518819922581, 0.000279609201243, 4.02209625463e-05, 1.48018798427e-05],
        "median": [6.66334813104e-07, 1.82019971362e-06, 1.86688748727e-06, 2.46705690188e-06, 5.78262415729e-06, 2.71387198154e-05, 4.99088127981e-05, 3.32952186e-05, 3.21275474562e-05, 7.91312631918e-05, 0.000132095694426, 0.00012719546794, 0.000459957664134, 0.00100730254781, 0.00415511289611, 0.0352429188788, 0.0653266534209, 0.0179987661541, 0.0136607242748, 0.0101386634633, 0.0209416430444, 0.0112110590562, 0.00555947842076, 0.00323497341014, 0.00334901036695, 0.00191991683096, 0.00346364127472, 0.0118368351832, 0.0778969749808, 0.297323614359, 0.252502679825, 0.0561968460679, 0.0132870674133, 0.00314232660457, 0.00117614318151, 0.000328736030497, 2.96017569781e-05, 1.09218144644e-05, 1.24151620184e-05, 1.26465477024e-06],
        "min": [1.48657139931e-08, 3.24244742167e-09, 6.44345998779e-09, 1.2895150725e-08, 2.50427838466e-08, 3.70107997583e-08, 1.19578402291e-07, 4.54365398639e-08, 1.75885432441e-07, 3.53145935605e-07, 3.33351607651e-07, 1.7402707897e-07, 4.65417059559e-07, 1.62707920026e-06, 2.30911905419e-06, 2.90077923637e-06, 2.05467654268e-06, 2.04202046916e-06, 1.26146483126e-06, 6.81756944232e-07, 5.697229426e-07, 8.50936203278e-07, 2.16122361962e-06, 1.87883915714e-06, 3.38920517606e-06, 2.37559675043e-06, 3.45478497366e-06, 1.974220595e-06, 2.45412888944e-06, 4.23120582127e-06, 2.61544823843e-06, 2.44629472945e-06, 2.66348524747e-06, 1.38500024605e-06, 1.01500359051e-06, 5.55137035008e-07, 3.60217370599e-07, 1.87918146821e-07, 4.5170644114e-08, 4.34841185282e-09],
        "stdev": [9.54433053266e-05, 0.000343281688401, 0.000310546020046, 0.00019142612291, 0.000178503556526, 0.000697058974765, 0.00190467829816, 0.00341314729303, 0.0343948490918, 0.368027627468, 0.429600268602, 0.237300798297, 1.18267595768, 1.41981184483, 10.7634983063, 127.888587952, 41.1696891785, 18.6165351868, 4.08817577362, 11.5424880981, 415.159057617, 348.704620361, 202.129760742, 73.3113327026, 16.8649616241, 23.6538028717, 8.09714794159, 9.29374694824, 20.9875297546, 101.909645081, 108.237976074, 18.3291759491, 3.29348802567, 1.97914338112, 1.10853028297, 0.246465563774, 0.0138943064958, 0.000719424453564, 7.17530201655e-05, 3.1321287679e-05],
        "var": [9.10942432597e-09, 1.17842319014e-07, 9.64388320313e-08, 3.66439607546e-08, 3.18635180463e-08, 4.85891234803e-07, 3.62779928764e-06, 1.16495739348e-05, 0.00118300574832, 0.13544434309, 0.184556394815, 0.0563116706908, 1.39872252941, 2.01586556435, 115.852890015, 16355.4902344, 1694.9432373, 346.5753479, 16.7131824493, 133.229034424, 172357.046875, 121594.914062, 40856.4375, 5374.55175781, 284.4269104, 559.502380371, 65.5638122559, 86.3737335205, 440.476409912, 10385.5761719, 11715.4599609, 335.958679199, 10.8470640182, 3.91700863838, 1.22883939743, 0.0607452765107, 0.000193051761016, 5.17571550063e-07, 5.14849540778e-09, 9.81023151603e-10]
    },
    "gfcc": {
        "mean": [-422.339599609, -98.1762771606, -138.132400513, 23.4896507263, -48.1004486084, 45.8269767761, -31.175163269, -3.1637263298, -14.4935436249, -1.36099267006, 1.48433935642, 17.5535621643, -11.41933918],
        "cov": [[49001.7851562, -5906.44580078, -11173.3984375, 4326.421875, -1399.5645752, 6514.421875, -1740.21643066, -1245.72436523, -542.113037109, -1449.64099121, 1983.50061035, 2313.33056641, -1098.83288574], [-5906.44580078, 2795.20922852, 1607.87390137, -1242.50878906, 169.261077881, -504.849060059, 332.211303711, -130.819549561, 323.754608154, 77.491645813, -256.870574951, -340.742401123, 183.315719604], [-11173.3984375, 1607.87390137, 3001.83837891, -765.288452148, 290.130065918, -1509.86669922, 380.201660156, 246.70892334, 143.290908813, 425.620758057, -460.780792236, -622.899963379, 220.864685059], [4326.421875, -1242.50878906, -765.288452148, 1183.51159668, -56.2642364502, 357.097229004, -184.63671875, -62.0625686646, -87.1443862915, 1.49895393848, 190.683456421, 115.64768219, -154.500701904], [-1399.5645752, 169.261077881, 290.130065918, -56.2642364502, 366.429382324, -144.254119873, -87.2330551147, 10.0655918121, -22.2158412933, 29.8967704773, 17.8943500519, 23.3408050537, -32.361415863], [6514.421875, -504.849060059, -1509.86669922, 357.097229004, -144.254119873, 1295.82019043, -245.965118408, -363.253204346, 13.3694400787, -211.171081543, 325.659179688, 301.018218994, -176.895889282], [-1740.21643066, 332.211303711, 380.201660156, -184.63671875, -87.2330551147, -245.965118408, 354.922119141, 79.7582702637, 0.874943971634, 3.93072462082, -125.820770264, -91.65284729, 103.330711365], [-1245.72436523, -130.819549561, 246.70892334, -62.0625686646, 10.0655918121, -363.253204346, 79.7582702637, 340.777862549, -65.4074783325, -37.3826637268, -116.776107788, 11.2117528915, 114.738899231], [-542.113037109, 323.754608154, 143.290908813, -87.1443862915, -22.2158412933, 13.3694400787, 0.874943971634, -65.4074783325, 251.764938354, 69.9613342285, -67.4713134766, -148.322738647, 6.38484144211], [-1449.64099121, 77.491645813, 425.620758057, 1.49895393848, 29.8967704773, -211.171081543, 3.93072462082, -37.3826637268, 69.9613342285, 284.402709961, -22.371931076, -224.356201172, -90.0780487061], [1983.50061035, -256.870574951, -460.780792236, 190.683456421, 17.8943500519, 325.659179688, -125.820770264, -116.776107788, -67.4713134766, -22.371931076, 249.480987549, 123.544868469, -143.414611816], [2313.33056641, -340.742401123, -622.899963379, 115.64768219, 23.3408050537, 301.018218994, -91.65284729, 11.2117528915, -148.322738647, -224.356201172, 123.544868469, 399.896575928, 26.0518379211], [-1098.83288574, 183.315719604, 220.864685059, -154.500701904, -32.361415863, -176.895889282, 103.330711365, 114.738899231, 6.38484144211, -90.0780487061, -143.414611816, 26.0518379211, 229.045349121]],
        "icov": [[0.000775968132075, -0.00108694809023, 0.00205419864506, -0.00191851938143, 0.00151680735871, -0.00132840964943, 0.00118313822895, -0.000972646055743, 0.00115448981524, -0.000598859624006, 0.000715844740625, -0.000625861808658, 0.000711191853043], [-0.00108694809023, 0.00283809169196, -0.00350237311795, 0.00361969764344, -0.00242195138708, 0.00177403411362, -0.0022323213052, 0.00224818009883, -0.00278487824835, 0.00178593734745, -0.00157032313291, 0.000959055440035, -0.00107064947952], [0.00205419864506, -0.00350237311795, 0.00710358098149, -0.00522360065952, 0.00334525923245, -0.00244783540256, 0.00300245289691, -0.00249500595964, 0.00369756761938, -0.00276478705928, 0.0022679856047, -0.000837698404212, 0.00108705856837], [-0.00191851938143, 0.00361969764344, -0.00522360065952, 0.00653696712106, -0.00387746025808, 0.00324960774742, -0.00307864765637, 0.00286937365308, -0.00337949744426, 0.00172435317654, -0.00240730890073, 0.00171626033261, -0.00167130026966], [0.00151680735871, -0.00242195138708, 0.00334525923245, -0.00387746025808, 0.00703654391691, -0.00220282119699, 0.00379109382629, -0.0019536013715, 0.0023922319524, -0.00096189416945, 0.00124719983432, -0.00253940559924, 0.00255994335748], [-0.00132840964943, 0.00177403411362, -0.00244783540256, 0.00324960774742, -0.00220282119699, 0.00545043405145, -0.0017699347809, 0.00369046092965, -0.00280787050724, 0.00199986179359, -0.00237893895246, 0.000848324620165, -0.00111367844511], [0.00118313822895, -0.0022323213052, 0.00300245289691, -0.00307864765637, 0.00379109382629, -0.0017699347809, 0.00640185829252, -0.00177317985799, 0.00302251661196, -0.000585047819186, 0.0019403466722, -0.00039732363075, 0.000605398206972], [-0.000972646055743, 0.00224818009883, -0.00249500595964, 0.00286937365308, -0.0019536013715, 0.00369046092965, -0.00177317985799, 0.00745545513928, -0.00135204254184, 0.00223585474305, -0.000290439289529, 0.000507077260409, -0.00180729932617], [0.00115448981524, -0.00278487824835, 0.00369756761938, -0.00337949744426, 0.0023922319524, -0.00280787050724, 0.00302251661196, -0.00135204254184, 0.00916216615587, -0.00212021032348, 0.00348317995667, 0.00150141003542, 0.000326467736159], [-0.000598859624006, 0.00178593734745, -0.00276478705928, 0.00172435317654, -0.00096189416945, 0.00199986179359, -0.000585047819186, 0.00223585474305, -0.00212021032348, 0.0102824289352, -0.00156835338566, 0.00382157135755, 0.00276560126804], [0.000715844740625, -0.00157032313291, 0.0022679856047, -0.00240730890073, 0.00124719983432, -0.00237893895246, 0.0019403466722, -0.000290439289529, 0.00348317995667, -0.00156835338566, 0.0119210295379, -0.00271169934422, 0.00554804783314], [-0.000625861808658, 0.000959055440035, -0.000837698404212, 0.00171626033261, -0.00253940559924, 0.000848324620165, -0.00039732363075, 0.000507077260409, 0.00150141003542, 0.00382157135755, -0.00271169934422, 0.0082599632442, -0.00275935116224], [0.000711191853043, -0.00107064947952, 0.00108705856837, -0.00167130026966, 0.00255994335748, -0.00111367844511, 0.000605398206972, -0.00180729932617, 0.000326467736159, 0.00276560126804, 0.00554804783314, -0.00275935116224, 0.0114592164755]]
    },
    "melbands": {
        "dmean": [1.77358231213e-07, 4.90962186461e-08, 8.80675621318e-09, 9.80612657742e-09, 2.06129815439e-08, 1.72095422357e-08, 7.49479411866e-08, 4.192854135e-07, 3.10176204721e-07, 3.61803103033e-07, 1.23753670778e-06, 1.07395089799e-06, 3.14136786983e-06, 2.15572163142e-05, 2.18219029193e-05, 1.16291830636e-05, 4.67446216135e-06, 1.21793209473e-06, 4.35855781689e-07, 1.90971832126e-06, 7.2993869253e-05, 6.42793820589e-05, 3.80873716495e-05, 3.22890969073e-06, 7.37044365451e-06, 2.85590795102e-06, 1.76162791377e-06, 2.06850245377e-06, 1.23966754018e-06, 6.27088525107e-07, 1.39235112329e-06, 2.46967442763e-06, 6.36948334432e-06, 1.78872414835e-05, 1.40645670399e-05, 5.6923468037e-06, 1.50158803081e-06, 4.55003259958e-07, 3.52899007794e-07, 3.57335522949e-07],
        "dmean2": [3.20560644695e-07, 8.86084876583e-08, 1.50960275391e-08, 1.61803193066e-08, 3.52057369923e-08, 3.09225640649e-08, 1.41804733289e-07, 6.81847438955e-07, 4.7335586828e-07, 6.57582802432e-07, 2.25168878387e-06, 1.98182510758e-06, 5.33348065801e-06, 1.90965438378e-05, 2.12525246752e-05, 1.71296833287e-05, 6.51863729217e-06, 1.69376994563e-06, 8.2814273128e-07, 2.44959574047e-06, 0.000102020494523, 7.18839655747e-05, 3.71153291781e-05, 4.83733447254e-06, 8.91840772965e-06, 3.89441720472e-06, 2.4931932785e-06, 2.75064439847e-06, 1.87708928934e-06, 9.82448682407e-07, 2.01021862267e-06, 3.63689241567e-06, 1.02960366348e-05, 2.80555832433e-05, 1.91420858755e-05, 8.0533181972e-06, 2.22418998419e-06, 6.39383415546e-07, 4.88220621264e-07, 5.06021535784e-07],
        "dvar": [8.9560937876e-13, 1.06474880724e-13, 1.24259331022e-15, 5.36760384692e-16, 4.94218991361e-15, 8.90657600433e-15, 1.07952091277e-12, 2.79192606534e-11, 1.07910772332e-11, 5.01812090145e-12, 5.9262428298e-11, 3.75333410185e-11, 3.49312412329e-10, 1.00097610201e-08, 6.9135208669e-09, 4.37169189738e-09, 2.0294375902e-10, 2.23869933008e-11, 5.2787271082e-12, 1.30954372346e-10, 3.43225536881e-07, 9.82513199688e-08, 7.08732272869e-08, 2.77882161726e-10, 3.15478265733e-09, 2.76992234705e-10, 6.94826349235e-11, 7.55781409678e-11, 2.51604587859e-11, 4.84823032415e-12, 1.97370002286e-11, 5.0503275173e-11, 4.54325022048e-10, 2.87386248132e-09, 2.02827643569e-09, 4.39803388153e-10, 1.80356181378e-11, 1.52900435368e-12, 8.00546532276e-13, 1.60492528555e-12],
        "dvar2": [2.58573522836e-12, 3.07152171536e-13, 3.28958141143e-15, 1.30187619328e-15, 1.34329515149e-14, 2.56999875889e-14, 3.13891707765e-12, 7.01107366607e-11, 2.54626580237e-11, 1.39280392775e-11, 1.6215558063e-10, 1.01930033858e-10, 9.78432002086e-10, 6.89805323972e-09, 6.80618184035e-09, 1.07822604178e-08, 3.67360447617e-10, 3.6773206008e-11, 1.56003925056e-11, 2.4281565647e-10, 8.10943106444e-07, 1.66697958548e-07, 8.36013427374e-08, 5.66787450307e-10, 5.1548494362e-09, 6.11426131947e-10, 1.4600466669e-10, 1.41868947146e-10, 5.59836933756e-11, 1.20184634814e-11, 4.47460575537e-11, 1.25608176638e-10, 1.14032261411e-09, 7.27835036685e-09, 3.54714146944e-09, 9.8143049243e-10, 4.41860853462e-11, 2.71413122012e-12, 1.49691663145e-12, 3.7927308863e-12],
        "max": [1.38769146361e-05, 5.10144354848e-06, 4.9618427056e-07, 1.98264672235e-07, 7.01760370703e-07, 1.06674042399e-06, 1.71660394699e-05, 9.7228155937e-05, 6.10026399954e-05, 2.42672485911e-05, 0.000103536403913, 7.45830038795e-05, 0.000233879094594, 0.00289262458682, 0.00184405571781, 0.00116289744619, 0.000256316212472, 8.67403650773e-05, 2.23277711484e-05, 0.000262855552137, 0.0126003324986, 0.00497725838795, 0.0077361818403, 0.000331746123265, 0.00136786641087, 0.000352289614966, 0.000199460497242, 0.000170964864083, 6.71286688885e-05, 3.22490050166e-05, 6.00568200753e-05, 9.6946292615e-05, 0.000273159355856, 0.000645544438157, 0.000888354494236, 0.000288797164103, 5.46448609384e-05, 1.66340905707e-05, 1.18028738143e-05, 2.40431509155e-05],
        "mean": [1.32337603986e-07, 3.56981395555e-08, 7.66771801608e-09, 1.08968221113e-08, 2.09563690845e-08, 1.29436230623e-08, 4.29682067704e-08, 2.92027067417e-07, 2.43859432203e-07, 2.22927667437e-07, 7.37020684483e-07, 7.84040423696e-07, 2.30890600506e-06, 4.87956458528e-05, 6.02944783168e-05, 1.61523312272e-05, 1.09525999505e-05, 1.91894878299e-06, 2.51601676382e-07, 2.34162280321e-06, 8.01291389507e-05, 8.01180285634e-05, 6.51202353765e-05, 3.85839848605e-06, 8.27908024803e-06, 4.2008168748e-06, 2.73563728115e-06, 4.68879579785e-06, 1.90866035155e-06, 8.33558772229e-07, 2.27612281378e-06, 4.19490152126e-06, 8.8028027676e-06, 2.70482341875e-05, 2.48571413977e-05, 7.94983225205e-06, 2.60722481471e-06, 8.70327653502e-07, 6.37936693693e-07, 6.3830492536e-07],
        "median": [6.18144868625e-09, 1.48066303662e-09, 5.12118736307e-10, 1.10388065355e-09, 1.91330995492e-09, 6.49292397625e-10, 4.20351559116e-10, 1.20685994531e-09, 9.1195900831e-10, 7.7833567369e-10, 1.29293287188e-09, 2.04721262165e-09, 3.04822433961e-09, 5.75303893413e-09, 1.29218422629e-08, 6.46502718027e-09, 3.10565040351e-09, 3.37128081007e-09, 2.9390601064e-09, 2.78786971286e-09, 4.8945194564e-09, 7.75702169165e-09, 2.09567674325e-09, 8.66916427533e-10, 5.46421130565e-10, 1.10531916953e-09, 4.69494498834e-10, 3.62998325842e-10, 2.89200247083e-10, 1.45243361782e-09, 1.48838719127e-09, 2.39092323717e-09, 2.5371186041e-08, 6.33558059349e-08, 8.21399979145e-08, 2.80118968021e-08, 1.30538531096e-08, 5.5342912475e-09, 2.21543694501e-09, 1.4821478489e-09],
        "min": [1.80922221649e-10, 3.1587831309e-12, 2.69747874211e-12, 2.1762925663e-12, 3.21865038962e-12, 1.09834450562e-12, 3.80175101469e-12, 3.25427857405e-12, 2.45789087867e-12, 8.73917149584e-13, 2.31616570541e-12, 5.88620688649e-12, 7.93153910605e-12, 6.22956417354e-12, 6.51337707727e-12, 2.92878048203e-12, 3.95510577414e-12, 2.13094906304e-12, 1.75208979269e-12, 3.8500035408e-13, 7.19492933114e-13, 8.50792743548e-13, 1.44219868253e-12, 1.68993540949e-12, 1.37891911431e-12, 2.55483264752e-12, 2.20052383433e-12, 1.32259123358e-12, 2.12493802935e-12, 2.0191895031e-12, 7.966656306e-13, 1.11704992044e-12, 1.85315066244e-12, 2.71295312604e-12, 1.80999811493e-12, 9.90930536411e-13, 1.50416907662e-12, 1.99183378125e-12, 1.08952636409e-12, 1.32055846293e-12],
        "stdev": [7.22329900782e-07, 2.46694810357e-07, 3.06744958323e-08, 2.60118664386e-08, 6.30722922779e-08, 7.14803860546e-08, 7.68887105096e-07, 4.59027751276e-06, 3.03971955873e-06, 1.76865000867e-06, 6.18479361947e-06, 5.36881225344e-06, 1.4885859855e-05, 0.000254010607023, 0.00023679761216, 6.55018302496e-05, 3.69449262507e-05, 9.06465538719e-06, 1.70414546119e-06, 1.88378799066e-05, 0.000687870546244, 0.000424540980021, 0.000501124828588, 2.06957993214e-05, 7.54835782573e-05, 2.30062032642e-05, 1.38627137858e-05, 1.92303086806e-05, 7.35460253054e-06, 2.57067858911e-06, 7.57927227824e-06, 1.1522002751e-05, 2.71490534942e-05, 7.72838611738e-05, 8.68318747962e-05, 2.47364168899e-05, 7.04976810084e-06, 2.23203483074e-06, 1.65232575e-06, 1.91265098692e-06],
