{
"lowlevel": {
    "average_loudness": 0.0099248290062,
    "barkbands_crest": {
        "dmean": 1.61276245117,
        "dmean2": 2.42962694168,
        "dvar": 2.7210752964,
        "dvar2": 6.02313280106,
        "max": 26.9973564148,
        "mean": 20.000579834,
        "median": 19.6578044891,
        "min": 5.88442134857,
        "stdev": 4.61213874817,
        "var": 21.2718238831
    },
    "barkbands_flatness_db": {
        "dmean": 0.0278181675822,
        "dmean2": 0.041338801384,
        "dvar": 0.00066605117172,
        "dvar2": 0.00118537188973,
        "max": 0.775430560112,
        "mean": 0.381533771753,
        "median": 0.333275675774,
        "min": 0.0642738118768,
        "stdev": 0.157277822495,
        "var": 0.0247363131493
    },
    "barkbands_kurtosis": {
        "dmean": 509.174468994,
        "dmean2": 889.469055176,
        "dvar": 4910835.5,
        "dvar2": 15515585,
        "max": 28309.3066406,
        "mean": 801.375610352,
        "median": 95.0704956055,
        "min": -1.97586548328,
        "stdev": 2940.4777832,
        "var": 8646410
    },
    "barkbands_skewness": {
        "dmean": 4.66098833084,
        "dmean2": 7.66941547394,
        "dvar": 110.372634888,
        "dvar2": 321.957061768,
        "max": 19.4868068695,
        "mean": -2.47625875473,
        "median": 6.9161272049,
        "min": -166.047958374,
        "stdev": 27.2386226654,
        "var": 741.942565918
    },
    "barkbands_spread": {
        "dmean": 3.7922372818,
        "dmean2": 5.42521524429,
        "dvar": 34.4409561157,
        "dvar2": 60.8938179016,
        "max": 124.057929993,
        "mean": 12.0827503204,
        "median": 4.4940199852,
        "min": 0.0083609232679,
        "stdev": 20.9963474274,
        "var": 440.846588135
    },
    "dissonance": {
        "dmean": 0.0110861882567,
        "dmean2": 0.0204252358526,
        "dvar": 0.0022372645326,
        "dvar2": 0.00639957888052,
        "max": 0.5,
        "mean": 0.491338789463,
        "median": 0.496731758118,
        "min": 0.133202135563,
        "stdev": 0.0347031950951,
        "var": 0.00120431173127
    },
    "dynamic_complexity": 44.5277824402,
    "erbbands_crest": {
        "dmean": 1.26570403576,
        "dmean2": 2.18177032471,
        "dvar": 1.98076581955,
        "dvar2": 4.6060833931,
        "max": 20.9653987885,
        "mean": 10.3398303986,
        "median": 6.98099136353,
        "min": 2.48265147209,
        "stdev": 7.28043365479,
        "var": 53.0047149658
    },
    "erbbands_flatness_db": {
        "dmean": 0.0110188322142,
        "dmean2": 0.0161227788776,
        "dvar": 0.000198144334718,
        "dvar2": 0.000210598140256,
        "max": 0.754688501358,
        "mean": 0.225471571088,
        "median": 0.0677115693688,
        "min": 0.0342597998679,
        "stdev": 0.253454089165,
        "var": 0.0642389804125
    },
    "erbbands_kurtosis": {
        "dmean": 6.874604702,
        "dmean2": 8.97522068024,
        "dvar": 247.53527832,
        "dvar2": 566.695800781,
        "max": 302.829803467,
        "mean": 22.7246952057,
        "median": 0.0923310518265,
        "min": -1.70116662979,
        "stdev": 61.3571777344,
        "var": 3764.703125
    },
    "erbbands_skewness": {
        "dmean": 0.502896368504,
        "dmean2": 0.763716042042,
        "dvar": 0.670171260834,
        "dvar2": 1.64506781101,
        "max": 0.891201734543,
        "mean": -1.24632000923,
        "median": -0.611178517342,
        "min": -12.2420310974,
        "stdev": 2.20379424095,
        "var": 4.85670948029
    },
    "erbbands_spread": {
        "dmean": 14.3281574249,
        "dmean2": 23.3947124481,
        "dvar": 288.957122803,
        "dvar2": 725.498352051,
        "max": 169.927246094,
        "mean": 77.2682189941,
        "median": 91.8933868408,
        "min": 0.29935953021,
        "stdev": 59.9883499146,
        "var": 3598.60229492
    },
    "hfc": {
        "dmean": 5.19161605835,
        "dmean2": 3.72766757011,
        "dvar": 1541.81921387,
        "dvar2": 1402.75134277,
        "max": 569.229675293,
        "mean": 14.6651601791,
        "median": 0.000178799935384,
        "min": 5.98277347308e-06,
        "stdev": 70.1944656372,
        "var": 4927.26318359
    },
    "loudness_ebu128": {
        "integrated": -18.1766166687,
        "loudness_range": 25.9760665894,
        "momentary": {
            "dmean": 1.54420590401,
            "dmean2": 0.36318436265,
            "dvar": 2.28905510902,
            "dvar2": 0.177157133818,
            "max": -12.059551239,
            "mean": -60.2739677429,
            "median": -67.7040863037,
            "min": -83.5479888916,
            "stdev": 17.8591556549,
            "var": 318.949462891
        },
        "short_term": {
            "dmean": 2.3417069912,
            "dmean2": 0.245352357626,
            "dvar": 2.18327450752,
            "dvar2": 0.0900266245008,
            "max": -20.6871833801,
            "mean": -53.1712188721,
            "median": -57.9784088135,
            "min": -69.86302948,
            "stdev": 16.241350174,
            "var": 263.781433105
        }
    },
    "melbands_crest": {
        "dmean": 0.984270095825,
        "dmean2": 1.57259440422,
        "dvar": 2.20597672462,
        "dvar2": 4.57050943375,
        "max": 39.2265129089,
        "mean": 32.6544532776,
        "median": 37.329662323,
        "min": 14.2084722519,
        "stdev": 7.64392805099,
        "var": 58.4296379089
    },
    "melbands_flatness_db": {
        "dmean": 0.0322769619524,
        "dmean2": 0.0492116957903,
        "dvar": 0.000864837958943,
        "dvar2": 0.00169546762481,
        "max": 0.791045188904,
        "mean": 0.458460092545,
        "median": 0.43517896533,
        "min": 0.0290528424084,
        "stdev": 0.134013071656,
        "var": 0.0179595053196
    },
    "melbands_kurtosis": {
        "dmean": 224.928085327,
        "dmean2": 349.434082031,
        "dvar": 57141.3828125,
        "dvar2": 131351.90625,
        "max": 2121.8269043,
        "mean": 590.98651123,
        "median": 386.977294922,
        "min": -1.99051868916,
        "stdev": 558.325866699,
        "var": 311727.78125
    },
    "melbands_skewness": {
        "dmean": 3.82478475571,
        "dmean2": 6.01457118988,
        "dvar": 10.7030534744,
        "dvar2": 24.8326053619,
        "max": 40.4171714783,
        "mean": 14.9033250809,
        "median": 18.017791748,
        "min": -15.6373243332,
        "stdev": 16.1940917969,
        "var": 262.248596191
    },
    "melbands_spread": {
        "dmean": 3.62650465965,
        "dmean2": 4.96578502655,
        "dvar": 81.9091491699,
        "dvar2": 158.630645752,
        "max": 171.450149536,
        "mean": 12.2625102997,
        "median": 1.30653083324,
        "min": 0.244205415249,
        "stdev": 28.0174694061,
        "var": 784.97857666
    },
    "pitch_salience": {
        "dmean": 0.0313315987587,
        "dmean2": 0.0440344773233,
        "dvar": 0.00212207855657,
        "dvar2": 0.00212656566873,
        "max": 0.923521757126,
        "mean": 0.108027160168,
        "median": 0.0518993623555,
        "min": 0.0152329457924,
        "stdev": 0.139887824655,
        "var": 0.0195686016232
    },
    "silence_rate_20dB": {
        "dmean": 0,
        "dmean2": 0,
        "dvar": 0,
        "dvar2": 0,
        "max": 1,
        "mean": 1,
        "median": 1,
        "min": 1,
        "stdev": 0,
        "var": 0
    },
    "silence_rate_30dB": {
        "dmean": 0.00913241971284,
        "dmean2": 0.0137614682317,
        "dvar": 0.00904906261712,
        "dvar2": 0.0135720176622,
        "max": 1,
        "mean": 0.977272748947,
        "median": 1,
        "min": 0,
        "stdev": 0.149032324553,
        "var": 0.0222106333822
    },
    "silence_rate_60dB": {
        "dmean": 0.00456620985642,
        "dmean2": 0.00917431153357,
        "dvar": 0.00454537011683,
        "dvar2": 0.00909013859928,
        "max": 1,
        "mean": 0.899999976158,
        "median": 1,
        "min": 0,
        "stdev": 0.300000280142,
        "var": 0.0900001749396
    },
    "spectral_centroid": {
        "dmean": 289.353179932,
        "dmean2": 471.324371338,
        "dvar": 111572.0625,
        "dvar2": 282767.46875,
        "max": 3859.35253906,
        "mean": 2326.65942383,
        "median": 2357.14550781,
        "min": 732.780700684,
        "stdev": 550.369628906,
        "var": 302906.75
    },
    "spectral_complexity": {
        "dmean": 0.269406378269,
        "dmean2": 0.385321110487,
        "dvar": 6.19687747955,
        "dvar2": 14.3927812576,
        "max": 29,
        "mean": 0.377272725105,
        "median": 0,
        "min": 0,
        "stdev": 2.02224802971,
        "var": 4.08948755264
    },
    "spectral_decrease": {
        "dmean": 4.59153909338e-10,
        "dmean2": 3.32715383022e-10,
        "dvar": 1.23333506143e-17,
        "dvar2": 1.14482574327e-17,
        "max": -1.66315630569e-17,
        "mean": -1.2995458043e-09,
        "median": -4.38808332118e-13,
        "min": -5.03373094318e-08,
        "stdev": 6.22774187775e-09,
        "var": 3.87847684608e-17
    },
    "spectral_energy": {
        "dmean": 0.00220384099521,
        "dmean2": 0.00159384810831,
        "dvar": 0.000282777444227,
        "dvar2": 0.00026136598899,
        "max": 0.241615444422,
        "mean": 0.00623495737091,
        "median": 1.67971870724e-06,
        "min": 6.054268753e-10,
        "stdev": 0.0298716835678,
        "var": 0.000892317504622
    },
    "spectral_energyband_high": {
        "dmean": 2.80735804381e-07,
        "dmean2": 4.07314075801e-07,
        "dvar": 7.93618122608e-12,
        "dvar2": 1.93104317259e-11,
        "max": 3.06777546939e-05,
        "mean": 1.61518485697e-07,
        "median": 7.69403740719e-09,
        "min": 3.59231006053e-10,
        "stdev": 2.0664845124e-06,
        "var": 4.27035793879e-12
    },
    "spectral_energyband_low": {
        "dmean": 1.04474941054e-06,
        "dmean2": 1.53178143592e-06,
        "dvar": 8.63781875887e-12,
        "dvar2": 1.62001332488e-11,
        "max": 3.78800250473e-05,
        "mean": 1.90315233795e-06,
        "median": 1.12386214823e-06,
        "min": 6.73945621532e-11,
        "stdev": 3.22724349644e-06,
        "var": 1.04151010732e-11
    },
    "spectral_energyband_middle_high": {
        "dmean": 0.0022025492508,
        "dmean2": 0.00158625841141,
        "dvar": 0.000279872620013,
        "dvar2": 0.000256511964835,
        "max": 0.241510614753,
        "mean": 0.00622629793361,
        "median": 3.15615489299e-09,
        "min": 6.76180084147e-11,
        "stdev": 0.0298187807202,
        "var": 0.00088915968081
    },
    "spectral_energyband_middle_low": {
        "dmean": 1.2033803614e-05,
        "dmean2": 1.74580018211e-05,
        "dvar": 1.47523095961e-08,
        "dvar2": 3.59418628193e-08,
        "max": 0.00131933018565,
        "mean": 6.54927316646e-06,
        "median": 1.42731992891e-09,
        "min": 1.11928487312e-11,
        "stdev": 8.88884314918e-05,
        "var": 7.90115262106e-09
    },
    "spectral_entropy": {
        "dmean": 0.170942857862,
        "dmean2": 0.275362700224,
        "dvar": 0.0675331950188,
        "dvar2": 0.154780358076,
        "max": 8.95545959473,
        "mean": 6.99449968338,
        "median": 8.46203041077,
        "min": 2.31178760529,
        "stdev": 2.37717795372,
        "var": 5.65097522736
    },
    "spectral_flux": {
        "dmean": 0.00463010417297,
        "dmean2": 0.00559650594369,
        "dvar": 0.00125970691442,
        "dvar2": 0.00236628111452,
        "max": 0.465430617332,
        "mean": 0.00641993340105,
        "median": 0.000323769170791,
        "min": 3.56491364073e-05,
        "stdev": 0.0355917513371,
        "var": 0.0012667728588
    },
    "spectral_kurtosis": {
        "dmean": 20.5821895599,
        "dmean2": 39.913734436,
        "dvar": 4218.62988281,
        "dvar2": 16314.2255859,
        "max": 578.772705078,
        "mean": 39.9889259338,
        "median": 2.1357421875,
        "min": 1.30623197556,
        "stdev": 83.930557251,
        "var": 7044.33789062
    },
    "spectral_rms": {
        "dmean": 0.000141126234666,
        "dmean2": 9.15942437132e-05,
        "dvar": 9.90294097392e-07,
        "dvar2": 9.41208838867e-07,
        "max": 0.0153532531112,
        "mean": 0.000746954232454,
        "median": 4.04813690693e-05,
        "min": 7.6854433928e-07,
        "stdev": 0.00235052034259,
        "var": 5.52494611838e-06
    },
    "spectral_rolloff": {
        "dmean": 123.398033142,
        "dmean2": 201.700942993,
        "dvar": 582607.3125,
        "dvar2": 1157109.5,
        "max": 19595.2148438,
        "mean": 1143.50817871,
        "median": 64.599609375,
        "min": 43.06640625,
        "stdev": 2500.71020508,
        "var": 6253551
    },
    "spectral_skewness": {
        "dmean": 0.647574007511,
        "dmean2": 1.22974300385,
        "dvar": 2.77296638489,
        "dvar2": 10.4512214661,
        "max": 20.5032253265,
        "mean": 3.60329675674,
        "median": 1.240483284,
        "min": 1.01431894302,
        "stdev": 4.36908912659,
        "var": 19.0889377594
    },
    "spectral_spread": {
        "dmean": 506772.375,
        "dmean2": 862601.8125,
        "dvar": 156975104000,
        "dvar2": 404821147648,
        "max": 13282079,
        "mean": 7172244.5,
        "median": 9140551,
        "min": 255397.78125,
        "stdev": 3555992,
        "var": 1.26450789253e+13
    },
    "spectral_strongpeak": {
        "dmean": 0.398529648781,
        "dmean2": 0.196736305952,
        "dvar": 4.73638057709,
        "dvar2": 3.01129412651,
        "max": 43.6676940918,
        "mean": 1.95455443859,
        "median": 0.0020311572589,
        "min": 0,
        "stdev": 6.26853322983,
        "var": 39.294506073
    },
    "zerocrossingrate": {
        "dmean": 0.00654831994325,
        "dmean2": 0.00817759148777,
        "dvar": 0.000123464909848,
        "dvar2": 0.000154791763634,
        "max": 0.236328125,
        "mean": 0.0577392578125,
        "median": 0.03564453125,
        "min": 0.01025390625,
        "stdev": 0.0450627021492,
        "var": 0.00203064712696
    },
    "barkbands": {
        "dmean": [3.38860644433e-07, 6.9001492875e-07, 1.0527533334e-07, 1.66350844211e-07, 2.78236598206e-07, 2.80564017885e-06, 7.02392026142e-06, 1.10864357339e-06, 4.95503059028e-07, 1.22700794236e-06, 1.49282539041e-06, 3.97771736971e-06, 6.02478485234e-06, 9.55092855293e-06, 1.61691659741e-05, 0.000246175972279, 0.00220017530955, 3.66720814782e-06, 2.92934396384e-06, 1.02993283235e-07, 2.32366659247e-07, 9.60587387411e-10, 5.43209199844e-10, 5.66848012973e-10, 5.1929338607e-10, 2.76830713908e-09, 4.40024572335e-10],
        "dmean2": [4.9470486374e-07, 1.05278957108e-06, 1.59146750889e-07, 2.50386619882e-07, 3.9893285475e-07, 4.22516495746e-06, 9.96096514427e-06, 1.66116012679e-06, 7.47673709611e-07, 1.84916746093e-06, 2.25390886044e-06, 5.99097347731e-06, 8.99950282474e-06, 1.39653275255e-05, 2.44494549406e-05, 0.000373129616491, 0.00144246220589, 5.75481590204e-06, 4.42381042376e-06, 1.55684261927e-07, 3.34175666694e-07, 1.51310775021e-09, 8.29100010868e-10, 9.19328890792e-10, 8.45896019896e-10, 4.18074641573e-09, 7.80931486144e-10],
        "dvar": [7.33773014138e-13, 1.35276176112e-12, 1.16080170649e-12, 2.98891857445e-12, 7.75327545222e-12, 8.28053070556e-10, 4.87710360986e-09, 1.32121355523e-10, 2.65894355145e-11, 1.62615698684e-10, 2.41025116532e-10, 1.70686587087e-09, 3.85674692183e-09, 9.41424538325e-09, 2.74156892743e-08, 6.03449143455e-06, 0.000224270057515, 1.10812847787e-09, 9.24973153626e-10, 1.13107320818e-12, 5.45258673282e-12, 3.17750513528e-17, 3.07067599994e-18, 5.26241759153e-18, 2.98691093483e-18, 6.19879039591e-16, 8.0757069347e-19],
        "dvar2": [1.33791719023e-12, 2.57723508333e-12, 2.92154495041e-12, 7.50372333713e-12, 1.86924017931e-11, 2.07326178447e-09, 1.16486118529e-08, 3.30504013046e-10, 6.6958015521e-11, 4.09248995803e-10, 6.07654704332e-10, 4.29457669426e-09, 9.63940571808e-09, 2.31232313297e-08, 6.89164210144e-08, 1.50972118718e-05, 0.00016697801766, 2.79490719457e-09, 2.32940022826e-09, 2.85236331082e-12, 1.31817499624e-11, 7.3480803006e-17, 6.07104123423e-18, 1.20011739055e-17, 6.52891920409e-18, 1.52633124222e-15, 2.56520495276e-18],
        "max": [1.24746384245e-05, 1.23599793369e-05, 1.13480728032e-05, 1.8197861209e-05, 3.03899341816e-05, 0.000306007161271, 0.000770076760091, 0.000121464901895, 5.45492875972e-05, 0.000135355818202, 0.000165318590007, 0.000439467345132, 0.000665365136229, 0.00105504970998, 0.00176544825081, 0.026110496372, 0.241088435054, 0.000354683579644, 0.000322275795043, 1.14303011287e-05, 2.54555761785e-05, 7.44666053265e-08, 2.75096461166e-08, 3.32925189639e-08, 2.62821178154e-08, 2.73891174629e-07, 1.4659851999e-08],
        "mean": [6.56563713619e-07, 1.30669161535e-06, 5.33085682264e-08, 8.32234547943e-08, 1.52237277007e-07, 1.45726016854e-06, 3.95827237298e-06, 5.58598003408e-07, 2.52001854051e-07, 6.29211911019e-07, 7.71779298248e-07, 2.05143783205e-06, 3.16877162732e-06, 5.18456590726e-06, 8.38334472064e-06, 0.000126813101815, 0.00607584509999, 1.95056759367e-06, 1.49530967519e-06, 5.61985835645e-08, 1.27683222217e-07, 1.61641688923e-09, 1.29745592048e-09, 1.38525957372e-09, 1.48291834368e-09, 2.87152213119e-09, 2.11841144626e-09],
        "median": [3.53010022991e-07, 7.85834345152e-07, 4.14262235626e-10, 8.4343629303e-11, 2.99335334297e-10, 4.14596246223e-10, 1.59708440917e-10, 9.70524494104e-11, 1.24533217072e-10, 1.61708341162e-10, 1.20315896135e-10, 1.99879113261e-10, 2.4678165067e-10, 2.21644008702e-10, 2.16380927065e-10, 2.90246493506e-10, 3.48194861832e-10, 3.17082859969e-10, 3.57033569376e-10, 4.4840287039e-10, 5.55554935389e-10, 6.62549071162e-10, 7.42727546132e-10, 9.33768617983e-10, 1.11559939064e-09, 1.39850264702e-09, 1.9176153998e-09],
        "min": [6.31938390505e-11, 2.99456674735e-11, 2.69044834154e-12, 7.65966933977e-13, 2.16848587697e-12, 2.73839571895e-13, 1.92877658289e-12, 2.79700416474e-12, 1.19957039094e-12, 2.48626379901e-12, 2.04483738969e-12, 7.01634323558e-12, 4.44785961534e-12, 5.4783911782e-12, 1.00093934877e-11, 5.41352422959e-12, 7.10644564028e-12, 1.3568515235e-11, 8.01683372464e-12, 7.91981064063e-12, 1.99280227736e-11, 1.80187705034e-11, 3.4481618949e-11, 3.08806279159e-11, 7.28471172273e-11, 7.06080680035e-11, 1.20351228983e-10],
        "stdev": [1.19319736314e-06, 1.58334489697e-06, 7.63243804158e-07, 1.22407675462e-06, 2.0492279873e-06, 2.05861670111e-05, 5.20040302945e-05, 8.17041654955e-06, 3.6693140828e-06, 9.10513517738e-06, 1.1121947864e-05, 2.95630943583e-05, 4.47630263807e-05, 7.10420208634e-05, 0.000118767340609, 0.00175647134893, 0.0287548974156, 2.40195131482e-05, 2.16785811062e-05, 7.69111807131e-07, 1.71591034359e-06, 5.7818088095e-09, 2.87665646859e-09, 2.85564416558e-09, 2.41177167126e-09, 1.83957080679e-08, 1.73579772778e-09],
        "var": [1.4237200828e-12, 2.5069811678e-12, 5.82541122545e-13, 1.49836382451e-12, 4.19933532392e-12, 4.2379025289e-10, 2.70441935513e-09, 6.67557051304e-11, 1.34638663066e-11, 8.29034826899e-11, 1.23697718735e-10, 8.73976557791e-10, 2.00372851644e-09, 5.0469686208e-09, 1.41056810676e-08, 3.08519156533e-06, 0.000826844072435, 5.76936998176e-10, 4.69960848015e-10, 5.91533007473e-13, 2.94434832418e-12, 3.34293133162e-17, 8.27515289829e-18, 8.15470382057e-18, 5.81664266402e-18, 3.38402076755e-16, 3.0129938007e-18]
    },
    "erbbands": {
        "dmean": [4.26877959399e-05, 7.38301241654e-05, 9.4441944384e-05, 0.000388011918403, 0.000534172635525, 0.00106030225288, 0.00277696736157, 0.0297585912049, 0.0774965509772, 0.102149389684, 0.0151550648734, 0.0131861390546, 0.0217053424567, 0.0510752685368, 0.100009262562, 0.158647105098, 0.269348502159, 0.449732780457, 0.663154423237, 2.64194917679, 68.0324783325, 59.9165344238, 1.91687095165, 0.197535440326, 0.156125694513, 0.0177944172174, 0.0108719663695, 0.0047076609917, 0.000233528582612, 5.55710685148e-05, 3.60849262506e-05, 2.30100104091e-05, 1.80781371455e-05, 1.21794328152e-05, 8.09730136098e-06, 1.95701413759e-05, 4.94536106999e-06, 1.25535621009e-06, 1.77756589892e-06, 3.15464740197e-06],
        "dmean2": [6.4328109147e-05, 0.000119298842037, 0.00014366862888, 0.000584207940847, 0.00079170189565, 0.00149642629549, 0.00422664592043, 0.0441258884966, 0.107561811805, 0.150379985571, 0.0226631816477, 0.0198760554194, 0.03266723454, 0.0770769938827, 0.1507833004, 0.238942459226, 0.40210711956, 0.654982984066, 0.96156334877, 2.76569986343, 49.6412620544, 44.9391021729, 1.46383273602, 0.219664156437, 0.225763291121, 0.0248489156365, 0.0152576966211, 0.00655968300998, 0.000268657517154, 5.62206114409e-05, 4.00723001803e-05, 2.56202747551e-05, 2.09720201383e-05, 1.44151144923e-05, 8.97535392141e-06, 2.67251962214e-05, 5.74249588681e-06, 1.20327183595e-06, 1.31427896122e-06, 2.27979990086e-06],
        "dvar": [4.7985704299e-09, 2.65416133516e-08, 8.33209242046e-07, 1.62155738508e-05, 2.99864495901e-05, 0.000109996428364, 0.000764877535403, 0.0920154154301, 0.574226438999, 1.09253168106, 0.0246063955128, 0.0188116803765, 0.0507595576346, 0.282173246145, 1.08084368706, 2.71345162392, 7.70411348343, 20.7654018402, 44.5822067261, 494.096252441, 276616.71875, 208397.734375, 220.032455444, 2.82456898689, 2.47573256493, 0.0306345839053, 0.0115440422669, 0.00214014714584, 3.73818238586e-06, 1.4858566999e-07, 5.23002974262e-08, 2.03686649769e-08, 1.19628742468e-08, 5.00267827164e-09, 2.58859511604e-09, 3.07944745259e-08, 1.4493795053e-09, 7.29172208724e-11, 1.74088923832e-10, 5.7519505825e-10],
        "dvar2": [7.70759189805e-09, 6.78340583704e-08, 2.09799350159e-06, 4.07320294471e-05, 7.43672353565e-05, 0.000261115172179, 0.00192508159671, 0.228658407927, 1.34446632862, 2.69349598885, 0.0614697225392, 0.0473277680576, 0.127656817436, 0.710928559303, 2.72154378891, 6.82714939117, 19.2501487732, 50.8987731934, 109.92868042, 975.089660645, 260718.28125, 193688.703125, 275.009155273, 5.71228647232, 6.11146497726, 0.0743779838085, 0.027699014172, 0.00507690012455, 7.51094921725e-06, 1.69232080793e-07, 6.03018932566e-08, 2.44032758445e-08, 1.61909206042e-08, 5.93306559438e-09, 3.18941006938e-09, 7.111120226e-08, 2.78701373091e-09, 6.7611055643e-11, 1.58624419155e-10, 5.29111532366e-10],
        "max": [0.000771810766309, 0.00180746242404, 0.00965115521103, 0.0423907972872, 0.0583206675947, 0.115686573088, 0.296055644751, 3.24994659424, 8.49315643311, 11.2005548477, 1.66098344326, 1.45057749748, 2.39755153656, 5.64289331436, 11.0509366989, 17.54413414, 29.7487106323, 49.6877593994, 73.326210022, 291.013122559, 7459.70947266, 6568.27929688, 210.448623657, 21.7702407837, 17.1895503998, 1.96081078053, 1.1926125288, 0.515960097313, 0.0250669568777, 0.0056499033235, 0.00339691434056, 0.00214511714876, 0.00163172953762, 0.00106050784234, 0.000756488821935, 0.00207176618278, 0.000508309982251, 0.000125774997286, 0.000191921921214, 0.000345618784195],
        "mean": [8.71076699696e-05, 9.93213543552e-05, 5.37030646228e-05, 0.000195100976271, 0.000275683880318, 0.000592143740505, 0.00149287295062, 0.0157723017037, 0.0457101948559, 0.0532177314162, 0.00768466806039, 0.00669823074713, 0.0112113747746, 0.0262517817318, 0.0514582023025, 0.0822046622634, 0.142362728715, 0.250034868717, 0.431695908308, 4.16479587555, 191.919189453, 169.891311646, 4.7314414978, 0.301308125257, 0.102641150355, 0.0137257901952, 0.00716087920591, 0.00306262774393, 0.000356638047379, 0.000156491267262, 0.000100955352536, 6.89063017489e-05, 5.00806308992e-05, 3.57190401701e-05, 2.5031828045e-05, 2.34591698245e-05, 1.0033448234e-05, 4.20230708187e-06, 5.19251898368e-06, 8.94088498171e-06],
        "median": [5.55874721613e-05, 5.89269729971e-05, 5.61289971301e-06, 8.89791067493e-07, 6.33365118574e-07, 1.04716832539e-06, 2.40713143285e-06, 3.17296712637e-06, 2.41345105678e-06, 2.31048488786e-06, 2.28846965911e-06, 2.70755117526e-06, 3.92181345887e-06, 5.9356671045e-06, 5.77886748943e-06, 9.12570612854e-06, 1.11237304736e-05, 1.24876842165e-05, 1.18415428005e-05, 1.61683601618e-05, 1.93496634893e-05, 1.96105975192e-05, 2.12785671465e-05, 1.8559729142e-05, 2.18633103941e-05, 2.15362852032e-05, 2.41755788011e-05, 2.2521129722e-05, 2.44068341999e-05, 2.22038052016e-05, 2.15899217437e-05, 1.87997193279e-05, 1.53848013724e-05, 1.14270642371e-05, 8.38454252516e-06, 5.14595058121e-06, 2.65528115051e-06, 1.05950982743e-06, 2.65287496859e-07, 2.98714866176e-08],
        "min": [1.61678570532e-09, 4.4170991309e-09, 8.04480659866e-09, 8.45067216204e-09, 6.44827258256e-09, 8.38667535419e-09, 3.24396998153e-09, 3.01879499176e-09, 1.54138817265e-08, 5.77051650907e-08, 4.5332335219e-08, 2.89142061405e-08, 5.09117654701e-08, 8.18255685431e-08, 1.59591607485e-07, 2.66062954779e-07, 2.10269831769e-07, 2.07694512255e-07, 3.87676607261e-07, 5.07000038397e-07, 3.49058637994e-07, 4.38981203388e-07, 7.49408116008e-07, 5.20727439834e-07, 3.25524268874e-07, 3.70315916598e-07, 7.75136186348e-07, 8.07399487712e-07, 7.91335480699e-07, 6.01341412221e-07, 1.06873619643e-06, 7.02103818639e-07, 4.98675319704e-07, 6.04377589752e-07, 5.92260960275e-07, 2.84565373931e-07, 1.34258698381e-07, 5.49564909136e-08, 1.47055825295e-08, 1.98590321965e-09],
        "stdev": [0.000103686448711, 0.000153481814777, 0.000648659071885, 0.00285133277066, 0.00392368063331, 0.0078155240044, 0.0199356433004, 0.218710184097, 0.575705468655, 0.753747463226, 0.111728340387, 0.0975732132792, 0.1612829566, 0.37960138917, 0.743405044079, 1.18021905422, 2.00136446953, 3.34655165672, 4.94951486588, 23.9320201874, 923.06829834, 813.030517578, 23.2594509125, 1.75939929485, 1.16061472893, 0.133605599403, 0.0807454511523, 0.0349563211203, 0.00199515209533, 0.00065584940603, 0.000389028835343, 0.000246130279265, 0.00017504367861, 0.000120497301396, 8.43638335937e-05, 0.000145821701153, 4.24631398346e-05, 1.54724639287e-05, 2.36603736994e-05, 4.26941987826e-05],
        "var": [1.07508792979e-08, 2.35566659512e-08, 4.20758567543e-07, 8.13009864942e-06, 1.53952696564e-05, 6.10824208707e-05, 0.000397429888835, 0.0478341467679, 0.331436812878, 0.568135261536, 0.0124832214788, 0.00952053256333, 0.0260121915489, 0.144097223878, 0.552651047707, 1.39291715622, 4.00545978546, 11.1994075775, 24.4976978302, 572.741577148, 852055.125, 661018.625, 541.00201416, 3.09548592567, 1.34702646732, 0.0178504567593, 0.00651982752606, 0.00122194434516, 3.98063230023e-06, 4.3013847062e-07, 1.51343442667e-07, 6.05801204756e-08, 3.0640290305e-08, 1.45195988566e-08, 7.11725656188e-09, 2.12639683639e-08, 1.80311809928e-09, 2.39397141e-10, 5.59813306822e-10, 1.82279458194e-09]
    },
    "gfcc": {
        "mean": [-622.926208496, -8.21745872498, -76.8688735962, 47.9446296692, 16.9122638702, 19.3630828857, -20.2117233276, 29.8762302399, 14.6683645248, 12.6719245911, 0.600727260113, 23.5381374359, 9.07802581787],
        "cov": [[14646.6005859, 709.34197998, -6319.73876953, 339.40322876, 3914.90576172, -2886.82641602, -2687.90380859, 366.361968994, 1654.86352539, -1011.25830078, -169.839950562, 692.275939941, 902.721618652], [709.34197998, 270.06137085, -65.2823257446, 25.3524951935, 90.6980895996, -16.7340965271, -58.3269386292, 14.3323717117, 25.7404499054, -5.41350269318, 7.36439847946, 50.0383453369, 30.548707962], [-6319.73876953, -65.2823257446, 3387.22290039, -153.314468384, -2098.3203125, 1539.07421875, 1483.6517334, -252.030807495, -888.516418457, 605.662597656, 161.664230347, -351.0184021, -465.291320801], [339.40322876, 25.3524951935, -153.314468384, 176.045333862, 319.234436035, -53.6517944336, -152.97718811, 72.9721679688, 130.479431152, -71.5994644165, -39.2290649414, 75.0600662231, 62.6709289551], [3914.90576172, 90.6980895996, -2098.3203125, 319.234436035, 1632.68383789, -919.318908691, -1047.94067383, 254.222457886, 679.929870605, -443.36819458, -153.760940552, 307.065643311, 347.307800293], [-2886.82641602, -16.7340965271, 1539.07421875, -53.6517944336, -919.318908691, 765.670898438, 727.961669922, -95.1923675537, -406.572418213, 283.541046143, 77.588684082, -175.618438721, -222.804824829], [-2687.90380859, -58.3269386292, 1483.6517334, -152.97718811, -1047.94067383, 727.961669922, 832.022949219, -142.928237915, -461.353393555, 326.140380859, 118.132453918, -248.617355347, -256.921630859], [366.361968994, 14.3323717117, -252.030807495, 72.9721679688, 254.222457886, -95.1923675537, -142.928237915, 86.9383239746, 123.004997253, -67.80052948, -36.2715682983, 62.944694519, 52.7303085327], [1654.86352539, 25.7404499054, -888.516418457, 130.479431152, 679.929870605, -406.572418213, -461.353393555, 123.004997253, 318.518218994, -179.004241943, -65.2768707275, 145.372741699, 151.369857788], [-1011.25830078, -5.41350269318, 605.662597656, -71.5994644165, -443.36819458, 283.541046143, 326.140380859, -67.80052948, -179.004241943, 158.334136963, 66.665145874, -95.8383102417, -103.755607605], [-169.839950562, 7.36439847946, 161.664230347, -39.2290649414, -153.760940552, 77.588684082, 118.132453918, -36.2715682983, -65.2768707275, 66.665145874, 56.1793937683, -34.232875824, -31.0046539307], [692.275939941, 50.0383453369, -351.0184021, 75.0600662231, 307.065643311, -175.618438721, -248.617355347, 62.944694519, 145.372741699, -95.8383102417, -34.232875824, 120.648323059, 93.7971725464], [902.721618652, 30.548707962, -465.291320801, 62.6709289551, 347.307800293, -222.804824829, -256.921630859, 52.7303085327, 151.369857788, -103.755607605, -31.0046539307, 93.7971725464, 102.933311462]],
        "icov": [[0.00156941881869, -0.00379823870026, 0.00386079913005, -0.00385100091808, 0.00207337737083, 0.00187431916129, -0.00448004016653, 0.00640648137778, -0.00504869781435, 0.00068614189513, -2.9173781968e-06, -0.00220506428741, -0.000118061558169], [-0.00379823870026, 0.0145189212635, -0.0094163576141, 0.0109375333413, -0.00935200694948, -0.00386816961691, 0.0115420874208, -0.0171911492944, 0.0205099992454, -0.0111586079001, 0.00267202523537, -0.00102714530658, 0.000906533852685], [0.00386079913005, -0.0094163576141, 0.0333648212254, -0.0418818481266, 0.0331532880664, -0.014645873569, -0.00307982205413, 0.0126352906227, -0.00589028792456, -0.00875669997185, 0.010346584022, -0.0112460488454, 0.000730176630896], [-0.00385100091808, 0.0109375333413, -0.0418818481266, 0.0789513736963, -0.0526583828032, 0.0047935382463, 0.000712083477993, -0.00115142553113, -0.00681927101687, 0.0123569089919, -0.0105067482218, 0.0084835216403, -0.00485524302348], [0.00207337737083, -0.00935200694948, 0.0331532880664, -0.0526583828032, 0.0554311499, -0.022987620905, 0.00778151117265, 0.00482464488596, -0.025989189744, 0.0195654276758, -0.00499592954293, 0.0109591661021, -0.00687169423327], [0.00187431916129, -0.00386816961691, -0.014645873569, 0.0047935382463, -0.022987620905, 0.0507873930037, -0.0276461560279, -0.00650656875223, 0.020101711154, -0.017080983147, 0.0106210671365, -0.0201189480722, 0.0121649848297], [-0.00448004016653, 0.0115420874208, -0.00307982205413, 0.000712083477993, 0.00778151117265, -0.0276461560279, 0.0510636642575, -0.03602264449, 0.0269313678145, -0.0134109826759, -0.0125812403858, 0.0337443090975, -0.0063409875147], [0.00640648137778, -0.0171911492944, 0.0126352906227, -0.00115142553113, 0.00482464488596, -0.00650656875223, -0.03602264449, 0.0903045386076, -0.0744082480669, 0.0333992578089, 0.0038869807031, -0.0201428662986, 0.00281172222458], [-0.00504869781435, 0.0205099992454, -0.00589028792456, -0.00681927101687, -0.025989189744, 0.020101711154, 0.0269313678145, -0.0744082480669, 0.127726823092, -0.0842686966062, 0.0306275710464, -0.0208587255329, 0.00771623896435], [0.00068614189513, -0.0111586079001, -0.00875669997185, 0.0123569089919, 0.0195654276758, -0.017080983147, -0.0134109826759, 0.0333992578089, -0.0842686966062, 0.133175298572, -0.0697182416916, 0.031179042533, 0.00536565622315], [-2.9173781968e-06, 0.00267202523537, 0.010346584022, -0.0105067482218, -0.00499592954293, 0.0106210671365, -0.0125812403858, 0.0038869807031, 0.0306275710464, -0.0697182416916, 0.0778542906046, -0.0300461128354, -0.00563294766471], [-0.00220506428741, -0.00102714530658, -0.0112460488454, 0.0084835216403, 0.0109591661021, -0.0201189480722, 0.0337443090975, -0.0201428662986, -0.0208587255329, 0.031179042533, -0.0300461128354, 0.0814048573375, -0.0434667281806], [-0.000118061558169, 0.000906533852685, 0.000730176630896, -0.00485524302348, -0.00687169423327, 0.0121649848297, -0.0063409875147, 0.00281172222458, 0.00771623896435, 0.00536565622315, -0.00563294766471, -0.0434667281806, 0.0809615552425]]
    },
    "melbands": {
        "dmean": [2.75057971066e-07, 6.15197919274e-08, 7.14437007332e-08, 4.98027539209e-08, 8.08160649513e-08, 7.51691402456e-07, 1.23702352539e-06, 9.24397056679e-07, 8.00655541866e-08, 7.6276016614e-08, 1.1098443764e-07, 2.03978316904e-07, 2.54291308011e-07, 4.41531909701e-07, 4.64398141276e-07, 6.26658049896e-07, 8.71808367719e-07, 9.09562970719e-07, 1.34460924528e-06, 3.00214060189e-06, 0.000125581165776, 0.000100201512396, 6.55402686789e-07, 1.63536498121e-07, 8.03054120979e-08, 1.13353614495e-07, 5.57972938964e-08, 2.93242896632e-09, 3.17105630643e-09, 1.05952704388e-08, 1.36640906923e-10, 2.83838733767e-11, 1.10302262116e-11, 9.00983627983e-12, 1.08187573483e-11, 8.41754443925e-12, 7.24418181691e-12, 8.52648941035e-12, 6.24045953801e-12, 5.66484359421e-12],
        "dmean2": [4.16322450292e-07, 9.6752401646e-08, 1.0734166267e-07, 7.11949894594e-08, 1.22533364788e-07, 1.11189865493e-06, 1.7287677565e-06, 1.36732649025e-06, 1.20493439226e-07, 1.15049374472e-07, 1.67035608456e-07, 3.07789150611e-07, 3.83714422014e-07, 6.64373544623e-07, 7.00625378158e-07, 9.3333295581e-07, 1.26817712953e-06, 1.3618258663e-06, 2.03794570552e-06, 4.57325722891e-06, 8.82988751982e-05, 7.19264644431e-05, 1.02755393527e-06, 2.52402742262e-07, 1.21983006807e-07, 1.71162653828e-07, 8.40988221285e-08, 4.43635306269e-09, 4.64616967122e-09, 1.51948995608e-08, 1.89931279038e-10, 4.4350353251e-11, 1.82546963656e-11, 1.45839382237e-11, 1.66515863598e-11, 1.338500491e-11, 1.15368452638e-11, 1.39389645659e-11, 1.01639235223e-11, 9.27976879367e-12],
        "dvar": [2.13744549404e-13, 1.68776058125e-13, 5.48830458077e-13, 2.47286376489e-13, 6.56102179964e-13, 5.85641049544e-11, 1.47955522833e-10, 9.01107313767e-11, 6.93038291685e-13, 6.29717740626e-13, 1.32711495873e-12, 4.50028859664e-12, 6.99189317555e-12, 2.10074735385e-11, 2.3284377898e-11, 4.15099031537e-11, 7.78815623104e-11, 8.79463099568e-11, 1.8750141717e-10, 8.80757300425e-10, 8.69923212576e-07, 5.39165682767e-07, 3.36983496663e-11, 2.47089479953e-12, 6.69031995602e-13, 1.38907386028e-12, 3.36739696457e-13, 9.21605727931e-16, 1.03508326127e-15, 1.13163288351e-14, 1.51421180713e-18, 3.66535070844e-20, 1.4527073751e-21, 4.57761821669e-22, 1.44625451814e-21, 6.51583557686e-22, 7.24485614439e-22, 1.29634640942e-21, 4.06904451358e-22, 2.70762684874e-22],
        "dvar2": [3.18145493674e-13, 4.27603346611e-13, 1.3764269672e-12, 5.93939827875e-13, 1.64002774035e-12, 1.45336548352e-10, 3.48591322474e-10, 2.22980481301e-10, 1.74046573594e-12, 1.58525362975e-12, 3.33763767492e-12, 1.13368854235e-11, 1.76189427631e-11, 5.28134098954e-11, 5.8640585443e-11, 1.03505995441e-10, 1.9044912869e-10, 2.19820078806e-10, 4.71499450594e-10, 2.20864659894e-09, 7.62741933613e-07, 4.6682251309e-07, 8.45874759126e-11, 6.21805428327e-12, 1.68535010166e-12, 3.49914389998e-12, 8.46948975796e-13, 2.32522508362e-15, 2.54476543563e-15, 2.72951183411e-14, 3.43536318161e-18, 8.74215006912e-20, 3.16203965925e-21, 1.16838080125e-21, 2.89291596228e-21, 1.34681785635e-21, 1.68022303907e-21, 2.95886564273e-21, 8.80568295238e-22, 5.87177217339e-22],
        "max": [5.42754924027e-06, 4.40837902715e-06, 7.80974824011e-06, 5.43500618733e-06, 8.71203519637e-06, 8.20708373794e-05, 0.000135606285767, 0.000101358309621, 8.7745147539e-06, 8.39715085021e-06, 1.22587207443e-05, 2.25270541705e-05, 2.81318261841e-05, 4.87735123897e-05, 5.13672093803e-05, 6.91787063261e-05, 9.62644917308e-05, 0.000100548946648, 0.000145969563164, 0.00031727165333, 0.0137665206566, 0.0109825134277, 6.21122380835e-05, 1.67629332282e-05, 8.71463998919e-06, 1.24853895613e-05, 6.13596421317e-06, 3.24292074083e-07, 3.47422485447e-07, 1.16113153581e-06, 1.42623770572e-08, 2.37344122134e-09, 5.94034654799e-10, 3.62347513105e-10, 5.83830261913e-10, 3.93094196083e-10, 4.01828958996e-10, 4.92195395552e-10, 3.06491387825e-10, 2.49401471697e-10],
        "mean": [5.5873005067e-07, 5.10199491544e-08, 3.59750416123e-08, 2.72285021197e-08, 4.4249166109e-08, 3.99481450586e-07, 7.17821308172e-07, 4.76978186725e-07, 4.01928872407e-08, 3.88230176895e-08, 5.73168073004e-08, 1.04722012395e-07, 1.31133290893e-07, 2.27748245152e-07, 2.40415289454e-07, 3.31583947855e-07, 4.76421035955e-07, 4.79398636344e-07, 6.97516441051e-07, 1.5704076759e-06, 0.000352161558112, 0.000282115419395, 3.51435289758e-07, 8.59289954747e-08, 4.17570227285e-08, 5.78085419534e-08, 2.8305500166e-08, 1.5723183866e-09, 1.72977288049e-09, 5.81020342949e-09, 1.03904954085e-10, 3.89413883084e-11, 2.48655436519e-11, 2.14844982083e-11, 2.20739693885e-11, 1.9147607111e-11, 1.75722370682e-11, 1.66570559429e-11, 1.46032057974e-11, 1.32144824597e-11],
        "median": [3.4542136973e-07, 2.08495176679e-08, 7.76860381579e-11, 5.92281085288e-11, 8.74132502493e-11, 7.43167333228e-11, 3.40900710438e-11, 2.32464672512e-11, 1.87992017786e-11, 1.69752857604e-11, 1.96702584776e-11, 2.44177837672e-11, 1.74768255423e-11, 2.03661410653e-11, 2.37816814852e-11, 2.27085138887e-11, 2.19080378838e-11, 1.53375714906e-11, 1.75195032093e-11, 1.71697933649e-11, 2.11555391261e-11, 2.08055777468e-11, 1.55998530066e-11, 1.37541202386e-11, 1.23487583006e-11, 1.40280859845e-11, 1.47365279701e-11, 1.3057019875e-11, 1.44195020507e-11, 1.26687514646e-11, 1.27228158564e-11, 1.38904903205e-11, 1.14450029315e-11, 1.20792976316e-11, 1.22922349383e-11, 1.16817215623e-11, 1.14622374092e-11, 1.06999357291e-11, 9.76630235017e-12, 8.95647098154e-12],
        "min": [1.44679216524e-11, 4.84403402806e-12, 1.54060987058e-12, 5.33776039861e-13, 1.66248227207e-13, 6.38396128495e-14, 2.80093358446e-13, 6.76238850073e-13, 3.14746519863e-13, 1.76484044392e-13, 2.73277467279e-13, 3.47002347646e-13, 4.03105012477e-13, 8.65647560144e-13, 4.821677454e-13, 4.36888535332e-13, 3.62389968294e-13, 6.22449520312e-13, 7.55699756244e-13, 4.23746134752e-13, 3.98730392237e-13, 3.21342101149e-13, 7.36488452689e-13, 6.93411040392e-13, 3.91940820077e-13, 2.4261574195e-13, 1.60615336135e-13, 2.54040874708e-13, 5.39662390296e-13, 3.75811469618e-13, 5.05374279751e-13, 4.84138391269e-13, 2.51594426716e-13, 4.3018298884e-13, 7.46447445955e-13, 3.49551361164e-13, 4.72724940789e-13, 3.41226314782e-13, 3.49939939222e-13, 5.51202312959e-13],
        "stdev": [6.95431367603e-07, 2.96540548561e-07, 5.25310326793e-07, 3.6658781255e-07, 5.86804958402e-07, 5.52352821614e-06, 9.17902434594e-06, 6.81970368532e-06, 5.90215734064e-07, 5.64840775041e-07, 8.24644246222e-07, 1.51539666149e-06, 1.89252784821e-06, 3.28101214109e-06, 3.45558623849e-06, 4.65435368824e-06, 6.48425520922e-06, 6.7647429205e-06, 9.82028814178e-06, 2.13517687371e-05, 0.00168425275479, 0.00134363758843, 4.20811738877e-06, 1.12975510547e-06, 5.86304508943e-07, 8.39863503188e-07, 4.12737023225e-07, 2.18158344722e-08, 2.33879422495e-08, 7.82864475468e-08, 9.74496150441e-10, 1.71595238019e-10, 6.40470940172e-11, 4.58290974614e-11, 5.34559514709e-11, 3.91606226613e-11, 3.57670178197e-11, 3.86708998157e-11, 2.73225851666e-11, 2.28373344541e-11],
