{
"lowlevel": {
    "average_loudness": 0.99068403244,
    "barkbands_crest": {
        "dmean": 2.45600867271,
        "dmean2": 4.25576591492,
        "dvar": 2.91251850128,
        "dvar2": 8.63175392151,
        "max": 16.1496391296,
        "mean": 9.90777015686,
        "median": 9.51970672607,
        "min": 5.0508184433,
        "stdev": 2.13586521149,
        "var": 4.56192064285
    },
    "barkbands_flatness_db": {
        "dmean": 0.0301782954484,
        "dmean2": 0.0456254966557,
        "dvar": 0.000312708958518,
        "dvar2": 0.0010044912342,
        "max": 0.269583761692,
        "mean": 0.195022597909,
        "median": 0.189458757639,
        "min": 0.0845723077655,
        "stdev": 0.0398584008217,
        "var": 0.00158869207371
    },
    "barkbands_kurtosis": {
        "dmean": 5.53824520111,
        "dmean2": 8.85999393463,
        "dvar": 16.4716205597,
        "dvar2": 53.9919586182,
        "max": 23.2279624939,
        "mean": 14.2900266647,
        "median": 12.6228818893,
        "min": 4.77409601212,
        "stdev": 5.93161344528,
        "var": 35.1840400696
    },
    "barkbands_skewness": {
        "dmean": 0.581655979156,
        "dmean2": 1.05815804005,
        "dvar": 0.229283630848,
        "dvar2": 0.538982152939,
        "max": 4.14989805222,
        "mean": 2.90076708794,
        "median": 3.03578448296,
        "min": 1.58303260803,
        "stdev": 0.648190975189,
        "var": 0.420151561499
    },
    "barkbands_spread": {
        "dmean": 2.27292275429,
        "dmean2": 3.2537214756,
        "dvar": 4.23192882538,
        "dvar2": 8.0706243515,
        "max": 19.4292354584,
        "mean": 5.99239349365,
        "median": 5.37954282761,
        "min": 3.5342361927,
        "stdev": 2.6502892971,
        "var": 7.02403306961
    },
    "dissonance": {
        "dmean": 0.0379280820489,
        "dmean2": 0.0598551519215,
        "dvar": 0.00457733171061,
        "dvar2": 0.00484107760713,
        "max": 0.491738677025,
        "mean": 0.447291225195,
        "median": 0.464387148619,
        "min": 0,
        "stdev": 0.0723857954144,
        "var": 0.00523970322683
    },
    "dynamic_complexity": 10.4535827637,
    "erbbands_crest": {
        "dmean": 3.1249806881,
        "dmean2": 5.64950609207,
        "dvar": 5.1729850769,
        "dvar2": 16.0476703644,
        "max": 13.8055830002,
        "mean": 7.13201379776,
        "median": 6.12462377548,
        "min": 3.51564621925,
        "stdev": 2.48448371887,
        "var": 6.17265892029
    },
    "erbbands_flatness_db": {
        "dmean": 0.0223236605525,
        "dmean2": 0.0346040911973,
        "dvar": 0.00016366604541,
        "dvar2": 0.000458254507976,
        "max": 0.234646171331,
        "mean": 0.155196666718,
        "median": 0.146797269583,
        "min": 0.0901973322034,
        "stdev": 0.0369809605181,
        "var": 0.00136759143788
    },
    "erbbands_kurtosis": {
        "dmean": 1.36986935139,
        "dmean2": 2.30540990829,
        "dvar": 0.544267475605,
        "dvar2": 1.75550150871,
        "max": 3.57273435593,
        "mean": 0.989420235157,
        "median": 0.937893629074,
        "min": -0.67545747757,
        "stdev": 1.03927254677,
        "var": 1.08008730412
    },
    "erbbands_skewness": {
        "dmean": 0.41124227643,
        "dmean2": 0.667299926281,
        "dvar": 0.0533742420375,
        "dvar2": 0.159277364612,
        "max": 1.72362935543,
        "mean": 1.04368627071,
        "median": 1.06514501572,
        "min": 0.404655754566,
        "stdev": 0.332916498184,
        "var": 0.110833398998
    },
    "erbbands_spread": {
        "dmean": 9.09460830688,
        "dmean2": 15.6225967407,
        "dvar": 36.2211418152,
        "dvar2": 86.5949325562,
        "max": 47.1930351257,
        "mean": 30.9619121552,
        "median": 28.6871070862,
        "min": 15.284781456,
        "stdev": 8.23498249054,
        "var": 67.8149337769
    },
    "hfc": {
        "dmean": 2.77653074265,
        "dmean2": 4.69430971146,
        "dvar": 9.79562759399,
        "dvar2": 25.772228241,
        "max": 25.9450378418,
        "mean": 11.2285966873,
        "median": 14.8962221146,
        "min": 2.09020889486e-09,
        "stdev": 8.66789627075,
        "var": 75.1324310303
    },
    "loudness_ebu128": {
        "integrated": -6.07443332672,
        "loudness_range": 0,
        "momentary": {
            "dmean": 1.48842763901,
            "dmean2": 0.940282940865,
            "dvar": 2.49431657791,
            "dvar2": 0.759074568748,
            "max": -4.57898044586,
            "mean": -6.8457326889,
            "median": -5.14704322815,
            "min": -13.3747014999,
            "stdev": 3.01922941208,
            "var": 9.11574649811
        },
        "short_term": {
            "dmean": 0,
            "dmean2": 0,
            "dvar": 0,
            "dvar2": 0,
            "max": -11.3409671783,
            "mean": -11.3409671783,
            "median": -11.3409671783,
            "min": -11.3409671783,
            "stdev": 0,
            "var": 0
        }
    },
    "melbands_crest": {
        "dmean": 4.79282999039,
        "dmean2": 8.5411863327,
        "dvar": 11.7560396194,
        "dvar2": 28.4159240723,
        "max": 24.1626834869,
        "mean": 15.8064842224,
        "median": 15.0832386017,
        "min": 6.92250442505,
        "stdev": 4.03713750839,
        "var": 16.2984790802
    },
    "melbands_flatness_db": {
        "dmean": 0.032444935292,
        "dmean2": 0.0512627661228,
        "dvar": 0.000439828232629,
        "dvar2": 0.00109192670789,
        "max": 0.360220432281,
        "mean": 0.304190933704,
        "median": 0.307154715061,
        "min": 0.187458127737,
        "stdev": 0.0329992771149,
        "var": 0.00108895241283
    },
    "melbands_kurtosis": {
        "dmean": 9.65322971344,
        "dmean2": 16.509601593,
        "dvar": 66.9533843994,
        "dvar2": 190.79045105,
        "max": 45.6447982788,
        "mean": 22.5844306946,
        "median": 24.1732807159,
        "min": 7.1786365509,
        "stdev": 9.70337200165,
        "var": 94.1554336548
    },
    "melbands_skewness": {
        "dmean": 0.921381175518,
        "dmean2": 1.58647763729,
        "dvar": 0.565809130669,
        "dvar2": 1.50897288322,
        "max": 5.51047611237,
        "mean": 3.52954125404,
        "median": 3.69236898422,
        "min": 1.74291598797,
        "stdev": 0.890345752239,
        "var": 0.792715609074
    },
    "melbands_spread": {
        "dmean": 1.98213970661,
        "dmean2": 3.12691020966,
        "dvar": 3.42354941368,
        "dvar2": 5.93776798248,
        "max": 14.5611925125,
        "mean": 5.31724119186,
        "median": 4.67832660675,
        "min": 3.18614554405,
        "stdev": 2.20118188858,
        "var": 4.84520149231
    },
    "pitch_salience": {
        "dmean": 0.110545732081,
        "dmean2": 0.193979412317,
        "dvar": 0.00488490983844,
        "dvar2": 0.0121730333194,
        "max": 0.887806296349,
        "mean": 0.624831736088,
        "median": 0.645560145378,
        "min": 0.439686357975,
        "stdev": 0.0876214057207,
        "var": 0.00767751131207
    },
    "silence_rate_20dB": {
        "dmean": 0,
        "dmean2": 0,
        "dvar": 0,
        "dvar2": 0,
        "max": 1,
        "mean": 1,
        "median": 1,
        "min": 1,
        "stdev": 0,
        "var": 0
    },
    "silence_rate_30dB": {
        "dmean": 0,
        "dmean2": 0,
        "dvar": 0,
        "dvar2": 0,
        "max": 1,
        "mean": 1,
        "median": 1,
        "min": 1,
        "stdev": 0,
        "var": 0
    },
    "silence_rate_60dB": {
        "dmean": 0.0227272734046,
        "dmean2": 0.0465116277337,
        "dvar": 0.0222107470036,
        "dvar2": 0.0443482883275,
        "max": 1,
        "mean": 0.288888901472,
        "median": 0,
        "min": 0,
        "stdev": 0.453246176243,
        "var": 0.205432102084
    },
    "spectral_centroid": {
        "dmean": 109.208953857,
        "dmean2": 168.352310181,
        "dvar": 6971.46533203,
        "dvar2": 14011.3085938,
        "max": 781.88885498,
        "mean": 416.762329102,
        "median": 391.11920166,
        "min": 295.601501465,
        "stdev": 106.737251282,
        "var": 11392.8408203
    },
    "spectral_complexity": {
        "dmean": 2.31818175316,
        "dmean2": 3.62790703773,
        "dvar": 5.44421482086,
        "dvar2": 12.5592193604,
        "max": 22,
        "mean": 11.5555553436,
        "median": 14,
        "min": 0,
        "stdev": 7.35619306564,
        "var": 54.1135787964
    },
    "spectral_decrease": {
        "dmean": 2.0971400172e-09,
        "dmean2": 2.83443557514e-09,
        "dvar": 8.63365793885e-18,
        "dvar2": 1.0681695097e-17,
        "max": -9.77094690869e-19,
        "mean": -1.2014163886e-08,
        "median": -1.63464441982e-08,
        "min": -2.46619240585e-08,
        "stdev": 9.23785403728e-09,
        "var": 8.53379473961e-17
    },
    "spectral_energy": {
        "dmean": 0.00802957825363,
        "dmean2": 0.0108200376853,
        "dvar": 0.000126762679429,
        "dvar2": 0.000155836241902,
        "max": 0.0947829037905,
        "mean": 0.0463626794517,
        "median": 0.0631480365992,
        "min": 3.87737281518e-12,
        "stdev": 0.0356277897954,
        "var": 0.0012693394674
    },
    "spectral_energyband_high": {
        "dmean": 4.01343131671e-05,
        "dmean2": 6.4824896981e-05,
        "dvar": 2.18062279345e-09,
        "dvar2": 5.10487074834e-09,
        "max": 0.000249880919,
        "mean": 0.000100655255665,
        "median": 0.000110492605017,
        "min": 6.08347804098e-14,
        "stdev": 8.68342467584e-05,
        "var": 7.54018625315e-09
    },
    "spectral_energyband_low": {
        "dmean": 0.0118581950665,
        "dmean2": 0.0208655316383,
        "dvar": 0.000234648774494,
        "dvar2": 0.000699896540027,
        "max": 0.0747621431947,
        "mean": 0.0230887960643,
        "median": 0.0247979126871,
        "min": 1.30850592948e-12,
        "stdev": 0.0202332548797,
        "var": 0.000409384578234
    },
    "spectral_energyband_middle_high": {
        "dmean": 0.000661161961034,
        "dmean2": 0.00101540668402,
        "dvar": 5.77807725222e-07,
        "dvar2": 1.81366419838e-06,
        "max": 0.00445046182722,
        "mean": 0.00137790164445,
        "median": 0.00145056704059,
        "min": 3.69735383803e-13,
        "stdev": 0.00118187488988,
        "var": 1.39682833833e-06
    },
    "spectral_energyband_middle_low": {
        "dmean": 0.0142279146239,
        "dmean2": 0.0234849285334,
        "dvar": 0.000196270237211,
        "dvar2": 0.000638141995296,
        "max": 0.069444283843,
        "mean": 0.025465650484,
        "median": 0.0215179845691,
        "min": 2.1151576584e-12,
        "stdev": 0.0225009452552,
        "var": 0.000506292504724
    },
    "spectral_entropy": {
        "dmean": 0.269561707973,
        "dmean2": 0.402486264706,
        "dvar": 0.0340105742216,
        "dvar2": 0.0661709755659,
        "max": 8.31974220276,
        "mean": 7.02295255661,
        "median": 6.96567249298,
        "min": 6.44081401825,
        "stdev": 0.314281970263,
        "var": 0.0987731516361
    },
    "spectral_flux": {
        "dmean": 0.0299864895642,
        "dmean2": 0.0464646667242,
        "dvar": 0.000917368743103,
        "dvar2": 0.00150373298675,
        "max": 0.251864433289,
        "mean": 0.10205064714,
        "median": 0.111746713519,
        "min": 0.000403822836233,
        "stdev": 0.0713007897139,
        "var": 0.00508380262181
    },
    "spectral_kurtosis": {
        "dmean": 3.72125649452,
        "dmean2": 6.61951589584,
        "dvar": 14.4264793396,
        "dvar2": 46.9660682678,
        "max": 21.1956748962,
        "mean": 9.74393558502,
        "median": 8.8778295517,
        "min": 4.51928758621,
        "stdev": 3.38744497299,
        "var": 11.4747829437
    },
    "spectral_rms": {
        "dmean": 0.000598295999225,
        "dmean2": 0.000803434755653,
        "dvar": 7.91064280747e-07,
        "dvar2": 8.91064701136e-07,
        "max": 0.00961619056761,
        "mean": 0.00560326641425,
        "median": 0.00784906651825,
        "min": 6.15044939423e-08,
        "stdev": 0.00371958245523,
        "var": 1.383529343e-05
    },
    "spectral_rolloff": {
        "dmean": 116.47505188,
        "dmean2": 208.821990967,
        "dvar": 8753.37597656,
        "dvar2": 21534.859375,
        "max": 538.330078125,
        "mean": 328.740234375,
        "median": 279.931640625,
        "min": 193.798828125,
        "stdev": 97.6171798706,
        "var": 9529.11425781
    },
    "spectral_skewness": {
        "dmean": 0.43783852458,
        "dmean2": 0.752621114254,
        "dvar": 0.132492184639,
        "dvar2": 0.420064538717,
        "max": 3.84160161018,
        "mean": 2.40659880638,
        "median": 2.33784151077,
        "min": 1.86120212078,
        "stdev": 0.382256001234,
        "var": 0.146119654179
    },
    "spectral_spread": {
        "dmean": 752961.0625,
        "dmean2": 809552.1875,
        "dvar": 4.93008348774e+12,
        "dvar2": 2.9657506775e+12,
        "max": 21545868,
        "mean": 3849256.25,
        "median": 3548312.75,
        "min": 2136095,
        "stdev": 2790709.5,
        "var": 7.78805968896e+12
    },
    "spectral_strongpeak": {
        "dmean": 0.381884366274,
        "dmean2": 0.645155787468,
        "dvar": 0.144407168031,
        "dvar2": 0.410405635834,
        "max": 1.6358474493,
        "mean": 0.556348860264,
        "median": 0.379358619452,
        "min": 0,
        "stdev": 0.509980738163,
        "var": 0.260080337524
    },
    "zerocrossingrate": {
        "dmean": 0.00321821728721,
        "dmean2": 0.00465570483357,
        "dvar": 1.01470750451e-05,
        "dvar2": 2.01197435672e-05,
        "max": 0.02587890625,
        "mean": 0.0177734382451,
        "median": 0.017578125,
        "min": 0.00048828125,
        "stdev": 0.00434103701264,
        "var": 1.88446028915e-05
    },
    "barkbands": {
        "dmean": [0.000242180743953, 0.00229982309975, 0.00986796151847, 0.0069862245582, 0.00701190112159, 0.000951317080762, 0.00202698423527, 0.000786909891758, 0.000365146319382, 0.00012093186524, 6.4809100877e-05, 0.000100424142147, 0.000324793683831, 6.55792828184e-05, 3.76862917619e-05, 7.43635318941e-05, 1.8655335225e-05, 5.80046871619e-05, 3.32311683451e-05, 2.74928097497e-05, 9.08960555535e-06, 6.20652599537e-06, 7.71426221036e-06, 2.20532228923e-06, 3.3164362776e-06, 5.49069909539e-06, 6.12661506239e-06],
        "dmean2": [0.000365990941646, 0.00386219774373, 0.0186614412814, 0.0120036145672, 0.0122789833695, 0.00159640540369, 0.00384593708441, 0.00142940087244, 0.000567870156374, 0.000205811098567, 0.000107685416879, 0.000176433764864, 0.000610089686234, 0.000110130575194, 6.78227879689e-05, 0.000125164238852, 3.03156793962e-05, 9.77685194812e-05, 5.65828486288e-05, 4.45111181762e-05, 1.39257726914e-05, 1.12031557364e-05, 1.18735615615e-05, 3.80374262932e-06, 5.18170872965e-06, 9.02739975572e-06, 1.04558939711e-05],
        "dvar": [1.43427996591e-07, 7.22674849385e-06, 0.000172052255948, 6.14481032244e-05, 6.3811763539e-05, 1.20944287119e-06, 6.2393596636e-06, 1.5080366893e-06, 1.01814322306e-07, 1.96428526777e-08, 5.42464029252e-09, 9.48969702819e-09, 2.39874395902e-07, 6.21061646555e-09, 1.59056012805e-09, 6.18290307841e-09, 5.21241771967e-10, 4.53348247831e-09, 1.34913336058e-09, 7.76507913525e-10, 9.60081320001e-11, 5.54630820437e-11, 1.07640091285e-10, 9.31389687597e-12, 1.23146302183e-11, 4.48588909074e-11, 6.0451303685e-11],
        "dvar2": [2.98832333101e-07, 2.03223535209e-05, 0.000525623967405, 0.000157566988491, 0.000160859985044, 3.57020417141e-06, 1.95512839127e-05, 4.39966152044e-06, 2.77479585975e-07, 4.94838978682e-08, 1.86980866346e-08, 3.0415368002e-08, 6.41433075543e-07, 1.65220974679e-08, 5.26113064225e-09, 1.5523061947e-08, 9.6335317501e-10, 1.24712729033e-08, 3.63729468766e-09, 2.34632735463e-09, 2.55990090237e-10, 1.70073274908e-10, 2.93187335521e-10, 2.15110724372e-11, 3.00381525209e-11, 1.12385933893e-10, 1.85400930719e-10],
        "max": [0.00176138314418, 0.0171828344464, 0.0530124381185, 0.0283481813967, 0.0312194433063, 0.00618172297254, 0.0108282137662, 0.00484190369025, 0.00180277181789, 0.00101377663668, 0.000365188345313, 0.000526608258951, 0.00196440052241, 0.000463342439616, 0.000170228537172, 0.000299579463899, 0.000131292385049, 0.000279231462628, 0.000136423317599, 0.000132637040224, 6.52099479339e-05, 3.71633504983e-05, 5.52340425202e-05, 1.75903478521e-05, 1.69308623299e-05, 3.52561401087e-05, 3.87128675357e-05],
        "mean": [0.000255847087828, 0.00605527870357, 0.0131495725363, 0.011439755559, 0.00858416687697, 0.00151881214697, 0.00244014663622, 0.00071990408469, 0.000682824582327, 0.000329566159053, 0.000113052345114, 0.000182689225767, 0.000286499242065, 0.000160222320119, 5.8168952819e-05, 8.96365672816e-05, 5.11592515977e-05, 6.48816640023e-05, 5.00722235302e-05, 4.45584555564e-05, 2.38712491409e-05, 1.15560887934e-05, 1.33345520226e-05, 6.05232344242e-06, 5.95860910835e-06, 1.29434711198e-05, 1.18567177196e-05],
        "median": [7.48992169974e-05, 0.00739385047927, 0.0105134770274, 0.00769958458841, 0.00746426964179, 0.00135045126081, 0.00193846097682, 0.000392820773413, 0.000655667041428, 0.00036628296948, 0.000107055282569, 0.000187121855561, 0.000142271630466, 0.000168852537172, 5.80376618018e-05, 8.77855054568e-05, 5.12791593792e-05, 4.54963883385e-05, 3.09866300086e-05, 3.72048307327e-05, 2.6168056138e-05, 1.08264948722e-05, 1.28724559545e-05, 7.13534200258e-06, 5.20513958691e-06, 1.39412723001e-05, 1.20794111353e-05],
        "min": [3.91804319023e-13, 5.74762134588e-13, 3.64133582228e-13, 3.41554096204e-13, 7.24906137721e-13, 5.13086209804e-13, 3.10660758186e-13, 1.54620728113e-13, 6.64057296564e-14, 6.48215044534e-15, 1.0741505172e-14, 4.43546736069e-14, 7.84500367229e-14, 7.65839350486e-14, 3.79352582333e-14, 1.94900214403e-14, 2.18045118636e-14, 4.15185159202e-14, 2.22724907907e-14, 1.44819560803e-14, 9.30425034977e-15, 1.21502243013e-14, 6.34271654025e-15, 7.14446964724e-15, 7.16964346643e-15, 7.24339293108e-15, 9.7043692323e-15],
        "stdev": [0.000425171980169, 0.0050937179476, 0.0131826940924, 0.010933325626, 0.00916632823646, 0.00144831556827, 0.00259634689428, 0.00105693400837, 0.000599676452111, 0.000274364982033, 0.000101472040114, 0.000152726250235, 0.000430925225373, 0.000137025432196, 5.37898267794e-05, 9.31438189582e-05, 4.51894120488e-05, 7.34608402126e-05, 4.85479322379e-05, 4.16824550484e-05, 1.97911631403e-05, 1.06043826236e-05, 1.35811251312e-05, 5.31815840077e-06, 5.56596023671e-06, 1.13243722808e-05, 1.09513084681e-05],
        "var": [1.80771209557e-07, 2.59459611698e-05, 0.000173783424543, 0.000119537602586, 8.40215725475e-05, 2.09761788028e-06, 6.74101738696e-06, 1.11710949113e-06, 3.59611874501e-07, 7.52761408762e-08, 1.02965742599e-08, 2.33253079074e-08, 1.85696549693e-07, 1.87759710002e-08, 2.89334556314e-09, 8.67577121255e-09, 2.04208294718e-09, 5.39649480658e-09, 2.35690178485e-09, 1.73742720211e-09, 3.91690152535e-10, 1.12452921974e-10, 1.84446971585e-10, 2.82828101217e-11, 3.09799130793e-11, 1.28241403607e-10, 1.19931148346e-10]
    },
    "erbbands": {
        "dmean": [0.0227105934173, 0.831724107265, 9.86233139038, 10.3978490829, 40.8784980774, 10.0164442062, 9.27154445648, 9.92018222809, 17.7596969604, 38.9452438354, 7.69127655029, 8.38386631012, 6.63808870316, 4.59683990479, 2.37218260765, 5.52513885498, 11.958106041, 3.95551323891, 1.66897130013, 3.43708729744, 2.18617534637, 1.32202064991, 2.56941413879, 2.42941689491, 1.59100878239, 1.26819968224, 0.515453100204, 0.275292605162, 0.234059393406, 0.306049138308, 0.169947579503, 0.0470943562686, 0.0455337129533, 0.0378612950444, 0.02334135212, 0.0237241610885, 0.0117347827181, 0.00422812206671, 0.00104140979238, 7.62624695199e-05],
        "dmean2": [0.0422824956477, 1.41930663586, 18.7844600677, 16.4642066956, 65.6020507812, 13.8364639282, 15.5626649857, 15.1509342194, 32.3802719116, 75.5205841064, 14.2711496353, 12.4911909103, 12.4221735001, 8.78605556488, 3.86803245544, 9.10198879242, 22.6844120026, 6.79918956757, 2.94408130646, 5.27403926849, 3.40790295601, 2.12468838692, 4.47632312775, 3.79783129692, 2.61345982552, 2.04065918922, 0.788183510303, 0.403862297535, 0.412208646536, 0.55143147707, 0.287104457617, 0.0723440572619, 0.0727961137891, 0.0553853064775, 0.0377524159849, 0.0344967208803, 0.0188563652337, 0.00634866207838, 0.0017850502627, 0.000130835353048],
        "dvar": [0.000742111296859, 1.05097961426, 165.627838135, 132.42755127, 1996.73864746, 92.4634780884, 92.4666213989, 97.2383041382, 354.250274658, 4006.31738281, 165.751831055, 52.6990318298, 52.44581604, 20.4983177185, 5.52422904968, 48.3049583435, 330.050598145, 19.885383606, 3.84544730186, 11.1982040405, 5.4220366478, 2.118475914, 9.30853652954, 6.16834831238, 2.96734595299, 1.77532887459, 0.260204017162, 0.118647433817, 0.0792168676853, 0.177464857697, 0.0554179176688, 0.00432202080265, 0.0026630202774, 0.00152529252227, 0.000661751604639, 0.000559318461455, 0.000192828243598, 2.25499443332e-05, 1.87531622942e-06, 9.39354460883e-09],
        "dvar2": [0.00251864129677, 3.09799432755, 507.018157959, 350.726776123, 5905.10351562, 207.325744629, 281.373138428, 307.975463867, 1157.62731934, 12173.8320312, 507.6144104, 150.920257568, 179.241851807, 63.5758781433, 14.386431694, 159.946395874, 903.334411621, 55.9794197083, 11.4925107956, 33.1977844238, 16.0826969147, 5.48219633102, 24.4181442261, 18.8646888733, 8.01274108887, 5.30178070068, 0.85838586092, 0.263642340899, 0.240833058953, 0.532946646214, 0.112849660218, 0.0109486011788, 0.00701515190303, 0.00443158717826, 0.00145249592606, 0.00158730428666, 0.00052829150809, 7.63484131312e-05, 5.66961989534e-06, 2.76963447732e-08],
        "max": [0.127564191818, 5.94259595871, 56.6014175415, 57.5769195557, 180.4659729, 57.2568817139, 48.5474128723, 53.9023933411, 86.3319549561, 237.190200806, 54.6599273682, 43.853477478, 32.7267456055, 22.557762146, 16.855173111, 30.2615032196, 73.2836380005, 26.806634903, 10.806687355, 14.0625486374, 11.3387050629, 7.34914207458, 12.6443147659, 10.1011333466, 6.66073894501, 6.74286174774, 3.05102682114, 2.03003358841, 1.35500514507, 2.09094381332, 1.16462159157, 0.394691497087, 0.320542037487, 0.203671351075, 0.121921010315, 0.114337712526, 0.0787165388465, 0.0268956422806, 0.00680288765579, 0.000560759159271],
        "mean": [0.0386316739023, 2.010658741, 15.1994276047, 22.681306839, 42.721206665, 24.1539611816, 15.3117866516, 13.5075521469, 24.9347248077, 40.0948028564, 11.7028970718, 15.8405046463, 9.4662065506, 8.20917797089, 6.05040025711, 9.05763244629, 11.8708467484, 9.95591259003, 3.48237276077, 4.59693574905, 3.33910822868, 3.03469848633, 3.28764772415, 3.00651621819, 2.50228571892, 2.17800879478, 1.25714373589, 0.711523890495, 0.399008482695, 0.493174433708, 0.359536290169, 0.129218518734, 0.100216381252, 0.0691521465778, 0.0409180894494, 0.0377759933472, 0.0292149912566, 0.00882680434734, 0.00188173656352, 0.000190497754375],
        "median": [0.0418034493923, 2.43285322189, 14.6684913635, 25.6169891357, 22.0064620972, 28.8196296692, 14.2072629929, 9.25755691528, 25.5316085815, 29.3912696838, 10.8864059448, 16.013879776, 7.78431177139, 8.06842136383, 6.98495340347, 7.84695529938, 6.69451761246, 10.9653396606, 3.13754415512, 4.07371282578, 3.17999386787, 2.9931397438, 2.57171368599, 1.76349139214, 1.58924198151, 1.87574589252, 1.40551507473, 0.871848106384, 0.384734421968, 0.363414943218, 0.352856397629, 0.148448288441, 0.100624717772, 0.0655045434833, 0.0338594913483, 0.0293831061572, 0.0356261879206, 0.0104662589729, 0.0017321119085, 0.000208941200981],
        "min": [2.11727562566e-11, 1.15800424805e-10, 3.77793185624e-10, 8.6873797045e-10, 1.61848678903e-09, 2.56716425895e-09, 3.5518410435e-09, 4.31806101986e-09, 4.57608084758e-09, 4.12581613318e-09, 3.01070679498e-09, 1.60291657725e-09, 4.95329999239e-10, 1.82133350068e-10, 7.72999997345e-10, 2.03467021009e-09, 3.4775877733e-09, 4.0564702708e-09, 2.89427948275e-09, 1.40122269343e-09, 1.07869990718e-09, 1.3225791573e-09, 2.29426744269e-09, 1.07367026381e-09, 1.55685420111e-09, 5.58739832179e-10, 2.27742796843e-10, 4.72441141763e-10, 5.08258546361e-10, 2.92084606501e-10, 1.65046518119e-10, 1.53140236603e-10, 1.17607451555e-10, 6.91874196823e-11, 5.56660967321e-11, 3.14472926866e-11, 1.14734038242e-11, 5.77870433796e-12, 1.19639194385e-12, 1.61732484501e-13],
        "stdev": [0.0359818562865, 1.70764815807, 14.3345508575, 19.5355319977, 49.7592315674, 20.2590084076, 13.9505281448, 13.3797550201, 23.5052490234, 53.7394943237, 12.473736763, 13.9545536041, 8.96100521088, 7.10563755035, 4.79718160629, 8.38004493713, 16.2520332336, 8.39235019684, 3.03481268883, 4.43615531921, 3.17062902451, 2.67466163635, 3.46785879135, 3.11380124092, 2.39342451096, 2.02315354347, 1.04110848904, 0.613316595554, 0.376449346542, 0.499938666821, 0.3455516994, 0.114453911781, 0.0892933085561, 0.0635966062546, 0.0391920432448, 0.0358876623213, 0.0250284597278, 0.00780431274325, 0.00180575740524, 0.000163823759067],
        "var": [0.001294694026, 2.91606235504, 205.4793396, 381.637023926, 2475.98095703, 410.427429199, 194.617248535, 179.017852783, 552.496765137, 2887.93310547, 155.594100952, 194.729553223, 80.2996063232, 50.4900817871, 23.0129508972, 70.2251586914, 264.128570557, 70.4315414429, 9.21008872986, 19.6794757843, 10.0528879166, 7.15381526947, 12.0260448456, 9.69575786591, 5.72848033905, 4.09315013885, 1.08390700817, 0.376157224178, 0.14171411097, 0.249938666821, 0.119405977428, 0.0130996983498, 0.00797329470515, 0.00404452858493, 0.00153601635247, 0.00128792424221, 0.000626423803624, 6.09072958468e-05, 3.26075996782e-06, 2.68382240876e-08]
    },
    "gfcc": {
        "mean": [-127.837142944, 136.685745239, -80.4722290039, 17.6257152557, -39.4516448975, -7.64501142502, -24.3926372528, -9.73099136353, -23.7720890045, -5.11679840088, -15.1305990219, -7.71813011169, -23.1682052612],
        "cov": [[71114.1953125, -2327.72045898, 1999.27685547, -426.858917236, -156.405090332, 778.20916748, -893.149658203, 1513.58752441, -1039.52148438, 647.554504395, -1562.48254395, -59.0958900452, -789.866149902], [-2327.72045898, 1102.00500488, -548.279968262, 234.657272339, -252.301132202, -66.4649429321, 127.290649414, -219.912338257, 68.5439682007, -222.223449707, 105.994338989, -20.8537387848, 109.093894958], [1999.27685547, -548.279968262, 421.021026611, -126.941085815, 146.768112183, 50.7606544495, -81.1411972046, 140.712188721, -63.6191635132, 113.345832825, -105.892570496, 12.9582939148, -47.1622276306], [-426.858917236, 234.657272339, -126.941085815, 89.4016799927, -33.4595794678, -2.60972738266, 38.0831756592, -37.0346641541, 7.93846273422, -61.4701805115, 11.8585271835, -6.66848468781, 36.8669471741], [-156.405090332, -252.301132202, 146.768112183, -33.4595794678, 104.437065125, 28.9959049225, -13.8095235825, 61.3345489502, -17.2878341675, 43.8181343079, -30.4387836456, 11.0183935165, -8.3807888031], [778.20916748, -66.4649429321, 50.7606544495, -2.60972738266, 28.9959049225, 48.9779891968, -6.51319313049, 43.9175415039, -31.413646698, 12.1515865326, -33.7159690857, 2.23425531387, -11.6524419785], [-893.149658203, 127.290649414, -81.1411972046, 38.0831756592, -13.8095235825, -6.51319313049, 35.2693443298, -28.263299942, 16.7712421417, -32.1130523682, 27.618768692, -0.558589100838, 20.933763504], [1513.58752441, -219.912338257, 140.712188721, -37.0346641541, 61.3345489502, 43.9175415039, -28.263299942, 93.6564483643, -36.5394020081, 48.0408363342, -56.2394447327, 4.05740690231, -30.8853092194], [-1039.52148438, 68.5439682007, -63.6191635132, 7.93846273422, -17.2878341675, -31.413646698, 16.7712421417, -36.5394020081, 49.1255111694, -15.0205020905, 42.0581245422, -1.51078116894, 9.54740810394], [647.554504395, -222.223449707, 113.345832825, -61.4701805115, 43.8181343079, 12.1515865326, -32.1130523682, 48.0408363342, -15.0205020905, 61.3186988831, -20.6682243347, 8.84352874756, -32.0782432556], [-1562.48254395, 105.994338989, -105.892570496, 11.8585271835, -30.4387836456, -33.7159690857, 27.618768692, -56.2394447327, 42.0581245422, -20.6682243347, 65.3295135498, 0.741892755032, 13.233997345], [-59.0958900452, -20.8537387848, 12.9582939148, -6.66848468781, 11.0183935165, 2.23425531387, -0.558589100838, 4.05740690231, -1.51078116894, 8.84352874756, 0.741892755032, 11.8218383789, 0.0372926555574], [-789.866149902, 109.093894958, -47.1622276306, 36.8669471741, -8.3807888031, -11.6524419785, 20.933763504, -30.8853092194, 9.54740810394, -32.0782432556, 13.233997345, 0.0372926555574, 35.2913665771]],
        "icov": [[8.88237918844e-05, 0.000371531903511, -0.000165207064128, -0.00100438133813, 0.00203137029894, -4.06876933994e-05, 8.86895722942e-05, -0.000778624322265, -0.000193276806385, 2.7290881917e-05, 0.00162199058104, -0.00104991998523, 0.000872852862813], [0.000371531903511, 0.0108015770093, 0.0003728067677, -0.0089029436931, 0.0227571967989, -0.00218803877942, -0.0114039443433, 0.00136375625152, -0.00407671555877, 0.00988611858338, 0.0145683540031, -0.0151603743434, 0.00200545066036], [-0.000165207064128, 0.0003728067677, 0.0176090877503, 0.0204053949565, -0.015117354691, 0.00428954698145, 0.00509675778449, -0.0029080840759, 0.000616155040916, 0.00405444484204, 0.0141109051183, 0.00275690131821, -0.0121518662199], [-0.00100438133813, -0.0089029436931, 0.0204053949565, 0.0838968157768, -0.0409430973232, 0.00432068062946, -0.014849819243, -0.002455328824, 0.00431931950152, 0.0316584333777, 0.00927204452455, 0.0181081611663, -0.0328567177057], [0.00203137029894, 0.0227571967989, -0.015117354691, -0.0409430973232, 0.104779437184, -0.0157920867205, -0.0319202952087, -0.0188523419201, -0.0178961493075, -0.00980436336249, 0.0413885042071, -0.043488856405, 0.000244516064413], [-4.06876933994e-05, -0.00218803877942, 0.00428954698145, 0.00432068062946, -0.0157920867205, 0.0596238076687, -0.01198271662, -0.0180961769074, 0.0258824713528, 0.0155311366543, 0.0060929376632, -0.00598619319499, 0.0191156864166], [8.86895722942e-05, -0.0114039443433, 0.00509675778449, -0.014849819243, -0.0319202952087, -0.01198271662, 0.149367466569, -0.0305203255266, 0.00677277799696, 0.0318648219109, -0.0703572556376, -0.00260093645193, -0.0137680293992], [-0.000778624322265, 0.00136375625152, -0.0029080840759, -0.002455328824, -0.0188523419201, -0.0180961769074, -0.0305203255266, 0.070937782526, -0.00859874300659, -0.0247680805624, 0.0248180087656, 0.0113357109949, 0.017264155671], [-0.000193276806385, -0.00407671555877, 0.000616155040916, 0.00431931950152, -0.0178961493075, 0.0258824713528, 0.00677277799696, -0.00859874300659, 0.0598805248737, 0.0118979709223, -0.0392908006907, 0.00985969509929, 0.00667941058055], [2.7290881917e-05, 0.00988611858338, 0.00405444484204, 0.0316584333777, -0.00980436336249, 0.0155311366543, 0.0318648219109, -0.0247680805624, 0.0118979709223, 0.139472797513, -0.0157353356481, -0.0547363013029, 0.0341336987913], [0.00162199058104, 0.0145683540031, 0.0141109051183, 0.00927204452455, 0.0413885042071, 0.0060929376632, -0.0703572556376, 0.0248180087656, -0.0392908006907, -0.0157353356481, 0.142036020756, -0.0302230753005, 0.0188293345273], [-0.00104991998523, -0.0151603743434, 0.00275690131821, 0.0181081611663, -0.043488856405, -0.00598619319499, -0.00260093645193, 0.0113357109949, 0.00985969509929, -0.0547363013029, -0.0302230753005, 0.141651779413, -0.0339437909424], [0.000872852862813, 0.00200545066036, -0.0121518662199, -0.0328567177057, 0.000244516064413, 0.0191156864166, -0.0137680293992, 0.017264155671, 0.00667941058055, 0.0341336987913, 0.0188293345273, -0.0339437909424, 0.111595220864]]
    },
    "melbands": {
        "dmean": [0.000375362229533, 0.00335189257748, 0.00221440801397, 0.00171284889802, 0.00031942591886, 0.000210196900298, 0.000281374756014, 0.000371195579646, 4.73139807582e-05, 4.9240039516e-05, 3.30528673658e-05, 2.08716246561e-05, 7.69561938796e-06, 1.03835718619e-05, 4.14684218413e-05, 1.19515570987e-05, 7.14664793122e-06, 2.35320521824e-06, 2.75496768154e-06, 6.49836920275e-06, 1.89011336715e-06, 1.37876259032e-06, 1.30455396175e-06, 3.77215019398e-06, 1.7981773226e-06, 1.39471512739e-06, 1.02290505311e-06, 7.96537221959e-07, 3.51112987573e-07, 2.65450324832e-07, 1.40290154604e-07, 1.22516908618e-07, 1.62838063034e-07, 1.99983787752e-07, 1.214112757e-07, 4.19869401469e-08, 2.50518148448e-08, 2.77646403646e-08, 4.0422619918e-08, 3.29748104377e-08],
        "dmean2": [0.000637073477264, 0.00630171084777, 0.00346751650795, 0.00282039470039, 0.000515505089425, 0.000319947401294, 0.000519732071552, 0.000714373309165, 8.32337900647e-05, 7.58088426664e-05, 6.22953011771e-05, 3.98019328713e-05, 1.25300202853e-05, 1.8269443899e-05, 7.68804166e-05, 2.20131314563e-05, 1.18877360364e-05, 3.97886424253e-06, 4.77513094665e-06, 1.03762458821e-05, 3.11872827297e-06, 2.3011475605e-06, 2.02894443646e-06, 6.43898829367e-06, 2.8504639431e-06, 2.25254302677e-06, 1.75913260136e-06, 1.29648697111e-06, 5.8826555005e-07, 4.14328468423e-07, 1.94626835537e-07, 2.13068105381e-07, 2.96506897257e-07, 3.67399053403e-07, 2.0726196226e-07, 6.74445175264e-08, 3.85086380561e-08, 4.51983552807e-08, 5.93659450487e-08, 4.97686727385e-08],
        "dvar": [1.99448948024e-07, 2.05975647987e-05, 5.36251309313e-06, 3.4527392927e-06, 1.1948327483e-07, 4.09326901263e-08, 1.05772933523e-07, 3.8446370354e-07, 4.3114414261e-09, 1.94193416903e-09, 1.31768096434e-09, 4.41083336522e-10, 6.23201351635e-11, 1.08695677459e-10, 3.63623886557e-09, 3.36164124315e-10, 6.34679392375e-11, 7.62551480293e-12, 1.01539479949e-11, 4.05365879752e-11, 4.06039264711e-12, 2.55785735474e-12, 1.75940468791e-12, 1.92330699977e-11, 3.45984504067e-12, 2.36862070756e-12, 1.32470423519e-12, 7.19539065917e-13, 1.42334156072e-13, 8.00608765481e-14, 3.8935834537e-14, 2.30457454742e-14, 3.42151945611e-14, 8.64945728972e-14, 2.96586079264e-14, 2.8063948548e-15, 1.30274609612e-15, 1.11251858979e-15, 1.67168717816e-15, 1.20630440705e-15],
        "dvar2": [5.90040201587e-07, 6.17817422608e-05, 1.32604027385e-05, 9.32802049647e-06, 3.22746615211e-07, 1.3136103405e-07, 3.27510946363e-07, 1.16174157938e-06, 1.33943132141e-08, 5.2705946274e-09, 4.45099024304e-09, 1.36520317273e-09, 2.03953506861e-10, 3.34800409618e-10, 1.00558441574e-08, 9.52907752705e-10, 1.82829154594e-10, 2.42721519966e-11, 2.86745592548e-11, 1.11665218738e-10, 1.18055296441e-11, 6.46523980186e-12, 4.44042675893e-12, 5.31772924306e-11, 1.04549971111e-11, 6.81538853131e-12, 3.14004594895e-12, 2.30797737692e-12, 4.30263057171e-13, 2.29993134997e-13, 8.93474272974e-14, 6.95752320774e-14, 1.09388091304e-13, 2.59456871135e-13, 6.03838607263e-14, 5.76536024867e-15, 3.85749942663e-15, 2.84753100988e-15, 5.35366369631e-15, 3.26253077898e-15],
        "max": [0.00268843583763, 0.0207328647375, 0.0126566858962, 0.00784174911678, 0.00196289177984, 0.00116836756933, 0.00152671441901, 0.00230612559244, 0.000332275289111, 0.000254782178672, 0.000167643491295, 0.000101036610431, 4.81783099531e-05, 6.39096542727e-05, 0.000235841333051, 8.76163103385e-05, 4.86149583594e-05, 1.61297739396e-05, 1.46368856804e-05, 2.45299834205e-05, 1.03762922663e-05, 7.77531204221e-06, 7.09220557837e-06, 1.77106740011e-05, 7.21735614206e-06, 6.40657799522e-06, 4.55766303276e-06, 4.41517840954e-06, 2.30705632021e-06, 1.48195624661e-06, 1.18290847695e-06, 6.91366835781e-07, 8.50892888593e-07, 1.40302859108e-06, 8.07741969311e-07, 3.01215180798e-07, 2.07632623983e-07, 2.09497585502e-07, 2.24763567758e-07, 1.68695180491e-07],
        "mean": [0.000919552985579, 0.00591409858316, 0.0050254506059, 0.00217427895404, 0.000716706621461, 0.000304252665956, 0.000409789965488, 0.000381157413358, 9.6216404927e-05, 9.04648477444e-05, 4.74318949273e-05, 3.61156562576e-05, 1.70235616679e-05, 2.04496573133e-05, 3.6243989598e-05, 1.93436462723e-05, 1.78953869181e-05, 4.91623131893e-06, 5.01156409882e-06, 7.18944738765e-06, 3.11258781949e-06, 3.09763254336e-06, 2.46560716732e-06, 3.84679196941e-06, 2.2233382424e-06, 1.97816166292e-06, 1.76969365384e-06, 1.27851728848e-06, 8.94088657333e-07, 4.58272296555e-07, 3.86213116599e-07, 1.83578450219e-07, 2.66966537765e-07, 2.82730468371e-07, 2.47989163427e-07, 1.00471019948e-07, 6.81348382159e-08, 6.55382450532e-08, 7.21727673181e-08, 5.63737394543e-08],
        "median": [0.00106159434654, 0.00646976428106, 0.00583689287305, 0.00180267414544, 0.000754906446673, 0.00022830296075, 0.000344971107552, 0.000279424828477, 0.000104223705421, 8.73110984685e-05, 4.18786439695e-05, 3.20121216646e-05, 2.03725358006e-05, 2.10301277548e-05, 2.03732906812e-05, 1.65317051142e-05, 2.03018353204e-05, 4.70191480417e-06, 4.75315209769e-06, 5.39364509677e-06, 3.10892392008e-06, 2.96945017908e-06, 2.51821666097e-06, 2.46459603659e-06, 1.25087797187e-06, 1.19820856526e-06, 1.34330014134e-06, 1.1744425592e-06, 1.03015668174e-06, 4.01928076599e-07, 4.38009607251e-07, 1.61313707281e-07, 2.03109053132e-07, 2.12922657283e-07, 2.39677291347e-07, 1.02057910567e-07, 8.16660588043e-08, 6.94490367437e-08, 6.43712709802e-08, 5.20902325718e-08],
        "min": [1.93043457196e-13, 1.84758783793e-13, 1.70499505898e-13, 1.50407653996e-13, 1.25226258941e-13, 9.73017375222e-14, 6.87945048692e-14, 4.27880319609e-14, 2.24831716016e-14, 8.92517854192e-15, 2.15386460091e-15, 5.74283150162e-16, 1.92014491736e-15, 4.35279050759e-15, 6.69923863698e-15, 8.05539259564e-15, 7.47805747989e-15, 5.03725496238e-15, 2.49426596659e-15, 1.41095254343e-15, 1.20849674008e-15, 1.20197776276e-15, 1.95959674743e-15, 1.98649618449e-15, 6.8169571584e-16, 9.82623757989e-16, 1.08179024617e-15, 1.98298989161e-16, 1.34072411533e-16, 1.9819101893e-16, 2.66820910569e-16, 2.58725975511e-16, 2.71948000999e-16, 1.30361546956e-16, 9.2394658289e-17, 9.80396233392e-17, 8.97924407261e-17, 8.70905710605e-17, 6.49401168593e-17, 5.65574751491e-17],
        "stdev": [0.000787589815445, 0.00537450518459, 0.00430764025077, 0.00227902573533, 0.000605859211646, 0.000292582582915, 0.000391080364352, 0.000521846872289, 8.5829233285e-05, 8.08362965472e-05, 4.4818767492e-05, 3.17259582516e-05, 1.40018855745e-05, 1.69397571881e-05, 5.29380304215e-05, 2.02826249733e-05, 1.51281046783e-05, 4.32545266449e-06, 4.54543715023e-06, 7.63710249885e-06, 2.88318915409e-06, 2.78446464108e-06, 2.22440644393e-06, 4.59433795186e-06, 2.30606747209e-06, 1.98618681679e-06, 1.65265623764e-06, 1.22064909647e-06, 7.3859166605e-07, 4.20958116365e-07, 3.35485339065e-07, 1.81816616873e-07, 2.53654633298e-07, 3.10403152071e-07, 2.43717352078e-07, 9.13840239036e-08, 6.00472631618e-08, 5.82655523829e-08, 6.60332517555e-08, 5.32746931015e-08],
        "var": [6.20297726073e-07, 2.88853061647e-05, 1.85557637451e-05, 5.19395871379e-06, 3.67065382534e-07, 8.56045616615e-08, 1.52943840703e-07, 2.72324172101e-07, 7.36665706214e-09, 6.53450671351e-09, 2.00872207756e-09, 1.00653640978e-09, 1.96052798995e-10, 2.86955376128e-10, 2.80243495077e-09, 4.11384898369e-10, 2.28859556306e-10, 1.87095391263e-11, 2.06610006881e-11, 5.83253306763e-11, 8.31278015173e-12, 7.75324335983e-12, 4.94798429659e-12, 2.11079400486e-11, 5.31794747127e-12, 3.94493812617e-12, 2.73127267331e-12, 1.48998435118e-12, 5.45517678339e-13, 1.77205743569e-13, 1.12550417662e-13, 3.30572801934e-14, 6.43406701073e-14, 9.63501197229e-14, 5.93981447686e-14, 8.35104012852e-15, 3.60567356679e-15, 3.39487459479e-15, 4.36039008719e-15, 2.83819310691e-15]
    },
    "melbands128": {
