{
"lowlevel": {
    "average_loudness": 0.99068403244,
    "barkbands_crest": {
        "dmean": 3.10326170921,
        "dmean2": 5.04608440399,
        "dvar": 4.91986942291,
        "dvar2": 15.7596263885,
        "max": 15.592291832,
        "mean": 10.1144189835,
        "median": 10.3683023453,
        "min": 3.51643228531,
        "stdev": 2.74075627327,
        "var": 7.51174449921
    },
    "barkbands_flatness_db": {
        "dmean": 0.0221946407109,
        "dmean2": 0.0363389402628,
        "dvar": 0.000266281887889,
        "dvar2": 0.000817469088361,
        "max": 0.204953640699,
        "mean": 0.140087157488,
        "median": 0.143615186214,
        "min": 0.0471952520311,
        "stdev": 0.038944683969,
        "var": 0.00151668838225
    },
    "barkbands_kurtosis": {
        "dmean": 2.72068119049,
        "dmean2": 4.92883872986,
        "dvar": 3.55198454857,
        "dvar2": 8.33588314056,
        "max": 10.4981498718,
        "mean": 4.47340106964,
        "median": 3.9449942112,
        "min": -1.42462456226,
        "stdev": 2.90386867523,
        "var": 8.43245315552
    },
    "barkbands_skewness": {
        "dmean": 0.582453012466,
        "dmean2": 1.05512440205,
        "dvar": 0.188403233886,
        "dvar2": 0.388516366482,
        "max": 3.12547779083,
        "mean": 1.96918094158,
        "median": 2.01206541061,
        "min": -0.583571732044,
        "stdev": 0.700917959213,
        "var": 0.49128600955
    },
    "barkbands_spread": {
        "dmean": 4.79686355591,
        "dmean2": 8.5349521637,
        "dvar": 125.865081787,
        "dvar2": 252.347702026,
        "max": 113.800712585,
        "mean": 17.0993423462,
        "median": 12.4846334457,
        "min": 6.60217523575,
        "stdev": 18.5350532532,
        "var": 343.548217773
    },
    "dissonance": {
        "dmean": 0.0190819352865,
        "dmean2": 0.0326399058104,
        "dvar": 0.000195623477339,
        "dvar2": 0.000499815738294,
        "max": 0.500000059605,
        "mean": 0.475687116385,
        "median": 0.478786617517,
        "min": 0.436966240406,
        "stdev": 0.016821667552,
        "var": 0.00028296848177
    },
    "dynamic_complexity": 17.0539112091,
    "erbbands_crest": {
        "dmean": 2.82117247581,
        "dmean2": 4.95491075516,
        "dvar": 3.38045310974,
        "dvar2": 9.23362255096,
        "max": 14.6543273926,
        "mean": 7.74524211884,
        "median": 7.80652475357,
        "min": 3.16170310974,
        "stdev": 2.47686004639,
        "var": 6.13483524323
    },
    "erbbands_flatness_db": {
        "dmean": 0.0158597901464,
        "dmean2": 0.0261044725776,
        "dvar": 0.000151673535584,
        "dvar2": 0.00029602315044,
        "max": 0.247393593192,
        "mean": 0.18705894053,
        "median": 0.194856837392,
        "min": 0.063978202641,
        "stdev": 0.0402786284685,
        "var": 0.00162236776669
    },
    "erbbands_kurtosis": {
        "dmean": 0.623190641403,
        "dmean2": 1.11400091648,
        "dvar": 0.267017871141,
        "dvar2": 0.626923024654,
        "max": 2.08571195602,
        "mean": 0.2806378901,
        "median": 0.0732464790344,
        "min": -0.945198535919,
        "stdev": 0.757498562336,
        "var": 0.573804080486
    },
    "erbbands_skewness": {
        "dmean": 0.345450043678,
        "dmean2": 0.596108078957,
        "dvar": 0.0746083781123,
        "dvar2": 0.174094110727,
        "max": 1.5632288456,
        "mean": 0.907501578331,
        "median": 0.945514321327,
        "min": -0.711889147758,
        "stdev": 0.459614336491,
        "var": 0.211245343089
    },
    "erbbands_spread": {
        "dmean": 3.92384052277,
        "dmean2": 7.09386491776,
        "dvar": 12.3310899734,
        "dvar2": 26.6949882507,
        "max": 59.8350257874,
        "mean": 31.8424892426,
        "median": 28.4888381958,
        "min": 22.3908615112,
        "stdev": 8.24622344971,
        "var": 68.0002059937
    },
    "hfc": {
        "dmean": 31.4833488464,
        "dmean2": 22.7280464172,
        "dvar": 30884.0546875,
        "dvar2": 15604.6347656,
        "max": 1856.40075684,
        "mean": 44.4893951416,
        "median": 0.0476932898164,
        "min": 7.70941187511e-06,
        "stdev": 246.771057129,
        "var": 60895.953125
    },
    "loudness_ebu128": {
        "integrated": -22.7353553772,
        "loudness_range": 0,
        "momentary": {
            "dmean": 5.03410053253,
            "dmean2": 2.22791218758,
            "dvar": 17.1008033752,
            "dvar2": 12.5637187958,
            "max": -19.8067684174,
            "mean": -51.2468261719,
            "median": -53.1397323608,
            "min": -70.1477737427,
            "stdev": 13.9425945282,
            "var": 194.395935059
        },
        "short_term": {
            "dmean": 0,
            "dmean2": 0,
            "dvar": 0,
            "dvar2": 0,
            "max": -28.5533809662,
            "mean": -28.5533809662,
            "median": -28.5533809662,
            "min": -28.5533809662,
            "stdev": 0,
            "var": 0
        }
    },
    "melbands_crest": {
        "dmean": 4.06858062744,
        "dmean2": 7.12683486938,
        "dvar": 8.83877086639,
        "dvar2": 25.493768692,
        "max": 19.7349281311,
        "mean": 13.4404163361,
        "median": 13.2012310028,
        "min": 5.24710083008,
        "stdev": 3.38903236389,
        "var": 11.48554039
    },
    "melbands_flatness_db": {
        "dmean": 0.0265984516591,
        "dmean2": 0.0473957322538,
        "dvar": 0.000443807977717,
        "dvar2": 0.00107251363806,
        "max": 0.255950421095,
        "mean": 0.187507241964,
        "median": 0.196147471666,
        "min": 0.0324754007161,
        "stdev": 0.0436989329755,
        "var": 0.00190959661268
    },
    "melbands_kurtosis": {
        "dmean": 5.95413923264,
        "dmean2": 10.6693687439,
        "dvar": 16.8095569611,
        "dvar2": 42.0674972534,
        "max": 28.3104915619,
        "mean": 11.4354448318,
        "median": 10.208861351,
        "min": -0.681935071945,
        "stdev": 6.02046918869,
        "var": 36.2460479736
    },
    "melbands_skewness": {
        "dmean": 0.782288551331,
        "dmean2": 1.39870619774,
        "dvar": 0.292609035969,
        "dvar2": 0.788504779339,
        "max": 4.58373641968,
        "mean": 2.82432627678,
        "median": 2.82165956497,
        "min": 0.801756620407,
        "stdev": 0.742870509624,
        "var": 0.551856577396
    },
    "melbands_spread": {
        "dmean": 7.2200512886,
        "dmean2": 12.9017963409,
        "dvar": 294.884216309,
        "dvar2": 700.276184082,
        "max": 150.205963135,
        "mean": 17.4165306091,
        "median": 12.6746253967,
        "min": 6.50476932526,
        "stdev": 21.9018211365,
        "var": 479.689727783
    },
    "pitch_salience": {
        "dmean": 0.0708810761571,
        "dmean2": 0.113281726837,
        "dvar": 0.00288874283433,
        "dvar2": 0.00940706767142,
        "max": 0.830229759216,
        "mean": 0.704384446144,
        "median": 0.701011180878,
        "min": 0.458465784788,
        "stdev": 0.0670951753855,
        "var": 0.00450176279992
    },
    "silence_rate_20dB": {
        "dmean": 0.0169491525739,
        "dmean2": 0.0344827584922,
        "dvar": 0.0166618991643,
        "dvar2": 0.0332937464118,
        "max": 1,
        "mean": 0.966666638851,
        "median": 1,
        "min": 0,
        "stdev": 0.179505586624,
        "var": 0.0322222560644
    },
    "silence_rate_30dB": {
        "dmean": 0.0169491525739,
        "dmean2": 0.0344827584922,
        "dvar": 0.0166618973017,
        "dvar2": 0.0332937464118,
        "max": 1,
        "mean": 0.949999988079,
        "median": 1,
        "min": 0,
        "stdev": 0.217945069075,
        "var": 0.0475000552833
    },
    "silence_rate_60dB": {
        "dmean": 0.0169491525739,
        "dmean2": 0.0344827584922,
        "dvar": 0.016661895439,
        "dvar2": 0.0332937389612,
        "max": 1,
        "mean": 0.850000023842,
        "median": 1,
        "min": 0,
        "stdev": 0.357071459293,
        "var": 0.127500027418
    },
    "spectral_centroid": {
        "dmean": 231.08543396,
        "dmean2": 413.005889893,
        "dvar": 88059.2578125,
        "dvar2": 144675.15625,
        "max": 3727.54077148,
        "mean": 1088.0637207,
        "median": 969.766052246,
        "min": 662.724060059,
        "stdev": 528.182983398,
        "var": 278977.28125
    },
    "spectral_complexity": {
        "dmean": 1.61016952991,
        "dmean2": 1.93103444576,
        "dvar": 12.5090560913,
        "dvar2": 18.5124778748,
        "max": 57,
        "mean": 5.16666650772,
        "median": 0,
        "min": 0,
        "stdev": 11.7759151459,
        "var": 138.672180176
    },
    "spectral_decrease": {
        "dmean": 4.27455493224e-09,
        "dmean2": 2.76312395187e-09,
        "dvar": 4.75838651691e-16,
        "dvar2": 1.79793860362e-16,
        "max": -6.02869148938e-17,
        "mean": -6.78860834213e-09,
        "median": -1.55812585056e-11,
        "min": -2.51077068469e-07,
        "stdev": 3.42448558399e-08,
        "var": 1.17271023333e-15
    },
    "spectral_energy": {
        "dmean": 0.01898820512,
        "dmean2": 0.0124835260212,
        "dvar": 0.00963661912829,
        "dvar2": 0.00379757001065,
        "max": 1.11600339413,
        "mean": 0.0296570844948,
        "median": 6.31333095953e-05,
        "min": 9.26803189749e-10,
        "stdev": 0.151563793421,
        "var": 0.0229715835303
    },
    "spectral_energyband_high": {
        "dmean": 0.0023383628577,
        "dmean2": 0.00171141303144,
        "dvar": 0.000175397726707,
        "dvar2": 9.33160699788e-05,
        "max": 0.137962237,
        "mean": 0.00320351286791,
        "median": 6.5677272687e-07,
        "min": 4.65477378864e-10,
        "stdev": 0.0182840526104,
        "var": 0.000334306590958
    },
    "spectral_energyband_low": {
        "dmean": 0.000382192840334,
        "dmean2": 0.000354742602212,
        "dvar": 7.07193066773e-06,
        "dvar2": 5.88669900026e-06,
        "max": 0.0225354842842,
        "mean": 0.000409982661949,
        "median": 1.6621076071e-08,
        "min": 1.51474263688e-10,
        "stdev": 0.00289176451042,
        "var": 8.36230174173e-06
    },
    "spectral_energyband_middle_high": {
        "dmean": 0.0043627936393,
        "dmean2": 0.00318649993278,
        "dvar": 0.000573191558942,
        "dvar2": 0.000281069340417,
        "max": 0.255097746849,
        "mean": 0.00625636288896,
        "median": 1.75095665327e-05,
        "min": 1.01100100514e-10,
        "stdev": 0.0339782945812,
        "var": 0.00115452439059
    },
    "spectral_energyband_middle_low": {
        "dmean": 0.0120717473328,
        "dmean2": 0.00752488197759,
        "dvar": 0.00354906870052,
        "dvar2": 0.00120997277554,
        "max": 0.70757651329,
        "mean": 0.0199473369867,
        "median": 4.43665921921e-05,
        "min": 6.32458183047e-11,
        "stdev": 0.0976584032178,
        "var": 0.00953716319054
    },
    "spectral_entropy": {
        "dmean": 0.143006935716,
        "dmean2": 0.243284717202,
        "dvar": 0.0160016361624,
        "dvar2": 0.0281579438597,
        "max": 8.97222518921,
        "mean": 7.6447262764,
        "median": 7.59167051315,
        "min": 7.20726919174,
        "stdev": 0.327851206064,
        "var": 0.107486411929
    },
    "spectral_flux": {
        "dmean": 0.0185818281025,
        "dmean2": 0.00907992571592,
        "dvar": 0.00392144266516,
        "dvar2": 0.000547447532881,
        "max": 1.05641067028,
        "mean": 0.0546612404287,
        "median": 0.00505890883505,
        "min": 0.000130813758005,
        "stdev": 0.168761104345,
        "var": 0.028480309993
    },
    "spectral_kurtosis": {
        "dmean": 1.02657222748,
        "dmean2": 1.90854096413,
        "dvar": 1.05823385715,
        "dvar2": 3.1189866066,
        "max": 8.05816745758,
        "mean": 5.21620702744,
        "median": 5.4208688736,
        "min": 1.53576517105,
        "stdev": 1.66294395924,
        "var": 2.76538252831
    },
    "spectral_rms": {
        "dmean": 0.000598190468736,
        "dmean2": 0.000366555119399,
        "dvar": 4.3542804633e-06,
        "dvar2": 9.70816358858e-07,
        "max": 0.032996725291,
        "mean": 0.00178028421942,
        "median": 0.000248097989243,
        "min": 9.50893365825e-07,
        "stdev": 0.00507585797459,
        "var": 2.57643332588e-05
    },
    "spectral_rolloff": {
        "dmean": 599.645019531,
        "dmean2": 1051.78552246,
        "dvar": 3800874.5,
        "dvar2": 6540363,
        "max": 18432.421875,
        "mean": 1703.63500977,
        "median": 1012.06054688,
        "min": 452.197265625,
        "stdev": 3031.95874023,
        "var": 9192774
    },
    "spectral_skewness": {
        "dmean": 0.124411843717,
        "dmean2": 0.218864232302,
        "dvar": 0.013135207817,
        "dvar2": 0.0359271243215,
        "max": 2.08143830299,
        "mean": 1.6876565218,
        "median": 1.68400478363,
        "min": 1.17684042454,
        "stdev": 0.228636160493,
        "var": 0.0522744916379
    },
    "spectral_spread": {
        "dmean": 413478.03125,
        "dmean2": 418676.34375,
        "dvar": 969186410496,
        "dvar2": 467803570176,
        "max": 17021048,
        "mean": 4393384.5,
        "median": 3674630,
        "min": 2803310.75,
        "stdev": 2145633,
        "var": 4.60374094643e+12
    },
    "spectral_strongpeak": {
        "dmean": 0.100692465901,
        "dmean2": 0.120401859283,
        "dvar": 0.0346413627267,
        "dvar2": 0.0545260384679,
        "max": 2.44009375572,
        "mean": 0.239768072963,
        "median": 0.0381970144808,
        "min": 0,
        "stdev": 0.460070550442,
        "var": 0.211664915085
    },
    "zerocrossingrate": {
        "dmean": 0.0104773566127,
        "dmean2": 0.0135203395039,
        "dvar": 0.000264235044597,
        "dvar2": 0.000405970960855,
        "max": 0.1826171875,
        "mean": 0.0583333335817,
        "median": 0.04833984375,
        "min": 0.033203125,
        "stdev": 0.0274508558214,
        "var": 0.000753549451474
    },
    "barkbands": {
        "dmean": [0.000162273005117, 0.000249683769653, 1.53354230861e-05, 6.03829976171e-05, 0.00189762748778, 0.00657413853332, 0.00286959740333, 0.00113667629194, 0.000904084648937, 0.00128436263185, 0.000889266491868, 0.000153524742927, 6.95070557413e-05, 0.000297394668451, 0.000610079441685, 0.000427354854764, 0.000203153351322, 0.000253077334492, 0.00019040130428, 0.000189880593098, 0.000586266745813, 0.000295736652333, 0.000409335043514, 0.000193045110791, 0.000249348231591, 0.000317986385198, 0.000180781033123],
        "dmean2": [0.000147972241393, 0.000237246844335, 1.49106708704e-05, 6.04887354712e-05, 0.00255045294762, 0.00647479947656, 0.00528535759076, 0.00152321439236, 0.00157499930356, 0.000799758709036, 0.000846406503115, 0.000119246826216, 5.09091587446e-05, 0.000206382028409, 0.000597014266532, 0.000303489272483, 0.00010944542737, 0.000218840345042, 0.000114868940727, 0.000131924505695, 0.000454614986666, 0.000180037313839, 0.000284100999124, 9.92292916635e-05, 0.000156183843501, 0.000300595769659, 0.000178021786269],
        "dvar": [1.23224629078e-06, 3.15280612995e-06, 1.21441230405e-08, 2.0270151424e-07, 9.98836403596e-05, 0.00202738097869, 0.000290344556561, 2.23245042434e-05, 2.67095201707e-05, 3.87481995858e-05, 3.09882416332e-05, 7.11053189661e-07, 9.14215547709e-08, 2.49027539212e-06, 1.88250614883e-05, 5.46862474948e-06, 8.4727560079e-07, 2.16331295633e-06, 8.23760331059e-07, 1.02635510757e-06, 1.20005452118e-05, 2.1544979063e-06, 5.08298171553e-06, 8.54173720199e-07, 1.66737288509e-06, 5.06465676153e-06, 1.77565686954e-06],
        "dvar2": [9.87976704891e-07, 2.77192452813e-06, 1.10941007492e-08, 2.01151451051e-07, 0.000151627507876, 0.001881623175, 0.00059708399931, 5.04987292516e-05, 4.81212264276e-05, 1.20833083201e-05, 2.50046796282e-05, 4.6098631401e-07, 5.07457542653e-08, 9.69905613601e-07, 1.71453903022e-05, 2.37831886807e-06, 1.8444669081e-07, 1.72392321929e-06, 2.75109044878e-07, 6.24304277608e-07, 7.52076721255e-06, 8.33217086438e-07, 2.21800996769e-06, 3.59540507588e-07, 5.64544109238e-07, 4.69200222142e-06, 1.70672547029e-06],
        "max": [0.00957040674984, 0.0147195523605, 0.00090056413319, 0.00355550041422, 0.0818091034889, 0.375987231731, 0.157041221857, 0.0465463250875, 0.0521266460419, 0.0734515711665, 0.0519291050732, 0.00894533190876, 0.00403857696801, 0.0173281673342, 0.0357518792152, 0.024972256273, 0.0118998289108, 0.0149107696488, 0.011202538386, 0.0111945830286, 0.0345817394555, 0.0174473784864, 0.0241492837667, 0.0113896140829, 0.014711513184, 0.018761144951, 0.0106659913436],
        "mean": [0.000177260808414, 0.000262225716142, 1.60114796017e-05, 6.12518051639e-05, 0.00192468997557, 0.00733056757599, 0.00638154987246, 0.0017481718678, 0.00212522433139, 0.00197756197304, 0.00118210865185, 0.000237323780311, 0.000144316290971, 0.000432783621363, 0.000659663870465, 0.000590373703744, 0.000351592578227, 0.000367791741155, 0.000322143576341, 0.000295715377433, 0.000775562541094, 0.00046764590661, 0.000568530173041, 0.000329692382365, 0.000368763227016, 0.000345928739989, 0.000184545628144],
        "median": [7.75012942711e-09, 8.10783618022e-09, 3.5342426763e-09, 3.04888914116e-08, 4.68835241918e-06, 1.46214506458e-05, 1.39315397973e-05, 4.73981981486e-06, 2.73638715953e-06, 2.09863901546e-06, 3.80145911549e-06, 1.2588335494e-06, 3.91164178382e-07, 1.01732803159e-06, 1.51881204147e-06, 1.12085717774e-06, 3.62898362027e-07, 5.18540844041e-07, 3.71971168533e-07, 2.16227419969e-07, 3.44843073208e-07, 8.48091730177e-08, 5.64246143142e-08, 7.65400542946e-09, 5.28802557298e-09, 7.20412085542e-09, 9.62865343013e-09],
        "min": [1.20449997199e-10, 7.04754726799e-11, 1.39594915488e-11, 8.6055624432e-12, 1.035677967e-11, 3.00245006808e-12, 2.8661465562e-12, 1.33348228293e-11, 2.4713885452e-11, 3.1296306692e-12, 6.85456205685e-12, 1.28384334414e-11, 6.52210880789e-12, 4.32420549021e-12, 3.54972496709e-12, 1.25061896603e-11, 1.26320247665e-11, 1.36278150223e-11, 1.92705122692e-11, 1.35204148224e-11, 3.94832708195e-11, 2.71738499757e-11, 2.4718973396e-11, 4.83427464726e-11, 6.35629465728e-11, 1.34167912891e-10, 1.34769223559e-10],
        "stdev": [0.00122966454364, 0.00188635976519, 0.000115316201118, 0.000455002387753, 0.0107687534764, 0.0481487549841, 0.0276563782245, 0.0072134216316, 0.00927258003503, 0.0102508123964, 0.0067401016131, 0.00119162234478, 0.000630831171293, 0.00235718023032, 0.00457724183798, 0.00333603634499, 0.00170289736707, 0.00197507021949, 0.00156489596702, 0.00151186424773, 0.00453868042678, 0.00241474853829, 0.00322873448022, 0.00167029397562, 0.00200839852914, 0.00240437756293, 0.00136527838185],
        "var": [1.51207484578e-06, 3.5583530007e-06, 1.32978268397e-08, 2.07027170518e-07, 0.000115966045996, 0.0023183026351, 0.000764875265304, 5.20334542671e-05, 8.59807332745e-05, 0.000105079147033, 4.54289693153e-05, 1.41996395087e-06, 3.97947957254e-07, 5.55629912924e-06, 2.09511417779e-05, 1.11291392386e-05, 2.89985950985e-06, 3.90090281144e-06, 2.44889952228e-06, 2.2857334443e-06, 2.05996220757e-05, 5.83101063967e-06, 1.04247264971e-05, 2.7898818189e-06, 4.03366493629e-06, 5.78103117732e-06, 1.86398494861e-06]
    },
    "erbbands": {
        "dmean": [0.0123187741265, 0.0368527136743, 0.0273050814867, 0.113994374871, 0.783432066441, 6.77252101898, 30.1057090759, 62.6622276306, 52.2303581238, 42.3551635742, 22.7438774109, 22.745634079, 32.5361595154, 35.4858055115, 29.6379547119, 7.13634300232, 3.95987129211, 8.9515838623, 35.1866722107, 23.2956981659, 20.3738822937, 11.1366996765, 10.4365301132, 15.8090686798, 7.38792181015, 10.0458774567, 27.6312713623, 14.1662607193, 12.4361925125, 14.5322980881, 8.53884792328, 4.27932834625, 3.87511181831, 3.18416309357, 1.19521760941, 1.21869504452, 0.481735706329, 0.210177972913, 0.0280737429857, 0.00176292145625],
        "dmean2": [0.0112253809348, 0.0368074961007, 0.0268492028117, 0.114598222077, 0.931837439537, 9.22910881042, 35.913848877, 61.1177215576, 43.1170806885, 74.7126464844, 27.067401886, 34.3967323303, 22.8514862061, 25.4832324982, 25.1018753052, 5.33284091949, 1.91531515121, 5.69564533234, 32.386138916, 19.8961791992, 13.9650497437, 5.90361452103, 6.68482112885, 13.6912679672, 3.06159687042, 7.37342739105, 22.1223773956, 9.31259727478, 8.16085624695, 10.9814748764, 4.97907924652, 2.03712558746, 2.29703330994, 1.81259226799, 0.72412699461, 1.07729566097, 0.456922233105, 0.204697728157, 0.0276332106441, 0.00175159913488],
        "dvar": [0.00710959220305, 0.0756250098348, 0.0398035310209, 0.701156675816, 24.1117248535, 1221.39697266, 33551.7226562, 169998.28125, 61002.5898438, 38133.0273438, 8481.91601562, 13498.171875, 23040.0761719, 32425.0175781, 34341.7148438, 1487.99914551, 314.915618896, 1996.68737793, 57224.8828125, 21987.9453125, 11927.2451172, 2446.24560547, 2731.47753906, 9477.05175781, 977.637573242, 3137.86694336, 28086.5527344, 5513.84375, 4236.05859375, 7095.11962891, 1820.71911621, 407.406097412, 382.291381836, 257.767700195, 36.2128601074, 65.4057540894, 11.7043495178, 2.34799075127, 0.0427814610302, 0.000171825158759],
        "dvar2": [0.00566363800317, 0.0741518214345, 0.03775081411, 0.696629047394, 27.6580734253, 1955.01818848, 42253.5585938, 139776.453125, 40860.2109375, 105695.703125, 16876.7441406, 20651.0820312, 13514.8359375, 13836.9863281, 28855.5625, 823.506530762, 106.179084778, 1111.9041748, 46614.6992188, 16023.1464844, 4700.02197266, 510.954345703, 1354.76025391, 7863.03076172, 188.031646729, 2135.98364258, 19096.9101562, 2214.3046875, 1743.01379395, 4179.01953125, 533.967773438, 153.690322876, 117.643638611, 79.2019882202, 11.4308862686, 54.5149421692, 10.7617607117, 2.22180151939, 0.0411662273109, 0.000168093203683],
        "max": [0.726324915886, 2.17222738266, 1.60592579842, 6.70398759842, 41.9209632874, 281.827575684, 1467.61206055, 3563.05664062, 3012.55395508, 1607.57165527, 994.447875977, 1289.02453613, 1881.30090332, 2023.83654785, 1739.06713867, 415.968353271, 231.082702637, 521.448913574, 2064.61572266, 1369.26940918, 1190.38891602, 650.908630371, 614.901245117, 926.717529297, 435.265960693, 592.093322754, 1629.40808105, 835.764953613, 733.666748047, 857.327697754, 503.781860352, 252.47668457, 228.630966187, 187.865249634, 70.5174713135, 71.9027709961, 28.4222106934, 12.4004564285, 1.65633320808, 0.104007586837],
        "mean": [0.0134009830654, 0.036997191608, 0.0280788820237, 0.118955515325, 0.896836042404, 6.68712902069, 30.3115615845, 71.0378341675, 98.9969940186, 57.93775177, 39.5159568787, 49.0650253296, 59.3971939087, 53.0109519958, 39.5249443054, 10.9098405838, 7.40495634079, 14.9871082306, 39.5278053284, 28.7354946136, 28.7743835449, 19.7192821503, 17.1764431, 21.1011981964, 14.2693243027, 14.9484081268, 35.7266769409, 20.9820156097, 18.4199333191, 19.4746608734, 13.1693067551, 7.37346506119, 5.92448568344, 4.86262369156, 1.82976210117, 1.43085086346, 0.518841564655, 0.217651113868, 0.0286984704435, 0.00178604968823],
        "median": [1.92723803139e-07, 2.20935021389e-06, 6.85704799253e-06, 6.7793247581e-05, 0.000984389567748, 0.0163898579776, 0.0643466264009, 0.148535341024, 0.241632327437, 0.147245213389, 0.0875939801335, 0.0730608701706, 0.0851377621293, 0.0981567576528, 0.138204067945, 0.0482587665319, 0.0174090173095, 0.0412993021309, 0.0790459662676, 0.0658408477902, 0.0526525378227, 0.0240437351167, 0.0301974117756, 0.0261649563909, 0.013721274212, 0.0118283107877, 0.0163018573076, 0.00885096006095, 0.00374178728089, 0.00257674045861, 0.00114527205005, 0.000252514670137, 0.000107698026113, 6.36220138404e-05, 4.44901161245e-05, 2.63591718976e-05, 1.59309092851e-05, 5.49349351786e-06, 1.42332112318e-06, 2.40866143031e-07],
        "min": [4.01611632839e-09, 1.13100613319e-08, 1.74329368718e-08, 2.34735182403e-08, 3.889796929e-08, 3.16500141651e-08, 1.19415854982e-08, 3.17206954037e-08, 3.32652483337e-08, 1.10596346303e-07, 4.30092768511e-07, 6.18802346253e-07, 1.08520985975e-07, 1.8751444486e-07, 3.24978088884e-07, 5.29929991444e-07, 3.42503852835e-07, 2.1944032369e-07, 1.81660340104e-07, 2.35173502006e-07, 7.77349271175e-07, 7.50215576772e-07, 9.68693257164e-07, 6.91154070864e-07, 9.22640879253e-07, 7.88885699876e-07, 1.80271513273e-06, 1.09519669422e-06, 1.23366271509e-06, 4.87256329507e-07, 6.9549980708e-07, 1.12159318633e-06, 7.5734993743e-07, 6.88568547957e-07, 4.24626904305e-07, 4.76870070543e-07, 2.43958993451e-07, 6.75324756116e-08, 1.78950116947e-08, 2.50071163777e-09],
        "stdev": [0.093325138092, 0.27803388238, 0.205563038588, 0.857911527157, 5.42183589935, 37.272102356, 189.062393188, 457.31149292, 458.196746826, 245.934829712, 159.584945679, 216.084503174, 283.351989746, 273.823150635, 226.008422852, 55.5538406372, 33.7686309814, 75.2398071289, 265.119445801, 177.117630005, 160.246734619, 93.792175293, 84.6962127686, 120.813056946, 65.3449020386, 79.0209121704, 212.732040405, 113.277923584, 99.5069122314, 113.021263123, 69.8168182373, 37.0173835754, 31.566242218, 26.1264419556, 9.70809745789, 9.26430225372, 3.64181900024, 1.58755505085, 0.212014183402, 0.0133118759841],
        "var": [0.00870958156884, 0.0773028433323, 0.0422561652958, 0.736012220383, 29.3963031769, 1389.20959473, 35744.5898438, 209133.8125, 209944.25, 60483.9375, 25467.3535156, 46692.515625, 80288.3515625, 74979.1171875, 51079.8085938, 3086.22924805, 1140.32055664, 5661.02880859, 70288.328125, 31370.65625, 25679.0136719, 8796.97265625, 7173.44873047, 14595.7939453, 4269.95654297, 6244.3046875, 45254.921875, 12831.8876953, 9901.625, 12773.8056641, 4874.38769531, 1370.28662109, 996.42767334, 682.591003418, 94.2471542358, 85.827293396, 13.262845993, 2.52033090591, 0.0449500121176, 0.000177206035005]
    },
    "gfcc": {
        "mean": [-308.25100708, 54.36693573, -154.357269287, -25.9183044434, -88.3802337646, -36.6916885376, -47.6562767029, -11.7207164764, -19.1962814331, 5.77369689941, -10.6743249893, 11.4890632629, 3.38735103607],
        "cov": [[43123.6171875, 3127.5456543, -2095.93701172, 1263.86340332, -2670.25292969, 431.307678223, -602.533935547, 400.151123047, 203.676452637, 4.04512071609, 32.973575592, 31.4533977509, 150.728713989], [3127.5456543, 1521.43640137, -753.986999512, 182.101837158, -201.123031616, -222.828323364, 47.2446899414, -259.319213867, 85.9463729858, -45.5900192261, -1.71067214012, 15.2212934494, 63.4084091187], [-2095.93701172, -753.986999512, 602.444213867, 20.432674408, 284.160247803, 194.278793335, 90.3361434937, 167.4322052, 9.32217311859, 39.5674629211, -1.72283780575, -0.782671391964, -40.6029853821], [1263.86340332, 182.101837158, 20.432674408, 217.269668579, 17.4246349335, 109.832183838, 91.8205184937, 46.8034706116, 62.9642486572, 3.11690711975, 8.94051361084, -15.2651453018, -16.390871048], [-2670.25292969, -201.123031616, 284.160247803, 17.4246349335, 321.99810791, 47.8850402832, 138.217956543, 1.40762794018, 32.7328720093, 15.0244035721, -12.0624980927, 10.1432085037, -10.0298538208], [431.307678223, -222.828323364, 194.278793335, 109.832183838, 47.8850402832, 173.272140503, 50.9178123474, 123.562088013, 26.2455558777, 16.106590271, 10.574678421, -16.9802284241, -18.9542140961], [-602.533935547, 47.2446899414, 90.3361434937, 91.8205184937, 138.217956543, 50.9178123474, 134.177307129, 17.7327861786, 50.604675293, 13.9707202911, -6.43206596375, 3.77884483337, -12.6125507355], [400.151123047, -259.319213867, 167.4322052, 46.8034706116, 1.40762794018, 123.562088013, 17.7327861786, 129.488250732, 17.2757091522, 23.8598766327, 3.12008023262, -11.9570789337, -21.9452838898], [203.676452637, 85.9463729858, 9.32217311859, 62.9642486572, 32.7328720093, 26.2455558777, 50.604675293, 17.2757091522, 54.7701187134, 21.4069404602, 11.7930250168, 3.34569644928, 0.465864539146], [4.04512071609, -45.5900192261, 39.5674629211, 3.11690711975, 15.0244035721, 16.106590271, 13.9707202911, 23.8598766327, 21.4069404602, 31.8848838806, 11.8996706009, 6.22448062897, -4.20901632309], [32.973575592, -1.71067214012, -1.72283780575, 8.94051361084, -12.0624980927, 10.574678421, -6.43206596375, 3.12008023262, 11.7930250168, 11.8996706009, 31.8988552094, 4.98248052597, 4.31874847412], [31.4533977509, 15.2212934494, -0.782671391964, -15.2651453018, 10.1432085037, -16.9802284241, 3.77884483337, -11.9570789337, 3.34569644928, 6.22448062897, 4.98248052597, 25.7268028259, 10.2667207718], [150.728713989, 63.4084091187, -40.6029853821, -16.390871048, -10.0298538208, -18.9542140961, -12.6125507355, -21.9452838898, 0.465864539146, -4.20901632309, 4.31874847412, 10.2667207718, 26.5496559143]],
        "icov": [[0.000182266827323, -0.000234729071963, -0.000512278988026, -0.000844711146783, 0.00208196882159, -0.00122012663633, 0.000390357599827, 0.000971480156295, -0.000476063229144, -0.00118296162691, 0.00215579220094, -0.00158618658315, -0.000791695958469], [-0.000234729071963, 0.00548315420747, 0.00613200850785, -0.00491693429649, -0.00374934333377, 0.00443011103198, -0.0011245238129, 0.00120172207244, -0.00281380861998, 0.00117818638682, -7.01943572494e-05, 0.000847286602948, -0.00329516758211], [-0.000512278988026, 0.00613200850785, 0.0198338162154, -0.00696185510606, -0.0221866201609, 0.00782923866063, 0.00593155948445, -0.0182823389769, 0.00830636918545, 8.61914813868e-05, -0.00703101884574, -0.00214151805267, 0.00105122791138], [-0.000844711146783, -0.00491693429649, -0.00696185510606, 0.0356446504593, 0.00402137124911, -0.0237528122962, -0.0117318332195, 0.0171442981809, -0.0209594834596, 0.0192187894136, -0.00813614483923, 0.0078825186938, 0.0227469913661], [0.00208196882159, -0.00374934333377, -0.0221866201609, 0.00402137124911, 0.0520150996745, -0.0283256936818, -0.0151690859348, 0.0433377884328, -0.0219557806849, -0.0100853238255, 0.0320691987872, -0.0133578637615, -0.00753411976621], [-0.00122012663633, 0.00443011103198, 0.00782923866063, -0.0237528122962, -0.0283256936818, 0.0685778856277, -0.00198848731816, -0.0601048544049, 0.0314746461809, 0.00824999064207, -0.0348152033985, 0.0228950213641, -0.021146601066], [0.000390357599827, -0.0011245238129, 0.00593155948445, -0.0117318332195, -0.0151690859348, -0.00198848731816, 0.0366173200309, -0.00798621308059, -0.00853680167347, -0.00448866467923, 0.012140262872, -0.014814754948, 0.00913408119231], [0.000971480156295, 0.00120172207244, -0.0182823389769, 0.0171442981809, 0.0433377884328, -0.0601048544049, -0.00798621308059, 0.0917242988944, -0.0432019121945, -0.0144158732146, 0.0398071371019, -0.0100707281381, 0.0156163899228], [-0.000476063229144, -0.00281380861998, 0.00830636918545, -0.0209594834596, -0.0219557806849, 0.0314746461809, -0.00853680167347, -0.0432019121945, 0.0854593291879, -0.0346512198448, -0.0269825290889, 0.0127103617415, -0.0239217188209], [-0.00118296162691, 0.00117818638682, 8.61914813868e-05, 0.0192187894136, -0.0100853238255, 0.00824999064207, -0.00448866467923, -0.0144158732146, -0.0346512198448, 0.0833797976375, -0.0311290044338, -0.00379488314502, 0.0242882445455], [0.00215579220094, -7.01943572494e-05, -0.00703101884574, -0.00813614483923, 0.0320691987872, -0.0348152033985, 0.012140262872, 0.0398071371019, -0.0269825290889, -0.0311290044338, 0.0803211629391, -0.0275472644717, -0.00879083946347], [-0.00158618658315, 0.000847286602948, -0.00214151805267, 0.0078825186938, -0.0133578637615, 0.0228950213641, -0.014814754948, -0.0100707281381, 0.0127103617415, -0.00379488314502, -0.0275472644717, 0.0758377537131, -0.0211602877825], [-0.000791695958469, -0.00329516758211, 0.00105122791138, 0.0227469913661, -0.00753411976621, -0.021146601066, 0.00913408119231, 0.0156163899228, -0.0239217188209, 0.0242882445455, -0.00879083946347, -0.0211602877825, 0.0788677483797]]
    },
    "melbands": {
        "dmean": [9.67743981164e-05, 2.50091052294e-05, 3.32728523063e-05, 0.000224404779146, 0.000916480552405, 0.00136525230482, 0.000741797033697, 0.000424990837928, 0.000159995979629, 0.000132258472149, 0.000167709164089, 0.000150549400132, 0.000120544704259, 2.47828338615e-05, 8.42445479066e-06, 8.71740121511e-06, 1.73996359081e-05, 5.68139730603e-05, 4.05564132961e-05, 3.18954262184e-05, 2.08378787647e-05, 1.3421598851e-05, 5.8566683947e-06, 1.36269263749e-05, 1.34100300784e-05, 4.84711654281e-06, 5.17460921401e-06, 6.50973106531e-06, 1.47978753375e-05, 1.69507820829e-05, 6.0330148699e-06, 7.4068630056e-06, 4.95406038681e-06, 9.89716681943e-06, 5.19526702192e-06, 3.02845569422e-06, 2.40109056904e-06, 2.09522750083e-06, 4.35811989519e-06, 1.89737852452e-06],
        "dmean2": [8.93905744306e-05, 2.49191762123e-05, 3.38001118507e-05, 0.000303522247123, 0.00110441516154, 0.00130321853794, 0.000725526420865, 0.000750487146433, 0.00018773584452, 0.000246647192398, 0.000117410898383, 0.000103564554593, 0.000105092047306, 2.7203337595e-05, 6.24293579676e-06, 6.6926800173e-06, 1.13681389848e-05, 5.13930172019e-05, 3.85895327781e-05, 2.58015134023e-05, 1.25561464301e-05, 8.01677833806e-06, 5.70649854126e-06, 1.04063446997e-05, 1.28614947243e-05, 2.62230560111e-06, 2.69304223366e-06, 5.63683443033e-06, 1.11427934826e-05, 1.45670401253e-05, 2.82329529e-06, 4.89943522552e-06, 2.94368646792e-06, 7.83021550887e-06, 2.9193906812e-06, 1.57063618644e-06, 1.66915197042e-06, 1.06910692921e-06, 3.13747023029e-06, 1.15262218969e-06],
        "dvar": [4.4971758939e-07, 3.45552848557e-08, 5.54138281927e-08, 1.37508891385e-06, 3.01253476209e-05, 7.99128247309e-05, 1.32412260427e-05, 3.73821694666e-06, 4.3932857352e-07, 5.95262520164e-07, 6.17486421106e-07, 5.6054847164e-07, 5.66387541312e-07, 2.26389538227e-08, 1.41552281008e-09, 1.69236846759e-09, 7.54467777142e-09, 1.44238413213e-07, 7.77648807571e-08, 3.7274674014e-08, 1.12303615296e-08, 4.11945721979e-09, 5.95887283961e-10, 6.14047745984e-09, 7.34149141479e-09, 3.73678560317e-10, 5.41883926619e-10, 1.43036560374e-09, 7.33424299071e-09, 1.19454419689e-08, 7.92444443398e-10, 1.51602430609e-09, 5.83430026513e-10, 3.57965235231e-09, 6.69819866239e-10, 1.96456781398e-10, 1.36020417152e-10, 1.00278473025e-10, 6.0625193754e-10, 8.27579046958e-11],
        "dvar2": [3.70265524907e-07, 3.36612586693e-08, 5.4424784679e-08, 2.14476472138e-06, 3.82261059713e-05, 6.46351327305e-05, 1.27332205011e-05, 1.04737027868e-05, 7.67439757965e-07, 1.13236194466e-06, 3.60561159596e-07, 2.11339383327e-07, 4.46550956212e-07, 2.17491145094e-08, 5.77752290454e-10, 1.11078057863e-09, 4.29946966918e-09, 1.12758947068e-07, 6.60723316059e-08, 2.48745966047e-08, 3.84066911607e-09, 1.22239118827e-09, 4.66477523275e-10, 3.58795460009e-09, 6.65761312746e-09, 9.80424699759e-11, 1.23044574529e-10, 1.14982667831e-09, 4.10872846857e-09, 1.00578017026e-08, 2.01976990688e-10, 6.41914299493e-10, 2.22254131765e-10, 2.18935247709e-09, 1.97022356763e-10, 4.38560542049e-11, 8.1335070623e-11, 2.75694259089e-11, 2.88942286764e-10, 3.89859984573e-11],
        "max": [0.00570600666106, 0.00147328595631, 0.00194656359963, 0.009601585567, 0.0443669222295, 0.0781156942248, 0.0428662002087, 0.0157007835805, 0.00767575204372, 0.00753069017082, 0.0096925618127, 0.0085725421086, 0.00706518115476, 0.00145245925523, 0.000486482371343, 0.000511005753651, 0.00101174728479, 0.00332778971642, 0.00237228744663, 0.00187520391773, 0.00121459085494, 0.000786623102613, 0.000342862243997, 0.000802363734692, 0.000785157550126, 0.000285536312731, 0.000304839428281, 0.00038361424231, 0.00087266479386, 0.0009997531306, 0.000355873809895, 0.00043693286716, 0.00029227687628, 0.000583843444474, 0.000306502974126, 0.000178670918103, 0.000141663826071, 0.000123617908685, 0.000257128413068, 0.000111944820674],
        "mean": [0.000104113954876, 2.52249137702e-05, 3.66492131434e-05, 0.000228121018154, 0.000932766241021, 0.00157540047076, 0.00147840776481, 0.000561252876651, 0.000318815204082, 0.000306701927911, 0.000303730921587, 0.000226732081501, 0.000159001749125, 3.63753279089e-05, 1.60151048476e-05, 1.68206643139e-05, 2.91180967906e-05, 6.45779873594e-05, 4.54037399322e-05, 4.12724839407e-05, 3.11652001983e-05, 2.209095328e-05, 1.37050283229e-05, 1.8765040295e-05, 1.73342668859e-05, 1.05906792669e-05, 9.23309653444e-06, 9.4711622296e-06, 1.98428551812e-05, 2.10554771911e-05, 1.02217509266e-05, 1.09218190119e-05, 8.02298472991e-06, 1.25173773995e-05, 8.04913361208e-06, 5.13202849106e-06, 4.24955487688e-06, 3.44499972016e-06, 5.88618377151e-06, 3.29526869791e-06],
        "median": [1.91210536293e-09, 2.81813727909e-09, 2.63791282151e-08, 5.00538192227e-07, 2.48291553362e-06, 3.1880131246e-06, 3.87482668884e-06, 1.56822375175e-06, 5.83861094583e-07, 4.07156505844e-07, 4.21022832597e-07, 3.07143523059e-07, 5.40026178442e-07, 2.0801515177e-07, 4.40189644735e-08, 4.28459863144e-08, 7.12819456794e-08, 1.32158959332e-07, 1.25188677202e-07, 8.72927614637e-08, 5.36432693821e-08, 2.30667325241e-08, 2.64939146177e-08, 2.32044534698e-08, 2.23954472744e-08, 1.00430055383e-08, 8.75197159189e-09, 8.28352852977e-09, 8.71741612229e-09, 9.23803611386e-09, 3.51080431393e-09, 2.2959709689e-09, 1.03049324629e-09, 1.56371160465e-09, 6.92982560224e-10, 2.68362970735e-10, 1.1732644023e-10, 7.09934888654e-11, 7.51267381638e-11, 4.63799589012e-11],
        "min": [3.43802902814e-11, 1.06646549231e-11, 4.5618266109e-12, 2.67558349608e-12, 5.51914254316e-13, 6.71804951079e-13, 5.25114728176e-13, 1.46430090275e-12, 4.12443603576e-12, 3.52815129542e-12, 4.06267792845e-13, 7.14391870313e-13, 1.00261400744e-12, 1.19554897666e-12, 1.509590738e-12, 4.10580640667e-13, 4.2245739784e-13, 2.91837002698e-13, 2.67974390507e-13, 4.69400126407e-13, 9.44684326425e-13, 4.87719782095e-13, 1.50389650819e-12, 3.79458590201e-13, 5.60334168388e-13, 7.91907067265e-13, 4.70891880176e-13, 5.09859244668e-13, 8.51933378444e-13, 1.29738765304e-12, 4.30529960641e-13, 9.43561526655e-13, 1.83052954305e-13, 3.37717104715e-13, 3.26902730146e-13, 5.74993232281e-13, 7.4346551051e-13, 4.91518447037e-13, 6.1413401491e-13, 5.84716303154e-13],
        "stdev": [0.000732426939066, 0.000188568330486, 0.000249402160989, 0.0012691518059, 0.00572442309931, 0.0100355604663, 0.00671059032902, 0.00239169225097, 0.00129479554016, 0.00134337297641, 0.00145655625965, 0.0011688930681, 0.000917163561098, 0.000191215920495, 7.03344121575e-05, 7.74123400333e-05, 0.00014652016398, 0.000427924300311, 0.000304227316519, 0.000244676746661, 0.000168091108208, 0.000109767141112, 5.70502525079e-05, 0.000105846047518, 0.000101809251646, 4.60430019302e-05, 4.37227681687e-05, 5.08468510816e-05, 0.000115031230962, 0.000129376989207, 5.16715554113e-05, 5.91831958445e-05, 4.07434999943e-05, 7.62846611906e-05, 4.27623963333e-05, 2.54906699411e-05, 2.13139846892e-05, 1.76061967068e-05, 3.41380400641e-05, 1.66666395671e-05],
        "var": [5.36449249466e-07, 3.55580169753e-08, 6.22014368901e-08, 1.61074626703e-06, 3.27690177073e-05, 0.000100712481071, 4.50320221717e-05, 5.72019234824e-06, 1.6764955717e-06, 1.80465087851e-06, 2.12155600821e-06, 1.36631103942e-06, 8.41188978029e-07, 3.6563527317e-08, 4.94692908859e-09, 5.99267080403e-09, 2.14681570299e-08, 1.83119198027e-07, 9.25542664731e-08, 5.98667142526e-08, 2.8254619977e-08, 1.20488250488e-08, 3.25473115126e-09, 1.12033857746e-08, 1.03651229821e-08, 2.11995798693e-09, 1.91168036956e-09, 2.58540211462e-09, 1.32321842372e-08, 1.67384044403e-08, 2.66994981679e-09, 3.50265083604e-09, 1.66003288893e-09, 5.81934944677e-09, 1.82862247566e-09, 6.49774234418e-10, 4.54285914442e-10, 3.09978154256e-10, 1.16540588291e-09, 2.77776857072e-10]
    },
    "melbands128": {
