{
"lowlevel": {
    "average_loudness": 0.665341198444,
    "barkbands_crest": {
        "dmean": 0.989852309227,
        "dmean2": 1.6568646431,
        "dvar": 0.665656030178,
        "dvar2": 2.01640701294,
        "max": 10.3697347641,
        "mean": 7.8074798584,
        "median": 7.92119598389,
        "min": 3.84499120712,
        "stdev": 1.13102436066,
        "var": 1.2792160511
    },
    "barkbands_flatness_db": {
        "dmean": 0.00847283937037,
        "dmean2": 0.0140172755346,
        "dvar": 5.94234697928e-05,
        "dvar2": 0.000143356781336,
        "max": 0.116257555783,
        "mean": 0.0806411653757,
        "median": 0.0820201858878,
        "min": 0.0342082493007,
        "stdev": 0.0112767070532,
        "var": 0.000127164123114
    },
    "barkbands_kurtosis": {
        "dmean": 0.348437607288,
        "dmean2": 0.522054433823,
        "dvar": 0.367667764425,
        "dvar2": 0.701419174671,
        "max": 3.96741056442,
        "mean": -1.04430830479,
        "median": -1.45457470417,
        "min": -1.76830506325,
        "stdev": 1.16034591198,
        "var": 1.3464025259
    },
    "barkbands_skewness": {
        "dmean": 0.193988665938,
        "dmean2": 0.300972044468,
        "dvar": 0.0503575652838,
        "dvar2": 0.119083702564,
        "max": 1.97861111164,
        "mean": -0.361663281918,
        "median": -0.529095351696,
        "min": -1.08970212936,
        "stdev": 0.602420270443,
        "var": 0.362910151482
    },
    "barkbands_spread": {
        "dmean": 6.73073291779,
        "dmean2": 10.3751182556,
        "dvar": 59.5877113342,
        "dvar2": 102.360626221,
        "max": 125.854499817,
        "mean": 103.864768982,
        "median": 116.047431946,
        "min": 9.77896595001,
        "stdev": 29.5581703186,
        "var": 873.685424805
    },
    "dissonance": {
        "dmean": 0.00419764686376,
        "dmean2": 0.00698787393048,
        "dvar": 3.26953631884e-05,
        "dvar2": 5.92290343775e-05,
        "max": 0.499574929476,
        "mean": 0.492175221443,
        "median": 0.495490789413,
        "min": 0.448832273483,
        "stdev": 0.00967736542225,
        "var": 9.36513970373e-05
    },
    "dynamic_complexity": 26.0419425964,
    "erbbands_crest": {
        "dmean": 0.939808964729,
        "dmean2": 1.38360095024,
        "dvar": 1.42209947109,
        "dvar2": 3.46071910858,
        "max": 13.9746789932,
        "mean": 4.87043476105,
        "median": 3.57866048813,
        "min": 2.68847513199,
        "stdev": 3.01079440117,
        "var": 9.06488323212
    },
    "erbbands_flatness_db": {
        "dmean": 0.00909610278904,
        "dmean2": 0.0134711740538,
        "dvar": 0.000115312970593,
        "dvar2": 0.000131569540827,
        "max": 0.230483829975,
        "mean": 0.0967973098159,
        "median": 0.0938616991043,
        "min": 0.055152900517,
        "stdev": 0.0281558353454,
        "var": 0.000792751030531
    },
    "erbbands_kurtosis": {
        "dmean": 0.434669643641,
        "dmean2": 0.689319550991,
        "dvar": 0.202198088169,
        "dvar2": 0.440275251865,
        "max": 2.74625492096,
        "mean": 0.142187520862,
        "median": 0.0212137699127,
        "min": -1.33588337898,
        "stdev": 0.737330496311,
        "var": 0.543656289577
    },
    "erbbands_skewness": {
        "dmean": 0.191848814487,
        "dmean2": 0.29679697752,
        "dvar": 0.0684280842543,
        "dvar2": 0.192559316754,
        "max": 0.834529697895,
        "mean": -0.492368012667,
        "median": -0.590868294239,
        "min": -1.42042791843,
        "stdev": 0.394164443016,
        "var": 0.155365601182
    },
    "erbbands_spread": {
        "dmean": 4.94345331192,
        "dmean2": 7.70621824265,
        "dvar": 32.0201225281,
        "dvar2": 52.3482894897,
        "max": 96.165435791,
        "mean": 40.2216911316,
        "median": 36.301109314,
        "min": 10.9109249115,
        "stdev": 16.1932258606,
        "var": 262.220581055
    },
    "hfc": {
        "dmean": 212.267120361,
        "dmean2": 308.193695068,
        "dvar": 1353255.75,
        "dvar2": 3204267,
        "max": 10400.1933594,
        "mean": 193.589126587,
        "median": 0.44571352005,
        "min": 0.00158668437507,
        "stdev": 1182.59204102,
        "var": 1398524
    },
    "loudness_ebu128": {
        "integrated": -27.9412975311,
        "loudness_range": 0,
        "momentary": {
            "dmean": 3.14016270638,
            "dmean2": 1.466817379,
            "dvar": 55.227897644,
            "dvar2": 12.7420005798,
            "max": -27.9412975311,
            "mean": -81.5770111084,
            "median": -86.862411499,
            "min": -87.3495254517,
            "stdev": 14.3874044418,
            "var": 206.997406006
        },
        "short_term": {
            "dmean": 0,
            "dmean2": 0,
            "dvar": 0,
            "dvar2": 0,
            "max": -36.69190979,
            "mean": -36.69190979,
            "median": -36.69190979,
            "min": -36.69190979,
            "stdev": 0,
            "var": 0
        }
    },
    "melbands_crest": {
        "dmean": 2.31423830986,
        "dmean2": 3.91506791115,
        "dvar": 2.91742277145,
        "dvar2": 8.8067073822,
        "max": 20.5739803314,
        "mean": 13.3397436142,
        "median": 13.0619153976,
        "min": 6.50502967834,
        "stdev": 2.60992240906,
        "var": 6.81169462204
    },
    "melbands_flatness_db": {
        "dmean": 0.010092520155,
        "dmean2": 0.0160525254905,
        "dvar": 0.000184827775229,
        "dvar2": 0.00044266457553,
        "max": 0.182720243931,
        "mean": 0.048464525491,
        "median": 0.0294682905078,
        "min": 0.0175219792873,
        "stdev": 0.0417568534613,
        "var": 0.00174363481347
    },
    "melbands_kurtosis": {
        "dmean": 1.06599056721,
        "dmean2": 1.64956843853,
        "dvar": 4.7688794136,
        "dvar2": 10.4503154755,
        "max": 23.7429161072,
        "mean": 0.984149217606,
        "median": -1.1744197607,
        "min": -1.40389227867,
        "stdev": 5.63492059708,
        "var": 31.75233078
    },
    "melbands_skewness": {
        "dmean": 0.301131337881,
        "dmean2": 0.488436162472,
        "dvar": 0.196940168738,
        "dvar2": 0.463511437178,
        "max": 4.29102325439,
        "mean": 0.82612735033,
        "median": 0.477656215429,
        "min": -0.887616634369,
        "stdev": 1.05651700497,
        "var": 1.11622822285
    },
    "melbands_spread": {
        "dmean": 11.4816541672,
        "dmean2": 18.3738098145,
        "dvar": 112.817329407,
        "dvar2": 218.13432312,
        "max": 189.157241821,
        "mean": 144.216384888,
        "median": 168.288131714,
        "min": 16.3071880341,
        "stdev": 52.4304962158,
        "var": 2748.95703125
    },
    "pitch_salience": {
        "dmean": 0.0308151654899,
        "dmean2": 0.0490171089768,
        "dvar": 0.00106079643592,
        "dvar2": 0.00210638716817,
        "max": 0.850487291813,
        "mean": 0.604045152664,
        "median": 0.590138494968,
        "min": 0.464148968458,
        "stdev": 0.0618354491889,
        "var": 0.00382362259552
    },
    "silence_rate_20dB": {
        "dmean": 0.0204081628472,
        "dmean2": 0.0412371121347,
        "dvar": 0.0199916940182,
        "dvar2": 0.0395365208387,
        "max": 1,
        "mean": 0.95959597826,
        "median": 1,
        "min": 0,
        "stdev": 0.196904867887,
        "var": 0.0387715250254
    },
    "silence_rate_30dB": {
        "dmean": 0.0204081628472,
        "dmean2": 0.0412371121347,
        "dvar": 0.0199916940182,
        "dvar2": 0.039536524564,
        "max": 1,
        "mean": 0.949494957924,
        "median": 1,
        "min": 0,
        "stdev": 0.218984350562,
        "var": 0.0479541458189
    },
    "silence_rate_60dB": {
        "dmean": 0.0204081628472,
        "dmean2": 0.0412371121347,
        "dvar": 0.0199916940182,
        "dvar2": 0.039536524564,
        "max": 1,
        "mean": 0.919191896915,
        "median": 1,
        "min": 0,
        "stdev": 0.272539913654,
        "var": 0.0742780044675
    },
    "spectral_centroid": {
        "dmean": 146.125091553,
        "dmean2": 220.335617065,
        "dvar": 23963.1230469,
        "dvar2": 34272.4570312,
        "max": 4012.88793945,
        "mean": 3447.30151367,
        "median": 3765.80883789,
        "min": 994.417724609,
        "stdev": 771.875305176,
        "var": 595791.5
    },
    "spectral_complexity": {
        "dmean": 1.16326534748,
        "dmean2": 1.42268037796,
        "dvar": 29.0754585266,
        "dvar2": 38.4501342773,
        "max": 57,
        "mean": 3.92929291725,
        "median": 0,
        "min": 0,
        "stdev": 13.095035553,
        "var": 171.479949951
    },
    "spectral_decrease": {
        "dmean": 9.59621981877e-09,
        "dmean2": 1.25087016301e-08,
        "dvar": 2.52958724049e-15,
        "dvar2": 5.43336695555e-15,
        "max": -9.74287026788e-15,
        "mean": -1.02290123039e-08,
        "median": -4.33951702697e-12,
        "min": -4.7019418048e-07,
        "stdev": 5.7527799413e-08,
        "var": 3.30944772217e-15
    },
    "spectral_energy": {
        "dmean": 0.0554702430964,
        "dmean2": 0.0751619488001,
        "dvar": 0.0868534296751,
        "dvar2": 0.193639501929,
        "max": 2.71794986725,
        "mean": 0.0561657473445,
        "median": 5.64538750041e-05,
        "min": 1.80688999762e-07,
        "stdev": 0.323792427778,
        "var": 0.104841537774
    },
    "spectral_energyband_high": {
        "dmean": 0.0153651954606,
        "dmean2": 0.0212030615658,
        "dvar": 0.00683239288628,
        "dvar2": 0.0152059243992,
        "max": 0.752832889557,
        "mean": 0.0143568646163,
        "median": 2.91963915515e-05,
        "min": 1.128548206e-07,
        "stdev": 0.0870557501912,
        "var": 0.0075787040405
    },
    "spectral_energyband_low": {
        "dmean": 0.00241276039742,
        "dmean2": 0.00369393615983,
        "dvar": 0.000181973184226,
        "dvar2": 0.000368867942598,
        "max": 0.117987811565,
        "mean": 0.00214390223846,
        "median": 4.20349033448e-06,
        "min": 2.4882298888e-08,
        "stdev": 0.0138786481693,
        "var": 0.000192616862478
    },
    "spectral_energyband_middle_high": {
        "dmean": 0.0363817587495,
        "dmean2": 0.0495835766196,
        "dvar": 0.0396638736129,
        "dvar2": 0.0897689238191,
        "max": 1.78267264366,
        "mean": 0.0380056016147,
        "median": 6.27721055935e-06,
        "min": 2.03452792391e-08,
        "stdev": 0.218742951751,
        "var": 0.0478484816849
    },
    "spectral_energyband_middle_low": {
        "dmean": 0.00101328908931,
        "dmean2": 0.00125008972827,
        "dvar": 2.38843858824e-05,
        "dvar2": 2.97634396702e-05,
        "max": 0.0496395453811,
        "mean": 0.00157853250857,
        "median": 1.28744477479e-06,
        "min": 5.4898827706e-09,
        "stdev": 0.00739166885614,
        "var": 5.46367664356e-05
    },
    "spectral_entropy": {
        "dmean": 0.0509117394686,
        "dmean2": 0.08079020679,
        "dvar": 0.00254099350423,
        "dvar2": 0.00460380781442,
        "max": 8.83186340332,
        "mean": 8.66052341461,
        "median": 8.74632072449,
        "min": 7.95173740387,
        "stdev": 0.222993582487,
        "var": 0.0497261360288
    },
    "spectral_flux": {
        "dmean": 0.0295288152993,
        "dmean2": 0.0309124607593,
        "dvar": 0.0158042442054,
        "dvar2": 0.0236232187599,
        "max": 1.44457554817,
        "mean": 0.0536778084934,
        "median": 0.00422226916999,
        "min": 0.00379716302268,
        "stdev": 0.20903301239,
        "var": 0.0436947979033
    },
    "spectral_kurtosis": {
        "dmean": 0.3985914886,
        "dmean2": 0.646902322769,
        "dvar": 0.189177453518,
        "dvar2": 0.455147266388,
        "max": 5.80062389374,
        "mean": 2.19511246681,
        "median": 1.99439191818,
        "min": 0.576058387756,
        "stdev": 0.80524289608,
        "var": 0.648416101933
    },
    "spectral_rms": {
        "dmean": 0.00105362106115,
        "dmean2": 0.00108034792356,
        "dvar": 2.12844443013e-05,
        "dvar2": 3.44126819982e-05,
        "max": 0.051494255662,
        "mean": 0.00186374026816,
        "median": 0.000234684790485,
        "min": 1.32771210701e-05,
        "stdev": 0.00716395955533,
        "var": 5.13223167218e-05
    },
    "spectral_rolloff": {
        "dmean": 806.835632324,
        "dmean2": 1151.24938965,
        "dvar": 1205235.375,
        "dvar2": 1822697.375,
        "max": 18432.421875,
        "mean": 15180.6923828,
        "median": 17226.5625,
        "min": 775.1953125,
        "stdev": 4846.64404297,
        "var": 23489958
    },
    "spectral_skewness": {
        "dmean": 0.084004431963,
        "dmean2": 0.137482479215,
        "dvar": 0.010755578056,
        "dvar2": 0.0271448176354,
        "max": 1.92991530895,
        "mean": 1.27353179455,
        "median": 1.24911522865,
        "min": 0.741869091988,
        "stdev": 0.128357321024,
        "var": 0.0164756011218
    },
    "spectral_spread": {
        "dmean": 554641.6875,
        "dmean2": 821521.125,
        "dvar": 242153095168,
        "dvar2": 384290488320,
        "max": 13027938,
        "mean": 9227706,
        "median": 9611115,
        "min": 3639893.75,
        "stdev": 1554880.75,
        "var": 2.41765397299e+12
    },
    "spectral_strongpeak": {
        "dmean": 0.886352837086,
        "dmean2": 1.30862438679,
        "dvar": 21.383398056,
        "dvar2": 37.6001815796,
        "max": 43.3787765503,
        "mean": 1.00188803673,
        "median": 0,
        "min": 0,
        "stdev": 5.57109260559,
        "var": 31.0370731354
    },
    "zerocrossingrate": {
        "dmean": 0.0148676661775,
        "dmean2": 0.0162340924144,
        "dvar": 0.000512931321282,
        "dvar2": 0.000568989780731,
        "max": 0.30712890625,
        "mean": 0.23997297883,
        "median": 0.2587890625,
        "min": 0.0390625,
        "stdev": 0.0512478202581,
        "var": 0.00262633897364
    },
    "barkbands": {
        "dmean": [0.000229855577345, 0.00143114489038, 0.000682109501213, 0.000271544820862, 0.000271050084848, 0.000109390894067, 9.37271252042e-05, 8.39184649521e-05, 0.000265547219897, 0.000107789906906, 0.000307952024741, 0.000466824450996, 0.00100829591975, 0.0011409544386, 0.00512222992256, 0.0137454262003, 0.016642794013, 0.00210342672653, 0.000576357066166, 0.00106925657019, 0.00291045568883, 0.00391511199996, 0.00253604049794, 0.00154667685274, 0.0018325035926, 0.00108603213448, 0.00103061494883],
        "dmean2": [0.000383564998629, 0.00207204022445, 0.00126826670021, 0.000426805025199, 0.00039854698116, 0.000141125841765, 0.000143771816511, 0.000110303612018, 0.000434957415564, 0.000183193187695, 0.000459418195533, 0.000469378865091, 0.00134989316575, 0.00148764625192, 0.00781243247911, 0.0233149323612, 0.0279176142067, 0.00281830085441, 0.000894690456335, 0.00181179761421, 0.0044658780098, 0.00544385425746, 0.0038169096224, 0.00251727737486, 0.00268543907441, 0.00184269691817, 0.00188152573537],
        "dvar": [1.74583010448e-06, 6.29504429526e-05, 1.90931750694e-05, 1.84131397418e-06, 2.04416073757e-06, 2.76962396129e-07, 2.7174971251e-07, 1.05926297067e-07, 2.33705782193e-06, 3.99996878286e-07, 2.88376918434e-06, 4.2143783503e-06, 2.50034499913e-05, 3.29601461999e-05, 0.000765794247855, 0.00593903288245, 0.00976951699704, 0.000123097663163, 1.07604982986e-05, 4.03038793593e-05, 0.000275272643194, 0.000446280959295, 0.000186691308045, 7.70743572502e-05, 0.000108693697257, 4.26304177381e-05, 4.2230974941e-05],
        "dvar2": [4.51582945971e-06, 0.000136670671054, 3.78434197046e-05, 3.47862192029e-06, 3.21885568155e-06, 3.22596946489e-07, 6.65672587274e-07, 2.10150119528e-07, 4.29179453931e-06, 7.52874143473e-07, 7.0631986091e-06, 6.6785173658e-06, 5.2244617109e-05, 4.5966644393e-05, 0.00185871846043, 0.0150043731555, 0.0264928881079, 0.000274964259006, 1.77625151991e-05, 7.06818173057e-05, 0.000484187970869, 0.000910759379622, 0.000439122755779, 0.000198796449695, 0.000251248595305, 0.000112232504762, 0.00011807512783],
        "max": [0.0111123863608, 0.0697260499001, 0.0334047675133, 0.0125832911581, 0.0132776936516, 0.0052902251482, 0.00457297731191, 0.0037389555946, 0.0129990549758, 0.00527064828202, 0.0150824869052, 0.0228643212467, 0.0493984371424, 0.055897437036, 0.250978827477, 0.673512279987, 0.81548589468, 0.103053927422, 0.0282281842083, 0.0523797087371, 0.142595335841, 0.191822528839, 0.124246612191, 0.0757647231221, 0.0897661522031, 0.05317844823, 0.0504626110196],
        "mean": [0.000174519271241, 0.00119301513769, 0.000638926052488, 0.000438575050794, 0.000470886239782, 0.000150837207912, 7.6470147178e-05, 0.000147839760757, 0.000274950405583, 0.000113945461635, 0.000291958131129, 0.0005403815303, 0.000907522044145, 0.00152385071851, 0.00403107935563, 0.0143608525395, 0.0127359312028, 0.00224759429693, 0.000738623144571, 0.00127886421978, 0.00353176216595, 0.0041817878373, 0.00197521038353, 0.00112893455662, 0.00149191438686, 0.000732964836061, 0.000621739658527],
        "median": [1.57880585903e-05, 1.82345530675e-07, 8.51841761573e-08, 6.9821041393e-08, 2.12651229958e-07, 2.31625605807e-07, 2.01804866151e-07, 2.04945123983e-07, 2.62224943981e-07, 3.22196285651e-07, 2.72046690952e-07, 3.98375306077e-07, 3.97485763415e-07, 4.78679112348e-07, 5.14910709626e-07, 6.55064582133e-07, 7.29528892407e-07, 9.40688096307e-07, 1.0376239743e-06, 1.26957172597e-06, 1.62557489602e-06, 1.95330130737e-06, 2.57370925283e-06, 3.3606515899e-06, 4.62290972791e-06, 6.7117252911e-06, 9.27588644117e-06],
        "min": [1.46588696737e-08, 1.35933078127e-08, 3.2580755871e-09, 1.63294844313e-09, 2.21373097631e-09, 1.15162535064e-09, 1.61433283408e-10, 2.07999464874e-10, 8.56227380663e-11, 2.1837380515e-10, 1.79044973292e-10, 3.35137972929e-10, 3.63727548081e-10, 1.85878856751e-09, 6.69529820474e-10, 5.06475472672e-10, 1.45849987643e-09, 9.38299571374e-09, 4.96844387854e-09, 2.78350542615e-09, 1.17886926887e-08, 7.27467908135e-09, 7.72032748841e-09, 1.19101022378e-08, 1.60001327743e-08, 3.20010400401e-08, 2.4555157907e-08],
        "stdev": [0.00115022866521, 0.00788434781134, 0.0043864082545, 0.00186992320232, 0.00218212697655, 0.000782579474617, 0.0004954560427, 0.000554814760108, 0.00170011003502, 0.000693614827469, 0.00174209079705, 0.00283168815076, 0.00546408304945, 0.00807309616357, 0.0265281852335, 0.0813226550817, 0.086428001523, 0.0125447800383, 0.00411072187126, 0.00744028342888, 0.0200871638954, 0.0240932069719, 0.0131733370945, 0.00784586369991, 0.0100466860458, 0.00552432984114, 0.00510226981714],
        "var": [1.32302602651e-06, 6.21629369562e-05, 1.92405786947e-05, 3.49661263499e-06, 4.76167815577e-06, 6.12430596902e-07, 2.45476684313e-07, 3.07819448153e-07, 2.89037393486e-06, 4.81101551486e-07, 3.03488036479e-06, 8.01845726528e-06, 2.98562026728e-05, 6.51748850942e-05, 0.00070374464849, 0.00661337375641, 0.00746979983523, 0.000157371498062, 1.68980332091e-05, 5.53578174731e-05, 0.000403494137572, 0.000580482650548, 0.000173536798684, 6.15575700067e-05, 0.000100935903902, 3.05182220472e-05, 2.60331580648e-05]
    },
    "erbbands": {
        "dmean": [0.0346809886396, 0.352179169655, 0.689089179039, 1.0219912529, 1.09976184368, 1.08746957779, 0.660972654819, 1.06272542477, 1.7676255703, 1.13911724091, 3.39202070236, 7.46417808533, 3.38043379784, 7.64934015274, 13.7682590485, 19.837266922, 44.7329559326, 52.1486434937, 187.634689331, 267.088623047, 1039.28259277, 676.3828125, 156.148590088, 33.5156440735, 35.4158248901, 55.4723167419, 103.469932556, 162.227905273, 158.022125244, 94.2600631714, 60.9026412964, 37.5562934875, 23.6781272888, 22.6404190063, 10.7566623688, 4.63856935501, 1.84509372711, 0.711050212383, 0.140994504094, 0.0145563548431],
        "dmean2": [0.0484972968698, 0.513423323631, 1.32675898075, 1.29572486877, 1.91866612434, 1.31069028378, 1.06761431694, 1.32926750183, 2.80186247826, 1.57383227348, 5.62723016739, 11.7596559525, 4.95763635635, 10.6062602997, 21.1663131714, 22.6684494019, 63.6966972351, 78.4721450806, 271.270202637, 397.788726807, 1636.97363281, 1022.67108154, 203.946640015, 47.8242492676, 55.6303443909, 83.1863861084, 139.941314697, 219.937225342, 222.718551636, 141.298233032, 84.0510635376, 62.8650627136, 35.1062774658, 32.7806587219, 15.6051530838, 8.03082561493, 3.04556965828, 1.24814796448, 0.261358976364, 0.0265295505524],
        "dvar": [0.0350620783865, 3.8601641655, 20.5558605194, 23.6792621613, 26.9857406616, 26.0486297607, 9.89489459991, 25.2122859955, 99.162147522, 32.4182243347, 248.544311523, 1790.90478516, 341.55368042, 1729.32275391, 5943.01660156, 7869.01953125, 52540.1210938, 84688.953125, 956620.4375, 2209356, 34569016, 14653829, 694561.5, 32615.3652344, 40689.171875, 87187.4375, 266087.0625, 800404.25, 743026.5, 258853.953125, 97338.8984375, 47666.6992188, 15977.2841797, 16385.5371094, 3747.54199219, 793.878601074, 119.298706055, 18.9320163727, 0.810892403126, 0.00840124767274],
        "dvar2": [0.0737208873034, 8.50626754761, 40.1672935486, 36.3271522522, 63.3994941711, 29.4357376099, 16.7748737335, 32.0459022522, 248.503097534, 74.0983734131, 682.321594238, 3496.86816406, 697.276123047, 3771.24291992, 9644.20117188, 13875.0488281, 119409.992188, 164372.53125, 2185537.25, 4275192.5, 89598376, 36263260, 1490269.75, 50120.5507812, 72749.2109375, 143701.25, 431377.375, 1782373, 1505964.375, 629564.1875, 207016.5625, 125633.351562, 37396.2382812, 37541.2070312, 8551.89941406, 2138.88232422, 305.565795898, 51.2000083923, 2.29538583755, 0.0234710872173],
        "max": [1.69019186497, 17.096578598, 33.6961784363, 48.8268814087, 48.1533241272, 53.2629165649, 31.9716644287, 51.2336807251, 86.1824417114, 55.6976623535, 158.620620728, 365.598327637, 165.016967773, 374.553863525, 674.304199219, 971.629943848, 2191.57177734, 2554.84790039, 9193.62011719, 13086.8447266, 50924.1796875, 33142.15625, 7650.53955078, 1641.46057129, 1734.69433594, 2717.44897461, 5069.27099609, 7948.43017578, 7742.359375, 4618.10791016, 2983.57446289, 1839.76623535, 1159.7097168, 1109.02416992, 526.854003906, 227.147949219, 90.3063659668, 34.8106956482, 6.90241193771, 0.712568044662],
        "mean": [0.030029181391, 0.287342697382, 0.679255545139, 1.18520104885, 1.7719527483, 1.52617967129, 0.929911971092, 1.26705634594, 1.35710418224, 1.17012619972, 4.41770792007, 7.46469688416, 3.23055005074, 7.23409748077, 17.0299186707, 22.6494922638, 38.5982589722, 71.315071106, 155.622268677, 345.731536865, 966.203125, 600.258789062, 168.155288696, 46.1138839722, 40.9251060486, 62.7004127502, 112.626014709, 164.889801025, 170.070846558, 80.0747146606, 51.2788467407, 26.1980628967, 19.1967563629, 18.8311443329, 8.73438930511, 3.08157110214, 1.28425753117, 0.453305244446, 0.0831835791469, 0.00882687047124],
        "median": [4.34235589637e-05, 2.95468744298e-05, 8.25749739306e-05, 0.000204506170121, 0.000414346344769, 0.000750435632654, 0.00133795593865, 0.00187442882452, 0.00280318805017, 0.00352361914702, 0.00492672994733, 0.00612657051533, 0.00825948640704, 0.00946002826095, 0.0124803110957, 0.0174797382206, 0.0177507717162, 0.022195097059, 0.0262741036713, 0.0296121779829, 0.037181571126, 0.0420670509338, 0.0475996136665, 0.0503868311644, 0.0557829104364, 0.0621758550406, 0.0637167394161, 0.0671828016639, 0.0680491030216, 0.0752320066094, 0.0719438195229, 0.0664588212967, 0.0582848079503, 0.0474307127297, 0.0348233282566, 0.0233318116516, 0.0128918271512, 0.00513364933431, 0.00125369569287, 0.000135595764732],
        "min": [6.2156993863e-07, 2.27320651902e-06, 4.00147200708e-06, 4.91350374432e-06, 6.10737197348e-06, 7.37973050491e-06, 1.010631604e-05, 8.45169324748e-06, 3.26152053276e-06, 2.27376244766e-06, 5.21394667885e-06, 1.8958222654e-06, 4.0178006202e-06, 9.81982066151e-06, 4.84820293423e-06, 1.65737110365e-05, 2.03954768949e-05, 7.1813010436e-05, 6.99437296134e-05, 2.12571194425e-05, 4.11820983572e-05, 0.00010501556244, 0.000461132411147, 0.000324603024637, 0.000212897080928, 0.000152844964759, 0.00038381392369, 0.000485658471007, 0.00029499217635, 0.0002432911715, 0.000202406052267, 0.000249596778303, 0.000177612513653, 6.15747776465e-05, 0.000201401271624, 0.000109772823635, 4.74556691188e-05, 2.66974693659e-05, 4.08456753576e-06, 3.04167201648e-07],
        "stdev": [0.191521853209, 1.92799758911, 4.59411764145, 6.16141605377, 7.27830314636, 7.76380968094, 4.51381587982, 6.90814399719, 9.16354560852, 6.23616838455, 18.7238502502, 45.988243103, 19.8394622803, 43.8990821838, 96.0942459106, 118.652633667, 237.366653442, 376.482147217, 988.706848145, 1866.70458984, 5788.10498047, 3745.15283203, 950.783935547, 243.923309326, 237.780578613, 359.574432373, 640.081359863, 970.280639648, 983.463867188, 501.744354248, 325.571014404, 188.993041992, 124.315589905, 125.045127869, 59.1189880371, 23.4194412231, 9.47951793671, 3.55747652054, 0.69596362114, 0.0721050426364],
        "var": [0.0366806201637, 3.71717453003, 21.1059169769, 37.9630470276, 52.9736938477, 60.2767372131, 20.3745326996, 47.722454071, 83.9705734253, 38.8897972107, 350.582550049, 2114.91845703, 393.604248047, 1927.12927246, 9234.10449219, 14078.4482422, 56342.9257812, 141738.796875, 977541.25, 3484586.25, 33502158, 14026170, 903990.125, 59498.5820312, 56539.6015625, 129293.765625, 409704.125, 941444.5, 967201.125, 251747.390625, 105996.476562, 35718.3671875, 15454.3662109, 15636.2832031, 3495.05493164, 548.470214844, 89.8612518311, 12.6556396484, 0.48436537385, 0.00519913667813]
    },
    "gfcc": {
        "mean": [-227.090988159, -62.3249397278, -82.6941452026, 9.28157424927, -39.1676940918, 7.80577516556, -25.5287742615, 6.6715259552, -12.9546194077, 5.0756649971, -13.5402317047, 3.32285308838, -7.80443477631],
        "cov": [[17081.9238281, 2542.98876953, -1561.15783691, 1226.76086426, 328.049499512, 287.393249512, -642.620239258, -312.263580322, 189.325805664, -295.750213623, -1013.67480469, -337.02053833, -106.978187561], [2542.98876953, 976.877807617, 32.7940940857, 276.059539795, 64.4697799683, -4.61191177368, -119.180717468, -54.9703903198, 41.1929283142, -85.7149200439, -298.143341064, -204.397644043, -132.921630859], [-1561.15783691, 32.7940940857, 456.363525391, -85.414390564, -38.1857872009, -49.9178276062, 63.9626083374, 57.5943069458, 4.85197782516, -15.9590206146, 39.7744827271, -49.7358207703, -59.5668258667], [1226.76086426, 276.059539795, -85.414390564, 175.490844727, 55.5913887024, 22.360370636, -61.22423172, -33.5374717712, 10.8913164139, -28.1623458862, -98.242805481, -41.4988098145, -29.5370063782], [328.049499512, 64.4697799683, -38.1857872009, 55.5913887024, 38.383026123, 13.000328064, -15.3843231201, -12.5722732544, 2.23911380768, -4.96515846252, -28.7371406555, -7.17089080811, -6.38749742508], [287.393249512, -4.61191177368, -49.9178276062, 22.360370636, 13.000328064, 26.7859973907, -0.780298054218, -2.97571277618, 1.10085499287, -6.16613960266, -8.63216972351, 4.8051276207, 2.38601922989], [-642.620239258, -119.180717468, 63.9626083374, -61.22423172, -15.3843231201, -0.780298054218, 50.4119338989, 28.2656993866, -1.18029952049, 8.46500968933, 40.2841911316, 15.7046928406, 5.18371868134], [-312.263580322, -54.9703903198, 57.5943069458, -33.5374717712, -12.5722732544, -2.97571277618, 28.2656993866, 33.1682319641, 11.2382316589, -0.575449585915, 20.5980052948, 6.24466133118, 1.86327409744], [189.325805664, 41.1929283142, 4.85197782516, 10.8913164139, 2.23911380768, 1.10085499287, -1.18029952049, 11.2382316589, 24.292131424, 2.26896071434, -9.94524097443, -5.7040977478, -2.61647343636], [-295.750213623, -85.7149200439, -15.9590206146, -28.1623458862, -4.96515846252, -6.16613960266, 8.46500968933, -0.575449585915, 2.26896071434, 32.2388305664, 35.0933151245, 19.5787220001, 15.8176031113], [-1013.67480469, -298.143341064, 39.7744827271, -98.242805481, -28.7371406555, -8.63216972351, 40.2841911316, 20.5980052948, -9.94524097443, 35.0933151245, 115.397842407, 67.3425216675, 37.0754127502], [-337.02053833, -204.397644043, -49.7358207703, -41.4988098145, -7.17089080811, 4.8051276207, 15.7046928406, 6.24466133118, -5.7040977478, 19.5787220001, 67.3425216675, 68.2237091064, 44.2129440308], [-106.978187561, -132.921630859, -59.5668258667, -29.5370063782, -6.38749742508, 2.38601922989, 5.18371868134, 1.86327409744, -2.61647343636, 15.8176031113, 37.0754127502, 44.2129440308, 43.9896316528]],
        "icov": [[0.00047248476767, -0.000520577130374, 0.00083719403483, -0.000362875231076, 0.00125703762751, -0.00277874129824, 0.00243247230537, 0.000139725481858, -0.00255327508785, 0.00152446050197, 0.00130968354642, -0.000527765892912, -0.000766695651691], [-0.000520577130374, 0.0108628999442, -0.00398904830217, -0.00363865005784, 0.00403654621914, 0.00706957513466, 0.00101686292328, 0.00659124692902, -0.00609843153507, -0.00473464932293, 0.020546104759, -0.00108131754678, 0.00862667802721], [0.00083719403483, -0.00398904830217, 0.00995362829417, -0.00072501070099, -0.00266178022139, 0.00646706437692, -0.00378077407368, -0.00319633423351, -0.00592444138601, 0.0152990249917, -0.0171836838126, 0.0117170121521, -0.000329689326463], [-0.000362875231076, -0.00363865005784, -0.00072501070099, 0.0265298075974, -0.0198618937284, -0.00874026678503, 0.0168330259621, -0.00686290487647, 0.00403221929446, -0.00281797349453, 0.00509519455954, -0.0122426217422, 0.0101152379066], [0.00125703762751, 0.00403654621914, -0.00266178022139, -0.0198618937284, 0.065811149776, -0.0219049341977, 0.00166662468109, 0.0100858919322, -0.00633008172736, -0.0163859538734, 0.0322644412518, -0.0219628550112, 0.00883063487709], [-0.00277874129824, 0.00706957513466, 0.00646706437692, -0.00874026678503, -0.0219049341977, 0.0956605523825, -0.0461990833282, 0.0179502498358, -0.00750173488632, 0.0274266693741, -0.020867144689, 0.0150233637542, 0.00598654011264], [0.00243247230537, 0.00101686292328, -0.00378077407368, 0.0168330259621, 0.00166662468109, -0.0461990833282, 0.0996641293168, -0.0647167339921, 0.0214481372386, -0.0289553683251, 0.0328203588724, -0.0251340325922, 0.0182031281292], [0.000139725481858, 0.00659124692902, -0.00319633423351, -0.00686290487647, 0.0100858919322, 0.0179502498358, -0.0647167339921, 0.136395961046, -0.0843167677522, 0.0529647655785, -0.0122340796515, 0.0172835178673, -0.017460340634], [-0.00255327508785, -0.00609843153507, -0.00592444138601, 0.00403221929446, -0.00633008172736, -0.00750173488632, 0.0214481372386, -0.0843167677522, 0.117626585066, -0.0599073320627, 0.00808263849467, -0.0174148008227, 0.00980869773775], [0.00152446050197, -0.00473464932293, 0.0152990249917, -0.00281797349453, -0.0163859538734, 0.0274266693741, -0.0289553683251, 0.0529647655785, -0.0599073320627, 0.109466910362, -0.0648720115423, 0.0497974939644, -0.0327726751566], [0.00130968354642, 0.020546104759, -0.0171836838126, 0.00509519455954, 0.0322644412518, -0.020867144689, 0.0328203588724, -0.0122340796515, 0.00808263849467, -0.0648720115423, 0.139601260424, -0.0909069702029, 0.0454049967229], [-0.000527765892912, -0.00108131754678, 0.0117170121521, -0.0122426217422, -0.0219628550112, 0.0150233637542, -0.0251340325922, 0.0172835178673, -0.0174148008227, 0.0497974939644, -0.0909069702029, 0.13335737586, -0.0750371366739], [-0.000766695651691, 0.00862667802721, -0.000329689326463, 0.0101152379066, 0.00883063487709, 0.00598654011264, 0.0182031281292, -0.017460340634, 0.00980869773775, -0.0327726751566, 0.0454049967229, -0.0750371366739, 0.102349936962]]
    },
    "melbands": {
        "dmean": [0.000394428381696, 0.000403468526201, 0.000157102345838, 6.89500157023e-05, 2.72447632597e-05, 2.25822277571e-05, 2.55852373812e-05, 1.3367273823e-05, 3.56733216904e-05, 4.92940198455e-05, 1.46627899085e-05, 2.83020708594e-05, 3.76972966478e-05, 5.07167860633e-05, 0.00010352103709, 6.42074955977e-05, 0.000105649392935, 0.000246840820182, 0.000412862602388, 0.000768940139096, 0.00139920506626, 0.000960626697633, 0.000151140164235, 8.47537739901e-05, 2.06507829716e-05, 2.69560368906e-05, 2.59538865066e-05, 3.8170019252e-05, 5.16234322276e-05, 7.64704891481e-05, 0.000119644435472, 0.00010204098362, 5.42871493963e-05, 5.54557373107e-05, 3.90900568163e-05, 2.41089692281e-05, 2.14243609662e-05, 1.2507511201e-05, 2.36200321524e-05, 1.77638721652e-05],
        "dmean2": [0.000558333122171, 0.000690713932272, 0.000205776814255, 0.000102236001112, 3.37585406669e-05, 2.98965787806e-05, 4.04847014579e-05, 1.75438071892e-05, 6.31410075584e-05, 7.20035022823e-05, 2.2067597456e-05, 4.02109035349e-05, 5.56664017495e-05, 6.21625658823e-05, 0.000169891267433, 6.86591374688e-05, 0.000160417635925, 0.000350890535628, 0.00059286976466, 0.00142425170634, 0.00230993633159, 0.00154694146477, 0.000244207418291, 0.000104177175672, 2.72366887657e-05, 4.01241886721e-05, 4.43238241132e-05, 5.76224774704e-05, 7.02829274815e-05, 0.000100862744148, 0.000183044292498, 0.000136954127811, 7.89350815467e-05, 9.00287559489e-05, 5.31642326678e-05, 3.56605669367e-05, 3.73844595742e-05, 1.62436117535e-05, 3.78972181352e-05, 2.59093139903e-05],
        "dvar": [4.70116765428e-06, 5.80318283028e-06, 5.82382142511e-07, 1.30131581955e-07, 1.38297693297e-08, 1.28440191816e-08, 2.0842449544e-08, 4.10306322252e-09, 3.41285470995e-08, 7.61196332633e-08, 6.45092868012e-09, 2.39304291938e-08, 4.59422473398e-08, 5.57005286339e-08, 3.47217792296e-07, 8.56857980125e-08, 3.50379337988e-07, 1.63706727108e-06, 4.57146916233e-06, 1.97558656509e-05, 6.56021584291e-05, 3.11182629957e-05, 7.75398120823e-07, 1.9008638219e-07, 1.05887130175e-08, 2.25915357532e-08, 2.41834641201e-08, 4.13630161233e-08, 6.83326035755e-08, 1.44270799751e-07, 4.5977407126e-07, 3.09774407015e-07, 8.49022612215e-08, 9.87871970892e-08, 3.97385235829e-08, 1.65889790793e-08, 1.66044600292e-08, 3.78768971743e-09, 1.87014492781e-08, 1.0050690058e-08],
        "dvar2": [1.0415998986e-05, 1.15733355415e-05, 8.41541918817e-07, 1.88428458614e-07, 2.08628403442e-08, 1.64477622633e-08, 5.21410647991e-08, 8.98993768317e-09, 9.76221343763e-08, 1.64069916764e-07, 1.26581101156e-08, 5.14684792563e-08, 7.67675487623e-08, 8.73472814078e-08, 9.26525615341e-07, 1.1102625308e-07, 6.81540370806e-07, 3.65668779523e-06, 1.04310020106e-05, 5.28554228367e-05, 0.000177819019882, 8.16689425847e-05, 1.29696911699e-06, 3.86566256338e-07, 1.48802916655e-08, 4.0543810087e-08, 4.17813659226e-08, 7.01254805335e-08, 1.03068316548e-07, 2.4108942398e-07, 1.15614113838e-06, 6.57883560962e-07, 1.62483090094e-07, 2.57098150769e-07, 8.27092705435e-08, 3.83155338568e-08, 4.55468480709e-08, 7.59296536756e-09, 4.73850079175e-08, 2.22423590657e-08],
        "max": [0.0192476995289, 0.0196735709906, 0.00769566278905, 0.00337768858299, 0.00132479832973, 0.00108890794218, 0.00124845642131, 0.000653427501675, 0.00170299585443, 0.0024137950968, 0.000715439731721, 0.00138565374073, 0.00184610160068, 0.00248406711034, 0.00507152127102, 0.00314535247162, 0.00517594115809, 0.0120943291113, 0.020229447633, 0.0376771874726, 0.0685602352023, 0.0470699444413, 0.00740519957617, 0.00415211357176, 0.00101115449797, 0.00132027012296, 0.00127124565188, 0.00186977861449, 0.00252895825543, 0.00374654098414, 0.00586213776842, 0.00499953888357, 0.00265963934362, 0.00271687400527, 0.00191494182218, 0.00118086778093, 0.00104940729216, 0.000612438248936, 0.00115697772708, 0.000870067917276],
        "mean": [0.000325053842971, 0.000367378088413, 0.000228757751756, 0.00012138576858, 3.69432127627e-05, 2.90307380055e-05, 1.96714427148e-05, 1.52825250552e-05, 3.90777131543e-05, 4.46621706942e-05, 1.43163533721e-05, 2.65750004473e-05, 4.76797395095e-05, 6.15238386672e-05, 7.8589822806e-05, 7.83051582403e-05, 0.000144153847941, 0.000207529170439, 0.000347587425495, 0.00075013958849, 0.00122457870748, 0.00078515894711, 0.000186977471458, 9.90264161373e-05, 2.78237512248e-05, 3.19795581163e-05, 2.99475759675e-05, 4.26049773523e-05, 6.25688335276e-05, 7.90866324678e-05, 0.00010568851576, 0.00011026320135, 5.694965148e-05, 4.16262773797e-05, 3.30503607984e-05, 1.91414328583e-05, 1.42078743011e-05, 1.13601372504e-05, 1.76589182956e-05, 1.52567727127e-05],
        "median": [8.0053223428e-07, 4.24631352303e-08, 4.01585218412e-08, 4.09283238412e-08, 4.50887469583e-08, 4.18621333154e-08, 4.37748717275e-08, 3.9033764665e-08, 4.12442346942e-08, 3.81770028923e-08, 3.7865376612e-08, 3.9532981333e-08, 3.96674089131e-08, 4.21008223839e-08, 4.14114396108e-08, 3.96038117856e-08, 4.22484056628e-08, 4.2029572711e-08, 4.17968024635e-08, 4.09338163365e-08, 4.33613784878e-08, 4.21893950886e-08, 3.96450943185e-08, 4.45332091203e-08, 3.95874302228e-08, 3.95044210677e-08, 3.91043677439e-08, 4.00580617566e-08, 4.00769373243e-08, 3.85398095659e-08, 4.01353439372e-08, 3.96931589819e-08, 3.93220105366e-08, 4.25893844636e-08, 4.1941785156e-08, 4.23143831085e-08, 3.97862471857e-08, 4.11294394098e-08, 4.06058653368e-08, 4.06420106458e-08],
        "min": [5.36704147791e-09, 2.34173258562e-09, 8.84523843059e-10, 4.78877937304e-10, 3.53439499889e-10, 1.91092558444e-10, 4.53014604995e-11, 2.76381955516e-11, 4.13638359675e-11, 9.62947777072e-12, 2.05831150735e-11, 4.04135926113e-11, 1.98958922254e-11, 2.2860652607e-11, 6.62437674159e-11, 2.94495886011e-11, 1.5610207571e-10, 1.34742800251e-10, 3.43729072982e-11, 2.23287447559e-11, 5.45258629914e-11, 7.63160368233e-11, 2.73745054402e-10, 4.95202212569e-10, 2.31177479937e-10, 2.02055969178e-10, 5.78226112824e-11, 1.043865272e-10, 2.54503779162e-10, 2.60424015686e-10, 2.62229127301e-10, 1.49489767787e-10, 1.45704684429e-10, 1.51819487537e-10, 1.20892032496e-10, 1.0228302233e-10, 1.68087793684e-10, 1.48253409549e-10, 7.33205093861e-11, 3.00512427442e-11],
        "stdev": [0.0021380353719, 0.00245168921538, 0.00106471462641, 0.000556066806894, 0.000179540511454, 0.000157014888828, 0.000132866523927, 7.48775564716e-05, 0.00018704541435, 0.000284786015982, 8.75491168699e-05, 0.000162665673997, 0.00026834680466, 0.000321776809869, 0.000527420896105, 0.000415941671235, 0.000763460993767, 0.00131095817778, 0.00218311231583, 0.00439399899915, 0.00754585163668, 0.00511269830167, 0.00107003876474, 0.000534581893589, 0.000144759367686, 0.000181584662641, 0.000179591530468, 0.000244651309913, 0.000343207939295, 0.000459064176539, 0.000658473873045, 0.000631831760984, 0.000333737581968, 0.000282916764263, 0.000209901263588, 0.000126246493892, 0.000106633793621, 6.84027254465e-05, 0.000123183854157, 0.000100135053799],
        "var": [4.57119540442e-06, 6.01077954343e-06, 1.13361727472e-06, 3.09210264504e-07, 3.22347943893e-08, 2.46536746573e-08, 1.7653514206e-08, 5.60664892291e-09, 3.49859874405e-08, 8.11030673731e-08, 7.66484831161e-09, 2.64601194289e-08, 7.20100032936e-08, 1.03540322982e-07, 2.7817281989e-07, 1.73007478566e-07, 5.82872701216e-07, 1.71861142917e-06, 4.76597961097e-06, 1.93072264665e-05, 5.69398798689e-05, 2.61396853602e-05, 1.14498300263e-06, 2.85777815634e-07, 2.09552730723e-08, 3.29729878956e-08, 3.22531157337e-08, 5.98542584385e-08, 1.17791692844e-07, 2.10739912632e-07, 4.33587842963e-07, 3.99211359081e-07, 1.11380778378e-07, 8.00418931135e-08, 4.40585381511e-08, 1.59381787768e-08, 1.13707665506e-08, 4.67893235268e-09, 1.51742636234e-08, 1.00270289849e-08]
    },
    "melbands128": {
