{
"lowlevel": {
    "average_loudness": 0.985238611698,
    "barkbands_crest": {
        "dmean": 2.803201437,
        "dmean2": 4.56632089615,
        "dvar": 13.5719919205,
        "dvar2": 34.2762413025,
        "max": 26.3037414551,
        "mean": 14.6761512756,
        "median": 15.9582748413,
        "min": 3.60952091217,
        "stdev": 6.01576709747,
        "var": 36.189453125
    },
    "barkbands_flatness_db": {
        "dmean": 0.0236761234701,
        "dmean2": 0.0359509065747,
        "dvar": 0.00104599632323,
        "dvar2": 0.00156628352124,
        "max": 0.493099600077,
        "mean": 0.286588281393,
        "median": 0.412847161293,
        "min": 0.0186312384903,
        "stdev": 0.191193193197,
        "var": 0.0365548357368
    },
    "barkbands_kurtosis": {
        "dmean": 2.88138318062,
        "dmean2": 4.99987125397,
        "dvar": 64.3475570679,
        "dvar2": 175.438537598,
        "max": 59.7717781067,
        "mean": 2.21839761734,
        "median": 0.307499885559,
        "min": -1.47443974018,
        "stdev": 6.78184843063,
        "var": 45.9934654236
    },
    "barkbands_skewness": {
        "dmean": 0.61639380455,
        "dmean2": 0.97422504425,
        "dvar": 1.04625701904,
        "dvar2": 2.33624148369,
        "max": 7.59759235382,
        "mean": 1.24283504486,
        "median": 1.06546998024,
        "min": -1.074208498,
        "stdev": 1.11238360405,
        "var": 1.23739719391
    },
    "barkbands_spread": {
        "dmean": 6.85371255875,
        "dmean2": 10.1440219879,
        "dvar": 138.022918701,
        "dvar2": 242.346389771,
        "max": 106.450881958,
        "mean": 25.3620529175,
        "median": 8.75469684601,
        "min": 1.40580058098,
        "stdev": 24.9731426239,
        "var": 623.657897949
    },
    "dissonance": {
        "dmean": 0.0381327755749,
        "dmean2": 0.0645450428128,
        "dvar": 0.00171314459294,
        "dvar2": 0.00489753764123,
        "max": 0.499860703945,
        "mean": 0.414547532797,
        "median": 0.426210850477,
        "min": 0.183974310756,
        "stdev": 0.0753544941545,
        "var": 0.00567830028012
    },
    "dynamic_complexity": 23.5323257446,
    "erbbands_crest": {
        "dmean": 1.53019070625,
        "dmean2": 2.40252447128,
        "dvar": 4.60215520859,
        "dvar2": 11.809800148,
        "max": 27.6825523376,
        "mean": 13.0176801682,
        "median": 14.749961853,
        "min": 2.74735736847,
        "stdev": 6.1958193779,
        "var": 38.3881759644
    },
    "erbbands_flatness_db": {
        "dmean": 0.0144283967093,
        "dmean2": 0.0188526269048,
        "dvar": 0.000620214443188,
        "dvar2": 0.000893782183994,
        "max": 0.443246901035,
        "mean": 0.270609021187,
        "median": 0.377474099398,
        "min": 0.0429216064513,
        "stdev": 0.151744157076,
        "var": 0.0230262894183
    },
    "erbbands_kurtosis": {
        "dmean": 0.792007982731,
        "dmean2": 1.36136865616,
        "dvar": 2.15684270859,
        "dvar2": 6.51514625549,
        "max": 8.63078117371,
        "mean": 0.244685664773,
        "median": -0.545718669891,
        "min": -1.2234723568,
        "stdev": 1.68468546867,
        "var": 2.8381652832
    },
    "erbbands_skewness": {
        "dmean": 0.340269297361,
        "dmean2": 0.49252602458,
        "dvar": 0.294881254435,
        "dvar2": 0.673260569572,
        "max": 3.10659313202,
        "mean": 0.245122164488,
        "median": 0.126670286059,
        "min": -1.60472846031,
        "stdev": 0.646348655224,
        "var": 0.417766600847
    },
    "erbbands_spread": {
        "dmean": 3.91396188736,
        "dmean2": 6.15135383606,
        "dvar": 39.0172042847,
        "dvar2": 87.4781723022,
        "max": 62.198677063,
        "mean": 22.916425705,
        "median": 16.920042038,
        "min": 6.28296804428,
        "stdev": 12.9682292938,
        "var": 168.174972534
    },
    "hfc": {
        "dmean": 1.37683713436,
        "dmean2": 1.37827086449,
        "dvar": 5.34688329697,
        "dvar2": 4.32175827026,
        "max": 42.6580276489,
        "mean": 12.2499713898,
        "median": 0.411617696285,
        "min": 9.94967103907e-06,
        "stdev": 14.0520534515,
        "var": 197.460205078
    },
    "loudness_ebu128": {
        "integrated": -23.9442405701,
        "loudness_range": 0,
        "momentary": {
            "dmean": 5.02773857117,
            "dmean2": 5.0357875824,
            "dvar": 69.5605239868,
            "dvar2": 57.3621864319,
            "max": -21.9361000061,
            "mean": -39.7670593262,
            "median": -25.5704574585,
            "min": -81.6128768921,
            "stdev": 22.4878692627,
            "var": 505.704223633
        },
        "short_term": {
            "dmean": 0,
            "dmean2": 0,
            "dvar": 0,
            "dvar2": 0,
            "max": -26.6723461151,
            "mean": -26.6723461151,
            "median": -26.6723461151,
            "min": -26.6723461151,
            "stdev": 0,
            "var": 0
        }
    },
    "melbands_crest": {
        "dmean": 3.54164600372,
        "dmean2": 5.74738454819,
        "dvar": 29.2482070923,
        "dvar2": 72.2017364502,
        "max": 36.1790809631,
        "mean": 19.6235656738,
        "median": 20.7561225891,
        "min": 5.10380411148,
        "stdev": 7.3264298439,
        "var": 53.6765708923
    },
    "melbands_flatness_db": {
        "dmean": 0.0237135067582,
        "dmean2": 0.0352502241731,
        "dvar": 0.00113540503662,
        "dvar2": 0.00199057906866,
        "max": 0.535306334496,
        "mean": 0.305847585201,
        "median": 0.43010738492,
        "min": 0.0356981083751,
        "stdev": 0.161079853773,
        "var": 0.0259467214346
    },
    "melbands_kurtosis": {
        "dmean": 5.41300725937,
        "dmean2": 8.71765613556,
        "dvar": 177.526824951,
        "dvar2": 461.943786621,
        "max": 101.205184937,
        "mean": 6.03828048706,
        "median": 1.82477235794,
        "min": -1.62266027927,
        "stdev": 12.81823349,
        "var": 164.307113647
    },
    "melbands_skewness": {
        "dmean": 0.742202997208,
        "dmean2": 1.10699379444,
        "dvar": 1.19951963425,
        "dvar2": 2.60336470604,
        "max": 8.84583473206,
        "mean": 1.88845944405,
        "median": 1.62162673473,
        "min": -0.460161179304,
        "stdev": 1.50182890892,
        "var": 2.25549006462
    },
    "melbands_spread": {
        "dmean": 8.24803447723,
        "dmean2": 11.9422025681,
        "dvar": 236.172866821,
        "dvar2": 397.550872803,
        "max": 155.010223389,
        "mean": 25.3350524902,
        "median": 13.8402547836,
        "min": 1.48531186581,
        "stdev": 23.091342926,
        "var": 533.210083008
    },
    "pitch_salience": {
        "dmean": 0.0857168063521,
        "dmean2": 0.13638176024,
        "dvar": 0.0133083965629,
        "dvar2": 0.0306171234697,
        "max": 0.830929815769,
        "mean": 0.509301066399,
        "median": 0.528299450874,
        "min": 0.0742807611823,
        "stdev": 0.143708139658,
        "var": 0.0206520296633
    },
    "silence_rate_20dB": {
        "dmean": 0,
        "dmean2": 0,
        "dvar": 0,
        "dvar2": 0,
        "max": 1,
        "mean": 1,
        "median": 1,
        "min": 1,
        "stdev": 0,
        "var": 0
    },
    "silence_rate_30dB": {
        "dmean": 0,
        "dmean2": 0,
        "dvar": 0,
        "dvar2": 0,
        "max": 1,
        "mean": 1,
        "median": 1,
        "min": 1,
        "stdev": 0,
        "var": 0
    },
    "silence_rate_60dB": {
        "dmean": 0.0175438597798,
        "dmean2": 0.0353982299566,
        "dvar": 0.0172360818833,
        "dvar2": 0.034145206213,
        "max": 1,
        "mean": 0.51304346323,
        "median": 1,
        "min": 0,
        "stdev": 0.499830007553,
        "var": 0.249830037355
    },
    "spectral_centroid": {
        "dmean": 173.522979736,
        "dmean2": 213.891952515,
        "dvar": 83820.6171875,
        "dvar2": 91846.125,
        "max": 3751.82519531,
        "mean": 1312.30541992,
        "median": 703.870849609,
        "min": 378.958679199,
        "stdev": 906.475585938,
        "var": 821698
    },
    "spectral_complexity": {
        "dmean": 0.245614036918,
        "dmean2": 0.407079637051,
        "dvar": 0.48353305459,
        "dvar2": 0.666143834591,
        "max": 8,
        "mean": 3.26086950302,
        "median": 2,
        "min": 0,
        "stdev": 3.32862997055,
        "var": 11.0797777176
    },
    "spectral_decrease": {
        "dmean": 4.25453006159e-10,
        "dmean2": 4.18627299492e-10,
        "dvar": 7.0748530317e-19,
        "dvar2": 4.92405057318e-19,
        "max": -5.63242896257e-17,
        "mean": -5.03637798133e-09,
        "median": -2.94832214198e-10,
        "min": -1.46830760883e-08,
        "stdev": 5.46897327425e-09,
        "var": 2.99096664273e-17
    },
    "spectral_energy": {
        "dmean": 0.00172770465724,
        "dmean2": 0.0017036703648,
        "dvar": 1.13985624921e-05,
        "dvar2": 7.97012944531e-06,
        "max": 0.0592864528298,
        "mean": 0.0201195441186,
        "median": 0.00115009339061,
        "min": 1.11504538935e-09,
        "stdev": 0.0219028759748,
        "var": 0.000479736016132
    },
    "spectral_energyband_high": {
        "dmean": 5.52538097054e-07,
        "dmean2": 7.70713768361e-07,
        "dvar": 7.10484297263e-13,
        "dvar2": 1.36519604215e-12,
        "max": 1.45881112985e-05,
        "mean": 3.76330831386e-06,
        "median": 1.77998828121e-07,
        "min": 6.68243849145e-10,
        "stdev": 4.28925523011e-06,
        "var": 1.83977087037e-11
    },
    "spectral_energyband_low": {
        "dmean": 9.15862088391e-08,
        "dmean2": 1.6757586252e-07,
        "dvar": 1.10667429539e-14,
        "dvar2": 3.98798561448e-14,
        "max": 5.80354253543e-07,
        "mean": 1.30960742695e-07,
        "median": 8.97642280506e-08,
        "min": 1.00814329107e-10,
        "stdev": 1.22320003015e-07,
        "var": 1.49621847979e-14
    },
    "spectral_energyband_middle_high": {
        "dmean": 0.000936536351219,
        "dmean2": 0.000991446431726,
        "dvar": 2.25097255679e-06,
        "dvar2": 2.13703037844e-06,
        "max": 0.0268622897565,
        "mean": 0.0068725165911,
        "median": 0.000138883275213,
        "min": 1.77761222409e-10,
        "stdev": 0.00847545173019,
        "var": 7.18332812539e-05
    },
    "spectral_energyband_middle_low": {
        "dmean": 0.000858657760546,
        "dmean2": 0.000836493563838,
        "dvar": 4.75797378385e-06,
        "dvar2": 3.30915713675e-06,
        "max": 0.0340412408113,
        "mean": 0.0132433027029,
        "median": 0.00112851290032,
        "min": 3.61404933757e-11,
        "stdev": 0.0139197017998,
        "var": 0.000193758110981
    },
    "spectral_entropy": {
        "dmean": 0.136542484164,
        "dmean2": 0.171362906694,
        "dvar": 0.0574893020093,
        "dvar2": 0.0656716302037,
        "max": 8.79217529297,
        "mean": 6.44961500168,
        "median": 5.27739667892,
        "min": 4.63240528107,
        "stdev": 1.64900362492,
        "var": 2.71921277046
    },
    "spectral_flux": {
        "dmean": 0.0052370945923,
        "dmean2": 0.00754126813263,
        "dvar": 0.000113053632958,
        "dvar2": 0.000216268992517,
        "max": 0.101801648736,
        "mean": 0.00876343343407,
        "median": 0.00410303333774,
        "min": 7.89160185377e-05,
        "stdev": 0.0152216795832,
        "var": 0.000231699537835
    },
    "spectral_kurtosis": {
        "dmean": 12.1478786469,
        "dmean2": 22.7904720306,
        "dvar": 172.533721924,
        "dvar2": 620.081787109,
        "max": 65.5285568237,
        "mean": 21.8566474915,
        "median": 13.3374290466,
        "min": 2.00897264481,
        "stdev": 18.8520965576,
        "var": 355.401550293
    },
    "spectral_rms": {
        "dmean": 0.000188007950783,
        "dmean2": 0.0001793079864,
        "dvar": 1.85789545526e-07,
        "dvar2": 1.05271865891e-07,
        "max": 0.00760529050604,
        "mean": 0.00309183821082,
        "median": 0.00105926499236,
        "min": 1.04300011117e-06,
        "stdev": 0.0031732248608,
        "var": 1.00693559943e-05
    },
    "spectral_rolloff": {
        "dmean": 825.43927002,
        "dmean2": 1321.14746094,
        "dvar": 4782296.5,
        "dvar2": 7354894,
        "max": 18152.4902344,
        "mean": 1906.71887207,
        "median": 1012.06054688,
        "min": 43.06640625,
        "stdev": 2570.05981445,
        "var": 6605207.5
    },
    "spectral_skewness": {
        "dmean": 0.992354691029,
        "dmean2": 1.85339176655,
        "dvar": 0.981841683388,
        "dvar2": 3.6118657589,
        "max": 6.42210769653,
        "mean": 3.07968568802,
        "median": 2.53018903732,
        "min": 1.21152734756,
        "stdev": 1.41698884964,
        "var": 2.00785732269
    },
    "spectral_spread": {
        "dmean": 644570.6875,
        "dmean2": 997953.375,
        "dvar": 354112536576,
        "dvar2": 691120766976,
        "max": 9603003,
        "mean": 4032140,
        "median": 2294971.5,
        "min": 1250737.625,
        "stdev": 2688133.25,
        "var": 7.22606017741e+12
    },
    "spectral_strongpeak": {
        "dmean": 0.0492547191679,
        "dmean2": 0.0466531552374,
        "dvar": 0.0218057129532,
        "dvar2": 0.0127034131438,
        "max": 2.37851810455,
        "mean": 1.05251479149,
        "median": 0.436976730824,
        "min": 0,
        "stdev": 1.06565535069,
        "var": 1.13562142849
    },
    "zerocrossingrate": {
        "dmean": 0.0142329698429,
        "dmean2": 0.0174830611795,
        "dvar": 0.000384724989999,
        "dvar2": 0.000745333731174,
        "max": 0.25244140625,
        "mean": 0.0725925639272,
        "median": 0.03369140625,
        "min": 0.01513671875,
        "stdev": 0.0586693026125,
        "var": 0.00344208697788
    },
    "barkbands": {
        "dmean": [7.32204981091e-08, 4.39866809643e-08, 1.49335583899e-08, 2.62764441317e-08, 2.13278596561e-07, 0.000842367764562, 5.76887693171e-08, 1.04174844751e-07, 2.08665587706e-05, 4.45122253723e-07, 0.000738819420803, 6.69326709613e-07, 9.65764138527e-06, 0.000121852819575, 8.78091577761e-06, 6.38094206806e-05, 2.92162440019e-05, 2.33766172641e-06, 8.46755199291e-07, 2.75107538528e-07, 3.91295372992e-07, 1.36155719588e-07, 4.44335555017e-08, 1.7534793173e-08, 5.06231945252e-09, 1.36267408468e-09, 1.17588838666e-09],
        "dmean2": [1.29142776473e-07, 8.02058721661e-08, 2.9135213353e-08, 4.78076742638e-08, 3.69223812413e-07, 0.000818107568193, 8.87757920509e-08, 1.9333701573e-07, 2.25214225793e-05, 7.66383777773e-07, 0.000792443053797, 1.21697269151e-06, 1.23902445921e-05, 0.000124854137539, 1.18675243357e-05, 7.04499761923e-05, 3.28364221787e-05, 3.19855348607e-06, 1.14448289423e-06, 3.01137475844e-07, 6.31322564004e-07, 1.80603407784e-07, 6.78876403981e-08, 2.49323939272e-08, 8.00077692986e-09, 2.18212448111e-09, 2.15212558885e-09],
        "dvar": [5.46507097524e-15, 2.93230354955e-15, 4.00548751746e-16, 2.84316519031e-15, 5.89546857513e-13, 4.72241072202e-06, 1.53661788561e-14, 6.22507145658e-14, 1.29187993636e-09, 4.72152427832e-13, 1.48666424593e-06, 2.52810467873e-12, 6.21826257152e-10, 4.34385150072e-08, 3.21985743623e-10, 1.07350244249e-08, 2.17661244584e-09, 1.29122337822e-11, 2.4348697971e-12, 1.65756162051e-13, 4.07492290778e-13, 3.29168014731e-14, 3.84492861066e-15, 7.43077652429e-16, 8.29281452786e-17, 4.23447155892e-18, 1.93426859784e-18],
        "dvar2": [1.5014839754e-14, 9.86141422292e-15, 1.44950175401e-15, 7.48016405083e-15, 1.58194291e-12, 3.28454916598e-06, 3.44676476488e-14, 2.16729371537e-13, 1.27469668154e-09, 1.36506192634e-12, 1.45350998082e-06, 7.1918621232e-12, 9.2524188311e-10, 4.14409662142e-08, 5.5715537739e-10, 1.26299086745e-08, 2.52655052435e-09, 1.89358251301e-11, 3.56228002825e-12, 1.94839289017e-13, 8.31985955824e-13, 5.71054298683e-14, 7.05248610433e-15, 1.28502796681e-15, 1.77124938955e-16, 8.00392368415e-18, 5.78361003343e-18],
        "max": [4.60549642867e-07, 3.6603947251e-07, 7.90549989915e-08, 4.25180360253e-07, 5.4482879932e-06, 0.0337706618011, 1.38400059768e-06, 1.66419135894e-06, 0.000601804116741, 4.74668922834e-06, 0.0212208982557, 1.21869197756e-05, 0.000296237907605, 0.0035060881637, 0.000204942072742, 0.00148889550474, 0.000546293798834, 6.74091716064e-05, 1.45670155689e-05, 4.82351697428e-06, 7.23051016394e-06, 2.60437150246e-06, 8.44646649512e-07, 2.52681047641e-07, 9.40413045214e-08, 2.89546129295e-08, 9.06649422205e-09],
        "mean": [8.23454016086e-08, 6.25434140034e-08, 1.33336923724e-08, 2.43267912481e-08, 2.41749745555e-07, 0.0131568079814, 1.00320207252e-07, 1.30756561134e-07, 8.56150436448e-05, 7.19824242879e-07, 0.00589429959655, 1.12477084713e-06, 4.41566153313e-05, 0.000492890132591, 1.84666187124e-05, 0.000281562504824, 0.000122408149764, 1.43795323311e-05, 2.49394588536e-06, 1.2927221178e-06, 1.78217726443e-06, 6.17593343577e-07, 2.05313412494e-07, 7.65068506325e-08, 1.76202323843e-08, 4.90404783449e-09, 3.3195064475e-09],
        "median": [5.48612852924e-08, 4.37449472201e-08, 4.84106221776e-09, 4.40246905598e-09, 6.63203465479e-08, 0.00112044124398, 4.44410623857e-08, 4.49318804385e-08, 8.32941168483e-07, 1.33212239461e-07, 0.000111561566882, 1.3898491602e-07, 2.84561224362e-06, 3.31746196025e-06, 6.32034527825e-07, 1.44756086229e-06, 2.99063913189e-07, 2.59211702769e-07, 1.22201484487e-07, 5.06931314703e-08, 5.27078256596e-08, 3.5442848656e-08, 1.31014967764e-08, 5.00501284861e-09, 3.36829386605e-09, 2.24183316355e-09, 2.48470954922e-09],
        "min": [1.15341972085e-10, 4.16468838582e-11, 3.96055584162e-12, 6.80076654713e-12, 9.52175924912e-12, 5.39519904447e-12, 2.32473068573e-12, 8.92465680351e-13, 1.00325719954e-11, 2.35786997566e-12, 7.9282466009e-12, 5.08108702682e-12, 3.00964912714e-11, 1.89166200065e-11, 2.10653681998e-11, 2.47204392373e-11, 2.53073395573e-11, 1.1778492244e-11, 1.64866731378e-11, 3.75524680796e-11, 3.35360801629e-11, 3.73979354429e-11, 6.85052223282e-11, 6.55323295629e-11, 1.23675222841e-10, 1.35839672843e-10, 1.88858137462e-10],
        "stdev": [8.34765430113e-08, 6.97863526966e-08, 1.80483983314e-08, 4.98089178791e-08, 6.86346766088e-07, 0.0138199925423, 1.88888492403e-07, 2.3072485078e-07, 0.000129509993712, 9.24528876567e-07, 0.00719436863437, 1.72182126335e-06, 5.78298313485e-05, 0.000759798800573, 3.29673930537e-05, 0.000363996106898, 0.000170836035977, 1.74273263838e-05, 3.35940512741e-06, 1.50584548919e-06, 2.20830452236e-06, 7.56028555315e-07, 2.5018456995e-07, 8.72613128422e-08, 1.97268406055e-08, 4.73792338695e-09, 1.86057691476e-09],
        "var": [6.96833338102e-15, 4.87013536188e-15, 3.25744678135e-16, 2.48092816229e-15, 4.71071857737e-13, 0.000190992184798, 3.56788607176e-14, 5.32339573627e-14, 1.67728373413e-08, 8.54753659345e-13, 5.17589433002e-05, 2.96466865814e-12, 3.34428928994e-09, 5.77294201776e-07, 1.0868490552e-09, 1.32493170213e-07, 2.91849495682e-08, 3.03711694682e-10, 1.12856035281e-11, 2.26757067984e-12, 4.87660866549e-12, 5.7157918806e-13, 6.25923195652e-14, 7.61453651055e-15, 3.89148217671e-16, 2.244791993e-17, 3.46174652084e-18]
    },
    "erbbands": {
        "dmean": [3.11877761305e-06, 6.49557705401e-06, 2.00436061277e-05, 9.54221904976e-05, 0.00129746156745, 0.0493511259556, 2.9416642189, 7.72606658936, 0.373139411211, 0.0177955906838, 0.070584833622, 0.636613130569, 0.131576597691, 5.67959547043, 27.830827713, 1.12048947811, 0.535048723221, 1.57418715954, 5.50199174881, 4.2839384079, 1.53282618523, 0.70202344656, 0.174838662148, 0.0753171890974, 0.0219015181065, 0.00867362879217, 0.0224151946604, 0.00714281061664, 0.00398993305862, 0.00249941484071, 0.00123096280731, 0.000584379595239, 0.000179171081982, 8.66515620146e-05, 2.56668536167e-05, 7.87083354226e-06, 2.64172626885e-06, 8.09882010344e-07, 9.74273916654e-07, 2.02160072149e-06],
        "dmean2": [5.56332815904e-06, 1.10903292807e-05, 3.25777400576e-05, 0.000109760912892, 0.00130124087445, 0.0533767566085, 3.06883096695, 7.26895475388, 0.354016184807, 0.0174805577844, 0.0813340544701, 0.677159249783, 0.133556202054, 6.14855623245, 30.1856613159, 1.26746273041, 0.681000232697, 1.63612377644, 5.62508010864, 4.63089084625, 1.65288424492, 0.780897915363, 0.232232704759, 0.102200627327, 0.0290900263935, 0.0102656669915, 0.030244063586, 0.0106331650168, 0.00583453290164, 0.00383505225182, 0.0018965115305, 0.000858241692185, 0.000272089702776, 0.000135918468004, 3.87957588828e-05, 1.13654887173e-05, 4.19818752562e-06, 1.38307507314e-06, 1.01175157852e-06, 2.00057706934e-06],
        "dvar": [1.56338136881e-11, 6.10014400104e-11, 7.43681394244e-10, 3.6080738397e-08, 8.7993194029e-06, 0.0129973646253, 47.7748031616, 445.962921143, 1.1980189085, 0.00224813888781, 0.0146503802389, 1.20663499832, 0.0395432151854, 79.3794555664, 2215.23144531, 3.91582512856, 2.01911211014, 7.43302965164, 86.0314331055, 49.308757782, 5.56103897095, 1.25741136074, 0.172583535314, 0.0149839008227, 0.00149991444778, 0.000178944057552, 0.00125185761135, 0.00011040118261, 2.9227900086e-05, 1.2271223568e-05, 3.6305152662e-06, 9.1246113243e-07, 9.79573400173e-08, 2.09751505054e-08, 1.54864299162e-09, 1.36472569356e-10, 1.24093825493e-11, 9.65770540796e-13, 3.04364823275e-12, 1.51160195472e-11],
        "dvar2": [4.81352180337e-11, 1.75314665563e-10, 1.57092017172e-09, 3.15033865661e-08, 6.21612889518e-06, 0.0107928905636, 36.6726570129, 298.529205322, 0.865474522114, 0.00157582771499, 0.0162841491401, 1.16056311131, 0.039801992476, 74.2871246338, 2199.0847168, 4.24222517014, 2.96453404427, 7.08905315399, 81.498085022, 54.1010856628, 6.31845331192, 1.48787331581, 0.224893152714, 0.0251937247813, 0.00175697088707, 0.000221968162805, 0.0025303948205, 0.000225685260375, 5.34493519808e-05, 2.56123348663e-05, 5.9449876062e-06, 1.53227949795e-06, 2.08872251051e-07, 4.16196286324e-08, 3.27906612974e-09, 2.08133871249e-10, 2.26143444249e-11, 2.13076735076e-12, 2.26954436147e-12, 1.06326657548e-11],
        "max": [3.55272568413e-05, 9.36858705245e-05, 0.000399719167035, 0.00326930126175, 0.0480819270015, 1.76102674007, 107.856559753, 325.51776123, 16.3511142731, 0.73837429285, 1.97876095772, 18.5373973846, 3.8140642643, 158.360687256, 805.338562012, 32.2626953125, 16.7162780762, 45.3024711609, 158.289306641, 108.103637695, 29.997461319, 14.0377197266, 6.21121501923, 1.38652336597, 0.441561758518, 0.160959586501, 0.523852467537, 0.149519264698, 0.062913544476, 0.0440883524716, 0.0196889135987, 0.00859469361603, 0.00240169255994, 0.00157231721096, 0.000389870838262, 0.000193786996533, 5.67144052184e-05, 1.2707325368e-05, 3.11129842885e-05, 6.87612919137e-05],
        "mean": [8.69950508786e-06, 2.79512823909e-05, 0.000142980759847, 0.00121009256691, 0.0184257235378, 0.667726814747, 41.1290931702, 128.105255127, 6.5161280632, 0.287828862667, 0.291115939617, 2.66968750954, 0.865409135818, 40.5034484863, 231.589141846, 9.7440738678, 2.92995715141, 6.16708707809, 23.1140384674, 18.5300979614, 6.84228134155, 3.23036932945, 0.704818725586, 0.389031291008, 0.0952458158135, 0.044730246067, 0.114132471383, 0.0424273982644, 0.0185892879963, 0.0116608412936, 0.00528837041929, 0.00244163488969, 0.000777457316872, 0.000319905026117, 9.45299980231e-05, 3.78669355996e-05, 1.41756454468e-05, 3.75772242478e-06, 1.04329565147e-05, 2.30465284403e-05],
        "median": [4.69152655569e-06, 5.21974243384e-06, 1.75638924702e-05, 0.000352627772372, 0.00152726506349, 0.0544168241322, 3.31102013588, 9.09409236908, 0.438785225153, 0.0221234299242, 0.00615959987044, 0.0253730062395, 0.0164796020836, 0.754985809326, 4.40835618973, 0.209634631872, 0.164155766368, 0.0953431352973, 0.171875715256, 0.1274921, 0.0653446391225, 0.0217083599418, 0.0160791426897, 0.00732017122209, 0.00484751490876, 0.00250556622632, 0.00310218683444, 0.00171703693923, 0.00124910322484, 0.000593002594542, 0.00037977725151, 0.000161715521244, 8.79933140823e-05, 4.23125129601e-05, 1.9843917471e-05, 1.03420579762e-05, 4.31116723121e-06, 1.58497641678e-06, 8.50917331263e-07, 1.31340686949e-06],
        "min": [2.79370526712e-09, 4.34020552831e-09, 4.83151829656e-09, 1.45800074236e-08, 2.54290810631e-08, 3.19901083401e-08, 4.17325907165e-08, 4.61102196425e-08, 4.42356480335e-08, 2.62643879978e-08, 2.82187126999e-08, 2.26157425232e-07, 1.53612376153e-07, 1.33251816692e-07, 3.59490741175e-07, 2.67340766413e-07, 1.29858915443e-06, 1.20107335988e-06, 6.61884087094e-07, 1.27209966649e-06, 1.76878143066e-06, 1.41258578878e-06, 5.79593859129e-07, 8.87686212536e-07, 9.57659267442e-07, 1.79813309842e-06, 1.62660489877e-06, 1.36847631893e-06, 1.33438322791e-06, 9.01934981812e-07, 2.18424293053e-06, 1.58192722211e-06, 1.31378862989e-06, 9.87471707958e-07, 8.6991462922e-07, 3.86670734542e-07, 2.90812636194e-07, 1.32440263201e-07, 2.00042098442e-08, 3.15674886231e-09],
        "stdev": [8.39829681354e-06, 2.82764613075e-05, 0.000147619721247, 0.00125745101832, 0.0192970484495, 0.702397227287, 43.2828865051, 134.453094482, 6.82579803467, 0.30220413208, 0.424472659826, 4.02223014832, 1.09082961082, 50.1798706055, 281.132965088, 11.6597232819, 3.57691860199, 9.55426311493, 34.9337882996, 24.4958438873, 8.99045085907, 4.36797428131, 1.02554047108, 0.479882419109, 0.112106285989, 0.0500247888267, 0.140691995621, 0.0490115582943, 0.0218263138086, 0.0135523350909, 0.006392900832, 0.0029118033126, 0.000848346273415, 0.000354274292476, 0.000101367913885, 4.02770565415e-05, 1.31505330501e-05, 3.0871706258e-06, 1.11206172733e-05, 2.51369256148e-05],
        "var": [7.0531386287e-11, 7.9955825294e-10, 2.1791580096e-08, 1.58118314175e-06, 0.000372376060113, 0.493361860514, 1873.4083252, 18077.6328125, 46.5915184021, 0.0913273319602, 0.180177047849, 16.1783351898, 1.18990921974, 2518.01953125, 79035.7421875, 135.949157715, 12.7943468094, 91.2839508057, 1220.36950684, 600.046325684, 80.8282089233, 19.0791988373, 1.05173313618, 0.230287149549, 0.0125678190961, 0.00250247935764, 0.0197942368686, 0.00240213284269, 0.000476387998788, 0.000183665775694, 4.08691812481e-05, 8.47859882924e-06, 7.19691399809e-07, 1.25510268845e-07, 1.02754533771e-08, 1.62224123024e-09, 1.7293652621e-10, 9.53062195136e-12, 1.23668131291e-10, 6.31865060274e-10]
    },
    "gfcc": {
        "mean": [-369.446044922, 72.5322189331, -156.018035889, -28.0438137054, -45.1331977844, -9.24047756195, -40.2116546631, -23.9580097198, -17.0125980377, -5.85593366623, 3.21157574654, 22.3753414154, 21.3936977386],
        "cov": [[55698.1328125, 14614.4433594, -13518.9160156, -6213.02587891, -4616.71142578, -6546.01513672, -4588.71630859, -7289.19238281, -1043.89404297, -3094.37451172, 1986.25341797, 1858.3848877, 5019.26074219], [14614.4433594, 4206.36523438, -3472.61230469, -1864.58947754, -1306.47912598, -1819.07702637, -1295.39428711, -1997.53466797, -347.570037842, -777.791381836, 603.627075195, 559.35760498, 1395.13842773], [-13518.9160156, -3472.61230469, 3462.81933594, 1546.15466309, 1088.83349609, 1541.44714355, 1096.3671875, 1751.11950684, 246.970108032, 767.867431641, -433.196807861, -415.900146484, -1165.70751953], [-6213.02587891, -1864.58947754, 1546.15466309, 1002.88562012, 603.518737793, 743.939208984, 538.159240723, 847.798095703, 155.20072937, 337.979797363, -242.480575562, -226.033065796, -573.015014648], [-4616.71142578, -1306.47912598, 1088.83349609, 603.518737793, 487.516204834, 598.329833984, 409.53515625, 642.677368164, 113.014457703, 248.346298218, -198.101318359, -178.437911987, -443.25378418], [-6546.01513672, -1819.07702637, 1541.44714355, 743.939208984, 598.329833984, 879.323852539, 614.080566406, 919.866271973, 155.213317871, 344.62097168, -286.946868896, -257.927154541, -641.686340332], [-4588.71630859, -1295.39428711, 1096.3671875, 538.159240723, 409.53515625, 614.080566406, 460.90246582, 653.167419434, 109.548545837, 242.585769653, -194.013168335, -181.76411438, -451.48739624], [-7289.19238281, -1997.53466797, 1751.11950684, 847.798095703, 642.677368164, 919.866271973, 653.167419434, 1026.42687988, 172.956970215, 388.511688232, -302.885650635, -271.940490723, -703.770996094], [-1043.89404297, -347.570037842, 246.970108032, 155.20072937, 113.014457703, 155.213317871, 109.548545837, 172.956970215, 60.8958969116, 52.0514755249, -66.6853942871, -56.6229057312, -121.02192688], [-3094.37451172, -777.791381836, 767.867431641, 337.979797363, 248.346298218, 344.62097168, 242.585769653, 388.511688232, 52.0514755249, 205.063735962, -81.0782089233, -78.6684570312, -251.498764038], [1986.25341797, 603.627075195, -433.196807861, -242.480575562, -198.101318359, -286.946868896, -194.013168335, -302.885650635, -66.6853942871, -81.0782089233, 148.2215271, 117.944236755, 240.012405396], [1858.3848877, 559.35760498, -415.900146484, -226.033065796, -178.437911987, -257.927154541, -181.76411438, -271.940490723, -56.6229057312, -78.6684570312, 117.944236755, 132.07611084, 232.061294556], [5019.26074219, 1395.13842773, -1165.70751953, -573.015014648, -443.25378418, -641.686340332, -451.48739624, -703.770996094, -121.02192688, -251.498764038, 240.012405396, 232.061294556, 542.194641113]],
        "icov": [[0.00284802610986, -0.0047716088593, 0.00469847070053, -0.00343147478998, 0.00186789222062, 0.000553453923203, -0.00380984833464, 0.00317879393697, -0.00795167312026, 0.00591807905585, -0.00127516360953, 0.00156095298007, -0.00360969034955], [-0.0047716088593, 0.0167791731656, -0.00820845644921, 0.0128433117643, -0.00577651336789, 0.00514572346583, 0.00725838262588, -0.0024329838343, 0.0140337804332, -0.00508677540347, 0.000813684717286, -0.00442789215595, 0.00348406308331], [0.00469847070053, -0.00820845644921, 0.0123944990337, -0.00776573549956, 0.00546256406233, -0.000170568004251, -0.00433865282685, -0.00239492929541, -0.00880797300488, 0.00330572365783, -0.0043283640407, 0.00491217756644, -0.0070095770061], [-0.00343147478998, 0.0128433117643, -0.00776573549956, 0.0156536437571, -0.0107659995556, 0.0100691728294, 0.00118803721853, -0.00128742831293, 0.00684810336679, -0.00238717743196, 0.001552108326, -0.0033591510728, 0.00217150431126], [0.00186789222062, -0.00577651336789, 0.00546256406233, -0.0107659995556, 0.0235374011099, -0.016228698194, 0.0070857508108, -0.00388754461892, -0.00364011386409, -0.00163150322624, -0.00139252783265, 0.00506708724424, -0.00429318333045], [0.000553453923203, 0.00514572346583, -0.000170568004251, 0.0100691728294, -0.016228698194, 0.0472949184477, -0.0277121961117, -0.00697868084535, 0.000702826131601, -0.000711215601768, 0.0117497779429, -0.00197681458667, -0.0020456938073], [-0.00380984833464, 0.00725838262588, -0.00433865282685, 0.00118803721853, 0.0070857508108, -0.0277121961117, 0.0466460213065, -0.0168516784906, 0.0126381451264, -0.00423383386806, -0.0104616219178, 0.00584604451433, 0.00146980350837], [0.00317879393697, -0.0024329838343, -0.00239492929541, -0.00128742831293, -0.00388754461892, -0.00697868084535, -0.0168516784906, 0.0543933399022, -0.0263309609145, 0.00808941293508, 0.00550781888887, -0.0192548204213, 0.0191346406937], [-0.00795167312026, 0.0140337804332, -0.00880797300488, 0.00684810336679, -0.00364011386409, 0.000702826131601, 0.0126381451264, -0.0263309609145, 0.0667328611016, -0.0184806063771, 0.0115122962743, 0.00494886748493, -0.000888518930878], [0.00591807905585, -0.00508677540347, 0.00330572365783, -0.00238717743196, -0.00163150322624, -0.000711215601768, -0.00423383386806, 0.00808941293508, -0.0184806063771, 0.0527903698385, -0.0168910436332, -0.00686365971342, -0.00153630971909], [-0.00127516360953, 0.000813684717286, -0.0043283640407, 0.001552108326, -0.00139252783265, 0.0117497779429, -0.0104616219178, 0.00550781888887, 0.0115122962743, -0.0168910436332, 0.0462156198919, -0.0118969501927, -0.007381120231], [0.00156095298007, -0.00442789215595, 0.00491217756644, -0.0033591510728, 0.00506708724424, -0.00197681458667, 0.00584604451433, -0.0192548204213, 0.00494886748493, -0.00686365971342, -0.0118969501927, 0.0555156357586, -0.0349412225187], [-0.00360969034955, 0.00348406308331, -0.0070095770061, 0.00217150431126, -0.00429318333045, -0.0020456938073, 0.00146980350837, 0.0191346406937, -0.000888518930878, -0.00153630971909, -0.007381120231, -0.0349412225187, 0.0509612374008]]
    },
    "melbands": {
        "dmean": [2.08536317103e-08, 7.34831351323e-09, 1.14707994214e-08, 1.35020359338e-08, 9.0286222985e-05, 0.000166329846252, 1.24864300233e-06, 1.54768287075e-08, 1.23419954434e-06, 3.53451696355e-06, 1.2744284561e-07, 1.24932867038e-05, 0.000121123615827, 3.39070720656e-06, 6.79434151607e-07, 8.17097486561e-07, 3.89715842175e-06, 1.22470646602e-05, 2.43838371716e-06, 5.53365634914e-06, 1.85138185316e-06, 1.15598834327e-06, 5.11115842983e-07, 1.31363634637e-07, 6.05490129146e-08, 3.74751678578e-08, 1.16180691734e-08, 5.86940096525e-09, 1.5066950354e-08, 1.68810210255e-08, 3.78682063484e-09, 2.29834129506e-09, 3.81738907151e-09, 1.32776034611e-09, 8.95813700996e-10, 4.65185140408e-10, 3.48627626767e-10, 1.43398320995e-10, 1.25006310858e-10, 6.89840545798e-11],
        "dmean2": [3.81922653503e-08, 1.40961775585e-08, 2.0771357967e-08, 2.22496652214e-08, 9.25525891944e-05, 0.000158335751621, 1.4451077277e-06, 2.64440700448e-08, 1.41689599786e-06, 3.74955061488e-06, 2.2336715233e-07, 1.35786549436e-05, 0.000129639200168, 4.57011356048e-06, 8.78121454662e-07, 1.05946151052e-06, 4.10600978284e-06, 1.25302030938e-05, 2.63233914666e-06, 6.04613705946e-06, 2.14465512727e-06, 1.31949229853e-06, 6.75738931477e-07, 2.01781915621e-07, 7.97994985646e-08, 4.96586949339e-08, 1.43773597472e-08, 7.28147897533e-09, 1.98312779531e-08, 2.64325095145e-08, 5.01136954156e-09, 3.00657787555e-09, 5.99128835432e-09, 2.07963957166e-09, 1.3289256362e-09, 6.94930557543e-10, 5.06547304102e-10, 2.25755719674e-10, 1.88977708482e-10, 1.06953716716e-10],
        "dvar": [6.24151897294e-16, 8.06152821114e-17, 6.02827207572e-16, 1.67816401559e-15, 4.62118769917e-08, 1.97599121066e-07, 1.9121195946e-11, 7.97327201025e-16, 4.62627158804e-12, 3.70711933373e-11, 3.17967359257e-14, 3.42191053271e-10, 4.0561094039e-08, 4.8446510692e-11, 3.13109651054e-12, 4.44637425837e-12, 4.72417105435e-11, 4.30213781266e-10, 1.71281044903e-11, 7.99293062292e-11, 9.01693997246e-12, 3.5784350743e-12, 1.41473941936e-12, 5.12750852519e-14, 9.4548477256e-15, 4.66622700291e-15, 3.57362035776e-16, 8.74646088986e-17, 5.82246371597e-16, 7.95354778928e-16, 3.1027948441e-17, 1.0136521862e-17, 2.99838943067e-17, 4.14932448179e-18, 1.76535624881e-18, 5.4156874382e-19, 3.02864581564e-19, 6.15056477565e-20, 4.52162546033e-20, 1.34401291436e-20],
        "dvar2": [2.19799014703e-15, 2.9888507809e-16, 1.56254010077e-15, 4.38148036055e-15, 3.4336178345e-08, 1.33707942496e-07, 2.12345002693e-11, 2.09704139565e-15, 5.0437948089e-12, 3.56623272579e-11, 9.94138921032e-14, 3.26546650831e-10, 3.94841066509e-08, 7.87760759402e-11, 4.89750427712e-12, 6.43901511971e-12, 4.52854351241e-11, 4.08636180449e-10, 1.87168457816e-11, 9.15886186337e-11, 1.03709393504e-11, 4.12761665125e-12, 1.82658293872e-12, 8.75128759064e-14, 1.49780954648e-14, 6.85483562477e-15, 5.41268082279e-16, 1.08884239102e-16, 9.25441093116e-16, 1.58882522719e-15, 4.15982876567e-17, 2.06449011139e-17, 5.45602409427e-17, 8.31941616005e-18, 2.8897108022e-18, 1.0761077966e-18, 5.0090015051e-19, 1.32098107187e-19, 8.92641295162e-20, 3.01335467116e-20],
        "max": [1.63489630722e-07, 4.07504074929e-08, 2.08957288805e-07, 2.84910129267e-07, 0.00336324656382, 0.00687993969768, 5.53987993044e-05, 2.0885545382e-07, 3.41052182193e-05, 0.000102960293589, 8.44350438456e-07, 0.000321694213198, 0.0034927080851, 9.66339430306e-05, 2.12366176129e-05, 2.43883478106e-05, 0.000111370827653, 0.000352486706106, 6.44446845399e-05, 0.000131009335746, 3.37070450769e-05, 2.16164953599e-05, 1.49802990563e-05, 2.32350566876e-06, 1.09442169105e-06, 6.12720270965e-07, 2.13025558082e-07, 1.16191692712e-07, 3.41175677931e-07, 2.77666686088e-07, 6.94002295631e-08, 4.35654605724e-08, 4.01095761049e-08, 2.29338876778e-08, 1.43401059916e-08, 5.93716720232e-09, 5.228030453e-09, 1.87080373415e-09, 1.74171410627e-09, 1.20871279652e-09],
        "mean": [2.95844682086e-08, 7.50002548955e-09, 1.1139857925e-08, 1.60592321663e-08, 0.00128751120064, 0.00269678793848, 2.24019277084e-05, 2.52102303477e-08, 4.62145590063e-06, 1.48371518662e-05, 1.73403051917e-07, 7.00884993421e-05, 0.000979246338829, 2.93528373732e-05, 3.01953286908e-06, 3.83212091037e-06, 1.43580446093e-05, 5.08547964273e-05, 1.03420306914e-05, 2.41359666688e-05, 7.301909136e-06, 4.88531577503e-06, 9.6526798643e-07, 5.28643454345e-07, 2.92695716553e-07, 9.91231061676e-08, 3.53663551778e-08, 2.65439759062e-08, 6.71372077932e-08, 6.74071074513e-08, 1.43012792719e-08, 1.10548104004e-08, 9.18097686764e-09, 5.41447686686e-09, 3.74812891835e-09, 1.32966160304e-09, 1.41046496704e-09, 5.094649147e-10, 3.97415378384e-10, 1.98140462371e-10],
        "median": [2.25091287831e-08, 3.13434611598e-09, 2.9655795597e-09, 6.12418116219e-09, 0.000103950224002, 0.000204008058063, 1.43870522606e-06, 9.98140947672e-09, 5.35364677035e-08, 1.3790918274e-07, 1.32029107647e-08, 7.64307401369e-07, 1.84770906344e-05, 6.55388703308e-07, 2.23478068051e-07, 2.17277758452e-07, 2.15465746578e-07, 3.16380038612e-07, 6.08660926105e-08, 1.24617386632e-07, 8.96227021485e-08, 2.39063258078e-08, 1.4536840176e-08, 1.05933759542e-08, 6.08255623646e-09, 5.02545738357e-09, 1.5988244062e-09, 1.62661151215e-09, 2.02159267104e-09, 1.25135912743e-09, 7.58641205412e-10, 7.50522199944e-10, 5.59356450047e-10, 2.34152253142e-10, 1.77596951034e-10, 1.07246482528e-10, 6.28168836392e-11, 5.98930488538e-11, 5.12271648712e-11, 2.57528252195e-11],
        "min": [2.38181852713e-11, 3.3574915851e-12, 2.87609866478e-12, 1.9912205565e-12, 1.50637965643e-12, 1.05204441079e-12, 6.04907617052e-13, 2.52101182811e-13, 3.04666312794e-13, 1.56504854649e-12, 7.11053069723e-13, 4.32143117948e-13, 1.1720662418e-12, 5.75527581322e-13, 1.47637804759e-12, 3.34511064681e-12, 2.06297327311e-12, 9.25059941842e-13, 1.75111943175e-12, 1.19303145921e-12, 2.46960416526e-12, 1.59647360436e-12, 7.03958050706e-13, 4.63134413632e-13, 7.54941031564e-13, 5.14247769801e-13, 9.08886030673e-13, 1.2455343831e-12, 1.19197067581e-12, 6.99611267356e-13, 8.71562804566e-13, 7.37009520253e-13, 7.04832188708e-13, 4.08166285059e-13, 1.09635662094e-12, 1.46357416204e-12, 8.6539629629e-13, 8.17241456799e-13, 1.22592463524e-12, 6.84662884113e-13],
        "stdev": [2.95675413042e-08, 8.94578278121e-09, 2.31073755685e-08, 3.9299695942e-08, 0.00135477609001, 0.00283135776408, 2.33611735894e-05, 3.91496719487e-08, 7.15472151569e-06, 2.23407641897e-05, 2.28397667001e-07, 9.0204863227e-05, 0.00119401537813, 3.44392465195e-05, 3.94035259887e-06, 5.00989062857e-06, 2.30915247812e-05, 7.74591171648e-05, 1.38829782372e-05, 3.12933261739e-05, 1.03291922642e-05, 6.80697621647e-06, 2.11352380575e-06, 7.29513430997e-07, 3.62450634839e-07, 1.40203681553e-07, 4.58480684529e-08, 3.1565850378e-08, 8.55623341067e-08, 8.71194103524e-08, 1.8172752192e-08, 1.3820581124e-08, 1.12542446473e-08, 6.8962884292e-09, 4.57290427747e-09, 1.67916347493e-09, 1.68580038817e-09, 5.8006760506e-10, 4.48330927938e-10, 2.33913277636e-10],
