{
"lowlevel": {
    "average_loudness": 0.948364853859,
    "barkbands_crest": {
        "dmean": 3.15487623215,
        "dmean2": 4.34343910217,
        "dvar": 8.78028297424,
        "dvar2": 15.0899276733,
        "max": 23.6883945465,
        "mean": 12.3042907715,
        "median": 12.5849256516,
        "min": 3.87155175209,
        "stdev": 5.38029193878,
        "var": 28.9475421906
    },
    "barkbands_flatness_db": {
        "dmean": 0.0227692890912,
        "dmean2": 0.0291011761874,
        "dvar": 0.000448433449492,
        "dvar2": 0.000714722962584,
        "max": 0.338259667158,
        "mean": 0.159928485751,
        "median": 0.15688470006,
        "min": 0.0359987057745,
        "stdev": 0.046597559005,
        "var": 0.00217133248225
    },
    "barkbands_kurtosis": {
        "dmean": 3.23894476891,
        "dmean2": 3.87200093269,
        "dvar": 26.0128955841,
        "dvar2": 34.1926040649,
        "max": 86.4518127441,
        "mean": 6.22744941711,
        "median": 2.56496524811,
        "min": -1.69903934002,
        "stdev": 11.0690011978,
        "var": 122.522796631
    },
    "barkbands_skewness": {
        "dmean": 0.564620256424,
        "dmean2": 0.716619491577,
        "dvar": 0.306733876467,
        "dvar2": 0.575741589069,
        "max": 7.470246315,
        "mean": 1.95760715008,
        "median": 1.74496030807,
        "min": -1.03303873539,
        "stdev": 1.1906863451,
        "var": 1.4177339077
    },
    "barkbands_spread": {
        "dmean": 5.36689329147,
        "dmean2": 7.7994222641,
        "dvar": 89.7963943481,
        "dvar2": 214.807357788,
        "max": 110.819816589,
        "mean": 22.2377090454,
        "median": 13.9316444397,
        "min": 2.16262435913,
        "stdev": 22.0442428589,
        "var": 485.948608398
    },
    "dissonance": {
        "dmean": 0.024448627606,
        "dmean2": 0.0408471822739,
        "dvar": 0.000447445519967,
        "dvar2": 0.00110219419003,
        "max": 0.498451560736,
        "mean": 0.409226447344,
        "median": 0.406750708818,
        "min": 0.280152022839,
        "stdev": 0.0493296608329,
        "var": 0.00243341550231
    },
    "dynamic_complexity": 7.95864057541,
    "erbbands_crest": {
        "dmean": 2.08729052544,
        "dmean2": 3.10346031189,
        "dvar": 3.24568510056,
        "dvar2": 5.75631523132,
        "max": 27.8904838562,
        "mean": 10.0160541534,
        "median": 9.30055809021,
        "min": 4.24822330475,
        "stdev": 3.91265153885,
        "var": 15.308842659
    },
    "erbbands_flatness_db": {
        "dmean": 0.0104358447716,
        "dmean2": 0.0124184433371,
        "dvar": 0.000116176459414,
        "dvar2": 0.000147573315189,
        "max": 0.253752321005,
        "mean": 0.169499382377,
        "median": 0.198648378253,
        "min": 0.047100123018,
        "stdev": 0.061709433794,
        "var": 0.0038080541417
    },
    "erbbands_kurtosis": {
        "dmean": 0.840622484684,
        "dmean2": 1.00982236862,
        "dvar": 4.87970066071,
        "dvar2": 6.01941394806,
        "max": 44.5571556091,
        "mean": 0.291222035885,
        "median": -0.571207761765,
        "min": -1.65427172184,
        "stdev": 4.21232032776,
        "var": 17.743642807
    },
    "erbbands_skewness": {
        "dmean": 0.247977882624,
        "dmean2": 0.310943096876,
        "dvar": 0.0813548862934,
        "dvar2": 0.113073728979,
        "max": 6.13577270508,
        "mean": 0.261505097151,
        "median": 0.0774058029056,
        "min": -1.18923532963,
        "stdev": 0.931541979313,
        "var": 0.867770493031
    },
    "erbbands_spread": {
        "dmean": 7.27030181885,
        "dmean2": 9.00813865662,
        "dvar": 51.4620018005,
        "dvar2": 78.3787002563,
        "max": 125.518531799,
        "mean": 43.3736572266,
        "median": 35.5982513428,
        "min": 8.99710559845,
        "stdev": 26.0876846313,
        "var": 680.567321777
    },
    "hfc": {
        "dmean": 2.32626605034,
        "dmean2": 2.47519874573,
        "dvar": 8.40051269531,
        "dvar2": 9.99024677277,
        "max": 43.0337181091,
        "mean": 12.0149421692,
        "median": 10.2754049301,
        "min": 5.61214449135e-07,
        "stdev": 11.0296754837,
        "var": 121.653747559
    },
    "loudness_ebu128": {
        "integrated": -29.3498058319,
        "loudness_range": 3.00716781616,
        "momentary": {
            "dmean": 1.24080860615,
            "dmean2": 1.22392082214,
            "dvar": 3.98599338531,
            "dvar2": 4.52122068405,
            "max": -26.8469638824,
            "mean": -34.1410179138,
            "median": -29.805688858,
            "min": -54.0051498413,
            "stdev": 8.40779972076,
            "var": 70.6910934448
        },
        "short_term": {
            "dmean": 0.153250738978,
            "dmean2": 0.137889444828,
            "dvar": 0.0149848768488,
            "dvar2": 0.0121603440493,
            "max": -29.4344615936,
            "mean": -30.6802196503,
            "median": -30.2319202423,
            "min": -32.7484664917,
            "stdev": 1.17940223217,
            "var": 1.39098954201
        }
    },
    "melbands_crest": {
        "dmean": 3.04720115662,
        "dmean2": 4.21688365936,
        "dvar": 8.5593919754,
        "dvar2": 17.4620475769,
        "max": 34.3005180359,
        "mean": 14.9140176773,
        "median": 15.3070640564,
        "min": 6.32117414474,
        "stdev": 5.20342302322,
        "var": 27.0756111145
    },
    "melbands_flatness_db": {
        "dmean": 0.0273299273103,
        "dmean2": 0.0341418348253,
        "dvar": 0.000501575355884,
        "dvar2": 0.000835603685118,
        "max": 0.458728343248,
        "mean": 0.239115864038,
        "median": 0.237498730421,
        "min": 0.0619445033371,
        "stdev": 0.0621331818402,
        "var": 0.0038605320733
    },
    "melbands_kurtosis": {
        "dmean": 8.95332717896,
        "dmean2": 10.8228998184,
        "dvar": 287.745330811,
        "dvar2": 386.31930542,
        "max": 296.49041748,
        "mean": 20.2399559021,
        "median": 9.6793680191,
        "min": -0.342538356781,
        "stdev": 38.3242645264,
        "var": 1468.74938965
    },
    "melbands_skewness": {
        "dmean": 0.797883570194,
        "dmean2": 1.02952063084,
        "dvar": 0.503179907799,
        "dvar2": 0.929536104202,
        "max": 10.8537435532,
        "mean": 3.16213417053,
        "median": 2.85933375359,
        "min": 0.719903707504,
        "stdev": 1.91311323643,
        "var": 3.6600022316
    },
    "melbands_spread": {
        "dmean": 5.98931694031,
        "dmean2": 8.67849826813,
        "dvar": 109.949798584,
        "dvar2": 291.708862305,
        "max": 147.781784058,
        "mean": 19.2196788788,
        "median": 15.7050609589,
        "min": 0.663051187992,
        "stdev": 16.658203125,
        "var": 277.495758057
    },
    "pitch_salience": {
        "dmean": 0.0892712771893,
        "dmean2": 0.117495298386,
        "dvar": 0.00664299307391,
        "dvar2": 0.011187421158,
        "max": 0.847140669823,
        "mean": 0.560884773731,
        "median": 0.585040330887,
        "min": 0.16608184576,
        "stdev": 0.151173621416,
        "var": 0.0228534638882
    },
    "silence_rate_20dB": {
        "dmean": 0,
        "dmean2": 0,
        "dvar": 0,
        "dvar2": 0,
        "max": 1,
        "mean": 1,
        "median": 1,
        "min": 1,
        "stdev": 0,
        "var": 0
    },
    "silence_rate_30dB": {
        "dmean": 0,
        "dmean2": 0,
        "dvar": 0,
        "dvar2": 0,
        "max": 1,
        "mean": 1,
        "median": 1,
        "min": 1,
        "stdev": 0,
        "var": 0
    },
    "silence_rate_60dB": {
        "dmean": 0.0182926822454,
        "dmean2": 0.0366972461343,
        "dvar": 0.0179581083357,
        "dvar2": 0.035350497812,
        "max": 1,
        "mean": 0.306990891695,
        "median": 0,
        "min": 0,
        "stdev": 0.461245149374,
        "var": 0.212747097015
    },
    "spectral_centroid": {
        "dmean": 171.273727417,
        "dmean2": 221.006637573,
        "dvar": 48910.0898438,
        "dvar2": 99322.8359375,
        "max": 3720.54956055,
        "mean": 1072.81018066,
        "median": 874.775268555,
        "min": 207.471694946,
        "stdev": 735.726318359,
        "var": 541293.1875
    },
    "spectral_complexity": {
        "dmean": 0.926829278469,
        "dmean2": 1.48623847961,
        "dvar": 2.20196294785,
        "dvar2": 3.87671613693,
        "max": 24,
        "mean": 9.32522773743,
        "median": 11,
        "min": 0,
        "stdev": 6.54054641724,
        "var": 42.7787475586
    },
    "spectral_decrease": {
        "dmean": 1.88302884396e-09,
        "dmean2": 2.13553708051e-09,
        "dvar": 5.65169499166e-18,
        "dvar2": 7.58478795905e-18,
        "max": -2.90861043163e-18,
        "mean": -5.26363175268e-09,
        "median": -4.31376800947e-09,
        "min": -2.662494758e-08,
        "stdev": 5.19919796105e-09,
        "var": 2.70316585764e-17
    },
    "spectral_energy": {
        "dmean": 0.00728078372777,
        "dmean2": 0.00824864394963,
        "dvar": 8.46717157401e-05,
        "dvar2": 0.00011304437794,
        "max": 0.104392044246,
        "mean": 0.020955953747,
        "median": 0.0173149574548,
        "min": 6.18815554354e-11,
        "stdev": 0.0205338522792,
        "var": 0.000421639095293
    },
    "spectral_energyband_high": {
        "dmean": 7.66792072682e-06,
        "dmean2": 1.17731824503e-05,
        "dvar": 8.02200181282e-11,
        "dvar2": 1.74485259574e-10,
        "max": 0.000148862367496,
        "mean": 4.84155716549e-05,
        "median": 4.77012508782e-05,
        "min": 3.33331660884e-11,
        "stdev": 2.80068070424e-05,
        "var": 7.84381282148e-10
    },
    "spectral_energyband_low": {
        "dmean": 5.85911402595e-05,
        "dmean2": 9.94881847873e-05,
        "dvar": 2.16609059578e-08,
        "dvar2": 5.94083502392e-08,
        "max": 0.00156382028945,
        "mean": 0.000103098900581,
        "median": 7.53492931835e-05,
        "min": 8.11250545907e-12,
        "stdev": 0.000136650240165,
        "var": 1.86732869167e-08
    },
    "spectral_energyband_middle_high": {
        "dmean": 0.000690799672157,
        "dmean2": 0.000787608558312,
        "dvar": 8.353339922e-07,
        "dvar2": 1.26892064145e-06,
        "max": 0.0141763892025,
        "mean": 0.00416280142963,
        "median": 0.00341628072783,
        "min": 1.01910667405e-11,
        "stdev": 0.00408370327204,
        "var": 1.66766330949e-05
    },
    "spectral_energyband_middle_low": {
        "dmean": 0.00691646430641,
        "dmean2": 0.00764382071793,
        "dvar": 7.52180421841e-05,
        "dvar2": 9.93205539999e-05,
        "max": 0.0903230309486,
        "mean": 0.0171078760177,
        "median": 0.0134762944654,
        "min": 1.3190551082e-12,
        "stdev": 0.0177723933011,
        "var": 0.000315857934766
    },
    "spectral_entropy": {
        "dmean": 0.160299316049,
        "dmean2": 0.191471174359,
        "dvar": 0.0294432323426,
        "dvar2": 0.0317110493779,
        "max": 8.80478858948,
        "mean": 7.01924943924,
        "median": 6.70286226273,
        "min": 5.37737035751,
        "stdev": 0.806373178959,
        "var": 0.650237679482
    },
    "spectral_flux": {
        "dmean": 0.0184337720275,
        "dmean2": 0.0305590331554,
        "dvar": 0.00036434904905,
        "dvar2": 0.000971075845882,
        "max": 0.133574292064,
        "mean": 0.0457562878728,
        "median": 0.0407984592021,
        "min": 0.00170417979825,
        "stdev": 0.0343527384102,
        "var": 0.00118011061568
    },
    "spectral_kurtosis": {
        "dmean": 1.30810308456,
        "dmean2": 2.17325854301,
        "dvar": 2.41483521461,
        "dvar2": 7.00551652908,
        "max": 21.586812973,
        "mean": 7.56545114517,
        "median": 8.66814994812,
        "min": 1.38576364517,
        "stdev": 4.18772411346,
        "var": 17.5370330811
    },
    "spectral_rms": {
        "dmean": 0.000678823329508,
        "dmean2": 0.000739157083444,
        "dvar": 4.84353336105e-07,
        "dvar2": 5.65069797176e-07,
        "max": 0.0100918728858,
        "mean": 0.00376399303786,
        "median": 0.0041100657545,
        "min": 2.45707639124e-07,
        "stdev": 0.00250543118455,
        "var": 6.2771850935e-06
    },
    "spectral_rolloff": {
        "dmean": 738.167724609,
        "dmean2": 1202.36865234,
        "dvar": 3229573.75,
        "dvar2": 7826966.5,
        "max": 19164.5507812,
        "mean": 1484.02246094,
        "median": 796.728515625,
        "min": 21.533203125,
        "stdev": 2431.79858398,
        "var": 5913644.5
    },
    "spectral_skewness": {
        "dmean": 0.150384664536,
        "dmean2": 0.233076021075,
        "dvar": 0.0240267608315,
        "dvar2": 0.0633101016283,
        "max": 3.3294210434,
        "mean": 1.98912703991,
        "median": 2.15486359596,
        "min": 1.0111862421,
        "stdev": 0.554345190525,
        "var": 0.307298570871
    },
    "spectral_spread": {
        "dmean": 287324.15625,
        "dmean2": 406084.84375,
        "dvar": 239360851968,
        "dvar2": 376913461248,
        "max": 10476119,
        "mean": 5310338.5,
        "median": 3481889.25,
        "min": 2437602.25,
        "stdev": 2857771,
        "var": 8.16685567181e+12
    },
    "spectral_strongpeak": {
        "dmean": 0.309740185738,
        "dmean2": 0.486159771681,
        "dvar": 0.181620791554,
        "dvar2": 0.440989911556,
        "max": 4.0290760994,
        "mean": 0.769469320774,
        "median": 0.65020865202,
        "min": 0,
        "stdev": 0.688560009003,
        "var": 0.474114924669
    },
    "zerocrossingrate": {
        "dmean": 0.0150905698538,
        "dmean2": 0.0159266293049,
        "dvar": 0.000407441460993,
        "dvar2": 0.000411953049479,
        "max": 0.27783203125,
        "mean": 0.0644011795521,
        "median": 0.044921875,
        "min": 0.0107421875,
        "stdev": 0.0542887784541,
        "var": 0.0029472715687
    },
    "barkbands": {
        "dmean": [8.58793864609e-05, 9.27397559281e-06, 1.10104192572e-05, 0.00107912835665, 0.00631051464006, 0.000407942628954, 0.000275760219665, 0.000580687134061, 8.86670532054e-05, 0.000976580777206, 0.00032630682108, 0.000569969241042, 8.08097684057e-05, 4.13426969317e-05, 0.000207046337891, 0.00030930119101, 0.000223027294851, 7.47033191146e-05, 2.44677121373e-05, 1.15885868581e-05, 1.96459791368e-06, 2.79597952613e-06, 1.99231931219e-06, 1.0326134543e-06, 8.44878172757e-07, 9.38644575399e-07, 1.01490422821e-06],
        "dmean2": [0.000118779898912, 1.68376918737e-05, 2.12544146052e-05, 0.00122833286878, 0.00750143220648, 0.000389260938391, 0.000226753298193, 0.000510343234055, 9.92748973658e-05, 0.00119191932026, 0.000443020398961, 0.00056993518956, 0.000101302852272, 6.16785255261e-05, 0.000282156368485, 0.000328423222527, 0.000332282332238, 0.000120747587061, 3.79946504836e-05, 1.93837568077e-05, 3.04173931909e-06, 4.33987997894e-06, 3.17594026455e-06, 1.70772568708e-06, 1.41200098369e-06, 1.53923576818e-06, 1.59283024459e-06],
        "dvar": [1.56008166385e-08, 2.44391812343e-10, 4.02128819132e-09, 1.60586751008e-06, 6.88344443915e-05, 2.55171556773e-07, 9.71951337192e-08, 5.82343659516e-07, 1.73661209857e-08, 1.95063785213e-06, 2.44101499902e-07, 7.72582552599e-07, 1.4552217209e-08, 4.47863124364e-09, 6.9214742382e-08, 2.03136238497e-07, 9.97588713858e-08, 1.27710597653e-08, 1.60242308311e-09, 3.95966925915e-10, 5.44376869971e-12, 1.13401345606e-11, 5.30609887625e-12, 1.26812275958e-12, 1.03670273321e-12, 1.32298469055e-12, 2.13175202317e-12],
        "dvar2": [3.08677918781e-08, 7.08723635334e-10, 1.21964180977e-08, 2.24856762543e-06, 9.51206384343e-05, 2.14438074408e-07, 6.92547033054e-08, 4.31434216352e-07, 1.91250499881e-08, 2.27646751227e-06, 4.18188164986e-07, 7.30685542294e-07, 2.57664520831e-08, 9.28045551518e-09, 1.48412240719e-07, 1.77683006086e-07, 2.16960444277e-07, 3.26755262847e-08, 3.85754761467e-09, 1.10137010623e-09, 1.24804194757e-11, 2.82011827085e-11, 1.2164282602e-11, 2.96968677947e-12, 2.3977267654e-12, 2.66418939861e-12, 3.80895011712e-12],
        "max": [0.000926339766011, 0.000114093199954, 0.000615048338659, 0.0109589947388, 0.0704721882939, 0.00866530928761, 0.00391228729859, 0.00906831398606, 0.00149725342635, 0.0144832488149, 0.005528641399, 0.00948853418231, 0.00102552829776, 0.000721557997167, 0.00272298371419, 0.00352906575426, 0.0026135139633, 0.000926285632886, 0.000604154716711, 0.000212992192246, 2.32934489759e-05, 4.28532948717e-05, 2.85707410512e-05, 1.2784050341e-05, 1.16164883366e-05, 1.26447757793e-05, 1.50742807818e-05],
        "mean": [0.000175241104444, 1.03931561171e-05, 9.00845407159e-06, 0.00180768873543, 0.00909771583974, 0.00245733815245, 0.00100986321922, 0.0011134481756, 0.000166136669577, 0.00149131414946, 0.000488012068672, 0.00111095583998, 0.000131070191856, 0.000105881103082, 0.000522721733432, 0.000547141651623, 0.000371683388948, 0.000156814639922, 0.000107005223981, 3.34073156409e-05, 6.47811475574e-06, 9.37846107263e-06, 7.83773157309e-06, 4.17906676375e-06, 3.74030400963e-06, 4.73274349133e-06, 6.04714250585e-06],
        "median": [7.47463200241e-05, 6.83344524077e-06, 2.4002695227e-06, 0.00100461859256, 0.00380371254869, 0.00228232750669, 0.000820971850771, 0.00030683336081, 7.3441551649e-05, 0.000534392020199, 0.000167292339029, 0.000245637609623, 5.94450793869e-05, 5.13765080541e-05, 0.000289172370685, 0.0001234937954, 0.000199894697289, 7.58136884542e-05, 4.5494594815e-05, 1.76506928256e-05, 5.55769565835e-06, 7.68605423218e-06, 6.28185944151e-06, 3.97122448703e-06, 3.34486185238e-06, 4.34130561189e-06, 5.85768293604e-06],
        "min": [4.65039552006e-12, 4.44802267935e-12, 1.10805960761e-12, 5.06538875514e-13, 3.71881074112e-13, 2.13617277621e-13, 8.94417732152e-14, 4.18232275526e-14, 4.48572114783e-14, 3.48526112484e-13, 2.04003169067e-13, 1.78720712817e-13, 9.56894502871e-13, 1.40489182787e-12, 1.35503164678e-12, 8.80469091732e-13, 1.08624166519e-12, 5.69078421539e-13, 2.77956368859e-12, 5.98918809512e-13, 8.72702734731e-13, 2.90250072241e-12, 4.72073682228e-12, 3.69529580546e-12, 5.03563813911e-12, 7.47426079362e-12, 1.16440876038e-11],
        "stdev": [0.000218057539314, 1.30865655592e-05, 4.84967968077e-05, 0.00220111873932, 0.0127854170278, 0.00233342102729, 0.00104017858393, 0.00165187206585, 0.000240166700678, 0.00230119843036, 0.000744172080886, 0.00178417051211, 0.000190501014004, 0.000137974828249, 0.000620094186161, 0.000846684852149, 0.000474088534247, 0.000187285288121, 0.000130298634758, 4.19317439082e-05, 5.0429644034e-06, 6.81515120959e-06, 6.0112997744e-06, 2.49363347393e-06, 2.06179515772e-06, 2.50656967182e-06, 3.34951164405e-06],
        "var": [4.75490899987e-08, 1.71258188186e-10, 2.35193930997e-09, 4.84492375108e-06, 0.000163466887898, 5.44485374121e-06, 1.0819713907e-06, 2.7286812383e-06, 5.76800438523e-08, 5.29551380168e-06, 5.53792062874e-07, 3.18326442539e-06, 3.62906362739e-08, 1.9037052823e-08, 3.84516766871e-07, 7.16875206308e-07, 2.2475994399e-07, 3.5075778726e-08, 1.69777347736e-08, 1.75827108428e-09, 2.5431490247e-11, 4.6446287788e-11, 3.61357228862e-11, 6.21820737262e-12, 4.25099929216e-12, 6.28289130791e-12, 1.12192278037e-11]
    },
    "erbbands": {
        "dmean": [0.000659050128888, 0.00176356628072, 0.0297536216676, 1.69276869297, 27.0362663269, 8.78004837036, 0.447653412819, 3.57521986961, 7.20467710495, 1.23672521114, 15.8150749207, 3.58972644806, 39.1421775818, 5.70921421051, 8.25860404968, 28.265296936, 4.26536464691, 2.2774617672, 3.65102553368, 12.9345598221, 17.5450439453, 15.3442354202, 4.97326087952, 1.50585234165, 0.959018707275, 0.555103421211, 0.12995237112, 0.0762816667557, 0.114398390055, 0.0802002325654, 0.061291333288, 0.0238816607744, 0.0179929696023, 0.0103012723848, 0.00687945540994, 0.00407558865845, 0.00186467648018, 0.000777744106017, 0.000161378149642, 1.96085347852e-05],
        "dmean2": [0.00117707950994, 0.00283750379458, 0.0397211685777, 1.93520402908, 31.8789901733, 10.6144075394, 0.612131476402, 3.44584178925, 5.8614487648, 1.07097554207, 13.8682489395, 3.65589499474, 47.6221351624, 7.38659238815, 11.7873249054, 28.491235733, 5.90024232864, 3.23190665245, 5.19799661636, 20.2089157104, 19.1343574524, 23.0007991791, 8.0005273819, 2.40488958359, 1.48962461948, 0.897494971752, 0.20982183516, 0.116142787039, 0.182741224766, 0.129362940788, 0.101514786482, 0.0396758541465, 0.0301816333085, 0.0167463459074, 0.0116733647883, 0.00662695802748, 0.00308596063405, 0.00128165946808, 0.000249968492426, 2.99058792734e-05],
        "dvar": [1.29655313685e-06, 5.25681525687e-06, 0.00257619703189, 4.20842504501, 1224.19995117, 137.386795044, 0.912068426609, 19.6243591309, 66.7439193726, 2.49244165421, 432.246795654, 26.4242572784, 3180.58666992, 51.1289367676, 184.031616211, 1915.50610352, 36.139793396, 12.6478252411, 42.2026939392, 291.996276855, 671.648925781, 467.737365723, 56.1694564819, 5.75850582123, 2.61564517021, 0.800560176373, 0.0291494335979, 0.00629005115479, 0.0243747998029, 0.00827903021127, 0.00595808634534, 0.00060600717552, 0.000390167813748, 0.000138256131322, 6.00835664955e-05, 1.79592971108e-05, 5.09962364958e-06, 9.19859587611e-07, 4.22940118483e-08, 5.33443900164e-10],
        "dvar2": [3.82277494282e-06, 1.42961916936e-05, 0.00640868349001, 5.76306056976, 1666.86157227, 196.527877808, 2.65863871574, 16.7995262146, 50.7304458618, 1.77188158035, 321.167999268, 25.3173713684, 3687.70654297, 86.6371459961, 330.382751465, 1850.18237305, 72.5439987183, 25.7729930878, 83.0509109497, 720.666503906, 610.135620117, 1036.76159668, 134.38633728, 12.8745536804, 6.01598358154, 2.37641620636, 0.0699598044157, 0.0140164792538, 0.0620370395482, 0.0233212020248, 0.0149900326505, 0.00147228618152, 0.000934833602514, 0.000326325767674, 0.000150809850311, 3.83185870305e-05, 1.1175254258e-05, 1.96118162421e-06, 7.39514831594e-08, 9.81532854993e-10],
        "max": [0.00952401570976, 0.0181747358292, 0.457607865334, 17.9588851929, 299.353057861, 98.0437011719, 9.05957794189, 75.923210144, 119.346313477, 21.3362770081, 246.979675293, 60.6207618713, 588.984008789, 67.8297424316, 164.620101929, 469.222747803, 57.9826850891, 42.4117660522, 67.7203216553, 162.573608398, 222.258041382, 184.354858398, 70.4243850708, 30.5683479309, 22.1761264801, 9.31630420685, 1.67665874958, 0.889823615551, 2.06526780128, 1.0157135725, 0.852802217007, 0.278066515923, 0.212065204978, 0.145553350449, 0.0763731151819, 0.0475826002657, 0.0236556474119, 0.00911383144557, 0.00223786756396, 0.000262717221631],
        "mean": [0.000962018268183, 0.00284279277548, 0.0463421344757, 2.73797559738, 39.9609222412, 12.3219928741, 0.962493360043, 21.5718746185, 32.6002845764, 3.34779834747, 30.3349189758, 7.34998941422, 60.7661552429, 10.867269516, 19.0921859741, 56.1237297058, 10.1673278809, 6.99964094162, 9.39541149139, 34.383518219, 33.341129303, 25.9963874817, 9.96832466125, 6.44633293152, 3.48113632202, 1.41821396351, 0.371209383011, 0.27212652564, 0.344903826714, 0.283630698919, 0.208671122789, 0.0970369726419, 0.0677852481604, 0.0415539257228, 0.0275207776576, 0.0171851608902, 0.00904566608369, 0.00343941082247, 0.000863902911078, 0.000110043787572],
        "median": [0.000682134239469, 0.00200680620037, 0.0242114495486, 1.4375923872, 18.5891704559, 4.90790605545, 0.77111530304, 20.234703064, 27.4720363617, 1.9844584465, 8.3205575943, 3.07950282097, 22.5700359344, 6.41191482544, 13.9556369781, 12.7380552292, 6.81255531311, 4.48857355118, 4.58498477936, 21.6521224976, 12.3427295685, 14.4264879227, 5.88390493393, 3.35863041878, 1.3766232729, 0.747096061707, 0.234422966838, 0.241209104657, 0.271458119154, 0.209741175175, 0.171131342649, 0.0925092250109, 0.0610905662179, 0.0355011858046, 0.0249396301806, 0.0160920526832, 0.00840640068054, 0.00287217297591, 0.000819863169454, 0.000107184467197],
        "min": [2.00625988045e-10, 7.52994999687e-10, 1.3564207535e-09, 1.58561408448e-09, 1.61368562956e-09, 1.05824027319e-09, 1.01366670613e-09, 1.95942861936e-09, 1.5283021515e-09, 1.02454067452e-09, 8.4138962464e-10, 9.63328083969e-10, 6.33228625091e-09, 1.01685309062e-08, 1.10961355659e-08, 7.97418309162e-09, 3.64653836016e-08, 6.95137387652e-08, 7.01485021182e-08, 6.64481376589e-08, 5.69648754833e-08, 5.48422249835e-08, 3.64314871604e-08, 1.15700004244e-07, 9.09077115807e-08, 3.53612570336e-08, 2.73554103813e-08, 5.02121757506e-08, 8.82871447061e-08, 1.19666296428e-07, 1.56632594894e-07, 7.05935292444e-08, 6.96103441555e-08, 4.51004780189e-08, 3.66221613035e-08, 3.23603082109e-08, 1.18372733837e-08, 5.70072522521e-09, 1.26640287146e-09, 1.69058753108e-10],
        "stdev": [0.00104331760667, 0.00259825843386, 0.0608343221247, 3.44021463394, 54.859085083, 17.719121933, 1.1177932024, 20.4591941833, 32.1247253418, 4.0428185463, 44.9986572266, 10.2111663818, 93.5051727295, 13.1421699524, 22.9177627563, 88.987739563, 11.7083997726, 8.45405578613, 13.1621675491, 37.7542953491, 49.2484588623, 32.8679122925, 12.0628652573, 7.55833768845, 4.31855010986, 1.778642416, 0.355503052473, 0.195774644613, 0.279314875603, 0.199103951454, 0.168119221926, 0.0579454153776, 0.0414567776024, 0.0237184725702, 0.0149678699672, 0.00918422266841, 0.00476740906015, 0.00196830066852, 0.000479787791846, 5.29051394551e-05],
        "var": [1.08851168079e-06, 6.75094725011e-06, 0.00370081467554, 11.8350763321, 3009.51928711, 313.967285156, 1.24946165085, 418.578643799, 1031.99804688, 16.3443832397, 2024.87915039, 104.267913818, 8743.21679688, 172.716629028, 525.223815918, 7918.81787109, 137.086624146, 71.4710617065, 173.242645264, 1425.38684082, 2425.41064453, 1080.29956055, 145.51272583, 57.1284713745, 18.6498756409, 3.16356873512, 0.126382410526, 0.0383277088404, 0.078016795218, 0.0396423824131, 0.0282640717924, 0.00335767120123, 0.00171866442543, 0.000562565983273, 0.000224037125008, 8.43499510665e-05, 2.27281889238e-05, 3.87420732295e-06, 2.30196320672e-07, 2.79895373545e-09]
    },
    "gfcc": {
        "mean": [-83.5582809448, 66.7932739258, -105.218170166, -6.34657001495, -48.817489624, -13.9447422028, -43.8587303162, -8.10048961639, -28.4042739868, -20.0078086853, -25.3756713867, 1.24664568901, -13.931845665],
        "cov": [[13008.0351562, 4489.15429688, -4554.67480469, -1879.62670898, -130.030838013, -1414.87646484, -1423.18041992, -174.356201172, -405.749328613, -836.046325684, -127.516921997, -287.473266602, -443.250762939], [4489.15429688, 2073.92919922, -1678.62768555, -775.773620605, -107.524627686, -614.885070801, -643.121887207, -108.773200989, -183.316497803, -408.461212158, -97.3684997559, -143.144561768, -200.683547974], [-4554.67480469, -1678.62768555, 2289.88476562, 797.630310059, -65.1511001587, 528.940673828, 578.237548828, 45.1804046631, 109.700447083, 256.746185303, -64.6638412476, 87.5389099121, 216.662704468], [-1879.62670898, -775.773620605, 797.630310059, 465.639587402, 120.336975098, 258.32723999, 218.570861816, -25.8931884766, 18.9169559479, 116.535453796, 18.5400524139, 55.7122001648, 86.8113861084], [-130.030838013, -107.524627686, -65.1511001587, 120.336975098, 204.175308228, 86.2982254028, -16.7726364136, -44.4334373474, -39.2667579651, -6.99205970764, 40.0056762695, 46.2825012207, 11.6467027664], [-1414.87646484, -614.885070801, 528.940673828, 258.32723999, 86.2982254028, 237.784469604, 206.852127075, 18.9036560059, 35.7974891663, 105.760490417, 29.0087051392, 53.4515419006, 68.8346557617], [-1423.18041992, -643.121887207, 578.237548828, 218.570861816, -16.7726364136, 206.852127075, 258.886474609, 67.9383239746, 71.6769714355, 131.173431396, 13.1106863022, 36.3703956604, 73.6766357422], [-174.356201172, -108.773200989, 45.1804046631, -25.8931884766, -44.4334373474, 18.9036560059, 67.9383239746, 70.0940475464, 51.6565971375, 36.3077278137, 2.6192677021, 5.22561740875, 15.4596443176], [-405.749328613, -183.316497803, 109.700447083, 18.9169559479, -39.2667579651, 35.7974891663, 71.6769714355, 51.6565971375, 70.4936447144, 69.8807373047, 18.3246021271, 11.3296613693, 13.1395454407], [-836.046325684, -408.461212158, 256.746185303, 116.535453796, -6.99205970764, 105.760490417, 131.173431396, 36.3077278137, 69.8807373047, 141.290618896, 61.6515884399, 25.880657196, 24.8638267517], [-127.516921997, -97.3684997559, -64.6638412476, 18.5400524139, 40.0056762695, 29.0087051392, 13.1106863022, 2.6192677021, 18.3246021271, 61.6515884399, 78.4107284546, 30.362537384, -12.5820121765], [-287.473266602, -143.144561768, 87.5389099121, 55.7122001648, 46.2825012207, 53.4515419006, 36.3703956604, 5.22561740875, 11.3296613693, 25.880657196, 30.362537384, 54.1049461365, 22.6383018494], [-443.250762939, -200.683547974, 216.662704468, 86.8113861084, 11.6467027664, 68.8346557617, 73.6766357422, 15.4596443176, 13.1395454407, 24.8638267517, -12.5820121765, 22.6383018494, 55.499130249]],
        "icov": [[0.000502167502418, -0.000563087698538, 0.000563846901059, 6.06883550063e-05, -0.000164361277712, 0.000993358902633, -0.000416489172494, -0.000630980241112, 0.00182522379328, -0.00114978873171, 0.00106950162444, -0.000643933541141, -0.000202395254746], [-0.000563087698538, 0.00697296205908, -0.000598160142545, 0.00447358936071, -0.000843717483804, 0.00551319075748, 0.000819782202598, 0.00627859123051, -0.00535711366683, 0.0125541118905, -0.00677323481068, 0.00551628647372, -0.00158522988204], [0.000563846901059, -0.000598160142545, 0.00570523831993, -0.00797229819, 0.0124188950285, -0.0129532366991, 0.0103797335178, -0.00835976004601, 0.0102876666933, -0.00841895863414, 0.0120945237577, -0.00957861542702, 0.00253184628673], [6.06883550063e-05, 0.00447358936071, -0.00797229819, 0.0260511580855, -0.0271879658103, 0.0307689607143, -0.0304175857455, 0.0340634472668, -0.0228868033737, 0.0195896849036, -0.0196200106293, 0.0188811328262, -0.0100375264883], [-0.000164361277712, -0.000843717483804, 0.0124188950285, -0.0271879658103, 0.0549393743277, -0.0640100315213, 0.0589867755771, -0.0413136072457, 0.0367901138961, -0.0220226701349, 0.0239933114499, -0.0291143059731, 0.00921596214175], [0.000993358902633, 0.00551319075748, -0.0129532366991, 0.0307689607143, -0.0640100315213, 0.11045986414, -0.093909136951, 0.0665599256754, -0.0465420074761, 0.0431521572173, -0.0426375195384, 0.032120898366, -0.0182157568634], [-0.000416489172494, 0.000819782202598, 0.0103797335178, -0.0304175857455, 0.0589867755771, -0.093909136951, 0.116087384522, -0.0881773531437, 0.0623248368502, -0.0534523688257, 0.0464526042342, -0.0321646109223, 0.0140865882859], [-0.000630980241112, 0.00627859123051, -0.00835976004601, 0.0340634472668, -0.0413136072457, 0.0665599256754, -0.0881773531437, 0.120632447302, -0.0920681729913, 0.0657071173191, -0.0492122247815, 0.0355590730906, -0.0267119146883], [0.00182522379328, -0.00535711366683, 0.0102876666933, -0.0228868033737, 0.0367901138961, -0.0465420074761, 0.0623248368502, -0.0920681729913, 0.11859998107, -0.0835377946496, 0.0612722747028, -0.0461034364998, 0.0257996190339], [-0.00114978873171, 0.0125541118905, -0.00841895863414, 0.0195896849036, -0.0220226701349, 0.0431521572173, -0.0534523688257, 0.0657071173191, -0.0835377946496, 0.110130682588, -0.0878122523427, 0.0524317771196, -0.0286618471146], [0.00106950162444, -0.00677323481068, 0.0120945237577, -0.0196200106293, 0.0239933114499, -0.0426375195384, 0.0464526042342, -0.0492122247815, 0.0612722747028, -0.0878122523427, 0.103848621249, -0.0629283636808, 0.0414581485093], [-0.000643933541141, 0.00551628647372, -0.00957861542702, 0.0188811328262, -0.0291143059731, 0.032120898366, -0.0321646109223, 0.0355590730906, -0.0461034364998, 0.0524317771196, -0.0629283636808, 0.0712592676282, -0.0341787487268], [-0.000202395254746, -0.00158522988204, 0.00253184628673, -0.0100375264883, 0.00921596214175, -0.0182157568634, 0.0140865882859, -0.0267119146883, 0.0257996190339, -0.0286618471146, 0.0414581485093, -0.0341787487268, 0.05595837906]]
    },
    "melbands": {
        "dmean": [7.06781338522e-06, 4.48095352112e-06, 0.00108428287786, 0.00148799130693, 1.06044226413e-05, 9.63937054621e-05, 9.49184395722e-05, 2.72242305073e-05, 0.000114128051791, 2.69650845439e-05, 0.000192292631255, 1.73563421413e-05, 4.59189795947e-05, 6.84113110765e-05, 2.72670640697e-05, 9.68260428635e-06, 5.03252840645e-06, 5.54078133064e-06, 1.53301461978e-05, 1.82536696229e-05, 1.7418709831e-05, 1.45898029587e-05, 1.05006620288e-05, 1.33969081162e-06, 1.32571119593e-06, 9.71253598436e-07, 6.57813757243e-07, 3.6041225826e-07, 9.06066546236e-08, 4.51718307204e-08, 5.53661330116e-08, 8.48762340411e-08, 4.4842845881e-08, 4.94371938942e-08, 4.82441890881e-08, 2.28171721517e-08, 1.4731844189e-08, 1.4450550978e-08, 1.35530324741e-08, 9.11386521807e-09],
        "dmean2": [1.20288750622e-05, 8.11275731394e-06, 0.00125869992189, 0.00176941638347, 1.72484433278e-05, 8.831229934e-05, 7.74610380176e-05, 2.38024404098e-05, 0.000100562363514, 3.15046127071e-05, 0.000234135513892, 2.37040967477e-05, 6.13513038843e-05, 6.75861519994e-05, 2.87513430521e-05, 1.21476259665e-05, 7.49404716771e-06, 8.09166431281e-06, 2.07684570341e-05, 2.47704065259e-05, 1.86849974853e-05, 2.18625064008e-05, 1.63080112543e-05, 2.03028048418e-06, 2.15823479266e-06, 1.47078287682e-06, 1.07916116576e-06, 5.84641099977e-07, 1.48328268779e-07, 7.00531401776e-08, 8.60585416262e-08, 1.355675181e-07, 7.10887491095e-08, 8.12762763758e-08, 7.89411558344e-08, 3.87320540085e-08, 2.45779734342e-08, 2.49991423118e-08, 2.25057448233e-08, 1.46814249646e-08],
        "dvar": [1.39193503945e-10, 4.10499245707e-10, 1.85457167845e-06, 3.84296527045e-06, 1.85303805633e-09, 1.36466411504e-08, 1.16692451257e-08, 1.2501000235e-09, 2.2612297812e-08, 1.56143409313e-09, 7.65973524608e-08, 4.98397489945e-10, 5.01810726306e-09, 1.11109290657e-08, 1.76693382148e-09, 2.16281687004e-10, 6.63019153468e-11, 1.04743068385e-10, 3.78493847375e-10, 6.40845265742e-10, 6.47454256875e-10, 4.23681173478e-10, 2.26913571266e-10, 4.16664532737e-12, 4.65435892952e-12, 2.48486691293e-12, 1.44837863491e-12, 2.9845600275e-13, 1.48821503488e-14, 3.04699477522e-15, 3.54092425072e-15, 1.40333708196e-14, 2.24975042461e-15, 3.41365077414e-15, 4.0890523999e-15, 5.21036117998e-16, 2.46098037756e-16, 2.26463364053e-16, 2.78913232333e-16, 9.39943461843e-17],
        "dvar2": [3.961005135e-10, 1.20137944037e-09, 2.51790311268e-06, 5.31497289558e-06, 5.56967361121e-09, 1.12730536017e-08, 8.97366980723e-09, 8.80931771974e-10, 1.70548641876e-08, 1.73117153945e-09, 8.89267397497e-08, 9.38746969048e-10, 8.25320878306e-09, 1.02169837035e-08, 1.89747062507e-09, 3.72335745569e-10, 1.38623196255e-10, 2.15045634078e-10, 8.41014702324e-10, 8.5267093386e-10, 6.00055061195e-10, 9.54356149663e-10, 5.3687498891e-10, 9.56788814843e-12, 1.05259195457e-11, 5.79651734597e-12, 3.65582304013e-12, 8.77149589941e-13, 3.70396259237e-14, 6.72794543059e-15, 7.96946449127e-15, 3.52537077764e-14, 5.84324577521e-15, 9.30351258408e-15, 1.07019495804e-14, 1.25934232796e-15, 6.24247082621e-16, 5.77867052441e-16, 7.52096647493e-16, 2.27341869568e-16],
        "max": [9.87972089206e-05, 0.000207394128665, 0.0117949871346, 0.016653008759, 0.000438213901361, 0.00194322108291, 0.00160715007223, 0.000437419512309, 0.00176909787115, 0.000433193868957, 0.0028849397786, 0.000228275021072, 0.00079882791033, 0.00116748572327, 0.000454961758805, 0.000126027545775, 8.98205253179e-05, 9.73868081928e-05, 0.000189401922398, 0.000224738905672, 0.000228740362218, 0.000165469289641, 0.000140897609526, 2.15496620513e-05, 2.72170764219e-05, 2.4737601052e-05, 1.44413743328e-05, 5.2668015087e-06, 1.02574301764e-06, 6.2399755052e-07, 5.91342995904e-07, 1.37758956953e-06, 5.49379080894e-07, 6.00769055836e-07, 6.16565728251e-07, 3.01843840589e-07, 1.61519665198e-07, 1.61228811635e-07, 1.66961541481e-07, 1.0819868379e-07],
        "mean": [1.14810309242e-05, 5.65186337553e-06, 0.00166045094375, 0.00215120916255, 1.19017331599e-05, 0.000552794721443, 0.000442135846242, 5.38343920198e-05, 0.000217404071009, 4.59919974674e-05, 0.000297468999634, 3.00985393551e-05, 6.95738563081e-05, 0.000133084904519, 5.80471496505e-05, 1.56688547577e-05, 1.28954925458e-05, 1.09934371721e-05, 3.4434342524e-05, 5.1082821301e-05, 3.03985380015e-05, 2.38314460148e-05, 1.92309107661e-05, 3.51774451701e-06, 5.4835913943e-06, 3.77787205252e-06, 1.61621289863e-06, 7.22775666873e-07, 2.30513478527e-07, 1.31898829636e-07, 1.70546087475e-07, 2.10308897408e-07, 1.61819784239e-07, 1.5156096822e-07, 1.36146965701e-07, 7.66884511449e-08, 5.04054860073e-08, 4.70342520487e-08, 4.33941025335e-08, 3.21126876202e-08],
        "median": [6.015402505e-06, 3.17407375405e-06, 0.000780175498221, 0.000889917078894, 3.07262689603e-06, 0.000500409514643, 0.000379564269679, 1.67044508999e-05, 5.87459107919e-05, 1.87376626855e-05, 0.000109016502392, 1.6327456251e-05, 2.43395916186e-05, 2.91589349217e-05, 2.20642577915e-05, 6.1815017034e-06, 5.89749424762e-06, 3.75858894586e-06, 1.75121913344e-05, 3.14833669108e-05, 8.25243841973e-06, 1.29640102386e-05, 1.04949913293e-05, 2.51117671723e-06, 2.54362316809e-06, 1.4232725789e-06, 7.01604392361e-07, 4.25501980317e-07, 1.39847557534e-07, 1.05631293934e-07, 1.43907627148e-07, 1.6585802598e-07, 1.36242249482e-07, 1.17527683585e-07, 1.012262274e-07, 6.74200109074e-08, 4.66560372558e-08, 4.2252001009e-08, 3.75459627833e-08, 2.70670543756e-08],
        "min": [1.73695834191e-12, 7.86471040203e-13, 2.76400891107e-13, 9.58667214081e-14, 3.51877577911e-14, 4.3030161411e-14, 2.23119997955e-14, 1.05603290598e-14, 5.86194021587e-15, 6.5732149575e-15, 3.42664536069e-14, 4.36268724055e-14, 3.26375109935e-14, 2.21627085445e-14, 3.43691987034e-14, 1.15237680509e-13, 1.28869205346e-13, 1.13149927253e-13, 1.08478587983e-13, 5.83372258378e-14, 7.62240341375e-14, 6.97265053855e-14, 2.6704380623e-14, 2.90729896754e-14, 1.03168721396e-13, 1.0513126963e-13, 3.00080869441e-14, 1.9131607919e-14, 1.11330622455e-14, 2.52824494738e-14, 3.13714745642e-14, 5.48306619021e-14, 5.24313258825e-14, 6.76303495628e-14, 1.15647603798e-13, 3.02864795688e-14, 5.21256011987e-14, 5.54363683864e-14, 4.91382650715e-14, 2.88921718581e-14],
        "stdev": [1.31723245431e-05, 1.64841949299e-05, 0.00219717528671, 0.00302106374875, 3.80466663046e-05, 0.000527385913301, 0.000433666427853, 7.85897500464e-05, 0.000323372805724, 6.86684797984e-05, 0.000458249181975, 3.75974523195e-05, 0.000107310377643, 0.000214803352719, 8.64794783411e-05, 2.3175505703e-05, 1.70043749677e-05, 1.77103665919e-05, 4.14635578636e-05, 5.98953556619e-05, 4.7007772082e-05, 3.04828790831e-05, 2.37739950535e-05, 3.89894012187e-06, 6.61067133478e-06, 4.76068544231e-06, 2.16670059672e-06, 9.3882283636e-07, 2.30544031865e-07, 1.08766741391e-07, 1.30589967284e-07, 1.91075059774e-07, 1.07350246026e-07, 1.16330255651e-07, 1.22529826285e-07, 5.11344566689e-08, 3.05951921575e-08, 2.92458341988e-08, 2.82393557427e-08, 1.88831936754e-08],
        "var": [1.73510122936e-10, 2.71728667345e-10, 4.82757877762e-06, 9.12682571652e-06, 1.44754885856e-09, 2.78135900089e-07, 1.88066564988e-07, 6.17634832167e-09, 1.04569977566e-07, 4.71536010238e-09, 2.09992322198e-07, 1.41356848449e-09, 1.15155165403e-08, 4.61404781049e-08, 7.47870032569e-09, 5.37104083431e-10, 2.89148788246e-10, 3.13657072537e-10, 1.71922664993e-09, 3.58745344542e-09, 2.20973062071e-09, 9.29205878908e-10, 5.65202828984e-10, 1.52017357036e-11, 4.3700976865e-11, 2.26641257844e-11, 4.69459150373e-12, 8.81388332544e-13, 5.31505517224e-14, 1.18302033954e-14, 1.70537395376e-14, 3.65096780662e-14, 1.15240755239e-14, 1.35327277609e-14, 1.50135590402e-14, 2.61473268642e-15, 9.3606585089e-16, 8.55318835303e-16, 7.97461191049e-16, 3.56575009819e-16]
    },
    "melbands128": {
