{
"lowlevel": {
    "average_loudness": 0.983028769493,
    "barkbands_crest": {
        "dmean": 0.468837469816,
        "dmean2": 0.728015303612,
        "dvar": 0.952196419239,
        "dvar2": 1.98563468456,
        "max": 22.9152679443,
        "mean": 9.62720012665,
        "median": 8.98422336578,
        "min": 5.05791521072,
        "stdev": 2.16760420799,
        "var": 4.69850826263
    },
    "barkbands_flatness_db": {
        "dmean": 0.0108656557277,
        "dmean2": 0.0164008662105,
        "dvar": 0.000232175181736,
        "dvar2": 0.000249833829002,
        "max": 0.580489575863,
        "mean": 0.420424491167,
        "median": 0.412349849939,
        "min": 0.0385107547045,
        "stdev": 0.0520790703595,
        "var": 0.00271222949959
    },
    "barkbands_kurtosis": {
        "dmean": 0.153704196215,
        "dmean2": 0.249434396625,
        "dvar": 2.03301334381,
        "dvar2": 5.75466585159,
        "max": 23.289264679,
        "mean": -1.0700289011,
        "median": -1.13584291935,
        "min": -1.78740942478,
        "stdev": 1.19411504269,
        "var": 1.42591071129
    },
    "barkbands_skewness": {
        "dmean": 0.050272628665,
        "dmean2": 0.0711607411504,
        "dvar": 0.0404322333634,
        "dvar2": 0.084813170135,
        "max": 3.9714717865,
        "mean": -0.0472309961915,
        "median": -0.074814632535,
        "min": -0.788550913334,
        "stdev": 0.233554750681,
        "var": 0.0545478239655
    },
    "barkbands_spread": {
        "dmean": 0.203859299421,
        "dmean2": 0.212564483285,
        "dvar": 2.73698806763,
        "dvar2": 1.56179201603,
        "max": 49.3218650818,
        "mean": 4.83053445816,
        "median": 4.7239575386,
        "min": 2.11805796623,
        "stdev": 2.26867628098,
        "var": 5.14689159393
    },
    "dissonance": {
        "dmean": 0.0782129243016,
        "dmean2": 0.134651497006,
        "dvar": 0.00351937790401,
        "dvar2": 0.0101743908599,
        "max": 0.497339069843,
        "mean": 0.273380756378,
        "median": 0.268858909607,
        "min": 0.103852771223,
        "stdev": 0.0717685297132,
        "var": 0.00515072140843
    },
    "dynamic_complexity": 0.424182534218,
    "erbbands_crest": {
        "dmean": 0.747726023197,
        "dmean2": 1.11791157722,
        "dvar": 1.62924027443,
        "dvar2": 3.32829284668,
        "max": 26.1046352386,
        "mean": 11.417725563,
        "median": 10.335858345,
        "min": 4.66237592697,
        "stdev": 3.40093374252,
        "var": 11.5663509369
    },
    "erbbands_flatness_db": {
        "dmean": 0.0066947452724,
        "dmean2": 0.00922105275095,
        "dvar": 0.000178490226972,
        "dvar2": 0.00013954975293,
        "max": 0.57376730442,
        "mean": 0.494178235531,
        "median": 0.491862982512,
        "min": 0.0888046100736,
        "stdev": 0.041269313544,
        "var": 0.00170315627474
    },
    "erbbands_kurtosis": {
        "dmean": 0.139563843608,
        "dmean2": 0.212136387825,
        "dvar": 0.589321732521,
        "dvar2": 1.47657644749,
        "max": 9.4861946106,
        "mean": -0.676182329655,
        "median": -0.734724521637,
        "min": -1.64125525951,
        "stdev": 0.792312324047,
        "var": 0.627758800983
    },
    "erbbands_skewness": {
        "dmean": 0.0465502589941,
        "dmean2": 0.0695567056537,
        "dvar": 0.0284142587334,
        "dvar2": 0.0698587819934,
        "max": 2.76053667068,
        "mean": -0.371469885111,
        "median": -0.396560907364,
        "min": -0.637838482857,
        "stdev": 0.217801272869,
        "var": 0.0474373959005
    },
    "erbbands_spread": {
        "dmean": 0.188466638327,
        "dmean2": 0.277534633875,
        "dvar": 1.28123581409,
        "dvar2": 1.49467098713,
        "max": 30.221950531,
        "mean": 6.61829423904,
        "median": 6.59234714508,
        "min": 5.24472856522,
        "stdev": 1.36263203621,
        "var": 1.85676622391
    },
    "hfc": {
        "dmean": 1.90412569046,
        "dmean2": 2.3961224556,
        "dvar": 7.02776002884,
        "dvar2": 5.98379707336,
        "max": 67.3559417725,
        "mean": 42.9504966736,
        "median": 43.5501251221,
        "min": 6.70533609082e-06,
        "stdev": 8.67359828949,
        "var": 75.231300354
    },
    "loudness_ebu128": {
        "integrated": -16.937379837,
        "loudness_range": 0.779075622559,
        "momentary": {
            "dmean": 0.134876802564,
            "dmean2": 0.145282134414,
            "dvar": 0.0495069697499,
            "dvar2": 0.0463929064572,
            "max": -15.8430786133,
            "mean": -16.9653873444,
            "median": -16.9471187592,
            "min": -19.966047287,
            "stdev": 0.50610691309,
            "var": 0.256144195795
        },
        "short_term": {
            "dmean": 0.0273951608688,
            "dmean2": 0.018151819706,
            "dvar": 0.000821201654617,
            "dvar2": 0.000691125809681,
            "max": -16.4772949219,
            "mean": -16.9300136566,
            "median": -16.8824367523,
            "min": -17.3645896912,
            "stdev": 0.26038813591,
            "var": 0.0678019821644
        }
    },
    "melbands_crest": {
        "dmean": 0.564787507057,
        "dmean2": 0.906154155731,
        "dvar": 0.78531908989,
        "dvar2": 1.56622838974,
        "max": 22.1945362091,
        "mean": 11.3511381149,
        "median": 10.6939783096,
        "min": 7.97526168823,
        "stdev": 2.39733362198,
        "var": 5.74720811844
    },
    "melbands_flatness_db": {
        "dmean": 0.00838058814406,
        "dmean2": 0.0113726248965,
        "dvar": 0.000212367071072,
        "dvar2": 0.000219362525968,
        "max": 0.584666371346,
        "mean": 0.442554146051,
        "median": 0.435037493706,
        "min": 0.0913594961166,
        "stdev": 0.0481052994728,
        "var": 0.00231411983259
    },
    "melbands_kurtosis": {
        "dmean": 0.139310792089,
        "dmean2": 0.239252135158,
        "dvar": 1.93403756618,
        "dvar2": 5.2969956398,
        "max": 24.4725475311,
        "mean": -1.00218629837,
        "median": -1.05860352516,
        "min": -1.61862158775,
        "stdev": 1.1949877739,
        "var": 1.42799568176
    },
    "melbands_skewness": {
        "dmean": 0.050836622715,
        "dmean2": 0.0677212104201,
        "dvar": 0.0367661193013,
        "dvar2": 0.0574062056839,
        "max": 3.81907248497,
        "mean": 0.24229618907,
        "median": 0.223116800189,
        "min": -1.06579446793,
        "stdev": 0.230170071125,
        "var": 0.0529782623053
    },
    "melbands_spread": {
        "dmean": 0.266374707222,
        "dmean2": 0.282029092312,
        "dvar": 1.99861001968,
        "dvar2": 0.904337346554,
        "max": 41.5479202271,
        "mean": 8.77945804596,
        "median": 8.72737216949,
        "min": 2.82552337646,
        "stdev": 2.23096251488,
        "var": 4.97719335556
    },
    "pitch_salience": {
        "dmean": 0.0306722857058,
        "dmean2": 0.0547637827694,
        "dvar": 0.00095193675952,
        "dvar2": 0.00236482103355,
        "max": 0.866581976414,
        "mean": 0.584790885448,
        "median": 0.586620032787,
        "min": 0.308980286121,
        "stdev": 0.0430202484131,
        "var": 0.00185074168257
    },
    "silence_rate_20dB": {
        "dmean": 0,
        "dmean2": 0,
        "dvar": 0,
        "dvar2": 0,
        "max": 1,
        "mean": 1,
        "median": 1,
        "min": 1,
        "stdev": 0,
        "var": 0
    },
    "silence_rate_30dB": {
        "dmean": 0,
        "dmean2": 0,
        "dvar": 0,
        "dvar2": 0,
        "max": 1,
        "mean": 1,
        "median": 1,
        "min": 1,
        "stdev": 0,
        "var": 0
    },
    "silence_rate_60dB": {
        "dmean": 0.00395256932825,
        "dmean2": 0.00792079232633,
        "dvar": 0.0039369398728,
        "dvar2": 0.00785801932216,
        "max": 1,
        "mean": 0.0157790929079,
        "median": 0,
        "min": 0,
        "stdev": 0.124619595706,
        "var": 0.0155300432816
    },
    "spectral_centroid": {
        "dmean": 12.356719017,
        "dmean2": 16.3133716583,
        "dvar": 1942.01037598,
        "dvar2": 1306.55834961,
        "max": 1876.81652832,
        "mean": 946.606140137,
        "median": 954.020996094,
        "min": 670.714111328,
        "stdev": 67.94480896,
        "var": 4616.49755859
    },
    "spectral_complexity": {
        "dmean": 0.478260874748,
        "dmean2": 0.859405934811,
        "dvar": 0.423440784216,
        "dvar2": 0.869343698025,
        "max": 11,
        "mean": 7.83431959152,
        "median": 8,
        "min": 0,
        "stdev": 1.53080320358,
        "var": 2.34335827827
    },
    "spectral_decrease": {
        "dmean": 4.88606211047e-10,
        "dmean2": 6.13939621363e-10,
        "dvar": 4.55560778473e-19,
        "dvar2": 3.65753650121e-19,
        "max": -9.56703385133e-16,
        "mean": -1.09092370693e-08,
        "median": -1.09096225387e-08,
        "min": -1.78945658291e-08,
        "stdev": 2.18669793384e-09,
        "var": 4.7816482254e-18
    },
    "spectral_energy": {
        "dmean": 0.00201355479658,
        "dmean2": 0.00252850423567,
        "dvar": 7.76206616138e-06,
        "dvar2": 6.25524990028e-06,
        "max": 0.0736475065351,
        "mean": 0.0450696200132,
        "median": 0.0451585389674,
        "min": 4.21902424108e-09,
        "stdev": 0.00902245286852,
        "var": 8.14046507003e-05
    },
    "spectral_energyband_high": {
        "dmean": 3.89207087892e-07,
        "dmean2": 6.32646504073e-07,
        "dvar": 1.7988010441e-13,
        "dvar2": 3.44592681212e-13,
        "max": 7.51273682909e-06,
        "mean": 2.07143239095e-06,
        "median": 2.07827247323e-06,
        "min": 3.03143676827e-10,
        "stdev": 9.09735092591e-07,
        "var": 8.27617922111e-13
    },
    "spectral_energyband_low": {
        "dmean": 8.05805910886e-08,
        "dmean2": 1.37213888252e-07,
        "dvar": 5.54712305685e-15,
        "dvar2": 1.39367641708e-14,
        "max": 1.30440821522e-06,
        "mean": 1.55123771606e-07,
        "median": 1.30985867486e-07,
        "min": 1.27841681685e-09,
        "stdev": 1.07362396307e-07,
        "var": 1.15266835383e-14
    },
    "spectral_energyband_middle_high": {
        "dmean": 0.00122988189105,
        "dmean2": 0.00159620097838,
        "dvar": 3.06627566715e-06,
        "dvar2": 2.94412461699e-06,
        "max": 0.0421487130225,
        "mean": 0.0285720098764,
        "median": 0.0291014276445,
        "min": 1.27433097408e-09,
        "stdev": 0.00598615873605,
        "var": 3.58340985258e-05
    },
    "spectral_energyband_middle_low": {
        "dmean": 0.000990350730717,
        "dmean2": 0.00128834659699,
        "dvar": 1.46794718603e-06,
        "dvar2": 1.25879273583e-06,
        "max": 0.0374555252492,
        "mean": 0.0165173597634,
        "median": 0.015726312995,
        "min": 1.03906638849e-09,
        "stdev": 0.00454616639763,
        "var": 2.06676268135e-05
    },
    "spectral_entropy": {
        "dmean": 0.0887397751212,
        "dmean2": 0.136355802417,
        "dvar": 0.0141353132203,
        "dvar2": 0.0163653790951,
        "max": 8.24979114532,
        "mean": 5.29552745819,
        "median": 5.36978149414,
        "min": 4.04790401459,
        "stdev": 0.421657919884,
        "var": 0.177795395255
    },
    "spectral_flux": {
        "dmean": 0.00567111512646,
        "dmean2": 0.00853419583291,
        "dvar": 4.58226459159e-05,
        "dvar2": 8.63808309077e-05,
        "max": 0.128371715546,
        "mean": 0.0213261209428,
        "median": 0.0202158074826,
        "min": 0.000832499354146,
        "stdev": 0.010362402536,
        "var": 0.000107379390101
    },
    "spectral_kurtosis": {
        "dmean": 24.8297309875,
        "dmean2": 45.628993988,
        "dvar": 386.111846924,
        "dvar2": 1056.46789551,
        "max": 151.669128418,
        "mean": 78.0368118286,
        "median": 83.7938919067,
        "min": 5.05797576904,
        "stdev": 25.0317573547,
        "var": 626.588867188
    },
    "spectral_rms": {
        "dmean": 0.000159358314704,
        "dmean2": 0.00019356366829,
        "dvar": 7.52106501523e-08,
        "dvar2": 4.54302444552e-08,
        "max": 0.00847650971264,
        "mean": 0.00655771559104,
        "median": 0.00663755321875,
        "min": 2.02882256417e-06,
        "stdev": 0.000983193400316,
        "var": 9.66669290392e-07
    },
    "spectral_rolloff": {
        "dmean": 68.7275009155,
        "dmean2": 123.570755005,
        "dvar": 11623.5253906,
        "dvar2": 27660.5878906,
        "max": 2131.78710938,
        "mean": 1319.38305664,
        "median": 1335.05859375,
        "min": 581.396484375,
        "stdev": 160.367324829,
        "var": 25717.6796875
    },
    "spectral_skewness": {
        "dmean": 1.46272158623,
        "dmean2": 2.65649819374,
        "dvar": 1.13277208805,
        "dvar2": 3.25787687302,
        "max": 10.1854600906,
        "mean": 6.32114171982,
        "median": 6.51174736023,
        "min": 1.89464128017,
        "stdev": 1.40718448162,
        "var": 1.98016810417
    },
    "spectral_spread": {
        "dmean": 268040.21875,
        "dmean2": 466069.90625,
        "dvar": 61360082944,
        "dvar2": 131036209152,
        "max": 6878325.5,
        "mean": 1075198.625,
        "median": 993353.5625,
        "min": 526942.4375,
        "stdev": 519444.34375,
        "var": 269822410752
    },
    "spectral_strongpeak": {
        "dmean": 0.668165326118,
        "dmean2": 1.19682645798,
        "dvar": 1.02233326435,
        "dvar2": 2.44221448898,
        "max": 9.60917282104,
        "mean": 4.58671045303,
        "median": 5.14461565018,
        "min": 0,
        "stdev": 1.72397732735,
        "var": 2.97209763527
    },
    "zerocrossingrate": {
        "dmean": 0.0015034431126,
        "dmean2": 0.00222192145884,
        "dvar": 1.26374616229e-05,
        "dvar2": 2.64001628238e-05,
        "max": 0.09521484375,
        "mean": 0.0486461035907,
        "median": 0.04931640625,
        "min": 0.02587890625,
        "stdev": 0.00455693807453,
        "var": 2.07656830753e-05
    },
    "barkbands": {
        "dmean": [5.40680318295e-08, 5.1688317626e-08, 2.00268175377e-08, 6.04836571938e-08, 2.65574215064e-07, 3.83627557312e-05, 1.43868810483e-05, 0.00102138670627, 0.000243249058258, 0.000173778738827, 0.000474426196888, 0.00129471789114, 0.000231117519434, 0.000363232305972, 9.09579903237e-05, 1.55445322889e-05, 9.97048118734e-06, 2.49985100709e-06, 6.19293473392e-07, 2.79410869553e-07, 2.9723901207e-07, 1.66311679095e-07, 1.42630947053e-08, 1.69467924138e-08, 1.11170814776e-08, 3.06386760407e-09, 2.90727397712e-09],
        "dmean2": [9.7349939665e-08, 8.69385274882e-08, 3.46229356296e-08, 1.05188654231e-07, 4.59908562789e-07, 6.02059808443e-05, 2.59246626229e-05, 0.00135788961779, 0.00045001305989, 0.00031969268457, 0.00063684390625, 0.00165662716608, 0.000423190358561, 0.000544529990293, 0.000156049063662, 2.65696471615e-05, 1.74807501025e-05, 4.34416278949e-06, 1.0204702221e-06, 4.66349632688e-07, 5.10703728196e-07, 2.90526571689e-07, 2.36932926612e-08, 2.87647488051e-08, 1.85448865153e-08, 5.31976462881e-09, 5.25153565079e-09],
        "dvar": [2.80388064925e-15, 2.62223782185e-15, 3.26715351423e-16, 2.81388262605e-15, 5.70093898846e-14, 1.30243527074e-09, 1.36833849806e-10, 1.46213596963e-06, 3.79266147377e-08, 1.52278918364e-08, 3.75858434154e-07, 2.62791490968e-06, 3.56267051416e-08, 1.72638323193e-07, 5.5813624833e-09, 1.41433434409e-10, 7.72999997345e-11, 9.84922386704e-12, 5.88410071535e-13, 1.28691884081e-13, 5.97630194572e-14, 2.4562789953e-14, 1.65683416427e-16, 3.52022340077e-16, 5.87748379985e-16, 6.39648552007e-18, 6.14492583372e-18],
        "dvar2": [8.23131202142e-15, 6.33549812547e-15, 9.52924135881e-16, 8.75633184125e-15, 1.57735735823e-13, 2.70583311313e-09, 4.52110737736e-10, 1.10778012186e-06, 1.45030369936e-07, 5.8040491524e-08, 4.34725080822e-07, 2.3125453481e-06, 1.14791035344e-07, 3.10306234041e-07, 1.34852244926e-08, 4.4226028395e-10, 2.24635962609e-10, 3.32299569805e-11, 1.03277651188e-12, 2.44857221521e-13, 1.64214887348e-13, 7.59924282247e-14, 4.64391689623e-16, 1.01975185905e-15, 1.16675696814e-15, 1.88053109886e-17, 1.82046058103e-17],
        "max": [4.31137777923e-07, 8.5540824557e-07, 1.46120555655e-07, 4.25280717309e-07, 3.40200199389e-06, 0.000562111730687, 0.000105604900455, 0.0373553112149, 0.00123572838493, 0.000521379522979, 0.0133946407586, 0.0397029779851, 0.0020859031938, 0.00972204189748, 0.00136120233219, 0.000188372214325, 8.96827186807e-05, 2.8997872505e-05, 1.46646871144e-05, 6.86800558469e-06, 2.895499847e-06, 1.61071056937e-06, 1.59650284104e-07, 2.33513347325e-07, 4.97183577863e-07, 3.81590616882e-08, 2.95484152701e-08],
        "mean": [5.8672736003e-08, 7.80214222118e-08, 2.64032191666e-08, 9.95617241983e-08, 4.96646521242e-07, 0.000232905047596, 5.11354774062e-05, 0.0155346831307, 0.00053577037761, 0.000166146855918, 0.00799710862339, 0.0145253166556, 0.000392552290577, 0.00538425007835, 0.0001570944587, 4.68209036626e-05, 3.37711426255e-05, 7.26745565771e-06, 1.59856222126e-06, 9.0188973445e-07, 9.88782176137e-07, 4.77138996757e-07, 5.60945778716e-08, 5.73768765832e-08, 3.87712404404e-08, 1.74507714945e-08, 1.62127893333e-08],
        "median": [4.21465813361e-08, 5.95992446506e-08, 2.13765609658e-08, 8.32797368844e-08, 4.72203737445e-07, 0.000240926252445, 5.47466188436e-05, 0.0146457515657, 0.000553756370209, 0.000143462821143, 0.00895477365702, 0.0130794495344, 0.000385972001823, 0.00612136209384, 0.000128868836327, 4.07398474636e-05, 3.45236985595e-05, 6.20153969066e-06, 1.27403666283e-06, 8.35209561956e-07, 9.02405417946e-07, 4.02365884611e-07, 5.36513447003e-08, 5.26261807465e-08, 3.08339949129e-08, 1.67987721511e-08, 1.59189017523e-08],
        "min": [7.50670248184e-10, 5.83743275939e-10, 2.27820373677e-10, 1.62452162833e-10, 8.03255795212e-11, 8.72721860057e-12, 1.50411502697e-10, 3.03021413517e-10, 2.82310119726e-10, 8.80517672663e-11, 1.4979155416e-10, 3.32731064923e-10, 9.27238008597e-11, 2.49904513749e-10, 1.31745170329e-10, 7.22416085286e-11, 5.34243621564e-11, 6.98601246296e-11, 3.10366905787e-11, 3.96469974906e-11, 2.21925585547e-11, 2.8379843614e-11, 2.94910970644e-11, 3.28501427449e-11, 3.71075600802e-11, 6.17009360271e-11, 9.2928553741e-11],
        "stdev": [5.54063319669e-08, 7.87120271184e-08, 1.98645615512e-08, 7.33185956392e-08, 3.18040719094e-07, 0.000114420930913, 2.36944106291e-05, 0.00470656203106, 0.000288503011689, 0.000132454588311, 0.00349980639294, 0.00546121457592, 0.000248527823715, 0.00234335963614, 0.000145810248796, 2.96873877232e-05, 1.72844229382e-05, 4.8988731578e-06, 1.60840249919e-06, 5.98783856276e-07, 5.43258522612e-07, 3.0507919746e-07, 2.31024213093e-08, 2.91797093155e-08, 3.6928810232e-08, 3.6809113535e-09, 2.61955546144e-09],
        "var": [3.06986148843e-15, 6.19558352918e-15, 3.94600806981e-16, 5.3756162492e-15, 1.01149896293e-13, 1.30921495867e-08, 5.61425128609e-10, 2.21517275349e-05, 8.32339850376e-08, 1.75442185224e-08, 1.2248645362e-05, 2.98248651234e-05, 6.1766073145e-08, 5.49133437744e-06, 2.12606305894e-08, 8.8134094467e-10, 2.9875127372e-10, 2.399895907e-11, 2.5869586421e-12, 3.58542107679e-13, 2.95129806011e-13, 9.30733151682e-14, 5.33721865752e-16, 8.51455465091e-16, 1.36373702112e-15, 1.35491084186e-17, 6.86207115888e-18]
    },
    "erbbands": {
        "dmean": [2.79004439108e-06, 9.20080947253e-06, 2.35126681218e-05, 9.13730254979e-05, 0.00115885119885, 0.000537281332072, 0.00986866559833, 0.382703155279, 0.417241871357, 2.3283829689, 27.7654972076, 2.89736795425, 12.9395933151, 12.5952262878, 10.9121351242, 54.8339614868, 11.7424898148, 21.147813797, 7.01332950592, 1.21204590797, 0.614184141159, 0.560535311699, 0.14550422132, 0.0903610885143, 0.0313842594624, 0.0116311227903, 0.0113158170134, 0.0110794007778, 0.0043692230247, 0.00130650470965, 0.000392491230741, 0.000458010938019, 0.000302828411805, 0.000151583255501, 4.02659097745e-05, 1.37749557325e-05, 7.00365490047e-06, 2.28430940297e-06, 1.21823688914e-06, 2.38484790316e-06],
        "dmean2": [4.68824418931e-06, 1.64535085787e-05, 4.13095658587e-05, 0.000158515744261, 0.00205028150231, 0.000907400099095, 0.0158864147961, 0.611555099487, 0.711793661118, 2.76143479347, 37.6202545166, 4.52373695374, 23.8223056793, 16.5515842438, 14.8273897171, 70.1664657593, 20.9381923676, 31.434047699, 11.7866020203, 2.18787455559, 1.0337215662, 0.97414046526, 0.251761466265, 0.156020075083, 0.0546626038849, 0.0191515926272, 0.0186587739736, 0.0181550886482, 0.00736959744245, 0.00226643821225, 0.000662036589347, 0.00080325169256, 0.00050007837126, 0.000244718918111, 6.66791165713e-05, 2.34758808801e-05, 1.1811249351e-05, 3.99589362132e-06, 1.65508311056e-06, 2.99579824059e-06],
        "dvar": [9.20503170215e-12, 1.03854348732e-10, 4.98906360669e-10, 5.7544684573e-09, 8.86356644969e-07, 3.59118729421e-07, 0.000144465346239, 0.127076968551, 0.11909828335, 8.33341407776, 1045.42651367, 7.47979927063, 94.1638946533, 245.096054077, 171.712371826, 5245.43408203, 73.884185791, 591.245117188, 36.2487106323, 0.885003089905, 0.202044993639, 0.242725089192, 0.0262100324035, 0.0131642716005, 0.00080681417603, 0.000369057728676, 9.59342141869e-05, 9.1055779194e-05, 2.19230460061e-05, 2.06313006856e-06, 1.60553057071e-07, 1.90885558027e-07, 1.50022870571e-07, 1.06694706403e-07, 1.65631097726e-09, 1.30173732904e-10, 3.02842403932e-11, 3.82755546008e-12, 2.31610087012e-12, 1.08924995759e-11],
        "dvar2": [2.09525556627e-11, 2.8245644712e-10, 1.47755618851e-09, 1.78118675365e-08, 2.86071258415e-06, 8.94524646355e-07, 0.000304033368593, 0.275642216206, 0.354688942432, 5.88062953949, 838.065979004, 13.5395240784, 363.11907959, 296.248382568, 198.083740234, 4323.47900391, 252.636230469, 1031.77758789, 91.2290420532, 3.03560233116, 0.584747195244, 0.674483478069, 0.081171490252, 0.0400677137077, 0.00202290969901, 0.000618694990408, 0.000234381470364, 0.000258183223195, 5.71660093556e-05, 6.01128203925e-06, 4.41307150822e-07, 5.84865745168e-07, 3.63850517715e-07, 2.02927367354e-07, 3.98094845977e-09, 3.79278802809e-10, 8.74137220941e-11, 1.08795819576e-11, 2.07317648292e-12, 8.78245740021e-12],
        "max": [5.91838615946e-05, 9.12511168281e-05, 0.000174206623342, 0.000686696264893, 0.00772062083706, 0.0107171554118, 0.194921657443, 5.67959070206, 5.15306520462, 93.6181182861, 982.235168457, 70.1407470703, 55.458896637, 350.415588379, 383.329620361, 1865.13012695, 112.203872681, 566.852233887, 98.3767166138, 7.90987348557, 11.6992015839, 5.36311101913, 1.88922023773, 1.29697048664, 0.512467682362, 0.400410860777, 0.104302495718, 0.134993597865, 0.0626567080617, 0.0177406761795, 0.0048118242994, 0.00459487270564, 0.00632181623951, 0.00701469136402, 0.000886387482751, 0.00020585625316, 9.82595593086e-05, 3.02598982671e-05, 4.11091277783e-05, 8.7126129074e-05],
        "mean": [4.27220038546e-06, 1.34536212499e-05, 3.84627419407e-05, 0.000185785931535, 0.00176068232395, 0.00240739202127, 0.0465504564345, 2.13326430321, 3.11970353127, 54.9603843689, 377.21496582, 26.3801288605, 23.7351837158, 199.484283447, 265.932189941, 552.314086914, 62.0306968689, 314.80456543, 37.9736442566, 3.52878928185, 2.32627558708, 2.19169616699, 0.610115885735, 0.258108079433, 0.0881453976035, 0.0418225191534, 0.0378965251148, 0.0452220961452, 0.0169158130884, 0.00434540398419, 0.00159189943224, 0.00131585844792, 0.00108880980406, 0.000576998165343, 0.000206769356737, 9.91143970168e-05, 5.03639421368e-05, 1.73777880264e-05, 2.65354847215e-05, 5.36777042726e-05],
        "median": [3.09098027174e-06, 1.01690384327e-05, 3.27172092511e-05, 0.000170000115759, 0.00155643175822, 0.00250162184238, 0.0454381667078, 2.17944574356, 3.30394911766, 53.6900672913, 351.822631836, 25.0326099396, 23.2820243835, 218.111129761, 268.931365967, 488.812072754, 61.9749603271, 358.009063721, 38.1106948853, 3.36374163628, 2.00997805595, 2.21803116798, 0.572040975094, 0.208498075604, 0.0785747393966, 0.0380919650197, 0.0347076207399, 0.0461914129555, 0.0149566121399, 0.00357726565562, 0.00152625876945, 0.00123551732395, 0.000895728997421, 0.000466368481284, 0.000189522397704, 9.70223482e-05, 4.91713508382e-05, 1.72036416188e-05, 2.66522310994e-05, 5.39123393537e-05],
        "min": [2.80990821722e-08, 9.54411945031e-08, 2.4054656933e-07, 4.60934671764e-07, 4.28491489401e-07, 2.11599981981e-07, 8.33911286691e-08, 1.00939594461e-07, 9.8998498288e-07, 5.47893296243e-06, 5.79084144192e-06, 6.42042368781e-06, 4.96491247759e-06, 2.32489833252e-06, 1.08138883661e-05, 1.12910183816e-05, 4.66887149742e-06, 1.21343273349e-05, 9.75213242782e-06, 4.49841218142e-06, 3.31922933583e-06, 3.18579964187e-06, 4.3761242523e-06, 1.51180995545e-06, 2.64413120021e-06, 1.52315578816e-06, 8.71675013059e-07, 7.30342549105e-07, 1.02494630028e-06, 1.19166270451e-06, 6.94929724432e-07, 5.95380527102e-07, 5.88923171563e-07, 4.09753312169e-07, 2.681858291e-07, 1.73332693976e-07, 1.41065157777e-07, 6.41875459451e-08, 1.01752428705e-08, 1.33852517958e-09],
        "stdev": [4.90261982122e-06, 1.06447696453e-05, 2.31624799198e-05, 0.000104781080154, 0.00118314370047, 0.000923936429899, 0.0242807772011, 1.06786429882, 0.946238636971, 12.6479225159, 124.633384705, 8.31267356873, 12.7968454361, 86.8399353027, 57.4361305237, 230.375289917, 17.443189621, 136.566894531, 13.7216663361, 1.50333654881, 1.60137999058, 0.977543354034, 0.334721416235, 0.20476013422, 0.062353104353, 0.0308947246522, 0.0205257702619, 0.0219338685274, 0.010021305643, 0.00279315374792, 0.000664653547574, 0.000594892830122, 0.000696736678947, 0.000536798965186, 8.28348347568e-05, 2.10350408452e-05, 9.88490864984e-06, 2.78657648778e-06, 4.91979426442e-06, 1.07014020614e-05],
        "var": [2.40356814313e-11, 1.13311117433e-10, 5.36500455173e-10, 1.09790745384e-08, 1.39982898872e-06, 8.53658548294e-07, 0.000589556118939, 1.14033412933, 0.895367503166, 159.969955444, 15533.4814453, 69.1005477905, 163.759246826, 7541.17431641, 3298.90893555, 53072.7773438, 304.264892578, 18650.515625, 188.284133911, 2.26002073288, 2.56441783905, 0.955591022968, 0.112038418651, 0.041926715523, 0.00388790969737, 0.000954484043177, 0.000421307224315, 0.000481094582938, 0.000100426557765, 7.80170830694e-06, 4.4176434244e-07, 3.53897490868e-07, 4.85442001263e-07, 2.88153131578e-07, 6.86160950281e-09, 4.42472919415e-10, 9.77114222867e-11, 7.76500912181e-12, 2.42043746157e-11, 1.14519997652e-10]
    },
    "gfcc": {
        "mean": [-170.180084229, 108.73249054, -246.341415405, -128.571136475, -73.5821609497, -10.297413826, -11.1277599335, -10.0502357483, 4.27927398682, 14.092839241, 10.6073274612, -4.64596796036, -9.1986913681],
        "cov": [[1945.0501709, 300.19631958, -694.119873047, -370.253295898, -189.280853271, -168.014205933, -3.44433784485, -147.024505615, 8.20451164246, -48.6891403198, 69.7019348145, 9.65167427063, 109.428329468], [300.19631958, 144.511520386, -76.3290939331, -101.051040649, -30.1603145599, -34.6336898804, -3.17944335938, -52.0654792786, -9.22231578827, -7.68146467209, 4.88919878006, 7.71111536026, 28.4574317932], [-694.119873047, -76.3290939331, 296.549865723, 141.9815979, 72.8625946045, 73.8774414062, -0.699613630772, 49.5453567505, -7.04312324524, 21.8570137024, -22.1845207214, -2.23676967621, -38.5753135681], [-370.253295898, -101.051040649, 141.9815979, 164.198638916, 42.1703796387, 38.7871818542, 3.18692731857, 32.5549468994, -24.8723564148, 0.709795951843, -16.6027927399, -3.13024711609, -14.1738681793], [-189.280853271, -30.1603145599, 72.8625946045, 42.1703796387, 42.5555610657, 25.9579105377, 4.28860569, 29.8187446594, 13.2140188217, 5.48561763763, -8.92126941681, 2.18563199043, -16.0427265167], [-168.014205933, -34.6336898804, 73.8774414062, 38.7871818542, 25.9579105377, 36.5785827637, 6.23941087723, 25.3182621002, 11.3460378647, 8.25108528137, -1.30105984211, 0.0649121552706, -12.627325058], [-3.44433784485, -3.17944335938, -0.699613630772, 3.18692731857, 4.28860569, 6.23941087723, 23.3510475159, 10.8601531982, 6.78513288498, 12.0544939041, 3.30908107758, -6.23926258087, -3.03665041924], [-147.024505615, -52.0654792786, 49.5453567505, 32.5549468994, 29.8187446594, 25.3182621002, 10.8601531982, 51.1495819092, 25.4237537384, 11.392036438, 5.85831785202, -0.586343884468, -20.2988624573], [8.20451164246, -9.22231578827, -7.04312324524, -24.8723564148, 13.2140188217, 11.3460378647, 6.78513288498, 25.4237537384, 43.6118392944, 11.2079772949, 7.99231481552, 5.17944335938, -11.1877040863], [-48.6891403198, -7.68146467209, 21.8570137024, 0.709795951843, 5.48561763763, 8.25108528137, 12.0544939041, 11.392036438, 11.2079772949, 19.9006710052, 3.62913417816, -3.76586866379, -1.39709866047], [69.7019348145, 4.88919878006, -22.1845207214, -16.6027927399, -8.92126941681, -1.30105984211, 3.30908107758, 5.85831785202, 7.99231481552, 3.62913417816, 18.4395580292, 2.3269007206, 1.68511331081], [9.65167427063, 7.71111536026, -2.23676967621, -3.13024711609, 2.18563199043, 0.0649121552706, -6.23926258087, -0.586343884468, 5.17944335938, -3.76586866379, 2.3269007206, 14.7284593582, 4.55609989166], [109.428329468, 28.4574317932, -38.5753135681, -14.1738681793, -16.0427265167, -12.627325058, -3.03665041924, -20.2988624573, -11.1877040863, -1.39709866047, 1.68511331081, 4.55609989166, 23.4942646027]],
        "icov": [[0.0120041836053, -0.0289671197534, 0.0404919832945, -0.0180939473212, 0.0127040632069, -0.0303263962269, 0.0290619432926, -0.00670112948865, 0.00630468083546, -0.0309565551579, -0.0036609491799, 0.0022786129266, 0.0260670911521], [-0.0289671197534, 0.108266495168, -0.119252897799, 0.0722718983889, -0.0531505867839, 0.101836912334, -0.108746305108, 0.0434652529657, -0.025472804904, 0.121510371566, -0.0130881471559, -0.00115957215894, -0.110221460462], [0.0404919832945, -0.119252897799, 0.170582905412, -0.0815823897719, 0.0441042594612, -0.144203707576, 0.14067363739, -0.0330898165703, 0.0511357784271, -0.171952039003, 0.00659538432956, -0.0109134232625, 0.144682765007], [-0.0180939473212, 0.0722718983889, -0.0815823897719, 0.0658247694373, -0.0384091809392, 0.0618040934205, -0.0770999267697, 0.0158802438527, -0.00140093441587, 0.0889578610659, -0.00430256081745, -0.00186450779438, -0.0814643204212], [0.0127040632069, -0.0531505867839, 0.0441042594612, -0.0384091809392, 0.115661434829, -0.0587567463517, 0.0393287539482, -0.0558625981212, -0.00472893053666, -0.0430986881256, 0.0550925470889, -0.0190723016858, 0.0535993650556], [-0.0303263962269, 0.101836912334, -0.144203707576, 0.0618040934205, -0.0587567463517, 0.190559357405, -0.126841813326, 0.0324690975249, -0.0604790002108, 0.149717777967, -0.0263402741402, 0.0168134272099, -0.128894031048], [0.0290619432926, -0.108746305108, 0.14067363739, -0.0770999267697, 0.0393287539482, -0.126841813326, 0.199411764741, -0.0452614538372, 0.0474564917386, -0.193043351173, 0.0112472418696, 0.0108724860474, 0.134371563792], [-0.00670112948865, 0.0434652529657, -0.0330898165703, 0.0158802438527, -0.0558625981212, 0.0324690975249, -0.0452614538372, 0.100196003914, -0.0345210060477, 0.0373977646232, -0.0519524253905, 0.00851752329618, -0.0183012280613], [0.00630468083546, -0.025472804904, 0.0511357784271, -0.00140093441587, -0.00472893053666, -0.0604790002108, 0.0474564917386, -0.0345210060477, 0.101804591715, -0.0969864428043, 0.0133523186669, -0.0500443316996, 0.0766351893544], [-0.0309565551579, 0.121510371566, -0.171952039003, 0.0889578610659, -0.0430986881256, 0.149717777967, -0.193043351173, 0.0373977646232, -0.0969864428043, 0.310202747583, -0.0367982797325, 0.059044919908, -0.209804862738], [-0.0036609491799, -0.0130881471559, 0.00659538432956, -0.00430256081745, 0.0550925470889, -0.0263402741402, 0.0112472418696, -0.0519524253905, 0.0133523186669, -0.0367982797325, 0.118735462427, -0.0362664088607, 0.0238538887352], [0.0022786129266, -0.00115957215894, -0.0109134232625, -0.00186450779438, -0.0190723016858, 0.0168134272099, 0.0108724860474, 0.00851752329618, -0.0500443316996, 0.059044919908, -0.0362664088607, 0.131726935506, -0.066737614572], [0.0260670911521, -0.110221460462, 0.144682765007, -0.0814643204212, 0.0535993650556, -0.128894031048, 0.134371563792, -0.0183012280613, 0.0766351893544, -0.209804862738, 0.0238538887352, -0.066737614572, 0.247193068266]]
    },
    "melbands": {
        "dmean": [1.95893576915e-08, 1.10509628115e-08, 4.89761120548e-08, 5.65598341495e-08, 7.60718634751e-08, 8.84522432898e-06, 5.67287315789e-06, 6.04982160439e-05, 0.000192392413737, 2.6479781809e-05, 6.25024258625e-05, 4.68765174446e-05, 4.82947507408e-05, 0.000187987025129, 3.14786811941e-05, 1.84102864296e-05, 4.1013394366e-05, 1.29941590785e-05, 2.07886978387e-06, 1.36608184675e-06, 6.81086987697e-07, 6.70023950988e-07, 3.16152920732e-07, 1.16675991535e-07, 7.39210364031e-08, 1.80088584045e-08, 2.3158696294e-08, 6.50599840668e-09, 6.99120183967e-09, 7.89472487384e-09, 7.42844230572e-09, 3.62922203401e-09, 1.33025834792e-09, 5.59156110302e-10, 2.46896614264e-10, 2.56049265124e-10, 3.18937126709e-10, 2.06784464551e-10, 2.75803518912e-10, 9.30414148503e-11],
        "dmean2": [3.31273959375e-08, 1.97256451173e-08, 8.6139657185e-08, 9.82270194072e-08, 1.25758873537e-07, 1.41061673276e-05, 9.46419640968e-06, 7.27014848962e-05, 0.000263312133029, 4.86999197165e-05, 0.000115293070849, 6.16202960373e-05, 6.77604039083e-05, 0.000241619432927, 4.09584863519e-05, 3.05381254293e-05, 5.95978017373e-05, 2.19798421313e-05, 3.70488828594e-06, 2.37764811573e-06, 1.13474243335e-06, 1.16320734378e-06, 5.6060383713e-07, 2.04440837592e-07, 1.27014502027e-07, 2.99166664774e-08, 4.05748039611e-08, 1.03068025226e-08, 1.14852918287e-08, 1.36995099709e-08, 1.22235528366e-08, 6.29687679776e-09, 2.3248221126e-09, 9.56454915269e-10, 4.12979539455e-10, 4.38183656026e-10, 5.6009191729e-10, 3.45782485978e-10, 4.56082838163e-10, 1.49304832386e-10],
        "dvar": [4.05268075221e-16, 1.17921385818e-16, 1.6693672608e-15, 2.02212662542e-15, 5.93671298102e-14, 6.59578017204e-11, 2.28993282669e-11, 5.66032642979e-09, 5.00689019134e-08, 4.19122042628e-10, 2.21560059188e-09, 3.39111339009e-09, 3.50534112847e-09, 5.2311690979e-08, 2.67298672085e-09, 3.5388170172e-10, 2.16394102637e-09, 1.13601322793e-10, 3.00666761453e-12, 1.2997250845e-12, 2.80313478592e-13, 3.61812603532e-13, 1.0589093621e-13, 2.73575345049e-14, 8.3785068659e-15, 3.74924363965e-16, 3.95177954055e-16, 2.34741999381e-16, 3.59447563241e-17, 4.14646682093e-17, 4.58466806654e-17, 1.24616190304e-17, 1.74675481799e-18, 3.33140606905e-19, 6.23656894114e-20, 6.16989172142e-20, 9.41779183968e-20, 5.86966199445e-20, 3.27355279852e-19, 2.787696892e-20],
        "dvar2": [9.35389177444e-16, 3.43729331658e-16, 5.39912734272e-15, 6.46678230306e-15, 1.22713932115e-13, 1.48405412959e-10, 6.39872529962e-11, 3.80730691418e-09, 4.09100451293e-08, 1.62905144929e-09, 8.54265014283e-09, 4.09327505224e-09, 4.2322141347e-09, 4.84330975326e-08, 2.23393170629e-09, 7.76482267373e-10, 3.6973657469e-09, 3.04455294309e-10, 8.12597211741e-12, 4.32785231264e-12, 7.23145501813e-13, 1.0198496778e-12, 2.8473420453e-13, 9.46940212332e-14, 2.42343444574e-14, 8.49709412549e-16, 1.06799377352e-15, 3.93340713123e-16, 9.3375330536e-17, 1.29735933715e-16, 1.17817280175e-16, 3.5977625173e-17, 5.14347274176e-18, 9.57277614741e-19, 1.75972089994e-19, 1.73062352942e-19, 2.93172609725e-19, 1.63328750653e-19, 6.55669365431e-19, 5.34962872986e-20],
        "max": [3.84211091387e-07, 9.22635621237e-08, 3.4356952483e-07, 3.54637450073e-07, 4.98547024108e-06, 0.000123103163787, 6.08030604781e-05, 0.00242919009179, 0.00672109797597, 0.000135125417728, 0.000239705957938, 0.00128620222677, 0.0013448119862, 0.00527534587309, 0.00142908177804, 0.000286424445221, 0.00111157167703, 0.000155879111844, 2.78641491605e-05, 1.54785666382e-05, 1.86423731066e-05, 6.52520247968e-06, 4.25925691161e-06, 1.5259876136e-06, 1.11211772946e-06, 3.42394798736e-07, 2.59257063817e-07, 3.19893644019e-07, 6.54211831375e-08, 7.55820792619e-08, 9.40027788943e-08, 4.07742355435e-08, 1.91459097465e-08, 6.78507960927e-09, 2.38767183802e-09, 3.39014794015e-09, 3.05401992584e-09, 2.84224555003e-09, 1.09627373845e-08, 3.77242104221e-09],
        "mean": [2.97495255097e-08, 1.63656626029e-08, 7.38031076253e-08, 1.16389465177e-07, 1.16874815603e-07, 5.04063755216e-05, 3.14999233524e-05, 0.00134671537671, 0.00249331304803, 6.1776212533e-05, 9.34251365834e-05, 0.000731172505766, 0.000848213734571, 0.00221114698797, 0.000229661178309, 0.000163575576153, 0.000604913220741, 3.68414621335e-05, 3.95224014937e-06, 2.99125781567e-06, 2.47509638029e-06, 2.52542031376e-06, 9.82982896858e-07, 3.31571015977e-07, 1.94199401449e-07, 4.95813701207e-08, 5.51280763261e-08, 2.18324167633e-08, 2.28596963581e-08, 2.20738769485e-08, 2.89682340338e-08, 1.05437178988e-08, 3.86041376643e-09, 1.59331214888e-09, 8.42730329964e-10, 8.09225242371e-10, 7.52902518109e-10, 6.56791676601e-10, 7.92414078798e-10, 3.29932747789e-10],
        "median": [2.21874092432e-08, 1.38984947995e-08, 6.62033698973e-08, 1.14598577738e-07, 7.69880585949e-08, 5.22658447153e-05, 3.45414118783e-05, 0.00130741973408, 0.00231661833823, 6.19896381977e-05, 8.9689710876e-05, 0.000800471287221, 0.000952404516283, 0.0020046052523, 0.000188426027307, 0.00018375608488, 0.000689356005751, 3.3652089769e-05, 3.34181686412e-06, 2.70938221547e-06, 1.91609888134e-06, 2.58416298493e-06, 9.68994186223e-07, 2.67698368361e-07, 1.55579016337e-07, 4.25172395069e-08, 5.12981834788e-08, 1.88300735005e-08, 2.1083311097e-08, 2.07979535816e-08, 2.96579649728e-08, 8.32174862353e-09, 3.05614999974e-09, 1.31100996725e-09, 7.92996945886e-10, 7.85179254947e-10, 6.91678825326e-10, 5.55523294032e-10, 6.10614225849e-10, 2.63599614359e-10],
        "min": [2.44160885954e-10, 1.25032609266e-10, 7.8573536566e-11, 2.19375073662e-11, 3.76706608615e-12, 2.28855216028e-12, 1.89295575742e-11, 6.49332185243e-11, 4.50586373768e-11, 4.11003557577e-11, 2.37481249943e-11, 7.54577476891e-12, 2.81894230181e-11, 4.34515028125e-11, 1.32984127182e-11, 1.1838716639e-11, 2.34839769159e-11, 1.62965405059e-11, 8.85592640887e-12, 5.4313259619e-12, 3.03054001165e-12, 2.35091807133e-12, 5.41380005062e-12, 2.72435437924e-12, 9.72157142114e-13, 1.40340039936e-12, 2.48296175287e-12, 6.22839019943e-13, 4.0731103928e-13, 6.54062578837e-13, 3.60882168333e-13, 4.62929445211e-13, 8.16873749632e-13, 6.24498445578e-13, 3.82361649938e-13, 3.47733072805e-13, 3.66778981319e-13, 4.1237139029e-13, 3.45925138577e-13, 3.64225712307e-13],
        "stdev": [3.1248958976e-08, 1.08870183979e-08, 5.16294988984e-08, 6.66536479343e-08, 2.7720250273e-07, 2.47372936428e-05, 1.4068924429e-05, 0.000321439205436, 0.00085419457173, 2.87391103484e-05, 5.73914730921e-05, 0.000323084765114, 0.000345980894053, 0.000796216365416, 0.00014389550779, 7.23340272089e-05, 0.000263936206466, 2.05077649298e-05, 2.93088714898e-06, 1.96483983927e-06, 2.52232712228e-06, 1.20393622183e-06, 5.88680848068e-07, 2.44549681838e-07, 1.66838276527e-07, 3.87075473895e-08, 3.79128444195e-08, 2.18304752053e-08, 1.21400800523e-08, 1.1625534313e-08, 1.4994853359e-08, 7.22034343426e-09, 2.68056044028e-09, 1.02057762241e-09, 3.76723818807e-10, 3.53661266939e-10, 3.99467570134e-10, 3.87583187766e-10, 8.57720117153e-10, 2.96302121727e-10],
