{
"lowlevel": {
    "average_loudness": 0.944008648396,
    "barkbands_crest": {
        "dmean": 1.90220570564,
        "dmean2": 2.94825458527,
        "dvar": 2.83316516876,
        "dvar2": 7.34386205673,
        "max": 18.4217262268,
        "mean": 7.48605871201,
        "median": 6.91046762466,
        "min": 2.78945684433,
        "stdev": 2.92794322968,
        "var": 8.57285118103
    },
    "barkbands_flatness_db": {
        "dmean": 0.0170087590814,
        "dmean2": 0.0261144302785,
        "dvar": 0.000247266929364,
        "dvar2": 0.000467091973405,
        "max": 0.309307932854,
        "mean": 0.101365752518,
        "median": 0.0953607261181,
        "min": 0.0390177592635,
        "stdev": 0.0390345528722,
        "var": 0.0015236963518
    },
    "barkbands_kurtosis": {
        "dmean": 2.01948618889,
        "dmean2": 2.68244075775,
        "dvar": 14.6320695877,
        "dvar2": 19.9659557343,
        "max": 64.1054534912,
        "mean": 2.62530493736,
        "median": 0.639894008636,
        "min": -1.60932195187,
        "stdev": 8.92222309113,
        "var": 79.6060638428
    },
    "barkbands_skewness": {
        "dmean": 0.463575184345,
        "dmean2": 0.621934235096,
        "dvar": 0.225425243378,
        "dvar2": 0.366811186075,
        "max": 6.8615527153,
        "mean": -0.373203217983,
        "median": -0.881752252579,
        "min": -2.65082168579,
        "stdev": 1.68820357323,
        "var": 2.85003137589
    },
    "barkbands_spread": {
        "dmean": 6.92008686066,
        "dmean2": 9.86462211609,
        "dvar": 65.4580993652,
        "dvar2": 104.161231995,
        "max": 105.454750061,
        "mean": 29.0073432922,
        "median": 25.8814315796,
        "min": 1.9497821331,
        "stdev": 13.916270256,
        "var": 193.662567139
    },
    "dissonance": {
        "dmean": 0.00987162534148,
        "dmean2": 0.0167745016515,
        "dvar": 0.000260974135017,
        "dvar2": 0.000645924068522,
        "max": 0.500000059605,
        "mean": 0.48418533802,
        "median": 0.490797787905,
        "min": 0.319498091936,
        "stdev": 0.0265465900302,
        "var": 0.000704721431248
    },
    "dynamic_complexity": 7.66563129425,
    "erbbands_crest": {
        "dmean": 2.13388180733,
        "dmean2": 3.54728126526,
        "dvar": 3.80866575241,
        "dvar2": 10.0255441666,
        "max": 20.3398952484,
        "mean": 8.18719291687,
        "median": 8.15281963348,
        "min": 2.32168889046,
        "stdev": 3.78404712677,
        "var": 14.3190126419
    },
    "erbbands_flatness_db": {
        "dmean": 0.0164290554821,
        "dmean2": 0.0245128497481,
        "dvar": 0.000253545702435,
        "dvar2": 0.000500322843436,
        "max": 0.301419198513,
        "mean": 0.1789483428,
        "median": 0.190337464213,
        "min": 0.0743952542543,
        "stdev": 0.0451807454228,
        "var": 0.00204129959457
    },
    "erbbands_kurtosis": {
        "dmean": 1.49805235863,
        "dmean2": 2.15948271751,
        "dvar": 3.99919271469,
        "dvar2": 7.92870092392,
        "max": 27.6271133423,
        "mean": 2.05798888206,
        "median": 0.930977582932,
        "min": -1.60435068607,
        "stdev": 3.9245057106,
        "var": 15.4017457962
    },
    "erbbands_skewness": {
        "dmean": 0.358746707439,
        "dmean2": 0.47415214777,
        "dvar": 0.10663819313,
        "dvar2": 0.167426392436,
        "max": 4.87739801407,
        "mean": -0.766961038113,
        "median": -0.985183656216,
        "min": -3.14036679268,
        "stdev": 1.31456363201,
        "var": 1.72807741165
    },
    "erbbands_spread": {
        "dmean": 6.12708711624,
        "dmean2": 8.66160106659,
        "dvar": 34.525188446,
        "dvar2": 60.1397094727,
        "max": 78.3634567261,
        "mean": 33.4059677124,
        "median": 25.2816371918,
        "min": 6.00115680695,
        "stdev": 17.9707126617,
        "var": 322.946502686
    },
    "hfc": {
        "dmean": 8.23776531219,
        "dmean2": 12.2206468582,
        "dvar": 121.952194214,
        "dvar2": 272.11920166,
        "max": 113.423667908,
        "mean": 34.2215499878,
        "median": 40.4153213501,
        "min": 5.80540870487e-07,
        "stdev": 31.7481422424,
        "var": 1007.94458008
    },
    "loudness_ebu128": {
        "integrated": -12.5555076599,
        "loudness_range": 1.19287395477,
        "momentary": {
            "dmean": 2.29354262352,
            "dmean2": 1.79329681396,
            "dvar": 10.567070961,
            "dvar2": 6.48257064819,
            "max": -10.5010871887,
            "mean": -16.7015419006,
            "median": -12.9401836395,
            "min": -43.6141967773,
            "stdev": 7.67821455002,
            "var": 58.9549789429
        },
        "short_term": {
            "dmean": 0.128469616175,
            "dmean2": 0.0672879219055,
            "dvar": 0.0112639898434,
            "dvar2": 0.00492862751707,
            "max": -12.4719009399,
            "mean": -12.9536914825,
            "median": -12.6888151169,
            "min": -13.9125518799,
            "stdev": 0.458073943853,
            "var": 0.209831729531
        }
    },
    "melbands_crest": {
        "dmean": 2.05366706848,
        "dmean2": 3.43647193909,
        "dvar": 6.45089101791,
        "dvar2": 17.0662841797,
        "max": 22.6610832214,
        "mean": 6.86114740372,
        "median": 5.42950868607,
        "min": 2.16209340096,
        "stdev": 4.11521816254,
        "var": 16.9350204468
    },
    "melbands_flatness_db": {
        "dmean": 0.0193265471607,
        "dmean2": 0.0282728057355,
        "dvar": 0.00043045921484,
        "dvar2": 0.000757257745136,
        "max": 0.353003144264,
        "mean": 0.0811993256211,
        "median": 0.0542167015374,
        "min": 0.0198743827641,
        "stdev": 0.0640460774302,
        "var": 0.00410189991817
    },
    "melbands_kurtosis": {
        "dmean": 3.07132196426,
        "dmean2": 4.28179788589,
        "dvar": 52.8649291992,
        "dvar2": 100.569740295,
        "max": 103.406860352,
        "mean": 4.27213287354,
        "median": -1.00402712822,
        "min": -1.68619072437,
        "stdev": 13.7997407913,
        "var": 190.432846069
    },
    "melbands_skewness": {
        "dmean": 0.499461680651,
        "dmean2": 0.712879657745,
        "dvar": 0.353735357523,
        "dvar2": 0.671069920063,
        "max": 6.91794681549,
        "mean": 0.881674528122,
        "median": 0.345385313034,
        "min": -0.996693968773,
        "stdev": 1.58631122112,
        "var": 2.5163834095
    },
    "melbands_spread": {
        "dmean": 13.4132471085,
        "dmean2": 20.3643321991,
        "dvar": 220.78918457,
        "dvar2": 440.211975098,
        "max": 155.651916504,
        "mean": 78.0693817139,
        "median": 93.0046844482,
        "min": 2.28286647797,
        "stdev": 36.1999702454,
        "var": 1310.43774414
    },
    "pitch_salience": {
        "dmean": 0.0509380735457,
        "dmean2": 0.0867266133428,
        "dvar": 0.00252460688353,
        "dvar2": 0.00691005494446,
        "max": 0.946845769882,
        "mean": 0.814847111702,
        "median": 0.851177096367,
        "min": 0.52247184515,
        "stdev": 0.0923742577434,
        "var": 0.00853300374001
    },
    "silence_rate_20dB": {
        "dmean": 0,
        "dmean2": 0,
        "dvar": 0,
        "dvar2": 0,
        "max": 1,
        "mean": 1,
        "median": 1,
        "min": 1,
        "stdev": 0,
        "var": 0
    },
    "silence_rate_30dB": {
        "dmean": 0,
        "dmean2": 0,
        "dvar": 0,
        "dvar2": 0,
        "max": 1,
        "mean": 1,
        "median": 1,
        "min": 1,
        "stdev": 0,
        "var": 0
    },
    "silence_rate_60dB": {
        "dmean": 0.0329670347273,
        "dmean2": 0.0662983432412,
        "dvar": 0.0318801775575,
        "dvar2": 0.0619028732181,
        "max": 1,
        "mean": 0.420765012503,
        "median": 0,
        "min": 0,
        "stdev": 0.493682354689,
        "var": 0.243722259998
    },
    "spectral_centroid": {
        "dmean": 270.934936523,
        "dmean2": 369.538574219,
        "dvar": 89124.0625,
        "dvar2": 110935.648438,
        "max": 4480.43457031,
        "mean": 3150.3371582,
        "median": 3658.41357422,
        "min": 432.055725098,
        "stdev": 1089.81298828,
        "var": 1187692.375
    },
    "spectral_complexity": {
        "dmean": 4.1648349762,
        "dmean2": 6.56353569031,
        "dvar": 32.2475471497,
        "dvar2": 58.8979148865,
        "max": 58,
        "mean": 22.6775951385,
        "median": 29,
        "min": 0,
        "stdev": 19.9669113159,
        "var": 398.67755127
    },
    "spectral_decrease": {
        "dmean": 3.20587362213e-10,
        "dmean2": 4.60302462812e-10,
        "dvar": 2.03860510195e-19,
        "dvar2": 3.94240277002e-19,
        "max": -4.23664084007e-18,
        "mean": -1.46175183069e-09,
        "median": -1.68442870763e-09,
        "min": -4.92519625084e-09,
        "stdev": 1.33915045719e-09,
        "var": 1.7933238457e-18
    },
    "spectral_energy": {
        "dmean": 0.00186267145909,
        "dmean2": 0.0027467305772,
        "dvar": 6.96872075423e-06,
        "dvar2": 1.37578053909e-05,
        "max": 0.028876721859,
        "mean": 0.00862098671496,
        "median": 0.00995862670243,
        "min": 6.86467965805e-11,
        "stdev": 0.00787782482803,
        "var": 6.20601203991e-05
    },
    "spectral_energyband_high": {
        "dmean": 0.00135054707061,
        "dmean2": 0.00205890508369,
        "dvar": 2.91718447443e-06,
        "dvar2": 6.06151661486e-06,
        "max": 0.0160635486245,
        "mean": 0.00515326252207,
        "median": 0.00585152814165,
        "min": 3.60116832188e-11,
        "stdev": 0.00488556968048,
        "var": 2.38687898673e-05
    },
    "spectral_energyband_low": {
        "dmean": 3.57024582627e-05,
        "dmean2": 5.75752528675e-05,
        "dvar": 1.61978308544e-09,
        "dvar2": 4.32619229329e-09,
        "max": 0.000439553055912,
        "mean": 6.54548275634e-05,
        "median": 4.43043682026e-05,
        "min": 1.04079123792e-11,
        "stdev": 6.65311454213e-05,
        "var": 4.42639302989e-09
    },
    "spectral_energyband_middle_high": {
        "dmean": 0.000753770757001,
        "dmean2": 0.00118152960204,
        "dvar": 1.38737993893e-06,
        "dvar2": 3.09936217491e-06,
        "max": 0.0108051942661,
        "mean": 0.00251266895793,
        "median": 0.00220487616025,
        "min": 8.92194391283e-12,
        "stdev": 0.00262697739527,
        "var": 6.90100978318e-06
    },
    "spectral_energyband_middle_low": {
        "dmean": 0.000320815946907,
        "dmean2": 0.000479968468426,
        "dvar": 2.07459123658e-07,
        "dvar2": 3.74256046598e-07,
        "max": 0.00572626292706,
        "mean": 0.000995561364107,
        "median": 0.000892350508366,
        "min": 2.37255657828e-12,
        "stdev": 0.00104678235948,
        "var": 1.09575319129e-06
    },
    "spectral_entropy": {
        "dmean": 0.124644249678,
        "dmean2": 0.180455133319,
        "dvar": 0.0133589375764,
        "dvar2": 0.0186670385301,
        "max": 8.65397548676,
        "mean": 8.0223941803,
        "median": 8.06004428864,
        "min": 6.27984857559,
        "stdev": 0.340851515532,
        "var": 0.116179764271
    },
    "spectral_flux": {
        "dmean": 0.00771770626307,
        "dmean2": 0.0114784743637,
        "dvar": 0.000123178819194,
        "dvar2": 0.000217685636017,
        "max": 0.114719681442,
        "mean": 0.0496851876378,
        "median": 0.0617701113224,
        "min": 4.69562546641e-05,
        "stdev": 0.0349751748145,
        "var": 0.0012232628651
    },
    "spectral_kurtosis": {
        "dmean": 0.895178496838,
        "dmean2": 1.52290892601,
        "dvar": 1.06261873245,
        "dvar2": 2.609375,
        "max": 9.00390911102,
        "mean": 1.63979315758,
        "median": 1.49361944199,
        "min": -0.30403637886,
        "stdev": 1.23917412758,
        "var": 1.53555262089
    },
    "spectral_rms": {
        "dmean": 0.000317549303873,
        "dmean2": 0.000442597374786,
        "dvar": 1.95298454742e-07,
        "dvar2": 2.80641103245e-07,
        "max": 0.0053077689372,
        "mean": 0.00234649446793,
        "median": 0.0031170072034,
        "min": 2.58790436192e-07,
        "stdev": 0.00170431262814,
        "var": 2.90468165076e-06
    },
    "spectral_rolloff": {
        "dmean": 903.803039551,
        "dmean2": 1317.57019043,
        "dvar": 2298039.75,
        "dvar2": 2710839.5,
        "max": 17764.8925781,
        "mean": 4861.09082031,
        "median": 5555.56640625,
        "min": 301.46484375,
        "stdev": 2467.08569336,
        "var": 6086512
    },
    "spectral_skewness": {
        "dmean": 0.226550191641,
        "dmean2": 0.368895500898,
        "dvar": 0.0404946319759,
        "dvar2": 0.0994543209672,
        "max": 2.33234119415,
        "mean": 0.612293839455,
        "median": 0.536143422127,
        "min": -0.113898061216,
        "stdev": 0.421997666359,
        "var": 0.178082033992
    },
    "spectral_spread": {
        "dmean": 515487.8125,
        "dmean2": 797743.9375,
        "dvar": 308180418560,
        "dvar2": 499239944192,
        "max": 9218729,
        "mean": 4251788.5,
        "median": 3921709.5,
        "min": 2480801.25,
        "stdev": 1280230.5,
        "var": 1.63899021722e+12
    },
    "spectral_strongpeak": {
        "dmean": 1.03723442554,
        "dmean2": 1.78172361851,
        "dvar": 2.01266121864,
        "dvar2": 5.46424436569,
        "max": 6.70110845566,
        "mean": 1.55073583126,
        "median": 0.510442793369,
        "min": 0,
        "stdev": 1.84965419769,
        "var": 3.421220541
    },
    "zerocrossingrate": {
        "dmean": 0.0153432991356,
        "dmean2": 0.017615891993,
        "dvar": 0.000752564810682,
        "dvar2": 0.000607699912507,
        "max": 0.4716796875,
        "mean": 0.173470586538,
        "median": 0.20654296875,
        "min": 0.0244140625,
        "stdev": 0.0663019567728,
        "var": 0.00439594918862
    },
    "barkbands": {
        "dmean": [3.24870484292e-06, 1.51044232553e-05, 2.07590655918e-05, 1.98773377633e-05, 6.34895332041e-05, 7.92535793153e-05, 9.13362309802e-05, 9.12991599762e-05, 0.000121184624732, 0.000122048259072, 0.000112017944048, 0.000112846544653, 9.29669186007e-05, 6.34863536106e-05, 7.05275888322e-05, 5.2988063544e-05, 5.29455282958e-05, 0.000114009766548, 0.000182025090908, 0.000757783593144, 0.000807159114629, 0.000315475539537, 0.000400380027713, 0.000209079546039, 5.30228790012e-05, 1.59890732903e-05, 1.16406090456e-06],
        "dmean2": [5.908158073e-06, 2.70922300842e-05, 3.33018215315e-05, 3.55726624548e-05, 0.000104953694972, 0.000131776076159, 0.000153343178681, 0.000152386361151, 0.000181704861461, 0.000191180268303, 0.000169292776263, 0.00017429937725, 0.000150897889398, 0.000106171595689, 0.000117990093713, 8.93355099834e-05, 8.38919731905e-05, 0.000180806804565, 0.000315956160193, 0.0012418172555, 0.00121252948884, 0.000506442273036, 0.000672842026688, 0.000362227467122, 9.39076198847e-05, 2.86364193016e-05, 2.1022369765e-06],
        "dvar": [1.61950227534e-11, 3.29541866018e-10, 6.8723660096e-10, 2.04260830472e-09, 1.3449155567e-08, 1.39217579687e-08, 1.85779800432e-08, 2.27943957043e-08, 2.69747850723e-08, 3.51960345313e-08, 4.34620517353e-08, 3.09438519253e-08, 2.9518879785e-08, 1.08565716417e-08, 1.26359731567e-08, 7.37504013415e-09, 7.38751060325e-09, 3.57633425097e-08, 1.00627545407e-07, 1.18439754715e-06, 1.0104699868e-06, 2.09924408523e-07, 3.22260405028e-07, 1.13095616427e-07, 8.6821936307e-09, 1.18300536034e-09, 5.72446994321e-12],
        "dvar2": [3.98946257973e-11, 9.43323752445e-10, 1.49170176211e-09, 6.53710996446e-09, 3.32303926598e-08, 3.25342917051e-08, 4.36887219735e-08, 5.37114068777e-08, 6.71309052791e-08, 7.97254529061e-08, 1.02741132935e-07, 6.05319314673e-08, 6.40573389887e-08, 2.09407993168e-08, 3.15348067659e-08, 1.78853181154e-08, 1.91958555718e-08, 9.58615373747e-08, 3.05923776978e-07, 2.87806687993e-06, 2.29251395467e-06, 5.31645525825e-07, 9.57732822826e-07, 2.80261730268e-07, 2.35917223534e-08, 3.21191828689e-09, 1.63124253688e-11],
        "max": [2.55933882727e-05, 0.000126062412164, 0.000213683437323, 0.000414525537053, 0.00108037248719, 0.00103325105738, 0.00121762638446, 0.00149383302778, 0.00146138016135, 0.00173689424992, 0.00239148945548, 0.00214641587809, 0.0015206662938, 0.00102836184669, 0.000884488923475, 0.000677004223689, 0.000832437188365, 0.00163760595024, 0.00240905466489, 0.00903797335923, 0.00885736104101, 0.0047727371566, 0.00557474419475, 0.00222501973622, 0.000830034608953, 0.000182149786269, 1.43760016726e-05],
        "mean": [3.36402172252e-06, 1.73950411408e-05, 3.11825460813e-05, 2.4879231205e-05, 0.000114229827886, 0.000160769661306, 0.000194943509996, 0.000175769513589, 0.000238352426095, 0.000254857703112, 0.000224984280067, 0.000221487687668, 0.000194008185645, 0.000129642590764, 0.000129381049192, 0.000103943348222, 0.000108412576083, 0.000225452007726, 0.000376161886379, 0.00177347136196, 0.00196720263921, 0.00083519378677, 0.000741819036193, 0.000312593125273, 4.68960315629e-05, 1.35708423841e-05, 8.97150755463e-07],
        "median": [1.80294955499e-06, 1.13503938337e-05, 1.60275267262e-05, 1.02619633253e-05, 6.75759511068e-05, 0.000107147723611, 0.000146291597048, 0.000128478102852, 0.000173154679942, 0.000176956003997, 0.000159213741426, 0.000150121471961, 0.000119458112749, 9.78190728347e-05, 9.41325924941e-05, 6.52165035717e-05, 6.19865531917e-05, 9.89126783679e-05, 0.000196835666429, 0.00116237159818, 0.00151985627599, 0.000667625106871, 0.000467873323942, 0.000155344911036, 8.73630506248e-06, 1.72333591308e-06, 4.43874768052e-08],
        "min": [1.02528480497e-11, 4.6957507327e-12, 7.90475269876e-13, 5.48099488972e-13, 6.38954384194e-13, 2.89983965659e-13, 7.23043586809e-14, 1.38639086648e-13, 6.17563021121e-13, 3.71219548156e-13, 3.82479231663e-13, 2.3767777026e-13, 6.7302326906e-13, 2.85409147488e-13, 4.09377311781e-13, 1.43443557813e-12, 6.15681930351e-13, 1.0427696033e-12, 2.88660198175e-12, 2.55117606728e-12, 2.12424717573e-12, 1.30210848614e-12, 2.27187062565e-12, 3.29231195258e-12, 5.35030743667e-12, 9.20636743923e-12, 1.10975005227e-11],
        "stdev": [4.34658613813e-06, 1.88622962014e-05, 4.00567732868e-05, 4.26020924351e-05, 0.000155631205416, 0.000203494986636, 0.00022832393006, 0.000217332242755, 0.000282027031062, 0.000304163404508, 0.000293682009215, 0.000304349407088, 0.000268802454229, 0.000165934296092, 0.00015684767277, 0.000131642227643, 0.000142059623613, 0.000330966460751, 0.000498573819641, 0.00208675465547, 0.00220140675083, 0.000922259467188, 0.000922290608287, 0.000437903712736, 9.5134077128e-05, 3.12036463583e-05, 2.10135431189e-06],
        "var": [1.88928126615e-11, 3.55786233808e-10, 1.6045451634e-09, 1.81493819973e-09, 2.42210731471e-08, 4.14102068191e-08, 5.21318170854e-08, 4.72333034907e-08, 7.95392409714e-08, 9.25153713638e-08, 8.62491233988e-08, 9.2628567927e-08, 7.22547639498e-08, 2.75341918154e-08, 2.46011904181e-08, 1.73296772488e-08, 2.01809378098e-08, 1.09538802917e-07, 2.48575844353e-07, 4.35454512626e-06, 4.84619204144e-06, 8.50562571486e-07, 8.50619983339e-07, 1.91759653489e-07, 9.05049279964e-09, 9.73667590998e-10, 4.41568960216e-12]
    },
    "erbbands": {
        "dmean": [0.000418366340455, 0.00362267903984, 0.0175800397992, 0.0460523925722, 0.0910297930241, 0.278861135244, 0.498831152916, 0.671505093575, 1.18066442013, 1.46742498875, 2.19446563721, 2.90480160713, 3.64493560791, 3.19001722336, 4.77141237259, 4.68136024475, 4.3087105751, 3.51914215088, 3.58601641655, 2.92895436287, 2.69484877586, 3.06606459618, 5.07377386093, 6.80876255035, 12.7290077209, 36.0273399353, 37.0731124878, 30.826467514, 11.8795289993, 11.7261886597, 11.5906953812, 6.92413377762, 2.62722611427, 0.836122214794, 0.257029891014, 0.104141823947, 0.0215501450002, 0.00357818859629, 0.000179907219717, 1.50641426444e-05],
        "dmean2": [0.00075509789167, 0.00631243549287, 0.0285692866892, 0.0787936896086, 0.153639167547, 0.449797570705, 0.745533704758, 1.07894945145, 1.84684002399, 2.47461533546, 3.53634595871, 4.58556604385, 5.73573875427, 4.67818880081, 7.2455701828, 7.53296232224, 7.09416866302, 5.80015325546, 5.82269382477, 4.85017108917, 4.45357275009, 4.8545331955, 8.35812664032, 11.183836937, 20.8919792175, 58.8068656921, 55.1664352417, 49.6888237, 18.9757347107, 19.4839477539, 19.4366359711, 12.0164756775, 4.58499622345, 1.49396777153, 0.473697990179, 0.186129763722, 0.0382353067398, 0.00653918227181, 0.000325933477143, 2.54341412074e-05],
        "dvar": [2.46883587351e-07, 1.84712462215e-05, 0.000442376884166, 0.00757550867274, 0.0131192114204, 0.197314187884, 0.732901871204, 1.03231418133, 3.51843333244, 7.57749986649, 11.4061136246, 18.2921237946, 32.2241516113, 22.1280727386, 82.4551391602, 55.9552497864, 70.4249801636, 40.5975608826, 31.2415523529, 19.6612281799, 18.9954490662, 23.8031635284, 74.6017379761, 156.597366333, 402.185577393, 2725.44213867, 2295.76660156, 1753.13146973, 326.569702148, 268.867645264, 344.175811768, 134.633987427, 17.5299873352, 2.58800363541, 0.249947160482, 0.0595737509429, 0.00288863922469, 8.10754063423e-05, 1.61488955541e-07, 7.78157649428e-10],
        "dvar2": [6.49590560897e-07, 5.46503652004e-05, 0.000986814615317, 0.0230165347457, 0.0337201021612, 0.560890197754, 1.46133720875, 2.59811306, 7.1567234993, 20.2770462036, 28.4905223846, 46.1090888977, 73.3770523071, 43.5575370789, 192.560623169, 108.489173889, 147.914886475, 85.2589111328, 72.824836731, 48.1425018311, 47.6984519958, 60.2685394287, 203.04927063, 485.037628174, 1129.51086426, 6484.60644531, 5477.14892578, 4557.74707031, 917.60534668, 753.180053711, 993.001708984, 358.713470459, 45.8283348083, 6.9028711319, 0.714486896992, 0.161256045103, 0.00840950571001, 0.00024289682915, 4.5905565571e-07, 2.08821471226e-09],
        "max": [0.00422616908327, 0.026236269623, 0.170892104506, 0.815069079399, 1.02047812939, 3.92988157272, 9.62235736847, 7.76218795776, 18.6270084381, 26.6528358459, 35.48254776, 39.3171844482, 46.4734573364, 52.2836418152, 108.305305481, 79.6150360107, 86.4050750732, 56.3760566711, 48.880897522, 30.7871208191, 31.2559986115, 43.0583496094, 81.5906448364, 124.423866272, 148.420837402, 446.504974365, 546.38873291, 368.810150146, 178.222702026, 125.767677307, 187.806167603, 70.0395507812, 25.5993022919, 15.2781057358, 2.79608154297, 1.34838986397, 0.353131949902, 0.0718407779932, 0.00253620860167, 0.000222155940719],
        "mean": [0.000438621005742, 0.00449870061129, 0.0294370073825, 0.0709798559546, 0.133793026209, 0.447416305542, 0.899005770683, 1.44537687302, 2.47462964058, 3.22732067108, 4.35134983063, 5.3898730278, 7.51239299774, 7.44655942917, 9.70852565765, 9.85035419464, 9.26135826111, 7.44622039795, 6.82664966583, 6.05334615707, 5.75525903702, 6.59253120422, 10.6672525406, 15.7108869553, 29.1568927765, 84.6641235352, 96.0415420532, 61.1851730347, 29.9076328278, 28.1174411774, 19.2701225281, 9.81725978851, 3.45101737976, 0.852764368057, 0.198854371905, 0.081085562706, 0.0193543154746, 0.00307790143415, 0.000156573179993, 2.809407124e-05],
        "median": [0.000272368401056, 0.0031050927937, 0.0152802141383, 0.0386175066233, 0.0897146463394, 0.249046817422, 0.54984587431, 1.02184689045, 1.89507067204, 2.50665068626, 3.20921468735, 3.76761507988, 5.29115200043, 5.65206432343, 7.5850982666, 6.62501001358, 6.06659269333, 5.25545930862, 5.05511140823, 4.4374499321, 3.67484402657, 3.71233320236, 5.41233062744, 8.07246112823, 18.658788681, 60.3695144653, 74.9907455444, 40.3336868286, 23.0470123291, 25.3814735413, 9.8336725235, 4.60779047012, 1.41354227066, 0.208260849118, 0.0420117750764, 0.00772757688537, 0.00401944154873, 0.00050426274538, 3.99942073273e-05, 2.47558855335e-05],
        "min": [2.71718231248e-10, 6.24266360827e-10, 9.69641034132e-10, 1.46172096649e-09, 1.89103732673e-09, 2.0478321261e-09, 3.07075964656e-09, 1.91160753893e-09, 1.07977959907e-09, 1.7005324926e-09, 4.06303701794e-09, 1.41193856606e-08, 1.15961418246e-08, 1.7890473103e-08, 9.99475169294e-09, 1.36628788283e-08, 3.35347216662e-08, 1.66768359122e-08, 2.33728787435e-08, 5.21429619482e-08, 4.67632510492e-08, 3.096566914e-08, 5.74344625193e-08, 1.18554233097e-07, 1.37217497809e-07, 1.11183183549e-07, 1.07876253708e-07, 7.77245787731e-08, 4.82998672169e-08, 7.76401378744e-08, 5.6859249753e-08, 6.45384474751e-08, 5.23740233405e-08, 4.27271302783e-08, 4.71751100406e-08, 3.82579763425e-08, 1.54701460531e-08, 6.99762825462e-09, 1.50763668216e-09, 1.56640742044e-10],
        "stdev": [0.000507057528012, 0.0047687808983, 0.0345323868096, 0.102251939476, 0.162407577038, 0.592684984207, 1.27711963654, 1.80987763405, 3.10945105553, 4.01272821426, 5.14412164688, 6.61064147949, 9.04652118683, 8.49984741211, 12.9655838013, 13.2048416138, 13.2132787704, 9.66361999512, 8.54468536377, 6.98807621002, 7.11567831039, 8.50905895233, 15.2369241714, 21.7597503662, 35.5425186157, 100.779937744, 107.595275879, 72.7913360596, 33.0845603943, 30.2161197662, 26.9508647919, 14.5723419189, 4.94524717331, 1.65029644966, 0.436131387949, 0.213083967566, 0.0456363223493, 0.00735861388966, 0.000345373875462, 3.43199535564e-05],
        "var": [2.57107359403e-07, 2.27412710956e-05, 0.0011924856808, 0.010455458425, 0.0263762194663, 0.351275473833, 1.63103449345, 3.27565717697, 9.66868591309, 16.1019859314, 26.4619884491, 43.7005805969, 81.8395462036, 72.2473983765, 168.106369019, 174.367843628, 174.590744019, 93.385559082, 73.0116500854, 48.8332099915, 50.6328773499, 72.4040908813, 232.163848877, 473.486755371, 1263.27062988, 10156.5957031, 11576.7441406, 5298.578125, 1094.5880127, 913.01385498, 726.349121094, 212.353149414, 24.4554710388, 2.72347831726, 0.190210595727, 0.0454047769308, 0.0020826740656, 5.41492008779e-05, 1.19283114941e-07, 1.17785914355e-09]
    },
    "gfcc": {
        "mean": [-109.331314087, 35.4874801636, -153.437011719, 47.1594734192, -95.9523468018, 18.1765460968, -26.9132041931, -1.43824446201, -23.0857448578, 2.42322421074, -11.9933023453, -6.02517461777, -6.6356883049],
        "cov": [[28538.0722656, -4330.47949219, -3221.81079102, -541.905883789, -2306.62695312, -1222.66333008, 694.25189209, -946.369445801, -228.849868774, 23.6371612549, -141.687805176, 26.4096622467, -672.351074219], [-4330.47949219, 1978.38146973, 489.688537598, 122.89692688, 286.892456055, 154.171295166, -134.241943359, 41.9066734314, 125.889358521, 23.2886390686, 39.9145736694, -61.8553123474, 211.517364502], [-3221.81079102, 489.688537598, 844.663269043, 29.6100196838, 163.172073364, 61.4948692322, -158.533432007, 135.356781006, -84.2219924927, 62.1751594543, -38.0142745972, 48.4281425476, 91.2521286011], [-541.905883789, 122.89692688, 29.6100196838, 184.723297119, 81.3896408081, 60.7110328674, -23.6752090454, 24.6135978699, 24.3777256012, -18.2368755341, 39.5491943359, -15.847454071, 14.0352392197], [-2306.62695312, 286.892456055, 163.172073364, 81.3896408081, 421.490631104, 184.681549072, -29.3559455872, 121.182678223, 30.072561264, 38.8355064392, -23.729259491, 29.8233547211, -8.74839401245], [-1222.66333008, 154.171295166, 61.4948692322, 60.7110328674, 184.681549072, 347.388977051, -61.87915802, 150.963638306, 26.5049877167, -31.644153595, 35.9709892273, -50.2941017151, 17.7071151733], [694.25189209, -134.241943359, -158.533432007, -23.6752090454, -29.3559455872, -61.87915802, 154.711791992, -49.4403343201, 16.4696979523, 24.8126106262, -8.22694778442, 21.8115329742, -32.2683868408], [-946.369445801, 41.9066734314, 135.356781006, 24.6135978699, 121.182678223, 150.963638306, -49.4403343201, 144.656433105, -18.2621498108, -5.64132118225, 11.0572366714, -5.11184501648, 8.70975494385], [-228.849868774, 125.889358521, -84.2219924927, 24.3777256012, 30.072561264, 26.5049877167, 16.4696979523, -18.2621498108, 102.025100708, -24.830532074, 32.0111274719, -17.0217571259, 13.5272846222], [23.6371612549, 23.2886390686, 62.1751594543, -18.2368755341, 38.8355064392, -31.644153595, 24.8126106262, -5.64132118225, -24.830532074, 111.173454285, -35.2618103027, 35.1567573547, 3.93181562424], [-141.687805176, 39.9145736694, -38.0142745972, 39.5491943359, -23.729259491, 35.9709892273, -8.22694778442, 11.0572366714, 32.0111274719, -35.2618103027, 85.4885025024, -35.4121284485, 32.9974594116], [26.4096622467, -61.8553123474, 48.4281425476, -15.847454071, 29.8233547211, -50.2941017151, 21.8115329742, -5.11184501648, -17.0217571259, 35.1567573547, -35.4121284485, 74.0470352173, -22.498292923], [-672.351074219, 211.517364502, 91.2521286011, 14.0352392197, -8.74839401245, 17.7071151733, -32.2683868408, 8.70975494385, 13.5272846222, 3.93181562424, 32.9974594116, -22.498292923, 84.6964950562]],
        "icov": [[0.000223950264626, 8.27931435197e-05, 0.000632928102277, -0.000169591090526, 0.0010970311705, -7.28760642232e-05, 0.000226269650739, 2.86469548882e-05, 0.00021835588268, -0.000763721589465, 0.000170953207999, -0.000216939413804, 0.00100537843537], [8.27931435197e-05, 0.0010423847707, -0.000244403316174, -0.00021715775074, -0.000243316215347, -0.000130551328766, 0.000166463156347, 0.000836211780552, -0.000974477443378, -0.000246494804742, 0.000712952576578, 0.000724964484107, -0.0015851756325], [0.000632928102277, -0.000244403316174, 0.00444472860545, -0.000674939597957, 0.00291341217235, 0.000437509617768, 0.00222600903362, -0.00200866814703, 0.00232197158039, -0.00244552595541, 0.00129762617871, -0.00260323099792, 0.000767582561821], [-0.000169591090526, -0.00021715775074, -0.000674939597957, 0.00719557562843, -0.00246814987622, -0.000209184203413, 0.000389517255826, 0.00114354398102, 9.15243290365e-05, 0.00104690215085, -0.00404668040574, 0.000309785304125, 0.000146077538375], [0.0010970311705, -0.000243316215347, 0.00291341217235, -0.00246814987622, 0.0107844192535, -0.00199299608357, 0.000998650444672, -0.00281130010262, -0.0012805077713, -0.00556084653363, 0.00261249649338, -0.00339108030312, 0.00733059411868], [-7.28760642232e-05, -0.000130551328766, 0.000437509617768, -0.000209184203413, -0.00199299608357, 0.00753756985068, 0.000498007691931, -0.0068342234008, -0.00140959280543, 0.000506230338942, 4.31800690421e-05, 0.00426713842899, -0.000260057015112], [0.000226269650739, 0.000166463156347, 0.00222600903362, 0.000389517255826, 0.000998650444672, 0.000498007691931, 0.0102314921096, 0.000961835612543, -0.00117466738448, -0.00363299832679, -0.00119089661166, -0.00257348059677, 0.00285247270949], [2.86469548882e-05, 0.000836211780552, -0.00200866814703, 0.00114354398102, -0.00281130010262, -0.0068342234008, 0.000961835612543, 0.0191691219807, 0.00419217627496, 0.00117352989037, -0.00381453172304, -0.00164932268672, -2.86738722934e-05], [0.00021835588268, -0.000974477443378, 0.00232197158039, 9.15243290365e-05, -0.0012805077713, -0.00140959280543, -0.00117466738448, 0.00419217627496, 0.016818344593, 0.00230988138355, -0.00444637564942, -0.00173263903707, -0.000587386719417], [-0.000763721589465, -0.000246494804742, -0.00244552595541, 0.00104690215085, -0.00556084653363, 0.000506230338942, -0.00363299832679, 0.00117352989037, 0.00230988138355, 0.0162683073431, 0.00290593830869, -0.00264908093959, -0.00813077855855], [0.000170953207999, 0.000712952576578, 0.00129762617871, -0.00404668040574, 0.00261249649338, 4.31800690421e-05, -0.00119089661166, -0.00381453172304, -0.00444637564942, 0.00290593830869, 0.0228437203914, 0.00390399806201, -0.00823906715959], [-0.000216939413804, 0.000724964484107, -0.00260323099792, 0.000309785304125, -0.00339108030312, 0.00426713842899, -0.00257348059677, -0.00164932268672, -0.00173263903707, -0.00264908093959, 0.00390399806201, 0.0243560429662, 0.00251603475772], [0.00100537843537, -0.0015851756325, 0.000767582561821, 0.000146077538375, 0.00733059411868, -0.000260057015112, 0.00285247270949, -2.86738722934e-05, -0.000587386719417, -0.00813077855855, -0.00823906715959, 0.00251603475772, 0.0291462484747]]
    },
    "melbands": {
        "dmean": [3.94497283196e-06, 7.0553196565e-06, 7.91815637058e-06, 1.14556050903e-05, 1.6634221538e-05, 1.46544152813e-05, 1.74948927452e-05, 1.59467617777e-05, 1.76270550583e-05, 1.8388238459e-05, 1.86052493518e-05, 1.34915799208e-05, 1.63473850989e-05, 1.32511040647e-05, 1.0401317013e-05, 9.67755750025e-06, 6.74864213579e-06, 5.61729211768e-06, 4.91034188599e-06, 3.86170040656e-06, 3.18224988405e-06, 3.08480412059e-06, 4.13863563153e-06, 5.46659475731e-06, 5.62143486604e-06, 7.68250720284e-06, 1.39464145832e-05, 2.84078159893e-05, 2.70710006589e-05, 2.23340721277e-05, 1.78537793545e-05, 7.76998967922e-06, 6.96281813362e-06, 7.63837851991e-06, 7.40872292226e-06, 6.09818243902e-06, 3.97601752411e-06, 2.22436506192e-06, 1.35293919357e-06, 5.42219140698e-07],
        "dmean2": [7.12376277079e-06, 1.13507385322e-05, 1.3779758774e-05, 1.8837306925e-05, 2.50128705375e-05, 2.3619581043e-05, 2.71678400168e-05, 2.6899489967e-05, 2.74884132523e-05, 2.89502859232e-05, 2.92648765026e-05, 1.96595065063e-05, 2.50216089626e-05, 1.96822675207e-05, 1.73581174749e-05, 1.67206817423e-05, 1.12796760732e-05, 9.17062607186e-06, 8.26329142001e-06, 6.72432179272e-06, 5.14132580065e-06, 5.10320523972e-06, 6.75820729157e-06, 8.59266492625e-06, 9.3324088084e-06, 1.34322008307e-05, 2.21872778638e-05, 4.66711207991e-05, 4.00431963499e-05, 3.47616041836e-05, 2.92883887596e-05, 1.25480664792e-05, 1.13862342914e-05, 1.29282043417e-05, 1.22724813991e-05, 1.04409155028e-05, 6.80241100781e-06, 3.79076232093e-06, 2.4514965844e-06, 9.60694137575e-07],
        "dvar": [2.06129367047e-11, 6.34354790918e-11, 1.9611293145e-10, 2.43220693585e-10, 8.14061873466e-10, 4.67471450438e-10, 6.35235419821e-10, 8.07521216561e-10, 6.28213758791e-10, 7.65632834909e-10, 8.53466741724e-10, 3.93972549029e-10, 1.05322350841e-09, 4.25830676276e-10, 3.52800677561e-10, 3.13869069624e-10, 1.4448972574e-10, 7.68387714567e-11, 5.78683490016e-11, 4.22816642809e-11, 2.85754371554e-11, 2.4834176382e-11, 4.43304698505e-11, 8.60990514995e-11, 1.13883055763e-10, 1.71716196817e-10, 4.50438103483e-10, 1.71120706494e-09, 1.3706041857e-09, 7.9674372655e-10, 6.69073574322e-10, 1.52390974839e-10, 9.31267493676e-11, 1.11892148325e-10, 1.15283012303e-10, 1.33150532267e-10, 4.69522441759e-11, 1.16359959862e-11, 7.57824532294e-12, 9.84920478508e-13],
        "dvar2": [5.64236192491e-11, 1.49258480575e-10, 6.10420491931e-10, 7.07372549424e-10, 1.69539282613e-09, 1.14660292372e-09, 1.24755705766e-09, 2.07314299061e-09, 1.50016143952e-09, 1.9894179637e-09, 1.95976368467e-09, 8.35380542519e-10, 2.55918242154e-09, 9.33189192587e-10, 6.67478017302e-10, 7.68561048137e-10, 2.99707758611e-10, 1.74142880671e-10, 1.40961700645e-10, 1.04979823445e-10, 7.77804348706e-11, 6.55708473629e-11, 1.10804122821e-10, 2.30228489051e-10, 3.60606600136e-10, 4.92710927613e-10, 1.14205267465e-09, 4.12466771849e-09, 3.46587669675e-09, 1.85048887325e-09, 1.83895898509e-09, 4.40042724481e-10, 2.47395465225e-10, 3.32556454596e-10, 3.21691284721e-10, 3.956544814e-10, 1.20109686086e-10, 3.02315360245e-11, 2.14280225508e-11, 2.54137748172e-12],
        "max": [3.45719781762e-05, 6.01893079875e-05, 0.000130600034026, 0.000118010604638, 0.000317790691042, 0.000171404491994, 0.000254090031376, 0.000275715457974, 0.000253096863162, 0.000261047331151, 0.00024123446201, 0.000210928439628, 0.000376947398763, 0.000240636611125, 0.000209776437259, 0.000159294737387, 0.000101058365544, 7.9186502262e-05, 6.72739333822e-05, 5.10810168635e-05, 4.2067211325e-05, 4.79072150483e-05, 6.07000110904e-05, 8.64954345161e-05, 0.00010481573554, 8.55597099871e-05, 0.000157130227308, 0.000337862205924, 0.000391746551031, 0.000235456886003, 0.000214602448978, 0.000118517542433, 7.79639158281e-05, 7.52286650822e-05, 0.000110172688437, 9.17097859201e-05, 5.00119858771e-05, 2.13299954339e-05, 2.30740988627e-05, 8.77800721355e-06],
        "mean": [4.45327441412e-06, 1.24512216644e-05, 1.32416134875e-05, 1.98736815946e-05, 3.08442722599e-05, 3.28532878484e-05, 3.85422536056e-05, 3.60345838999e-05, 3.6904373701e-05, 3.36935081577e-05, 3.7635814806e-05, 2.96370144497e-05, 3.22833293467e-05, 2.63899182755e-05, 2.20886558964e-05, 1.84543096111e-05, 1.33993235067e-05, 1.06800625872e-05, 9.15088821785e-06, 7.47972308091e-06, 6.45094132778e-06, 6.23037203695e-06, 8.32538080431e-06, 1.08202902993e-05, 1.24510852402e-05, 1.51095928231e-05, 3.25220353261e-05, 6.29632049822e-05, 6.43887760816e-05, 4.8374709877e-05, 3.10088144033e-05, 1.70472394529e-05, 1.41451446325e-05, 1.6119925931e-05, 1.18818124974e-05, 7.94617517386e-06, 5.25310861121e-06, 2.67419682132e-06, 1.29486602418e-06, 4.81437098188e-07],
        "median": [2.90811112791e-06, 6.62144248054e-06, 9.6813782875e-06, 1.34794054247e-05, 2.1247924451e-05, 2.32366564887e-05, 2.83347162622e-05, 2.86541180685e-05, 2.80582535197e-05, 2.34444742091e-05, 2.72173256235e-05, 2.28557782975e-05, 2.28226581385e-05, 1.89099682757e-05, 1.54605604621e-05, 1.12673587864e-05, 9.5632403827e-06, 7.99839381216e-06, 6.99818474459e-06, 4.82697851112e-06, 3.74587239094e-06, 3.2881862353e-06, 4.1035027607e-06, 4.69442102258e-06, 6.33696117802e-06, 8.32633577375e-06, 1.98716352315e-05, 4.14276510128e-05, 4.87950528623e-05, 2.69025767921e-05, 1.51374051711e-05, 1.17247100206e-05, 8.06646403362e-06, 1.34750416692e-05, 5.43003397979e-06, 2.33026253227e-06, 2.14790179598e-06, 8.90328749392e-07, 2.33122108284e-07, 7.91230192476e-08],
        "min": [2.36239977233e-12, 5.87557725997e-13, 2.67619449821e-13, 1.35818426276e-13, 1.07011499813e-13, 4.48475485264e-14, 1.52178769396e-14, 2.20486860513e-14, 3.79537506566e-14, 9.41766670616e-14, 5.64641344477e-14, 7.18191104461e-14, 4.10429170847e-14, 2.04673009498e-14, 6.9689215607e-14, 5.42813745883e-14, 2.92429993523e-14, 3.46656195774e-14, 3.06699347722e-14, 1.16995294203e-13, 3.95184068574e-14, 2.08134104705e-14, 4.84939304967e-14, 6.24255015085e-14, 1.00273339165e-13, 9.86937989016e-14, 7.42399915957e-14, 8.48403311038e-14, 7.58254949714e-14, 5.85724841567e-14, 3.81227032364e-14, 2.74828242303e-14, 2.46979797996e-14, 5.19755171248e-14, 3.03129815357e-14, 3.66472734862e-14, 3.97533026462e-14, 3.5781446572e-14, 4.15571575632e-14, 3.13772072831e-14],
        "stdev": [4.70368468086e-06, 1.34986512421e-05, 1.64518805832e-05, 2.37444946833e-05, 4.2521438445e-05, 4.04697639169e-05, 4.60657793155e-05, 4.41078009317e-05, 4.27096601925e-05, 4.12638837588e-05, 4.56591697002e-05, 3.41600680258e-05, 4.35702058894e-05, 3.47774730471e-05, 3.15807810694e-05, 2.53983380389e-05, 1.76739213202e-05, 1.37166389322e-05, 1.09159345811e-05, 9.35364278121e-06, 8.10587334854e-06, 8.05002582638e-06, 1.15717475637e-05, 1.63137483469e-05, 1.76739486051e-05, 2.01184120669e-05, 3.98052725359e-05, 7.60472612455e-05, 7.37852897146e-05, 5.79467414354e-05, 3.93848786189e-05, 1.99133246497e-05, 1.63648310263e-05, 1.77275833266e-05, 1.66078843904e-05, 1.36332000693e-05, 8.07401647762e-06, 3.99091322834e-06, 2.56987777902e-06, 1.04279570223e-06],
        "var": [2.21246476001e-11, 1.8221357756e-10, 2.70664379798e-10, 5.63801005882e-10, 1.80807280259e-09, 1.63780178308e-09, 2.12205608641e-09, 1.94549820698e-09, 1.82411497018e-09, 1.70270797462e-09, 2.08475969821e-09, 1.16691012408e-09, 1.89836280029e-09, 1.20947252213e-09, 9.97345761533e-10, 6.45075604044e-10, 3.12367465227e-10, 1.88146179192e-10, 1.19157628209e-10, 8.7490639733e-11, 6.57051843489e-11, 6.48029130357e-11, 1.33905345145e-10, 2.66138389104e-10, 3.12368436672e-10, 4.04750538641e-10, 1.5844597856e-09, 5.78318593014e-09, 5.44426903559e-09, 3.35782468497e-09, 1.55116852696e-09, 3.96540467129e-10, 2.67807664933e-10, 3.142671956e-10, 2.75821837592e-10, 1.8586414352e-10, 6.51897355541e-11, 1.59273896155e-11, 6.60427138324e-12, 1.08742290346e-12]
