{
"lowlevel": {
    "average_loudness": 0.986109018326,
    "barkbands_crest": {
        "dmean": 1.01483047009,
        "dmean2": 1.47626006603,
        "dvar": 4.98076677322,
        "dvar2": 14.282579422,
        "max": 26.04570961,
        "mean": 16.2854423523,
        "median": 17.132434845,
        "min": 3.21673154831,
        "stdev": 4.1021566391,
        "var": 16.8276901245
    },
    "barkbands_flatness_db": {
        "dmean": 0.0129577210173,
        "dmean2": 0.0198465231806,
        "dvar": 0.000377211050363,
        "dvar2": 0.000638732279185,
        "max": 0.469715952873,
        "mean": 0.346532940865,
        "median": 0.392930477858,
        "min": 0.0353728607297,
        "stdev": 0.114909730852,
        "var": 0.0132042458281
    },
    "barkbands_kurtosis": {
        "dmean": 1.52588939667,
        "dmean2": 2.30687689781,
        "dvar": 32.429977417,
        "dvar2": 76.1202163696,
        "max": 71.4481048584,
        "mean": 2.90199255943,
        "median": 1.75940942764,
        "min": -1.44398128986,
        "stdev": 6.84353971481,
        "var": 46.8340377808
    },
    "barkbands_skewness": {
        "dmean": 0.26253131032,
        "dmean2": 0.41288548708,
        "dvar": 0.350908249617,
        "dvar2": 0.850195467472,
        "max": 7.56163454056,
        "mean": 0.782926440239,
        "median": 0.603665232658,
        "min": -1.0691934824,
        "stdev": 1.00434923172,
        "var": 1.00871729851
    },
    "barkbands_spread": {
        "dmean": 2.74162220955,
        "dmean2": 3.91893410683,
        "dvar": 56.0736885071,
        "dvar2": 114.929191589,
        "max": 90.7010726929,
        "mean": 10.6063604355,
        "median": 5.45027446747,
        "min": 0.885228812695,
        "stdev": 13.6368484497,
        "var": 185.963623047
    },
    "dissonance": {
        "dmean": 0.0377000048757,
        "dmean2": 0.0657670795918,
        "dvar": 0.00105608219747,
        "dvar2": 0.00313211767934,
        "max": 0.499771058559,
        "mean": 0.383901000023,
        "median": 0.37447360158,
        "min": 0.227859064937,
        "stdev": 0.058428119868,
        "var": 0.0034138453193
    },
    "dynamic_complexity": 5.23534822464,
    "erbbands_crest": {
        "dmean": 1.00616788864,
        "dmean2": 1.42527210712,
        "dvar": 3.63526201248,
        "dvar2": 8.74356746674,
        "max": 27.1681175232,
        "mean": 18.6580200195,
        "median": 20.234205246,
        "min": 4.08064413071,
        "stdev": 4.60162830353,
        "var": 21.1749839783
    },
    "erbbands_flatness_db": {
        "dmean": 0.00926635973155,
        "dmean2": 0.0133392168209,
        "dvar": 0.00023453203903,
        "dvar2": 0.000290313124424,
        "max": 0.433201611042,
        "mean": 0.358133167028,
        "median": 0.404109805822,
        "min": 0.0469449907541,
        "stdev": 0.100031897426,
        "var": 0.0100063802674
    },
    "erbbands_kurtosis": {
        "dmean": 0.813597738743,
        "dmean2": 1.1301035881,
        "dvar": 4.84027719498,
        "dvar2": 9.33790397644,
        "max": 29.9389610291,
        "mean": 3.12420630455,
        "median": 3.08061027527,
        "min": -1.42505133152,
        "stdev": 3.48202419281,
        "var": 12.1244926453
    },
    "erbbands_skewness": {
        "dmean": 0.15637242794,
        "dmean2": 0.210956051946,
        "dvar": 0.0948798879981,
        "dvar2": 0.185185179114,
        "max": 4.5115571022,
        "mean": 1.0177590847,
        "median": 1.0086556673,
        "min": -0.755788445473,
        "stdev": 0.654379606247,
        "var": 0.42821264267
    },
    "erbbands_spread": {
        "dmean": 2.45552825928,
        "dmean2": 3.66888546944,
        "dvar": 48.2520294189,
        "dvar2": 104.569786072,
        "max": 82.9165725708,
        "mean": 11.9904651642,
        "median": 9.09337234497,
        "min": 2.96469378471,
        "stdev": 10.3561105728,
        "var": 107.249031067
    },
    "hfc": {
        "dmean": 1.15580916405,
        "dmean2": 1.07231044769,
        "dvar": 6.55990839005,
        "dvar2": 5.27498674393,
        "max": 57.9720993042,
        "mean": 25.359161377,
        "median": 29.8356685638,
        "min": 2.3423723178e-05,
        "stdev": 13.1398887634,
        "var": 172.656677246
    },
    "loudness_ebu128": {
        "integrated": -33.4614219666,
        "loudness_range": 0.614875793457,
        "momentary": {
            "dmean": 1.46082520485,
            "dmean2": 1.21394085884,
            "dvar": 15.7539157867,
            "dvar2": 12.3544120789,
            "max": -31.8349704742,
            "mean": -36.4127311707,
            "median": -33.4812011719,
            "min": -75.2946090698,
            "stdev": 9.36144351959,
            "var": 87.6366195679
        },
        "short_term": {
            "dmean": 0.075740814209,
            "dmean2": 0.0274989679456,
            "dvar": 0.00348177575506,
            "dvar2": 0.0017919188831,
            "max": -33.2043838501,
            "mean": -33.5410881042,
            "median": -33.5066604614,
            "min": -34.1828536987,
            "stdev": 0.225113242865,
            "var": 0.0506759732962
        }
    },
    "melbands_crest": {
        "dmean": 1.23461449146,
        "dmean2": 1.87946248055,
        "dvar": 8.12864208221,
        "dvar2": 20.8430805206,
        "max": 36.1029472351,
        "mean": 14.2631750107,
        "median": 13.8953037262,
        "min": 3.74869441986,
        "stdev": 4.14785909653,
        "var": 17.2047367096
    },
    "melbands_flatness_db": {
        "dmean": 0.0111026288942,
        "dmean2": 0.016519729048,
        "dvar": 0.000341594161,
        "dvar2": 0.000508170691319,
        "max": 0.50812214613,
        "mean": 0.367357641459,
        "median": 0.408782601357,
        "min": 0.047824781388,
        "stdev": 0.106510698795,
        "var": 0.0113445296884
    },
    "melbands_kurtosis": {
        "dmean": 2.00755858421,
        "dmean2": 2.85571527481,
        "dvar": 45.0377655029,
        "dvar2": 101.406204224,
        "max": 78.5182876587,
        "mean": 4.57310152054,
        "median": 2.70093011856,
        "min": -1.22610735893,
        "stdev": 9.01533603668,
        "var": 81.2762908936
    },
    "melbands_skewness": {
        "dmean": 0.254186332226,
        "dmean2": 0.366130232811,
        "dvar": 0.353285640478,
        "dvar2": 0.694180190563,
        "max": 6.97915220261,
        "mean": 1.08746314049,
        "median": 0.801348030567,
        "min": -0.498674303293,
        "stdev": 1.07569825649,
        "var": 1.15712666512
    },
    "melbands_spread": {
        "dmean": 2.39877605438,
        "dmean2": 3.14118170738,
        "dvar": 50.4864730835,
        "dvar2": 67.7561798096,
        "max": 125.932106018,
        "mean": 14.5128879547,
        "median": 8.40722751617,
        "min": 1.17978358269,
        "stdev": 17.1018123627,
        "var": 292.472015381
    },
    "pitch_salience": {
        "dmean": 0.0276803523302,
        "dmean2": 0.0437908768654,
        "dvar": 0.00353054096922,
        "dvar2": 0.00919289235026,
        "max": 0.787114143372,
        "mean": 0.495067983866,
        "median": 0.495782673359,
        "min": 0.133757039905,
        "stdev": 0.0843350887299,
        "var": 0.00711240759119
    },
    "silence_rate_20dB": {
        "dmean": 0,
        "dmean2": 0,
        "dvar": 0,
        "dvar2": 0,
        "max": 1,
        "mean": 1,
        "median": 1,
        "min": 1,
        "stdev": 0,
        "var": 0
    },
    "silence_rate_30dB": {
        "dmean": 0,
        "dmean2": 0,
        "dvar": 0,
        "dvar2": 0,
        "max": 1,
        "mean": 1,
        "median": 1,
        "min": 1,
        "stdev": 0,
        "var": 0
    },
    "silence_rate_60dB": {
        "dmean": 0.00775193795562,
        "dmean2": 0.015564202331,
        "dvar": 0.00769183505327,
        "dvar2": 0.0153219476342,
        "max": 1,
        "mean": 0.185328185558,
        "median": 0,
        "min": 0,
        "stdev": 0.3885627985,
        "var": 0.150981038809
    },
    "spectral_centroid": {
        "dmean": 76.8392410278,
        "dmean2": 109.527320862,
        "dvar": 44960.1484375,
        "dvar2": 79007.6328125,
        "max": 3750.63110352,
        "mean": 1149.99902344,
        "median": 1018.71435547,
        "min": 500.601989746,
        "stdev": 542.54309082,
        "var": 294353
    },
    "spectral_complexity": {
        "dmean": 0.193798452616,
        "dmean2": 0.342412441969,
        "dvar": 0.226008579135,
        "dvar2": 0.435282856226,
        "max": 7,
        "mean": 4.77992296219,
        "median": 5,
        "min": 0,
        "stdev": 2.33362102509,
        "var": 5.44578695297
    },
    "spectral_decrease": {
        "dmean": 3.10693276662e-10,
        "dmean2": 2.66953820161e-10,
        "dvar": 4.6520849615e-19,
        "dvar2": 3.18131130347e-19,
        "max": -2.93780698731e-16,
        "mean": -7.384701739e-09,
        "median": -8.32336510825e-09,
        "min": -1.59600670457e-08,
        "stdev": 3.92022814211e-09,
        "var": 1.53681869463e-17
    },
    "spectral_energy": {
        "dmean": 0.00127388432156,
        "dmean2": 0.00110178021714,
        "dvar": 7.81933795224e-06,
        "dvar2": 5.40291830475e-06,
        "max": 0.0637656450272,
        "mean": 0.0301716383547,
        "median": 0.034069724381,
        "min": 3.23339621744e-09,
        "stdev": 0.0159397479147,
        "var": 0.000254075566772
    },
    "spectral_energyband_high": {
        "dmean": 1.7610644818e-06,
        "dmean2": 2.63855963567e-06,
        "dvar": 5.24744440608e-12,
        "dvar2": 9.41102751284e-12,
        "max": 5.79874395044e-05,
        "mean": 1.29725258375e-05,
        "median": 1.30537737277e-05,
        "min": 1.56162971443e-09,
        "stdev": 9.42406677495e-06,
        "var": 8.88130263776e-11
    },
    "spectral_energyband_low": {
        "dmean": 2.35326069742e-06,
        "dmean2": 3.94714879803e-06,
        "dvar": 8.01105536075e-12,
        "dvar2": 2.17735881408e-11,
        "max": 2.71262142633e-05,
        "mean": 2.87249213216e-06,
        "median": 1.84319435448e-06,
        "min": 4.28915153394e-10,
        "stdev": 3.01687487081e-06,
        "var": 9.10153376277e-12
    },
    "spectral_energyband_middle_high": {
        "dmean": 0.000871518510394,
        "dmean2": 0.00079093471868,
        "dvar": 3.56874761565e-06,
        "dvar2": 3.17238891512e-06,
        "max": 0.0422134846449,
        "mean": 0.0189198274165,
        "median": 0.0235218200833,
        "min": 6.31139862595e-10,
        "stdev": 0.0103561598808,
        "var": 0.000107250052679
    },
    "spectral_energyband_middle_low": {
        "dmean": 0.00057176570408,
        "dmean2": 0.000461259565782,
        "dvar": 2.13848147723e-06,
        "dvar2": 1.02589979178e-06,
        "max": 0.0504159554839,
        "mean": 0.011234106496,
        "median": 0.00971658155322,
        "min": 2.35514607816e-10,
        "stdev": 0.00959076173604,
        "var": 9.19827070902e-05
    },
    "spectral_entropy": {
        "dmean": 0.0894377827644,
        "dmean2": 0.135877117515,
        "dvar": 0.0257347989827,
        "dvar2": 0.0290813483298,
        "max": 8.93444347382,
        "mean": 5.86655378342,
        "median": 5.46777248383,
        "min": 4.71279764175,
        "stdev": 1.00200462341,
        "var": 1.00401318073
    },
    "spectral_flux": {
        "dmean": 0.00242546619847,
        "dmean2": 0.00353344436735,
        "dvar": 4.93207480758e-05,
        "dvar2": 7.39843089832e-05,
        "max": 0.110322624445,
        "mean": 0.00862163025886,
        "median": 0.00695307552814,
        "min": 0.000634392781649,
        "stdev": 0.0105656897649,
        "var": 0.000111633795314
    },
    "spectral_kurtosis": {
        "dmean": 2.16387057304,
        "dmean2": 3.1624314785,
        "dvar": 3.83526778221,
        "dvar2": 9.01913642883,
        "max": 23.2731494904,
        "mean": 11.2425603867,
        "median": 11.2213315964,
        "min": -0.356926679611,
        "stdev": 4.03578186035,
        "var": 16.2875366211
    },
    "spectral_rms": {
        "dmean": 0.000126022248878,
        "dmean2": 0.000101726545836,
        "dvar": 9.74227347683e-08,
        "dvar2": 5.08811162092e-08,
        "max": 0.00788735598326,
        "mean": 0.00490447040647,
        "median": 0.00576530629769,
        "min": 1.77610047558e-06,
        "stdev": 0.00231989682652,
        "var": 5.38192080057e-06
    },
    "spectral_rolloff": {
        "dmean": 215.749328613,
        "dmean2": 346.625854492,
        "dvar": 1350378.875,
        "dvar2": 2476588.75,
        "max": 15891.5039062,
        "mean": 1200.45861816,
        "median": 947.4609375,
        "min": 21.533203125,
        "stdev": 1235.80322266,
        "var": 1527209.625
    },
    "spectral_skewness": {
        "dmean": 0.210445761681,
        "dmean2": 0.307714104652,
        "dvar": 0.0375108495355,
        "dvar2": 0.0896970182657,
        "max": 3.84567332268,
        "mean": 2.40098667145,
        "median": 2.46957683563,
        "min": 0.833842933178,
        "stdev": 0.439706683159,
        "var": 0.193341955543
    },
    "spectral_spread": {
        "dmean": 358233.6875,
        "dmean2": 513740.4375,
        "dvar": 1.43152001843e+12,
        "dvar2": 2.26427928576e+12,
        "max": 17964790,
        "mean": 3087443,
        "median": 2526949.5,
        "min": 1807525.5,
        "stdev": 1963620,
        "var": 3.85580374426e+12
    },
    "spectral_strongpeak": {
        "dmean": 0.231337070465,
        "dmean2": 0.35314655304,
        "dvar": 0.318563848734,
        "dvar2": 0.716974377632,
        "max": 7.17986536026,
        "mean": 4.17597484589,
        "median": 5.58188915253,
        "min": 0,
        "stdev": 2.35567760468,
        "var": 5.54921722412
    },
    "zerocrossingrate": {
        "dmean": 0.00391760515049,
        "dmean2": 0.00540339248255,
        "dvar": 0.000114309463243,
        "dvar2": 0.000201691043912,
        "max": 0.13623046875,
        "mean": 0.0488073863089,
        "median": 0.04296875,
        "min": 0.021484375,
        "stdev": 0.0239192824811,
        "var": 0.000572132063098
    },
    "barkbands": {
        "dmean": [4.61693252873e-06, 7.17035732123e-07, 2.45231284168e-08, 2.3117991077e-08, 1.65446337519e-07, 6.69541364573e-08, 0.000569274357986, 3.24134407492e-06, 8.08433810562e-07, 9.95362097456e-06, 0.000764808792155, 2.7107337246e-06, 1.9292883735e-05, 1.13100702492e-06, 0.000124678030261, 1.08624965378e-06, 1.14379445222e-05, 4.05438258895e-05, 3.70436100638e-05, 1.48736148731e-06, 8.93414949132e-07, 7.18794467502e-07, 4.06040925327e-07, 2.12774025954e-07, 1.99470306939e-07, 1.2816011008e-07, 1.69524696503e-08],
        "dmean2": [8.1329508248e-06, 1.25504186599e-06, 4.19537755647e-08, 3.97402573071e-08, 2.88272815396e-07, 1.1673750322e-07, 0.000457532325527, 5.03237561134e-06, 1.35722928007e-06, 1.31862125272e-05, 0.000710525433533, 4.49848448625e-06, 2.16154076043e-05, 1.85557462373e-06, 0.000134469431941, 1.85471708392e-06, 1.69589275174e-05, 5.4461601394e-05, 5.91506250203e-05, 2.52286645264e-06, 1.43500437844e-06, 1.13319651973e-06, 6.75520084314e-07, 3.41236614076e-07, 3.13445468691e-07, 2.06790986113e-07, 2.56387568953e-08],
        "dvar": [3.87954599002e-11, 6.32660156902e-13, 1.10757159974e-15, 6.19030206699e-16, 8.17493113676e-14, 5.12996991823e-15, 2.12649774767e-06, 3.60187192572e-11, 7.20211921785e-13, 2.19169127291e-10, 2.26837460104e-06, 7.69708775883e-12, 3.76262487833e-09, 9.07231971839e-13, 1.65509675298e-07, 1.32889695342e-12, 9.56141832376e-10, 2.08435624316e-09, 1.90207827266e-09, 2.23349485608e-12, 1.57662457308e-12, 8.72402410729e-13, 4.56239538336e-13, 8.09800834787e-14, 5.93307344986e-14, 2.16549377036e-14, 3.84974145186e-16],
        "dvar2": [1.11344621023e-10, 1.87364750451e-12, 3.23935108711e-15, 1.6576099141e-15, 2.29220478319e-13, 1.47404586773e-14, 1.01442401501e-06, 6.15144671312e-11, 1.79713102039e-12, 3.47663259292e-10, 2.08467781704e-06, 2.51962634784e-11, 4.38665193059e-09, 2.56832879617e-12, 1.93863257891e-07, 3.7070442202e-12, 2.28900853827e-09, 2.88296453377e-09, 4.511323759e-09, 6.16650524046e-12, 4.08174969518e-12, 1.73208333527e-12, 1.43699440368e-12, 1.65182442919e-13, 1.23100490847e-13, 5.75683096571e-14, 9.26680619955e-16],
        "max": [4.59256916656e-05, 6.62307911625e-06, 3.320735118e-07, 1.62600400699e-07, 2.97890665024e-06, 5.97525058765e-07, 0.0502810180187, 0.00013355788542, 6.55193070997e-06, 0.000260723638348, 0.0326816737652, 2.73309469776e-05, 0.0011119293049, 7.01816179571e-06, 0.00780320819467, 1.02179546957e-05, 0.000446621124865, 0.00102666858584, 0.000605435168836, 1.27529283418e-05, 1.86588895303e-05, 2.05579635804e-05, 9.78714160738e-06, 4.8286465244e-06, 4.26721771873e-06, 1.97549502445e-06, 3.37530821071e-07],
        "mean": [4.45610294264e-06, 8.02606905381e-07, 3.07852410231e-08, 2.77655924918e-08, 2.1710565079e-07, 1.07331580068e-07, 0.0112083144486, 2.28999742831e-05, 1.11233407551e-06, 8.63740060595e-05, 0.0172177627683, 5.2511877584e-06, 7.62722920626e-05, 2.47994648817e-06, 0.00098352576606, 2.44635339186e-06, 5.07268377987e-05, 0.000306071422528, 0.000187067213119, 4.99655834574e-06, 3.30573607243e-06, 3.21774382428e-06, 1.63158404121e-06, 9.31679096539e-07, 1.00479132925e-06, 5.80238861403e-07, 1.15562237113e-07],
        "median": [2.57051897279e-06, 6.07780123119e-07, 2.39266615409e-08, 1.8835786264e-08, 1.54586771828e-07, 8.13220850659e-08, 0.00969063024968, 1.64848897839e-05, 8.69109726409e-07, 9.37055519898e-05, 0.0211926493794, 4.83438498122e-06, 2.5737021133e-05, 2.39113478528e-06, 0.000837360625155, 2.1730854769e-06, 3.90581481042e-05, 0.000281400716631, 0.000155010347953, 4.97773271491e-06, 3.25667770085e-06, 2.53292591879e-06, 1.58157365604e-06, 7.49013565837e-07, 7.43954899463e-07, 4.80080643683e-07, 9.82387007298e-08],
        "min": [3.48194278965e-10, 2.07802566821e-10, 4.12146115847e-11, 3.40333629334e-11, 6.00401950379e-11, 4.45547800043e-11, 2.18307490141e-11, 2.03334033638e-11, 4.83590702205e-11, 1.70762067681e-11, 5.21334433956e-11, 2.50980295574e-11, 1.88649859623e-11, 4.47765990952e-11, 2.07768750121e-11, 5.46911821386e-11, 2.124014159e-11, 6.81357748e-11, 2.40074377045e-10, 1.2335973909e-10, 1.3721324077e-10, 1.03565468701e-10, 1.8720763828e-10, 1.3244005892e-10, 2.48391029967e-10, 3.84598575209e-10, 3.79736408984e-10],
        "stdev": [5.98838551014e-06, 7.88368936355e-07, 3.10690957406e-08, 2.7434355232e-08, 3.19427044815e-07, 9.37463227046e-08, 0.00956682208925, 2.42255882767e-05, 1.089301918e-06, 5.65645168535e-05, 0.00942184589803, 3.81068912247e-06, 0.000131157270516, 1.51328049469e-06, 0.000925586791709, 1.73888008703e-06, 5.96327190578e-05, 0.000235280385823, 0.00015524851915, 3.02348007608e-06, 2.49143840847e-06, 3.08674543703e-06, 1.29367413138e-06, 8.30531064366e-07, 8.05956858585e-07, 4.21823074248e-07, 7.45924992884e-08],
        "var": [3.58607588069e-11, 6.21525563221e-13, 9.65288805207e-16, 7.52643830777e-16, 1.02033643036e-13, 8.78837340358e-15, 9.15240889299e-05, 5.86879100872e-10, 1.18657872156e-12, 3.1995444072e-09, 8.87711867108e-05, 1.45213520028e-11, 1.72022289746e-08, 2.29001778478e-12, 8.567109262e-07, 3.02370390011e-12, 3.55606100122e-09, 5.53568568762e-08, 2.41021034242e-08, 9.14143240272e-12, 6.2072656043e-12, 9.52799731474e-12, 1.67359268805e-12, 6.8978189046e-13, 6.49566446638e-13, 1.77934706899e-13, 5.56404042238e-15]
    },
    "erbbands": {
        "dmean": [6.15688695689e-05, 4.32922424807e-05, 3.26682275045e-05, 4.53415086668e-05, 0.000336603057804, 0.000733167806175, 0.00167950196192, 0.0493694171309, 3.02663993835, 9.12407016754, 0.395639240742, 0.0281852148473, 0.565375268459, 23.979352951, 8.45766448975, 0.289562433958, 0.6674913764, 0.356708496809, 1.78120243549, 5.57496452332, 0.414857596159, 0.40390303731, 2.89709544182, 2.06230545044, 0.605357408524, 0.0608832798898, 0.0359672307968, 0.0361395254731, 0.0362383015454, 0.0147156585008, 0.0110792415217, 0.00564115680754, 0.0037244562991, 0.00261623249389, 0.00168516265694, 0.000827755313367, 0.000181008450454, 2.8032116461e-05, 3.06412243845e-06, 1.52567702116e-06],
        "dmean2": [0.00010739753634, 7.45839861338e-05, 5.69813055336e-05, 7.55771980039e-05, 0.000594686251134, 0.00124247837812, 0.00155744177755, 0.0374067053199, 2.278247118, 7.84672689438, 0.366655945778, 0.0288844238967, 0.553851008415, 22.522146225, 7.89805984497, 0.310049772263, 0.748485267162, 0.403263688087, 1.93247866631, 6.02194881439, 0.561558306217, 0.570554256439, 3.91716313362, 3.21085095406, 0.964585125446, 0.103639423847, 0.058747831732, 0.0587809495628, 0.0540465787053, 0.0239322111011, 0.0185267757624, 0.00912228692323, 0.00606025010347, 0.00399369886145, 0.00272604450583, 0.00135041086469, 0.000296045327559, 4.58523682028e-05, 4.76507557323e-06, 1.37870085837e-06],
        "dvar": [5.07753972201e-09, 1.69856939625e-09, 1.33005884084e-09, 2.41030262416e-09, 3.93928900166e-07, 1.23866766444e-06, 1.36091794047e-05, 0.0152959860861, 58.8745193481, 524.434204102, 0.937648773193, 0.00332998670638, 1.12341225147, 2146.3269043, 280.227203369, 0.259422719479, 4.97261857986, 1.13372504711, 35.5664215088, 320.182098389, 1.68546998501, 0.839769124985, 11.2281847, 5.41563367844, 0.484312802553, 0.00396273564547, 0.00164429692086, 0.00316452421248, 0.00247576017864, 0.000283539819065, 0.00058218796039, 5.17899788974e-05, 2.33977789321e-05, 9.14209158509e-06, 4.67829249828e-06, 9.8318628261e-07, 4.13386551656e-08, 1.28824462209e-09, 1.40650416661e-11, 1.10253785268e-11],
        "dvar2": [1.47736827216e-08, 4.46076464655e-09, 3.86432530419e-09, 6.94351109942e-09, 1.17845695513e-06, 3.47330910699e-06, 6.16403940512e-06, 0.0060571571812, 23.6102142334, 286.116455078, 0.582036912441, 0.00262039480731, 1.09893834591, 2004.2277832, 252.86869812, 0.26176533103, 5.94553995132, 1.26775872707, 41.9850883484, 372.917510986, 2.96242904663, 1.72937583923, 14.9953193665, 12.8327045441, 1.12901628017, 0.0106268795207, 0.00420970469713, 0.00829111132771, 0.00478038145229, 0.000774119165726, 0.00192220753524, 0.000107394225779, 5.54415928491e-05, 1.87723981071e-05, 1.24843581943e-05, 2.64987488663e-06, 9.50160696789e-08, 2.72757816333e-09, 3.02758304538e-11, 7.79904786585e-12],
        "max": [0.000628221780062, 0.00034075070289, 0.000294744124403, 0.000374550378183, 0.00703368661925, 0.0118582779542, 0.129922330379, 4.2772359848, 265.318634033, 784.661254883, 32.8091316223, 1.63917505741, 22.0036087036, 984.043823242, 374.429504395, 11.6611690521, 41.1915664673, 19.2547264099, 114.524047852, 343.029571533, 20.3727416992, 14.0075330734, 74.3613891602, 35.5602989197, 10.1299905777, 0.726552605629, 0.571668505669, 0.842475116253, 1.15998446941, 0.256025522947, 0.351484328508, 0.145586043596, 0.0742490291595, 0.0443883687258, 0.033065687865, 0.0120344497263, 0.00319253630005, 0.000570833974052, 6.93165202392e-05, 7.33214765205e-05],
        "mean": [6.88449508743e-05, 6.16268007434e-05, 5.2960094763e-05, 0.000103108432086, 0.000631092989352, 0.00283608492464, 0.0301544703543, 0.990031123161, 61.1371994019, 171.376296997, 7.05352306366, 0.606528699398, 11.5735082626, 516.783081055, 198.402893066, 5.80115032196, 2.90932202339, 1.69670331478, 14.0365829468, 44.053981781, 2.922996521, 2.7481276989, 21.9409484863, 11.1621189117, 3.19822454453, 0.275570183992, 0.142758950591, 0.130201116204, 0.145397037268, 0.0633150711656, 0.0434730760753, 0.0249426737428, 0.0153688360006, 0.0114475088194, 0.00726047484204, 0.0034378876444, 0.000884991197381, 0.000159170725965, 3.45124972227e-05, 3.63228682545e-05],
        "median": [4.89502235723e-05, 4.60693845525e-05, 4.60104929516e-05, 9.03023465071e-05, 0.000498281791806, 0.00248375767842, 0.0266461800784, 0.870382487774, 53.5805282593, 146.074798584, 5.95375871658, 0.64806586504, 13.9499168396, 628.244018555, 245.686843872, 7.16315412521, 1.3800355196, 0.805776715279, 12.2461738586, 36.8121299744, 2.50233149529, 2.31474852562, 20.0132045746, 9.40817165375, 2.69443583488, 0.280074506998, 0.146643772721, 0.1260625422, 0.106180615723, 0.059577550739, 0.0402422696352, 0.0226580053568, 0.0119204530492, 0.00852657295763, 0.00556907383725, 0.00279120658524, 0.000791071739513, 0.000133366818773, 3.55059746653e-05, 4.13418638345e-05],
        "min": [1.12761755489e-08, 2.94409279178e-08, 4.81032920163e-08, 8.76466330624e-08, 1.61778871188e-07, 1.97393077883e-07, 2.65853685733e-07, 3.8794942725e-07, 3.83567652307e-07, 2.17984506889e-07, 7.41870451293e-07, 1.10022654098e-06, 6.92926391821e-07, 6.71033944855e-07, 2.53009875451e-06, 8.1012950659e-07, 7.84878523064e-07, 1.70652788256e-06, 1.61770935847e-06, 1.72372369889e-06, 2.9846680718e-06, 1.50657467657e-06, 2.98735881188e-06, 4.87390934722e-06, 1.64342054632e-05, 4.27855047747e-06, 5.74892374061e-06, 5.81670155952e-06, 3.53251266461e-06, 5.99381428401e-06, 5.12499991601e-06, 2.72179067906e-06, 2.29547526942e-06, 1.25740723433e-06, 2.43224849328e-06, 2.55572604146e-06, 4.59996243762e-07, 2.0808464285e-07, 4.57500064499e-08, 4.78787631764e-09],
        "stdev": [7.0941314334e-05, 4.89249578095e-05, 3.64808329323e-05, 6.13229422015e-05, 0.000687366467901, 0.00200312840752, 0.0245802607387, 0.818312346935, 50.7722702026, 148.790344238, 6.19852685928, 0.346203953028, 6.40774440765, 285.171661377, 107.36895752, 3.11418652534, 4.50643157959, 2.4276664257, 13.1532087326, 41.4906959534, 2.9177544117, 2.45864224434, 17.0218276978, 8.99976634979, 2.56465983391, 0.164886116982, 0.093181759119, 0.108319036663, 0.158643066883, 0.0457268431783, 0.0389991551638, 0.0208603609353, 0.0136972172186, 0.00941023696214, 0.0058620502241, 0.00263799913228, 0.000595958263148, 0.00011519632244, 1.77356905624e-05, 1.88363173947e-05],
        "var": [5.03267028051e-09, 2.39365149923e-09, 1.33085120702e-09, 3.76050302009e-09, 4.7247266366e-07, 4.0125232772e-06, 0.000604189233854, 0.669635057449, 2577.82324219, 22138.5664062, 38.4217376709, 0.119857177138, 41.0591888428, 81322.875, 11528.0927734, 9.69815731049, 20.3079242706, 5.89356470108, 173.006912231, 1721.47790527, 8.51329040527, 6.04492139816, 289.742614746, 80.9957962036, 6.57747983932, 0.0271874330938, 0.00868283957243, 0.0117330141366, 0.0251676235348, 0.00209094421007, 0.00152093416546, 0.000435154652223, 0.000187613768503, 8.85525660124e-05, 3.43636347679e-05, 6.95903963788e-06, 3.55166235977e-07, 1.32701920563e-08, 3.14554715608e-10, 3.54806850567e-10]
    },
    "gfcc": {
        "mean": [-167.339782715, 42.7924308777, -202.401184082, -56.7881546021, -75.4300765991, -18.8958396912, -25.6688671112, 29.7945594788, 0.260858774185, 12.799955368, 15.5626916885, 26.5820846558, 2.10600090027],
        "cov": [[14134.9521484, 1066.08520508, -5104.49121094, -2984.54418945, -1821.86999512, -1721.88513184, -328.246856689, 1050.47302246, 709.691711426, -389.246032715, 738.199035645, 953.962768555, 664.566589355], [1066.08520508, 318.954071045, -374.430725098, -329.292938232, -134.985916138, -168.925094604, -34.4619636536, 29.6468582153, 113.993278503, 0.208413764834, 96.4450531006, 36.1684074402, 42.8780555725], [-5104.49121094, -374.430725098, 1991.6072998, 1069.43444824, 614.24621582, 659.544128418, 120.244972229, -362.623291016, -245.825927734, 175.978240967, -253.365432739, -346.468963623, -254.880935669], [-2984.54418945, -329.292938232, 1069.43444824, 873.755371094, 493.468902588, 421.210479736, 78.2888031006, -254.53767395, -217.340179443, 67.6454238892, -223.329025269, -204.712173462, -139.857315063], [-1821.86999512, -134.985916138, 614.24621582, 493.468902588, 376.430114746, 258.926696777, 39.7870750427, -163.797332764, -117.813858032, 37.0877914429, -119.5262146, -135.668182373, -81.4313964844], [-1721.88513184, -168.925094604, 659.544128418, 421.210479736, 258.926696777, 265.403686523, 44.6455955505, -129.092041016, -102.541633606, 54.1799316406, -100.832565308, -114.641166687, -82.2118301392], [-328.246856689, -34.4619636536, 120.244972229, 78.2888031006, 39.7870750427, 44.6455955505, 66.8152542114, 11.5651521683, -20.3217182159, -10.726852417, -14.1514081955, 9.79323291779, -0.192259848118], [1050.47302246, 29.6468582153, -362.623291016, -254.53767395, -163.797332764, -129.092041016, 11.5651521683, 162.59387207, 66.9295959473, -38.6293449402, 77.7751998901, 112.946411133, 70.1299819946], [709.691711426, 113.993278503, -245.825927734, -217.340179443, -117.813858032, -102.541633606, -20.3217182159, 66.9295959473, 88.7070922852, 5.64818239212, 72.2233047485, 47.2359085083, 32.9164276123], [-389.246032715, 0.208413764834, 175.978240967, 67.6454238892, 37.0877914429, 54.1799316406, -10.726852417, -38.6293449402, 5.64818239212, 57.6518554688, -2.93880581856, -41.9664039612, -26.9178371429], [738.199035645, 96.4450531006, -253.365432739, -223.329025269, -119.5262146, -100.832565308, -14.1514081955, 77.7751998901, 72.2233047485, -2.93880581856, 79.7812194824, 54.4146232605, 34.2476768494], [953.962768555, 36.1684074402, -346.468963623, -204.712173462, -135.668182373, -114.641166687, 9.79323291779, 112.946411133, 47.2359085083, -41.9664039612, 54.4146232605, 102.212928772, 65.2610702515], [664.566589355, 42.8780555725, -254.880935669, -139.857315063, -81.4313964844, -82.2118301392, -0.192259848118, 70.1299819946, 32.9164276123, -26.9178371429, 34.2476768494, 65.2610702515, 57.0179176331]],
        "icov": [[0.00320138735697, -0.00615674303845, 0.00777741800994, -0.00149756309111, 0.00527900457382, -0.00715137319639, 0.00601320015267, -0.00754030328244, 0.00539686111733, -0.00344761135057, 0.00262803467922, -0.00748944515362, 0.00718280766159], [-0.00615674303845, 0.026857258752, -0.0158510338515, 0.00816612783819, -0.0150082036853, 0.0227484740317, -0.0201543811709, 0.0294383708388, -0.0213776435703, 0.00638979161158, -0.0129460245371, 0.0209416262805, -0.0250099264085], [0.00777741800994, -0.0158510338515, 0.0246146097779, -0.00465206569061, 0.0158356782049, -0.0270707122982, 0.00884798262268, -0.0220531113446, 0.0134407430887, -0.0115724820644, 0.0084768794477, -0.00750926649198, 0.0209112223238], [-0.00149756309111, 0.00816612783819, -0.00465206569061, 0.0173801407218, -0.0131268706173, 0.00491820136085, -0.00988824199885, 0.00774749973789, -0.000409486965509, -0.00968835595995, 0.0164356138557, -0.00177187961526, -0.000250732526183], [0.00527900457382, -0.0150082036853, 0.0158356782049, -0.0131268706173, 0.0282388497144, -0.0271201375872, 0.0106865987182, -0.0156792365015, 0.00812554173172, 0.00647008279338, -0.00460512796417, 0.00648898584768, 0.00259745959193], [-0.00715137319639, 0.0227484740317, -0.0270707122982, 0.00491820136085, -0.0271201375872, 0.0631566643715, -0.0165787637234, 0.0259320344776, -0.00806079432368, -0.0052390024066, -0.00957569014281, 0.00154845567886, -0.0161635801196], [0.00601320015267, -0.0201543811709, 0.00884798262268, -0.00988824199885, 0.0106865987182, -0.0165787637234, 0.0499290525913, -0.0215537063777, 0.0137640796602, 0.00686057144776, 0.00140689976979, -0.0413760468364, 0.0202099978924], [-0.00754030328244, 0.0294383708388, -0.0220531113446, 0.00774749973789, -0.0156792365015, 0.0259320344776, -0.0215537063777, 0.0677351355553, -0.0246278289706, 0.012965134345, -0.0314680896699, -0.0107357064262, -0.0306900590658], [0.00539686111733, -0.0213776435703, 0.0134407430887, -0.000409486965509, 0.00812554173172, -0.00806079432368, 0.0137640796602, -0.0246278289706, 0.0744719952345, -0.0293915085495, -0.0172287281603, -0.0193766560405, 0.0182299166918], [-0.00344761135057, 0.00638979161158, -0.0115724820644, -0.00968835595995, 0.00647008279338, -0.0052390024066, 0.00686057144776, 0.012965134345, -0.0293915085495, 0.0626445636153, -0.0284572262317, 0.0280093196779, -0.0227784141898], [0.00262803467922, -0.0129460245371, 0.0084768794477, 0.0164356138557, -0.00460512796417, -0.00957569014281, 0.00140689976979, -0.0314680896699, -0.0172287281603, -0.0284572262317, 0.102755196393, -0.0207821857184, 0.034216683358], [-0.00748944515362, 0.0209416262805, -0.00750926649198, -0.00177187961526, 0.00648898584768, 0.00154845567886, -0.0413760468364, -0.0107357064262, -0.0193766560405, 0.0280093196779, -0.0207821857184, 0.149525657296, -0.0760556459427], [0.00718280766159, -0.0250099264085, 0.0209112223238, -0.000250732526183, 0.00259745959193, -0.0161635801196, 0.0202099978924, -0.0306900590658, 0.0182299166918, -0.0227784141898, 0.034216683358, -0.0760556459427, 0.108930766582]]
    },
    "melbands": {
        "dmean": [5.5339728533e-07, 2.28030536675e-08, 1.416159634e-08, 3.9230705795e-08, 1.9444374999e-08, 2.53864147481e-08, 7.36689326004e-05, 7.95352170826e-05, 4.09645224408e-08, 9.86807719983e-08, 3.06687240936e-07, 8.811866428e-05, 5.98614715273e-05, 5.05070488543e-07, 2.63488487917e-07, 2.47834464062e-06, 3.70576259456e-07, 3.15609298696e-07, 1.38679270094e-05, 9.97052097773e-07, 6.49425714982e-07, 5.38171832432e-07, 1.52754080318e-06, 2.03719423553e-06, 1.81347422767e-06, 1.10782150387e-06, 7.37300211995e-08, 3.86053145007e-08, 2.67782525043e-08, 2.91209598657e-08, 2.50185916428e-08, 2.443366931e-08, 1.32915731754e-08, 7.89182319494e-09, 8.60767546129e-09, 6.78396405718e-09, 3.47805562129e-09, 3.11857450974e-09, 2.26410024062e-09, 2.695672352e-09],
        "dmean2": [9.43172949519e-07, 3.92007741823e-08, 2.44547546657e-08, 6.8754374638e-08, 3.44074457814e-08, 3.68163561859e-08, 5.63306602999e-05, 6.81898964103e-05, 6.23928499977e-08, 1.66495638609e-07, 5.10134498199e-07, 8.28026750241e-05, 5.55666920263e-05, 8.50019148402e-07, 4.54735925359e-07, 2.70953887593e-06, 4.48937896635e-07, 3.85474891118e-07, 1.49143997987e-05, 1.13168925964e-06, 9.87864041235e-07, 7.88622912751e-07, 2.05468609238e-06, 2.74458443528e-06, 2.87747252514e-06, 1.77488050213e-06, 1.24190918882e-07, 6.67751436367e-08, 4.42773746556e-08, 4.57187958602e-08, 4.15917753571e-08, 3.73569370993e-08, 2.18294644583e-08, 1.35643425381e-08, 1.45174050559e-08, 1.11173461548e-08, 5.65963631516e-09, 5.0024699938e-09, 3.70119912496e-09, 4.2117056509e-09],
        "dvar": [4.26618240517e-13, 5.09311487942e-16, 3.97632152611e-16, 5.35808182016e-15, 4.51531611902e-16, 1.32624374299e-15, 3.61555940742e-08, 3.98929458356e-08, 5.12484325132e-15, 1.14354741835e-14, 1.12703717073e-13, 2.90111810131e-08, 1.41182345814e-08, 2.59458036653e-13, 6.5702068894e-14, 6.87600670846e-11, 6.31465040847e-13, 9.64398482947e-13, 2.0723758265e-09, 8.26564164336e-12, 3.16341679414e-12, 2.0249769743e-12, 3.12193738743e-12, 5.34215597106e-12, 4.29855413417e-12, 1.70263315166e-12, 6.62965953904e-15, 1.71377031608e-15, 8.58719566707e-16, 1.21263407251e-15, 1.56553287993e-15, 1.09542493552e-15, 2.75468905202e-16, 8.87037717783e-17, 3.68033883288e-16, 7.10177966315e-17, 1.71944511919e-17, 1.63361189575e-17, 8.98041618754e-18, 9.72530969993e-18],
        "dvar2": [1.17672874483e-12, 1.42445202514e-15, 1.21227408351e-15, 1.50917317109e-14, 1.30148475818e-15, 2.35491845886e-15, 1.53846375639e-08, 2.16062314706e-08, 8.76157751629e-15, 2.77819928792e-14, 2.98579628903e-13, 2.70747122499e-08, 1.27606503142e-08, 7.65918795401e-13, 1.76275010214e-13, 8.14854017595e-11, 7.40782381183e-13, 1.23306107078e-12, 2.43154762991e-09, 9.44273739062e-12, 7.86503241007e-12, 4.70501025293e-12, 4.26902133435e-12, 7.27471598586e-12, 1.04831161113e-11, 3.94980922969e-12, 1.76199827569e-14, 4.85050622036e-15, 2.42044662172e-15, 3.31973599611e-15, 4.11329490637e-15, 2.23629594152e-15, 7.06834224347e-16, 2.32374409945e-16, 1.20043415109e-15, 1.7618992046e-16, 4.55437505814e-17, 4.27657240512e-17, 2.14184374094e-17, 2.26545843886e-17],
        "max": [6.24712174613e-06, 1.56911866611e-07, 2.19665423629e-07, 7.86678242548e-07, 1.50713603375e-07, 8.26972211598e-07, 0.00657252408564, 0.00684685772285, 1.59880050887e-06, 7.8538772641e-07, 2.1118796667e-06, 0.00362073932774, 0.00263648293912, 3.84757095162e-06, 1.87855664535e-06, 0.000150596926687, 1.55167672347e-05, 1.85271801456e-05, 0.000873201875947, 5.43778478459e-05, 2.59569824266e-05, 2.05485193874e-05, 3.81131831091e-05, 5.28474265593e-05, 2.90758798656e-05, 1.8671818907e-05, 7.3058987482e-07, 3.2951172102e-07, 3.29981531877e-07, 4.42899505515e-07, 5.21066397141e-07, 7.46564467136e-07, 2.67065303206e-07, 1.03556224929e-07, 2.66469413646e-07, 1.62369204304e-07, 6.09956387621e-08, 6.03992162951e-08, 4.63815936769e-08, 4.19392236495e-08],
        "mean": [6.64624110414e-07, 3.40839427793e-08, 1.9580578936e-08, 4.89723461783e-08, 2.86874204392e-08, 2.32145666246e-07, 0.0014938438544, 0.00149731372949, 2.87372927232e-07, 1.47828188801e-07, 4.23627113832e-07, 0.00190180540085, 0.00139406346716, 1.00676993497e-06, 5.48813318346e-07, 9.71522786131e-06, 1.50037226376e-06, 2.03063996196e-06, 0.000109522166895, 7.74141517468e-06, 2.76956484413e-06, 2.47260027209e-06, 1.16752271424e-05, 1.52677457663e-05, 9.10860126169e-06, 5.7210313571e-06, 2.14504169094e-07, 1.12230523541e-07, 7.89333967077e-08, 9.1994735385e-08, 7.03580127492e-08, 8.78479440303e-08, 5.21037115675e-08, 2.82055125922e-08, 2.54628105267e-08, 2.33762129653e-08, 1.17952296819e-08, 1.12303508715e-08, 8.56219983802e-09, 1.01796633345e-08],
        "median": [4.42494865638e-07, 2.69490829652e-08, 1.44773082411e-08, 3.13674739516e-08, 2.37133050973e-08, 2.18240074901e-07, 0.00130435987376, 0.0012774184579, 2.14225835293e-07, 1.20782459589e-07, 3.40811823207e-07, 0.00231330492534, 0.00172822829336, 8.61801879637e-07, 5.14512805694e-07, 3.17142348649e-06, 6.70744555009e-07, 1.96171140487e-06, 9.36139185796e-05, 5.96817926635e-06, 2.15550585381e-06, 1.92297807189e-06, 1.08384801933e-05, 1.40546071634e-05, 7.39923825677e-06, 4.72142755825e-06, 1.99186047212e-07, 1.0850144605e-07, 7.4823084617e-08, 8.64758078478e-08, 6.34390673326e-08, 6.2550590485e-08, 4.12621652401e-08, 2.73673812501e-08, 2.23780141084e-08, 2.12636344088e-08, 9.96292648381e-09, 8.75710171044e-09, 6.39593356055e-09, 7.66488916781e-09],
        "min": [9.58783816229e-11, 2.88116770025e-11, 1.73228965894e-11, 1.31482628604e-11, 9.1874780353e-12, 8.72504238997e-12, 5.5223646836e-12, 2.29507298583e-12, 7.16777635509e-12, 6.62966296444e-12, 3.33527758363e-12, 2.24231614179e-12, 8.23229158453e-12, 3.88043113267e-12, 1.3180812778e-12, 1.94069760262e-12, 3.67095373197e-12, 3.16795981808e-12, 1.71580067862e-12, 2.91524638631e-12, 3.52541108285e-12, 1.5240819674e-12, 1.06597630029e-12, 4.0616373112e-12, 2.83493411038e-12, 1.28211816164e-11, 7.99550183006e-12, 1.76580061337e-12, 4.06903720787e-12, 2.09512637274e-12, 4.33978677647e-12, 1.8864102988e-12, 2.01222827463e-12, 3.71655007117e-12, 2.57076890157e-12, 2.74517257884e-12, 1.12092897898e-12, 1.46846564856e-12, 1.51139398306e-12, 8.47527560285e-13],
        "stdev": [6.87700833168e-07, 2.51011815777e-08, 2.12961044355e-08, 8.15552994027e-08, 2.40345752189e-08, 1.53135246705e-07, 0.00125488592312, 0.00129850918893, 2.87491701556e-07, 1.37147836199e-07, 4.10464252809e-07, 0.00104903848842, 0.00075672834646, 7.69556436353e-07, 3.63112036439e-07, 1.7235190171e-05, 2.10257735489e-06, 1.86130864677e-06, 0.000103078709799, 7.33322303859e-06, 3.22694700117e-06, 2.88242335955e-06, 8.9466029749e-06, 1.18614761959e-05, 7.49197488403e-06, 4.74509897685e-06, 1.49653857306e-07, 7.31066762683e-08, 5.6212325461e-08, 6.820124554e-08, 6.69783659646e-08, 1.01824085164e-07, 4.35942659749e-08, 1.97476399677e-08, 2.53721026411e-08, 2.02619876433e-08, 1.00246611012e-08, 1.02790194134e-08, 7.53543094589e-09, 8.51254000622e-09],
