{
"lowlevel": {
    "average_loudness": 0.430781424046,
    "barkbands_crest": {
        "dmean": 4.44307470322,
        "dmean2": 7.55921363831,
        "dvar": 13.6765346527,
        "dvar2": 33.4210281372,
        "max": 26.783657074,
        "mean": 16.868106842,
        "median": 17.3751049042,
        "min": 3.60618901253,
        "stdev": 6.54778528214,
        "var": 42.8734931946
    },
    "barkbands_flatness_db": {
        "dmean": 0.0612583234906,
        "dmean2": 0.0996899530292,
        "dvar": 0.00304032536224,
        "dvar2": 0.00725123332813,
        "max": 0.796812355518,
        "mean": 0.242193952203,
        "median": 0.209251746535,
        "min": 0.0362330786884,
        "stdev": 0.141371980309,
        "var": 0.0199860353023
    },
    "barkbands_kurtosis": {
        "dmean": 121.002670288,
        "dmean2": 209.040542603,
        "dvar": 94300.4609375,
        "dvar2": 268203.40625,
        "max": 3165.30419922,
        "mean": 123.297462463,
        "median": 22.035823822,
        "min": -1.89608097076,
        "stdev": 310.127868652,
        "var": 96179.2890625
    },
    "barkbands_skewness": {
        "dmean": 3.43115925789,
        "dmean2": 5.69423389435,
        "dvar": 22.6866436005,
        "dvar2": 62.2841072083,
        "max": 50.2819023132,
        "mean": 6.07976961136,
        "median": 3.9275302887,
        "min": -3.75637817383,
        "stdev": 7.03196191788,
        "var": 49.4484901428
    },
    "barkbands_spread": {
        "dmean": 6.97783374786,
        "dmean2": 11.6034450531,
        "dvar": 148.202941895,
        "dvar2": 375.720672607,
        "max": 135.727706909,
        "mean": 12.1788759232,
        "median": 6.58622217178,
        "min": 0.0361600518227,
        "stdev": 17.7280635834,
        "var": 314.28427124
    },
    "dissonance": {
        "dmean": 0.0196447074413,
        "dmean2": 0.0342540033162,
        "dvar": 0.000461160496343,
        "dvar2": 0.00111561908852,
        "max": 0.499986350536,
        "mean": 0.469672888517,
        "median": 0.477681338787,
        "min": 0.216120794415,
        "stdev": 0.0283876508474,
        "var": 0.000805858755484
    },
    "dynamic_complexity": 11.4526729584,
    "erbbands_crest": {
        "dmean": 2.88360643387,
        "dmean2": 4.81202030182,
        "dvar": 8.29375648499,
        "dvar2": 20.9324550629,
        "max": 31.6100444794,
        "mean": 8.53110218048,
        "median": 7.0713596344,
        "min": 2.74197077751,
        "stdev": 5.14256048203,
        "var": 26.445930481
    },
    "erbbands_flatness_db": {
        "dmean": 0.0215314626694,
        "dmean2": 0.0344699323177,
        "dvar": 0.000526402203832,
        "dvar2": 0.00130599585827,
        "max": 0.325091063976,
        "mean": 0.118519499898,
        "median": 0.105700142682,
        "min": 0.0472864247859,
        "stdev": 0.0476521924138,
        "var": 0.00227073160931
    },
    "erbbands_kurtosis": {
        "dmean": 2.33984613419,
        "dmean2": 3.84787130356,
        "dvar": 31.3153514862,
        "dvar2": 71.5321655273,
        "max": 81.7173080444,
        "mean": 2.35363602638,
        "median": 0.57932138443,
        "min": -1.68799066544,
        "stdev": 7.45432806015,
        "var": 55.5670051575
    },
    "erbbands_skewness": {
        "dmean": 0.529433608055,
        "dmean2": 0.856024205685,
        "dvar": 0.362663388252,
        "dvar2": 0.781239449978,
        "max": 7.22692537308,
        "mean": 0.787342488766,
        "median": 0.682748675346,
        "min": -1.98012208939,
        "stdev": 1.13550150394,
        "var": 1.28936374187
    },
    "erbbands_spread": {
        "dmean": 11.8481054306,
        "dmean2": 19.1610889435,
        "dvar": 153.698104858,
        "dvar2": 378.822784424,
        "max": 124.466789246,
        "mean": 41.3428115845,
        "median": 37.5302009583,
        "min": 2.76635861397,
        "stdev": 20.752412796,
        "var": 430.662658691
    },
    "hfc": {
        "dmean": 19.5289402008,
        "dmean2": 33.5359077454,
        "dvar": 9554.72851562,
        "dvar2": 25976.3789062,
        "max": 1225.2199707,
        "mean": 18.980682373,
        "median": 1.3744289875,
        "min": 5.4525674642e-08,
        "stdev": 84.3074874878,
        "var": 7107.75292969
    },
    "loudness_ebu128": {
        "integrated": -28.6311416626,
        "loudness_range": 5.96211624146,
        "momentary": {
            "dmean": 1.94853210449,
            "dmean2": 2.61582493782,
            "dvar": 8.25139427185,
            "dvar2": 11.5469026566,
            "max": -23.583562851,
            "mean": -37.9584884644,
            "median": -33.2716064453,
            "min": -57.1968841553,
            "stdev": 10.6350641251,
            "var": 113.10458374
        },
        "short_term": {
            "dmean": 0.362745165825,
            "dmean2": 0.490678012371,
            "dvar": 0.787987232208,
            "dvar2": 1.532320261,
            "max": -28.2818489075,
            "mean": -31.0077705383,
            "median": -30.1120910645,
            "min": -41.1305236816,
            "stdev": 2.69498848915,
            "var": 7.26296329498
        }
    },
    "melbands_crest": {
        "dmean": 5.98120880127,
        "dmean2": 9.80506420135,
        "dvar": 35.6563720703,
        "dvar2": 92.9848175049,
        "max": 39.9096603394,
        "mean": 26.227678299,
        "median": 28.8838882446,
        "min": 3.883477211,
        "stdev": 10.9235954285,
        "var": 119.324935913
    },
    "melbands_flatness_db": {
        "dmean": 0.0570830963552,
        "dmean2": 0.0908923521638,
        "dvar": 0.00272545078769,
        "dvar2": 0.006123050116,
        "max": 0.859719634056,
        "mean": 0.299358576536,
        "median": 0.277145504951,
        "min": 0.031703080982,
        "stdev": 0.145877435803,
        "var": 0.0212802253664
    },
    "melbands_kurtosis": {
        "dmean": 185.061843872,
        "dmean2": 302.251739502,
        "dvar": 359012.03125,
        "dvar2": 754945.1875,
        "max": 6392.94873047,
        "mean": 219.673080444,
        "median": 25.3457965851,
        "min": -1.7209353447,
        "stdev": 696.631896973,
        "var": 485296.03125
    },
    "melbands_skewness": {
        "dmean": 3.58062171936,
        "dmean2": 5.95027208328,
        "dvar": 37.5486106873,
        "dvar2": 81.723487854,
        "max": 63.4698486328,
        "mean": 7.36999845505,
        "median": 3.94285941124,
        "min": -0.459943175316,
        "stdev": 9.38611221313,
        "var": 88.099105835
    },
    "melbands_spread": {
        "dmean": 8.56673049927,
        "dmean2": 14.2717695236,
        "dvar": 483.971038818,
        "dvar2": 1238.11376953,
        "max": 256.314666748,
        "mean": 15.7647724152,
        "median": 7.10363483429,
        "min": 0.0112204840407,
        "stdev": 32.5426177979,
        "var": 1059.02209473
    },
    "pitch_salience": {
        "dmean": 0.127703040838,
        "dmean2": 0.205589994788,
        "dvar": 0.0144422622398,
        "dvar2": 0.037418268621,
        "max": 0.910155951977,
        "mean": 0.326079726219,
        "median": 0.273706942797,
        "min": 0.0134262675419,
        "stdev": 0.232559219003,
        "var": 0.0540837869048
    },
    "silence_rate_20dB": {
        "dmean": 0.0292887035757,
        "dmean2": 0.0566037744284,
        "dvar": 0.0284308623523,
        "dvar2": 0.0617855228484,
        "max": 1,
        "mean": 0.949895620346,
        "median": 1,
        "min": 0,
        "stdev": 0.218160375953,
        "var": 0.0475939512253
    },
    "silence_rate_30dB": {
        "dmean": 0.06694560498,
        "dmean2": 0.132075473666,
        "dvar": 0.0624639950693,
        "dvar2": 0.135595947504,
        "max": 1,
        "mean": 0.830897688866,
        "median": 1,
        "min": 0,
        "stdev": 0.374842256308,
        "var": 0.140506714582
    },
    "silence_rate_60dB": {
        "dmean": 0.0564853549004,
        "dmean2": 0.111111111939,
        "dvar": 0.053295083344,
        "dvar2": 0.119728915393,
        "max": 1,
        "mean": 0.386221289635,
        "median": 0,
        "min": 0,
        "stdev": 0.486883550882,
        "var": 0.237055599689
    },
    "spectral_centroid": {
        "dmean": 305.749969482,
        "dmean2": 486.814605713,
        "dvar": 160213.28125,
        "dvar2": 325944.6875,
        "max": 5079.13134766,
        "mean": 1134.12585449,
        "median": 896.034362793,
        "min": 57.8545265198,
        "stdev": 832.93572998,
        "var": 693781.9375
    },
    "spectral_complexity": {
        "dmean": 2.61715483665,
        "dmean2": 3.76729559898,
        "dvar": 21.6295890808,
        "dvar2": 39.2225494385,
        "max": 63,
        "mean": 8.03549098969,
        "median": 3,
        "min": 0,
        "stdev": 11.3011989594,
        "var": 127.717094421
    },
    "spectral_decrease": {
        "dmean": 1.7454363288e-08,
        "dmean2": 3.05264116207e-08,
        "dvar": 3.79697595793e-15,
        "dvar2": 1.19736086145e-14,
        "max": -2.6483164418e-19,
        "mean": -2.12147046597e-08,
        "median": -2.34924191211e-09,
        "min": -7.11968368705e-07,
        "stdev": 6.16098532191e-08,
        "var": 3.7957744417e-15
    },
    "spectral_energy": {
        "dmean": 0.067397467792,
        "dmean2": 0.117836937308,
        "dvar": 0.0543938465416,
        "dvar2": 0.171367198229,
        "max": 2.69048523903,
        "mean": 0.0817906931043,
        "median": 0.0108016980812,
        "min": 5.94517273952e-12,
        "stdev": 0.233167618513,
        "var": 0.0543671399355
    },
    "spectral_energyband_high": {
        "dmean": 0.00153049954679,
        "dmean2": 0.0026922528632,
        "dvar": 7.3019102274e-05,
        "dvar2": 0.000198151785298,
        "max": 0.115124814212,
        "mean": 0.00125765311532,
        "median": 8.31665784062e-06,
        "min": 3.78379402463e-12,
        "stdev": 0.00724226469174,
        "var": 5.24503993802e-05
    },
    "spectral_energyband_low": {
        "dmean": 0.032234493643,
        "dmean2": 0.0559142641723,
        "dvar": 0.0117215570062,
        "dvar2": 0.0336947105825,
        "max": 1.34639155865,
        "mean": 0.0403531193733,
        "median": 0.00156444963068,
        "min": 4.99886861505e-13,
        "stdev": 0.124891638756,
        "var": 0.0155979217961
    },
    "spectral_energyband_middle_high": {
        "dmean": 0.00186447729357,
        "dmean2": 0.00280413101427,
        "dvar": 8.45724935061e-05,
        "dvar2": 0.000199462127057,
        "max": 0.127578318119,
        "mean": 0.00225068209693,
        "median": 9.5489252999e-05,
        "min": 7.24751422071e-13,
        "stdev": 0.00976266898215,
        "var": 9.53097041929e-05
    },
    "spectral_energyband_middle_low": {
        "dmean": 0.00470331404358,
        "dmean2": 0.0081878202036,
        "dvar": 0.000424217461841,
        "dvar2": 0.00119662727229,
        "max": 0.289392918348,
        "mean": 0.00598513428122,
        "median": 0.000510205107275,
        "min": 2.783437814e-13,
        "stdev": 0.0186196882278,
        "var": 0.000346692773746
    },
    "spectral_entropy": {
        "dmean": 0.215594932437,
        "dmean2": 0.33940038085,
        "dvar": 0.0598188862205,
        "dvar2": 0.121678061783,
        "max": 8.94803619385,
        "mean": 7.69927692413,
        "median": 7.77883577347,
        "min": 5.03601837158,
        "stdev": 0.531544625759,
        "var": 0.282539695501
    },
    "spectral_flux": {
        "dmean": 0.0631206780672,
        "dmean2": 0.102606497705,
        "dvar": 0.0113651193678,
        "dvar2": 0.0311071369797,
        "max": 1.25437903404,
        "mean": 0.122142069042,
        "median": 0.0737262219191,
        "min": 0.00330308172852,
        "stdev": 0.156321227551,
        "var": 0.0244363266975
    },
    "spectral_kurtosis": {
        "dmean": 1.63273739815,
        "dmean2": 2.6359140873,
        "dvar": 9.70990657806,
        "dvar2": 24.0880813599,
        "max": 45.5943603516,
        "mean": 5.36918306351,
        "median": 4.59044885635,
        "min": -0.695541858673,
        "stdev": 4.40509557724,
        "var": 19.4048671722
    },
    "spectral_rms": {
        "dmean": 0.00242467341013,
        "dmean2": 0.00398217793554,
        "dvar": 1.80929600901e-05,
        "dvar2": 4.97501423524e-05,
        "max": 0.0512334257364,
        "mean": 0.00567944580689,
        "median": 0.00324626592919,
        "min": 7.61588410114e-08,
        "stdev": 0.00689490372315,
        "var": 4.75396955153e-05
    },
    "spectral_rolloff": {
        "dmean": 459.089263916,
        "dmean2": 742.105407715,
        "dvar": 2347717,
        "dvar2": 5066919.5,
        "max": 17635.6933594,
        "mean": 883.130249023,
        "median": 64.599609375,
        "min": 21.533203125,
        "stdev": 2422.21289062,
        "var": 5867115.5
    },
    "spectral_skewness": {
        "dmean": 0.249493196607,
        "dmean2": 0.385965257883,
        "dvar": 0.11289844662,
        "dvar2": 0.261673927307,
        "max": 5.68608188629,
        "mean": 1.87848448753,
        "median": 1.83301365376,
        "min": 0.445034563541,
        "stdev": 0.615265965462,
        "var": 0.37855219841
    },
    "spectral_spread": {
        "dmean": 862028.3125,
        "dmean2": 1345313,
        "dvar": 2.24094427546e+12,
        "dvar2": 3.1956425769e+12,
        "max": 31296640,
        "mean": 5832849.5,
        "median": 5547488,
        "min": 2068104.75,
        "stdev": 2274408.75,
        "var": 5.17293526221e+12
    },
    "spectral_strongpeak": {
        "dmean": 0.226592123508,
        "dmean2": 0.40665525198,
        "dvar": 0.519555926323,
        "dvar2": 1.31150436401,
        "max": 9.18918037415,
        "mean": 0.19418862462,
        "median": 0,
        "min": 0,
        "stdev": 0.714228153229,
        "var": 0.510121822357
    },
    "zerocrossingrate": {
        "dmean": 0.01138778124,
        "dmean2": 0.01439866703,
        "dvar": 0.000199637259357,
        "dvar2": 0.000262169924099,
        "max": 0.33154296875,
        "mean": 0.0356975384057,
        "median": 0.02197265625,
        "min": 0,
        "stdev": 0.0492170639336,
        "var": 0.00242231949233
    },
    "barkbands": {
        "dmean": [0.0548469983041, 0.0112261241302, 0.000436537375208, 0.000531776633579, 0.0013840852771, 0.000977307325229, 0.00135801569559, 0.0010212919442, 0.000572365301196, 0.00014251677203, 7.33847846277e-05, 7.1009984822e-05, 0.000147982544149, 0.000172784304596, 0.000189656726434, 0.000466235011118, 0.000152153297677, 0.00033818531665, 0.000245479488513, 0.000333407369908, 0.00012368010357, 0.000143749086419, 0.000115594863018, 0.000262453744654, 0.000597757461946, 0.000111018984171, 2.08410056075e-05],
        "dmean2": [0.0969500169158, 0.0190485883504, 0.000731157895643, 0.000913569936529, 0.00248914724216, 0.00171756080817, 0.00246130884625, 0.00174210756086, 0.00100706797093, 0.000235040846746, 0.000116633847938, 0.000115159884444, 0.000218894230784, 0.000286387425149, 0.0002887454757, 0.000702607270796, 0.000257527659414, 0.000565714319237, 0.000402883073548, 0.000565673981328, 0.00019591092132, 0.000220520218136, 0.000199583751964, 0.000477327790577, 0.00113570375834, 0.000206215656362, 3.84827944799e-05],
        "dvar": [0.0447416193783, 0.00149726285599, 1.56553858233e-06, 2.99477937915e-06, 2.30587284022e-05, 2.43889335252e-05, 0.000108248823381, 1.15872690003e-05, 7.04230569681e-06, 1.30461216941e-07, 7.25159097215e-08, 7.89305545368e-08, 1.51765596001e-06, 8.68123095188e-07, 8.06354080396e-07, 2.30778132391e-05, 4.73024414305e-07, 4.04834599976e-06, 1.80454742349e-06, 7.2770449151e-06, 2.63836312797e-07, 9.54711936174e-07, 3.04069629919e-07, 3.24768302562e-06, 1.39861949719e-05, 3.28865922938e-07, 7.89692577996e-09],
        "dvar2": [0.142405554652, 0.00382489338517, 3.99840519094e-06, 7.40487166695e-06, 6.61597077851e-05, 6.94981354172e-05, 0.000316158460919, 3.01118379866e-05, 2.00391114049e-05, 3.59379157544e-07, 1.80255653959e-07, 1.96461854785e-07, 3.52138704329e-06, 2.3287714157e-06, 1.75532818503e-06, 5.278792014e-05, 1.16048170185e-06, 1.0958272469e-05, 4.86378985443e-06, 1.9839799279e-05, 5.63151957067e-07, 2.16680041376e-06, 8.18580360828e-07, 9.05730212253e-06, 4.09300264437e-05, 9.4666700079e-07, 2.36232402528e-08],
        "max": [2.34515285492, 0.609780848026, 0.014943853952, 0.0286550652236, 0.0596395730972, 0.0790958553553, 0.16583558917, 0.0466176308692, 0.0402555540204, 0.00349526712671, 0.00391925731674, 0.00456511508673, 0.0230181422085, 0.0128906043246, 0.0130370901898, 0.0897478163242, 0.00769228441641, 0.0301048625261, 0.0172953829169, 0.0461808294058, 0.00652239099145, 0.0173469614238, 0.00665195053443, 0.0284437313676, 0.0477040223777, 0.00718817394227, 0.000829140248243],
        "mean": [0.0596857890487, 0.0122115854174, 0.000432942761108, 0.000520912464708, 0.00147573905997, 0.000993745517917, 0.00122154585551, 0.00110563263297, 0.000610270770267, 0.00020160866552, 9.27838627831e-05, 0.000105921899376, 0.000161520249094, 0.000191675571841, 0.000255820923485, 0.000459845323348, 0.000156434456585, 0.00029701879248, 0.000230701261899, 0.000284072128125, 0.000127439649077, 0.000138765302836, 9.75664443104e-05, 0.000206463810173, 0.000417373579694, 8.84792316356e-05, 1.8379141693e-05],
        "median": [0.00230490742251, 0.000332054449245, 2.84091838694e-05, 2.77048111457e-05, 8.51441145642e-05, 8.0221958342e-05, 5.15102765348e-05, 5.29037497472e-05, 4.71159837616e-05, 1.21616703836e-05, 6.23303685643e-06, 6.92225648891e-06, 4.65643643111e-06, 7.92746777734e-06, 5.13414943271e-06, 3.5879470488e-06, 3.97451185563e-06, 3.48046660292e-06, 2.42457190325e-06, 2.2398528472e-06, 1.57972158377e-06, 9.05576769128e-07, 6.26835628736e-07, 1.37964502755e-06, 1.15889997687e-06, 3.26203860368e-07, 1.56106978011e-07],
        "min": [2.18489234951e-13, 2.61264480102e-13, 1.00603234781e-13, 5.05647837512e-14, 5.73612880285e-14, 6.69612680733e-14, 3.96570187171e-14, 2.26891750966e-14, 2.40053829814e-14, 5.2922195028e-14, 1.47206601292e-14, 4.09182914331e-14, 2.35848463697e-14, 1.05564157676e-13, 1.14293503047e-13, 3.53142299745e-14, 7.21823113976e-14, 1.01746383671e-13, 1.25226584202e-13, 1.18320324784e-13, 6.11131100153e-13, 1.77625844805e-13, 6.51641230125e-13, 3.56240942778e-13, 3.91187435092e-13, 6.13069816267e-13, 1.02830309372e-12],
        "stdev": [0.20057284832, 0.0435669794679, 0.00126381008886, 0.00177980214357, 0.00441749440506, 0.00413707317784, 0.00806103553623, 0.00356290442869, 0.00230789510533, 0.000457719928818, 0.000297929102089, 0.000322008010698, 0.00122481549624, 0.000841787899844, 0.00114027713425, 0.00478404806927, 0.000692591071129, 0.00178556528408, 0.00131844670977, 0.00230954797007, 0.000554539205041, 0.000991557375528, 0.000477093242807, 0.00142885756213, 0.00281221978366, 0.000465255463496, 8.02189897513e-05],
        "var": [0.0402294658124, 0.00189808174036, 1.59721594173e-06, 3.16769569508e-06, 1.95142583834e-05, 1.7115373339e-05, 6.49802896078e-05, 1.26942886709e-05, 5.32637932338e-06, 2.095075331e-07, 8.8761744621e-08, 1.03689160369e-07, 1.50017297074e-06, 7.08606876287e-07, 1.30023181555e-06, 2.2887115847e-05, 4.79682398691e-07, 3.18824322676e-06, 1.7383016484e-06, 5.33401134817e-06, 3.07513744247e-07, 9.83186055237e-07, 2.27617960036e-07, 2.04163393391e-06, 7.90858030086e-06, 2.16462652247e-07, 6.43508579756e-09]
    },
    "erbbands": {
        "dmean": [0.917535245419, 0.730705201626, 0.495450377464, 1.24003732204, 2.21621274948, 5.30253791809, 11.0493173599, 5.63908529282, 19.3010654449, 20.1049041748, 18.6102981567, 13.4913673401, 5.13246250153, 3.52543878555, 2.93261241913, 3.05337381363, 5.73616075516, 10.2316598892, 7.63181352615, 18.6740570068, 16.7414054871, 8.79990291595, 15.3318653107, 14.9723825455, 13.3146600723, 19.2473278046, 6.40669441223, 3.89607548714, 3.68894171715, 5.57391452789, 3.54762911797, 4.04843235016, 4.54328870773, 7.16050863266, 4.1234369278, 0.856050550938, 0.174631878734, 0.0249437447637, 0.00417372910306, 0.000262869434664],
        "dmean2": [1.5775809288, 1.22888660431, 0.791142165661, 2.10069775581, 4.01177883148, 9.3543920517, 19.3488731384, 9.85626125336, 35.3564720154, 35.7834472656, 32.3263320923, 23.4933624268, 8.58141994476, 5.70218515396, 4.80675840378, 5.10805034637, 8.65059089661, 16.2442054749, 12.4010324478, 29.7003593445, 27.4043617249, 14.7045049667, 26.0768814087, 24.4075908661, 22.3173999786, 32.8931694031, 10.2900781631, 6.44787168503, 5.96851396561, 8.91249084473, 6.30630064011, 7.39735031128, 7.97834300995, 13.5750694275, 7.83806610107, 1.61413764954, 0.32593613863, 0.046673104167, 0.00775490747765, 0.000476502114907],
        "dvar": [9.46505451202, 10.5129308701, 3.59021043777, 14.4875173569, 48.4557113647, 287.986297607, 4295.19873047, 641.282592773, 24073.5917969, 10435.3115234, 4470.94140625, 3115.69140625, 189.397003174, 89.6528930664, 131.958190918, 141.932357788, 1868.32873535, 3119.04370117, 980.37487793, 27786.3222656, 22372.5507812, 1648.85888672, 8224.17285156, 6129.01904297, 4984.39941406, 27293.1015625, 852.558776855, 269.015319824, 344.785491943, 1272.46606445, 367.627563477, 491.653320312, 869.126525879, 2706.29125977, 537.675170898, 21.5064105988, 0.787920117378, 0.0114789996296, 0.000339154299581, 8.38708558604e-07],
        "dvar2": [25.8833389282, 22.5474586487, 8.4047870636, 36.935749054, 143.922348022, 808.973510742, 12313.1054688, 1798.19873047, 70336.84375, 30011.78125, 11338.6513672, 8799.796875, 447.173034668, 232.20475769, 335.029327393, 348.170715332, 4118.55322266, 8027.10546875, 2325.90942383, 54291.9453125, 56933.3085938, 3955.99707031, 22980.8183594, 15424.9707031, 13733.0273438, 74517.5703125, 1726.10656738, 639.545715332, 728.25604248, 2948.65112305, 986.398010254, 1356.66845703, 2340.54272461, 7890.87841797, 1581.43652344, 62.0969734192, 2.3127553463, 0.0341898538172, 0.00102098716889, 2.48166725214e-06],
        "max": [47.5422782898, 42.4832305908, 29.3560752869, 61.2931671143, 68.6113739014, 188.062835693, 1066.35095215, 361.261352539, 2442.68261719, 1609.37341309, 1001.9239502, 816.623962402, 171.115966797, 102.870384216, 149.825073242, 176.179580688, 800.208435059, 655.017883301, 325.065612793, 3060.70581055, 2708.49829102, 401.686004639, 1308.00976562, 925.07989502, 775.671508789, 2843.70678711, 407.991210938, 186.5730896, 290.168182373, 617.621948242, 254.478408813, 263.378326416, 481.75668335, 698.034973145, 251.523483276, 59.0512504578, 9.24960708618, 1.03263914585, 0.189008921385, 0.00965647306293],
        "mean": [1.02850329876, 0.808921635151, 0.528112828732, 1.29132962227, 2.33064675331, 5.52284669876, 10.2976799011, 6.53479719162, 16.5839729309, 19.9852333069, 21.946641922, 14.4076385498, 7.22239303589, 5.2726764679, 3.72690653801, 4.56439352036, 6.76661157608, 10.9744129181, 10.163433075, 23.335313797, 15.6527099609, 9.54865074158, 13.5620222092, 14.5907468796, 11.6472129822, 15.7597112656, 6.8799829483, 3.98356389999, 3.87285423279, 5.00194740295, 2.95660495758, 3.35165119171, 3.57710623741, 4.66540765762, 3.07581973076, 0.647596180439, 0.138710036874, 0.021518073976, 0.0036755502224, 0.000264736678218],
        "median": [0.0300454180688, 0.0219663865864, 0.0335487313569, 0.0949069485068, 0.176839157939, 0.311047941446, 0.439126372337, 0.713148474693, 0.742066144943, 0.900273561478, 1.22114181519, 1.13961970806, 0.553418040276, 0.344807773829, 0.25471419096, 0.306449204683, 0.230817228556, 0.429369866848, 0.28117915988, 0.247855886817, 0.205415099859, 0.230019927025, 0.188750490546, 0.154107883573, 0.120132133365, 0.107724629343, 0.0739957019687, 0.0480130426586, 0.0292827002704, 0.0227302704006, 0.0180916376412, 0.0181058421731, 0.023887604475, 0.0142792295665, 0.00724245747551, 0.00199970765971, 0.000530572375283, 0.000132299392135, 5.03641640535e-05, 2.347642112e-05],
        "min": [1.06290245702e-11, 4.84013627788e-11, 1.14161152753e-10, 1.57535609557e-10, 1.55271587254e-10, 1.91986038178e-10, 3.76910669342e-10, 5.8524390889e-10, 5.96755145299e-10, 5.48899425912e-10, 4.44101366792e-10, 4.8819698284e-10, 1.50418089095e-09, 1.1445961956e-09, 9.69615610025e-10, 1.55357215981e-09, 1.06588016191e-09, 4.7254262725e-09, 6.2843472648e-09, 3.97493327142e-09, 1.85237913897e-09, 4.26889945615e-09, 5.77388936662e-09, 6.75817179996e-09, 4.4350767503e-09, 5.66098234955e-09, 1.67624971681e-08, 2.65859831927e-08, 8.21083023794e-09, 4.31117141986e-09, 2.290503609e-08, 1.17365619445e-08, 4.61589078071e-09, 3.23170068484e-09, 3.85409126835e-09, 2.15281570348e-09, 1.30264632414e-09, 7.29304283631e-10, 1.39419462086e-10, 1.15176687632e-11],
        "stdev": [3.47235512733, 3.5434794426, 1.84809815884, 4.02320623398, 6.39840364456, 15.9379501343, 52.7785339355, 22.1359806061, 118.453910828, 85.3880767822, 72.9482040405, 50.4069480896, 17.4579334259, 12.7207717896, 11.9994297028, 13.9335098267, 44.6905403137, 52.6800193787, 37.4236373901, 187.428817749, 137.648101807, 41.8721618652, 78.4883728027, 79.7007293701, 65.2727508545, 139.886413574, 33.4355659485, 16.390542984, 20.1014385223, 35.3217086792, 16.2721805573, 18.3613395691, 24.257144928, 38.6148757935, 17.9571647644, 3.65983128548, 0.718517541885, 0.0933684781194, 0.0164455808699, 0.000836480117869],
        "var": [12.0572500229, 12.5562458038, 3.41546702385, 16.1861877441, 40.9395675659, 254.018249512, 2785.57373047, 490.001617432, 14031.3291016, 7291.12353516, 5321.43994141, 2540.86035156, 304.779418945, 161.81803894, 143.986312866, 194.142700195, 1997.24438477, 2775.18432617, 1400.52856445, 35129.5625, 18947, 1753.27807617, 6160.42480469, 6352.20654297, 4260.53173828, 19568.2089844, 1117.93713379, 268.649871826, 404.067840576, 1247.62316895, 264.783874512, 337.138793945, 588.409118652, 1491.10852051, 322.459777832, 13.394364357, 0.516267418861, 0.00871767289937, 0.00027045715251, 6.99698944118e-07]
    },
    "gfcc": {
        "mean": [-135.82081604, 78.4238739014, -75.6821899414, 18.1834850311, -42.6838340759, 13.5091457367, -27.888999939, 17.1852722168, -13.4563417435, 10.4718408585, -5.78759479523, -0.124622441828, -2.60067415237],
        "cov": [[22645.2539062, -1386.17675781, -1775.04003906, 290.862060547, -2422.04614258, -662.821594238, -1693.03100586, -69.2617492676, -195.238586426, 252.683685303, -572.539611816, -235.476608276, -1.39580714703], [-1386.17675781, 1697.5098877, 273.503234863, -56.9500694275, 228.595657349, -72.3597717285, 184.768569946, -79.304725647, 161.270584106, -84.988609314, 130.142929077, -17.9799976349, 86.0176467896], [-1775.04003906, 273.503234863, 1036.17321777, 109.568489075, 447.91607666, 178.736679077, 285.687805176, -28.8078689575, 63.4953117371, 20.3379669189, 91.0608062744, 88.7776031494, 105.215789795], [290.862060547, -56.9500694275, 109.568489075, 279.904449463, 126.733375549, 36.4296607971, 70.8470306396, -28.0510368347, 32.0468559265, 23.5044441223, 24.7556686401, 26.1036891937, 82.5859069824], [-2422.04614258, 228.595657349, 447.91607666, 126.733375549, 534.992370605, 144.009094238, 334.396575928, -8.08612060547, 70.3680343628, -16.926071167, 114.9740448, 52.4225959778, 77.2875823975], [-662.821594238, -72.3597717285, 178.736679077, 36.4296607971, 144.009094238, 150.348449707, 94.736289978, 8.95219135284, -7.53328275681, -4.02149820328, -8.6478395462, 21.5085124969, 6.74081611633], [-1693.03100586, 184.768569946, 285.687805176, 70.8470306396, 334.396575928, 94.736289978, 299.870361328, 22.2791652679, 66.3217849731, -9.8389787674, 92.1671524048, 21.7997817993, 49.4104270935], [-69.2617492676, -79.304725647, -28.8078689575, -28.0510368347, -8.08612060547, 8.95219135284, 22.2791652679, 68.3864440918, 15.9083595276, 12.8819408417, 0.243065655231, -12.6788444519, -12.6573410034], [-195.238586426, 161.270584106, 63.4953117371, 32.0468559265, 70.3680343628, -7.53328275681, 66.3217849731, 15.9083595276, 102.491386414, 22.3404655457, 42.9283065796, 5.46734333038, 34.3128013611], [252.683685303, -84.988609314, 20.3379669189, 23.5044441223, -16.926071167, -4.02149820328, -9.8389787674, 12.8819408417, 22.3404655457, 52.6282730103, 12.5153961182, 12.6214818954, 15.1533517838], [-572.539611816, 130.142929077, 91.0608062744, 24.7556686401, 114.9740448, -8.6478395462, 92.1671524048, 0.243065655231, 42.9283065796, 12.5153961182, 100.919570923, 28.7522144318, 38.7003250122], [-235.476608276, -17.9799976349, 88.7776031494, 26.1036891937, 52.4225959778, 21.5085124969, 21.7997817993, -12.6788444519, 5.46734333038, 12.6214818954, 28.7522144318, 61.778591156, 30.9643726349], [-1.39580714703, 86.0176467896, 105.215789795, 82.5859069824, 77.2875823975, 6.74081611633, 49.4104270935, -12.6573410034, 34.3128013611, 15.1533517838, 38.7003250122, 30.9643726349, 90.3462905884]],
        "icov": [[0.000130456232, 1.58287348313e-05, -4.15797585447e-05, -0.0003348478931, 0.000542867346667, -1.61217449204e-05, 0.000267538038315, 2.89446452371e-05, -8.94361437531e-05, -0.000180347051355, 7.05673155608e-05, 0.000346277054632, -0.000348697183654], [1.58287348313e-05, 0.00119487475604, -0.000272149278317, 0.000697895069607, 0.000166184661794, 0.000429232721217, -0.000146046455484, 0.00165003689472, -0.00206780945882, 0.00237198220566, -0.000758951122407, 0.0011601250153, -0.00100655201823], [-4.15797585447e-05, -0.000272149278317, 0.00189095328096, 0.000468534009997, -0.00117962865625, -0.00104407046456, -0.000554791477043, 0.000732534332201, 0.000394286733354, -0.00180099578574, 0.000665940868203, -0.00110134319402, -0.000634398835246], [-0.0003348478931, 0.000697895069607, 0.000468534009997, 0.00712430756539, -0.00255084130913, -0.000332096853526, -0.00124764256179, 0.00352086452767, -0.00098839646671, -0.00130718247965, 0.00112603034358, 0.000770627346355, -0.00449693994597], [0.000542867346667, 0.000166184661794, -0.00117962865625, -0.00255084130913, 0.0111817456782, -0.00294307433069, -0.00567487347871, 0.00246235216036, -0.0013294799719, 0.00241735111922, -0.00262810871936, 0.000411994318711, -0.0012576704612], [-1.61217449204e-05, 0.000429232721217, -0.00104407046456, -0.000332096853526, -0.00294307433069, 0.0140335224569, -0.00299489754252, -0.00224172347225, 0.00209320825525, -0.000618715886958, 0.00754376035184, -0.00440527731553, 0.00149223825429], [0.000267538038315, -0.000146046455484, -0.000554791477043, -0.00124764256179, -0.00567487347871, -0.00299489754252, 0.015688303858, -0.00543889310211, -0.00228708726354, 0.00306938681751, -0.00586140854284, 0.00428031757474, -0.000936507596634], [2.89446452371e-05, 0.00165003689472, 0.000732534332201, 0.00352086452767, 0.00246235216036, -0.00224172347225, -0.00543889310211, 0.023621853441, -0.00527861528099, -0.00437943637371, -0.000137302587973, 0.00504928734154, -0.000229752884479], [-8.94361437531e-05, -0.00206780945882, 0.000394286733354, -0.00098839646671, -0.0013294799719, 0.00209320825525, -0.00228708726354, -0.00527861528099, 0.0191465299577, -0.0096357697621, -0.000596045982093, 0.000401886558393, -0.00163385865744], [-0.000180347051355, 0.00237198220566, -0.00180099578574, -0.00130718247965, 0.00241735111922, -0.000618715886958, 0.00306938681751, -0.00437943637371, -0.0096357697621, 0.0341453067958, -0.00640742108226, -0.00303008337505, -0.00156708143186], [7.05673155608e-05, -0.000758951122407, 0.000665940868203, 0.00112603034358, -0.00262810871936, 0.00754376035184, -0.00586140854284, -0.000137302587973, -0.000596045982093, -0.00640742108226, 0.0236582439393, -0.00828572548926, -0.00220272107981], [0.000346277054632, 0.0011601250153, -0.00110134319402, 0.000770627346355, 0.000411994318711, -0.00440527731553, 0.00428031757474, 0.00504928734154, 0.000401886558393, -0.00303008337505, -0.00828572548926, 0.0282362084836, -0.00795086286962], [-0.000348697183654, -0.00100655201823, -0.000634398835246, -0.00449693994597, -0.0012576704612, 0.00149223825429, -0.000936507596634, -0.000229752884479, -0.00163385865744, -0.00156708143186, -0.00220272107981, -0.00795086286962, 0.0228673927486]]
    },
    "melbands": {
        "dmean": [0.00784120894969, 0.0003840966383, 0.000219756679144, 0.000250530312769, 0.000352561968612, 0.000148677572724, 0.000283677160041, 0.000230074656429, 0.000147805054439, 7.64210926718e-05, 2.42163241637e-05, 1.56563910423e-05, 1.02158937807e-05, 8.21090816316e-06, 6.90144815962e-06, 1.85546268767e-05, 1.89241927728e-05, 1.09226148197e-05, 1.72521449713e-05, 4.06305189244e-05, 1.35451609822e-05, 8.7955086201e-06, 8.93634387467e-06, 1.93722207769e-05, 1.1107877981e-05, 1.00976039903e-05, 9.08610491024e-06, 1.41393002195e-05, 4.69369388156e-06, 2.35664606407e-06, 2.21981736104e-06, 1.56456530931e-06, 3.83807082471e-06, 2.63455785898e-06, 2.08218648368e-06, 1.99545843316e-06, 2.65446351477e-06, 2.37912740886e-06, 4.60033652416e-06, 7.06350601831e-06],
        "dmean2": [0.0135358488187, 0.000636538199615, 0.000372921931557, 0.000455596367829, 0.000610209011938, 0.0002636234276, 0.000517591775861, 0.00040360566345, 0.000256626633927, 0.000132286077132, 4.04995662393e-05, 2.53907037404e-05, 1.72651743924e-05, 1.33198464027e-05, 1.11457384264e-05, 2.81271441054e-05, 3.04069289996e-05, 1.83045885933e-05, 2.67976629402e-05, 6.23080049991e-05, 2.3238322683e-05, 1.4773080693e-05, 1.47080490933e-05, 3.33012285409e-05, 1.79825874511e-05, 1.71211795532e-05, 1.49738680193e-05, 2.43786780629e-05, 7.02523493601e-06, 3.91677576772e-06, 3.63989397556e-06, 2.57513920587e-06, 5.81159338253e-06, 4.45672640126e-06, 3.66680205843e-06, 3.61127399628e-06, 4.81874531033e-06, 4.02449040848e-06, 8.50883225212e-06, 1.34802930916e-05],
        "dvar": [0.000686592713464, 3.14960425385e-06, 4.32224140923e-07, 6.48615525733e-07, 3.6103272123e-06, 5.18587739862e-07, 5.01583554069e-06, 1.0334780427e-06, 3.25716939642e-07, 9.44708844486e-08, 4.16258272296e-09, 1.79234538322e-09, 1.70172709257e-09, 1.26559751568e-09, 7.4433215147e-10, 2.18203020097e-08, 1.03984341138e-08, 1.85847115475e-09, 8.96473917322e-09, 2.00761093083e-07, 9.73223457379e-09, 1.65536540031e-09, 2.21321982963e-09, 1.42759146726e-08, 3.34414695935e-09, 3.35999805756e-09, 2.66549582406e-09, 1.68629430419e-08, 4.2222844665e-10, 9.13715075823e-11, 9.57373971766e-11, 3.71703362534e-11, 9.83177095293e-10, 1.81929818432e-10, 1.12322866286e-10, 1.84732285025e-10, 1.70237032804e-10, 1.4371571988e-10, 1.49407974881e-09, 3.37076366819e-09],
        "dvar2": [0.00194550969172, 6.52402150081e-06, 1.12334032565e-06, 1.89595050415e-06, 1.02482435977e-05, 1.46462082284e-06, 1.46095344462e-05, 2.94184565064e-06, 8.46038290092e-07, 2.66495561618e-07, 9.65804503039e-09, 4.9420845194e-09, 4.40311298533e-09, 3.18217496798e-09, 1.63572266842e-09, 4.79310244828e-08, 2.76451128656e-08, 4.86994711224e-09, 1.66597455831e-08, 4.46265005394e-07, 2.67559769895e-08, 3.87230247867e-09, 5.95374327617e-09, 4.00022486247e-08, 7.99744537261e-09, 9.35885413611e-09, 7.06536207318e-09, 4.64963605395e-08, 8.50902737159e-10, 2.10557779545e-10, 2.36416830557e-10, 8.58327783848e-11, 2.18489026871e-09, 4.45016162809e-10, 2.94755692076e-10, 5.2644910653e-10, 4.6183473712e-10, 3.61516067082e-10, 4.31228297515e-09, 9.86902559674e-09],
        "max": [0.359605014324, 0.02743383497, 0.0100789461285, 0.00994158163667, 0.0308604389429, 0.00977180991322, 0.0353808663785, 0.0154116535559, 0.00896106380969, 0.00439047953114, 0.000845961913001, 0.000442450982518, 0.000566433183849, 0.0006203778903, 0.000438274408225, 0.00272582354955, 0.00130710506346, 0.00047729324433, 0.00152457191143, 0.00836573541164, 0.00163774308749, 0.000493246887345, 0.000580387830269, 0.00174144713674, 0.000632836483419, 0.000665103783831, 0.000753724365495, 0.00223507243209, 0.000337258767104, 9.93588328129e-05, 0.00012573460117, 6.99502779753e-05, 0.000574295117985, 0.000194153471966, 0.000130261207232, 0.000178402275196, 0.000143841200043, 0.000190516948351, 0.000615880009718, 0.000865248090122],
        "mean": [0.00951450131834, 0.000436129863374, 0.000244852300966, 0.000270086718956, 0.000345046166331, 0.000163314252859, 0.000246168696322, 0.00022888201056, 0.000173347230884, 8.11641511973e-05, 3.45209446095e-05, 2.22186572501e-05, 1.22389737953e-05, 1.23427589642e-05, 1.00306824606e-05, 1.98682500923e-05, 1.9934548618e-05, 1.351489027e-05, 2.37024614762e-05, 4.15169233747e-05, 1.23139780044e-05, 9.26460143091e-06, 9.08315632842e-06, 1.61378975463e-05, 1.11861627374e-05, 8.95282846614e-06, 7.94531661086e-06, 1.12000325316e-05, 4.65524908577e-06, 2.55567283602e-06, 2.10324810723e-06, 1.65460335211e-06, 3.67505822396e-06, 2.29764941651e-06, 1.74240358319e-06, 1.56152816544e-06, 2.22393623517e-06, 2.08651545108e-06, 3.10978271045e-06, 4.47222328148e-06],
        "median": [0.000333826377755, 1.93141549971e-05, 1.69895884028e-05, 1.6600050003e-05, 1.71022056747e-05, 1.53220898937e-05, 1.16731680464e-05, 1.00383676909e-05, 9.3470353022e-06, 6.71724956192e-06, 2.49320123658e-06, 1.41405155318e-06, 8.24036419544e-07, 8.29956718462e-07, 6.15784756519e-07, 5.44105319022e-07, 8.01496753411e-07, 4.61016782083e-07, 3.72889900291e-07, 2.74793734434e-07, 2.30933878242e-07, 2.45059823101e-07, 1.89544081763e-07, 1.44497604992e-07, 1.11110139756e-07, 9.3725695649e-08, 8.47557402039e-08, 6.41071693508e-08, 4.48921753105e-08, 3.03387217571e-08, 2.67490278816e-08, 1.49053551723e-08, 1.39448932401e-08, 1.08917665997e-08, 1.01302299882e-08, 1.02329726914e-08, 1.15412568391e-08, 1.67267018014e-08, 1.65521925055e-08, 1.17870007088e-08],
        "min": [9.42498100506e-14, 6.04311251647e-14, 2.70155788338e-14, 1.18287431106e-14, 1.24435060712e-14, 1.31042976492e-14, 8.92247481275e-15, 5.82154225e-15, 3.26702386525e-15, 3.38629203346e-15, 7.79010187656e-15, 4.97870084528e-15, 2.43246157232e-15, 4.78578146825e-15, 2.42931865657e-15, 3.3327970324e-15, 9.4549222645e-15, 9.90102402463e-15, 8.26402782198e-15, 3.51731701897e-15, 1.68507506329e-15, 3.8970927112e-15, 6.24152236107e-15, 4.18467310229e-15, 5.80258904077e-15, 4.20694075144e-15, 2.57662552115e-15, 3.51844674916e-15, 9.72554505598e-15, 1.20682772518e-14, 1.70614255146e-14, 5.34579264265e-15, 1.15400425184e-15, 2.33375534067e-15, 1.25090003527e-14, 1.33203376375e-14, 4.78723497679e-15, 2.20342005174e-15, 3.60098312185e-15, 2.49657286082e-15],
        "stdev": [0.030304973945, 0.00184429099318, 0.000704797101207, 0.000743939424865, 0.00157289044, 0.000612035219092, 0.00172187795397, 0.000877885962836, 0.000601431296673, 0.000278341613011, 8.33216472529e-05, 5.37709711352e-05, 4.17177907366e-05, 3.9127025957e-05, 3.23269232467e-05, 0.000152240507305, 9.29527523112e-05, 4.68729886052e-05, 0.000123790116049, 0.000452244537883, 8.54804384289e-05, 4.17068768002e-05, 4.54502551293e-05, 0.000101083118352, 6.14441523794e-05, 5.40948531125e-05, 4.73031868751e-05, 0.000108006854134, 2.32382171816e-05, 1.01668874777e-05, 9.27182099986e-06, 6.38911433271e-06, 3.21320985677e-05, 1.28686724565e-05, 9.25136009755e-06, 1.06053139461e-05, 1.12249708764e-05, 1.07902833406e-05, 2.90211755782e-05, 4.27591330663e-05],
        "var": [0.000918391393498, 3.40140945809e-06, 4.96738948641e-07, 5.53445886453e-07, 2.47398429565e-06, 3.74587074248e-07, 2.96486382467e-06, 7.70683755036e-07, 3.61719571629e-07, 7.74740485099e-08, 6.94249679967e-09, 2.89131740772e-09, 1.74037417811e-09, 1.53092427624e-09, 1.04502995146e-09, 2.31771739578e-08, 8.6402138777e-09, 2.19707718685e-09, 1.53239945178e-08, 2.04525122172e-07, 7.30690574713e-09, 1.73946357318e-09, 2.06572559058e-09, 1.02177972749e-08, 3.77538400542e-09, 2.92625301768e-09, 2.23759144546e-09, 1.16654801374e-08, 5.40014699624e-10, 1.0336560774e-10, 8.59666712816e-11, 4.08207842528e-11, 1.03247166372e-09, 1.65602739854e-10, 8.55876619577e-11, 1.12472677005e-10, 1.25999974343e-10, 1.16430212693e-10, 8.42228620179e-10, 1.8283433656e-09]
    },
    "melbands128": {
