{
"lowlevel": {
    "average_loudness": 0.982849061489,
    "barkbands_crest": {
        "dmean": 5.34194231033,
        "dmean2": 9.11186695099,
        "dvar": 17.366651535,
        "dvar2": 43.9114761353,
        "max": 26.4651908875,
        "mean": 15.1300010681,
        "median": 15.3195590973,
        "min": 3.27359652519,
        "stdev": 5.75687551498,
        "var": 33.1416168213
    },
    "barkbands_flatness_db": {
        "dmean": 0.0556864961982,
        "dmean2": 0.0925176292658,
        "dvar": 0.00203987606801,
        "dvar2": 0.00549240643159,
        "max": 0.422394603491,
        "mean": 0.176512032747,
        "median": 0.173618584871,
        "min": 0.031842187047,
        "stdev": 0.0714468359947,
        "var": 0.00510465074331
    },
    "barkbands_kurtosis": {
        "dmean": 25.2844600677,
        "dmean2": 46.8256835938,
        "dvar": 2877.55200195,
        "dvar2": 8214.61914062,
        "max": 412.968566895,
        "mean": 17.9975700378,
        "median": 2.74840450287,
        "min": -1.95740485191,
        "stdev": 47.0575180054,
        "var": 2214.40991211
    },
    "barkbands_skewness": {
        "dmean": 2.69112300873,
        "dmean2": 4.48982715607,
        "dvar": 6.93601083755,
        "dvar2": 18.7979259491,
        "max": 19.8060112,
        "mean": 1.00492155552,
        "median": 0.789748668671,
        "min": -8.12480735779,
        "stdev": 4.04012918472,
        "var": 16.32264328
    },
    "barkbands_spread": {
        "dmean": 42.7422218323,
        "dmean2": 77.5677108765,
        "dvar": 1466.58056641,
        "dvar2": 4266.33935547,
        "max": 157.104858398,
        "mean": 62.4918556213,
        "median": 54.3097076416,
        "min": 1.10497534275,
        "stdev": 44.8465957642,
        "var": 2011.21716309
    },
    "dissonance": {
        "dmean": 0.0110831046477,
        "dmean2": 0.0195980165154,
        "dvar": 0.00013342704915,
        "dvar2": 0.000371253758203,
        "max": 0.499958842993,
        "mean": 0.487401992083,
        "median": 0.491290271282,
        "min": 0.41090297699,
        "stdev": 0.0130355898291,
        "var": 0.000169926599483
    },
    "dynamic_complexity": 7.54266500473,
    "erbbands_crest": {
        "dmean": 2.77742862701,
        "dmean2": 4.46008348465,
        "dvar": 9.07530212402,
        "dvar2": 20.5519504547,
        "max": 26.3270511627,
        "mean": 8.91065788269,
        "median": 7.66098070145,
        "min": 2.46266341209,
        "stdev": 4.57270383835,
        "var": 20.909620285
    },
    "erbbands_flatness_db": {
        "dmean": 0.0251844394952,
        "dmean2": 0.0406359434128,
        "dvar": 0.000767449033447,
        "dvar2": 0.00188720028382,
        "max": 0.250262916088,
        "mean": 0.101007901132,
        "median": 0.0962841361761,
        "min": 0.03174168244,
        "stdev": 0.0443088710308,
        "var": 0.0019632759504
    },
    "erbbands_kurtosis": {
        "dmean": 4.19568443298,
        "dmean2": 7.03808355331,
        "dvar": 46.4816741943,
        "dvar2": 133.392532349,
        "max": 48.3246765137,
        "mean": 4.44851922989,
        "median": 0.799927949905,
        "min": -1.64435911179,
        "stdev": 7.90973186493,
        "var": 62.5638580322
    },
    "erbbands_skewness": {
        "dmean": 0.792400240898,
        "dmean2": 1.25062763691,
        "dvar": 0.755097031593,
        "dvar2": 2.05056023598,
        "max": 2.69426703453,
        "mean": -1.27582347393,
        "median": -0.981400430202,
        "min": -5.37155294418,
        "stdev": 1.37598979473,
        "var": 1.89334797859
    },
    "erbbands_spread": {
        "dmean": 18.9314441681,
        "dmean2": 31.1294784546,
        "dvar": 485.694610596,
        "dvar2": 1133.61315918,
        "max": 169.677429199,
        "mean": 51.8784828186,
        "median": 43.3867721558,
        "min": 4.12498235703,
        "stdev": 34.5122108459,
        "var": 1191.09277344
    },
    "hfc": {
        "dmean": 1516.39135742,
        "dmean2": 2567.13574219,
        "dvar": 13600204,
        "dvar2": 35948192,
        "max": 26155.7871094,
        "mean": 1132.21557617,
        "median": 54.4772529602,
        "min": 5.14697931067e-05,
        "stdev": 3345.09155273,
        "var": 11189638
    },
    "loudness_ebu128": {
        "integrated": -31.5251255035,
        "loudness_range": 2.52390098572,
        "momentary": {
            "dmean": 2.53925204277,
            "dmean2": 4.02722549438,
            "dvar": 9.81253814697,
            "dvar2": 16.555803299,
            "max": -27.0673160553,
            "mean": -35.6121826172,
            "median": -34.1286239624,
            "min": -50.444152832,
            "stdev": 6.42278623581,
            "var": 41.2521820068
        },
        "short_term": {
            "dmean": 0.218929290771,
            "dmean2": 0.358847171068,
            "dvar": 0.104911670089,
            "dvar2": 0.124710008502,
            "max": -30.9515285492,
            "mean": -32.435382843,
            "median": -32.1890792847,
            "min": -34.3037643433,
            "stdev": 1.07820153236,
            "var": 1.16251850128
        }
    },
    "melbands_crest": {
        "dmean": 7.58453845978,
        "dmean2": 13.1420650482,
        "dvar": 38.4743156433,
        "dvar2": 85.4476928711,
        "max": 39.4158325195,
        "mean": 24.5300540924,
        "median": 25.1036586761,
        "min": 6.24173784256,
        "stdev": 9.56649589539,
        "var": 91.5178375244
    },
    "melbands_flatness_db": {
        "dmean": 0.0603446513414,
        "dmean2": 0.0974752530456,
        "dvar": 0.00267016096041,
        "dvar2": 0.00634748209268,
        "max": 0.553393304348,
        "mean": 0.182582810521,
        "median": 0.165674775839,
        "min": 0.0338668748736,
        "stdev": 0.0903240218759,
        "var": 0.00815842952579
    },
    "melbands_kurtosis": {
        "dmean": 52.274105072,
        "dmean2": 88.2497024536,
        "dvar": 14661.0029297,
        "dvar2": 39027.953125,
        "max": 861.103149414,
        "mean": 50.7359390259,
        "median": 9.65229034424,
        "min": -1.94569134712,
        "stdev": 123.890945435,
        "var": 15348.9667969
    },
    "melbands_skewness": {
        "dmean": 2.70890688896,
        "dmean2": 4.29972362518,
        "dvar": 9.05830955505,
        "dvar2": 21.0900173187,
        "max": 24.4526615143,
        "mean": 4.32837486267,
        "median": 3.19932985306,
        "min": -3.225263834,
        "stdev": 4.62050676346,
        "var": 21.3490810394
    },
    "melbands_spread": {
        "dmean": 54.1228103638,
        "dmean2": 91.7352981567,
        "dvar": 4093.58374023,
        "dvar2": 9863.62792969,
        "max": 354.546051025,
        "mean": 91.6203765869,
        "median": 45.9089431763,
        "min": 0.270342946053,
        "stdev": 94.0255737305,
        "var": 8840.80859375
    },
    "pitch_salience": {
        "dmean": 0.182372033596,
        "dmean2": 0.311890184879,
        "dvar": 0.0218260474503,
        "dvar2": 0.0481630824506,
        "max": 0.845247805119,
        "mean": 0.433043926954,
        "median": 0.455282390118,
        "min": 0.0380446761847,
        "stdev": 0.219752341509,
        "var": 0.0482910908759
    },
    "silence_rate_20dB": {
        "dmean": 0.121827408671,
        "dmean2": 0.244897961617,
        "dvar": 0.106985390186,
        "dvar2": 0.225739106536,
        "max": 1,
        "mean": 0.87373739481,
        "median": 1,
        "min": 0,
        "stdev": 0.332145035267,
        "var": 0.110320322216
    },
    "silence_rate_30dB": {
        "dmean": 0.131979689002,
        "dmean2": 0.26530611515,
        "dvar": 0.114561013877,
        "dvar2": 0.194918811321,
        "max": 1,
        "mean": 0.707070708275,
        "median": 1,
        "min": 0,
        "stdev": 0.455106437206,
        "var": 0.207121878862
    },
    "silence_rate_60dB": {
        "dmean": 0.0203045681119,
        "dmean2": 0.0357142873108,
        "dvar": 0.0198922734708,
        "dvar2": 0.034438803792,
        "max": 1,
        "mean": 0.0252525247633,
        "median": 0,
        "min": 0,
        "stdev": 0.156891137362,
        "var": 0.0246148277074
    },
    "spectral_centroid": {
        "dmean": 967.512145996,
        "dmean2": 1537.89831543,
        "dvar": 1153217.25,
        "dvar2": 2765326,
        "max": 9088.31054688,
        "mean": 3647.34277344,
        "median": 3234,
        "min": 224.70614624,
        "stdev": 1893.39868164,
        "var": 3584958.5
    },
    "spectral_complexity": {
        "dmean": 4.75634527206,
        "dmean2": 7.85714292526,
        "dvar": 56.3569869995,
        "dvar2": 126.887664795,
        "max": 53,
        "mean": 9.23737335205,
        "median": 5,
        "min": 0,
        "stdev": 12.3562097549,
        "var": 152.675918579
    },
    "spectral_decrease": {
        "dmean": 2.25842384793e-08,
        "dmean2": 3.73659254649e-08,
        "dvar": 2.51521224435e-15,
        "dvar2": 6.60617639761e-15,
        "max": 2.00020508601e-07,
        "mean": -7.52573381391e-09,
        "median": -2.79895218114e-09,
        "min": -4.7204287057e-07,
        "stdev": 4.80107473777e-08,
        "var": 2.30503181815e-15
    },
    "spectral_energy": {
        "dmean": 0.137052282691,
        "dmean2": 0.227017357945,
        "dvar": 0.0749622434378,
        "dvar2": 0.195103064179,
        "max": 1.79021036625,
        "mean": 0.131099060178,
        "median": 0.0322551466525,
        "min": 5.65399105312e-09,
        "stdev": 0.263541400433,
        "var": 0.0694540664554
    },
    "spectral_energyband_high": {
        "dmean": 0.0988974794745,
        "dmean2": 0.167445033789,
        "dvar": 0.0558321215212,
        "dvar2": 0.148121699691,
        "max": 1.57970702648,
        "mean": 0.0750748813152,
        "median": 0.00497906468809,
        "min": 3.68364250214e-09,
        "stdev": 0.214260935783,
        "var": 0.0459077470005
    },
    "spectral_energyband_low": {
        "dmean": 0.0377818718553,
        "dmean2": 0.0623615607619,
        "dvar": 0.0199090074748,
        "dvar2": 0.0543650984764,
        "max": 1.46545147896,
        "mean": 0.0339166522026,
        "median": 0.00557030504569,
        "min": 6.62782384531e-10,
        "stdev": 0.120973549783,
        "var": 0.0146345999092
    },
    "spectral_energyband_middle_high": {
        "dmean": 0.00125489686616,
        "dmean2": 0.00221754261293,
        "dvar": 1.07588666651e-05,
        "dvar2": 3.06414221996e-05,
        "max": 0.0233395248652,
        "mean": 0.00155539007392,
        "median": 0.00043279863894,
        "min": 5.17038301062e-10,
        "stdev": 0.00309699680656,
        "var": 9.59138924372e-06
    },
    "spectral_energyband_middle_low": {
        "dmean": 0.00323209306225,
        "dmean2": 0.00593022955582,
        "dvar": 6.85093764332e-05,
        "dvar2": 0.000184911754332,
        "max": 0.0507342964411,
        "mean": 0.00341722252779,
        "median": 0.000491687271278,
        "min": 3.08590319964e-10,
        "stdev": 0.00903484877199,
        "var": 8.16284882603e-05
    },
    "spectral_entropy": {
        "dmean": 0.188051298261,
        "dmean2": 0.287075728178,
        "dvar": 0.0566928461194,
        "dvar2": 0.153201654553,
        "max": 9.20282840729,
        "mean": 8.59045028687,
        "median": 8.63689041138,
        "min": 6.86042070389,
        "stdev": 0.379266798496,
        "var": 0.143843308091
    },
    "spectral_flux": {
        "dmean": 0.114344730973,
        "dmean2": 0.179230421782,
        "dvar": 0.0252612754703,
        "dvar2": 0.0454649440944,
        "max": 1.22893214226,
        "mean": 0.240729317069,
        "median": 0.150190323591,
        "min": 0.024698799476,
        "stdev": 0.23029281199,
        "var": 0.0530347824097
    },
    "spectral_kurtosis": {
        "dmean": 0.676358819008,
        "dmean2": 1.08906650543,
        "dvar": 0.775859951973,
        "dvar2": 1.84872066975,
        "max": 8.1061296463,
        "mean": 1.04012000561,
        "median": 0.496942877769,
        "min": -1.01640212536,
        "stdev": 1.67826592922,
        "var": 2.81657648087
    },
    "spectral_rms": {
        "dmean": 0.00459236558527,
        "dmean2": 0.00707503315061,
        "dvar": 3.4425076592e-05,
        "dvar2": 8.72245364008e-05,
        "max": 0.0417917072773,
        "mean": 0.00837026257068,
        "median": 0.00560965249315,
        "min": 2.34863546211e-06,
        "stdev": 0.0076052765362,
        "var": 5.78402323299e-05
    },
    "spectral_rolloff": {
        "dmean": 4092.40356445,
        "dmean2": 7360.62011719,
        "dvar": 31706770,
        "dvar2": 77070480,
        "max": 17872.5585938,
        "mean": 8351.83886719,
        "median": 7924.21875,
        "min": 21.533203125,
        "stdev": 7400.17822266,
        "var": 54762636
    },
    "spectral_skewness": {
        "dmean": 0.222952619195,
        "dmean2": 0.363801449537,
        "dvar": 0.0565656423569,
        "dvar2": 0.131608128548,
        "max": 2.43608355522,
        "mean": 0.916228413582,
        "median": 0.914454400539,
        "min": -0.0899869129062,
        "stdev": 0.464876532555,
        "var": 0.216110184789
    },
    "spectral_spread": {
        "dmean": 1912171.5,
        "dmean2": 3114380.5,
        "dvar": 4.15357888102e+12,
        "dvar2": 9.05949845914e+12,
        "max": 22044560,
        "mean": 11723636,
        "median": 12202708,
        "min": 3455767.25,
        "stdev": 3989673.25,
        "var": 1.59174916833e+13
    },
    "spectral_strongpeak": {
        "dmean": 12.2842721939,
        "dmean2": 20.5682315826,
        "dvar": 950.805053711,
        "dvar2": 2193.93994141,
        "max": 176.515014648,
        "mean": 10.2154483795,
        "median": 0,
        "min": 0,
        "stdev": 30.6849861145,
        "var": 941.568359375
    },
    "zerocrossingrate": {
        "dmean": 0.0687088519335,
        "dmean2": 0.0876390114427,
        "dvar": 0.00393185112625,
        "dvar2": 0.00576296122745,
        "max": 0.70263671875,
        "mean": 0.245013609529,
        "median": 0.202880859375,
        "min": 0.00341796875,
        "stdev": 0.181015253067,
        "var": 0.032766520977
    },
    "barkbands": {
        "dmean": [0.0333851836622, 0.0191640537232, 0.00257072225213, 0.00106330309063, 0.00148068729322, 0.000676601950545, 0.000256205064943, 0.000240860856138, 0.000128258630866, 0.000149925239384, 0.000101910045487, 0.000120823911857, 0.00012062145106, 0.000110081069579, 0.000151798434672, 0.000180621253094, 0.000127802763018, 0.000124988044263, 0.000190356731764, 0.000240177119849, 0.00030044655432, 0.000491354614496, 0.00383114512078, 0.00682876864448, 0.00913982279599, 0.0069888359867, 0.0743120908737],
        "dmean2": [0.0565772168338, 0.0336638204753, 0.00462433183566, 0.00169403862674, 0.00287423399277, 0.00113487290218, 0.000454241875559, 0.000443667027866, 0.000215661566472, 0.000262791727437, 0.000179316048161, 0.000219122201088, 0.00022784974135, 0.000208063152968, 0.000274969177553, 0.000324841705151, 0.000229857309023, 0.000232129998039, 0.000329390517436, 0.000418849784182, 0.000515407009516, 0.000847686664201, 0.00718029774725, 0.0124131646007, 0.0159229561687, 0.0122645804659, 0.12751121819],
        "dvar": [0.0076335077174, 0.00722223194316, 9.809625044e-05, 1.27217999761e-05, 1.67357393366e-05, 3.6902949887e-06, 4.16257023517e-07, 8.34163643049e-07, 6.36868051629e-08, 1.10466423564e-07, 9.2073577207e-08, 7.8408255888e-08, 1.33249073997e-07, 1.16382601334e-07, 1.87651210126e-07, 2.79644609691e-07, 1.31916394253e-07, 2.06058700769e-07, 2.7017901516e-07, 3.98500873189e-07, 6.10463530393e-07, 1.44957164139e-06, 0.000115821225336, 0.000388902146369, 0.00075198529521, 0.000420525379013, 0.0341748036444],
        "dvar2": [0.0193702690303, 0.0191679373384, 0.000268528528977, 2.95636109513e-05, 5.38111453352e-05, 8.99109181773e-06, 1.01121827356e-06, 2.42332134803e-06, 1.58753820756e-07, 3.30544537519e-07, 2.59905164057e-07, 2.26576659657e-07, 3.84176274792e-07, 3.4083348055e-07, 5.31322996267e-07, 7.87010662862e-07, 3.71471685412e-07, 6.02619365964e-07, 7.51150025735e-07, 1.12574093691e-06, 1.59519561294e-06, 3.93059644921e-06, 0.000325897126459, 0.00108992180321, 0.00209875078872, 0.00117581780069, 0.0901430472732],
        "max": [0.835636258125, 0.906415939331, 0.103862121701, 0.0374583043158, 0.0272827632725, 0.0209499411285, 0.00612709671259, 0.00977869145572, 0.00247546844184, 0.00282721826807, 0.00305859209038, 0.00194323726464, 0.00265402742662, 0.00273508648388, 0.00276010343805, 0.00419454136863, 0.00304219871759, 0.00373746361583, 0.00374765763991, 0.00530253862962, 0.00557209551334, 0.00927203055471, 0.0895539671183, 0.136827841401, 0.21020616591, 0.194057777524, 1.36890149117],
        "mean": [0.0332302451134, 0.015647450462, 0.00188594637439, 0.000833258207422, 0.00118515943177, 0.00071104982635, 0.000249701173743, 0.000213734732824, 0.00017875964113, 0.000166080397321, 0.000128098326968, 0.000120413234981, 0.00012229893764, 0.000101177494798, 0.000170586223248, 0.000207843957469, 0.000132094181026, 0.000120898876048, 0.000190084305359, 0.000241138564888, 0.000331259361701, 0.000512983941007, 0.00270475912839, 0.00485101388767, 0.00821265485138, 0.00577323837206, 0.0526599921286],
        "median": [0.00840633176267, 0.00119398429524, 8.33159283502e-05, 3.1017276342e-05, 7.91597121861e-05, 6.26610853942e-05, 5.11026482855e-05, 5.39176398888e-05, 5.98270562477e-05, 4.16751936427e-05, 3.72903814423e-05, 4.08299674746e-05, 3.52335628122e-05, 3.2145082514e-05, 3.63993567589e-05, 3.97697331209e-05, 3.7543108192e-05, 1.96362634597e-05, 3.67115790141e-05, 4.56136003777e-05, 5.69893672946e-05, 8.57399500092e-05, 0.000276036764262, 0.000566540984437, 0.000770369311795, 0.000551115954295, 0.00105500896461],
        "min": [4.0696859771e-10, 3.37084360424e-10, 9.366053072e-11, 6.60099475081e-11, 8.9582327667e-11, 3.31962998756e-11, 2.42944921992e-12, 1.14513468152e-11, 7.61329124743e-11, 9.10902811513e-11, 1.05747528789e-11, 1.2826779569e-11, 1.58194169569e-11, 2.32743095629e-11, 2.03573043839e-11, 4.67717496677e-11, 1.05404553141e-10, 3.59146323792e-11, 1.3595594095e-10, 2.05175099133e-10, 2.12380682485e-10, 2.57010829285e-10, 2.65565514024e-10, 1.78330308853e-10, 6.6809946464e-10, 1.09542830362e-09, 8.44595671179e-10],
        "stdev": [0.0872319117188, 0.0724337697029, 0.00860628206283, 0.00362519430928, 0.00359849375673, 0.0023739526514, 0.000730380706955, 0.00075386732351, 0.000361269019777, 0.000357388140401, 0.000315063778544, 0.000241892543272, 0.000301084684907, 0.000262306130026, 0.000414423266193, 0.000551058154088, 0.000326183973812, 0.000364692794392, 0.000489845406264, 0.000590709096286, 0.000858330109622, 0.00120854843408, 0.00857198424637, 0.0158467851579, 0.0241803638637, 0.0172073412687, 0.166303068399],
        "var": [0.00760940695181, 0.00524665089324, 7.40680843592e-05, 1.31420338221e-05, 1.29491572807e-05, 5.63565163247e-06, 5.33455988716e-07, 5.68315954297e-07, 1.30515303454e-07, 1.27726281107e-07, 9.92651933984e-08, 5.8512000578e-08, 9.06519801447e-08, 6.88045034281e-08, 1.71746634692e-07, 3.03665103729e-07, 1.06395987132e-07, 1.33000824576e-07, 2.3994851972e-07, 3.48937248873e-07, 7.36730612516e-07, 1.4605892602e-06, 7.34789064154e-05, 0.000251120596658, 0.000584689958487, 0.00029609259218, 0.0276567097753]
    },
    "erbbands": {
        "dmean": [1.21426844597, 2.33315014839, 2.77305579185, 3.07701420784, 3.93233966827, 4.82409524918, 6.98363399506, 4.49162912369, 4.09959077835, 3.75281453133, 5.53303575516, 2.93996715546, 4.00923728943, 5.10457229614, 3.39728546143, 5.26704359055, 5.54539108276, 5.8004899025, 6.58966350555, 8.17392063141, 9.98302745819, 6.77542924881, 7.47073554993, 7.78606319427, 11.1661367416, 11.3619184494, 10.3392028809, 14.9389247894, 16.8949718475, 47.4703330994, 150.06211853, 232.934936523, 39.1216011047, 117.080818176, 54.7204704285, 39.2762145996, 10.9556541443, 41.0576133728, 17.6513233185, 0.367075294256],
        "dmean2": [2.11308002472, 3.88493442535, 4.62476348877, 5.45313119888, 7.13901996613, 9.37967681885, 12.2610797882, 8.25785446167, 7.60651063919, 6.29808330536, 10.0960798264, 4.61163806915, 7.20880126953, 9.3392791748, 5.71901035309, 9.59077262878, 10.1873588562, 10.8986053467, 11.9366893768, 14.5243825912, 18.2589626312, 12.1110105515, 13.9336795807, 13.7703180313, 19.8262500763, 19.5409011841, 17.4462127686, 24.8712921143, 29.550327301, 88.4061126709, 279.251098633, 425.768066406, 69.8595657349, 210.642211914, 94.9250640869, 68.4027786255, 18.9104499817, 71.3879165649, 30.6700820923, 0.607748925686],
        "dvar": [28.4828491211, 88.3265075684, 88.9189834595, 112.909370422, 128.853134155, 176.765640259, 481.657196045, 196.815475464, 114.731262207, 71.4069671631, 551.915222168, 31.3813209534, 75.2984466553, 297.104522705, 51.5109138489, 149.704986572, 257.405548096, 284.997192383, 481.29196167, 501.675323486, 975.89831543, 357.009124756, 810.864196777, 486.821136475, 812.492614746, 1103.55102539, 738.609375, 1319.58483887, 1647.72839355, 16331.1132812, 164783.125, 450707.75, 12168.8779297, 191833.078125, 24609.8496094, 14365.2080078, 528.352722168, 12328.1425781, 2522.17871094, 0.895563602448],
        "dvar2": [78.54637146, 223.875396729, 222.503631592, 256.901611328, 358.443267822, 578.762145996, 1348.49365234, 541.257751465, 295.84942627, 179.531112671, 1592.83325195, 71.3504257202, 244.370117188, 870.18182373, 132.045883179, 429.553955078, 740.51171875, 838.90032959, 1407.87609863, 1336.53112793, 2854.81225586, 1000.66619873, 2373.38134766, 1367.64282227, 2256.04150391, 3180.75341797, 1962.02233887, 3485.97802734, 4397.94824219, 45665.5, 462351.71875, 1259008.125, 34174.2070312, 550806.3125, 68499.9140625, 40298.4882812, 1392.05847168, 34420.1835938, 6588.18798828, 2.24648714066],
        "max": [55.8263435364, 95.0024032593, 108.712226868, 92.5815048218, 77.2100601196, 85.02003479, 200.796554565, 119.142288208, 104.749649048, 81.7071075439, 257.108215332, 70.8074417114, 61.8035316467, 174.877426147, 77.0714187622, 89.3007278442, 111.081474304, 116.457489014, 183.286102295, 178.931930542, 216.42388916, 154.264251709, 249.142578125, 154.154418945, 183.299331665, 294.936401367, 211.610626221, 284.295410156, 311.206085205, 959.636535645, 3148.22875977, 4131.01171875, 951.682983398, 3594.47875977, 1105.96594238, 1145.41748047, 147.082870483, 890.873901367, 427.503356934, 8.07650661469],
        "mean": [0.948572874069, 1.93189251423, 2.32178854942, 2.67234134674, 2.95773553848, 3.90649437904, 7.01507854462, 4.54966831207, 3.86955595016, 3.71981310844, 4.92518520355, 3.86481976509, 5.04408168793, 5.37144088745, 4.95026254654, 5.23693227768, 5.63244915009, 5.30872344971, 6.79309749603, 11.8076505661, 10.1736564636, 7.36680793762, 6.95880556107, 7.72461986542, 10.9789075851, 11.2315158844, 11.0728969574, 16.9799308777, 18.5504436493, 36.1693229675, 105.049728394, 163.257385254, 30.7553043365, 100.357597351, 48.6456565857, 32.6343383789, 9.23545265198, 29.0002918243, 12.3236560822, 0.274641335011],
        "median": [0.10081744194, 0.120882287621, 0.122396022081, 0.0991058200598, 0.138475388288, 0.286799669266, 0.443745523691, 0.553803563118, 0.629949092865, 0.939742207527, 1.32783710957, 1.3939306736, 1.25772476196, 1.36012935638, 1.71907615662, 1.8361467123, 1.7524138689, 1.60811686516, 1.73257577419, 2.18724298477, 2.15541172028, 2.14855289459, 1.18442821503, 1.34352040291, 2.17032265663, 1.8716878891, 2.20394468307, 2.59265422821, 3.34626150131, 4.86989307404, 11.1803846359, 18.5243225098, 4.176633358, 7.08472251892, 4.77566242218, 3.8175406456, 0.797366797924, 0.57512140274, 0.202291220427, 0.00551689183339],
        "min": [1.60299453711e-08, 5.47784821947e-08, 1.07083536705e-07, 1.8219863307e-07, 2.34435702851e-07, 3.03280017988e-07, 4.00292009317e-07, 2.03995995207e-07, 3.7480017312e-08, 1.01653895968e-07, 4.57408901866e-07, 1.65175970324e-06, 2.82474161395e-06, 1.85380417861e-06, 2.98812466326e-07, 6.66653079406e-07, 8.13843143987e-07, 8.85245071913e-07, 1.11786653179e-06, 1.06860352389e-06, 4.26968608735e-06, 4.6790282795e-06, 2.33374908021e-06, 6.96662709743e-06, 4.83684880237e-06, 8.86172620085e-06, 1.42496319313e-05, 5.07590584675e-06, 9.48394972511e-06, 8.9797167675e-06, 7.45047645978e-06, 3.0978706036e-06, 3.41331997333e-06, 9.71118788584e-06, 3.59665727956e-06, 3.33630350724e-06, 2.33613809542e-06, 8.08086667803e-07, 1.19988598613e-07, 9.99886218267e-09],
        "stdev": [4.35326385498, 8.66738986969, 9.39881706238, 10.8860301971, 10.6965761185, 11.903386116, 24.226348877, 15.2298984528, 11.8485450745, 9.17562103271, 19.4042758942, 7.78464365005, 10.1154003143, 14.981921196, 10.0891103745, 10.5194091797, 13.2936515808, 13.1543693542, 17.5633506775, 30.4414710999, 27.1458244324, 17.2741069794, 22.3187561035, 20.4462146759, 27.180065155, 29.7897186279, 28.0663566589, 43.3285598755, 42.9407424927, 102.966117859, 325.150421143, 539.508239746, 90.4241943359, 366.446868896, 136.340011597, 99.6539077759, 21.7480430603, 92.6991271973, 44.2307701111, 0.898308813572],
        "var": [18.9509048462, 75.1236495972, 88.3377609253, 118.505645752, 114.416732788, 141.690597534, 586.916015625, 231.949813843, 140.388031006, 84.1920166016, 376.525909424, 60.6006736755, 102.321327209, 224.457962036, 101.790145874, 110.657974243, 176.721176147, 173.03742981, 308.471282959, 926.683105469, 736.895751953, 298.394775391, 498.12689209, 418.047668457, 738.755981445, 887.427307129, 787.720397949, 1877.36425781, 1843.90734863, 10602.0214844, 105722.804688, 291069.15625, 8176.53466797, 134283.296875, 18588.5976562, 9930.90136719, 472.977355957, 8593.12792969, 1956.36108398, 0.806958734989]
    },
    "gfcc": {
        "mean": [11.886423111, -31.3026103973, -39.3192710876, 11.7453460693, -39.661075592, 23.3111248016, -22.4101295471, 13.7761793137, -6.93687105179, 7.0528922081, -6.65405130386, 6.71327018738, -6.25824165344],
        "cov": [[7906.34521484, -1307.78503418, 814.448120117, -581.440673828, 118.261123657, -286.326385498, -128.937484741, -321.308044434, -2.79888772964, -130.951293945, 114.184020996, 60.8316879272, -34.9872016907], [-1307.78503418, 2643.42651367, -910.563293457, 333.217437744, 78.7987213135, 21.0480899811, -47.9766807556, -13.9618883133, -83.687171936, 112.967086792, -110.192939758, -23.4140472412, 111.873573303], [814.448120117, -910.563293457, 1565.91516113, -126.627326965, 82.3266601562, 92.9797668457, -17.9110031128, 4.61024236679, -11.7444543839, -217.845230103, 41.6559791565, -80.2534942627, -166.718933105], [-581.440673828, 333.217437744, -126.627326965, 351.376068115, 48.7298583984, 115.435539246, 9.39958381653, 63.4031028748, 37.1324920654, 48.5313186646, -19.5622253418, -10.4415893555, -16.2340011597], [118.261123657, 78.7987213135, 82.3266601562, 48.7298583984, 215.850845337, 49.1573562622, 68.7025375366, -10.0852060318, 28.5926189423, 0.112822167575, -4.60248422623, -28.1582527161, -19.4860019684], [-286.326385498, 21.0480899811, 92.9797668457, 115.435539246, 49.1573562622, 159.506576538, 25.2998161316, 65.3288803101, 35.4051856995, 12.7218942642, 10.9570684433, -14.9929199219, -36.9795646667], [-128.937484741, -47.9766807556, -17.9110031128, 9.39958381653, 68.7025375366, 25.2998161316, 106.376495361, 20.6605968475, 38.6186180115, 15.2221469879, 10.2427511215, -8.90587711334, -6.59947252274], [-321.308044434, -13.9618883133, 4.61024236679, 63.4031028748, -10.0852060318, 65.3288803101, 20.6605968475, 101.308700562, 23.6921443939, 34.4015350342, 10.3958587646, -2.81234002113, 1.50967657566], [-2.79888772964, -83.687171936, -11.7444543839, 37.1324920654, 28.5926189423, 35.4051856995, 38.6186180115, 23.6921443939, 78.9970855713, 21.1816577911, 18.0342655182, 3.72461366653, -17.363368988], [-130.951293945, 112.967086792, -217.845230103, 48.5313186646, 0.112822167575, 12.7218942642, 15.2221469879, 34.4015350342, 21.1816577911, 87.5626068115, 1.73772108555, 20.6488895416, 27.625951767], [114.184020996, -110.192939758, 41.6559791565, -19.5622253418, -4.60248422623, 10.9570684433, 10.2427511215, 10.3958587646, 18.0342655182, 1.73772108555, 54.3369979858, 11.1911439896, -2.71913909912], [60.8316879272, -23.4140472412, -80.2534942627, -10.4415893555, -28.1582527161, -14.9929199219, -8.90587711334, -2.81234002113, 3.72461366653, 20.6488895416, 11.1911439896, 45.4981498718, 21.4231262207], [-34.9872016907, 111.873573303, -166.718933105, -16.2340011597, -19.4860019684, -36.9795646667, -6.59947252274, 1.50967657566, -17.363368988, 27.625951767, -2.71913909912, 21.4231262207, 72.91015625]],
        "icov": [[0.000192846768186, 5.42559646419e-05, -9.3206333986e-05, 0.00015747830912, -0.000266874034423, 0.00016778234567, 0.000396638846723, 0.000480143382447, -0.000200871552806, -0.000285340676783, -0.000291271077003, -0.000122628771351, -4.3592764996e-05], [5.42559646419e-05, 0.000658863165881, 0.000323723332258, -0.000423368590418, -0.00043084518984, -0.000172181404196, 0.000479467329569, 0.000361134094419, 0.000656060990877, -9.65482031461e-05, 0.000277521408862, 0.000693284673616, -0.000506046344526], [-9.3206333986e-05, 0.000323723332258, 0.0016442311462, 0.000222536138608, -0.000844108930323, -0.000467296573333, 0.00072249682853, -0.0016121523222, 0.00074856512947, 0.00316966464743, -0.000478850241052, 0.000404410238843, 0.00174461305141], [0.00015747830912, -0.000423368590418, 0.000222536138608, 0.00508735142648, -0.000832215882838, -0.00245354766957, 0.00154925475363, -0.00105598708615, -0.00167936598882, -0.000891458825208, 0.00151676742826, -0.000327754794853, 0.00115274894051], [-0.000266874034423, -0.00043084518984, -0.000844108930323, -0.000832215882838, 0.00841596256942, -0.00250582234003, -0.00553955044597, 0.00409215595573, -0.000925250176806, -0.00185412936844, 0.00108616310172, 0.00344805163331, -0.00168070965447], [0.00016778234567, -0.000172181404196, -0.000467296573333, -0.00245354766957, -0.00250582234003, 0.013480679132, 0.000772866536863, -0.00671315472573, -0.000967072322965, 0.000119847645692, -0.00227935495786, -0.000837495608721, 0.00499179353938], [0.000396638846723, 0.000479467329569, 0.00072249682853, 0.00154925475363, -0.00553955044597, 0.000772866536863, 0.0162615291774, -0.00248603662476, -0.00527269532904, -0.000250321842032, -0.00175978697371, 0.00216953083873, 2.26259817282e-05], [0.000480143382447, 0.000361134094419, -0.0016121523222, -0.00105598708615, 0.00409215595573, -0.00671315472573, -0.00248603662476, 0.0212968308479, -0.00162673101295, -0.00908798165619, -0.00181015999988, 0.00499570742249, -0.00570176308975], [-0.000200871552806, 0.000656060990877, 0.00074856512947, -0.00167936598882, -0.000925250176806, -0.000967072322965, -0.00527269532904, -0.00162673101295, 0.0212112832814, -0.00292658247054, -0.00411832053214, -0.00262356479652, 0.00583096360788], [-0.000285340676783, -9.65482031461e-05, 0.00316966464743, -0.000891458825208, -0.00185412936844, 0.000119847645692, -0.000250321842032, -0.00908798165619, -0.00292658247054, 0.025953726843, 0.000743348442484, -0.0069343270734, -0.00167433661409], [-0.000291271077003, 0.000277521408862, -0.000478850241052, 0.00151676742826, 0.00108616310172, -0.00227935495786, -0.00175978697371, -0.00181015999988, -0.00411832053214, 0.000743348442484, 0.0242657773197, -0.00604912126437, -0.000890469469596], [-0.000122628771351, 0.000693284673616, 0.000404410238843, -0.000327754794853, 0.00344805163331, -0.000837495608721, 0.00216953083873, 0.00499570742249, -0.00262356479652, -0.0069343270734, -0.00604912126437, 0.0343435779214, -0.00799526460469], [-4.3592764996e-05, -0.000506046344526, 0.00174461305141, 0.00115274894051, -0.00168070965447, 0.00499179353938, 2.26259817282e-05, -0.00570176308975, 0.00583096360788, -0.00167433661409, -0.000890469469596, -0.00799526460469, 0.0252588335425]]
    },
    "melbands": {
        "dmean": [0.0094405375421, 0.0015757138608, 0.000544690934476, 0.00029915937921, 0.000228360848268, 0.00010075600585, 5.93745862716e-05, 3.99326818297e-05, 4.1033650632e-05, 1.82135099749e-05, 2.05105425266e-05, 2.12907707464e-05, 1.24110692923e-05, 1.18434818432e-05, 1.59933479154e-05, 1.1479170098e-05, 1.07321602627e-05, 1.02251369754e-05, 1.13724399853e-05, 1.19374053611e-05, 1.23013815028e-05, 7.24381698092e-06, 6.54206542094e-06, 6.06688126936e-06, 6.48773266221e-06, 7.56421422921e-06, 8.43199450173e-06, 7.56277540859e-06, 6.42391614747e-06, 7.0615678851e-06, 9.63064394455e-06, 1.04633463707e-05, 8.2798233052e-06, 3.40175174642e-05, 0.000109137938125, 8.41948203743e-05, 0.000146942067659, 2.25074145419e-05, 1.26240547615e-05, 0.00014840127551],
        "dmean2": [0.0162290912122, 0.00241163093597, 0.000962300575338, 0.000583017652389, 0.000415796326706, 0.000180850503966, 0.00010737752018, 6.96795978001e-05, 7.46245277696e-05, 2.98877712339e-05, 3.66522981494e-05, 3.92173569708e-05, 2.13828952838e-05, 2.12442191696e-05, 2.91853593808e-05, 2.17283195525e-05, 2.0232897441e-05, 1.86348788702e-05, 2.02489954972e-05, 1.99901878659e-05, 2.34033705055e-05, 1.27392850118e-05, 1.22177489175e-05, 1.12997522592e-05, 1.14790154839e-05, 1.36926382766e-05, 1.49337874973e-05, 1.31937513288e-05, 1.05563467514e-05, 1.24252355818e-05, 1.64591001521e-05, 1.80952774826e-05, 1.46546135511e-05, 6.32098963251e-05, 0.000204875876079, 0.000155108995386, 0.000267928262474, 3.98858028348e-05, 2.18076729652e-05, 0.00026796432212],
        "dvar": [0.00151856872253, 2.53185280599e-05, 3.22215191773e-06, 7.17615534995e-07, 5.04276670199e-07, 9.59172155035e-08, 2.3023000395e-08, 8.17217937765e-09, 2.85401426936e-08, 1.09932529746e-09, 1.98210092783e-09, 4.92633223104e-09, 9.35636568222e-10, 6.83393674983e-10, 1.93776439339e-09, 1.13582554473e-09, 9.53587209196e-10, 1.33019617543e-09, 8.98089436152e-10, 1.03794550732e-09, 1.51493106948e-09, 4.17851780954e-10, 4.07598343966e-10, 5.3909593456e-10, 3.22197296621e-10, 3.85240117584e-10, 4.57819643307e-10, 5.51959200568e-10, 2.67912581009e-10, 3.78029912929e-10, 5.84702786188e-10, 6.32384478116e-10, 5.72674130339e-10, 9.36199295865e-09, 1.05761280622e-07, 6.76461553439e-08, 1.76154699716e-07, 5.081059129e-09, 1.29249222436e-09, 3.31970255729e-07],
        "dvar2": [0.0041456730105, 5.28857381141e-05, 7.36447645977e-06, 2.26118731916e-06, 1.46223760566e-06, 2.46589820563e-07, 5.65838362832e-08, 1.98585414779e-08, 8.16529492909e-08, 2.74336842132e-09, 6.44846354092e-09, 1.4390082903e-08, 2.50068388219e-09, 2.00197680655e-09, 5.60295942975e-09, 3.30532379245e-09, 2.80342193903e-09, 3.91273990985e-09, 2.48493003951e-09, 2.79623924015e-09, 4.44202363781e-09, 1.1654989196e-09, 1.15961173996e-09, 1.5782377627e-09, 9.08197905769e-10, 1.06515540832e-09, 1.2444181241e-09, 1.60652346981e-09, 7.02099323124e-10, 1.03459429912e-09, 1.50847556668e-09, 1.61320090619e-09, 1.61451707559e-09, 2.64303494646e-08, 2.98551412925e-07, 1.92395305021e-07, 4.90025627187e-07, 1.44336365082e-08, 3.61052809872e-09, 9.56236021921e-07],
        "max": [0.409759312868, 0.0452293939888, 0.0158722475171, 0.00430495524779, 0.00570560572669, 0.00267704715952, 0.00141315290239, 0.000790476915427, 0.00188766070642, 0.000351866998244, 0.000315049372148, 0.000707284198143, 0.000291484233458, 0.000220582529437, 0.000336822849931, 0.000259021588136, 0.000197522196686, 0.000324517372064, 0.000205792559427, 0.00029923702823, 0.000260656670434, 0.000167872582097, 0.000161668242072, 0.000192002189578, 0.000125317630591, 0.000131939916173, 0.000156494934345, 0.000212394676055, 0.000134797082865, 0.000143721641507, 0.000216950138565, 0.000227194861509, 0.000177697860636, 0.000798663357273, 0.00283980369568, 0.0020235828124, 0.00235472153872, 0.000666521955281, 0.000328587659169, 0.00478290906176],
        "mean": [0.00810868293047, 0.00154644472059, 0.000472154060844, 0.000235042127315, 0.00023479857191, 0.000109752450953, 5.70937045268e-05, 4.15382019128e-05, 3.78372897103e-05, 2.44597267738e-05, 2.54347432929e-05, 2.19860539801e-05, 1.73912467289e-05, 1.26764434754e-05, 1.47840264617e-05, 1.12228171929e-05, 9.48606430029e-06, 1.00324650703e-05, 1.3705004676e-05, 1.60823019542e-05, 1.11875369839e-05, 7.97276334197e-06, 6.08280333836e-06, 5.80029927733e-06, 6.21109438725e-06, 7.28982377041e-06, 8.46954935696e-06, 7.21236210666e-06, 6.58328872305e-06, 7.32967691874e-06, 1.10808759928e-05, 1.16027904369e-05, 7.81701692176e-06, 2.47192929237e-05, 7.56871013436e-05, 5.77419632464e-05, 0.000104143648059, 1.74213419086e-05, 1.04815189843e-05, 0.000125974329421],
        "median": [0.00121551589109, 8.38748237584e-05, 1.77495494427e-05, 1.51291769726e-05, 1.51877829921e-05, 1.28968213176e-05, 1.02842095657e-05, 1.03721868072e-05, 1.07961532194e-05, 8.48278250487e-06, 6.06109460932e-06, 5.51646371605e-06, 5.29614862899e-06, 4.50756306236e-06, 4.37086146121e-06, 3.47961577063e-06, 2.75752177004e-06, 2.60707656707e-06, 2.97683618555e-06, 2.69773272521e-06, 2.35040306507e-06, 2.33660739468e-06, 1.2471152786e-06, 8.67203880262e-07, 1.0608125649e-06, 1.41203747717e-06, 1.58877969625e-06, 1.16811463613e-06, 1.39212363592e-06, 1.30778494167e-06, 1.59559135682e-06, 1.88633350717e-06, 1.46744673657e-06, 2.97709129882e-06, 6.35709329799e-06, 6.3714942371e-06, 1.22812780319e-05, 2.04609818866e-06, 1.52632424033e-06, 8.08147706266e-06],
        "min": [1.37859501592e-10, 6.05361594186e-11, 3.28813087869e-11, 1.87573932081e-11, 1.43678983641e-11, 4.77194238985e-12, 5.17775872091e-13, 1.23188807245e-12, 4.62864946024e-12, 1.12207387479e-11, 1.44388624321e-11, 8.27984816126e-12, 1.09852838631e-12, 9.19919522502e-13, 2.70703359902e-12, 9.62612693549e-13, 1.93591540368e-12, 1.87247634932e-12, 1.7431104303e-12, 1.50248433486e-12, 6.40370569072e-12, 5.34909616601e-12, 2.7871665479e-12, 2.13846973983e-12, 6.42786691929e-12, 3.42393214475e-12, 2.90365734928e-12, 6.59678865353e-12, 1.2567722904e-11, 2.94374073728e-12, 2.52466146947e-12, 5.34031196001e-12, 5.47272557133e-12, 5.01248521856e-12, 5.28727322341e-12, 2.08589981225e-12, 1.85104904495e-12, 1.80399879063e-12, 3.46176017539e-12, 1.09222778391e-11],
        "stdev": [0.0326566286385, 0.00571019621566, 0.00186413282063, 0.000736990652513, 0.000784691481385, 0.000364108564099, 0.000171312305611, 9.99272306217e-05, 0.000143280558405, 4.74169755762e-05, 5.17033513461e-05, 6.12963995081e-05, 3.86713036278e-05, 2.40896242758e-05, 3.58221877832e-05, 2.74291251117e-05, 2.39469973167e-05, 2.8091328204e-05, 3.29376744048e-05, 4.3780910346e-05, 3.15188590321e-05, 1.922748379e-05, 1.65868295881e-05, 1.85041953955e-05, 1.67001762748e-05, 1.84069613169e-05, 2.13351795537e-05, 1.9949660782e-05, 1.6981488443e-05, 1.89070615306e-05, 2.9828877814e-05, 2.90569751087e-05, 2.00098565983e-05, 7.69390317146e-05, 0.000258053158177, 0.000203042262001, 0.000339784746757, 5.78107974434e-05, 3.03625965898e-05, 0.000479309994262],
        "var": [0.00106645550113, 3.2606338209e-05, 3.47499099007e-06, 5.4315523812e-07, 6.15740759713e-07, 1.32575038947e-07, 2.93479054392e-08, 9.98545157671e-09, 2.05293169131e-08, 2.24836949059e-09, 2.67323652103e-09, 3.75724829027e-09, 1.49546963701e-09, 5.80310022258e-10, 1.28322907855e-09, 7.52356899003e-10, 5.73458669439e-10, 7.8912271162e-10, 1.08489051076e-09, 1.91676807759e-09, 9.93438553643e-10, 3.69696162572e-10, 2.75122896687e-10, 3.42405270803e-10, 2.78895906369e-10, 3.38816197321e-10, 4.55189885784e-10, 3.97988975109e-10, 2.88370965995e-10, 3.57476992452e-10, 8.89761986311e-10, 8.4430784586e-10, 4.00394356559e-10, 5.91961502039e-09, 6.65914399178e-08, 4.1226158487e-08, 1.15453680394e-07, 3.34208838382e-09, 9.2188728873e-10, 2.2973806324e-07]
    },
    "melbands128": {
