{
"lowlevel": {
    "average_loudness": 0.99068403244,
    "barkbands_crest": {
        "dmean": 5.2211561203,
        "dmean2": 8.93852996826,
        "dvar": 15.7169685364,
        "dvar2": 37.1915168762,
        "max": 26.324092865,
        "mean": 17.5323371887,
        "median": 18.5616226196,
        "min": 6.05224895477,
        "stdev": 5.95808029175,
        "var": 35.4987182617
    },
    "barkbands_flatness_db": {
        "dmean": 0.0612708441913,
        "dmean2": 0.0996914356947,
        "dvar": 0.00220899679698,
        "dvar2": 0.00536138284951,
        "max": 0.345591545105,
        "mean": 0.182803586125,
        "median": 0.179705500603,
        "min": 0.0464258044958,
        "stdev": 0.0724664404988,
        "var": 0.00525138527155
    },
    "barkbands_kurtosis": {
        "dmean": 52.3699760437,
        "dmean2": 87.9983291626,
        "dvar": 4453.1875,
        "dvar2": 11525.0888672,
        "max": 406.998687744,
        "mean": 56.5148849487,
        "median": 25.4577102661,
        "min": -1.56056463718,
        "stdev": 75.7794265747,
        "var": 5742.52099609
    },
    "barkbands_skewness": {
        "dmean": 2.92761993408,
        "dmean2": 4.84218883514,
        "dvar": 7.33385896683,
        "dvar2": 17.649055481,
        "max": 19.049287796,
        "mean": 5.29099607468,
        "median": 4.8226518631,
        "min": -1.97789990902,
        "stdev": 4.64852428436,
        "var": 21.6087779999
    },
    "barkbands_spread": {
        "dmean": 10.521440506,
        "dmean2": 17.5735092163,
        "dvar": 113.341011047,
        "dvar2": 238.792861938,
        "max": 78.9686126709,
        "mean": 15.3494157791,
        "median": 10.6970767975,
        "min": 0.974156141281,
        "stdev": 14.5150098801,
        "var": 210.685501099
    },
    "dissonance": {
        "dmean": 0.0104528181255,
        "dmean2": 0.0183313041925,
        "dvar": 0.000151011699927,
        "dvar2": 0.000395004812162,
        "max": 0.499916136265,
        "mean": 0.484367281199,
        "median": 0.486511528492,
        "min": 0.427446305752,
        "stdev": 0.0126710785553,
        "var": 0.000160556242918
    },
    "dynamic_complexity": 19.4132804871,
    "erbbands_crest": {
        "dmean": 2.47255349159,
        "dmean2": 4.24180698395,
        "dvar": 10.1483020782,
        "dvar2": 29.2643947601,
        "max": 27.4608345032,
        "mean": 8.37191295624,
        "median": 4.52746963501,
        "min": 2.01497793198,
        "stdev": 7.59957027435,
        "var": 57.7534675598
    },
    "erbbands_flatness_db": {
        "dmean": 0.0176340024918,
        "dmean2": 0.0262375622988,
        "dvar": 0.000430117506767,
        "dvar2": 0.000987132894807,
        "max": 0.324317336082,
        "mean": 0.0914302170277,
        "median": 0.0526366531849,
        "min": 0.0361926294863,
        "stdev": 0.0779926553369,
        "var": 0.00608285469934
    },
    "erbbands_kurtosis": {
        "dmean": 0.742758631706,
        "dmean2": 1.29664063454,
        "dvar": 1.33665060997,
        "dvar2": 3.72485637665,
        "max": 8.51315689087,
        "mean": 0.115981407464,
        "median": -0.697271943092,
        "min": -1.33401107788,
        "stdev": 1.95821249485,
        "var": 3.83459639549
    },
    "erbbands_skewness": {
        "dmean": 0.239783316851,
        "dmean2": 0.40705114603,
        "dvar": 0.0447913967073,
        "dvar2": 0.13493271172,
        "max": 0.784152567387,
        "mean": -0.00408092420548,
        "median": 0.0568361766636,
        "min": -1.02920937538,
        "stdev": 0.347131431103,
        "var": 0.120500221848
    },
    "erbbands_spread": {
        "dmean": 11.4182529449,
        "dmean2": 19.2909355164,
        "dvar": 84.0998001099,
        "dvar2": 282.542785645,
        "max": 105.875953674,
        "mean": 58.662021637,
        "median": 65.9377746582,
        "min": 5.78871107101,
        "stdev": 28.3130283356,
        "var": 801.627563477
    },
    "hfc": {
        "dmean": 25.9428119659,
        "dmean2": 34.6037368774,
        "dvar": 20917.6171875,
        "dvar2": 48442.3710938,
        "max": 997.979431152,
        "mean": 17.0983390808,
        "median": 0.01039933227,
        "min": 2.24862687901e-05,
        "stdev": 114.294654846,
        "var": 13063.2675781
    },
    "loudness_ebu128": {
        "integrated": -27.3360233307,
        "loudness_range": 0,
        "momentary": {
            "dmean": 2.96015763283,
            "dmean2": 1.67403161526,
            "dvar": 21.1490840912,
            "dvar2": 2.98451709747,
            "max": -24.451166153,
            "mean": -56.408657074,
            "median": -60.7165985107,
            "min": -63.1614685059,
            "stdev": 10.3165845871,
            "var": 106.431915283
        },
        "short_term": {
            "dmean": 0,
            "dmean2": 0,
            "dvar": 0,
            "dvar2": 0,
            "max": -33.2005462646,
            "mean": -33.2005462646,
            "median": -33.2005462646,
            "min": -33.2005462646,
            "stdev": 0,
            "var": 0
        }
    },
    "melbands_crest": {
        "dmean": 6.30365562439,
        "dmean2": 10.9926795959,
        "dvar": 22.8135166168,
        "dvar2": 66.5599365234,
        "max": 36.041519165,
        "mean": 22.8904819489,
        "median": 23.869474411,
        "min": 8.00642299652,
        "stdev": 7.94026517868,
        "var": 63.0478096008
    },
    "melbands_flatness_db": {
        "dmean": 0.0409127101302,
        "dmean2": 0.0670434236526,
        "dvar": 0.000901377992705,
        "dvar2": 0.00241615856066,
        "max": 0.349285751581,
        "mean": 0.233561486006,
        "median": 0.238852322102,
        "min": 0.0914895609021,
        "stdev": 0.0578073188663,
        "var": 0.00334168598056
    },
    "melbands_kurtosis": {
        "dmean": 43.1660118103,
        "dmean2": 73.1761703491,
        "dvar": 2214.66381836,
        "dvar2": 6555.83154297,
        "max": 286.159790039,
        "mean": 66.4138946533,
        "median": 53.6716766357,
        "min": -1.44084024429,
        "stdev": 65.9999008179,
        "var": 4355.98681641
    },
    "melbands_skewness": {
        "dmean": 2.06130552292,
        "dmean2": 3.37947273254,
        "dvar": 2.9254591465,
        "dvar2": 8.53725528717,
        "max": 14.9781112671,
        "mean": 5.79171133041,
        "median": 6.33864307404,
        "min": -1.37357962132,
        "stdev": 4.04136943817,
        "var": 16.3326683044
    },
    "melbands_spread": {
        "dmean": 7.53045034409,
        "dmean2": 12.7008943558,
        "dvar": 61.2732582092,
        "dvar2": 152.119476318,
        "max": 68.633102417,
        "mean": 15.6579856873,
        "median": 7.39080572128,
        "min": 1.72131037712,
        "stdev": 16.4155731201,
        "var": 269.471038818
    },
    "pitch_salience": {
        "dmean": 0.132502377033,
        "dmean2": 0.233105108142,
        "dvar": 0.0117505965754,
        "dvar2": 0.0239617004991,
        "max": 0.684130072594,
        "mean": 0.380695104599,
        "median": 0.38710179925,
        "min": 0.099746145308,
        "stdev": 0.164818450809,
        "var": 0.0271651223302
    },
    "silence_rate_20dB": {
        "dmean": 0,
        "dmean2": 0,
        "dvar": 0,
        "dvar2": 0,
        "max": 1,
        "mean": 1,
        "median": 1,
        "min": 1,
        "stdev": 0,
        "var": 0
    },
    "silence_rate_30dB": {
        "dmean": 0.0259740259498,
        "dmean2": 0.039473682642,
        "dvar": 0.0252993330359,
        "dvar2": 0.0379154160619,
        "max": 1,
        "mean": 0.974358975887,
        "median": 1,
        "min": 0,
        "stdev": 0.158061817288,
        "var": 0.0249835401773
    },
    "silence_rate_60dB": {
        "dmean": 0.0129870129749,
        "dmean2": 0.0263157896698,
        "dvar": 0.0128183672205,
        "dvar2": 0.0256232377142,
        "max": 1,
        "mean": 0.910256385803,
        "median": 1,
        "min": 0,
        "stdev": 0.285813838243,
        "var": 0.0816895440221
    },
    "spectral_centroid": {
        "dmean": 273.635925293,
        "dmean2": 469.0887146,
        "dvar": 40216.0703125,
        "dvar2": 133366.609375,
        "max": 2883.96801758,
        "mean": 1516.66638184,
        "median": 1424.58532715,
        "min": 670.261413574,
        "stdev": 503.552246094,
        "var": 253564.875
    },
    "spectral_complexity": {
        "dmean": 0.909090936184,
        "dmean2": 1.09210526943,
        "dvar": 16.705997467,
        "dvar2": 17.8205089569,
        "max": 34,
        "mean": 2.02564096451,
        "median": 0,
        "min": 0,
        "stdev": 6.75197219849,
        "var": 45.5891304016
    },
    "spectral_decrease": {
        "dmean": 2.74797340438e-09,
        "dmean2": 3.615134192e-09,
        "dvar": 2.27218626274e-16,
        "dvar2": 5.19797491132e-16,
        "max": -1.69749584855e-15,
        "mean": -1.87644144667e-09,
        "median": -2.55616361411e-11,
        "min": -1.04956569658e-07,
        "stdev": 1.20641079349e-08,
        "var": 1.45542693477e-16
    },
    "spectral_energy": {
        "dmean": 0.0127242477611,
        "dmean2": 0.0167828351259,
        "dvar": 0.00490126246586,
        "dvar2": 0.0112383319065,
        "max": 0.486650377512,
        "mean": 0.00863300170749,
        "median": 9.72801572061e-05,
        "min": 8.44633785135e-09,
        "stdev": 0.055897872895,
        "var": 0.00312457210384
    },
    "spectral_energyband_high": {
        "dmean": 0.000481639697682,
        "dmean2": 0.000705372891389,
        "dvar": 8.21374123916e-06,
        "dvar2": 2.03146628337e-05,
        "max": 0.0185492429882,
        "mean": 0.000262099027168,
        "median": 5.54243229089e-07,
        "min": 1.60322255471e-09,
        "stdev": 0.00208783708513,
        "var": 4.35906395069e-06
    },
    "spectral_energyband_low": {
        "dmean": 5.43733513041e-05,
        "dmean2": 8.72367600095e-05,
        "dvar": 1.87551236763e-08,
        "dvar2": 4.56818085581e-08,
        "max": 0.000948322121985,
        "mean": 5.71501695958e-05,
        "median": 3.62770988431e-05,
        "min": 2.52917464749e-09,
        "stdev": 0.000108441556222,
        "var": 1.17595710947e-08
    },
    "spectral_energyband_middle_high": {
        "dmean": 0.0106381159276,
        "dmean2": 0.0139948837459,
        "dvar": 0.00344924372621,
        "dvar2": 0.00792331434786,
        "max": 0.40897333622,
        "mean": 0.00726846186444,
        "median": 9.60543729889e-07,
        "min": 8.90712614776e-10,
        "stdev": 0.0470801182091,
        "var": 0.00221653748304
    },
    "spectral_energyband_middle_low": {
        "dmean": 0.00155661744066,
        "dmean2": 0.002027354436,
        "dvar": 7.41724070394e-05,
        "dvar2": 0.000164150391356,
        "max": 0.0599109455943,
        "mean": 0.00100338482298,
        "median": 2.62700541498e-06,
        "min": 1.97817695557e-09,
        "stdev": 0.00687646074221,
        "var": 4.72857100249e-05
    },
    "spectral_entropy": {
        "dmean": 0.128820165992,
        "dmean2": 0.194551944733,
        "dvar": 0.0150004141033,
        "dvar2": 0.0271051712334,
        "max": 8.53778076172,
        "mean": 8.0450220108,
        "median": 8.17348194122,
        "min": 7.0949420929,
        "stdev": 0.35225725174,
        "var": 0.124085180461
    },
    "spectral_flux": {
        "dmean": 0.0206835977733,
        "dmean2": 0.0248161349446,
        "dvar": 0.00735808815807,
        "dvar2": 0.0107315452769,
        "max": 0.686873197556,
        "mean": 0.0279492344707,
        "median": 0.00587174575776,
        "min": 0.0017136548413,
        "stdev": 0.0962676182389,
        "var": 0.0092674549669
    },
    "spectral_kurtosis": {
        "dmean": 1.21642029285,
        "dmean2": 2.11300444603,
        "dvar": 4.86082077026,
        "dvar2": 15.3929862976,
        "max": 19.9655590057,
        "mean": 4.2004404068,
        "median": 2.86660432816,
        "min": 1.3014588356,
        "stdev": 3.07366776466,
        "var": 9.44743347168
    },
    "spectral_rms": {
        "dmean": 0.000674193899613,
        "dmean2": 0.000818262284156,
        "dvar": 7.57772204452e-06,
        "dvar2": 1.50200858116e-05,
        "max": 0.0217894669622,
        "mean": 0.000914140895475,
        "median": 0.000307989947032,
        "min": 2.87059742732e-06,
        "stdev": 0.00275441166013,
        "var": 7.58678334023e-06
    },
    "spectral_rolloff": {
        "dmean": 291.397369385,
        "dmean2": 465.513885498,
        "dvar": 704377.3125,
        "dvar2": 831766.3125,
        "max": 7105.95703125,
        "mean": 658.694763184,
        "median": 86.1328125,
        "min": 21.533203125,
        "stdev": 1152.37561035,
        "var": 1327969.5
    },
    "spectral_skewness": {
        "dmean": 0.174783170223,
        "dmean2": 0.297624796629,
        "dvar": 0.0697934478521,
        "dvar2": 0.209759414196,
        "max": 2.7759077549,
        "mean": 1.55931150913,
        "median": 1.45681881905,
        "min": 1.2254601717,
        "stdev": 0.314668983221,
        "var": 0.0990165621042
    },
    "spectral_spread": {
        "dmean": 661693.3125,
        "dmean2": 967316.125,
        "dvar": 1.25400684954e+12,
        "dvar2": 1.55555541811e+12,
        "max": 12244602,
        "mean": 6899264,
        "median": 7589473,
        "min": 2266532,
        "stdev": 2047417.25,
        "var": 4.19191744102e+12
    },
    "spectral_strongpeak": {
        "dmean": 0.282741189003,
        "dmean2": 0.383996099234,
        "dvar": 0.87675344944,
        "dvar2": 1.84925055504,
        "max": 7.06332921982,
        "mean": 0.387494891882,
        "median": 0,
        "min": 0,
        "stdev": 1.23863244057,
        "var": 1.5342104435
    },
    "zerocrossingrate": {
        "dmean": 0.0163669344038,
        "dmean2": 0.0206748563796,
        "dvar": 0.000236527383095,
        "dvar2": 0.000438957242295,
        "max": 0.10595703125,
        "mean": 0.0452411361039,
        "median": 0.042236328125,
        "min": 0,
        "stdev": 0.0294121298939,
        "var": 0.000865073350724
    },
    "barkbands": {
        "dmean": [0.000103973048681, 1.75201785169e-05, 9.25597851165e-06, 1.07088017103e-05, 0.000279000814771, 0.00036021482083, 0.000476971763419, 0.000150209045387, 0.000219087465666, 0.000375497038476, 0.000333996431436, 0.00220138952136, 0.000402327568736, 0.00149247900117, 0.00240127881989, 0.000132965025841, 7.88067482063e-05, 0.000131368622533, 0.00283401762135, 0.000456984736957, 8.71129668667e-05, 0.000151076499606, 1.8301381715e-05, 1.26321947391e-05, 2.74875619652e-05, 1.23626623463e-05, 5.33307365913e-06],
        "dmean2": [0.000179635768291, 2.78297538898e-05, 1.4909633137e-05, 1.64519624377e-05, 0.000371037749574, 0.000505015428644, 0.000706710037775, 0.000218955115997, 0.000307423615595, 0.000542785681318, 0.000461809686385, 0.00329167116433, 0.000597598438617, 0.00188842241187, 0.00285662827082, 0.000199017536943, 0.000114277689136, 0.000192383566173, 0.00385521701537, 0.000670484092552, 0.000126053084387, 0.000222986913286, 2.71579046967e-05, 1.890510066e-05, 4.13561429013e-05, 1.86144461622e-05, 8.02002341516e-06],
        "dvar": [1.50038808044e-08, 5.07704855934e-09, 1.56201362955e-09, 3.57891027924e-09, 2.34677258959e-06, 4.32754768553e-06, 8.07052674645e-06, 7.84676274179e-07, 1.55833186e-06, 4.79180880575e-06, 3.62727587344e-06, 0.000177114605322, 5.73219449507e-06, 6.51937007206e-05, 0.000141152893775, 6.42071768198e-07, 2.15252256908e-07, 6.11414634477e-07, 0.00025730978814, 7.4204235716e-06, 2.64168306785e-07, 8.14861152776e-07, 1.20793250957e-08, 5.7680376031e-09, 2.77571725604e-08, 5.60487167789e-09, 1.03699526743e-09],
        "dvar2": [3.87736704965e-08, 1.28879928951e-08, 3.9412926256e-09, 9.10575703728e-09, 3.36537959811e-06, 1.03436786958e-05, 2.01554958039e-05, 1.94048516278e-06, 3.70585507881e-06, 1.17851968753e-05, 8.43316229293e-06, 0.000445721438155, 1.42905555549e-05, 0.000138908348163, 0.000263826426817, 1.60836839314e-06, 5.31473801857e-07, 1.51018639372e-06, 0.000599052000325, 1.84740856639e-05, 6.49667697417e-07, 2.01771740649e-06, 3.02849123557e-08, 1.44487941611e-08, 7.00136055798e-08, 1.41172096235e-08, 2.60517984962e-09],
        "max": [0.000665038824081, 0.000468667014502, 0.000254002807196, 0.000378869415727, 0.0105696376413, 0.0138641865924, 0.0182513333857, 0.00577294733375, 0.00840496644378, 0.0144548639655, 0.0128082549199, 0.084723494947, 0.0154497213662, 0.0574139617383, 0.091659963131, 0.00511594116688, 0.00303475186229, 0.00505967438221, 0.109067797661, 0.0176046956331, 0.00335440086201, 0.00581681681797, 0.000704479578417, 0.000484910997329, 0.00105789420195, 0.000475462496979, 0.000205067088245],
        "mean": [0.000106354935269, 1.59571027325e-05, 6.04023080086e-06, 6.53519418847e-06, 0.000253671838436, 0.000214140483877, 0.000257434381638, 8.63761961227e-05, 0.000136695860419, 0.000226299613132, 0.000194014894078, 0.00113716104534, 0.000225988318562, 0.00102654413786, 0.00241115968674, 6.97464129189e-05, 4.47557831649e-05, 7.08972438588e-05, 0.0017227238277, 0.000249860342592, 4.89656995342e-05, 8.07914184406e-05, 9.80559889285e-06, 6.63614491714e-06, 1.41568598337e-05, 6.38769370198e-06, 2.80817948806e-06],
        "median": [5.44667418581e-05, 9.11175266083e-06, 2.03912532015e-06, 1.01657860796e-06, 6.73867248224e-07, 4.89379090141e-07, 1.6794298574e-07, 2.11309483689e-07, 1.99740242124e-07, 2.32347801443e-07, 1.19374405472e-07, 1.26635228526e-07, 5.04749095853e-08, 5.36231361536e-08, 6.27256184771e-08, 6.24016820439e-08, 5.5471634397e-08, 6.31402770068e-08, 6.70659758839e-08, 6.48058460229e-08, 7.48668824713e-08, 7.54046496354e-08, 7.07166165625e-08, 7.66958976328e-08, 8.1225586257e-08, 8.4029565528e-08, 7.10112857405e-08],
        "min": [2.45899256512e-09, 1.10942943721e-09, 3.30159288797e-10, 1.48397377719e-10, 1.71398978344e-10, 3.9861342005e-10, 1.68911329368e-10, 3.17369491798e-10, 5.89523041494e-10, 4.3869785582e-10, 8.82337189423e-11, 7.08356567847e-11, 6.99341556887e-11, 1.33248958742e-11, 3.5431192702e-11, 3.818494132e-11, 3.12081090137e-11, 7.60190313476e-11, 7.75745301329e-11, 1.40375586155e-10, 1.49189841037e-10, 1.86238385824e-10, 1.48391146593e-10, 2.23150053991e-10, 1.89875531964e-10, 3.19776871649e-10, 3.48657214211e-10],
        "stdev": [0.000130988890305, 5.20675748703e-05, 2.84140151052e-05, 4.24624995503e-05, 0.00152839440852, 0.00156750006136, 0.0020529970061, 0.00065040163463, 0.000953385664616, 0.00163342186715, 0.0014517842792, 0.00952926743776, 0.00173896574415, 0.00667749345303, 0.0120285078883, 0.000575388898142, 0.000342008686857, 0.000569491530769, 0.0124070690945, 0.00198146817274, 0.000377928692615, 0.000654517149087, 7.92421051301e-05, 5.45315997442e-05, 0.000118970732728, 5.34669234185e-05, 2.30568530242e-05],
        "var": [1.71580882835e-08, 2.71103228755e-09, 8.07356292931e-10, 1.80306392039e-09, 2.33598962041e-06, 2.45705655288e-06, 4.21479671786e-06, 4.23022271434e-07, 9.08944173261e-07, 2.6680670544e-06, 2.1076775738e-06, 9.08069414436e-05, 3.02400189867e-06, 4.4588916353e-05, 0.000144684992847, 3.31072385507e-07, 1.1696995017e-07, 3.24320581058e-07, 0.000153935368871, 3.92621586798e-06, 1.428301033e-07, 4.28392667118e-07, 6.27931173725e-09, 2.97369551205e-09, 1.4154034389e-08, 2.85871193384e-09, 5.31618471467e-10]
    },
    "erbbands": {
        "dmean": [0.000864389585331, 0.00345059949905, 0.0103952297941, 0.0245780907571, 0.0982058271766, 0.919879078865, 2.98587179184, 3.10654377937, 6.26614522934, 5.93170976639, 2.27020573616, 3.80462098122, 10.0097465515, 13.4135484695, 37.0932998657, 83.2701339722, 20.3697986603, 39.358341217, 196.00100708, 29.1672267914, 8.56156539917, 4.52601385117, 5.86784601212, 22.6157073975, 196.293685913, 35.2440948486, 8.7457742691, 5.13282299042, 4.02188110352, 1.03285884857, 0.56956410408, 0.241890475154, 0.268156737089, 0.389789253473, 0.128866016865, 0.0495109669864, 0.020470937714, 0.00678681302816, 0.000804699084256, 7.56179506425e-05],
        "dmean2": [0.00140699907206, 0.0055037708953, 0.0168095938861, 0.0376984886825, 0.13744468987, 1.14972710609, 3.17217254639, 4.53763532639, 9.33637428284, 8.80078792572, 3.16409373283, 5.01798868179, 14.8792915344, 18.6334705353, 54.6541862488, 124.667182922, 29.6677570343, 49.6515197754, 229.50402832, 30.2539768219, 12.3877325058, 6.55028295517, 8.54583263397, 31.8580875397, 266.115875244, 50.4099235535, 12.8318119049, 7.39482736588, 5.9189248085, 1.55960690975, 0.837038815022, 0.363149285316, 0.39965698123, 0.585805296898, 0.193818226457, 0.0745460018516, 0.0308374855667, 0.0101788118482, 0.00121209491044, 0.00011011458264],
        "dvar": [6.36879212834e-06, 0.000193173822481, 0.00171691237483, 0.0181640870869, 0.304424017668, 24.4183177948, 235.822921753, 336.09576416, 1413.97705078, 1256.60668945, 168.135147095, 440.929992676, 3407.10546875, 5904.00439453, 49237.6835938, 253768.671875, 14504.0371094, 45466.9140625, 989953.25, 20742.3203125, 2545.25366211, 711.683288574, 1209.87536621, 17073.1894531, 1228246.5, 42551.1914062, 2718.6875, 911.323059082, 576.438598633, 39.5167999268, 11.545592308, 2.14032864571, 2.57700514793, 5.57159805298, 0.608623921871, 0.0898792743683, 0.0153661807999, 0.00167932896875, 2.36704072449e-05, 1.99691896796e-07],
        "dvar2": [1.58604307217e-05, 0.000489299360197, 0.00432692607865, 0.0458311885595, 0.710096955299, 35.8862800598, 378.316375732, 824.679748535, 3546.32226562, 3135.49194336, 404.210205078, 1000.73345947, 8446.55664062, 13891.3671875, 122179.59375, 638790.1875, 35755.90625, 99909.046875, 1986240.25, 37374.4335938, 6273.76855469, 1755.97900391, 2987.76123047, 41376.0390625, 2845953.25, 103568.703125, 6729.92236328, 2230.98730469, 1428.28942871, 99.9490509033, 28.7955684662, 5.39416122437, 6.4282336235, 14.0364170074, 1.53567624092, 0.226512387395, 0.038705188781, 0.00421408656985, 5.95661404077e-05, 4.93062941587e-07],
        "max": [0.0173270758241, 0.0906265750527, 0.267794072628, 0.860787034035, 3.70070195198, 34.9792709351, 113.271110535, 119.587036133, 240.995941162, 227.365432739, 87.1967163086, 145.741424561, 385.329345703, 516.314147949, 1428.13952637, 3204.30639648, 784.100585938, 1515.0456543, 7504.15527344, 1113.90722656, 329.512908936, 174.49520874, 226.04637146, 870.821899414, 7549.421875, 1357.37780762, 336.822509766, 197.622787476, 154.85144043, 39.7639465332, 21.9223747253, 9.29696369171, 10.2911777496, 15.0006399155, 4.95596027374, 1.90281093121, 0.787350893021, 0.261214613914, 0.030944544822, 0.00290605775081],
        "mean": [0.000827660143841, 0.00307092629373, 0.0074900588952, 0.0150179713964, 0.0583931133151, 0.79592192173, 2.37639737129, 1.76245570183, 3.43265032768, 3.15675401688, 1.45654058456, 2.52627778053, 6.17069911957, 8.0397310257, 19.6020507812, 42.9447860718, 11.5014715195, 28.1422958374, 175.681335449, 27.746465683, 4.85275554657, 2.56808972359, 3.23564481735, 13.6297998428, 119.197525024, 19.8875312805, 4.70259475708, 2.9033036232, 2.16989660263, 0.525935590267, 0.311438024044, 0.125701650977, 0.142280265689, 0.200609073043, 0.0668536797166, 0.0255194697529, 0.0106005296111, 0.00354795739986, 0.000422750570579, 4.2526407924e-05],
        "median": [0.00046991565614, 0.0015721723903, 0.00314454734325, 0.00336465705186, 0.00279919197783, 0.00144077127334, 0.00614856742322, 0.00259709428065, 0.00265928730369, 0.00233057560399, 0.00551707902923, 0.00473678577691, 0.0065290350467, 0.00672685820609, 0.00449379859492, 0.00510962121189, 0.00267945043743, 0.00302604353055, 0.00316038075835, 0.00340148806572, 0.0035662134178, 0.00332405185327, 0.00351493665949, 0.00321112573147, 0.00315226404928, 0.0030106632039, 0.00296730059199, 0.00301546882838, 0.00274191284552, 0.00239538215101, 0.00193182076328, 0.00158062274568, 0.00131725741085, 0.000915369717404, 0.000599826395046, 0.000333175936248, 0.000153641478391, 5.06178403157e-05, 1.10394994408e-05, 1.06435663838e-06],
        "min": [4.71170729099e-08, 2.10443872106e-07, 4.64195807126e-07, 3.80888792506e-07, 4.67705234541e-07, 6.42078987312e-07, 1.22438086692e-06, 4.22561743108e-06, 3.11865187541e-06, 2.98966756418e-06, 8.19399610918e-06, 1.3701059288e-05, 1.58287966769e-05, 9.92919558485e-06, 2.46472995968e-06, 3.86202009395e-06, 3.19953755934e-06, 7.72045325448e-07, 1.28824137846e-06, 1.97072108676e-06, 2.25975304602e-06, 1.63810500453e-06, 2.90390971713e-06, 5.20351341038e-06, 4.82243012812e-06, 5.49243713976e-06, 8.20037803351e-06, 4.50346533398e-06, 6.3017823777e-06, 5.08924813403e-06, 4.76637296742e-06, 4.18826402893e-06, 3.9915034904e-06, 3.08839503305e-06, 1.08340429961e-06, 1.45052047174e-06, 5.10086181293e-07, 1.93290446759e-07, 4.78141402027e-08, 4.25002877336e-09],
        "stdev": [0.00193964072969, 0.0101044587791, 0.0299537647516, 0.0964368730783, 0.418680042028, 4.85318565369, 14.5882740021, 13.4710969925, 27.1036014557, 25.5738735199, 9.89510917664, 16.7085971832, 43.6120834351, 58.4897041321, 160.699661255, 360.390838623, 88.3192443848, 176.115478516, 932.943908691, 143.800582886, 37.1341400146, 19.6648731232, 25.4531917572, 98.5744018555, 859.277587891, 153.130554199, 37.9072799683, 22.27409935, 17.424577713, 4.47199392319, 2.46704769135, 1.04542827606, 1.15750801563, 1.68702018261, 0.557315766811, 0.213974386454, 0.0885376036167, 0.0293752159923, 0.00347920320928, 0.000327148765791],
        "var": [3.76220623366e-06, 0.000102100078948, 0.00089722807752, 0.00930006988347, 0.175292983651, 23.5534095764, 212.817733765, 181.470443726, 734.605163574, 654.023010254, 97.913192749, 279.177215576, 1902.01367188, 3421.0456543, 25824.3789062, 129881.5625, 7800.2890625, 31016.6601562, 870384.3125, 20678.6054688, 1378.94433594, 386.707244873, 647.864990234, 9716.91308594, 738358, 23448.96875, 1436.96179199, 496.135467529, 303.615875244, 19.9987297058, 6.08632421494, 1.09292030334, 1.33982491493, 2.84603714943, 0.310600876808, 0.0457850396633, 0.00783890672028, 0.000862903310917, 1.21048551591e-05, 1.07026316698e-07]
    },
    "gfcc": {
        "mean": [-320.727111816, 48.6680374146, -77.1902313232, 21.5155334473, -34.8891677856, 16.7332935333, -18.353805542, 9.96822166443, -15.8684301376, 8.59856128693, -12.9824113846, 0.148875162005, -5.11506795883],
        "cov": [[14219.6347656, 761.196044922, -4551.79882812, -1016.027771, -427.979156494, -946.022705078, -601.919128418, -860.614440918, -475.386627197, 894.075561523, 501.268249512, -456.30279541, 325.857818604], [761.196044922, 292.411437988, -294.490631104, -129.255523682, -5.18665981293, -52.7702178955, -95.6687393188, -125.383140564, -12.4498119354, 97.5539169312, 34.3052711487, -65.7301940918, 12.7526855469], [-4551.79882812, -294.490631104, 1956.81311035, 463.112518311, 190.425262451, 412.96105957, 223.363098145, 337.560150146, 144.389297485, -391.033996582, -214.188110352, 205.72833252, -131.789138794], [-1016.027771, -129.255523682, 463.112518311, 197.980255127, 69.9456176758, 102.241592407, 93.501449585, 107.116790771, 36.1223945618, -103.300865173, -39.6054840088, 67.3945159912, -26.2414131165], [-427.979156494, -5.18665981293, 190.425262451, 69.9456176758, 67.5375442505, 70.370552063, 33.2824668884, 41.3382759094, 23.3598384857, -34.6535377502, -19.5103759766, 14.1886892319, -19.2475090027], [-946.022705078, -52.7702178955, 412.96105957, 102.241592407, 70.370552063, 130.472000122, 70.1427536011, 90.0197067261, 40.5037612915, -79.5880737305, -46.5820159912, 36.4723625183, -37.8740386963], [-601.919128418, -95.6687393188, 223.363098145, 93.501449585, 33.2824668884, 70.1427536011, 90.3945083618, 83.0864105225, 23.3474655151, -56.8724632263, -22.6337661743, 35.5075073242, -18.8515167236], [-860.614440918, -125.383140564, 337.560150146, 107.116790771, 41.3382759094, 90.0197067261, 83.0864105225, 124.479072571, 41.1543998718, -73.6910324097, -35.1202125549, 49.5851135254, -28.991268158], [-475.386627197, -12.4498119354, 144.389297485, 36.1223945618, 23.3598384857, 40.5037612915, 23.3474655151, 41.1543998718, 45.3092536926, -15.4703435898, -16.4217300415, 10.281255722, -18.2876644135], [894.075561523, 97.5539169312, -391.033996582, -103.300865173, -34.6535377502, -79.5880737305, -56.8724632263, -73.6910324097, -15.4703435898, 105.207168579, 56.1127052307, -48.7134246826, 22.8666381836], [501.268249512, 34.3052711487, -214.188110352, -39.6054840088, -19.5103759766, -46.5820159912, -22.6337661743, -35.1202125549, -16.4217300415, 56.1127052307, 53.0414390564, -7.52531862259, 21.3019981384], [-456.30279541, -65.7301940918, 205.72833252, 67.3945159912, 14.1886892319, 36.4723625183, 35.5075073242, 49.5851135254, 10.281255722, -48.7134246826, -7.52531862259, 68.4427261353, 3.45044016838], [325.857818604, 12.7526855469, -131.789138794, -26.2414131165, -19.2475090027, -37.8740386963, -18.8515167236, -28.991268158, -18.2876644135, 22.8666381836, 21.3019981384, 3.45044016838, 31.0783061981]],
        "icov": [[0.000435682683019, -0.000283786735963, 0.00133436219767, -0.00164867297281, 0.00128049880732, -0.0019814921543, 0.00174894009251, -0.000526558433194, 0.00260552833788, -0.00132456072606, 0.00126563583035, -0.000710000109393, 0.000481678871438], [-0.000283786735963, 0.0111788585782, -0.00295565463603, 0.00635273847729, -0.00929990038276, 0.000737701717298, -0.0017357863253, 0.0120603963733, -0.00391394412145, -0.0092792538926, 0.0010523017263, -0.000752576277591, 0.000442370655946], [0.00133436219767, -0.00295565463603, 0.0111740585417, -0.0126394573599, 0.0138032045215, -0.0201024934649, 0.0149906016886, -0.00322183314711, 0.00202389922924, 0.0107991350815, 0.00268603418954, -0.00530427554622, 0.00606482056901], [-0.00164867297281, 0.00635273847729, -0.0126394573599, 0.0379871577024, -0.034323785454, 0.0316946916282, -0.026562564075, 0.0065438603051, -0.0125214448199, 0.00875700358301, -0.014469563961, 0.00166394293774, -0.00356200383976], [0.00128049880732, -0.00929990038276, 0.0138032045215, -0.034323785454, 0.070298217237, -0.0553579553962, 0.0261457841843, -0.00626682722941, 0.0027692487929, 0.00606779521331, 0.00246505858377, 0.00192435248755, 0.00129122345243], [-0.0019814921543, 0.000737701717298, -0.0201024934649, 0.0316946916282, -0.0553579553962, 0.0849364250898, -0.0395590104163, -0.00370496325195, -0.00747841969132, -0.00267466949299, -0.0048635811545, 0.00461088726297, 0.00415133172646], [0.00174894009251, -0.0017357863253, 0.0149906016886, -0.026562564075, 0.0261457841843, -0.0395590104163, 0.0578077249229, -0.0199894625694, 0.00717680109665, 0.0127702858299, -0.00136662914883, -0.00108938489575, 0.00380068365484], [-0.000526558433194, 0.0120603963733, -0.00322183314711, 0.0065438603051, -0.00626682722941, -0.00370496325195, -0.0199894625694, 0.0481886193156, -0.0194915570319, -0.0029883524403, -0.00120640278328, -0.00976592674851, 0.00950653571635], [0.00260552833788, -0.00391394412145, 0.00202389922924, -0.0125214448199, 0.0027692487929, -0.00747841969132, 0.00717680109665, -0.0194915570319, 0.0722351819277, -0.0528467856348, 0.0336747579277, -0.011632184498, 0.0106678390875], [-0.00132456072606, -0.0092792538926, 0.0107991350815, 0.00875700358301, 0.00606779521331, -0.00267466949299, 0.0127702858299, -0.0029883524403, -0.0528467856348, 0.129751428962, -0.0773923099041, 0.0286782123148, -0.000360812497092], [0.00126563583035, 0.0010523017263, 0.00268603418954, -0.014469563961, 0.00246505858377, -0.0048635811545, -0.00136662914883, -0.00120640278328, 0.0336747579277, -0.0773923099041, 0.0905609279871, -0.0307577773929, -0.00278362398967], [-0.000710000109393, -0.000752576277591, -0.00530427554622, 0.00166394293774, 0.00192435248755, 0.00461088726297, -0.00108938489575, -0.00976592674851, -0.011632184498, 0.0286782123148, -0.0307577773929, 0.0484598465264, -0.0285382978618], [0.000481678871438, 0.000442370655946, 0.00606482056901, -0.00356200383976, 0.00129122345243, 0.00415133172646, 0.00380068365484, 0.00950653571635, 0.0106678390875, -0.000360812497092, -0.00278362398967, -0.0285382978618, 0.0783069655299]]
    },
    "melbands": {
        "dmean": [9.4188753792e-06, 5.10540212417e-06, 5.64156061955e-06, 3.00151878037e-05, 9.77273666649e-05, 7.04942940501e-05, 9.64334103628e-05, 5.86029345868e-05, 1.36326998472e-05, 3.00220744975e-05, 5.15546125825e-05, 5.29323042429e-05, 7.26909056539e-05, 0.00028053423739, 0.000104294653283, 3.0175120628e-05, 6.13880401943e-05, 0.000359049445251, 8.08079057606e-05, 1.03489983303e-05, 9.48157503444e-06, 4.29193642049e-06, 5.82667826166e-06, 4.67738846055e-06, 1.19342776088e-05, 0.000117367329949, 9.49963869061e-05, 1.22985438793e-05, 7.24625260773e-06, 8.88355600637e-07, 4.39042378275e-06, 3.40717292602e-06, 6.27787187568e-07, 4.49015658432e-07, 3.65781346545e-07, 1.34635328664e-07, 1.41666703257e-07, 1.86233720001e-07, 1.86860091844e-07, 4.11771679865e-07],
        "dmean2": [1.52042821355e-05, 8.22549100121e-06, 8.67781000125e-06, 3.43863466696e-05, 0.000111650566396, 0.000102987098217, 0.000143425655551, 8.7129046733e-05, 1.85118715308e-05, 4.04713391617e-05, 7.68346435507e-05, 7.32957851142e-05, 0.000104508937511, 0.000420179509092, 0.000155823945533, 4.23901474278e-05, 7.89883124526e-05, 0.000423770776251, 7.94464358478e-05, 1.46258207678e-05, 1.42067410707e-05, 6.25690609013e-06, 8.53532128531e-06, 6.82127529217e-06, 1.79948456207e-05, 0.000158622438903, 0.000130921718664, 1.81449086085e-05, 1.07549212771e-05, 1.16446949505e-06, 6.38452684143e-06, 5.01169779454e-06, 9.52660457187e-07, 6.80915889006e-07, 5.40077337519e-07, 1.96137037278e-07, 2.146460929e-07, 2.78118704955e-07, 2.78968485645e-07, 6.19058653228e-07],
        "dvar": [4.07686162607e-10, 4.39154435039e-10, 1.02647623734e-09, 2.48436542449e-08, 2.58189373881e-07, 1.735086812e-07, 3.33767957272e-07, 1.22848561546e-07, 5.87112269912e-09, 2.80723835289e-08, 9.05556447606e-08, 9.17118541111e-08, 1.82426958872e-07, 2.88324167741e-06, 3.95757297156e-07, 2.9630124132e-08, 1.13059755336e-07, 3.46265892404e-06, 1.5021389288e-07, 3.56569795912e-09, 3.28747340461e-09, 6.39860886498e-10, 1.19875187554e-09, 7.69376340415e-10, 4.90707474654e-09, 4.37681023868e-07, 2.93295158826e-07, 5.40835776164e-09, 1.89400650719e-09, 2.41382695082e-11, 6.75776989922e-10, 4.12713613285e-10, 1.46950611402e-11, 7.49747139372e-12, 4.78142612309e-12, 6.34787524195e-13, 7.41182505995e-13, 1.23911156943e-12, 1.26165310838e-12, 6.22942019149e-12],
        "dvar2": [9.8860108988e-10, 1.10991460467e-09, 2.60742738512e-09, 3.85428933214e-08, 3.92057302179e-07, 4.26925680586e-07, 8.36408162286e-07, 3.06754714074e-07, 1.39245761588e-08, 6.47669935461e-08, 2.24767305212e-07, 2.15740598719e-07, 4.42019029379e-07, 7.25907648302e-06, 9.94847482616e-07, 7.00627253991e-08, 2.52043946602e-07, 7.24309802536e-06, 2.0102838505e-07, 8.48747472304e-09, 8.27215895782e-09, 1.58318957943e-09, 2.96033952907e-09, 1.90033699887e-09, 1.22795098534e-08, 1.01316686596e-06, 6.89588262048e-07, 1.34975284283e-08, 4.71984229478e-09, 5.43520853324e-11, 1.66440916605e-09, 1.02046249228e-09, 3.72628525258e-11, 1.90118806115e-11, 1.19513964697e-11, 1.57252444573e-12, 1.87540889936e-12, 3.09208257956e-12, 3.16001912137e-12, 1.57064829892e-11],
        "max": [0.000142478122143, 0.000135620022775, 0.0002028165909, 0.001142326626, 0.00370557140559, 0.00271360925399, 0.00370608060621, 0.00224699871615, 0.000523181748576, 0.00115064904094, 0.00198476552032, 0.00203740410507, 0.00279861409217, 0.0107972826809, 0.00401456234977, 0.00116082560271, 0.00236173113808, 0.0137671604753, 0.00304645788856, 0.000398239324568, 0.00036502481089, 0.000165235542227, 0.000224565330427, 0.000180150280357, 0.000457108311821, 0.0045169070363, 0.00365172396414, 0.00047375302529, 0.0002790762519, 3.41408922395e-05, 0.000169037506566, 0.000131181208417, 2.41663965426e-05, 1.72782074515e-05, 1.40773772728e-05, 5.17683292856e-06, 5.43986152479e-06, 7.12901965016e-06, 7.18128512744e-06, 1.58482780535e-05],
        "mean": [1.03803677121e-05, 3.99208283852e-06, 3.34172091243e-06, 2.44365801336e-05, 8.10274505056e-05, 4.0021197492e-05, 5.29269200342e-05, 3.12086340273e-05, 9.23622974369e-06, 1.94434833247e-05, 3.17438243655e-05, 3.19277569361e-05, 4.00045209972e-05, 0.000144138743053, 5.48795542272e-05, 1.89169841178e-05, 4.20178221248e-05, 0.0003000976576, 9.74114227574e-05, 6.11811037743e-06, 4.94252662975e-06, 2.43396721089e-06, 3.16779369314e-06, 2.5831725452e-06, 7.04671265339e-06, 7.21290489309e-05, 5.62272616662e-05, 6.63823766445e-06, 3.81171230401e-06, 5.87300291954e-07, 2.43403087552e-06, 1.8416463945e-06, 3.15175697096e-07, 2.27254489005e-07, 1.98806446861e-07, 7.5482986972e-08, 7.21056565567e-08, 9.83211947414e-08, 9.84879235943e-08, 2.11027767705e-07],
        "median": [6.83843973093e-06, 1.72467412085e-06, 6.22817879048e-07, 1.42972851336e-07, 1.79203524908e-07, 6.79589291508e-08, 3.96584738382e-08, 2.52681715551e-08, 4.31230482434e-08, 2.95994873056e-08, 3.15089323522e-08, 2.68683351123e-08, 1.69960046037e-08, 1.46611505158e-08, 8.79053274616e-09, 5.18107290404e-09, 5.19957721323e-09, 5.22318543972e-09, 4.53856419114e-09, 4.06933686747e-09, 4.71509853384e-09, 3.51739015692e-09, 3.35002714458e-09, 2.99781044433e-09, 2.50495091336e-09, 2.49895304449e-09, 2.28666241497e-09, 1.9288721731e-09, 1.81005033184e-09, 1.86270376901e-09, 1.79744197304e-09, 1.53674761805e-09, 1.4592160813e-09, 1.24382393274e-09, 1.17475495998e-09, 1.09960862638e-09, 9.21583365177e-10, 9.13336295483e-10, 8.14861123022e-10, 7.36892213915e-10],
        "min": [4.90030460654e-10, 2.50321680051e-10, 7.21889076294e-11, 3.59466657829e-11, 4.25966137363e-11, 8.90013340804e-11, 4.48539538844e-11, 4.07536226987e-11, 6.73064104451e-11, 9.01058255787e-11, 7.76551184467e-11, 4.15114886909e-11, 9.00855518654e-12, 7.41219498973e-12, 1.12405727087e-11, 4.37289744346e-12, 1.07115965403e-12, 1.73172381383e-12, 3.08917756826e-12, 1.91122681917e-12, 3.08446410774e-12, 1.66267498901e-12, 1.98884962319e-12, 3.44749185796e-12, 4.34756744494e-12, 2.62258465812e-12, 3.72016653594e-12, 3.76445445996e-12, 5.36501875911e-12, 4.43365353112e-12, 2.04462315134e-12, 3.25007859167e-12, 4.17467449498e-12, 2.31922445658e-12, 2.75058816869e-12, 2.76180879381e-12, 2.31484818293e-12, 2.40438615198e-12, 3.30745825693e-12, 2.35650496512e-12],
        "stdev": [1.6747508198e-05, 1.51393051055e-05, 2.27387772611e-05, 0.000150804320583, 0.00049320817925, 0.00030563553446, 0.00041682535084, 0.00025273457868, 5.9721103753e-05, 0.000131342283566, 0.00022461534536, 0.000230876015848, 0.000315477955155, 0.00121441297233, 0.000451528583653, 0.000131734355818, 0.000272555625997, 0.00166472746059, 0.000462293159217, 4.50370753242e-05, 4.10515713156e-05, 1.8619643015e-05, 2.52795962297e-05, 2.02838255063e-05, 5.15977808391e-05, 0.000514580926392, 0.000414259993704, 5.33102502231e-05, 3.13945311063e-05, 3.91606363337e-06, 1.90354985534e-05, 1.47624832607e-05, 2.71814838015e-06, 1.94321705749e-06, 1.58396869665e-06, 5.8288873106e-07, 6.11743075751e-07, 8.01812404916e-07, 8.07633455224e-07, 1.78238724402e-06],
        "var": [2.80479028891e-10, 2.29198562907e-10, 5.17052012317e-10, 2.27419452159e-08, 2.43254334009e-07, 9.3413085267e-08, 1.73743373466e-07, 6.38747721382e-08, 3.56661011836e-09, 1.72507945706e-08, 5.04520514255e-08, 5.33037365358e-08, 9.95263320647e-08, 1.47479897805e-06, 2.03878073535e-07, 1.73539387305e-08, 7.42865680081e-08, 2.77131766779e-06, 2.13714955066e-07, 2.0283381641e-09, 1.6852315099e-09, 3.46691120257e-10, 6.39057973206e-10, 4.11433609404e-10, 2.66233102231e-09, 2.64793555971e-07, 1.71611347355e-07, 2.84198264922e-09, 9.85616477323e-10, 1.53355540072e-11, 3.62350177641e-10, 2.17930923307e-10, 7.38833039887e-12, 3.77609228608e-12, 2.508956801e-12, 3.39759253717e-13, 3.74229591543e-13, 6.42903156926e-13, 6.52271802109e-13, 3.17690426917e-12]
    },
    "melbands128": {
