{
"lowlevel": {
    "average_loudness": 0.99068403244,
    "barkbands_crest": {
        "dmean": 2.4745619297,
        "dmean2": 4.13436794281,
        "dvar": 4.6986989975,
        "dvar2": 9.61159706116,
        "max": 20.0625724792,
        "mean": 7.90809822083,
        "median": 7.41208267212,
        "min": 4.53274011612,
        "stdev": 2.75020599365,
        "var": 7.56363344193
    },
    "barkbands_flatness_db": {
        "dmean": 0.0215598735958,
        "dmean2": 0.0306512806565,
        "dvar": 0.000868116912898,
        "dvar2": 0.00161532114726,
        "max": 0.286217957735,
        "mean": 0.22955840826,
        "median": 0.237481534481,
        "min": 0.0540230870247,
        "stdev": 0.0396855920553,
        "var": 0.00157494610175
    },
    "barkbands_kurtosis": {
        "dmean": 1.44666063786,
        "dmean2": 2.2956225872,
        "dvar": 5.57324743271,
        "dvar2": 11.4251766205,
        "max": 13.9013442993,
        "mean": 2.04968333244,
        "median": 1.62755060196,
        "min": -1.37426662445,
        "stdev": 2.22030210495,
        "var": 4.9297413826
    },
    "barkbands_skewness": {
        "dmean": 0.419230520725,
        "dmean2": 0.737215161324,
        "dvar": 0.111984014511,
        "dvar2": 0.247239872813,
        "max": 1.61685657501,
        "mean": 0.647060632706,
        "median": 0.626969695091,
        "min": -0.617027938366,
        "stdev": 0.419708639383,
        "var": 0.176155343652
    },
    "barkbands_spread": {
        "dmean": 2.95864629745,
        "dmean2": 3.59317421913,
        "dvar": 191.39352417,
        "dvar2": 205.44090271,
        "max": 107.864074707,
        "mean": 7.31527662277,
        "median": 5.61208963394,
        "min": 2.49703550339,
        "stdev": 13.4995441437,
        "var": 182.237701416
    },
    "dissonance": {
        "dmean": 0.0439528338611,
        "dmean2": 0.0759266391397,
        "dvar": 0.0026887326967,
        "dvar2": 0.0073898024857,
        "max": 0.497920662165,
        "mean": 0.445476144552,
        "median": 0.456262499094,
        "min": 0.276289254427,
        "stdev": 0.0487361587584,
        "var": 0.0023752131965
    },
    "dynamic_complexity": 8.85306930542,
    "erbbands_crest": {
        "dmean": 2.43071818352,
        "dmean2": 4.22842645645,
        "dvar": 4.92989444733,
        "dvar2": 10.374124527,
        "max": 16.1832199097,
        "mean": 8.3887014389,
        "median": 7.70027637482,
        "min": 3.01934981346,
        "stdev": 2.44265437126,
        "var": 5.96656084061
    },
    "erbbands_flatness_db": {
        "dmean": 0.0182025637478,
        "dmean2": 0.0266027674079,
        "dvar": 0.000833671248984,
        "dvar2": 0.00148202339187,
        "max": 0.332373052835,
        "mean": 0.2857645154,
        "median": 0.294355839491,
        "min": 0.0613717064261,
        "stdev": 0.0461758524179,
        "var": 0.0021322092507
    },
    "erbbands_kurtosis": {
        "dmean": 1.46882891655,
        "dmean2": 2.4753715992,
        "dvar": 2.64931845665,
        "dvar2": 6.62228870392,
        "max": 10.3395090103,
        "mean": 2.27810072899,
        "median": 2.11872291565,
        "min": -0.221421003342,
        "stdev": 1.73287510872,
        "var": 3.00285601616
    },
    "erbbands_skewness": {
        "dmean": 0.364665210247,
        "dmean2": 0.609533250332,
        "dvar": 0.17312772572,
        "dvar2": 0.361353844404,
        "max": 1.97217738628,
        "mean": 0.581993460655,
        "median": 0.53380137682,
        "min": -0.780260920525,
        "stdev": 0.470311462879,
        "var": 0.221192881465
    },
    "erbbands_spread": {
        "dmean": 2.83154296875,
        "dmean2": 4.22871828079,
        "dvar": 46.8579750061,
        "dvar2": 61.0276374817,
        "max": 58.1477546692,
        "mean": 10.642414093,
        "median": 9.73083782196,
        "min": 5.35328197479,
        "stdev": 6.64867687225,
        "var": 44.2049026489
    },
    "hfc": {
        "dmean": 2.82330751419,
        "dmean2": 3.84899616241,
        "dvar": 36.7002906799,
        "dvar2": 74.4509506226,
        "max": 67.5533065796,
        "mean": 7.05355930328,
        "median": 1.79717004299,
        "min": 8.09124867374e-06,
        "stdev": 12.7195968628,
        "var": 161.788146973
    },
    "loudness_ebu128": {
        "integrated": -22.1081027985,
        "loudness_range": 0,
        "momentary": {
            "dmean": 2.39566516876,
            "dmean2": 0.402071237564,
            "dvar": 0.152944892645,
            "dvar2": 0.0703093409538,
            "max": -17.1259651184,
            "mean": -27.8553657532,
            "median": -27.3676147461,
            "min": -38.6869506836,
            "stdev": 6.74247074127,
            "var": 45.4609107971
        },
        "short_term": {
            "dmean": 0,
            "dmean2": 0,
            "dvar": 0,
            "dvar2": 0,
            "max": -25.3057956696,
            "mean": -25.3057956696,
            "median": -25.3057956696,
            "min": -25.3057956696,
            "stdev": 0,
            "var": 0
        }
    },
    "melbands_crest": {
        "dmean": 2.37369418144,
        "dmean2": 3.9956009388,
        "dvar": 3.70060229301,
        "dvar2": 7.11098766327,
        "max": 20.1206932068,
        "mean": 9.07221889496,
        "median": 8.51525306702,
        "min": 5.57433366776,
        "stdev": 3.019769907,
        "var": 9.11901092529
    },
    "melbands_flatness_db": {
        "dmean": 0.024792375043,
        "dmean2": 0.0356066711247,
        "dvar": 0.00212927674875,
        "dvar2": 0.00351180904545,
        "max": 0.390340775251,
        "mean": 0.306245058775,
        "median": 0.313061892986,
        "min": 0.0561910681427,
        "stdev": 0.0448203198612,
        "var": 0.00200886116363
    },
    "melbands_kurtosis": {
        "dmean": 1.26360416412,
        "dmean2": 2.15685009956,
        "dvar": 1.18620371819,
        "dvar2": 2.9401204586,
        "max": 7.12634754181,
        "mean": 1.61985063553,
        "median": 1.14482164383,
        "min": -0.43798160553,
        "stdev": 1.56193161011,
        "var": 2.43963027
    },
    "melbands_skewness": {
        "dmean": 0.419591248035,
        "dmean2": 0.750490546227,
        "dvar": 0.0634525865316,
        "dvar2": 0.192106977105,
        "max": 1.8724656105,
        "mean": 0.777368307114,
        "median": 0.740108251572,
        "min": -0.0617202185094,
        "stdev": 0.388044029474,
        "var": 0.150578171015
    },
    "melbands_spread": {
        "dmean": 4.00911951065,
        "dmean2": 5.16372585297,
        "dvar": 249.522613525,
        "dvar2": 269.95703125,
        "max": 124.162628174,
        "mean": 10.9541797638,
        "median": 9.32950782776,
        "min": 3.4060549736,
        "stdev": 15.2624588013,
        "var": 232.942642212
    },
    "pitch_salience": {
        "dmean": 0.057387560606,
        "dmean2": 0.0973834767938,
        "dvar": 0.00304158753715,
        "dvar2": 0.00728525640443,
        "max": 0.851482510567,
        "mean": 0.762027561665,
        "median": 0.768350720406,
        "min": 0.471171855927,
        "stdev": 0.0649300217628,
        "var": 0.00421590777114
    },
    "silence_rate_20dB": {
        "dmean": 0,
        "dmean2": 0,
        "dvar": 0,
        "dvar2": 0,
        "max": 1,
        "mean": 1,
        "median": 1,
        "min": 1,
        "stdev": 0,
        "var": 0
    },
    "silence_rate_30dB": {
        "dmean": 0.0357142873108,
        "dmean2": 0.0545454546809,
        "dvar": 0.034438803792,
        "dvar2": 0.0879336819053,
        "max": 1,
        "mean": 0.982456147671,
        "median": 1,
        "min": 0,
        "stdev": 0.131286263466,
        "var": 0.017236083746
    },
    "silence_rate_60dB": {
        "dmean": 0.0535714291036,
        "dmean2": 0.109090909362,
        "dvar": 0.0507015064359,
        "dvar2": 0.133553743362,
        "max": 1,
        "mean": 0.491228073835,
        "median": 0,
        "min": 0,
        "stdev": 0.499923139811,
        "var": 0.249923139811
    },
    "spectral_centroid": {
        "dmean": 108.030570984,
        "dmean2": 145.558334351,
        "dvar": 166701.40625,
        "dvar2": 180503.8125,
        "max": 3458.20654297,
        "mean": 598.398681641,
        "median": 545.331787109,
        "min": 344.713104248,
        "stdev": 387.632019043,
        "var": 150258.59375
    },
    "spectral_complexity": {
        "dmean": 1.28571426868,
        "dmean2": 1.96363639832,
        "dvar": 2.84693908691,
        "dvar2": 3.92594885826,
        "max": 23,
        "mean": 8.54385948181,
        "median": 9,
        "min": 0,
        "stdev": 6.60693502426,
        "var": 43.6515884399
    },
    "spectral_decrease": {
        "dmean": 1.17652432241e-09,
        "dmean2": 1.64549629478e-09,
        "dvar": 5.99344424814e-18,
        "dvar2": 1.16315556934e-17,
        "max": -6.92561864769e-17,
        "mean": -3.16055182026e-09,
        "median": -8.85113426996e-10,
        "min": -2.82769843096e-08,
        "stdev": 5.48346212881e-09,
        "var": 3.00683560647e-17
    },
    "spectral_energy": {
        "dmean": 0.00469655171037,
        "dmean2": 0.00655929232016,
        "dvar": 9.5761330158e-05,
        "dvar2": 0.000186254503205,
        "max": 0.11285110563,
        "mean": 0.0125684291124,
        "median": 0.00350363040343,
        "min": 9.95289184402e-10,
        "stdev": 0.0218482669443,
        "var": 0.000477346766274
    },
    "spectral_energyband_high": {
        "dmean": 1.68205338014e-06,
        "dmean2": 2.18836567001e-06,
        "dvar": 1.0812232186e-11,
        "dvar2": 1.93042248853e-11,
        "max": 5.05340358359e-05,
        "mean": 5.75974854655e-06,
        "median": 1.88246713151e-06,
        "min": 5.57443424754e-10,
        "stdev": 9.75280454441e-06,
        "var": 9.51171988395e-11
    },
    "spectral_energyband_low": {
        "dmean": 0.000192200750462,
        "dmean2": 0.000351648195647,
        "dvar": 1.77381451749e-07,
        "dvar2": 5.61991896575e-07,
        "max": 0.00233998009935,
        "mean": 0.000280274660327,
        "median": 7.45558645576e-05,
        "min": 1.43841272227e-10,
        "stdev": 0.000469733349746,
        "var": 2.20649425842e-07
    },
    "spectral_energyband_middle_high": {
        "dmean": 0.00128399394453,
        "dmean2": 0.00207213754766,
        "dvar": 7.16332942829e-06,
        "dvar2": 1.36362878038e-05,
        "max": 0.0254580043256,
        "mean": 0.00269716931507,
        "median": 0.00038736659917,
        "min": 8.40710903671e-11,
        "stdev": 0.00535989366472,
        "var": 2.87284601654e-05
    },
    "spectral_energyband_middle_low": {
        "dmean": 0.00343898427673,
        "dmean2": 0.00444265222177,
        "dvar": 5.50796976313e-05,
        "dvar2": 0.000108759071736,
        "max": 0.0881015732884,
        "mean": 0.00984513200819,
        "median": 0.00270883645862,
        "min": 8.76494640756e-11,
        "stdev": 0.0166071206331,
        "var": 0.000275796453934
    },
    "spectral_entropy": {
        "dmean": 0.193247869611,
        "dmean2": 0.287444323301,
        "dvar": 0.157202854753,
        "dvar2": 0.252170056105,
        "max": 8.83934688568,
        "mean": 6.7038731575,
        "median": 6.67874622345,
        "min": 5.92379045486,
        "stdev": 0.359503358603,
        "var": 0.129242658615
    },
    "spectral_flux": {
        "dmean": 0.00889687612653,
        "dmean2": 0.0135492794216,
        "dvar": 0.000140114236274,
        "dvar2": 0.000252215337241,
        "max": 0.240951806307,
        "mean": 0.0533880963922,
        "median": 0.0359734706581,
        "min": 0.00119284819812,
        "stdev": 0.0542836301029,
        "var": 0.00294671254233
    },
    "spectral_kurtosis": {
        "dmean": 10.0982618332,
        "dmean2": 17.5780086517,
        "dvar": 49.1428527832,
        "dvar2": 169.625198364,
        "max": 53.0375595093,
        "mean": 19.1241092682,
        "median": 18.2950725555,
        "min": 2.50083780289,
        "stdev": 9.66270065308,
        "var": 93.3677902222
    },
    "spectral_rms": {
        "dmean": 0.000470799393952,
        "dmean2": 0.00069781113416,
        "dvar": 3.37843118814e-07,
        "dvar2": 7.20901311979e-07,
        "max": 0.0104927895591,
        "mean": 0.00250650965609,
        "median": 0.0018488309579,
        "min": 9.85400333775e-07,
        "stdev": 0.00244525936432,
        "var": 5.97929374635e-06
    },
    "spectral_rolloff": {
        "dmean": 394.519042969,
        "dmean2": 472.94744873,
        "dvar": 5012635,
        "dvar2": 5210552.5,
        "max": 17420.3613281,
        "mean": 1072.5045166,
        "median": 775.1953125,
        "min": 430.6640625,
        "stdev": 2187.14672852,
        "var": 4783611
    },
    "spectral_skewness": {
        "dmean": 0.720798552036,
        "dmean2": 1.18308031559,
        "dvar": 0.321042448282,
        "dvar2": 0.901039421558,
        "max": 5.49765062332,
        "mean": 3.21180772781,
        "median": 3.17779278755,
        "min": 1.33736038208,
        "stdev": 0.738363981247,
        "var": 0.545181393623
    },
    "spectral_spread": {
        "dmean": 427766.28125,
        "dmean2": 615072.75,
        "dvar": 1.73357911245e+12,
        "dvar2": 2.19508139622e+12,
        "max": 12126510,
        "mean": 2013323.5,
        "median": 1817227.625,
        "min": 1157894.125,
        "stdev": 1445721.625,
        "var": 2.0901110743e+12
    },
    "spectral_strongpeak": {
        "dmean": 0.25308445096,
        "dmean2": 0.460120677948,
        "dvar": 0.0814802125096,
        "dvar2": 0.275365054607,
        "max": 1.66681039333,
        "mean": 0.347413688898,
        "median": 0.27673882246,
        "min": 0,
        "stdev": 0.356981009245,
        "var": 0.127435430884
    },
    "zerocrossingrate": {
        "dmean": 0.00408935546875,
        "dmean2": 0.0064098010771,
        "dvar": 0.000165535398992,
        "dvar2": 0.000372861133656,
        "max": 0.1298828125,
        "mean": 0.0308388154954,
        "median": 0.0283203125,
        "min": 0.01708984375,
        "stdev": 0.0172734707594,
        "var": 0.000298372819088
    },
    "barkbands": {
        "dmean": [1.98270827241e-05, 2.8220072636e-05, 0.000143557874253, 0.000208275829209, 0.000466924713692, 0.00180412863847, 0.000944818893913, 0.000576675054617, 0.00127120153047, 0.000647448119707, 0.000496716063935, 0.000323079526424, 0.000125282225781, 9.63490128925e-06, 1.00955430753e-05, 5.47265108253e-06, 4.99880479765e-06, 5.6673347899e-06, 9.8111479474e-07, 9.62160470408e-07, 1.20611287002e-06, 3.20973782664e-07, 1.26493617358e-07, 6.09267800655e-08, 2.82533925144e-08, 2.80551777365e-08, 2.99635765089e-08],
        "dmean2": [3.70950983779e-05, 4.2182571633e-05, 0.000248693308095, 0.000363932515029, 0.000745015277062, 0.00298485159874, 0.00162565184291, 0.000864553265274, 0.00197510514408, 0.000905591063201, 0.000903390697204, 0.000502673734445, 0.000232658101595, 1.45237154356e-05, 1.62214091688e-05, 6.24908625468e-06, 7.23834273231e-06, 9.27328801481e-06, 1.57259853495e-06, 1.65151004694e-06, 1.90113200915e-06, 5.27491010871e-07, 1.83927753028e-07, 8.02192090532e-08, 2.88742434407e-08, 2.900508278e-08, 3.11397343467e-08],
        "dvar": [1.01192620949e-09, 1.76660641671e-09, 8.92753035941e-08, 2.20709537757e-07, 5.86729129282e-07, 1.92371699086e-05, 3.59265300176e-06, 7.78976641413e-07, 1.30804019136e-05, 1.64136565672e-06, 8.11711856841e-07, 9.94733909465e-07, 1.35559304226e-07, 4.37943653564e-10, 7.7827877476e-10, 1.53551268922e-10, 2.28029414795e-10, 2.34468500171e-10, 4.68567415771e-12, 5.66237638375e-12, 1.24841578047e-11, 2.39705960159e-13, 3.97739499214e-14, 3.56278286766e-14, 4.29739285877e-14, 4.10814706363e-14, 4.69370737752e-14],
        "dvar2": [3.18243875697e-09, 4.61540050622e-09, 2.91106005079e-07, 6.91181355705e-07, 1.32866250624e-06, 4.60524097434e-05, 9.2382879302e-06, 2.38161396737e-06, 3.08639318973e-05, 2.67975451607e-06, 2.58265322373e-06, 2.39997984863e-06, 3.93353815298e-07, 6.68848143537e-10, 2.04732431008e-09, 9.67419686027e-11, 4.92224760951e-10, 4.54263737737e-10, 1.27081479021e-11, 1.53521379637e-11, 3.30132761406e-11, 5.94403161674e-13, 8.52247417603e-14, 3.02206346157e-14, 4.3531892907e-14, 4.17042363642e-14, 4.77667391589e-14],
        "max": [0.000160469760885, 0.000434160989244, 0.00139361806214, 0.00338666350581, 0.0103911506012, 0.0309213511646, 0.0151439644396, 0.00691561028361, 0.0268846899271, 0.0102124204859, 0.00634773587808, 0.00879120826721, 0.0027688248083, 0.000220570960664, 0.000279454019619, 0.000235157771385, 0.000128794345073, 0.000130688946228, 2.18005789066e-05, 2.38432767219e-05, 3.12879565172e-05, 6.96206097928e-06, 2.83727945316e-06, 1.93012647287e-06, 1.57189435868e-06, 1.53904750277e-06, 1.64504206168e-06],
        "mean": [1.58540588018e-05, 5.35301223863e-05, 0.000146309932461, 0.0002900014224, 0.00160783575848, 0.00264153908938, 0.00198338343762, 0.00112629076466, 0.0018738177605, 0.00123821548186, 0.000666723353788, 0.000574512465391, 0.00024631555425, 2.40841854975e-05, 2.56207076745e-05, 2.12720351556e-05, 1.18043089969e-05, 1.22372030091e-05, 2.34201888816e-06, 2.46382796831e-06, 2.60174078903e-06, 9.91121623883e-07, 4.47705048146e-07, 1.47895121927e-07, 2.87522681219e-08, 2.85337762307e-08, 3.11162153821e-08],
        "median": [4.83189251099e-06, 1.65895216924e-05, 2.76799146377e-05, 9.92603454506e-05, 0.000576348800678, 0.000611160532571, 0.000215894571738, 0.000214891901123, 0.000445531128207, 0.000182140502147, 0.000112540990813, 5.93337354076e-05, 2.47432544711e-05, 4.76568811791e-06, 3.65044979844e-06, 1.82450924058e-06, 9.85467181636e-07, 1.97641634259e-06, 5.9293091681e-07, 6.93004437835e-07, 6.44998237931e-07, 5.01526130847e-07, 2.48959167948e-07, 8.35343669792e-08, 1.13847686833e-09, 1.04936370704e-09, 1.23178012235e-09],
        "min": [1.60297719543e-10, 5.53924406343e-11, 5.1887764918e-12, 1.96360939661e-12, 7.94059176051e-12, 2.0135547743e-11, 2.39497727206e-11, 7.7677499849e-12, 2.18183058426e-11, 7.23955574308e-12, 7.5350004014e-12, 5.42768347628e-12, 2.61496987258e-12, 5.17087674762e-12, 4.62675427484e-12, 6.91035726905e-12, 1.78355785002e-11, 1.03723193229e-11, 1.12717240056e-11, 2.33921024911e-11, 2.21068476025e-11, 2.94520727251e-11, 3.56121868106e-11, 6.40021508014e-11, 9.58258403183e-11, 1.41656478214e-10, 1.60492480417e-10],
        "stdev": [2.76545270026e-05, 8.56821061461e-05, 0.000285680260276, 0.000523670576513, 0.00252854218706, 0.00563703663647, 0.00360528915189, 0.00165967934299, 0.00394524401054, 0.00225144205615, 0.00130875583272, 0.00141500914469, 0.000619575788733, 4.82490977447e-05, 5.56037266506e-05, 4.85655473312e-05, 2.50070934271e-05, 2.64371883532e-05, 4.2729134293e-06, 4.55113604403e-06, 5.05463276568e-06, 1.41512782648e-06, 5.77745765895e-07, 2.66849411901e-07, 2.06213258025e-07, 2.01856991566e-07, 2.15682163685e-07],
        "var": [7.64772911666e-10, 7.34142346914e-09, 8.16132086356e-08, 2.74230842479e-07, 6.39352583676e-06, 3.17761805491e-05, 1.29981099235e-05, 2.75453567156e-06, 1.5564948626e-05, 5.06899095853e-06, 1.71284193584e-06, 2.00225076696e-06, 3.838741236e-07, 2.32797559008e-09, 3.09177439206e-09, 2.35861241649e-09, 6.25354712458e-10, 6.98924917941e-10, 1.82577893776e-11, 2.07128394297e-11, 2.55493126655e-11, 2.00258689839e-12, 3.33790178657e-13, 7.1208602979e-14, 4.25239067591e-14, 4.0746245489e-14, 4.65187987415e-14]
    },
    "erbbands": {
        "dmean": [0.000845503178425, 0.00876405742019, 0.115274854004, 0.284263759851, 1.88791024685, 3.11032247543, 9.4712266922, 14.2096986771, 16.9430027008, 17.9796638489, 18.7270717621, 32.5232162476, 18.5668926239, 24.2985286713, 12.2798299789, 12.1610441208, 5.43181467056, 1.92839157581, 0.543647587299, 0.394295662642, 0.245276898146, 0.304623216391, 0.370292246342, 0.0735308974981, 0.0387064740062, 0.0429529435933, 0.044305536896, 0.0401065908372, 0.0117471143603, 0.00798592623323, 0.00332631915808, 0.00173414859455, 0.000551239296328, 0.000323174259393, 0.000199457834242, 0.00011067865853, 5.23519338458e-05, 1.91329745576e-05, 5.51741186428e-06, 4.93875586471e-06],
        "dmean2": [0.00137654272839, 0.014812156558, 0.199752449989, 0.441792994738, 3.41994404793, 5.20314741135, 14.7380886078, 22.8472652435, 27.7580699921, 28.5006141663, 31.1127471924, 49.0913467407, 27.9655361176, 40.2770385742, 19.0793075562, 18.3293209076, 8.97906970978, 3.0164437294, 0.900890409946, 0.623615443707, 0.401008784771, 0.436708718538, 0.580583810806, 0.120110362768, 0.071740090847, 0.0743730664253, 0.0623927861452, 0.0647435858846, 0.0208567213267, 0.0113922031596, 0.00553580233827, 0.00237870542333, 0.000590081326663, 0.000331303133862, 0.000202917697607, 0.000112949179311, 5.35902690899e-05, 2.01879829547e-05, 6.01419924351e-06, 7.0426772254e-06],
        "dvar": [2.10237180909e-06, 0.000238639549934, 0.0516423992813, 0.33198967576, 24.9699649811, 28.492143631, 674.278625488, 938.563354492, 886.614135742, 988.165649414, 1599.83081055, 7830.52050781, 1411.95300293, 1918.41149902, 502.547149658, 1577.05554199, 194.016860962, 25.3228302002, 2.18932962418, 1.01716983318, 0.3697283566, 0.85493093729, 1.22020232677, 0.0280806627125, 0.00706709316, 0.00738258007914, 0.00872680451721, 0.011233326979, 0.000501267670188, 0.000138098868774, 3.47392269759e-05, 1.26046570585e-05, 9.74212616711e-06, 5.43117630514e-06, 2.11018095797e-06, 6.43926512112e-07, 1.40238526569e-07, 1.71021898865e-08, 7.35107252847e-10, 8.67616534173e-11],
        "dvar2": [6.37784705759e-06, 0.000608114001807, 0.155129566789, 0.880302846432, 79.3018722534, 76.109954834, 1543.60095215, 2012.18347168, 2499.3190918, 2381.94604492, 4572.56103516, 17643.0566406, 2348.12451172, 5296.20751953, 1179.60009766, 3770.32885742, 406.2862854, 67.1569519043, 6.06220960617, 1.77257335186, 0.974237918854, 1.80894303322, 2.05623078346, 0.0664631128311, 0.0198228936642, 0.0180225819349, 0.0175305511802, 0.0297611039132, 0.00138126593083, 0.000279283587588, 6.83373073116e-05, 1.16351438919e-05, 9.48511114984e-06, 5.47925219507e-06, 2.13444764086e-06, 6.51950358588e-07, 1.41419334909e-07, 1.72308958213e-08, 6.54221288254e-10, 1.78968243003e-10],
        "max": [0.0104851014912, 0.142594948411, 1.18003475666, 4.25412845612, 34.0192718506, 46.957736969, 192.076217651, 229.478042603, 219.517227173, 233.686355591, 288.185272217, 667.140930176, 313.779144287, 321.852905273, 224.477249146, 346.661987305, 152.08555603, 33.528465271, 14.1296520233, 14.1565361023, 7.78572797775, 8.18477249146, 8.95674800873, 1.80130183697, 0.931959688663, 0.943876504898, 1.20154190063, 0.961526274681, 0.280001491308, 0.168420225382, 0.0803368389606, 0.0476035550237, 0.0262514669448, 0.0178485717624, 0.0110830869526, 0.00613644486293, 0.00287528638728, 0.00101207301486, 0.000261478067841, 0.000128731961013],
        "mean": [0.00113424158189, 0.0160761661828, 0.146716922522, 0.526640594006, 2.6982884407, 6.208340168, 14.2104616165, 21.8743000031, 25.5029582977, 28.5784759521, 28.4064407349, 45.2118988037, 38.5076675415, 37.1846656799, 22.3001308441, 21.4160118103, 12.4886922836, 2.74419808388, 1.27577126026, 1.42760884762, 0.834732532501, 0.732262134552, 0.773257732391, 0.205038741231, 0.108572416008, 0.114185318351, 0.123066842556, 0.0818708091974, 0.0372017212212, 0.0248664990067, 0.0115630263463, 0.00562433386222, 0.000954463845119, 0.00035344803473, 0.000209925550735, 0.000117838004371, 5.63538887945e-05, 2.13178554986e-05, 1.05121616798e-05, 1.47019018186e-05],
        "median": [0.00051907467423, 0.00443309452385, 0.0266316179186, 0.178522914648, 0.813777625561, 1.6307721138, 2.88785433769, 7.55742406845, 4.41865158081, 5.17610120773, 5.49068832397, 10.6985502243, 7.46068477631, 6.49201631546, 2.94082450867, 2.41457700729, 1.12902009487, 0.519762456417, 0.210254639387, 0.173510491848, 0.0855755358934, 0.071839235723, 0.113058432937, 0.0448955669999, 0.0286539401859, 0.0318310000002, 0.0298381317407, 0.0230411756784, 0.0179255306721, 0.011811375618, 0.00592128187418, 0.0036164666526, 0.000363077124348, 2.59477837972e-05, 1.10000846689e-05, 5.62764307688e-06, 2.7725777727e-06, 1.4282614984e-06, 1.97101030608e-06, 3.97319763579e-06],
        "min": [4.20467527462e-09, 3.89480891982e-09, 6.82651668527e-09, 7.2557528874e-09, 1.47608520962e-08, 2.63095376596e-08, 1.0750842705e-07, 1.99011125801e-07, 2.74469499573e-07, 2.68851493956e-07, 2.31838228615e-07, 5.69570488551e-07, 3.49078106865e-07, 2.65060918991e-07, 2.33523493876e-07, 2.05958968991e-07, 1.28335159388e-07, 1.81523262199e-07, 3.04075740587e-07, 2.4390095632e-07, 5.06701212544e-07, 1.05700314634e-06, 6.00953455887e-07, 5.07657262006e-07, 6.55729479604e-07, 1.10330586267e-06, 1.074495799e-06, 1.02618241726e-06, 1.10551388843e-06, 7.76028969085e-07, 9.94577021629e-07, 1.01779949091e-06, 1.33273886149e-06, 1.36690448471e-06, 5.07323363763e-07, 4.52121327044e-07, 2.84697563302e-07, 9.02999488517e-08, 2.00078211776e-08, 2.59679699965e-09],
        "stdev": [0.001681233407, 0.0267544537783, 0.259869098663, 0.849566221237, 5.06023073196, 10.6313486099, 33.1338806152, 42.1200904846, 48.3884620667, 48.4456939697, 48.34582901, 98.3198165894, 65.0838623047, 68.9265670776, 45.5556755066, 54.031791687, 31.4011516571, 6.31562566757, 2.87932085991, 3.06918597221, 1.70164692402, 1.57800853252, 1.74499166012, 0.394528776407, 0.186301261187, 0.19806855917, 0.221338331699, 0.158014878631, 0.0556738674641, 0.0342868193984, 0.0154507765546, 0.00758511619642, 0.00342533038929, 0.00233833631501, 0.00145310943481, 0.000804380164482, 0.000376786250854, 0.000132499786559, 3.51575763489e-05, 2.58998952631e-05],
        "var": [2.82654559669e-06, 0.000715800793841, 0.0675319507718, 0.72176271677, 25.6059341431, 113.02558136, 1097.85400391, 1774.10192871, 2341.44335938, 2346.98510742, 2337.31933594, 9666.78613281, 4235.90869141, 4750.87207031, 2075.31958008, 2919.43457031, 986.032348633, 39.8871269226, 8.2904882431, 9.41990280151, 2.89560222626, 2.49011087418, 3.04499602318, 0.155652955174, 0.0347081571817, 0.0392311550677, 0.0489906556904, 0.0249687042087, 0.00309957959689, 0.00117558601778, 0.000238726497628, 5.75339872739e-05, 1.1732888197e-05, 5.46781620869e-06, 2.11152701013e-06, 6.47027434297e-07, 1.41967888112e-07, 1.75561929439e-08, 1.23605525815e-09, 6.70804578551e-10]
    },
    "gfcc": {
        "mean": [-226.908309937, 188.097076416, -135.209365845, -12.2011270523, -81.9183197021, -17.7243061066, -9.43620109558, -26.0944747925, -5.87418985367, -21.0591106415, -5.40901231766, -2.09059667587, -6.42316007614],
        "cov": [[23410.5507812, 5059.36083984, -3486.09594727, -699.127746582, -212.928192139, -759.82019043, 356.305999756, -1326.46105957, 521.655395508, -1321.79663086, 316.636810303, -525.640625, -28.5379734039], [5059.36083984, 1493.38256836, -721.243530273, -121.198440552, -130.390441895, -163.634475708, 112.017227173, -347.18838501, 129.606796265, -325.429870605, 76.056678772, -129.231765747, -14.3214654922], [-3486.09594727, -721.243530273, 701.971191406, 44.7238082886, 55.7662887573, 111.518966675, -96.4113235474, 225.063827515, -104.983283997, 221.701812744, -61.475566864, 83.5120620728, 5.77214813232], [-699.127746582, -121.198440552, 44.7238082886, 99.9019012451, -11.6245861053, 25.0108451843, 16.7682476044, 22.770772934, -0.431646287441, 21.4137878418, -12.4056224823, -0.740937650204, 0.146700307727], [-212.928192139, -130.390441895, 55.7662887573, -11.6245861053, 73.3114700317, 13.9376516342, -12.7404603958, 39.7580337524, -11.3751306534, 22.7208557129, -17.0966815948, 10.4800052643, 1.11144888401], [-759.82019043, -163.634475708, 111.518966675, 25.0108451843, 13.9376516342, 67.7731933594, -3.91223216057, 49.0717163086, -16.9968357086, 47.4941139221, -12.880487442, 14.0229234695, -3.42535376549], [356.305999756, 112.017227173, -96.4113235474, 16.7682476044, -12.7404603958, -3.91223216057, 41.8042984009, -24.2527122498, 24.7677516937, -34.7754440308, 6.06755685806, -15.5400457382, -1.16078126431], [-1326.46105957, -347.18838501, 225.063827515, 22.770772934, 39.7580337524, 49.0717163086, -24.2527122498, 109.978622437, -32.3718948364, 88.1727676392, -31.729385376, 33.5873527527, -1.15716385841], [521.655395508, 129.606796265, -104.983283997, -0.431646287441, -11.3751306534, -16.9968357086, 24.7677516937, -32.3718948364, 57.3099708557, -41.6078872681, 24.4252471924, -15.087928772, 4.80496740341], [-1321.79663086, -325.429870605, 221.701812744, 21.4137878418, 22.7208557129, 47.4941139221, -34.7754440308, 88.1727676392, -41.6078872681, 119.037864685, -11.3477468491, 48.8965530396, 0.935662150383], [316.636810303, 76.056678772, -61.475566864, -12.4056224823, -17.0966815948, -12.880487442, 6.06755685806, -31.729385376, 24.4252471924, -11.3477468491, 44.4294319153, 7.75381040573, 15.5947561264], [-525.640625, -129.231765747, 83.5120620728, -0.740937650204, 10.4800052643, 14.0229234695, -15.5400457382, 33.5873527527, -15.087928772, 48.8965530396, 7.75381040573, 46.2219543457, 17.9363517761], [-28.5379734039, -14.3214654922, 5.77214813232, 0.146700307727, 1.11144888401, -3.42535376549, -1.16078126431, -1.15716385841, 4.80496740341, 0.935662150383, 15.5947561264, 17.9363517761, 26.8089008331]],
        "icov": [[0.000834654201753, -0.00180791702587, 0.00300587224774, 0.00202973838896, -0.00169004802592, 0.00086972641293, 0.00269128056243, -0.00169910606928, 0.000379482633434, -0.000922517094295, -0.0001850551198, 0.00351009238511, -0.00278780609369], [-0.00180791702587, 0.00827023107558, -0.00842544063926, -0.000172658532392, 0.00480002211407, -0.00134924380109, -0.0129104498774, 0.0176081117243, -0.00393994245678, 0.0040326458402, 0.00474818563089, -0.00963513273746, 0.00838784314692], [0.00300587224774, -0.00842544063926, 0.0186679717153, 0.00506286462769, -0.00347991613671, 0.000806887168437, 0.020942164585, -0.0222927927971, 0.0046900883317, -0.00772922905162, -0.00145221338607, 0.0170303042978, -0.0162764638662], [0.00202973838896, -0.000172658532392, 0.00506286462769, 0.0246998686343, 0.0011810924625, 0.00022937686299, -0.0102335000411, 0.0108241708949, -0.00489816768095, -0.00930507108569, 0.0123420832679, 0.0140055436641, -0.0144994352013], [-0.00169004802592, 0.00480002211407, -0.00347991613671, 0.0011810924625, 0.0245393775403, -0.00342890736647, -0.00223282212391, -0.00488805491477, -0.00295808608644, 0.00244295992889, 0.0080832503736, -0.00590234948322, -0.000563373614568], [0.00086972641293, -0.00134924380109, 0.000806887168437, 0.00022937686299, -0.00342890736647, 0.0266633406281, -0.00724617252126, -0.00505513278767, 0.00284571526572, -0.00553928036243, -0.00316511234269, 0.00558525463566, 0.000834683247376], [0.00269128056243, -0.0129104498774, 0.020942164585, -0.0102335000411, -0.00223282212391, -0.00724617252126, 0.075338371098, -0.0396282076836, -0.00334251113236, 0.00525689264759, -0.00754818879068, 0.0122913168743, -0.0111837526783], [-0.00169910606928, 0.0176081117243, -0.0222927927971, 0.0108241708949, -0.00488805491477, -0.00505513278767, -0.0396282076836, 0.105537898839, -0.0256023183465, -0.0144144436345, 0.0424241684377, -0.0207381881773, 0.00902292598039], [0.000379482633434, -0.00393994245678, 0.0046900883317, -0.00489816768095, -0.00295808608644, 0.00284571526572, -0.00334251113236, -0.0256023183465, 0.042454380542, 0.0110891675577, -0.031308863312, 0.00916800182313, 0.000635083531961], [-0.000922517094295, 0.0040326458402, -0.00772922905162, -0.00930507108569, 0.00244295992889, -0.00553928036243, 0.00525689264759, -0.0144144436345, 0.0110891675577, 0.0564235337079, -0.0232640206814, -0.0385849364102, 0.0370747111738], [-0.0001850551198, 0.00474818563089, -0.00145221338607, 0.0123420832679, 0.0080832503736, -0.00316511234269, -0.00754818879068, 0.0424241684377, -0.031308863312, -0.0232640206814, 0.0729492381215, -0.00731802126393, -0.0277656204998], [0.00351009238511, -0.00963513273746, 0.0170303042978, 0.0140055436641, -0.00590234948322, 0.00558525463566, 0.0122913168743, -0.0207381881773, 0.00916800182313, -0.0385849364102, -0.00731802126393, 0.0920928493142, -0.0622125156224], [-0.00278780609369, 0.00838784314692, -0.0162764638662, -0.0144994352013, -0.000563373614568, 0.000834683247376, -0.0111837526783, 0.00902292598039, 0.000635083531961, 0.0370747111738, -0.0277656204998, -0.0622125156224, 0.0987997278571]]
    },
    "melbands": {
        "dmean": [5.77364608034e-06, 4.31996268162e-05, 0.000103180391307, 9.33193150559e-05, 0.000268030824373, 0.000326120993122, 0.000236848238274, 0.000170808547409, 0.000187871861272, 0.000198722569621, 8.91352610779e-05, 0.000104588296381, 5.27309894096e-05, 3.90822860936e-05, 1.68622227648e-05, 1.17305371532e-05, 2.53657572102e-06, 8.07957235338e-07, 7.21288813565e-07, 5.19492573403e-07, 2.88551262884e-07, 2.90789699875e-07, 4.62835970438e-07, 2.20987331545e-07, 4.80245851975e-08, 3.06154745999e-08, 2.82355472336e-08, 3.40578658609e-08, 2.05618899685e-08, 4.73706016635e-08, 1.65277622699e-08, 7.47837169968e-09, 5.05762676184e-09, 3.98520549894e-09, 2.40843767152e-09, 1.10329734238e-09, 1.12552989151e-09, 3.79682535412e-10, 3.05162090042e-10, 2.61280719283e-10],
        "dmean2": [9.06802506506e-06, 7.59473841754e-05, 0.00018225410895, 0.000160018069437, 0.000427209044574, 0.00055685674306, 0.00040085616638, 0.000267272844212, 0.00031485184445, 0.000298325583572, 0.000138170769787, 0.000172634609044, 9.34498893912e-05, 6.06248468102e-05, 1.84600376087e-05, 1.74513461388e-05, 4.13685302192e-06, 1.40679685501e-06, 1.20963409245e-06, 5.34430341759e-07, 4.78893525724e-07, 4.08296699561e-07, 6.15340923105e-07, 3.51071690829e-07, 7.7232684248e-08, 5.16563751773e-08, 4.91468199471e-08, 6.14930684151e-08, 3.27578355552e-08, 7.13618035775e-08, 2.8254037332e-08, 1.33909390243e-08, 8.05555888661e-09, 6.34081720463e-09, 3.98088095821e-09, 1.35756828001e-09, 1.55219825881e-09, 4.46521486452e-10, 3.19140658345e-10, 2.67970340362e-10],
        "dvar": [6.0525931489e-11, 7.37296446118e-09, 6.57146230765e-08, 2.23359197804e-08, 5.80217886181e-07, 5.56559314191e-07, 1.71140115413e-07, 8.27649202506e-08, 1.95732326347e-07, 2.87862064852e-07, 3.31662981523e-08, 3.78778679533e-08, 9.8103294377e-09, 1.29089681167e-08, 1.33711564043e-09, 8.1917950201e-10, 4.54277622464e-11, 4.8439537971e-12, 3.81555334203e-12, 1.78529500211e-12, 5.35109662744e-13, 6.16102383954e-13, 1.4991671099e-12, 3.99901005322e-13, 1.06231822926e-14, 3.83863600289e-15, 2.97092422854e-15, 4.6655917282e-15, 1.36214745792e-15, 2.46375084234e-14, 1.01036694575e-15, 1.66698506004e-16, 6.19955656368e-17, 3.45214630401e-17, 1.68903977967e-17, 2.49537084993e-18, 6.59646470496e-18, 4.77091224823e-18, 4.6330729389e-18, 3.65045102718e-18],
        "dvar2": [1.49548221029e-10, 2.23626841489e-08, 2.0344820939e-07, 4.28186979207e-08, 1.24115069866e-06, 1.26027111946e-06, 4.68641530915e-07, 2.01127789978e-07, 5.50503614249e-07, 6.40900964299e-07, 5.17700335934e-08, 1.0038126419e-07, 2.90266264358e-08, 3.09523713327e-08, 1.34117450479e-09, 2.06589301222e-09, 1.21229928873e-10, 1.41379312771e-11, 8.02506672226e-12, 1.33342620799e-12, 1.70052351107e-12, 1.28807598268e-12, 2.8549571561e-12, 6.80447831327e-13, 3.04974111015e-14, 1.04795136463e-14, 7.29103599327e-15, 1.20630180243e-14, 2.62911382355e-15, 6.04361667048e-14, 3.0364985547e-15, 4.96417475963e-16, 1.06920704234e-16, 7.51570150342e-17, 3.46153745094e-17, 3.0932352832e-18, 6.41417808619e-18, 4.80653602208e-18, 4.67230735613e-18, 3.70642592564e-18],
        "max": [8.0503647041e-05, 0.000454637804069, 0.00184671790339, 0.00184904667549, 0.00563993863761, 0.00508778076619, 0.00316027062945, 0.00218294095248, 0.00300660100766, 0.00405800482258, 0.00146010494791, 0.00143059249967, 0.000758558046073, 0.000928397057578, 0.000574985868298, 0.000242893875111, 3.99780474254e-05, 2.11050464713e-05, 1.95916491066e-05, 2.31013564189e-05, 6.61563171889e-06, 6.80246648699e-06, 1.1297823221e-05, 5.08217817696e-06, 1.13750172659e-06, 6.90388105795e-07, 5.93857691911e-07, 6.77370508129e-07, 5.91664786498e-07, 1.14470367407e-06, 3.31210969762e-07, 1.48314740045e-07, 1.19482933769e-07, 7.39667598282e-08, 5.15114315647e-08, 3.02102876049e-08, 2.8521302653e-08, 1.80945249895e-08, 1.64757878451e-08, 1.44685454728e-08],
        "mean": [1.28167093862e-05, 5.6880464399e-05, 0.000157659625984, 0.000309365306748, 0.000465472287033, 0.000503445102368, 0.000396309507778, 0.000297346588923, 0.000246082578087, 0.000278347550193, 0.000190538266907, 0.000157363756443, 8.21154608275e-05, 6.29929563729e-05, 4.51983614767e-05, 1.7552434656e-05, 3.55942961505e-06, 1.81655855158e-06, 1.93939672499e-06, 1.96011819753e-06, 7.21002550108e-07, 6.91905654548e-07, 8.8931267328e-07, 4.63486628632e-07, 1.34018023346e-07, 8.15203691218e-08, 7.01339146758e-08, 7.79193527478e-08, 7.95316310587e-08, 6.79695446593e-08, 3.86284142451e-08, 2.06112904522e-08, 1.74983956214e-08, 1.19335172855e-08, 7.02515556839e-09, 4.48641035433e-09, 2.83772250143e-09, 5.85403892028e-10, 3.30829363904e-10, 2.63370714126e-10],
        "median": [5.21728088643e-06, 1.29704421852e-05, 6.40170837869e-05, 0.000113700458314, 9.22106264625e-05, 0.000148672173964, 5.95894598518e-05, 6.32859882899e-05, 5.61058368476e-05, 6.69760629535e-05, 3.05568282783e-05, 2.54480564763e-05, 1.1683539924e-05, 6.74781540511e-06, 4.99815587318e-06, 2.05233027373e-06, 7.58309624871e-07, 2.98747977467e-07, 2.65419004108e-07, 1.68813272694e-07, 7.31970999368e-08, 6.44719548859e-08, 1.0860652111e-07, 7.25826936332e-08, 3.3443797065e-08, 1.89767579428e-08, 1.95880449638e-08, 1.96871603464e-08, 2.09335020429e-08, 1.48021630508e-08, 1.31049757712e-08, 1.05215587354e-08, 8.71305605443e-09, 6.33504315672e-09, 3.30331406673e-09, 2.83281575975e-09, 1.71893166367e-09, 1.43932185614e-10, 2.5201798981e-11, 8.26964538514e-12],
        "min": [3.44234848959e-11, 3.68967356668e-12, 1.37882262032e-12, 1.31518136225e-12, 3.07540538175e-12, 4.48782504214e-12, 4.15582282129e-12, 2.6783406222e-12, 1.76832463603e-12, 3.7550140948e-12, 1.55672870428e-12, 9.96752485237e-13, 9.14212173846e-13, 6.93301373342e-13, 2.65147631498e-13, 2.87427091676e-13, 3.65877087741e-13, 5.50155895233e-13, 3.14411772442e-13, 4.28811310462e-13, 5.38583771765e-13, 1.24043874131e-12, 6.15981929093e-13, 4.78815988594e-13, 3.76827773629e-13, 5.47074050557e-13, 4.14753301148e-13, 8.1265045691e-13, 8.06415969157e-13, 4.29533226478e-13, 6.44855100308e-13, 7.08270248007e-13, 4.32343071934e-13, 4.70236805224e-13, 5.07478607747e-13, 6.39179844036e-13, 6.42289986388e-13, 7.28081657464e-13, 1.47151225666e-12, 1.07173102858e-12],
        "stdev": [1.76554513018e-05, 9.94038491626e-05, 0.000281409767922, 0.000485706754262, 0.00102754100226, 0.00099864974618, 0.000736984948162, 0.000479777634609, 0.00046545083751, 0.000598869286478, 0.000322287291056, 0.000298627186567, 0.000165078803548, 0.000149349289131, 0.000115595859825, 4.37066519225e-05, 7.99803183327e-06, 4.18069521402e-06, 4.11916698795e-06, 4.64984896098e-06, 1.3917644992e-06, 1.44895966514e-06, 2.01982970793e-06, 1.0057289046e-06, 2.55033285157e-07, 1.42989790675e-07, 1.22374018474e-07, 1.36300201348e-07, 1.35118909839e-07, 1.63643647966e-07, 6.52296989756e-08, 2.98429974066e-08, 2.57501948653e-08, 1.57522350719e-08, 9.50547374146e-09, 5.75201886122e-09, 4.22081125606e-09, 2.36307973189e-09, 2.15801110315e-09, 1.89826088182e-09],
