{
"lowlevel": {
    "average_loudness": 0.981896042824,
    "barkbands_crest": {
        "dmean": 2.54756259918,
        "dmean2": 4.31291151047,
        "dvar": 3.24576854706,
        "dvar2": 8.2857208252,
        "max": 15.4810791016,
        "mean": 10.6293582916,
        "median": 10.9192686081,
        "min": 2.5350382328,
        "stdev": 2.38604021072,
        "var": 5.69318819046
    },
    "barkbands_flatness_db": {
        "dmean": 0.0451307855546,
        "dmean2": 0.0793416127563,
        "dvar": 0.00120346015319,
        "dvar2": 0.00299895158969,
        "max": 0.320322334766,
        "mean": 0.171449288726,
        "median": 0.166232466698,
        "min": 0.0191015824676,
        "stdev": 0.0391513518989,
        "var": 0.00153282831889
    },
    "barkbands_kurtosis": {
        "dmean": 8.32776355743,
        "dmean2": 15.5538692474,
        "dvar": 67.0013656616,
        "dvar2": 168.840911865,
        "max": 51.55493927,
        "mean": 4.99252033234,
        "median": 1.77976441383,
        "min": -1.71286821365,
        "stdev": 7.60208511353,
        "var": 57.7916946411
    },
    "barkbands_skewness": {
        "dmean": 1.41680216789,
        "dmean2": 2.56437897682,
        "dvar": 1.10827231407,
        "dvar2": 2.77374005318,
        "max": 5.64781284332,
        "mean": 2.06112003326,
        "median": 1.75820314884,
        "min": -1.72092974186,
        "stdev": 1.16206276417,
        "var": 1.35038983822
    },
    "barkbands_spread": {
        "dmean": 12.8005504608,
        "dmean2": 22.6589374542,
        "dvar": 82.9984130859,
        "dvar2": 183.70854187,
        "max": 97.5814208984,
        "mean": 22.1007461548,
        "median": 23.3698139191,
        "min": 1.62389433384,
        "stdev": 10.8343839645,
        "var": 117.383872986
    },
    "dissonance": {
        "dmean": 0.0128310248256,
        "dmean2": 0.0228356625885,
        "dvar": 0.000222142480197,
        "dvar2": 0.000593958131503,
        "max": 0.499624878168,
        "mean": 0.481324821711,
        "median": 0.483537793159,
        "min": 0.343192905188,
        "stdev": 0.0141642335802,
        "var": 0.000200625523576
    },
    "dynamic_complexity": 3.08253026009,
    "erbbands_crest": {
        "dmean": 2.19149494171,
        "dmean2": 3.8613011837,
        "dvar": 3.41626787186,
        "dvar2": 9.80511856079,
        "max": 17.8991775513,
        "mean": 5.7660651207,
        "median": 5.21099281311,
        "min": 3.08827853203,
        "stdev": 1.967654109,
        "var": 3.87166261673
    },
    "erbbands_flatness_db": {
        "dmean": 0.0125728454441,
        "dmean2": 0.021075932309,
        "dvar": 0.000187098048627,
        "dvar2": 0.000469601131044,
        "max": 0.267923772335,
        "mean": 0.186257138848,
        "median": 0.185933947563,
        "min": 0.0793737694621,
        "stdev": 0.0144086387008,
        "var": 0.000207608856726
    },
    "erbbands_kurtosis": {
        "dmean": 0.644731640816,
        "dmean2": 1.12694001198,
        "dvar": 1.14381372929,
        "dvar2": 3.12677884102,
        "max": 12.381770134,
        "mean": -0.873271644115,
        "median": -1.05892980099,
        "min": -1.61776793003,
        "stdev": 0.98950356245,
        "var": 0.979117333889
    },
    "erbbands_skewness": {
        "dmean": 0.741804838181,
        "dmean2": 1.32129561901,
        "dvar": 0.306628525257,
        "dvar2": 0.821517169476,
        "max": 2.34136223793,
        "mean": -0.14177338779,
        "median": -0.337020516396,
        "min": -1.99800753593,
        "stdev": 0.62100148201,
        "var": 0.385642856359
    },
    "erbbands_spread": {
        "dmean": 9.21070098877,
        "dmean2": 15.5951795578,
        "dvar": 56.6207962036,
        "dvar2": 163.900848389,
        "max": 77.1612014771,
        "mean": 54.9072685242,
        "median": 55.4388008118,
        "min": 6.75497531891,
        "stdev": 9.76653671265,
        "var": 95.3852462769
    },
    "hfc": {
        "dmean": 8.47834873199,
        "dmean2": 13.5195245743,
        "dvar": 86.4861297607,
        "dvar2": 222.228790283,
        "max": 59.3634109497,
        "mean": 13.108007431,
        "median": 10.4697551727,
        "min": 6.3965053414e-06,
        "stdev": 10.6858081818,
        "var": 114.18649292
    },
    "loudness_ebu128": {
        "integrated": -23.6997013092,
        "loudness_range": 1.59074020386,
        "momentary": {
            "dmean": 0.523472368717,
            "dmean2": 0.703304708004,
            "dvar": 0.165164515376,
            "dvar2": 0.256616055965,
            "max": -21.6286125183,
            "mean": -23.9224872589,
            "median": -23.5538063049,
            "min": -30.4119434357,
            "stdev": 1.53020560741,
            "var": 2.34152913094
        },
        "short_term": {
            "dmean": 0.0635790973902,
            "dmean2": 0.0628827437758,
            "dvar": 0.00211848318577,
            "dvar2": 0.0024744332768,
            "max": -22.9580726624,
            "mean": -23.5669555664,
            "median": -23.2677326202,
            "min": -25.2983188629,
            "stdev": 0.623877823353,
            "var": 0.389223515987
        }
    },
    "melbands_crest": {
        "dmean": 4.19808292389,
        "dmean2": 7.08115959167,
        "dvar": 9.07150173187,
        "dvar2": 22.0060901642,
        "max": 24.7015113831,
        "mean": 18.1079597473,
        "median": 18.9020614624,
        "min": 5.43007993698,
        "stdev": 3.9315431118,
        "var": 15.45703125
    },
    "melbands_flatness_db": {
        "dmean": 0.062022998929,
        "dmean2": 0.109888359904,
        "dvar": 0.0022128992714,
        "dvar2": 0.00532608386129,
        "max": 0.448946177959,
        "mean": 0.208234995604,
        "median": 0.198450267315,
        "min": 0.0574399195611,
        "stdev": 0.0531672649086,
        "var": 0.00282675796188
    },
    "melbands_kurtosis": {
        "dmean": 19.7341690063,
        "dmean2": 36.6938781738,
        "dvar": 286.413726807,
        "dvar2": 717.90802002,
        "max": 100.183387756,
        "mean": 19.3868656158,
        "median": 13.1645412445,
        "min": -1.59046721458,
        "stdev": 16.7944278717,
        "var": 282.05279541
    },
    "melbands_skewness": {
        "dmean": 1.7060624361,
        "dmean2": 3.07543540001,
        "dvar": 1.38371539116,
        "dvar2": 3.48050737381,
        "max": 7.44020938873,
        "mean": 3.78619599342,
        "median": 3.5517976284,
        "min": -0.240084722638,
        "stdev": 1.39249682426,
        "var": 1.93904745579
    },
    "melbands_spread": {
        "dmean": 14.7839517593,
        "dmean2": 25.7023029327,
        "dvar": 156.462753296,
        "dvar2": 353.644500732,
        "max": 140.949325562,
        "mean": 20.673538208,
        "median": 19.0991172791,
        "min": 1.56709134579,
        "stdev": 14.3346691132,
        "var": 205.48274231
    },
    "pitch_salience": {
        "dmean": 0.109174467623,
        "dmean2": 0.186169847846,
        "dvar": 0.00631375331432,
        "dvar2": 0.0168617516756,
        "max": 0.839776992798,
        "mean": 0.547845184803,
        "median": 0.534265697002,
        "min": 0.298319637775,
        "stdev": 0.102491028607,
        "var": 0.0105044115335
    },
    "silence_rate_20dB": {
        "dmean": 0,
        "dmean2": 0,
        "dvar": 0,
        "dvar2": 0,
        "max": 1,
        "mean": 1,
        "median": 1,
        "min": 1,
        "stdev": 0,
        "var": 0
    },
    "silence_rate_30dB": {
        "dmean": 0.00928074214607,
        "dmean2": 0.0186046510935,
        "dvar": 0.00919459667057,
        "dvar2": 0.0275608729571,
        "max": 1,
        "mean": 0.995370388031,
        "median": 1,
        "min": 0,
        "stdev": 0.0678838044405,
        "var": 0.00460821064189
    },
    "silence_rate_60dB": {
        "dmean": 0.041763342917,
        "dmean2": 0.0837209299207,
        "dvar": 0.0400188751519,
        "dvar2": 0.109268836677,
        "max": 1,
        "mean": 0.076388888061,
        "median": 0,
        "min": 0,
        "stdev": 0.265618622303,
        "var": 0.0705532506108
    },
    "spectral_centroid": {
        "dmean": 682.069030762,
        "dmean2": 1214.0065918,
        "dvar": 214826.4375,
        "dvar2": 509853.8125,
        "max": 3615.8515625,
        "mean": 1420.74169922,
        "median": 1478.7800293,
        "min": 255.646087646,
        "stdev": 561.78112793,
        "var": 315598.03125
    },
    "spectral_complexity": {
        "dmean": 8.6821346283,
        "dmean2": 12.7534885406,
        "dvar": 50.2910461426,
        "dvar2": 100.785804749,
        "max": 50,
        "mean": 20.9560184479,
        "median": 20,
        "min": 0,
        "stdev": 11.7118320465,
        "var": 137.167007446
    },
    "spectral_decrease": {
        "dmean": 7.8739628151e-09,
        "dmean2": 1.44984868555e-08,
        "dvar": 9.13165044611e-17,
        "dvar2": 2.42448040438e-16,
        "max": -4.99451720034e-17,
        "mean": -7.08782188497e-09,
        "median": -3.87043108674e-09,
        "min": -4.7099415923e-08,
        "stdev": 8.72245031758e-09,
        "var": 7.60811412145e-17
    },
    "spectral_energy": {
        "dmean": 0.0303900446743,
        "dmean2": 0.0557953119278,
        "dvar": 0.00135697983205,
        "dvar2": 0.00360132311471,
        "max": 0.183148190379,
        "mean": 0.0279399659485,
        "median": 0.0151792708784,
        "min": 7.68685837205e-10,
        "stdev": 0.0337911844254,
        "var": 0.00114184408449
    },
    "spectral_energyband_high": {
        "dmean": 0.000216365500819,
        "dmean2": 0.000330833398039,
        "dvar": 5.12149931353e-08,
        "dvar2": 1.20721793451e-07,
        "max": 0.0019443212077,
        "mean": 0.00036556518171,
        "median": 0.000304876244627,
        "min": 4.47005071846e-10,
        "stdev": 0.000293609278742,
        "var": 8.6206412675e-08
    },
    "spectral_energyband_low": {
        "dmean": 0.00746164890006,
        "dmean2": 0.0144612109289,
        "dvar": 8.38088380988e-05,
        "dvar2": 0.000224209943553,
        "max": 0.0447453036904,
        "mean": 0.00467434478924,
        "median": 0.00133596698288,
        "min": 1.08794001585e-10,
        "stdev": 0.00771934865043,
        "var": 5.95883466303e-05
    },
    "spectral_energyband_middle_high": {
        "dmean": 0.001475888188,
        "dmean2": 0.00228249514475,
        "dvar": 2.11654150917e-06,
        "dvar2": 4.98759209222e-06,
        "max": 0.0110970111564,
        "mean": 0.00263302237727,
        "median": 0.00225051818416,
        "min": 1.11041349726e-10,
        "stdev": 0.00190229457803,
        "var": 3.61872480426e-06
    },
    "spectral_energyband_middle_low": {
        "dmean": 0.0279672183096,
        "dmean2": 0.0518679320812,
        "dvar": 0.00118070968892,
        "dvar2": 0.00312374159694,
        "max": 0.169159799814,
        "mean": 0.0237733293325,
        "median": 0.0116045754403,
        "min": 2.09646727062e-11,
        "stdev": 0.0309416502714,
        "var": 0.000957385753281
    },
    "spectral_entropy": {
        "dmean": 0.253098875284,
        "dmean2": 0.454972624779,
        "dvar": 0.0573625490069,
        "dvar2": 0.128197044134,
        "max": 8.86539077759,
        "mean": 7.5606508255,
        "median": 7.63111543655,
        "min": 5.89272594452,
        "stdev": 0.241752013564,
        "var": 0.0584440380335
    },
    "spectral_flux": {
        "dmean": 0.0623474679887,
        "dmean2": 0.103993490338,
        "dvar": 0.00461460184306,
        "dvar2": 0.0107305124402,
        "max": 0.361412912607,
        "mean": 0.115609258413,
        "median": 0.0964228361845,
        "min": 0.000127728038933,
        "stdev": 0.0753294676542,
        "var": 0.0056745284237
    },
    "spectral_kurtosis": {
        "dmean": 2.51389169693,
        "dmean2": 4.68118286133,
        "dvar": 6.72363567352,
        "dvar2": 20.3377380371,
        "max": 29.8562889099,
        "mean": 3.19025969505,
        "median": 2.605437994,
        "min": 0.406834363937,
        "stdev": 2.59558296204,
        "var": 6.73705053329
    },
    "spectral_rms": {
        "dmean": 0.00259870407172,
        "dmean2": 0.00455054733902,
        "dvar": 6.0630295593e-06,
        "dvar2": 1.58211005328e-05,
        "max": 0.013367167674,
        "mean": 0.00444482592866,
        "median": 0.00384825188667,
        "min": 8.65989250087e-07,
        "stdev": 0.00273897871375,
        "var": 7.50200433686e-06
    },
    "spectral_rolloff": {
        "dmean": 1295.83996582,
        "dmean2": 2313.31665039,
        "dvar": 1303541.75,
        "dvar2": 2287903,
        "max": 17291.1621094,
        "mean": 1476.57043457,
        "median": 1248.92578125,
        "min": 215.33203125,
        "stdev": 1298.32495117,
        "var": 1685647.75
    },
    "spectral_skewness": {
        "dmean": 0.300808042288,
        "dmean2": 0.532799959183,
        "dvar": 0.0880789682269,
        "dvar2": 0.241430580616,
        "max": 4.3573975563,
        "mean": 0.912873029709,
        "median": 0.844632267952,
        "min": 0.421318501234,
        "stdev": 0.350312709808,
        "var": 0.122718989849
    },
    "spectral_spread": {
        "dmean": 240299.453125,
        "dmean2": 399591.53125,
        "dvar": 256588496896,
        "dvar2": 351633833984,
        "max": 12348520,
        "mean": 3212641.75,
        "median": 3168465,
        "min": 2023427,
        "stdev": 528137.375,
        "var": 278929113088
    },
    "spectral_strongpeak": {
        "dmean": 0.345549792051,
        "dmean2": 0.562757611275,
        "dvar": 0.10055347532,
        "dvar2": 0.227605491877,
        "max": 2.2079064846,
        "mean": 0.626339197159,
        "median": 0.562514781952,
        "min": 0,
        "stdev": 0.410802125931,
        "var": 0.168758392334
    },
    "zerocrossingrate": {
        "dmean": 0.0112089440227,
        "dmean2": 0.0161961764097,
        "dvar": 0.000114585978736,
        "dvar2": 0.000199732952751,
        "max": 0.2021484375,
        "mean": 0.0548242628574,
        "median": 0.0517578125,
        "min": 0.025390625,
        "stdev": 0.0156277026981,
        "var": 0.000244225084316
    },
    "barkbands": {
        "dmean": [3.10988923502e-07, 0.000200763795874, 0.00193743617274, 0.0158046912402, 0.0100616579875, 0.00179936410859, 0.000798317720182, 0.000179321941687, 0.000276073697023, 0.000155456611537, 0.000112792302389, 0.000176098299562, 0.00012900402362, 0.000118238225696, 6.71255620546e-05, 0.000224706745939, 0.000212181417737, 0.000208328143344, 0.0003453376994, 0.000214298255742, 0.000100637327705, 1.38650320878e-05, 2.80784261122e-05, 5.63394360142e-06, 3.65966968729e-07, 5.3105353004e-08, 3.79149600604e-09],
        "dmean2": [5.7457435787e-07, 0.000388446380384, 0.00379448453896, 0.0291099920869, 0.0186768081039, 0.00332569330931, 0.00146402139217, 0.00032066955464, 0.000474860979011, 0.000253417936619, 0.000183545766049, 0.000302454078337, 0.000214819883695, 0.00019710844208, 0.000114534610475, 0.000374534720322, 0.000348991394276, 0.000330873735948, 0.000568138551898, 0.000335451069986, 0.000161869204021, 2.16955468204e-05, 4.35143047071e-05, 8.33464673633e-06, 5.53481470433e-07, 7.88235112736e-08, 6.23580387327e-09],
        "dvar": [8.11207587106e-14, 4.17603729375e-08, 5.39751636097e-06, 0.000372538750526, 0.000141326876474, 4.15010163124e-06, 1.09982249796e-06, 5.0957602582e-08, 1.41741750781e-07, 2.90220611987e-08, 1.5101960571e-08, 5.51458079201e-08, 2.11522497295e-08, 1.46935876799e-08, 5.05909314441e-09, 7.58165228376e-08, 5.59269679457e-08, 4.62867504325e-08, 1.6526728075e-07, 5.27441308407e-08, 1.29713182417e-08, 2.1073001677e-10, 8.75310435244e-10, 3.3530414556e-11, 1.56923844578e-13, 3.16756398604e-15, 1.78419119271e-17],
        "dvar2": [2.27533812104e-13, 1.17244852049e-07, 1.50717451106e-05, 0.000971906119958, 0.000386600644561, 1.13270725706e-05, 2.99820248983e-06, 1.42682765158e-07, 3.80960244684e-07, 7.59676410667e-08, 3.84218985516e-08, 1.4816468763e-07, 5.02649974976e-08, 3.80834919156e-08, 1.29626549494e-08, 2.03302136015e-07, 1.46803927237e-07, 1.19174245583e-07, 4.33724409277e-07, 1.35376851063e-07, 3.23036246641e-08, 5.11180875407e-10, 1.9638020099e-09, 7.77588549106e-11, 3.60188224732e-13, 7.45211116665e-15, 5.09108722813e-17],
        "max": [1.50618870975e-06, 0.000954120187089, 0.012249328196, 0.0981713607907, 0.0608633607626, 0.0116017581895, 0.00639737863094, 0.00120599358343, 0.00319303851575, 0.00119209859986, 0.000907558132894, 0.0023499338422, 0.00103876797948, 0.000812475162093, 0.000554247875698, 0.00201993901283, 0.00180500757415, 0.00141540740151, 0.00323103065602, 0.00207206886262, 0.000863586901687, 0.000117983145174, 0.000222023576498, 3.98495503759e-05, 3.05288472191e-06, 3.72492934275e-07, 4.03937896465e-08],
        "mean": [2.25453973712e-07, 0.000121461918752, 0.00106747448444, 0.0122277280316, 0.00862267520279, 0.00154526135884, 0.000760271388572, 0.000191779225133, 0.000380154931918, 0.000215915904846, 0.000156898691785, 0.000213362742215, 0.000182203657459, 0.000168345941347, 0.000108746469778, 0.000303233478917, 0.000310979929054, 0.000322964973748, 0.000485173106426, 0.000326533918269, 0.000150760941324, 2.12691847992e-05, 4.65355042252e-05, 9.40067457122e-06, 5.68913776533e-07, 8.29484605447e-08, 8.03362443236e-09],
        "median": [1.0448167842e-07, 3.48134199157e-05, 0.000139801413752, 0.0050823641941, 0.00457864673808, 0.000811463803984, 0.000445866404334, 0.0001182621927, 0.000267121009529, 0.000159126007929, 0.000111604575068, 0.000149230254465, 0.000127002233057, 0.000138627568958, 9.2211390438e-05, 0.000221710593905, 0.000247108779149, 0.000252460304182, 0.000364887644537, 0.000258217041846, 0.000115773407742, 1.69372833625e-05, 3.52494134859e-05, 7.80893242336e-06, 4.39029065546e-07, 6.53989644661e-08, 6.91404267172e-09],
        "min": [9.54630263728e-11, 5.14339369706e-11, 1.1711728809e-11, 3.2963770602e-12, 6.10726053063e-12, 5.77100563517e-12, 4.07419280604e-12, 6.19645827704e-13, 9.06128145607e-13, 1.50385346537e-12, 1.37195827615e-11, 7.81664403343e-12, 1.74887951343e-11, 9.74405625631e-12, 2.49223601825e-12, 8.77535891175e-12, 9.72001125421e-12, 1.00355704649e-11, 2.50035530475e-11, 8.63308730059e-12, 2.44810404587e-11, 3.78326536765e-11, 4.23709504982e-11, 5.20512279112e-11, 6.36970892698e-11, 6.80280692889e-11, 1.60560509332e-10],
        "stdev": [2.74235702591e-07, 0.000178460482857, 0.00191715790424, 0.0173971503973, 0.0108617944643, 0.00187865586486, 0.000927983201109, 0.000209090125281, 0.000375794887077, 0.000195414730115, 0.00014352684957, 0.000231719444855, 0.000162286683917, 0.000139875759487, 8.03415532573e-05, 0.000290955154924, 0.000263419904513, 0.000260961212916, 0.000442523043603, 0.000277499144431, 0.000133471476147, 1.78495974978e-05, 3.83801816497e-05, 7.67328492657e-06, 4.9958055115e-07, 7.16427166481e-08, 4.85865037092e-09],
        "var": [7.52052161323e-14, 3.18481454542e-08, 3.67549455405e-06, 0.000302660861053, 0.000117978583148, 3.52934785042e-06, 8.61152784637e-07, 4.37186820079e-08, 1.41221804029e-07, 3.81869149635e-08, 2.05999572955e-08, 5.36939026574e-08, 2.63369663855e-08, 1.95652294366e-08, 6.45476516681e-09, 8.46548999789e-08, 6.93900403803e-08, 6.81007534808e-08, 1.9582664379e-07, 7.70057795307e-08, 1.78146368768e-08, 3.18608139871e-10, 1.47303846898e-09, 5.88792972711e-11, 2.49580710916e-13, 5.1326787296e-15, 2.36064823308e-17]
    },
    "erbbands": {
        "dmean": [0.00226619164459, 0.0864201262593, 1.74734163284, 25.6612606049, 56.9110298157, 17.9469585419, 27.8041496277, 11.5827503204, 10.680803299, 10.4950380325, 3.77318453789, 6.54412126541, 3.97694039345, 6.29855918884, 2.888859272, 7.98790025711, 6.4707942009, 5.10554122925, 5.3949432373, 3.89906597137, 14.7110919952, 13.3760328293, 9.56257152557, 16.6731414795, 14.3016357422, 9.50650024414, 6.83628606796, 1.67353701591, 0.415163695812, 0.959009766579, 0.704581081867, 0.229755461216, 0.0562066026032, 0.00824245531112, 0.0011798189953, 0.000374166120309, 7.79667316237e-05, 1.32434797706e-05, 1.39246367326e-05, 3.34454234689e-05],
        "dmean2": [0.00437051430345, 0.167574882507, 3.39428591728, 48.2320480347, 103.705024719, 33.9304084778, 53.0684089661, 21.1707782745, 19.9841651917, 18.6173706055, 6.62724304199, 11.2715845108, 6.92668104172, 9.99612236023, 4.77994823456, 13.6992864609, 10.8565187454, 8.22403812408, 9.22156524658, 6.29518508911, 24.4981784821, 22.0485191345, 15.1494569778, 27.566324234, 23.3048419952, 14.7689638138, 10.9804515839, 2.63308215141, 0.642827391624, 1.47633898258, 1.09086668491, 0.350724250078, 0.0830001235008, 0.0123795354739, 0.00174394238275, 0.000551890349016, 0.000111500943603, 1.9433990019e-05, 2.47635962296e-05, 6.099978782e-05],
        "dvar": [5.79102970732e-06, 0.0085045164451, 4.19978284836, 1020.097229, 4970.38330078, 384.570556641, 1122.60168457, 184.334106445, 168.696670532, 211.954345703, 17.9502735138, 89.2218475342, 39.3675765991, 48.8246269226, 8.04303741455, 110.902923584, 50.9043769836, 25.219701767, 33.2946395874, 16.8863620758, 322.116241455, 224.409683228, 104.717163086, 366.831481934, 245.481704712, 95.8444366455, 59.1835212708, 3.392370224, 0.187409773469, 0.970612168312, 0.582254946232, 0.053432200104, 0.00349231949076, 7.72293496993e-05, 1.43298916555e-06, 1.56765295856e-07, 5.99708549487e-09, 1.83934395492e-10, 2.76113798492e-10, 1.63241820061e-09],
        "dvar2": [1.60356230481e-05, 0.0235868878663, 11.4932470322, 2691.71777344, 13188.9160156, 1041.60424805, 3061.39477539, 479.093231201, 452.479187012, 573.989990234, 45.6478271484, 243.956573486, 110.295608521, 123.426086426, 20.3858451843, 296.388793945, 120.002296448, 63.2979507446, 87.7549362183, 43.7221069336, 863.086791992, 592.770202637, 265.227233887, 917.949035645, 614.380981445, 243.459289551, 147.200317383, 8.43547058105, 0.457138448954, 2.32112622261, 1.32461714745, 0.120070256293, 0.00776919303462, 0.000171198335011, 3.21308607454e-06, 3.6337658571e-07, 1.33842732453e-08, 4.2383943577e-10, 7.24596327384e-10, 4.32926849925e-09],
        "max": [0.011776894331, 0.453192085028, 10.7049922943, 144.053100586, 381.841064453, 98.0963668823, 156.146560669, 83.3001098633, 80.5480728149, 77.4764251709, 26.3122825623, 75.8487319946, 52.3924217224, 56.3922805786, 20.1789951324, 99.8135910034, 42.1168403625, 32.4005432129, 37.7913284302, 38.6905784607, 132.011703491, 102.625549316, 79.1615600586, 159.025131226, 116.71043396, 85.4758453369, 54.2211265564, 14.0308218002, 2.82646679878, 6.72248220444, 6.33449935913, 1.63971614838, 0.434526950121, 0.0669519007206, 0.00817773584276, 0.00269590248354, 0.000512965547387, 8.96159472177e-05, 9.05288834474e-05, 0.000204856711207],
        "mean": [0.00144048559014, 0.0534178167582, 1.08127164841, 18.8203258514, 50.3048439026, 14.6975717545, 19.9585037231, 10.8251657486, 9.24996852875, 11.0686941147, 5.40471887589, 8.45899772644, 5.24202823639, 9.15426158905, 4.60565948486, 9.6501750946, 8.99946403503, 7.8627820015, 8.08581733704, 6.6244931221, 19.8049468994, 19.3722248077, 15.3943166733, 24.5045185089, 21.4070510864, 14.765045166, 10.5700139999, 2.52325940132, 0.646129250526, 1.53101789951, 1.15010166168, 0.384524226189, 0.0935257822275, 0.0134757393971, 0.00188071327284, 0.000584914989304, 0.00013008301903, 2.29357119679e-05, 1.54920489877e-05, 3.2085514249e-05],
        "median": [0.000489269616082, 0.016123438254, 0.328574866056, 6.81125926971, 25.1442680359, 7.75971603394, 7.98775005341, 5.89005279541, 5.42694759369, 6.44802188873, 4.00381135941, 5.54462146759, 3.61709451675, 7.30670928955, 3.60935282707, 6.39047384262, 6.66882610321, 6.32862377167, 6.61923027039, 5.37258291245, 14.6098508835, 15.3389434814, 12.167339325, 19.3045825958, 15.9740190506, 11.604804039, 8.25713348389, 2.00759124756, 0.515144944191, 1.23209571838, 0.884188354015, 0.302427351475, 0.0736538618803, 0.0106940800324, 0.00149335211609, 0.000459974311525, 0.000105120030639, 1.84567979886e-05, 1.024193989e-05, 1.79742637556e-05],
        "min": [2.72931277578e-09, 7.61283391881e-09, 1.41455060998e-08, 1.30604282944e-08, 1.14897957815e-08, 2.34477042227e-08, 3.6235629608e-08, 5.13281861458e-08, 5.5249913089e-08, 4.6059142278e-08, 7.93246979214e-09, 1.88218347574e-08, 2.75608282863e-08, 1.703925534e-07, 6.89599289672e-07, 2.92403427693e-07, 8.15672365206e-07, 6.43784403564e-07, 2.69809532938e-07, 1.30292434619e-07, 5.7954997601e-07, 5.57118710276e-07, 4.06518864793e-07, 1.01066996194e-06, 1.13711416816e-06, 4.69587945418e-07, 8.09179084627e-07, 7.99668555374e-07, 1.34099991556e-06, 1.13042563044e-06, 1.41411157983e-06, 1.15687021207e-06, 9.21629066397e-07, 5.83252301567e-07, 5.24613483321e-07, 2.29926243378e-07, 1.24516290612e-07, 7.50279767203e-08, 2.8724789658e-08, 1.99580618698e-09],
        "stdev": [0.0021018164698, 0.0797588527203, 1.73563992977, 27.949886322, 64.9885406494, 17.8639678955, 28.8877620697, 12.8199615479, 11.5732679367, 13.4341993332, 4.62607479095, 9.0395526886, 5.93740797043, 8.15243053436, 3.45789504051, 10.3824930191, 7.95980596542, 6.22163438797, 6.35475730896, 4.97962617874, 18.8944282532, 16.5980319977, 12.337477684, 21.3578186035, 18.3231620789, 12.2430391312, 9.08729362488, 2.21479153633, 0.534345924854, 1.25891530514, 0.968356490135, 0.310770124197, 0.0780473873019, 0.0113777276129, 0.00159054261167, 0.000507446937263, 0.00010657144594, 1.79582930286e-05, 1.61206589837e-05, 3.74754235963e-05],
        "var": [4.41763222625e-06, 0.0063614747487, 3.01244616508, 781.196166992, 4223.51074219, 319.121368408, 834.502807617, 164.351425171, 133.940536499, 180.477722168, 21.4005699158, 81.713508606, 35.2528114319, 66.4621200562, 11.9570379257, 107.796157837, 63.3585128784, 38.7087364197, 40.382938385, 24.7966766357, 356.999420166, 275.494689941, 152.213363647, 456.156402588, 335.738250732, 149.89201355, 82.5789108276, 4.90530157089, 0.285525560379, 1.58486759663, 0.937714278698, 0.0965780615807, 0.00609139492735, 0.00012945268827, 2.52982567872e-06, 2.57502421164e-07, 1.13574731841e-08, 3.22500276484e-10, 2.59875648778e-10, 1.40440736818e-09]
    },
    "gfcc": {
        "mean": [-54.7009086609, 123.478622437, -162.097793579, 57.550945282, -69.1797027588, -18.5389823914, -41.5233230591, -21.8729476929, -28.5691661835, -32.5597724915, -10.2279195786, -23.1015758514, -14.9265174866],
        "cov": [[8462.75683594, 949.369506836, -424.134063721, 673.043457031, -227.887145996, -49.1139030457, -120.520111084, -217.207641602, -24.8596515656, -328.009887695, 43.2748374939, -312.914154053, -18.7919406891], [949.369506836, 573.633422852, 211.569076538, 62.3188247681, 86.4321289062, -68.0875930786, 32.0077667236, -51.700843811, 48.7734527588, -29.4678573608, 46.9944152832, -47.5982093811, 27.4013118744], [-424.134063721, 211.569076538, 356.997619629, -17.5843315125, 132.205947876, -25.2174758911, 49.1074142456, -3.48611688614, 31.7322921753, 39.031993866, 38.8551368713, 20.8201560974, 26.1989440918], [673.043457031, 62.3188247681, -17.5843315125, 109.382026672, -4.99619340897, 9.74889659882, -7.59545278549, -20.3429050446, 5.63603687286, -23.831949234, 17.8503227234, -17.0627498627, 6.96382236481], [-227.887145996, 86.4321289062, 132.205947876, -4.99619340897, 82.5031967163, -3.01116466522, 19.9118652344, -7.058781147, 11.1413316727, 13.6473302841, 16.2926616669, 10.9201154709, 10.3359012604], [-49.1139030457, -68.0875930786, -25.2174758911, 9.74889659882, -3.01116466522, 40.7623786926, 5.72140312195, 11.7449445724, -2.05886912346, 3.53782510757, -2.03412675858, 7.96526956558, -0.110829755664], [-120.520111084, 32.0077667236, 49.1074142456, -7.59545278549, 19.9118652344, 5.72140312195, 28.6805114746, 12.024228096, 8.92508983612, 6.7101726532, 4.24622106552, 3.82428622246, 4.59731531143], [-217.207641602, -51.700843811, -3.48611688614, -20.3429050446, -7.058781147, 11.7449445724, 12.024228096, 37.3697967529, 10.166806221, 12.8626356125, -7.66226530075, 8.0387468338, -0.667527079582], [-24.8596515656, 48.7734527588, 31.7322921753, 5.63603687286, 11.1413316727, -2.05886912346, 8.92508983612, 10.166806221, 32.1449356079, 11.7068967819, 7.59022665024, -4.0900478363, 5.02622890472], [-328.009887695, -29.4678573608, 39.031993866, -23.831949234, 13.6473302841, 3.53782510757, 6.7101726532, 12.8626356125, 11.7068967819, 35.0033493042, 6.43074893951, 11.5934228897, 0.00341474707238], [43.2748374939, 46.9944152832, 38.8551368713, 17.8503227234, 16.2926616669, -2.03412675858, 4.24622106552, -7.66226530075, 7.59022665024, 6.43074893951, 28.4557037354, 4.88761281967, 4.98531150818], [-312.914154053, -47.5982093811, 20.8201560974, -17.0627498627, 10.9201154709, 7.96526956558, 3.82428622246, 8.0387468338, -4.0900478363, 11.5934228897, 4.88761281967, 28.8124980927, 6.56789255142], [-18.7919406891, 27.4013118744, 26.1989440918, 6.96382236481, 10.3359012604, -0.110829755664, 4.59731531143, -0.667527079582, 5.02622890472, 0.00341474707238, 4.98531150818, 6.56789255142, 16.7328453064]],
        "icov": [[0.000684599915985, -0.00116623146459, -5.48754396732e-05, -0.00267798569985, 0.00163018784951, -0.00108860188629, 0.00151985301636, -0.000652845599689, 0.00177050475031, 0.00150642218068, -0.000255256716628, 0.003147815587, 0.000729624647647], [-0.00116623146459, 0.00820254720747, -0.00146937207319, 0.00511322822422, -0.00471420679241, 0.00750516820699, -0.00754173053429, 0.00549983698875, -0.00940075516701, 0.00460940646008, -0.00513196503744, 0.00325768650509, -0.00624308735132], [-5.48754396732e-05, -0.00146937207319, 0.0104106143117, -0.00055161427008, -0.011471837759, 0.00565683795139, -0.00691829109564, -0.00118382531218, 0.00217531807721, -0.00781268905848, -0.00138562102802, -0.00221385899931, -0.00411878619343], [-0.00267798569985, 0.00511322822422, -0.00055161427008, 0.0290656723082, -0.00489309849218, -0.00596592854708, -0.000215443986235, 0.00666143000126, -0.012834250927, 0.00690162414685, -0.0136763341725, -0.00113907363266, -0.0109301935881], [0.00163018784951, -0.00471420679241, -0.011471837759, -0.00489309849218, 0.0385170988739, -0.0115920482203, -7.10416061338e-05, 0.00981287658215, 0.000505136791617, 0.00336908525787, 0.00217727106065, -0.00183688197285, 0.00601078150794], [-0.00108860188629, 0.00750516820699, 0.00565683795139, -0.00596592854708, -0.0115920482203, 0.04611421749, -0.0200647339225, -0.00458235060796, -0.00149178272113, -0.00559809897095, 0.000740687013604, -0.00876255892217, -0.00342318415642], [0.00151985301636, -0.00754173053429, -0.00691829109564, -0.000215443986235, -7.10416061338e-05, -0.0200647339225, 0.0725024342537, -0.0277354326099, 0.00636619655415, 0.00905276741832, -0.00545434327796, 0.0109599027783, -0.000727575155906], [-0.000652845599689, 0.00549983698875, -0.00118382531218, 0.00666143000126, 0.00981287658215, -0.00458235060796, -0.0277354326099, 0.062007047236, -0.0286188255996, -0.0047625596635, 0.0148979350924, -0.0146940983832, 0.00327030755579], [0.00177050475031, -0.00940075516701, 0.00217531807721, -0.012834250927, 0.000505136791617, -0.00149178272113, 0.00636619655415, -0.0286188255996, 0.0690705776215, -0.0234768353403, -0.00636021932587, 0.0250865984708, -0.0125891184434], [0.00150642218068, 0.00460940646008, -0.00781268905848, 0.00690162414685, 0.00336908525787, -0.00559809897095, 0.00905276741832, -0.0047625596635, -0.0234768353403, 0.0695601552725, -0.020462045446, 0.00390459480695, 0.0103098982945], [-0.000255256716628, -0.00513196503744, -0.00138562102802, -0.0136763341725, 0.00217727106065, 0.000740687013604, -0.00545434327796, 0.0148979350924, -0.00636021932587, -0.020462045446, 0.0677080377936, -0.0292333997786, 0.00994805432856], [0.003147815587, 0.00325768650509, -0.00221385899931, -0.00113907363266, -0.00183688197285, -0.00876255892217, 0.0109599027783, -0.0146940983832, 0.0250865984708, 0.00390459480695, -0.0292333997786, 0.0963534787297, -0.0370268411934], [0.000729624647647, -0.00624308735132, -0.00411878619343, -0.0109301935881, 0.00601078150794, -0.00342318415642, -0.000727575155906, 0.00327030755579, -0.0125891184434, 0.0103098982945, 0.00994805432856, -0.0370268411934, 0.0937473550439]]
    },
    "melbands": {
        "dmean": [3.36694647558e-05, 0.000835437094793, 0.00586393103004, 0.00246351934038, 0.000932564842515, 0.000267233495833, 0.000157899383339, 9.68338063103e-05, 3.57441349479e-05, 3.87211221096e-05, 1.95216161956e-05, 2.60414217337e-05, 1.14690756163e-05, 1.41053515108e-05, 2.48454452958e-05, 1.02316180346e-05, 9.81305493042e-06, 1.0239353287e-05, 4.26787300967e-06, 7.4534000305e-06, 2.0330408006e-05, 1.48152021211e-05, 9.83668087429e-06, 8.66044410941e-06, 1.45191270349e-05, 1.40926631502e-05, 8.99369842955e-06, 5.52456549485e-06, 4.98719282405e-06, 2.64713958131e-06, 4.26070727144e-07, 1.45059615875e-07, 4.17374224071e-07, 6.07058439073e-07, 4.74976133091e-07, 2.61481147845e-07, 9.25610876834e-08, 4.51090649278e-08, 1.52859751523e-08, 3.79995634958e-09],
        "dmean2": [6.50916845188e-05, 0.00162421015557, 0.010830739513, 0.00453499052674, 0.00177930528298, 0.000489491445478, 0.000293034216156, 0.000171568084625, 6.21078361291e-05, 6.65738043608e-05, 3.38944591931e-05, 4.12418521591e-05, 1.90395530808e-05, 2.40217941609e-05, 4.25173893746e-05, 1.67836151377e-05, 1.58885959536e-05, 1.7711208784e-05, 7.08209836375e-06, 1.21873481476e-05, 3.41603554261e-05, 2.45500450546e-05, 1.59575865837e-05, 1.36126182042e-05, 2.43180329562e-05, 2.351418334e-05, 1.43067891258e-05, 8.4998237071e-06, 8.07112428447e-06, 4.2295696403e-06, 6.70054305374e-07, 2.30711151517e-07, 6.69052440117e-07, 9.53923631641e-07, 7.49190235183e-07, 4.10591979971e-07, 1.3984897862e-07, 6.69842989964e-08, 2.33368169233e-08, 5.76493519588e-09],
        "dvar": [1.17504561636e-09, 9.77523995971e-07, 5.2394123486e-05, 8.76122339832e-06, 1.20292543215e-06, 9.16791051964e-08, 3.87933205559e-08, 1.80826926766e-08, 1.58558599583e-09, 3.38314753989e-09, 8.6188411963e-10, 8.14012801609e-10, 1.37419409185e-10, 2.7288907245e-10, 9.92382953591e-10, 1.17605578054e-10, 9.23634432826e-11, 1.22871102182e-10, 2.16575299361e-11, 6.21732249018e-11, 6.39812536285e-10, 2.89635704309e-10, 1.30707375479e-10, 7.27889137853e-11, 2.91958734966e-10, 3.06840719499e-10, 1.01469631308e-10, 3.26288961128e-11, 3.27819126011e-11, 9.75406387604e-12, 2.09993318307e-13, 2.62885992543e-14, 2.01279937813e-13, 4.19937983042e-13, 2.85841798365e-13, 7.33183248814e-14, 9.43538460254e-15, 2.35324874516e-15, 2.89891864591e-16, 1.66259051415e-17],
        "dvar2": [3.31085425742e-09, 2.66562119577e-06, 0.000137721232022, 2.36208052229e-05, 3.2561918033e-06, 2.39847793182e-07, 1.03875457569e-07, 4.90911524764e-08, 3.92422672135e-09, 9.45233580296e-09, 2.403999666e-09, 2.06933825631e-09, 3.54235751843e-10, 7.36009531099e-10, 2.59533172731e-09, 2.72078914954e-10, 2.40535202867e-10, 3.24121313122e-10, 5.43962791477e-11, 1.58725962929e-10, 1.71851366471e-09, 7.74760311462e-10, 3.47268519496e-10, 1.82400761162e-10, 7.3544975665e-10, 8.01924804339e-10, 2.68764566158e-10, 8.25550044992e-11, 8.22943102552e-11, 2.57297533973e-11, 5.04128151984e-13, 6.57057009712e-14, 4.84735515616e-13, 1.01609009834e-12, 6.65364302283e-13, 1.5913298782e-13, 2.2210464262e-14, 5.34306943172e-15, 6.58324118062e-16, 3.80499475267e-17],
        "max": [0.000160156268976, 0.00509315542877, 0.0363264679909, 0.0157684497535, 0.0050134761259, 0.00187053042464, 0.00123429449741, 0.00071236549411, 0.000275074853562, 0.000485661410494, 0.0002397592325, 0.000221919966862, 7.18132941984e-05, 0.000137209164677, 0.000301812367979, 7.80498230597e-05, 6.43438615953e-05, 7.37048321753e-05, 4.18938871007e-05, 6.6052605689e-05, 0.000189940852579, 0.000121528719319, 9.31920440053e-05, 5.47782437934e-05, 0.000146842823597, 0.000141676166095, 0.000107635649329, 5.05542448082e-05, 4.71301937068e-05, 2.61370441876e-05, 3.22186906487e-06, 1.18111677239e-06, 3.53359791916e-06, 4.62534717371e-06, 4.49549543191e-06, 1.78275070084e-06, 8.07613787401e-07, 3.73508100893e-07, 1.56863933398e-07, 3.02147853404e-08],
        "mean": [2.01654602279e-05, 0.000505016592797, 0.00470536760986, 0.0021685580723, 0.000680345052388, 0.000248581898632, 0.000144214427564, 0.00010160162492, 5.10205682076e-05, 4.9721209507e-05, 2.54858950939e-05, 3.74671508325e-05, 1.72220279637e-05, 1.85974731721e-05, 2.92594431812e-05, 1.52670163516e-05, 1.42990447785e-05, 1.42670050991e-05, 7.29652992959e-06, 1.12449097287e-05, 2.61533568846e-05, 2.07586126635e-05, 1.42584749483e-05, 1.40159800139e-05, 2.04652860702e-05, 1.90809987544e-05, 1.30342914417e-05, 8.6871732492e-06, 7.574506526e-06, 3.6862095385e-06, 6.61609590225e-07, 2.13318543274e-07, 6.24570247965e-07, 9.56931103246e-07, 7.41138990179e-07, 4.25284468974e-07, 1.52449345592e-07, 7.25942612689e-08, 2.43235298569e-08, 5.93142335248e-09],
        "median": [5.27771089764e-06, 0.000138853516546, 0.00202300213277, 0.00114020914771, 0.000287939736154, 0.000136524555273, 8.4786224761e-05, 5.83797082072e-05, 3.72908834834e-05, 3.41596278304e-05, 1.76159737748e-05, 2.99701314361e-05, 1.26992636069e-05, 1.31914130179e-05, 2.03439976758e-05, 1.11240760816e-05, 1.1332153008e-05, 1.15026359708e-05, 6.1267592173e-06, 8.76175272424e-06, 1.81851428351e-05, 1.62199066835e-05, 1.04801874841e-05, 1.13491287266e-05, 1.54726294568e-05, 1.36800608743e-05, 9.97584902507e-06, 6.9831030487e-06, 6.01757483309e-06, 2.84180714516e-06, 5.11352482135e-07, 1.61107323038e-07, 4.82305665628e-07, 7.51756431328e-07, 5.62747970889e-07, 3.22839639466e-07, 1.23827732068e-07, 5.56790809014e-08, 1.7961788501e-08, 4.55633264451e-09],
        "min": [2.39579103084e-11, 7.9552883378e-12, 2.17379738342e-12, 1.22541831283e-12, 1.26425584411e-12, 1.12306941091e-12, 8.5850901041e-13, 4.21255884992e-13, 4.26497250331e-14, 1.36991790524e-13, 1.18712277421e-13, 5.27918691835e-13, 2.17158496046e-12, 1.22333978884e-12, 8.72294641033e-13, 1.93275820695e-12, 1.09171623564e-12, 4.6977092355e-13, 9.63987326378e-14, 4.02488291177e-13, 6.86965837948e-13, 5.90009107109e-13, 4.15665548856e-13, 4.42060803111e-13, 8.01986461182e-13, 1.19298971743e-12, 3.93417367911e-13, 2.695799584e-13, 2.86491858882e-13, 9.16267821165e-13, 2.98665064034e-13, 5.90565790715e-13, 9.44783530923e-13, 5.0731017694e-13, 7.69222955731e-13, 8.06472618721e-13, 6.94397284898e-13, 6.27931897017e-13, 5.53709476273e-13, 4.44733090415e-13],
        "stdev": [2.98979721265e-05, 0.00083304697182, 0.00651537999511, 0.00271678133868, 0.000954324903432, 0.000288115115836, 0.000176118308445, 0.000123858946608, 4.49850158475e-05, 5.44760914636e-05, 2.82528799289e-05, 3.33752614097e-05, 1.38209898068e-05, 1.75795757968e-05, 3.11276126013e-05, 1.29529571495e-05, 1.16753690236e-05, 1.18998177641e-05, 5.44004387848e-06, 9.3671887953e-06, 2.60538854491e-05, 1.8432525394e-05, 1.26196528072e-05, 1.08677913886e-05, 1.85251683433e-05, 1.8534143237e-05, 1.15556167657e-05, 7.25653717382e-06, 6.63726677885e-06, 3.49272818312e-06, 5.6949249938e-07, 1.86806786928e-07, 5.37639607501e-07, 8.01933367711e-07, 6.49513026474e-07, 3.58555666935e-07, 1.25098836179e-07, 6.24635561053e-08, 2.12909014863e-08, 5.17194509442e-09],
        "var": [8.93888685294e-10, 6.93967251664e-07, 4.24501777161e-05, 7.38090056984e-06, 9.10736048354e-07, 8.30103203953e-08, 3.10176595519e-08, 1.53410368853e-08, 2.02365169066e-09, 2.96764457453e-09, 7.98225263665e-10, 1.11390818791e-09, 1.91019755569e-10, 3.09041514601e-10, 9.6892827095e-10, 1.67779096172e-10, 1.36314251553e-10, 1.41605671633e-10, 2.95940771888e-11, 8.77442285496e-11, 6.78804901177e-10, 3.39757971757e-10, 1.59255636456e-10, 1.18108883784e-10, 3.43181844054e-10, 3.43514494627e-10, 1.33532268576e-10, 5.26573298854e-11, 4.40533130808e-11, 1.21991505439e-11, 3.24321705559e-13, 3.48967782568e-14, 2.89056322281e-13, 6.43097120695e-13, 4.21867185282e-13, 1.28562172843e-13, 1.5649718053e-14, 3.90169591175e-15, 4.53302493096e-16, 2.67490159242e-17]
    },
    "melbands128": {
