{
"lowlevel": {
    "average_loudness": 0.987283468246,
    "barkbands_crest": {
        "dmean": 1.12898290157,
        "dmean2": 1.92371678352,
        "dvar": 1.04030430317,
        "dvar2": 2.80864858627,
        "max": 20.5802249908,
        "mean": 14.5595197678,
        "median": 14.3992595673,
        "min": 4.06989097595,
        "stdev": 1.19342589378,
        "var": 1.42426526546
    },
    "barkbands_flatness_db": {
        "dmean": 0.0217232052237,
        "dmean2": 0.0376163162291,
        "dvar": 0.000459748262074,
        "dvar2": 0.000783880357631,
        "max": 0.597139954567,
        "mean": 0.511560320854,
        "median": 0.515991091728,
        "min": 0.057310320437,
        "stdev": 0.0399759113789,
        "var": 0.00159807351884
    },
    "barkbands_kurtosis": {
        "dmean": 9.24063491821,
        "dmean2": 14.5855875015,
        "dvar": 86.0998001099,
        "dvar2": 204.322692871,
        "max": 104.951072693,
        "mean": 43.3728065491,
        "median": 41.077041626,
        "min": -1.08147788048,
        "stdev": 13.486451149,
        "var": 181.884353638
    },
    "barkbands_skewness": {
        "dmean": 0.460204005241,
        "dmean2": 0.7147808671,
        "dvar": 0.219523727894,
        "dvar2": 0.466830641031,
        "max": 7.00101518631,
        "mean": 3.13290047646,
        "median": 3.08305454254,
        "min": -0.788969278336,
        "stdev": 0.645279467106,
        "var": 0.41638559103
    },
    "barkbands_spread": {
        "dmean": 0.265040695667,
        "dmean2": 0.284488946199,
        "dvar": 17.9895744324,
        "dvar2": 16.1275920868,
        "max": 98.4990844727,
        "mean": 0.646066725254,
        "median": 0.404098272324,
        "min": 0.318055212498,
        "stdev": 4.48272132874,
        "var": 20.0947914124
    },
    "dissonance": {
        "dmean": 0.0277247298509,
        "dmean2": 0.0485493279994,
        "dvar": 0.000409723579651,
        "dvar2": 0.00120227958541,
        "max": 0.496883541346,
        "mean": 0.453022420406,
        "median": 0.454211562872,
        "min": 0.358242243528,
        "stdev": 0.0242838561535,
        "var": 0.00058970565442
    },
    "dynamic_complexity": 0.3351996243,
    "erbbands_crest": {
        "dmean": 1.35350978374,
        "dmean2": 2.31108188629,
        "dvar": 1.32984566689,
        "dvar2": 3.27512454987,
        "max": 14.8942918777,
        "mean": 10.0099248886,
        "median": 9.9325466156,
        "min": 2.5866549015,
        "stdev": 1.51728546619,
        "var": 2.30215525627
    },
    "erbbands_flatness_db": {
        "dmean": 0.0120684662834,
        "dmean2": 0.0191656947136,
        "dvar": 0.00011823195382,
        "dvar2": 0.000235690255067,
        "max": 0.259766727686,
        "mean": 0.212095573545,
        "median": 0.215669348836,
        "min": 0.0778604671359,
        "stdev": 0.0211809258908,
        "var": 0.000448631646577
    },
    "erbbands_kurtosis": {
        "dmean": 1.37315356731,
        "dmean2": 2.20217466354,
        "dvar": 1.3620916605,
        "dvar2": 3.45517730713,
        "max": 12.8237552643,
        "mean": 3.13505864143,
        "median": 2.98094964027,
        "min": -0.743456602097,
        "stdev": 1.57843291759,
        "var": 2.49145054817
    },
    "erbbands_skewness": {
        "dmean": 0.329847067595,
        "dmean2": 0.526161968708,
        "dvar": 0.0702378600836,
        "dvar2": 0.159403994679,
        "max": 3.09560990334,
        "mean": 1.67712819576,
        "median": 1.69288241863,
        "min": -0.843483507633,
        "stdev": 0.386493355036,
        "var": 0.14937710762
    },
    "erbbands_spread": {
        "dmean": 4.03942632675,
        "dmean2": 6.33147239685,
        "dvar": 13.1621618271,
        "dvar2": 32.0843658447,
        "max": 52.7536735535,
        "mean": 23.0450744629,
        "median": 22.3039073944,
        "min": 11.3789176941,
        "stdev": 5.02434206009,
        "var": 25.2440128326
    },
    "hfc": {
        "dmean": 8.58875751495,
        "dmean2": 13.1161022186,
        "dvar": 38.3013877869,
        "dvar2": 99.2623062134,
        "max": 94.7158889771,
        "mean": 69.4535064697,
        "median": 70.0019073486,
        "min": 8.22283072921e-06,
        "stdev": 10.854765892,
        "var": 117.825942993
    },
    "loudness_ebu128": {
        "integrated": -15.3023691177,
        "loudness_range": 0.319209098816,
        "momentary": {
            "dmean": 0.106399327517,
            "dmean2": 0.158062830567,
            "dvar": 0.0208585094661,
            "dvar2": 0.0183799192309,
            "max": -14.6987886429,
            "mean": -15.3095941544,
            "median": -15.3074598312,
            "min": -16.6389389038,
            "stdev": 0.254991203547,
            "var": 0.0650205165148
        },
        "short_term": {
            "dmean": 0.0152108380571,
            "dmean2": 0.0213612094522,
            "dvar": 0.000363657833077,
            "dvar2": 0.000325386674376,
            "max": -15.0697536469,
            "mean": -15.3122177124,
            "median": -15.3465251923,
            "min": -15.4985437393,
            "stdev": 0.105719439685,
            "var": 0.0111765991896
        }
    },
    "melbands_crest": {
        "dmean": 0.717557132244,
        "dmean2": 1.17499732971,
        "dvar": 1.80792820454,
        "dvar2": 3.05910181999,
        "max": 39.0370521545,
        "mean": 37.6008529663,
        "median": 37.7705001831,
        "min": 15.5406913757,
        "stdev": 1.81005394459,
        "var": 3.27629542351
    },
    "melbands_flatness_db": {
        "dmean": 0.0182167626917,
        "dmean2": 0.0278838519007,
        "dvar": 0.00052465358749,
        "dvar2": 0.000562662258744,
        "max": 0.717857003212,
        "mean": 0.637947380543,
        "median": 0.644289135933,
        "min": 0.0647217854857,
        "stdev": 0.0459642037749,
        "var": 0.00211270805448
    },
    "melbands_kurtosis": {
        "dmean": 108.147155762,
        "dmean2": 183.004928589,
        "dvar": 10215.3242188,
        "dvar2": 25007.4824219,
        "max": 747.256713867,
        "mean": 287.337371826,
        "median": 258.065612793,
        "min": 0.163208723068,
        "stdev": 120.47190094,
        "var": 14513.4785156
    },
    "melbands_skewness": {
        "dmean": 2.38222002983,
        "dmean2": 3.92945790291,
        "dvar": 4.00219202042,
        "dvar2": 9.97933006287,
        "max": 20.9544868469,
        "mean": 11.63788414,
        "median": 11.3371047974,
        "min": 1.29649507999,
        "stdev": 2.53314876556,
        "var": 6.41684246063
    },
    "melbands_spread": {
        "dmean": 0.342662334442,
        "dmean2": 0.366679757833,
        "dvar": 36.9283409119,
        "dvar2": 35.220539093,
        "max": 137.054946899,
        "mean": 0.504198670387,
        "median": 0.188891291618,
        "min": 0.1032403633,
        "stdev": 6.23601198196,
        "var": 38.8878479004
    },
    "pitch_salience": {
        "dmean": 0.0340046547353,
        "dmean2": 0.0561468936503,
        "dvar": 0.00158876751084,
        "dvar2": 0.0030228428077,
        "max": 0.782006502151,
        "mean": 0.153100088239,
        "median": 0.150063365698,
        "min": 0.0712175145745,
        "stdev": 0.0540922060609,
        "var": 0.00292596686631
    },
    "silence_rate_20dB": {
        "dmean": 0.00415800418705,
        "dmean2": 0.00833333376795,
        "dvar": 0.00414071138948,
        "dvar2": 0.00826394278556,
        "max": 1,
        "mean": 0.0103734442964,
        "median": 0,
        "min": 0,
        "stdev": 0.101320058107,
        "var": 0.0102657536045
    },
    "silence_rate_30dB": {
        "dmean": 0.00415800418705,
        "dmean2": 0.00625000009313,
        "dvar": 0.00414071138948,
        "dvar2": 0.00621097488329,
        "max": 1,
        "mean": 0.00622406648472,
        "median": 0,
        "min": 0,
        "stdev": 0.0786468759179,
        "var": 0.0061853309162
    },
    "silence_rate_60dB": {
        "dmean": 0.00207900209352,
        "dmean2": 0.00208333344199,
        "dvar": 0.00207467982545,
        "dvar2": 0.00207899301313,
        "max": 1,
        "mean": 0.00207468890585,
        "median": 0,
        "min": 0,
        "stdev": 0.0455014780164,
        "var": 0.00207038433291
    },
    "spectral_centroid": {
        "dmean": 23.5885257721,
        "dmean2": 37.038860321,
        "dvar": 961.202026367,
        "dvar2": 1578.92321777,
        "max": 725.827331543,
        "mean": 192.375305176,
        "median": 185.103149414,
        "min": 139.412185669,
        "stdev": 43.2252502441,
        "var": 1868.42211914
    },
    "spectral_complexity": {
        "dmean": 1.79833674431,
        "dmean2": 3.00624990463,
        "dvar": 2.54768514633,
        "dvar2": 6.28538370132,
        "max": 19,
        "mean": 9.56016635895,
        "median": 10,
        "min": 0,
        "stdev": 1.96164417267,
        "var": 3.84804797173
    },
    "spectral_decrease": {
        "dmean": 7.0635138627e-08,
        "dmean2": 1.19966358625e-07,
        "dvar": 2.66450476591e-15,
        "dvar2": 8.03695099431e-15,
        "max": -7.85330832212e-17,
        "mean": -5.05664559114e-07,
        "median": -5.13737234087e-07,
        "min": -6.50229537769e-07,
        "stdev": 8.41629841375e-08,
        "var": 7.08340831262e-15
    },
    "spectral_energy": {
        "dmean": 0.267068266869,
        "dmean2": 0.453381478786,
        "dvar": 0.0380882695317,
        "dvar2": 0.114815473557,
        "max": 2.46020770073,
        "mean": 1.91479229927,
        "median": 1.94502663612,
        "min": 1.04223685238e-09,
        "stdev": 0.318470597267,
        "var": 0.10142352432
    },
    "spectral_energyband_high": {
        "dmean": 8.67955532158e-06,
        "dmean2": 1.31845099531e-05,
        "dvar": 1.55180401862e-09,
        "dvar2": 3.87890519704e-09,
        "max": 0.0005964168231,
        "mean": 1.755518133e-05,
        "median": 1.02271551441e-05,
        "min": 5.81466208516e-10,
        "stdev": 3.17554295179e-05,
        "var": 1.00840735762e-09
    },
    "spectral_energyband_low": {
        "dmean": 0.190303519368,
        "dmean2": 0.305093616247,
        "dvar": 0.0223886296153,
        "dvar2": 0.0565708763897,
        "max": 2.22144341469,
        "mean": 1.78881585598,
        "median": 1.82618904114,
        "min": 1.64133137637e-10,
        "stdev": 0.274980098009,
        "var": 0.0756140574813
    },
    "spectral_energyband_middle_high": {
        "dmean": 0.000158838243806,
        "dmean2": 0.000255797698628,
        "dvar": 2.6510411999e-07,
        "dvar2": 6.32740579931e-07,
        "max": 0.00930729787797,
        "mean": 0.000472051819088,
        "median": 0.00042519744602,
        "min": 1.45021786246e-10,
        "stdev": 0.000487287557917,
        "var": 2.37449157225e-07
    },
    "spectral_energyband_middle_low": {
        "dmean": 0.00631107343361,
        "dmean2": 0.0105336038396,
        "dvar": 2.91620435746e-05,
        "dvar2": 7.21248143236e-05,
        "max": 0.0610896646976,
        "mean": 0.0187325198203,
        "median": 0.0175826344639,
        "min": 4.96933778849e-11,
        "stdev": 0.00743021164089,
        "var": 5.52080418856e-05
    },
    "spectral_entropy": {
        "dmean": 0.171019852161,
        "dmean2": 0.266411870718,
        "dvar": 0.0228478591889,
        "dvar2": 0.0462973639369,
        "max": 7.78309059143,
        "mean": 6.2586388588,
        "median": 6.23605871201,
        "min": 5.65456485748,
        "stdev": 0.263661473989,
        "var": 0.0695173740387
    },
    "spectral_flux": {
        "dmean": 0.113131865859,
        "dmean2": 0.174609571695,
        "dvar": 0.0087262718007,
        "dvar2": 0.0232206471264,
        "max": 0.698231756687,
        "mean": 0.32157304883,
        "median": 0.312538206577,
        "min": 0.0293624196202,
        "stdev": 0.13206513226,
        "var": 0.0174411982298
    },
    "spectral_kurtosis": {
        "dmean": 10.1002006531,
        "dmean2": 17.1573429108,
        "dvar": 69.2398376465,
        "dvar2": 192.583282471,
        "max": 59.6602630615,
        "mean": 21.2091827393,
        "median": 19.350976944,
        "min": 2.84284448624,
        "stdev": 11.1138305664,
        "var": 123.517219543
    },
    "spectral_rms": {
        "dmean": 0.00308952550404,
        "dmean2": 0.00510106515139,
        "dvar": 5.45597413293e-06,
        "dvar2": 1.49345096361e-05,
        "max": 0.0489918626845,
        "mean": 0.0429431907833,
        "median": 0.0435613021255,
        "min": 1.00837314676e-06,
        "stdev": 0.00489625288174,
        "var": 2.39732944465e-05
    },
    "spectral_rolloff": {
        "dmean": 35.2320823669,
        "dmean2": 35.6195068359,
        "dvar": 557167.8125,
        "dvar2": 552464.25,
        "max": 16537.5,
        "mean": 78.4487686157,
        "median": 43.06640625,
        "min": 43.06640625,
        "stdev": 750.568481445,
        "var": 563353
    },
    "spectral_skewness": {
        "dmean": 0.724245429039,
        "dmean2": 1.20754599571,
        "dvar": 0.317260682583,
        "dvar2": 0.870586335659,
        "max": 5.89304351807,
        "mean": 3.43478274345,
        "median": 3.3390879631,
        "min": 1.55710208416,
        "stdev": 0.810126960278,
        "var": 0.656305730343
    },
    "spectral_spread": {
        "dmean": 319016.21875,
        "dmean2": 526135.75,
        "dvar": 80644562944,
        "dvar2": 152417959936,
        "max": 7599858.5,
        "mean": 2189235.75,
        "median": 2064715.125,
        "min": 1331150,
        "stdev": 604474.1875,
        "var": 365389053952
    },
    "spectral_strongpeak": {
        "dmean": 0.615118741989,
        "dmean2": 1.17702639103,
        "dvar": 0.692698717117,
        "dvar2": 2.07599520683,
        "max": 2.24194693565,
        "mean": 1.66303217411,
        "median": 1.97089910507,
        "min": 0,
        "stdev": 0.732880413532,
        "var": 0.537113666534
    },
    "zerocrossingrate": {
        "dmean": 0.000478129863041,
        "dmean2": 0.000940958678257,
        "dvar": 2.35056904785e-05,
        "dvar2": 4.73492764286e-05,
        "max": 0.08544921875,
        "mean": 0.00219422648661,
        "median": 0.00146484375,
        "min": 0.0009765625,
        "stdev": 0.00684880744666,
        "var": 4.69061633339e-05
    },
    "barkbands": {
        "dmean": [0.236723095179, 0.143724054098, 0.0155214285478, 0.00545411929488, 0.00241927499883, 0.000961176818237, 0.000545773364138, 0.000242504524067, 0.000176395522431, 0.000110112130642, 5.29130957148e-05, 3.31691226165e-05, 2.17465785681e-05, 6.0465594288e-05, 1.73330045072e-05, 7.20940988685e-06, 4.26800988862e-06, 4.66552501166e-06, 4.31685884905e-06, 4.19982052335e-06, 2.31025319408e-06, 2.18648006012e-06, 1.41568148138e-06, 7.71426243773e-07, 4.08812127262e-07, 3.92659586623e-07, 4.188980256e-07],
        "dmean2": [0.435782164335, 0.230303630233, 0.0247836764902, 0.00893802102655, 0.00426546530798, 0.00161500624381, 0.000953315349761, 0.000416801864048, 0.000310116040055, 0.000186365825357, 8.79256258486e-05, 5.7218636357e-05, 3.77780452254e-05, 9.26913126023e-05, 2.92106597044e-05, 1.19008182082e-05, 7.02870329405e-06, 7.4846248026e-06, 7.00936152498e-06, 6.86818066242e-06, 3.65844584849e-06, 3.54508642886e-06, 2.22332573685e-06, 1.20857760066e-06, 6.54087500607e-07, 6.33663319149e-07, 6.78930859976e-07],
        "dvar": [0.033221796155, 0.012439516373, 0.000149000334204, 2.06324166356e-05, 5.10148265676e-06, 1.16546277695e-06, 1.12592215373e-06, 1.25475040136e-07, 2.59172772132e-08, 8.42345997398e-08, 1.06869677552e-08, 2.61595034523e-09, 6.27909169104e-10, 2.43330955385e-09, 2.40547204378e-09, 3.55561496912e-10, 1.13130796398e-10, 2.17568921212e-10, 1.14700846043e-10, 8.77411338029e-11, 4.95739907458e-11, 3.97020263887e-11, 3.22279702925e-11, 2.16232483308e-11, 1.84836555783e-11, 1.80001569206e-11, 2.04639517137e-11],
        "dvar2": [0.109487608075, 0.0322904065251, 0.000384062703233, 4.9002293963e-05, 1.39386311275e-05, 2.97486508316e-06, 2.2927711143e-06, 2.91730714252e-07, 7.19919626135e-08, 2.03584733072e-07, 2.57631249667e-08, 6.10992678673e-09, 1.68627456443e-09, 5.71599523269e-09, 6.81359058063e-09, 8.39057101576e-10, 2.73316480559e-10, 5.74563507882e-10, 2.69335220793e-10, 2.28999014196e-10, 1.20043142093e-10, 9.85969708656e-11, 8.00612076635e-11, 5.35935358592e-11, 4.63008936746e-11, 4.50653230011e-11, 5.12444912892e-11],
        "max": [1.58962535858, 1.54997885227, 0.0828087031841, 0.0516643896699, 0.0202321112156, 0.0105962436646, 0.0168022345752, 0.0042041358538, 0.00140998931602, 0.00528671918437, 0.00167755992152, 0.000648214598186, 0.000287959439447, 0.000361292622983, 0.000825020775665, 0.000277737242868, 0.000131766370032, 0.000212928804103, 0.000128525978653, 0.000104019534774, 0.000102442878415, 8.4433988377e-05, 8.29776472528e-05, 7.1200709499e-05, 6.69595829095e-05, 6.60996738588e-05, 7.04585545463e-05],
        "mean": [0.887255847454, 0.978929281235, 0.0294121038169, 0.011421404779, 0.00430775480345, 0.0014983532019, 0.000802288413979, 0.000361157377483, 0.000284913519863, 0.000154704408487, 8.03901493782e-05, 5.55633268959e-05, 3.96335271944e-05, 0.0001037460097, 3.13836717396e-05, 1.27614957819e-05, 7.8575058069e-06, 7.5718789958e-06, 8.07237393019e-06, 6.96911956766e-06, 4.97849850944e-06, 4.13273892264e-06, 2.51848268817e-06, 1.15669479328e-06, 3.91240547515e-07, 3.26849971088e-07, 3.41609791121e-07],
        "median": [0.870195388794, 0.993987560272, 0.0277970544994, 0.0103492178023, 0.00405569002032, 0.00123850046657, 0.000635764561594, 0.000283151399344, 0.000239419576246, 0.00011483997514, 6.4745239797e-05, 4.58866052213e-05, 3.35388576786e-05, 9.21800528886e-05, 2.64140053332e-05, 1.050449373e-05, 6.18336707703e-06, 5.19373725183e-06, 5.37569849257e-06, 4.10299480791e-06, 3.32911395162e-06, 2.3296256586e-06, 1.19880405691e-06, 4.95460085403e-07, 2.14698189893e-07, 1.76491170123e-07, 1.83174051926e-07],
        "min": [1.2529738358e-10, 7.66802524255e-11, 2.11588559174e-11, 1.45834871956e-11, 8.48759951211e-12, 1.33791432794e-11, 2.89507090176e-12, 1.44205795308e-12, 5.37645926044e-12, 5.39606293676e-12, 5.20402557852e-12, 1.03474607355e-12, 9.02129239366e-12, 6.24286906892e-12, 1.13328504567e-11, 3.75319914037e-12, 1.94188744945e-11, 3.35659243456e-11, 3.03793309953e-11, 3.00261412955e-11, 1.46868992662e-11, 4.18193014939e-11, 1.12236414607e-10, 3.9789581352e-11, 8.02935079536e-11, 1.43678513531e-10, 1.52141799159e-10],
        "stdev": [0.217728465796, 0.173630952835, 0.0145223997533, 0.00630355067551, 0.00238802772947, 0.00117948837578, 0.00110122270416, 0.000376926036552, 0.000191303493921, 0.000280627980828, 9.72852649284e-05, 5.02427828906e-05, 2.62507510342e-05, 5.83535693295e-05, 4.05419668823e-05, 1.71092488017e-05, 9.56896110438e-06, 1.32166624098e-05, 1.04885439214e-05, 9.18876867217e-06, 6.46713124297e-06, 6.09451353739e-06, 4.79273694509e-06, 3.51381845576e-06, 3.04267086904e-06, 3.00231181427e-06, 3.20068420478e-06],
        "var": [0.0474056825042, 0.0301477070898, 0.000210900107049, 3.97347539547e-05, 5.70267593503e-06, 1.39119288178e-06, 1.21269147257e-06, 1.42073247389e-07, 3.65970294069e-08, 7.87520590961e-08, 9.4644221349e-09, 2.52433718373e-09, 6.89101942175e-10, 3.40513905961e-09, 1.64365099309e-09, 2.92726398676e-10, 9.15650194555e-11, 1.74680159226e-10, 1.10009557019e-10, 8.44334671624e-11, 4.18237874888e-11, 3.71430976254e-11, 2.29703252946e-11, 1.23469194938e-11, 9.25784535838e-12, 9.01387558344e-12, 1.02443799971e-11]
    },
    "erbbands": {
        "dmean": [8.72018909454, 14.2579402924, 13.6456670761, 20.4880466461, 9.27587795258, 8.32006263733, 7.6630396843, 8.89958381653, 8.42364120483, 6.21294641495, 4.71477651596, 4.13525152206, 4.03089046478, 2.3232793808, 2.00877785683, 1.19591605663, 1.00066792965, 1.69632577896, 2.42246961594, 0.616337776184, 0.356248050928, 0.238814771175, 0.260018348694, 0.226318493485, 0.197861030698, 0.20384337008, 0.12255487591, 0.0862521156669, 0.0774932652712, 0.0621915757656, 0.0371371805668, 0.0217721760273, 0.0100777298212, 0.00489825382829, 0.0027604594361, 0.00150465918705, 0.000703955651261, 0.000262937159277, 0.000149470128235, 0.000288200477371],
        "dmean2": [13.7596626282, 23.4189052582, 22.3547935486, 33.3771629333, 15.4524965286, 14.7975120544, 13.2768831253, 14.8266468048, 14.5603618622, 10.7254543304, 7.97162151337, 7.25045633316, 7.09352016449, 3.95849442482, 3.38907289505, 2.04124927521, 1.72971701622, 2.70776057243, 3.55240154266, 1.03633308411, 0.593622565269, 0.38771122694, 0.424180179834, 0.367764383554, 0.324292987585, 0.333352535963, 0.198563337326, 0.137019768357, 0.124015793204, 0.0999449566007, 0.0570034049451, 0.0337462052703, 0.015792068094, 0.00768343405798, 0.00444951001555, 0.00242548342794, 0.00112371449359, 0.00042355444748, 0.000241451896727, 0.000489527126774],
        "dvar": [45.9227523804, 133.514419556, 124.091094971, 294.764587402, 52.3052940369, 80.5606307983, 54.4306335449, 96.1218338013, 253.230712891, 45.3072166443, 68.9303436279, 16.1329040527, 40.2061767578, 69.6704711914, 14.6930389404, 3.29676747322, 1.29883956909, 2.03104186058, 7.0351266861, 1.66993355751, 1.12089657784, 0.391578584909, 0.892060041428, 0.334738820791, 0.266538947821, 0.209838360548, 0.110150635242, 0.0719764083624, 0.0478996559978, 0.0425701364875, 0.0238534919918, 0.0128282820806, 0.0048854732886, 0.00231179618277, 0.000933875096962, 0.000285917340079, 6.18057820247e-05, 7.79809852247e-06, 4.04798896625e-07, 4.53016930635e-08],
        "dvar2": [113.734138489, 349.615020752, 333.396057129, 758.686645508, 139.625915527, 231.479522705, 147.475570679, 234.577407837, 515.680419922, 102.025947571, 151.520812988, 43.6241607666, 89.1095733643, 189.111404419, 32.0776405334, 7.91283655167, 3.45708680153, 5.1258764267, 17.8428611755, 4.38817405701, 2.76504015923, 0.946793377399, 2.41018128395, 0.782382965088, 0.658130466938, 0.53754234314, 0.27635410428, 0.17703153193, 0.119626112282, 0.104515105486, 0.0584450103343, 0.0312799960375, 0.0121910553426, 0.00579030299559, 0.00233948184177, 0.000716110283975, 0.000154724752065, 1.9524117306e-05, 1.01840657862e-06, 1.3449178482e-07],
        "max": [100.618667603, 123.152046204, 78.0229873657, 185.244277954, 54.9920883179, 105.976623535, 54.34532547, 108.961746216, 256.38092041, 89.3280639648, 101.296020508, 35.6342506409, 102.103233337, 143.055923462, 61.1085395813, 21.3729801178, 12.219408989, 11.7189302444, 41.0224609375, 17.8784217834, 16.6972427368, 7.85168600082, 14.3410167694, 6.9072098732, 5.85220098495, 5.05361413956, 4.41643333435, 3.84746050835, 2.98957490921, 2.76714968681, 2.29242396355, 1.69610631466, 1.08502745628, 0.749233961105, 0.475894570351, 0.263402402401, 0.12254666537, 0.0435085222125, 0.010046441108, 0.00264635984786],
        "mean": [74.7207794189, 44.9750862122, 27.3931770325, 51.6250610352, 17.3475284576, 13.2486200333, 11.1673946381, 13.4822454453, 12.2731790543, 10.0972318649, 7.25165128708, 6.60682964325, 5.92713689804, 3.82616782188, 3.22325968742, 2.16915035248, 1.95200657845, 3.32051324844, 4.15588665009, 1.19832348824, 0.663001716137, 0.458823978901, 0.418486595154, 0.431054294109, 0.371334463358, 0.332879751921, 0.236345693469, 0.182835787535, 0.14989630878, 0.107723198831, 0.0691243112087, 0.0358830615878, 0.0150295943022, 0.0063872076571, 0.00316380825825, 0.00197854894213, 0.00108663749415, 0.000259531487245, 0.000883973378222, 0.00206327205524],
        "median": [76.1689605713, 43.4434127808, 25.6864013672, 50.4055366516, 15.6595964432, 11.3910131454, 8.8881149292, 10.7343301773, 9.15281295776, 8.4054851532, 5.42063331604, 5.35862350464, 4.74052619934, 3.01000142097, 2.55041050911, 1.87521767616, 1.70107924938, 3.08471107483, 3.54491138458, 1.02067065239, 0.547384619713, 0.362647116184, 0.294216930866, 0.286604046822, 0.24684676528, 0.193675279617, 0.144509077072, 0.124096833169, 0.0886164158583, 0.052494097501, 0.0337780565023, 0.0151873352006, 0.00719406409189, 0.00364468549378, 0.00212848884985, 0.00143704738002, 0.000805357412901, 0.000151635351358, 0.000878600054421, 0.00209284294397],
        "min": [3.968011697e-09, 1.16111760207e-08, 2.37536639247e-08, 4.05500770739e-08, 3.91500556418e-08, 1.93075084809e-08, 6.73077877877e-08, 1.1501293784e-07, 6.81246277168e-08, 2.73140230433e-08, 3.45167521232e-08, 9.8447216601e-08, 2.59842209971e-07, 1.06250006127e-07, 1.77911360311e-07, 5.91302011799e-08, 4.00266401357e-07, 2.82751443592e-07, 5.98101792093e-07, 4.33100581176e-07, 3.15870096301e-07, 1.34730623813e-06, 2.07990910894e-06, 1.36395328809e-06, 1.53761743604e-06, 1.33495132104e-06, 5.04515071498e-07, 6.5558077722e-07, 1.41401005749e-06, 2.04162824957e-06, 3.01288309856e-06, 1.25504277548e-06, 7.76529248014e-07, 5.09774338298e-07, 6.88031150275e-07, 4.08587254697e-07, 2.99779060242e-07, 1.12523530049e-07, 2.29065708623e-08, 2.11473172307e-09],
        "stdev": [11.9758701324, 14.3731994629, 12.7796497345, 22.8391189575, 9.00177764893, 8.76943397522, 8.33290672302, 10.9651060104, 17.0247745514, 7.70593595505, 9.01079845428, 4.72571277618, 7.00490951538, 7.00054216385, 3.85866618156, 1.77958571911, 1.19903707504, 1.63851571083, 2.85143184662, 1.1363260746, 0.936294138432, 0.561903655529, 0.815492331982, 0.575120389462, 0.483379662037, 0.449993371964, 0.32072147727, 0.241743952036, 0.209869682789, 0.189862459898, 0.132110774517, 0.091016702354, 0.051120903343, 0.0341003015637, 0.0215740036219, 0.0119289392605, 0.00554526085034, 0.0019762464799, 0.000439097144408, 0.000333621341269],
        "var": [143.421463013, 206.588851929, 163.319458008, 521.625366211, 81.0319976807, 76.9029769897, 69.4373321533, 120.233543396, 289.842926025, 59.3814468384, 81.194480896, 22.3323612213, 49.0687561035, 49.0075912476, 14.8893041611, 3.16692519188, 1.43768978119, 2.68473362923, 8.13066291809, 1.29123687744, 0.876646697521, 0.315735697746, 0.665027737617, 0.330763429403, 0.233655899763, 0.202494040132, 0.102862261236, 0.0584401413798, 0.0440452843904, 0.0360477529466, 0.0174532551318, 0.0082840397954, 0.00261334679089, 0.0011628306238, 0.000465437595267, 0.000142299584695, 3.07499176415e-05, 3.90554987462e-06, 1.92806311361e-07, 1.11303208428e-07]
    },
    "gfcc": {
        "mean": [-50.5691604614, 180.599136353, -37.3999900818, 33.2106590271, -5.74445152283, 10.6529283524, 6.87603664398, -6.6273727417, 10.5903244019, 1.94332206249, 4.48947811127, -9.14090251923, 3.1235370636],
        "cov": [[1752.4732666, 266.608978271, 5.18093395233, 91.7549667358, -67.5541763306, 24.581199646, 47.1056480408, -19.3449382782, 45.6182022095, -18.7905826569, 38.9041366577, -27.4080200195, 16.7870235443], [266.608978271, 261.817810059, 44.308380127, -87.8230285645, 74.6380081177, -27.8713550568, 17.762802124, -9.80258178711, 14.0424346924, 15.8435649872, -5.94865083694, -15.1133861542, 24.0447940826], [5.18093395233, 44.308380127, 72.0372085571, -19.3092308044, 22.1275787354, 1.28215920925, -3.75527310371, -1.38326358795, 0.614816129208, 6.48655176163, -2.01644682884, -4.99256515503, 3.89348483086], [91.7549667358, -87.8230285645, -19.3092308044, 91.4280548096, -46.5759811401, 10.2505741119, 1.04063999653, -10.8871135712, -0.462574213743, -14.5166110992, 12.6762638092, -2.07645463943, -10.0371751785], [-67.5541763306, 74.6380081177, 22.1275787354, -46.5759811401, 88.3218154907, 4.06921386719, 2.37656283379, -2.52145624161, -6.84186649323, 10.5226564407, -13.2357158661, -9.05733013153, 7.46228599548], [24.581199646, -27.8713550568, 1.28215920925, 10.2505741119, 4.06921386719, 31.9292068481, 6.4031624794, -3.83840751648, -2.08457994461, -7.67379999161, -3.87734651566, -5.58737897873, -4.5362739563], [47.1056480408, 17.762802124, -3.75527310371, 1.04063999653, 2.37656283379, 6.4031624794, 29.27850914, 3.70195245743, -1.49590194225, -4.35227823257, -2.51456093788, -6.68575286865, 2.27417612076], [-19.3449382782, -9.80258178711, -1.38326358795, -10.8871135712, -2.52145624161, -3.83840751648, 3.70195245743, 23.8324260712, 1.35642814636, -4.75406455994, -4.87190675735, 0.506581306458, -2.16569447517], [45.6182022095, 14.0424346924, 0.614816129208, -0.462574213743, -6.84186649323, -2.08457994461, -1.49590194225, 1.35642814636, 26.4818134308, 9.01665115356, 0.12605676055, -5.56291723251, -0.690320193768], [-18.7905826569, 15.8435649872, 6.48655176163, -14.5166110992, 10.5226564407, -7.67379999161, -4.35227823257, -4.75406455994, 9.01665115356, 24.5868492126, 3.73118495941, -2.36897087097, -0.0285773649812], [38.9041366577, -5.94865083694, -2.01644682884, 12.6762638092, -13.2357158661, -3.87734651566, -2.51456093788, -4.87190675735, 0.12605676055, 3.73118495941, 26.1499519348, 12.4835510254, -0.0925903320312], [-27.4080200195, -15.1133861542, -4.99256515503, -2.07645463943, -9.05733013153, -5.58737897873, -6.68575286865, 0.506581306458, -5.56291723251, -2.36897087097, 12.4835510254, 25.1721515656, 6.55547142029], [16.7870235443, 24.0447940826, 3.89348483086, -10.0371751785, 7.46228599548, -4.5362739563, 2.27417612076, -2.16569447517, -0.690320193768, -0.0285773649812, -0.0925903320312, 6.55547142029, 18.2954120636]],
        "icov": [[0.00220991135575, -0.00819370802492, 0.00185725279152, -0.00833857432008, 0.0048512481153, -0.0104073835537, 0.00384016497992, -0.00840133614838, 0.00304812937975, -0.00611351476982, 0.000566396454815, -0.00201895623468, -0.00142831820995], [-0.00819370802492, 0.0462386645377, -0.0115304766223, 0.0457010753453, -0.0255157593638, 0.0570053979754, -0.0260502547026, 0.0492779240012, -0.0248163826764, 0.040892764926, -0.0140598602593, 0.0214111581445, -0.000727541861124], [0.00185725279152, -0.0115304766223, 0.0190543588251, -0.00885714404285, 0.00418678764254, -0.0164999421686, 0.0108876610175, -0.0132640181109, 0.00742401694879, -0.0115946996957, -0.000205279357033, 0.000909060821868, -0.00425137393177], [-0.00833857432008, 0.0457010753453, -0.00885714404285, 0.0670389607549, -0.0164726059884, 0.0534079298377, -0.0244937632233, 0.0594425350428, -0.024135094136, 0.0524615049362, -0.0241422709078, 0.0308148954064, 0.00430186651647], [0.0048512481153, -0.0255157593638, 0.00418678764254, -0.0164726059884, 0.0342487059534, -0.0368358083069, 0.0146594829857, -0.0239889565855, 0.0216965246946, -0.0285412594676, 0.00939363520592, -0.00282819499262, -0.00677473610267], [-0.0104073835537, 0.0570053979754, -0.0164999421686, 0.0534079298377, -0.0368358083069, 0.112621791661, -0.0413257181644, 0.0725512430072, -0.0345632173121, 0.0656006112695, -0.0116904908791, 0.0239514894783, 0.0142724681646], [0.00384016497992, -0.0260502547026, 0.0108876610175, -0.0244937632233, 0.0146594829857, -0.0413257181644, 0.0600442253053, -0.0396047867835, 0.0208722800016, -0.0205763764679, -0.000552860030439, 0.00857555586845, -0.015739440918], [-0.00840133614838, 0.0492779240012, -0.0132640181109, 0.0594425350428, -0.0239889565855, 0.0725512430072, -0.0396047867835, 0.112181991339, -0.0372332781553, 0.0638035982847, -0.00557431485504, 0.0131827909499, 0.018297707662], [0.00304812937975, -0.0248163826764, 0.00742401694879, -0.024135094136, 0.0216965246946, -0.0345632173121, 0.0208722800016, -0.0372332781553, 0.0674654394388, -0.0471521243453, 0.00800973642617, 0.00289866584353, -0.00795007776469], [-0.00611351476982, 0.040892764926, -0.0115946996957, 0.0524615049362, -0.0285412594676, 0.0656006112695, -0.0205763764679, 0.0638035982847, -0.0471521243453, 0.110545560718, -0.0335493087769, 0.0320356599987, 0.00787691399455], [0.000566396454815, -0.0140598602593, -0.000205279357033, -0.0241422709078, 0.00939363520592, -0.0116904908791, -0.000552860030439, -0.00557431485504, 0.00800973642617, -0.0335493087769, 0.0783459320664, -0.0538757182658, 0.017386790365], [-0.00201895623468, 0.0214111581445, 0.000909060821868, 0.0308148954064, -0.00282819499262, 0.0239514894783, 0.00857555586845, 0.0131827909499, 0.00289866584353, 0.0320356599987, -0.0538757182658, 0.0996354073286, -0.0378021299839], [-0.00142831820995, -0.000727541861124, -0.00425137393177, 0.00430186651647, -0.00677473610267, 0.0142724681646, -0.015739440918, 0.018297707662, -0.00795007776469, 0.00787691399455, 0.017386790365, -0.0378021299839, 0.0839598476887]]
    },
    "melbands": {
        "dmean": [0.0549505315721, 0.00851031858474, 0.00286619458348, 0.00060502969427, 0.000287201342871, 0.00019033983699, 0.000125700418721, 6.2982646341e-05, 3.60092999472e-05, 2.67702271231e-05, 2.03597101063e-05, 1.03208531073e-05, 7.07225672159e-06, 4.29057899964e-06, 2.68966959993e-06, 2.02673504646e-06, 3.93920981878e-06, 5.26201893081e-06, 1.22167602967e-06, 5.71584791942e-07, 3.93467871618e-07, 2.62908855575e-07, 2.50640255217e-07, 2.29036814403e-07, 1.968692942e-07, 1.60297020102e-07, 1.47520765381e-07, 1.46267694845e-07, 9.18126303873e-08, 5.69818112695e-08, 5.39652695863e-08, 4.76794816962e-08, 4.53024426861e-08, 3.29983897984e-08, 2.31556800401e-08, 1.81141750488e-08, 1.19703704726e-08, 7.71306840619e-09, 5.166258088e-09, 3.91871157746e-09],
        "dmean2": [0.0864778459072, 0.0138754853979, 0.0046581835486, 0.00104700902011, 0.000491835875437, 0.000318196311127, 0.000217268636334, 0.000107528139779, 6.15661556367e-05, 4.72445753985e-05, 3.56608834409e-05, 1.76037810888e-05, 1.19241794891e-05, 7.34961349735e-06, 4.59833108835e-06, 3.54260873792e-06, 6.29470559943e-06, 7.65336153563e-06, 2.12019494938e-06, 9.57828206083e-07, 6.58005092191e-07, 4.30845943811e-07, 4.12798897287e-07, 3.71396851051e-07, 3.24468288682e-07, 2.59726590457e-07, 2.43663322408e-07, 2.40699620235e-07, 1.52783044882e-07, 9.13410218573e-08, 8.65531788463e-08, 7.68112471405e-08, 7.41642836033e-08, 5.33158264204e-08, 3.5792087516e-08, 2.87204482419e-08, 1.85774524653e-08, 1.21859784485e-08, 8.19585377343e-09, 6.23783202869e-09],
        "dvar": [0.00185364217032, 4.33239329141e-05, 5.53164272787e-06, 2.92163775839e-07, 7.25877811192e-08, 4.43726158039e-08, 5.2852300314e-08, 3.88576326671e-09, 3.95836741163e-09, 6.21942775059e-10, 1.15362941422e-09, 1.39499745089e-09, 1.66586466843e-10, 4.91879904863e-11, 1.10497696063e-11, 5.71494717869e-12, 1.04386620875e-11, 2.17602533215e-11, 1.11275337902e-11, 1.59129306954e-12, 1.4991569184e-12, 3.50450652655e-13, 6.8661276751e-13, 5.13926032807e-13, 2.19311710719e-13, 1.6027327035e-13, 9.88846997991e-14, 1.11437050451e-13, 5.66686691875e-14, 3.02519545059e-14, 2.38907201314e-14, 1.6284054251e-14, 1.55608253333e-14, 1.30930812389e-14, 8.28143265498e-15, 6.40807656707e-15, 4.23509189144e-15, 2.40071393043e-15, 1.96139669244e-15, 1.54157497653e-15],
        "dvar2": [0.00455429544672, 0.000113909336505, 1.40750144055e-05, 8.35033688418e-07, 2.03985180747e-07, 1.08210286953e-07, 1.07039234365e-07, 9.31893939793e-09, 8.63343085911e-09, 1.76428138765e-09, 2.55350851575e-09, 3.75669051422e-09, 3.79686115881e-10, 1.11469708464e-10, 2.81868313412e-11, 1.49529191112e-11, 2.64866236582e-11, 5.17313414328e-11, 3.28255998772e-11, 3.69995917585e-12, 3.71383436157e-12, 8.38662960693e-13, 1.86056638846e-12, 1.32443361833e-12, 5.15247349994e-13, 3.96194036779e-13, 2.46971551283e-13, 2.93834509675e-13, 1.48493440851e-13, 7.47917081999e-14, 5.9475306082e-14, 3.99314268988e-14, 3.96395901671e-14, 3.30761012655e-14, 2.0370873025e-14, 1.54984752381e-14, 1.04289999894e-14, 5.98946314366e-15, 4.90598814896e-15, 3.86201114762e-15],
        "max": [0.637575864792, 0.0569886490703, 0.0247230120003, 0.00415667938069, 0.0026086801663, 0.00226622121409, 0.00370942358859, 0.000663738988806, 0.000765686680097, 0.00019872142002, 0.000554852129426, 0.000645184889436, 0.000203372212127, 0.0001007191604, 4.3159143388e-05, 2.65588823822e-05, 2.3789360057e-05, 5.76593156438e-05, 5.23035523656e-05, 1.69098530023e-05, 1.97431927518e-05, 7.98714881967e-06, 1.2144694665e-05, 1.0638806998e-05, 5.27277552465e-06, 4.54600331068e-06, 3.54572807737e-06, 3.33973366651e-06, 2.73079399449e-06, 2.50531479651e-06, 2.14277315536e-06, 1.72910665697e-06, 1.52065399561e-06, 1.53035102812e-06, 1.34390370476e-06, 1.18406842375e-06, 9.74719796432e-07, 7.58126475375e-07, 6.89902378781e-07, 6.11643940829e-07],
        "mean": [0.501556456089, 0.0207427833229, 0.00737123657018, 0.00098914525006, 0.000426597165642, 0.000295102654491, 0.000186656310689, 0.000103645055788, 5.5582877394e-05, 4.10059656133e-05, 2.92321055895e-05, 1.57634603966e-05, 1.09166930997e-05, 7.07004255673e-06, 4.66097526441e-06, 3.7278457512e-06, 7.05346246832e-06, 8.60914860823e-06, 1.98348902813e-06, 1.06421418877e-06, 6.88316674768e-07, 4.76017987694e-07, 3.95765141548e-07, 3.52882096877e-07, 3.52004832394e-07, 2.9001549251e-07, 2.40757174197e-07, 2.18719151235e-07, 1.57370763532e-07, 1.12981808797e-07, 1.04372759324e-07, 8.70296332778e-08, 7.39515897408e-08, 5.27626475844e-08, 4.07653466539e-08, 3.05990148775e-08, 1.77218737463e-08, 1.06298649882e-08, 6.43342179529e-09, 3.98627264531e-09],
        "median": [0.510981142521, 0.0196565631777, 0.00718271452934, 0.000888781039976, 0.000357711251127, 0.000234120583627, 0.000147206752445, 8.89605289558e-05, 4.14758324041e-05, 3.27211673721e-05, 2.2836979042e-05, 1.21001930893e-05, 8.56624501466e-06, 5.96880363446e-06, 3.91734283767e-06, 3.17787680615e-06, 6.36014965494e-06, 7.40227551432e-06, 1.62359788192e-06, 8.95250309441e-07, 5.48576167603e-07, 3.76741212449e-07, 2.84792946559e-07, 2.38345478465e-07, 2.31712590448e-07, 1.88961706726e-07, 1.51221968281e-07, 1.23097066762e-07, 9.30415779976e-08, 7.39595833466e-08, 6.94334545415e-08, 5.26612495833e-08, 3.67427759329e-08, 2.52491005881e-08, 2.01527274868e-08, 1.24475505459e-08, 7.47882111796e-09, 4.91457141649e-09, 3.02642000349e-09, 2.08256834e-09],
        "min": [3.43972489381e-11, 1.31225013494e-11, 7.03316571649e-12, 1.8836447159e-12, 2.02239874153e-12, 2.57408265709e-12, 9.25257266637e-13, 2.78068963255e-13, 2.8301506646e-13, 7.52399336411e-13, 1.29811016537e-12, 3.79911298818e-13, 7.17925827294e-13, 1.57934131268e-13, 2.48845865788e-13, 1.09474994174e-12, 4.35276109861e-13, 9.82012106181e-13, 7.58808814394e-13, 3.64875772825e-13, 3.34970685087e-13, 1.21156220906e-12, 2.42256692137e-12, 1.0644774992e-12, 1.12432632648e-12, 1.10374188088e-12, 1.38942297338e-12, 7.38716542364e-13, 2.29402299023e-13, 3.56618326449e-13, 3.88563150839e-13, 5.68133918816e-13, 1.29068576573e-12, 1.24313352581e-12, 1.92611746865e-12, 1.47097741973e-12, 5.51399149864e-13, 5.34537583467e-13, 5.02021818213e-13, 3.73070958891e-13],
        "stdev": [0.0787549465895, 0.00817465316504, 0.0031601015944, 0.00057911867043, 0.000298058381304, 0.000236727384618, 0.00024763320107, 7.30445826775e-05, 6.917391147e-05, 2.85928435915e-05, 3.69107838196e-05, 3.1673531339e-05, 1.26296254166e-05, 7.08384868631e-06, 3.35945810548e-06, 2.45403566623e-06, 3.71430905943e-06, 5.54277494302e-06, 2.63676793111e-06, 1.138621883e-06, 1.08070616989e-06, 5.31663545189e-07, 7.09790640485e-07, 6.50960430448e-07, 4.68659351327e-07, 3.77565044118e-07, 3.02661618434e-07, 3.24724169332e-07, 2.32374674169e-07, 1.53777818923e-07, 1.40553311212e-07, 1.22740956954e-07, 1.21211968462e-07, 9.93145405914e-08, 7.76697746119e-08, 6.80145078036e-08, 5.08084951889e-08, 3.61715528641e-08, 3.16859818383e-08, 2.78222209715e-08],
        "var": [0.00620234198868, 6.68249558657e-05, 9.98624182103e-06, 3.35378445016e-07, 8.88388029807e-08, 5.60398518701e-08, 6.1322197098e-08, 5.3355115881e-09, 4.78503014989e-09, 8.17550749321e-10, 1.3624058548e-09, 1.00321262408e-09, 1.59507448916e-10, 5.01809115094e-11, 1.1285958279e-11, 6.02229160637e-12, 1.37960910057e-11, 3.07223517459e-11, 6.95254487662e-12, 1.2964596844e-12, 1.16792578213e-12, 2.82666143096e-13, 5.03802782912e-13, 4.23749468674e-13, 2.1964157923e-13, 1.4255536042e-13, 9.16040518179e-14, 1.05445789903e-13, 5.39979912455e-14, 2.36476165933e-14, 1.97552325383e-14, 1.50653415524e-14, 1.46923404297e-14, 9.86337849232e-15, 6.03259363782e-15, 4.62597303264e-15, 2.58150316038e-15, 1.30838119456e-15, 1.00400138727e-15, 7.74075934864e-16]
    },
