{
"lowlevel": {
    "average_loudness": 0.99068403244,
    "barkbands_crest": {
        "dmean": 2.34758758545,
        "dmean2": 3.64637303352,
        "dvar": 8.81879615784,
        "dvar2": 27.6976985931,
        "max": 24.8680343628,
        "mean": 10.5091161728,
        "median": 9.1925201416,
        "min": 3.5408847332,
        "stdev": 4.26553916931,
        "var": 18.1948242188
    },
    "barkbands_flatness_db": {
        "dmean": 0.0219710804522,
        "dmean2": 0.0229190401733,
        "dvar": 0.000647075939924,
        "dvar2": 0.000561466731597,
        "max": 0.535529732704,
        "mean": 0.304772853851,
        "median": 0.383736670017,
        "min": 0.0515461117029,
        "stdev": 0.141407266259,
        "var": 0.0199960134923
    },
    "barkbands_kurtosis": {
        "dmean": 1.92324244976,
        "dmean2": 3.21317481995,
        "dvar": 33.9394569397,
        "dvar2": 91.4231109619,
        "max": 38.65076828,
        "mean": 1.14600360394,
        "median": 0.303114652634,
        "min": -1.81786644459,
        "stdev": 5.1120557785,
        "var": 26.1331138611
    },
    "barkbands_skewness": {
        "dmean": 0.390847057104,
        "dmean2": 0.518164753914,
        "dvar": 0.316872537136,
        "dvar2": 0.673064291477,
        "max": 3.71137714386,
        "mean": 0.027501039207,
        "median": -0.353468716145,
        "min": -1.38164126873,
        "stdev": 1.00258100033,
        "var": 1.00516867638
    },
    "barkbands_spread": {
        "dmean": 3.36022400856,
        "dmean2": 4.35090351105,
        "dvar": 37.963558197,
        "dvar2": 73.6822357178,
        "max": 58.1316146851,
        "mean": 12.4915390015,
        "median": 6.03420829773,
        "min": 1.10001170635,
        "stdev": 12.0557231903,
        "var": 145.34046936
    },
    "dissonance": {
        "dmean": 0.0390524715185,
        "dmean2": 0.0660337135196,
        "dvar": 0.00178724806756,
        "dvar2": 0.00411665951833,
        "max": 0.492448955774,
        "mean": 0.395126372576,
        "median": 0.392991960049,
        "min": 0.242895707488,
        "stdev": 0.0679096952081,
        "var": 0.00461172685027
    },
    "dynamic_complexity": 11.6848621368,
    "erbbands_crest": {
        "dmean": 2.19842243195,
        "dmean2": 3.20246863365,
        "dvar": 4.63136863708,
        "dvar2": 10.4161643982,
        "max": 28.8990688324,
        "mean": 12.6039953232,
        "median": 11.2523908615,
        "min": 3.90951633453,
        "stdev": 4.79381799698,
        "var": 22.9806919098
    },
    "erbbands_flatness_db": {
        "dmean": 0.0184750352055,
        "dmean2": 0.0170115288347,
        "dvar": 0.00051578367129,
        "dvar2": 0.000563794223126,
        "max": 0.561927676201,
        "mean": 0.342443287373,
        "median": 0.402260422707,
        "min": 0.0840397626162,
        "stdev": 0.13314075768,
        "var": 0.0177264604717
    },
    "erbbands_kurtosis": {
        "dmean": 1.20533418655,
        "dmean2": 1.92753696442,
        "dvar": 13.4817857742,
        "dvar2": 37.0287475586,
        "max": 24.5722961426,
        "mean": 1.44288027287,
        "median": 1.17743873596,
        "min": -1.51963984966,
        "stdev": 3.04146528244,
        "var": 9.25051116943
    },
    "erbbands_skewness": {
        "dmean": 0.286050885916,
        "dmean2": 0.416241079569,
        "dvar": 0.247715249658,
        "dvar2": 0.530313670635,
        "max": 4.04385232925,
        "mean": -0.14973385632,
        "median": -0.394967466593,
        "min": -1.15381443501,
        "stdev": 0.836026370525,
        "var": 0.698940098286
    },
    "erbbands_spread": {
        "dmean": 2.38788628578,
        "dmean2": 2.80917978287,
        "dvar": 10.4693460464,
        "dvar2": 19.0207767487,
        "max": 43.0292892456,
        "mean": 11.5298404694,
        "median": 6.57904148102,
        "min": 2.33425450325,
        "stdev": 8.81326293945,
        "var": 77.6736068726
    },
    "hfc": {
        "dmean": 2.51112246513,
        "dmean2": 2.32886648178,
        "dvar": 13.6045017242,
        "dvar2": 12.7265958786,
        "max": 62.7532348633,
        "mean": 24.8776454926,
        "median": 26.130821228,
        "min": 1.57799515677e-08,
        "stdev": 23.7271938324,
        "var": 562.979736328
    },
    "loudness_ebu128": {
        "integrated": -20.7112064362,
        "loudness_range": 0,
        "momentary": {
            "dmean": 3.78849697113,
            "dmean2": 2.41914725304,
            "dvar": 41.6948394775,
            "dvar2": 20.0846729279,
            "max": -18.9382266998,
            "mean": -25.1892089844,
            "median": -21.1850605011,
            "min": -58.6697006226,
            "stdev": 10.5371112823,
            "var": 111.030708313
        },
        "short_term": {
            "dmean": 0,
            "dmean2": 0,
            "dvar": 0,
            "dvar2": 0,
            "max": -25.004983902,
            "mean": -25.004983902,
            "median": -25.004983902,
            "min": -25.004983902,
            "stdev": 0,
            "var": 0
        }
    },
    "melbands_crest": {
        "dmean": 3.34886908531,
        "dmean2": 5.2421746254,
        "dvar": 18.7267932892,
        "dvar2": 57.9028701782,
        "max": 33.486366272,
        "mean": 14.0279808044,
        "median": 11.5786094666,
        "min": 3.92372393608,
        "stdev": 6.75490093231,
        "var": 45.6286849976
    },
    "melbands_flatness_db": {
        "dmean": 0.0217351466417,
        "dmean2": 0.0230420678854,
        "dvar": 0.000671081012115,
        "dvar2": 0.000785032461863,
        "max": 0.519396424294,
        "mean": 0.306905269623,
        "median": 0.352997124195,
        "min": 0.0338868536055,
        "stdev": 0.114705644548,
        "var": 0.0131573854014
    },
    "melbands_kurtosis": {
        "dmean": 2.11215782166,
        "dmean2": 3.28998184204,
        "dvar": 30.2514076233,
        "dvar2": 78.1082000732,
        "max": 38.1807136536,
        "mean": 1.44946801662,
        "median": -0.175628185272,
        "min": -1.76147282124,
        "stdev": 5.46895503998,
        "var": 29.9094696045
    },
    "melbands_skewness": {
        "dmean": 0.403280943632,
        "dmean2": 0.588830828667,
        "dvar": 0.301171422005,
        "dvar2": 0.787328362465,
        "max": 4.03806591034,
        "mean": 0.377904057503,
        "median": -0.0332442857325,
        "min": -0.587662637234,
        "stdev": 1.01180148125,
        "var": 1.02374219894
    },
    "melbands_spread": {
        "dmean": 5.18103456497,
        "dmean2": 6.13475084305,
        "dvar": 164.159210205,
        "dvar2": 156.295150757,
        "max": 154.798904419,
        "mean": 20.3062801361,
        "median": 14.2624769211,
        "min": 1.57362663746,
        "stdev": 20.1217937469,
        "var": 404.88659668
    },
    "pitch_salience": {
        "dmean": 0.0662885382771,
        "dmean2": 0.107558272779,
        "dvar": 0.0109253041446,
        "dvar2": 0.0315733328462,
        "max": 0.983527898788,
        "mean": 0.684155404568,
        "median": 0.708778202534,
        "min": 0.211781382561,
        "stdev": 0.188985317945,
        "var": 0.0357154496014
    },
    "silence_rate_20dB": {
        "dmean": 0,
        "dmean2": 0,
        "dvar": 0,
        "dvar2": 0,
        "max": 1,
        "mean": 1,
        "median": 1,
        "min": 1,
        "stdev": 0,
        "var": 0
    },
    "silence_rate_30dB": {
        "dmean": 0,
        "dmean2": 0,
        "dvar": 0,
        "dvar2": 0,
        "max": 1,
        "mean": 1,
        "median": 1,
        "min": 1,
        "stdev": 0,
        "var": 0
    },
    "silence_rate_60dB": {
        "dmean": 0.0294117648154,
        "dmean2": 0.0597014911473,
        "dvar": 0.0285467188805,
        "dvar2": 0.0561372302473,
        "max": 1,
        "mean": 0.420289844275,
        "median": 0,
        "min": 0,
        "stdev": 0.493605166674,
        "var": 0.243646070361
    },
    "spectral_centroid": {
        "dmean": 130.142456055,
        "dmean2": 142.58821106,
        "dvar": 49418.5117188,
        "dvar2": 85898.453125,
        "max": 3640.2409668,
        "mean": 1316.65185547,
        "median": 1071.22900391,
        "min": 708.556945801,
        "stdev": 561.093322754,
        "var": 314825.6875
    },
    "spectral_complexity": {
        "dmean": 0.470588237047,
        "dmean2": 0.626865684986,
        "dvar": 0.719723403454,
        "dvar2": 0.830919742584,
        "max": 12,
        "mean": 5.92753601074,
        "median": 8,
        "min": 0,
        "stdev": 5.13955783844,
        "var": 26.4150524139
    },
    "spectral_decrease": {
        "dmean": 5.66405755631e-10,
        "dmean2": 4.74877082102e-10,
        "dvar": 6.10115029833e-19,
        "dvar2": 5.50183933297e-19,
        "max": -6.62133523424e-20,
        "mean": -5.71242342318e-09,
        "median": -6.2814415891e-09,
        "min": -1.47210448276e-08,
        "stdev": 5.45213563186e-09,
        "var": 2.97257808684e-17
    },
    "spectral_energy": {
        "dmean": 0.00236372556537,
        "dmean2": 0.00199813884683,
        "dvar": 1.07538817247e-05,
        "dvar2": 9.74756403593e-06,
        "max": 0.0611638687551,
        "mean": 0.0238164458424,
        "median": 0.0260777138174,
        "min": 1.68119272843e-12,
        "stdev": 0.0227262414992,
        "var": 0.000516482046805
    },
    "spectral_energyband_high": {
        "dmean": 2.58948603005e-07,
        "dmean2": 2.98333333149e-07,
        "dvar": 8.7432936325e-14,
        "dvar2": 1.40054824292e-13,
        "max": 5.01170097778e-06,
        "mean": 1.32365823902e-06,
        "median": 4.49756527132e-07,
        "min": 1.08498117175e-12,
        "stdev": 1.54542863129e-06,
        "var": 2.38834971765e-12
    },
    "spectral_energyband_low": {
        "dmean": 3.02193001289e-07,
        "dmean2": 5.10562870204e-07,
        "dvar": 1.21116224688e-13,
        "dvar2": 3.13980503923e-13,
        "max": 2.45048067882e-06,
        "mean": 4.37344226611e-07,
        "median": 2.88608958954e-07,
        "min": 1.10694229661e-13,
        "stdev": 4.68244138574e-07,
        "var": 2.19252581043e-13
    },
    "spectral_energyband_middle_high": {
        "dmean": 0.00201105885208,
        "dmean2": 0.00189088995103,
        "dvar": 7.94286461314e-06,
        "dvar2": 7.77516834205e-06,
        "max": 0.0496650747955,
        "mean": 0.0175935477018,
        "median": 0.0194135308266,
        "min": 3.2372054256e-13,
        "stdev": 0.0173654574901,
        "var": 0.000301559135551
    },
    "spectral_energyband_middle_low": {
        "dmean": 0.000727953098249,
        "dmean2": 0.000601051200647,
        "dvar": 1.14092927106e-06,
        "dvar2": 8.42224551434e-07,
        "max": 0.0152684152126,
        "mean": 0.00622096098959,
        "median": 0.0076843672432,
        "min": 4.04423605607e-14,
        "stdev": 0.00576219381765,
        "var": 3.32028794219e-05
    },
    "spectral_entropy": {
        "dmean": 0.148454144597,
        "dmean2": 0.126259818673,
        "dvar": 0.0462296269834,
        "dvar2": 0.0242504701018,
        "max": 8.9034986496,
        "mean": 6.25842857361,
        "median": 5.57807445526,
        "min": 4.41191720963,
        "stdev": 1.19249522686,
        "var": 1.42204475403
    },
    "spectral_flux": {
        "dmean": 0.0096263345331,
        "dmean2": 0.012118762359,
        "dvar": 0.000188513411558,
        "dvar2": 0.000428475177614,
        "max": 0.102248936892,
        "mean": 0.0219898913056,
        "median": 0.00935840327293,
        "min": 0.000310544244712,
        "stdev": 0.0254700388759,
        "var": 0.000648722925689
    },
    "spectral_kurtosis": {
        "dmean": 17.867307663,
        "dmean2": 30.7406215668,
        "dvar": 312.581420898,
        "dvar2": 1017.89355469,
        "max": 99.7505264282,
        "mean": 40.3633537292,
        "median": 37.0925102234,
        "min": 1.65691709518,
        "stdev": 30.5416259766,
        "var": 932.79095459
    },
    "spectral_rms": {
        "dmean": 0.000268043047981,
        "dmean2": 0.000211260674405,
        "dvar": 1.83962896472e-07,
        "dvar2": 9.30780004182e-08,
        "max": 0.00772476987913,
        "mean": 0.00364766689017,
        "median": 0.00504397368059,
        "min": 4.04992341885e-08,
        "stdev": 0.00315120234154,
        "var": 9.93007688521e-06
    },
    "spectral_rolloff": {
        "dmean": 387.914306641,
        "dmean2": 376.348968506,
        "dvar": 1967600.75,
        "dvar2": 925950.75,
        "max": 17032.7636719,
        "mean": 1687.70373535,
        "median": 1399.65820312,
        "min": 43.06640625,
        "stdev": 2033.17114258,
        "var": 4133785
    },
    "spectral_skewness": {
        "dmean": 1.15698587894,
        "dmean2": 1.95168888569,
        "dvar": 1.07732200623,
        "dvar2": 3.95294880867,
        "max": 7.43392467499,
        "mean": 3.92542028427,
        "median": 3.65170741081,
        "min": 1.13591587543,
        "stdev": 1.81975758076,
        "var": 3.31151771545
    },
    "spectral_spread": {
        "dmean": 378188.96875,
        "dmean2": 513052.90625,
        "dvar": 448835747840,
        "dvar2": 427819958272,
        "max": 10932452,
        "mean": 2207386,
        "median": 1377218,
        "min": 729361.0625,
        "stdev": 1742156.5,
        "var": 3.03510926131e+12
    },
    "spectral_strongpeak": {
        "dmean": 0.545220017433,
        "dmean2": 0.742157816887,
        "dvar": 0.79715192318,
        "dvar2": 1.58889782429,
        "max": 8.18027114868,
        "mean": 3.04499197006,
        "median": 3.51787114143,
        "min": 0,
        "stdev": 2.86532735825,
        "var": 8.21010112762
    },
    "zerocrossingrate": {
        "dmean": 0.00713034253567,
        "dmean2": 0.00917531456798,
        "dvar": 0.000125942096929,
        "dvar2": 0.000228060103836,
        "max": 0.091796875,
        "mean": 0.0507670976222,
        "median": 0.0458984375,
        "min": 0.0283203125,
        "stdev": 0.0132185295224,
        "var": 0.000174729517312
    },
    "barkbands": {
        "dmean": [4.91535047331e-07, 1.12697108534e-07, 4.93118479383e-09, 2.57064347586e-09, 8.55868274812e-05, 6.4825091961e-09, 0.000294278521324, 8.24523027632e-08, 0.000677573145367, 0.000222509494051, 0.00119900982827, 0.00144864944741, 0.00145580072422, 0.000400135642849, 0.000108159270894, 3.08146336465e-05, 3.44623695128e-05, 8.53428900882e-06, 1.76883452241e-06, 5.47913771243e-07, 1.91851540876e-07, 5.93917484082e-08, 1.44662086754e-08, 7.94207455357e-09, 1.31072841469e-08, 2.69626498905e-09, 1.5780321494e-09],
        "dmean2": [8.4117635879e-07, 2.04222814659e-07, 9.1769205568e-09, 4.51753123798e-09, 4.3393982196e-05, 1.15693437053e-08, 0.000187854180695, 9.71270424088e-08, 0.000545100483578, 0.000210722049815, 0.000878424791154, 0.00134537601843, 0.00147941894829, 0.000464186654426, 0.000139814917929, 3.72131580662e-05, 3.86406682082e-05, 9.92288732959e-06, 2.32550769397e-06, 7.02574197931e-07, 2.43570923431e-07, 9.55574037675e-08, 2.20357634362e-08, 1.21587602209e-08, 2.04348538091e-08, 4.27820134874e-09, 2.89575430301e-09],
        "dvar": [3.05004800713e-13, 1.55885266989e-14, 3.81102820806e-17, 3.94610018464e-17, 1.7937784591e-08, 7.04722280042e-17, 3.24273742081e-07, 2.43407334897e-14, 1.28869533e-06, 1.61481892746e-07, 4.7225094022e-06, 5.71722011955e-06, 5.93210552324e-06, 6.97824134477e-07, 3.64103165396e-08, 2.16642281892e-09, 3.28404636818e-09, 1.79550860291e-10, 5.52504396401e-12, 7.78186814033e-13, 6.10829204058e-14, 5.79313064736e-15, 3.02575230064e-16, 1.82489886824e-16, 3.04272895848e-16, 1.70148305763e-17, 4.78288816914e-18],
        "dvar2": [7.3428302284e-13, 5.08905526227e-14, 1.04689017264e-16, 1.13020731118e-16, 4.35623270789e-09, 1.98209759534e-16, 1.17601508975e-07, 2.93063133711e-14, 9.13886424314e-07, 2.40734010504e-07, 3.51468588633e-06, 6.50047559247e-06, 6.1915779952e-06, 1.08167660073e-06, 8.67678622285e-08, 3.31202087978e-09, 5.14248421624e-09, 3.57435636644e-10, 9.76100884148e-12, 1.34039394167e-12, 9.36374323348e-14, 1.70355689868e-14, 6.66386442352e-16, 4.53365597051e-16, 8.24727128682e-16, 3.9875422642e-17, 1.53088549353e-17],
        "max": [3.65748860531e-06, 7.89752448327e-07, 4.26681694421e-08, 3.91002004108e-08, 0.00250230496749, 4.83499782433e-08, 0.00980641506612, 1.69075940448e-06, 0.0138703286648, 0.00412357551977, 0.0268763899803, 0.0269577372819, 0.0228900965303, 0.00708685535938, 0.00130731682293, 0.00050455564633, 0.000629241403658, 0.000117891962873, 3.67926841136e-05, 6.62578986521e-06, 3.01027398564e-06, 7.92705407093e-07, 1.7479007397e-07, 8.62508429122e-08, 1.82070678534e-07, 4.51708750404e-08, 1.0263958572e-08],
        "mean": [5.56831537324e-07, 1.24377379507e-07, 6.15896134093e-09, 2.58632026906e-09, 0.000604816712439, 1.12284324061e-08, 0.00238623796031, 2.12851688275e-07, 0.00322965881787, 0.000710629334208, 0.0053890850395, 0.00466459523886, 0.00492254178971, 0.00122420140542, 0.000399323238526, 0.000118986339658, 0.000123671095935, 3.03311790049e-05, 9.04116222955e-06, 1.41746249938e-06, 7.29886096451e-07, 1.84849696439e-07, 5.03223027692e-08, 2.54309995285e-08, 4.75008583578e-08, 1.18207870159e-08, 2.98730506998e-09],
        "median": [3.53030657152e-07, 8.33731519378e-08, 4.81220219228e-09, 1.21318066704e-09, 0.000121445467812, 9.65199831171e-09, 0.000300851475913, 4.6498030315e-08, 0.00216802000068, 5.94384509895e-05, 0.00050714914687, 0.000718074326869, 0.00126609497238, 9.81729244813e-05, 8.39667118271e-05, 8.415744378e-05, 3.49000183633e-05, 1.3634118659e-05, 5.04489480591e-06, 2.63533166844e-07, 1.15438972159e-07, 1.26214771967e-07, 1.63063624825e-08, 1.22556471638e-08, 2.34673436239e-08, 6.24729157295e-09, 2.18089724058e-09],
        "min": [4.92139965932e-14, 5.84562170262e-14, 2.18203784848e-14, 9.87549275753e-15, 5.3860821883e-15, 2.84206341221e-15, 2.27382055987e-15, 1.08229677187e-14, 6.36440693644e-15, 2.04541397518e-14, 6.22553359775e-14, 4.34215109615e-14, 1.2277114072e-14, 1.54017508518e-14, 1.54488272489e-14, 1.11672569656e-14, 3.06547694943e-14, 3.04030922888e-14, 3.19269418303e-14, 6.05842483928e-14, 5.96923430281e-14, 8.66458394291e-14, 9.21002572709e-14, 1.75645129409e-13, 1.11456430565e-13, 2.38366780741e-13, 3.42060635459e-13],
        "stdev": [6.29202872915e-07, 1.39752302175e-07, 5.69937208539e-09, 5.08540853872e-09, 0.000851443852298, 8.96518947968e-09, 0.00302570383064, 3.30477007537e-07, 0.00385772436857, 0.000975190370809, 0.00706593040377, 0.00649475026876, 0.00629290100187, 0.00185200560372, 0.00046697279322, 0.000137738810736, 0.00015798023378, 3.56168129656e-05, 1.10943383334e-05, 1.93609412236e-06, 9.24956964354e-07, 2.03494380457e-07, 5.69921247973e-08, 2.65653028464e-08, 5.29695860507e-08, 1.24851071703e-08, 2.5171214002e-09],
        "var": [3.95896260653e-13, 1.95307044327e-14, 3.24828433332e-17, 2.58613799894e-17, 7.24956635167e-07, 8.03746188753e-17, 9.15488362807e-06, 1.09215059414e-13, 1.48820372488e-05, 9.50996252413e-07, 4.9927373766e-05, 4.21817821916e-05, 3.96006034862e-05, 3.42992484548e-06, 2.18063590296e-07, 1.89719795429e-08, 2.49577549738e-08, 1.26855725924e-09, 1.23084334391e-10, 3.74846030951e-12, 8.55545397981e-13, 4.14099601777e-14, 3.24810241976e-15, 7.05715293823e-16, 2.80577694426e-15, 1.55877911566e-16, 6.33589991687e-18]
    },
    "erbbands": {
        "dmean": [9.43572831602e-06, 5.6836179283e-06, 3.42758939951e-05, 0.00113429140765, 0.0762382298708, 0.499074935913, 0.0530119054019, 0.0399754829705, 2.23776435852, 3.67202687263, 0.637851417065, 19.7769794464, 3.12181067467, 52.7386703491, 9.96232795715, 68.1090698242, 62.2894935608, 14.259554863, 9.62090206146, 3.0186727047, 2.0303311348, 0.949116230011, 0.523867845535, 0.120996251702, 0.0635363832116, 0.0157234314829, 0.0104096615687, 0.00343899731524, 0.0023296745494, 0.00090775010176, 0.000346410815837, 0.000138989766128, 0.0001640226983, 0.00015881213767, 0.00010383832705, 1.88188332686e-05, 5.64300216865e-06, 1.23846359656e-06, 1.3252770259e-06, 2.83803206003e-06],
        "dmean2": [1.66522786458e-05, 8.9475124696e-06, 2.26799675147e-05, 0.000616674078628, 0.0407442636788, 0.249616593122, 0.026072204113, 0.0254193153232, 1.41039049625, 2.34263324738, 0.551234781742, 15.9034986496, 2.42060089111, 40.124458313, 7.46758890152, 62.1396560669, 63.929649353, 14.5389814377, 9.41781997681, 3.6441180706, 2.03022503853, 1.0998032093, 0.610014617443, 0.134729862213, 0.0637889802456, 0.0209429059178, 0.0128725105897, 0.00452415505424, 0.00364474207163, 0.00136281480081, 0.000525685434695, 0.000213737919694, 0.000245220726356, 0.000239675558987, 0.000150028354255, 3.01188538288e-05, 8.70052099344e-06, 1.94523818209e-06, 1.24425480408e-06, 2.4142195798e-06],
        "dvar": [1.11334275132e-10, 3.74982545015e-11, 2.53429677244e-09, 3.39242978953e-06, 0.015341706574, 0.600903391838, 0.00639671459794, 0.00500176195055, 16.6352825165, 52.5841217041, 1.15708720684, 1119.44445801, 30.4987640381, 8631.26757812, 200.092346191, 12172.7119141, 11019.8642578, 522.408569336, 328.746917725, 21.8778476715, 11.0184259415, 2.13963317871, 0.724650919437, 0.0276743192226, 0.00646394258365, 0.000583164510317, 0.000171535590198, 2.05043634196e-05, 8.62823162606e-06, 1.35336574658e-06, 1.93889903244e-07, 7.55283693366e-08, 5.40507301139e-08, 3.70121959747e-08, 1.96344256409e-08, 7.52373663371e-10, 5.19860127168e-11, 2.61018875784e-12, 3.33836343985e-12, 1.57222880548e-11],
        "dvar2": [3.44953732245e-10, 8.82132977775e-11, 6.91967039224e-10, 9.6254757409e-07, 0.00428876886144, 0.142126023769, 0.00158449192531, 0.00193625374231, 6.10270881653, 20.4614276886, 0.955179214478, 796.283447266, 21.6052188873, 7728.87011719, 216.718307495, 13761.1748047, 11359.4248047, 556.826477051, 421.798736572, 50.3042068481, 13.1922292709, 3.42009520531, 1.46819484234, 0.0484602041543, 0.00900646019727, 0.0011687889928, 0.000280767766526, 3.38763638865e-05, 2.45143346547e-05, 3.57804560736e-06, 3.94478718135e-07, 1.82254296988e-07, 1.36994714239e-07, 1.02612929709e-07, 5.65706130828e-08, 1.70037228742e-09, 1.26955904123e-10, 6.44890651297e-12, 2.99338700528e-12, 1.43255476925e-11],
        "max": [7.21235264791e-05, 7.33422057237e-05, 0.000920404738281, 0.0324696265161, 2.19420099258, 14.640007019, 1.57891130447, 1.3021222353, 74.0065231323, 121.184715271, 13.5227718353, 398.681152344, 82.306022644, 1128.44628906, 252.687240601, 1269.16186523, 998.452392578, 277.60446167, 195.475524902, 48.5056419373, 46.6881752014, 17.400510788, 8.2527885437, 2.53632307053, 1.39374041557, 0.223351642489, 0.186148375273, 0.046465780586, 0.0277198944241, 0.0141012556851, 0.00361486105248, 0.00157098704949, 0.00181202427484, 0.0019112334121, 0.00144808436744, 0.000322616106132, 0.000100361910881, 1.68229562405e-05, 3.3574848203e-05, 7.31250474928e-05],
        "mean": [1.30717517095e-05, 2.10105627048e-05, 0.000229232420679, 0.00780894374475, 0.526708185673, 3.54524850845, 0.388347089291, 0.329378843307, 18.0492019653, 28.9325199127, 4.18406772614, 94.6884841919, 24.754234314, 226.46295166, 71.1476287842, 229.286224365, 228.838973999, 88.8004760742, 41.2755012512, 16.2483081818, 8.26690578461, 4.4989695549, 2.09855604172, 0.738811910152, 0.302262842655, 0.061788469553, 0.0405077636242, 0.0123524609953, 0.007069863379, 0.00371565599926, 0.00121147115715, 0.000447836413514, 0.000562831119169, 0.000580567109864, 0.000326208042679, 8.3492603153e-05, 3.03003707813e-05, 6.67484118821e-06, 1.34943220473e-05, 2.8624857805e-05],
        "median": [9.18729165278e-06, 1.23547388284e-05, 5.28345444764e-05, 0.00164214591496, 0.109614782035, 0.703457415104, 0.0753565579653, 0.0450293496251, 2.3765335083, 3.78408432007, 4.02640867233, 64.1218643188, 27.5581073761, 23.4583206177, 9.63534736633, 48.7184104919, 80.4298171997, 87.7096786499, 9.61852073669, 9.92953777313, 7.13762664795, 2.05606818199, 1.33162641525, 0.301926314831, 0.111660391092, 0.0151803325862, 0.00834517739713, 0.00463220197707, 0.00410772301257, 0.00102705543395, 0.000419826537836, 0.000220034300582, 0.000283663161099, 0.000361919752322, 0.000132739412948, 5.66156122659e-05, 2.38183474721e-05, 6.14541886534e-06, 1.4502889826e-05, 3.11766416417e-05],
        "min": [2.3867357743e-12, 1.07909176386e-11, 2.49398921653e-11, 3.21576550111e-11, 2.42978727416e-11, 1.51927862652e-11, 2.25091646711e-11, 2.15064719505e-11, 1.38456902193e-11, 1.20065762887e-10, 2.46691778116e-10, 1.47112086402e-10, 3.44148293197e-10, 1.35002276025e-09, 2.86807511074e-09, 1.38152622675e-09, 6.10392181244e-10, 6.79284017924e-10, 9.20975296026e-10, 5.33977584372e-10, 1.06418218682e-09, 1.72620195915e-09, 1.86534987456e-09, 1.05302555564e-09, 2.72211075902e-09, 3.00493852023e-09, 2.55175724995e-09, 2.11882245083e-09, 2.44422260209e-09, 3.18709747482e-09, 2.67852295899e-09, 4.31084812291e-09, 2.61794452783e-09, 1.3608552063e-09, 5.46821365965e-10, 7.02031155431e-10, 5.21951648569e-10, 2.13388778869e-10, 4.1514919974e-11, 4.71653705675e-12],
        "stdev": [1.33888679557e-05, 2.19619905693e-05, 0.000313093973091, 0.0111443260685, 0.752709448338, 4.97552776337, 0.528845489025, 0.407323271036, 22.8523197174, 36.7351722717, 4.29728651047, 113.483558655, 24.1032180786, 295.054992676, 82.9351425171, 309.363677979, 281.679504395, 89.7908859253, 53.980506897, 17.2189731598, 10.3375854492, 5.13117074966, 2.35893535614, 0.853811621666, 0.391367405653, 0.0753369554877, 0.0528307631612, 0.0140710230917, 0.00783758237958, 0.00444720964879, 0.00129334779922, 0.000477608264191, 0.000573581899516, 0.000605401932262, 0.000389336200897, 8.90093215276e-05, 2.91027408821e-05, 5.8671048464e-06, 1.27194789457e-05, 2.72922443401e-05],
        "var": [1.79261785971e-10, 4.82329010065e-10, 9.80278329621e-08, 0.000124196012621, 0.566571474075, 24.7558765411, 0.279677569866, 0.165912240744, 522.228515625, 1349.47277832, 18.46667099, 12878.5175781, 580.965087891, 87057.453125, 6878.23828125, 95705.890625, 79343.3515625, 8062.40380859, 2913.89526367, 296.493041992, 106.86566925, 26.3289146423, 5.56457567215, 0.728994250298, 0.153168454766, 0.005675656721, 0.00279108947143, 0.000197993678739, 6.14276941633e-05, 1.97776735149e-05, 1.67274845353e-06, 2.28109655609e-07, 3.28996179633e-07, 3.6651150026e-07, 1.51582668195e-07, 7.92265986149e-09, 8.46969494539e-10, 3.44229193761e-11, 1.6178514084e-10, 7.44866612834e-10]
    },
    "gfcc": {
        "mean": [-287.971435547, 108.558639526, -197.646224976, -63.1612167358, -42.0506477356, -8.16287136078, -27.1720027924, -8.73512649536, -25.5003795624, -4.93193244934, -8.74778747559, -9.41466712952, -3.45937991142],
        "cov": [[45747.4609375, 10119.0283203, -9960.90820312, -8607.72949219, -1677.56188965, -3431.91064453, -2502.20092773, -3110.6484375, -709.208190918, -2631.40087891, -332.163024902, -1238.61572266, -354.02822876], [10119.0283203, 2991.51367188, -1945.36767578, -2021.31225586, -287.01864624, -942.701416016, -731.92565918, -957.397460938, -336.124755859, -787.00189209, -124.06640625, -234.521713257, -86.1837158203], [-9960.90820312, -1945.36767578, 2574.65429688, 2156.76782227, 414.316436768, 693.416015625, 409.911010742, 517.444946289, 14.9566898346, 511.243103027, 55.6675872803, 364.715087891, 96.758895874], [-8607.72949219, -2021.31225586, 2156.76782227, 2075.50097656, 344.71270752, 695.290771484, 390.918212891, 553.598754883, 17.3971061707, 528.831298828, 48.1811218262, 343.963043213, 116.002197266], [-1677.56188965, -287.01864624, 414.316436768, 344.71270752, 213.14012146, 112.046394348, 27.7164096832, 28.5295715332, -7.40633058548, 40.4189224243, -3.00483965874, 60.5377693176, 20.988451004], [-3431.91064453, -942.701416016, 693.416015625, 695.290771484, 112.046394348, 367.600097656, 260.768981934, 330.546539307, 81.2083740234, 272.971435547, 29.5125579834, 68.4604721069, 28.2796268463], [-2502.20092773, -731.92565918, 409.911010742, 390.918212891, 27.7164096832, 260.768981934, 301.361785889, 346.448730469, 142.04107666, 261.831726074, 31.6167430878, 5.0624127388, -11.6389007568], [-3110.6484375, -957.397460938, 517.444946289, 553.598754883, 28.5295715332, 330.546539307, 346.448730469, 468.104827881, 174.923873901, 355.602355957, 50.0165710449, 36.7406806946, 10.7144699097], [-709.208190918, -336.124755859, 14.9566898346, 17.3971061707, -7.40633058548, 81.2083740234, 142.04107666, 174.923873901, 179.115570068, 135.100769043, 39.5500946045, -22.8717536926, -23.4734802246], [-2631.40087891, -787.00189209, 511.243103027, 528.831298828, 40.4189224243, 272.971435547, 261.831726074, 355.602355957, 135.100769043, 316.771789551, 52.7380714417, 57.7770843506, 12.1825819016], [-332.163024902, -124.06640625, 55.6675872803, 48.1811218262, -3.00483965874, 29.5125579834, 31.6167430878, 50.0165710449, 39.5500946045, 52.7380714417, 38.9292640686, 22.9803562164, 11.4263935089], [-1238.61572266, -234.521713257, 364.715087891, 343.963043213, 60.5377693176, 68.4604721069, 5.0624127388, 36.7406806946, -22.8717536926, 57.7770843506, 22.9803562164, 117.371414185, 45.63829422], [-354.02822876, -86.1837158203, 96.758895874, 116.002197266, 20.988451004, 28.2796268463, -11.6389007568, 10.7144699097, -23.4734802246, 12.1825819016, 11.4263935089, 45.63829422, 41.5117988586]],
        "icov": [[0.000924084626604, -0.00253923842683, 0.00408956734464, -0.00370289734565, 0.00106329866685, -5.62020759389e-05, -0.000188326506759, 0.00205095834099, -0.0015636588214, -0.000554634083528, -0.0027781301178, 0.00219523534179, -2.72607121587e-05], [-0.00253923842683, 0.0126204639673, -0.0138579383492, 0.0178151745349, -0.00308626703918, 0.00433150585741, 0.00473124533892, -0.00475093116984, 0.010959174484, -0.0045089754276, 0.0151835242286, -0.00998446904123, 0.00254411576316], [0.00408956734464, -0.0138579383492, 0.023714678362, -0.0248898714781, 0.00329752964899, -0.000524377508555, -0.00752709526569, 0.0109241530299, -0.00923856906593, 0.00208037160337, -0.0199027247727, 0.0103749884292, 0.00238117086701], [-0.00370289734565, 0.0178151745349, -0.0248898714781, 0.0353888384998, -0.00418190704659, -0.00163168972358, 0.012509166263, -0.00970949791372, 0.0165057592094, -0.0110760563985, 0.0310379602015, -0.0227389596403, 0.00280930916779], [0.00106329866685, -0.00308626703918, 0.00329752964899, -0.00418190704659, 0.00983498897403, -0.00379750272259, 0.000907436129637, 0.00515116425231, -0.00540029117838, 0.000190769584151, 0.000615189317614, 0.00230155466124, -0.00260935327969], [-5.62020759389e-05, 0.00433150585741, -0.000524377508555, -0.00163168972358, -0.00379750272259, 0.0256033595651, -0.00811135210097, 0.000591555435676, 0.00654269894585, -0.0058858175762, 0.000705957238097, 0.00887744594365, -0.00818087626249], [-0.000188326506759, 0.00473124533892, -0.00752709526569, 0.012509166263, 0.000907436129637, -0.00811135210097, 0.0426698625088, -0.023641332984, 0.00326184136793, -0.00351354666054, 0.00828775949776, -0.00155126373284, 0.0162375476211], [0.00205095834099, -0.00475093116984, 0.0109241530299, -0.00970949791372, 0.00515116425231, 0.000591555435676, -0.023641332984, 0.0421644486487, -0.00839450396597, -0.0229600667953, 0.00439770007506, 0.00758732529357, -0.0187819395214], [-0.0015636588214, 0.010959174484, -0.00923856906593, 0.0165057592094, -0.00540029117838, 0.00654269894585, 0.00326184136793, -0.00839450396597, 0.0276445485651, -0.00729932775721, 0.000316715828376, -0.0094264857471, 0.0142317665741], [-0.000554634083528, -0.0045089754276, 0.00208037160337, -0.0110760563985, 0.000190769584151, -0.0058858175762, -0.00351354666054, -0.0229600667953, -0.00729932775721, 0.0432473681867, -0.0259082559496, -0.00031324455631, 0.011521557346], [-0.0027781301178, 0.0151835242286, -0.0199027247727, 0.0310379602015, 0.000615189317614, 0.000705957238097, 0.00828775949776, 0.00439770007506, 0.000316715828376, -0.0259082559496, 0.0835558921099, -0.0274144541472, -0.0171935278922], [0.00219523534179, -0.00998446904123, 0.0103749884292, -0.0227389596403, 0.00230155466124, 0.00887744594365, -0.00155126373284, 0.00758732529357, -0.0094264857471, -0.00031324455631, -0.0274144541472, 0.0514571778476, -0.0265167541802], [-2.72607121587e-05, 0.00254411576316, 0.00238117086701, 0.00280930916779, -0.00260935327969, -0.00818087626249, 0.0162375476211, -0.0187819395214, 0.0142317665741, 0.011521557346, -0.0171935278922, -0.0265167541802, 0.0705827102065]]
    },
    "melbands": {
        "dmean": [7.43329096053e-08, 2.45444331526e-09, 1.02449428141e-06, 2.21319423872e-05, 5.59178897674e-06, 5.48771694753e-08, 4.70339655294e-05, 3.25437795254e-05, 5.02355851495e-06, 0.000133908120915, 1.44061441461e-05, 0.000196373701328, 7.50926119508e-05, 0.000191005106899, 5.28428208781e-05, 0.000202035967959, 2.90329753625e-05, 2.59401967924e-05, 1.1473768609e-05, 2.72646934718e-06, 3.36545417667e-06, 1.36994037803e-06, 4.76412850503e-07, 3.22242556194e-07, 9.56137640173e-08, 7.23137176806e-08, 2.80115362017e-08, 8.27086044097e-09, 9.28436083569e-09, 2.63636223963e-09, 2.03119432385e-09, 1.63446345347e-09, 6.51171283561e-10, 4.80718020945e-10, 2.62875304857e-10, 9.39892608187e-11, 8.74695246789e-11, 1.35334674023e-10, 1.27815896755e-10, 1.44967982063e-10],
        "dmean2": [1.28127325638e-07, 4.46606662763e-09, 5.66745427477e-07, 1.1316607015e-05, 2.7058804335e-06, 4.53247999133e-08, 2.97649967251e-05, 2.07926623261e-05, 4.76801051263e-06, 0.000107318388473, 1.16942792374e-05, 0.000150375461089, 5.46511255379e-05, 0.000179902242962, 4.31783373642e-05, 0.000204693918931, 3.41081213264e-05, 2.82772089122e-05, 1.47946693687e-05, 3.74695309802e-06, 3.49889546669e-06, 1.58045497756e-06, 5.3430699154e-07, 3.33699205157e-07, 1.13462704121e-07, 7.1674122637e-08, 3.42547537002e-08, 1.16969909314e-08, 1.18146132877e-08, 3.89600174344e-09, 3.00030955636e-09, 2.57858157049e-09, 1.06194553151e-09, 6.60272225783e-10, 4.02842981195e-10, 1.49603260335e-10, 1.37025987779e-10, 2.00663333172e-10, 1.90122140253e-10, 2.24368287838e-10],
        "dvar": [7.39296116188e-15, 1.03719639341e-17, 2.85363854942e-12, 1.21373933126e-09, 7.21659468295e-11, 8.60233701627e-15, 7.79604381052e-09, 4.13865697269e-09, 6.98741828287e-11, 5.06989721316e-08, 5.15065601281e-10, 1.19830332324e-07, 1.8612645647e-08, 1.01176404144e-07, 5.28089882934e-09, 1.13434161619e-07, 3.02618641257e-09, 2.77786038616e-09, 4.05882660814e-10, 2.02268635868e-11, 3.3958467982e-11, 5.02836314253e-12, 3.74618088286e-13, 2.17867512768e-13, 2.31979572948e-14, 9.97110583662e-15, 2.06178513153e-15, 1.74773443144e-16, 1.49709619121e-16, 1.5815830624e-17, 8.64812946367e-18, 3.88698787284e-18, 9.92391431744e-19, 3.30764375499e-19, 1.21310392454e-19, 2.14707975803e-20, 3.48799446094e-20, 3.38295997148e-20, 3.11695161118e-20, 2.93767216876e-20],
        "dvar2": [2.04197400498e-14, 2.77441886473e-17, 9.14248711459e-13, 2.99153424255e-10, 1.73004388593e-11, 8.1667054304e-15, 2.7945314951e-09, 1.59511004405e-09, 6.09475525604e-11, 3.5918787944e-08, 4.29875607333e-10, 1.08718850811e-07, 1.33195214858e-08, 1.17286838019e-07, 6.11991834987e-09, 1.18881587241e-07, 4.87940177152e-09, 3.99398070172e-09, 9.59348156471e-10, 3.79197090394e-11, 4.68936937892e-11, 7.32811294285e-12, 7.89331545004e-13, 4.02552963836e-13, 3.89033525175e-14, 1.04210260213e-14, 3.61015394757e-15, 4.26674371273e-16, 2.52840075909e-16, 2.43963637152e-17, 1.70829025776e-17, 1.06278522566e-17, 3.19483767104e-18, 7.49631499548e-19, 2.60830726653e-19, 5.12737176161e-20, 8.25542019458e-20, 8.7561022796e-20, 6.90634677665e-20, 8.31566673128e-20],
        "max": [6.03615262662e-07, 2.31014070096e-08, 2.87597958959e-05, 0.000645337160677, 0.000165511271916, 1.4812056861e-06, 0.00156213564333, 0.00107516278513, 9.83358186204e-05, 0.00271915760823, 0.000305623805616, 0.00417761690915, 0.00168987200595, 0.0035805425141, 0.000973447225988, 0.00319055793807, 0.000508853816427, 0.000484129646793, 0.000140160715091, 3.27908637701e-05, 7.1165508416e-05, 2.62923949776e-05, 7.31765794626e-06, 4.52858193967e-06, 2.11310589293e-06, 1.6167322201e-06, 3.39931432336e-07, 1.21610639781e-07, 1.81909570074e-07, 4.15339691529e-08, 2.97368956126e-08, 1.8686987957e-08, 1.10257358799e-08, 6.70928335111e-09, 2.70338063046e-09, 7.47291395431e-10, 1.04897457387e-09, 1.54576462741e-09, 1.86021198445e-09, 1.80165049546e-09],
        "mean": [1.02463658891e-07, 4.04580413615e-09, 6.87752844897e-06, 0.000155766319949, 4.01285469707e-05, 3.52744365273e-07, 0.000382042635465, 0.000256782019278, 2.03040908673e-05, 0.000638265046291, 6.3231025706e-05, 0.000835057056975, 0.000339323858498, 0.000606308341958, 0.000225634066737, 0.000679457152728, 9.59530952969e-05, 8.59309438965e-05, 4.25558173447e-05, 8.86023190105e-06, 1.03234842754e-05, 5.51165931029e-06, 2.41375505539e-06, 1.17828926705e-06, 5.54955988719e-07, 3.31959228106e-07, 7.23977748862e-08, 2.68425814909e-08, 3.58007028467e-08, 6.5338938704e-09, 6.45875264382e-09, 4.44287540091e-09, 2.24909690871e-09, 1.8638277588e-09, 8.21968604292e-10, 2.12614217898e-10, 2.61533572576e-10, 3.98179683669e-10, 3.82157694379e-10, 5.06842734449e-10],
        "median": [6.93532840046e-08, 3.66797969775e-09, 1.48117692333e-06, 3.13718046527e-05, 7.88285160525e-06, 5.47970451237e-08, 4.91596656502e-05, 3.14258068101e-05, 1.13420319394e-05, 0.000430346903158, 4.87342113047e-05, 7.95597952674e-05, 3.29689064529e-05, 8.29901691759e-05, 0.000148411665577, 0.000171327425051, 2.9766388252e-05, 1.15731572805e-05, 8.97419067769e-06, 5.98399037699e-06, 5.41793588127e-06, 1.92256925402e-06, 2.1204409677e-06, 5.84668896408e-07, 1.06971178582e-07, 1.34514365868e-07, 1.4855025654e-08, 6.9017129789e-09, 7.17904136138e-09, 2.11209383316e-09, 3.46585249389e-09, 3.36076300123e-09, 7.22405357756e-10, 3.82612524996e-10, 2.74311656723e-10, 7.9829455546e-11, 9.44318651053e-11, 2.00174793408e-10, 2.63021993074e-10, 2.60750560033e-10],
        "min": [2.11427961727e-14, 1.32736906861e-14, 5.32104276344e-15, 1.3138864852e-15, 7.54611170676e-16, 4.74232306646e-16, 2.69552618294e-16, 1.57780998722e-15, 1.97568105606e-15, 8.22463962526e-16, 1.70927966503e-15, 4.96800324268e-15, 9.34283862975e-15, 6.45223366516e-15, 1.23273956418e-15, 1.33300952453e-15, 1.28008182379e-15, 1.53880983747e-15, 1.1186690019e-15, 3.67014161499e-16, 1.55334121708e-15, 1.97983469388e-15, 1.45486357845e-15, 1.43244060463e-15, 7.19727124595e-16, 1.38252082376e-15, 3.02035410673e-15, 1.51635224119e-15, 1.41191572577e-15, 1.29851633122e-15, 1.38814078149e-15, 1.45893801868e-15, 1.67704508507e-15, 1.70881559686e-15, 1.30421580416e-15, 2.07185550624e-15, 2.82295201958e-15, 1.45104123639e-15, 2.41825111232e-15, 7.09233233412e-16],
        "stdev": [1.11800744662e-07, 3.0309694754e-09, 9.92156947177e-06, 0.00021998109878, 5.56674385734e-05, 4.57075913118e-07, 0.00048392493045, 0.000326521927491, 2.59156204265e-05, 0.000764254305977, 7.37293521524e-05, 0.00109122716822, 0.000445596582722, 0.000853593577631, 0.0002585889888, 0.000867907539941, 0.000131414693897, 0.00012588739628, 4.98238732689e-05, 1.03560969364e-05, 1.49643601617e-05, 6.79564436723e-06, 2.4986391054e-06, 1.38662562676e-06, 6.62414834096e-07, 4.5600154408e-07, 9.72460441062e-08, 3.46588322486e-08, 5.01073671444e-08, 8.67192539999e-09, 7.70064012556e-09, 4.84380313637e-09, 2.89725576863e-09, 2.27252172635e-09, 8.96104079828e-10, 2.33941976902e-10, 2.9828817194e-10, 4.34227265256e-10, 3.94535015769e-10, 5.52085266392e-10],
