{
"lowlevel": {
    "average_loudness": 0.915388822556,
    "barkbands_crest": {
        "dmean": 2.0860555172,
        "dmean2": 3.66189026833,
        "dvar": 4.3619799614,
        "dvar2": 11.4991493225,
        "max": 22.9121265411,
        "mean": 5.99889373779,
        "median": 5.42215585709,
        "min": 2.86274576187,
        "stdev": 2.4400370121,
        "var": 5.95378065109
    },
    "barkbands_flatness_db": {
        "dmean": 0.0234893392771,
        "dmean2": 0.0389850996435,
        "dvar": 0.000420485303039,
        "dvar2": 0.00117872888222,
        "max": 0.178653210402,
        "mean": 0.0860403552651,
        "median": 0.0817127674818,
        "min": 0.0166508480906,
        "stdev": 0.0261017233133,
        "var": 0.000681300007273
    },
    "barkbands_kurtosis": {
        "dmean": 1.53796827793,
        "dmean2": 2.56384634972,
        "dvar": 2.7104279995,
        "dvar2": 7.36479520798,
        "max": 16.1229133606,
        "mean": 1.34756278992,
        "median": 1.11448764801,
        "min": -1.59364271164,
        "stdev": 1.8669962883,
        "var": 3.48567533493
    },
    "barkbands_skewness": {
        "dmean": 0.421106696129,
        "dmean2": 0.702488958836,
        "dvar": 0.1500454247,
        "dvar2": 0.315734386444,
        "max": 3.24987697601,
        "mean": 0.233617901802,
        "median": 0.271008193493,
        "min": -1.67194771767,
        "stdev": 0.680586874485,
        "var": 0.463198512793
    },
    "barkbands_spread": {
        "dmean": 6.46257066727,
        "dmean2": 9.96572875977,
        "dvar": 33.2061233521,
        "dvar2": 75.4451446533,
        "max": 86.0361862183,
        "mean": 18.3811149597,
        "median": 16.2374801636,
        "min": 4.40466308594,
        "stdev": 10.6187887192,
        "var": 112.758674622
    },
    "dissonance": {
        "dmean": 0.0116104790941,
        "dmean2": 0.0205799713731,
        "dvar": 0.000208935671253,
        "dvar2": 0.000567050592508,
        "max": 0.500000059605,
        "mean": 0.489275604486,
        "median": 0.494050443172,
        "min": 0.406070917845,
        "stdev": 0.0137951299548,
        "var": 0.000190305610886
    },
    "dynamic_complexity": 7.59072971344,
    "erbbands_crest": {
        "dmean": 2.41041636467,
        "dmean2": 4.13894033432,
        "dvar": 3.97313833237,
        "dvar2": 10.7400150299,
        "max": 18.413187027,
        "mean": 7.63136672974,
        "median": 7.29837703705,
        "min": 3.41938328743,
        "stdev": 2.44900393486,
        "var": 5.99762010574
    },
    "erbbands_flatness_db": {
        "dmean": 0.0247376989573,
        "dmean2": 0.0396931320429,
        "dvar": 0.00041971396422,
        "dvar2": 0.00121894513723,
        "max": 0.278188079596,
        "mean": 0.18502612412,
        "median": 0.182596445084,
        "min": 0.070506580174,
        "stdev": 0.0333996340632,
        "var": 0.00111553550232
    },
    "erbbands_kurtosis": {
        "dmean": 1.64628267288,
        "dmean2": 2.69894790649,
        "dvar": 2.88558650017,
        "dvar2": 8.23821353912,
        "max": 9.60113620758,
        "mean": 1.86814498901,
        "median": 1.59537911415,
        "min": -1.14734864235,
        "stdev": 1.96928334236,
        "var": 3.87807703018
    },
    "erbbands_skewness": {
        "dmean": 0.427021443844,
        "dmean2": 0.689783871174,
        "dvar": 0.125552266836,
        "dvar2": 0.320163160563,
        "max": 2.16626024246,
        "mean": 0.485614180565,
        "median": 0.528486311436,
        "min": -1.23976552486,
        "stdev": 0.594813108444,
        "var": 0.353802651167
    },
    "erbbands_spread": {
        "dmean": 6.55495691299,
        "dmean2": 10.1186037064,
        "dvar": 32.6976547241,
        "dvar2": 85.4265365601,
        "max": 68.1586837769,
        "mean": 19.5189247131,
        "median": 16.6397132874,
        "min": 5.58072090149,
        "stdev": 10.1272335052,
        "var": 102.56086731
    },
    "hfc": {
        "dmean": 17.8463001251,
        "dmean2": 33.3165779114,
        "dvar": 1690.16687012,
        "dvar2": 4846.0703125,
        "max": 227.290405273,
        "mean": 14.7803897858,
        "median": 5.5356054306,
        "min": 5.45161237824e-05,
        "stdev": 32.8686676025,
        "var": 1080.34924316
    },
    "loudness_ebu128": {
        "integrated": -27.0177326202,
        "loudness_range": 4.39474487305,
        "momentary": {
            "dmean": 1.41581201553,
            "dmean2": 2.27270770073,
            "dvar": 1.38275814056,
            "dvar2": 2.18304920197,
            "max": -24.1889514923,
            "mean": -30.4696655273,
            "median": -27.5506725311,
            "min": -53.9775848389,
            "stdev": 6.87261343002,
            "var": 47.2328186035
        },
        "short_term": {
            "dmean": 0.183228746057,
            "dmean2": 0.250792264938,
            "dvar": 0.032383363694,
            "dvar2": 0.0265023112297,
            "max": -25.6551303864,
            "mean": -27.3758144379,
            "median": -26.5769844055,
            "min": -31.3053398132,
            "stdev": 1.73703062534,
            "var": 3.0172753334
        }
    },
    "melbands_crest": {
        "dmean": 2.10785579681,
        "dmean2": 3.69544410706,
        "dvar": 5.98777341843,
        "dvar2": 14.5153102875,
        "max": 25.7702045441,
        "mean": 6.49242687225,
        "median": 5.87203598022,
        "min": 3.00386500359,
        "stdev": 2.80525827408,
        "var": 7.86947345734
    },
    "melbands_flatness_db": {
        "dmean": 0.0254325941205,
        "dmean2": 0.041678044945,
        "dvar": 0.000548762036487,
        "dvar2": 0.00135891512036,
        "max": 0.23019503057,
        "mean": 0.0969475954771,
        "median": 0.0940700769424,
        "min": 0.0157171040773,
        "stdev": 0.0334841795266,
        "var": 0.00112119037658
    },
    "melbands_kurtosis": {
        "dmean": 1.54591071606,
        "dmean2": 2.54846334457,
        "dvar": 3.00720572472,
        "dvar2": 7.20491600037,
        "max": 23.2892093658,
        "mean": 2.01877236366,
        "median": 1.43817782402,
        "min": -1.28595769405,
        "stdev": 2.69038105011,
        "var": 7.23815011978
    },
    "melbands_skewness": {
        "dmean": 0.43907982111,
        "dmean2": 0.719353735447,
        "dvar": 0.136675238609,
        "dvar2": 0.333922058344,
        "max": 3.09310984612,
        "mean": 0.515611231327,
        "median": 0.471723437309,
        "min": -1.14965331554,
        "stdev": 0.669023096561,
        "var": 0.447591930628
    },
    "melbands_spread": {
        "dmean": 10.7144346237,
        "dmean2": 17.0202274323,
        "dvar": 115.576148987,
        "dvar2": 239.501068115,
        "max": 120.65057373,
        "mean": 33.1356620789,
        "median": 28.3974533081,
        "min": 7.20441007614,
        "stdev": 17.8635959625,
        "var": 319.108032227
    },
    "pitch_salience": {
        "dmean": 0.0600079298019,
        "dmean2": 0.101966157556,
        "dvar": 0.00413949182257,
        "dvar2": 0.0102017419413,
        "max": 0.953901231289,
        "mean": 0.791120231152,
        "median": 0.798941969872,
        "min": 0.176418140531,
        "stdev": 0.0876368954778,
        "var": 0.00768022565171
    },
    "silence_rate_20dB": {
        "dmean": 0,
        "dmean2": 0,
        "dvar": 0,
        "dvar2": 0,
        "max": 1,
        "mean": 1,
        "median": 1,
        "min": 1,
        "stdev": 0,
        "var": 0
    },
    "silence_rate_30dB": {
        "dmean": 0,
        "dmean2": 0,
        "dvar": 0,
        "dvar2": 0,
        "max": 1,
        "mean": 1,
        "median": 1,
        "min": 1,
        "stdev": 0,
        "var": 0
    },
    "silence_rate_60dB": {
        "dmean": 0.177474409342,
        "dmean2": 0.356164395809,
        "dvar": 0.145977586508,
        "dvar2": 0.297805070877,
        "max": 1,
        "mean": 0.506802737713,
        "median": 1,
        "min": 0,
        "stdev": 0.499953269958,
        "var": 0.249953269958
    },
    "spectral_centroid": {
        "dmean": 319.403503418,
        "dmean2": 531.237060547,
        "dvar": 110320.195312,
        "dvar2": 242073.484375,
        "max": 4080.14208984,
        "mean": 2089.78759766,
        "median": 2047.48217773,
        "min": 598.772888184,
        "stdev": 506.691894531,
        "var": 256736.6875
    },
    "spectral_complexity": {
        "dmean": 5.60409545898,
        "dmean2": 8.76369857788,
        "dvar": 39.3450279236,
        "dvar2": 85.2148361206,
        "max": 48,
        "mean": 13.9557819366,
        "median": 14,
        "min": 0,
        "stdev": 11.2543954849,
        "var": 126.6614151
    },
    "spectral_decrease": {
        "dmean": 2.54282661594e-09,
        "dmean2": 4.78799178083e-09,
        "dvar": 3.96606170718e-17,
        "dvar2": 1.13462842612e-16,
        "max": -4.93582657859e-15,
        "mean": -1.98196081769e-09,
        "median": -6.35131058857e-10,
        "min": -3.59207312783e-08,
        "stdev": 4.92532059582e-09,
        "var": 2.42587820726e-17
    },
    "spectral_energy": {
        "dmean": 0.0112066222355,
        "dmean2": 0.0210741143674,
        "dvar": 0.00075478159124,
        "dvar2": 0.00216029770672,
        "max": 0.156189128757,
        "mean": 0.00882100593299,
        "median": 0.00289699411951,
        "min": 2.3573729635e-08,
        "stdev": 0.0215466041118,
        "var": 0.000464256125269
    },
    "spectral_energyband_high": {
        "dmean": 0.000553329475224,
        "dmean2": 0.00100884214044,
        "dvar": 1.11646511414e-06,
        "dvar2": 3.1409786061e-06,
        "max": 0.00535643380135,
        "mean": 0.000509336998221,
        "median": 0.000189317303011,
        "min": 3.50179174546e-09,
        "stdev": 0.000934705079999,
        "var": 8.73673627666e-07
    },
    "spectral_energyband_low": {
        "dmean": 2.07812645385e-05,
        "dmean2": 3.6411696783e-05,
        "dvar": 1.13980214156e-09,
        "dvar2": 3.04440583854e-09,
        "max": 0.000209058853216,
        "mean": 2.21880545723e-05,
        "median": 1.05848175735e-05,
        "min": 4.47625891908e-09,
        "stdev": 3.27388042933e-05,
        "var": 1.07182929199e-09
    },
    "spectral_energyband_middle_high": {
        "dmean": 0.00981643889099,
        "dmean2": 0.0185436084867,
        "dvar": 0.000615660217591,
        "dvar2": 0.00176609866321,
        "max": 0.141688406467,
        "mean": 0.00734717492014,
        "median": 0.00213705655187,
        "min": 7.90482435065e-09,
        "stdev": 0.0192098394036,
        "var": 0.00036901794374
    },
    "spectral_energyband_middle_low": {
        "dmean": 0.000982836354524,
        "dmean2": 0.00178893445991,
        "dvar": 4.17399951402e-06,
        "dvar2": 1.14529029815e-05,
        "max": 0.0160004273057,
        "mean": 0.000974027789198,
        "median": 0.000387333799154,
        "min": 5.54014567555e-09,
        "stdev": 0.00180070009083,
        "var": 3.24252073369e-06
    },
    "spectral_entropy": {
        "dmean": 0.140250191092,
        "dmean2": 0.22222456336,
        "dvar": 0.0170590318739,
        "dvar2": 0.0427986681461,
        "max": 8.59889125824,
        "mean": 8.03194618225,
        "median": 8.04027557373,
        "min": 7.36168432236,
        "stdev": 0.197846084833,
        "var": 0.0391430705786
    },
    "spectral_flux": {
        "dmean": 0.0312855988741,
        "dmean2": 0.0541505888104,
        "dvar": 0.00339779397473,
        "dvar2": 0.00612824317068,
        "max": 0.367645859718,
        "mean": 0.0620624832809,
        "median": 0.0418590530753,
        "min": 0.000900792772882,
        "stdev": 0.0681994780898,
        "var": 0.00465116929263
    },
    "spectral_kurtosis": {
        "dmean": 1.37820875645,
        "dmean2": 2.23341464996,
        "dvar": 1.84777629375,
        "dvar2": 5.29237604141,
        "max": 12.7437229156,
        "mean": 4.77491760254,
        "median": 4.64496994019,
        "min": 0.717944383621,
        "stdev": 2.00184369087,
        "var": 4.00737810135
    },
    "spectral_rms": {
        "dmean": 0.00123051728588,
        "dmean2": 0.00216222950257,
        "dvar": 4.29763849752e-06,
        "dvar2": 1.20342210721e-05,
        "max": 0.0123442150652,
        "mean": 0.00212183524854,
        "median": 0.00168114341795,
        "min": 4.79570235257e-06,
        "stdev": 0.00202575186267,
        "var": 4.10367056247e-06
    },
    "spectral_rolloff": {
        "dmean": 810.324279785,
        "dmean2": 1339.55688477,
        "dvar": 1480824.625,
        "dvar2": 3308637,
        "max": 9603.80859375,
        "mean": 2707.61767578,
        "median": 2304.05273438,
        "min": 43.06640625,
        "stdev": 1444.72607422,
        "var": 2087233.5
    },
    "spectral_skewness": {
        "dmean": 0.248097032309,
        "dmean2": 0.397104650736,
        "dvar": 0.049173694104,
        "dvar2": 0.131929382682,
        "max": 2.77913498878,
        "mean": 1.73702275753,
        "median": 1.73112630844,
        "min": 0.662467122078,
        "stdev": 0.365056335926,
        "var": 0.133266121149
    },
    "spectral_spread": {
        "dmean": 597899.9375,
        "dmean2": 945750.375,
        "dvar": 285275389952,
        "dvar2": 722714886144,
        "max": 8443467,
        "mean": 4440450.5,
        "median": 4282513.5,
        "min": 2479895.5,
        "stdev": 883535.6875,
        "var": 780635275264
    },
    "spectral_strongpeak": {
        "dmean": 0.370213508606,
        "dmean2": 0.666807889938,
        "dvar": 0.300731778145,
        "dvar2": 0.869381606579,
        "max": 4.14313411713,
        "mean": 0.474117666483,
        "median": 0.379206210375,
        "min": 0,
        "stdev": 0.523832917213,
        "var": 0.274400919676
    },
    "zerocrossingrate": {
        "dmean": 0.0114187821746,
        "dmean2": 0.0138842435554,
        "dvar": 0.00017399956414,
        "dvar2": 0.000238255073782,
        "max": 0.22021484375,
        "mean": 0.106247678399,
        "median": 0.1025390625,
        "min": 0.0263671875,
        "stdev": 0.0255978740752,
        "var": 0.000655251147691
    },
    "barkbands": {
        "dmean": [3.11395124299e-05, 5.07642835146e-06, 6.54916038911e-06, 7.38701919545e-06, 4.25393918704e-05, 0.00024976869463, 0.000147659273352, 0.000165869365446, 0.000393475027522, 0.000514726852998, 0.000911538081709, 0.0019814427942, 0.00315247103572, 0.00253673153929, 0.000441236654297, 0.000301886553643, 0.000109526001324, 0.000126424216432, 0.000131501044962, 0.000178217334906, 0.000183801341336, 0.00010846718942, 5.3604842833e-05, 6.35344913462e-05, 4.72898209409e-05, 2.54508067883e-05, 6.79445020069e-06],
        "dmean2": [5.33534148417e-05, 9.31515478442e-06, 1.19797123261e-05, 1.35271002364e-05, 7.57920424803e-05, 0.000462382362457, 0.000259006017586, 0.000303417764371, 0.000729038903955, 0.000935711199418, 0.00166146433912, 0.00373050989583, 0.00612074229866, 0.00486056832597, 0.000780089059845, 0.000553650374059, 0.000183118667337, 0.000233328275499, 0.000244026741711, 0.000331402756274, 0.000341125414707, 0.00019950857677, 9.6138639492e-05, 0.000114819529699, 8.35960017866e-05, 4.49406725238e-05, 1.2413517652e-05],
        "dvar": [5.48050005378e-09, 1.21798210406e-10, 1.99669974998e-10, 1.46598552742e-10, 9.95010385196e-09, 3.90804501649e-07, 7.29737337224e-08, 7.25369488919e-08, 7.93289530066e-07, 1.15453519811e-06, 3.8008008687e-06, 2.25153580686e-05, 8.74616380315e-05, 5.78976032557e-05, 6.02694967711e-07, 3.36837501891e-07, 2.75743001765e-08, 7.94553614014e-08, 1.01515212236e-07, 2.16078262838e-07, 1.64683555681e-07, 5.85527963892e-08, 1.32123973984e-08, 2.09341521895e-08, 1.09168292184e-08, 2.66778288349e-09, 2.29440508259e-10],
        "dvar2": [1.40833540385e-08, 3.44833467336e-10, 5.66776903188e-10, 4.41723990718e-10, 2.77368972235e-08, 1.10343512461e-06, 1.96068413061e-07, 2.09343752999e-07, 2.2645806439e-06, 3.21023912875e-06, 9.89393993223e-06, 6.39750287519e-05, 0.000254706101259, 0.000167363061337, 1.66401514434e-06, 9.94667857412e-07, 7.65025092164e-08, 2.30583097505e-07, 2.93819226727e-07, 6.24635731583e-07, 4.78153992844e-07, 1.64739972774e-07, 3.66016870146e-08, 6.03860996762e-08, 3.08263814475e-08, 7.28219173851e-09, 6.49174547451e-10],
        "max": [0.000521621084772, 8.07028482086e-05, 8.63254899741e-05, 8.54314494063e-05, 0.000982179306448, 0.00480016507208, 0.00194946373813, 0.00146855262574, 0.00646727671847, 0.00607264507562, 0.0140955159441, 0.0290550533682, 0.0549608394504, 0.0478467792273, 0.0065986327827, 0.0040770447813, 0.00119767629076, 0.00192237866577, 0.00256203720346, 0.00367725943215, 0.00237046880648, 0.00151078996714, 0.000878219143488, 0.00134935416281, 0.00109008920845, 0.000370738824131, 9.40876052482e-05],
        "mean": [2.89019644697e-05, 4.80128483105e-06, 5.23560765942e-06, 6.10258211964e-06, 4.1107803554e-05, 0.000185649216291, 0.000137907263706, 0.00016804599727, 0.00034660831443, 0.000441860582214, 0.000695265538525, 0.00134265958332, 0.00197360385209, 0.00165834638756, 0.000494080130011, 0.000317331170663, 0.000155360496137, 0.000124558267999, 0.000115897317301, 0.00014601519797, 0.000149457817315, 8.98854123079e-05, 5.65399022889e-05, 6.30266149528e-05, 4.55529261671e-05, 2.17299257201e-05, 5.28416603629e-06],
        "median": [5.04123045175e-06, 2.08823621506e-06, 1.49937295646e-06, 2.35153811445e-06, 1.95350457943e-05, 4.76193163195e-05, 5.49294345547e-05, 6.33390882285e-05, 0.000121289864182, 0.000114332491648, 0.000108266671305, 0.000223889903282, 0.000282366992906, 0.00032430072315, 0.000271828816039, 0.000165149423992, 0.000105654828076, 5.08848606842e-05, 3.91303547076e-05, 4.44166398665e-05, 3.83754777431e-05, 2.46326999331e-05, 2.69711072178e-05, 2.56403072854e-05, 1.7100110199e-05, 5.81696804147e-06, 1.07546497929e-06],
        "min": [4.06382572038e-09, 1.57727209071e-09, 9.97120497281e-10, 5.18084297685e-10, 1.991216525e-09, 6.25270835108e-10, 1.45973089172e-09, 2.68097849476e-10, 3.80293435631e-10, 8.47373837765e-10, 2.53928933436e-10, 7.54534990044e-10, 1.02436581439e-09, 1.53066315178e-09, 6.32058794192e-10, 5.25658738759e-10, 6.368810479e-10, 8.39994018786e-10, 5.98379623629e-10, 6.19950701886e-10, 4.13244521935e-10, 2.79613554532e-10, 5.00062768971e-10, 4.975505008e-10, 6.44297559749e-10, 4.11033235226e-10, 5.88444570848e-10],
        "stdev": [7.22066833987e-05, 8.94324512046e-06, 1.16778019219e-05, 1.01278601505e-05, 8.2498860138e-05, 0.000495335320011, 0.000245712930337, 0.000256822444499, 0.000736308516935, 0.000926761596929, 0.00170992722269, 0.00368374120444, 0.00692733097821, 0.00569088989869, 0.000748043123167, 0.00050412962446, 0.000180622242624, 0.000234795021242, 0.000259885709966, 0.000365984276868, 0.000334798533004, 0.000200687471079, 0.000103479163954, 0.000123776160763, 9.20595266507e-05, 4.6483870392e-05, 1.26699123939e-05],
        "var": [5.21380538743e-09, 7.99816324282e-11, 1.36371053339e-10, 1.02573553817e-10, 6.80606149217e-09, 2.4535708576e-07, 6.03748446792e-08, 6.59577636952e-08, 5.42150189631e-07, 8.58887005961e-07, 2.92385129796e-06, 1.35699492603e-05, 4.79879126942e-05, 3.23862295772e-05, 5.59568547942e-07, 2.54146669931e-07, 3.26243956295e-08, 5.51287051564e-08, 6.75405757988e-08, 1.33944496383e-07, 1.12090063453e-07, 4.0275459412e-08, 1.07079367595e-08, 1.53205395037e-08, 8.47495673639e-09, 2.16075024539e-09, 1.60526689164e-10]
    },
    "erbbands": {
        "dmean": [0.000239790271735, 0.00113856024109, 0.00614823261276, 0.0174333378673, 0.0391431152821, 0.145037248731, 1.02560389042, 2.31638336182, 2.24274611473, 2.44962906837, 4.52946805954, 8.63343429565, 11.3593263626, 27.5945491791, 45.5648155212, 88.207649231, 140.411331177, 139.535415649, 59.861869812, 21.1713905334, 13.4086751938, 6.36550807953, 6.50069141388, 6.21490907669, 7.27402591705, 8.48674106598, 8.55341434479, 6.38066959381, 4.31313800812, 1.80563485622, 1.61497271061, 1.30242288113, 1.08285832405, 0.580577909946, 0.308364123106, 0.136058732867, 0.0419031828642, 0.00910489540547, 0.00116667442489, 7.90961421444e-05],
        "dmean2": [0.000415027869167, 0.00214279140346, 0.0112946797162, 0.0318125113845, 0.0693292990327, 0.256899654865, 1.9108556509, 4.26545906067, 3.96850752831, 4.53191137314, 8.355884552, 16.0297908783, 20.0325927734, 50.9243774414, 85.0262832642, 166.416717529, 272.540222168, 269.35067749, 112.02897644, 38.088306427, 23.9623908997, 10.7607316971, 11.8082513809, 11.5334568024, 13.5037727356, 15.8728094101, 15.9089241028, 12.0375967026, 8.0006313324, 3.1307656765, 2.96781468391, 2.35713648796, 2.01142549515, 1.03664040565, 0.542547702789, 0.241779357195, 0.0749378949404, 0.0164415538311, 0.00212958687916, 0.000146176229464],
        "dvar": [1.41850350133e-07, 7.73707051849e-06, 0.000185868746485, 0.000894272874575, 0.00432628160343, 0.107621148229, 7.7505440712, 31.8280124664, 17.4146385193, 18.1439571381, 60.9288215637, 359.604431152, 549.699523926, 3660.50805664, 9414.56347656, 48922.7148438, 172244.46875, 169368.46875, 27039.4667969, 1309.8729248, 593.397094727, 97.0309066772, 191.002685547, 176.203918457, 338.736450195, 537.493896484, 398.287872314, 205.713684082, 98.5330734253, 11.453371048, 13.4468679428, 6.91320419312, 7.34515810013, 1.57323157787, 0.483954846859, 0.0896443799138, 0.00750225735828, 0.000326595909428, 7.19431409379e-06, 3.67951003e-08],
        "dvar2": [3.79889286251e-07, 2.20512265514e-05, 0.000526462681592, 0.00262156245299, 0.0119186602533, 0.304244637489, 21.9486904144, 89.8880844116, 45.7817077637, 50.6431427002, 169.996231079, 1023.51947021, 1508.57653809, 9942.84375, 25090.8222656, 139748.46875, 501066.09375, 489048.125, 78246.203125, 3660.2902832, 1761.11328125, 272.391235352, 553.106567383, 507.045318604, 974.906677246, 1567.67773438, 1136.40820312, 604.59588623, 280.910308838, 30.4193534851, 37.6590042114, 19.8317279816, 21.1977748871, 4.46160554886, 1.35693311691, 0.247482463717, 0.0203332025558, 0.000896819343325, 2.03339968721e-05, 1.05657044003e-07],
        "max": [0.00298502668738, 0.0163576640189, 0.0822695717216, 0.165920957923, 0.507939696312, 3.12355446815, 23.2705192566, 41.7819747925, 31.4777774811, 28.4456958771, 49.4515914917, 146.125640869, 158.486022949, 424.564056396, 477.787231445, 1291.73144531, 2507.49169922, 2380.51391602, 1071.06787109, 229.72869873, 152.735610962, 72.6384429932, 96.666885376, 87.4659729004, 154.057373047, 194.604522705, 138.239105225, 85.3231964111, 64.8703536987, 23.2738075256, 26.7657260895, 20.0880584717, 25.4009628296, 12.8715858459, 7.05611562729, 2.26803731918, 0.716438174248, 0.114623136818, 0.0170846898109, 0.001189446426],
        "mean": [0.000267826922936, 0.000897458638065, 0.00501368148252, 0.0147992409766, 0.04207020998, 0.145550012589, 0.737085223198, 1.73819041252, 2.02177190781, 2.49206256866, 4.34636068344, 7.64444971085, 10.9600305557, 20.194480896, 35.4436988831, 58.8634986877, 88.295463562, 89.7705307007, 47.4794921875, 22.7581539154, 15.4393863678, 9.00359344482, 7.00079202652, 5.80902338028, 6.34796619415, 6.89026355743, 6.98561906815, 5.08802080154, 3.45031666756, 1.87192213535, 1.66383481026, 1.37130212784, 1.00814330578, 0.57568949461, 0.284688681364, 0.11677544564, 0.0357270725071, 0.00751306163147, 0.000903162639588, 5.89032315474e-05],
        "median": [0.000126928469399, 0.000265996553935, 0.00130580959376, 0.00608916394413, 0.0221500527114, 0.0719209983945, 0.182581245899, 0.463042497635, 0.780700683594, 0.994524359703, 1.59235334396, 2.5355463028, 3.28199291229, 3.98891115189, 6.43913650513, 10.2974624634, 12.6080360413, 15.8887968063, 15.577791214, 12.0850086212, 8.28597640991, 6.27979278564, 3.18792772293, 2.34200119972, 1.89775073528, 2.16119527817, 1.95014679432, 1.36409413815, 0.97211253643, 0.746970236301, 0.780436933041, 0.661452412605, 0.35441917181, 0.220701634884, 0.10260848701, 0.030947484076, 0.00884035602212, 0.00167555350345, 0.000169489503605, 1.25883416331e-05],
        "min": [7.85105527257e-08, 2.7394040103e-07, 1.08626898054e-06, 1.37879146678e-06, 3.67931079381e-06, 7.522708529e-06, 6.56910833641e-06, 5.49101378056e-06, 1.9704866645e-05, 1.42560083987e-05, 4.87210127176e-06, 5.85557017985e-06, 2.63470465143e-05, 1.83200354513e-05, 1.68142705661e-05, 3.18550628435e-05, 4.7599489335e-05, 8.23684313218e-05, 3.73987895728e-05, 3.79492266802e-05, 2.87758539343e-05, 3.92275760532e-05, 4.80505223095e-05, 2.37632521021e-05, 3.93997579522e-05, 2.52281679423e-05, 1.67582438735e-05, 1.39193607538e-05, 9.50829416979e-06, 1.34478623295e-05, 1.49485549628e-05, 1.13474907266e-05, 8.21655430627e-06, 8.90986575541e-06, 3.16153841595e-06, 1.78106563453e-06, 8.05698391559e-07, 3.62138536047e-07, 8.28882207315e-08, 6.96952495716e-09],
        "stdev": [0.000366226653568, 0.00217683892697, 0.0112242335454, 0.0250985138118, 0.0588553696871, 0.272157162428, 2.17282319069, 4.49670600891, 3.80555772781, 3.94898462296, 7.15584230423, 15.8314476013, 21.2328796387, 50.4608726501, 82.5986022949, 169.621795654, 307.662628174, 306.965148926, 126.953437805, 33.616355896, 22.4028453827, 10.4829206467, 11.9481105804, 11.0929050446, 15.0078544617, 17.9990406036, 16.2510089874, 11.6848917007, 8.06661128998, 3.27753186226, 3.20506429672, 2.3585088253, 2.22107076645, 1.11335432529, 0.610328137875, 0.263200610876, 0.0774760767817, 0.0161124803126, 0.00222048023716, 0.00015366601292],
        "var": [1.34121961537e-07, 4.7386274673e-06, 0.000125983409816, 0.000629935413599, 0.00346395443194, 0.0740695223212, 4.72116088867, 20.2203655243, 14.4822692871, 15.5944795609, 51.2060775757, 250.634719849, 450.835205078, 2546.29956055, 6822.52929688, 28771.5546875, 94656.296875, 94227.6015625, 16117.1748047, 1130.05932617, 501.887451172, 109.891616821, 142.757354736, 123.05255127, 225.235702515, 323.965454102, 264.095306396, 136.536697388, 65.0702209473, 10.7422151566, 10.2724370956, 5.56256437302, 4.93315505981, 1.23955798149, 0.372500419617, 0.069274559617, 0.00600254209712, 0.000259612017544, 4.93053221362e-06, 2.36132446929e-08]
    },
    "gfcc": {
        "mean": [-91.1474380493, 16.4726390839, -168.592559814, -10.7773208618, -66.3605804443, 16.5270118713, -45.7784729004, 0.95408809185, -22.2886867523, 10.2626228333, -11.3934745789, 3.42546963692, -6.43314504623],
        "cov": [[12372.2890625, -1454.2265625, -1454.05090332, -1269.09729004, -579.514709473, 80.6047744751, 398.773010254, -243.350921631, -491.743164062, 163.676513672, -90.7417373657, -91.2716751099, -98.0170516968], [-1454.2265625, 653.086547852, 140.9637146, 8.85020160675, 130.117904663, -5.61756181717, -58.1650009155, -24.5706577301, 70.8249282837, -13.1768188477, -0.399087786674, 5.22347021103, 25.2187843323], [-1454.05090332, 140.9637146, 439.841003418, 177.086624146, 23.8902778625, -61.7617835999, -18.698677063, 28.2488594055, 35.4755249023, 5.01508998871, 15.268614769, 5.09665060043, -15.5950117111], [-1269.09729004, 8.85020160675, 177.086624146, 366.862854004, 48.6374359131, -6.48748588562, -35.1905479431, 39.3609657288, 42.6323318481, -28.845249176, 25.8901729584, 8.38040161133, 1.88852477074], [-579.514709473, 130.117904663, 23.8902778625, 48.6374359131, 132.047134399, 29.5954837799, -31.3546848297, 8.03545761108, 29.3907012939, -17.6366424561, 5.52321910858, 19.7095375061, 17.0827655792], [80.6047744751, -5.61756181717, -61.7617835999, -6.48748588562, 29.5954837799, 93.7217559814, 19.7316093445, -14.9876565933, 6.9249753952, -1.8345464468, 10.697060585, 1.31499707699, 9.61316585541], [398.773010254, -58.1650009155, -18.698677063, -35.1905479431, -31.3546848297, 19.7316093445, 100.474891663, -3.64971280098, -30.4490280151, 24.3616847992, 5.65404081345, -7.88069009781, -8.63004970551], [-243.350921631, -24.5706577301, 28.2488594055, 39.3609657288, 8.03545761108, -14.9876565933, -3.64971280098, 78.1234359741, 26.8447170258, -5.13021421432, 5.58582258224, 3.03749966621, -3.38335895538], [-491.743164062, 70.8249282837, 35.4755249023, 42.6323318481, 29.3907012939, 6.9249753952, -30.4490280151, 26.8447170258, 75.5852584839, 0.960257470608, 5.55493593216, 18.7786083221, 11.7741546631], [163.676513672, -13.1768188477, 5.01508998871, -28.845249176, -17.6366424561, -1.8345464468, 24.3616847992, -5.13021421432, 0.960257470608, 47.3248138428, 13.3225774765, -1.78603160381, 5.59699010849], [-90.7417373657, -0.399087786674, 15.268614769, 25.8901729584, 5.52321910858, 10.697060585, 5.65404081345, 5.58582258224, 5.55493593216, 13.3225774765, 52.2841529846, 13.7189407349, 6.30175304413], [-91.2716751099, 5.22347021103, 5.09665060043, 8.38040161133, 19.7095375061, 1.31499707699, -7.88069009781, 3.03749966621, 18.7786083221, -1.78603160381, 13.7189407349, 49.84740448, 16.440738678], [-98.0170516968, 25.2187843323, -15.5950117111, 1.88852477074, 17.0827655792, 9.61316585541, -8.63004970551, -3.38335895538, 11.7741546631, 5.59699010849, 6.30175304413, 16.440738678, 35.6877555847]],
        "icov": [[0.000353054900188, 0.000405862025218, 0.000713483837899, 0.00060065893922, 0.000389119086321, 5.61696760997e-05, -0.000261553243035, 0.00032471070881, 0.000853543926496, -0.000659580808133, 0.000149568397319, -0.000407761224778, 0.000712287437636], [0.000405862025218, 0.00316446786746, -6.99880110915e-05, 0.00163899047766, -0.00220634764992, 0.00150574673899, -0.000811937556136, 0.00265655876137, -0.00209259847179, 0.000840810942464, -0.000749029801227, 0.00195510708727, -0.000742648204323], [0.000713483837899, -6.99880110915e-05, 0.00518892612308, -0.000638788973447, 0.000740933697671, 0.00223680725321, -0.000934737967327, 0.000487434939714, 0.00140939408448, -0.00312431179918, 0.000149881569087, -0.00161445769481, 0.00391561025754], [0.00060065893922, 0.00163899047766, -0.000638788973447, 0.00549672311172, -0.000660463352688, 0.000333429634338, -0.000539823726285, 0.000488437130116, -0.000736173416954, 0.00266868574545, -0.00238850736059, 0.00133796990849, -0.00030666787643], [0.000389119086321, -0.00220634764992, 0.000740933697671, -0.000660463352688, 0.0137586006895, -0.00566913606599, 0.00277670356445, -0.00280750822276, 0.00316214095801, 0.000125116552226, 0.00152219180018, -0.00509191304445, -0.000652826740406], [5.61696760997e-05, 0.00150574673899, 0.00223680725321, 0.000333429634338, -0.00566913606599, 0.0179268233478, -0.0068815513514, 0.00623432919383, -0.00723142363131, 0.00519440276548, -0.00528521230444, 0.00534764584154, -0.0030974377878], [-0.000261553243035, -0.000811937556136, -0.000934737967327, -0.000539823726285, 0.00277670356445, -0.0068815513514, 0.0167789701372, -0.00443880492821, 0.00790258403867, -0.00909595284611, 0.001729319687, -0.00317071727477, 0.0036113653332], [0.00032471070881, 0.00265655876137, 0.000487434939714, 0.000488437130116, -0.00280750822276, 0.00623432919383, -0.00443880492821, 0.0193822886795, -0.00993632804602, 0.00468774978071, -0.00363614340313, 0.00380908627994, 0.00106070260517], [0.000853543926496, -0.00209259847179, 0.00140939408448, -0.000736173416954, 0.00316214095801, -0.00723142363131, 0.00790258403867, -0.00993632804602, 0.0287484880537, -0.01106922701, 0.00510547263548, -0.0108029153198, 0.00220760377124], [-0.000659580808133, 0.000840810942464, -0.00312431179918, 0.00266868574545, 0.000125116552226, 0.00519440276548, -0.00909595284611, 0.00468774978071, -0.01106922701, 0.0360703505576, -0.0111348805949, 0.00890859402716, -0.0112693365663], [0.000149568397319, -0.000749029801227, 0.000149881569087, -0.00238850736059, 0.00152219180018, -0.00528521230444, 0.001729319687, -0.00363614340313, 0.00510547263548, -0.0111348805949, 0.0261783916503, -0.00929016340524, 0.00161962339189], [-0.000407761224778, 0.00195510708727, -0.00161445769481, 0.00133796990849, -0.00509191304445, 0.00534764584154, -0.00317071727477, 0.00380908627994, -0.0108029153198, 0.00890859402716, -0.00929016340524, 0.0315600968897, -0.0134183317423], [0.000712287437636, -0.000742648204323, 0.00391561025754, -0.00030666787643, -0.000652826740406, -0.0030974377878, 0.0036113653332, 0.00106070260517, 0.00220760377124, -0.0112693365663, 0.00161962339189, -0.0134183317423, 0.0412845797837]]
    },
    "melbands": {
        "dmean": [2.87919829134e-06, 2.65154608314e-06, 3.43977944794e-06, 5.4618071772e-06, 2.98022550851e-05, 5.09308083565e-05, 3.28199676005e-05, 2.86307531496e-05, 4.10387619922e-05, 5.64160000067e-05, 5.75786652917e-05, 0.000106988583866, 0.000135757989483, 0.000211251375731, 0.000254901358858, 0.000325883709593, 0.000256948347669, 0.000117424991913, 3.10182331305e-05, 2.40736862906e-05, 1.40213169288e-05, 6.5590165832e-06, 6.15830640527e-06, 6.04577371632e-06, 4.85780128656e-06, 5.51879293198e-06, 5.57132716494e-06, 5.595006769e-06, 5.55599308427e-06, 4.20006335844e-06, 3.75940112463e-06, 2.94136134471e-06, 1.27410510231e-06, 8.97407460343e-07, 9.70988253357e-07, 7.93710455582e-07, 8.20587047201e-07, 8.62053695982e-07, 5.63249045626e-07, 4.57954826061e-07],
        "dmean2": [4.98854387843e-06, 4.9197305998e-06, 6.29579790257e-06, 9.55319683271e-06, 5.55217411602e-05, 9.34040217544e-05, 5.813684038e-05, 5.30453253305e-05, 7.58344103815e-05, 0.000104161350464, 0.00010129561997, 0.000198348483536, 0.000251682475209, 0.000395476992708, 0.000489645986818, 0.000633469899185, 0.000494554406032, 0.000222363247303, 5.49954020244e-05, 4.35838810517e-05, 2.49259519478e-05, 1.09703778435e-05, 1.10257306005e-05, 1.10694099931e-05, 8.99215501704e-06, 1.0153954463e-05, 1.0263567674e-05, 1.05841099867e-05, 1.03540833152e-05, 7.77233617555e-06, 7.08953302819e-06, 5.49750848222e-06, 2.21383788812e-06, 1.57028705416e-06, 1.76073274361e-06, 1.45997842083e-06, 1.4946471083e-06, 1.61057744208e-06, 1.0091958984e-06, 8.18420176074e-07],
        "dvar": [2.22129103306e-11, 3.54980767003e-11, 3.32071592446e-11, 1.13999379381e-10, 6.53865939171e-09, 1.53057797547e-08, 3.68177066612e-09, 2.31908980908e-09, 5.44032419114e-09, 1.59981308201e-08, 1.40747236088e-08, 5.57852217753e-08, 8.50612593695e-08, 2.43869408223e-07, 4.91501396027e-07, 9.45192766721e-07, 5.79036623094e-07, 1.16999522959e-07, 2.79425349525e-09, 2.15032569528e-09, 6.26247775859e-10, 1.01892869142e-10, 1.51831089368e-10, 1.8488877096e-10, 1.10663644914e-10, 2.01314187542e-10, 1.94059282532e-10, 2.7480506759e-10, 1.74644923523e-10, 9.18153747476e-11, 7.93037441271e-11, 5.22661601499e-11, 6.54882138101e-12, 3.33080633387e-12, 5.09169269247e-12, 2.40877998971e-12, 3.1195803319e-12, 5.36844700638e-12, 1.42773846131e-12, 1.06010274344e-12],
        "dvar2": [5.81099786345e-11, 1.00710356721e-10, 9.5222135732e-11, 3.16538378842e-10, 1.85390494067e-08, 4.31650626354e-08, 9.66198943075e-09, 6.52059073403e-09, 1.51916861313e-08, 4.58021531813e-08, 3.88718461863e-08, 1.527678819e-07, 2.23036181524e-07, 6.87762792495e-07, 1.42386329571e-06, 2.74821491075e-06, 1.67104190041e-06, 3.39469039545e-07, 7.55298668054e-09, 6.27926288743e-09, 1.84408066595e-09, 2.78372380702e-10, 4.4268336219e-10, 5.40626488021e-10, 3.19056669973e-10, 5.93285809369e-10, 5.42730138609e-10, 8.07007405346e-10, 4.96482743806e-10, 2.67970173828e-10, 2.32998398353e-10, 1.49342246902e-10, 1.77705055532e-11, 8.7629487e-12, 1.40542586249e-11, 6.88673987628e-12, 8.93522842521e-12, 1.55680607294e-11, 4.15625346639e-12, 2.95931074784e-12],
        "max": [3.33852294716e-05, 3.57785902452e-05, 3.49746042048e-05, 0.000102966165286, 0.000679630320519, 0.000930773734581, 0.000436870526755, 0.000282787979813, 0.000497702974826, 0.000957136857323, 0.000798358232714, 0.00160780118313, 0.00175627775025, 0.00312585639767, 0.00463517662138, 0.00567218428478, 0.00452127913013, 0.00224698870443, 0.000419812684413, 0.000350454560248, 0.000164450480952, 7.24938508938e-05, 9.13903131732e-05, 0.000104641942016, 6.82040845277e-05, 0.000125827660668, 9.74928843789e-05, 0.000149001047248, 8.86607376742e-05, 7.52478445065e-05, 5.7246950746e-05, 4.70001905342e-05, 1.64413522725e-05, 1.28170395328e-05, 1.70750063262e-05, 1.10345881694e-05, 1.52348693518e-05, 2.15532072616e-05, 1.13250825962e-05, 1.08652848212e-05],
        "mean": [3.07756590701e-06, 2.17738988795e-06, 3.20459844261e-06, 6.03676107858e-06, 2.19886969717e-05, 3.85808816645e-05, 3.01738273265e-05, 2.91491614917e-05, 3.78432414436e-05, 4.98583431181e-05, 5.52730998606e-05, 7.83924479038e-05, 0.0001044826422, 0.00014748571266, 0.000164304714417, 0.000203429503017, 0.000164594661328, 8.78962891875e-05, 3.55243573722e-05, 2.46840008913e-05, 1.63051972777e-05, 9.34386480367e-06, 7.15862051948e-06, 5.64513675272e-06, 4.49427989224e-06, 4.64470258521e-06, 4.68428879685e-06, 4.46746616944e-06, 4.51905862064e-06, 3.4971308196e-06, 2.84529301098e-06, 2.21108234655e-06, 1.22840867789e-06, 9.49167997533e-07, 9.80003392215e-07, 8.35122420995e-07, 8.40914196942e-07, 7.58416945246e-07, 5.5611769767e-07, 4.56020927686e-07],
        "median": [1.3674064121e-06, 6.24428253104e-07, 1.61095499607e-06, 3.46411661667e-06, 5.85723046242e-06, 1.01898313005e-05, 1.1933649148e-05, 1.10172186396e-05, 1.35020200105e-05, 1.65245801327e-05, 1.63507484103e-05, 1.59874980454e-05, 1.78856680577e-05, 2.48369196925e-05, 2.83195840893e-05, 2.84715351881e-05, 3.0953247915e-05, 2.38238390011e-05, 1.91999897652e-05, 1.33193461807e-05, 8.95935954759e-06, 6.66680671202e-06, 3.79391622118e-06, 2.13994189835e-06, 1.71422971107e-06, 1.4170373106e-06, 1.21431912703e-06, 1.39866551763e-06, 1.20331606013e-06, 9.13706855954e-07, 7.05805291545e-07, 5.58311910481e-07, 3.99024685294e-07, 4.20145312319e-07, 4.38043798567e-07, 3.99708085297e-07, 3.81851748443e-07, 2.72688055247e-07, 1.98971974896e-07, 1.68858775851e-07],
        "min": [7.68289210029e-10, 4.81254480711e-10, 3.14536174884e-10, 3.96536664615e-10, 2.73055800193e-10, 1.31918642676e-10, 3.05501901554e-10, 1.31238755974e-10, 3.31429779454e-11, 4.74347158774e-11, 1.35829875125e-10, 7.79762920899e-11, 4.24537349719e-11, 8.66276911315e-11, 6.82595716062e-11, 1.23843421629e-10, 1.62548557947e-10, 6.24589130416e-11, 5.47755382718e-11, 4.18334776542e-11, 3.2383588866e-11, 3.57010428165e-11, 5.72445112146e-11, 2.97567213925e-11, 1.6240243525e-11, 2.92655309708e-11, 2.85384112175e-11, 1.41819151908e-11, 7.74235883738e-12, 1.46379817989e-11, 5.41389546041e-12, 5.25704219739e-12, 5.50919553033e-12, 8.28658495988e-12, 9.05340819674e-12, 6.71629548851e-12, 7.29636316643e-12, 5.43149162799e-12, 7.73342067467e-12, 7.00402106105e-12],
        "stdev": [4.75468959849e-06, 4.83119583805e-06, 4.91970968142e-06, 9.33275077841e-06, 6.31373259239e-05, 9.89610634861e-05, 5.55103506485e-05, 4.53166103398e-05, 6.57870696159e-05, 0.000105162485852, 0.000107275838673, 0.000195491389604, 0.000251612713328, 0.000388966320315, 0.000525160401594, 0.00072051526513, 0.00056807306828, 0.000260168337263, 5.22966474819e-05, 3.97367075493e-05, 2.3760687327e-05, 1.10454539026e-05, 1.1083071513e-05, 1.11596054921e-05, 8.76708872966e-06, 1.1388616258e-05, 1.14696531455e-05, 1.26264421851e-05, 1.06912075353e-05, 7.89967543824e-06, 7.1148610914e-06, 5.74680188947e-06, 2.34843332692e-06, 1.7338810494e-06, 1.99400415113e-06, 1.37496022035e-06, 1.54744088832e-06, 1.84624070698e-06, 1.04737137008e-06, 9.10707683488e-07],
        "var": [2.2607072464e-11, 2.33404528344e-11, 2.42035419484e-11, 8.71002367453e-11, 3.9863223833e-09, 9.79329239925e-09, 3.08139913585e-09, 2.05359507177e-09, 4.32793889615e-09, 1.1059149152e-08, 1.15081055796e-08, 3.82168821034e-08, 6.33089527469e-08, 1.51294798911e-07, 2.75793468063e-07, 5.19142247413e-07, 3.22706995348e-07, 6.76875657746e-08, 2.73493916403e-09, 1.57900581499e-09, 5.64570223904e-10, 1.22002061231e-10, 1.228344787e-10, 1.24536797541e-10, 7.68618432789e-11, 1.29700583607e-10, 1.3155294909e-10, 1.59427041013e-10, 1.14301915155e-10, 6.2404865997e-11, 5.06212502471e-11, 3.30257314551e-11, 5.51513956032e-12, 3.00634365492e-12, 3.97605212643e-12, 1.89051573875e-12, 2.39457325496e-12, 3.4086045618e-12, 1.09698675924e-12, 8.29388532679e-13]
    },
    "melbands128": {
