{
"lowlevel": {
    "average_loudness": 0.329567164183,
    "barkbands_crest": {
        "dmean": 1.4527015686,
        "dmean2": 2.39023208618,
        "dvar": 1.6632232666,
        "dvar2": 4.50004577637,
        "max": 15.3808364868,
        "mean": 5.08453369141,
        "median": 4.68116664886,
        "min": 2.03636002541,
        "stdev": 1.85948491096,
        "var": 3.45768404007
    },
    "barkbands_flatness_db": {
        "dmean": 0.0203052461147,
        "dmean2": 0.0316634997725,
        "dvar": 0.000313616037602,
        "dvar2": 0.000724683573935,
        "max": 0.225833162665,
        "mean": 0.0981609970331,
        "median": 0.0942177250981,
        "min": 0.0167726911604,
        "stdev": 0.0387993864715,
        "var": 0.00150539237075
    },
    "barkbands_kurtosis": {
        "dmean": 1.41828727722,
        "dmean2": 2.28970313072,
        "dvar": 2.37644124031,
        "dvar2": 5.30681085587,
        "max": 15.8034877777,
        "mean": 1.12872505188,
        "median": 0.429525494576,
        "min": -1.70508098602,
        "stdev": 2.45507597923,
        "var": 6.0273976326
    },
    "barkbands_skewness": {
        "dmean": 0.474122166634,
        "dmean2": 0.749704957008,
        "dvar": 0.184886455536,
        "dvar2": 0.423673421144,
        "max": 2.15408420563,
        "mean": -0.908127844334,
        "median": -0.917190551758,
        "min": -3.24770402908,
        "stdev": 0.791160702705,
        "var": 0.625935256481
    },
    "barkbands_spread": {
        "dmean": 7.7040886879,
        "dmean2": 12.3144893646,
        "dvar": 57.2682037354,
        "dvar2": 137.410995483,
        "max": 122.704093933,
        "mean": 28.7379398346,
        "median": 23.1632270813,
        "min": 4.49182224274,
        "stdev": 19.2720737457,
        "var": 371.412841797
    },
    "dissonance": {
        "dmean": 0.00498652178794,
        "dmean2": 0.00888560712337,
        "dvar": 4.48412574769e-05,
        "dvar2": 0.00012631752179,
        "max": 0.500000119209,
        "mean": 0.494687348604,
        "median": 0.496587455273,
        "min": 0.430400848389,
        "stdev": 0.00620983634144,
        "var": 3.85620696761e-05
    },
    "dynamic_complexity": 18.3090763092,
    "erbbands_crest": {
        "dmean": 1.51311087608,
        "dmean2": 2.57908582687,
        "dvar": 2.14023947716,
        "dvar2": 5.8064198494,
        "max": 16.4532032013,
        "mean": 5.57569408417,
        "median": 5.18922281265,
        "min": 2.41518235207,
        "stdev": 1.89092934132,
        "var": 3.57561373711
    },
    "erbbands_flatness_db": {
        "dmean": 0.0218564942479,
        "dmean2": 0.0340753383934,
        "dvar": 0.000418376061134,
        "dvar2": 0.000976324779913,
        "max": 0.318287283182,
        "mean": 0.182086870074,
        "median": 0.186650782824,
        "min": 0.06723190099,
        "stdev": 0.0442796498537,
        "var": 0.00196068733931
    },
    "erbbands_kurtosis": {
        "dmean": 0.887996077538,
        "dmean2": 1.45972597599,
        "dvar": 0.90884155035,
        "dvar2": 2.11421370506,
        "max": 10.8895635605,
        "mean": 0.709839165211,
        "median": 0.40307033062,
        "min": -1.21505331993,
        "stdev": 1.33380103111,
        "var": 1.77902519703
    },
    "erbbands_skewness": {
        "dmean": 0.313378334045,
        "dmean2": 0.499353408813,
        "dvar": 0.0780673697591,
        "dvar2": 0.182932376862,
        "max": 1.27744996548,
        "mean": -0.566585898399,
        "median": -0.568217992783,
        "min": -1.90919053555,
        "stdev": 0.481179982424,
        "var": 0.231534168124
    },
    "erbbands_spread": {
        "dmean": 7.34311342239,
        "dmean2": 12.013209343,
        "dvar": 54.4382019043,
        "dvar2": 130.784637451,
        "max": 83.9210128784,
        "mean": 28.6233730316,
        "median": 25.8444137573,
        "min": 6.00666999817,
        "stdev": 11.8840179443,
        "var": 141.229888916
    },
    "hfc": {
        "dmean": 11.9248180389,
        "dmean2": 18.1411075592,
        "dvar": 2874.82250977,
        "dvar2": 6674.94726562,
        "max": 891.713867188,
        "mean": 19.7159671783,
        "median": 0.173533722758,
        "min": 4.92338222102e-05,
        "stdev": 75.7155227661,
        "var": 5732.84033203
    },
    "loudness_ebu128": {
        "integrated": -26.5722694397,
        "loudness_range": 9.98806190491,
        "momentary": {
            "dmean": 3.36349225044,
            "dmean2": 4.37528276443,
            "dvar": 23.3369064331,
            "dvar2": 33.4795417786,
            "max": -20.3015575409,
            "mean": -43.5931472778,
            "median": -43.6386489868,
            "min": -86.1958236694,
            "stdev": 13.2018671036,
            "var": 174.289306641
        },
        "short_term": {
            "dmean": 0.282942086458,
            "dmean2": 0.271834880114,
            "dvar": 0.400826275349,
            "dvar2": 0.311998188496,
            "max": -26.7426929474,
            "mean": -30.9844970703,
            "median": -30.1613407135,
            "min": -40.1478271484,
            "stdev": 3.70455360413,
            "var": 13.7237167358
        }
    },
    "melbands_crest": {
        "dmean": 1.77884328365,
        "dmean2": 3.05064034462,
        "dvar": 2.96609973907,
        "dvar2": 7.56198501587,
        "max": 16.3968219757,
        "mean": 4.97300195694,
        "median": 4.28198337555,
        "min": 2.06951498985,
        "stdev": 2.3907585144,
        "var": 5.71572637558
    },
    "melbands_flatness_db": {
        "dmean": 0.0146636189893,
        "dmean2": 0.0241204667836,
        "dvar": 0.000231702506426,
        "dvar2": 0.000570780131966,
        "max": 0.199427515268,
        "mean": 0.0415404550731,
        "median": 0.0341673567891,
        "min": 0.00913977902383,
        "stdev": 0.0244343858212,
        "var": 0.000597039179411
    },
    "melbands_kurtosis": {
        "dmean": 1.01371097565,
        "dmean2": 1.70455920696,
        "dvar": 2.35917139053,
        "dvar2": 6.45561265945,
        "max": 14.541021347,
        "mean": -0.083156093955,
        "median": -0.511330723763,
        "min": -1.70289480686,
        "stdev": 1.64339208603,
        "var": 2.70073771477
    },
    "melbands_skewness": {
        "dmean": 0.48498120904,
        "dmean2": 0.782906293869,
        "dvar": 0.21065723896,
        "dvar2": 0.504666805267,
        "max": 3.23862814903,
        "mean": 0.180279120803,
        "median": 0.0785265788436,
        "min": -1.91496801376,
        "stdev": 0.773500323296,
        "var": 0.598302721977
    },
    "melbands_spread": {
        "dmean": 21.6685523987,
        "dmean2": 35.2177352905,
        "dvar": 379.140197754,
        "dvar2": 862.864196777,
        "max": 205.934417725,
        "mean": 89.8495254517,
        "median": 86.3749237061,
        "min": 13.1252174377,
        "stdev": 35.7271461487,
        "var": 1276.42907715
    },
    "pitch_salience": {
        "dmean": 0.0357510186732,
        "dmean2": 0.0614884756505,
        "dvar": 0.00118914409541,
        "dvar2": 0.00334887369536,
        "max": 0.958344936371,
        "mean": 0.777395904064,
        "median": 0.779685080051,
        "min": 0.559832811356,
        "stdev": 0.0463396348059,
        "var": 0.00214736186899
    },
    "silence_rate_20dB": {
        "dmean": 0,
        "dmean2": 0,
        "dvar": 0,
        "dvar2": 0,
        "max": 1,
        "mean": 1,
        "median": 1,
        "min": 1,
        "stdev": 0,
        "var": 0
    },
    "silence_rate_30dB": {
        "dmean": 0.00253485422581,
        "dmean2": 0.00507614202797,
        "dvar": 0.00252843252383,
        "dvar2": 0.00758843962103,
        "max": 1,
        "mean": 0.998734176159,
        "median": 1,
        "min": 0,
        "stdev": 0.0355559103191,
        "var": 0.00126422278117
    },
    "silence_rate_60dB": {
        "dmean": 0.035487961024,
        "dmean2": 0.0710659921169,
        "dvar": 0.0342283882201,
        "dvar2": 0.0761681646109,
        "max": 1,
        "mean": 0.88481014967,
        "median": 1,
        "min": 0,
        "stdev": 0.319250047207,
        "var": 0.101920589805
    },
    "spectral_centroid": {
        "dmean": 324.029296875,
        "dmean2": 507.191650391,
        "dvar": 104864.25,
        "dvar2": 248437.265625,
        "max": 4950.21337891,
        "mean": 3392.48950195,
        "median": 3493.86035156,
        "min": 735.0546875,
        "stdev": 608.07623291,
        "var": 369756.71875
    },
    "spectral_complexity": {
        "dmean": 1.71356141567,
        "dmean2": 2.77157354355,
        "dvar": 29.3271923065,
        "dvar2": 57.673160553,
        "max": 63,
        "mean": 4.35569620132,
        "median": 0,
        "min": 0,
        "stdev": 12.9787387848,
        "var": 168.447662354
    },
    "spectral_decrease": {
        "dmean": 3.36942140855e-10,
        "dmean2": 5.17333731409e-10,
        "dvar": 2.16157059234e-18,
        "dvar2": 5.43484669894e-18,
        "max": -2.38559735693e-16,
        "mean": -5.60893720358e-10,
        "median": -7.15737625417e-12,
        "min": -2.31707026899e-08,
        "stdev": 2.09290607067e-09,
        "var": 4.38025552444e-18
    },
    "spectral_energy": {
        "dmean": 0.00230560591444,
        "dmean2": 0.00348498881795,
        "dvar": 0.000104921316961,
        "dvar2": 0.000255160586676,
        "max": 0.168332517147,
        "mean": 0.00390523206443,
        "median": 4.6240966185e-05,
        "min": 5.42670131054e-09,
        "stdev": 0.0146097093821,
        "var": 0.000213443607208
    },
    "spectral_energyband_high": {
        "dmean": 0.00128639803734,
        "dmean2": 0.00189449160825,
        "dvar": 3.41299783031e-05,
        "dvar2": 7.65824806876e-05,
        "max": 0.101407371461,
        "mean": 0.00212361756712,
        "median": 1.66385652847e-05,
        "min": 3.13842840605e-09,
        "stdev": 0.0082539357245,
        "var": 6.81274541421e-05
    },
    "spectral_energyband_low": {
        "dmean": 1.8670098143e-06,
        "dmean2": 3.23415997627e-06,
        "dvar": 5.20527232428e-11,
        "dvar2": 1.31497271405e-10,
        "max": 0.000106669584056,
        "mean": 1.85993258128e-06,
        "median": 1.29095425905e-07,
        "min": 4.57968468703e-10,
        "stdev": 7.19119134374e-06,
        "var": 5.17132343891e-11
    },
    "spectral_energyband_middle_high": {
        "dmean": 0.00105720967986,
        "dmean2": 0.00168593216222,
        "dvar": 2.34399212786e-05,
        "dvar2": 6.11554205534e-05,
        "max": 0.0731052458286,
        "mean": 0.00167865329422,
        "median": 1.83226256922e-05,
        "min": 5.07124287008e-10,
        "stdev": 0.00658815959468,
        "var": 4.34038447565e-05
    },
    "spectral_energyband_middle_low": {
        "dmean": 8.05910385679e-05,
        "dmean2": 0.000133608962642,
        "dvar": 1.0332772149e-07,
        "dvar2": 2.64420464191e-07,
        "max": 0.00500608189031,
        "mean": 0.000118391879369,
        "median": 2.94482561003e-06,
        "min": 1.33242833433e-10,
        "stdev": 0.000490091973916,
        "var": 2.40190132672e-07
    },
    "spectral_entropy": {
        "dmean": 0.100854553282,
        "dmean2": 0.159924983978,
        "dvar": 0.00810032431036,
        "dvar2": 0.0201632473618,
        "max": 8.88773059845,
        "mean": 8.29824924469,
        "median": 8.31642723083,
        "min": 7.31908321381,
        "stdev": 0.198759824038,
        "var": 0.0395054705441
    },
    "spectral_flux": {
        "dmean": 0.00758672086522,
        "dmean2": 0.0114635182545,
        "dvar": 0.000345014996128,
        "dvar2": 0.000603716878686,
        "max": 0.309994906187,
        "mean": 0.0220554154366,
        "median": 0.00578236347064,
        "min": 6.6491025791e-05,
        "stdev": 0.04377605021,
        "var": 0.00191634264775
    },
    "spectral_kurtosis": {
        "dmean": 0.785319685936,
        "dmean2": 1.29270875454,
        "dvar": 0.954749047756,
        "dvar2": 2.65012860298,
        "max": 12.3084287643,
        "mean": 1.63845682144,
        "median": 1.36518764496,
        "min": -0.775979042053,
        "stdev": 1.43272781372,
        "var": 2.05270886421
    },
    "spectral_rms": {
        "dmean": 0.00032844056841,
        "dmean2": 0.000480384362163,
        "dvar": 6.44068279598e-07,
        "dvar2": 1.34655192596e-06,
        "max": 0.0128151020035,
        "mean": 0.00082876131637,
        "median": 0.000212398532312,
        "min": 2.30094383369e-06,
        "stdev": 0.00176724011544,
        "var": 3.12313750328e-06
    },
    "spectral_rolloff": {
        "dmean": 999.616577148,
        "dmean2": 1585.28796387,
        "dvar": 1153093,
        "dvar2": 2490986.5,
        "max": 18604.6875,
        "mean": 7512.74511719,
        "median": 7708.88671875,
        "min": 861.328125,
        "stdev": 2811.89331055,
        "var": 7906743.5
    },
    "spectral_skewness": {
        "dmean": 0.15956915915,
        "dmean2": 0.251863151789,
        "dvar": 0.0253116544336,
        "dvar2": 0.0698183774948,
        "max": 2.4294321537,
        "mean": 0.976688027382,
        "median": 0.960002303123,
        "min": 0.362789064646,
        "stdev": 0.262985140085,
        "var": 0.0691611841321
    },
    "spectral_spread": {
        "dmean": 673718.9375,
        "dmean2": 1078582.25,
        "dvar": 460281708544,
        "dvar2": 1.19025277338e+12,
        "max": 12141626,
        "mean": 5247777.5,
        "median": 5108869,
        "min": 1717229,
        "stdev": 1433439.5,
        "var": 2.05474889728e+12
    },
    "spectral_strongpeak": {
        "dmean": 0.359948813915,
        "dmean2": 0.619681179523,
        "dvar": 1.69911050797,
        "dvar2": 3.65878939629,
        "max": 20.3054180145,
        "mean": 0.498421192169,
        "median": 0.0649205893278,
        "min": 0,
        "stdev": 1.64758861065,
        "var": 2.71454811096
    },
    "zerocrossingrate": {
        "dmean": 0.0185744911432,
        "dmean2": 0.0217086877674,
        "dvar": 0.000279165775282,
        "dvar2": 0.000323096232023,
        "max": 0.3671875,
        "mean": 0.223303988576,
        "median": 0.228759765625,
        "min": 0.04931640625,
        "stdev": 0.0602800175548,
        "var": 0.00363368052058
    },
    "barkbands": {
        "dmean": [2.00894287872e-08, 7.31663405418e-08, 8.71192128216e-07, 2.75565253105e-06, 1.19872593132e-05, 1.62886881299e-05, 1.62297255883e-05, 1.41589871419e-05, 3.12609263347e-05, 3.44462387147e-05, 3.57554199582e-05, 5.22192785866e-05, 7.06411010469e-05, 9.29238740355e-05, 0.000136749324156, 0.000152196487761, 0.000170038838405, 0.000191574043129, 0.000266233313596, 0.00032277230639, 0.000231825542869, 0.000174664048245, 0.000282137771137, 0.000357093958883, 0.000299056584481, 4.94615278512e-07, 9.75530269898e-08],
        "dmean2": [3.44103021632e-08, 1.20613719901e-07, 1.5443600887e-06, 4.81947472508e-06, 2.05958258448e-05, 2.83890876744e-05, 2.8323940569e-05, 2.43032664002e-05, 5.39901957382e-05, 6.15799654042e-05, 6.25894463155e-05, 9.38289886108e-05, 0.00012173353025, 0.000150404855958, 0.000226258955081, 0.000242981157498, 0.000296374462778, 0.000319684739225, 0.000433260196587, 0.000513348495588, 0.000365105079254, 0.000280157662928, 0.000460725190351, 0.000552447396331, 0.000457105954411, 7.96555809757e-07, 1.69084813706e-07],
        "dvar": [2.97704196635e-14, 8.06556563074e-14, 1.24041289393e-11, 1.14922717176e-10, 2.80701395461e-09, 5.63646240792e-09, 5.25731413958e-09, 3.79756714963e-09, 1.97299190319e-08, 2.72861271355e-08, 2.12907398378e-08, 4.98503709423e-08, 8.5865970334e-08, 1.770146838e-07, 3.53175977352e-07, 3.54950230985e-07, 5.19517641351e-07, 8.42050326355e-07, 1.81018447165e-06, 2.63710489889e-06, 9.88974420579e-07, 5.68315385863e-07, 1.64447146744e-06, 2.57874899035e-06, 1.60833974405e-06, 5.95778548024e-12, 8.26118307876e-13],
        "dvar2": [7.90376810766e-14, 1.94424202215e-13, 3.3307096664e-11, 3.23190252338e-10, 6.99568447615e-09, 1.62188396047e-08, 1.51301176032e-08, 9.31139876315e-09, 5.36843245413e-08, 8.82916282308e-08, 6.43212132445e-08, 1.51148654481e-07, 2.34174905245e-07, 4.42364040509e-07, 9.24906998989e-07, 9.04168473426e-07, 1.37828010338e-06, 2.18960758502e-06, 4.76148898088e-06, 6.46299758955e-06, 2.39022733695e-06, 1.47056050537e-06, 4.13588713855e-06, 5.8628475017e-06, 3.43753549714e-06, 1.48044545373e-11, 2.35568574196e-12],
        "max": [3.66895983461e-06, 5.63245521334e-06, 4.38393217337e-05, 0.000159855626407, 0.00077725877054, 0.00135034380946, 0.00112835678738, 0.000914053292945, 0.00208840938285, 0.00330775487237, 0.00192625704221, 0.00298768817447, 0.00363801023923, 0.00753860920668, 0.00947884097695, 0.0115087805316, 0.00952242128551, 0.0138103310019, 0.0202544406056, 0.030511174351, 0.0141466455534, 0.00982272718102, 0.0194266065955, 0.0226441510022, 0.0178524609655, 4.20288015448e-05, 1.94166968868e-05],
        "mean": [1.90094358032e-08, 7.20150268307e-08, 7.59083434332e-07, 2.48070614361e-06, 1.25252545331e-05, 1.83617430594e-05, 1.54738918354e-05, 1.54972349264e-05, 4.31676235166e-05, 4.81895331177e-05, 4.33884451922e-05, 5.62975619687e-05, 8.94324693945e-05, 0.000117709234473, 0.000189306694665, 0.000199124770006, 0.000211878606933, 0.000248828495387, 0.00030070534558, 0.000392503861804, 0.000302916072542, 0.000249763106694, 0.000379403296392, 0.000518519373145, 0.000448079197668, 7.11206780579e-07, 1.05537928619e-07],
        "median": [6.05130345832e-09, 9.93881599243e-09, 4.16247480928e-08, 1.803476124e-07, 5.49675974071e-07, 5.48638581677e-07, 3.26933076167e-07, 2.77402477877e-07, 4.21920276494e-07, 4.81431129629e-07, 3.40599058291e-07, 5.45215698367e-07, 7.88534975982e-07, 8.61392322804e-07, 1.22243272926e-06, 1.75267018676e-06, 1.98098405235e-06, 1.95098391487e-06, 2.86736849375e-06, 3.33990101353e-06, 2.71553858511e-06, 2.22081644097e-06, 2.8770850804e-06, 2.92596814688e-06, 1.57910324106e-06, 4.60575488859e-09, 2.97237701119e-09],
        "min": [2.98927577136e-10, 2.36317042324e-12, 3.81637299887e-12, 3.63246802429e-12, 1.30328248193e-11, 7.63936656989e-12, 3.86852789386e-12, 6.16999593778e-12, 1.28230282295e-11, 1.4804650561e-11, 5.87700287741e-12, 1.69506665648e-11, 2.8193971463e-11, 2.47592241848e-11, 5.3263397165e-11, 6.71055988555e-11, 4.74040667831e-11, 5.63706338552e-11, 6.75926675742e-11, 9.17962372782e-11, 1.74560213506e-10, 2.3400698046e-10, 1.50875298366e-10, 3.54064333408e-10, 4.84402573608e-10, 5.7830712441e-10, 1.30202215676e-09],
        "stdev": [1.46054745187e-07, 2.92340843089e-07, 3.13942996399e-06, 9.87398288999e-06, 5.58557585464e-05, 8.42321242089e-05, 6.72439491609e-05, 7.15811329428e-05, 0.000210424797842, 0.000236565290834, 0.000182902324013, 0.000238992812228, 0.000363806990208, 0.000528765202034, 0.000822036352474, 0.000828071031719, 0.000888206879608, 0.00109664688352, 0.0014222972095, 0.00186996394768, 0.00122362375259, 0.00097828975413, 0.00154187285807, 0.00217409688048, 0.00181674363557, 3.04562968267e-06, 7.65178299389e-07],
        "var": [2.13319894518e-14, 8.54631645943e-14, 9.85602051362e-12, 9.74955324806e-11, 3.11986592116e-09, 7.09505121321e-09, 4.52174830912e-09, 5.1238582266e-09, 4.42785967891e-08, 5.59631345709e-08, 3.34532614943e-08, 5.71175675645e-08, 1.32355523874e-07, 2.79592654806e-07, 6.75743763168e-07, 6.85701593284e-07, 7.88911506788e-07, 1.20263450754e-06, 2.02292949325e-06, 3.49676520273e-06, 1.49725519805e-06, 9.57050929173e-07, 2.37737208408e-06, 4.7266976253e-06, 3.3005574096e-06, 9.27585959432e-12, 5.8549785029e-13]
    },
    "erbbands": {
        "dmean": [1.28306828628e-06, 2.9906985219e-05, 0.000629128015134, 0.00512715475634, 0.0164018888026, 0.0498424991965, 0.0674980580807, 0.172521650791, 0.251599222422, 0.218727007508, 0.364567756653, 0.716583192348, 0.788292467594, 1.38257598877, 1.44209039211, 2.35997033119, 3.22583508492, 3.84560847282, 6.8181014061, 6.8373837471, 8.02085590363, 10.253900528, 9.13777637482, 14.1802787781, 12.5616798401, 14.7208871841, 13.8040447235, 5.27889585495, 5.570063591, 7.97626304626, 8.08912372589, 7.28938674927, 5.96419525146, 5.57236146927, 0.819361388683, 0.0213693995029, 0.00226465403102, 0.000225494150072, 4.0473190893e-05, 1.07337536974e-05],
        "dmean2": [2.21142613555e-06, 5.04055933561e-05, 0.00111942109652, 0.00880164839327, 0.0286187138408, 0.0857412368059, 0.117479458451, 0.308077514172, 0.446003675461, 0.378267675638, 0.612380981445, 1.24739563465, 1.35257685184, 2.45749950409, 2.54284787178, 4.18327617645, 5.58682537079, 6.03226137161, 11.3290271759, 11.1530170441, 12.8650274277, 17.7555179596, 14.5338554382, 23.9459934235, 20.5529232025, 23.3647575378, 22.0311698914, 7.80030918121, 9.02559280396, 13.2170715332, 13.1210565567, 11.1975440979, 8.78471088409, 8.76263046265, 1.24027979374, 0.0324900336564, 0.0035850610584, 0.000359387195203, 6.52879971312e-05, 1.67414636962e-05],
        "dvar": [5.09049018216e-11, 1.03845803068e-08, 5.83321161685e-06, 0.000348115485394, 0.00492158904672, 0.0560044981539, 0.0674250125885, 0.812584340572, 1.76627910137, 0.917958199978, 2.79361820221, 11.707775116, 11.0271873474, 39.8591651917, 39.3477363586, 97.2766265869, 175.949386597, 239.096343994, 1032.80541992, 740.514404297, 1007.144104, 1814.47546387, 1537.60791016, 5594.7890625, 4765.92236328, 5272.67431641, 3958.82861328, 478.430145264, 599.018737793, 1368.87536621, 1240.84057617, 1183.81506348, 640.739929199, 587.215637207, 12.8033542633, 0.0089640468359, 9.83430654742e-05, 1.23371046357e-06, 4.28376480954e-08, 2.37771358158e-09],
        "dvar2": [1.06177643067e-10, 2.49132270369e-08, 1.4604584976e-05, 0.000916111690458, 0.0122851273045, 0.141550913453, 0.183137461543, 2.45050692558, 5.22151231766, 2.27786850929, 6.88345956802, 31.6149272919, 33.7120704651, 134.221954346, 114.041740417, 297.292114258, 475.923370361, 592.344909668, 2696.30957031, 1811.05297852, 2450.44775391, 4959.11279297, 3597.73632812, 15047.75, 12764.8310547, 12811.2880859, 9862.22460938, 1015.00482178, 1483.44299316, 3393.46508789, 3122.60888672, 2863.32641602, 1349.91687012, 1280.09277344, 28.4078826904, 0.0199342295527, 0.000225707015488, 3.09597453452e-06, 1.09997927211e-07, 5.68857938532e-09],
        "max": [0.000148275095853, 0.00189826847054, 0.0312180984765, 0.289216816425, 1.07301187515, 3.26419711113, 5.11180305481, 15.7360229492, 22.6493873596, 12.9789218903, 24.7346534729, 47.104309082, 62.1372756958, 106.352149963, 89.7054977417, 135.189254761, 165.099838257, 275.970092773, 421.056518555, 480.754669189, 611.229431152, 564.943969727, 565.532043457, 1074.56762695, 1084.52111816, 1404.56225586, 967.453552246, 372.485229492, 310.142211914, 548.33782959, 482.94430542, 524.15625, 355.348602295, 317.150054932, 61.3737640381, 1.66643106937, 0.139880850911, 0.018845109269, 0.00371981039643, 0.000727868929971],
        "mean": [1.36261348871e-06, 3.01644304272e-05, 0.000618468562607, 0.00498263165355, 0.0173604935408, 0.0488806702197, 0.0760194063187, 0.182234212756, 0.241093680263, 0.239506974816, 0.429666787386, 0.9689437747, 1.22033369541, 1.84821176529, 1.81169462204, 2.50295257568, 4.07311439514, 5.40532207489, 8.8200302124, 10.4752073288, 11.2420787811, 12.3936510086, 12.7922039032, 15.7499818802, 15.1714334488, 18.0444221497, 17.4221439362, 7.87833690643, 8.25650501251, 11.326256752, 10.7695493698, 10.2775201797, 8.89091014862, 8.37177658081, 1.15110373497, 0.0303082168102, 0.00331018306315, 0.000316671445034, 5.76122729399e-05, 1.70872153831e-05],
        "median": [1.36968367315e-07, 3.7033200897e-06, 4.27415216109e-05, 0.000344498315826, 0.00107786769513, 0.00180165597703, 0.00272642844357, 0.00500715523958, 0.00459277722985, 0.00487828580663, 0.00651617674157, 0.00902828574181, 0.0155532304198, 0.01492226962, 0.0157640352845, 0.0245332717896, 0.0382457599044, 0.0424028709531, 0.0563238933682, 0.0879116654396, 0.103500917554, 0.108588963747, 0.0999973714352, 0.145905256271, 0.136033594608, 0.155713766813, 0.150091573596, 0.0706866085529, 0.0721344351768, 0.0945296138525, 0.0803791433573, 0.0679056197405, 0.0444938018918, 0.0299515444785, 0.00376371946186, 0.000118556854432, 1.55681846081e-05, 2.66475581157e-06, 6.38520816665e-07, 1.73363133626e-07],
        "min": [5.46925171818e-09, 1.25672494633e-09, 3.83374043622e-09, 9.15673847857e-09, 2.96487829843e-08, 3.28771498914e-08, 7.22494988281e-08, 7.1327079354e-08, 5.20091312239e-08, 6.60282850617e-08, 2.13190531895e-07, 2.70678242487e-07, 6.81138430991e-07, 5.67853362554e-07, 3.66940867025e-07, 8.73934311585e-07, 1.24171776861e-06, 2.52950349022e-06, 3.10136238113e-06, 3.4702134144e-06, 3.97847179556e-06, 2.5636081773e-06, 2.61081822828e-06, 4.63098649561e-06, 2.46652530222e-06, 3.19195237353e-06, 7.62156560086e-06, 5.44931253899e-06, 8.52737775858e-06, 6.55323856336e-06, 4.36980553786e-06, 5.33037336936e-06, 7.4016270446e-06, 4.70703162136e-06, 3.25075279761e-06, 1.76570677013e-06, 9.63307684287e-07, 7.36010292712e-07, 1.67671331042e-07, 1.54747912262e-08],
        "stdev": [7.73536612542e-06, 0.000106847634015, 0.00235301442444, 0.0188706982881, 0.0719426125288, 0.238037765026, 0.297602802515, 0.921896338463, 1.17954349518, 1.04491055012, 1.9925942421, 4.87197685242, 5.46819734573, 8.93441963196, 7.53301954269, 10.568731308, 16.5113449097, 22.1639156342, 40.2316894531, 43.548866272, 45.6955680847, 51.8211517334, 54.7290649414, 75.4835128784, 72.2778625488, 85.1308898926, 73.7492294312, 30.425491333, 32.0218544006, 45.9974060059, 43.4658927917, 43.5530738831, 36.8064727783, 34.1780548096, 4.78044605255, 0.125943005085, 0.0135226603597, 0.00135381240398, 0.000247907009907, 6.6943357524e-05],
        "var": [5.98358931847e-11, 1.14164162568e-08, 5.53667678105e-06, 0.00035610323539, 0.00517573952675, 0.056661978364, 0.0885674282908, 0.849892854691, 1.39132297039, 1.0918380022, 3.97043180466, 23.7361602783, 29.901184082, 79.8238601685, 56.7463798523, 111.6980896, 272.624481201, 491.239135742, 1618.58874512, 1896.50366211, 2088.08496094, 2685.43188477, 2995.27050781, 5697.76025391, 5224.08886719, 7247.26904297, 5438.94921875, 925.710510254, 1025.39916992, 2115.76123047, 1889.28369141, 1896.87036133, 1354.71630859, 1168.13952637, 22.8526630402, 0.015861639753, 0.00018286233535, 1.83280792498e-06, 6.14578894442e-08, 4.48141301845e-09]
    },
    "gfcc": {
        "mean": [-296.117462158, -19.3312854767, -166.346542358, 37.9767417908, -91.4919204712, 10.8066663742, -59.3792533875, -2.33815169334, -30.8224487305, -13.554391861, -10.6230354309, -16.123003006, -4.46324062347],
        "cov": [[27815.5410156, -331.697845459, -4519.33544922, 371.636077881, -1924.95166016, 422.83706665, -1390.43615723, 132.949203491, -452.001037598, -324.255828857, 126.625511169, -534.012268066, 257.09576416], [-331.697845459, 1457.9440918, -176.415023804, -176.353973389, -27.4653663635, -163.427444458, 39.3188972473, -119.799476624, 28.6656265259, -92.8398590088, 57.8275299072, -79.8007049561, -47.5129203796], [-4519.33544922, -176.415023804, 1167.46606445, -50.1406593323, 309.682495117, -6.31198740005, 208.79649353, 2.24348545074, 36.2167167664, 65.5486907959, -73.5407485962, 97.7405471802, -51.779548645], [371.636077881, -176.353973389, -50.1406593323, 298.913665771, -60.517780304, 51.0987319946, -55.33776474, 8.47821140289, -25.3849639893, -22.4945487976, -4.76849365234, -27.2975502014, 7.21659183502], [-1924.95166016, -27.4653663635, 309.682495117, -60.517780304, 257.812896729, -27.6236934662, 130.278442383, -11.9743728638, 37.475276947, 39.7467536926, -10.420583725, 48.6850585938, -19.2265415192], [422.83706665, -163.427444458, -6.31198740005, 51.0987319946, -27.6236934662, 120.446487427, -37.4833068848, 20.3105640411, -16.2662353516, -2.1506819725, -20.7859554291, -15.5656280518, 11.596534729], [-1390.43615723, 39.3188972473, 208.79649353, -55.33776474, 130.278442383, -37.4833068848, 156.612091064, -2.51988720894, 34.7410202026, 25.4076137543, -3.13012838364, 32.5462150574, -20.7444591522], [132.949203491, -119.799476624, 2.24348545074, 8.47821140289, -11.9743728638, 20.3105640411, -2.51988720894, 64.1786804199, 4.73520374298, 13.5926570892, 0.938830733299, -0.488676249981, 4.11785459518], [-452.001037598, 28.6656265259, 36.2167167664, -25.3849639893, 37.475276947, -16.2662353516, 34.7410202026, 4.73520374298, 64.8135223389, 21.1784229279, 0.791981041431, 16.929567337, -8.64629173279], [-324.255828857, -92.8398590088, 65.5486907959, -22.4945487976, 39.7467536926, -2.1506819725, 25.4076137543, 13.5926570892, 21.1784229279, 56.3739395142, 7.44301700592, 18.8689250946, 3.48566627502], [126.625511169, 57.8275299072, -73.5407485962, -4.76849365234, -10.420583725, -20.7859554291, -3.13012838364, 0.938830733299, 0.791981041431, 7.44301700592, 48.2142753601, 11.4129858017, 2.36113858223], [-534.012268066, -79.8007049561, 97.7405471802, -27.2975502014, 48.6850585938, -15.5656280518, 32.5462150574, -0.488676249981, 16.929567337, 18.8689250946, 11.4129858017, 57.0213317871, 7.33745670319], [257.09576416, -47.5129203796, -51.779548645, 7.21659183502, -19.2265415192, 11.596534729, -20.7444591522, 4.11785459518, -8.64629173279, 3.48566627502, 2.36113858223, 7.33745670319, 35.4628143311]],
        "icov": [[0.000193583779037, 6.28255511401e-05, 0.00057094701333, 0.000159804389114, 0.000522633723449, -0.000234185295994, 0.000447022815933, -0.000153906381456, 0.000565916474443, -0.000209696110687, 0.000350375659764, 3.11535077344e-05, 0.000249977747444], [6.28255511401e-05, 0.00170512241311, -0.000199898931896, 0.00108094816096, 0.000332940689987, 0.0010676671518, -0.000360637030099, 0.00226673437282, -0.00186051102355, 0.00297091621906, -0.00337829766795, 0.00441034371033, -0.000758815789595], [0.00057094701333, -0.000199898931896, 0.00364022655413, -4.22406774305e-05, 0.00047635298688, -0.00111092510633, 0.00059907900868, -0.00127354986034, 0.00351427472197, -0.00252938922495, 0.0050646616146, -0.00394148565829, 0.00362029392272], [0.000159804389114, 0.00108094816096, -4.22406774305e-05, 0.00466538639739, 0.00080593302846, -0.000775308581069, 0.000730532105081, 0.00108055362944, -0.000646619009785, 0.00275984429754, -0.00276250671595, 0.00394097389653, -0.000789421610534], [0.000522633723449, 0.000332940689987, 0.00047635298688, 0.00080593302846, 0.00987790245563, -0.000856520840898, -0.00341415940784, 0.00177149719093, 0.000718811876141, -0.0025555237662, 0.00123134150635, -0.00155379762873, 0.00128722330555], [-0.000234185295994, 0.0010676671518, -0.00111092510633, -0.000775308581069, -0.000856520840898, 0.012352835387, 0.00123727205209, -0.00137116631959, -0.000617225363385, 0.00105677149259, 0.0018446118338, 0.00409318786114, -0.00318098114803], [0.000447022815933, -0.000360637030099, 0.00059907900868, 0.000730532105081, -0.00341415940784, 0.00123727205209, 0.0143112931401, -0.00211332715116, -0.000505673058797, -0.00146109843627, 0.00155587296467, -0.00208465242758, 0.00371150649153], [-0.000153906381456, 0.00226673437282, -0.00127354986034, 0.00108055362944, 0.00177149719093, -0.00137116631959, -0.00211332715116, 0.0214368421584, -0.00470037013292, -0.000359708676115, -0.00632565561682, 0.00702198129147, -0.00238564470783], [0.000565916474443, -0.00186051102355, 0.00351427472197, -0.000646619009785, 0.000718811876141, -0.000617225363385, -0.000505673058797, -0.00470037013292, 0.0255263391882, -0.010969559662, 0.00947781465948, -0.0111079029739, 0.0084780100733], [-0.000209696110687, 0.00297091621906, -0.00252938922495, 0.00275984429754, -0.0025555237662, 0.00105677149259, -0.00146109843627, -0.000359708676115, -0.010969559662, 0.0318680144846, -0.0129033606499, 0.00744811119512, -0.00778693147004], [0.000350375659764, -0.00337829766795, 0.0050646616146, -0.00276250671595, 0.00123134150635, 0.0018446118338, 0.00155587296467, -0.00632565561682, 0.00947781465948, -0.0129033606499, 0.0388617888093, -0.0202645435929, 0.00778429489583], [3.11535077344e-05, 0.00441034371033, -0.00394148565829, 0.00394097389653, -0.00155379762873, 0.00409318786114, -0.00208465242758, 0.00702198129147, -0.0111079029739, 0.00744811119512, -0.0202645435929, 0.0433043129742, -0.0161406043917], [0.000249977747444, -0.000758815789595, 0.00362029392272, -0.000789421610534, 0.00128722330555, -0.00318098114803, 0.00371150649153, -0.00238564470783, 0.0084780100733, -0.00778693147004, 0.00778429489583, -0.0161406043917, 0.0406562127173]]
    },
    "melbands": {
        "dmean": [1.44518708112e-08, 2.64263263716e-07, 1.17603860872e-06, 2.23993356485e-06, 2.47968819167e-06, 3.79334528589e-06, 3.64102720596e-06, 2.42802661887e-06, 3.26161921294e-06, 4.76641253044e-06, 4.01781153414e-06, 5.56288250664e-06, 4.73104955745e-06, 5.49466085431e-06, 6.27971849099e-06, 7.88813849795e-06, 7.33951674192e-06, 1.15002694656e-05, 1.01910900412e-05, 1.04626360553e-05, 9.87842759059e-06, 1.1028389963e-05, 9.56295389187e-06, 8.73291810422e-06, 1.22756900964e-05, 9.76308547251e-06, 1.02585445347e-05, 9.75447619567e-06, 9.80296954367e-06, 5.81651966058e-06, 2.50134780799e-06, 2.93623793368e-06, 4.19424077336e-06, 5.18992555953e-06, 5.37598361916e-06, 3.75936110686e-06, 4.91385617352e-06, 4.0590593926e-06, 4.77080357086e-06, 4.95795529787e-06],
        "dmean2": [2.38606485681e-08, 4.72707029076e-07, 1.98100269699e-06, 3.8087446228e-06, 4.24063046012e-06, 6.68484653943e-06, 6.40735970592e-06, 4.25231746704e-06, 5.5857276493e-06, 8.13373753772e-06, 6.79409549775e-06, 9.93724279397e-06, 8.18468470243e-06, 9.75602961262e-06, 1.11278004624e-05, 1.3561322703e-05, 1.16658256957e-05, 1.91059025383e-05, 1.6471818526e-05, 1.7110225599e-05, 1.61807492987e-05, 1.90966329683e-05, 1.62288106367e-05, 1.45031544889e-05, 2.0837829652e-05, 1.63948043337e-05, 1.76656503754e-05, 1.49484776557e-05, 1.56578917085e-05, 9.36837386689e-06, 3.99270584239e-06, 4.75012348033e-06, 6.94789059708e-06, 8.41403198137e-06, 8.9295062935e-06, 5.65543223274e-06, 8.00734233053e-06, 5.98911128691e-06, 7.02524084772e-06, 7.92164701124e-06],
        "dvar": [4.53897173753e-15, 1.06638710449e-12, 1.97002709285e-11, 9.72305222446e-11, 1.10790543406e-10, 3.78094971998e-10, 3.36305955306e-10, 1.1594473992e-10, 2.50510723276e-10, 4.92672735941e-10, 2.66297955909e-10, 6.65263399924e-10, 4.07055833485e-10, 4.9151493986e-10, 6.86251167004e-10, 1.09025399819e-09, 1.0092241487e-09, 3.06905478809e-09, 1.70006564382e-09, 1.95472593667e-09, 1.67838343224e-09, 2.18216156256e-09, 1.74255598839e-09, 1.85209503289e-09, 4.16460199659e-09, 2.4320090386e-09, 3.33267968777e-09, 2.31747687707e-09, 2.03198835536e-09, 6.22414675355e-10, 1.0531021194e-10, 1.56701027154e-10, 3.81741999123e-10, 5.85617665472e-10, 5.30189170345e-10, 3.09798187104e-10, 6.20772211413e-10, 2.89848006707e-10, 4.11462919292e-10, 4.71716443684e-10],
        "dvar2": [9.91908700223e-15, 2.67348968484e-12, 5.24158355608e-11, 2.31121261018e-10, 3.00893254757e-10, 1.13481679609e-09, 9.85444281731e-10, 2.81630524457e-10, 6.22829399166e-10, 1.38036282404e-09, 7.91242737996e-10, 2.24239471436e-09, 1.18539700278e-09, 1.45616996239e-09, 1.9125263595e-09, 3.12809111946e-09, 2.46804687798e-09, 8.16232503809e-09, 4.41212577584e-09, 5.24576559968e-09, 4.20841272941e-09, 6.09188477441e-09, 4.45887637923e-09, 4.89405227455e-09, 1.118868731e-08, 6.4545102596e-09, 8.99184726677e-09, 5.48286882562e-09, 5.13664888402e-09, 1.4689620631e-09, 2.29443894439e-10, 3.8193787022e-10, 1.07210573752e-09, 1.47207790402e-09, 1.38129574445e-09, 7.51704642976e-10, 1.54659995921e-09, 6.12133288502e-10, 8.49248782409e-10, 1.07771880309e-09],
        "max": [1.3527990177e-06, 1.35250093081e-05, 7.08127990947e-05, 0.000155231813551, 0.000201112881768, 0.000330025475705, 0.000302586180624, 0.00015567864466, 0.000242679103394, 0.000326540495735, 0.000297246937407, 0.000456250098068, 0.000298058148474, 0.000296990183415, 0.000376269628759, 0.000476535497, 0.000612078758422, 0.000771374674514, 0.000695815426297, 0.000815241714008, 0.000735717010684, 0.000602946500294, 0.000631679897197, 0.000677296775393, 0.000891499163117, 0.000733235036023, 0.000808795855846, 0.00096825620858, 0.000674762821291, 0.00039633346023, 0.000157674527145, 0.00016469725233, 0.00028463525814, 0.000365725165466, 0.000254087557551, 0.000317766855005, 0.000334283016855, 0.00024543487234, 0.000310462142807, 0.000283240224235],
        "mean": [1.52274743925e-08, 2.65478462325e-07, 1.18354421375e-06, 2.3179056825e-06, 2.70906184596e-06, 4.03437388741e-06, 3.57274575435e-06, 2.71036742561e-06, 3.79940024686e-06, 6.43190878691e-06, 6.11512950854e-06, 7.46934892959e-06, 5.96859308644e-06, 6.13629526924e-06, 7.12656765245e-06, 9.57632710197e-06, 9.95522532321e-06, 1.36527914947e-05, 1.39623361974e-05, 1.39434787343e-05, 1.30635617097e-05, 1.28353531181e-05, 1.19513915706e-05, 1.12153757073e-05, 1.29807103804e-05, 1.12911402539e-05, 1.12352126962e-05, 1.21227349155e-05, 1.19503438327e-05, 7.47682133806e-06, 3.64199900105e-06, 4.19419075115e-06, 5.63779894946e-06, 6.66719233777e-06, 6.58829094391e-06, 5.32312606083e-06, 6.69390828989e-06, 5.90519675825e-06, 6.89482430971e-06, 7.33896376914e-06],
        "median": [2.06200168051e-09, 1.86706614613e-08, 8.63019522512e-08, 1.0768833647e-07, 9.87927677443e-08, 1.11593820407e-07, 7.10560073003e-08, 5.36624114034e-08, 5.31006278948e-08, 5.87123913931e-08, 7.67135190927e-08, 5.96226712446e-08, 4.69607996934e-08, 6.0446616601e-08, 7.30490654632e-08, 8.9158085359e-08, 7.27192173144e-08, 8.72303047572e-08, 9.79825856007e-08, 1.14653197159e-07, 1.25203655443e-07, 1.11258316338e-07, 9.09764850121e-08, 9.22312324292e-08, 1.21367094152e-07, 1.04970524717e-07, 9.23787411011e-08, 1.08256045905e-07, 9.98230262894e-08, 6.41835526949e-08, 3.21039479445e-08, 3.74205058051e-08, 4.66858622872e-08, 5.05674861984e-08, 4.50421175913e-08, 4.29203055319e-08, 3.92513328507e-08, 3.09973877677e-08, 2.66640487467e-08, 2.4515582453e-08],
        "min": [1.05327968569e-10, 2.66883238599e-12, 3.31319108433e-12, 2.62934118922e-12, 2.41152822537e-12, 1.79787499992e-12, 8.1326433218e-13, 6.89569928936e-13, 2.06642320442e-12, 1.69260254684e-12, 3.02238008926e-12, 1.6665447234e-12, 8.94927957695e-13, 1.79177657954e-12, 2.70220499622e-12, 2.33785343515e-12, 3.66120848916e-12, 4.88109856353e-12, 4.09955619798e-12, 4.63361987668e-12, 5.10324031297e-12, 2.76730765039e-12, 1.6070363356e-12, 3.11744185154e-12, 4.07957912243e-12, 1.83453968162e-12, 1.83179513225e-12, 1.95012972784e-12, 4.86794632382e-12, 3.61015080677e-12, 2.87844054148e-12, 4.12263626015e-12, 5.6624908755e-12, 2.84313284721e-12, 2.10293848307e-12, 3.1771811744e-12, 3.08075093214e-12, 5.46654605263e-12, 4.46445918428e-12, 3.9750394816e-12],
        "stdev": [7.26584516997e-08, 1.01038165212e-06, 4.48599439551e-06, 1.04671089503e-05, 1.13528349175e-05, 1.99167698156e-05, 1.6646910808e-05, 1.20136774058e-05, 1.81918458111e-05, 3.23294989357e-05, 2.73161385849e-05, 3.65977066394e-05, 2.4935186957e-05, 2.51562232734e-05, 2.97001606668e-05, 3.969161844e-05, 4.27008781116e-05, 6.47402339382e-05, 5.97570469836e-05, 6.02411600994e-05, 5.46580122318e-05, 5.4263338825e-05, 5.3169860621e-05, 4.96975007991e-05, 6.3657258579e-05, 5.30229808646e-05, 5.78370782023e-05, 5.74618061364e-05, 5.15367682965e-05, 3.08343442157e-05, 1.40237616506e-05, 1.62790965987e-05, 2.30644600379e-05, 2.80405420199e-05, 2.70416221611e-05, 2.22503658733e-05, 2.94176443276e-05, 2.45518549491e-05, 2.92787317449e-05, 2.98073646263e-05],
