{
"lowlevel": {
    "average_loudness": 0.99068403244,
    "barkbands_crest": {
        "dmean": 2.50492787361,
        "dmean2": 4.37424659729,
        "dvar": 3.60233855247,
        "dvar2": 9.50022792816,
        "max": 22.9738540649,
        "mean": 15.3016891479,
        "median": 16.0583839417,
        "min": 5.53649425507,
        "stdev": 5.26462078094,
        "var": 27.7162322998
    },
    "barkbands_flatness_db": {
        "dmean": 0.0195031110197,
        "dmean2": 0.0327894464135,
        "dvar": 0.000133383538923,
        "dvar2": 0.000405989412684,
        "max": 0.172746509314,
        "mean": 0.122413359582,
        "median": 0.124292030931,
        "min": 0.0526241399348,
        "stdev": 0.0345549583435,
        "var": 0.00119404518045
    },
    "barkbands_kurtosis": {
        "dmean": 3.01152062416,
        "dmean2": 5.09842586517,
        "dvar": 6.81821966171,
        "dvar2": 17.548997879,
        "max": 20.118516922,
        "mean": 5.48926925659,
        "median": 5.49440526962,
        "min": -1.67893636227,
        "stdev": 4.76881074905,
        "var": 22.7415561676
    },
    "barkbands_skewness": {
        "dmean": 0.564479351044,
        "dmean2": 0.896091759205,
        "dvar": 0.13319157064,
        "dvar2": 0.337715595961,
        "max": 3.82032728195,
        "mean": 2.16357326508,
        "median": 2.53921103477,
        "min": -1.10305976868,
        "stdev": 1.15202009678,
        "var": 1.32715022564
    },
    "barkbands_spread": {
        "dmean": 7.6368227005,
        "dmean2": 11.5921154022,
        "dvar": 66.4491119385,
        "dvar2": 99.7521057129,
        "max": 113.691215515,
        "mean": 32.558216095,
        "median": 20.3719902039,
        "min": 8.34607028961,
        "stdev": 27.9186992645,
        "var": 779.453735352
    },
    "dissonance": {
        "dmean": 0.020766261965,
        "dmean2": 0.0303350947797,
        "dvar": 0.0017352909781,
        "dvar2": 0.00177293189336,
        "max": 0.499914973974,
        "mean": 0.464548766613,
        "median": 0.471528589725,
        "min": 0.23568290472,
        "stdev": 0.0406567752361,
        "var": 0.00165297323838
    },
    "dynamic_complexity": 27.8693256378,
    "erbbands_crest": {
        "dmean": 3.29356026649,
        "dmean2": 5.73013734818,
        "dvar": 6.15773391724,
        "dvar2": 16.5785312653,
        "max": 23.4385547638,
        "mean": 9.73725318909,
        "median": 9.07685375214,
        "min": 3.34415578842,
        "stdev": 4.59469270706,
        "var": 21.1112003326
    },
    "erbbands_flatness_db": {
        "dmean": 0.0122448783368,
        "dmean2": 0.0228351131082,
        "dvar": 0.000162629818078,
        "dvar2": 0.000370710797142,
        "max": 0.166403725743,
        "mean": 0.130498364568,
        "median": 0.141368985176,
        "min": 0.063447393477,
        "stdev": 0.0323443002999,
        "var": 0.00104615383316
    },
    "erbbands_kurtosis": {
        "dmean": 0.816086411476,
        "dmean2": 1.4155715704,
        "dvar": 1.56143248081,
        "dvar2": 3.8218319416,
        "max": 6.73566913605,
        "mean": -0.296668350697,
        "median": -1.21805000305,
        "min": -1.65687525272,
        "stdev": 1.95398807526,
        "var": 3.81806945801
    },
    "erbbands_skewness": {
        "dmean": 0.351884752512,
        "dmean2": 0.573214113712,
        "dvar": 0.0957546457648,
        "dvar2": 0.207463443279,
        "max": 2.68055105209,
        "mean": 0.676968812943,
        "median": 0.556623101234,
        "min": -0.860450088978,
        "stdev": 0.788280546665,
        "var": 0.621386229992
    },
    "erbbands_spread": {
        "dmean": 9.37093734741,
        "dmean2": 14.866563797,
        "dvar": 121.237518311,
        "dvar2": 226.214904785,
        "max": 91.9850997925,
        "mean": 68.7002182007,
        "median": 74.9696044922,
        "min": 24.868976593,
        "stdev": 19.4440937042,
        "var": 378.072753906
    },
    "hfc": {
        "dmean": 0.97579407692,
        "dmean2": 0.600617706776,
        "dvar": 6.74466323853,
        "dvar2": 2.69683289528,
        "max": 36.1043891907,
        "mean": 2.76268768311,
        "median": 0.00201292498969,
        "min": 1.19503795748e-09,
        "stdev": 7.39696788788,
        "var": 54.715133667
    },
    "loudness_ebu128": {
        "integrated": -19.867401123,
        "loudness_range": 0,
        "momentary": {
            "dmean": 11.0636491776,
            "dmean2": 2.00477218628,
            "dvar": 5.6929602623,
            "dvar2": 1.53968954086,
            "max": -17.3641872406,
            "mean": -42.5833244324,
            "median": -39.8294219971,
            "min": -72.682434082,
            "stdev": 18.9434623718,
            "var": 358.854736328
        },
        "short_term": {
            "dmean": 0,
            "dmean2": 0,
            "dvar": 0,
            "dvar2": 0,
            "max": -26.1146335602,
            "mean": -26.1146335602,
            "median": -26.1146335602,
            "min": -26.1146335602,
            "stdev": 0,
            "var": 0
        }
    },
    "melbands_crest": {
        "dmean": 3.84391403198,
        "dmean2": 6.85757541656,
        "dvar": 7.74408960342,
        "dvar2": 21.0726547241,
        "max": 23.9222202301,
        "mean": 16.9873447418,
        "median": 17.6116065979,
        "min": 9.34531879425,
        "stdev": 4.25598049164,
        "var": 18.113368988
    },
    "melbands_flatness_db": {
        "dmean": 0.0257724672556,
        "dmean2": 0.0375022925436,
        "dvar": 0.000179487353307,
        "dvar2": 0.000504655065015,
        "max": 0.236720025539,
        "mean": 0.176506996155,
        "median": 0.193683281541,
        "min": 0.0233626961708,
        "stdev": 0.0501074567437,
        "var": 0.00251075718552
    },
    "melbands_kurtosis": {
        "dmean": 9.92805480957,
        "dmean2": 16.3526515961,
        "dvar": 48.8079452515,
        "dvar2": 136.252380371,
        "max": 51.1044502258,
        "mean": 27.3109493256,
        "median": 27.3910579681,
        "min": -1.14286029339,
        "stdev": 13.5232095718,
        "var": 182.877197266
    },
    "melbands_skewness": {
        "dmean": 0.87605035305,
        "dmean2": 1.32157194614,
        "dvar": 0.262295454741,
        "dvar2": 0.763232588768,
        "max": 6.8543548584,
        "mean": 4.35727024078,
        "median": 4.42547893524,
        "min": 0.515833556652,
        "stdev": 1.52094101906,
        "var": 2.31326174736
    },
    "melbands_spread": {
        "dmean": 8.99378204346,
        "dmean2": 12.9782562256,
        "dvar": 359.339538574,
        "dvar2": 460.2137146,
        "max": 168.240447998,
        "mean": 25.5874137878,
        "median": 12.6488628387,
        "min": 5.99921226501,
        "stdev": 38.2155075073,
        "var": 1460.42504883
    },
    "pitch_salience": {
        "dmean": 0.0766764879227,
        "dmean2": 0.120625443757,
        "dvar": 0.00651959748939,
        "dvar2": 0.0138228368014,
        "max": 0.896696865559,
        "mean": 0.527092814445,
        "median": 0.568845510483,
        "min": 0.265570759773,
        "stdev": 0.140423998237,
        "var": 0.0197188984603
    },
    "silence_rate_20dB": {
        "dmean": 0,
        "dmean2": 0,
        "dvar": 0,
        "dvar2": 0,
        "max": 1,
        "mean": 1,
        "median": 1,
        "min": 1,
        "stdev": 0,
        "var": 0
    },
    "silence_rate_30dB": {
        "dmean": 0,
        "dmean2": 0,
        "dvar": 0,
        "dvar2": 0,
        "max": 1,
        "mean": 1,
        "median": 1,
        "min": 1,
        "stdev": 0,
        "var": 0
    },
    "silence_rate_60dB": {
        "dmean": 0.0270270276815,
        "dmean2": 0.0555555559695,
        "dvar": 0.0262965634465,
        "dvar2": 0.0524691566825,
        "max": 1,
        "mean": 0.815789461136,
        "median": 1,
        "min": 0,
        "stdev": 0.38765591383,
        "var": 0.150277107954
    },
    "spectral_centroid": {
        "dmean": 256.957397461,
        "dmean2": 368.181854248,
        "dvar": 67040.5078125,
        "dvar2": 69943.5859375,
        "max": 3920.36010742,
        "mean": 1322.31738281,
        "median": 1043.60107422,
        "min": 623.216125488,
        "stdev": 811.456604004,
        "var": 658461.8125
    },
    "spectral_complexity": {
        "dmean": 1.21621620655,
        "dmean2": 1.47222220898,
        "dvar": 12.1154174805,
        "dvar2": 14.9714488983,
        "max": 32,
        "mean": 3.21052622795,
        "median": 0,
        "min": 0,
        "stdev": 7.44862413406,
        "var": 55.4819984436
    },
    "spectral_decrease": {
        "dmean": 3.30512062163e-10,
        "dmean2": 3.91487259277e-10,
        "dvar": 1.12941534778e-18,
        "dvar2": 1.55866542382e-18,
        "max": -2.88013161935e-21,
        "mean": -9.04674779534e-10,
        "median": -8.02800968064e-13,
        "min": -1.10586224622e-08,
        "stdev": 2.45476772243e-09,
        "var": 6.02588420382e-18
    },
    "spectral_energy": {
        "dmean": 0.00127360830083,
        "dmean2": 0.0014663930051,
        "dvar": 1.69280756381e-05,
        "dvar2": 2.13000930671e-05,
        "max": 0.0438735857606,
        "mean": 0.00366503279656,
        "median": 3.21253082802e-06,
        "min": 1.19263770409e-13,
        "stdev": 0.00991175603122,
        "var": 9.82429046417e-05
    },
    "spectral_energyband_high": {
        "dmean": 9.38814046094e-05,
        "dmean2": 9.63135680649e-05,
        "dvar": 1.18769747814e-07,
        "dvar2": 1.34053266265e-07,
        "max": 0.00330873252824,
        "mean": 0.000203724848689,
        "median": 1.48526041244e-07,
        "min": 7.82931526685e-14,
        "stdev": 0.000597520382144,
        "var": 3.57030586429e-07
    },
    "spectral_energyband_low": {
        "dmean": 1.6203352061e-05,
        "dmean2": 1.2642947695e-05,
        "dvar": 3.07750758211e-09,
        "dvar2": 1.51439238927e-09,
        "max": 0.000560299027711,
        "mean": 2.98843642668e-05,
        "median": 9.54632071171e-08,
        "min": 1.28151663408e-14,
        "stdev": 9.99831609079e-05,
        "var": 9.99663285484e-09
    },
    "spectral_energyband_middle_high": {
        "dmean": 8.93524411367e-05,
        "dmean2": 6.44158571959e-05,
        "dvar": 5.87141748554e-08,
        "dvar2": 2.68821747085e-08,
        "max": 0.00326246675104,
        "mean": 0.000342665240169,
        "median": 1.71758088641e-07,
        "min": 1.12157199557e-14,
        "stdev": 0.000867584254593,
        "var": 7.52702419504e-07
    },
    "spectral_energyband_middle_low": {
        "dmean": 0.00121158827096,
        "dmean2": 0.00151989108417,
        "dvar": 1.56895803229e-05,
        "dvar2": 2.36653577304e-05,
        "max": 0.0392540507019,
        "mean": 0.00311531638727,
        "median": 2.82293922282e-06,
        "min": 7.73791956481e-15,
        "stdev": 0.0085355034098,
        "var": 7.2854818427e-05
    },
    "spectral_entropy": {
        "dmean": 0.134089633822,
        "dmean2": 0.189750015736,
        "dvar": 0.00847871415317,
        "dvar2": 0.0161697976291,
        "max": 9.16469764709,
        "mean": 7.9432182312,
        "median": 7.8484992981,
        "min": 7.40224218369,
        "stdev": 0.381804794073,
        "var": 0.145774900913
    },
    "spectral_flux": {
        "dmean": 0.00563027337193,
        "dmean2": 0.00482426490635,
        "dvar": 0.000180078917765,
        "dvar2": 0.000101105091744,
        "max": 0.201838225126,
        "mean": 0.0203965362161,
        "median": 0.00117691117339,
        "min": 1.35488699016e-05,
        "stdev": 0.0444957092404,
        "var": 0.00197986816056
    },
    "spectral_kurtosis": {
        "dmean": 0.550991594791,
        "dmean2": 0.862210631371,
        "dvar": 0.187893420458,
        "dvar2": 0.402288258076,
        "max": 4.62944936752,
        "mean": 2.03072834015,
        "median": 1.85417294502,
        "min": 0.727005720139,
        "stdev": 1.06869935989,
        "var": 1.14211821556
    },
    "spectral_rms": {
        "dmean": 0.000184627744602,
        "dmean2": 0.000171320571098,
        "dvar": 1.76900428528e-07,
        "dvar2": 1.7368624583e-07,
        "max": 0.00654243817553,
        "mean": 0.000912163115572,
        "median": 5.4495940276e-05,
        "min": 1.07867927923e-08,
        "stdev": 0.001656381879,
        "var": 2.74360081676e-06
    },
    "spectral_rolloff": {
        "dmean": 1004.49481201,
        "dmean2": 1342.83459473,
        "dvar": 2301982.75,
        "dvar2": 4150367,
        "max": 17980.2246094,
        "mean": 3127.41430664,
        "median": 506.030273438,
        "min": 279.931640625,
        "stdev": 5437.75292969,
        "var": 29569156
    },
    "spectral_skewness": {
        "dmean": 0.110841065645,
        "dmean2": 0.166744202375,
        "dvar": 0.00819335784763,
        "dvar2": 0.0090804444626,
        "max": 1.73109829426,
        "mean": 1.10638165474,
        "median": 1.02704775333,
        "min": 0.657254457474,
        "stdev": 0.315666139126,
        "var": 0.0996451079845
    },
    "spectral_spread": {
        "dmean": 589424.3125,
        "dmean2": 613275.4375,
        "dvar": 1.69157459968e+12,
        "dvar2": 1.01780796211e+12,
        "max": 19840306,
        "mean": 6875720,
        "median": 5433332,
        "min": 4787176,
        "stdev": 2966347,
        "var": 8.79921463296e+12
    },
    "spectral_strongpeak": {
        "dmean": 0.0628904774785,
        "dmean2": 0.0887484997511,
        "dvar": 0.0239882059395,
        "dvar2": 0.0632691159844,
        "max": 1.01957643032,
        "mean": 0.171001896262,
        "median": 0.0166315995157,
        "min": 0,
        "stdev": 0.253780931234,
        "var": 0.0644047558308
    },
    "zerocrossingrate": {
        "dmean": 0.0171690247953,
        "dmean2": 0.0186767578125,
        "dvar": 0.000894694821909,
        "dvar2": 0.00136756070424,
        "max": 0.48681640625,
        "mean": 0.10390111059,
        "median": 0.0546875,
        "min": 0.0283203125,
        "stdev": 0.107482783496,
        "var": 0.0115525489673
    },
    "barkbands": {
        "dmean": [2.01005536837e-06, 1.0533136674e-06, 2.93456264444e-06, 0.000356492324499, 0.000869413255714, 0.000169464066857, 9.43652048591e-05, 4.50389561593e-05, 5.34345017513e-05, 1.51048834596e-05, 1.74181350303e-05, 1.55892103066e-05, 1.16625333249e-05, 7.20958360034e-06, 1.12858515422e-05, 7.95578762336e-06, 9.90450826066e-06, 1.33453095259e-05, 2.59102052951e-05, 1.33900366563e-05, 4.78792353533e-05, 2.28785611398e-05, 1.54607314471e-05, 6.36037793811e-06, 2.73645355264e-06, 4.09615751096e-07, 8.99425316447e-08],
        "dmean2": [3.4661452446e-06, 1.84184216323e-06, 4.88921841679e-06, 0.000486103090225, 0.00104192167055, 0.00012345702271, 7.13990812073e-05, 5.41274639545e-05, 9.44881030591e-05, 1.68389487953e-05, 2.48111900873e-05, 2.7708185371e-05, 1.5898993297e-05, 9.96673315967e-06, 1.10711998786e-05, 9.1993379101e-06, 1.1869788068e-05, 1.19502374218e-05, 2.53639063885e-05, 8.35977880342e-06, 5.29715398443e-05, 2.70749133051e-05, 1.63599979714e-05, 8.17065483716e-06, 2.47251909968e-06, 3.9644669414e-07, 1.09192747288e-07],
        "dvar": [4.86408448241e-11, 1.75046001999e-11, 7.10418529559e-11, 1.48838796576e-06, 7.12435576133e-06, 4.67541383387e-07, 1.11151926774e-07, 1.62910342993e-08, 2.75977569686e-08, 1.64435720595e-09, 2.43582509718e-09, 2.20777574e-09, 1.72087666339e-09, 4.3591125154e-10, 1.60442259478e-09, 5.19780829489e-10, 7.4796258076e-10, 9.68670477164e-10, 6.02126348781e-09, 9.6942154304e-10, 4.51915838084e-08, 4.89468687803e-09, 3.65918362277e-09, 3.87753579245e-10, 4.93088764264e-11, 2.10937560821e-12, 1.38231589261e-13],
        "dvar2": [1.26192223338e-10, 4.35674898935e-11, 1.70382985498e-10, 3.47379955201e-06, 1.15358088806e-05, 2.60533965957e-07, 6.44805808747e-08, 2.85194072802e-08, 6.62379449068e-08, 1.49193102317e-09, 4.08403488805e-09, 5.28005639211e-09, 2.76607692307e-09, 7.20234150098e-10, 1.16645026971e-09, 5.8290622329e-10, 7.52984619101e-10, 1.36193500921e-09, 5.92312376924e-09, 4.3834441632e-10, 5.51651808678e-08, 7.12813319481e-09, 3.93474541838e-09, 6.37025432404e-10, 7.6364851942e-11, 2.32684271156e-12, 2.03086896258e-13],
        "max": [4.12513618357e-05, 3.00407773466e-05, 6.05533496127e-05, 0.00742013286799, 0.0262241493911, 0.00614582048729, 0.00326661206782, 0.00108352466486, 0.00110038160346, 0.000320203806041, 0.000359824392945, 0.000452335807495, 0.00035206504981, 0.000200369584491, 0.000414039008319, 0.000224153220188, 0.000218793953536, 0.000374412076781, 0.000957123702392, 0.000495253538247, 0.00155114708468, 0.000762166921049, 0.000559952866752, 0.000165918288985, 6.78140713717e-05, 1.44697069118e-05, 2.55944905803e-06],
        "mean": [2.22079120249e-06, 1.84807174719e-06, 3.9194665078e-06, 0.000346381624695, 0.00213523069397, 0.000268394651357, 0.000171914885868, 8.28834527056e-05, 0.000104136706796, 3.30153852701e-05, 2.83420522464e-05, 3.79706398235e-05, 3.01647178276e-05, 1.95835564227e-05, 2.38893135247e-05, 1.97849931283e-05, 2.22026901611e-05, 3.32685194735e-05, 7.49126193114e-05, 4.60015507997e-05, 6.92116009304e-05, 5.64777110412e-05, 3.28267051373e-05, 1.34270967465e-05, 5.97328107688e-06, 9.32991724767e-07, 1.11426132321e-07],
        "median": [1.05772866021e-08, 7.97785126849e-09, 4.53254997979e-08, 8.57813375887e-08, 2.39631003751e-06, 8.29220994092e-08, 1.85236729067e-07, 3.08091756551e-08, 1.84259540958e-08, 1.83280661759e-08, 8.63974669585e-09, 1.02432178295e-08, 5.72369174279e-09, 9.24783449818e-09, 1.18936949178e-08, 1.40854279351e-08, 2.05878318837e-08, 2.93506765559e-08, 3.27738831629e-08, 4.0396699319e-08, 4.4209869543e-08, 4.18064161067e-08, 1.95736813424e-08, 9.83368231289e-09, 3.46407791341e-09, 4.90715301726e-10, 1.53864920804e-10],
        "min": [5.22039619107e-15, 6.50651153642e-15, 2.79367877268e-15, 1.6088052521e-15, 1.5030001432e-15, 9.84088701472e-16, 5.04746192115e-16, 2.67818000697e-16, 1.79444120458e-15, 3.71694193233e-15, 1.72756625933e-15, 1.82664730306e-15, 9.00694813803e-16, 1.65593273592e-16, 3.43296577231e-16, 1.40109096234e-16, 2.51233519106e-16, 5.36576419723e-16, 1.62031928859e-15, 9.75347109698e-16, 3.26987349584e-15, 3.57712178021e-15, 8.10303650486e-15, 5.48942613709e-15, 1.05581123746e-14, 2.23269211279e-14, 2.52875469181e-14],
        "stdev": [7.37521895644e-06, 6.00417752139e-06, 1.23367262859e-05, 0.00125713192392, 0.00558158475906, 0.00103193998802, 0.000594031240325, 0.000218563407543, 0.000268263771432, 8.00902125775e-05, 7.61531628086e-05, 0.000100115823443, 8.58042549226e-05, 5.20754583704e-05, 7.43399432395e-05, 5.30818397237e-05, 5.39568391105e-05, 8.45033937367e-05, 0.000212320228457, 0.000112377456389, 0.000254428770859, 0.000155058587552, 9.87633029581e-05, 3.44718500855e-05, 1.4896243556e-05, 2.6637371775e-06, 4.21830151254e-07],
        "var": [5.43938574737e-11, 3.60501455077e-11, 1.52194812308e-10, 1.58038062636e-06, 3.1154086173e-05, 1.06490017515e-06, 3.52873087195e-07, 4.77699622081e-08, 7.19654522641e-08, 6.41444186655e-09, 5.7993045921e-09, 1.00231787314e-08, 7.36237026899e-09, 2.71185318645e-09, 5.52642731577e-09, 2.81768186561e-09, 2.91134050201e-09, 7.14082348807e-09, 4.5079879385e-08, 1.26286927582e-08, 6.47339959414e-08, 2.40431639043e-08, 9.75418945615e-09, 1.18830845164e-09, 2.21898083241e-10, 7.0954960657e-12, 1.77940683564e-13]
    },
    "erbbands": {
        "dmean": [4.40478652308e-05, 0.000599387858529, 0.00815164018422, 0.469845682383, 5.85653543472, 2.46273183823, 3.41131854057, 1.35680949688, 1.30109882355, 1.03449368477, 1.17143416405, 1.12964463234, 0.572746157646, 0.501459300518, 0.726001799107, 0.419177144766, 0.488640546799, 0.62393206358, 0.560728669167, 0.317033499479, 0.431988745928, 0.511585116386, 0.463102638721, 0.811487138271, 1.39590382576, 0.639499485493, 1.75417947769, 1.50300645828, 0.594479382038, 0.741645157337, 0.491294503212, 0.179687961936, 0.0917207971215, 0.0450786165893, 0.0121152177453, 0.00233725085855, 0.000774968531914, 0.000158211507369, 1.25622964333e-05, 1.92335983229e-06],
        "dmean2": [2.50952361966e-05, 0.000902676314581, 0.0124757038429, 0.652853786945, 8.01276016235, 3.40255284309, 4.77328681946, 0.880704879761, 1.41766858101, 0.69986987114, 1.50936555862, 2.15933609009, 0.96020179987, 0.464562147856, 1.07333421707, 0.703504264355, 0.463029980659, 1.01942622662, 0.716975986958, 0.174887806177, 0.531335890293, 0.661067664623, 0.428770750761, 0.846080899239, 1.07648122311, 0.243360355496, 1.78271734715, 1.71548986435, 0.758416116238, 0.553637444973, 0.58138781786, 0.180695429444, 0.139201372862, 0.0349306240678, 0.0147731387988, 0.00226516718976, 0.000817142485175, 0.000173030013684, 1.48276412801e-05, 8.95673906598e-07],
        "dvar": [2.86007288963e-08, 4.85493274027e-06, 0.000868837872986, 2.64606976509, 423.372253418, 69.6276550293, 79.6223068237, 27.6146564484, 20.544921875, 11.0755329132, 14.4741420746, 13.7924938202, 3.19794678688, 1.7493339777, 6.53573083878, 1.68352162838, 1.75063204765, 3.54875183105, 4.03249788284, 0.624690413475, 1.74186623096, 2.21538186073, 1.56944537163, 6.11170816422, 15.8045854568, 1.93582940102, 66.9675979614, 39.1311454773, 3.19868850708, 7.20450878143, 3.51726555824, 0.419391870499, 0.0752014666796, 0.0122714135796, 0.000970440451056, 5.35303151992e-05, 7.0957630669e-06, 4.25912389801e-07, 2.12609796435e-09, 2.72131987084e-11],
        "dvar2": [1.09986801888e-08, 1.2750913811e-05, 0.00224815262482, 6.22770547867, 996.33984375, 94.0288543701, 200.403289795, 10.7257061005, 18.4884128571, 4.45199775696, 33.8327331543, 28.5367088318, 6.29198265076, 1.38022756577, 10.9580802917, 2.73452830315, 2.03289604187, 8.06590557098, 5.25304603577, 0.196038514376, 2.23062038422, 2.35841989517, 1.10129308701, 5.29354667664, 8.91190814972, 0.184424370527, 70.3433456421, 47.658416748, 5.71542882919, 5.20685577393, 4.68151712418, 0.520528376102, 0.150825485587, 0.0148033248261, 0.00199545850046, 4.87588331453e-05, 1.07794212454e-05, 5.78141907681e-07, 3.26582050292e-09, 5.90161123096e-12],
        "max": [0.00161406619009, 0.0131415985525, 0.19530184567, 10.1910266876, 122.814857483, 78.1011657715, 59.010383606, 49.9872817993, 44.5840301514, 38.2282142639, 27.8631210327, 25.4482116699, 12.1107683182, 11.027926445, 16.3315963745, 15.3403673172, 15.2644891739, 15.5195960999, 18.7116661072, 11.7233047485, 12.6551856995, 11.7264165878, 15.8753566742, 29.7493877411, 51.6484451294, 23.4868679047, 63.5809745789, 49.9498252869, 17.9664611816, 27.4408740997, 15.5393247604, 5.84319639206, 1.85531592369, 1.04972493649, 0.290333479643, 0.0864780023694, 0.0220279470086, 0.00473327748477, 0.000358015851816, 7.11633692845e-05],
        "mean": [7.30415122234e-05, 0.000656047428492, 0.0105930576101, 0.486107170582, 5.37871694565, 5.67986965179, 5.45493745804, 2.27341747284, 2.64196276665, 2.34062170982, 1.69137191772, 2.4443924427, 1.2002518177, 1.15533900261, 1.51411426067, 1.37187004089, 1.30672085285, 1.31394612789, 1.1164046526, 1.03115510941, 1.12509834766, 1.24591422081, 1.74412477016, 2.79376840591, 3.69028663635, 2.1594748497, 2.9615752697, 2.4715514183, 1.82526314259, 1.61239099503, 0.852509558201, 0.377942472696, 0.189320906997, 0.0937905907631, 0.0293285474181, 0.00633471645415, 0.00134201429319, 0.000223196388106, 1.9212209736e-05, 5.38016138307e-06],
        "median": [1.57154772751e-07, 3.02896091853e-06, 4.78724687127e-05, 0.000158616836416, 0.000708724779543, 0.00938805192709, 0.0106088677421, 0.00108684692532, 0.00323691405356, 0.000957907410339, 0.000582330394536, 0.000341014791047, 0.000468643498607, 0.000384109618608, 0.00038444600068, 0.000348388741259, 0.000296459591482, 0.000395491864765, 0.000495027052239, 0.000800384441391, 0.00081978389062, 0.00109462009277, 0.00148922868539, 0.00217978097498, 0.00118719763122, 0.00174830551259, 0.00185636035167, 0.0019854796119, 0.00152663246263, 0.000838497071527, 0.000568507122807, 0.000275419966783, 0.000113136295113, 5.28418931935e-05, 1.67377984326e-05, 3.62095329365e-06, 6.32981027593e-07, 1.38472557865e-07, 2.42880133783e-08, 5.87883430825e-09],
        "min": [2.59406401524e-13, 1.22674884574e-12, 3.10228015152e-12, 4.77634034754e-12, 5.11939449166e-12, 4.76715064993e-12, 6.03990945799e-12, 8.55204015243e-12, 8.27431179129e-12, 5.68917395832e-12, 8.71082199427e-12, 3.7087562188e-11, 9.99881358266e-11, 1.05055554533e-10, 6.73363309556e-11, 7.35891347858e-11, 4.57203407078e-11, 1.29143492775e-11, 1.1165250148e-11, 1.5417353158e-11, 1.04352594274e-11, 1.51628900408e-11, 2.77615742894e-11, 5.70650297849e-11, 7.58299881221e-11, 3.95953547727e-11, 1.25782481653e-10, 1.11349748866e-10, 1.71196473664e-10, 1.73343048249e-10, 2.30650748501e-10, 9.25624230041e-11, 1.13934819912e-10, 7.54859438845e-11, 9.88102724642e-11, 5.6488209943e-11, 4.72818763309e-11, 1.53404094982e-11, 4.74644802628e-12, 3.27052729517e-13],
        "stdev": [0.000284549343633, 0.00222300505266, 0.0350101552904, 1.75082468987, 20.7141456604, 14.2389087677, 12.278421402, 8.52407932281, 8.61352062225, 7.07007837296, 5.04327630997, 6.36393356323, 2.91514158249, 2.81188201904, 4.16309165955, 3.56935739517, 3.57013273239, 3.60960245132, 3.3974468708, 2.7312412262, 3.05163478851, 2.98658847809, 4.29225206375, 7.4760427475, 10.5684242249, 5.27422380447, 10.4913406372, 8.41040325165, 4.66571187973, 4.88110303879, 2.68906831741, 1.05436229706, 0.478967934847, 0.23241391778, 0.074049949646, 0.0170281007886, 0.00397282233462, 0.000789078709204, 6.19676357019e-05, 1.48291728692e-05],
        "var": [8.09683271541e-08, 4.94175174026e-06, 0.00122571107931, 3.06538701057, 429.075866699, 202.746536255, 150.759643555, 72.6599349976, 74.1927337646, 49.9860076904, 25.4346370697, 40.4996490479, 8.4980506897, 7.90668106079, 17.3313331604, 12.7403125763, 12.745847702, 13.0292291641, 11.5426445007, 7.45967817307, 9.31247425079, 8.9197101593, 18.4234275818, 55.8912162781, 111.691596985, 27.8174343109, 110.068229675, 70.7348861694, 21.7688655853, 23.8251667023, 7.23108816147, 1.11167991161, 0.229410290718, 0.0540162324905, 0.00548339542001, 0.000289956224151, 1.57833164849e-05, 6.22645188741e-07, 3.83998743914e-09, 2.19904358612e-10]
    },
    "gfcc": {
        "mean": [-474.305664062, 39.8784179688, -96.8455810547, 30.2514286041, -81.7686080933, -18.5148582458, -50.5658378601, -10.5453538895, -29.2729740143, -5.04546976089, -16.8959217072, -4.22573804855, -12.9975004196],
        "cov": [[115763.632812, 7531.89111328, -12468.0224609, 4293.98925781, -7586.92724609, -3.78803324699, -4555.93066406, -2782.86547852, -4912.28173828, -3365.00219727, -1789.80212402, -315.70010376, 1189.80126953], [7531.89111328, 1361.44384766, -776.052185059, 448.711791992, -568.00378418, -255.660308838, -387.106048584, -299.276062012, -309.330596924, -219.969100952, -105.191040039, -59.5210876465, 11.863243103], [-12468.0224609, -776.052185059, 1551.24597168, -584.87512207, 846.152954102, -46.4497566223, 518.273742676, 307.31552124, 551.056274414, 385.407073975, 172.028915405, -16.0705184937, -203.502059937], [4293.98925781, 448.711791992, -584.87512207, 364.653167725, -313.129760742, -24.2755794525, -240.065536499, -167.109817505, -201.897384644, -152.557907104, -47.8631629944, 21.1651058197, 96.1568527222], [-7586.92724609, -568.00378418, 846.152954102, -313.129760742, 572.206542969, 53.3846092224, 357.504211426, 195.045761108, 340.205352783, 223.729171753, 124.784591675, 17.0474262238, -81.7226028442], [-3.78803324699, -255.660308838, -46.4497566223, -24.2755794525, 53.3846092224, 130.643295288, 55.4829711914, 33.7149810791, -7.3722319603, -23.0311222076, 7.04811143875, 31.3470954895, 58.6024398804], [-4555.93066406, -387.106048584, 518.273742676, -240.065536499, 357.504211426, 55.4829711914, 258.523071289, 142.546401978, 212.99822998, 135.859375, 75.9427947998, 11.8107290268, -48.9517402649], [-2782.86547852, -299.276062012, 307.31552124, -167.109817505, 195.045761108, 33.7149810791, 142.546401978, 119.528556824, 131.211074829, 89.0816955566, 37.8578987122, 5.31789684296, -37.4977264404], [-4912.28173828, -309.330596924, 551.056274414, -201.897384644, 340.205352783, -7.3722319603, 212.99822998, 131.211074829, 236.082138062, 165.255325317, 83.6772689819, 4.86066102982, -75.8533630371], [-3365.00219727, -219.969100952, 385.407073975, -152.557907104, 223.729171753, -23.0311222076, 135.859375, 89.0816955566, 165.255325317, 146.927230835, 61.1714057922, -2.39096426964, -74.192817688], [-1789.80212402, -105.191040039, 172.028915405, -47.8631629944, 124.784591675, 7.04811143875, 75.9427947998, 37.8578987122, 83.6772689819, 61.1714057922, 47.8416175842, 18.6375427246, -10.9028778076], [-315.70010376, -59.5210876465, -16.0705184937, 21.1651058197, 17.0474262238, 31.3470954895, 11.8107290268, 5.31789684296, 4.86066102982, -2.39096426964, 18.6375427246, 32.2398490906, 38.7497215271], [1189.80126953, 11.863243103, -203.502059937, 96.1568527222, -81.7226028442, 58.6024398804, -48.9517402649, -37.4977264404, -75.8533630371, -74.192817688, -10.9028778076, 38.7497215271, 96.0495376587]],
        "icov": [[0.000283968023723, -0.000397785042878, 0.00084622297436, 0.000482455565361, 0.0021706414409, -0.00241166329943, -0.000491748389322, 0.00160284794401, 0.000319722865243, 0.00031941299676, 0.000481449911604, 0.000875441008247, 0.00173553731292], [-0.000397785042878, 0.00585460616276, -0.000289276707917, -0.00432473095134, 0.000226576477871, 0.0148647595197, -0.00816653948277, 0.00122323958203, 0.00153766490985, 0.00501987850294, -0.00874154828489, 0.00712271267548, -0.0034139980562], [0.00084622297436, -0.000289276707917, 0.0156347025186, 0.0132877677679, -0.0121483402327, 0.00561053538695, 0.00836609769613, 0.0106348060071, -0.0102650532499, 0.00605486799031, 0.0118966437876, -0.00826311577111, 0.0052868546918], [0.000482455565361, -0.00432473095134, 0.0132877677679, 0.0305127035826, -0.0174249876291, -0.00489233713597, 0.0310580134392, 0.0182590913028, -0.0235997010022, 0.0107124457136, 0.0118190227076, -0.0245904661715, 0.00417984696105], [0.0021706414409, 0.000226576477871, -0.0121483402327, -0.0174249876291, 0.0791834369302, -0.0388283729553, -0.0453812256455, 0.0216088816524, -0.0194757487625, -0.00096600438701, -0.0167327392846, 0.0402546897531, 0.00689272396266], [-0.00241166329943, 0.0148647595197, 0.00561053538695, -0.00489233713597, -0.0388283729553, 0.0832733511925, -0.0164058506489, -0.0221830289811, 0.0289618782699, 0.00841673836112, -0.0186251681298, 0.00133703101892, -0.0293223913759], [-0.000491748389322, -0.00816653948277, 0.00836609769613, 0.0310580134392, -0.0453812256455, -0.0164058506489, 0.0825976207852, -0.00754523044452, -0.0279772076756, 0.0115714119747, 0.00395616237074, -0.0238025709987, 0.00117635098286], [0.00160284794401, 0.00122323958203, 0.0106348060071, 0.0182590913028, 0.0216088816524, -0.0221830289811, -0.00754523044452, 0.076155051589, -0.0567957721651, 0.0104943215847, 0.0483412481844, -0.0387550368905, 0.0264274850488], [0.000319722865243, 0.00153766490985, -0.0102650532499, -0.0235997010022, -0.0194757487625, 0.0289618782699, -0.0279772076756, -0.0567957721651, 0.14524166286, -0.0325493998826, -0.0641106441617, 0.0381103307009, -0.00603901222348], [0.00031941299676, 0.00501987850294, 0.00605486799031, 0.0107124457136, -0.00096600438701, 0.00841673836112, 0.0115714119747, 0.0104943215847, -0.0325493998826, 0.0646556392312, -0.0276988502592, -0.0131629239768, 0.0279683377594], [0.000481449911604, -0.00874154828489, 0.0118966437876, 0.0118190227076, -0.0167327392846, -0.0186251681298, 0.00395616237074, 0.0483412481844, -0.0641106441617, -0.0276988502592, 0.213932290673, -0.167450547218, 0.0463182479143], [0.000875441008247, 0.00712271267548, -0.00826311577111, -0.0245904661715, 0.0402546897531, 0.00133703101892, -0.0238025709987, -0.0387550368905, 0.0381103307009, -0.0131629239768, -0.167450547218, 0.280309349298, -0.110604971647], [0.00173553731292, -0.0034139980562, 0.0052868546918, 0.00417984696105, 0.00689272396266, -0.0293223913759, 0.00117635098286, 0.0264274850488, -0.00603901222348, 0.0279683377594, 0.0463182479143, -0.110604971647, 0.0977372303605]]
    },
    "melbands": {
        "dmean": [2.9807515034e-07, 1.48221045038e-06, 0.000272038421826, 0.000208509285585, 0.00014680348977, 2.98588784062e-05, 2.02260216611e-05, 9.66017432802e-06, 9.82439178188e-06, 8.46335296956e-06, 2.7745954867e-06, 1.91289336726e-06, 2.2917104161e-06, 1.91813342099e-06, 1.23269569485e-06, 9.09353786938e-07, 1.2852646023e-06, 8.19149590825e-07, 8.74477393609e-07, 6.61736862639e-07, 4.79987193103e-07, 5.10945653787e-07, 7.26235555248e-07, 4.42528204303e-07, 6.6993618475e-07, 1.14486715574e-06, 6.69713358548e-07, 3.69579510107e-07, 8.23868845146e-07, 1.62624075983e-06, 7.18448063708e-07, 4.63537162432e-07, 3.43883840515e-07, 3.7528226926e-07, 3.15997738198e-07, 1.80179284825e-07, 7.94702970097e-08, 7.38478647122e-08, 3.83391238756e-08, 4.39478142766e-08],
        "dmean2": [3.97056993506e-07, 2.13170756069e-06, 0.000372851965949, 0.000275229074759, 0.000208478813875, 1.94801905309e-05, 1.96462642634e-05, 1.02770191006e-05, 1.30884100145e-05, 1.63838631124e-05, 4.36394839198e-06, 1.81063376203e-06, 3.05897515318e-06, 2.36955361288e-06, 1.77854133199e-06, 1.30585578972e-06, 2.06957997761e-06, 1.02798185253e-06, 7.0197597779e-07, 5.64305310036e-07, 7.20916318642e-07, 7.11352470262e-07, 7.46677528696e-07, 3.72874296772e-07, 7.11705297363e-07, 9.76695332611e-07, 4.62718759309e-07, 2.93151174446e-07, 7.03323451035e-07, 2.00685553864e-06, 8.15164867163e-07, 6.59598754282e-07, 2.61813141833e-07, 2.98874397231e-07, 3.92276433558e-07, 1.94356843508e-07, 7.78126860723e-08, 1.14719128419e-07, 5.5738421878e-08, 3.6692856753e-08],
        "dvar": [1.49367497537e-12, 2.31034358311e-11, 9.10767084861e-07, 4.89110959734e-07, 1.57873230933e-07, 1.37831435154e-08, 4.7957842142e-09, 1.00617358889e-09, 1.05718511723e-09, 7.48069162171e-10, 7.15556849884e-11, 2.80263347252e-11, 4.83611692359e-11, 2.68942611237e-11, 1.57717242044e-11, 1.09766093784e-11, 1.36855544258e-11, 7.59178917648e-12, 9.08937074912e-12, 3.09090014868e-12, 3.01729626527e-12, 2.12891575029e-12, 3.3202407837e-12, 1.26061238271e-12, 3.7848556754e-12, 1.24330198914e-11, 4.45497371632e-12, 7.02929847576e-13, 1.12054306806e-11, 5.1627667419e-11, 7.5058639859e-12, 1.97856835082e-12, 9.0919372725e-13, 1.93086518996e-12, 1.34563952862e-12, 5.08461057546e-13, 7.43214558364e-14, 4.83850765985e-14, 1.2246907183e-14, 1.25993533572e-14],
        "dvar2": [1.95989838941e-12, 3.99851089739e-11, 2.14688679989e-06, 8.98398639038e-07, 4.07297477523e-07, 5.35554178782e-09, 3.55486862169e-09, 7.85598752717e-10, 2.61415844527e-09, 1.65905333915e-09, 1.38386163639e-10, 2.07518897899e-11, 9.16073883417e-11, 4.73733066664e-11, 2.39517659179e-11, 1.80253745957e-11, 3.36491008668e-11, 1.13887701353e-11, 5.66784423214e-12, 4.61179965744e-12, 5.00515861396e-12, 2.69455725094e-12, 3.3627733844e-12, 6.9533625819e-13, 3.5264811904e-12, 9.58645749588e-12, 2.29607413811e-12, 5.37451485226e-13, 7.46810339264e-12, 6.86711520981e-11, 9.54972212419e-12, 4.39142298914e-12, 4.261430076e-13, 1.49615064261e-12, 1.95636540821e-12, 6.00126935993e-13, 9.12092667019e-14, 1.01506774991e-13, 2.18626454288e-14, 1.71052594696e-14],
        "max": [1.05845047074e-05, 4.2760722863e-05, 0.00559586426243, 0.00595754291862, 0.00238602631725, 0.00110159686301, 0.000695153605193, 0.000354734249413, 0.000235302839428, 0.000166906451341, 5.78759827476e-05, 4.28421844845e-05, 5.07695513079e-05, 4.72305982839e-05, 4.55938243249e-05, 2.93271659757e-05, 2.88703868137e-05, 2.52450754488e-05, 3.15665238304e-05, 1.6709234842e-05, 1.44926780195e-05, 1.11215058496e-05, 1.67362522916e-05, 1.52351058205e-05, 2.37168460444e-05, 4.2295872845e-05, 2.47793941526e-05, 1.2771008187e-05, 3.03246724798e-05, 4.97154214827e-05, 2.32953079831e-05, 1.24178777696e-05, 1.26300201373e-05, 1.38834720929e-05, 9.28256940824e-06, 6.08153277426e-06, 2.60214665104e-06, 1.39133157973e-06, 8.70133249009e-07, 9.35535013014e-07],
        "mean": [5.97584289608e-07, 2.76990954262e-06, 0.000243142741965, 0.000404603895731, 0.000226355987252, 4.84962874907e-05, 3.96365794586e-05, 2.34401522903e-05, 1.42563685586e-05, 1.53716409841e-05, 5.83484415984e-06, 4.68455618829e-06, 4.34536559624e-06, 4.03385638492e-06, 3.8593066165e-06, 2.69485190074e-06, 2.33279752138e-06, 1.56799160322e-06, 1.82460780707e-06, 1.3050008647e-06, 1.3263385199e-06, 1.18580805974e-06, 1.64935488556e-06, 1.48367109887e-06, 2.23875917982e-06, 3.25725773109e-06, 1.76965977516e-06, 1.36110986659e-06, 1.60575564223e-06, 2.03174749913e-06, 1.28105159547e-06, 1.12288000764e-06, 9.35155014758e-07, 8.11571624126e-07, 5.03025603393e-07, 3.44989331325e-07, 1.84059189223e-07, 1.44707797745e-07, 9.46976683736e-08, 7.42742045645e-08],
        "median": [2.79086820321e-09, 1.74323062652e-08, 3.46549136054e-08, 2.96492828511e-07, 4.9374051514e-07, 1.90857782911e-08, 4.27288426863e-08, 9.82856285248e-09, 4.78560835404e-09, 1.82843407082e-09, 2.16567719313e-09, 1.5858621083e-09, 1.18617837774e-09, 1.08155107093e-09, 7.57610862934e-10, 6.28549212678e-10, 7.81203546296e-10, 7.73359043471e-10, 1.04631303621e-09, 1.00012664817e-09, 9.49643141901e-10, 1.08343201077e-09, 1.25477273016e-09, 1.58728608035e-09, 1.86573689831e-09, 8.75510663967e-10, 7.96370858147e-10, 1.34607203162e-09, 1.27905463998e-09, 9.07439345887e-10, 1.31426047822e-09, 8.88864259974e-10, 7.10104586243e-10, 3.78064690665e-10, 3.76361525278e-10, 2.14831499812e-10, 1.45522663364e-10, 8.29327509444e-11, 6.00558283659e-11, 3.6487500521e-11],
        "min": [2.3126646438e-15, 1.61072896981e-15, 8.33954017395e-16, 3.47415433756e-16, 2.10904017321e-16, 1.91526140184e-16, 1.21153015035e-16, 5.78439262901e-17, 8.08338894037e-17, 2.64053256884e-16, 5.14026179206e-16, 4.42875279288e-16, 2.26970392681e-16, 2.08369747683e-16, 1.57473364297e-16, 6.8976943537e-17, 1.83173389473e-17, 1.44359577046e-17, 2.97530877548e-17, 9.14744794145e-18, 1.36404448747e-17, 1.27159381912e-17, 2.61165354298e-17, 2.21815313768e-17, 4.69954194693e-17, 7.45313951759e-17, 3.86366733526e-17, 2.00682900525e-17, 7.43335269559e-17, 7.33035481269e-17, 5.60270406182e-17, 8.15796357393e-17, 8.20762485093e-17, 1.21464815804e-16, 1.56114154349e-16, 7.28054398144e-17, 4.95910262047e-17, 9.79754473585e-17, 5.10857912024e-17, 6.73272012885e-17],
        "stdev": [2.10062330552e-06, 8.6053951236e-06, 0.00093664083397, 0.0012123369379, 0.00050014804583, 0.000187254001503, 0.000132112807478, 6.70228619128e-05, 4.2670428229e-05, 4.08186533605e-05, 1.40967495099e-05, 1.13425112431e-05, 1.16055762192e-05, 1.05344261101e-05, 1.0622926311e-05, 7.41534449844e-06, 6.46986200081e-06, 4.65748371425e-06, 5.64197080166e-06, 3.52504048351e-06, 3.64375432582e-06, 2.85521014121e-06, 4.00592989536e-06, 3.80492269869e-06, 5.92909646002e-06, 9.54111601459e-06, 4.68984944746e-06, 3.25951100422e-06, 5.14456405654e-06, 8.10878373159e-06, 4.03729700338e-06, 2.94626602226e-06, 2.51508026849e-06, 2.45957562583e-06, 1.60826346018e-06, 1.04896605535e-06, 4.87873592192e-07, 3.71443661606e-07, 2.2972176339e-07, 1.92315624759e-07],
        "var": [4.41261784057e-12, 7.40528194321e-11, 8.7729608822e-07, 1.46976083215e-06, 2.50148076475e-07, 3.50640618763e-08, 1.74537948539e-08, 4.49206360997e-09, 1.82076542732e-09, 1.66616254127e-09, 1.98718347333e-10, 1.28652560827e-10, 1.34689398523e-10, 1.109741396e-10, 1.12846565425e-10, 5.4987330661e-11, 4.18591168672e-11, 2.1692153282e-11, 3.18318357784e-11, 1.24259101272e-11, 1.32769455152e-11, 8.1522254225e-12, 1.60474741134e-11, 1.44774366106e-11, 3.51541851185e-11, 9.10328895598e-11, 2.19946890562e-11, 1.06244119405e-11, 2.64665390298e-11, 6.57523757663e-11, 1.62997688263e-11, 8.6804834154e-12, 6.32562882283e-12, 6.04951245348e-12, 2.58651151712e-12, 1.10032978822e-12, 2.38020622092e-13, 1.37970391405e-13, 5.27720872372e-14, 3.69853006186e-14]
    },
    "melbands128": {
