{
"lowlevel": {
    "average_loudness": 0.779991328716,
    "barkbands_crest": {
        "dmean": 2.51482701302,
        "dmean2": 4.00609970093,
        "dvar": 7.62953090668,
        "dvar2": 19.6792201996,
        "max": 25.4417552948,
        "mean": 10.5741624832,
        "median": 8.38168811798,
        "min": 4.65932130814,
        "stdev": 5.00438594818,
        "var": 25.0438766479
    },
    "barkbands_flatness_db": {
        "dmean": 0.0292217414826,
        "dmean2": 0.0441544242203,
        "dvar": 0.00142504821997,
        "dvar2": 0.00325937196612,
        "max": 0.384994208813,
        "mean": 0.131169274449,
        "median": 0.0990074872971,
        "min": 0.0377482026815,
        "stdev": 0.0741981416941,
        "var": 0.00550536438823
    },
    "barkbands_kurtosis": {
        "dmean": 20.5093479156,
        "dmean2": 37.0887413025,
        "dvar": 5622.70898438,
        "dvar2": 15077.6103516,
        "max": 492.025512695,
        "mean": 22.4015960693,
        "median": 0.190845489502,
        "min": -1.70712614059,
        "stdev": 83.1591949463,
        "var": 6915.45117188
    },
    "barkbands_skewness": {
        "dmean": 1.18535172939,
        "dmean2": 1.96321892738,
        "dvar": 6.73165464401,
        "dvar2": 16.7350997925,
        "max": 20.03956604,
        "mean": 1.62527298927,
        "median": 0.634745359421,
        "min": -0.887963473797,
        "stdev": 4.0187292099,
        "var": 16.150182724
    },
    "barkbands_spread": {
        "dmean": 9.37303161621,
        "dmean2": 14.3584499359,
        "dvar": 160.991333008,
        "dvar2": 257.552886963,
        "max": 127.770820618,
        "mean": 56.7821617126,
        "median": 28.5835132599,
        "min": 0.688390254974,
        "stdev": 49.0097389221,
        "var": 2401.9543457
    },
    "dissonance": {
        "dmean": 0.017277950421,
        "dmean2": 0.0272421948612,
        "dvar": 0.000502640963532,
        "dvar2": 0.00119757663924,
        "max": 0.499851077795,
        "mean": 0.475660949945,
        "median": 0.49057969451,
        "min": 0.357503354549,
        "stdev": 0.03009130992,
        "var": 0.000905486929696
    },
    "dynamic_complexity": 24.7847480774,
    "erbbands_crest": {
        "dmean": 2.69979691505,
        "dmean2": 4.4665517807,
        "dvar": 10.2424125671,
        "dvar2": 25.9464702606,
        "max": 22.8024978638,
        "mean": 7.59028244019,
        "median": 6.39314079285,
        "min": 2.54218482971,
        "stdev": 4.79695701599,
        "var": 23.0107975006
    },
    "erbbands_flatness_db": {
        "dmean": 0.0228869561106,
        "dmean2": 0.0343338698149,
        "dvar": 0.000673862930853,
        "dvar2": 0.00129496643785,
        "max": 0.291274249554,
        "mean": 0.129645571113,
        "median": 0.110940888524,
        "min": 0.0268760360777,
        "stdev": 0.0519894696772,
        "var": 0.00270290486515
    },
    "erbbands_kurtosis": {
        "dmean": 0.931930184364,
        "dmean2": 1.51937246323,
        "dvar": 1.38882136345,
        "dvar2": 3.16567778587,
        "max": 8.01699256897,
        "mean": 0.490474671125,
        "median": 0.0746233463287,
        "min": -1.348767519,
        "stdev": 1.55855500698,
        "var": 2.42909359932
    },
    "erbbands_skewness": {
        "dmean": 0.388287693262,
        "dmean2": 0.688938736916,
        "dvar": 0.206148847938,
        "dvar2": 0.541863977909,
        "max": 2.03409028053,
        "mean": 0.00378219480626,
        "median": -0.193010181189,
        "min": -1.18567311764,
        "stdev": 0.709672570229,
        "var": 0.503635168076
    },
    "erbbands_spread": {
        "dmean": 9.70240306854,
        "dmean2": 15.566619873,
        "dvar": 158.651275635,
        "dvar2": 325.270233154,
        "max": 122.610641479,
        "mean": 37.3416290283,
        "median": 35.6064109802,
        "min": 9.55802345276,
        "stdev": 17.746925354,
        "var": 314.953369141
    },
    "hfc": {
        "dmean": 8.70251750946,
        "dmean2": 11.6346054077,
        "dvar": 869.567932129,
        "dvar2": 1240.9564209,
        "max": 367.760955811,
        "mean": 12.38347435,
        "median": 0.0163343921304,
        "min": 1.37091083161e-05,
        "stdev": 42.9971733093,
        "var": 1848.75683594
    },
    "loudness_ebu128": {
        "integrated": -36.3524398804,
        "loudness_range": 5.50351715088,
        "momentary": {
            "dmean": 5.28975296021,
            "dmean2": 7.19685220718,
            "dvar": 101.431617737,
            "dvar2": 163.479888916,
            "max": -31.4706478119,
            "mean": -54.7451667786,
            "median": -46.0094604492,
            "min": -86.9082870483,
            "stdev": 20.0443725586,
            "var": 401.776855469
        },
        "short_term": {
            "dmean": 0.532435119152,
            "dmean2": 0.781397044659,
            "dvar": 0.521781682968,
            "dvar2": 0.65977114439,
            "max": -37.8866348267,
            "mean": -39.7156944275,
            "median": -38.9673843384,
            "min": -43.9881362915,
            "stdev": 2.15822815895,
            "var": 4.65794849396
        }
    },
    "melbands_crest": {
        "dmean": 4.03521108627,
        "dmean2": 6.65561819077,
        "dvar": 19.9199447632,
        "dvar2": 54.0382614136,
        "max": 39.5421638489,
        "mean": 15.9183206558,
        "median": 13.2919197083,
        "min": 5.10035324097,
        "stdev": 8.10466766357,
        "var": 65.6856307983
    },
    "melbands_flatness_db": {
        "dmean": 0.034407582134,
        "dmean2": 0.0507493838668,
        "dvar": 0.00208886479959,
        "dvar2": 0.00414949003607,
        "max": 0.45007327199,
        "mean": 0.150485605001,
        "median": 0.157613292336,
        "min": 0.0159510020167,
        "stdev": 0.123320043087,
        "var": 0.0152078326792
    },
    "melbands_kurtosis": {
        "dmean": 49.0091514587,
        "dmean2": 80.994430542,
        "dvar": 29269,
        "dvar2": 74835.3984375,
        "max": 1428.49389648,
        "mean": 53.0994606018,
        "median": 1.54480934143,
        "min": -1.47353613377,
        "stdev": 209.180404663,
        "var": 43756.4414062
    },
    "melbands_skewness": {
        "dmean": 1.70593571663,
        "dmean2": 2.71203041077,
        "dvar": 13.7635707855,
        "dvar2": 32.3547096252,
        "max": 33.144317627,
        "mean": 2.8914501667,
        "median": 1.12977194786,
        "min": -0.687531173229,
        "stdev": 5.64694404602,
        "var": 31.8879756927
    },
    "melbands_spread": {
        "dmean": 14.2641687393,
        "dmean2": 24.1652183533,
        "dvar": 520.550720215,
        "dvar2": 915.736572266,
        "max": 189.416625977,
        "mean": 81.6329193115,
        "median": 41.590675354,
        "min": 0.394010186195,
        "stdev": 74.9970397949,
        "var": 5624.55566406
    },
    "pitch_salience": {
        "dmean": 0.0802426710725,
        "dmean2": 0.13567173481,
        "dvar": 0.00954858679324,
        "dvar2": 0.0256783198565,
        "max": 0.845130085945,
        "mean": 0.545699954033,
        "median": 0.591168820858,
        "min": 0.0415313616395,
        "stdev": 0.166031002998,
        "var": 0.0275662951171
    },
    "silence_rate_20dB": {
        "dmean": 0,
        "dmean2": 0,
        "dvar": 0,
        "dvar2": 0,
        "max": 1,
        "mean": 1,
        "median": 1,
        "min": 1,
        "stdev": 0,
        "var": 0
    },
    "silence_rate_30dB": {
        "dmean": 0.0112359551713,
        "dmean2": 0.0225988700986,
        "dvar": 0.0111097050831,
        "dvar2": 0.0220881476998,
        "max": 1,
        "mean": 0.977653622627,
        "median": 1,
        "min": 0,
        "stdev": 0.14780703187,
        "var": 0.0218469202518
    },
    "silence_rate_60dB": {
        "dmean": 0.101123593748,
        "dmean2": 0.203389823437,
        "dvar": 0.0908976644278,
        "dvar2": 0.184620857239,
        "max": 1,
        "mean": 0.72067040205,
        "median": 1,
        "min": 0,
        "stdev": 0.448670268059,
        "var": 0.201305001974
    },
    "spectral_centroid": {
        "dmean": 297.87387085,
        "dmean2": 491.280059814,
        "dvar": 173491.8125,
        "dvar2": 302471.84375,
        "max": 4010.82104492,
        "mean": 2241.1105957,
        "median": 1833.23291016,
        "min": 292.398162842,
        "stdev": 1382.69238281,
        "var": 1911838.25
    },
    "spectral_complexity": {
        "dmean": 2.16853928566,
        "dmean2": 2.76836156845,
        "dvar": 15.4435281754,
        "dvar2": 17.9293937683,
        "max": 50,
        "mean": 5.00558662415,
        "median": 0,
        "min": 0,
        "stdev": 8.92456817627,
        "var": 79.6479187012
    },
    "spectral_decrease": {
        "dmean": 1.74721437318e-09,
        "dmean2": 2.60052668288e-09,
        "dvar": 2.22376555814e-17,
        "dvar2": 3.88865811593e-17,
        "max": -6.57239664426e-17,
        "mean": -2.59171928363e-09,
        "median": -4.89779432289e-11,
        "min": -5.44188267781e-08,
        "stdev": 7.52972528772e-09,
        "var": 5.66967591294e-17
    },
    "spectral_energy": {
        "dmean": 0.00738113792613,
        "dmean2": 0.0106701012701,
        "dvar": 0.000374404829927,
        "dvar2": 0.000633524614386,
        "max": 0.21856097877,
        "mean": 0.0109049649909,
        "median": 0.000192677674931,
        "min": 1.49151468953e-09,
        "stdev": 0.0312066264451,
        "var": 0.000973853573669
    },
    "spectral_energyband_high": {
        "dmean": 0.000487073295517,
        "dmean2": 0.000742969685234,
        "dvar": 7.46913883631e-06,
        "dvar2": 1.18781445053e-05,
        "max": 0.0323620699346,
        "mean": 0.000654552131891,
        "median": 2.39077564856e-07,
        "min": 7.6795170223e-10,
        "stdev": 0.00346434349194,
        "var": 1.20016766232e-05
    },
    "spectral_energyband_low": {
        "dmean": 0.000197714674869,
        "dmean2": 0.000327691552229,
        "dvar": 2.10041349646e-07,
        "dvar2": 5.18374179137e-07,
        "max": 0.00284803565592,
        "mean": 0.000202281604288,
        "median": 5.99066916038e-05,
        "min": 1.38547340267e-10,
        "stdev": 0.00045542960288,
        "var": 2.07416135822e-07
    },
    "spectral_energyband_middle_high": {
        "dmean": 0.00193494965788,
        "dmean2": 0.00270222360268,
        "dvar": 2.52359095612e-05,
        "dvar2": 5.04149429617e-05,
        "max": 0.0618670880795,
        "mean": 0.00248410971835,
        "median": 2.91636456495e-06,
        "min": 2.22416210449e-10,
        "stdev": 0.00741646206006,
        "var": 5.50039076188e-05
    },
    "spectral_energyband_middle_low": {
        "dmean": 0.00541490782052,
        "dmean2": 0.00808981340379,
        "dvar": 0.00024524226319,
        "dvar2": 0.000430757267168,
        "max": 0.184810742736,
        "mean": 0.00767749315128,
        "median": 7.19592617315e-06,
        "min": 1.17980111791e-10,
        "stdev": 0.0248162448406,
        "var": 0.000615846016444
    },
    "spectral_entropy": {
        "dmean": 0.187435686588,
        "dmean2": 0.264719098806,
        "dvar": 0.0496888905764,
        "dvar2": 0.0801140442491,
        "max": 8.85815906525,
        "mean": 8.0401763916,
        "median": 8.15633010864,
        "min": 6.33601808548,
        "stdev": 0.700500249863,
        "var": 0.490700572729
    },
    "spectral_flux": {
        "dmean": 0.0207074061036,
        "dmean2": 0.0304834768176,
        "dvar": 0.00148011511192,
        "dvar2": 0.00268500321545,
        "max": 0.347985178232,
        "mean": 0.0435641556978,
        "median": 0.0073016891256,
        "min": 0.000195160886506,
        "stdev": 0.0689495578408,
        "var": 0.00475404132158
    },
    "spectral_kurtosis": {
        "dmean": 1.34787321091,
        "dmean2": 1.95864129066,
        "dvar": 3.28017354012,
        "dvar2": 6.8550157547,
        "max": 18.171415329,
        "mean": 4.2758603096,
        "median": 2.89200019836,
        "min": 0.61733007431,
        "stdev": 3.24158978462,
        "var": 10.5079050064
    },
    "spectral_rms": {
        "dmean": 0.00074374122778,
        "dmean2": 0.00101370026823,
        "dvar": 1.9218257421e-06,
        "dvar2": 2.72087618214e-06,
        "max": 0.0146024040878,
        "mean": 0.00164317735471,
        "median": 0.000433564535342,
        "min": 1.20629033518e-06,
        "stdev": 0.00281761679798,
        "var": 7.93896469986e-06
    },
    "spectral_rolloff": {
        "dmean": 907.660705566,
        "dmean2": 1608.29931641,
        "dvar": 6073762,
        "dvar2": 11347149,
        "max": 18949.21875,
        "mean": 7795.02148438,
        "median": 1873.38867188,
        "min": 21.533203125,
        "stdev": 7968.73291016,
        "var": 63500704
    },
    "spectral_skewness": {
        "dmean": 0.197761014104,
        "dmean2": 0.294412761927,
        "dvar": 0.0555374063551,
        "dvar2": 0.1078254655,
        "max": 3.46316599846,
        "mean": 1.66068732738,
        "median": 1.45585894585,
        "min": 0.971635401249,
        "stdev": 0.512728512287,
        "var": 0.262890517712
    },
    "spectral_spread": {
        "dmean": 796505.875,
        "dmean2": 1162525.125,
        "dvar": 903500201984,
        "dvar2": 1.67336620851e+12,
        "max": 10714442,
        "mean": 7019172.5,
        "median": 6747048,
        "min": 2256185.75,
        "stdev": 2542405,
        "var": 6.46382302003e+12
    },
    "spectral_strongpeak": {
        "dmean": 0.307012826204,
        "dmean2": 0.477880656719,
        "dvar": 0.574817717075,
        "dvar2": 1.14284896851,
        "max": 7.59251117706,
        "mean": 0.413554906845,
        "median": 0,
        "min": 0,
        "stdev": 1.01306641102,
        "var": 1.02630352974
    },
    "zerocrossingrate": {
        "dmean": 0.0181048102677,
        "dmean2": 0.0196250434965,
        "dvar": 0.00063714676071,
        "dvar2": 0.000425658654422,
        "max": 0.2939453125,
        "mean": 0.144135713577,
        "median": 0.10107421875,
        "min": 0.00244140625,
        "stdev": 0.105689302087,
        "var": 0.0111702280119
    },
    "barkbands": {
        "dmean": [4.15415270254e-05, 1.02751528175e-05, 4.62315911136e-05, 0.000677241536323, 0.0032184610609, 0.000950146350078, 0.00168726523407, 0.000387058971683, 0.000651298498269, 0.00023648662318, 0.000155685716891, 2.04042553378e-05, 2.02560477192e-05, 0.000620602048002, 0.000904634944163, 8.93139222171e-05, 0.000194497755729, 8.15821767901e-05, 5.72169483348e-05, 9.87356470432e-05, 9.68394306256e-05, 9.08017609618e-05, 9.18092337088e-05, 7.1043636126e-05, 0.000112595378596, 2.14681422221e-05, 1.3712038708e-05],
        "dmean2": [6.58022254356e-05, 1.71979609149e-05, 7.70504411776e-05, 0.00116340070963, 0.00563907762989, 0.0014785573585, 0.00213633663952, 0.000622404448222, 0.00104809424374, 0.000416447175667, 0.00025489620748, 3.15858560498e-05, 3.44521504303e-05, 0.00109237025026, 0.00134209683165, 0.000148307168274, 0.000273454963462, 0.000110840897833, 8.35476021166e-05, 0.00013487128308, 0.000154119770741, 0.000130971879116, 0.000137770446599, 0.00010351830133, 0.000170869025169, 3.48377252521e-05, 2.0460171072e-05],
        "dvar": [3.27784466236e-09, 2.55365034674e-10, 1.55213033537e-08, 4.21649974669e-06, 0.000158248585649, 1.72600066435e-05, 7.03172190697e-05, 1.22143524095e-06, 5.17145417689e-06, 6.73055126299e-07, 2.15592649511e-07, 3.32978156159e-09, 3.86458687274e-09, 4.38982215201e-06, 8.75734531292e-06, 1.18347159628e-07, 4.81705853872e-07, 5.84580490681e-08, 1.20607779763e-07, 2.25204985327e-07, 3.73761480432e-07, 3.50176350139e-07, 1.34564629661e-07, 1.07830189222e-07, 4.99811619648e-07, 1.45256908723e-08, 5.76266590002e-09],
        "dvar2": [7.56819407144e-09, 6.98023694401e-10, 3.62802765608e-08, 1.12649413495e-05, 0.000437191105448, 3.2488416764e-05, 0.000104297301732, 2.94064648187e-06, 1.30972366605e-05, 1.960853524e-06, 5.10772395046e-07, 7.88731213675e-09, 1.15970069103e-08, 1.32037521325e-05, 1.60215913638e-05, 2.74349133633e-07, 8.07578203421e-07, 9.61112149866e-08, 2.71672803365e-07, 3.12775853217e-07, 7.47000854062e-07, 7.67220399212e-07, 2.91855712931e-07, 1.8674197122e-07, 8.92711966571e-07, 2.56465870763e-08, 1.05167128339e-08],
        "max": [0.000314758857712, 0.000114285125164, 0.00110185681842, 0.0153207741678, 0.109112612903, 0.0507353469729, 0.115667805076, 0.0108599755913, 0.0206069611013, 0.0074679646641, 0.00355357024819, 0.00064630509587, 0.000597215024754, 0.0191769842058, 0.034502979368, 0.00375294708647, 0.00802171230316, 0.00278987595811, 0.00416807970032, 0.00618702871725, 0.00695789884776, 0.00707766506821, 0.0039794431068, 0.00435042986646, 0.00850510876626, 0.00130840821657, 0.000901584746316],
        "mean": [6.67138301651e-05, 1.33567318699e-05, 3.70456073142e-05, 0.000581845466513, 0.00271325418726, 0.000999080832116, 0.00235835066997, 0.000336216267897, 0.000600212544668, 0.000188972902833, 0.000157363159815, 2.0558532924e-05, 1.91676481336e-05, 0.000508526456542, 0.00107051839586, 0.00011052555783, 0.000264165515546, 0.000110094173579, 5.14320963703e-05, 0.000128873216454, 9.74805661826e-05, 8.9836481493e-05, 0.000121058612422, 9.57238007686e-05, 0.000122579411254, 2.68832300208e-05, 1.49886200234e-05],
        "median": [4.14315509261e-05, 7.22012373444e-06, 5.33199056463e-07, 4.21453023591e-07, 1.4517455611e-06, 2.24621814482e-07, 2.93280038477e-07, 3.03197396079e-07, 3.92223995505e-07, 2.78405252629e-07, 1.83141807497e-07, 5.46724550077e-08, 6.85363303887e-08, 1.09905306545e-06, 7.01655039848e-07, 6.4269613631e-08, 1.27190389776e-07, 5.40037490282e-08, 2.59868322416e-08, 4.22760138008e-08, 2.24408367444e-08, 2.11955502039e-08, 3.23423883231e-08, 4.97431145163e-08, 3.14304244853e-08, 3.55172034006e-08, 4.16840109096e-08],
        "min": [1.07529027349e-10, 6.74951552981e-11, 4.91337179276e-12, 5.28474226186e-12, 2.42702143105e-11, 3.53700228828e-11, 1.9888949862e-11, 6.57219591249e-12, 1.58127937827e-11, 1.57628996661e-11, 2.83511773086e-11, 3.20157290436e-12, 9.06868243694e-12, 1.44407307293e-11, 1.28089509485e-11, 8.2607939586e-12, 1.43674230499e-11, 4.4889595513e-11, 5.62430449436e-11, 4.03505111268e-11, 3.54128566749e-11, 4.56601249865e-11, 8.41343661406e-11, 1.01170842537e-10, 1.18864265652e-10, 1.61680224764e-10, 2.34721742043e-10],
        "stdev": [8.01619680715e-05, 1.83739393833e-05, 0.000118963966088, 0.00201734923758, 0.0114886676893, 0.00537207955495, 0.0127603504807, 0.00111935869791, 0.00232468522154, 0.000697840761859, 0.000523706199601, 6.56231350149e-05, 6.27056433586e-05, 0.00184324814472, 0.00380519754253, 0.000462721247459, 0.000921960279811, 0.000336853496265, 0.000341908191331, 0.000653621915262, 0.000671707384754, 0.000598549377173, 0.000454660330433, 0.000433922046795, 0.000822144327685, 0.00013902716455, 8.69120631251e-05],
        "var": [6.42594066846e-09, 3.37601668843e-10, 1.41524250097e-08, 4.06969775213e-06, 0.000131989479996, 2.88592364086e-05, 0.00016282654542, 1.25296401166e-06, 5.40416158401e-06, 4.8698171895e-07, 2.74268188605e-07, 4.30639568449e-09, 3.93199739435e-09, 3.39756388712e-06, 1.44795285451e-05, 2.14110940533e-07, 8.50010792419e-07, 1.13470278507e-07, 1.16901212266e-07, 4.27221579002e-07, 4.51190828699e-07, 3.58261331712e-07, 2.06716009643e-07, 1.88288353797e-07, 6.75921285165e-07, 1.9328551204e-08, 7.55370699324e-09]
    },
    "erbbands": {
        "dmean": [0.000756604131311, 0.00176468235441, 0.0426562987268, 0.951748371124, 5.67606019974, 15.7233190536, 3.6422932148, 9.86045646667, 13.5696573257, 28.7922935486, 8.06871128082, 16.2202625275, 10.2539358139, 6.41130447388, 4.36723899841, 0.778788983822, 1.18694841862, 14.9214458466, 40.8548927307, 36.236995697, 3.78741431236, 11.7737417221, 5.73336076736, 2.31506562233, 3.34141111374, 3.78355288506, 4.9628868103, 3.08531999588, 2.92427706718, 3.24396753311, 2.89061188698, 2.11243319511, 1.16316235065, 1.73284637928, 0.452465653419, 0.124154478312, 0.0380297601223, 0.015713552013, 0.0026307029184, 0.000132678847876],
        "dmean2": [0.00128022488207, 0.00281077530235, 0.0694272369146, 1.57967996597, 9.3235912323, 29.2165565491, 6.60589647293, 15.0329351425, 19.7533874512, 36.476776123, 12.9733848572, 25.6377830505, 18.1803531647, 10.0900697708, 7.11077308655, 1.26048803329, 2.03366732597, 25.9391708374, 65.9979934692, 54.3638877869, 4.71981573105, 16.0326919556, 7.77449464798, 3.13793087006, 4.60772657394, 5.13561344147, 7.25623178482, 5.06758928299, 4.55554008484, 5.1559472084, 3.99944615364, 3.15625858307, 1.98639070988, 2.61350822449, 0.661652803421, 0.177534282207, 0.0558571070433, 0.021796785295, 0.00373725336976, 0.00017663592007],
        "dvar": [1.22512324197e-06, 1.78950958798e-05, 0.0118440687656, 7.19294261932, 231.91885376, 5387.93798828, 163.801635742, 2037.53967285, 2563.87402344, 19944.3027344, 482.184020996, 3379.75634766, 1580.32702637, 401.246368408, 112.106277466, 3.76433563232, 11.0158319473, 1700.2454834, 12392.4257812, 22232.1933594, 170.950683594, 1880.93713379, 291.761688232, 100.37461853, 300.250152588, 315.234832764, 975.647399902, 348.431762695, 403.031982422, 342.854187012, 113.896537781, 75.3090057373, 55.1474723816, 129.701980591, 6.73655176163, 0.478737592697, 0.0365154519677, 0.00695080123842, 0.0002324985835, 5.26847315996e-07],
        "dvar2": [3.41971031048e-06, 4.32892084063e-05, 0.0266534276307, 18.850528717, 453.692810059, 15580.6542969, 466.290039062, 3842.90429688, 3681.03320312, 30411.90625, 1142.96191406, 8327.37890625, 4628.76904297, 987.087402344, 301.246429443, 8.77407264709, 31.3478431702, 4850.23339844, 30880.3945312, 43808.921875, 196.140686035, 3297.14575195, 426.553771973, 203.306533813, 615.109741211, 432.519744873, 1555.09057617, 621.968200684, 993.020324707, 881.834899902, 197.94670105, 179.312683105, 102.846817017, 238.052352905, 15.983092308, 1.08773076534, 0.064919501543, 0.0153113892302, 0.000470178580144, 1.116005933e-06],
        "max": [0.00724606215954, 0.0338306166232, 0.902536869049, 20.7545280457, 118.830474854, 597.198364258, 103.839164734, 545.879089355, 574.669128418, 1947.3605957, 161.721054077, 557.422119141, 366.287811279, 216.912948608, 70.3097457886, 19.4959945679, 31.1507377625, 382.828948975, 892.114257812, 1857.12109375, 194.729446411, 530.042419434, 195.575775146, 125.020545959, 212.800338745, 232.88269043, 367.199066162, 214.461395264, 234.91947937, 211.883560181, 102.881652832, 111.330032349, 83.2156524658, 138.441848755, 30.6091346741, 8.0608549118, 2.32982778549, 1.02823722363, 0.182803377509, 0.00909706484526],
        "mean": [0.00111984636169, 0.00206469744444, 0.0414486452937, 0.868866920471, 5.80190086365, 12.0228099823, 3.0743970871, 10.7754039764, 19.410112381, 36.9235305786, 8.50928401947, 15.2886886597, 7.9131860733, 6.96393537521, 4.01930904388, 0.814148724079, 1.19450938702, 14.0633153915, 47.8135757446, 41.2599906921, 5.56579875946, 15.3590202332, 8.25077724457, 2.79048466682, 3.41862607002, 5.01143026352, 6.10789728165, 3.1223256588, 2.51318025589, 3.37782478333, 4.06043672562, 2.54044866562, 1.46234023571, 1.83094501495, 0.432630747557, 0.122974671423, 0.0447922646999, 0.0160754732788, 0.0026399937924, 0.000134744303068],
        "median": [0.000816303887405, 0.000788142031524, 0.00084389327094, 0.00121054938063, 0.00392001867294, 0.00505746388808, 0.00355330156162, 0.00259892130271, 0.00438961526379, 0.00657718023285, 0.00688560772687, 0.00657759932801, 0.00649506878108, 0.0115440329537, 0.00628300290555, 0.00272855418734, 0.00354514783248, 0.0331869758666, 0.0382478274405, 0.0233694538474, 0.00392306083813, 0.00755561841652, 0.00344638619572, 0.00228007370606, 0.00136189174373, 0.00220498070121, 0.00100048305467, 0.000748965714592, 0.000635444012005, 0.00089201371884, 0.00107337522786, 0.00165900075808, 0.000460935698356, 0.000281383778201, 0.000223088267376, 0.000129939930048, 6.48236600682e-05, 2.57513493125e-05, 6.10549886915e-06, 7.82854499448e-07],
        "min": [3.64124885799e-09, 9.59155865843e-09, 1.21334702285e-08, 2.8526470075e-08, 5.36655591077e-08, 8.33123650068e-08, 1.8671852331e-07, 3.11850982371e-07, 3.27944690071e-07, 1.69588929566e-07, 2.28907879318e-07, 3.66974745702e-07, 3.6110441215e-07, 8.45583315368e-07, 8.65407173478e-07, 1.57570511305e-07, 4.07441319794e-07, 5.47871593426e-07, 7.07819708623e-07, 7.88341992575e-07, 3.42143010812e-07, 9.28411736822e-07, 1.73290732164e-06, 3.53737141268e-06, 2.16422881749e-06, 1.74244746631e-06, 1.13737860374e-06, 2.00220529223e-06, 1.15608190754e-06, 2.47338994086e-06, 2.20406104745e-06, 1.94179392565e-06, 1.77272102064e-06, 1.01484192783e-06, 1.11137319436e-06, 5.3959536217e-07, 3.69785965404e-07, 1.32852960633e-07, 3.45550184022e-08, 2.89467894099e-09],
        "stdev": [0.00137262861244, 0.00436073960736, 0.111673265696, 2.70619559288, 17.7497196198, 63.2574043274, 11.2509460449, 57.8984336853, 78.8322982788, 204.039535522, 23.9720630646, 61.0910873413, 32.171875, 22.9634151459, 10.9256668091, 2.35628056526, 3.59235715866, 41.4937362671, 140.250473022, 179.405914307, 21.6590061188, 56.0252685547, 25.1579933167, 11.5097179413, 18.5217475891, 24.7856178284, 39.8199882507, 21.1312274933, 18.5127487183, 17.5950317383, 14.9893903732, 10.2198514938, 8.49147129059, 12.9762477875, 2.63439846039, 0.691031873226, 0.225367069244, 0.0878747925162, 0.0163062699139, 0.000779562629759],
        "var": [1.88410945157e-06, 1.90160499187e-05, 0.0124709177762, 7.32349395752, 315.05255127, 4001.49902344, 126.583786011, 3352.22875977, 6214.53125, 41632.1328125, 574.659851074, 3732.12109375, 1035.02966309, 527.31842041, 119.370201111, 5.55205774307, 12.9050292969, 1721.73022461, 19670.1933594, 32186.4824219, 469.112518311, 3138.83056641, 632.924621582, 132.473602295, 343.055114746, 614.326843262, 1585.6315918, 446.528747559, 342.721893311, 309.585174561, 224.68182373, 104.445358276, 72.1050872803, 168.382995605, 6.94005584717, 0.477525025606, 0.0507903173566, 0.0077219796367, 0.000265894428594, 6.07717936418e-07]
    },
    "gfcc": {
        "mean": [-331.369415283, 5.83221340179, -93.0073318481, 5.27485752106, -46.2821884155, 6.76386356354, -40.7270927429, 5.16168498993, -10.396727562, 1.03406226635, -15.1280031204, -2.39324331284, -8.96503639221],
        "cov": [[67926.2578125, 14398.9003906, -4672.00878906, -596.679626465, -2799.19262695, -1458.87145996, -5008.01953125, -1002.14367676, 151.434936523, -1882.65551758, -1983.04199219, -2156.47631836, -912.422241211], [14398.9003906, 5729.61083984, -484.41595459, -116.224151611, -440.478851318, -267.691192627, -1043.32702637, -81.5243835449, 163.033187866, -421.828399658, -297.440216064, -602.572692871, -306.557312012], [-4672.00878906, -484.41595459, 816.498657227, 250.055648804, 312.523651123, 193.646484375, 397.95300293, 39.7813720703, 3.13395285606, 149.467788696, 81.0148544312, 173.999603271, 25.9896888733], [-596.679626465, -116.224151611, 250.055648804, 251.207778931, 152.625823975, 131.855453491, 103.111801147, -13.1387710571, 19.6457710266, 56.7924690247, -20.9815502167, 64.9259185791, 15.2389850616], [-2799.19262695, -440.478851318, 312.523651123, 152.625823975, 301.435119629, 184.927536011, 264.795898438, 35.3117523193, 31.8091316223, 109.487960815, 77.8776473999, 122.781806946, 48.2046356201], [-1458.87145996, -267.691192627, 193.646484375, 131.855453491, 184.927536011, 220.164398193, 192.754058838, 48.6685714722, 57.1409263611, 84.0543746948, 18.5494384766, 63.3635978699, 39.3592147827], [-5008.01953125, -1043.32702637, 397.95300293, 103.111801147, 264.795898438, 192.754058838, 468.50769043, 114.685821533, 28.8006572723, 180.527084351, 141.156616211, 156.507446289, 81.4976882935], [-1002.14367676, -81.5243835449, 39.7813720703, -13.1387710571, 35.3117523193, 48.6685714722, 114.685821533, 115.07384491, 44.1753463745, 63.5901794434, 56.9344367981, -7.39570617676, 16.3037815094], [151.434936523, 163.033187866, 3.13395285606, 19.6457710266, 31.8091316223, 57.1409263611, 28.8006572723, 44.1753463745, 84.5412445068, 35.4806213379, 9.61669826508, -0.374205499887, -4.53300094604], [-1882.65551758, -421.828399658, 149.467788696, 56.7924690247, 109.487960815, 84.0543746948, 180.527084351, 63.5901794434, 35.4806213379, 118.649291992, 60.3858261108, 61.5135345459, 34.893409729], [-1983.04199219, -297.440216064, 81.0148544312, -20.9815502167, 77.8776473999, 18.5494384766, 141.156616211, 56.9344367981, 9.61669826508, 60.3858261108, 134.095214844, 72.6268615723, 34.39793396], [-2156.47631836, -602.572692871, 173.999603271, 64.9259185791, 122.781806946, 63.3635978699, 156.507446289, -7.39570617676, -0.374205499887, 61.5135345459, 72.6268615723, 158.696899414, 39.8540496826], [-912.422241211, -306.557312012, 25.9896888733, 15.2389850616, 48.2046356201, 39.3592147827, 81.4976882935, 16.3037815094, -4.53300094604, 34.893409729, 34.39793396, 39.8540496826, 64.5373840332]],
        "icov": [[0.000219240842853, -0.000296695390716, 0.000666953565087, -0.000601776991971, 0.000434661458712, -0.000219446010306, 0.00090309017105, 7.56222507334e-05, -0.000132533328724, -0.000171684063389, 0.0011047316948, -0.000158899885719, -0.000193737942027], [-0.000296695390716, 0.00124717981089, -0.00187996786553, 0.000660732563119, -0.00121013540775, 0.000216195592657, 0.000923964136746, -0.000274718302535, -0.00229527824558, 0.00205675279722, -0.00302188866772, 0.00285554910079, 0.000579265586566], [0.000666953565087, -0.00187996786553, 0.00653875432909, -0.00381112890318, 0.00105751189403, 0.000178483620402, -0.00245514209382, 0.000554050318897, 0.00361979636364, -0.00248133181594, 0.00543491728604, -0.00417288392782, 0.00210363883525], [-0.000601776991971, 0.000660732563119, -0.00381112890318, 0.0111912423745, -0.00348912575282, -0.00253162020817, 0.00013831864635, 0.000695418624673, 0.0011864361586, -0.00321401725523, 0.00082406034926, -0.00149757112376, -0.000370745779946], [0.000434661458712, -0.00121013540775, 0.00105751189403, -0.00348912575282, 0.0141893122345, -0.00706804217771, -0.00215185596608, 0.0048245145008, 0.0013111687731, -0.00259073241614, -0.00222852337174, -0.00221604015678, 5.48282041564e-05], [-0.000219446010306, 0.000216195592657, 0.000178483620402, -0.00253162020817, -0.00706804217771, 0.0170577205718, -0.0054520261474, -0.00308213452809, -0.00706703588367, 0.00318526173942, 0.00582472747192, -0.000306490022922, -0.00414367299527], [0.00090309017105, 0.000923964136746, -0.00245514209382, 0.00013831864635, -0.00215185596608, -0.0054520261474, 0.0223112273961, -0.00636288104579, -0.00166935322341, -0.00360243278556, -0.000697784940712, 0.00236750068143, -0.00278176181018], [7.56222507334e-05, -0.000274718302535, 0.000554050318897, 0.000695418624673, 0.0048245145008, -0.00308213452809, -0.00636288104579, 0.0270226486027, -0.00762000819668, -0.00653389003128, -0.00928979925811, 0.0108658103272, 0.000100286059023], [-0.000132533328724, -0.00229527824558, 0.00361979636364, 0.0011864361586, 0.0013111687731, -0.00706703588367, -0.00166935322341, -0.00762000819668, 0.0298957899213, -0.0121519612148, 0.00346703617834, -0.0101729230955, 0.00595357408747], [-0.000171684063389, 0.00205675279722, -0.00248133181594, -0.00321401725523, -0.00259073241614, 0.00318526173942, -0.00360243278556, -0.00653389003128, -0.0121519612148, 0.0312436837703, -0.00392576027662, 0.00383575586602, -0.00272944499739], [0.0011047316948, -0.00302188866772, 0.00543491728604, 0.00082406034926, -0.00222852337174, 0.00582472747192, -0.000697784940712, -0.00928979925811, 0.00346703617834, -0.00392576027662, 0.0292684640735, -0.0138493441045, -0.00446001579985], [-0.000158899885719, 0.00285554910079, -0.00417288392782, -0.00149757112376, -0.00221604015678, -0.000306490022922, 0.00236750068143, 0.0108658103272, -0.0101729230955, 0.00383575586602, -0.0138493441045, 0.0254217926413, -0.00164653384127], [-0.000193737942027, 0.000579265586566, 0.00210363883525, -0.000370745779946, 5.48282041564e-05, -0.00414367299527, -0.00278176181018, 0.000100286059023, 0.00595357408747, -0.00272944499739, -0.00446001579985, -0.00164653384127, 0.0260092448443]]
    },
    "melbands": {
        "dmean": [6.48062632536e-06, 1.90839018614e-05, 0.000316839636071, 0.00079155160347, 0.000237695261603, 0.000211333433981, 0.000269280193606, 0.000266432063654, 7.17399525456e-05, 9.66510124272e-05, 4.92825092806e-05, 2.4568355002e-05, 1.81157629413e-05, 4.1040684664e-06, 1.0594133073e-06, 2.97560404761e-06, 3.33620700985e-05, 7.48839520384e-05, 6.96872375556e-05, 1.92936768144e-05, 3.02597140944e-06, 1.14622816909e-05, 1.00850047602e-05, 3.32793115376e-06, 1.71986141595e-06, 2.67414793598e-06, 2.17652359424e-06, 2.86511840386e-06, 3.95071992898e-06, 2.76462310467e-06, 1.80712663678e-06, 2.17838237404e-06, 1.7304555513e-06, 1.69324778199e-06, 1.93060554921e-06, 1.56376870564e-06, 1.05852609522e-06, 6.1269906837e-07, 1.68156554992e-06, 1.30591979541e-06],
        "dmean2": [1.0955694961e-05, 3.09669485432e-05, 0.000510557962116, 0.00137593026739, 0.000447769969469, 0.000321061932482, 0.000374571449356, 0.000344500935171, 0.000110848741315, 0.000156720343512, 8.69376381161e-05, 3.85832208849e-05, 2.87066432065e-05, 6.63637774778e-06, 1.85760939075e-06, 5.07913273395e-06, 5.86832939007e-05, 0.000126313883811, 0.000109467509901, 3.0642713682e-05, 4.86853787152e-06, 1.65505916812e-05, 1.36380576805e-05, 4.30484442404e-06, 2.40857502831e-06, 3.92448691855e-06, 3.48979324372e-06, 3.88731677958e-06, 5.28770942765e-06, 4.38930237578e-06, 2.5235844987e-06, 3.89027309211e-06, 2.62011531049e-06, 2.72635702459e-06, 3.00335113934e-06, 2.53886287283e-06, 1.55381917466e-06, 1.07298660623e-06, 2.70469195129e-06, 1.91324875232e-06],
        "dvar": [8.94540205798e-11, 2.02431560403e-09, 7.71978932335e-07, 9.51032961893e-06, 1.0796280776e-06, 9.12203233838e-07, 1.23231734506e-06, 1.55256066137e-06, 4.29353335107e-08, 1.13217836883e-07, 3.73906026141e-08, 6.30799901202e-09, 2.34938402066e-09, 1.21149298926e-10, 1.06184150014e-11, 7.48888728808e-11, 9.23134724218e-09, 4.98330017251e-08, 7.1350306996e-08, 7.11646919171e-09, 1.6661283464e-10, 2.02701189167e-09, 7.9483375437e-10, 9.1979764083e-11, 6.15164585938e-11, 2.90308499462e-10, 9.60241053338e-11, 1.95706825745e-10, 4.98782681824e-10, 3.07988773374e-10, 1.15926816757e-10, 3.01185937301e-10, 1.11715192652e-10, 8.66051813597e-11, 6.57683976724e-11, 3.62943737564e-11, 2.00483293161e-11, 1.23215196726e-11, 1.37139008483e-10, 6.76686692791e-11],
        "dvar2": [2.34915337183e-10, 4.51204495988e-09, 1.87233922588e-06, 2.62193316303e-05, 3.12810198011e-06, 1.71293277162e-06, 1.71188366949e-06, 2.32443539971e-06, 1.05128037831e-07, 2.82496102955e-07, 1.09940224036e-07, 1.57077657548e-08, 5.95239235679e-09, 3.19042792185e-10, 2.94693817959e-11, 2.17863810326e-10, 2.68523372426e-08, 1.3958145928e-07, 1.30921179675e-07, 1.60326116827e-08, 4.23429957763e-10, 3.33913430239e-09, 1.4689889305e-09, 1.41669190268e-10, 1.31234800804e-10, 6.70987487794e-10, 1.62896293676e-10, 2.78096129458e-10, 6.94380275501e-10, 6.74600431072e-10, 2.39117808887e-10, 8.47188874609e-10, 2.61574317761e-10, 2.36306973989e-10, 1.42002673509e-10, 9.00376093127e-11, 4.75338587935e-11, 2.42032331677e-11, 2.47594750258e-10, 1.24947108215e-10],
        "max": [6.44553365419e-05, 0.000324101158185, 0.00738346250728, 0.0278057325631, 0.00848793983459, 0.0115365497768, 0.0142259225249, 0.0170464050025, 0.00172500300687, 0.00302323326468, 0.00180140836164, 0.000862894055899, 0.000337782839779, 0.000108869702672, 3.00642786897e-05, 6.95037961123e-05, 0.000899027392734, 0.00196200748906, 0.00306426989846, 0.00108739745338, 0.00015589465329, 0.000514081039, 0.000337150908308, 0.000114809059596, 9.54997958615e-05, 0.000203177682124, 0.000103090125776, 0.000180056915269, 0.000294844532618, 0.000197879344341, 0.000132972243591, 0.000182559000677, 0.000121248405776, 0.000104251288576, 7.5789699622e-05, 7.28647282813e-05, 5.66024937143e-05, 3.64759907825e-05, 0.000135336245876, 0.0001016673923],
        "mean": [1.12156176328e-05, 1.7134603695e-05, 0.000296120502753, 0.000675588729791, 0.000183776894119, 0.000223090159125, 0.00038710856461, 0.000337167584803, 6.66368723614e-05, 9.2025147751e-05, 3.60291378456e-05, 2.67011873802e-05, 1.72982963704e-05, 3.70794873561e-06, 1.06566255909e-06, 2.89065906145e-06, 2.98503600789e-05, 7.52515479689e-05, 8.361361688e-05, 2.1320020096e-05, 3.51591643266e-06, 1.53411383508e-05, 1.30819198603e-05, 4.35929541709e-06, 1.90807941181e-06, 2.33029027186e-06, 2.80492758975e-06, 3.65379764844e-06, 4.63870128442e-06, 2.4611445042e-06, 1.59033618274e-06, 1.47871583067e-06, 1.76866672064e-06, 1.74991248514e-06, 2.53959274232e-06, 1.89986064925e-06, 1.25771362036e-06, 7.69637040321e-07, 1.82955625405e-06, 1.36702533382e-06],
        "median": [8.53748315421e-06, 5.00828491568e-07, 2.94639761478e-07, 3.21647746659e-07, 1.54631919713e-07, 5.65596778301e-08, 6.64452883825e-08, 7.67094050502e-08, 5.84716808305e-08, 4.62516496214e-08, 2.45202134153e-08, 4.77621036055e-08, 2.43576163683e-08, 1.21710908019e-08, 3.56242102484e-09, 7.74593100772e-09, 7.49055999449e-08, 6.73713458355e-08, 5.02240524725e-08, 8.56970139296e-09, 2.232177998e-09, 6.48067244313e-09, 6.49915765649e-09, 2.98051938685e-09, 1.79160086766e-09, 7.03601343854e-10, 1.3988833425e-09, 1.5464535208e-09, 7.39917793702e-10, 3.67045255301e-10, 3.54090839982e-10, 3.32692901006e-10, 5.07008435235e-10, 5.21397869324e-10, 5.84226222955e-10, 7.12448433582e-10, 1.1460582483e-09, 2.9537478019e-10, 2.62699001441e-10, 2.50621134956e-10],
        "min": [3.07656781995e-11, 9.40759015827e-12, 6.19593612528e-12, 4.78293706724e-12, 6.03665381571e-12, 6.99219198166e-12, 4.80637188036e-12, 1.56610770359e-12, 2.20150135101e-12, 2.1931627521e-12, 1.75563231487e-12, 3.27043904111e-12, 3.57634126306e-12, 5.93854013273e-13, 5.14473609114e-13, 9.61629647439e-13, 1.07461338005e-12, 1.22985454286e-12, 1.14242578071e-12, 7.74640497147e-13, 2.93848550093e-13, 8.450596993e-13, 1.08769308664e-12, 2.26897623953e-12, 3.00211027912e-12, 2.0379854488e-12, 1.093383847e-12, 1.2156423871e-12, 9.48576070123e-13, 4.09757541482e-13, 1.49322481463e-12, 5.75200965417e-13, 8.96067887859e-13, 1.55564211686e-12, 9.69600701811e-13, 1.54678353459e-12, 1.18380554925e-12, 1.19746064193e-12, 8.8315775049e-13, 8.73191059389e-13],
        "stdev": [1.28754672915e-05, 4.60323826701e-05, 0.000939919380471, 0.00283858203329, 0.000873170909472, 0.00121748971287, 0.00174956803676, 0.0018058802234, 0.000218247747398, 0.000352455273969, 0.000154803667101, 8.94079421414e-05, 5.20721914654e-05, 1.1595037904e-05, 3.51810490429e-06, 8.89080001798e-06, 9.22838007682e-05, 0.000233627957641, 0.000331249495503, 0.000100189579825, 1.46253350977e-05, 5.83737055422e-05, 3.90850073018e-05, 1.3743369891e-05, 8.53978781379e-06, 1.64159664564e-05, 1.19086917039e-05, 1.91793133126e-05, 2.99130915664e-05, 1.77954680112e-05, 1.12897578219e-05, 1.37334454848e-05, 1.04562859633e-05, 8.60855925566e-06, 1.00526394817e-05, 6.92028515914e-06, 5.21900756212e-06, 3.954665317e-06, 1.32820969156e-05, 9.45057581703e-06],
        "var": [1.6577766937e-10, 2.11898032454e-09, 8.83448421973e-07, 8.05754825706e-06, 7.62427418977e-07, 1.48228116359e-06, 3.0609883197e-06, 3.26120357386e-06, 4.76320778375e-08, 1.24224726505e-07, 2.3964176421e-08, 7.99377986027e-09, 2.71151301412e-09, 1.34444913535e-10, 1.23770629162e-11, 7.90463181022e-11, 8.51630055365e-09, 5.45820242337e-08, 1.09726236985e-07, 1.00379518031e-08, 2.13900439028e-10, 3.4074896238e-09, 1.52763768302e-09, 1.88880217022e-10, 7.2927976158e-11, 2.69483935167e-10, 1.41816933197e-10, 3.67846059168e-10, 8.9479307297e-10, 3.16678655521e-10, 1.27458626986e-10, 1.88607518492e-10, 1.0933391692e-10, 7.41072966881e-11, 1.01055552815e-10, 4.78903479373e-11, 2.72380382138e-11, 1.56393769463e-11, 1.76414091668e-10, 8.93133830782e-11]
    },
    "melbands128": {
