{
"lowlevel": {
    "average_loudness": 0.986726939678,
    "barkbands_crest": {
        "dmean": 1.79671370983,
        "dmean2": 3.10360813141,
        "dvar": 2.47686672211,
        "dvar2": 7.27996826172,
        "max": 17.195602417,
        "mean": 8.69073677063,
        "median": 8.38914775848,
        "min": 5.19810009003,
        "stdev": 1.73535490036,
        "var": 3.01145648956
    },
    "barkbands_flatness_db": {
        "dmean": 0.0542825907469,
        "dmean2": 0.0773076340556,
        "dvar": 0.00175287900493,
        "dvar2": 0.00316189322621,
        "max": 0.558006703854,
        "mean": 0.458861887455,
        "median": 0.472750097513,
        "min": 0.280554950237,
        "stdev": 0.0599151812494,
        "var": 0.00358982873149
    },
    "barkbands_kurtosis": {
        "dmean": 3.04925751686,
        "dmean2": 4.73397397995,
        "dvar": 19.287858963,
        "dvar2": 35.7331886292,
        "max": 32.2803077698,
        "mean": 2.6445081234,
        "median": 0.678154945374,
        "min": -1.05935311317,
        "stdev": 5.10599517822,
        "var": 26.071187973
    },
    "barkbands_skewness": {
        "dmean": 0.408490031958,
        "dmean2": 0.672108352184,
        "dvar": 0.197783350945,
        "dvar2": 0.434967309237,
        "max": 0.254377186298,
        "mean": -0.50356054306,
        "median": -0.383814841509,
        "min": -2.91898751259,
        "stdev": 0.506461799145,
        "var": 0.256503552198
    },
    "barkbands_spread": {
        "dmean": 0.355834931135,
        "dmean2": 0.602193057537,
        "dvar": 0.0683870017529,
        "dvar2": 0.194043636322,
        "max": 3.16028785706,
        "mean": 2.00940275192,
        "median": 1.98103427887,
        "min": 1.11922907829,
        "stdev": 0.337769150734,
        "var": 0.114087998867
    },
    "dissonance": {
        "dmean": 0.00311342952773,
        "dmean2": 0.00601097336039,
        "dvar": 7.96764652478e-05,
        "dvar2": 0.000230126577662,
        "max": 0.500000119209,
        "mean": 0.498130887747,
        "median": 0.499689251184,
        "min": 0.440690934658,
        "stdev": 0.00659845443442,
        "var": 4.35396032117e-05
    },
    "dynamic_complexity": 3.80606102943,
    "erbbands_crest": {
        "dmean": 2.87966012955,
        "dmean2": 4.83858633041,
        "dvar": 4.64282846451,
        "dvar2": 12.9945116043,
        "max": 20.8742446899,
        "mean": 12.15513134,
        "median": 11.9093961716,
        "min": 7.31563472748,
        "stdev": 2.66013288498,
        "var": 7.07630729675
    },
    "erbbands_flatness_db": {
        "dmean": 0.0443168915808,
        "dmean2": 0.0663064420223,
        "dvar": 0.00164921325631,
        "dvar2": 0.00304167135619,
        "max": 0.533789396286,
        "mean": 0.452058970928,
        "median": 0.462754935026,
        "min": 0.278686374426,
        "stdev": 0.0517962276936,
        "var": 0.00268284906633
    },
    "erbbands_kurtosis": {
        "dmean": 0.939595282078,
        "dmean2": 1.5512496233,
        "dvar": 1.71756708622,
        "dvar2": 3.94760704041,
        "max": 12.5940704346,
        "mean": 0.616761028767,
        "median": 0.300053358078,
        "min": -0.778336048126,
        "stdev": 1.41216599941,
        "var": 1.99421274662
    },
    "erbbands_skewness": {
        "dmean": 0.342570334673,
        "dmean2": 0.562255680561,
        "dvar": 0.102097384632,
        "dvar2": 0.234983131289,
        "max": 0.798635601997,
        "mean": -0.0564761944115,
        "median": 0.00537144811824,
        "min": -2.37972068787,
        "stdev": 0.403081357479,
        "var": 0.16247458756
    },
    "erbbands_spread": {
        "dmean": 1.11478745937,
        "dmean2": 1.94761192799,
        "dvar": 0.717346310616,
        "dvar2": 2.03308844566,
        "max": 8.65528202057,
        "mean": 5.10097360611,
        "median": 4.99229860306,
        "min": 2.99783587456,
        "stdev": 0.990602552891,
        "var": 0.98129338026
    },
    "hfc": {
        "dmean": 742.952148438,
        "dmean2": 1312.79467773,
        "dvar": 1483649.875,
        "dvar2": 3968190,
        "max": 6376.55957031,
        "mean": 509.68536377,
        "median": 145.217712402,
        "min": 0.0323598384857,
        "stdev": 1020.77880859,
        "var": 1041989.375
    },
    "loudness_ebu128": {
        "integrated": -21.0405139923,
        "loudness_range": 0.508249282837,
        "momentary": {
            "dmean": 0.357596129179,
            "dmean2": 0.603723227978,
            "dvar": 0.284696251154,
            "dvar2": 0.713241398335,
            "max": -19.8499450684,
            "mean": -21.0977020264,
            "median": -20.9492053986,
            "min": -24.5182056427,
            "stdev": 0.737222194672,
            "var": 0.543496549129
        },
        "short_term": {
            "dmean": 0.147458359599,
            "dmean2": 0.261036932468,
            "dvar": 0.016927935183,
            "dvar2": 0.0272109508514,
            "max": -20.6121234894,
            "mean": -20.9334220886,
            "median": -20.9462852478,
            "min": -21.523021698,
            "stdev": 0.19799824059,
            "var": 0.0392033010721
        }
    },
    "melbands_crest": {
        "dmean": 3.04264855385,
        "dmean2": 5.13207817078,
        "dvar": 5.23554086685,
        "dvar2": 14.1990776062,
        "max": 21.0305595398,
        "mean": 12.6079216003,
        "median": 12.5927457809,
        "min": 6.37946128845,
        "stdev": 2.80166244507,
        "var": 7.84931230545
    },
    "melbands_flatness_db": {
        "dmean": 0.0471481792629,
        "dmean2": 0.069775313139,
        "dvar": 0.00151268625632,
        "dvar2": 0.00284673389979,
        "max": 0.40764555335,
        "mean": 0.318763196468,
        "median": 0.330728977919,
        "min": 0.147582367063,
        "stdev": 0.0518220253289,
        "var": 0.00268552219495
    },
    "melbands_kurtosis": {
        "dmean": 3.62063574791,
        "dmean2": 5.53866100311,
        "dvar": 29.6983032227,
        "dvar2": 67.9497756958,
        "max": 34.2258834839,
        "mean": 3.40067839622,
        "median": 1.53805065155,
        "min": -1.08359730244,
        "stdev": 5.73402118683,
        "var": 32.8790016174
    },
    "melbands_skewness": {
        "dmean": 0.592295110226,
        "dmean2": 0.956781744957,
        "dvar": 0.529764533043,
        "dvar2": 1.14193618298,
        "max": 0.531823694706,
        "mean": -0.873288035393,
        "median": -0.656787335873,
        "min": -4.51254272461,
        "stdev": 0.832757890224,
        "var": 0.693485736847
    },
    "melbands_spread": {
        "dmean": 2.24621129036,
        "dmean2": 3.79498195648,
        "dvar": 6.50518226624,
        "dvar2": 16.5363941193,
        "max": 24.91340065,
        "mean": 9.18365001678,
        "median": 8.65748405457,
        "min": 4.96787595749,
        "stdev": 2.62198615074,
        "var": 6.87481117249
    },
    "pitch_salience": {
        "dmean": 0.0561912320554,
        "dmean2": 0.0946156382561,
        "dvar": 0.00205454532988,
        "dvar2": 0.00596841238439,
        "max": 0.959677815437,
        "mean": 0.748582959175,
        "median": 0.74210524559,
        "min": 0.614827334881,
        "stdev": 0.0526570044458,
        "var": 0.00277276011184
    },
    "silence_rate_20dB": {
        "dmean": 0.00699300691485,
        "dmean2": 0.0140350880101,
        "dvar": 0.00694409105927,
        "dvar2": 0.0208556223661,
        "max": 1,
        "mean": 0.99651569128,
        "median": 1,
        "min": 0,
        "stdev": 0.058925293386,
        "var": 0.00347219011746
    },
    "silence_rate_30dB": {
        "dmean": 0.118881121278,
        "dmean2": 0.238596484065,
        "dvar": 0.104748621583,
        "dvar2": 0.195702850819,
        "max": 1,
        "mean": 0.88501739502,
        "median": 1,
        "min": 0,
        "stdev": 0.319001287222,
        "var": 0.101761825383
    },
    "silence_rate_60dB": {
        "dmean": 0.321678310633,
        "dmean2": 0.642105281353,
        "dvar": 0.218201816082,
        "dvar2": 0.496472597122,
        "max": 1,
        "mean": 0.191637635231,
        "median": 0,
        "min": 0,
        "stdev": 0.393588960171,
        "var": 0.154912263155
    },
    "spectral_centroid": {
        "dmean": 438.633911133,
        "dmean2": 710.819763184,
        "dvar": 96300.390625,
        "dvar2": 265422.15625,
        "max": 7790.81103516,
        "mean": 6587.54248047,
        "median": 6570.5,
        "min": 5760.16064453,
        "stdev": 423.891021729,
        "var": 179683.59375
    },
    "spectral_complexity": {
        "dmean": 0.818181812763,
        "dmean2": 1.60000002384,
        "dvar": 3.02988529205,
        "dvar2": 8.41545772552,
        "max": 12,
        "mean": 0.445993036032,
        "median": 0,
        "min": 0,
        "stdev": 1.31317853928,
        "var": 1.72443783283
    },
    "spectral_decrease": {
        "dmean": 1.36494660019e-09,
        "dmean2": 2.42817321805e-09,
        "dvar": 5.77629527528e-18,
        "dvar2": 1.54683717533e-17,
        "max": 1.83884396598e-09,
        "mean": -8.48834280642e-10,
        "median": -8.54818438256e-11,
        "min": -1.9174262178e-08,
        "stdev": 2.00619210133e-09,
        "var": 4.02480691623e-18
    },
    "spectral_energy": {
        "dmean": 0.071984179318,
        "dmean2": 0.127076730132,
        "dvar": 0.0136101944372,
        "dvar2": 0.0362351574004,
        "max": 0.597774326801,
        "mean": 0.0494336634874,
        "median": 0.0134450970218,
        "min": 3.13742248181e-06,
        "stdev": 0.0982006266713,
        "var": 0.00964336283505
    },
    "spectral_energyband_high": {
        "dmean": 0.0713142380118,
        "dmean2": 0.125873103738,
        "dvar": 0.0133123686537,
        "dvar2": 0.0354180671275,
        "max": 0.58736294508,
        "mean": 0.0489765517414,
        "median": 0.0131662078202,
        "min": 3.11497433358e-06,
        "stdev": 0.0971968397498,
        "var": 0.00944722630084
    },
    "spectral_energyband_low": {
        "dmean": 3.21892844113e-06,
        "dmean2": 6.34162233837e-06,
        "dvar": 1.4572751339e-10,
        "dvar2": 4.26574442436e-10,
        "max": 9.33273986448e-05,
        "mean": 1.67305051946e-06,
        "median": 1.2941461236e-08,
        "min": 6.82510215011e-10,
        "stdev": 8.75124715094e-06,
        "var": 7.65843291561e-11
    },
    "spectral_energyband_middle_high": {
        "dmean": 0.000118277734146,
        "dmean2": 0.000219706795178,
        "dvar": 8.36218063682e-08,
        "dvar2": 2.37963263316e-07,
        "max": 0.00218552933075,
        "mean": 7.22571203369e-05,
        "median": 1.09731554403e-05,
        "min": 2.53899767877e-09,
        "stdev": 0.000220890040509,
        "var": 4.87924118886e-08
    },
    "spectral_energyband_middle_low": {
        "dmean": 1.08790873128e-05,
        "dmean2": 2.1185438527e-05,
        "dvar": 1.28461041804e-09,
        "dvar2": 3.69273678302e-09,
        "max": 0.000222963761189,
        "mean": 5.7538090914e-06,
        "median": 2.37386004187e-08,
        "min": 2.96359936591e-10,
        "stdev": 2.65873713943e-05,
        "var": 7.06888325652e-10
    },
    "spectral_entropy": {
        "dmean": 0.171905145049,
        "dmean2": 0.308980882168,
        "dvar": 0.0246661119163,
        "dvar2": 0.0700074136257,
        "max": 8.95041179657,
        "mean": 8.38021755219,
        "median": 8.35612201691,
        "min": 7.9675860405,
        "stdev": 0.162200644612,
        "var": 0.026309048757
    },
    "spectral_flux": {
        "dmean": 0.124320447445,
        "dmean2": 0.200423687696,
        "dvar": 0.0175660159439,
        "dvar2": 0.0335161760449,
        "max": 0.753617703915,
        "mean": 0.183890283108,
        "median": 0.152235671878,
        "min": 0.0111828586087,
        "stdev": 0.149449929595,
        "var": 0.0223352834582
    },
    "spectral_kurtosis": {
        "dmean": 0.532491445541,
        "dmean2": 0.898234128952,
        "dvar": 0.301760911942,
        "dvar2": 0.85518938303,
        "max": 4.27095460892,
        "mean": 0.701521635056,
        "median": 0.604506492615,
        "min": -0.473481416702,
        "stdev": 0.562392890453,
        "var": 0.316285759211
    },
    "spectral_rms": {
        "dmean": 0.00465354556218,
        "dmean2": 0.00716651510447,
        "dvar": 2.04249590752e-05,
        "dvar2": 5.09912533744e-05,
        "max": 0.0241494197398,
        "mean": 0.00498771388084,
        "median": 0.00362176308408,
        "min": 5.5325399444e-05,
        "stdev": 0.00483225425705,
        "var": 2.33506798395e-05
    },
    "spectral_rolloff": {
        "dmean": 1299.22021484,
        "dmean2": 2356.79077148,
        "dvar": 1912373.75,
        "dvar2": 4453718,
        "max": 15676.171875,
        "mean": 13706.9697266,
        "median": 14061.1816406,
        "min": 10185.2050781,
        "stdev": 1386.36083984,
        "var": 1921996.5
    },
    "spectral_skewness": {
        "dmean": 0.181319996715,
        "dmean2": 0.301839888096,
        "dvar": 0.0249085072428,
        "dvar2": 0.0633464902639,
        "max": 1.48425710201,
        "mean": 0.719250440598,
        "median": 0.730812072754,
        "min": 0.0715118423104,
        "stdev": 0.1984333992,
        "var": 0.0393758155406
    },
    "spectral_spread": {
        "dmean": 1009031.1875,
        "dmean2": 1810984.875,
        "dvar": 902812467200,
        "dvar2": 2.33096452506e+12,
        "max": 10883373,
        "mean": 7353315.5,
        "median": 7233639.5,
        "min": 5186148.5,
        "stdev": 974161.5625,
        "var": 948990771200
    },
    "spectral_strongpeak": {
        "dmean": 8.21349430084,
        "dmean2": 13.6232814789,
        "dvar": 81.6484222412,
        "dvar2": 183.667678833,
        "max": 53.6400108337,
        "mean": 8.59867763519,
        "median": 5.13992452621,
        "min": 0.0122179444879,
        "stdev": 9.62216281891,
        "var": 92.5860214233
    },
    "zerocrossingrate": {
        "dmean": 0.031026346609,
        "dmean2": 0.0362870059907,
        "dvar": 0.000621357990894,
        "dvar2": 0.000906865112484,
        "max": 0.53564453125,
        "mean": 0.436103194952,
        "median": 0.43896484375,
        "min": 0.15673828125,
        "stdev": 0.0406013540924,
        "var": 0.00164846982807
    },
    "barkbands": {
        "dmean": [7.32958255867e-07, 1.23209576941e-06, 1.04733567241e-06, 1.14552517516e-06, 2.37751282839e-06, 1.56978251198e-06, 1.34533593155e-06, 1.15016405289e-06, 2.7765561299e-06, 1.56634541781e-06, 2.14388842323e-06, 3.07863365379e-06, 3.69891131413e-06, 3.81542486139e-06, 5.59512000109e-06, 9.01118710317e-06, 1.14703661893e-05, 2.22173530346e-05, 3.11439835059e-05, 7.5581294368e-05, 0.00184714456555, 0.00385580281727, 0.00927486550063, 0.0208845622838, 0.0179535858333, 0.015917820856, 0.00271731126122],
        "dmean2": [1.43107092754e-06, 2.42868918576e-06, 2.07855714507e-06, 2.26509200729e-06, 4.65447510578e-06, 3.09948268296e-06, 2.62766502601e-06, 2.22835660679e-06, 5.30959005118e-06, 3.0436117413e-06, 4.15371869167e-06, 6.01610327067e-06, 7.21876949683e-06, 7.45782790545e-06, 1.07759879029e-05, 1.70946677827e-05, 2.18564291572e-05, 4.09510066675e-05, 5.76749298489e-05, 0.000140943840961, 0.00331377633847, 0.00690800463781, 0.0162371695042, 0.0373209491372, 0.0320853739977, 0.0282941441983, 0.00490179378539],
        "dvar": [1.27056863294e-11, 2.18683387371e-11, 1.85118257529e-11, 1.95530033137e-11, 8.10954636776e-11, 3.31069269222e-11, 1.91885136253e-11, 1.67933080636e-11, 1.42698255989e-10, 3.28113786141e-11, 4.48354547933e-11, 1.0404042905e-10, 1.80589584953e-10, 1.75678610548e-10, 3.10688641481e-10, 5.22311249807e-10, 1.34434585686e-09, 3.1732181327e-09, 4.87508833302e-09, 5.13913214206e-08, 1.00881115941e-05, 5.92506839894e-05, 0.000240836161538, 0.00135447527282, 0.00106435467023, 0.000750128179789, 2.65968283202e-05],
        "dvar2": [3.72196821974e-11, 6.40740863145e-11, 5.44858949625e-11, 5.74345848658e-11, 2.37054098573e-10, 9.67783145289e-11, 5.49988006526e-11, 4.80016894289e-11, 4.09478007057e-10, 9.51397710613e-11, 1.28455523996e-10, 3.01523722657e-10, 5.27708265974e-10, 5.1345505625e-10, 9.01191454794e-10, 1.48065881778e-09, 3.90629883995e-09, 9.0507290551e-09, 1.37735236549e-08, 1.49385456893e-07, 2.71272383543e-05, 0.000167000020156, 0.000645972962957, 0.00357119878754, 0.00291117280722, 0.00204456364736, 7.44316566852e-05],
        "max": [3.27692650899e-05, 3.68368600903e-05, 3.67022366845e-05, 2.92839067697e-05, 5.60758271604e-05, 3.75253221137e-05, 2.60059150605e-05, 2.88797873509e-05, 9.59777680691e-05, 3.86810861528e-05, 4.22129196522e-05, 6.23511150479e-05, 0.000120313110529, 9.29612506297e-05, 0.000123713311041, 0.000136186019517, 0.000312073127134, 0.000435981724877, 0.000414410664234, 0.00226500234567, 0.0178183745593, 0.0748368352652, 0.109450541437, 0.216734111309, 0.160642236471, 0.151986002922, 0.0332367308438],
        "mean": [4.11187073723e-07, 6.37058860775e-07, 5.35071819741e-07, 5.87984175127e-07, 1.2434547898e-06, 8.0934324842e-07, 7.07326989868e-07, 6.14943076016e-07, 1.51789788561e-06, 8.3596779632e-07, 1.15981629278e-06, 1.63060587965e-06, 1.9808264824e-06, 2.0390532427e-06, 3.08882772515e-06, 5.18833894603e-06, 6.64812614559e-06, 1.43322367876e-05, 1.93793730432e-05, 4.726217594e-05, 0.00122316158377, 0.00267390231602, 0.00653293542564, 0.0141567466781, 0.0117158070207, 0.0109651666135, 0.00183273211587],
        "median": [3.16724673155e-08, 1.3148377942e-09, 2.42626407854e-09, 6.59048704499e-10, 1.160831542e-09, 1.49198076116e-09, 2.17409912295e-09, 4.04743705218e-09, 9.73665681414e-09, 1.45208582936e-08, 1.6658555424e-08, 3.56557272596e-08, 8.10524127814e-08, 8.92897134008e-08, 1.93067862142e-07, 4.95581275572e-07, 8.30473027236e-07, 2.52055247074e-06, 3.34770675181e-06, 8.8812012109e-06, 0.000216643762542, 0.000725890160538, 0.00164392276201, 0.00286545255221, 0.00279267458245, 0.00301270349883, 0.000586932816077],
        "min": [7.57153673092e-10, 1.11231357458e-10, 3.6623273858e-11, 4.42793631622e-12, 6.75196634714e-11, 4.40785220823e-11, 6.77333952814e-11, 2.92710300442e-11, 6.34882701966e-11, 4.1273290341e-11, 1.19907306306e-10, 1.20373072621e-10, 4.74809358497e-11, 9.25504742288e-11, 1.26029894854e-10, 2.21509754983e-10, 2.72594058437e-10, 1.86482607134e-10, 5.28462495986e-10, 1.83535919795e-09, 1.73771738332e-07, 1.82780439673e-07, 4.47728382369e-07, 7.37507036774e-07, 6.07702588695e-07, 7.27065184947e-07, 2.42197216949e-07],
        "stdev": [2.60226238424e-06, 3.38566542268e-06, 3.0981789223e-06, 3.18991556014e-06, 6.5491458372e-06, 4.17368801209e-06, 3.25829887515e-06, 3.07123127641e-06, 8.95389075595e-06, 4.21420963903e-06, 4.98533108839e-06, 7.48113689042e-06, 9.77700074145e-06, 9.62704143603e-06, 1.29480922624e-05, 1.73071712197e-05, 2.70012624242e-05, 4.32482993347e-05, 5.39839675184e-05, 0.000167815858731, 0.00259972386993, 0.00598035147414, 0.0129621131346, 0.0308596268296, 0.0264882650226, 0.0225120577961, 0.00406099902466],
        "var": [6.77176934319e-12, 1.14627300707e-11, 9.59871244988e-12, 1.01755609147e-11, 4.28913085604e-11, 1.74196698732e-11, 1.06165111424e-11, 9.43246175611e-12, 8.01721536381e-11, 1.77595646522e-11, 2.48535254876e-11, 5.59674077916e-11, 9.55897444532e-11, 9.26799331724e-11, 1.67653085859e-10, 2.99538144288e-10, 7.29068139194e-10, 1.87041537814e-09, 2.91426860421e-09, 2.81621606035e-08, 6.75856472299e-06, 3.57646022167e-05, 0.000168016384123, 0.000952316622715, 0.000701628159732, 0.000506792741362, 1.64917128131e-05]
    },
    "erbbands": {
        "dmean": [4.25330508733e-05, 0.000261432462139, 0.00103656842839, 0.00282651232556, 0.00552167696878, 0.00840319972485, 0.0103929555044, 0.0136787565425, 0.0190604925156, 0.0188220366836, 0.0353399664164, 0.0626890137792, 0.0529395639896, 0.0639455765486, 0.103547565639, 0.123321264982, 0.16335375607, 0.172510802746, 0.271539181471, 0.386314928532, 0.523012518883, 0.637919187546, 0.966828584671, 1.51110970974, 1.94100701809, 3.39393782616, 11.2405672073, 169.131317139, 131.732543945, 113.118644714, 339.172576904, 105.192428589, 579.366394043, 212.305099487, 135.383895874, 28.4239768982, 43.1621932983, 7.60767269135, 0.411071509123, 0.0320674739778],
        "dmean2": [8.34775128169e-05, 0.000517837062944, 0.00205679074861, 0.00559706892818, 0.0108654955402, 0.0164328217506, 0.0203877631575, 0.0270259380341, 0.0372611097991, 0.0367770269513, 0.0679226070642, 0.11965367198, 0.102973133326, 0.123369842768, 0.201376825571, 0.240822613239, 0.318768978119, 0.336131095886, 0.528439581394, 0.739268600941, 0.991345345974, 1.20990777016, 1.80346441269, 2.75851655006, 3.57269692421, 6.25716495514, 19.975692749, 305.411529541, 234.12979126, 199.174499512, 594.76348877, 185.405319214, 1038.17626953, 381.92956543, 242.035140991, 52.3163261414, 76.3030548096, 13.3006019592, 0.733601808548, 0.0576416030526],
        "dvar": [2.39557973458e-08, 1.07230448521e-06, 1.8013846784e-05, 0.00012177881581, 0.000431416148786, 0.00107261666562, 0.00171814323403, 0.00238270475529, 0.00405224133283, 0.00354749755934, 0.0178116075695, 0.0729004517198, 0.0521349608898, 0.0404218845069, 0.112176135182, 0.163250416517, 0.340916752815, 0.358904451132, 0.852840006351, 1.29091131687, 2.1773223877, 3.75639557838, 8.05617713928, 12.66015625, 18.7873725891, 88.1825866699, 422.952301025, 110007.109375, 49519.0820312, 35170.4492188, 312651.28125, 30018.9433594, 1061950.875, 161035.53125, 60218.2578125, 4307.33056641, 5770.96972656, 121.232246399, 0.577901542187, 0.00392662733793],
        "dvar2": [6.96953250667e-08, 3.152346153e-06, 5.30261531821e-05, 0.000357835611794, 0.00126404035836, 0.00313736777753, 0.00503502646461, 0.00695685856044, 0.011640759185, 0.0101889455691, 0.0500821843743, 0.208274900913, 0.153314054012, 0.11549718678, 0.3237593472, 0.472959965467, 0.995249092579, 1.0495660305, 2.48942899704, 3.71803593636, 6.25040054321, 10.8712968826, 23.3141422272, 35.8118934631, 53.138420105, 254.695388794, 1178.32678223, 305723.0625, 135784.59375, 94543.4140625, 832048, 78602.9453125, 2801260.25, 436694.0625, 166762.453125, 12223.5019531, 15754.9033203, 327.208953857, 1.61602878571, 0.0110002122819],
        "max": [0.00108319194987, 0.00869909022003, 0.0364573895931, 0.0803937241435, 0.141487374902, 0.217442557216, 0.292854458094, 0.307120621204, 0.364189445972, 0.34727743268, 1.18723773956, 2.05826401711, 2.24308538437, 1.32827985287, 1.77668082714, 2.52915549278, 5.27453422546, 4.89149188995, 6.75380754471, 8.09206676483, 10.0126056671, 15.4152565002, 25.9379291534, 20.1752815247, 27.5430355072, 92.8288803101, 128.997299194, 2910.04858398, 1976.89343262, 1286.53564453, 3920.36230469, 920.490600586, 6217.22363281, 2352.26098633, 1243.75085449, 497.843597412, 420.724975586, 61.0413856506, 5.52223443985, 0.407898306847],
        "mean": [2.24239574891e-05, 0.000133999928948, 0.000529646757059, 0.00144777668174, 0.00286001292989, 0.0044080032967, 0.00541618838906, 0.00704292068258, 0.0100021678954, 0.00990207493305, 0.019156338647, 0.0343872345984, 0.0281546153128, 0.0345769450068, 0.0555471330881, 0.0655536651611, 0.0876138061285, 0.0926873683929, 0.146647691727, 0.217133954167, 0.30120369792, 0.374120056629, 0.59343957901, 0.996901750565, 1.2050549984, 2.16782999039, 7.585460186, 112.854248047, 92.9631500244, 79.1260757446, 240.359344482, 73.0395889282, 392.029602051, 139.55279541, 87.7149276733, 17.4671039581, 29.9334640503, 5.40130472183, 0.274734318256, 0.021538708359],
        "median": [1.30417703303e-07, 2.57877729837e-07, 2.08418191505e-06, 3.0475434869e-06, 2.13076737055e-06, 5.09569235874e-06, 6.82505014993e-06, 1.50028927237e-05, 2.73495261354e-05, 5.92245269218e-05, 0.0001252508373, 0.000208991885302, 0.000359436235158, 0.000608310103416, 0.000908644404262, 0.00163875799626, 0.00375231076032, 0.00431520584971, 0.00685618445277, 0.017912151292, 0.0308804176748, 0.048919852823, 0.0786406770349, 0.207624927163, 0.193334251642, 0.449082314968, 2.06018161774, 24.3481464386, 26.2057380676, 20.3406105042, 60.3191986084, 17.3292636871, 75.2411193848, 27.0863265991, 22.0845375061, 3.50650191307, 7.46572256088, 1.95338380337, 0.0824144780636, 0.00595446210355],
        "min": [1.39780045316e-08, 2.337142746e-08, 3.78271458601e-08, 3.76719313522e-08, 9.29106818148e-08, 2.48990943419e-07, 3.59912831982e-07, 2.98492068396e-07, 7.56394285872e-07, 1.05240837911e-06, 9.68092763287e-07, 1.4732827367e-06, 1.17663807941e-06, 2.03298168344e-06, 6.80498487782e-06, 3.61639536095e-06, 1.83063036729e-06, 3.32046465701e-06, 8.307923963e-06, 7.55708515499e-06, 1.31583228722e-05, 1.55887501023e-05, 1.15779876069e-05, 1.31259712361e-05, 5.00626665598e-05, 0.000106267681986, 0.00116806162987, 0.0124549726024, 0.00770072592422, 0.00516466749832, 0.0153455846012, 0.00875441543758, 0.016770048067, 0.00832689087838, 0.00392081169412, 0.00146749475971, 0.00219910196029, 0.000335367483785, 3.17976300721e-05, 2.08340520658e-06],
        "stdev": [0.000113094320113, 0.000746402773075, 0.00305554177612, 0.00795728247613, 0.0150397187099, 0.0238175932318, 0.030066492036, 0.0354322977364, 0.0472385622561, 0.0441434159875, 0.102309271693, 0.203548207879, 0.165298432112, 0.150453031063, 0.247039213777, 0.29643830657, 0.425197631121, 0.435111135244, 0.672172367573, 0.843130111694, 1.10259902477, 1.43609380722, 2.12040734291, 2.78417873383, 3.34779047966, 7.03708410263, 16.3194732666, 260.543273926, 179.204406738, 156.160766602, 469.607452393, 147.65435791, 862.026672363, 327.065093994, 196.545425415, 50.284992218, 62.5310249329, 9.31293106079, 0.604982733727, 0.049521509558],
        "var": [1.27903252434e-08, 5.5711711866e-07, 9.33633600653e-06, 6.33183517493e-05, 0.000226193136768, 0.000567277777009, 0.000903993961401, 0.00125544762705, 0.0022314817179, 0.00194864114746, 0.0104671865702, 0.0414318740368, 0.0273235738277, 0.0226361136883, 0.0610283762217, 0.0878756642342, 0.18079303205, 0.189321711659, 0.451815724373, 0.710868358612, 1.21572458744, 2.06236553192, 4.49612760544, 7.75165176392, 11.207701683, 49.5205535889, 266.325195312, 67882.8046875, 32114.21875, 24386.1855469, 220531.171875, 21801.8105469, 743089.9375, 106971.578125, 38630.1054688, 2528.58032227, 3910.12890625, 86.730682373, 0.36600407958, 0.00245237979107]
    },
    "gfcc": {
        "mean": [-237.710830688, -281.06552124, -69.8212432861, 35.269115448, -71.3354568481, 34.510684967, -27.8126373291, 4.82674264908, -12.5049600601, 6.57716655731, -23.5128498077, 9.01554965973, -13.3279161453],
        "cov": [[12327.5058594, 615.112243652, 680.999633789, -836.738342285, -210.514205933, -199.357879639, -258.900817871, 14.4996585846, -282.870941162, 12.6895742416, 30.7738609314, -95.6340026855, 143.257949829], [615.112243652, 1418.53771973, 184.052490234, 30.9158439636, -51.3283004761, -66.1231765747, -129.809310913, -24.6256198883, -96.5538330078, -45.4012718201, -14.7940206528, -16.8480682373, 40.3654136658], [680.999633789, 184.052490234, 205.385101318, -32.6878242493, 4.76492834091, -30.7433853149, -36.0337333679, -10.4133749008, -30.0111484528, -13.1529254913, 1.33780038357, -2.91283464432, 6.79132699966], [-836.738342285, 30.9158439636, -32.6878242493, 146.978851318, 21.2175655365, 34.2840843201, 4.24349832535, -10.5384845734, 14.7170972824, -18.9347286224, -4.43336439133, 8.22291851044, -11.6480779648], [-210.514205933, -51.3283004761, 4.76492834091, 21.2175655365, 56.0364074707, 18.7736110687, 14.3957109451, 5.13946151733, 4.24625492096, -0.49213835597, -4.27227783203, -0.191152215004, -7.85512828827], [-199.357879639, -66.1231765747, -30.7433853149, 34.2840843201, 18.7736110687, 69.4875259399, 28.8543548584, -1.61267232895, 7.19330120087, -2.66507053375, -3.58226418495, 2.60830926895, -4.29167175293], [-258.900817871, -129.809310913, -36.0337333679, 4.24349832535, 14.3957109451, 28.8543548584, 54.6600074768, 15.0534582138, 17.9058609009, 7.87788105011, -7.27208518982, 0.976275146008, -7.84712362289], [14.4996585846, -24.6256198883, -10.4133749008, -10.5384845734, 5.13946151733, -1.61267232895, 15.0534582138, 44.944480896, 20.6150150299, 6.89650058746, 6.27100086212, -2.21943640709, -3.77387881279], [-282.870941162, -96.5538330078, -30.0111484528, 14.7170972824, 4.24625492096, 7.19330120087, 17.9058609009, 20.6150150299, 47.7945785522, 15.290222168, 1.94675660133, 2.57340288162, -7.23751306534], [12.6895742416, -45.4012718201, -13.1529254913, -18.9347286224, -0.49213835597, -2.66507053375, 7.87788105011, 6.89650058746, 15.290222168, 33.2838478088, 8.43477058411, -1.65428447723, -0.213541895151], [30.7738609314, -14.7940206528, 1.33780038357, -4.43336439133, -4.27227783203, -3.58226418495, -7.27208518982, 6.27100086212, 1.94675660133, 8.43477058411, 27.9381160736, 10.5733985901, 1.71766662598], [-95.6340026855, -16.8480682373, -2.91283464432, 8.22291851044, -0.191152215004, 2.60830926895, 0.976275146008, -2.21943640709, 2.57340288162, -1.65428447723, 10.5733985901, 24.1503047943, 7.19345521927], [143.257949829, 40.3654136658, 6.79132699966, -11.6480779648, -7.85512828827, -4.29167175293, -7.84712362289, -3.77387881279, -7.23751306534, -0.213541895151, 1.71766662598, 7.19345521927, 28.4139900208]],
        "icov": [[0.000210245518247, 7.69025791669e-05, -0.00047669390915, 0.000935124407988, 0.000490786449518, -0.000640895799734, 0.000923765997868, -0.000679685850628, 0.000768670521211, -0.000146074075019, 0.000225946991122, 0.000409185769968, -0.000390818779124], [7.69025791669e-05, 0.0012243904639, -0.000865052570589, -0.000745857192669, 0.0012101175962, -0.000370327295968, 0.00262232241221, -0.00212736544199, 0.00256715668365, -0.00097170972731, 0.00188822671771, 0.000194159874809, -0.00102255982347], [-0.00047669390915, -0.000865052570589, 0.0077488287352, -0.000101118355815, -0.00414944533259, 0.00287067866884, -0.000330408540322, 0.00261880736798, -0.00128538068384, 0.00269747641869, -0.00171391200274, -0.000930200214498, 0.00131378835067], [0.000935124407988, -0.000745857192669, -0.000101118355815, 0.015741404146, -0.00186060077976, -0.00657463772222, 0.00527681503445, 0.00252670119517, -0.00486727617681, 0.00773056969047, -0.00115919264499, -0.000555748527404, 0.00213666493073], [0.000490786449518, 0.0012101175962, -0.00414944533259, -0.00186060077976, 0.0245729554445, -0.00591391697526, 0.00109889346641, -0.00727593293414, 0.00655379286036, -0.00477949855849, 0.0063482769765, -0.00163914798759, 0.00293725403026], [-0.000640895799734, -0.000370327295968, 0.00287067866884, -0.00657463772222, -0.00591391697526, 0.0250884648412, -0.0160516910255, 0.00742033310235, -0.00258542667143, 0.00409255828708, -0.00591545412317, 0.00201416527852, -0.00169709417969], [0.000923765997868, 0.00262232241221, -0.000330408540322, 0.00527681503445, 0.00109889346641, -0.0160516910255, 0.04446625337, -0.0173980984837, 0.00580147327855, -0.010556589812, 0.0210596099496, -0.0098539525643, 0.00432823784649], [-0.000679685850628, -0.00212736544199, 0.00261880736798, 0.00252670119517, -0.00727593293414, 0.00742033310235, -0.0173980984837, 0.0415111891925, -0.0231125541031, 0.0121978288516, -0.0204580947757, 0.0114250555634, -0.000774416315835], [0.000768670521211, 0.00256715668365, -0.00128538068384, -0.00486727617681, 0.00655379286036, -0.00258542667143, 0.00580147327855, -0.0231125541031, 0.0465824082494, -0.0221410337836, 0.013946339488, -0.00946692191064, 0.0039957780391], [-0.000146074075019, -0.00097170972731, 0.00269747641869, 0.00773056969047, -0.00477949855849, 0.00409255828708, -0.010556589812, 0.0121978288516, -0.0221410337836, 0.0516242794693, -0.0246179830283, 0.0156958624721, -0.00509442342445], [0.000225946991122, 0.00188822671771, -0.00171391200274, -0.00115919264499, 0.0063482769765, -0.00591545412317, 0.0210596099496, -0.0204580947757, 0.013946339488, -0.0246179830283, 0.0655246451497, -0.0339041054249, 0.00806285813451], [0.000409185769968, 0.000194159874809, -0.000930200214498, -0.000555748527404, -0.00163914798759, 0.00201416527852, -0.0098539525643, 0.0114250555634, -0.00946692191064, 0.0156958624721, -0.0339041054249, 0.0676618739963, -0.0210707653314], [-0.000390818779124, -0.00102255982347, 0.00131378835067, 0.00213666493073, 0.00293725403026, -0.00169709417969, 0.00432823784649, -0.000774416315835, 0.0039957780391, -0.00509442342445, 0.00806285813451, -0.0210707653314, 0.0466535799205]]
    },
    "melbands": {
        "dmean": [3.94963194594e-07, 4.87487739065e-07, 5.61836145607e-07, 5.0466974244e-07, 3.7326597635e-07, 3.09664585529e-07, 2.89247765295e-07, 2.02059169396e-07, 3.28564880192e-07, 3.95929589558e-07, 2.55195317322e-07, 2.43935943445e-07, 3.19810595784e-07, 3.49820027168e-07, 3.21537925174e-07, 3.73659503339e-07, 3.11536808795e-07, 4.32218854485e-07, 4.37068337078e-07, 6.07452307122e-07, 6.15917201685e-07, 6.38077494841e-07, 7.24094491034e-07, 1.07998994281e-06, 1.22050664686e-06, 1.22233791444e-06, 1.63591300861e-06, 2.28643102673e-06, 3.97640087613e-06, 9.58969485509e-06, 0.000153701839736, 9.77691961452e-05, 2.62670055236e-05, 7.33647611924e-05, 0.000286049966235, 2.70486798399e-05, 4.73303371109e-05, 0.000513042323291, 0.000138597504701, 0.000220003115828],
        "dmean2": [7.75205023729e-07, 9.66646211964e-07, 1.11054532681e-06, 9.8921884728e-07, 7.31215436645e-07, 6.11372058756e-07, 5.6540289961e-07, 3.94635492285e-07, 6.29513294825e-07, 7.56732902119e-07, 4.97104792885e-07, 4.70820026521e-07, 6.21347794549e-07, 6.83708094584e-07, 6.25555799161e-07, 7.31061788883e-07, 6.07362551364e-07, 8.4504466713e-07, 8.39419897147e-07, 1.15657064725e-06, 1.17124614007e-06, 1.21616528759e-06, 1.37298604841e-06, 1.99476335183e-06, 2.22782227866e-06, 2.27364216698e-06, 3.02016655951e-06, 4.25988764619e-06, 7.22180448065e-06, 1.72107265826e-05, 0.000278030725894, 0.000175515902811, 4.59842667624e-05, 0.000130933112814, 0.000502115290146, 4.77135981782e-05, 8.32998703117e-05, 0.000910697039217, 0.000250600511208, 0.000397461233661],
        "dvar": [2.09598441034e-12, 3.8928144562e-12, 4.59504266234e-12, 3.67459795231e-12, 2.17009982033e-12, 1.22257076424e-12, 9.18539224716e-13, 4.19894154169e-13, 1.6430070195e-12, 3.03629430626e-12, 1.2435270912e-12, 6.13742780556e-13, 1.02770884251e-12, 1.38772110123e-12, 1.06101737639e-12, 2.26506183601e-12, 1.16470331643e-12, 2.35596264719e-12, 1.79058981184e-12, 2.652307627e-12, 3.99851462704e-12, 3.88557762354e-12, 7.44225861493e-12, 7.12068728634e-12, 8.68413674304e-12, 7.55265554958e-12, 1.67604732176e-11, 5.56231484483e-11, 9.51174486397e-11, 3.23831267357e-10, 9.81583028192e-08, 3.3633703822e-08, 1.43922274098e-09, 1.92004154798e-08, 2.33819662299e-07, 2.21013030099e-09, 7.98910892996e-09, 7.7623190009e-07, 8.00244635002e-08, 1.86120274748e-07],
        "dvar2": [6.10560430339e-12, 1.14550686645e-11, 1.34860759712e-11, 1.07514474754e-11, 6.3539703013e-12, 3.5682329487e-12, 2.63730899099e-12, 1.20786757332e-12, 4.59139670728e-12, 8.74136700524e-12, 3.65920271514e-12, 1.75565931151e-12, 2.95550324665e-12, 4.02428307691e-12, 3.05182485186e-12, 6.66560470014e-12, 3.4053901192e-12, 6.89211014648e-12, 5.1791604859e-12, 7.56639976368e-12, 1.16205049056e-11, 1.12485836617e-11, 2.18862133278e-11, 2.01768324271e-11, 2.46256643549e-11, 2.13731254917e-11, 4.78361308898e-11, 1.62372712498e-10, 2.7531207869e-10, 9.06997255079e-10, 2.74434029279e-07, 9.36378938832e-08, 3.87242593547e-09, 5.26952348423e-08, 6.24734070698e-07, 6.04168359786e-09, 2.16850608581e-08, 2.04270259019e-06, 2.17621320076e-07, 5.07379695591e-07],
        "max": [1.00069073596e-05, 1.68665355886e-05, 1.40199072121e-05, 1.20549075291e-05, 1.06537272586e-05, 6.97962968843e-06, 5.50120057596e-06, 3.71374426322e-06, 1.20796757983e-05, 1.43164188557e-05, 1.08949961941e-05, 5.5705968407e-06, 6.11738732914e-06, 7.27618271412e-06, 6.32350520391e-06, 1.45643743963e-05, 8.37194693304e-06, 1.12224934128e-05, 9.26372649701e-06, 9.29227280722e-06, 1.58739621838e-05, 1.43634188134e-05, 2.88337723759e-05, 1.52435923155e-05, 1.74600118044e-05, 1.68546175701e-05, 3.2710195228e-05, 7.90064150351e-05, 9.32031543925e-05, 0.000147149054101, 0.00285515934229, 0.00174328999128, 0.000234251841903, 0.00107731309254, 0.00347033375874, 0.000279939093161, 0.000588458264247, 0.00535180559382, 0.00206066202372, 0.00269367313012],
        "mean": [2.08327833207e-07, 2.49379581874e-07, 2.88725743758e-07, 2.63335692807e-07, 1.95029372208e-07, 1.59640364927e-07, 1.51822490579e-07, 1.06429979496e-07, 1.79093120778e-07, 2.166783446e-07, 1.3542336319e-07, 1.31861014552e-07, 1.7241980288e-07, 1.85118850027e-07, 1.73049215846e-07, 1.99276328772e-07, 1.67342506074e-07, 2.31370435699e-07, 2.42981627707e-07, 3.46378101312e-07, 3.52569884399e-07, 3.70599565258e-07, 4.25576985208e-07, 6.93758352099e-07, 8.117091852e-07, 7.48374816339e-07, 1.02940953184e-06, 1.43907652728e-06, 2.6001750939e-06, 6.29127589491e-06, 0.000102095815237, 6.81021192577e-05, 1.88568501471e-05, 5.01710492244e-05, 0.000201415314223, 1.95860193344e-05, 3.19963946822e-05, 0.000348771282006, 9.02293104446e-05, 0.000144046731293],
        "median": [2.00596961264e-09, 8.77203254479e-10, 5.03933783591e-10, 2.58297605527e-10, 2.58641302819e-10, 3.40695777146e-10, 4.32888613844e-10, 6.74382938382e-10, 1.13088693965e-09, 1.36609112911e-09, 1.73676195647e-09, 2.39986763795e-09, 2.54375298603e-09, 3.88955978536e-09, 5.79273695678e-09, 8.23698442787e-09, 7.5618284967e-09, 1.02235482302e-08, 1.58108761639e-08, 3.19696695783e-08, 3.51969298151e-08, 4.88693636669e-08, 5.52609975557e-08, 1.18049591435e-07, 1.71405361016e-07, 1.15043377491e-07, 1.65344346215e-07, 2.671955599e-07, 7.25252618849e-07, 1.63262564001e-06, 2.21104437514e-05, 1.88104622794e-05, 6.17384785073e-06, 1.13964160846e-05, 5.08833800268e-05, 6.10674533164e-06, 6.52769858789e-06, 7.16297436156e-05, 1.62419019034e-05, 2.66237111646e-05],
        "min": [1.47214060386e-10, 2.27063003816e-11, 7.7981831062e-12, 1.27782758333e-11, 1.31871041864e-11, 7.44619210041e-12, 1.22961207188e-11, 9.84704071755e-12, 9.73734287646e-12, 8.37103910495e-12, 5.35731745424e-12, 6.643716393e-12, 1.97832653037e-11, 1.84302833411e-11, 3.45142968025e-12, 4.51012577979e-12, 6.09665139553e-12, 1.39155614115e-11, 8.15092784934e-12, 1.31088967806e-11, 1.68577946741e-11, 1.83155574041e-11, 1.09710955598e-11, 7.70503539443e-12, 9.3224924308e-12, 2.52419873198e-11, 5.19482061534e-11, 5.38152127028e-11, 2.59102045375e-10, 1.58005686313e-09, 1.0260110983e-08, 5.31456523234e-09, 1.12318743195e-09, 3.629341494e-09, 1.15041256521e-08, 3.8106935385e-09, 5.8498290656e-09, 1.37738842554e-08, 6.34062180538e-09, 7.98783261757e-09],
        "stdev": [1.0565285038e-06, 1.42082205912e-06, 1.54780616413e-06, 1.39206633776e-06, 1.06982224679e-06, 8.03164653007e-07, 7.11527775366e-07, 4.79546940824e-07, 9.90685521174e-07, 1.30105649987e-06, 8.06578725587e-07, 5.8565120753e-07, 7.5087444884e-07, 8.63661000494e-07, 7.63306502449e-07, 1.08627170903e-06, 7.83861537457e-07, 1.11386725621e-06, 9.86864620245e-07, 1.22309211292e-06, 1.47236755765e-06, 1.45823662479e-06, 1.98313500732e-06, 2.06317508855e-06, 2.30110345001e-06, 2.10906978282e-06, 3.12142265102e-06, 5.4984398048e-06, 7.31147974875e-06, 1.41152540891e-05, 0.000244306633249, 0.000143990138895, 3.22886917274e-05, 0.000111627006845, 0.000403694692068, 3.87102772947e-05, 7.34551431378e-05, 0.000743895070627, 0.000228818302276, 0.000348602916347],
