{
"lowlevel": {
    "average_loudness": 0.99068403244,
    "barkbands_crest": {
        "dmean": 2.40764760971,
        "dmean2": 3.97225999832,
        "dvar": 10.1715717316,
        "dvar2": 26.3072814941,
        "max": 22.2752914429,
        "mean": 10.8149766922,
        "median": 10.3241758347,
        "min": 3.56352066994,
        "stdev": 3.68937349319,
        "var": 13.6114759445
    },
    "barkbands_flatness_db": {
        "dmean": 0.0229929350317,
        "dmean2": 0.0350983478129,
        "dvar": 0.000836660270579,
        "dvar2": 0.00199475954287,
        "max": 0.370469748974,
        "mean": 0.259170562029,
        "median": 0.261979401112,
        "min": 0.0617048256099,
        "stdev": 0.0390847213566,
        "var": 0.00152761535719
    },
    "barkbands_kurtosis": {
        "dmean": 1.64557540417,
        "dmean2": 2.22656106949,
        "dvar": 48.7512016296,
        "dvar2": 55.5955200195,
        "max": 56.1907653809,
        "mean": 0.384715139866,
        "median": -0.727059483528,
        "min": -1.41007006168,
        "stdev": 6.93892669678,
        "var": 48.1487007141
    },
    "barkbands_skewness": {
        "dmean": 0.502974569798,
        "dmean2": 0.801738917828,
        "dvar": 1.03875505924,
        "dvar2": 1.88496887684,
        "max": 6.42488622665,
        "mean": 0.141804814339,
        "median": -0.138661921024,
        "min": -0.927110850811,
        "stdev": 0.97061085701,
        "var": 0.942085385323
    },
    "barkbands_spread": {
        "dmean": 7.54601573944,
        "dmean2": 12.4998378754,
        "dvar": 111.256752014,
        "dvar2": 190.132110596,
        "max": 95.3888015747,
        "mean": 27.4288082123,
        "median": 25.9656791687,
        "min": 3.26750826836,
        "stdev": 12.1379613876,
        "var": 147.330108643
    },
    "dissonance": {
        "dmean": 0.0117523474619,
        "dmean2": 0.0197651889175,
        "dvar": 0.000290243886411,
        "dvar2": 0.000814286759123,
        "max": 0.496868908405,
        "mean": 0.466723680496,
        "median": 0.47171613574,
        "min": 0.37205311656,
        "stdev": 0.0214672926813,
        "var": 0.000460844661575
    },
    "dynamic_complexity": 15.3544111252,
    "erbbands_crest": {
        "dmean": 0.71222782135,
        "dmean2": 1.04582238197,
        "dvar": 0.888231098652,
        "dvar2": 1.13547980785,
        "max": 13.7257871628,
        "mean": 9.62719154358,
        "median": 8.7487487793,
        "min": 4.0932559967,
        "stdev": 2.98604249954,
        "var": 8.91645050049
    },
    "erbbands_flatness_db": {
        "dmean": 0.0142423743382,
        "dmean2": 0.017362114042,
        "dvar": 0.000845496426336,
        "dvar2": 0.000594467681367,
        "max": 0.35095089674,
        "mean": 0.315144240856,
        "median": 0.324520945549,
        "min": 0.0772336423397,
        "stdev": 0.0480237007141,
        "var": 0.00230627576821
    },
    "erbbands_kurtosis": {
        "dmean": 0.177574083209,
        "dmean2": 0.204951867461,
        "dvar": 0.14930652082,
        "dvar2": 0.128734916449,
        "max": 2.18930482864,
        "mean": -0.892860293388,
        "median": -1.11967372894,
        "min": -1.48757255077,
        "stdev": 0.729793488979,
        "var": 0.532598495483
    },
    "erbbands_skewness": {
        "dmean": 0.106050297618,
        "dmean2": 0.144008919597,
        "dvar": 0.021537495777,
        "dvar2": 0.0290615577251,
        "max": 0.640593111515,
        "mean": -0.147689893842,
        "median": -0.116539537907,
        "min": -1.16410934925,
        "stdev": 0.240102007985,
        "var": 0.0576489716768
    },
    "erbbands_spread": {
        "dmean": 1.43225860596,
        "dmean2": 1.60514187813,
        "dvar": 8.50874423981,
        "dvar2": 3.79162931442,
        "max": 43.374622345,
        "mean": 25.8262710571,
        "median": 25.7213516235,
        "min": 13.465262413,
        "stdev": 5.14260339737,
        "var": 26.4463691711
    },
    "hfc": {
        "dmean": 3.00793910027,
        "dmean2": 3.63225269318,
        "dvar": 112.319526672,
        "dvar2": 159.614227295,
        "max": 100.758277893,
        "mean": 9.20561981201,
        "median": 0.122963055968,
        "min": 1.22409291592e-08,
        "stdev": 23.3042087555,
        "var": 543.086181641
    },
    "loudness_ebu128": {
        "integrated": -16.9944839478,
        "loudness_range": 0,
        "momentary": {
            "dmean": 2.95335769653,
            "dmean2": 0.54765856266,
            "dvar": 1.23373448849,
            "dvar2": 0.452053904533,
            "max": -12.5046749115,
            "mean": -32.7190208435,
            "median": -35.1298980713,
            "min": -47.9449691772,
            "stdev": 11.0662527084,
            "var": 122.46194458
        },
        "short_term": {
            "dmean": 0,
            "dmean2": 0,
            "dvar": 0,
            "dvar2": 0,
            "max": -21.1610546112,
            "mean": -21.1610546112,
            "median": -21.1610546112,
            "min": -21.1610546112,
            "stdev": 0,
            "var": 0
        }
    },
    "melbands_crest": {
        "dmean": 2.27853417397,
        "dmean2": 3.34514212608,
        "dvar": 18.1905784607,
        "dvar2": 35.2367134094,
        "max": 31.1669769287,
        "mean": 14.6566076279,
        "median": 14.0885620117,
        "min": 5.71260499954,
        "stdev": 4.69971942902,
        "var": 22.0873622894
    },
    "melbands_flatness_db": {
        "dmean": 0.0189396515489,
        "dmean2": 0.0246396809816,
        "dvar": 0.00135724293068,
        "dvar2": 0.00179051340092,
        "max": 0.372965782881,
        "mean": 0.241276487708,
        "median": 0.233249038458,
        "min": 0.0673962980509,
        "stdev": 0.0574911274016,
        "var": 0.00330522982404
    },
    "melbands_kurtosis": {
        "dmean": 1.37503767014,
        "dmean2": 1.75999546051,
        "dvar": 42.3290977478,
        "dvar2": 46.9253921509,
        "max": 52.7427062988,
        "mean": 1.01597368717,
        "median": 0.00186991691589,
        "min": -0.851787090302,
        "stdev": 6.41190671921,
        "var": 41.1125488281
    },
    "melbands_skewness": {
        "dmean": 0.360709756613,
        "dmean2": 0.499050617218,
        "dvar": 0.542058646679,
        "dvar2": 0.70315092802,
        "max": 5.97768735886,
        "mean": 0.823763012886,
        "median": 0.699190497398,
        "min": -0.228823408484,
        "stdev": 0.768774747849,
        "var": 0.591014623642
    },
    "melbands_spread": {
        "dmean": 7.56693601608,
        "dmean2": 10.9125452042,
        "dvar": 222.252075195,
        "dvar2": 342.203369141,
        "max": 135.612991333,
        "mean": 42.1821594238,
        "median": 43.1510925293,
        "min": 3.83991956711,
        "stdev": 15.1846323013,
        "var": 230.573043823
    },
    "pitch_salience": {
        "dmean": 0.0654569417238,
        "dmean2": 0.102452658117,
        "dvar": 0.0074653821066,
        "dvar2": 0.0129065662622,
        "max": 0.83867162466,
        "mean": 0.515683472157,
        "median": 0.509022116661,
        "min": 0.265334933996,
        "stdev": 0.0967070236802,
        "var": 0.00935224909335
    },
    "silence_rate_20dB": {
        "dmean": 0,
        "dmean2": 0,
        "dvar": 0,
        "dvar2": 0,
        "max": 1,
        "mean": 1,
        "median": 1,
        "min": 1,
        "stdev": 0,
        "var": 0
    },
    "silence_rate_30dB": {
        "dmean": 0,
        "dmean2": 0,
        "dvar": 0,
        "dvar2": 0,
        "max": 1,
        "mean": 1,
        "median": 1,
        "min": 1,
        "stdev": 0,
        "var": 0
    },
    "silence_rate_60dB": {
        "dmean": 0.0298507455736,
        "dmean2": 0.0454545468092,
        "dvar": 0.0289597027004,
        "dvar2": 0.0433884449303,
        "max": 1,
        "mean": 0.823529422283,
        "median": 1,
        "min": 0,
        "stdev": 0.381220430136,
        "var": 0.145329013467
    },
    "spectral_centroid": {
        "dmean": 125.443603516,
        "dmean2": 164.988220215,
        "dvar": 91009.3671875,
        "dvar2": 92285.9296875,
        "max": 3279.29589844,
        "mean": 2345.75854492,
        "median": 2427.13964844,
        "min": 570.838806152,
        "stdev": 522.742736816,
        "var": 273259.96875
    },
    "spectral_complexity": {
        "dmean": 1.31343281269,
        "dmean2": 1.40909087658,
        "dvar": 10.4241456985,
        "dvar2": 10.3932495117,
        "max": 36,
        "mean": 5.38235282898,
        "median": 0,
        "min": 0,
        "stdev": 10.3895168304,
        "var": 107.942054749
    },
    "spectral_decrease": {
        "dmean": 1.96611116277e-10,
        "dmean2": 2.79769984957e-10,
        "dvar": 5.60522760376e-19,
        "dvar2": 9.75518705007e-19,
        "max": -6.82472149853e-20,
        "mean": -6.12837891545e-10,
        "median": -1.96485015758e-11,
        "min": -6.39612585118e-09,
        "stdev": 1.472814537e-09,
        "var": 2.16918251513e-18
    },
    "spectral_energy": {
        "dmean": 0.0010026023956,
        "dmean2": 0.0013678240357,
        "dvar": 1.42622657222e-05,
        "dvar2": 2.36744508584e-05,
        "max": 0.0332795493305,
        "mean": 0.00314796669409,
        "median": 8.53107776493e-05,
        "min": 1.36786838367e-12,
        "stdev": 0.00766464136541,
        "var": 5.87467256992e-05
    },
    "spectral_energyband_high": {
        "dmean": 0.000183714641025,
        "dmean2": 0.000236680571106,
        "dvar": 3.22887274251e-07,
        "dvar2": 4.6741175197e-07,
        "max": 0.00565708288923,
        "mean": 0.000567406066693,
        "median": 1.37531765176e-06,
        "min": 8.1864934753e-13,
        "stdev": 0.00141055043787,
        "var": 1.98965244635e-06
    },
    "spectral_energyband_low": {
        "dmean": 3.06252036353e-06,
        "dmean2": 5.14659359396e-06,
        "dvar": 9.77376166111e-12,
        "dvar2": 2.95671681583e-11,
        "max": 1.74411707121e-05,
        "mean": 3.6836649997e-06,
        "median": 2.62673734142e-06,
        "min": 2.02575288358e-13,
        "stdev": 3.46297701981e-06,
        "var": 1.19922093089e-11
    },
    "spectral_energyband_middle_high": {
        "dmean": 0.000796520442236,
        "dmean2": 0.00111160858069,
        "dvar": 9.91788783722e-06,
        "dvar2": 1.61720563483e-05,
        "max": 0.0266830250621,
        "mean": 0.00221288227476,
        "median": 3.93082300434e-05,
        "min": 1.2683390037e-13,
        "stdev": 0.00590505450964,
        "var": 3.48696703441e-05
    },
    "spectral_energyband_middle_low": {
        "dmean": 0.000129717373056,
        "dmean2": 0.000126560029457,
        "dvar": 7.9739798764e-08,
        "dvar2": 1.81072650207e-07,
        "max": 0.00281498720869,
        "mean": 0.00036035827361,
        "median": 3.03388987959e-05,
        "min": 6.24349679487e-14,
        "stdev": 0.000678802898619,
        "var": 4.60773406985e-07
    },
    "spectral_entropy": {
        "dmean": 0.0796275511384,
        "dmean2": 0.103054642677,
        "dvar": 0.0409752838314,
        "dvar2": 0.0536143183708,
        "max": 8.23099136353,
        "mean": 6.94244289398,
        "median": 6.92965888977,
        "min": 6.06619024277,
        "stdev": 0.648514807224,
        "var": 0.420571446419
    },
    "spectral_flux": {
        "dmean": 0.00477353250608,
        "dmean2": 0.0045212819241,
        "dvar": 0.000147222410305,
        "dvar2": 0.000152281470946,
        "max": 0.138093918562,
        "mean": 0.0161394942552,
        "median": 0.00328406551853,
        "min": 0.000442754768301,
        "stdev": 0.0292704347521,
        "var": 0.000856758386362
    },
    "spectral_kurtosis": {
        "dmean": 3.63098955154,
        "dmean2": 6.59210348129,
        "dvar": 12.3954019547,
        "dvar2": 43.6158027649,
        "max": 22.4711322784,
        "mean": 7.5143904686,
        "median": 5.97435522079,
        "min": 2.39172363281,
        "stdev": 4.63928890228,
        "var": 21.5230026245
    },
    "spectral_rms": {
        "dmean": 0.000178676331416,
        "dmean2": 0.000173719919985,
        "dvar": 2.58638408468e-07,
        "dvar2": 2.52883154417e-07,
        "max": 0.00569805689156,
        "mean": 0.000969742250163,
        "median": 0.000288492592517,
        "min": 3.65308885364e-08,
        "stdev": 0.00145972170867,
        "var": 2.13078737943e-06
    },
    "spectral_rolloff": {
        "dmean": 705.132080078,
        "dmean2": 988.569702148,
        "dvar": 5446224,
        "dvar2": 6676114,
        "max": 18992.2851562,
        "mean": 3134.98071289,
        "median": 3025.41503906,
        "min": 43.06640625,
        "stdev": 2256.20483398,
        "var": 5090460.5
    },
    "spectral_skewness": {
        "dmean": 0.320483654737,
        "dmean2": 0.57777929306,
        "dvar": 0.086706571281,
        "dvar2": 0.310806065798,
        "max": 2.55665659904,
        "mean": 1.39750123024,
        "median": 1.32142174244,
        "min": 0.851901888847,
        "stdev": 0.371118336916,
        "var": 0.13772881031
    },
    "spectral_spread": {
        "dmean": 343348.65625,
        "dmean2": 407242.71875,
        "dvar": 1.67906443264e+12,
        "dvar2": 1.20202081075e+12,
        "max": 14046196,
        "mean": 2601775.75,
        "median": 2165709.5,
        "min": 1704797.75,
        "stdev": 1570425,
        "var": 2.46623476122e+12
    },
    "spectral_strongpeak": {
        "dmean": 0.300780981779,
        "dmean2": 0.503597199917,
        "dvar": 0.800784766674,
        "dvar2": 2.06804275513,
        "max": 7.27451848984,
        "mean": 0.633442878723,
        "median": 0.135121166706,
        "min": 0,
        "stdev": 1.33337473869,
        "var": 1.77788817883
    },
    "zerocrossingrate": {
        "dmean": 0.0154573814943,
        "dmean2": 0.0149443652481,
        "dvar": 0.00291472417302,
        "dvar2": 0.00263130222447,
        "max": 0.49853515625,
        "mean": 0.0960980579257,
        "median": 0.084716796875,
        "min": 0,
        "stdev": 0.0618550851941,
        "var": 0.00382605148479
    },
    "barkbands": {
        "dmean": [1.03460024548e-05, 5.10357608619e-07, 1.3026879131e-08, 6.66678579009e-09, 3.2597835542e-08, 1.92866721704e-07, 7.48572688281e-07, 2.43116810452e-05, 0.000108100670332, 2.18619402403e-06, 1.75917296019e-06, 1.60463387147e-05, 2.44435832428e-05, 0.000166390338563, 0.000143720360938, 0.000166763013112, 0.000283761881292, 0.000174876593519, 0.000199642032385, 5.10270037921e-05, 0.00011127864127, 5.5514905398e-05, 3.52548267983e-05, 2.5167795684e-05, 6.93017136655e-06, 1.13644864541e-06, 3.45431807602e-08],
        "dmean2": [1.93230862351e-05, 9.01596195035e-07, 1.85560793398e-08, 9.88332082841e-09, 4.45143051309e-08, 2.81319898932e-07, 1.04711671156e-06, 4.13811721955e-05, 9.46776926867e-05, 2.86513022729e-06, 1.88984404303e-06, 1.89639577002e-05, 2.94423170999e-05, 0.000254670536378, 0.000244659837335, 0.00022459574393, 0.000365250773029, 0.000262769026449, 0.000291234289762, 7.34660352464e-05, 0.000160735799, 5.78021390538e-05, 3.57616845577e-05, 2.20412712224e-05, 7.81854487286e-06, 1.14065551315e-06, 4.87721187881e-08],
        "dvar": [1.01378051787e-10, 2.82787926105e-13, 1.52045939807e-15, 3.93308790569e-16, 1.44078542499e-14, 8.5735617824e-13, 1.50600885929e-11, 1.21713741308e-08, 5.31646549007e-08, 1.20500331935e-10, 6.51337872526e-11, 5.10491382499e-09, 3.9960355025e-09, 3.88229409509e-07, 2.213420629e-07, 4.37488012039e-07, 9.14841336908e-07, 3.45971585602e-07, 3.94543519633e-07, 3.63349030863e-08, 1.06932567689e-07, 1.90555322632e-08, 8.5274107775e-09, 4.39560432497e-09, 3.12105591371e-10, 1.42661221378e-11, 1.88785856251e-14],
        "dvar2": [3.13675835306e-10, 6.54300073323e-13, 3.33693372955e-15, 9.00833409569e-16, 3.21295826045e-14, 2.10962323999e-12, 3.50666683191e-11, 2.33832775365e-08, 9.44943536751e-08, 2.71674516217e-10, 1.14477004265e-10, 5.34323119084e-09, 9.52322842807e-09, 8.12650057469e-07, 5.45772479654e-07, 9.4521834626e-07, 1.90092373487e-06, 5.95002802584e-07, 7.19036222563e-07, 6.37785575464e-08, 2.73310348575e-07, 1.93337648113e-08, 9.05008867846e-09, 3.27146043588e-09, 5.66427349469e-10, 1.71032910057e-11, 4.24398777026e-14],
        "max": [5.38627136848e-05, 1.89458808109e-06, 1.86459402585e-07, 1.00971988104e-07, 9.57611405283e-07, 6.40813277641e-06, 2.50408029387e-05, 0.0007572240429, 0.0027753317263, 7.23503326299e-05, 5.86083842791e-05, 0.000533006328624, 0.000452936277725, 0.00473240204155, 0.00336130731739, 0.00521205971017, 0.0085871424526, 0.00557927927002, 0.00607588374987, 0.00158498622477, 0.00259427609853, 0.00173022341914, 0.00107831752393, 0.000800910231192, 0.00019305209571, 3.80488127121e-05, 1.15613363505e-06],
        "mean": [9.50935100263e-06, 4.74318937904e-07, 1.14599991718e-08, 5.38906519409e-09, 3.11805763431e-08, 1.37270816936e-07, 5.17189164384e-07, 3.73101138393e-05, 0.000322178093484, 1.69901954905e-06, 1.8939099391e-06, 2.93315461022e-05, 4.28239254688e-05, 0.000273372977972, 0.000335410208208, 0.000222264454351, 0.000394843722461, 0.00035333543201, 0.000440988311311, 0.000140649848618, 0.000213090446778, 0.000145754136611, 9.3689566711e-05, 6.91549576004e-05, 1.68714286701e-05, 2.56624116446e-06, 5.66796813928e-08],
        "median": [6.51904201732e-06, 2.67097561846e-07, 1.26777854881e-09, 8.60482018972e-10, 4.14151024586e-09, 1.81970605251e-09, 1.07247477565e-09, 1.72910863405e-09, 3.03314609482e-05, 3.48736151068e-08, 6.81297009919e-08, 4.86135292022e-08, 6.732512702e-06, 1.72638692675e-07, 1.06742663775e-05, 2.71496361393e-07, 4.33289551438e-06, 4.21360800829e-06, 6.72533496981e-06, 4.28433668276e-06, 2.60970978161e-07, 7.75437229095e-07, 1.4803750048e-07, 1.24157423897e-07, 1.52742640758e-09, 2.33573022035e-10, 1.49686069095e-10],
        "min": [1.21571725126e-13, 1.11143841526e-13, 2.50683093804e-14, 1.40238467811e-14, 2.31951468395e-14, 1.17134526091e-14, 3.94752208826e-15, 1.9717137655e-15, 7.13577570107e-15, 2.63753100171e-15, 2.08674486314e-15, 7.0454692834e-15, 6.24382586717e-15, 4.48436479397e-15, 9.49589917739e-15, 1.43261054061e-14, 1.66250426105e-14, 6.5202961506e-15, 3.7764005112e-14, 4.55211091261e-14, 5.10434386815e-14, 4.55876249294e-14, 5.99017837828e-14, 1.31472252789e-13, 1.35512220477e-13, 1.62320813258e-13, 2.20885159122e-13],
        "stdev": [1.05486424218e-05, 5.04734032347e-07, 3.53244153928e-08, 1.69290004237e-08, 1.26704364334e-07, 8.15712439817e-07, 3.0735159271e-06, 0.000148561695823, 0.000645056192297, 8.94050663192e-06, 8.11515928945e-06, 0.000105689243355, 8.73611934367e-05, 0.000886236608494, 0.000810004363302, 0.000783009629231, 0.0012473592069, 0.00104154250585, 0.00114946905524, 0.000339655787684, 0.000548012030777, 0.000369777961168, 0.000226774616749, 0.000179006354301, 4.19524585595e-05, 7.65936420066e-06, 1.93019729977e-07],
        "var": [1.11273865122e-10, 2.54756421037e-13, 1.24781431542e-15, 2.86591030135e-16, 1.60539950203e-14, 6.65386799478e-13, 9.44650000584e-12, 2.20705782539e-08, 4.16097492462e-07, 7.99326507761e-11, 6.58558069189e-11, 1.11702158634e-08, 7.63197771647e-09, 7.85415295468e-07, 6.56107033592e-07, 6.13104077729e-07, 1.55590487338e-06, 1.08481083316e-06, 1.32127911456e-06, 1.15366049158e-07, 3.00317168467e-07, 1.36735749834e-07, 5.14267242124e-08, 3.20432747003e-08, 1.76000869434e-09, 5.86658638335e-11, 3.72566188241e-14]
    },
    "erbbands": {
        "dmean": [5.48148418602e-05, 2.52328281931e-05, 1.51499807544e-05, 1.97679964913e-05, 2.07729317481e-05, 0.000104556333099, 0.000520943489391, 0.00213564164005, 0.00421275524423, 0.0721141472459, 1.71821701527, 1.97214365005, 0.0905621498823, 0.110834717751, 0.164164692163, 0.832283973694, 1.02225935459, 7.59467601776, 6.84479141235, 8.87904834747, 6.38018417358, 9.83056259155, 10.3780012131, 12.5301856995, 7.89724683762, 2.96167802811, 4.99220848083, 2.3143594265, 2.15700960159, 1.75950789452, 0.985071182251, 0.785459756851, 0.362977266312, 0.0996734648943, 0.0454432964325, 0.00912378355861, 0.00159436243121, 0.000110158151074, 6.82149993736e-06, 1.99487726604e-06],
        "dmean2": [9.0559165983e-05, 4.0881222958e-05, 2.10383623198e-05, 2.94917899737e-05, 3.24296852341e-05, 0.000134941015858, 0.000771392718889, 0.00320244650356, 0.00529343588278, 0.099791020155, 2.15080142021, 1.44593751431, 0.0748479813337, 0.129122421145, 0.161917120218, 1.000846982, 1.36991858482, 13.2284393311, 10.476436615, 13.9636116028, 10.5877666473, 12.2064971924, 12.8841104507, 18.1496448517, 10.1261672974, 4.18354320526, 7.37821245193, 3.6257314682, 2.48463821411, 2.62532424927, 1.11847126484, 0.738409817219, 0.386467754841, 0.103938378394, 0.0577793158591, 0.00916119385511, 0.00173118046951, 0.000139483527164, 7.2850534707e-06, 2.38012762566e-06],
        "dvar": [2.76294298551e-09, 1.30568844625e-09, 2.13473594357e-09, 3.58355634056e-09, 2.99835645201e-09, 1.31471310283e-07, 5.50768390895e-06, 0.000104843944428, 0.000286273600068, 0.0826604217291, 21.5830154419, 15.2947273254, 0.0356225632131, 0.278648555279, 0.554456591606, 10.1499757767, 8.79940795898, 735.495056152, 689.30645752, 1018.45172119, 604.973327637, 1157.30725098, 1315.37145996, 1837.04309082, 516.862609863, 110.526374817, 213.262969971, 52.5937843323, 26.6322040558, 33.1003646851, 6.853266716, 3.67148423195, 0.883912682533, 0.0589503310621, 0.0166781693697, 0.000919725571293, 2.73547102552e-05, 1.79265725819e-07, 6.36331431991e-10, 4.98523791692e-11],
        "dvar2": [7.87257192769e-09, 2.80775447337e-09, 4.58110260837e-09, 8.19033108002e-09, 6.99778235358e-09, 2.72104642818e-07, 1.35703767228e-05, 0.000265338487225, 0.00046603824012, 0.11539786309, 54.5376625061, 21.742811203, 0.0584839619696, 0.563539206982, 0.950506806374, 10.4610939026, 20.2019939423, 1828.23095703, 1575.52539062, 2442.17578125, 1305.51013184, 2101.11694336, 2231.02148438, 3722.39501953, 985.212158203, 195.150878906, 506.767059326, 121.691940308, 29.1245517731, 57.3513641357, 10.7686042786, 3.93906831741, 1.67133271694, 0.101187758148, 0.0340486727655, 0.00115146231838, 3.10797149723e-05, 3.07606512706e-07, 1.0142688911e-09, 7.09113323616e-11],
        "max": [0.000239028726355, 0.00019077550678, 0.000228188087931, 0.000291442818707, 0.000321500236169, 0.00299351103604, 0.0168393794447, 0.0706952512264, 0.120827533305, 2.0050265789, 33.6577072144, 54.299118042, 1.864174366, 3.66944742203, 5.47836971283, 25.2917938232, 25.4635181427, 189.896484375, 214.39465332, 253.271347046, 199.229187012, 312.877746582, 339.104003906, 362.083679199, 221.00642395, 87.5293960571, 111.751190186, 59.204208374, 62.5898361206, 57.2623329163, 30.3918590546, 21.7315578461, 10.5560703278, 2.68788671494, 1.19250094891, 0.305578380823, 0.0534091629088, 0.00368971284479, 0.000228368851822, 6.67424610583e-05],
        "mean": [6.01426327194e-05, 2.42614314629e-05, 1.44836885738e-05, 1.76611683855e-05, 2.61888853856e-05, 0.000105554638139, 0.000404979713494, 0.00158730940893, 0.00553826102987, 0.127674654126, 3.67728352547, 6.69023513794, 0.269972503185, 0.109189465642, 0.181224316359, 1.65197789669, 2.21477866173, 12.4231643677, 12.8604011536, 17.8027248383, 13.462471962, 15.33614254, 16.7216854095, 27.7955760956, 16.5859355927, 7.72877883911, 9.01274871826, 6.01478767395, 5.36725234985, 4.27237033844, 2.44760203362, 2.09275507927, 0.7882848382, 0.266984730959, 0.0855497941375, 0.0217050742358, 0.00308560603298, 0.00022818997968, 1.61749212566e-05, 6.16135912423e-06],
        "median": [4.35676774941e-05, 1.50856430992e-05, 3.2627579003e-06, 2.97522842629e-06, 1.06830138975e-05, 1.2594886357e-05, 2.51254132309e-05, 2.01272887352e-05, 0.000111513953016, 0.00235644355416, 0.146685883403, 0.825405418873, 0.0385521799326, 0.00444955006242, 0.00492140650749, 0.0468598753214, 0.389994323254, 0.0273578930646, 0.116396233439, 0.566747307777, 0.0863753557205, 0.205036014318, 0.30039781332, 0.481435388327, 0.132535159588, 0.217900335789, 0.0179516896605, 0.0174590833485, 0.0347812771797, 0.00299220113084, 0.00437063444406, 0.00508468132466, 0.000747572805267, 5.69559488213e-05, 9.2004192993e-06, 1.96762630367e-06, 3.53645702944e-07, 1.25444103105e-07, 9.23692482502e-08, 1.14355231062e-07],
        "min": [5.1254122474e-12, 1.8423929049e-11, 3.12208280062e-11, 3.99278630991e-11, 6.30115126743e-11, 7.91673532285e-11, 8.30982366251e-11, 9.86665540936e-11, 7.0224652482e-11, 4.18188920992e-11, 7.25926124767e-11, 1.75072414899e-10, 8.1821140141e-11, 6.80802011988e-11, 1.85254894758e-10, 2.69489069948e-10, 2.83548934332e-10, 2.7685725934e-10, 2.80049233803e-10, 5.46943046409e-10, 9.90434956272e-10, 8.02521216148e-10, 4.75313954862e-10, 8.59860571634e-10, 2.45775089169e-09, 2.17706119798e-09, 2.37265918024e-09, 1.81665571475e-09, 2.05613526205e-09, 1.97591165652e-09, 1.4451581043e-09, 2.88104806678e-09, 1.92734783688e-09, 5.09229880485e-10, 1.56787405281e-09, 5.53298074024e-10, 4.18021256499e-10, 7.2398156914e-11, 2.02190104936e-11, 4.80550148285e-12],
        "stdev": [5.56810628041e-05, 3.18638703902e-05, 4.04761522077e-05, 5.18660854141e-05, 5.71004857193e-05, 0.00040699847159, 0.00212565949187, 0.00891364086419, 0.0188043806702, 0.369462609291, 7.6579284668, 12.6664819717, 0.455586969852, 0.471127271652, 0.770934104919, 4.96408224106, 4.59428834915, 38.3470497131, 37.4456596375, 45.0924873352, 36.6180648804, 47.6511383057, 54.7032966614, 73.3675537109, 43.487701416, 19.1988754272, 23.4502124786, 14.8686494827, 13.496430397, 11.8273239136, 5.80814886093, 5.10125684738, 2.09739303589, 0.653141975403, 0.239950805902, 0.0631684586406, 0.0097572049126, 0.000715634028893, 4.72291103506e-05, 1.53994733409e-05],
        "var": [3.10038084095e-09, 1.01530617247e-09, 1.63831881395e-09, 2.69009081677e-09, 3.26046567523e-09, 1.65647747963e-07, 4.51842788607e-06, 7.94529987616e-05, 0.000353604758857, 0.136502623558, 58.6438713074, 160.439758301, 0.207559481263, 0.221960902214, 0.594339370728, 24.6421146393, 21.1074867249, 1470.49621582, 1402.17749023, 2033.33251953, 1340.8828125, 2270.63085938, 2992.45068359, 5382.79833984, 1891.18005371, 368.596801758, 549.912475586, 221.07673645, 182.153625488, 139.8855896, 33.7345924377, 26.022819519, 4.39905738831, 0.426594436169, 0.0575763881207, 0.00399025389925, 9.52030532062e-05, 5.12132032782e-07, 2.23058882476e-09, 2.37143804593e-10]
    },
    "gfcc": {
        "mean": [-355.108703613, 4.98139858246, -232.494445801, 25.0673007965, -48.805015564, 15.4200744629, 0.600215673447, 43.7370910645, 28.9654903412, 10.0996589661, -7.27856349945, -22.2049999237, -13.9541854858],
        "cov": [[35450.9179688, -10351.2675781, -5970.125, 96.4580535889, -4703.36035156, 1651.50463867, -2080.45458984, 1292.07751465, 697.475158691, 1492.04992676, 77.7326812744, -429.412475586, -782.892028809], [-10351.2675781, 5092.28759766, 1466.26977539, -114.601593018, 1948.56481934, -728.463989258, 943.215332031, -405.955230713, -176.726776123, -640.483276367, -59.9482803345, 117.630126953, 257.517486572], [-5970.125, 1466.26977539, 1865.01782227, -112.954986572, 828.92980957, -311.895751953, 55.6334190369, -326.386047363, -387.190460205, -137.728088379, -122.597145081, 249.534927368, 152.98274231], [96.4580535889, -114.601593018, -112.954986572, 129.376098633, -95.5762557983, 120.532836914, 65.335723877, 36.6149520874, 76.5949325562, -40.3132400513, 68.7555618286, -43.9719619751, 3.59178090096], [-4703.36035156, 1948.56481934, 828.92980957, -95.5762557983, 944.988037109, -358.697814941, 319.644317627, -196.814697266, -150.892471313, -197.736663818, -88.7557373047, 80.6941680908, 82.6037826538], [1651.50463867, -728.463989258, -311.895751953, 120.532836914, -358.697814941, 231.252471924, -61.5224609375, 95.141960144, 86.4827194214, 44.1395721436, 81.9144515991, -39.1297988892, -23.4703102112], [-2080.45458984, 943.215332031, 55.6334190369, 65.335723877, 319.644317627, -61.5224609375, 296.258483887, -21.534942627, 75.9187850952, -156.565505981, 49.1359634399, -38.1483573914, 47.1369476318], [1292.07751465, -405.955230713, -326.386047363, 36.6149520874, -196.814697266, 95.141960144, -21.534942627, 142.286193848, 115.087181091, 64.8100357056, 4.43874263763, -56.5362892151, -25.3600635529], [697.475158691, -176.726776123, -387.190460205, 76.5949325562, -150.892471313, 86.4827194214, 75.9187850952, 115.087181091, 160.882461548, 0.0938379094005, 46.1650314331, -87.237991333, -14.3325300217], [1492.04992676, -640.483276367, -137.728088379, -40.3132400513, -197.736663818, 44.1395721436, -156.565505981, 64.8100357056, 0.0938379094005, 134.593582153, -34.1172561646, 9.53873538971, -35.6833610535], [77.7326812744, -59.9482803345, -122.597145081, 68.7555618286, -88.7557373047, 81.9144515991, 49.1359634399, 4.43874263763, 46.1650314331, -34.1172561646, 87.155632019, -7.13511753082, 18.0721187592], [-429.412475586, 117.630126953, 249.534927368, -43.9719619751, 80.6941680908, -39.1297988892, -38.1483573914, -56.5362892151, -87.237991333, 9.53873538971, -7.13511753082, 83.1741485596, 26.2785987854], [-782.892028809, 257.517486572, 152.98274231, 3.59178090096, 82.6037826538, -23.4703102112, 47.1369476318, -25.3600635529, -14.3325300217, -35.6833610535, 18.0721187592, 26.2785987854, 42.6713485718]],
        "icov": [[0.00111540057696, -0.00312420492992, 0.0029503442347, -0.0033187889494, 0.00272963778116, -0.00409497274086, 0.00795006938279, -0.000583326036576, 0.00221088086255, -0.00871106889099, -6.64240214974e-05, -0.000356697448296, 0.00606124708429], [-0.00312420492992, 0.0136288944632, -0.00705333938822, 0.0113231269643, -0.0119265690446, 0.0140168266371, -0.026736587286, -0.000845772214234, -0.00651210267097, 0.038329500705, 0.00616276124492, -0.00587650295347, -0.024531468749], [0.0029503442347, -0.00705333938822, 0.0115672769025, -0.012227053754, 0.00392060214654, -0.0129963736981, 0.0220193918794, 0.00226877862588, 0.00599128147587, -0.0196549054235, 0.0100219761953, -0.00595827773213, 0.00354289938696], [-0.0033187889494, 0.0113231269643, -0.012227053754, 0.0620218515396, -0.0179567690939, -0.0243212897331, -0.020797919482, 0.0159245505929, -0.0331153348088, 0.0399493277073, -0.00163962913211, 0.0105481231585, -0.0203037671745], [0.00272963778116, -0.0119265690446, 0.00392060214654, -0.0179567690939, 0.0265857372433, 0.00595764163882, 0.00106009468436, -0.00983255542815, 0.0276859980077, -0.0386638380587, -0.00560913281515, 0.00357101205736, 0.0314526669681], [-0.00409497274086, 0.0140168266371, -0.0129963736981, -0.0243212897331, 0.00595764163882, 0.0788270458579, -0.0444393754005, -0.0434460900724, 0.0373108461499, 0.0357952229679, -0.0327202901244, -0.00164647691417, 0.00135067442898], [0.00795006938279, -0.026736587286, 0.0220193918794, -0.020797919482, 0.00106009468436, -0.0444393754005, 0.111561588943, 0.00631378451362, -0.0266461204737, -0.0485178902745, -0.0116685014218, -0.000654361909255, 0.0398640595376], [-0.000583326036576, -0.000845772214234, 0.00226877862588, 0.0159245505929, -0.00983255542815, -0.0434460900724, 0.00631378451362, 0.0789065137506, -0.0682093426585, -0.0163383316249, 0.049166098237, -0.010184628889, -0.031138073653], [0.00221088086255, -0.00651210267097, 0.00599128147587, -0.0331153348088, 0.0276859980077, 0.0373108461499, -0.0266461204737, -0.0682093426585, 0.121260002255, -0.0366296172142, -0.0398050807416, 0.0389033965766, 0.0199929028749], [-0.00871106889099, 0.038329500705, -0.0196549054235, 0.0399493277073, -0.0386638380587, 0.0357952229679, -0.0485178902745, -0.0163383316249, -0.0366296172142, 0.153476297855, 0.0183434989303, -0.0349029861391, -0.0558494664729], [-6.64240214974e-05, 0.00616276124492, 0.0100219761953, -0.00163962913211, -0.00560913281515, -0.0327202901244, -0.0116685014218, 0.049166098237, -0.0398050807416, 0.0183434989303, 0.0961700826883, -0.0407719872892, -0.0528829060495], [-0.000356697448296, -0.00587650295347, -0.00595827773213, 0.0105481231585, 0.00357101205736, -0.00164647691417, -0.000654361909255, -0.010184628889, 0.0389033965766, -0.0349029861391, -0.0407719872892, 0.0744670629501, -0.00846732966602], [0.00606124708429, -0.024531468749, 0.00354289938696, -0.0203037671745, 0.0314526669681, 0.00135067442898, 0.0398640595376, -0.031138073653, 0.0199929028749, -0.0558494664729, -0.0528829060495, -0.00846732966602, 0.136631131172]]
    },
    "melbands": {
        "dmean": [6.5048527631e-07, 1.14709903798e-08, 3.35836980447e-09, 3.33469407643e-09, 1.63237459105e-08, 4.34771365576e-08, 7.24217983361e-08, 1.16886690193e-06, 2.02108640224e-05, 1.04941755126e-05, 1.70260250343e-07, 4.48919621476e-07, 2.71579892797e-07, 2.01112720788e-06, 2.84440216092e-06, 2.58706359091e-06, 1.63271743077e-05, 1.15805851237e-05, 1.46345819303e-05, 1.46754755406e-05, 9.01486328075e-06, 9.27901510295e-06, 1.76656994881e-05, 8.39747735881e-06, 1.15835246106e-05, 6.94145091984e-06, 3.59506111636e-06, 1.50366702201e-06, 4.65472476208e-06, 1.09248719582e-06, 1.26501231534e-06, 1.38678319672e-06, 8.89952843863e-07, 9.67744881564e-07, 6.59350291699e-07, 4.27196823694e-07, 5.85200268688e-07, 2.8214088843e-07, 1.93815409943e-07, 5.08568120949e-08],
        "dmean2": [1.07359733192e-06, 1.76004562036e-08, 5.04249397792e-09, 4.27916102552e-09, 2.48614835385e-08, 6.42290203245e-08, 9.2194817114e-08, 1.32343757286e-06, 2.18583154492e-05, 7.78250432631e-06, 1.71438827579e-07, 5.4103736602e-07, 3.02981590039e-07, 1.80456481758e-06, 3.03846377392e-06, 4.25124562753e-06, 2.87176826532e-05, 1.53603450599e-05, 2.38068423641e-05, 1.98695615836e-05, 1.41560658449e-05, 1.30422449729e-05, 2.76709070022e-05, 1.40092079164e-05, 1.63978984347e-05, 8.38980486151e-06, 5.89356477576e-06, 2.08104302146e-06, 7.47413196223e-06, 1.38391612836e-06, 1.96097835214e-06, 1.65294454746e-06, 1.25191149891e-06, 1.38797906857e-06, 8.03728312349e-07, 5.15792123679e-07, 6.11977441167e-07, 3.36909323551e-07, 2.30501356668e-07, 4.00198167938e-08],
        "dvar": [4.2125962549e-13, 8.38359276935e-16, 1.03380788111e-16, 8.28074232312e-17, 5.37510125317e-15, 4.44199900116e-14, 1.14227583555e-13, 2.477644305e-11, 2.36931607667e-09, 4.45306930219e-10, 6.56762784348e-13, 4.71426196691e-12, 1.58102469918e-12, 8.04704011759e-11, 4.5016931155e-11, 7.60136190103e-11, 3.63260377334e-09, 2.20208806745e-09, 1.87574822341e-09, 3.58026741587e-09, 6.85826895275e-10, 7.75996156221e-10, 6.01598060257e-09, 6.30221264064e-10, 1.47608003598e-09, 4.1675077278e-10, 1.38360115032e-10, 2.4237332627e-11, 1.92862933956e-10, 9.66445933698e-12, 1.57755111058e-11, 1.11383029536e-11, 7.2620134732e-12, 8.98300964863e-12, 3.43249604087e-12, 1.04820861192e-12, 2.01327192764e-12, 5.97361678352e-13, 2.69753349432e-13, 1.33462661631e-14],
        "dvar2": [1.28278008875e-12, 1.78304098815e-15, 2.32486165354e-16, 1.6281737457e-16, 1.35422526464e-14, 1.10721456688e-13, 2.27851347815e-13, 3.87720446027e-11, 5.89307758148e-09, 6.03302907631e-10, 1.12697904394e-12, 9.79168048726e-12, 2.87046189769e-12, 1.04918733423e-10, 7.59971321984e-11, 2.2264116939e-10, 8.72428973508e-09, 4.51633042076e-09, 4.08856060119e-09, 7.76847564055e-09, 1.5812589016e-09, 1.70844016711e-09, 1.07355706547e-08, 1.84295323447e-09, 3.07869507665e-09, 6.79615697052e-10, 2.77148692884e-10, 4.33468538841e-11, 5.02794084145e-10, 1.45447421468e-11, 3.82373160912e-11, 1.34123641013e-11, 1.13055381029e-11, 1.58088282048e-11, 6.73707400631e-12, 1.60401780833e-12, 2.67946320513e-12, 1.39442374748e-12, 6.40823494529e-13, 1.50090358843e-14],
        "max": [3.54473286279e-06, 1.49422874074e-07, 5.05773414261e-08, 8.10226481462e-08, 5.21772733464e-07, 1.44867794916e-06, 2.3443722057e-06, 3.90716231777e-05, 0.000374102324713, 0.000294117955491, 5.68657196709e-06, 1.48979070218e-05, 9.04856551642e-06, 6.72427922837e-05, 6.20654391241e-05, 6.55574403936e-05, 0.000424060359364, 0.000378772150725, 0.000358085031621, 0.000468945945613, 0.000206071548746, 0.000259437219938, 0.000586690497585, 0.000190933482372, 0.000321778265061, 0.000207792880246, 9.74160720943e-05, 4.18165654992e-05, 0.00010020937043, 3.31610644935e-05, 3.20354774885e-05, 3.83508995583e-05, 2.88908868242e-05, 2.9816183087e-05, 1.9803756004e-05, 1.08602480395e-05, 1.57349932124e-05, 8.11163863546e-06, 4.83641815663e-06, 1.51009805904e-06],
        "mean": [7.7487118233e-07, 1.05839310649e-08, 3.13545323039e-09, 4.01900379643e-09, 1.21137269105e-08, 3.05284864055e-08, 5.95446181251e-08, 1.20274239634e-06, 4.7228189942e-05, 3.57696517312e-05, 1.40406413607e-07, 3.83223323297e-07, 2.82763920723e-07, 2.63561196334e-06, 5.84070176046e-06, 3.90336072087e-06, 2.7136215067e-05, 1.73940497916e-05, 3.28337409883e-05, 1.94848507817e-05, 1.60142662935e-05, 1.45765388879e-05, 2.31193971558e-05, 1.3375585695e-05, 2.39195978793e-05, 1.61891293828e-05, 7.39452843845e-06, 3.59492651114e-06, 6.85757458996e-06, 3.20439266943e-06, 3.21988591168e-06, 3.47837521986e-06, 2.26288489102e-06, 2.18065906665e-06, 1.4383300595e-06, 1.18612501865e-06, 1.3414961586e-06, 5.49729634258e-07, 3.71603988469e-07, 1.61040787816e-07],
        "median": [5.65957293475e-07, 4.61048488276e-09, 6.98915592068e-10, 8.48680015153e-10, 7.18854586967e-10, 3.18228471352e-10, 2.13073336752e-10, 1.89433746467e-10, 2.55780651059e-06, 4.42767259301e-06, 2.8235952465e-10, 1.08096127605e-08, 9.27053100952e-09, 7.94112864355e-09, 6.30775105037e-07, 4.89394437864e-07, 1.88527948808e-08, 9.59505541687e-09, 1.085933377e-06, 2.07457063084e-07, 1.09327629616e-07, 2.08309515415e-07, 2.94398034839e-07, 1.64350694831e-07, 4.58654199065e-07, 6.97686601825e-08, 1.72827640199e-07, 1.06016258883e-07, 7.21231563361e-09, 4.24205826022e-09, 1.23941283903e-08, 3.05006437884e-08, 8.63700777565e-10, 1.13044507088e-09, 2.08592321194e-09, 3.2984279752e-09, 3.13465342572e-09, 4.92673457586e-10, 9.0397626884e-11, 1.61117386793e-11],
        "min": [4.41582839359e-14, 1.85544938788e-14, 7.5839213517e-15, 5.20792701905e-15, 3.04913480397e-15, 2.19645447629e-15, 1.01148301754e-15, 4.06300476035e-16, 7.40499601775e-16, 1.06346553539e-15, 3.95924269491e-16, 2.83291916215e-16, 4.33763904693e-16, 8.52882503848e-16, 6.29394501842e-16, 5.9597936971e-16, 5.01011623851e-16, 3.14778169037e-16, 8.75518294694e-16, 6.74010691789e-16, 1.32582329701e-15, 8.48204076183e-16, 7.73042342911e-16, 2.05574009561e-16, 6.58449796575e-16, 1.64860203634e-15, 1.5444445124e-15, 1.46559654468e-15, 1.48581310355e-15, 1.29264353416e-15, 8.73829840392e-16, 1.19466405677e-15, 8.23061173693e-16, 1.33940091752e-15, 7.38532208936e-16, 1.06480924728e-15, 1.96699790956e-15, 1.43928293678e-15, 6.30066251908e-16, 2.71083868574e-16],
        "stdev": [7.1772967658e-07, 2.43499318486e-08, 8.90131346409e-09, 1.22053709362e-08, 6.54155840607e-08, 1.8382303324e-07, 3.05301540493e-07, 5.70977272218e-06, 9.40549507504e-05, 6.84780170559e-05, 7.65814661463e-07, 1.89228114778e-06, 1.23515451378e-06, 1.10934988697e-05, 1.25705464598e-05, 9.87508519756e-06, 8.50990181789e-05, 6.17127807345e-05, 7.95871164883e-05, 6.94507180015e-05, 4.09323547501e-05, 3.92318361264e-05, 9.45969950408e-05, 3.61128513759e-05, 6.31502989563e-05, 4.28481689596e-05, 1.8523507606e-05, 9.12151517696e-06, 1.87824571185e-05, 7.87273893366e-06, 7.96697531769e-06, 8.57800841914e-06, 6.11280938756e-06, 6.09212020208e-06, 3.52268739334e-06, 2.5811255e-06, 3.45597095475e-06, 1.49389109083e-06, 9.95423533823e-07, 3.80526188337e-07],
