{
"lowlevel": {
    "average_loudness": 0.974990010262,
    "barkbands_crest": {
        "dmean": 3.31940317154,
        "dmean2": 5.31422567368,
        "dvar": 9.63695526123,
        "dvar2": 23.2832641602,
        "max": 25.9500293732,
        "mean": 9.69802093506,
        "median": 8.23387145996,
        "min": 3.07456350327,
        "stdev": 4.97531414032,
        "var": 24.7537498474
    },
    "barkbands_flatness_db": {
        "dmean": 0.0449856370687,
        "dmean2": 0.058987211436,
        "dvar": 0.00155350589193,
        "dvar2": 0.00300857448019,
        "max": 0.398996978998,
        "mean": 0.161963522434,
        "median": 0.158453881741,
        "min": 0.0239912066609,
        "stdev": 0.0843705311418,
        "var": 0.00711838668212
    },
    "barkbands_kurtosis": {
        "dmean": 3.99457740784,
        "dmean2": 6.57936239243,
        "dvar": 100.168327332,
        "dvar2": 255.718765259,
        "max": 95.7889633179,
        "mean": 3.24692106247,
        "median": 0.37055683136,
        "min": -1.69709992409,
        "stdev": 11.244430542,
        "var": 126.437217712
    },
    "barkbands_skewness": {
        "dmean": 0.944229483604,
        "dmean2": 1.58018958569,
        "dvar": 1.42057275772,
        "dvar2": 2.89189958572,
        "max": 9.4489068985,
        "mean": 0.368944078684,
        "median": -0.0117278927937,
        "min": -2.13918495178,
        "stdev": 1.6487994194,
        "var": 2.71853947639
    },
    "barkbands_spread": {
        "dmean": 12.687792778,
        "dmean2": 20.5162296295,
        "dvar": 243.419937134,
        "dvar2": 507.88381958,
        "max": 121.548408508,
        "mean": 30.2535552979,
        "median": 17.0196437836,
        "min": 2.10891222954,
        "stdev": 31.4325141907,
        "var": 988.002990723
    },
    "dissonance": {
        "dmean": 0.0229096449912,
        "dmean2": 0.0351885408163,
        "dvar": 0.00135399401188,
        "dvar2": 0.00214257650077,
        "max": 0.499996244907,
        "mean": 0.470833331347,
        "median": 0.49252974987,
        "min": 0.188449457288,
        "stdev": 0.0481998436153,
        "var": 0.00232322490774
    },
    "dynamic_complexity": 9.56188297272,
    "erbbands_crest": {
        "dmean": 3.85900592804,
        "dmean2": 6.40557193756,
        "dvar": 13.6944961548,
        "dvar2": 34.7836112976,
        "max": 28.1957931519,
        "mean": 10.7720546722,
        "median": 9.44554519653,
        "min": 2.61436629295,
        "stdev": 5.24999856949,
        "var": 27.5624847412
    },
    "erbbands_flatness_db": {
        "dmean": 0.0425052978098,
        "dmean2": 0.0598649457097,
        "dvar": 0.00164966774173,
        "dvar2": 0.00282608205453,
        "max": 0.394220411777,
        "mean": 0.224814668298,
        "median": 0.242501109838,
        "min": 0.0645094141364,
        "stdev": 0.0823874920607,
        "var": 0.00678769918159
    },
    "erbbands_kurtosis": {
        "dmean": 2.13568091393,
        "dmean2": 3.5336663723,
        "dvar": 10.9294242859,
        "dvar2": 27.5510120392,
        "max": 23.7654857635,
        "mean": 1.73721456528,
        "median": 0.342360973358,
        "min": -1.61412036419,
        "stdev": 3.89176154137,
        "var": 15.1458082199
    },
    "erbbands_skewness": {
        "dmean": 0.654584228992,
        "dmean2": 1.05845522881,
        "dvar": 0.433003991842,
        "dvar2": 1.00395178795,
        "max": 4.79740381241,
        "mean": 0.257761538029,
        "median": 0.133045271039,
        "min": -1.14009487629,
        "stdev": 0.906069457531,
        "var": 0.820961833
    },
    "erbbands_spread": {
        "dmean": 9.01991844177,
        "dmean2": 14.3898277283,
        "dvar": 91.8714981079,
        "dvar2": 223.280227661,
        "max": 68.3202056885,
        "mean": 24.0101490021,
        "median": 21.9674282074,
        "min": 3.42298340797,
        "stdev": 13.6457157135,
        "var": 186.205566406
    },
    "hfc": {
        "dmean": 8.89682674408,
        "dmean2": 14.2550582886,
        "dvar": 471.836486816,
        "dvar2": 1217.98071289,
        "max": 163.314422607,
        "mean": 7.95725059509,
        "median": 0.466752380133,
        "min": 3.99770039294e-09,
        "stdev": 19.6892471313,
        "var": 387.666442871
    },
    "loudness_ebu128": {
        "integrated": -21.558298111,
        "loudness_range": 0,
        "momentary": {
            "dmean": 2.39410805702,
            "dmean2": 3.49684548378,
            "dvar": 9.36174869537,
            "dvar2": 16.0456485748,
            "max": -18.3984680176,
            "mean": -24.6428337097,
            "median": -21.6740570068,
            "min": -41.8112258911,
            "stdev": 6.14037799835,
            "var": 37.7042427063
        },
        "short_term": {
            "dmean": 0,
            "dmean2": 0,
            "dvar": 0,
            "dvar2": 0,
            "max": -22.8542976379,
            "mean": -22.8542976379,
            "median": -22.8542976379,
            "min": -22.8542976379,
            "stdev": 0,
            "var": 0
        }
    },
    "melbands_crest": {
        "dmean": 4.5494146347,
        "dmean2": 7.2386879921,
        "dvar": 16.946598053,
        "dvar2": 43.8543777466,
        "max": 31.5916690826,
        "mean": 13.2219209671,
        "median": 11.9635763168,
        "min": 3.9987783432,
        "stdev": 5.89365768433,
        "var": 34.7351989746
    },
    "melbands_flatness_db": {
        "dmean": 0.0464979894459,
        "dmean2": 0.0677526444197,
        "dvar": 0.00220733345486,
        "dvar2": 0.00394316390157,
        "max": 0.438551962376,
        "mean": 0.162313714623,
        "median": 0.152147948742,
        "min": 0.0191954486072,
        "stdev": 0.092632509768,
        "var": 0.00858078245074
    },
    "melbands_kurtosis": {
        "dmean": 9.74843883514,
        "dmean2": 16.1121006012,
        "dvar": 879.040893555,
        "dvar2": 2105.33959961,
        "max": 276.756103516,
        "mean": 8.52345085144,
        "median": 1.01808261871,
        "min": -1.51723432541,
        "stdev": 31.550868988,
        "var": 995.457275391
    },
    "melbands_skewness": {
        "dmean": 1.10343980789,
        "dmean2": 1.81623888016,
        "dvar": 2.79981970787,
        "dvar2": 5.7175784111,
        "max": 14.4122238159,
        "mean": 1.14509105682,
        "median": 0.668866932392,
        "min": -1.68039298058,
        "stdev": 2.28502058983,
        "var": 5.22131919861
    },
    "melbands_spread": {
        "dmean": 23.2154312134,
        "dmean2": 37.7574119568,
        "dvar": 763.645263672,
        "dvar2": 1645.05310059,
        "max": 185.684585571,
        "mean": 49.9220161438,
        "median": 30.8715667725,
        "min": 1.31953752041,
        "stdev": 46.0419044495,
        "var": 2119.85693359
    },
    "pitch_salience": {
        "dmean": 0.102531254292,
        "dmean2": 0.158700957894,
        "dvar": 0.00819412432611,
        "dvar2": 0.0186986625195,
        "max": 0.904786705971,
        "mean": 0.639167487621,
        "median": 0.662965476513,
        "min": 0.0998296290636,
        "stdev": 0.150296524167,
        "var": 0.0225890465081
    },
    "silence_rate_20dB": {
        "dmean": 0,
        "dmean2": 0,
        "dvar": 0,
        "dvar2": 0,
        "max": 1,
        "mean": 1,
        "median": 1,
        "min": 1,
        "stdev": 0,
        "var": 0
    },
    "silence_rate_30dB": {
        "dmean": 0,
        "dmean2": 0,
        "dvar": 0,
        "dvar2": 0,
        "max": 1,
        "mean": 1,
        "median": 1,
        "min": 1,
        "stdev": 0,
        "var": 0
    },
    "silence_rate_60dB": {
        "dmean": 0.161290317774,
        "dmean2": 0.325203239918,
        "dvar": 0.135275617242,
        "dvar2": 0.251966267824,
        "max": 1,
        "mean": 0.65600001812,
        "median": 1,
        "min": 0,
        "stdev": 0.47504094243,
        "var": 0.225663885474
    },
    "spectral_centroid": {
        "dmean": 498.949523926,
        "dmean2": 731.253173828,
        "dvar": 732400.375,
        "dvar2": 779116.375,
        "max": 11410.2705078,
        "mean": 2343.6875,
        "median": 2386.16064453,
        "min": 439.95791626,
        "stdev": 1163.43322754,
        "var": 1353576.75
    },
    "spectral_complexity": {
        "dmean": 3.6451613903,
        "dmean2": 5.60975599289,
        "dvar": 32.5998725891,
        "dvar2": 66.9696502686,
        "max": 33,
        "mean": 4.59200000763,
        "median": 0,
        "min": 0,
        "stdev": 7.2056593895,
        "var": 51.9215278625
    },
    "spectral_decrease": {
        "dmean": 2.00099758985e-09,
        "dmean2": 3.31927929587e-09,
        "dvar": 2.49324247286e-17,
        "dvar2": 6.47277895222e-17,
        "max": -4.17148346133e-20,
        "mean": -1.67350766578e-09,
        "median": -3.91060378524e-11,
        "min": -3.47622197694e-08,
        "stdev": 4.39748282233e-09,
        "var": 1.933785483e-17
    },
    "spectral_energy": {
        "dmean": 0.00835497584194,
        "dmean2": 0.0137827293947,
        "dvar": 0.000428714905865,
        "dvar2": 0.00111438846216,
        "max": 0.146013990045,
        "mean": 0.00703794974834,
        "median": 0.000206206706935,
        "min": 5.20044781977e-13,
        "stdev": 0.0182455722243,
        "var": 0.000332900934154
    },
    "spectral_energyband_high": {
        "dmean": 5.87576141697e-05,
        "dmean2": 8.60729051055e-05,
        "dvar": 1.49704906249e-08,
        "dvar2": 2.83704491011e-08,
        "max": 0.000702151563019,
        "mean": 6.45246473141e-05,
        "median": 7.14205589247e-06,
        "min": 2.54253269914e-13,
        "stdev": 0.000138530274853,
        "var": 1.91906366354e-08
    },
    "spectral_energyband_low": {
        "dmean": 8.55591906657e-07,
        "dmean2": 1.26477311824e-06,
        "dvar": 2.21266646498e-12,
        "dvar2": 3.88309523425e-12,
        "max": 1.43964743984e-05,
        "mean": 9.85710812529e-07,
        "median": 3.10467669351e-07,
        "min": 7.01371198533e-14,
        "stdev": 1.91014441953e-06,
        "var": 3.64865169328e-12
    },
    "spectral_energyband_middle_high": {
        "dmean": 0.0048490059562,
        "dmean2": 0.00858191400766,
        "dvar": 0.000272213539574,
        "dvar2": 0.000772370491177,
        "max": 0.126053363085,
        "mean": 0.00360537879169,
        "median": 0.000115384500532,
        "min": 1.28403228805e-13,
        "stdev": 0.0128360977396,
        "var": 0.000164765398949
    },
    "spectral_energyband_middle_low": {
        "dmean": 0.00465630926192,
        "dmean2": 0.00797157548368,
        "dvar": 0.000125591250253,
        "dvar2": 0.000289561168756,
        "max": 0.072297513485,
        "mean": 0.00400015665218,
        "median": 1.00338174889e-05,
        "min": 2.9753875416e-14,
        "stdev": 0.010998737067,
        "var": 0.000120972224977
    },
    "spectral_entropy": {
        "dmean": 0.314011961222,
        "dmean2": 0.423414051533,
        "dvar": 0.102533005178,
        "dvar2": 0.179422333837,
        "max": 9.7940826416,
        "mean": 7.63807344437,
        "median": 7.57621335983,
        "min": 5.60909414291,
        "stdev": 0.69486027956,
        "var": 0.482830822468
    },
    "spectral_flux": {
        "dmean": 0.0315698347986,
        "dmean2": 0.0479033477604,
        "dvar": 0.00261712237261,
        "dvar2": 0.00442788470536,
        "max": 0.364055067301,
        "mean": 0.0496641620994,
        "median": 0.0163798499852,
        "min": 2.3502163458e-05,
        "stdev": 0.0687248855829,
        "var": 0.00472311023623
    },
    "spectral_kurtosis": {
        "dmean": 3.80343127251,
        "dmean2": 6.64117097855,
        "dvar": 21.9268360138,
        "dvar2": 67.7263183594,
        "max": 33.5462036133,
        "mean": 7.2026591301,
        "median": 6.20421028137,
        "min": -1.18791997433,
        "stdev": 5.39847612381,
        "var": 29.1435451508
    },
    "spectral_rms": {
        "dmean": 0.00109073426574,
        "dmean2": 0.00155208760407,
        "dvar": 3.22866344504e-06,
        "dvar2": 6.59917805024e-06,
        "max": 0.0119353542104,
        "mean": 0.00146366644185,
        "median": 0.000448527891422,
        "min": 2.25246701291e-08,
        "stdev": 0.00217347033322,
        "var": 4.72397368867e-06
    },
    "spectral_rolloff": {
        "dmean": 1525.55822754,
        "dmean2": 2475.44335938,
        "dvar": 7271358,
        "dvar2": 12581803,
        "max": 18367.8222656,
        "mean": 4764.69482422,
        "median": 3014.6484375,
        "min": 215.33203125,
        "stdev": 4858.15917969,
        "var": 23601710
    },
    "spectral_skewness": {
        "dmean": 0.454930633307,
        "dmean2": 0.749959886074,
        "dvar": 0.209005266428,
        "dvar2": 0.636527717113,
        "max": 4.23173999786,
        "mean": 1.89093542099,
        "median": 1.8616309166,
        "min": -0.00108115421608,
        "stdev": 0.610587716103,
        "var": 0.372817337513
    },
    "spectral_spread": {
        "dmean": 1265224.75,
        "dmean2": 1733460.875,
        "dvar": 8.15983178547e+12,
        "dvar2": 8.5574329303e+12,
        "max": 40006848,
        "mean": 4893714,
        "median": 4020889.25,
        "min": 1446422.5,
        "stdev": 3932802.75,
        "var": 1.54669374505e+13
    },
    "spectral_strongpeak": {
        "dmean": 0.620745897293,
        "dmean2": 1.02396333218,
        "dvar": 1.48529160023,
        "dvar2": 3.84647417068,
        "max": 9.3011636734,
        "mean": 0.58611446619,
        "median": 0.0927642583847,
        "min": 0,
        "stdev": 1.16804540157,
        "var": 1.36433017254
    },
    "zerocrossingrate": {
        "dmean": 0.0300056710839,
        "dmean2": 0.0324488691986,
        "dvar": 0.00156746874563,
        "dvar2": 0.00211679749191,
        "max": 0.49169921875,
        "mean": 0.132023438811,
        "median": 0.1142578125,
        "min": 0.01513671875,
        "stdev": 0.0758983716369,
        "var": 0.00576056260616
    },
    "barkbands": {
        "dmean": [9.03618570192e-07, 3.46864084122e-07, 9.93876625444e-08, 1.59515096243e-07, 1.90912232938e-05, 0.00236680544913, 0.000588899594732, 3.0522893212e-05, 0.000662844046019, 0.00305561488494, 9.89765539998e-05, 0.000235694795265, 6.51271693641e-05, 0.000846288690809, 0.000481728668092, 0.000215075793676, 9.45091887843e-05, 0.000313616037602, 0.000217818349483, 0.000239587490796, 2.59466082753e-06, 1.91886397261e-06, 1.26193017422e-05, 1.6000280084e-05, 3.76367142962e-06, 3.88270154872e-06, 8.35507163455e-10],
        "dmean2": [1.5248924683e-06, 5.66633673316e-07, 1.77162519321e-07, 2.92290707193e-07, 3.75609888579e-05, 0.00396028067917, 0.00102122535463, 5.62204804737e-05, 0.00116016250104, 0.00563491601497, 0.000175418244908, 0.000414115493186, 0.00010843052587, 0.00160399929155, 0.000756985740736, 0.00035417987965, 0.000157645597938, 0.000541160756256, 0.000350032176357, 0.000349919631844, 3.91329785998e-06, 2.90664297609e-06, 1.95099364646e-05, 2.44402053795e-05, 5.74456089453e-06, 6.38440724288e-06, 1.28892396756e-09],
        "dvar": [8.30544313879e-12, 3.77499545295e-13, 2.83131960395e-14, 1.3031111292e-13, 5.28800248034e-09, 6.34782918496e-05, 3.08194489662e-06, 4.53008208723e-09, 2.99192879538e-06, 0.00015523924958, 1.06351805584e-07, 8.04872456683e-07, 3.58809586487e-08, 1.13633805086e-05, 1.06452978343e-06, 2.74556498425e-07, 3.83134235449e-08, 4.79619416183e-07, 2.31242125892e-07, 1.18973662211e-06, 4.71776367972e-11, 1.3333428979e-11, 9.28571219916e-10, 1.25598487166e-09, 7.00826133238e-11, 7.87038906269e-11, 1.34726603864e-17],
        "dvar2": [1.55172784344e-11, 9.18807673174e-13, 7.67732503005e-14, 3.77254190343e-13, 1.55217936282e-08, 0.000162592419656, 8.02170870884e-06, 1.21272858422e-08, 8.2094938989e-06, 0.000448849168606, 2.17119236368e-07, 2.27547184295e-06, 8.67238796332e-08, 3.36172925017e-05, 2.1243113224e-06, 7.10159554274e-07, 9.95565301309e-08, 1.18188609122e-06, 5.82599568588e-07, 2.69155202659e-06, 1.12984038791e-10, 3.09809469745e-11, 2.35042740826e-09, 2.60491117565e-09, 1.34712407895e-10, 2.0722354388e-10, 3.34017748193e-17],
        "max": [2.42359328695e-05, 4.20607693741e-06, 9.59232693276e-07, 2.47006528298e-06, 0.000473715539556, 0.0703344196081, 0.0101712057367, 0.000481170864077, 0.00924122519791, 0.0908607318997, 0.00253552407958, 0.00688702892512, 0.00150969089009, 0.0248290263116, 0.00629834411666, 0.00380065757781, 0.000957198208198, 0.00418049097061, 0.00299512851052, 0.0107808848843, 5.31032419531e-05, 2.32026468439e-05, 0.00021124475461, 0.000232079008128, 6.82234676788e-05, 5.15017854923e-05, 3.5837228296e-08],
        "mean": [8.68659469688e-07, 3.89887503616e-07, 7.87866341057e-08, 1.19113316543e-07, 1.05150202216e-05, 0.00202262634411, 0.000388103304431, 2.20234778681e-05, 0.000543236383237, 0.00179431622382, 8.20698915049e-05, 0.000159201008501, 4.95678905281e-05, 0.000513253849931, 0.00046824675519, 0.000178895876161, 8.37512416183e-05, 0.000289218121907, 0.000193330241018, 0.000196819964913, 2.2973842988e-06, 1.9840135792e-06, 1.31415217766e-05, 1.708241507e-05, 3.54238545697e-06, 3.27390466737e-06, 1.11136644332e-09],
        "median": [8.40407921032e-08, 1.3207946381e-07, 1.33280604331e-08, 1.5467820802e-08, 1.12627773774e-07, 1.16914111459e-06, 7.545076528e-07, 5.76867705604e-07, 9.59061480899e-07, 7.59354975344e-07, 1.50986602421e-06, 5.20889557265e-07, 1.13573560157e-06, 2.87723332804e-06, 1.78800983122e-05, 1.22082456073e-05, 5.83482096772e-06, 8.93802643986e-06, 5.90130684941e-06, 2.37228823607e-06, 1.24868066109e-07, 2.54134363331e-07, 1.93622872757e-06, 1.70373925812e-06, 2.08832901194e-07, 1.8004301694e-07, 4.44521669474e-10],
        "min": [2.83920226197e-14, 3.54863030237e-14, 1.53898144635e-14, 9.06256474487e-15, 9.0020112065e-15, 4.58173885455e-15, 9.63586374862e-16, 2.49940999768e-15, 3.25497778619e-15, 3.54867333164e-15, 8.15962423496e-15, 1.4412611187e-14, 1.12435111067e-14, 8.6107522886e-15, 1.02855761357e-14, 6.49549333184e-15, 1.24443082114e-14, 3.15233238547e-14, 2.05158681249e-14, 6.47608695999e-15, 3.33137041716e-14, 6.53378642084e-15, 1.85658254856e-14, 2.27783829125e-14, 3.53564765898e-14, 5.77901103165e-14, 8.40350534927e-14],
        "stdev": [3.11429471367e-06, 6.6508061991e-07, 1.66629618548e-07, 2.99340200627e-07, 5.29319477209e-05, 0.00760505534708, 0.00149647297803, 6.04455162829e-05, 0.00156170094851, 0.00933552999049, 0.000329393747961, 0.000700298987795, 0.000181170733413, 0.00247446564026, 0.00112475058995, 0.000472245446872, 0.000183043375728, 0.000708856852725, 0.0004569903831, 0.00107531505637, 6.80170796841e-06, 3.85934390579e-06, 2.86097783828e-05, 3.75768468075e-05, 9.43070335779e-06, 8.0535410234e-06, 3.51007467536e-09],
        "var": [9.69883201529e-12, 4.42332233124e-13, 2.7765431691e-14, 8.96045526189e-14, 2.80179102141e-09, 5.78368671995e-05, 2.2394312964e-06, 3.65366026323e-09, 2.43890985985e-06, 8.71521187946e-05, 1.08500238127e-07, 4.90418699428e-07, 3.2822832452e-08, 6.12298072156e-06, 1.26506392917e-06, 2.23015760525e-07, 3.35048788713e-08, 5.02478030739e-07, 2.08840219784e-07, 1.15630234632e-06, 4.6263232828e-11, 1.48945352579e-11, 8.1851941891e-10, 1.41201950132e-09, 8.89381623903e-11, 6.48595205321e-11, 1.23206236134e-17]
    },
    "erbbands": {
        "dmean": [1.84687323781e-05, 5.93457043578e-05, 0.000110465880425, 0.000413152942201, 0.00272368849255, 0.0725437328219, 2.12142753601, 27.2699317932, 17.3371505737, 1.15239059925, 0.992713332176, 11.8480176926, 100.356285095, 26.6806087494, 5.95147848129, 9.00727748871, 3.23777604103, 24.2155799866, 33.1190681458, 22.5495567322, 7.56692790985, 5.61339998245, 15.375328064, 14.514383316, 15.3355932236, 6.97771596909, 0.539306104183, 0.061963070184, 0.0444140136242, 0.192818954587, 0.40689188242, 0.528863847256, 0.118134632707, 0.0424621663988, 0.0284028854221, 0.016288889572, 0.00839413143694, 0.000651821377687, 1.56732385221e-05, 1.0595204003e-05],
        "dmean2": [2.63466808974e-05, 0.000104331462353, 0.000188868420082, 0.000743414042518, 0.00456934375688, 0.122411258519, 3.5176243782, 44.8358039856, 29.3773765564, 1.82969248295, 1.70650017262, 19.8541297913, 175.298675537, 49.7601165771, 10.2525959015, 16.1172409058, 5.64335918427, 44.8867721558, 59.6438407898, 34.7429924011, 11.8893203735, 9.26312446594, 26.9004898071, 22.3002529144, 22.6829051971, 10.3568763733, 0.801557302475, 0.087653003633, 0.0695752874017, 0.281557023525, 0.636182069778, 0.827779650688, 0.171981334686, 0.062675498426, 0.046158567071, 0.0263223592192, 0.0145400036126, 0.00106545933522, 2.57295068877e-05, 1.72719937837e-05],
        "dvar": [8.63553339947e-10, 2.32329604444e-08, 3.13079056014e-08, 7.29728924398e-07, 4.3685973651e-05, 0.0426758602262, 43.807674408, 9087.25683594, 2268.34277344, 5.54516887665, 6.43735742569, 924.398681641, 136293.984375, 14015.1425781, 460.549377441, 1642.15124512, 139.084487915, 7449.94628906, 13865.0488281, 1992.39978027, 205.373428345, 151.957122803, 1480.55725098, 692.524658203, 2631.15380859, 453.842407227, 1.91659986973, 0.0176028516144, 0.00785196013749, 0.135414108634, 1.05865263939, 1.46651697159, 0.0509682036936, 0.007518065162, 0.00555357476696, 0.00220990576781, 0.000474930100609, 3.12853353535e-06, 1.41626876893e-09, 6.38740116354e-10],
        "dvar2": [1.4854248942e-09, 6.45459579118e-08, 8.39109119966e-08, 1.98772613658e-06, 0.000110318338557, 0.108084455132, 109.827140808, 23483.2207031, 5377.78173828, 11.2789754868, 16.2785129547, 2409.42163086, 381541.71875, 41030.6289062, 1171.72900391, 4722.83203125, 386.715545654, 21528.1484375, 36554.296875, 4163.65673828, 470.925140381, 397.479705811, 3862.75341797, 1537.39807129, 5769.30322266, 891.312866211, 3.78362107277, 0.0384327173233, 0.0198045670986, 0.306736767292, 2.65371799469, 3.1572291851, 0.105574466288, 0.0180706940591, 0.00958860758692, 0.00574939697981, 0.0012904338073, 7.24078881831e-06, 2.99301516904e-09, 1.61899305073e-09],
        "max": [0.000296890619211, 0.00100133370142, 0.00108305679169, 0.00582129461691, 0.0406243279576, 1.42979466915, 63.7507133484, 850.93170166, 282.467987061, 14.6759567261, 20.5490951538, 179.836212158, 2650.84570312, 915.940734863, 180.688613892, 329.09753418, 92.7486572266, 623.67767334, 928.462585449, 227.908416748, 87.0227966309, 70.4287872314, 264.220428467, 143.608001709, 525.908569336, 212.83203125, 11.700969696, 0.907379567623, 0.537622094154, 2.16336536407, 7.31839370728, 6.96685791016, 1.23287808895, 0.565357327461, 0.569794297218, 0.386536598206, 0.154833063483, 0.0140776224434, 0.000280670181382, 0.000182746167411],
        "mean": [2.40947611019e-05, 5.26360308868e-05, 0.000101394449302, 0.000396035437007, 0.00287222862244, 0.0771921128035, 2.82754278183, 21.5943946838, 12.4439401627, 1.07409894466, 0.93532037735, 10.6670732498, 65.8045501709, 15.9629573822, 4.79605197906, 6.02085733414, 2.70740413666, 17.0280056, 27.7140445709, 21.6719226837, 7.13827848434, 4.95128250122, 13.6221513748, 13.71646595, 13.3461761475, 6.06887245178, 0.484854966402, 0.063720472157, 0.0474548488855, 0.214067056775, 0.418130487204, 0.549250423908, 0.129750519991, 0.0399486161768, 0.0279692150652, 0.0136142587289, 0.00678184255958, 0.00059250643244, 1.56138885359e-05, 9.26101802179e-06],
        "median": [6.07776337347e-06, 1.91158414964e-05, 2.49870045081e-05, 5.90843446844e-05, 0.000278040213743, 0.000944097992033, 0.00253857276402, 0.0115877622738, 0.0279486849904, 0.0203272271901, 0.0187656953931, 0.0167149193585, 0.0498215258121, 0.0433207675815, 0.0820448622108, 0.0407717637718, 0.055239289999, 0.122106954455, 0.497618764639, 0.929165124893, 0.436079889536, 0.258144885302, 0.540373504162, 0.531560659409, 0.211983904243, 0.112216167152, 0.0133591340855, 0.00514071946964, 0.00740110920742, 0.0272012595087, 0.0612143166363, 0.0578379221261, 0.011714451015, 0.00476379692554, 0.000824967049994, 0.000403896236094, 0.000431979453424, 6.0599490098e-05, 1.5017685655e-06, 4.65075828515e-07],
        "min": [1.41265037862e-12, 6.69995222496e-12, 1.70545660927e-11, 2.66815250449e-11, 2.96668523081e-11, 2.89416893229e-11, 3.40212823191e-11, 3.71697256307e-11, 2.03888902289e-11, 1.93585893843e-11, 7.21239595824e-11, 7.7456541181e-11, 6.20727774736e-11, 2.24312249331e-10, 3.80682096957e-10, 6.23179341463e-10, 5.50620882223e-10, 4.29514396272e-10, 4.62112098587e-10, 5.56199419854e-10, 3.91162630065e-10, 7.64494079153e-10, 1.64973923411e-09, 1.13967935089e-09, 9.25190091206e-10, 2.7272584191e-10, 7.70066344025e-10, 1.52323487157e-09, 2.69376160267e-10, 2.12008827161e-10, 5.57093982057e-10, 5.35456623485e-10, 4.07913952616e-10, 2.6471694281e-10, 3.24975657495e-10, 1.47014275753e-10, 1.14059275913e-10, 6.09484823721e-11, 6.59790147864e-12, 1.45260160237e-12],
        "stdev": [4.27371560363e-05, 0.000126122904476, 0.000177475667442, 0.000784332747571, 0.00707117235288, 0.231743320823, 9.35459899902, 88.335144043, 44.0421600342, 2.48246407509, 2.40848255157, 27.5852184296, 290.240844727, 87.0814437866, 18.5991535187, 30.7245178223, 9.82036113739, 67.0423812866, 99.0312957764, 47.8294715881, 14.7416095734, 11.445681572, 36.0644416809, 28.8758506775, 53.2548370361, 23.7689704895, 1.52226734161, 0.145240455866, 0.0858224332333, 0.404957801104, 0.958682656288, 1.24843072891, 0.251410782337, 0.0900607705116, 0.0844622850418, 0.0426076799631, 0.0185791235417, 0.00171243341174, 3.80176679755e-05, 2.28423850785e-05],
        "var": [1.82646464619e-09, 1.5906987727e-08, 3.14976134064e-08, 6.15177896179e-07, 5.00014757563e-05, 0.0537049658597, 87.5085296631, 7803.09814453, 1939.71191406, 6.16262769699, 5.80078792572, 760.944274902, 84239.75, 7583.17773438, 345.928497314, 943.99597168, 96.4394836426, 4494.68115234, 9807.19726562, 2287.65820312, 217.315048218, 131.003631592, 1300.6439209, 833.814758301, 2836.07763672, 564.963928223, 2.31729793549, 0.0210947915912, 0.00736549030989, 0.163990810513, 0.919072449207, 1.55857920647, 0.0632073804736, 0.00811094231904, 0.00713387737051, 0.00181541452184, 0.000345183798345, 2.93242828775e-06, 1.44534306745e-09, 5.21774567996e-10]
    },
    "gfcc": {
        "mean": [-334.033721924, 3.46533799171, -162.64100647, -2.3890478611, -55.9237785339, 1.6578040123, -54.752696991, 22.37616539, -10.5274591446, 1.7139531374, 1.40003705025, 7.566198349, -8.01610946655],
        "cov": [[63673.2617188, 4675.94335938, -10857.1757812, -3348.92163086, -4362.55859375, -3705.32177734, -3846.68310547, 1055.62219238, -195.91293335, -531.189147949, 1805.13806152, 304.788726807, 550.268371582], [4675.94335938, 1811.24389648, -781.791259766, -579.323547363, -369.584960938, -328.865325928, -215.516876221, 79.8553237915, -16.4340782166, -142.477020264, 189.029266357, -27.4671115875, 162.732727051], [-10857.1757812, -781.791259766, 2911.68701172, 896.575866699, 446.953704834, 464.724395752, 356.823608398, -230.72869873, 8.41489982605, 135.586730957, -343.604522705, 214.343292236, -40.2184677124], [-3348.92163086, -579.323547363, 896.575866699, 840.63104248, 335.341369629, 307.938995361, 22.0822944641, -38.8000793457, 62.630821228, 53.5857086182, -161.969833374, 17.780172348, -129.045562744], [-4362.55859375, -369.584960938, 446.953704834, 335.341369629, 666.726013184, 493.197845459, 377.05770874, -29.9473838806, 28.6728572845, 40.8535995483, -230.450912476, -155.133682251, -142.12512207], [-3705.32177734, -328.865325928, 464.724395752, 307.938995361, 493.197845459, 679.762084961, 330.090087891, -10.3495283127, 37.1350746155, 63.6233596802, -190.103088379, -78.7648620605, -169.042877197], [-3846.68310547, -215.516876221, 356.823608398, 22.0822944641, 377.05770874, 330.090087891, 547.315063477, 18.8552284241, 0.875058054924, 50.2777175903, -104.426986694, -136.891921997, -31.7471179962], [1055.62219238, 79.8553237915, -230.72869873, -38.8000793457, -29.9473838806, -10.3495283127, 18.8552284241, 152.909240723, 55.240688324, 17.8494815826, 35.1725311279, -12.6413669586, -12.9529676437], [-195.91293335, -16.4340782166, 8.41489982605, 62.630821228, 28.6728572845, 37.1350746155, 0.875058054924, 55.240688324, 116.473770142, 17.5227108002, 17.7236480713, 9.57591438293, -28.0950088501], [-531.189147949, -142.477020264, 135.586730957, 53.5857086182, 40.8535995483, 63.6233596802, 50.2777175903, 17.8494815826, 17.5227108002, 102.633010864, -1.30029428005, 18.0425128937, -11.4051475525], [1805.13806152, 189.029266357, -343.604522705, -161.969833374, -230.450912476, -190.103088379, -104.426986694, 35.1725311279, 17.7236480713, -1.30029428005, 200.043334961, 49.8117256165, 73.010055542], [304.788726807, -27.4671115875, 214.343292236, 17.780172348, -155.133682251, -78.7648620605, -136.891921997, -12.6413669586, 9.57591438293, 18.0425128937, 49.8117256165, 173.806091309, 52.2381591797], [550.268371582, 162.732727051, -40.2184677124, -129.045562744, -142.12512207, -169.042877197, -31.7471179962, -12.9529676437, -28.0950088501, -11.4051475525, 73.010055542, 52.2381591797, 127.007270813]],
        "icov": [[0.000216533138882, -0.000202581315534, 0.000722950266208, -0.000277440994978, 0.000671858317219, 0.00014241883764, 0.000477944355225, -0.000574576319195, 0.000594564306084, -0.000438403047156, 0.000474084750749, -0.000486452947371, 0.000290417287033], [-0.000202581315534, 0.00119464157615, -0.000976038048975, 0.00102787767537, -0.000711641798262, -0.000707425235305, 0.000608312373515, -0.000374315102817, -0.000720662996173, 0.001443080022, -0.000998726347461, 0.00184234289918, -0.00175517995376], [0.000722950266208, -0.000976038048975, 0.00383809278719, -0.00236186571419, 0.00286448514089, 0.000964268401731, -0.000431352324085, 1.22526498672e-05, 0.00152051250916, -0.00226284051314, 0.00358792953193, -0.00450905691832, 0.00124145473819], [-0.000277440994978, 0.00102787767537, -0.00236186571419, 0.00403373548761, -0.00256996508688, -0.00104317464866, 0.00246130675077, -0.00109885376878, -0.00112043390982, 0.00122515950352, -0.00212402711622, 0.00298586650752, -0.000670477165841], [0.000671858317219, -0.000711641798262, 0.00286448514089, -0.00256996508688, 0.00865297485143, -0.00130617176183, -0.00129920733161, 0.000254415441304, 7.8662771557e-05, -0.00185774348211, 0.00512047251686, 3.65596097254e-05, 0.000834515260067], [0.00014241883764, -0.000707425235305, 0.000964268401731, -0.00104317464866, -0.00130617176183, 0.00516111962497, -0.00244276132435, 0.000774616783019, 0.000625240674708, -0.00138321158011, 0.00113622786012, -0.00398077210411, 0.00540908565745], [0.000477944355225, 0.000608312373515, -0.000431352324085, 0.00246130675077, -0.00129920733161, -0.00244276132435, 0.00910151097924, -0.00528368027881, 0.00195568916388, -0.000796901003923, -0.00177867827006, 0.00589125789702, -0.00449440674856], [-0.000574576319195, -0.000374315102817, 1.22526498672e-05, -0.00109885376878, 0.000254415441304, 0.000774616783019, -0.00528368027881, 0.0134925348684, -0.00636623846367, -0.00163368170615, 0.000881466490682, -0.00187012390234, 0.00193491345271], [0.000594564306084, -0.000720662996173, 0.00152051250916, -0.00112043390982, 7.8662771557e-05, 0.000625240674708, 0.00195568916388, -0.00636623846367, 0.0144434450194, -0.00120045070071, -0.00219676224515, -0.00270361802541, 0.00391225330532], [-0.000438403047156, 0.001443080022, -0.00226284051314, 0.00122515950352, -0.00185774348211, -0.00138321158011, -0.000796901003923, -0.00163368170615, -0.00120045070071, 0.0140681220219, -0.00347958342172, 0.000509738223627, -0.000918678881135], [0.000474084750749, -0.000998726347461, 0.00358792953193, -0.00212402711622, 0.00512047251686, 0.00113622786012, -0.00177867827006, 0.000881466490682, -0.00219676224515, -0.00347958342172, 0.0139738386497, -0.00438926601782, -0.00193470530212], [-0.000486452947371, 0.00184234289918, -0.00450905691832, 0.00298586650752, 3.65596097254e-05, -0.00398077210411, 0.00589125789702, -0.00187012390234, -0.00270361802541, 0.000509738223627, -0.00438926601782, 0.0187538042665, -0.0083651188761], [0.000290417287033, -0.00175517995376, 0.00124145473819, -0.000670477165841, 0.000834515260067, 0.00540908565745, -0.00449440674856, 0.00193491345271, 0.00391225330532, -0.000918678881135, -0.00193470530212, -0.0083651188761, 0.0211188290268]]
    },
    "melbands": {
        "dmean": [1.79558753644e-07, 6.15357791389e-08, 7.25169684301e-08, 1.46880574903e-06, 5.75518643018e-05, 0.000563317502383, 0.000232486461755, 7.21079686627e-06, 1.01534615169e-05, 9.16422795854e-05, 0.000521625508554, 0.000130090658786, 1.67181078723e-05, 2.69042084255e-05, 1.4005066987e-05, 7.4000472523e-06, 5.65526788705e-05, 6.90652741469e-05, 3.62806713383e-05, 2.25848980335e-05, 6.63449100102e-06, 5.8433729464e-06, 7.50164281271e-06, 1.75891782419e-05, 1.16404526125e-05, 7.84791063779e-06, 1.4156391444e-05, 2.47582238444e-06, 2.53417795193e-07, 4.65198368715e-08, 2.79972791617e-08, 2.23130083299e-08, 4.46533086063e-08, 1.3121372433e-07, 1.98737325263e-07, 3.6010948179e-07, 3.01735411767e-07, 8.81674253606e-08, 3.02626936843e-08, 3.84782836704e-08],
        "dmean2": [2.54902118968e-07, 1.09360300371e-07, 1.309782931e-07, 2.87684338218e-06, 9.70172259258e-05, 0.000940019148402, 0.000395132112317, 1.29992668008e-05, 1.82741296157e-05, 0.000156100591994, 0.000915935088415, 0.000247110496275, 2.7135351047e-05, 4.61549352622e-05, 2.66496972472e-05, 1.23927065943e-05, 0.000105910869024, 0.000123674311908, 5.62003588129e-05, 3.79703960789e-05, 1.02133099062e-05, 9.8698264992e-06, 1.30892212837e-05, 2.984414823e-05, 1.82219628186e-05, 1.21383191072e-05, 2.00771264645e-05, 4.04127104048e-06, 3.89927407696e-07, 6.67253061692e-08, 4.46262511389e-08, 3.57299114739e-08, 6.88051713382e-08, 2.00997106958e-07, 3.15659235639e-07, 5.78907190629e-07, 4.70171556799e-07, 1.30914557417e-07, 4.23564365803e-08, 5.87628257165e-08],
        "dvar": [9.81884725978e-14, 1.39140069366e-14, 2.16747057585e-14, 3.13383763384e-11, 3.90201329026e-08, 3.64307584277e-06, 4.2027218683e-07, 2.6612034798e-10, 1.15003750967e-09, 5.80164751796e-08, 3.77379660677e-06, 3.67160112091e-07, 3.26449489663e-09, 7.40820693679e-09, 5.75962877392e-09, 4.79164041778e-10, 4.41598793088e-08, 7.12230132649e-08, 5.99705973769e-09, 3.02061353707e-09, 1.26302190928e-10, 1.54458307255e-10, 4.64543958856e-10, 1.57329305139e-09, 4.86803819477e-10, 3.41972200557e-10, 3.78183084848e-09, 4.13018230727e-11, 5.67480307537e-13, 1.95027489573e-14, 8.76959807127e-15, 3.30343336473e-15, 7.66146382989e-15, 7.45975208146e-14, 2.46321870236e-13, 8.91783066663e-13, 4.20691883022e-13, 2.90888325797e-14, 3.48956843137e-15, 8.41269565675e-15],
        "dvar2": [1.71321873246e-13, 3.74432337349e-14, 5.99402526311e-14, 9.21716314384e-11, 9.64523181324e-08, 9.29596080823e-06, 9.90013063529e-07, 7.10272118898e-10, 3.12919823386e-09, 1.5550457988e-07, 1.0622251466e-05, 1.0834959312e-06, 7.80904496622e-09, 2.00590548616e-08, 1.70417973067e-08, 9.49298972763e-10, 1.29004973815e-07, 2.00855936328e-07, 1.20146452787e-08, 7.38224192887e-09, 2.86150381168e-10, 4.09684064451e-10, 1.2827096052e-09, 3.67186703265e-09, 1.13167941684e-09, 7.26215920732e-10, 8.22860179994e-09, 9.75798677971e-11, 1.17781891011e-12, 4.47096583389e-14, 2.2069296057e-14, 8.66495307987e-15, 1.7004955522e-14, 1.77220556481e-13, 6.20876017699e-13, 2.13930088921e-12, 8.77421507846e-13, 5.97803124819e-14, 8.02950726877e-15, 2.07087290567e-14],
        "max": [3.14184558192e-06, 7.86460930158e-07, 9.64812556958e-07, 3.38201170962e-05, 0.00197254610248, 0.0168852154166, 0.00377597776242, 0.000101766170701, 0.000279781612335, 0.00140520604327, 0.0140180876479, 0.0046586021781, 0.000498583714943, 0.000578962964937, 0.000612234813161, 0.000175679058884, 0.00150719203521, 0.00207678950392, 0.00047766638454, 0.000375031784642, 5.9619294916e-05, 6.59452416585e-05, 0.000156703288667, 0.000242981725023, 0.000124124504509, 0.000170216735569, 0.000627001922112, 3.52670867869e-05, 4.76881132272e-06, 1.29686043238e-06, 8.30603141821e-07, 3.98023843218e-07, 5.48478055862e-07, 1.80339202416e-06, 3.28430678564e-06, 6.10720235272e-06, 3.62148648492e-06, 9.53647713686e-07, 4.4057969717e-07, 6.04328874942e-07],
        "mean": [2.10366081888e-07, 5.25630241555e-08, 6.01355409913e-08, 8.07604351394e-07, 7.8990124166e-05, 0.000462625030195, 0.00016745548055, 5.76164848098e-06, 8.11172139947e-06, 8.06695097708e-05, 0.000337875535479, 7.33488923288e-05, 1.27404891828e-05, 1.88554713532e-05, 8.22313268145e-06, 7.34168997951e-06, 3.6919809645e-05, 4.86740427732e-05, 3.60271042155e-05, 1.91638955584e-05, 6.42963232167e-06, 4.877208994e-06, 6.06243065704e-06, 1.7058724552e-05, 1.05590434032e-05, 7.21676315152e-06, 1.2046332813e-05, 2.13264775084e-06, 2.3310575159e-07, 4.51372947907e-08, 2.56423149381e-08, 2.01937684352e-08, 4.78707988805e-08, 1.45442385246e-07, 2.08903642829e-07, 3.53823395471e-07, 3.19885145927e-07, 9.73102061153e-08, 3.20865716219e-08, 3.38237668984e-08],
        "median": [5.68333682338e-08, 1.65170543909e-08, 8.05195199405e-09, 2.14762536643e-08, 8.58283257799e-08, 2.67865004844e-07, 1.59618195994e-07, 8.36042772789e-08, 1.3094054907e-07, 1.23311153288e-07, 1.55419542125e-07, 1.14903912163e-07, 3.11976720013e-07, 9.3618105268e-08, 9.29523125137e-08, 1.16400450167e-07, 2.18163350496e-07, 6.84775841364e-07, 1.35062191475e-06, 9.27786459215e-07, 4.68890931415e-07, 2.83370127363e-07, 2.03576533409e-07, 5.96931101882e-07, 3.77726536271e-07, 1.7187463186e-07, 1.46149602642e-07, 4.45013412786e-08, 7.33162552891e-09, 1.45780199023e-09, 1.03203579016e-09, 1.62161739592e-09, 5.78899550518e-09, 1.68191274241e-08, 2.75272604711e-08, 3.49408715294e-08, 3.27433653524e-08, 8.52615311686e-09, 4.16639123202e-09, 2.5371176271e-09],
        "min": [1.25994592363e-14, 8.84031685204e-15, 4.68818675558e-15, 2.06922525718e-15, 1.21298887343e-15, 8.31367549351e-16, 2.78451758196e-16, 2.61593870252e-16, 6.41081227173e-16, 4.50130037072e-16, 2.97594173408e-16, 8.51407290092e-16, 1.18743897161e-15, 1.48286998169e-15, 1.70044225266e-15, 9.18421731082e-16, 7.93570556964e-16, 7.12916609122e-16, 8.23512430496e-16, 5.56431242584e-16, 4.73505499438e-16, 7.27347509445e-16, 1.28672690314e-15, 1.43065918846e-15, 8.4149689873e-16, 8.78457975477e-16, 2.53624931344e-16, 1.7655266232e-16, 3.44807684009e-16, 9.80930962644e-16, 7.63591519862e-16, 1.38037968329e-16, 9.15577500324e-17, 1.25344782568e-16, 2.93555520316e-16, 4.29793967148e-16, 2.73973786171e-16, 3.06198651724e-16, 1.9372572593e-16, 2.26135668181e-16],
        "stdev": [4.19039224653e-07, 1.06423605928e-07, 1.29293880491e-07, 4.06062144975e-06, 0.000274587975582, 0.00179113540798, 0.000599799852353, 1.42132330438e-05, 2.87138354906e-05, 0.000217115695705, 0.00151625520084, 0.000440280477051, 5.28190939804e-05, 7.13457411621e-05, 5.50211989321e-05, 2.68240473815e-05, 0.000158683906193, 0.000208381010452, 8.48762647365e-05, 5.13500745001e-05, 1.20892073028e-05, 1.1147872101e-05, 1.79665330506e-05, 4.36649752373e-05, 2.26839692914e-05, 2.01756720344e-05, 6.30382710369e-05, 6.47885053695e-06, 7.79956337738e-07, 1.46302184589e-07, 8.54717896459e-08, 5.06608479611e-08, 9.56107086836e-08, 2.86413410322e-07, 4.65508207981e-07, 9.03786769868e-07, 6.84297447151e-07, 1.90294272784e-07, 6.42115267624e-08, 9.09619402023e-08],
