{
"lowlevel": {
    "average_loudness": 0.162924692035,
    "barkbands_crest": {
        "dmean": 1.47658729553,
        "dmean2": 2.57255148888,
        "dvar": 5.47632884979,
        "dvar2": 15.6522111893,
        "max": 26.9983615875,
        "mean": 21.3961734772,
        "median": 25.8178749084,
        "min": 5.36704969406,
        "stdev": 6.72576761246,
        "var": 45.23595047
    },
    "barkbands_flatness_db": {
        "dmean": 0.019174894318,
        "dmean2": 0.0260918661952,
        "dvar": 0.00045033308561,
        "dvar2": 0.000589899951592,
        "max": 0.793278694153,
        "mean": 0.385169148445,
        "median": 0.345367759466,
        "min": 0.0620884560049,
        "stdev": 0.248958826065,
        "var": 0.0619804933667
    },
    "barkbands_kurtosis": {
        "dmean": 973.040588379,
        "dmean2": 1369.66906738,
        "dvar": 8448954,
        "dvar2": 24266792,
        "max": 34051.5039062,
        "mean": 2413.14916992,
        "median": 20.1959972382,
        "min": -1.56215131283,
        "stdev": 6112.04931641,
        "var": 37357144
    },
    "barkbands_skewness": {
        "dmean": 4.41727399826,
        "dmean2": 7.260201931,
        "dvar": 98.375579834,
        "dvar2": 237.904266357,
        "max": 48.4762916565,
        "mean": -13.3050451279,
        "median": -0.70258885622,
        "min": -134.313323975,
        "stdev": 33.724609375,
        "var": 1137.34936523
    },
    "barkbands_spread": {
        "dmean": 7.20129585266,
        "dmean2": 12.6878452301,
        "dvar": 115.159042358,
        "dvar2": 357.958770752,
        "max": 106.419464111,
        "mean": 30.0560054779,
        "median": 5.0849404335,
        "min": 0.00601439690217,
        "stdev": 36.0890007019,
        "var": 1302.41589355
    },
    "dissonance": {
        "dmean": 0.0022880746983,
        "dmean2": 0.00371213932522,
        "dvar": 2.25775202125e-05,
        "dvar2": 4.22460580012e-05,
        "max": 0.500000178814,
        "mean": 0.496550530195,
        "median": 0.498933106661,
        "min": 0.453145325184,
        "stdev": 0.00581822730601,
        "var": 3.38517675118e-05
    },
    "dynamic_complexity": 32.5279922485,
    "erbbands_crest": {
        "dmean": 0.311210602522,
        "dmean2": 0.443253099918,
        "dvar": 0.691068887711,
        "dvar2": 0.9152790308,
        "max": 25.0358314514,
        "mean": 20.44049263,
        "median": 24.8522338867,
        "min": 2.53061294556,
        "stdev": 7.53966188431,
        "var": 56.8465042114
    },
    "erbbands_flatness_db": {
        "dmean": 0.0115359714255,
        "dmean2": 0.0134370196611,
        "dvar": 0.000276363949524,
        "dvar2": 0.000187971294508,
        "max": 0.76028829813,
        "mean": 0.392798215151,
        "median": 0.41127705574,
        "min": 0.0382481738925,
        "stdev": 0.250336110592,
        "var": 0.0626681670547
    },
    "erbbands_kurtosis": {
        "dmean": 5.45219230652,
        "dmean2": 6.6533203125,
        "dvar": 46.636554718,
        "dvar2": 80.5003967285,
        "max": 180.022079468,
        "mean": 40.8038291931,
        "median": 16.7722225189,
        "min": -0.406944990158,
        "stdev": 48.5944290161,
        "var": 2361.41845703
    },
    "erbbands_skewness": {
        "dmean": 0.605778098106,
        "dmean2": 0.919505238533,
        "dvar": 0.914488017559,
        "dvar2": 2.65338540077,
        "max": 8.51436424255,
        "mean": 0.5757766366,
        "median": 0.35764554143,
        "min": -6.16866827011,
        "stdev": 2.49606800079,
        "var": 6.23035573959
    },
    "erbbands_spread": {
        "dmean": 2.10641694069,
        "dmean2": 3.33265781403,
        "dvar": 16.2772083282,
        "dvar2": 45.145488739,
        "max": 83.7179946899,
        "mean": 14.8813810349,
        "median": 1.01575958729,
        "min": 0.280316352844,
        "stdev": 24.3429679871,
        "var": 592.580078125
    },
    "hfc": {
        "dmean": 3.26337170601,
        "dmean2": 1.45935201645,
        "dvar": 343.689178467,
        "dvar2": 132.185134888,
        "max": 453.608734131,
        "mean": 11.8261833191,
        "median": 0.00448076240718,
        "min": 8.04465707915e-06,
        "stdev": 49.3638000488,
        "var": 2436.78466797
    },
    "loudness_ebu128": {
        "integrated": -26.7691078186,
        "loudness_range": 10.3359394073,
        "momentary": {
            "dmean": 2.21324896812,
            "dmean2": 0.193987444043,
            "dvar": 0.961103498936,
            "dvar2": 0.0812632516026,
            "max": -20.7433986664,
            "mean": -59.8594017029,
            "median": -62.6602783203,
            "min": -84.9276199341,
            "stdev": 20.2294502258,
            "var": 409.230651855
        },
        "short_term": {
            "dmean": 3.44531321526,
            "dmean2": 0.473286628723,
            "dvar": 0.161449000239,
            "dvar2": 0.0545198023319,
            "max": -29.2835979462,
            "mean": -34.6882095337,
            "median": -34.9248542786,
            "min": -39.6195373535,
            "stdev": 3.84222340584,
            "var": 14.7626800537
        }
    },
    "melbands_crest": {
        "dmean": 2.14136171341,
        "dmean2": 3.52125310898,
        "dvar": 9.75429725647,
        "dvar2": 27.6417369843,
        "max": 29.3341388702,
        "mean": 24.5340957642,
        "median": 27.9722213745,
        "min": 10.8895730972,
        "stdev": 5.39953708649,
        "var": 29.1549987793
    },
    "melbands_flatness_db": {
        "dmean": 0.0210699290037,
        "dmean2": 0.0280171968043,
        "dvar": 0.000638172088657,
        "dvar2": 0.000981234479696,
        "max": 0.776037216187,
        "mean": 0.404299885035,
        "median": 0.358537584543,
        "min": 0.100143231452,
        "stdev": 0.226712420583,
        "var": 0.0513985231519
    },
    "melbands_kurtosis": {
        "dmean": 35.8847503662,
        "dmean2": 56.219707489,
        "dvar": 2824.45288086,
        "dvar2": 8024.62841797,
        "max": 555.247253418,
        "mean": 128.496963501,
        "median": 40.6261138916,
        "min": -1.92687761784,
        "stdev": 161.000747681,
        "var": 25921.2402344
    },
    "melbands_skewness": {
        "dmean": 1.47002470493,
        "dmean2": 2.27215695381,
        "dvar": 1.7014298439,
        "dvar2": 4.27739953995,
        "max": 13.961473465,
        "mean": -1.75471961498,
        "median": -0.165415495634,
        "min": -18.0796127319,
        "stdev": 8.09988880157,
        "var": 65.6081924438
    },
    "melbands_spread": {
        "dmean": 8.70030021667,
        "dmean2": 13.9953432083,
        "dvar": 162.360153198,
        "dvar2": 425.890563965,
        "max": 114.908721924,
        "mean": 31.017999649,
        "median": 13.085100174,
        "min": 0.211039587855,
        "stdev": 37.4592666626,
        "var": 1403.19665527
    },
    "pitch_salience": {
        "dmean": 0.0451598390937,
        "dmean2": 0.0773609802127,
        "dvar": 0.00552879273891,
        "dvar2": 0.010024686344,
        "max": 0.788503229618,
        "mean": 0.204451039433,
        "median": 0.111388206482,
        "min": 0.00257382984273,
        "stdev": 0.201790824533,
        "var": 0.0407195352018
    },
    "silence_rate_20dB": {
        "dmean": 0,
        "dmean2": 0,
        "dvar": 0,
        "dvar2": 0,
        "max": 1,
        "mean": 1,
        "median": 1,
        "min": 1,
        "stdev": 0,
        "var": 0
    },
    "silence_rate_30dB": {
        "dmean": 0,
        "dmean2": 0,
        "dvar": 0,
        "dvar2": 0,
        "max": 1,
        "mean": 1,
        "median": 1,
        "min": 1,
        "stdev": 0,
        "var": 0
    },
    "silence_rate_60dB": {
        "dmean": 0.00719424476847,
        "dmean2": 0.0144927538931,
        "dvar": 0.00714247021824,
        "dvar2": 0.0142827201635,
        "max": 1,
        "mean": 0.87142854929,
        "median": 1,
        "min": 0,
        "stdev": 0.334725499153,
        "var": 0.112041160464
    },
    "spectral_centroid": {
        "dmean": 57.1369514465,
        "dmean2": 94.7317199707,
        "dvar": 15160.2783203,
        "dvar2": 46894.0390625,
        "max": 3200.94604492,
        "mean": 2647.06542969,
        "median": 2636.81494141,
        "min": 2249.40014648,
        "stdev": 100.772697449,
        "var": 10155.1367188
    },
    "spectral_complexity": {
        "dmean": 0.172661870718,
        "dmean2": 0.173913046718,
        "dvar": 3.46659374237,
        "dvar2": 3.18714284897,
        "max": 24,
        "mean": 0.492857128382,
        "median": 0,
        "min": 0,
        "stdev": 2.05112218857,
        "var": 4.20710229874
    },
    "spectral_decrease": {
        "dmean": 9.2371131577e-11,
        "dmean2": 3.55696236354e-11,
        "dvar": 9.88479733402e-20,
        "dvar2": 3.07848835894e-20,
        "max": -6.04011094934e-16,
        "mean": -6.3067867595e-10,
        "median": -3.42267772284e-13,
        "min": -1.22496528476e-08,
        "stdev": 2.09743644675e-09,
        "var": 4.39923973308e-18
    },
    "spectral_energy": {
        "dmean": 0.000612601113971,
        "dmean2": 0.000146354432218,
        "dvar": 4.86244152853e-06,
        "dvar2": 4.66168643243e-07,
        "max": 0.0851508751512,
        "mean": 0.00345299392939,
        "median": 1.69821532836e-06,
        "min": 3.00935054653e-09,
        "stdev": 0.0121480729431,
        "var": 0.000147575672599
    },
    "spectral_energyband_high": {
        "dmean": 0.000284736976027,
        "dmean2": 0.00021803251002,
        "dvar": 6.62079037284e-06,
        "dvar2": 4.11376277043e-06,
        "max": 0.0395784527063,
        "mean": 0.000431480671978,
        "median": 5.99218541453e-09,
        "min": 5.88931070578e-10,
        "stdev": 0.00344346300699,
        "var": 1.18574380394e-05
    },
    "spectral_energyband_low": {
        "dmean": 3.871817853e-07,
        "dmean2": 4.31964195968e-07,
        "dvar": 1.50232864343e-11,
        "dvar2": 1.62261194064e-11,
        "max": 4.89846934215e-05,
        "mean": 4.57901990103e-07,
        "median": 1.3847621716e-08,
        "min": 1.40587086417e-09,
        "stdev": 4.14671103499e-06,
        "var": 1.71952140027e-11
    },
    "spectral_energyband_middle_high": {
        "dmean": 0.000532648526132,
        "dmean2": 0.000259773514699,
        "dvar": 3.76718548978e-06,
        "dvar2": 2.69358133664e-06,
        "max": 0.0592614375055,
        "mean": 0.00301304995082,
        "median": 1.66656161582e-06,
        "min": 1.39051492543e-10,
        "stdev": 0.00985501427203,
        "var": 9.71213084995e-05
    },
    "spectral_energyband_middle_low": {
        "dmean": 7.32258968128e-06,
        "dmean2": 7.00449845681e-06,
        "dvar": 6.67141053512e-09,
        "dvar2": 6.31079322133e-09,
        "max": 0.00101771124173,
        "mean": 7.87015869719e-06,
        "median": 2.14199147308e-09,
        "min": 2.04716577024e-10,
        "stdev": 8.57840423123e-05,
        "var": 7.35890193226e-09
    },
    "spectral_entropy": {
        "dmean": 0.114406242967,
        "dmean2": 0.120223738253,
        "dvar": 0.0520563870668,
        "dvar2": 0.0125629706308,
        "max": 8.76919460297,
        "mean": 5.2561006546,
        "median": 4.81082868576,
        "min": 2.21560335159,
        "stdev": 2.52099394798,
        "var": 6.35541009903
    },
    "spectral_flux": {
        "dmean": 0.00211143866181,
        "dmean2": 0.00213279458694,
        "dvar": 0.000254100683378,
        "dvar2": 0.000279229687294,
        "max": 0.291806221008,
        "mean": 0.00598429050297,
        "median": 0.000159875868121,
        "min": 6.7147630034e-05,
        "stdev": 0.0312916599214,
        "var": 0.000979167991318
    },
    "spectral_kurtosis": {
        "dmean": 14.2540960312,
        "dmean2": 27.7100715637,
        "dvar": 939.156616211,
        "dvar2": 3580.19091797,
        "max": 259.648132324,
        "mean": 44.6494789124,
        "median": 12.7369384766,
        "min": 0.961531162262,
        "stdev": 58.1186408997,
        "var": 3377.77661133
    },
    "spectral_rms": {
        "dmean": 6.59316356177e-05,
        "dmean2": 1.04588098111e-05,
        "dvar": 2.53262335548e-08,
        "dvar2": 1.39746159089e-09,
        "max": 0.00911449547857,
        "mean": 0.000748383172322,
        "median": 4.06834333262e-05,
        "min": 1.71346198385e-06,
        "stdev": 0.00167591637,
        "var": 2.8086956263e-06
    },
    "spectral_rolloff": {
        "dmean": 1259.15026855,
        "dmean2": 2199.0390625,
        "dvar": 6903906,
        "dvar2": 21390436,
        "max": 13630.5175781,
        "mean": 3608.50292969,
        "median": 2648.58398438,
        "min": 86.1328125,
        "stdev": 2490.88378906,
        "var": 6204501.5
    },
    "spectral_skewness": {
        "dmean": 0.54332113266,
        "dmean2": 0.9908593297,
        "dvar": 0.757018387318,
        "dvar2": 2.85805368423,
        "max": 14.0200309753,
        "mean": 4.73264837265,
        "median": 3.10359144211,
        "min": 1.06724047661,
        "stdev": 3.73129367828,
        "var": 13.9225530624
    },
    "spectral_spread": {
        "dmean": 475946.125,
        "dmean2": 845734.5,
        "dvar": 132192378880,
        "dvar2": 444081569792,
        "max": 11949594,
        "mean": 5152680,
        "median": 4327835,
        "min": 468337.125,
        "stdev": 3507654.5,
        "var": 1.2303639511e+13
    },
    "spectral_strongpeak": {
        "dmean": 0.307767093182,
        "dmean2": 0.168872848153,
        "dvar": 2.37856245041,
        "dvar2": 2.53516721725,
        "max": 25.0289287567,
        "mean": 2.19834780693,
        "median": 0.127888679504,
        "min": 0,
        "stdev": 4.76534080505,
        "var": 22.7084712982
    },
    "zerocrossingrate": {
        "dmean": 0.00732070580125,
        "dmean2": 0.0107740322128,
        "dvar": 0.000245154398726,
        "dvar2": 0.000365983694792,
        "max": 0.21875,
        "mean": 0.137953400612,
        "median": 0.11962890625,
        "min": 0.0419921875,
        "stdev": 0.0290868841112,
        "var": 0.00084604677977
    },
    "barkbands": {
        "dmean": [3.97525816709e-08, 1.25894118241e-07, 1.47633130609e-07, 2.23212850869e-07, 5.89145429331e-07, 5.48514094589e-07, 6.14396412857e-07, 7.69255393607e-07, 3.43643955603e-06, 4.95472659168e-06, 2.0289328404e-06, 1.68198113215e-07, 1.4006661786e-07, 2.22276312911e-07, 2.50992638939e-06, 3.35094523507e-06, 0.000578980776481, 2.86144240818e-05, 3.9586807361e-06, 7.50755725676e-06, 4.11013461417e-05, 3.06274814648e-05, 3.23886124534e-05, 7.78683097451e-05, 7.69406324252e-05, 2.00028298423e-05, 3.01272189063e-06],
        "dmean2": [5.12765829797e-08, 1.64814977666e-07, 1.41143374321e-07, 2.37041149376e-07, 5.6560224948e-07, 5.19842160429e-07, 6.29130056495e-07, 6.89796081588e-07, 3.36109224008e-06, 4.84188285554e-06, 1.9558697204e-06, 1.29743426669e-07, 8.22742194373e-08, 1.57965260428e-07, 2.46684408012e-06, 3.03865635942e-06, 0.000307353766402, 2.80586955341e-05, 3.74957562599e-06, 7.37114987714e-06, 4.07787592849e-05, 3.01161817333e-05, 2.58725031017e-05, 7.7573065937e-05, 6.52436428936e-05, 1.92572242668e-05, 3.02688999909e-06],
        "dvar": [8.86050469649e-14, 8.12341947182e-13, 2.53276609755e-12, 5.92253720025e-12, 3.42001080234e-11, 3.64977874312e-11, 4.32067159828e-11, 6.40605554714e-11, 1.53638590739e-09, 3.17927706384e-09, 5.11905684508e-10, 2.39207091635e-12, 1.16087868485e-12, 3.63203434342e-12, 8.27294621697e-10, 1.2631394819e-09, 5.44548447579e-06, 1.07066192356e-07, 1.91325466581e-09, 7.35528082885e-09, 2.26169447615e-07, 1.23376111105e-07, 9.4607344181e-08, 8.18462240204e-07, 2.54088774909e-07, 5.04955366409e-08, 1.24586430061e-09],
        "dvar2": [8.37834304972e-14, 1.25490351617e-12, 2.24177816067e-12, 6.0928211261e-12, 2.694876787e-11, 3.41073766452e-11, 4.22064293237e-11, 5.02947059e-11, 1.49857304343e-09, 3.04623548608e-09, 4.71590044793e-10, 1.46135284863e-12, 3.37586892035e-13, 2.08935408037e-12, 8.10847944344e-10, 1.05457031996e-09, 4.63397100248e-06, 1.04218919716e-07, 1.80490666857e-09, 7.04379665706e-09, 2.2261581023e-07, 1.19276265309e-07, 6.05216712302e-08, 8.08441882327e-07, 2.43858778504e-07, 4.66966767476e-08, 1.24934318446e-09],
        "max": [3.64786137652e-06, 1.16365481517e-05, 2.03640811378e-05, 3.03597353195e-05, 7.91291313362e-05, 7.62303970987e-05, 8.53898818605e-05, 0.000106918159872, 0.000477653346024, 0.000688639411237, 0.000282012886601, 2.33679602388e-05, 1.94555195776e-05, 3.08839698846e-05, 0.000348862027749, 0.000465754827019, 0.058996591717, 0.00397734344006, 0.000550235272385, 0.00104353320785, 0.00571307959035, 0.00425720959902, 0.00450200820342, 0.0108236931264, 0.0106947496533, 0.00278037250973, 0.000418743118644],
        "mean": [4.10301943532e-08, 1.58746772172e-07, 1.64762667509e-07, 2.45562631562e-07, 6.86668215621e-07, 6.01966178237e-07, 7.20290927347e-07, 8.78077230482e-07, 3.56798659595e-06, 5.1283132052e-06, 2.16344142245e-06, 2.20567670794e-07, 2.19786542743e-07, 3.21272722204e-07, 2.58866111835e-06, 3.74667160941e-06, 0.00296053336933, 2.95342942991e-05, 4.31028774983e-06, 7.7109425547e-06, 4.15997383243e-05, 3.12877127726e-05, 4.08342311857e-05, 7.83145806054e-05, 0.00021269316494, 2.08338733501e-05, 3.00229999084e-06],
        "median": [1.21547802934e-08, 7.56651097333e-09, 8.60905458033e-10, 1.7626615445e-10, 1.4281477112e-09, 1.54672052943e-10, 9.40589411913e-11, 7.87610046626e-11, 1.2536707783e-10, 1.0070766443e-10, 8.06766528583e-11, 1.01771632788e-10, 1.72023478795e-10, 9.75890132593e-11, 1.21425092203e-10, 1.74432635003e-10, 1.66543668456e-06, 2.41898168163e-10, 2.29961633069e-10, 2.76557443613e-10, 3.72639030743e-10, 4.35542935051e-10, 4.97633600993e-10, 6.62561894238e-10, 9.74210934146e-10, 1.28783417264e-09, 1.87680426755e-09],
        "min": [1.03611963453e-09, 4.47978432128e-10, 1.51094293327e-11, 5.70305001141e-12, 9.43287670196e-11, 1.94603656106e-11, 1.43063842023e-11, 1.09017291722e-11, 1.59800627592e-11, 1.2303719675e-11, 7.37552033336e-12, 9.02614528259e-12, 1.59164435104e-11, 6.21201614454e-12, 7.4546185197e-12, 1.49665141391e-11, 1.77083903097e-11, 1.39851845382e-11, 1.70136821298e-11, 3.21979977402e-11, 2.9134028523e-11, 5.24127234669e-11, 4.8379932005e-11, 4.78480241539e-11, 7.14199741014e-11, 1.48758255714e-10, 1.72312719648e-10],
        "stdev": [3.06232919911e-07, 1.03360616777e-06, 1.71879821664e-06, 2.56262410403e-06, 6.71835050525e-06, 6.43003204459e-06, 7.23216317056e-06, 9.05974775378e-06, 4.02319819841e-05, 5.80045416427e-05, 2.37697022385e-05, 2.02153864848e-06, 1.78249433702e-06, 2.72486454378e-06, 2.93811590382e-05, 3.93904920202e-05, 0.00964578799903, 0.000334984302754, 4.64077966171e-05, 8.78916180227e-05, 0.000481106952066, 0.000358541670721, 0.000386832718505, 0.000911466951948, 0.00119658070616, 0.000234291292145, 3.52628012479e-05],
        "var": [9.37785954577e-14, 1.06834159574e-12, 2.95426747302e-12, 6.56704248272e-12, 4.51362315579e-11, 4.13453125903e-11, 5.23041852885e-11, 8.20790310718e-11, 1.61861224424e-09, 3.36452665728e-09, 5.64998714481e-10, 4.0866186303e-12, 3.17728612517e-12, 7.42488622668e-12, 8.63252469507e-10, 1.55161083981e-09, 9.30412206799e-05, 1.12214479486e-07, 2.15368367584e-09, 7.72493624623e-09, 2.3146388628e-07, 1.28552130718e-07, 1.49639546976e-07, 8.30771966776e-07, 1.43180534451e-06, 5.4892410617e-08, 1.24346510866e-09]
    },
    "erbbands": {
        "dmean": [3.48400249095e-06, 3.01533782476e-05, 0.00013374327682, 0.000531297700945, 0.00137450301554, 0.00232210662216, 0.0014227029169, 0.00576442293823, 0.00838795956224, 0.0124143445864, 0.0213415585458, 0.0720179826021, 0.136685952544, 0.159314334393, 0.0363222770393, 0.00924384407699, 0.00732847861946, 0.0122685944661, 0.105088286102, 0.0973962396383, 0.607995450497, 21.4822654724, 11.7445230484, 0.555533468723, 0.234432578087, 0.412011265755, 1.51273334026, 1.5389277935, 1.13835859299, 0.649233043194, 1.09736561775, 0.915356934071, 1.7535148859, 1.45694279671, 0.210804641247, 0.0359187424183, 0.0734991431236, 0.00339653016999, 0.000473480176879, 4.92143226438e-05],
        "dmean2": [4.1881821744e-06, 4.00164426537e-05, 0.000124667174532, 0.000559311243705, 0.00126126175746, 0.00227976846509, 0.00123048492242, 0.00550885731354, 0.00891281943768, 0.0109756970778, 0.0196646936238, 0.0706720650196, 0.13531139493, 0.153348743916, 0.0328594408929, 0.0076451394707, 0.00511556304991, 0.00917260348797, 0.100838407874, 0.0882287994027, 0.31791421771, 10.9493703842, 5.81482601166, 0.351491630077, 0.216972336173, 0.402554243803, 1.49210035801, 1.53110575676, 1.12298309803, 0.605155229568, 0.808754980564, 0.888567686081, 1.69412100315, 1.65061879158, 0.106590777636, 0.0327578559518, 0.070266790688, 0.00329404394142, 0.000469850201625, 4.79114969494e-05],
        "dvar": [7.38627659036e-10, 4.66625209583e-08, 1.90573325654e-06, 3.44109867001e-05, 0.000208559897146, 0.000484088493977, 0.000206987489946, 0.00409259693697, 0.00849061459303, 0.0164689812809, 0.0523801483214, 0.675918102264, 2.48896551132, 3.1914665699, 0.147646799684, 0.00809782557189, 0.00388658349402, 0.0119695262983, 1.38336598873, 1.00689589977, 10.7837781906, 6443.11181641, 1966.73791504, 12.6417427063, 6.40094137192, 22.0340576172, 302.82510376, 318.843231201, 171.533630371, 49.9671287537, 95.9761123657, 107.443260193, 389.092315674, 106.261405945, 2.12361383438, 0.145750463009, 0.672617852688, 0.00147656165063, 3.00118936138e-05, 3.12114281087e-07],
        "dvar2": [1.04144037838e-09, 7.09887260086e-08, 1.64916207268e-06, 3.5521989048e-05, 0.000183228301466, 0.000374028488295, 0.000171946929186, 0.00381588493474, 0.00863751489669, 0.0137318279594, 0.0445680692792, 0.664089918137, 2.46190404892, 2.9534637928, 0.122885994613, 0.00593638047576, 0.00186929362826, 0.00822815485299, 1.31681621075, 0.968954861164, 7.11623239517, 5024.98339844, 1453.42883301, 10.4242200851, 6.19933223724, 21.1523952484, 295.099273682, 315.014068604, 166.757568359, 44.0098609924, 50.3750572205, 101.540023804, 368.539245605, 152.84437561, 0.707812309265, 0.125406011939, 0.613937973976, 0.00138929591049, 2.95532754535e-05, 3.0489198366e-07],
        "max": [0.000328960799379, 0.00287214410491, 0.0182254984975, 0.0720844268799, 0.190096586943, 0.298936516047, 0.197671145201, 0.80106574297, 1.15782046318, 1.72539567947, 2.96626496315, 10.0102043152, 18.9981861115, 22.1444091797, 5.04771709442, 1.28448903561, 1.01824569702, 1.70514690876, 14.607093811, 13.5379247665, 84.5112991333, 2337.55517578, 1264.35546875, 77.2190628052, 32.5859336853, 57.269367218, 210.269790649, 213.910903931, 158.231781006, 90.243057251, 152.533676147, 127.234413147, 243.738586426, 202.515075684, 29.3017101288, 4.99263286591, 10.2163410187, 0.472101777792, 0.0658102110028, 0.00684054614976],
        "mean": [3.92461424781e-06, 3.96809300582e-05, 0.000158520109835, 0.000569266558159, 0.00160738325212, 0.00262334942818, 0.00174875732046, 0.00623195292428, 0.00936761591583, 0.0145820342004, 0.0237021744251, 0.0750120282173, 0.139581143856, 0.16766063869, 0.040938206017, 0.0115536330268, 0.0104963155463, 0.0175439491868, 0.114541992545, 0.157859861851, 2.6352212429, 117.241668701, 64.9267044067, 2.11952829361, 0.327621519566, 0.432884991169, 1.54280793667, 1.5524187088, 1.15877151489, 0.705475151539, 1.47195005417, 0.951216876507, 1.8948597908, 4.43098783493, 0.453588068485, 0.0425707474351, 0.0772494003177, 0.00353321176954, 0.000483553973027, 5.49888536625e-05],
        "median": [2.42367292458e-07, 1.60909485203e-06, 1.8665132302e-06, 7.74848729179e-07, 2.24553468797e-06, 6.45496311336e-06, 1.36118092087e-06, 1.31028150463e-06, 1.45037893162e-06, 1.43972147271e-06, 1.95512302525e-06, 2.76289074463e-06, 3.41807822224e-06, 3.05705225401e-06, 3.69992176275e-06, 4.32929391536e-06, 7.61733826948e-06, 6.83128155288e-06, 8.62396882439e-06, 4.06707513321e-05, 0.00123287911993, 0.0646138712764, 0.036463983357, 0.000964378705248, 6.52723174426e-05, 1.83907868632e-05, 1.73861808435e-05, 1.69302875292e-05, 1.64847224369e-05, 1.63829390658e-05, 1.51038320837e-05, 1.39953208418e-05, 1.19465648822e-05, 1.00981924334e-05, 7.56437202654e-06, 4.78394031234e-06, 2.52669383372e-06, 1.03814295471e-06, 2.74439656778e-07, 3.19480406574e-08],
        "min": [2.32075620943e-08, 3.12227186328e-08, 4.56879512001e-08, 5.87391610907e-08, 7.8293915351e-08, 2.34342408589e-07, 2.01522055931e-07, 1.51735662257e-07, 1.78875538381e-07, 2.5776554935e-07, 2.45065194804e-07, 3.40659880749e-07, 5.65773120798e-07, 5.07763616042e-07, 2.22220734258e-07, 3.85391928148e-07, 7.26847133592e-07, 4.87913609959e-07, 2.23565322699e-07, 5.3312601267e-07, 1.09362360945e-06, 8.20317779926e-07, 6.37759455913e-07, 8.96551853202e-07, 9.60996999311e-07, 1.5806671172e-06, 7.18858302662e-07, 1.63621768934e-06, 1.78032269105e-06, 2.06179424822e-06, 1.39164308166e-06, 8.78556477346e-07, 8.31238708088e-07, 7.69536882217e-07, 5.15934232226e-07, 7.0965455734e-07, 2.15823931171e-07, 9.51118366288e-08, 2.36741595216e-08, 2.49671860963e-09],
        "stdev": [2.83699137071e-05, 0.000256476108916, 0.00154259917326, 0.00607745489106, 0.0160912387073, 0.0254132114351, 0.0168238356709, 0.0675349608064, 0.0977752432227, 0.146360605955, 0.250620484352, 0.843134999275, 1.59986102581, 1.86606287956, 0.426989078522, 0.109909318388, 0.0898756682873, 0.149105742574, 1.23093056679, 1.15660631657, 9.89761734009, 384.023345947, 211.250274658, 8.36842346191, 2.7578933239, 4.82321405411, 17.7079582214, 18.0134353638, 13.3256340027, 7.61642694473, 13.2910585403, 10.718460083, 20.5352840424, 24.2705879211, 2.83980202675, 0.42218157649, 0.861108958721, 0.0397714041173, 0.00554163381457, 0.000576105958316],
        "var": [8.04852018366e-10, 6.57800001136e-08, 2.37961216953e-06, 3.69354602299e-05, 0.000258927961113, 0.000645831343718, 0.000283041415969, 0.00456097116694, 0.00955999828875, 0.0214214287698, 0.0628106221557, 0.710876643658, 2.55955529213, 3.4821908474, 0.182319685817, 0.0120800584555, 0.0080776354298, 0.022232523188, 1.5151900053, 1.33773803711, 97.9628295898, 147473.9375, 44626.6796875, 70.0305099487, 7.60597515106, 23.2633934021, 313.571777344, 324.483856201, 177.572509766, 58.0099601746, 176.652236938, 114.885391235, 421.697875977, 589.061462402, 8.06447505951, 0.178237274289, 0.741508662701, 0.00158176454715, 3.07097034238e-05, 3.31898093009e-07]
    },
    "gfcc": {
        "mean": [-596.90222168, -45.7531013489, -106.614997864, 54.5424346924, 18.316904068, -15.8931884766, -49.7989730835, 43.3492851257, -7.74666213989, -24.9515914917, -11.5837593079, 19.1917972565, -5.37402248383],
        "cov": [[20247.9257812, -3640.58618164, -4187.88916016, 781.578674316, 732.567687988, -1061.80102539, -2716.43188477, 2486.56860352, -199.322738647, -803.86920166, 155.279251099, -447.123596191, 910.883544922], [-3640.58618164, 1047.35559082, 1359.03930664, -329.544647217, -585.176574707, 448.389465332, 719.175415039, -651.589294434, 22.9408760071, 201.936279297, -104.357955933, 152.862380981, -275.901123047], [-4187.88916016, 1359.03930664, 2677.86914062, -765.530334473, -1503.0760498, 1117.6953125, 1048.40576172, -1091.09814453, -195.872344971, 545.745361328, -165.937683105, 29.9070682526, -249.969848633], [781.578674316, -329.544647217, -765.530334473, 298.331878662, 562.662536621, -352.146484375, -287.675964355, 337.487518311, 85.2737960815, -171.930664062, 64.4401779175, 15.5349998474, 53.5391273499], [732.567687988, -585.176574707, -1503.0760498, 562.662536621, 1164.68774414, -716.385009766, -503.169006348, 610.266662598, 180.348815918, -327.525695801, 128.72644043, 37.1816177368, 89.2827987671], [-1061.80102539, 448.389465332, 1117.6953125, -352.146484375, -716.385009766, 545.438537598, 403.736206055, -420.847625732, -116.029251099, 262.117584229, -63.705821991, -36.9395179749, -61.2207107544], [-2716.43188477, 719.175415039, 1048.40576172, -287.675964355, -503.169006348, 403.736206055, 624.64440918, -549.803344727, 5.42911958694, 231.06741333, -75.3108139038, 48.5413818359, -178.782196045], [2486.56860352, -651.589294434, -1091.09814453, 337.487518311, 610.266662598, -420.847625732, -549.803344727, 630.04888916, 73.0738677979, -250.444152832, 80.2627716064, -6.16874742508, 139.625106812], [-199.322738647, 22.9408760071, -195.872344971, 85.2737960815, 180.348815918, -116.029251099, 5.42911958694, 73.0738677979, 87.8145828247, -55.9166603088, 10.9755430222, 56.039100647, -40.2694511414], [-803.86920166, 201.936279297, 545.745361328, -171.930664062, -327.525695801, 262.117584229, 231.06741333, -250.444152832, -55.9166603088, 199.200820923, -3.19755005836, -63.737121582, -2.35130763054], [155.279251099, -104.357955933, -165.937683105, 64.4401779175, 128.72644043, -63.705821991, -75.3108139038, 80.2627716064, 10.9755430222, -3.19755005836, 43.1328048706, -13.7371463776, 40.753578186], [-447.123596191, 152.862380981, 29.9070682526, 15.5349998474, 37.1816177368, -36.9395179749, 48.5413818359, -6.16874742508, 56.039100647, -63.737121582, -13.7371463776, 113.1197052, -73.6080780029], [910.883544922, -275.901123047, -249.969848633, 53.5391273499, 89.2827987671, -61.2207107544, -178.782196045, 139.625106812, -40.2694511414, -2.35130763054, 40.753578186, -73.6080780029, 117.225852966]],
        "icov": [[0.00121371157002, -0.0014929745812, 0.00490941526368, -0.00895145628601, 0.00813607219607, -0.003110015532, 0.00150752987247, -0.00338612031192, 0.00228785444051, -0.00281636137515, 0.00435527041554, -0.000670728622936, -0.0010821968317], [-0.0014929745812, 0.030559880659, -0.02562706545, 0.01430575829, -0.00995036121458, 0.0218499042094, -0.0167772732675, 0.00746499141678, -0.0123517503962, 0.0265984777361, -0.0307604428381, 0.00338537502103, 0.0159669239074], [0.00490941526368, -0.02562706545, 0.0410678423941, -0.0409104377031, 0.0323983579874, -0.0332938693464, 0.014713877812, -0.015120443888, 0.0258114337921, -0.0383477397263, 0.0430375449359, -0.0160226561129, -0.0107451891527], [-0.00895145628601, 0.01430575829, -0.0409104377031, 0.120511680841, -0.0820828378201, 0.0186065286398, -0.00287895626388, 0.0269451774657, -0.0371598377824, 0.0374547727406, -0.0463450811803, 0.0164283383638, 0.0111123155802], [0.00813607219607, -0.00995036121458, 0.0323983579874, -0.0820828378201, 0.0749335512519, -0.00590216042474, -0.00328762619756, -0.0287316180766, 0.0256283823401, -0.0102643454447, 0.0057149650529, 0.00160649570171, -0.00339128938504], [-0.003110015532, 0.0218499042094, -0.0332938693464, 0.0186065286398, -0.00590216042474, 0.0626439452171, -0.0337620787323, -0.0108291711658, 0.0195617768914, 0.0131669891998, -0.0415607430041, 0.00661317724735, 0.0203018542379], [0.00150752987247, -0.0167772732675, 0.014713877812, -0.00287895626388, -0.00328762619756, -0.0337620787323, 0.045578032732, 0.0164164397866, -0.0347468927503, -0.0225182510912, 0.0411750636995, -0.00118705665227, -0.0111280949786], [-0.00338612031192, 0.00746499141678, -0.015120443888, 0.0269451774657, -0.0287316180766, -0.0108291711658, 0.0164164397866, 0.0373252779245, -0.0479602403939, 0.0275353752077, -0.0131539506838, 0.00930393859744, -0.00936906877905], [0.00228785444051, -0.0123517503962, 0.0258114337921, -0.0371598377824, 0.0256283823401, 0.0195617768914, -0.0347468927503, -0.0479602403939, 0.127156719565, -0.0617997199297, 0.0199093855917, -0.0422752015293, 0.0289658065885], [-0.00281636137515, 0.0265984777361, -0.0383477397263, 0.0374547727406, -0.0102643454447, 0.0131669891998, -0.0225182510912, 0.0275353752077, -0.0617997199297, 0.132479473948, -0.121233671904, 0.0661874487996, -0.00170288293157], [0.00435527041554, -0.0307604428381, 0.0430375449359, -0.0463450811803, 0.0057149650529, -0.0415607430041, 0.0411750636995, -0.0131539506838, 0.0199093855917, -0.121233671904, 0.192049145699, -0.0626195520163, -0.0425722636282], [-0.000670728622936, 0.00338537502103, -0.0160226561129, 0.0164283383638, 0.00160649570171, 0.00661317724735, -0.00118705665227, 0.00930393859744, -0.0422752015293, 0.0661874487996, -0.0626195520163, 0.0625244900584, 0.00868318974972], [-0.0010821968317, 0.0159669239074, -0.0107451891527, 0.0111123155802, -0.00339128938504, 0.0203018542379, -0.0111280949786, -0.00936906877905, 0.0289658065885, -0.00170288293157, -0.0425722636282, 0.00868318974972, 0.0640730559826]]
    },
    "melbands": {
        "dmean": [3.55883322811e-08, 6.01780101306e-08, 1.10817794052e-07, 1.41081244465e-07, 5.61823796374e-08, 1.28085943629e-07, 1.27991910404e-07, 1.40539256677e-07, 1.85286481269e-07, 5.09751146183e-07, 6.99627548784e-07, 6.76198510519e-07, 1.91621154499e-07, 1.65896683058e-08, 2.21714042681e-08, 1.43855869439e-08, 1.64317004447e-08, 1.38915822845e-07, 1.74226528316e-07, 1.12300298838e-07, 4.71602760399e-07, 1.38735431392e-05, 3.8999140088e-05, 7.54100426548e-07, 2.90167264438e-07, 1.09488198063e-07, 2.55748517475e-07, 2.18660758833e-07, 7.45947602354e-07, 1.10704934286e-06, 9.25003917018e-07, 8.43640691528e-07, 2.47465010261e-07, 3.79893208446e-07, 8.31918782751e-07, 2.72113936717e-07, 6.55910071146e-07, 1.21959783428e-06, 1.15222644581e-06, 1.90962805391e-06],
        "dmean2": [4.52630537495e-08, 6.29923349038e-08, 1.10004791054e-07, 1.37273758583e-07, 4.91094631627e-08, 1.22243108081e-07, 1.35201304374e-07, 1.23054448409e-07, 1.7299774413e-07, 4.99221187056e-07, 6.9328268637e-07, 6.52282267311e-07, 1.78355733738e-07, 1.06918474074e-08, 2.18040430155e-08, 7.86429232846e-09, 1.21270140596e-08, 1.32302830025e-07, 1.72062541992e-07, 1.11570749084e-07, 4.38047777607e-07, 6.77023081153e-06, 2.05661963264e-05, 7.33858939839e-07, 2.71792174544e-07, 1.06757845231e-07, 2.54029998814e-07, 2.13691222939e-07, 7.31464979253e-07, 1.10123971808e-06, 9.20280967875e-07, 8.35366279262e-07, 2.36926908315e-07, 3.66195365586e-07, 6.1348600866e-07, 2.35866195908e-07, 6.49067033009e-07, 1.21930384012e-06, 1.07129176286e-06, 2.48209244091e-06],
        "dvar": [6.79378089701e-14, 3.76778144275e-13, 1.48115070556e-12, 1.99884184725e-12, 3.13519555369e-13, 2.01533104441e-12, 1.96606272929e-12, 2.07563285136e-12, 4.0762202641e-12, 3.38918858256e-11, 6.53381584947e-11, 5.77146525016e-11, 4.33686983894e-12, 1.85527337444e-14, 5.25864006745e-14, 1.20874693243e-14, 1.82270563524e-14, 2.38191562828e-12, 4.01677476003e-12, 1.58528973369e-12, 2.6188648472e-11, 2.40132735918e-09, 2.5092939282e-08, 7.32653035462e-11, 1.00602711925e-11, 1.54980357974e-12, 8.71655178591e-12, 6.20302507276e-12, 7.2783959415e-11, 1.64939839564e-10, 1.15189482952e-10, 9.49147913043e-11, 7.64521692481e-12, 1.8253150727e-11, 5.52089519934e-11, 7.68011002017e-12, 5.73028707818e-11, 2.02208597089e-10, 1.53354370869e-10, 1.703080732e-10],
        "dvar2": [1.02677103473e-13, 3.67627667674e-13, 1.44686584762e-12, 1.62391096663e-12, 2.3820154833e-13, 1.88971971751e-12, 1.97824677646e-12, 1.65547642868e-12, 3.61962066223e-12, 3.3205726363e-11, 6.46918490999e-11, 5.36375423243e-11, 3.80102069611e-12, 6.69432923401e-15, 4.96237572518e-14, 3.25292838998e-15, 1.11976773069e-14, 2.2126536714e-12, 3.97109255201e-12, 1.55225203351e-12, 2.27086856264e-11, 1.62970115181e-09, 2.10961452751e-08, 6.98556004708e-11, 9.3134926854e-12, 1.49590962447e-12, 8.54868519723e-12, 5.89562643497e-12, 7.00399599429e-11, 1.63310837076e-10, 1.13703248206e-10, 9.29214066803e-11, 7.01623308064e-12, 1.70595898519e-11, 2.90069739062e-11, 5.85191877595e-12, 5.59074349316e-11, 2.0113616328e-10, 1.36211777968e-10, 3.71145419953e-10],
        "max": [3.2492957871e-06, 8.08003278507e-06, 1.53810215124e-05, 1.89247657545e-05, 7.80443861004e-06, 1.78005357157e-05, 1.77886795427e-05, 1.95331576833e-05, 2.57530828094e-05, 7.08536535967e-05, 9.7240350442e-05, 9.39903911785e-05, 2.66313290922e-05, 2.30467389883e-06, 3.0809103464e-06, 1.99770011022e-06, 2.28274120673e-06, 1.93080049939e-05, 2.42163714574e-05, 1.56083060574e-05, 6.5551357693e-05, 0.00160394981503, 0.00394845707342, 0.000104819446278, 4.03324629588e-05, 1.52180582518e-05, 3.55483789463e-05, 3.03932865791e-05, 0.000103686259536, 0.000153879620484, 0.000128575513372, 0.000117265757581, 3.43972533301e-05, 5.28048039996e-05, 0.000115636452392, 3.78235745302e-05, 9.11713650567e-05, 0.000169524093508, 0.000160159470397, 0.000228473494644],
        "mean": [4.27063149289e-08, 7.61839586971e-08, 1.2499444324e-07, 1.63073949011e-07, 6.96555559898e-08, 1.3904909224e-07, 1.45806168916e-07, 1.65195615409e-07, 2.02806745619e-07, 5.29432384155e-07, 7.13231486316e-07, 7.10022447947e-07, 2.09786549021e-07, 2.39978987793e-08, 2.72432210124e-08, 2.27267058506e-08, 2.53879228751e-08, 1.48696855717e-07, 1.79053017746e-07, 1.20885758292e-07, 5.12918347795e-07, 8.04645897006e-05, 0.000199496978894, 7.82271570188e-07, 3.19662149195e-07, 1.13904469856e-07, 2.60403794528e-07, 2.24956082207e-07, 7.64309049828e-07, 1.11769736577e-06, 9.32611783355e-07, 8.55087364471e-07, 2.60011603359e-07, 3.97243411498e-07, 1.11487690901e-06, 3.18892801943e-07, 6.64780031912e-07, 1.22189771901e-06, 1.36124162964e-06, 5.0743524298e-06],
        "median": [3.00488389726e-09, 1.52186574454e-09, 1.59472143824e-10, 3.69359265395e-10, 8.19050383072e-11, 2.89450408086e-11, 2.18747225195e-11, 1.50010767697e-11, 1.651049783e-11, 1.78253453664e-11, 1.71179598274e-11, 1.2256083301e-11, 1.21584738805e-11, 1.15146173846e-11, 1.09101252338e-11, 2.0187629346e-11, 9.10227102024e-12, 9.00011315474e-12, 9.58699786224e-12, 1.3116186956e-11, 1.06149099927e-11, 4.35720721725e-08, 1.12935516938e-07, 1.05794652552e-11, 9.75136985049e-12, 9.01195437719e-12, 8.83107302563e-12, 8.49007843196e-12, 8.84519280736e-12, 9.06364826941e-12, 8.87290414753e-12, 8.52249000538e-12, 8.46722171544e-12, 8.69210953214e-12, 8.03548894091e-12, 8.16688123378e-12, 8.11357144664e-12, 7.89463633355e-12, 8.36452001413e-12, 8.64533011152e-12],
        "min": [3.34155841886e-10, 2.85637190983e-11, 1.0286537247e-11, 1.65820360915e-11, 9.79459395534e-12, 3.35867965384e-12, 2.79682657242e-12, 2.7529376348e-12, 1.99530192715e-12, 2.27278027128e-12, 2.57726500731e-12, 2.0941388814e-12, 8.67495691167e-13, 8.16229462491e-13, 1.14707592383e-12, 1.84007193163e-12, 7.43721815903e-13, 2.64871322575e-13, 6.46406702037e-13, 8.49788663916e-13, 1.37121336421e-12, 9.21442176033e-13, 6.85754946751e-13, 5.8205951994e-13, 7.45131332937e-13, 6.77683061577e-13, 7.09431265903e-13, 1.21076770571e-12, 4.99748300468e-13, 4.38868152973e-13, 1.08138823417e-12, 8.7133523053e-13, 1.16273950104e-12, 1.13786573479e-12, 9.76660267417e-13, 4.91496437733e-13, 5.564526704e-13, 6.98427264374e-13, 4.00841171236e-13, 7.02206955777e-13],
        "stdev": [2.84837142317e-07, 6.8548672516e-07, 1.2983579154e-06, 1.60484410117e-06, 6.65161792313e-07, 1.5008763512e-06, 1.50333687543e-06, 1.65819039921e-06, 2.17338060793e-06, 5.9677331592e-06, 8.18869193608e-06, 7.91984894022e-06, 2.2478518531e-06, 2.06271849379e-07, 2.62100883219e-07, 1.85309843914e-07, 2.05300509037e-07, 1.62774779255e-06, 2.03938907362e-06, 1.31567185235e-06, 5.53366407985e-06, 0.000265176815446, 0.000648716581054, 8.8296519607e-06, 3.40392352882e-06, 1.28186525217e-06, 2.99357611766e-06, 2.5600547815e-06, 8.73288445291e-06, 1.29581776491e-05, 1.08274007289e-05, 9.87527619145e-06, 2.89908530249e-06, 4.44940360467e-06, 1.00748738987e-05, 3.21323204844e-06, 7.67789060774e-06, 1.42755825436e-05, 1.35320069603e-05, 2.68911862804e-05],
