{
"lowlevel": {
    "average_loudness": 0.986648201942,
    "barkbands_crest": {
        "dmean": 3.69318270683,
        "dmean2": 6.27970314026,
        "dvar": 11.3112230301,
        "dvar2": 25.0792961121,
        "max": 23.1014461517,
        "mean": 9.17934989929,
        "median": 7.55716657639,
        "min": 3.80314970016,
        "stdev": 4.48890209198,
        "var": 20.1502399445
    },
    "barkbands_flatness_db": {
        "dmean": 0.0384889617562,
        "dmean2": 0.0556446127594,
        "dvar": 0.00107347872108,
        "dvar2": 0.00225262041204,
        "max": 0.31209859252,
        "mean": 0.170843556523,
        "median": 0.176408857107,
        "min": 0.0452891513705,
        "stdev": 0.0580808930099,
        "var": 0.00337339029647
    },
    "barkbands_kurtosis": {
        "dmean": 1.65139293671,
        "dmean2": 2.77461385727,
        "dvar": 5.05513286591,
        "dvar2": 12.8665857315,
        "max": 13.1350097656,
        "mean": 1.13421273232,
        "median": 0.49269080162,
        "min": -1.61320102215,
        "stdev": 2.41219568253,
        "var": 5.8186879158
    },
    "barkbands_skewness": {
        "dmean": 0.540924787521,
        "dmean2": 0.799666702747,
        "dvar": 0.312887132168,
        "dvar2": 0.678736627102,
        "max": 3.62548160553,
        "mean": 0.319626808167,
        "median": 0.106123775244,
        "min": -1.16281437874,
        "stdev": 0.871823012829,
        "var": 0.760075390339
    },
    "barkbands_spread": {
        "dmean": 5.37810516357,
        "dmean2": 8.76367282867,
        "dvar": 95.1294174194,
        "dvar2": 131.309173584,
        "max": 88.4402694702,
        "mean": 16.0436649323,
        "median": 13.0078191757,
        "min": 5.45086717606,
        "stdev": 12.2920789719,
        "var": 151.095214844
    },
    "dissonance": {
        "dmean": 0.0261390972883,
        "dmean2": 0.0449497923255,
        "dvar": 0.000837390951347,
        "dvar2": 0.00183788256254,
        "max": 0.4999961555,
        "mean": 0.473192065954,
        "median": 0.490317285061,
        "min": 0.353608369827,
        "stdev": 0.0334304794669,
        "var": 0.00111759686843
    },
    "dynamic_complexity": 7.67638540268,
    "erbbands_crest": {
        "dmean": 4.28844070435,
        "dmean2": 7.22867774963,
        "dvar": 16.0103034973,
        "dvar2": 36.5730247498,
        "max": 29.4951457977,
        "mean": 11.1238555908,
        "median": 9.45417404175,
        "min": 4.00633907318,
        "stdev": 5.4097366333,
        "var": 29.2652492523
    },
    "erbbands_flatness_db": {
        "dmean": 0.0331589095294,
        "dmean2": 0.0489680022001,
        "dvar": 0.00106839707587,
        "dvar2": 0.00180120253935,
        "max": 0.375609725714,
        "mean": 0.26341816783,
        "median": 0.279234707355,
        "min": 0.0718556568027,
        "stdev": 0.0634682327509,
        "var": 0.00402821693569
    },
    "erbbands_kurtosis": {
        "dmean": 1.32424497604,
        "dmean2": 2.29432964325,
        "dvar": 2.93044018745,
        "dvar2": 7.31628274918,
        "max": 11.3973846436,
        "mean": 0.470465004444,
        "median": -0.0915374755859,
        "min": -1.50639486313,
        "stdev": 1.90750825405,
        "var": 3.63858795166
    },
    "erbbands_skewness": {
        "dmean": 0.503738462925,
        "dmean2": 0.8118070364,
        "dvar": 0.202085390687,
        "dvar2": 0.526634514332,
        "max": 2.31119585037,
        "mean": 0.513123750687,
        "median": 0.39747273922,
        "min": -0.615092456341,
        "stdev": 0.599029958248,
        "var": 0.358836889267
    },
    "erbbands_spread": {
        "dmean": 5.63282585144,
        "dmean2": 9.13667201996,
        "dvar": 42.3398590088,
        "dvar2": 66.847869873,
        "max": 70.845993042,
        "mean": 20.6720180511,
        "median": 17.1498336792,
        "min": 6.16623497009,
        "stdev": 12.0306310654,
        "var": 144.736083984
    },
    "hfc": {
        "dmean": 16.0325336456,
        "dmean2": 23.7921543121,
        "dvar": 401.921264648,
        "dvar2": 604.198669434,
        "max": 106.994316101,
        "mean": 22.0441608429,
        "median": 5.32031154633,
        "min": 1.47569721776e-07,
        "stdev": 30.0425701141,
        "var": 902.555969238
    },
    "loudness_ebu128": {
        "integrated": -10.679561615,
        "loudness_range": 0,
        "momentary": {
            "dmean": 1.17370891571,
            "dmean2": 1.23633933067,
            "dvar": 1.4358086586,
            "dvar2": 0.832615673542,
            "max": -6.92858076096,
            "mean": -11.7119274139,
            "median": -10.8384304047,
            "min": -18.6284770966,
            "stdev": 3.21476984024,
            "var": 10.3347454071
        },
        "short_term": {
            "dmean": 0,
            "dmean2": 0,
            "dvar": 0,
            "dvar2": 0,
            "max": -12.3445281982,
            "mean": -12.3445281982,
            "median": -12.3445281982,
            "min": -12.3445281982,
            "stdev": 0,
            "var": 0
        }
    },
    "melbands_crest": {
        "dmean": 3.93890881538,
        "dmean2": 6.81022500992,
        "dvar": 12.4356880188,
        "dvar2": 28.7696723938,
        "max": 27.3305034637,
        "mean": 11.1051998138,
        "median": 10.2475538254,
        "min": 5.4950761795,
        "stdev": 4.65586662292,
        "var": 21.6770935059
    },
    "melbands_flatness_db": {
        "dmean": 0.0321447886527,
        "dmean2": 0.04934739694,
        "dvar": 0.000998504925519,
        "dvar2": 0.00207709195092,
        "max": 0.278527915478,
        "mean": 0.160852700472,
        "median": 0.164999678731,
        "min": 0.0437303185463,
        "stdev": 0.0491874031723,
        "var": 0.00241940072738
    },
    "melbands_kurtosis": {
        "dmean": 3.24135780334,
        "dmean2": 5.50309181213,
        "dvar": 42.1496887207,
        "dvar2": 113.015647888,
        "max": 47.8609733582,
        "mean": 3.14395737648,
        "median": 1.21474409103,
        "min": -0.691478490829,
        "stdev": 6.07348680496,
        "var": 36.8872413635
    },
    "melbands_skewness": {
        "dmean": 0.619813263416,
        "dmean2": 0.920929610729,
        "dvar": 0.52156239748,
        "dvar2": 1.08821475506,
        "max": 6.20448493958,
        "mean": 0.84076154232,
        "median": 0.522884249687,
        "min": -0.826356649399,
        "stdev": 1.07151186466,
        "var": 1.14813756943
    },
    "melbands_spread": {
        "dmean": 10.514330864,
        "dmean2": 16.8914699554,
        "dvar": 183.808044434,
        "dvar2": 251.983444214,
        "max": 138.053451538,
        "mean": 30.678188324,
        "median": 26.3232803345,
        "min": 6.26123714447,
        "stdev": 19.3149909973,
        "var": 373.068847656
    },
    "pitch_salience": {
        "dmean": 0.0811160504818,
        "dmean2": 0.12871196866,
        "dvar": 0.0060505811125,
        "dvar2": 0.0122085893527,
        "max": 0.834628760815,
        "mean": 0.678983211517,
        "median": 0.701468110085,
        "min": 0.276894390583,
        "stdev": 0.104446157813,
        "var": 0.0109090004116
    },
    "silence_rate_20dB": {
        "dmean": 0,
        "dmean2": 0,
        "dvar": 0,
        "dvar2": 0,
        "max": 1,
        "mean": 1,
        "median": 1,
        "min": 1,
        "stdev": 0,
        "var": 0
    },
    "silence_rate_30dB": {
        "dmean": 0,
        "dmean2": 0,
        "dvar": 0,
        "dvar2": 0,
        "max": 1,
        "mean": 1,
        "median": 1,
        "min": 1,
        "stdev": 0,
        "var": 0
    },
    "silence_rate_60dB": {
        "dmean": 0.229166671634,
        "dmean2": 0.463157892227,
        "dvar": 0.176649138331,
        "dvar2": 0.290748178959,
        "max": 1,
        "mean": 0.422680407763,
        "median": 0,
        "min": 0,
        "stdev": 0.493985533714,
        "var": 0.244021698833
    },
    "spectral_centroid": {
        "dmean": 376.964233398,
        "dmean2": 626.705810547,
        "dvar": 123007.132812,
        "dvar2": 242211.46875,
        "max": 3801.56591797,
        "mean": 2581.05249023,
        "median": 2693.18432617,
        "min": 846.262939453,
        "stdev": 556.687438965,
        "var": 309900.875
    },
    "spectral_complexity": {
        "dmean": 6.33333349228,
        "dmean2": 9.56842136383,
        "dvar": 42.7638702393,
        "dvar2": 80.6242523193,
        "max": 31,
        "mean": 8.78350543976,
        "median": 9,
        "min": 0,
        "stdev": 8.86232185364,
        "var": 78.5407485962
    },
    "spectral_decrease": {
        "dmean": 1.60323887499e-09,
        "dmean2": 2.22097362723e-09,
        "dvar": 3.34104308508e-18,
        "dvar2": 4.84994273831e-18,
        "max": -7.09107662845e-19,
        "mean": -2.23877272276e-09,
        "median": -7.10672964921e-10,
        "min": -1.00165253869e-08,
        "stdev": 2.846302527e-09,
        "var": 8.10143835221e-18
    },
    "spectral_energy": {
        "dmean": 0.00741956569254,
        "dmean2": 0.0104053551331,
        "dvar": 7.45993675082e-05,
        "dvar2": 0.000107725267299,
        "max": 0.0448390468955,
        "mean": 0.0104491170496,
        "median": 0.0030366727151,
        "min": 1.60613692485e-11,
        "stdev": 0.0133760841563,
        "var": 0.000178919624886
    },
    "spectral_energyband_high": {
        "dmean": 0.00104518409353,
        "dmean2": 0.00160927081015,
        "dvar": 2.18007539843e-06,
        "dvar2": 3.88075841329e-06,
        "max": 0.0073139872402,
        "mean": 0.00123948836699,
        "median": 0.000176516376087,
        "min": 9.71626858831e-12,
        "stdev": 0.0019304206362,
        "var": 3.72652380065e-06
    },
    "spectral_energyband_low": {
        "dmean": 3.66714243683e-06,
        "dmean2": 5.78876824875e-06,
        "dvar": 4.04157991796e-11,
        "dvar2": 1.02983933881e-10,
        "max": 3.81349273084e-05,
        "mean": 3.68244081983e-06,
        "median": 1.09881727894e-06,
        "min": 1.78247531752e-12,
        "stdev": 6.34732896287e-06,
        "var": 4.02885849682e-11
    },
    "spectral_energyband_middle_high": {
        "dmean": 0.00610406184569,
        "dmean2": 0.00852022133768,
        "dvar": 5.44781323697e-05,
        "dvar2": 8.48324852996e-05,
        "max": 0.0406246036291,
        "mean": 0.00845145154744,
        "median": 0.00154029892292,
        "min": 1.94447105986e-12,
        "stdev": 0.0114850932732,
        "var": 0.000131907378091
    },
    "spectral_energyband_middle_low": {
        "dmean": 0.000680785800796,
        "dmean2": 0.000884751498234,
        "dvar": 1.35596690143e-06,
        "dvar2": 2.02369142244e-06,
        "max": 0.00837708078325,
        "mean": 0.00089119799668,
        "median": 0.000151266358444,
        "min": 7.31680178685e-13,
        "stdev": 0.00166363129392,
        "var": 2.7676692298e-06
    },
    "spectral_entropy": {
        "dmean": 0.253204584122,
        "dmean2": 0.39719209075,
        "dvar": 0.0675874650478,
        "dvar2": 0.132381871343,
        "max": 9.02634811401,
        "mean": 7.61362123489,
        "median": 7.59160423279,
        "min": 6.79354381561,
        "stdev": 0.345117896795,
        "var": 0.11910635978
    },
    "spectral_flux": {
        "dmean": 0.0411848463118,
        "dmean2": 0.0628303512931,
        "dvar": 0.00140429788735,
        "dvar2": 0.00282955355942,
        "max": 0.232832476497,
        "mean": 0.0800102204084,
        "median": 0.0682053640485,
        "min": 0.000553202233277,
        "stdev": 0.0654686391354,
        "var": 0.00428614253178
    },
    "spectral_kurtosis": {
        "dmean": 3.64216017723,
        "dmean2": 6.01693630219,
        "dvar": 14.3130140305,
        "dvar2": 34.5980377197,
        "max": 25.1733283997,
        "mean": 6.61693334579,
        "median": 5.33206653595,
        "min": 0.517054319382,
        "stdev": 4.43243122101,
        "var": 19.6464481354
    },
    "spectral_rms": {
        "dmean": 0.00126791419461,
        "dmean2": 0.00162058568094,
        "dvar": 1.47910975556e-06,
        "dvar2": 1.66744916896e-06,
        "max": 0.00661403127015,
        "mean": 0.00233806786127,
        "median": 0.00172122265212,
        "min": 1.25178388544e-07,
        "stdev": 0.00217432714999,
        "var": 4.72769852422e-06
    },
    "spectral_rolloff": {
        "dmean": 1179.39123535,
        "dmean2": 1961.10839844,
        "dvar": 4170728,
        "dvar2": 5314982.5,
        "max": 17764.8925781,
        "mean": 3826.69384766,
        "median": 3703.7109375,
        "min": 581.396484375,
        "stdev": 2364.44506836,
        "var": 5590601
    },
    "spectral_skewness": {
        "dmean": 0.399736881256,
        "dmean2": 0.672179400921,
        "dvar": 0.165724918246,
        "dvar2": 0.433459579945,
        "max": 2.92812991142,
        "mean": 1.55259919167,
        "median": 1.4940456152,
        "min": 0.835034608841,
        "stdev": 0.435892343521,
        "var": 0.190002143383
    },
    "spectral_spread": {
        "dmean": 829231,
        "dmean2": 1141316.5,
        "dvar": 2.67033378816e+12,
        "dvar2": 2.75712416154e+12,
        "max": 17740714,
        "mean": 3939696.5,
        "median": 3352879.25,
        "min": 1534178.25,
        "stdev": 2186677.25,
        "var": 4.78155689165e+12
    },
    "spectral_strongpeak": {
        "dmean": 1.00553512573,
        "dmean2": 1.49346220493,
        "dvar": 1.37070786953,
        "dvar2": 3.01232719421,
        "max": 6.21208000183,
        "mean": 1.15561246872,
        "median": 0.501101851463,
        "min": 0,
        "stdev": 1.49712586403,
        "var": 2.24138593674
    },
    "zerocrossingrate": {
        "dmean": 0.0203857421875,
        "dmean2": 0.0221114307642,
        "dvar": 0.00166769826319,
        "dvar2": 0.00133923813701,
        "max": 0.501953125,
        "mean": 0.117358647287,
        "median": 0.1025390625,
        "min": 0.0517578125,
        "stdev": 0.0566883385181,
        "var": 0.00321356789209
    },
    "barkbands": {
        "dmean": [3.85768680644e-06, 1.35261541345e-06, 4.00203731488e-07, 3.39647584724e-07, 6.91850846124e-06, 0.000126468061353, 0.000149685787619, 0.000227475364227, 0.000226088173804, 0.000275989848888, 0.000462915748358, 0.00153994467109, 0.0025769143831, 0.00064980215393, 0.00100389460567, 0.00139936862979, 0.000433851382695, 8.01134519861e-05, 0.000351733644493, 0.0012282282114, 0.000251933612162, 5.63192334084e-05, 0.000153247470735, 4.11657492805e-05, 2.14329065784e-05, 1.32739069159e-05, 3.09948427457e-06],
        "dmean2": [5.78197159484e-06, 2.30186060435e-06, 7.04656429207e-07, 5.62015770811e-07, 1.30204070956e-05, 0.000184430202353, 0.000238638109295, 0.000302891479805, 0.000350627145963, 0.000500621797983, 0.000787402910646, 0.00242303521372, 0.00346314185299, 0.0011956327362, 0.00176590983756, 0.00240850797854, 0.000719670264516, 0.000127245410113, 0.000579918734729, 0.00191001594067, 0.000368162873201, 9.66132647591e-05, 0.000223871698836, 6.96690112818e-05, 3.12958436552e-05, 2.0872161258e-05, 4.6318978093e-06],
        "dvar": [4.39674650854e-11, 7.77570976357e-12, 4.3964514646e-13, 6.32428517108e-13, 4.37714975376e-10, 4.10106970605e-08, 7.0273863173e-08, 5.75420301629e-07, 2.03469767257e-07, 4.54715205933e-07, 1.31383148982e-06, 1.19744290714e-05, 3.15073084494e-05, 2.31755552704e-06, 3.01233035316e-06, 4.91975060868e-06, 1.20667584724e-06, 2.20031139975e-08, 2.93690874287e-07, 2.89789363705e-06, 1.32422968591e-07, 8.44355430019e-09, 5.78278367414e-08, 6.39549346815e-09, 9.73315650299e-10, 5.30170851665e-10, 4.09549477665e-11],
        "dvar2": [1.02362798793e-10, 2.2049882753e-11, 1.10425611797e-12, 1.24748941645e-12, 1.2606031774e-09, 8.49463006602e-08, 1.42273378856e-07, 1.21624384519e-06, 3.79859216082e-07, 1.00311478946e-06, 3.32867580255e-06, 2.44866496359e-05, 5.41381814401e-05, 6.74953116686e-06, 8.85160898179e-06, 1.13191772471e-05, 3.21905804412e-06, 5.06635124964e-08, 6.58947612919e-07, 5.67507186133e-06, 2.69208584314e-07, 2.26472121057e-08, 9.59301331704e-08, 1.22404060221e-08, 1.71579739305e-09, 1.13198317386e-09, 9.64299681772e-11],
        "max": [3.6138590076e-05, 1.53990858962e-05, 4.04737556892e-06, 6.39361860522e-06, 0.000109237531433, 0.000908057205379, 0.00128528778441, 0.00665254797786, 0.00305897160433, 0.00360813247971, 0.00858740322292, 0.0296356007457, 0.0382048934698, 0.00868598651141, 0.00893262028694, 0.0130968969315, 0.00787077564746, 0.00119449256454, 0.00342528312467, 0.0121975969523, 0.00179614964873, 0.000428348401329, 0.00138530659024, 0.000508244673256, 0.000200548922294, 0.000117877927551, 3.95015522372e-05],
        "mean": [3.49604101757e-06, 1.25761675918e-06, 3.67466213902e-07, 3.50019121242e-07, 4.10221446145e-06, 0.000122107216157, 0.000161596486578, 0.000250867509749, 0.000234390317928, 0.00025961920619, 0.000320816150634, 0.00122949422803, 0.0026122063864, 0.000493673840538, 0.000775316497311, 0.00138430285733, 0.000341818085872, 8.49448697409e-05, 0.000338379642926, 0.001263112179, 0.000244822440436, 5.19176537637e-05, 0.000181017909199, 4.32449451182e-05, 2.79844934994e-05, 1.44368041219e-05, 3.22619212056e-06],
        "median": [6.51831669529e-07, 2.75461729871e-07, 1.64407296666e-07, 3.4252771286e-08, 2.13391942339e-07, 2.45851651925e-06, 4.20061678597e-06, 1.48661979438e-06, 4.64898903374e-06, 5.20849789609e-06, 1.2108048395e-05, 5.57194543944e-05, 5.75107078475e-05, 3.40488113579e-05, 0.000102506026451, 0.000314147851896, 3.93711634388e-05, 1.40638512676e-05, 5.47950621694e-05, 0.000143570316141, 2.01368147827e-05, 2.65103676611e-06, 1.67951093317e-05, 5.09319261255e-06, 3.81773770641e-06, 1.37465099215e-06, 9.67406847963e-08],
        "min": [1.57821347137e-12, 8.4845330631e-13, 1.55356806521e-13, 8.70017084634e-14, 4.97942311028e-14, 8.9282734309e-14, 8.33730396462e-14, 1.35542889846e-13, 2.11580915548e-13, 1.04428977672e-13, 8.30215345256e-14, 1.31690448477e-13, 2.57589712364e-13, 1.02532437022e-13, 1.8693331388e-13, 2.13942849981e-13, 1.56937993417e-13, 3.32668110723e-13, 2.76738674294e-13, 6.49838527173e-13, 5.34596726696e-13, 7.49244253879e-13, 5.38799419577e-13, 6.71818069925e-13, 8.09602493552e-13, 2.55674951696e-12, 3.7507024396e-12],
        "stdev": [7.19186527931e-06, 2.42422925112e-06, 6.45232944407e-07, 9.77376544142e-07, 1.57670037879e-05, 0.000226036761887, 0.000317584373988, 0.000912113115191, 0.000552304205485, 0.000724505225662, 0.0010217288509, 0.00363864866085, 0.00710734212771, 0.00137611164246, 0.00155610288493, 0.0023423449602, 0.000961565761827, 0.000165140489116, 0.0005763216177, 0.00212237308733, 0.000413303961977, 9.85375590972e-05, 0.000335346936481, 9.13235344342e-05, 4.54272667412e-05, 2.57624615188e-05, 7.14176621841e-06],
        "var": [5.17229245545e-11, 5.87688795198e-12, 4.16325556928e-13, 9.55264838585e-13, 2.48598391872e-10, 5.10926199127e-08, 1.00859843144e-07, 8.31950387692e-07, 3.05039918658e-07, 5.24907818544e-07, 1.04392972844e-06, 1.32397635753e-05, 5.05143107148e-05, 1.89368313386e-06, 2.42145620177e-06, 5.48658044863e-06, 9.2460874157e-07, 2.72713815974e-08, 3.32146612436e-07, 4.5044671424e-06, 1.70820158019e-07, 9.70965086111e-09, 1.12457577472e-07, 8.33998825556e-09, 2.06363659494e-09, 6.63704424753e-10, 5.10048218938e-11]
    },
    "erbbands": {
        "dmean": [9.30553651415e-05, 0.000145737983985, 0.000401506782509, 0.000905428954866, 0.00220458046533, 0.0225006807595, 0.333574384451, 1.39569234848, 2.01180720329, 3.31624054909, 4.51761007309, 4.52999401093, 8.59575176239, 6.47262334824, 32.0819396973, 68.9074478149, 134.263824463, 47.2108955383, 20.618309021, 84.0222091675, 65.8500595093, 17.6818332672, 4.90690135956, 6.96477365494, 33.7509117126, 55.3568000793, 21.1394805908, 4.18103075027, 1.88439810276, 3.59642004967, 4.26608324051, 1.44096696377, 0.490989208221, 0.288537204266, 0.159354120493, 0.0830567777157, 0.0170914214104, 0.00297967414372, 0.000551505479962, 4.8633399274e-05],
        "dmean2": [0.000154551977175, 0.000256955710938, 0.000718853902072, 0.00140453909989, 0.0039588958025, 0.0405285842717, 0.554756045341, 1.99108564854, 3.01369524002, 5.33995723724, 6.70242738724, 6.22684335709, 13.6864814758, 10.2532310486, 54.0072479248, 102.123687744, 187.12298584, 80.2185516357, 35.116153717, 143.197555542, 107.922477722, 28.4220180511, 7.30715227127, 10.9269018173, 54.4653358459, 89.0974807739, 32.7828330994, 6.48742437363, 3.00165748596, 5.08129024506, 6.50995111465, 2.33404111862, 0.780149996281, 0.432181507349, 0.214552223682, 0.122666910291, 0.0279331374913, 0.00449967524037, 0.000852552941069, 7.19924355508e-05],
        "dvar": [4.20390939837e-08, 4.76283332773e-08, 4.06534383046e-07, 2.66809797722e-06, 2.01280654437e-05, 0.00410450296476, 0.515422999859, 4.44698762894, 13.1427192688, 108.668235779, 149.689346313, 66.5054092407, 391.914031982, 151.369369507, 6556.67578125, 25800.7421875, 89932.9140625, 9301.03320312, 1743.06433105, 23236.296875, 12062.9287109, 958.430603027, 80.5631942749, 79.0727615356, 2179.68115234, 6414.97851562, 848.467041016, 44.7749519348, 10.0231819153, 32.774269104, 47.5037345886, 7.66260957718, 0.848425865173, 0.258800268173, 0.0503952801228, 0.0176074635237, 0.00113830785267, 3.16761033901e-05, 1.26239444853e-06, 9.3198666562e-09],
        "dvar2": [1.15338927742e-07, 1.33432379812e-07, 1.02772912669e-06, 4.25846019425e-06, 5.56834420422e-05, 0.0114395339042, 1.3213943243, 9.49281024933, 24.9815788269, 254.340011597, 316.721252441, 102.777854919, 624.843139648, 250.624938965, 16917.546875, 54330.2773438, 167060.171875, 27854.3886719, 4413.04492188, 70922.5, 26218.4824219, 2322.7355957, 170.830352783, 169.851013184, 3966.06152344, 12710.4970703, 1656.85998535, 91.8619766235, 26.1404323578, 60.5402946472, 80.9088363647, 13.773812294, 1.87339675426, 0.55271178484, 0.0980372205377, 0.0392702892423, 0.00234488304704, 6.44634419587e-05, 2.98324061987e-06, 2.22445706299e-08],
        "max": [0.00114354176912, 0.00129178992938, 0.00393394753337, 0.0132620576769, 0.0253156349063, 0.332290381193, 3.72193861008, 9.70881843567, 21.2033176422, 90.2450714111, 93.0428848267, 68.8884811401, 130.365951538, 83.2032546997, 522.634094238, 1412.32434082, 2030.87512207, 497.718383789, 305.179168701, 836.374389648, 619.336120605, 208.389038086, 74.6912918091, 51.8942947388, 290.80758667, 447.808959961, 161.366851807, 40.7350692749, 17.7511730194, 36.7333602905, 37.4380989075, 18.0222415924, 4.83615112305, 4.09741973877, 1.51186645031, 0.769562840462, 0.168606221676, 0.0344061329961, 0.00680991867557, 0.000672956346534],
        "mean": [8.22253641672e-05, 0.000149005252752, 0.000399319309508, 0.000914624892175, 0.00185774127021, 0.0158419180661, 0.247009962797, 1.30838310719, 2.14724373817, 4.13757658005, 4.25812196732, 4.95987272263, 9.2817325592, 6.79953241348, 25.5255069733, 57.8675079346, 128.121017456, 44.1329536438, 23.9169597626, 66.4373474121, 66.8157348633, 16.9446392059, 5.07100915909, 7.7229552269, 34.2686767578, 61.5527496338, 22.7627868652, 4.2071557045, 1.83518886566, 4.10804462433, 4.96782875061, 1.6290037632, 0.523985207081, 0.324630409479, 0.19888009131, 0.0935449823737, 0.0185745693743, 0.00327682797797, 0.000561011140235, 5.16996879014e-05],
        "median": [1.05324652395e-05, 6.35827236692e-05, 0.000199244634132, 0.000159292278113, 0.000318789621815, 0.00179404451046, 0.00844332762063, 0.0357781350613, 0.120959743857, 0.0684082731605, 0.125374317169, 0.131191298366, 0.258185178041, 0.451124310493, 2.94608545303, 5.11729764938, 5.5574388504, 3.98192191124, 6.58269882202, 15.5830221176, 11.7540817261, 2.40829491615, 0.886291265488, 1.2068349123, 5.88377952576, 5.60866069794, 1.9905141592, 0.352550148964, 0.112277232111, 0.267394959927, 0.356356799603, 0.176284387708, 0.0657992735505, 0.0335518755019, 0.0242818277329, 0.00892816856503, 0.00171503168531, 0.000268006057013, 2.470189429e-05, 5.56923760087e-06],
        "min": [4.72643382765e-11, 1.17047996295e-10, 1.8521981171e-10, 2.5777821544e-10, 2.40726744094e-10, 1.07225686663e-10, 4.1761530345e-10, 7.6544770522e-10, 1.16837051145e-09, 1.16423193308e-09, 4.35656000164e-09, 4.2288395008e-09, 5.48150369539e-09, 1.34338129509e-09, 4.00301036763e-09, 6.7960219674e-09, 1.33654625145e-08, 4.26836122003e-09, 1.03723181155e-08, 1.19684413491e-08, 7.03570046667e-09, 9.09186059772e-09, 2.24107914448e-08, 9.33126642622e-09, 1.70309242264e-08, 3.36116698918e-08, 2.10426467362e-08, 2.42458426669e-08, 1.9764238246e-08, 2.45738842608e-08, 1.43386342799e-08, 1.58154342955e-08, 1.1280855361e-08, 1.12741140867e-08, 5.73578651242e-09, 1.25263133199e-08, 3.04141578589e-09, 2.00886152157e-09, 7.32694904748e-10, 3.7118565166e-11],
        "stdev": [0.000182915318874, 0.00021040145657, 0.000623164756689, 0.00212048506364, 0.00431911600754, 0.0508616939187, 0.647141754627, 2.35680031776, 4.12865495682, 12.3373222351, 13.7180633545, 11.3648748398, 24.2480697632, 15.6142940521, 70.2860107422, 167.584472656, 359.710296631, 99.5985107422, 44.3554916382, 133.750839233, 120.934928894, 31.4966335297, 10.0167312622, 11.1998414993, 57.1697769165, 98.5652313232, 36.6088142395, 7.13657426834, 3.47586679459, 7.93075895309, 9.03372764587, 3.26871681213, 1.07734286785, 0.629853665829, 0.337443172932, 0.154445528984, 0.0367336086929, 0.0068725310266, 0.00125413574278, 0.000102952333691],
        "var": [3.34580114725e-08, 4.42687735358e-08, 3.88334314039e-07, 4.49645676781e-06, 1.86547622434e-05, 0.00258691189811, 0.418792486191, 5.55450773239, 17.0457935333, 152.209518433, 188.185272217, 129.160385132, 587.968933105, 243.806182861, 4940.12353516, 28084.5566406, 129391.492188, 9919.86328125, 1967.40979004, 17889.2871094, 14625.2578125, 992.037963867, 100.334899902, 125.436454773, 3268.38330078, 9715.10546875, 1340.20532227, 50.9306945801, 12.0816507339, 62.896938324, 81.6082305908, 10.684510231, 1.16066765785, 0.396715611219, 0.113867886364, 0.0238534193486, 0.0013493578881, 4.72316824016e-05, 1.57285660407e-06, 1.05991828647e-08]
    },
    "gfcc": {
        "mean": [-185.304626465, -11.2071228027, -201.54284668, 0.960563898087, -57.4745635986, 12.3592538834, -30.4577617645, 10.182964325, -19.2590351105, 20.0885562897, -3.20920372009, 2.76934123039, -1.34788548946],
        "cov": [[32881.671875, -3490.65014648, -2801.1315918, -2215.47119141, -2718.12426758, -411.488067627, -1395.6217041, -246.27772522, 241.870925903, 1189.15307617, 1459.18359375, 1197.26586914, 188.435562134], [-3490.65014648, 1956.86083984, 150.184829712, -9.7679643631, 43.5447273254, -304.470611572, 124.712516785, -84.5746841431, -290.202209473, -197.631820679, -333.916625977, -148.724441528, 145.898712158], [-2801.1315918, 150.184829712, 1510.68347168, -20.5189647675, -435.271331787, 112.69442749, -302.648895264, 519.392822266, -109.531013489, -280.13760376, -382.690429688, -61.6183166504, -48.3125114441], [-2215.47119141, -9.7679643631, -20.5189647675, 497.372894287, 504.230316162, 188.935012817, 196.008071899, -85.9537582397, 29.6551971436, -115.5050354, -44.0719413757, -94.4869995117, -37.8363609314], [-2718.12426758, 43.5447273254, -435.271331787, 504.230316162, 922.889221191, 147.134338379, 376.238983154, -257.137054443, 149.591445923, -7.241127491, 39.6969032288, -183.921829224, -97.4713363647], [-411.488067627, -304.470611572, 112.69442749, 188.935012817, 147.134338379, 218.652572632, 19.0703353882, 75.5331039429, 76.9568710327, -52.819644928, -5.67800092697, -31.274564743, -79.9137573242], [-1395.6217041, 124.712516785, -302.648895264, 196.008071899, 376.238983154, 19.0703353882, 263.177734375, -151.949569702, 26.7039794922, 12.5636415482, 36.3566169739, -59.7804374695, -5.17882061005], [-246.27772522, -84.5746841431, 519.392822266, -85.9537582397, -257.137054443, 75.5331039429, -151.949569702, 491.093139648, 33.0622253418, -123.749229431, -221.694213867, -90.0628433228, -52.3662757874], [241.870925903, -290.202209473, -109.531013489, 29.6551971436, 149.591445923, 76.9568710327, 26.7039794922, 33.0622253418, 188.794067383, 101.402587891, 77.4183273315, -53.635559082, -119.012504578], [1189.15307617, -197.631820679, -280.13760376, -115.5050354, -7.241127491, -52.819644928, 12.5636415482, -123.749229431, 101.402587891, 258.109344482, 201.215591431, 17.8580303192, -80.9914627075], [1459.18359375, -333.916625977, -382.690429688, -44.0719413757, 39.6969032288, -5.67800092697, 36.3566169739, -221.694213867, 77.4183273315, 201.215591431, 311.814086914, 120.497741699, -32.317817688], [1197.26586914, -148.724441528, -61.6183166504, -94.4869995117, -183.921829224, -31.274564743, -59.7804374695, -90.0628433228, -53.635559082, 17.8580303192, 120.497741699, 193.883407593, 99.8418197632], [188.435562134, 145.898712158, -48.3125114441, -37.8363609314, -97.4713363647, -79.9137573242, -5.17882061005, -52.3662757874, -119.012504578, -80.9914627075, -32.317817688, 99.8418197632, 199.650756836]],
        "icov": [[0.000206741664442, 0.000177393463673, 0.000757548259571, 0.000161379604833, 0.000309512688546, -0.000249948207056, 0.00114664121065, -0.00012091401004, 0.000180358401849, -0.000189009748283, 0.000169181585079, -0.000412849563872, 0.00020290845714], [0.000177393463673, 0.00133206823375, 0.000518335786182, 0.000136431815918, 0.00024547643261, 0.00142368266825, 0.000369544344721, 0.000355473603122, 0.00113823334686, 0.000239342960413, 0.000971960893366, 0.000281475164229, 0.000595112680458], [0.000757548259571, 0.000518335786182, 0.0045427493751, -0.000190793885849, 0.00137827615254, -0.00117451616097, 0.00544950598851, -0.00132947019301, 0.00148303515743, -0.000762938347179, 0.00226262607612, -0.00288351206109, 0.00234755245037], [0.000161379604833, 0.000136431815918, -0.000190793885849, 0.00921568647027, -0.00404682662338, -0.00595127558336, 2.65824728558e-05, 0.000548637763131, 0.00333672529086, 0.00105485063978, -0.000523287744727, 0.000507399498019, -0.000686401035637], [0.000309512688546, 0.00024547643261, 0.00137827615254, -0.00404682662338, 0.00896702427417, 0.000110087879875, -0.00314565305598, 0.0034372175578, -0.00635205488652, 0.00289012608118, -0.000467520672828, 0.00446154549718, -0.00058399309637], [-0.000249948207056, 0.00142368266825, -0.00117451616097, -0.00595127558336, 0.000110087879875, 0.0159694757313, -0.00114106503315, -0.00150461925659, -0.00297478423454, 0.00475013023242, -0.00141527992673, -0.00176412553992, 0.00461183302104], [0.00114664121065, 0.000369544344721, 0.00544950598851, 2.65824728558e-05, -0.00314565305598, -0.00114106503315, 0.0183816887438, -0.00215220451355, 0.00387945957482, -0.00277980370447, 0.000342943269061, -0.00267928210087, 0.000471559498692], [-0.00012091401004, 0.000355473603122, -0.00132947019301, 0.000548637763131, 0.0034372175578, -0.00150461925659, -0.00215220451355, 0.00777730718255, -0.00534123368561, 0.00270089739934, 0.0026901026722, 0.00389980198815, -0.000906513480004], [0.000180358401849, 0.00113823334686, 0.00148303515743, 0.00333672529086, -0.00635205488652, -0.00297478423454, 0.00387945957482, -0.00534123368561, 0.0195421297103, -0.00615173252299, -0.000505481788423, -0.00193015637342, 0.00443404912949], [-0.000189009748283, 0.000239342960413, -0.000762938347179, 0.00105485063978, 0.00289012608118, 0.00475013023242, -0.00277980370447, 0.00270089739934, -0.00615173252299, 0.0174587536603, -0.0100892176852, 0.00744462944567, 0.00202665757388], [0.000169181585079, 0.000971960893366, 0.00226262607612, -0.000523287744727, -0.000467520672828, -0.00141527992673, 0.000342943269061, 0.0026901026722, -0.000505481788423, -0.0100892176852, 0.0206980686635, -0.0140474392101, 0.00547927757725], [-0.000412849563872, 0.000281475164229, -0.00288351206109, 0.000507399498019, 0.00446154549718, -0.00176412553992, -0.00267928210087, 0.00389980198815, -0.00193015637342, 0.00744462944567, -0.0140474392101, 0.0254178754985, -0.0111076785251], [0.00020290845714, 0.000595112680458, 0.00234755245037, -0.000686401035637, -0.00058399309637, 0.00461183302104, 0.000471559498692, -0.000906513480004, 0.00443404912949, 0.00202665757388, 0.00547927757725, -0.0111076785251, 0.0160626489669]]
    },
    "melbands": {
        "dmean": [8.12686550944e-07, 1.8219282083e-07, 1.64980008321e-07, 5.879597893e-07, 9.7834981716e-06, 2.92898239422e-05, 3.05747562379e-05, 3.93615810026e-05, 3.38950594596e-05, 3.24673856085e-05, 4.40237199655e-05, 2.61286113528e-05, 7.96595122665e-05, 0.000154440072947, 0.000264084519586, 0.00023130082991, 8.56899496284e-05, 3.22834821418e-05, 8.63061359269e-05, 0.000120275828522, 8.1998994574e-05, 2.3692540708e-05, 5.04021409142e-06, 4.98475446875e-06, 4.85655846205e-06, 1.70379735209e-05, 4.01750694436e-05, 3.93040463678e-05, 1.70771290868e-05, 5.51795528736e-06, 1.49598724875e-06, 9.32411751364e-07, 1.24495841192e-06, 2.48127616942e-06, 2.86544695882e-06, 1.55314353378e-06, 6.82458164647e-07, 3.26531335304e-07, 3.27146267409e-07, 2.11343433421e-07],
        "dmean2": [1.29593809106e-06, 3.2583278653e-07, 2.866338491e-07, 1.07411335648e-06, 1.63390650414e-05, 4.24116842623e-05, 4.4955577323e-05, 6.03985172347e-05, 5.29568496859e-05, 4.62495627289e-05, 7.09010855644e-05, 4.38992428826e-05, 0.000130980784888, 0.000253641948802, 0.000422596611315, 0.000332689873176, 0.00015329773305, 5.72940371057e-05, 0.000148459643242, 0.00020087545272, 0.000144576421008, 3.89138949686e-05, 8.19141314423e-06, 8.42923418531e-06, 7.95637606643e-06, 2.80585118162e-05, 6.56677002553e-05, 6.39181307633e-05, 2.7507683626e-05, 9.1114998213e-06, 2.42003693529e-06, 1.53685186888e-06, 1.98067755264e-06, 3.45957255377e-06, 4.37576773038e-06, 2.44274156103e-06, 1.1255389154e-06, 5.14813109476e-07, 5.3034591474e-07, 3.23277163261e-07],
        "dvar": [2.51480086755e-12, 6.77460881447e-14, 1.13222724653e-13, 2.55579238329e-12, 4.36247232782e-10, 1.9589225797e-09, 2.86178547526e-09, 1.99700007641e-08, 7.48089412639e-09, 3.55908280625e-09, 1.01752677395e-08, 3.07162273394e-09, 3.85043676943e-08, 8.94504239568e-08, 3.60539047506e-07, 2.53427543839e-07, 3.73027404521e-08, 5.37090683039e-09, 2.30459402673e-08, 3.71369388574e-08, 1.78544627971e-08, 2.55810217453e-09, 7.00920363417e-11, 1.32672497988e-10, 3.77263914553e-11, 8.32134083861e-10, 3.72611808075e-09, 3.37996808319e-09, 6.95733304301e-10, 8.14480496936e-11, 6.01026520219e-12, 2.85465661526e-12, 4.36663595907e-12, 1.69446696258e-11, 2.01173452896e-11, 7.70761492824e-12, 2.07862416515e-12, 3.73443544968e-13, 4.99988125988e-13, 1.19646547986e-13],
        "dvar2": [6.62041168414e-12, 1.57261722633e-13, 2.4328211971e-13, 7.00230238376e-12, 1.09876030496e-09, 3.83356812961e-09, 5.29808108496e-09, 4.46937420406e-08, 1.45309266841e-08, 5.85586379387e-09, 1.67618914304e-08, 5.83107739871e-09, 9.7218773476e-08, 1.58920911986e-07, 7.80212246809e-07, 4.6997837444e-07, 1.1278557821e-07, 1.49797578786e-08, 6.83730903006e-08, 1.0268327344e-07, 3.83987206476e-08, 6.86566403729e-09, 1.85565549038e-10, 3.50218104517e-10, 8.72054026213e-11, 1.96298954869e-09, 7.90262788541e-09, 7.28291205121e-09, 1.51582013608e-09, 1.74850231516e-10, 1.31771000361e-11, 7.53483386795e-12, 1.13521518574e-11, 2.96960338264e-11, 3.320844294e-11, 1.35925376857e-11, 4.01446150627e-12, 8.5158713848e-13, 1.17911843484e-12, 2.33548667601e-13],
        "max": [9.09185746423e-06, 1.57826264058e-06, 2.30020077652e-06, 9.10561539058e-06, 0.000106088213215, 0.000203651507036, 0.000271945638815, 0.00124540482648, 0.000599769700784, 0.000465021730633, 0.000649433874059, 0.000402005040087, 0.00132606062107, 0.00203582178801, 0.00291949580424, 0.00373070500791, 0.000928264285903, 0.000512903439812, 0.000801094691269, 0.000868229544722, 0.000608771573752, 0.000336268305546, 5.29942808498e-05, 8.72691452969e-05, 2.89507097477e-05, 0.000219254638068, 0.000436687550973, 0.000364338251529, 0.000175615990884, 4.83569274365e-05, 1.5342466213e-05, 9.07378125703e-06, 9.64110768109e-06, 2.69030515483e-05, 2.64842874458e-05, 1.59580322361e-05, 1.0219788237e-05, 3.66083077097e-06, 5.7803913478e-06, 2.50583298111e-06],
        "mean": [7.52564233153e-07, 2.00690990937e-07, 1.69898285662e-07, 4.01900905445e-07, 7.06248602e-06, 2.82068831439e-05, 3.33548414346e-05, 5.10980062245e-05, 3.16127952829e-05, 3.41486374964e-05, 4.67756290163e-05, 2.48480864684e-05, 6.07870460954e-05, 0.000134965885081, 0.000214065934415, 0.000246795389103, 6.04061096965e-05, 2.90479783871e-05, 6.76636554999e-05, 9.91829147097e-05, 7.33099805075e-05, 1.91944145627e-05, 4.70393069918e-06, 4.31664375355e-06, 5.28871487404e-06, 1.60999916261e-05, 3.83424376196e-05, 4.17436313001e-05, 1.74344822881e-05, 4.91291666549e-06, 1.38899190461e-06, 8.71342308528e-07, 1.20469064768e-06, 2.80813856079e-06, 3.256522632e-06, 1.82876999588e-06, 6.72890337228e-07, 3.1825763358e-07, 3.45769251453e-07, 2.46085761546e-07],
        "median": [1.33340279262e-07, 9.48819476321e-08, 2.70220770204e-08, 3.33578924483e-08, 1.77000572421e-07, 5.83410496802e-07, 1.50868913806e-06, 3.87210747022e-07, 3.41982229202e-07, 8.08869799584e-07, 1.14847216537e-06, 1.35248569677e-06, 3.27511133946e-06, 5.26166968484e-06, 7.53832955525e-06, 6.61973490423e-06, 2.87669217869e-06, 6.22988727628e-06, 9.15453438211e-06, 1.3737187146e-05, 1.12056641228e-05, 2.20031802201e-06, 8.49469529385e-07, 5.89094270254e-07, 9.04949615688e-07, 2.45856040237e-06, 5.76349111725e-06, 3.41047530128e-06, 1.17320360005e-06, 4.45777800451e-07, 9.39261255439e-08, 3.39702559415e-08, 5.67159119669e-08, 1.84306969686e-07, 2.42123576299e-07, 1.26267494238e-07, 9.32736128334e-08, 3.90891834456e-08, 3.14372492483e-08, 2.7292028193e-08],
        "min": [4.04776391441e-13, 1.11526754628e-13, 4.43201722609e-14, 1.16607781712e-14, 1.18840738438e-14, 1.76079108434e-14, 1.80149084804e-14, 1.37150710846e-14, 3.84750181205e-14, 2.70433852314e-14, 2.68676682465e-14, 4.33198822544e-15, 1.26633746485e-14, 1.19299305135e-14, 2.74403658568e-14, 2.30145509448e-14, 5.83577367406e-15, 1.6585774163e-14, 1.4627356062e-14, 1.90854768106e-14, 4.97124187315e-15, 4.58251092508e-15, 2.63069138007e-14, 1.29984845993e-14, 6.3010929177e-15, 1.20607395056e-14, 1.05177173733e-14, 2.82206712426e-14, 1.28825893163e-14, 1.25688889702e-14, 1.53585301486e-14, 7.33455231093e-15, 2.08936702304e-14, 1.06946650971e-14, 7.49118056134e-15, 9.66052087772e-15, 9.5197753421e-15, 7.10930761553e-15, 1.00663504564e-14, 8.97652483215e-15],
        "stdev": [1.52695020006e-06, 2.74190284699e-07, 3.98635819465e-07, 1.28628562379e-06, 1.90234914044e-05, 5.10123281856e-05, 6.38209094177e-05, 0.000168542115716, 9.91145934677e-05, 7.95870873844e-05, 0.000122411365737, 6.739859964e-05, 0.000175765118911, 0.00033732218435, 0.000603894353844, 0.000653267838061, 0.000167737467564, 6.86698695063e-05, 0.000136135364301, 0.000184505566722, 0.00014276834554, 4.56819216197e-05, 8.21321555122e-06, 1.02946642073e-05, 7.4972326729e-06, 2.99792409351e-05, 6.76018171362e-05, 6.86911371304e-05, 3.08548478642e-05, 9.15279451874e-06, 2.50359562415e-06, 1.76628418558e-06, 2.3172458441e-06, 5.76176444156e-06, 5.96791369389e-06, 3.48516778104e-06, 1.57103227139e-06, 6.74955060731e-07, 7.9330123981e-07, 4.48412805554e-07],
        "var": [2.33157698877e-12, 7.51803065874e-14, 1.58910509534e-13, 1.65453057071e-12, 3.61893209844e-10, 2.60225752058e-09, 4.07310851713e-09, 2.84064451961e-08, 9.82370274016e-09, 6.33410479622e-09, 1.49845416075e-08, 4.54257165217e-09, 3.08933749693e-08, 1.13786263967e-07, 3.64688361287e-07, 4.26758873573e-07, 2.81358580878e-08, 4.71555061665e-09, 1.85328392632e-08, 3.40423049749e-08, 2.03828012246e-08, 2.08683803571e-09, 6.74569081149e-11, 1.05980113574e-10, 5.62084961908e-11, 8.98754903833e-10, 4.57000570719e-09, 4.71847227956e-09, 9.52021683709e-10, 8.37736546799e-11, 6.2679913343e-12, 3.11975987578e-12, 5.36962835307e-12, 3.31979270463e-11, 3.56159927939e-11, 1.21463941335e-11, 2.46814222706e-12, 4.55564351434e-13, 6.29326831533e-13, 2.0107404782e-13]
    },
    "melbands128": {
