{
"lowlevel": {
    "average_loudness": 0.00910517666489,
    "barkbands_crest": {
        "dmean": 0.173338279128,
        "dmean2": 0.180389121175,
        "dvar": 0.65485060215,
        "dvar2": 0.489591985941,
        "max": 26.7514629364,
        "mean": 26.0605869293,
        "median": 26.7149963379,
        "min": 5.14102077484,
        "stdev": 3.1697871685,
        "var": 10.0475502014
    },
    "barkbands_flatness_db": {
        "dmean": 0.0220922343433,
        "dmean2": 0.0296328738332,
        "dvar": 0.000490374746732,
        "dvar2": 0.00103647436481,
        "max": 0.831928312778,
        "mean": 0.648862302303,
        "median": 0.692440271378,
        "min": 0.0626216158271,
        "stdev": 0.140427708626,
        "var": 0.0197199415416
    },
    "barkbands_kurtosis": {
        "dmean": 420.670318604,
        "dmean2": 769.345336914,
        "dvar": 293304.53125,
        "dvar2": 1019934.375,
        "max": 13753.1181641,
        "mean": 4784.67236328,
        "median": 2705.11865234,
        "min": -1.87420547009,
        "stdev": 4687.93994141,
        "var": 21976780
    },
    "barkbands_skewness": {
        "dmean": 2.40616798401,
        "dmean2": 4.19424057007,
        "dvar": 5.51931142807,
        "dvar2": 19.37591362,
        "max": 90.0649871826,
        "mean": 42.7276039124,
        "median": 35.8876266479,
        "min": -0.932202339172,
        "stdev": 29.7504673004,
        "var": 885.090332031
    },
    "barkbands_spread": {
        "dmean": 0.598464667797,
        "dmean2": 0.507080674171,
        "dvar": 12.8027009964,
        "dvar2": 11.1744327545,
        "max": 130.263122559,
        "mean": 3.48987078667,
        "median": 0.038396384567,
        "min": 0.0127108357847,
        "stdev": 18.4174957275,
        "var": 339.20413208
    },
    "dissonance": {
        "dmean": 0.00986939668655,
        "dmean2": 0.0169895812869,
        "dvar": 0.000391327164834,
        "dvar2": 0.00117469660472,
        "max": 0.499495714903,
        "mean": 0.462267875671,
        "median": 0.479627370834,
        "min": 0.271196097136,
        "stdev": 0.039328660816,
        "var": 0.00154674355872
    },
    "dynamic_complexity": 19.1425075531,
    "erbbands_crest": {
        "dmean": 0.283631980419,
        "dmean2": 0.376977652311,
        "dvar": 0.464108526707,
        "dvar2": 0.886291861534,
        "max": 25.9631252289,
        "mean": 23.698059082,
        "median": 25.5551795959,
        "min": 2.65912485123,
        "stdev": 4.58050441742,
        "var": 20.9810218811
    },
    "erbbands_flatness_db": {
        "dmean": 0.0145409330726,
        "dmean2": 0.0195402726531,
        "dvar": 0.000215063919313,
        "dvar2": 0.000447089405498,
        "max": 0.511415362358,
        "mean": 0.36516174674,
        "median": 0.394364237785,
        "min": 0.0641111359,
        "stdev": 0.107725307345,
        "var": 0.011604742147
    },
    "erbbands_kurtosis": {
        "dmean": 10.4799060822,
        "dmean2": 15.3072738647,
        "dvar": 157.517715454,
        "dvar2": 334.307769775,
        "max": 510.832092285,
        "mean": 178.344619751,
        "median": 118.80078125,
        "min": -1.73277330399,
        "stdev": 173.389938354,
        "var": 30064.0722656
    },
    "erbbands_skewness": {
        "dmean": 0.335713863373,
        "dmean2": 0.46523976326,
        "dvar": 0.110300995409,
        "dvar2": 0.228451654315,
        "max": 17.1386356354,
        "mean": 8.69731235504,
        "median": 8.76184368134,
        "min": -1.3260871172,
        "stdev": 5.63501882553,
        "var": 31.7534351349
    },
    "erbbands_spread": {
        "dmean": 1.21313667297,
        "dmean2": 1.33276879787,
        "dvar": 17.4182128906,
        "dvar2": 11.8879184723,
        "max": 169.256774902,
        "mean": 11.5451440811,
        "median": 2.64612770081,
        "min": 0.507929265499,
        "stdev": 25.9641914368,
        "var": 674.139282227
    },
    "hfc": {
        "dmean": 1.1402566433,
        "dmean2": 0.643459975719,
        "dvar": 29.699224472,
        "dvar2": 10.8232755661,
        "max": 177.758346558,
        "mean": 11.5224351883,
        "median": 0.270764768124,
        "min": 1.21427119666e-05,
        "stdev": 32.1583099365,
        "var": 1034.15698242
    },
    "loudness_ebu128": {
        "integrated": -20.2796459198,
        "loudness_range": 25.114025116,
        "momentary": {
            "dmean": 0.928239405155,
            "dmean2": 0.163518816233,
            "dvar": 0.798351347446,
            "dvar2": 0.14593218267,
            "max": -12.3537254333,
            "mean": -40.5522689819,
            "median": -41.0212059021,
            "min": -78.2587280273,
            "stdev": 14.3791723251,
            "var": 206.760604858
        },
        "short_term": {
            "dmean": 0.693128824234,
            "dmean2": 0.0683307647705,
            "dvar": 0.0711441338062,
            "dvar2": 0.0424375757575,
            "max": -19.5872936249,
            "mean": -37.3924636841,
            "median": -38.4449157715,
            "min": -50.7780914307,
            "stdev": 8.76430034637,
            "var": 76.8129577637
        }
    },
    "melbands_crest": {
        "dmean": 0.155305206776,
        "dmean2": 0.221651747823,
        "dvar": 0.458456426859,
        "dvar2": 0.691603600979,
        "max": 26.285577774,
        "mean": 25.0858650208,
        "median": 25.4037914276,
        "min": 10.0496034622,
        "stdev": 1.65522813797,
        "var": 2.73978018761
    },
    "melbands_flatness_db": {
        "dmean": 0.0240691397339,
        "dmean2": 0.031699988991,
        "dvar": 0.000652382848784,
        "dvar2": 0.00137437169906,
        "max": 0.999964118004,
        "mean": 0.788481235504,
        "median": 0.839040517807,
        "min": 0.0231027640402,
        "stdev": 0.168941348791,
        "var": 0.0285411793739
    },
    "melbands_kurtosis": {
        "dmean": 9.69243812561,
        "dmean2": 12.771859169,
        "dvar": 678.49395752,
        "dvar2": 819.472229004,
        "max": 991.179199219,
        "mean": 97.3695907593,
        "median": 17.2729816437,
        "min": -1.40206956863,
        "stdev": 197.664672852,
        "var": 39071.3242188
    },
    "melbands_skewness": {
        "dmean": 0.213830277324,
        "dmean2": 0.25052317977,
        "dvar": 0.316271573305,
        "dvar2": 0.272784650326,
        "max": 23.2695446014,
        "mean": 2.78294849396,
        "median": 1.28182995319,
        "min": 0.242742419243,
        "stdev": 4.15806436539,
        "var": 17.2894992828
    },
    "melbands_spread": {
        "dmean": 0.712337613106,
        "dmean2": 0.680298924446,
        "dvar": 34.3078651428,
        "dvar2": 30.5867156982,
        "max": 178.916168213,
        "mean": 3.71985697746,
        "median": 0.239575982094,
        "min": 0.233939945698,
        "stdev": 22.5670700073,
        "var": 509.272674561
    },
    "pitch_salience": {
        "dmean": 0.00633667549118,
        "dmean2": 0.00717021012679,
        "dvar": 0.000745773199014,
        "dvar2": 0.000852924422361,
        "max": 0.793141245842,
        "mean": 0.0493120960891,
        "median": 0.0248450357467,
        "min": 0.00453207315877,
        "stdev": 0.104920908809,
        "var": 0.0110083976761
    },
    "silence_rate_20dB": {
        "dmean": 0.00625000009313,
        "dmean2": 0.00940438825637,
        "dvar": 0.00621096789837,
        "dvar2": 0.00931595731527,
        "max": 1,
        "mean": 0.881619930267,
        "median": 1,
        "min": 0,
        "stdev": 0.323057889938,
        "var": 0.104366406798
    },
    "silence_rate_30dB": {
        "dmean": 0.00312500004657,
        "dmean2": 0.00626959232613,
        "dvar": 0.00311524188146,
        "dvar2": 0.0062303096056,
        "max": 1,
        "mean": 0.791277229786,
        "median": 1,
        "min": 0,
        "stdev": 0.406394630671,
        "var": 0.165156587958
    },
    "silence_rate_60dB": {
        "dmean": 0.00312500004657,
        "dmean2": 0.00626959232613,
        "dvar": 0.00311523908749,
        "dvar2": 0.00623029982671,
        "max": 1,
        "mean": 0.482866048813,
        "median": 0,
        "min": 0,
        "stdev": 0.499706506729,
        "var": 0.249706596136
    },
    "spectral_centroid": {
        "dmean": 13.93937397,
        "dmean2": 11.6453266144,
        "dvar": 5511.29101562,
        "dvar2": 2576.85058594,
        "max": 3878.82421875,
        "mean": 211.403137207,
        "median": 74.7253646851,
        "min": 69.9629516602,
        "stdev": 626.391601562,
        "var": 392366.40625
    },
    "spectral_complexity": {
        "dmean": 0.11249999702,
        "dmean2": 0.16614420712,
        "dvar": 0.21859459579,
        "dvar2": 0.439479917288,
        "max": 12,
        "mean": 1.64174449444,
        "median": 1,
        "min": 0,
        "stdev": 2.66031193733,
        "var": 7.07725954056
    },
    "spectral_decrease": {
        "dmean": 4.00011979096e-09,
        "dmean2": 2.51555110076e-09,
        "dvar": 4.27030813325e-16,
        "dvar2": 2.29327870662e-16,
        "max": -6.19807425603e-17,
        "mean": -4.22100896458e-08,
        "median": -1.02873431995e-09,
        "min": -6.27185272606e-07,
        "stdev": 1.16795270344e-07,
        "var": 1.36411344256e-14
    },
    "spectral_energy": {
        "dmean": 0.0152004361153,
        "dmean2": 0.00955257564783,
        "dvar": 0.00615939963609,
        "dvar2": 0.00329906330444,
        "max": 2.38320493698,
        "mean": 0.160355627537,
        "median": 0.00390719482675,
        "min": 1.33530930757e-09,
        "stdev": 0.4437276721,
        "var": 0.196894258261
    },
    "spectral_energyband_high": {
        "dmean": 3.92552657047e-08,
        "dmean2": 4.9834280702e-08,
        "dvar": 2.27750862603e-14,
        "dvar2": 3.22344181783e-14,
        "max": 3.27902739627e-06,
        "mean": 1.29517914615e-07,
        "median": 3.41111174862e-08,
        "min": 7.88416831821e-10,
        "stdev": 4.41934133733e-07,
        "var": 1.95305780554e-13
    },
    "spectral_energyband_low": {
        "dmean": 0.0146685335785,
        "dmean2": 0.0094425631687,
        "dvar": 0.00606826040894,
        "dvar2": 0.00349390693009,
        "max": 2.29745602608,
        "mean": 0.158226102591,
        "median": 0.00390715105459,
        "min": 1.90194998639e-10,
        "stdev": 0.435189962387,
        "var": 0.189390301704
    },
    "spectral_energyband_middle_high": {
        "dmean": 2.64486220658e-06,
        "dmean2": 2.71649173555e-06,
        "dvar": 2.17493162369e-10,
        "dvar2": 2.0168200443e-10,
        "max": 0.000419764459366,
        "mean": 8.52347329783e-06,
        "median": 1.19247394181e-08,
        "min": 1.35735853113e-10,
        "stdev": 4.68389916932e-05,
        "var": 2.19389106881e-09
    },
    "spectral_energyband_middle_low": {
        "dmean": 0.000696117291227,
        "dmean2": 0.000780104543082,
        "dvar": 1.56881833391e-05,
        "dvar2": 2.70285545412e-05,
        "max": 0.084533713758,
        "mean": 0.00237810169347,
        "median": 4.35359368112e-07,
        "min": 5.35246361122e-11,
        "stdev": 0.0105260759592,
        "var": 0.000110798267997
    },
    "spectral_entropy": {
        "dmean": 0.0568133406341,
        "dmean2": 0.0839260816574,
        "dvar": 0.00379654811695,
        "dvar2": 0.0082919895649,
        "max": 8.96848106384,
        "mean": 4.45680475235,
        "median": 3.99365091324,
        "min": 3.10196352005,
        "stdev": 1.41982829571,
        "var": 2.01591253281
    },
    "spectral_flux": {
        "dmean": 0.00521324248984,
        "dmean2": 0.00549100060016,
        "dvar": 0.00102869642433,
        "dvar2": 0.0016166298883,
        "max": 0.730521440506,
        "mean": 0.0136623363942,
        "median": 0.000957865791861,
        "min": 9.95713562588e-05,
        "stdev": 0.0567768141627,
        "var": 0.00322360661812
    },
    "spectral_kurtosis": {
        "dmean": 15.1444749832,
        "dmean2": 23.9371089935,
        "dvar": 1430.53222656,
        "dvar2": 3235.26611328,
        "max": 502.190155029,
        "mean": 74.3495941162,
        "median": 23.7881393433,
        "min": 1.05924892426,
        "stdev": 103.820358276,
        "var": 10778.6669922
    },
    "spectral_rms": {
        "dmean": 0.000286951253656,
        "dmean2": 0.000128041865537,
        "dvar": 1.85951216736e-06,
        "dvar2": 5.93398112869e-07,
        "max": 0.0482190623879,
        "mean": 0.00667992047966,
        "median": 0.00195240811445,
        "min": 1.14137674245e-06,
        "stdev": 0.0105746500194,
        "var": 0.000111823232146
    },
    "spectral_rolloff": {
        "dmean": 60.1583862305,
        "dmean2": 47.4540481567,
        "dvar": 301032.46875,
        "dvar2": 173767.265625,
        "max": 18130.9570312,
        "mean": 527.596984863,
        "median": 86.1328125,
        "min": 86.1328125,
        "stdev": 2670.59277344,
        "var": 7132066
    },
    "spectral_skewness": {
        "dmean": 0.464031517506,
        "dmean2": 0.722444534302,
        "dvar": 0.845899105072,
        "dvar2": 1.93285822868,
        "max": 19.7281322479,
        "mean": 6.11189985275,
        "median": 4.4046421051,
        "min": 1.00823521614,
        "stdev": 4.65742397308,
        "var": 21.6915969849
    },
    "spectral_spread": {
        "dmean": 304337,
        "dmean2": 441174.78125,
        "dvar": 121624829952,
        "dvar2": 175286173696,
        "max": 15350824,
        "mean": 4482011.5,
        "median": 3585417.75,
        "min": 236651.96875,
        "stdev": 3377821.5,
        "var": 1.14096781394e+13
    },
    "spectral_strongpeak": {
        "dmean": 0.0328834727407,
        "dmean2": 0.0261671636254,
        "dvar": 0.0426524877548,
        "dvar2": 0.0600049383938,
        "max": 5.2651219368,
        "mean": 0.728327929974,
        "median": 0.216314315796,
        "min": 0,
        "stdev": 1.15533447266,
        "var": 1.33479762077
    },
    "zerocrossingrate": {
        "dmean": 0.00211181631312,
        "dmean2": 0.00172505632509,
        "dvar": 0.000127303734189,
        "dvar2": 5.13619488629e-05,
        "max": 0.31982421875,
        "mean": 0.0117202708498,
        "median": 0.00341796875,
        "min": 0.0029296875,
        "stdev": 0.0427750535309,
        "var": 0.00182970508467
    },
    "barkbands": {
        "dmean": [0.000117038216558, 0.0145888458937, 0.00114814855624, 0.000164688215591, 0.000576316204388, 7.32664411771e-05, 2.62519351963e-05, 5.14919247507e-06, 5.8194700614e-06, 1.60899730872e-06, 7.2895301173e-07, 5.53580775886e-07, 3.1986888871e-07, 1.49848602859e-07, 1.10847224732e-07, 7.75484423343e-08, 4.34248477177e-08, 2.76392917442e-08, 1.92992892778e-08, 1.23868364454e-08, 9.57626333786e-09, 6.08655303935e-09, 5.56806645235e-09, 4.514723706e-09, 4.30713109623e-09, 4.33571001324e-09, 4.78788120262e-09],
        "dmean2": [0.000180973278475, 0.0100380862132, 0.00189673621207, 0.000234690043726, 0.000637078192085, 0.000108652806375, 2.56134881056e-05, 7.65249751566e-06, 7.93029812485e-06, 2.56037901636e-06, 1.07872926947e-06, 6.99493568845e-07, 5.79164634473e-07, 1.42996000818e-07, 1.10306366707e-07, 8.54743404943e-08, 5.07145863082e-08, 3.36998162709e-08, 1.72358216588e-08, 1.39981608527e-08, 1.1074033246e-08, 7.54494422495e-09, 7.50246975656e-09, 6.01711880321e-09, 6.099165617e-09, 6.21255225042e-09, 6.88172585583e-09],
        "dvar": [4.31391754319e-07, 0.00648186262697, 4.80784692627e-05, 2.43621843765e-06, 1.03428073999e-05, 2.11550656104e-07, 2.00987901877e-08, 7.53775097895e-10, 9.85782899754e-10, 9.78385567008e-11, 2.54388211884e-11, 9.72151092266e-12, 4.44562355678e-12, 6.21055344738e-13, 3.29630040711e-13, 1.64354071802e-13, 5.38391657916e-14, 1.99522100501e-14, 8.58419949977e-15, 3.30274515046e-15, 1.66685263174e-15, 5.92312458202e-16, 3.65496701974e-16, 2.25692167024e-16, 2.0511114576e-16, 1.94565016466e-16, 2.11889659269e-16],
        "dvar2": [8.19836202481e-07, 0.00490666087717, 0.000143118348205, 5.73097759116e-06, 1.45939693539e-05, 3.38832194302e-07, 2.00456060639e-08, 1.2682355166e-09, 1.51865653386e-09, 2.05685801724e-10, 4.16610045073e-11, 1.5734977557e-11, 9.92826133805e-12, 6.73808936164e-13, 4.37092446655e-13, 2.22569616275e-13, 7.53120371513e-14, 2.52970811209e-14, 5.64123434652e-15, 3.07005207084e-15, 1.97367591732e-15, 6.82576735985e-16, 6.81437106094e-16, 4.04409713208e-16, 4.36294812669e-16, 4.32716892561e-16, 4.7280029157e-16],
        "max": [0.0111078638583, 2.27514791489, 0.102159649134, 0.0300028789788, 0.076943397522, 0.00735969142988, 0.00354863563552, 0.000458041322418, 0.000692420813721, 0.000206953802262, 0.000106307728856, 7.35548746889e-05, 4.22448574682e-05, 2.09526042454e-05, 1.61522420967e-05, 1.04598011603e-05, 6.02025647822e-06, 3.69265012523e-06, 2.67105588136e-06, 1.54646397732e-06, 1.08417702904e-06, 5.67457846046e-07, 3.7758567828e-07, 2.94265959155e-07, 2.42554619945e-07, 2.12562298429e-07, 2.06686408433e-07],
        "mean": [0.000216765780351, 0.155474722385, 0.00227800197899, 0.000415403977968, 0.00157972320449, 0.000224624076509, 0.000122099285363, 1.43464385474e-05, 2.02567134693e-05, 4.29781403e-06, 1.96928976948e-06, 1.38050734222e-06, 8.533989444e-07, 4.781552434e-07, 3.19809714711e-07, 2.15452871544e-07, 1.28810725641e-07, 8.59313402657e-08, 6.38228314642e-08, 4.11462472982e-08, 2.95496409564e-08, 1.95568077288e-08, 1.38571962793e-08, 1.16856782029e-08, 1.08064703852e-08, 1.14340430457e-08, 1.37354181362e-08],
        "median": [1.84705140782e-06, 0.00387037731707, 3.66823551303e-05, 4.2284446522e-07, 1.10756168681e-08, 2.83937984236e-09, 1.69582914378e-09, 1.11725539931e-09, 1.28614241479e-09, 1.12137898967e-09, 1.0219713964e-09, 1.08657383091e-09, 1.00617081333e-09, 1.02674080349e-09, 1.08415365574e-09, 1.17470755345e-09, 1.27588906107e-09, 1.4703788187e-09, 1.74680758747e-09, 2.05230699102e-09, 2.57927146308e-09, 2.93570234788e-09, 3.33931726715e-09, 3.94329591202e-09, 5.0507922289e-09, 7.1027521642e-09, 9.82672698768e-09],
        "min": [1.46435585879e-10, 5.46052578154e-11, 3.11423760044e-12, 3.70097312172e-12, 7.18099624902e-12, 1.44511642236e-11, 7.19903824054e-12, 2.17813787839e-12, 9.69568349218e-12, 6.13773702002e-12, 3.90868414024e-12, 3.14919639845e-12, 3.89364668979e-12, 7.52742659871e-12, 4.33438267916e-12, 1.52687827659e-11, 2.79100926398e-11, 2.93419143149e-11, 1.77549901864e-11, 4.31779681453e-11, 2.76767567198e-11, 2.50431238247e-11, 5.84193665665e-11, 6.57808391091e-11, 1.33678068615e-10, 2.41156095093e-10, 2.38962349908e-10],
        "stdev": [0.00105820095632, 0.429127991199, 0.00806571822613, 0.00199403171428, 0.00869318004698, 0.000780208036304, 0.000459458155092, 5.20872163179e-05, 7.459562039e-05, 2.45033425017e-05, 1.10774544737e-05, 7.77018340159e-06, 4.82200039187e-06, 2.64245204562e-06, 1.76687444764e-06, 1.18606169508e-06, 6.91079947046e-07, 4.53033010217e-07, 3.27423180124e-07, 2.00674662665e-07, 1.34977554467e-07, 7.9210913384e-08, 4.82237467736e-08, 3.36142349511e-08, 2.42587194776e-08, 1.87375501781e-08, 1.71631171497e-08],
        "var": [1.11978920359e-06, 0.184150844812, 6.50558140478e-05, 3.97616213377e-06, 7.55713772378e-05, 6.08724576523e-07, 2.11101806258e-07, 2.71307820654e-09, 5.56450618916e-09, 6.00413829766e-10, 1.22709994943e-10, 6.03757530082e-11, 2.32516887688e-11, 6.98255299067e-12, 3.12184544708e-12, 1.40674245256e-12, 4.77591490661e-13, 2.05238902045e-13, 1.07205931144e-13, 4.02703213929e-14, 1.82189417768e-14, 6.2743686047e-15, 2.32552980372e-15, 1.12991685829e-15, 5.88485457467e-16, 3.51095791912e-16, 2.94572568657e-16]
    },
    "erbbands": {
        "dmean": [0.330729186535, 3.61848306656, 1.92400670052, 0.711997389793, 1.97173655033, 1.49986374378, 0.265334576368, 0.866834998131, 0.200402453542, 0.371779561043, 0.136198490858, 0.120904579759, 0.102489605546, 0.0657834634185, 0.0337364263833, 0.0232668910176, 0.0144802825525, 0.00803972035646, 0.00716307526454, 0.00408442597836, 0.00331095349975, 0.00235673808493, 0.00158407981507, 0.00112258107401, 0.00078970863251, 0.000579659070354, 0.000421024247771, 0.00030550028896, 0.000220451067435, 0.000181153212907, 0.000143260069308, 0.000105255843664, 7.78609392e-05, 5.36033185199e-05, 3.46934175468e-05, 2.07729171962e-05, 1.03815145849e-05, 3.10820655613e-06, 6.85874238116e-06, 1.64118828252e-05],
        "dmean2": [0.260007500648, 2.48159217834, 2.16956019402, 0.970692694187, 2.14816999435, 1.6128128767, 0.284166038036, 1.28296518326, 0.187745526433, 0.302129030228, 0.207383662462, 0.15045312047, 0.147677451372, 0.0913536772132, 0.0515729375184, 0.0342587120831, 0.0267126858234, 0.00605545612052, 0.0081025576219, 0.0036248981487, 0.00305234291591, 0.00209037470631, 0.00108693609945, 0.000911893614102, 0.000644882908091, 0.000522780173924, 0.00044699429418, 0.000333564559696, 0.000273542449577, 0.000227884302149, 0.000186588571523, 0.00013717667025, 0.000101801393612, 6.980526814e-05, 4.37593043898e-05, 2.55327522609e-05, 1.210985738e-05, 4.37132757725e-06, 4.51903542853e-06, 1.03164002212e-05],
        "dvar": [3.49804759026, 394.403259277, 102.887695312, 45.9749984741, 116.644454956, 59.6830368042, 2.46748971939, 31.1942043304, 1.7243591547, 5.44522094727, 0.786050856113, 0.398362666368, 0.376963555813, 0.172466933727, 0.0449447445571, 0.0183807499707, 0.00961156375706, 0.00182672438677, 0.00141049386002, 0.000473015388707, 0.000278477324173, 0.000139088864671, 5.71535383642e-05, 2.77081962849e-05, 1.28494793898e-05, 6.6352840804e-06, 3.37460187438e-06, 1.65550261499e-06, 8.65112838255e-07, 4.5783775704e-07, 2.48188882779e-07, 1.26063497419e-07, 6.73512587923e-08, 3.0123999295e-08, 1.2403869043e-08, 4.46642101082e-09, 1.1300563818e-09, 8.52628453951e-11, 1.19744913984e-09, 7.16563519632e-09],
        "dvar2": [3.76639080048, 280.712371826, 150.405227661, 111.915603638, 165.83392334, 102.599784851, 3.36642217636, 50.803527832, 2.94631886482, 4.0676817894, 1.2855540514, 0.592414677143, 0.691534817219, 0.233797684312, 0.0933248847723, 0.0399096868932, 0.0191397145391, 0.00139433995355, 0.00190797552932, 0.000388993386878, 0.000284013338387, 0.000109912318294, 2.95974205073e-05, 1.64087996382e-05, 6.53689403407e-06, 4.2499027586e-06, 2.79804567072e-06, 1.52910104134e-06, 9.36043136335e-07, 5.86180078699e-07, 3.85532729297e-07, 2.08618629927e-07, 1.21913188877e-07, 5.47613190349e-08, 2.13292139506e-08, 7.06666769545e-09, 1.54496726523e-09, 1.8009149727e-10, 6.21571460968e-10, 3.82194009774e-09],
        "max": [51.0530929565, 557.700256348, 275.228149414, 130.027114868, 241.063110352, 175.879638672, 39.9108543396, 88.8577194214, 22.411655426, 57.5857772827, 17.1847171783, 13.0889587402, 11.4768314362, 8.54680252075, 4.33241605759, 3.28924751282, 2.16202974319, 1.26439464092, 0.976691126823, 0.624546527863, 0.50037330389, 0.353700518608, 0.229186356068, 0.158688634634, 0.106978714466, 0.0741297081113, 0.0513899847865, 0.0334069877863, 0.0222020335495, 0.0153204826638, 0.0109096057713, 0.0077934237197, 0.0056336671114, 0.00391899235547, 0.00268768914975, 0.00177528720815, 0.000965751765762, 0.000172168525751, 0.0010549883591, 0.00257214508019],
        "mean": [3.40384626389, 38.3248214722, 17.0770702362, 2.51198959351, 4.98325777054, 3.76586389542, 1.0919085741, 2.67577290535, 1.11272621155, 1.88937401772, 0.449467867613, 0.413233399391, 0.197292000055, 0.13350237906, 0.0790534093976, 0.0582978390157, 0.0417849905789, 0.0278062783182, 0.0205020904541, 0.0142187848687, 0.0106754610315, 0.0076285446994, 0.00531236501411, 0.00384451379068, 0.00272034760565, 0.00195265200455, 0.00141729437746, 0.00103395280894, 0.000764465425164, 0.000571926182602, 0.000429037201684, 0.000327709829435, 0.000251869350905, 0.000195855784114, 0.000149774030433, 0.000107165054942, 6.17307014181e-05, 1.06627676359e-05, 7.22572003724e-05, 0.00017318285245],
        "median": [0.0843779742718, 0.955200791359, 0.406392872334, 0.0225921012461, 0.00209038914181, 0.0004014960723, 0.00013767805649, 7.19115705579e-05, 5.55544320378e-05, 4.06828366977e-05, 3.70546258637e-05, 3.60466910934e-05, 4.09805070376e-05, 4.4588043238e-05, 4.73587606393e-05, 5.18729284522e-05, 4.90016282129e-05, 5.47719100723e-05, 5.53053469048e-05, 6.33670861134e-05, 6.67093045195e-05, 7.60429829825e-05, 7.99184272182e-05, 8.72413875186e-05, 9.21071332414e-05, 9.70382097876e-05, 0.000103145692265, 0.000104278282379, 0.000109059910756, 0.00010161838145, 9.68284221017e-05, 8.55748221511e-05, 7.03634868842e-05, 5.58911779081e-05, 4.14819187426e-05, 2.79427586065e-05, 1.54303361342e-05, 5.5383416111e-06, 3.02009266306e-06, 4.32746674051e-06],
        "min": [4.85397100292e-09, 1.24941088586e-08, 9.37747746121e-09, 3.3169875735e-08, 3.18318704728e-08, 1.88874498264e-08, 4.6811472032e-08, 1.42885653531e-07, 1.40596654319e-07, 3.77913131899e-08, 1.08634360174e-07, 2.27632568794e-07, 1.83839901524e-07, 1.71970341967e-07, 1.44962470472e-07, 1.38715293474e-07, 1.34795257622e-07, 3.3706294289e-07, 3.52635453282e-07, 6.25917039088e-07, 6.511897368e-07, 1.77271135726e-06, 1.6031181076e-06, 1.04912737697e-06, 1.24490486542e-06, 1.66569020621e-06, 1.69653264948e-06, 8.6428292434e-07, 8.66527784638e-07, 1.46788624988e-06, 1.58302452746e-06, 1.34234448979e-06, 1.00446709439e-06, 1.38606594646e-06, 1.27653095205e-06, 1.10475434667e-06, 3.99946259222e-07, 1.05856550192e-07, 3.30759313272e-08, 3.39887384904e-09],
        "stdev": [9.45807552338, 105.6304245, 46.335193634, 9.25417518616, 27.1195793152, 20.1267299652, 4.26348781586, 9.2900762558, 3.28466439247, 7.90375566483, 1.73812460899, 1.41237139702, 1.07511937618, 0.815830767155, 0.439662575722, 0.323018729687, 0.236107483506, 0.153253078461, 0.114176958799, 0.076939612627, 0.0574829727411, 0.0408727154136, 0.0280680079013, 0.0197353102267, 0.0136451134458, 0.00951057951897, 0.00657751038671, 0.00451520411298, 0.00309483800083, 0.00211870740168, 0.00142021430656, 0.000967675296124, 0.000676567200571, 0.000483438605443, 0.000349502020981, 0.000245300645474, 0.000140160787851, 1.76235698746e-05, 0.000196502092876, 0.000478882371681],
        "var": [89.4551849365, 11157.7861328, 2146.95019531, 85.6397628784, 735.471618652, 405.085266113, 18.1773281097, 86.3055114746, 10.7890205383, 62.4693527222, 3.02107715607, 1.99479293823, 1.1558816433, 0.665579795837, 0.19330316782, 0.104341097176, 0.0557467453182, 0.0234865061939, 0.013036377728, 0.00591970374808, 0.00330429221503, 0.0016705787275, 0.000787813041825, 0.000389482476749, 0.00018618912145, 9.04511180124e-05, 4.32636443293e-05, 2.03870695259e-05, 9.57802240009e-06, 4.48892114946e-06, 2.01700868274e-06, 9.36395508688e-07, 4.57743141169e-07, 2.33712896147e-07, 1.2215166123e-07, 6.01724110538e-08, 1.96450464784e-08, 3.10590220209e-10, 3.86130736274e-08, 2.29328321666e-07]
    },
    "gfcc": {
        "mean": [-451.623443604, 98.3559799194, 39.2574386597, 69.4775390625, 16.9987258911, 32.0744438171, 8.41047382355, 16.5967769623, 4.96568250656, 6.13194990158, -0.477650851011, -2.21413779259, -4.72259187698],
        "cov": [[18115.6054688, 8956.24121094, 2232.61303711, -2189.00146484, -1262.82849121, -2583.23681641, -487.735198975, -759.157653809, 849.096069336, -136.607406616, 799.02746582, -317.953918457, 626.455932617], [8956.24121094, 4966.54589844, 1778.71704102, -907.271972656, -517.717041016, -1341.88232422, -234.814666748, -424.640716553, 484.472991943, -81.3044052124, 466.761230469, -172.69644165, 354.642700195], [2232.61303711, 1778.71704102, 1204.21789551, 21.8303470612, 20.3116340637, -366.024353027, -27.4436130524, -139.582778931, 197.986679077, -31.2120094299, 188.417816162, -61.1656074524, 130.024856567], [-2189.00146484, -907.271972656, 21.8303470612, 619.852294922, 453.321289062, 494.965667725, 148.841293335, 58.0227127075, -139.188018799, -32.0629043579, -94.8014373779, 27.7064304352, -76.6373214722], [-1262.82849121, -517.717041016, 20.3116340637, 453.321289062, 382.514831543, 370.633239746, 119.415550232, 7.06451702118, -116.670791626, -51.9921073914, -63.9078559875, 13.2856626511, -40.8473587036], [-2583.23681641, -1341.88232422, -366.024353027, 494.965667725, 370.633239746, 576.894836426, 175.310653687, 133.445831299, -171.026306152, -25.7061252594, -168.217971802, 24.8906593323, -116.541297913], [-487.735198975, -234.814666748, -27.4436130524, 148.841293335, 119.415550232, 175.310653687, 92.8074188232, 61.913520813, -27.8494968414, -19.773733139, -58.5599365234, -16.1534061432, -34.2399787903], [-759.157653809, -424.640716553, -139.582778931, 58.0227127075, 7.06451702118, 133.445831299, 61.913520813, 114.157913208, -3.34831881523, 20.8712501526, -68.4941864014, -6.75364589691, -51.0988693237], [849.096069336, 484.472991943, 197.986679077, -139.188018799, -116.670791626, -171.026306152, -27.8494968414, -3.34831881523, 90.8609008789, 19.2897129059, 47.0706100464, -22.5050163269, 29.7093658447], [-136.607406616, -81.3044052124, -31.2120094299, -32.0629043579, -51.9921073914, -25.7061252594, -19.773733139, 20.8712501526, 19.2897129059, 38.9583854675, 10.4845333099, 11.011713028, -6.60781621933], [799.02746582, 466.761230469, 188.417816162, -94.8014373779, -63.9078559875, -168.217971802, -58.5599365234, -68.4941864014, 47.0706100464, 10.4845333099, 80.698928833, 5.30029964447, 46.111530304], [-317.953918457, -172.69644165, -61.1656074524, 27.7064304352, 13.2856626511, 24.8906593323, -16.1534061432, -6.75364589691, -22.5050163269, 11.011713028, 5.30029964447, 27.5351257324, -1.60273814201], [626.455932617, 354.642700195, 130.024856567, -76.6373214722, -40.8473587036, -116.541297913, -34.2399787903, -51.0988693237, 29.7093658447, -6.60781621933, 46.111530304, -1.60273814201, 41.7522201538]],
        "icov": [[0.00435858266428, -0.010654469952, 0.00968247558922, -0.0041592689231, 0.00278085563332, 0.000865104841068, -0.00496552651748, 0.00247983285226, -0.00707123149186, 0.00202386127785, -0.00181872048415, -0.00154254271183, -0.0012859844137], [-0.010654469952, 0.0298226624727, -0.0250788703561, 0.0148077392951, -0.0138841131702, 0.00664390390739, 0.00174331490416, -0.00144409982022, 0.0129397781566, -0.00288327224553, 0.000537637271918, 0.00676787830889, 0.00645472062752], [0.00968247558922, -0.0250788703561, 0.0301628187299, -0.0250521637499, 0.0168174318969, 0.00220345379785, -0.0121718198061, 0.00633779726923, -0.0300819687545, 0.0149413207546, -0.0129597028717, 0.00217223563232, -0.0136304451153], [-0.0041592689231, 0.0148077392951, -0.0250521637499, 0.059001352638, -0.0610326044261, 0.00720462808385, 0.00917539745569, -0.0130561525002, 0.0243644248694, -0.0257923025638, 0.0150540303439, -0.0156181817874, 0.0362471677363], [0.00278085563332, -0.0138841131702, 0.0168174318969, -0.0610326044261, 0.110821120441, -0.0630215480924, -0.00218403409235, 0.038719471544, -0.0265909396112, 0.0369755029678, -0.035503283143, 0.023197459057, -0.045213136822], [0.000865104841068, 0.00664390390739, 0.00220345379785, 0.00720462808385, -0.0630215480924, 0.109000988305, -0.0708945915103, -0.0104537243024, 0.0285703353584, -0.0271591022611, 0.0412389524281, -0.0345400348306, 0.0371120199561], [-0.00496552651748, 0.00174331490416, -0.0121718198061, 0.00917539745569, -0.00218403409235, -0.0708945915103, 0.151857882738, -0.0744140595198, 0.0153269004077, 0.0283644925803, -0.0226828921586, 0.0570285655558, -0.0312931239605], [0.00247983285226, -0.00144409982022, 0.00633779726923, -0.0130561525002, 0.038719471544, -0.0104537243024, -0.0744140595198, 0.127482399344, -0.0802135840058, -0.0178859066218, 0.0499026626348, -0.0409399457276, 0.0326149240136], [-0.00707123149186, 0.0129397781566, -0.0300819687545, 0.0243644248694, -0.0265909396112, 0.0285703353584, 0.0153269004077, -0.0802135840058, 0.166499465704, -0.0644206404686, -0.00660978071392, 0.0466224290431, -0.0168588496745], [0.00202386127785, -0.00288327224553, 0.0149413207546, -0.0257923025638, 0.0369755029678, -0.0271591022611, 0.0283644925803, -0.0178859066218, -0.0644206404686, 0.128980904818, -0.0763822868466, -0.00541698932648, 0.0123902605847], [-0.00181872048415, 0.000537637271918, -0.0129597028717, 0.0150540303439, -0.035503283143, 0.0412389524281, -0.0226828921586, 0.0499026626348, -0.00660978071392, -0.0763822868466, 0.170193552971, -0.0895370841026, 0.0147743010893], [-0.00154254271183, 0.00676787830889, 0.00217223563232, -0.0156181817874, 0.023197459057, -0.0345400348306, 0.0570285655558, -0.0409399457276, 0.0466224290431, -0.00541698932648, -0.0895370841026, 0.17807072401, -0.0751376226544], [-0.0012859844137, 0.00645472062752, -0.0136304451153, 0.0362471677363, -0.045213136822, 0.0371120199561, -0.0312931239605, 0.0326149240136, -0.0168588496745, 0.0123902605847, 0.0147743010893, -0.0751376226544, 0.165765509009]]
    },
    "melbands": {
        "dmean": [0.00386079447344, 0.0022434652783, 0.000140354924952, 0.000149658560986, 1.41159789564e-05, 1.67834841704e-05, 3.77405854124e-06, 3.21161019201e-06, 1.43948989262e-06, 6.0449343664e-07, 5.15352724051e-07, 2.89550399657e-07, 1.08831784473e-07, 5.70751197415e-08, 3.4484195055e-08, 2.52043204085e-08, 1.42195215602e-08, 1.02348316489e-08, 7.27996019023e-09, 4.99828578526e-09, 3.31673466469e-09, 2.62751420621e-09, 1.56699120346e-09, 1.29083743694e-09, 8.73500494158e-10, 6.25203555593e-10, 4.93930674139e-10, 3.61885910127e-10, 2.78056355718e-10, 2.127091836e-10, 1.67146269048e-10, 1.28391880461e-10, 1.10018473498e-10, 9.97747856557e-11, 8.30410740171e-11, 7.18863232829e-11, 6.12680184364e-11, 5.56384001371e-11, 4.64540211853e-11, 4.23090243395e-11],
        "dmean2": [0.0026325492654, 0.00141202542, 0.000190443504835, 0.000168664977537, 1.54887493409e-05, 2.48922970059e-05, 3.75917670681e-06, 2.68358348876e-06, 2.24731797971e-06, 7.40858865811e-07, 7.65441143358e-07, 4.14949283822e-07, 1.55351315811e-07, 5.88615449715e-08, 3.98370652022e-08, 2.45211886352e-08, 1.49832324325e-08, 1.10021822763e-08, 8.20623125009e-09, 6.55784093695e-09, 4.40381775491e-09, 2.55761434254e-09, 1.09294817641e-09, 9.2342888891e-10, 7.77001629704e-10, 5.05822161934e-10, 4.11675055156e-10, 3.35112992911e-10, 2.9795399481e-10, 2.30174768134e-10, 1.8948197178e-10, 1.59833216107e-10, 1.39451131198e-10, 1.28783456121e-10, 1.10269987585e-10, 9.79659131595e-11, 8.19766546312e-11, 7.74546329851e-11, 6.50255960188e-11, 5.96604918246e-11],
        "dvar": [0.000451035797596, 0.000135617854539, 1.29408579141e-06, 6.94377888522e-07, 7.53720730273e-09, 1.15732952111e-08, 4.33255514798e-10, 4.09717426653e-10, 8.79440339996e-11, 1.09239813376e-11, 9.50912439068e-12, 3.4744024064e-12, 5.1926789691e-13, 1.07103955154e-13, 3.73625216594e-14, 2.15589858113e-14, 6.13730850944e-15, 3.13512410646e-15, 1.48469438478e-15, 9.53570845536e-16, 3.51355116342e-16, 1.85375847189e-16, 5.54896213743e-17, 3.64891668986e-17, 1.71740065959e-17, 8.14795650832e-18, 4.71995585454e-18, 2.56807547628e-18, 1.46687267426e-18, 7.82411012862e-19, 4.96565207112e-19, 2.84753849793e-19, 1.80391211943e-19, 1.24552694886e-19, 7.99412094766e-20, 5.70262837938e-20, 3.92349794486e-20, 3.21778783591e-20, 2.31215883578e-20, 1.71170713666e-20],
        "dvar2": [0.000383653474273, 7.23303310224e-05, 3.08755988954e-06, 1.04672881207e-06, 1.19296315049e-08, 1.85242239326e-08, 6.60792476292e-10, 2.96584645731e-10, 1.57432830661e-10, 1.65768249821e-11, 1.77564248027e-11, 4.86755861312e-12, 9.67316396254e-13, 1.06108040919e-13, 4.74821767462e-14, 2.25864774339e-14, 6.33040279878e-15, 3.36578705987e-15, 1.93761179552e-15, 1.18603872027e-15, 5.20671258556e-16, 1.71382598203e-16, 2.63809850717e-17, 1.87216962636e-17, 1.09193159628e-17, 4.6917982129e-18, 2.89103056887e-18, 1.61855836665e-18, 1.23934124054e-18, 6.73402360005e-19, 4.84727942354e-19, 3.16631090005e-19, 2.03894825266e-19, 1.79819953258e-19, 1.19861378816e-19, 1.00832567038e-19, 6.80954919664e-20, 6.36216274622e-20, 4.77983958207e-20, 3.49491854428e-20],
        "max": [0.599888086319, 0.335525393486, 0.0209287405014, 0.0192504394799, 0.00199663476087, 0.00169392139651, 0.000457413058029, 0.000498247216456, 0.000149473286001, 7.28042286937e-05, 5.5332769989e-05, 3.58691759175e-05, 1.50732912516e-05, 8.97121208254e-06, 5.06554215463e-06, 4.01209490519e-06, 2.11432234209e-06, 1.51107985857e-06, 1.01664920749e-06, 7.5772652508e-07, 4.72783057148e-07, 3.95813287923e-07, 2.27295075206e-07, 1.85256268992e-07, 1.2273874006e-07, 8.43648280124e-08, 6.55827250284e-08, 4.54731790001e-08, 3.37036745179e-08, 2.39231550125e-08, 1.75904482091e-08, 1.25568568876e-08, 1.00325276975e-08, 7.64347429794e-09, 6.012234266e-09, 4.82935602619e-09, 3.94036048235e-09, 3.36508954035e-09, 2.72611777596e-09, 2.29566743393e-09],
        "mean": [0.0405951067805, 0.0233988147229, 0.000391976587707, 0.000393307273043, 4.23917263106e-05, 5.28664750163e-05, 1.84853743121e-05, 1.65921028383e-05, 3.31107344209e-06, 2.56473117588e-06, 8.67500887125e-07, 5.21797460351e-07, 2.70680118319e-07, 1.77363617127e-07, 1.15908690645e-07, 7.62588570069e-08, 4.84284434776e-08, 3.35294920717e-08, 2.21376357246e-08, 1.64235647304e-08, 1.12167004573e-08, 8.12346190315e-09, 5.30732080506e-09, 4.2176981907e-09, 3.01066016561e-09, 2.13569095742e-09, 1.62365609846e-09, 1.20935483849e-09, 9.17955156332e-10, 7.02788327533e-10, 5.50649470465e-10, 4.27461011032e-10, 3.41770389767e-10, 2.74709699433e-10, 2.23081622619e-10, 1.8442466998e-10, 1.54068466318e-10, 1.30468941206e-10, 1.1235646441e-10, 9.94704596469e-11],
        "median": [0.00100986554753, 0.000576543970965, 1.30017565425e-06, 4.02502253749e-09, 7.49949269352e-10, 5.85439252632e-10, 3.87252535594e-10, 2.67641075968e-10, 2.19926035716e-10, 1.7892447246e-10, 1.64229546629e-10, 1.55080184805e-10, 1.46286649461e-10, 1.34782601746e-10, 1.05210354318e-10, 1.04262355693e-10, 9.69965704978e-11, 8.44805683742e-11, 8.11247596877e-11, 7.79840914067e-11, 7.53000717335e-11, 7.68280578045e-11, 7.27296972647e-11, 7.14196132789e-11, 7.00072499971e-11, 6.63536933732e-11, 6.61791316192e-11, 6.52063750217e-11, 6.5796215698e-11, 6.24877094513e-11, 5.96849375478e-11, 6.05410929722e-11, 5.73853846386e-11, 5.64511180856e-11, 5.46465060702e-11, 5.35641773991e-11, 4.99508559515e-11, 4.63443693144e-11, 4.55126179799e-11, 4.39867274549e-11],
        "min": [4.17575835021e-11, 8.78981436248e-12, 5.73203290388e-12, 1.72955822841e-12, 1.44009229455e-12, 3.13441416919e-12, 1.98792241349e-12, 3.01331225597e-13, 1.15942064977e-12, 1.35888641919e-12, 9.00836425854e-13, 7.09305444241e-13, 5.18205161941e-13, 3.81908317904e-13, 2.21999393694e-13, 4.81679908633e-13, 6.30774024592e-13, 6.36041349797e-13, 3.58108968911e-13, 1.37580929722e-12, 5.10141137233e-13, 1.984324597e-12, 1.38119496309e-12, 1.41042277683e-12, 7.4205859556e-13, 8.541672686e-13, 1.0888716144e-12, 1.18113158143e-12, 1.06909901938e-12, 1.07069463972e-12, 3.37745131342e-13, 5.23730310422e-13, 4.3687511833e-13, 1.02927540623e-12, 1.05795136107e-12, 7.18915595457e-13, 8.59199864034e-13, 7.21209658834e-13, 8.35145212534e-13, 1.17228514222e-12],
        "stdev": [0.11229941994, 0.06406352669, 0.00162625545636, 0.00217549153604, 0.000181641647941, 0.000181716852239, 6.08584814472e-05, 6.91486275173e-05, 1.39554476846e-05, 8.63274090079e-06, 5.11030930284e-06, 3.32059812536e-06, 1.52363475081e-06, 9.84879420685e-07, 6.28607665476e-07, 4.38092001787e-07, 2.6656209684e-07, 1.85502727845e-07, 1.21389518881e-07, 9.11394693048e-08, 5.98465064172e-08, 4.39970015975e-08, 2.80935577024e-08, 2.21988969429e-08, 1.54579868905e-08, 1.07592645904e-08, 8.0924236201e-09, 5.8648677026e-09, 4.30816804453e-09, 3.16703152592e-09, 2.40885889013e-09, 1.7627882487e-09, 1.36357503067e-09, 1.01613428782e-09, 7.7454997971e-10, 5.89738147205e-10, 4.62108712407e-10, 3.65079855236e-10, 2.88414264693e-10, 2.354470785e-10],
