{
"lowlevel": {
    "average_loudness": 0.920505702496,
    "barkbands_crest": {
        "dmean": 1.13275432587,
        "dmean2": 1.61171591282,
        "dvar": 5.34449863434,
        "dvar2": 11.523308754,
        "max": 26.958316803,
        "mean": 16.0796871185,
        "median": 16.3007106781,
        "min": 3.08418416977,
        "stdev": 5.13563680649,
        "var": 26.3747673035
    },
    "barkbands_flatness_db": {
        "dmean": 0.020731497556,
        "dmean2": 0.0310795754194,
        "dvar": 0.00133716955315,
        "dvar2": 0.00281620048918,
        "max": 0.589322328568,
        "mean": 0.403727889061,
        "median": 0.431769639254,
        "min": 0.0433027036488,
        "stdev": 0.105173520744,
        "var": 0.0110614700243
    },
    "barkbands_kurtosis": {
        "dmean": 14.0248584747,
        "dmean2": 23.1232585907,
        "dvar": 3919.64086914,
        "dvar2": 10094.2060547,
        "max": 1343.29943848,
        "mean": 12.2726631165,
        "median": 0.340992331505,
        "min": -1.72350299358,
        "stdev": 58.2905921936,
        "var": 3397.79321289
    },
    "barkbands_skewness": {
        "dmean": 0.796089231968,
        "dmean2": 1.18855404854,
        "dvar": 4.57518386841,
        "dvar2": 11.2568922043,
        "max": 32.2724342346,
        "mean": 1.93471622467,
        "median": 1.21241211891,
        "min": -2.03352642059,
        "stdev": 2.56422233582,
        "var": 6.57523679733
    },
    "barkbands_spread": {
        "dmean": 2.0360519886,
        "dmean2": 3.12712478638,
        "dvar": 46.9175262451,
        "dvar2": 110.411758423,
        "max": 102.678024292,
        "mean": 8.65574359894,
        "median": 6.97235393524,
        "min": 0.0570099055767,
        "stdev": 8.04121494293,
        "var": 64.6611328125
    },
    "dissonance": {
        "dmean": 0.0523263923824,
        "dmean2": 0.0873226970434,
        "dvar": 0.00202999915928,
        "dvar2": 0.00585395516828,
        "max": 0.499723106623,
        "mean": 0.338582247496,
        "median": 0.332716941833,
        "min": 0.111396610737,
        "stdev": 0.0783064812422,
        "var": 0.00613190513104
    },
    "dynamic_complexity": 7.4460401535,
    "erbbands_crest": {
        "dmean": 1.22768199444,
        "dmean2": 1.82329344749,
        "dvar": 6.45881986618,
        "dvar2": 15.1440420151,
        "max": 32.9156265259,
        "mean": 15.8203125,
        "median": 15.7716903687,
        "min": 2.28577470779,
        "stdev": 5.37030124664,
        "var": 28.8401355743
    },
    "erbbands_flatness_db": {
        "dmean": 0.0117610478774,
        "dmean2": 0.01695041731,
        "dvar": 0.000619805592578,
        "dvar2": 0.00118746026419,
        "max": 0.507498383522,
        "mean": 0.364236325026,
        "median": 0.393103063107,
        "min": 0.0268695354462,
        "stdev": 0.108411855996,
        "var": 0.0117531307042
    },
    "erbbands_kurtosis": {
        "dmean": 1.87888610363,
        "dmean2": 3.14716243744,
        "dvar": 88.5715255737,
        "dvar2": 181.863616943,
        "max": 203.485778809,
        "mean": 1.45019769669,
        "median": -0.446877598763,
        "min": -1.71266007423,
        "stdev": 11.7582483292,
        "var": 138.256408691
    },
    "erbbands_skewness": {
        "dmean": 0.303867429495,
        "dmean2": 0.433143258095,
        "dvar": 0.681403934956,
        "dvar2": 1.54987430573,
        "max": 11.0507669449,
        "mean": -0.0475973375142,
        "median": -0.315942198038,
        "min": -2.89020037651,
        "stdev": 1.24446582794,
        "var": 1.54869532585
    },
    "erbbands_spread": {
        "dmean": 3.32751584053,
        "dmean2": 5.27394580841,
        "dvar": 80.5476837158,
        "dvar2": 218.185455322,
        "max": 114.1590271,
        "mean": 19.0429649353,
        "median": 15.0511245728,
        "min": 0.504782855511,
        "stdev": 15.0767250061,
        "var": 227.307632446
    },
    "hfc": {
        "dmean": 1.06047153473,
        "dmean2": 1.07415938377,
        "dvar": 5.55164289474,
        "dvar2": 5.13867282867,
        "max": 51.9905357361,
        "mean": 15.5298709869,
        "median": 15.9059677124,
        "min": 1.34238789542e-05,
        "stdev": 11.4539194107,
        "var": 131.192276001
    },
    "loudness_ebu128": {
        "integrated": -23.5421886444,
        "loudness_range": 4.34705352783,
        "momentary": {
            "dmean": 1.167096138,
            "dmean2": 0.998238027096,
            "dvar": 10.1978216171,
            "dvar2": 8.72537136078,
            "max": -20.8352146149,
            "mean": -28.2399425507,
            "median": -23.9029083252,
            "min": -77.5661239624,
            "stdev": 13.3222017288,
            "var": 177.481063843
        },
        "short_term": {
            "dmean": 0.0939263552427,
            "dmean2": 0.0511465109885,
            "dvar": 0.00356706790626,
            "dvar2": 0.00317045510747,
            "max": -21.8382129669,
            "mean": -23.863407135,
            "median": -23.3913936615,
            "min": -27.8543262482,
            "stdev": 1.5536659956,
            "var": 2.41387796402
        }
    },
    "melbands_crest": {
        "dmean": 1.25197529793,
        "dmean2": 1.88902962208,
        "dvar": 8.69135761261,
        "dvar2": 23.135061264,
        "max": 39.4863510132,
        "mean": 22.2734889984,
        "median": 22.0002765656,
        "min": 6.27807235718,
        "stdev": 5.91323471069,
        "var": 34.9663467407
    },
    "melbands_flatness_db": {
        "dmean": 0.0196302961558,
        "dmean2": 0.0288197882473,
        "dvar": 0.00147027766798,
        "dvar2": 0.00326537084766,
        "max": 0.646189391613,
        "mean": 0.452687293291,
        "median": 0.475182950497,
        "min": 0.0491010285914,
        "stdev": 0.0961791649461,
        "var": 0.00925043225288
    },
    "melbands_kurtosis": {
        "dmean": 18.745464325,
        "dmean2": 30.8524990082,
        "dvar": 5206.39453125,
        "dvar2": 13714.8261719,
        "max": 1056.10559082,
        "mean": 21.575094223,
        "median": 2.30850601196,
        "min": -1.62585520744,
        "stdev": 74.9214782715,
        "var": 5613.22753906
    },
    "melbands_skewness": {
        "dmean": 0.806383788586,
        "dmean2": 1.2095335722,
        "dvar": 4.64724111557,
        "dvar2": 11.4304141998,
        "max": 29.8968505859,
        "mean": 2.69828701019,
        "median": 1.76244020462,
        "min": -0.383778035641,
        "stdev": 3.20945072174,
        "var": 10.3005743027
    },
    "melbands_spread": {
        "dmean": 2.20630455017,
        "dmean2": 3.33139705658,
        "dvar": 70.1449203491,
        "dvar2": 149.824020386,
        "max": 146.195053101,
        "mean": 12.4405145645,
        "median": 10.1205348969,
        "min": 0.225156024098,
        "stdev": 10.7178592682,
        "var": 114.872505188
    },
    "pitch_salience": {
        "dmean": 0.0385119877756,
        "dmean2": 0.0556199140847,
        "dvar": 0.00611389428377,
        "dvar2": 0.0130914002657,
        "max": 0.757719814777,
        "mean": 0.465322226286,
        "median": 0.505578041077,
        "min": 0.0248400568962,
        "stdev": 0.166135534644,
        "var": 0.0276010166854
    },
    "silence_rate_20dB": {
        "dmean": 0,
        "dmean2": 0,
        "dvar": 0,
        "dvar2": 0,
        "max": 1,
        "mean": 1,
        "median": 1,
        "min": 1,
        "stdev": 0,
        "var": 0
    },
    "silence_rate_30dB": {
        "dmean": 0,
        "dmean2": 0,
        "dvar": 0,
        "dvar2": 0,
        "max": 1,
        "mean": 1,
        "median": 1,
        "min": 1,
        "stdev": 0,
        "var": 0
    },
    "silence_rate_60dB": {
        "dmean": 0.0325732901692,
        "dmean2": 0.0652173906565,
        "dvar": 0.0315121300519,
        "dvar2": 0.06313803792,
        "max": 1,
        "mean": 0.176789581776,
        "median": 0,
        "min": 0,
        "stdev": 0.38149318099,
        "var": 0.145537048578
    },
    "spectral_centroid": {
        "dmean": 76.0734405518,
        "dmean2": 109.012374878,
        "dvar": 58935.9492188,
        "dvar2": 148275.125,
        "max": 4808.94970703,
        "mean": 705.755554199,
        "median": 501.421630859,
        "min": 187.560180664,
        "stdev": 579.481201172,
        "var": 335798.46875
    },
    "spectral_complexity": {
        "dmean": 0.30510315299,
        "dmean2": 0.448913037777,
        "dvar": 0.492143750191,
        "dvar2": 0.67131114006,
        "max": 12,
        "mean": 5.21908903122,
        "median": 6,
        "min": 0,
        "stdev": 2.73360586166,
        "var": 7.47260093689
    },
    "spectral_decrease": {
        "dmean": 4.31967100978e-10,
        "dmean2": 4.11820688662e-10,
        "dvar": 1.09880139331e-18,
        "dvar2": 9.47210619891e-19,
        "max": -1.05003551037e-16,
        "mean": -7.36132665935e-09,
        "median": -7.92180099296e-09,
        "min": -1.63436002509e-08,
        "stdev": 4.90239626671e-09,
        "var": 2.4033491161e-17
    },
    "spectral_energy": {
        "dmean": 0.0017235694686,
        "dmean2": 0.00164657365531,
        "dvar": 1.72913169081e-05,
        "dvar2": 1.48900962813e-05,
        "max": 0.0647599697113,
        "mean": 0.0291918907315,
        "median": 0.031353123486,
        "min": 1.61389479558e-09,
        "stdev": 0.0194672066718,
        "var": 0.000378972152248
    },
    "spectral_energyband_high": {
        "dmean": 2.41761028974e-07,
        "dmean2": 3.38178011816e-07,
        "dvar": 1.20664695141e-13,
        "dvar2": 2.50028025627e-13,
        "max": 6.99718566466e-06,
        "mean": 1.27490659452e-06,
        "median": 1.00124384517e-06,
        "min": 9.34635036032e-10,
        "stdev": 1.17550882806e-06,
        "var": 1.381820873e-12
    },
    "spectral_energyband_low": {
        "dmean": 9.6268404377e-06,
        "dmean2": 1.01088289739e-05,
        "dvar": 2.34291075429e-09,
        "dvar2": 1.68394687083e-09,
        "max": 0.00176080630627,
        "mean": 0.000176871588337,
        "median": 1.22143944736e-06,
        "min": 2.23521381959e-10,
        "stdev": 0.000449207960628,
        "var": 2.01787784704e-07
    },
    "spectral_energyband_middle_high": {
        "dmean": 0.000597611244302,
        "dmean2": 0.00066577072721,
        "dvar": 1.8244753619e-06,
        "dvar2": 1.93163896256e-06,
        "max": 0.0390306636691,
        "mean": 0.00734039349481,
        "median": 0.00463861506432,
        "min": 1.92678942246e-10,
        "stdev": 0.00783386453986,
        "var": 6.13694282947e-05
    },
    "spectral_energyband_middle_low": {
        "dmean": 0.00125359452795,
        "dmean2": 0.00121878017671,
        "dvar": 1.08669137262e-05,
        "dvar2": 9.54817824095e-06,
        "max": 0.0521508567035,
        "mean": 0.0226854048669,
        "median": 0.0231160633266,
        "min": 6.06716968332e-11,
        "stdev": 0.0156940035522,
        "var": 0.000246301759034
    },
    "spectral_entropy": {
        "dmean": 0.131530761719,
        "dmean2": 0.202290669084,
        "dvar": 0.096291102469,
        "dvar2": 0.214309886098,
        "max": 9.06493377686,
        "mean": 5.30023050308,
        "median": 4.99384212494,
        "min": 3.4003868103,
        "stdev": 1.15709841251,
        "var": 1.33887684345
    },
    "spectral_flux": {
        "dmean": 0.00560461916029,
        "dmean2": 0.00791564118117,
        "dvar": 0.00018596186419,
        "dvar2": 0.000357698241714,
        "max": 0.144701316953,
        "mean": 0.0103104254231,
        "median": 0.00456886552274,
        "min": 0.000124487225548,
        "stdev": 0.0181849487126,
        "var": 0.000330692331772
    },
    "spectral_kurtosis": {
        "dmean": 15.975769043,
        "dmean2": 27.4213485718,
        "dvar": 247.554672241,
        "dvar2": 608.903808594,
        "max": 121.835098267,
        "mean": 46.650844574,
        "median": 47.2482376099,
        "min": -0.541584014893,
        "stdev": 27.0645236969,
        "var": 732.48840332
    },
    "spectral_rms": {
        "dmean": 0.000222528877202,
        "dmean2": 0.000201127011678,
        "dvar": 2.900542313e-07,
        "dvar2": 2.12179855907e-07,
        "max": 0.0079486137256,
        "mean": 0.00473835878074,
        "median": 0.00553067959845,
        "min": 1.254803351e-06,
        "stdev": 0.00245516444556,
        "var": 6.02783211434e-06
    },
    "spectral_rolloff": {
        "dmean": 118.561088562,
        "dmean2": 198.620239258,
        "dvar": 500513.03125,
        "dvar2": 824396.25,
        "max": 17032.7636719,
        "mean": 837.295288086,
        "median": 796.728515625,
        "min": 21.533203125,
        "stdev": 712.53918457,
        "var": 507712.125
    },
    "spectral_skewness": {
        "dmean": 1.09655666351,
        "dmean2": 1.88018834591,
        "dvar": 0.994758546352,
        "dvar2": 2.57399725914,
        "max": 8.74893188477,
        "mean": 4.62729644775,
        "median": 4.64477062225,
        "min": 0.344284534454,
        "stdev": 1.81997621059,
        "var": 3.31231355667
    },
    "spectral_spread": {
        "dmean": 484184.5,
        "dmean2": 766059.1875,
        "dvar": 424144994304,
        "dvar2": 906884743168,
        "max": 14316524,
        "mean": 2111658,
        "median": 1442880.25,
        "min": 728898.625,
        "stdev": 1923385,
        "var": 3.69940968243e+12
    },
    "spectral_strongpeak": {
        "dmean": 0.0841052308679,
        "dmean2": 0.102042801678,
        "dvar": 0.115312762558,
        "dvar2": 0.19228425622,
        "max": 7.2889957428,
        "mean": 1.58386397362,
        "median": 1.45221281052,
        "min": 0,
        "stdev": 1.25573277473,
        "var": 1.57686471939
    },
    "zerocrossingrate": {
        "dmean": 0.00390943093225,
        "dmean2": 0.00486582890153,
        "dvar": 7.46593723306e-05,
        "dvar2": 0.000137379407533,
        "max": 0.1220703125,
        "mean": 0.033959377557,
        "median": 0.0322265625,
        "min": 0.0068359375,
        "stdev": 0.0153231630102,
        "var": 0.000234799328609
    },
    "barkbands": {
        "dmean": [1.32641923756e-06, 3.6528962255e-07, 5.19231889484e-07, 5.86487913097e-05, 0.00052285665879, 0.000449375977041, 8.01766532277e-07, 3.67726315744e-05, 0.000150652631419, 0.000236576001043, 0.000113613452413, 0.000143345547258, 9.39253295655e-05, 7.84758813097e-05, 2.87333805318e-05, 6.6502275331e-06, 1.98009456653e-06, 7.29402131583e-07, 1.62220351285e-06, 4.20995547756e-07, 9.37246440458e-08, 3.58269964806e-08, 1.41663853981e-08, 8.99629881701e-09, 1.64139883907e-08, 1.06537489941e-08, 2.58690313615e-09],
        "dmean2": [2.24376458391e-06, 5.74992498059e-07, 7.17071998224e-07, 5.41599620192e-05, 0.000513264152687, 0.000483773037558, 1.01006867226e-06, 3.4946417145e-05, 0.000141316835652, 0.00024400233815, 0.000156638110639, 0.000147545651998, 0.000115337395982, 9.35063217185e-05, 3.3509269997e-05, 7.04679496266e-06, 2.45550836553e-06, 9.38138668971e-07, 1.98795373763e-06, 5.50360823581e-07, 1.4228973555e-07, 5.78483536628e-08, 2.3251192971e-08, 1.51691157413e-08, 2.92666690882e-08, 1.79867978289e-08, 4.6540109544e-09],
        "dvar": [2.95129003701e-12, 4.63184048408e-12, 3.98899628606e-11, 9.96484814664e-08, 3.00068882098e-06, 5.11338294018e-06, 7.25072345914e-12, 1.87545854402e-08, 4.05671329418e-07, 7.00548639543e-07, 2.94028041026e-07, 1.90239305198e-07, 7.03784550637e-08, 4.70266101615e-08, 2.69014654997e-09, 2.07766651106e-10, 1.71231171603e-11, 2.00558319952e-12, 1.0737247029e-11, 7.08816306431e-13, 1.97637841829e-14, 2.88238387456e-15, 7.4411283257e-16, 3.31437268937e-16, 5.01540235937e-15, 1.21569048502e-15, 1.90507781589e-16],
        "dvar2": [5.90023993205e-12, 6.16035607942e-12, 8.19407042219e-11, 6.91274237852e-08, 2.63431911662e-06, 4.88014893563e-06, 1.0451625676e-11, 1.85089756854e-08, 3.74213669829e-07, 5.61586318781e-07, 5.54350094717e-07, 1.58743645784e-07, 1.09398214931e-07, 6.72114524036e-08, 3.02629699078e-09, 1.9945115004e-10, 2.30068047946e-11, 2.72635668382e-12, 1.37103921966e-11, 1.04070289712e-12, 4.65147126545e-14, 7.88846442459e-15, 1.96665867287e-15, 8.240019626e-16, 1.47071668944e-14, 3.41293714888e-15, 4.79979054616e-16],
        "max": [3.20710241795e-05, 7.36900692573e-05, 0.000213989813346, 0.0119120748714, 0.0377526246011, 0.0508025474846, 7.59881149861e-05, 0.0053520668298, 0.0189006980509, 0.0224872529507, 0.0123219955713, 0.0226589851081, 0.00753726251423, 0.00468902336434, 0.00162275147159, 0.000682764919475, 0.000123984340462, 3.04948007397e-05, 0.000123709556647, 2.52233767242e-05, 2.79741198028e-06, 6.50092943033e-07, 3.48909196646e-07, 2.67464201897e-07, 1.22067262964e-06, 6.50626986953e-07, 2.54408945466e-07],
        "mean": [1.44859950524e-06, 4.89094873046e-07, 1.48116976106e-06, 0.00124447827693, 0.00937346834689, 0.00791614316404, 7.54359143684e-06, 0.000562356493901, 0.00235396483913, 0.0036377995275, 0.000678918324411, 0.00175979535561, 0.000714566907845, 0.000648739980534, 0.000215386797208, 4.84576994495e-05, 1.13998985398e-05, 4.12051758758e-06, 8.54771769809e-06, 2.20733863898e-06, 3.87352628195e-07, 1.23776445093e-07, 4.08779783356e-08, 2.54762362317e-08, 3.69003352318e-08, 3.14327515127e-08, 5.12534281683e-09],
        "median": [8.52908328852e-07, 2.41291672864e-07, 2.57313281793e-08, 3.38532331057e-08, 0.00734611507505, 2.7750929803e-05, 3.44854782952e-07, 1.61766720908e-07, 3.5790289985e-05, 5.85469824728e-05, 6.30880604149e-05, 0.000183888769243, 0.000580666121095, 0.000134572328534, 0.000117488256365, 1.17864747153e-05, 5.41884492122e-06, 1.85261592378e-06, 4.03323247156e-06, 1.34589186018e-06, 2.02203025879e-07, 8.63698659259e-08, 2.7122098345e-08, 1.43781146988e-08, 1.82567632123e-08, 1.47617846835e-08, 3.60202889738e-09],
        "min": [2.4688240341e-10, 8.94857105083e-11, 2.05645656753e-11, 7.18278735101e-12, 1.305029175e-11, 6.08536354987e-12, 4.70250444487e-12, 2.81679757644e-12, 2.56588344322e-11, 2.82790934766e-12, 9.94404992377e-12, 1.27977463696e-11, 9.27768799286e-12, 1.33278683229e-11, 1.8190216694e-11, 2.64300560604e-11, 2.85546412904e-11, 2.09308560067e-11, 2.51859488126e-11, 5.72848990466e-11, 4.9623517101e-11, 4.10089739944e-11, 8.02145849743e-11, 8.38025412953e-11, 1.74161740585e-10, 1.64194671748e-10, 3.1482483287e-10],
        "stdev": [1.88139335933e-06, 2.7689138733e-06, 8.95158336789e-06, 0.00292304810137, 0.010251859203, 0.0150652956218, 1.55713478307e-05, 0.00113843230065, 0.00482368096709, 0.00639064842835, 0.00166121171787, 0.00355255580507, 0.000709889165591, 0.000919809332117, 0.000285261077806, 9.48595115915e-05, 1.78463506018e-05, 5.50960385226e-06, 1.36433209263e-05, 2.89740114567e-06, 4.91564321692e-07, 1.2019140172e-07, 4.36549072447e-08, 3.15055181943e-08, 6.12681461121e-08, 4.6684945687e-08, 1.11814753012e-08],
        "var": [3.53964080269e-12, 7.66688448839e-12, 8.01308464027e-11, 8.54421068652e-06, 0.000105100611108, 0.000226963136811, 2.42466879907e-10, 1.29602801735e-06, 2.32678994507e-05, 4.08403902838e-05, 2.75962429441e-06, 1.26206532514e-05, 5.03942601426e-07, 8.46049260872e-07, 8.13738907368e-08, 8.99832652834e-09, 3.18492260343e-10, 3.03557352865e-11, 1.86140214353e-10, 8.39493318611e-12, 2.41635460555e-13, 1.44459741207e-14, 1.90575107473e-15, 9.92597570943e-16, 3.75378574795e-15, 2.1794841712e-15, 1.25025384972e-16]
    },
    "erbbands": {
        "dmean": [2.46802246693e-05, 6.83659382048e-05, 0.00179199245758, 0.0816362053156, 0.726775825024, 2.02223038673, 3.27111744881, 3.89910125732, 0.30428904295, 0.260310292244, 1.03160130978, 4.43146371841, 5.01043701172, 6.75492620468, 5.07407236099, 6.09285545349, 5.13157367706, 3.08995079994, 3.29698014259, 0.714654028416, 0.282330513, 0.0938628017902, 0.049898583442, 0.0854992717505, 0.0562766082585, 0.0171630624682, 0.00650889845565, 0.0021153728012, 0.0013765131589, 0.000580362684559, 0.000352345581632, 0.000206436452572, 0.00016890229017, 0.000195151384105, 0.000116797025839, 6.61478043185e-05, 1.68528349604e-05, 2.81992765849e-06, 1.04755315533e-06, 1.97203848984e-06],
        "dmean2": [4.0809471102e-05, 8.10639685369e-05, 0.00185586698353, 0.0769296139479, 0.700984239578, 2.03513550758, 3.57746911049, 3.94877505302, 0.28753849864, 0.237961009145, 0.961063086987, 4.13034057617, 5.68759679794, 6.78574800491, 6.48962879181, 6.55913162231, 5.95114898682, 3.44673466682, 3.94817852974, 0.903295457363, 0.285686463118, 0.100812278688, 0.0630073770881, 0.108880452812, 0.0621301606297, 0.0219297837466, 0.00943055003881, 0.00331634120084, 0.00223442283459, 0.000970318331383, 0.000592651718762, 0.000344499101629, 0.000287301663775, 0.000354874064215, 0.000201527218451, 0.000111853682029, 2.83889694401e-05, 5.02692364535e-06, 1.20515119306e-06, 1.88779392829e-06],
        "dvar": [3.90583654308e-09, 1.71090505319e-07, 7.04174381099e-05, 0.155904397368, 6.97448635101, 57.0647621155, 207.615081787, 478.810058594, 3.30886769295, 1.1694136858, 12.1081895828, 306.214172363, 441.583709717, 643.000488281, 437.552398682, 331.254516602, 188.010162354, 42.9217567444, 67.0361099243, 2.28718280792, 0.472324967384, 0.0528225935996, 0.0104397023097, 0.0287504438311, 0.0180752780288, 0.000827593088616, 7.86571617937e-05, 1.36623302751e-05, 4.39310770162e-06, 1.34359436288e-06, 6.40137670871e-07, 1.78140282969e-07, 1.68383962773e-07, 1.41448606428e-06, 9.11478892363e-08, 2.7379392975e-08, 4.95105867415e-09, 2.98961716494e-10, 6.46536079882e-12, 2.22363100155e-11],
        "dvar2": [4.76391459614e-09, 2.00024430796e-07, 8.06448733783e-05, 0.110937327147, 6.27777290344, 53.2212944031, 216.269348145, 397.52633667, 2.15042376518, 0.708823978901, 12.7938499451, 277.594146729, 438.901489258, 455.116119385, 722.526428223, 331.648956299, 269.329833984, 46.7798271179, 92.9323959351, 3.2803478241, 0.292848497629, 0.0437018722296, 0.0143534075469, 0.0433242619038, 0.0176859553903, 0.00108081882354, 0.000146812890307, 3.57486460416e-05, 1.19114101835e-05, 3.65838855032e-06, 1.72317527358e-06, 4.52216625035e-07, 4.5819805905e-07, 4.18899435317e-06, 2.58150834043e-07, 7.64557626098e-08, 1.3942403676e-08, 8.60604865149e-10, 9.2408589461e-12, 1.91858768456e-11],
        "max": [0.00191412854474, 0.0180501304567, 0.248067453504, 14.5348052979, 54.6883430481, 153.800369263, 328.998809814, 657.835266113, 73.8424758911, 38.7501335144, 149.682571411, 578.358276367, 684.033691406, 863.177856445, 513.545043945, 808.09967041, 370.737976074, 171.390869141, 201.153076172, 32.7775192261, 41.1347465515, 10.6905288696, 2.2785847187, 4.09711408615, 5.52834224701, 0.717260122299, 0.199232488871, 0.0589791126549, 0.0293025132269, 0.0153121966869, 0.0111332545057, 0.00495862821117, 0.00542904250324, 0.0218782611191, 0.00394119601697, 0.00264646299183, 0.00134904449806, 0.000357002427336, 3.31678165821e-05, 7.34348286642e-05],
        "mean": [8.42992012622e-05, 0.000834061705973, 0.0299788061529, 1.68237912655, 13.5400094986, 35.3798942566, 60.316444397, 66.4817428589, 4.76725244522, 4.27770137787, 15.2166090012, 69.121307373, 74.9810256958, 97.4340515137, 38.6215934753, 72.9069290161, 45.3306274414, 28.2345027924, 26.7858638763, 5.42768192291, 2.33648705482, 0.638907492161, 0.305327743292, 0.461059778929, 0.283452659845, 0.0943772271276, 0.0295551605523, 0.008619078435, 0.00486331060529, 0.00188712857198, 0.00101109070238, 0.000615204742644, 0.000439814291894, 0.000368231005268, 0.000316714838846, 0.000208874160307, 5.35795588803e-05, 7.88907254901e-06, 1.49499919644e-05, 3.31375813403e-05],
        "median": [6.10007555224e-05, 0.000255265127635, 0.00297499378212, 0.0606445968151, 2.90598583221, 12.222864151, 7.36011886597, 0.388247013092, 0.215802282095, 0.356027781963, 0.759595990181, 1.61528682709, 8.22053909302, 6.80906009674, 13.0951023102, 15.0876598358, 32.0712966919, 15.113319397, 14.0288190842, 3.94224858284, 0.834759652615, 0.313087970018, 0.160839170218, 0.26768669486, 0.129750341177, 0.0660050362349, 0.0199537314475, 0.00557983852923, 0.0031107631512, 0.0013320366852, 0.000674628419802, 0.000367678236216, 0.000255790946539, 0.000188082514796, 0.000169932405697, 0.00011075544171, 2.95834797726e-05, 5.42202178622e-06, 1.63524528034e-05, 3.5867364204e-05],
        "min": [5.53346346521e-09, 1.12098410554e-08, 2.25222578365e-08, 2.78296585776e-08, 3.00873104209e-08, 4.75400838695e-08, 4.25761506051e-08, 5.05911010862e-08, 8.05532849313e-08, 3.65731374075e-08, 1.49712008124e-07, 4.8268145747e-07, 2.69064713621e-07, 1.811340411e-07, 3.44986688106e-07, 6.29790520179e-07, 4.86115766307e-07, 4.95268068335e-07, 8.18939895453e-07, 1.4683214431e-06, 1.11926351565e-06, 1.39329972626e-06, 1.17114063869e-06, 1.40523798109e-06, 1.30250032271e-06, 3.37715732712e-06, 1.39821190714e-06, 2.65258154286e-06, 1.53929806856e-06, 1.57570377723e-06, 2.46178092311e-06, 1.65385438322e-06, 1.61636421581e-06, 2.03476338356e-06, 1.01667626495e-06, 5.48567015812e-07, 2.99028869222e-07, 2.116124449e-07, 5.53491084077e-08, 3.05983860471e-09],
        "stdev": [9.15312120924e-05, 0.00143601791933, 0.061312712729, 3.55339694023, 16.7543678284, 45.83385849, 90.3761825562, 154.755355835, 13.4539556503, 9.52406215668, 28.6941337585, 133.051971436, 152.166030884, 206.662872314, 74.0879135132, 136.810424805, 56.8319320679, 34.50806427, 33.9412841797, 5.58868312836, 5.37455511093, 1.40287911892, 0.389758169651, 0.590674221516, 0.591030359268, 0.10948548466, 0.0325404331088, 0.009127615951, 0.00470380997285, 0.00193666596897, 0.00108329299837, 0.000705708458554, 0.000578214763664, 0.000911636627279, 0.000373849121388, 0.000263542373432, 8.66532573127e-05, 1.39906996992e-05, 9.8129039543e-06, 2.2109485144e-05],
        "var": [8.37796232389e-09, 2.06214735954e-06, 0.00375924888067, 12.6266298294, 280.708831787, 2100.74267578, 8167.85498047, 23949.21875, 181.008911133, 90.7077636719, 823.35333252, 17702.8261719, 23154.5019531, 42709.5429688, 5489.01855469, 18717.09375, 3229.8684082, 1190.80651855, 1152.01074219, 31.2333812714, 28.885843277, 1.96806979179, 0.151911437511, 0.348896026611, 0.349316895008, 0.011987070553, 0.00105887977406, 8.33133744891e-05, 2.21258269448e-05, 3.75067497771e-06, 1.17352374218e-06, 4.98024462559e-07, 3.34332327157e-07, 8.31081308661e-07, 1.39763173479e-07, 6.94545860824e-08, 7.50878648148e-09, 1.95739674469e-10, 9.6293091556e-11, 4.88829310363e-10]
    },
    "gfcc": {
        "mean": [-216.712432861, 154.447723389, -154.664382935, -45.6245269775, -31.6306476593, -13.5155792236, -34.3689498901, -34.4577445984, -44.5969772339, -18.3335647583, -15.4384698868, -14.7105636597, 1.78575897217],
        "cov": [[21202.5507812, 6503.40234375, -5040.55615234, -4210.43359375, -451.198150635, -1778.25463867, -832.715270996, -2137.94262695, -1870.54138184, -1609.85827637, -518.742431641, -1394.58227539, 554.005126953], [6503.40234375, 2770.19018555, -1314.86767578, -1316.44128418, -33.5436897278, -577.369689941, -97.5765991211, -670.566955566, -537.157958984, -638.182983398, -374.70715332, -772.671142578, -119.410163879], [-5040.55615234, -1314.86767578, 1490.10217285, 1045.71533203, 52.3135375977, 418.801940918, 258.918457031, 519.427978516, 393.915435791, 278.709442139, -45.1870231628, 205.035110474, -199.206970215], [-4210.43359375, -1316.44128418, 1045.71533203, 1211.71130371, 248.247024536, 497.99810791, 334.549438477, 589.978088379, 421.01461792, 249.456802368, -154.62322998, 24.981716156, -412.502960205], [-451.198150635, -33.5436897278, 52.3135375977, 248.247024536, 262.471008301, 169.730194092, 181.200759888, 165.883041382, 104.215286255, -15.6007785797, -141.411575317, -223.792282104, -271.197601318], [-1778.25463867, -577.369689941, 418.801940918, 497.99810791, 169.730194092, 372.536010742, 235.329742432, 317.656311035, 179.565170288, 55.3119659424, -173.653015137, -110.834487915, -259.123504639], [-832.715270996, -97.5765991211, 258.918457031, 334.549438477, 181.200759888, 235.329742432, 277.270965576, 220.126480103, 64.4266967773, -71.1356735229, -275.291290283, -271.853668213, -305.572845459], [-2137.94262695, -670.566955566, 519.427978516, 589.978088379, 165.883041382, 317.656311035, 220.126480103, 396.504455566, 239.139907837, 90.4401702881, -131.772689819, -67.8167419434, -276.560150146], [-1870.54138184, -537.157958984, 393.915435791, 421.01461792, 104.215286255, 179.565170288, 64.4266967773, 239.139907837, 331.869842529, 222.43901062, 109.008132935, 96.3088150024, -148.933746338], [-1609.85827637, -638.182983398, 278.709442139, 249.456802368, -15.6007785797, 55.3119659424, -71.1356735229, 90.4401702881, 222.43901062, 294.019195557, 288.876525879, 308.339630127, 92.976234436], [-518.742431641, -374.70715332, -45.1870231628, -154.62322998, -141.411575317, -173.653015137, -275.291290283, -131.772689819, 109.008132935, 288.876525879, 634.249023438, 583.876464844, 362.730224609], [-1394.58227539, -772.671142578, 205.035110474, 24.981716156, -223.792282104, -110.834487915, -271.853668213, -67.8167419434, 96.3088150024, 308.339630127, 583.876464844, 731.42376709, 465.469543457], [554.005126953, -119.410163879, -199.206970215, -412.502960205, -271.197601318, -259.123504639, -305.572845459, -276.560150146, -148.933746338, 92.976234436, 362.730224609, 465.469543457, 555.666503906]],
        "icov": [[0.00127575651277, -0.00181690428872, 0.00284722750075, -0.0010021146154, 0.00162609899417, -0.000855352904182, 0.0015579322353, -0.00104628142435, 0.00158899161033, 0.000457040587207, -0.000608795671724, 0.00133785174694, -0.0010286855977], [-0.00181690428872, 0.00963879842311, -0.00499572046101, 0.00523123331368, -0.00281252060086, 0.00698503293097, -0.00476640602574, 0.0107309371233, -0.00893162749708, 0.00980305951089, -0.00122996140271, 0.00152082554996, 0.0060743954964], [0.00284722750075, -0.00499572046101, 0.00917772203684, -0.00478503433987, 0.0064056343399, -0.00229879328981, 0.000972693087533, -0.00398892536759, 0.00277205696329, 6.79944605508e-07, -0.00128375610802, 0.00272170593962, -0.00426936941221], [-0.0010021146154, 0.00523123331368, -0.00478503433987, 0.0126780718565, -0.00635952595621, 0.00517731299624, -0.0030008147005, 0.00205102469772, -0.0025921233464, -0.0024821520783, 0.00887415651232, -0.0102893356234, 0.0110474219546], [0.00162609899417, -0.00281252060086, 0.0064056343399, -0.00635952595621, 0.0165307633579, -0.00330302701332, -0.00376397510991, -0.00198791944422, -9.56887743087e-05, 0.00257304962724, -0.0087800566107, 0.0104017741978, -0.00461990106851], [-0.000855352904182, 0.00698503293097, -0.00229879328981, 0.00517731299624, -0.00330302701332, 0.0175333674997, -0.00952021218836, 0.00275818794034, -0.00693090539426, 0.00446311756968, 0.00354547076859, -0.00263073761016, 0.00535962777212], [0.0015579322353, -0.00476640602574, 0.000972693087533, -0.0030008147005, -0.00376397510991, -0.00952021218836, 0.0261798743159, -0.00638335663825, 0.00980018638074, -0.00106921303086, 2.71259450528e-05, 0.0029216427356, 0.000827226496767], [-0.00104628142435, 0.0107309371233, -0.00398892536759, 0.00205102469772, -0.00198791944422, 0.00275818794034, -0.00638335663825, 0.0295958630741, -0.0163375325501, 0.0182495117188, -0.00243217963725, 0.00248031667434, 0.00705502461642], [0.00158899161033, -0.00893162749708, 0.00277205696329, -0.0025921233464, -9.56887743087e-05, -0.00693090539426, 0.00980018638074, -0.0163375325501, 0.0269188228995, -0.0221045743674, 0.000911046925467, -0.00195490010083, 0.00150156801101], [0.000457040587207, 0.00980305951089, 6.79944605508e-07, -0.0024821520783, 0.00257304962724, 0.00446311756968, -0.00106921303086, 0.0182495117188, -0.0221045743674, 0.0411768555641, -0.014924550429, 0.0130283487961, -0.00234494777396], [-0.000608795671724, -0.00122996140271, -0.00128375610802, 0.00887415651232, -0.0087800566107, 0.00354547076859, 2.71259450528e-05, -0.00243217963725, 0.000911046925467, -0.014924550429, 0.0242510121316, -0.0242170412093, 0.0098396288231], [0.00133785174694, 0.00152082554996, 0.00272170593962, -0.0102893356234, 0.0104017741978, -0.00263073761016, 0.0029216427356, 0.00248031667434, -0.00195490010083, 0.0130283487961, -0.0242170412093, 0.0333963260055, -0.0158494152129], [-0.0010286855977, 0.0060743954964, -0.00426936941221, 0.0110474219546, -0.00461990106851, 0.00535962777212, 0.000827226496767, 0.00705502461642, 0.00150156801101, -0.00234494777396, 0.0098396288231, -0.0158494152129, 0.0226603746414]]
    },
    "melbands": {
        "dmean": [2.10210885143e-07, 6.65162758651e-07, 3.21873303619e-05, 9.98194591375e-05, 0.000115324699436, 8.21773792268e-05, 2.71470003099e-06, 3.47878358298e-06, 9.85543101706e-06, 2.77179988188e-05, 2.46590880124e-05, 2.77403269138e-05, 1.79581948032e-05, 1.1991154679e-05, 1.71473657247e-05, 9.13725853025e-06, 5.96562449573e-06, 6.42925579086e-06, 1.79874666628e-06, 5.30528780018e-07, 3.30063755882e-07, 1.24315477024e-07, 4.87503584168e-08, 3.95456680735e-08, 8.07606141962e-08, 4.77217199091e-08, 2.79605316678e-08, 9.56514156769e-09, 5.81633052832e-09, 1.88587900851e-09, 1.29807853355e-09, 9.66737911945e-10, 4.73347250285e-10, 3.48657547278e-10, 2.31654750937e-10, 1.901557245e-10, 1.17826567947e-10, 1.16612469681e-10, 1.46792855649e-10, 1.81894804774e-10],
        "dmean2": [3.38766682262e-07, 7.07017477453e-07, 3.04697441607e-05, 9.7987416666e-05, 0.000122642333736, 8.48795898492e-05, 2.46118520408e-06, 3.30624175149e-06, 8.59246119944e-06, 2.65203962044e-05, 2.82560395135e-05, 2.73835339613e-05, 2.43643353315e-05, 1.37215574796e-05, 1.76898156496e-05, 1.0963416571e-05, 6.68077791488e-06, 7.81912785897e-06, 2.21643381337e-06, 6.37703749362e-07, 3.20970599432e-07, 1.35237939958e-07, 6.40331379032e-08, 5.0867878798e-08, 1.04355926567e-07, 5.52215055905e-08, 3.33681278164e-08, 1.33209470121e-08, 8.49140047166e-09, 2.92966229054e-09, 2.13433093421e-09, 1.57298718495e-09, 7.68021368724e-10, 5.8176391482e-10, 3.90422000285e-10, 3.18054999005e-10, 1.99787977828e-10, 1.98612570834e-10, 2.60637761373e-10, 3.27757904151e-10],
        "dvar": [4.01286290438e-13, 1.1540739718e-11, 1.82066521859e-08, 1.16700341835e-07, 2.05295833666e-07, 2.03849438662e-07, 3.86792986529e-10, 2.20511858773e-10, 9.95872606602e-10, 1.37580533632e-08, 1.12159384003e-08, 1.21949765841e-08, 7.05027147774e-09, 1.36554911823e-09, 2.94314883575e-09, 5.11619857591e-10, 1.73006178827e-10, 3.47927603395e-10, 1.11585228904e-11, 1.50843421955e-12, 1.06154820177e-12, 9.93248384473e-14, 9.65849223381e-15, 5.53097225612e-15, 2.67530596065e-14, 1.30738171686e-14, 3.38346082583e-15, 1.75793959027e-16, 6.77861277097e-17, 9.46896808247e-18, 4.49845632525e-18, 1.89603982545e-18, 8.57121810692e-19, 3.59750464374e-19, 2.48547353051e-19, 1.54254669806e-19, 5.14202901432e-20, 5.59512591902e-20, 4.52626148455e-19, 1.17442751819e-18],
        "dvar2": [5.14099505154e-13, 1.12151000292e-11, 1.43636764705e-08, 1.07468757449e-07, 2.00117781901e-07, 1.76161506715e-07, 2.19246829025e-10, 1.38794378768e-10, 9.10958586342e-10, 1.29216726208e-08, 1.11370637157e-08, 8.34158697671e-09, 1.33525253077e-08, 1.67474967228e-09, 2.24430674045e-09, 6.75782318993e-10, 2.05685399268e-10, 4.98475594135e-10, 1.45431245172e-11, 2.25496336013e-12, 5.43917341722e-13, 8.25961749083e-14, 1.56156859633e-14, 7.40666615496e-15, 4.18572681127e-14, 1.33828944088e-14, 4.32231892083e-15, 2.7670615564e-16, 1.23215354973e-16, 2.23715364179e-17, 1.21330769531e-17, 5.18505593834e-18, 2.28334564058e-18, 9.64860379417e-19, 6.73271251878e-19, 4.13411609415e-19, 1.26628284913e-19, 1.47625179088e-19, 1.32386865599e-18, 3.48147167652e-18],
        "max": [2.01087405003e-05, 0.000110620632768, 0.00438378332183, 0.00778545625508, 0.00901162344962, 0.0125366859138, 0.000873636337928, 0.00053362728795, 0.00121831439901, 0.00321286800317, 0.00345353619196, 0.00379693577997, 0.00191938003991, 0.000942029466387, 0.00316805206239, 0.000481213995954, 0.000365438550944, 0.000452368753031, 8.99561346159e-05, 3.14607168548e-05, 6.49668872938e-05, 1.46185402627e-05, 2.16439775613e-06, 1.74233207417e-06, 3.60407125299e-06, 4.68723783342e-06, 1.49141214933e-06, 2.64680835471e-07, 1.82317236863e-07, 7.76239090783e-08, 3.75187241275e-08, 2.04433305839e-08, 1.40314408981e-08, 8.9658058755e-09, 6.66021771067e-09, 4.98510832614e-09, 2.97353852652e-09, 3.82661147214e-09, 1.20528511616e-08, 1.97391401002e-08],
        "mean": [2.84579698473e-07, 1.12421721497e-05, 0.000639666977804, 0.00178030983079, 0.00210921978578, 0.00141599762719, 3.66228596249e-05, 5.64161528018e-05, 0.00014402193483, 0.000434349960415, 0.00036809995072, 0.000410422071582, 0.000117281924759, 0.00013342256716, 0.000192098741536, 7.32256739866e-05, 5.14191597176e-05, 5.15792962688e-05, 1.36988073791e-05, 3.31453975377e-06, 2.66560186901e-06, 7.74700026795e-07, 2.62645784233e-07, 2.20205023993e-07, 4.1789527927e-07, 2.20588518118e-07, 1.3966742074e-07, 4.4092885787e-08, 2.26497043343e-08, 6.70880817566e-09, 4.2100922748e-09, 3.14206971552e-09, 1.38343714262e-09, 9.34496480198e-10, 5.6988130881e-10, 4.73271588586e-10, 3.12649905965e-10, 2.8889030057e-10, 2.78874451309e-10, 2.98265107057e-10],
        "median": [1.82153826245e-07, 2.29725092282e-08, 9.58937107498e-07, 0.0011372519657, 0.000764136610087, 6.62480670144e-06, 3.29114584474e-07, 6.14855423464e-07, 4.9676236813e-06, 6.26142946203e-06, 1.60420513566e-05, 1.66630816238e-05, 1.57598551596e-05, 2.14499341382e-05, 3.64337611245e-05, 4.78194779134e-05, 1.53239670908e-05, 1.71290266735e-05, 7.86895179772e-06, 1.03891966319e-06, 6.73954900776e-07, 3.12110302048e-07, 1.41698137668e-07, 1.13745763031e-07, 2.21102098408e-07, 8.23406836048e-08, 6.61711396788e-08, 2.99838696094e-08, 1.32266748665e-08, 4.03482669498e-09, 2.87947843347e-09, 1.99677163693e-09, 8.38048630492e-10, 6.08796457691e-10, 3.65850849615e-10, 2.78309375545e-10, 1.71557726358e-10, 1.59885604756e-10, 1.24439902827e-10, 1.37444805537e-10],
        "min": [4.91721351137e-11, 1.21897474753e-11, 4.70464075683e-12, 2.89654368199e-12, 1.6117056691e-12, 1.2160193642e-12, 1.14414781902e-12, 3.34787427815e-13, 1.62468508699e-12, 3.81693114615e-12, 1.2436992625e-12, 6.32852331737e-13, 1.40341427715e-12, 1.07397044816e-12, 1.92161889699e-12, 5.66947422169e-13, 1.01857704129e-12, 1.29494906551e-12, 1.62536780909e-12, 2.07382548634e-12, 1.22238850986e-12, 1.22643605341e-12, 1.74122619535e-12, 9.49509134512e-13, 1.13633419081e-12, 9.0785121391e-13, 1.1636895874e-12, 2.43888177882e-12, 8.61410064373e-13, 9.47831873752e-13, 1.60447512481e-12, 9.0166806313e-13, 6.84509252665e-13, 9.42748266605e-13, 1.42393594745e-12, 1.40084233276e-12, 8.91319516024e-13, 1.03876835519e-12, 1.41139931773e-12, 1.80512831245e-12],
        "stdev": [7.17567786523e-07, 2.83494919131e-05, 0.00107962649781, 0.00207199947909, 0.0027902116999, 0.00314834248275, 0.000150389110786, 0.000130519416416, 0.000273535551969, 0.000870739226229, 0.000772583240177, 0.000912590243388, 0.000264244969003, 0.000211384831346, 0.000464268756332, 7.356704009e-05, 6.85713675921e-05, 7.69804391894e-05, 1.74475208041e-05, 4.3928098421e-06, 8.25112783787e-06, 1.93635150936e-06, 2.96140626688e-07, 2.91697119792e-07, 5.48818491097e-07, 5.10206120907e-07, 2.17546130443e-07, 4.73420840308e-08, 2.73068305745e-08, 9.17539555445e-09, 4.3872936395e-09, 3.18797943599e-09, 1.47763223879e-09, 1.11271913905e-09, 6.4779059894e-10, 5.69867875111e-10, 3.81378095771e-10, 3.83097970014e-10, 5.78423364761e-10, 8.20521872669e-10],
