{
"lowlevel": {
    "average_loudness": 0.99068403244,
    "barkbands_crest": {
        "dmean": 2.00026345253,
        "dmean2": 2.950507164,
        "dvar": 2.680798769,
        "dvar2": 6.60871887207,
        "max": 14.1122646332,
        "mean": 6.90152025223,
        "median": 6.72738456726,
        "min": 2.59781050682,
        "stdev": 2.51790380478,
        "var": 6.3398399353
    },
    "barkbands_flatness_db": {
        "dmean": 0.0211991295218,
        "dmean2": 0.0330317132175,
        "dvar": 0.00035133009078,
        "dvar2": 0.000763476244174,
        "max": 0.138006657362,
        "mean": 0.0708796679974,
        "median": 0.063517794013,
        "min": 0.0273957252502,
        "stdev": 0.0314920693636,
        "var": 0.000991750508547
    },
    "barkbands_kurtosis": {
        "dmean": 1.6054598093,
        "dmean2": 2.55428504944,
        "dvar": 4.15391111374,
        "dvar2": 8.67981433868,
        "max": 7.23300266266,
        "mean": 0.513408064842,
        "median": -0.671945571899,
        "min": -1.65604913235,
        "stdev": 2.49659609795,
        "var": 6.23299217224
    },
    "barkbands_skewness": {
        "dmean": 0.578187286854,
        "dmean2": 0.855981945992,
        "dvar": 0.3611369133,
        "dvar2": 0.87307035923,
        "max": 2.63968110085,
        "mean": 0.572559416294,
        "median": 0.638390481472,
        "min": -1.22033941746,
        "stdev": 0.981631875038,
        "var": 0.96360117197
    },
    "barkbands_spread": {
        "dmean": 13.6950521469,
        "dmean2": 20.3749084473,
        "dvar": 260.532714844,
        "dvar2": 507.120513916,
        "max": 118.929695129,
        "mean": 49.5128097534,
        "median": 36.5299758911,
        "min": 9.79956436157,
        "stdev": 30.9254798889,
        "var": 956.385253906
    },
    "dissonance": {
        "dmean": 0.0151537172496,
        "dmean2": 0.0250364411622,
        "dvar": 0.000270730088232,
        "dvar2": 0.000627962755971,
        "max": 0.500000059605,
        "mean": 0.483909159899,
        "median": 0.488337516785,
        "min": 0.422692149878,
        "stdev": 0.0166582595557,
        "var": 0.000277497631032
    },
    "dynamic_complexity": 11.0992708206,
    "erbbands_crest": {
        "dmean": 2.15023231506,
        "dmean2": 3.16597986221,
        "dvar": 6.45976877213,
        "dvar2": 14.8495502472,
        "max": 16.8873214722,
        "mean": 5.88091754913,
        "median": 4.48501825333,
        "min": 2.10911202431,
        "stdev": 3.7500603199,
        "var": 14.0629520416
    },
    "erbbands_flatness_db": {
        "dmean": 0.0211271718144,
        "dmean2": 0.0311199203134,
        "dvar": 0.000602220883593,
        "dvar2": 0.0011184385512,
        "max": 0.210569307208,
        "mean": 0.115443088114,
        "median": 0.0959161818027,
        "min": 0.0463706627488,
        "stdev": 0.0523815527558,
        "var": 0.00274382717907
    },
    "erbbands_kurtosis": {
        "dmean": 1.0349354744,
        "dmean2": 1.48429787159,
        "dvar": 2.02761006355,
        "dvar2": 3.90064811707,
        "max": 6.4684419632,
        "mean": 0.38635841012,
        "median": -0.3071372509,
        "min": -1.39513552189,
        "stdev": 1.96519863605,
        "var": 3.8620057106
    },
    "erbbands_skewness": {
        "dmean": 0.428977370262,
        "dmean2": 0.598107278347,
        "dvar": 0.138403192163,
        "dvar2": 0.325843393803,
        "max": 2.01288986206,
        "mean": 0.427052676678,
        "median": 0.238873034716,
        "min": -1.21842944622,
        "stdev": 0.763240933418,
        "var": 0.582536697388
    },
    "erbbands_spread": {
        "dmean": 12.0861301422,
        "dmean2": 17.9180641174,
        "dvar": 161.883026123,
        "dvar2": 309.478118896,
        "max": 100.590339661,
        "mean": 47.8465652466,
        "median": 40.8667449951,
        "min": 12.349070549,
        "stdev": 23.1219215393,
        "var": 534.623291016
    },
    "hfc": {
        "dmean": 10.8130044937,
        "dmean2": 13.7739200592,
        "dvar": 393.014678955,
        "dvar2": 611.95135498,
        "max": 184.546844482,
        "mean": 18.1423740387,
        "median": 0.154942661524,
        "min": 1.23859008454e-05,
        "stdev": 39.7894172668,
        "var": 1583.19775391
    },
    "loudness_ebu128": {
        "integrated": -46.5870285034,
        "loudness_range": 0,
        "momentary": {
            "dmean": 4.965072155,
            "dmean2": 7.29901742935,
            "dvar": 30.0750370026,
            "dvar2": 56.2765960693,
            "max": -42.9820632935,
            "mean": -50.4629440308,
            "median": -47.9936065674,
            "min": -65.8371582031,
            "stdev": 6.99532318115,
            "var": 48.9345436096
        },
        "short_term": {
            "dmean": 0,
            "dmean2": 0,
            "dvar": 0,
            "dvar2": 0,
            "max": -50.0890808105,
            "mean": -50.0890808105,
            "median": -50.0890808105,
            "min": -50.0890808105,
            "stdev": 0,
            "var": 0
        }
    },
    "melbands_crest": {
        "dmean": 3.05816626549,
        "dmean2": 4.86919879913,
        "dvar": 5.96382713318,
        "dvar2": 12.8502702713,
        "max": 19.0345802307,
        "mean": 9.22047996521,
        "median": 8.58513641357,
        "min": 3.75310444832,
        "stdev": 3.55665516853,
        "var": 12.6497964859
    },
    "melbands_flatness_db": {
        "dmean": 0.033287730068,
        "dmean2": 0.0501369647682,
        "dvar": 0.000992855522782,
        "dvar2": 0.00220931810327,
        "max": 0.216275393963,
        "mean": 0.0943920388818,
        "median": 0.088845141232,
        "min": 0.0231206119061,
        "stdev": 0.046831343323,
        "var": 0.00219317479059
    },
    "melbands_kurtosis": {
        "dmean": 5.66582298279,
        "dmean2": 9.49680519104,
        "dvar": 116.723396301,
        "dvar2": 327.214355469,
        "max": 72.4392776489,
        "mean": 6.24831724167,
        "median": 3.91965436935,
        "min": -1.16402482986,
        "stdev": 9.60111618042,
        "var": 92.1814346313
    },
    "melbands_skewness": {
        "dmean": 0.876287400723,
        "dmean2": 1.40371656418,
        "dvar": 0.8671656847,
        "dvar2": 2.25194168091,
        "max": 7.5112247467,
        "mean": 1.88900959492,
        "median": 1.77803778648,
        "min": 0.372747719288,
        "stdev": 1.11134195328,
        "var": 1.2350808382
    },
    "melbands_spread": {
        "dmean": 19.5868549347,
        "dmean2": 29.8509502411,
        "dvar": 651.494812012,
        "dvar2": 1199.91943359,
        "max": 175.835464478,
        "mean": 50.0864143372,
        "median": 35.3622894287,
        "min": 7.47163391113,
        "stdev": 39.0106430054,
        "var": 1521.8302002
    },
    "pitch_salience": {
        "dmean": 0.0591054446995,
        "dmean2": 0.0994882509112,
        "dvar": 0.00305716856383,
        "dvar2": 0.00731300283223,
        "max": 0.923402607441,
        "mean": 0.769853532314,
        "median": 0.772302150726,
        "min": 0.598343789577,
        "stdev": 0.060337126255,
        "var": 0.00364056858234
    },
    "silence_rate_20dB": {
        "dmean": 0,
        "dmean2": 0,
        "dvar": 0,
        "dvar2": 0,
        "max": 1,
        "mean": 1,
        "median": 1,
        "min": 1,
        "stdev": 0,
        "var": 0
    },
    "silence_rate_30dB": {
        "dmean": 0,
        "dmean2": 0,
        "dvar": 0,
        "dvar2": 0,
        "max": 1,
        "mean": 1,
        "median": 1,
        "min": 1,
        "stdev": 0,
        "var": 0
    },
    "silence_rate_60dB": {
        "dmean": 0.0895522385836,
        "dmean2": 0.181818187237,
        "dvar": 0.0815325900912,
        "dvar2": 0.148760408163,
        "max": 1,
        "mean": 0.705882370472,
        "median": 1,
        "min": 0,
        "stdev": 0.455645084381,
        "var": 0.207612454891
    },
    "spectral_centroid": {
        "dmean": 536.069702148,
        "dmean2": 769.670166016,
        "dvar": 263877.71875,
        "dvar2": 605296.8125,
        "max": 4239.57958984,
        "mean": 2090.44946289,
        "median": 1977.72998047,
        "min": 625.192626953,
        "stdev": 822.358642578,
        "var": 676273.75
    },
    "spectral_complexity": {
        "dmean": 3.85074615479,
        "dmean2": 4.12121200562,
        "dvar": 30.5448856354,
        "dvar2": 29.3489341736,
        "max": 56,
        "mean": 9.5,
        "median": 0,
        "min": 0,
        "stdev": 15.7494163513,
        "var": 248.044113159
    },
    "spectral_decrease": {
        "dmean": 6.6938593557e-10,
        "dmean2": 9.5942043199e-10,
        "dvar": 1.2360620898e-18,
        "dvar2": 2.37812420196e-18,
        "max": -6.62685159835e-17,
        "mean": -1.20869070308e-09,
        "median": -1.41782037499e-11,
        "min": -7.72322827913e-09,
        "stdev": 2.10074335705e-09,
        "var": 4.4131223053e-18
    },
    "spectral_energy": {
        "dmean": 0.00327609200031,
        "dmean2": 0.00452925264835,
        "dvar": 3.18439851981e-05,
        "dvar2": 5.4732990975e-05,
        "max": 0.0458881892264,
        "mean": 0.00620744610205,
        "median": 6.63885293761e-05,
        "min": 1.37354982943e-09,
        "stdev": 0.0113013517112,
        "var": 0.000127720544697
    },
    "spectral_energyband_high": {
        "dmean": 0.000856096390635,
        "dmean2": 0.00110710074659,
        "dvar": 3.1753793337e-06,
        "dvar2": 4.73784939459e-06,
        "max": 0.017279997468,
        "mean": 0.00139279128052,
        "median": 7.66326775192e-06,
        "min": 8.97765140007e-10,
        "stdev": 0.00345789943822,
        "var": 1.19570686365e-05
    },
    "spectral_energyband_low": {
        "dmean": 1.07300793388e-05,
        "dmean2": 1.82484345714e-05,
        "dvar": 3.84363096906e-10,
        "dvar2": 8.4411305723e-10,
        "max": 9.87229432212e-05,
        "mean": 1.06510869955e-05,
        "median": 1.21336051961e-06,
        "min": 1.632519675e-10,
        "stdev": 2.18197164941e-05,
        "var": 4.76100048274e-10
    },
    "spectral_energyband_middle_high": {
        "dmean": 0.00250034430064,
        "dmean2": 0.00365819688886,
        "dvar": 1.90662813111e-05,
        "dvar2": 3.81140343961e-05,
        "max": 0.0271301455796,
        "mean": 0.00418446771801,
        "median": 2.31740050367e-05,
        "min": 1.18135654037e-10,
        "stdev": 0.00764250103384,
        "var": 5.84078188695e-05
    },
    "spectral_energyband_middle_low": {
        "dmean": 0.000438820425188,
        "dmean2": 0.000692016154062,
        "dvar": 5.36808954621e-07,
        "dvar2": 1.16348985557e-06,
        "max": 0.00482348026708,
        "mean": 0.00069987308234,
        "median": 4.04350648751e-05,
        "min": 4.77453701575e-11,
        "stdev": 0.00105603237171,
        "var": 1.11520444079e-06
    },
    "spectral_entropy": {
        "dmean": 0.196719065309,
        "dmean2": 0.291844040155,
        "dvar": 0.0376994982362,
        "dvar2": 0.0675137490034,
        "max": 8.9651184082,
        "mean": 8.29912757874,
        "median": 8.34361934662,
        "min": 7.62763214111,
        "stdev": 0.322784096003,
        "var": 0.104189574718
    },
    "spectral_flux": {
        "dmean": 0.0118821365759,
        "dmean2": 0.0145017681643,
        "dvar": 0.000271579861874,
        "dvar2": 0.00028371339431,
        "max": 0.130661487579,
        "mean": 0.0380923375487,
        "median": 0.0114623457193,
        "min": 0.000445463199867,
        "stdev": 0.0446639880538,
        "var": 0.00199487176724
    },
    "spectral_kurtosis": {
        "dmean": 0.985176742077,
        "dmean2": 1.53277754784,
        "dvar": 1.53567636013,
        "dvar2": 2.94677257538,
        "max": 8.22427654266,
        "mean": 3.07102155685,
        "median": 2.42070746422,
        "min": 0.727840185165,
        "stdev": 1.63734328747,
        "var": 2.68089294434
    },
    "spectral_rms": {
        "dmean": 0.000577367201913,
        "dmean2": 0.000658155127894,
        "dvar": 5.66639641875e-07,
        "dvar2": 6.88959005402e-07,
        "max": 0.00669096130878,
        "mean": 0.00145922927186,
        "median": 0.000254399317782,
        "min": 1.15760474273e-06,
        "stdev": 0.00198158854619,
        "var": 3.9266933527e-06
    },
    "spectral_rolloff": {
        "dmean": 3053.53637695,
        "dmean2": 4939.91162109,
        "dvar": 16782298,
        "dvar2": 39416728,
        "max": 17894.0917969,
        "mean": 8681.99609375,
        "median": 8118.01757812,
        "min": 344.53125,
        "stdev": 6321.59570312,
        "var": 39962572
    },
    "spectral_skewness": {
        "dmean": 0.190633267164,
        "dmean2": 0.277276843786,
        "dvar": 0.0478006452322,
        "dvar2": 0.098821029067,
        "max": 2.43276691437,
        "mean": 1.4992210865,
        "median": 1.40357255936,
        "min": 1.07260811329,
        "stdev": 0.306969106197,
        "var": 0.0942300260067
    },
    "spectral_spread": {
        "dmean": 915235.3125,
        "dmean2": 1413354.75,
        "dvar": 1.25035230003e+12,
        "dvar2": 1.91016534016e+12,
        "max": 12036742,
        "mean": 7714201.5,
        "median": 7955828,
        "min": 4287157,
        "stdev": 2123993.75,
        "var": 4.51134934221e+12
    },
    "spectral_strongpeak": {
        "dmean": 0.323496878147,
        "dmean2": 0.54498654604,
        "dvar": 0.22160795331,
        "dvar2": 0.609934329987,
        "max": 2.92005562782,
        "mean": 0.449105262756,
        "median": 0.10771869868,
        "min": 0,
        "stdev": 0.641798973083,
        "var": 0.411905884743
    },
    "zerocrossingrate": {
        "dmean": 0.0485584773123,
        "dmean2": 0.051439691335,
        "dvar": 0.00183409592137,
        "dvar2": 0.00240389117971,
        "max": 0.4375,
        "mean": 0.22037281096,
        "median": 0.207275390625,
        "min": 0.0458984375,
        "stdev": 0.107741184533,
        "var": 0.0116081628948
    },
    "barkbands": {
        "dmean": [3.73244759544e-08, 1.02075205177e-06, 5.02522152601e-06, 1.12197349154e-05, 5.14379971719e-05, 6.52540911688e-05, 0.000117015886644, 0.000137611306855, 0.000154867695528, 0.000651297392324, 0.000845245725941, 0.000403340294724, 0.000244461378315, 0.000257592007983, 0.000384106795536, 0.000143233613926, 9.99827097985e-05, 0.000166951387655, 8.02775903139e-05, 0.000164520854014, 8.45435424708e-05, 0.000127578707179, 0.000167682010215, 0.000163847129443, 0.000142315519042, 0.000144642399391, 1.50362129716e-05],
        "dmean2": [6.03623391271e-08, 1.81307041203e-06, 8.23933078209e-06, 1.75888089871e-05, 9.16362259886e-05, 0.000113022564619, 0.000213690989767, 0.000227661075769, 0.000245871779043, 0.0010033568833, 0.00118038360961, 0.000661193043925, 0.000408976018662, 0.000437537935795, 0.000606745656114, 0.000213802763028, 0.000138725721627, 0.000255000544712, 0.000129147709231, 0.000213047998841, 0.000116799608804, 0.000135821013828, 0.000266656454187, 0.000190871520317, 0.000193049287191, 0.000208717072383, 2.35889820033e-05],
        "dvar": [1.00026459554e-15, 3.51058396762e-12, 7.89353929442e-11, 3.8772657307e-10, 7.8109225754e-09, 9.47327283285e-09, 7.41015711014e-08, 1.09489953104e-07, 6.66832065122e-08, 1.85642363704e-06, 2.22387916438e-06, 1.22065512187e-06, 2.94942964274e-07, 3.72157472839e-07, 7.42080374039e-07, 7.48250741367e-08, 7.29783451447e-08, 2.61508063204e-07, 2.85919945497e-08, 2.01702547997e-07, 3.47587310046e-08, 7.15529040463e-08, 2.58704687894e-07, 1.35920402045e-07, 1.10294180899e-07, 1.6012739934e-07, 1.23704135824e-09],
        "dvar2": [1.99218972821e-15, 9.50409976413e-12, 2.0807257306e-10, 8.22122647737e-10, 2.26922338697e-08, 2.61501060805e-08, 2.0756922936e-07, 2.77460259213e-07, 1.63128447639e-07, 4.54496012026e-06, 4.3574227675e-06, 2.44778652814e-06, 7.88406055108e-07, 9.97696474769e-07, 1.83127883702e-06, 1.91236225078e-07, 1.37166921377e-07, 5.57066584861e-07, 6.25686524813e-08, 2.87335325311e-07, 5.28226138385e-08, 1.07705730557e-07, 4.64968309188e-07, 1.58843420195e-07, 1.96500124616e-07, 3.38385063969e-07, 3.22496118699e-09],
        "max": [2.79327281305e-07, 1.01435634861e-05, 4.43507306045e-05, 0.00014098691463, 0.000609391194303, 0.000441767508164, 0.00160245993175, 0.00224391999654, 0.00154031405691, 0.00892759021372, 0.0114892218262, 0.00785423070192, 0.00311284512281, 0.00371747836471, 0.00579344201833, 0.0016396488063, 0.00249224132858, 0.00457017775625, 0.00109634967521, 0.00463289767504, 0.00160411105026, 0.0030554018449, 0.004424540326, 0.00390511355363, 0.00242433906533, 0.00281574577093, 0.000208300552913],
        "mean": [1.87664340956e-07, 7.92742696376e-07, 4.52417725683e-06, 1.17140662041e-05, 6.7977263825e-05, 7.69185135141e-05, 0.000103257414594, 0.000122411016491, 0.000188430116395, 0.000720152340364, 0.00105383701157, 0.000555193575565, 0.000251542340266, 0.000259712804109, 0.000485202239361, 0.000190541002667, 0.000159815332154, 0.000273951387499, 0.000116862356663, 0.000267717172392, 0.000132391782245, 0.000197119850782, 0.000281926681055, 0.000309902592562, 0.000213750434341, 0.000145254351082, 1.62485212059e-05],
        "median": [1.87529309414e-07, 1.08848865921e-07, 4.10750260471e-07, 1.78550294549e-06, 9.84889447864e-06, 6.99956081007e-06, 2.83427789327e-06, 3.18043476e-06, 3.79177686227e-06, 3.3445239751e-06, 3.29578392666e-06, 2.66915913016e-06, 1.84261944014e-06, 1.76681942321e-06, 1.47057085087e-06, 1.67252142091e-06, 1.4351101072e-06, 1.40233782986e-06, 1.02338412944e-06, 9.96331095848e-07, 9.60768829827e-07, 9.36249819006e-07, 7.21602475551e-07, 6.81188112139e-07, 8.55848497849e-07, 8.93983326478e-07, 2.13384691961e-06],
        "min": [1.0311410753e-10, 9.27533466699e-11, 1.73194514286e-11, 5.24471048188e-12, 9.22464708786e-12, 1.27861696925e-11, 3.59344563654e-12, 1.19044097496e-12, 1.17916310396e-11, 7.04439458155e-12, 6.50569008387e-12, 1.07333014004e-11, 8.07872952563e-12, 1.4961013331e-11, 7.94473254545e-12, 8.16077413979e-12, 7.84319744568e-12, 8.25101705709e-12, 3.24804905194e-11, 2.91921105344e-11, 2.49563269356e-11, 7.66663468821e-11, 1.04758542119e-10, 1.28793420373e-10, 1.74838130085e-10, 2.07216979686e-10, 2.00651689708e-10],
        "stdev": [4.26986836999e-08, 1.65600374658e-06, 9.24682899495e-06, 2.45511728281e-05, 0.00010460766498, 0.000121546268929, 0.000230801902944, 0.000311534677166, 0.000327063462464, 0.00149810488801, 0.00218263710849, 0.00144136499148, 0.000614330405369, 0.000637016724795, 0.00111009646207, 0.00040978754987, 0.000460274837678, 0.000800185080152, 0.000265883310931, 0.000810874567833, 0.000320558057865, 0.000528115138877, 0.000880818406586, 0.000821963651106, 0.000526351097506, 0.000433736800915, 3.96781470045e-05],
        "var": [1.82317764435e-15, 2.74234823218e-12, 8.55038470582e-11, 6.02760064083e-10, 1.09427631401e-08, 1.47734962042e-08, 5.32695167976e-08, 9.7053856507e-08, 1.06970503566e-07, 2.24431823881e-06, 4.7639045988e-06, 2.07753305403e-06, 3.77401846663e-07, 4.05790274272e-07, 1.23231404814e-06, 1.6792584745e-07, 2.11852920984e-07, 6.40296207166e-07, 7.0693928933e-08, 6.57517603031e-07, 1.02757475418e-07, 2.78905588402e-07, 7.75841044742e-07, 6.75624221458e-07, 2.77045472785e-07, 1.88127600609e-07, 1.57435531278e-09]
    },
    "erbbands": {
        "dmean": [8.95626453712e-06, 0.000349840935087, 0.00406989501789, 0.0236899331212, 0.0779245272279, 0.24085187912, 0.367824345827, 0.60873568058, 1.69986093044, 1.8902746439, 2.97132134438, 2.95515847206, 10.9910497665, 29.3446292877, 34.2855682373, 15.0119314194, 12.0992422104, 11.0366802216, 17.7865486145, 17.9451637268, 5.62708568573, 6.26121234894, 7.6900434494, 6.05133199692, 4.90021276474, 7.61755752563, 4.79613351822, 3.11426949501, 4.97053432465, 3.67359924316, 5.65512228012, 4.48336267471, 2.93718600273, 1.80795478821, 0.916060805321, 0.732734978199, 0.248410403728, 0.0288485884666, 0.0023736723233, 8.81699525053e-05],
        "dmean2": [1.58851034939e-05, 0.000622840656433, 0.00685452343896, 0.0377850271761, 0.132611036301, 0.446322381496, 0.676710128784, 1.04606425762, 3.18989467621, 3.24514365196, 4.6960978508, 4.34548997879, 16.4522018433, 44.9851036072, 48.2664527893, 22.9612216949, 19.6476402283, 15.7639770508, 26.8147640228, 29.3219642639, 9.33348464966, 9.66893959045, 11.4350891113, 9.00593280792, 5.91438341141, 10.1974220276, 6.37456607819, 3.57751941681, 5.82754087448, 4.04646396637, 8.59575557709, 5.9705414772, 3.5417778492, 2.48744010925, 1.24736559391, 1.05940890312, 0.355926334858, 0.0448851436377, 0.00355844036676, 0.000130077605718],
        "dvar": [3.73430092404e-10, 4.34565038177e-07, 5.74177356611e-05, 0.00179806689266, 0.0145668014884, 0.222691729665, 0.320919334888, 0.88249951601, 18.299161911, 11.3611164093, 44.5134811401, 23.0885372162, 381.2918396, 3269.06542969, 4507.81005859, 1656.13366699, 716.864868164, 640.200744629, 1193.65625, 1205.16955566, 141.006011963, 301.997955322, 482.393035889, 183.250396729, 116.474594116, 455.606079102, 131.952835083, 36.6085166931, 145.475799561, 63.5521736145, 282.606170654, 105.422912598, 43.3207244873, 19.5180854797, 5.40097570419, 3.7989730835, 0.472535133362, 0.00510670803487, 3.50285990862e-05, 4.81821338383e-08],
        "dvar2": [9.91758786206e-10, 1.18819662021e-06, 0.000150766136358, 0.00371533213183, 0.0286762602627, 0.681280076504, 0.940366446972, 2.14177370071, 51.051109314, 29.2452030182, 106.339561462, 50.5567970276, 885.989929199, 8013.59082031, 10016.6455078, 3556.09423828, 1905.15686035, 1546.75805664, 2735.97216797, 3097.24584961, 341.15737915, 669.504943848, 908.95880127, 368.126464844, 140.349349976, 823.428894043, 214.007369995, 58.3645744324, 264.637420654, 83.83253479, 524.704711914, 203.834075928, 66.9493713379, 31.8399429321, 10.3384103775, 7.70324611664, 0.990378499031, 0.0120722772554, 7.46562363929e-05, 1.02852567352e-07],
        "max": [0.000123813020764, 0.00356373935938, 0.0398508198559, 0.277433127165, 0.652713835239, 3.20842623711, 3.2227973938, 4.47571516037, 24.8169670105, 21.1356372833, 46.0927238464, 34.0606536865, 114.392692566, 381.023498535, 479.05291748, 307.16104126, 153.412536621, 176.715423584, 207.36000061, 242.256515503, 90.3105392456, 157.044570923, 209.241744995, 113.611763, 111.218917847, 210.990432739, 107.462783813, 55.091053009, 129.193634033, 91.2165527344, 145.17300415, 93.65650177, 62.6817626953, 37.5570678711, 16.4500389099, 12.9526538849, 5.06218290329, 0.422667384148, 0.0400716997683, 0.00152446446009],
        "mean": [8.38991491037e-06, 0.000292362790788, 0.0038790742401, 0.0253656022251, 0.101886294782, 0.263828516006, 0.427099704742, 0.68419021368, 1.46164023876, 1.85670566559, 3.05032801628, 3.99380993843, 13.3973999023, 34.4856452942, 40.6150817871, 19.7564983368, 12.8766298294, 12.039484024, 20.7944297791, 21.2420005798, 8.82828235626, 9.6772480011, 13.6738185883, 8.86803150177, 9.11159706116, 11.320306778, 7.500872612, 4.4264588356, 7.23112106323, 6.15760803223, 9.17798519135, 6.83633327484, 5.00957870483, 3.09685873985, 1.18821489811, 0.726561307907, 0.247946619987, 0.0320392027497, 0.00263006822206, 0.000100937388197],
        "median": [2.36987352764e-06, 5.27709707967e-05, 0.000479503563838, 0.00412514386699, 0.0170414056629, 0.0363143458962, 0.0527627468109, 0.0631716325879, 0.0535650849342, 0.0540443584323, 0.0575417764485, 0.0820220783353, 0.094058483839, 0.140362352133, 0.129883438349, 0.116612717509, 0.107782356441, 0.0902469158173, 0.0845111683011, 0.0780945345759, 0.0888840854168, 0.0836325287819, 0.0721883028746, 0.0649238675833, 0.046947106719, 0.049551859498, 0.0409370213747, 0.0385757721961, 0.030341187492, 0.0305654089898, 0.0187606737018, 0.0161946713924, 0.00983162224293, 0.00944558251649, 0.00652773771435, 0.00432021357119, 0.00156793370843, 0.00280192145146, 0.000197686968022, 8.55008329381e-06],
        "min": [4.32169189324e-09, 1.5175665169e-08, 2.29246097661e-08, 1.90008258016e-08, 1.92571896207e-08, 3.22086677329e-08, 7.33885414661e-08, 1.08966673906e-07, 7.22434236877e-08, 2.34837287394e-08, 5.86654174128e-08, 2.50528927381e-07, 3.38315857107e-07, 1.33376971689e-07, 3.97653735718e-07, 3.74017957938e-07, 3.14347516905e-07, 8.30280953323e-07, 5.51136963622e-07, 3.39296065022e-07, 4.15166113044e-07, 4.71466165664e-07, 5.52463973236e-07, 4.83929738948e-07, 2.15969225792e-06, 1.39568442137e-06, 8.07240041922e-07, 1.47345269852e-06, 1.97923100131e-06, 4.75215074403e-06, 2.49970116784e-06, 3.15209058499e-06, 1.7798359977e-06, 1.4686160057e-06, 1.52184020408e-06, 6.3974727027e-07, 4.65290838747e-07, 1.41459452152e-07, 2.48343621223e-08, 2.64671129457e-09],
        "stdev": [1.70918065123e-05, 0.000585210334975, 0.00767738139257, 0.0521681904793, 0.162819594145, 0.475528568029, 0.681721389294, 1.12932813168, 3.53033518791, 3.63763809204, 6.94149208069, 6.6370472908, 24.457649231, 67.2024002075, 89.0794219971, 50.1820220947, 30.692949295, 29.7326412201, 45.1862220764, 47.4990158081, 19.7391853333, 27.8810157776, 38.4799194336, 22.8850784302, 24.024553299, 34.2261734009, 19.7848320007, 10.5421514511, 20.5812606812, 16.6256904602, 29.1671390533, 18.6433048248, 13.5626478195, 7.85823202133, 3.05360651016, 2.15680789948, 0.755067169666, 0.0804487988353, 0.00684969406575, 0.000252160767559],
        "var": [2.9212984809e-10, 3.42471139447e-07, 5.89421870245e-05, 0.00272152014077, 0.0265102218837, 0.226127415895, 0.464744091034, 1.27538216114, 12.4632673264, 13.2324113846, 48.1843109131, 44.0503959656, 598.176574707, 4516.16308594, 7935.14355469, 2518.23535156, 942.057189941, 884.029968262, 2041.7947998, 2256.15649414, 389.635406494, 777.351013184, 1480.70410156, 523.726806641, 577.179138184, 1171.43103027, 391.439544678, 111.136947632, 423.588317871, 276.413574219, 850.721984863, 347.572814941, 183.945404053, 61.7518081665, 9.32451343536, 4.65182065964, 0.570126414299, 0.00647200876847, 4.69183105452e-05, 6.35850554431e-08]
    },
    "gfcc": {
        "mean": [-208.117858887, -13.8638534546, -110.862121582, -19.0719451904, -68.261390686, -4.34413051605, -43.0052185059, -6.13559961319, -33.7583694458, -5.13689994812, -21.7749137878, 2.4224998951, -12.2647809982],
        "cov": [[36820.0078125, 1185.31994629, -6831.01464844, -1890.39331055, -2766.42456055, 974.440856934, -1194.11938477, 292.535919189, -1516.09741211, -686.458740234, -1125.97229004, -213.802505493, -59.3039627075], [1185.31994629, 1294.40380859, 9.14433765411, -129.535232544, -124.821990967, -204.065795898, -20.59907341, -62.9705123901, -66.145111084, -61.3343544006, -120.602684021, -34.829410553, -72.15284729], [-6831.01464844, 9.14433765411, 1663.72033691, 434.49697876, 591.406066895, -257.357818604, 194.267562866, -123.19834137, 234.247070312, 111.078765869, 184.369934082, 16.6542377472, -32.3348197937], [-1890.39331055, -129.535232544, 434.49697876, 441.279083252, 261.368743896, 9.0381937027, 89.357421875, -16.3740673065, 78.5511627197, -36.7497596741, 75.2222366333, 15.5895519257, -23.1627807617], [-2766.42456055, -124.821990967, 591.406066895, 261.368743896, 358.86505127, -49.3118515015, 97.3884277344, -42.0940284729, 93.6243972778, 41.3457374573, 82.6104431152, 0.437440335751, -15.5949926376], [974.440856934, -204.065795898, -257.357818604, 9.0381937027, -49.3118515015, 193.905929565, 5.14862775803, 68.209197998, -51.8771514893, -20.1384716034, -27.0261306763, 0.327404201031, 14.7088394165], [-1194.11938477, -20.59907341, 194.267562866, 89.357421875, 97.3884277344, 5.14862775803, 106.32169342, 16.3620166779, 46.3438148499, 5.39854049683, 32.0254325867, 20.8890953064, -4.18458461761], [292.535919189, -62.9705123901, -123.19834137, -16.3740673065, -42.0940284729, 68.209197998, 16.3620166779, 64.4731750488, 9.37246608734, 7.31783008575, -12.3041715622, 7.65851831436, 11.4895830154], [-1516.09741211, -66.145111084, 234.247070312, 78.5511627197, 93.6243972778, -51.8771514893, 46.3438148499, 9.37246608734, 118.566375732, 39.3087844849, 63.8349380493, 17.2390842438, 9.86570262909], [-686.458740234, -61.3343544006, 111.078765869, -36.7497596741, 41.3457374573, -20.1384716034, 5.39854049683, 7.31783008575, 39.3087844849, 86.287361145, 28.5670375824, -6.71844339371, 10.8557548523], [-1125.97229004, -120.602684021, 184.369934082, 75.2222366333, 82.6104431152, -27.0261306763, 32.0254325867, -12.3041715622, 63.8349380493, 28.5670375824, 85.3805084229, 23.2924861908, 3.68484950066], [-213.802505493, -34.829410553, 16.6542377472, 15.5895519257, 0.437440335751, 0.327404201031, 20.8890953064, 7.65851831436, 17.2390842438, -6.71844339371, 23.2924861908, 41.1546020508, 8.1573266983], [-59.3039627075, -72.15284729, -32.3348197937, -23.1627807617, -15.5949926376, 14.7088394165, -4.18458461761, 11.4895830154, 9.86570262909, 10.8557548523, 3.68484950066, 8.1573266983, 25.8996486664]],
        "icov": [[0.000347550958395, -0.000102879064798, 0.000860998290591, -0.000248388358159, 0.000506005075295, -0.000187716417713, 0.00145854172297, -0.000228630757192, 0.00136736757122, 6.98655458109e-06, 0.000721370452084, -0.000545600254554, 0.0016557793133], [-0.000102879064798, 0.00153353868518, -0.00038234872045, 0.000110564134957, 0.000580110528972, 0.00180264655501, -0.00126392871607, 5.92801661696e-05, -0.00038023875095, 0.000159178845934, 0.0021669738926, -5.87329013797e-05, 0.00254154601134], [0.000860998290591, -0.00038234872045, 0.00444112811238, -0.00136473961174, -0.00071268848842, 0.000778368965257, 0.00188596162479, 0.00184592441656, 0.00236934586428, -0.00186144118197, 0.00205923151225, -0.00167656480335, 0.00395778240636], [-0.000248388358159, 0.000110564134957, -0.00136473961174, 0.00674870284274, -0.00417044991627, -0.00197076448239, 0.000140885735163, -0.00173195265234, -0.00317682954483, 0.0067593427375, -0.00325161567889, 0.000988195533864, 0.00199849321507], [0.000506005075295, 0.000580110528972, -0.00071268848842, -0.00417044991627, 0.0123916678131, -0.00260048429482, -0.00244789361022, 0.00751853361726, -0.000261931476416, -0.00485056964681, 0.00314833549783, 0.00133934093174, 0.00462573301047], [-0.000187716417713, 0.00180264655501, 0.000778368965257, -0.00197076448239, -0.00260048429482, 0.0193484202027, -0.00260611250997, -0.020417669788, 0.0132465111092, 0.00252550700679, -0.00503073772416, 0.00509818084538, -0.00711055798456], [0.00145854172297, -0.00126392871607, 0.00188596162479, 0.000140885735163, -0.00244789361022, -0.00260611250997, 0.0260046701878, -0.0114173162729, 0.0042910235934, 0.00386446970515, 0.000935420626774, -0.00923143606633, 0.0110918488353], [-0.000228630757192, 5.92801661696e-05, 0.00184592441656, -0.00173195265234, 0.00751853361726, -0.020417669788, -0.0114173162729, 0.0584800876677, -0.0253748502582, -0.013788963668, 0.0196666270494, -0.00987621210515, 0.00449032150209], [0.00136736757122, -0.00038023875095, 0.00236934586428, -0.00317682954483, -0.000261931476416, 0.0132465111092, 0.0042910235934, -0.0253748502582, 0.0370147675276, 0.000164198834682, -0.013960567303, 0.00322707975283, -0.00674066180363], [6.98655458109e-06, 0.000159178845934, -0.00186144118197, 0.0067593427375, -0.00485056964681, 0.00252550700679, 0.00386446970515, -0.013788963668, 0.000164198834682, 0.0260711032897, -0.0110521288589, 0.0106736933812, -0.00621246639639], [0.000721370452084, 0.0021669738926, 0.00205923151225, -0.00325161567889, 0.00314833549783, -0.00503073772416, 0.000935420626774, 0.0196666270494, -0.013960567303, -0.0110521288589, 0.0392954498529, -0.0191011689603, 0.0139066036791], [-0.000545600254554, -5.87329013797e-05, -0.00167656480335, 0.000988195533864, 0.00133934093174, 0.00509818084538, -0.00923143606633, -0.00987621210515, 0.00322707975283, 0.0106736933812, -0.0191011689603, 0.0430277585983, -0.0183588787913], [0.0016557793133, 0.00254154601134, 0.00395778240636, 0.00199849321507, 0.00462573301047, -0.00711055798456, 0.0110918488353, 0.00449032150209, -0.00674066180363, -0.00621246639639, 0.0139066036791, -0.0183588787913, 0.0718097016215]]
    },
    "melbands": {
        "dmean": [1.71502634316e-07, 1.73828902916e-06, 5.08523407916e-06, 1.07628720798e-05, 1.15553993965e-05, 1.43017095979e-05, 2.48186988756e-05, 2.27107375395e-05, 2.56996099779e-05, 1.93030373339e-05, 5.83068940614e-05, 0.000120310709463, 0.000119583586638, 5.6583834521e-05, 2.86487702397e-05, 2.1366548026e-05, 2.16164953599e-05, 2.56291259575e-05, 3.27523703163e-05, 1.65577857842e-05, 5.77588616579e-06, 6.1202345023e-06, 9.81472931016e-06, 7.06816126694e-06, 4.68922053187e-06, 3.05011735691e-06, 5.69487247049e-06, 4.69821998195e-06, 3.34887931785e-06, 2.45369847107e-06, 1.73434239059e-06, 3.00008150589e-06, 2.23738834393e-06, 2.00912927539e-06, 3.45121975442e-06, 3.47862987837e-06, 2.44341617872e-06, 1.88511955912e-06, 2.36680898524e-06, 1.50680318711e-06],
        "dmean2": [3.02493390336e-07, 2.88356022793e-06, 7.27989709048e-06, 1.97103381652e-05, 2.12671093323e-05, 2.46502750088e-05, 4.59312359453e-05, 3.97731200792e-05, 4.12605768361e-05, 2.88521696348e-05, 8.84777400643e-05, 0.000183329670108, 0.000167336474988, 0.000100207951618, 4.35643196397e-05, 3.34253636538e-05, 3.44179752574e-05, 3.7304500438e-05, 5.5154599977e-05, 2.56863004324e-05, 1.01662044472e-05, 9.45960255194e-06, 1.58295442816e-05, 1.11719700726e-05, 7.50928938942e-06, 4.3487871153e-06, 6.48030481898e-06, 6.63481614538e-06, 4.545304364e-06, 3.56778878086e-06, 2.52301856563e-06, 3.72478893951e-06, 2.40789950112e-06, 2.57126407632e-06, 5.09897608936e-06, 4.79242908114e-06, 3.21877882925e-06, 2.38140864894e-06, 3.0184435218e-06, 2.13134057958e-06],
        "dvar": [1.0231622678e-13, 9.71472121497e-12, 6.83238118859e-11, 3.27638027819e-10, 2.95816121598e-10, 4.490776917e-10, 3.92398868954e-09, 2.38413444542e-09, 3.12735637387e-09, 9.02674546222e-10, 1.16114833304e-08, 5.62560309447e-08, 5.22467189512e-08, 2.11334914013e-08, 4.15245482444e-09, 2.13033390928e-09, 2.90930479707e-09, 2.54777554609e-09, 6.445377565e-09, 1.00091956945e-09, 2.30457028461e-10, 3.46982387267e-10, 9.67889879355e-10, 3.59623025803e-10, 1.18460588561e-10, 5.82380463299e-11, 2.33059904708e-10, 1.74584069423e-10, 7.59556723073e-11, 2.74913303927e-11, 1.30702436721e-11, 6.28069263264e-11, 2.14757430589e-11, 2.77097494256e-11, 1.07857105192e-10, 7.5982053982e-11, 2.91040906653e-11, 1.90276891465e-11, 3.0659693534e-11, 1.21682976195e-11],
        "dvar2": [2.74610114379e-13, 2.47038379336e-11, 1.5153234223e-10, 8.83505324456e-10, 8.18940082414e-10, 1.11595488406e-09, 1.10607363268e-08, 6.13786710346e-09, 7.36972172177e-09, 2.1377637438e-09, 2.64580020115e-08, 1.39713847602e-07, 1.09960097916e-07, 4.66825618162e-08, 8.683827879e-09, 5.44338618624e-09, 7.34895388987e-09, 5.92081583761e-09, 1.72496275042e-08, 2.72388533951e-09, 6.94338031515e-10, 8.91011930904e-10, 2.26592433705e-09, 6.83353429398e-10, 2.64196164945e-10, 1.3327051962e-10, 2.48482207033e-10, 3.53017226562e-10, 1.20267393267e-10, 5.74223307792e-11, 2.82381791561e-11, 1.25634835868e-10, 2.74728330363e-11, 4.63228691516e-11, 2.1164704711e-10, 1.39331463034e-10, 5.83989454017e-11, 3.2144155393e-11, 5.61800155008e-11, 2.16717407908e-11],
        "max": [1.87189118606e-06, 1.61234584084e-05, 5.08290650032e-05, 0.000128836429212, 8.70587391546e-05, 0.00010104640387, 0.000367608881788, 0.000338687503245, 0.000376007490559, 0.000192491424968, 0.000644635991193, 0.001617384376, 0.00165545369964, 0.000964732607827, 0.000408525695093, 0.0003148020769, 0.000373378337827, 0.000320126826409, 0.00053933536401, 0.000201315793674, 0.000108163119876, 0.000157985690748, 0.000279259402305, 0.000171865525772, 8.06638854556e-05, 4.80210437672e-05, 0.000172009837115, 0.000122634606669, 7.89226833149e-05, 4.15655777033e-05, 2.92276872642e-05, 8.12713697087e-05, 4.64620352432e-05, 5.52833989786e-05, 9.21288446989e-05, 8.14255326986e-05, 4.7547295253e-05, 3.90262794099e-05, 5.27457596036e-05, 2.29242796195e-05],
        "mean": [1.4311790153e-07, 1.66408699442e-06, 6.1918613028e-06, 1.33434468808e-05, 1.43505840242e-05, 1.59469727805e-05, 2.18076056626e-05, 2.1777503207e-05, 2.63456477114e-05, 2.55077266047e-05, 6.88336367602e-05, 0.000135601265356, 0.000144309553434, 7.64534706832e-05, 3.24898246618e-05, 2.38669854298e-05, 2.19812391151e-05, 3.02404478134e-05, 3.78541299142e-05, 1.86890829355e-05, 8.32649675431e-06, 8.31389297673e-06, 1.44448868014e-05, 1.16109640658e-05, 6.60459909341e-06, 4.43257977167e-06, 1.0590236343e-05, 6.48203786113e-06, 5.16831232744e-06, 3.39395387527e-06, 2.24029804485e-06, 4.22843913839e-06, 3.78121126232e-06, 3.23379822476e-06, 5.25682116859e-06, 5.27948941453e-06, 3.65171786143e-06, 3.05122944155e-06, 3.86897590943e-06, 2.1763935365e-06],
        "median": [2.88443882113e-08, 2.13664421267e-07, 1.13601583962e-06, 1.89348543245e-06, 1.92685979528e-06, 1.61227080753e-06, 7.2863127798e-07, 6.3788178295e-07, 4.58361171241e-07, 5.76098784677e-07, 4.83591577449e-07, 5.6389586689e-07, 4.48899470484e-07, 3.52451166918e-07, 2.38156218302e-07, 1.98337772872e-07, 1.70844444369e-07, 9.98762388349e-08, 1.16824764973e-07, 1.15033316206e-07, 8.55443147429e-08, 8.62021636294e-08, 6.71167725841e-08, 6.67281483402e-08, 5.32065591585e-08, 3.59124427973e-08, 2.80230700866e-08, 3.23125775026e-08, 2.53570497932e-08, 2.29427037368e-08, 1.94008862309e-08, 1.62938569304e-08, 1.79853678617e-08, 1.41458125213e-08, 9.99371252419e-09, 1.31440227591e-08, 8.88038442781e-09, 6.90394319491e-09, 6.36644958973e-09, 7.63163399142e-09],
        "min": [3.71342366579e-11, 1.4203967863e-11, 3.29110566924e-12, 1.76543491198e-12, 2.38215740536e-12, 2.42772533847e-12, 1.01537419965e-12, 1.99888161036e-13, 6.05092148262e-13, 1.74005785909e-12, 1.6774043092e-12, 4.84595816166e-13, 1.11857875393e-12, 1.44754379924e-12, 3.62887969457e-13, 1.12455628577e-12, 1.57853829834e-12, 9.00063931806e-13, 5.53071965396e-13, 4.91298408206e-13, 4.672356794e-13, 3.35756921398e-13, 8.71157584004e-13, 2.08302166206e-13, 2.67429551811e-13, 1.70360817467e-12, 9.98948970418e-13, 1.0377672029e-12, 5.74593053259e-13, 3.78438301746e-13, 1.07524601202e-12, 8.91163119861e-13, 1.79599922174e-12, 2.86978188609e-12, 1.23699531521e-12, 1.49383229311e-12, 2.04480464679e-12, 1.08156626016e-12, 1.53440942677e-12, 1.12751973556e-12],
        "stdev": [2.85070484551e-07, 3.26173903886e-06, 1.10905511974e-05, 2.20285564865e-05, 2.19272606046e-05, 2.6063338737e-05, 5.16389009135e-05, 4.88668774778e-05, 5.94375269429e-05, 4.15400791098e-05, 0.00013089706772, 0.000269824871793, 0.00031001138268, 0.000184613512829, 7.822727639e-05, 5.80711312068e-05, 5.76565835217e-05, 6.50777074043e-05, 9.22171966522e-05, 4.10952488892e-05, 2.03258368856e-05, 2.44974307861e-05, 4.48405007774e-05, 3.2249969081e-05, 1.69662253029e-05, 1.08341373561e-05, 3.22937303281e-05, 1.93178348127e-05, 1.43747383845e-05, 8.20364857645e-06, 5.45052989764e-06, 1.25409269458e-05, 9.54581355472e-06, 9.46627642406e-06, 1.73925236595e-05, 1.55867946887e-05, 9.64714945439e-06, 8.18781609269e-06, 1.09257034637e-05, 5.40047813047e-06],
        "var": [8.12651879925e-14, 1.0638941117e-11, 1.23000332142e-10, 4.85257334315e-10, 4.80804729364e-10, 6.79297618156e-10, 2.66657607106e-09, 2.38797182028e-09, 3.53281981447e-09, 1.72557812483e-09, 1.71340435173e-08, 7.28054558863e-08, 9.61070583116e-08, 3.40821486589e-08, 6.11950623508e-09, 3.37225647407e-09, 3.32428151673e-09, 4.23510826408e-09, 8.50401171704e-09, 1.68881952867e-09, 4.1313966137e-10, 6.00124117067e-10, 2.01067051897e-09, 1.0400605932e-09, 2.8785282491e-10, 1.17378523568e-10, 1.04288500058e-09, 3.73178737911e-10, 2.0663309952e-10, 6.72998531903e-11, 2.97082740353e-11, 1.57274859802e-10, 9.11225539468e-11, 8.96103885539e-11, 3.02499858496e-10, 2.42948161588e-10, 9.30674842747e-11, 6.70403316194e-11, 1.19370999196e-10, 2.916516334e-11]
    },
    "melbands128": {
