{
"lowlevel": {
    "average_loudness": 0.850171744823,
    "barkbands_crest": {
        "dmean": 1.62832009792,
        "dmean2": 2.33796358109,
        "dvar": 8.18820285797,
        "dvar2": 21.7558555603,
        "max": 25.8791122437,
        "mean": 12.7946739197,
        "median": 12.3109989166,
        "min": 2.50727820396,
        "stdev": 4.32826423645,
        "var": 18.7338695526
    },
    "barkbands_flatness_db": {
        "dmean": 0.0192707479,
        "dmean2": 0.0301061440259,
        "dvar": 0.000730830535758,
        "dvar2": 0.00123212009203,
        "max": 0.432913005352,
        "mean": 0.33315512538,
        "median": 0.397620230913,
        "min": 0.0253653489053,
        "stdev": 0.125737562776,
        "var": 0.0158099364489
    },
    "barkbands_kurtosis": {
        "dmean": 5.40069293976,
        "dmean2": 7.71895027161,
        "dvar": 528.624694824,
        "dvar2": 963.143981934,
        "max": 274.939422607,
        "mean": 7.27529811859,
        "median": 1.69478797913,
        "min": -1.55239212513,
        "stdev": 30.574054718,
        "var": 934.772827148
    },
    "barkbands_skewness": {
        "dmean": 0.493993341923,
        "dmean2": 0.72125685215,
        "dvar": 1.47731029987,
        "dvar2": 2.722260952,
        "max": 15.7543268204,
        "mean": 0.731919169426,
        "median": 0.325517296791,
        "min": -2.87450909615,
        "stdev": 2.31158280373,
        "var": 5.34341526031
    },
    "barkbands_spread": {
        "dmean": 2.94982743263,
        "dmean2": 4.57839012146,
        "dvar": 44.3670043945,
        "dvar2": 108.488044739,
        "max": 69.2469787598,
        "mean": 13.665772438,
        "median": 6.02043914795,
        "min": 1.33130574226,
        "stdev": 16.9911727905,
        "var": 288.699951172
    },
    "dissonance": {
        "dmean": 0.0324768647552,
        "dmean2": 0.0546905957162,
        "dvar": 0.000899728445802,
        "dvar2": 0.00239907461219,
        "max": 0.499993592501,
        "mean": 0.429826170206,
        "median": 0.429937064648,
        "min": 0.225220367312,
        "stdev": 0.0508618652821,
        "var": 0.0025869293604
    },
    "dynamic_complexity": 12.8528470993,
    "erbbands_crest": {
        "dmean": 1.01738667488,
        "dmean2": 1.50051295757,
        "dvar": 2.76153302193,
        "dvar2": 7.02360868454,
        "max": 19.2887325287,
        "mean": 12.5107755661,
        "median": 13.6999988556,
        "min": 2.69118833542,
        "stdev": 3.41079735756,
        "var": 11.6335382462
    },
    "erbbands_flatness_db": {
        "dmean": 0.0110899936408,
        "dmean2": 0.0162694007158,
        "dvar": 0.000459944363683,
        "dvar2": 0.000638894445729,
        "max": 0.43592941761,
        "mean": 0.343193650246,
        "median": 0.417413651943,
        "min": 0.0275566410273,
        "stdev": 0.130836978555,
        "var": 0.0171183142811
    },
    "erbbands_kurtosis": {
        "dmean": 1.20399713516,
        "dmean2": 1.27203547955,
        "dvar": 22.3177928925,
        "dvar2": 26.0002841949,
        "max": 85.4146957397,
        "mean": 2.99611902237,
        "median": 1.66039085388,
        "min": -1.46046519279,
        "stdev": 9.34423351288,
        "var": 87.314704895
    },
    "erbbands_skewness": {
        "dmean": 0.20362496376,
        "dmean2": 0.265021800995,
        "dvar": 0.158355876803,
        "dvar2": 0.225477680564,
        "max": 7.29469013214,
        "mean": 0.364698052406,
        "median": 0.447568923235,
        "min": -1.22789108753,
        "stdev": 1.15352606773,
        "var": 1.33062231541
    },
    "erbbands_spread": {
        "dmean": 2.53954362869,
        "dmean2": 3.27934384346,
        "dvar": 35.3649940491,
        "dvar2": 50.9789352417,
        "max": 117.536987305,
        "mean": 15.823472023,
        "median": 8.60223388672,
        "min": 1.50377070904,
        "stdev": 19.2202033997,
        "var": 369.41619873
    },
    "hfc": {
        "dmean": 1.05687391758,
        "dmean2": 1.06428313255,
        "dvar": 5.08996582031,
        "dvar2": 6.32265901566,
        "max": 75.8577957153,
        "mean": 25.2501392365,
        "median": 13.9609661102,
        "min": 3.32201343554e-05,
        "stdev": 26.8477172852,
        "var": 720.799926758
    },
    "loudness_ebu128": {
        "integrated": -22.9864139557,
        "loudness_range": 2.50232887268,
        "momentary": {
            "dmean": 2.15972352028,
            "dmean2": 1.12547552586,
            "dvar": 19.4236392975,
            "dvar2": 7.80752897263,
            "max": -20.0187263489,
            "mean": -31.0760612488,
            "median": -25.7178821564,
            "min": -66.0873031616,
            "stdev": 12.653840065,
            "var": 160.119659424
        },
        "short_term": {
            "dmean": 0.223785400391,
            "dmean2": 0.0445877946913,
            "dvar": 0.03460887447,
            "dvar2": 0.00123325129971,
            "max": -22.9770450592,
            "mean": -23.8119258881,
            "median": -23.3337650299,
            "min": -26.0389289856,
            "stdev": 0.986882209778,
            "var": 0.97393643856
        }
    },
    "melbands_crest": {
        "dmean": 2.01970005035,
        "dmean2": 3.2439699173,
        "dvar": 18.3614368439,
        "dvar2": 44.7017784119,
        "max": 38.6253395081,
        "mean": 15.4443492889,
        "median": 11.5483579636,
        "min": 7.35109329224,
        "stdev": 7.7291636467,
        "var": 59.7399673462
    },
    "melbands_flatness_db": {
        "dmean": 0.0172545369714,
        "dmean2": 0.0248476602137,
        "dvar": 0.000648180022836,
        "dvar2": 0.00111668452155,
        "max": 0.51407212019,
        "mean": 0.349705845118,
        "median": 0.392729431391,
        "min": 0.0343708135188,
        "stdev": 0.11673913151,
        "var": 0.0136280246079
    },
    "melbands_kurtosis": {
        "dmean": 10.081454277,
        "dmean2": 14.2987041473,
        "dvar": 2425.41259766,
        "dvar2": 3348.8269043,
        "max": 707.156494141,
        "mean": 16.6784286499,
        "median": 1.50138568878,
        "min": -1.43978381157,
        "stdev": 80.7926101685,
        "var": 6527.44580078
    },
    "melbands_skewness": {
        "dmean": 0.514777064323,
        "dmean2": 0.652127206326,
        "dvar": 1.72630858421,
        "dvar2": 2.22968268394,
        "max": 23.1174087524,
        "mean": 1.12751710415,
        "median": 0.223060175776,
        "min": -2.31284666061,
        "stdev": 3.27970409393,
        "var": 10.7564582825
    },
    "melbands_spread": {
        "dmean": 3.85779738426,
        "dmean2": 5.86608505249,
        "dvar": 93.8884124756,
        "dvar2": 254.882003784,
        "max": 107.822898865,
        "mean": 22.4113082886,
        "median": 13.7754831314,
        "min": 0.836180388927,
        "stdev": 23.5321044922,
        "var": 553.75994873
    },
    "pitch_salience": {
        "dmean": 0.0432570800185,
        "dmean2": 0.0678814798594,
        "dvar": 0.0066901720129,
        "dvar2": 0.0162724591792,
        "max": 0.821986675262,
        "mean": 0.647057950497,
        "median": 0.73825865984,
        "min": 0.0847171619534,
        "stdev": 0.192499548197,
        "var": 0.0370560735464
    },
    "silence_rate_20dB": {
        "dmean": 0,
        "dmean2": 0,
        "dvar": 0,
        "dvar2": 0,
        "max": 1,
        "mean": 1,
        "median": 1,
        "min": 1,
        "stdev": 0,
        "var": 0
    },
    "silence_rate_30dB": {
        "dmean": 0,
        "dmean2": 0,
        "dvar": 0,
        "dvar2": 0,
        "max": 1,
        "mean": 1,
        "median": 1,
        "min": 1,
        "stdev": 0,
        "var": 0
    },
    "silence_rate_60dB": {
        "dmean": 0.0106382975355,
        "dmean2": 0.0213903747499,
        "dvar": 0.0105251222849,
        "dvar2": 0.0209328066558,
        "max": 1,
        "mean": 0.380952388048,
        "median": 0,
        "min": 0,
        "stdev": 0.485620945692,
        "var": 0.235827699304
    },
    "spectral_centroid": {
        "dmean": 103.026275635,
        "dmean2": 149.356079102,
        "dvar": 45102.0195312,
        "dvar2": 93749.734375,
        "max": 3600.07836914,
        "mean": 1727.94628906,
        "median": 1613.63220215,
        "min": 552.567932129,
        "stdev": 607.061645508,
        "var": 368523.8125
    },
    "spectral_complexity": {
        "dmean": 0.244680851698,
        "dmean2": 0.45989304781,
        "dvar": 0.365662544966,
        "dvar2": 0.66550463438,
        "max": 9,
        "mean": 4.96825408936,
        "median": 7,
        "min": 0,
        "stdev": 3.41162919998,
        "var": 11.6392145157
    },
    "spectral_decrease": {
        "dmean": 1.67118346939e-10,
        "dmean2": 1.61722010783e-10,
        "dvar": 1.30476781487e-19,
        "dvar2": 1.58551588745e-19,
        "max": -1.20576410591e-15,
        "mean": -4.15757561711e-09,
        "median": -2.20712381704e-09,
        "min": -1.23152803511e-08,
        "stdev": 4.40022640547e-09,
        "var": 1.93619919603e-17
    },
    "spectral_energy": {
        "dmean": 0.000725739111658,
        "dmean2": 0.000706827151589,
        "dvar": 2.45682736022e-06,
        "dvar2": 2.99184148389e-06,
        "max": 0.0533610656857,
        "mean": 0.0179818440229,
        "median": 0.00959646143019,
        "min": 7.5640018693e-09,
        "stdev": 0.0190418530256,
        "var": 0.000362592167221
    },
    "spectral_energyband_high": {
        "dmean": 9.01064777281e-06,
        "dmean2": 9.97242113954e-06,
        "dvar": 1.92382262898e-10,
        "dvar2": 2.07804135011e-10,
        "max": 0.000440229574451,
        "mean": 0.000133552894113,
        "median": 4.54433175037e-05,
        "min": 2.53321763566e-09,
        "stdev": 0.000152831344167,
        "var": 2.335741911e-08
    },
    "spectral_energyband_low": {
        "dmean": 8.67031189955e-07,
        "dmean2": 1.39212852446e-06,
        "dvar": 7.42945093467e-13,
        "dvar2": 1.74253471895e-12,
        "max": 1.04655173345e-05,
        "mean": 1.69810471107e-06,
        "median": 1.2623567045e-06,
        "min": 6.09421457742e-10,
        "stdev": 1.70732869265e-06,
        "var": 2.91497121579e-12
    },
    "spectral_energyband_middle_high": {
        "dmean": 0.000691529188771,
        "dmean2": 0.000683073187247,
        "dvar": 2.25288272304e-06,
        "dvar2": 2.74128615274e-06,
        "max": 0.0507478229702,
        "mean": 0.0165109075606,
        "median": 0.00833844579756,
        "min": 1.58900415048e-09,
        "stdev": 0.0180337205529,
        "var": 0.000325215078192
    },
    "spectral_energyband_middle_low": {
        "dmean": 4.63193719042e-05,
        "dmean2": 3.69299050362e-05,
        "dvar": 7.02977720479e-09,
        "dvar2": 8.58380211355e-09,
        "max": 0.00306236906908,
        "mean": 0.00133478594944,
        "median": 0.00141088839155,
        "min": 9.62843804686e-10,
        "stdev": 0.00103664689232,
        "var": 1.07463677068e-06
    },
    "spectral_entropy": {
        "dmean": 0.0848126858473,
        "dmean2": 0.109345175326,
        "dvar": 0.0278953164816,
        "dvar2": 0.0174488183111,
        "max": 8.50107860565,
        "mean": 5.87893390656,
        "median": 5.19794511795,
        "min": 4.3744301796,
        "stdev": 1.32723045349,
        "var": 1.76154077053
    },
    "spectral_flux": {
        "dmean": 0.00253102136776,
        "dmean2": 0.00398130482063,
        "dvar": 6.81869714754e-05,
        "dvar2": 0.000128832834889,
        "max": 0.0954247936606,
        "mean": 0.00581283029169,
        "median": 0.00394108518958,
        "min": 0.000179806360393,
        "stdev": 0.00976909603924,
        "var": 9.54352435656e-05
    },
    "spectral_kurtosis": {
        "dmean": 6.62822580338,
        "dmean2": 12.0625562668,
        "dvar": 52.8302459717,
        "dvar2": 175.038421631,
        "max": 51.5644454956,
        "mean": 14.1934165955,
        "median": 12.4319343567,
        "min": 1.75700998306,
        "stdev": 10.3574495316,
        "var": 107.276763916
    },
    "spectral_rms": {
        "dmean": 0.000100986821053,
        "dmean2": 0.000100036573713,
        "dvar": 6.86649030968e-08,
        "dvar2": 7.38271666023e-08,
        "max": 0.00721523212269,
        "mean": 0.00324876210652,
        "median": 0.00305980420671,
        "min": 2.71652606898e-06,
        "stdev": 0.00264363340102,
        "var": 6.98879739502e-06
    },
    "spectral_rolloff": {
        "dmean": 213.728469849,
        "dmean2": 353.743347168,
        "dvar": 371438.84375,
        "dvar2": 720800.0625,
        "max": 8505.61523438,
        "mean": 1750.22717285,
        "median": 1614.99023438,
        "min": 21.533203125,
        "stdev": 992.13104248,
        "var": 984324
    },
    "spectral_skewness": {
        "dmean": 0.563712000847,
        "dmean2": 1.01276528835,
        "dvar": 0.312704622746,
        "dvar2": 1.05779469013,
        "max": 5.24329328537,
        "mean": 2.39274406433,
        "median": 2.25143408775,
        "min": 0.997361421585,
        "stdev": 0.851490795612,
        "var": 0.725036621094
    },
    "spectral_spread": {
        "dmean": 360905.53125,
        "dmean2": 527452.125,
        "dvar": 174224424960,
        "dvar2": 254178410496,
        "max": 10740532,
        "mean": 3072209.25,
        "median": 2420432.5,
        "min": 1218990.625,
        "stdev": 1883277.375,
        "var": 3.5467338711e+12
    },
    "spectral_strongpeak": {
        "dmean": 0.200551718473,
        "dmean2": 0.263285577297,
        "dvar": 0.266706138849,
        "dvar2": 0.46410664916,
        "max": 10.2057857513,
        "mean": 4.127368927,
        "median": 4.36332035065,
        "min": 0,
        "stdev": 3.65048885345,
        "var": 13.3260688782
    },
    "zerocrossingrate": {
        "dmean": 0.0057139294222,
        "dmean2": 0.00651737954468,
        "dvar": 9.59069075179e-05,
        "dvar2": 0.000134718749905,
        "max": 0.1484375,
        "mean": 0.0707258582115,
        "median": 0.07275390625,
        "min": 0.01171875,
        "stdev": 0.0261789355427,
        "var": 0.000685336708557
    },
    "barkbands": {
        "dmean": [1.35215680075e-06, 3.05574047843e-07, 2.66488111578e-08, 3.91350640783e-09, 1.08195985504e-08, 1.80083841173e-08, 1.80568167707e-06, 4.59504444734e-05, 7.09601835069e-08, 6.60391279439e-08, 0.00018365107826, 0.000171693201992, 1.15792363431e-06, 0.000340703874826, 1.92525916987e-07, 0.000103319027403, 9.36461674428e-06, 3.2941545669e-06, 1.47017799463e-05, 1.54792178364e-05, 4.5086553655e-06, 4.06423305321e-06, 1.25279734675e-06, 8.66145271061e-08, 1.60776380653e-07, 3.85033018802e-08, 1.29891031264e-08],
        "dmean2": [2.17620208787e-06, 5.24770825905e-07, 4.96828000962e-08, 6.81172318551e-09, 1.91686293505e-08, 3.30355867106e-08, 3.11820485877e-06, 3.49935580743e-05, 1.18912453217e-07, 1.19777965324e-07, 0.000162814147188, 0.000160777068231, 2.16637545236e-06, 0.000319189712172, 3.28911994529e-07, 0.000101292862382, 1.00415600173e-05, 3.54438088834e-06, 1.61275893333e-05, 1.50736123032e-05, 4.84819156554e-06, 4.43347562396e-06, 1.07060259324e-06, 1.18915956193e-07, 1.62982303209e-07, 5.81889274542e-08, 1.94360225692e-08],
        "dvar": [2.14432226316e-12, 1.33344480206e-13, 1.89763518619e-14, 9.18930824353e-17, 6.45166837655e-16, 1.88324985624e-15, 1.03877170754e-10, 6.68673738602e-09, 7.5147570458e-14, 1.17967742237e-13, 1.74105167616e-07, 1.07332006394e-07, 4.56941914861e-11, 5.75453611873e-07, 6.37806322513e-13, 3.12691028626e-08, 3.37973232734e-10, 3.57309772048e-11, 9.43767841655e-10, 5.89587878519e-10, 6.32351254692e-11, 4.88256726716e-11, 4.75961631219e-12, 2.17743320797e-14, 5.94570914855e-14, 4.42425806548e-15, 5.32966365302e-16],
        "dvar2": [4.81216932621e-12, 3.59691307772e-13, 5.60275736667e-14, 2.10515268903e-16, 1.82427645784e-15, 5.57735874493e-15, 2.94723745409e-10, 8.00015342861e-09, 1.86378188815e-13, 3.38199710207e-13, 2.15483083821e-07, 8.48556709343e-08, 1.34811051211e-10, 8.74906277204e-07, 1.69317890871e-12, 2.92035338134e-08, 5.69728653144e-10, 3.61788411729e-11, 1.79366066444e-09, 5.63224300532e-10, 8.78312769736e-11, 6.84991854905e-11, 3.26042101303e-12, 4.25501410636e-14, 6.23595955689e-14, 1.06456532297e-14, 1.16927636176e-15],
        "max": [1.79276139534e-05, 4.35856600234e-06, 1.40553493111e-06, 1.16737638223e-07, 2.56864666426e-07, 3.32388168545e-07, 0.000110654931632, 0.00304625462741, 3.06954029838e-06, 3.43165493177e-06, 0.0129009485245, 0.011384521611, 6.84233964421e-05, 0.0239327289164, 8.07568176242e-06, 0.00460132304579, 0.000413145084167, 0.000187025289051, 0.000490152509883, 0.000764083815739, 0.000245379924309, 0.000206179160159, 6.59791912767e-05, 4.33204559158e-06, 1.06279685497e-05, 8.23036828024e-07, 2.77974720575e-07],
        "mean": [2.21548930313e-06, 4.46552320454e-07, 2.6356069327e-08, 4.90979168433e-09, 1.25681269836e-08, 2.31380461457e-08, 1.37133920362e-05, 0.00132093077991, 8.23330594812e-08, 7.00373092855e-08, 0.00342462817207, 0.00374827068299, 1.01448517853e-06, 0.00775347044691, 2.37064810449e-07, 0.00120751943905, 0.000122402139823, 2.66159222519e-05, 7.40202740417e-05, 0.000179570837645, 4.26588412665e-05, 4.78257097711e-05, 1.29250329337e-05, 8.19373667582e-07, 2.13793214243e-06, 2.032579971e-07, 7.10438996521e-08],
        "median": [1.39671180932e-06, 3.18239699482e-07, 1.29743895627e-08, 1.365906388e-09, 4.53537918332e-09, 8.37669666964e-09, 1.59106275532e-05, 0.0013969654683, 1.72404774901e-08, 2.71579416733e-08, 0.00113180151675, 0.000913485884666, 4.58318083929e-07, 0.0044596712105, 8.23354255886e-08, 0.00100056699011, 9.50058165472e-05, 7.64371452533e-06, 4.64880868094e-05, 5.71253258386e-05, 1.06665174826e-05, 2.88332057607e-06, 3.2828086205e-07, 1.42793922464e-07, 1.60050475984e-07, 7.48532542616e-08, 2.1854686949e-08],
        "min": [1.26637325626e-10, 4.6733988901e-10, 7.58639505383e-12, 2.56592178061e-11, 3.32063126995e-11, 3.98104743615e-11, 1.6879520004e-10, 1.60186128251e-10, 1.29413160743e-10, 3.14907440402e-11, 4.9308019473e-11, 3.37548669571e-11, 1.5074058668e-10, 7.77442762945e-11, 1.01262595531e-10, 1.39142836142e-10, 9.98305604849e-11, 1.2981975217e-10, 2.07885805792e-10, 2.63494948083e-10, 2.84683332463e-10, 2.44378545178e-10, 3.00375002649e-10, 2.86390355875e-10, 3.24050758449e-10, 2.87658730169e-10, 2.60907018212e-10],
        "stdev": [2.50304719884e-06, 5.10139898324e-07, 1.03712935129e-07, 1.27747972201e-08, 2.74012776913e-08, 4.90923746099e-08, 1.26588938656e-05, 0.00102783064358, 2.95272968742e-07, 2.69927539875e-07, 0.0042137959972, 0.00436034053564, 4.96489201396e-06, 0.00823791325092, 7.26343557744e-07, 0.0012889939826, 0.000124150436022, 4.59199254692e-05, 0.000100707577076, 0.000245691713644, 6.30456270301e-05, 6.4594882133e-05, 1.99309761229e-05, 1.14064937407e-06, 3.3477733723e-06, 2.38967857058e-07, 8.71113527978e-08],
        "var": [6.26524483335e-12, 2.6024270087e-13, 1.07563731414e-14, 1.63195442432e-16, 7.508300156e-16, 2.41006115076e-15, 1.60247592973e-10, 1.05643573534e-06, 8.71861177004e-14, 7.28608728798e-14, 1.77560759766e-05, 1.9012568373e-05, 2.46501517115e-11, 6.78632204654e-05, 5.27574945536e-13, 1.6615055074e-06, 1.54133292796e-08, 2.10863948524e-09, 1.01420161158e-08, 6.03644210173e-08, 3.97475119485e-09, 4.17249923501e-09, 3.97243793415e-10, 1.30108109616e-12, 1.12075860745e-11, 5.71056399325e-14, 7.58838775643e-15]
    },
    "erbbands": {
        "dmean": [2.45950504905e-05, 2.12717586692e-05, 3.56757809641e-05, 1.64055309142e-05, 1.89287056855e-05, 4.38664683315e-05, 9.29980378714e-05, 0.000431691441918, 0.0126761589199, 0.592810988426, 0.492124319077, 0.0163298510015, 0.00954491086304, 0.390318274498, 12.9077711105, 2.5670902729, 0.371821254492, 14.3892354965, 5.03463745117, 1.80870783329, 4.38944768906, 0.392682999372, 0.371295452118, 1.05883586407, 0.632967412472, 0.291963905096, 0.164089843631, 0.189446657896, 0.114488989115, 0.0838100388646, 0.00986723974347, 0.00281617161818, 0.00115763803478, 0.00118380354252, 0.00178521254566, 0.000282816559775, 5.27001757291e-05, 1.21331186165e-05, 2.994526767e-06, 9.77144964054e-07],
        "dmean2": [4.26212791353e-05, 3.94922280975e-05, 6.80093216943e-05, 2.84647339868e-05, 3.36361081281e-05, 7.982164243e-05, 0.000153497225256, 0.000563821638934, 0.0139454975724, 0.516950130463, 0.367454856634, 0.0136267663911, 0.00986088253558, 0.389874994755, 11.7527999878, 2.43321943283, 0.343107551336, 13.5737257004, 4.72241163254, 1.78487813473, 4.36953258514, 0.438584119081, 0.368816554546, 1.16536641121, 0.642219185829, 0.283028006554, 0.170054599643, 0.198606446385, 0.117420382798, 0.0876287743449, 0.0105002177879, 0.00385175133124, 0.00133627001196, 0.00140136340633, 0.00175760581624, 0.000420051655965, 8.27508047223e-05, 1.98289726541e-05, 4.21228878622e-06, 9.75820626081e-07],
        "dvar": [5.79441938875e-10, 9.23810095088e-09, 4.18497592136e-08, 3.53965656785e-09, 1.94540716869e-09, 9.89952830821e-09, 3.63487870914e-08, 1.01130410712e-06, 0.00133685639594, 1.40229403973, 0.647860169411, 0.000676249153912, 0.000447568076197, 0.908468067646, 782.470275879, 28.5491943359, 0.661540269852, 1056.82617188, 115.699325562, 10.1590986252, 55.2989044189, 0.627076804638, 0.340064942837, 4.96745967865, 1.15737235546, 0.196813642979, 0.0668898373842, 0.0890841856599, 0.0310738645494, 0.0235901065171, 0.00021827769524, 2.10134530789e-05, 2.87648640551e-06, 3.14091766995e-06, 8.79547133081e-06, 2.27733607971e-07, 1.5166296663e-08, 6.59111765167e-10, 2.09278948338e-11, 4.10433492748e-12],
        "dvar2": [1.74978831424e-09, 2.69209969872e-08, 1.24418761516e-07, 9.3613650165e-09, 5.98082428027e-09, 2.76628924212e-08, 9.70114300003e-08, 2.41553107116e-06, 0.00282099610195, 2.00328636169, 0.621773481369, 0.000731535197701, 0.000600697414484, 1.26289844513, 849.47052002, 26.5586204529, 0.826410710812, 1662.01867676, 161.044906616, 9.56433773041, 52.4011726379, 1.33205258846, 0.479654818773, 9.4868850708, 1.20658326149, 0.177271023393, 0.0799026563764, 0.101310946047, 0.0340792126954, 0.0361133813858, 0.000276578794001, 4.1043444071e-05, 4.70993472845e-06, 4.26850738222e-06, 9.21919672692e-06, 5.08980576797e-07, 4.12249967496e-08, 1.28219102002e-09, 4.61012825137e-11, 5.06748245796e-12],
        "max": [0.000228183795116, 0.00100200960878, 0.00207083229907, 0.000683053687681, 0.00049001671141, 0.000937423843425, 0.00172578531783, 0.0196858998388, 0.795284509659, 39.5589447021, 31.8921375275, 0.995517611504, 0.663149356842, 28.6299610138, 978.571899414, 186.875839233, 25.6785240173, 975.234436035, 362.440490723, 86.6872329712, 194.191436768, 17.95353508, 19.3623199463, 35.8896560669, 33.1614570618, 14.0820808411, 8.64326477051, 10.2971286774, 5.66712856293, 4.28126907349, 0.529763817787, 0.146397069097, 0.0453957170248, 0.0587381459773, 0.123331017792, 0.010191552341, 0.00131525786128, 0.000296034122584, 9.71683912212e-05, 6.93625843269e-05],
        "mean": [4.06492581533e-05, 2.37603271671e-05, 3.53993054887e-05, 2.06222885026e-05, 2.95325771731e-05, 0.000101843106677, 0.000627566652838, 0.00924692396075, 0.375669538975, 18.1450271606, 12.8414726257, 0.400939047337, 0.2054284513, 8.20747852325, 290.235473633, 60.0422592163, 8.29928588867, 310.874176025, 120.089553833, 22.7553844452, 52.9985542297, 5.92360448837, 4.81900787354, 5.60199213028, 7.64056158066, 3.41488575935, 1.93921291828, 2.3447060585, 1.28205573559, 0.886155545712, 0.126758351922, 0.0329510942101, 0.0105474861339, 0.0131560927257, 0.0225833151489, 0.00235318136401, 0.00024070906511, 6.23829109827e-05, 2.59156258835e-05, 2.33071004914e-05],
        "median": [2.88271257887e-05, 1.25170099636e-05, 1.75948171091e-05, 8.73118187883e-06, 2.07654320548e-05, 8.83038301254e-05, 0.000635892967694, 0.0102803660557, 0.430651783943, 19.7470054626, 13.1671533585, 0.400350123644, 0.0773061811924, 2.49372529984, 84.589805603, 16.0430107117, 4.56505537033, 185.581100464, 65.9550857544, 20.2946243286, 43.8474845886, 4.97865009308, 3.17008328438, 3.78584098816, 2.69950175285, 1.10992646217, 1.00926434994, 0.817145228386, 0.139836117625, 0.0324993096292, 0.00804520957172, 0.00301511981525, 0.00265501649119, 0.00183370779268, 0.00122993031982, 0.000507206073962, 7.25534264348e-05, 2.30533660215e-05, 1.09222346509e-05, 1.23205427371e-05],
        "min": [2.36641071183e-08, 6.48681890425e-08, 2.10041921633e-08, 5.77245167221e-08, 7.72440316155e-08, 1.44774190858e-07, 1.20948996596e-07, 4.5295442419e-07, 1.94719564206e-06, 5.14715748068e-06, 3.58672127732e-06, 4.08587629863e-06, 3.85578323403e-06, 2.18870991375e-06, 2.53611278822e-06, 2.01637908503e-06, 6.50519768897e-06, 4.04290040024e-06, 7.12594555807e-06, 7.01463886799e-06, 8.62081378727e-06, 7.01956741977e-06, 6.81533674651e-06, 9.23179504753e-06, 8.49675325298e-06, 1.16219825941e-05, 8.95422726899e-06, 1.24692205645e-05, 1.17310337373e-05, 5.53200425202e-06, 9.76167211775e-06, 5.35006574864e-06, 5.67900451642e-06, 3.86578994949e-06, 2.28807812164e-06, 1.20095205602e-06, 5.76830075261e-07, 1.49132048932e-07, 3.41784449631e-08, 4.03055189224e-09],
        "stdev": [4.06504113926e-05, 7.39510505809e-05, 0.000151123254909, 5.60896987736e-05, 4.34602952737e-05, 0.000104595565062, 0.000406059261877, 0.00680463016033, 0.286750674248, 13.9730129242, 10.1373682022, 0.315515846014, 0.22854539752, 9.7543888092, 342.523620605, 69.8403320312, 8.99842739105, 333.008636475, 126.456199646, 24.3399219513, 55.3183288574, 5.76342964172, 5.13021326065, 7.37098121643, 10.5899200439, 4.49026060104, 2.21132421494, 2.91456866264, 1.70136523247, 1.34265995026, 0.182339251041, 0.0473173074424, 0.0132589740679, 0.0185521636158, 0.0378611162305, 0.0031005050987, 0.000301562569803, 7.37736700103e-05, 2.99126240861e-05, 2.47590905929e-05],
        "var": [1.65245606087e-09, 5.46875789098e-09, 2.28382397438e-08, 3.14605430596e-09, 1.88879734075e-09, 1.09402327197e-08, 1.64884113474e-07, 4.63029937237e-05, 0.0822259411216, 195.245101929, 102.766242981, 0.0995502397418, 0.0522329956293, 95.148109436, 117322.4375, 4877.67236328, 80.9717025757, 110894.75, 15991.1708984, 592.43182373, 3060.11743164, 33.2171211243, 26.3190879822, 54.331363678, 112.146400452, 20.1624393463, 4.88995456696, 8.49471092224, 2.89464354515, 1.8027356863, 0.0332476049662, 0.00223892740905, 0.000175800392753, 0.0003441828012, 0.00143346423283, 9.61313162406e-06, 9.09399773263e-08, 5.44255396306e-09, 8.94765095349e-10, 6.13012529627e-10]
    },
    "gfcc": {
        "mean": [-249.511672974, 12.4532356262, -230.757736206, -31.4205722809, -51.0822982788, 8.70342159271, -11.1128339767, 14.9342451096, 14.3835515976, 40.4868049622, 9.24271011353, 6.2438249588, -10.4996824265],
        "cov": [[29559.0488281, -3369.1081543, -13203.6513672, -3952.3425293, -1777.77429199, 19.3244495392, 447.714080811, -629.034484863, 1213.39733887, 1404.1673584, 1103.59912109, -337.045532227, 30.1818218231], [-3369.1081543, 1257.67199707, 1078.45227051, -58.1638565063, 358.751647949, -269.72946167, -126.051681519, 237.533737183, 205.035964966, -76.1645126343, -3.49788141251, -81.7320709229, -50.6880340576], [-13203.6513672, 1078.45227051, 6561.27392578, 2161.53881836, 664.989379883, 237.465240479, -206.324172974, 244.081695557, -792.257568359, -707.082641602, -628.197814941, 234.889984131, 3.76207971573], [-3952.3425293, -58.1638565063, 2161.53881836, 1133.09350586, 253.691177368, 186.395584106, -25.9410610199, -16.3121051788, -473.014709473, -267.206726074, -292.124053955, 145.410049438, 56.5688934326], [-1777.77429199, 358.751647949, 664.989379883, 253.691177368, 259.771697998, -50.3474845886, -45.052734375, 52.5389518738, -35.2101325989, -70.797958374, -47.4246940613, 10.0484104156, 11.3671913147], [19.3244495392, -269.72946167, 237.465240479, 186.395584106, -50.3474845886, 163.677230835, 25.778881073, -38.2321777344, -133.388885498, -41.431350708, -55.5678825378, 60.9659233093, 9.38546657562], [447.714080811, -126.051681519, -206.324172974, -25.9410610199, -45.052734375, 25.778881073, 95.7262191772, -30.9749755859, -4.58101558685, 36.2042617798, 16.6513328552, 39.4453887939, 1.47527253628], [-629.034484863, 237.533737183, 244.081695557, -16.3121051788, 52.5389518738, -38.2321777344, -30.9749755859, 97.3777618408, 54.367816925, -10.8721971512, 1.90467834473, -13.9899072647, -17.3891391754], [1213.39733887, 205.035964966, -792.257568359, -473.014709473, -35.2101325989, -133.388885498, -4.58101558685, 54.367816925, 277.647613525, 117.50125885, 142.772399902, -73.2959518433, -19.9407405853], [1404.1673584, -76.1645126343, -707.082641602, -267.206726074, -70.797958374, -41.431350708, 36.2042617798, -10.8721971512, 117.50125885, 109.985649109, 87.3294372559, -27.9699993134, 3.55064916611], [1103.59912109, -3.49788141251, -628.197814941, -292.124053955, -47.4246940613, -55.5678825378, 16.6513328552, 1.90467834473, 142.772399902, 87.3294372559, 128.204833984, -35.3063430786, -11.7444171906], [-337.045532227, -81.7320709229, 234.889984131, 145.410049438, 10.0484104156, 60.9659233093, 39.4453887939, -13.9899072647, -73.2959518433, -27.9699993134, -35.3063430786, 67.025970459, 7.42155218124], [30.1818218231, -50.6880340576, 3.76207971573, 56.5688934326, 11.3671913147, 9.38546657562, 1.47527253628, -17.3891391754, -19.9407405853, 3.55064916611, -11.7444171906, 7.42155218124, 32.836517334]],
        "icov": [[0.00135393126402, -0.000304495042656, 0.00290140323341, -0.00140662491322, 0.00266897375695, -0.00329966470599, 0.0029155141674, -0.000151826796355, -0.000133550362079, -0.00376183539629, 0.00103546737228, -0.00112143100705, 0.00113361491822], [-0.000304495042656, 0.00726509466767, -0.0025046786759, 0.00540768681094, -0.00811924599111, 0.00622316636145, -0.00228160712868, -0.00514244940132, -0.00129736005329, 0.0026446657721, 0.0030188919045, 0.00141259247903, 0.000563377630897], [0.00290140323341, -0.0025046786759, 0.00760995224118, -0.00550049776211, 0.00769565068185, -0.00827585533261, 0.00644785864279, -0.000850804150105, -0.000375595875084, -0.00526872696355, 0.00160631688777, -0.00284853437915, 0.00259199878201], [-0.00140662491322, 0.00540768681094, -0.00550049776211, 0.0146554112434, -0.012004098855, 0.00726396450773, -0.00559931574389, -0.00493329251185, 0.00981245841831, 0.00659303925931, 0.00193114229478, -8.322515896e-06, -0.0093199769035], [0.00266897375695, -0.00811924599111, 0.00769565068185, -0.012004098855, 0.0220753513277, -0.00784144364297, 0.009272553958, 0.00362115213647, -0.00251660635695, -0.00692488998175, -0.00336764310487, -0.00572475045919, 0.000222138914978], [-0.00329966470599, 0.00622316636145, -0.00827585533261, 0.00726396450773, -0.00784144364297, 0.0275805126876, -0.00562665658072, -0.00485615525395, 0.00594543805346, 0.0111647769809, -0.00198851549067, -0.0069109229371, -0.0031600270886], [0.0029155141674, -0.00228160712868, 0.00644785864279, -0.00559931574389, 0.009272553958, -0.00562665658072, 0.0329880192876, 0.00683385366574, -0.000793730199803, -0.025112407282, 0.00273702177219, -0.0240517873317, 0.01188927982], [-0.000151826796355, -0.00514244940132, -0.000850804150105, -0.00493329251185, 0.00362115213647, -0.00485615525395, 0.00683385366574, 0.0279751997441, -0.0109348511323, -0.00966569688171, 0.00251600216143, -0.00360436039045, 0.0115591026843], [-0.000133550362079, -0.00129736005329, -0.000375595875084, 0.00981245841831, -0.00251660635695, 0.00594543805346, -0.000793730199803, -0.0109348511323, 0.0310187768191, -0.00302224047482, -0.00998801551759, -0.000610436603893, -0.00959517434239], [-0.00376183539629, 0.0026446657721, -0.00526872696355, 0.00659303925931, -0.00692488998175, 0.0111647769809, -0.025112407282, -0.00966569688171, -0.00302224047482, 0.0652626976371, -0.0126362321898, 0.012058715336, -0.0241358838975], [0.00103546737228, 0.0030188919045, 0.00160631688777, 0.00193114229478, -0.00336764310487, -0.00198851549067, 0.00273702177219, 0.00251600216143, -0.00998801551759, -0.0126362321898, 0.0288332831115, -0.00172244792338, 0.00914386007935], [-0.00112143100705, 0.00141259247903, -0.00284853437915, -8.322515896e-06, -0.00572475045919, -0.0069109229371, -0.0240517873317, -0.00360436039045, -0.000610436603893, 0.012058715336, -0.00172244792338, 0.0456641837955, -0.00593055412173], [0.00113361491822, 0.000563377630897, 0.00259199878201, -0.0093199769035, 0.000222138914978, -0.0031600270886, 0.01188927982, 0.0115591026843, -0.00959517434239, -0.0241358838975, 0.00914386007935, -0.00593055412173, 0.0538477934897]]
    },
    "melbands": {
        "dmean": [2.08775773558e-07, 1.88358573183e-08, 2.84944756679e-09, 1.82369996882e-09, 2.99308511309e-09, 4.28144675269e-09, 1.25969734199e-07, 8.67540711624e-06, 3.17159856422e-06, 8.59241744422e-09, 6.07654460083e-09, 1.1140085121e-07, 3.09573042614e-05, 2.49765926128e-05, 1.74041971945e-07, 1.03706362609e-07, 3.36765660904e-05, 1.33939047373e-05, 1.58100839087e-08, 7.83979248808e-06, 3.64781271855e-06, 2.06436212125e-07, 8.61079684e-07, 4.42576855164e-08, 1.11317172014e-06, 1.47245785342e-07, 8.2277722413e-07, 1.27128728877e-07, 1.34399357421e-07, 2.38854511281e-07, 9.9950078436e-08, 6.78956055822e-08, 5.84557682259e-08, 4.53540778267e-08, 4.85401718819e-09, 2.2388679799e-09, 1.64151536808e-09, 1.11986586671e-09, 9.10871877924e-10, 1.15306997284e-09],
        "dmean2": [3.36208955787e-07, 3.60494070151e-08, 5.34109956263e-09, 3.17982973286e-09, 5.04444397365e-09, 7.8309660978e-09, 2.21804413059e-07, 7.08143306838e-06, 2.31218359659e-06, 1.40640699087e-08, 1.00969623773e-08, 2.21070749262e-07, 2.7606738513e-05, 2.35894567595e-05, 3.28569257135e-07, 1.88348877828e-07, 3.1687788578e-05, 1.25046090034e-05, 2.62085908531e-08, 7.60880948292e-06, 3.6634553453e-06, 2.58920977103e-07, 8.99923577435e-07, 5.96356812821e-08, 1.21628443139e-06, 1.50228672169e-07, 7.87938347457e-07, 1.29559495576e-07, 1.35385633371e-07, 2.57795903735e-07, 1.05174933651e-07, 7.1209214525e-08, 5.83109702745e-08, 4.69748187015e-08, 5.93728222142e-09, 2.925955922e-09, 2.39335573582e-09, 1.35556810221e-09, 1.01364638905e-09, 1.40595846077e-09],
        "dvar": [3.90169498001e-14, 1.29401926389e-14, 1.04313450796e-16, 1.14167418514e-17, 4.0751976011e-17, 1.18686971253e-16, 6.00152035273e-13, 2.67055683123e-10, 2.57222090849e-11, 9.83788534171e-16, 3.94444211765e-16, 1.05823075996e-12, 4.52916282256e-09, 2.80326517554e-09, 9.27106807123e-13, 4.90330161456e-13, 5.7502540507e-09, 8.15652656527e-10, 5.49461675499e-15, 1.82732468046e-10, 3.78641319687e-11, 4.5707990344e-13, 1.95610216393e-12, 2.79857517368e-14, 5.36232473355e-12, 5.93322185003e-14, 1.80494866015e-12, 3.6572737975e-14, 4.55019898984e-14, 1.83235168033e-13, 3.02960747581e-14, 1.18281730574e-14, 8.72434533606e-15, 6.80622398041e-15, 6.14505065527e-17, 1.08190136961e-17, 8.23977024759e-18, 2.72981430825e-18, 2.10003435183e-18, 3.32475217651e-18],
        "dvar2": [1.05122501144e-13, 3.84694954657e-14, 2.97251522111e-16, 3.09947851159e-17, 1.10743807294e-16, 3.6101258896e-16, 1.72140524491e-12, 3.52329804221e-10, 2.29873758917e-11, 2.38222574229e-15, 8.2077127306e-16, 3.16416619468e-12, 4.97937779897e-09, 2.76536815669e-09, 2.73958568504e-12, 1.40803178578e-12, 8.98808227845e-09, 1.13659326395e-09, 1.43719603818e-14, 1.68713598647e-10, 3.63571082962e-11, 1.18879342134e-12, 2.66926801842e-12, 6.8236825153e-14, 1.00850864118e-11, 6.90802124705e-14, 1.65828754808e-12, 3.53155581222e-14, 3.95305058761e-14, 2.62903793787e-13, 3.79493867429e-14, 1.36557169449e-14, 1.00337879688e-14, 1.02594510985e-14, 8.84320330209e-17, 2.079902306e-17, 1.70636987525e-17, 4.18867842662e-18, 2.37652981133e-18, 5.02947319128e-18],
        "max": [2.35869606513e-06, 1.14678334739e-06, 1.15399274137e-07, 3.10963343964e-08, 6.56201137872e-08, 8.68197673753e-08, 8.27265557746e-06, 0.000574466132093, 0.000204201875022, 3.83538377946e-07, 2.43056575755e-07, 1.01145915323e-05, 0.00233286712319, 0.00186295621097, 9.69060874922e-06, 7.57548696129e-06, 0.00230125361122, 0.000964192731772, 7.91393176769e-07, 0.00034999390482, 0.000159690185683, 7.70497990743e-06, 4.80791750306e-05, 2.34034087043e-06, 3.74612573069e-05, 7.6714595707e-06, 4.06319086323e-05, 3.66174413102e-06, 3.74956152882e-06, 1.29198633658e-05, 4.12848157794e-06, 3.35996560352e-06, 2.55739996646e-06, 2.29079250857e-06, 2.68393506531e-07, 1.1122718746e-07, 8.20296861548e-08, 3.9034954824e-08, 4.42333529804e-08, 5.13017930359e-08],
        "mean": [3.89740705486e-07, 1.79972889924e-08, 3.45713768723e-09, 2.1903336922e-09, 3.54339224629e-09, 4.96251395532e-09, 8.05421166206e-07, 0.000258497631876, 8.08585973573e-05, 1.06585309467e-08, 8.46317949055e-09, 6.16341679915e-08, 0.000684710743371, 0.000586424546782, 1.5691999522e-07, 9.13871929242e-08, 0.000736065907404, 0.000319731916534, 1.83406516641e-08, 8.90814844752e-05, 4.44981160399e-05, 1.95294569494e-06, 1.18796897368e-05, 1.56640922455e-07, 5.61413571631e-06, 1.740119842e-06, 9.26101165533e-06, 8.31318914152e-07, 8.95662196854e-07, 2.30526211453e-06, 1.20819277072e-06, 8.39128801999e-07, 4.99191571635e-07, 4.43628238145e-07, 5.75369298872e-08, 2.58409755816e-08, 1.53101709088e-08, 6.30368912624e-09, 8.60947491077e-09, 1.05849782273e-08],
        "median": [2.77685217043e-07, 8.35442559577e-09, 1.22806109726e-09, 8.60830851046e-10, 1.23761001447e-09, 1.71955671924e-09, 9.19466913274e-07, 0.000276336359093, 8.20539935376e-05, 2.40769226778e-09, 3.49727047322e-09, 4.6020627309e-09, 0.000202024210012, 0.000159584989888, 6.53160512343e-08, 3.16967572189e-08, 0.000435929279774, 0.000173282256583, 4.24573887159e-09, 7.28475133656e-05, 3.63918843505e-05, 1.58594195909e-06, 7.78464891482e-06, 1.04470778695e-07, 3.5279047097e-06, 6.73078659474e-07, 2.03702620638e-06, 3.24493896642e-07, 3.51272973376e-07, 4.35204100313e-07, 3.89015646363e-08, 5.83416941424e-08, 6.07169639011e-08, 8.27032575756e-09, 4.74373207382e-09, 1.6857119034e-09, 1.80830417307e-09, 2.02623073875e-09, 1.28961252788e-09, 1.92655513764e-09],
        "min": [1.7432318089e-10, 3.37777202042e-11, 1.0093814673e-11, 7.72709847496e-12, 4.82333010338e-12, 1.06678364059e-11, 3.03309287408e-11, 4.98250780911e-11, 3.70992229992e-11, 2.09452299255e-11, 5.23171306624e-12, 8.50643600697e-12, 7.77357431897e-12, 3.75641791978e-12, 9.44712103684e-12, 9.9614908336e-12, 7.24762697774e-12, 1.12596095642e-11, 8.26785341579e-12, 9.04049491518e-12, 7.25701096438e-12, 7.53665706232e-12, 5.68199133577e-12, 7.46342831287e-12, 6.38433273262e-12, 5.30387149131e-12, 7.14600817756e-12, 6.94878746557e-12, 5.86849926293e-12, 6.09341093208e-12, 6.55974840419e-12, 5.20320158487e-12, 3.18470748904e-12, 3.18570842449e-12, 5.94985562555e-12, 3.53099710929e-12, 3.23032898174e-12, 3.75155071938e-12, 3.32157326817e-12, 3.47555339543e-12],
        "stdev": [3.88341845792e-07, 8.36729086018e-08, 9.63632640349e-09, 4.12756584467e-09, 7.58072182805e-09, 1.13007443403e-08, 8.134107361e-07, 0.000199897462153, 6.41266306047e-05, 3.61742529265e-08, 2.36238726359e-08, 7.33322337965e-07, 0.000809917342849, 0.000684451952111, 7.0517688755e-07, 5.61103888685e-07, 0.000786952208728, 0.000336887605954, 6.83324827833e-08, 9.69636603259e-05, 4.59589828097e-05, 1.95675283976e-06, 1.27669563881e-05, 2.79695086647e-07, 7.65147069615e-06, 2.35061702369e-06, 1.33109660965e-05, 9.78924617812e-07, 1.05022479602e-06, 3.37821711582e-06, 1.5774160147e-06, 1.10267012587e-06, 7.42539839393e-07, 6.8661631758e-07, 8.47185503972e-08, 3.6414281368e-08, 2.31304042586e-08, 8.37789393415e-09, 1.25044410382e-08, 1.48821364121e-08],
