{
"lowlevel": {
    "average_loudness": 0.99068403244,
    "barkbands_crest": {
        "dmean": 3.47109174728,
        "dmean2": 5.59969949722,
        "dvar": 9.4205121994,
        "dvar2": 21.6863746643,
        "max": 25.1222000122,
        "mean": 18.3436832428,
        "median": 18.8941802979,
        "min": 5.40839672089,
        "stdev": 4.33580446243,
        "var": 18.7992019653
    },
    "barkbands_flatness_db": {
        "dmean": 0.0375880151987,
        "dmean2": 0.056342933327,
        "dvar": 0.001103206072,
        "dvar2": 0.00169591268059,
        "max": 0.494247287512,
        "mean": 0.258461505175,
        "median": 0.255058050156,
        "min": 0.0584170371294,
        "stdev": 0.11257032305,
        "var": 0.0126720778644
    },
    "barkbands_kurtosis": {
        "dmean": 60.2051887512,
        "dmean2": 104.368888855,
        "dvar": 8328.00683594,
        "dvar2": 21824.3984375,
        "max": 545.958557129,
        "mean": 106.176620483,
        "median": 59.6203079224,
        "min": -1.85061991215,
        "stdev": 130.248291016,
        "var": 16964.6171875
    },
    "barkbands_skewness": {
        "dmean": 2.25229930878,
        "dmean2": 3.72593164444,
        "dvar": 7.01350402832,
        "dvar2": 17.815290451,
        "max": 21.851978302,
        "mean": 7.35338401794,
        "median": 7.07175111771,
        "min": -0.990229845047,
        "stdev": 5.34971666336,
        "var": 28.619468689
    },
    "barkbands_spread": {
        "dmean": 7.36689376831,
        "dmean2": 11.0526599884,
        "dvar": 129.885055542,
        "dvar2": 221.266784668,
        "max": 92.1248703003,
        "mean": 25.9194793701,
        "median": 5.67851400375,
        "min": 0.30947726965,
        "stdev": 31.2644062042,
        "var": 977.463134766
    },
    "dissonance": {
        "dmean": 0.00854399893433,
        "dmean2": 0.0130391949788,
        "dvar": 9.67298110481e-05,
        "dvar2": 0.000253139500273,
        "max": 0.499510228634,
        "mean": 0.486119240522,
        "median": 0.490940362215,
        "min": 0.440582573414,
        "stdev": 0.0125948200002,
        "var": 0.000158629496582
    },
    "dynamic_complexity": 31.5533924103,
    "erbbands_crest": {
        "dmean": 1.79778587818,
        "dmean2": 2.99791026115,
        "dvar": 3.10768270493,
        "dvar2": 6.97908210754,
        "max": 18.6086826324,
        "mean": 7.81230926514,
        "median": 6.60775709152,
        "min": 2.48877882957,
        "stdev": 4.39223623276,
        "var": 19.2917385101
    },
    "erbbands_flatness_db": {
        "dmean": 0.0122498925775,
        "dmean2": 0.020664036274,
        "dvar": 0.000173115302459,
        "dvar2": 0.00038075260818,
        "max": 0.171282112598,
        "mean": 0.0940297245979,
        "median": 0.0883193686604,
        "min": 0.0402091220021,
        "stdev": 0.0334219560027,
        "var": 0.00111702713184
    },
    "erbbands_kurtosis": {
        "dmean": 1.1474916935,
        "dmean2": 1.98611998558,
        "dvar": 1.62887597084,
        "dvar2": 3.93047952652,
        "max": 5.14099693298,
        "mean": 0.229392200708,
        "median": -0.311326742172,
        "min": -1.83879995346,
        "stdev": 1.73649513721,
        "var": 3.01541519165
    },
    "erbbands_skewness": {
        "dmean": 0.469871938229,
        "dmean2": 0.79014647007,
        "dvar": 0.205260053277,
        "dvar2": 0.50137090683,
        "max": 2.59806799889,
        "mean": -0.0318078137934,
        "median": 0.073152244091,
        "min": -2.1144387722,
        "stdev": 1.17833459377,
        "var": 1.38847231865
    },
    "erbbands_spread": {
        "dmean": 20.3527450562,
        "dmean2": 33.0245094299,
        "dvar": 353.386474609,
        "dvar2": 785.514099121,
        "max": 184.918884277,
        "mean": 95.0688858032,
        "median": 81.2386016846,
        "min": 13.0702972412,
        "stdev": 42.406993866,
        "var": 1798.35314941
    },
    "hfc": {
        "dmean": 23.8635959625,
        "dmean2": 16.9034137726,
        "dvar": 15226.9121094,
        "dvar2": 9621.76953125,
        "max": 1546.94555664,
        "mean": 42.6532592773,
        "median": 0.00365480990149,
        "min": 1.8174521756e-05,
        "stdev": 219.827987671,
        "var": 48324.34375
    },
    "loudness_ebu128": {
        "integrated": -20.8027915955,
        "loudness_range": 0,
        "momentary": {
            "dmean": 5.85214233398,
            "dmean2": 1.79193401337,
            "dvar": 18.5807514191,
            "dvar2": 6.05800104141,
            "max": -17.9774093628,
            "mean": -58.6758117676,
            "median": -61.1071472168,
            "min": -82.3509750366,
            "stdev": 18.4110527039,
            "var": 338.966888428
        },
        "short_term": {
            "dmean": 0,
            "dmean2": 0,
            "dvar": 0,
            "dvar2": 0,
            "max": -26.7280139923,
            "mean": -26.7280139923,
            "median": -26.7280139923,
            "min": -26.7280139923,
            "stdev": 0,
            "var": 0
        }
    },
    "melbands_crest": {
        "dmean": 3.65885138512,
        "dmean2": 5.69050121307,
        "dvar": 10.965215683,
        "dvar2": 22.5720653534,
        "max": 39.6048545837,
        "mean": 26.975276947,
        "median": 26.0890655518,
        "min": 12.8018627167,
        "stdev": 5.78468227386,
        "var": 33.4625511169
    },
    "melbands_flatness_db": {
        "dmean": 0.0440953299403,
        "dmean2": 0.065481595695,
        "dvar": 0.0013527093688,
        "dvar2": 0.00220704171807,
        "max": 0.553975522518,
        "mean": 0.344255924225,
        "median": 0.374238729477,
        "min": 0.0492735728621,
        "stdev": 0.137277960777,
        "var": 0.0188452396542
    },
    "melbands_kurtosis": {
        "dmean": 174.376052856,
        "dmean2": 272.946289062,
        "dvar": 63656.3359375,
        "dvar2": 128052.007812,
        "max": 2331.61474609,
        "mean": 454.309356689,
        "median": 278.283325195,
        "min": -1.15561020374,
        "stdev": 516.464782715,
        "var": 266735.875
    },
    "melbands_skewness": {
        "dmean": 3.12353801727,
        "dmean2": 4.6555557251,
        "dvar": 11.5402965546,
        "dvar2": 18.5715637207,
        "max": 40.840549469,
        "mean": 14.5397176743,
        "median": 13.4521760941,
        "min": 0.781716048717,
        "stdev": 9.40213394165,
        "var": 88.4001235962
    },
    "melbands_spread": {
        "dmean": 7.87657594681,
        "dmean2": 11.0926532745,
        "dvar": 488.057037354,
        "dvar2": 515.12109375,
        "max": 157.665008545,
        "mean": 14.7059288025,
        "median": 1.75150156021,
        "min": 0.140613570809,
        "stdev": 29.3784599304,
        "var": 863.09387207
    },
    "pitch_salience": {
        "dmean": 0.0987857580185,
        "dmean2": 0.145893737674,
        "dvar": 0.00964053999633,
        "dvar2": 0.0214412044734,
        "max": 0.788482308388,
        "mean": 0.253045678139,
        "median": 0.260601222515,
        "min": 0.0229674726725,
        "stdev": 0.147662267089,
        "var": 0.021804144606
    },
    "silence_rate_20dB": {
        "dmean": 0.0153846153989,
        "dmean2": 0.03125,
        "dvar": 0.0151479328051,
        "dvar2": 0.0302734375,
        "max": 1,
        "mean": 0.878787875175,
        "median": 1,
        "min": 0,
        "stdev": 0.326373547316,
        "var": 0.106519684196
    },
    "silence_rate_30dB": {
        "dmean": 0.0153846153989,
        "dmean2": 0.03125,
        "dvar": 0.0151479318738,
        "dvar2": 0.0302734375,
        "max": 1,
        "mean": 0.848484873772,
        "median": 1,
        "min": 0,
        "stdev": 0.358550339937,
        "var": 0.128558337688
    },
    "silence_rate_60dB": {
        "dmean": 0.0153846153989,
        "dmean2": 0.03125,
        "dvar": 0.0151479318738,
        "dvar2": 0.0302734375,
        "max": 1,
        "mean": 0.818181812763,
        "median": 1,
        "min": 0,
        "stdev": 0.385694950819,
        "var": 0.148760601878
    },
    "spectral_centroid": {
        "dmean": 294.021392822,
        "dmean2": 485.53427124,
        "dvar": 171179.78125,
        "dvar2": 303953.6875,
        "max": 3957.04467773,
        "mean": 1653.83642578,
        "median": 1046.79223633,
        "min": 181.031555176,
        "stdev": 1282.40380859,
        "var": 1644559.625
    },
    "spectral_complexity": {
        "dmean": 1.64615380764,
        "dmean2": 2,
        "dvar": 27.5209560394,
        "dvar2": 54.40625,
        "max": 61,
        "mean": 3.04545450211,
        "median": 0,
        "min": 0,
        "stdev": 10.1001577377,
        "var": 102.013183594
    },
    "spectral_decrease": {
        "dmean": 1.67423426234e-08,
        "dmean2": 2.30716352689e-08,
        "dvar": 4.69257523328e-15,
        "dvar2": 7.72511920291e-15,
        "max": -4.1533767569e-17,
        "mean": -3.6606806475e-08,
        "median": -6.24100337382e-12,
        "min": -5.7735496739e-07,
        "stdev": 1.12865080837e-07,
        "var": 1.27385259527e-14
    },
    "spectral_energy": {
        "dmean": 0.0635464414954,
        "dmean2": 0.088610753417,
        "dvar": 0.0650049820542,
        "dvar2": 0.112129345536,
        "max": 2.26456665993,
        "mean": 0.142031162977,
        "median": 2.38864631683e-05,
        "min": 1.80524173388e-09,
        "stdev": 0.435461312532,
        "var": 0.189626544714
    },
    "spectral_energyband_high": {
        "dmean": 0.00290012662299,
        "dmean2": 0.00218684016727,
        "dvar": 0.000254519749433,
        "dvar2": 0.000176571571501,
        "max": 0.188507810235,
        "mean": 0.00474445568398,
        "median": 1.45000200291e-07,
        "min": 1.01043595713e-09,
        "stdev": 0.0267083812505,
        "var": 0.000713337620255
    },
    "spectral_energyband_low": {
        "dmean": 0.0623497068882,
        "dmean2": 0.0905784219503,
        "dvar": 0.0544171184301,
        "dvar2": 0.105350725353,
        "max": 1.74625229836,
        "mean": 0.111558333039,
        "median": 2.34114941122e-05,
        "min": 1.7419019005e-10,
        "stdev": 0.348699718714,
        "var": 0.121591493487
    },
    "spectral_energyband_middle_high": {
        "dmean": 0.00210292055272,
        "dmean2": 0.00130205473397,
        "dvar": 0.000130366359372,
        "dvar2": 7.32910848456e-05,
        "max": 0.13668987155,
        "mean": 0.00338500225917,
        "median": 1.84052755259e-08,
        "min": 1.63768901218e-10,
        "stdev": 0.0189546551555,
        "var": 0.000359278987162
    },
    "spectral_energyband_middle_low": {
        "dmean": 0.00283163739368,
        "dmean2": 0.00304734054953,
        "dvar": 0.000168891463545,
        "dvar2": 0.000309278373607,
        "max": 0.0953501984477,
        "mean": 0.00250498275273,
        "median": 6.92127741786e-08,
        "min": 8.56232307278e-11,
        "stdev": 0.0127688795328,
        "var": 0.000163044285728
    },
    "spectral_entropy": {
        "dmean": 0.156229496002,
        "dmean2": 0.262864112854,
        "dvar": 0.0321155041456,
        "dvar2": 0.0741932988167,
        "max": 8.82925605774,
        "mean": 8.07935523987,
        "median": 7.99238061905,
        "min": 6.94566392899,
        "stdev": 0.554346144199,
        "var": 0.307299643755
    },
    "spectral_flux": {
        "dmean": 0.0245083980262,
        "dmean2": 0.0315324775875,
        "dvar": 0.00458814762533,
        "dvar2": 0.00776790548116,
        "max": 1.07060492039,
        "mean": 0.0867950841784,
        "median": 0.00224444270134,
        "min": 0.000113026013423,
        "stdev": 0.223951265216,
        "var": 0.0501541681588
    },
    "spectral_kurtosis": {
        "dmean": 0.432167351246,
        "dmean2": 0.647038578987,
        "dvar": 0.322470575571,
        "dvar2": 0.617975771427,
        "max": 4.36438274384,
        "mean": 1.22635042667,
        "median": 1.0288374424,
        "min": -0.20255613327,
        "stdev": 1.01111698151,
        "var": 1.02235746384
    },
    "spectral_rms": {
        "dmean": 0.00115968333557,
        "dmean2": 0.00142062769737,
        "dvar": 1.33776993607e-05,
        "dvar2": 2.12634913623e-05,
        "max": 0.047003544867,
        "mean": 0.00450598122552,
        "median": 0.000152516644448,
        "min": 1.3271063608e-06,
        "stdev": 0.010874886997,
        "var": 0.000118263167678
    },
    "spectral_rolloff": {
        "dmean": 1232.69299316,
        "dmean2": 1910.73522949,
        "dvar": 6562255,
        "dvar2": 11028488,
        "max": 20068.9453125,
        "mean": 1437.83056641,
        "median": 96.8994140625,
        "min": 21.533203125,
        "stdev": 3188.79785156,
        "var": 10168432
    },
    "spectral_skewness": {
        "dmean": 0.126219540834,
        "dmean2": 0.189820021391,
        "dvar": 0.0188929289579,
        "dvar2": 0.035162139684,
        "max": 1.9225383997,
        "mean": 0.987410247326,
        "median": 0.974344968796,
        "min": 0.284117639065,
        "stdev": 0.307264059782,
        "var": 0.0944112017751
    },
    "spectral_spread": {
        "dmean": 413358.6875,
        "dmean2": 613494.3125,
        "dvar": 126424637440,
        "dvar2": 260705402880,
        "max": 11288929,
        "mean": 8739568,
        "median": 9940884,
        "min": 3812697,
        "stdev": 2556287.75,
        "var": 6.53460661862e+12
    },
    "spectral_strongpeak": {
        "dmean": 0.115486547351,
        "dmean2": 0.229011908174,
        "dvar": 0.126116096973,
        "dvar2": 0.44716283679,
        "max": 1.52305924892,
        "mean": 0.0720486044884,
        "median": 0.00303023168817,
        "min": 0,
        "stdev": 0.269644379616,
        "var": 0.0727080926299
    },
    "zerocrossingrate": {
        "dmean": 0.0177283659577,
        "dmean2": 0.0245056152344,
        "dvar": 0.000372504582629,
        "dvar2": 0.000876358419191,
        "max": 0.2060546875,
        "mean": 0.0576023906469,
        "median": 0.028076171875,
        "min": 0.0009765625,
        "stdev": 0.0575946681201,
        "var": 0.00331714586355
    },
    "barkbands": {
        "dmean": [0.0303693916649, 0.0394773073494, 0.00719411391765, 0.000568708463106, 0.00245644198731, 0.000122533325339, 3.21372353937e-05, 1.94882541109e-05, 2.16537737288e-05, 2.34413291764e-05, 3.26024528476e-05, 1.02108833744e-05, 2.91030046355e-05, 3.78334989364e-05, 0.000221342968871, 0.000199037982384, 0.000286436406896, 0.000194757565623, 0.0007603194681, 0.00109078665264, 0.00112523278221, 0.000933524977881, 0.00041246242472, 0.00012523852638, 7.56295485189e-05, 6.65329789626e-05, 1.79527505679e-05],
        "dmean2": [0.0261625275016, 0.0512055046856, 0.0105925947428, 0.000680124387145, 0.00311165815219, 0.00016079795023, 5.95953424636e-05, 3.12315969495e-05, 3.61659549526e-05, 2.30589939747e-05, 3.96676405217e-05, 1.18936104627e-05, 1.77562069439e-05, 2.89684721793e-05, 0.000165989360539, 0.000141762706335, 0.000368187756976, 0.000160393421538, 0.000503072224092, 0.00185014889576, 0.000695915310644, 0.000521563575603, 0.000243337199208, 8.87358910404e-05, 5.53373392904e-05, 5.46561677766e-05, 1.40955717143e-05],
        "dvar": [0.0134504837915, 0.0199417173862, 0.00145648641046, 5.21878973814e-06, 0.00014824475511, 3.20817321153e-07, 1.6729517327e-08, 5.31290211825e-09, 6.6391607767e-09, 2.43286457646e-08, 4.35916618358e-08, 2.3096331514e-09, 2.09914734484e-08, 4.85705804465e-08, 1.80027927854e-06, 1.14179169941e-06, 2.99276371152e-06, 1.13653288736e-06, 1.8677479602e-05, 4.20558462793e-05, 3.77250871679e-05, 2.6263674954e-05, 5.09865230924e-06, 5.56475640678e-07, 2.15450924657e-07, 1.94167284917e-07, 1.32237296668e-08],
        "dvar2": [0.0175688434392, 0.0423455797136, 0.00357922562398, 1.00264469438e-05, 0.000317424884997, 7.26125165329e-07, 3.61025662698e-08, 1.47925431904e-08, 1.41480942517e-08, 2.40337261204e-08, 5.06383877052e-08, 2.16738338388e-09, 6.94613344621e-09, 2.35479706845e-08, 8.41386224693e-07, 6.97535085692e-07, 3.91712774217e-06, 8.59841634337e-07, 7.0337850957e-06, 0.000107288833533, 2.15679374378e-05, 1.00224851849e-05, 1.68749886598e-06, 2.4056868142e-07, 9.97314018036e-08, 1.19331005521e-07, 7.26060367384e-09],
        "max": [1.0802410841, 1.13657820225, 0.234336182475, 0.0199596118182, 0.0796094089746, 0.00417451094836, 0.00111191463657, 0.000586004345678, 0.000837306957692, 0.00150372565258, 0.00186030240729, 0.000616684672423, 0.00184709799942, 0.00240907794796, 0.0143692689016, 0.0128447851166, 0.0186156649143, 0.0126581164077, 0.0491333901882, 0.0504218712449, 0.0731400549412, 0.0606790222228, 0.0268097035587, 0.00814029481262, 0.00491580972448, 0.00432448787615, 0.00116676429752],
        "mean": [0.0684603378177, 0.0586557351053, 0.00429928069934, 0.000627655535936, 0.00161297805607, 0.000122024779557, 6.32630399195e-05, 2.48308078881e-05, 3.51689450326e-05, 3.3894484659e-05, 4.01875513489e-05, 2.21972750296e-05, 4.88177356601e-05, 5.42912639503e-05, 0.000294184137601, 0.000324980355799, 0.000536664272659, 0.00033145834459, 0.00105756439734, 0.00125271908473, 0.00178466236684, 0.00138190540019, 0.000603467051405, 0.000165612058481, 9.57588345045e-05, 7.81683629612e-05, 2.18002351176e-05],
        "median": [9.73353053269e-07, 1.91735962289e-05, 2.88905152956e-06, 1.97074676578e-08, 2.18250413297e-08, 5.59886270679e-09, 2.28675278713e-09, 1.2943826011e-09, 2.21339702122e-09, 7.03298752569e-10, 8.28343449388e-10, 7.67379937372e-10, 7.77137354468e-10, 9.85495463013e-10, 1.09432063411e-09, 1.30233901441e-09, 1.83418502608e-09, 2.40961295361e-09, 3.6207215004e-09, 5.66028734994e-09, 1.13244595923e-08, 1.40886751154e-08, 3.06793594973e-08, 3.51832483148e-08, 2.34542536504e-08, 1.46912650933e-08, 8.61721716205e-09],
        "min": [1.83075249405e-10, 7.14095796384e-11, 5.49444821238e-12, 7.57892533454e-12, 1.97220781373e-11, 2.56144567362e-11, 2.68699680561e-11, 4.84754120525e-12, 9.0495655674e-13, 4.35965803389e-12, 6.07698483548e-12, 1.63248546625e-11, 1.28388740611e-11, 1.68088650637e-11, 1.05650505705e-11, 7.24124102694e-12, 1.27543253736e-11, 2.21374689413e-11, 4.64867276617e-11, 2.20299906789e-11, 5.92612556249e-11, 9.94315879632e-11, 7.32600508035e-11, 1.28671073796e-10, 1.43403164343e-10, 2.05336470049e-10, 3.12442460793e-10],
        "stdev": [0.201333582401, 0.196660131216, 0.0288101863116, 0.00281064072624, 0.00999591592699, 0.000541661574971, 0.000221835711272, 8.54527388583e-05, 0.000128926243633, 0.000187320038094, 0.000229710276471, 0.000100829041912, 0.000250052573392, 0.00030574950506, 0.00181714165956, 0.00181126687676, 0.00285725202411, 0.00181249575689, 0.00636357115582, 0.00711154891178, 0.0101521266624, 0.00808490440249, 0.00353075913154, 0.00103490159381, 0.000620968348812, 0.000536286504939, 0.000145656304085],
        "var": [0.0405352115631, 0.0386752076447, 0.000830026867334, 7.89970181359e-06, 9.99183321255e-05, 2.93397249607e-07, 4.92110814321e-08, 7.30217086797e-09, 1.6621976684e-08, 3.50887958689e-08, 5.27668078121e-08, 1.01664960894e-08, 6.2526282818e-08, 9.34827539822e-08, 3.30200373355e-06, 3.28068767885e-06, 8.16388910607e-06, 3.28514101966e-06, 4.04950369557e-05, 5.05741300003e-05, 0.000103065671283, 6.53656752547e-05, 1.24662601593e-05, 1.07102130187e-06, 3.85601680364e-07, 2.87603199922e-07, 2.12157598156e-08]
    },
    "erbbands": {
        "dmean": [2.93359231949, 6.62191915512, 10.2645950317, 2.52690410614, 6.88174152374, 7.42744064331, 2.08806061745, 0.768404841423, 0.48035132885, 0.472253292799, 0.274810880423, 0.428569018841, 0.975459575653, 0.558187127113, 1.09395515919, 0.507886469364, 1.1021374464, 1.81280136108, 5.02652549744, 13.3746061325, 10.2478752136, 13.6541099548, 13.0519866943, 18.4454689026, 50.2880439758, 47.2400016785, 47.7376365662, 64.1745071411, 36.1757850647, 16.8104476929, 12.4516096115, 3.82756972313, 1.70359504223, 0.979181408882, 0.548958003521, 0.341306298971, 0.104070276022, 0.013664570637, 0.00320853525773, 0.000237702872255],
        "dmean2": [4.92861318588, 6.0992193222, 12.3599119186, 2.47150659561, 8.61664295197, 9.19735431671, 2.423422575, 0.989419937134, 0.845185220242, 0.585947930813, 0.4702681005, 0.71835899353, 1.19733774662, 0.574105381966, 1.27310061455, 0.315389722586, 0.849668502808, 1.29061591625, 3.91343545914, 8.848944664, 8.94890213013, 20.8075141907, 8.61406517029, 10.3396053314, 29.6417675018, 80.0527038574, 80.0267715454, 45.9946746826, 23.0099697113, 18.99974823, 8.40175247192, 2.37613272667, 1.35396313667, 0.711354374886, 0.431433171034, 0.277638554573, 0.0848653689027, 0.00979784689844, 0.0026679278817, 0.000195940010599],
        "dvar": [100.293647766, 599.236022949, 2494.87719727, 125.653610229, 1136.21362305, 1326.42993164, 92.4692230225, 10.7023448944, 3.42548584938, 2.75890469551, 0.978077709675, 2.39624238014, 30.6521816254, 13.6611223221, 52.0012130737, 4.66868686676, 29.32929039, 98.5414047241, 901.740234375, 5894.77587891, 3153.97827148, 7882.98242188, 4894.60498047, 10380.1650391, 77118.1484375, 78608.46875, 78498.6875, 149163.65625, 41869.2070312, 9833.47851562, 5153.77148438, 458.062438965, 120.379768372, 35.778968811, 12.4051980972, 5.03573989868, 0.469907552004, 0.00687668705359, 0.000456792418845, 1.52543611875e-06],
        "dvar2": [319.03729248, 918.138671875, 5174.04541016, 157.595916748, 2423.89550781, 2781.11621094, 183.742034912, 23.1852226257, 7.4627995491, 5.00620651245, 2.47287130356, 5.13673877716, 35.4922027588, 13.0740613937, 52.6482276917, 1.48469567299, 17.6237373352, 41.3599319458, 441.446624756, 2284.77880859, 2474.59887695, 12455.1103516, 3005.88476562, 4167.40380859, 30012.1152344, 199705.234375, 201083, 67182.2890625, 15176.7412109, 11103.8261719, 2033.2364502, 160.608047485, 69.6119613647, 16.3159141541, 6.81629037857, 3.01730918884, 0.283346235752, 0.0030477589462, 0.000292799260933, 6.9057307428e-07],
        "max": [74.2803497314, 208.285858154, 334.282318115, 86.2828063965, 223.490539551, 241.501586914, 67.9106826782, 25.7892570496, 16.4675559998, 19.2515087128, 9.62833499908, 15.9328527451, 55.5098228455, 35.3931770325, 70.1624450684, 32.0939292908, 70.070274353, 114.782218933, 322.288726807, 865.904541016, 666.106506348, 887.516662598, 848.378295898, 1198.21081543, 3251.79907227, 2194.45117188, 2176.39111328, 4171.33935547, 2351.42358398, 1092.67114258, 809.343566895, 248.785293579, 110.730316162, 63.6448898315, 35.6812400818, 22.1841945648, 6.76441717148, 0.888109385967, 0.208463609219, 0.0152560407296],
        "mean": [3.49153280258, 6.78654670715, 7.26801156998, 2.95038986206, 4.68164491653, 5.06073713303, 1.72026264668, 0.890526354313, 0.890784084797, 0.835200250149, 0.527891397476, 0.723165988922, 1.41653251648, 0.792901039124, 1.61078882217, 1.07112705708, 2.05131721497, 2.76875400543, 6.84161233902, 18.5397434235, 17.6130371094, 26.9488048553, 21.8957118988, 27.254196167, 73.2959213257, 55.0243682861, 53.9305648804, 84.3215332031, 50.9056816101, 29.6211280823, 17.1584033966, 5.4582285881, 2.0786883831, 1.2468405962, 0.665268063545, 0.403779894114, 0.122918069363, 0.0174991395324, 0.00379312667064, 0.00043007908971],
        "median": [0.000563368899748, 0.00343046267517, 0.00601168256253, 0.000750619336031, 0.000109742126369, 0.000113470596261, 4.86080571136e-05, 3.93944974348e-05, 3.3366286516e-05, 3.38599420502e-05, 3.685406773e-05, 5.60654807487e-05, 4.20321266574e-05, 2.96039670502e-05, 3.22101113852e-05, 3.10541072395e-05, 3.91124849557e-05, 4.71323510283e-05, 5.35345570825e-05, 5.23098133272e-05, 7.38235466997e-05, 0.000109381522634, 0.000121526885778, 0.00014692429977, 0.000237604472204, 0.000251504941843, 0.000414621637901, 0.000490281847306, 0.000372945331037, 0.000790012185462, 0.000928092747927, 0.000842838780954, 0.000484230404254, 0.000269450480118, 0.000159894843819, 7.37584123272e-05, 2.42027454078e-05, 7.06900391378e-06, 1.31400918235e-06, 1.46689245639e-07],
        "min": [3.89771903642e-09, 1.06977031678e-08, 2.56377568064e-08, 2.12425010915e-08, 4.3889578194e-08, 6.38980424128e-08, 1.42407571957e-07, 2.16606792947e-07, 3.43736274999e-07, 3.43581575635e-07, 7.24433064647e-08, 2.04342995858e-08, 3.99375679194e-08, 2.74181218174e-07, 3.82501639251e-07, 5.90186516547e-07, 5.27435759068e-07, 1.00864042452e-06, 6.35304616026e-07, 3.79425500796e-07, 4.74354038715e-07, 9.3859654271e-07, 1.29201453092e-06, 1.12491886739e-06, 2.63892093244e-06, 1.1892486782e-06, 1.92733614313e-06, 2.39022983806e-06, 3.82087864637e-06, 3.43588453688e-06, 1.5455019593e-06, 2.57193164543e-06, 2.23211645789e-06, 1.76655453288e-06, 9.31884812871e-07, 6.57346788557e-07, 4.49271936986e-07, 1.521187869e-07, 3.45250299461e-08, 6.20441120702e-09],
        "stdev": [11.2777376175, 29.9591503143, 42.7368583679, 13.6601247787, 28.1598892212, 30.5369243622, 8.85360431671, 3.50446128845, 3.0166220665, 3.07629609108, 1.69687712193, 2.53261017799, 7.0767660141, 4.38832759857, 8.7553768158, 4.84865093231, 10.081782341, 14.8737297058, 40.6926078796, 112.042526245, 96.6160430908, 142.317337036, 119.110229492, 159.853027344, 431.305358887, 310.429443359, 304.3699646, 528.768737793, 305.212249756, 163.9737854, 103.781181335, 32.4860572815, 13.7944698334, 8.04968833923, 4.45364236832, 2.75488376617, 0.839727163315, 0.112601578236, 0.0258089136332, 0.00201046699658],
        "var": [127.1873703, 897.55065918, 1826.43896484, 186.599014282, 792.979309082, 932.503723145, 78.3863143921, 12.2812480927, 9.10000896454, 9.46359729767, 2.87939190865, 6.41411447525, 50.0806159973, 19.2574176788, 76.6566314697, 23.5094146729, 101.642341614, 221.227828979, 1655.88818359, 12553.5283203, 9334.66015625, 20254.2226562, 14187.2470703, 25552.9882812, 186024.3125, 96366.4453125, 92641.0703125, 279596.40625, 93154.515625, 26887.4042969, 10770.5332031, 1055.34399414, 190.287399292, 64.7974853516, 19.8349304199, 7.58938503265, 0.705141723156, 0.0126791149378, 0.000666100007948, 4.04197726311e-06]
    },
    "gfcc": {
        "mean": [-433.446594238, 26.7142047882, -37.8673973083, 62.1849327087, -29.6247577667, 26.822101593, -10.5997629166, 15.1289396286, -3.34569549561, 6.45226097107, -6.46766328812, 3.17689394951, -7.48839616776],
        "cov": [[50982.4492188, 9100.76074219, -4459.85058594, 3398.74511719, -138.697372437, -1428.15234375, 841.158508301, -1385.04638672, 961.57989502, -623.933837891, 576.059326172, 10.9134807587, 889.731994629], [9100.76074219, 3122.29296875, -564.276245117, 652.784362793, -82.389755249, -332.260040283, 152.196395874, -298.157897949, 199.194946289, -171.094924927, 195.513458252, -33.4537658691, 164.757629395], [-4459.85058594, -564.276245117, 1136.06811523, 164.794143677, 112.087219238, 414.298217773, -93.7443847656, 247.051559448, -151.484359741, 36.2400512695, -118.645637512, -24.0660953522, -155.674499512], [3398.74511719, 652.784362793, 164.794143677, 658.606262207, 116.071525574, 143.799316406, 111.616409302, -7.37170696259, 62.3419380188, -56.7578887939, 24.0314044952, -12.8232078552, 32.73802948], [-138.697372437, -82.389755249, 112.087219238, 116.071525574, 81.9168243408, 82.1276931763, 57.5179519653, 25.2181892395, 20.4922618866, -0.611626148224, 4.88252830505, -2.54808831215, -0.348526984453], [-1428.15234375, -332.260040283, 414.298217773, 143.799316406, 82.1276931763, 231.569839478, 8.61114692688, 119.880737305, -36.7945480347, 14.4495067596, -48.9979286194, -8.92345428467, -51.7362251282], [841.158508301, 152.196395874, -93.7443847656, 111.616409302, 57.5179519653, 8.61114692688, 118.31312561, -15.9505596161, 89.9170150757, -14.7750806808, 53.0850982666, 4.07382917404, 45.3971710205], [-1385.04638672, -298.157897949, 247.051559448, -7.37170696259, 25.2181892395, 119.880737305, -15.9505596161, 110.545776367, -20.8055915833, 30.1748561859, -39.0438499451, -4.55001831055, -40.5877037048], [961.57989502, 199.194946289, -151.484359741, 62.3419380188, 20.4922618866, -36.7945480347, 89.9170150757, -20.8055915833, 119.213340759, 7.69352960587, 69.7518005371, 8.18948841095, 57.4493713379], [-623.933837891, -171.094924927, 36.2400512695, -56.7578887939, -0.611626148224, 14.4495067596, -14.7750806808, 30.1748561859, 7.69352960587, 44.8183288574, 5.46928596497, 6.501953125, -11.529086113], [576.059326172, 195.513458252, -118.645637512, 24.0314044952, 4.88252830505, -48.9979286194, 53.0850982666, -39.0438499451, 69.7518005371, 5.46928596497, 78.3307723999, 19.0810375214, 42.4741172791], [10.9134807587, -33.4537658691, -24.0660953522, -12.8232078552, -2.54808831215, -8.92345428467, 4.07382917404, -4.55001831055, 8.18948841095, 6.501953125, 19.0810375214, 26.0781173706, 14.7718954086], [889.731994629, 164.757629395, -155.674499512, 32.73802948, -0.348526984453, -51.7362251282, 45.3971710205, -40.5877037048, 57.4493713379, -11.529086113, 42.4741172791, 14.7718954086, 53.4946594238]],
        "icov": [[0.000328018766595, -0.000417016504798, 0.00131871365011, -0.00190113519784, 0.000448643229902, 0.000288211274892, 0.00025353897945, 0.000680377008393, -0.00127189373598, -0.000383488863008, 0.00252755172551, -0.00226783263497, 0.00131513236556], [-0.000417016504798, 0.00169097993057, -0.00226855487563, 0.00087528268341, 0.00207709684037, 0.00197907281108, -0.0010851805564, -0.00100599694997, 0.00151183072012, 0.00257235299796, -0.00554780988023, 0.00532429432496, -0.00145887129474], [0.00131871365011, -0.00226855487563, 0.0102497702464, -0.00691578444093, -0.00379501259886, -0.00542609533295, 0.00907045416534, -0.00122850353364, -0.00653489632532, 0.00297680892982, 0.00582015234977, -0.0105318799615, 0.0111586665735], [-0.00190113519784, 0.00087528268341, -0.00691578444093, 0.0162301603705, -0.00843541696668, -0.00858215708286, 0.00202221167274, -0.000513467995916, 0.00369848753326, 0.003803642001, -0.0117300916463, 0.0105517320335, -0.00834704004228], [0.000448643229902, 0.00207709684037, -0.00379501259886, -0.00843541696668, 0.0560355298221, -0.00304277311079, -0.0402833111584, 0.0128260627389, 0.0125321168453, -0.0179586037993, 0.00701361475512, 0.00466760573909, -0.0025878357701], [0.000288211274892, 0.00197907281108, -0.00542609533295, -0.00858215708286, -0.00304277311079, 0.0361225269735, -0.0113514494151, -0.0175850931555, 0.00865764077753, -0.000744155142456, 0.00204019621015, 0.000792617269326, -0.0015177509049], [0.00025353897945, -0.0010851805564, 0.00907045416534, 0.00202221167274, -0.0402833111584, -0.0113514494151, 0.0693320035934, -0.00626986520365, -0.0405192859471, 0.0376033298671, -0.0127219986171, -0.00657570175827, 0.0129844499752], [0.000680377008393, -0.00100599694997, -0.00122850353364, -0.000513467995916, 0.0128260627389, -0.0175850931555, -0.00626986520365, 0.0477058291435, -0.0206033904105, -0.0162139572203, 0.0277888197452, -0.0162723474205, 0.0141758341342], [-0.00127189373598, 0.00151183072012, -0.00653489632532, 0.00369848753326, 0.0125321168453, 0.00865764077753, -0.0405192859471, -0.0206033904105, 0.0771657302976, -0.0342264585197, -0.0302573759109, 0.0431848205626, -0.05572200194], [-0.000383488863008, 0.00257235299796, 0.00297680892982, 0.003803642001, -0.0179586037993, -0.000744155142456, 0.0376033298671, -0.0162139572203, -0.0342264585197, 0.0714713335037, -0.0228690449148, -0.0118538215756, 0.0333319194615], [0.00252755172551, -0.00554780988023, 0.00582015234977, -0.0117300916463, 0.00701361475512, 0.00204019621015, -0.0127219986171, 0.0277888197452, -0.0302573759109, -0.0228690449148, 0.0772830620408, -0.0489342920482, 0.0127792879939], [-0.00226783263497, 0.00532429432496, -0.0105318799615, 0.0105517320335, 0.00466760573909, 0.000792617269326, -0.00657570175827, -0.0162723474205, 0.0431848205626, -0.0118538215756, -0.0489342920482, 0.0992677584291, -0.0592448785901], [0.00131513236556, -0.00145887129474, 0.0111586665735, -0.00834704004228, -0.0025878357701, -0.0015177509049, 0.0129844499752, 0.0141758341342, -0.05572200194, 0.0333319194615, 0.0127792879939, -0.0592448785901, 0.110384173691]]
    },
    "melbands": {
        "dmean": [0.0172839853913, 0.00476723071188, 0.00060904584825, 0.000595637713559, 9.99601688818e-05, 1.74715860339e-05, 7.69906091591e-06, 4.77842377222e-06, 1.89102604509e-06, 3.11500662065e-06, 4.93972675031e-06, 2.06228992283e-06, 4.34612593381e-06, 1.56785870331e-06, 1.09688971861e-06, 3.52232336809e-06, 3.32823901772e-06, 4.88451678393e-06, 2.21908794629e-05, 1.30094949782e-05, 1.17592735478e-05, 1.37723609441e-05, 2.27458149311e-05, 7.79072615842e-06, 1.39178000609e-05, 3.19751088682e-05, 3.41033301083e-05, 3.71043279301e-05, 3.72475769836e-05, 1.61226180353e-05, 4.50412699138e-05, 2.48539708991e-05, 1.01538280433e-05, 8.28803331387e-06, 8.277197594e-06, 4.24707104685e-06, 1.67641223925e-06, 9.70203359429e-07, 1.14865395062e-06, 7.6283964745e-07],
        "dmean2": [0.0259668715298, 0.00536687811837, 0.000617459008936, 0.000728324579541, 0.000122133351397, 2.29953111557e-05, 1.33610665216e-05, 6.51471191304e-06, 2.96246003018e-06, 5.25977702637e-06, 6.01176043347e-06, 2.05766514227e-06, 5.18550950801e-06, 1.15074544738e-06, 1.23141307995e-06, 2.30526370615e-06, 2.38593861468e-06, 4.02791010856e-06, 1.6407106159e-05, 1.03229867818e-05, 1.02608792076e-05, 2.49810982496e-05, 1.18223370009e-05, 7.12103837941e-06, 7.53726135372e-06, 2.27563905355e-05, 3.60413832823e-05, 5.93761615164e-05, 6.03850203333e-05, 2.53682574112e-05, 3.50114278262e-05, 1.75018740265e-05, 1.54280714924e-05, 7.67211531638e-06, 6.03766648055e-06, 2.83764165943e-06, 9.71648432824e-07, 7.66063692481e-07, 9.26605366658e-07, 5.41905421869e-07],
        "dvar": [0.00368988118134, 0.000493253755849, 7.55114979256e-06, 8.49304160511e-06, 2.24694588269e-07, 5.95694560346e-09, 8.61473892222e-10, 2.88533891224e-10, 4.55407309086e-11, 1.2355948209e-10, 8.01711363962e-10, 1.86728993379e-10, 8.17940715159e-10, 4.91631665933e-11, 2.10899370884e-11, 3.24526155948e-10, 3.25216686914e-10, 8.71181127238e-10, 1.80699402108e-08, 5.22807708236e-09, 4.07884881426e-09, 8.22709012027e-09, 1.44919782841e-08, 1.93539873017e-09, 5.84994097608e-09, 3.58194220951e-08, 3.9306979005e-08, 4.34149320938e-08, 4.46065229198e-08, 1.18056640019e-08, 8.12712528386e-08, 2.173634428e-08, 4.46378267682e-09, 2.16826467891e-09, 2.47661846586e-09, 6.03902872154e-10, 8.35482030781e-11, 3.86395221375e-11, 5.62286883721e-11, 2.12250685777e-11],
        "dvar2": [0.0089735519141, 0.000577413884457, 1.32783570734e-05, 1.75409932126e-05, 4.69833111083e-07, 1.33879431985e-08, 2.06494754629e-09, 5.83762982398e-10, 8.86141993117e-11, 2.7940705305e-10, 9.37598110262e-10, 1.77317924233e-10, 9.08558339674e-10, 2.06393305224e-11, 1.81430877266e-11, 1.1365937358e-10, 1.40494657574e-10, 4.93517893219e-10, 8.28871282721e-09, 3.85816889548e-09, 3.13907522198e-09, 1.85611170878e-08, 6.00533889283e-09, 1.70943548206e-09, 2.45840148239e-09, 1.51826320405e-08, 4.07315603468e-08, 1.13410052904e-07, 1.16489474067e-07, 1.94143829901e-08, 4.47397354719e-08, 9.34185617751e-09, 6.97592206222e-09, 1.89187265853e-09, 1.20358656375e-09, 2.3452051412e-10, 2.88038065621e-11, 2.20336717621e-11, 3.32144450832e-11, 9.23812849135e-12],
        "max": [0.508421421051, 0.153547108173, 0.0203546099365, 0.0193423070014, 0.00325354165398, 0.000601832929533, 0.000260950211668, 0.000190142047359, 7.71906634327e-05, 0.000108976651973, 0.00027993239928, 0.000129906198708, 0.000259711348917, 9.98533869279e-05, 6.45589461783e-05, 0.000220645102672, 0.000207369361306, 0.00030956507544, 0.00144219980575, 0.000836791470647, 0.000764345168136, 0.00077052670531, 0.00147846783511, 0.000506172887981, 0.000903348962311, 0.00207303487696, 0.00220021861605, 0.00149637041613, 0.00154938583728, 0.00104796758387, 0.00292767980136, 0.00161530566402, 0.000659987446852, 0.000538709107786, 0.000538011081517, 0.000276053295238, 0.000108955173346, 6.30603681202e-05, 7.46594232623e-05, 4.95822205266e-05],
        "mean": [0.027933999896, 0.00521577754989, 0.000561453751288, 0.000403698417358, 7.70196493249e-05, 1.99820860871e-05, 1.380251706e-05, 8.32367368275e-06, 4.24562131229e-06, 4.85236569148e-06, 7.00742566551e-06, 2.87004922939e-06, 5.63601633985e-06, 3.26633698933e-06, 2.52324548455e-06, 5.49615333512e-06, 4.98951112604e-06, 6.65786865284e-06, 2.93552147923e-05, 2.08327692235e-05, 2.04106163437e-05, 2.2859303499e-05, 3.65977939509e-05, 1.32244813358e-05, 2.07731281989e-05, 4.27266240877e-05, 5.77096179768e-05, 3.27077214024e-05, 3.50727095793e-05, 3.10354043904e-05, 5.63956382393e-05, 3.31811352225e-05, 1.94396470761e-05, 1.40710426422e-05, 1.09932771011e-05, 5.8116152104e-06, 2.47916068474e-06, 1.19097455809e-06, 1.37318920679e-06, 9.82372512226e-07],
        "median": [5.27493102709e-06, 3.58804709322e-06, 1.20926983982e-07, 6.48392894931e-09, 2.29831997878e-09, 8.65574723008e-10, 4.94453700206e-10, 3.19564458229e-10, 3.05132752398e-10, 3.68690245001e-10, 1.95938820724e-10, 1.12364839655e-10, 1.08611244998e-10, 9.39252287058e-11, 8.46333697568e-11, 7.72105435143e-11, 9.42702860218e-11, 8.61171134403e-11, 7.4427644603e-11, 7.05119226896e-11, 9.38194383293e-11, 1.12673065322e-10, 1.11226854116e-10, 1.06013461898e-10, 1.14628681547e-10, 1.60270755001e-10, 1.8581144956e-10, 1.50728957093e-10, 2.21608426054e-10, 2.33149777262e-10, 2.79567036188e-10, 1.64780883383e-10, 3.58293339442e-10, 4.85628703917e-10, 5.08939612676e-10, 5.42151323835e-10, 4.86367390806e-10, 3.52866624809e-10, 2.56594745451e-10, 2.37746433651e-10],
        "min": [3.63326417563e-11, 1.30303649815e-11, 4.59330056629e-12, 3.74123388519e-12, 4.5949936564e-12, 5.06813384663e-12, 5.38885602808e-12, 3.12118972161e-12, 4.48125098227e-13, 9.30108786756e-14, 1.95317313755e-13, 1.08541810522e-12, 9.38801879118e-13, 2.22766683572e-12, 7.4805201096e-13, 1.58106817569e-12, 1.812509344e-12, 1.02874295454e-12, 6.16138379466e-13, 3.63578660451e-13, 5.71701757116e-13, 8.15766941845e-13, 1.36225926373e-12, 9.22255544503e-13, 8.03743573433e-13, 2.02229162236e-12, 1.26276831873e-12, 6.89314219853e-13, 1.14957620246e-12, 1.40842242383e-12, 1.24981741536e-12, 1.80817372793e-12, 2.39842065479e-12, 1.980731551e-12, 8.40516566937e-13, 9.53625524901e-13, 1.82820598937e-12, 1.37906201216e-12, 1.68051618628e-12, 1.38667484613e-12],
        "stdev": [0.0871068462729, 0.0251963790506, 0.00280904886313, 0.00245383894071, 0.000415841757786, 8.04504088592e-05, 4.66799101559e-05, 2.95915051538e-05, 1.38437835631e-05, 1.73119406099e-05, 3.5559067328e-05, 1.6078376575e-05, 3.20907347486e-05, 1.51908270709e-05, 1.05600802272e-05, 2.9309085221e-05, 2.68360145128e-05, 3.88185835618e-05, 0.000182570118341, 0.000118198477139, 0.000111282293801, 0.000121783690702, 0.000200956157641, 7.31048057787e-05, 0.000121338154713, 0.000264198839432, 0.000323667773046, 0.000194993728655, 0.000205315518542, 0.000168902421137, 0.000365974585293, 0.000205599470064, 0.000105833889393, 7.84091826063e-05, 6.80022931192e-05, 3.54688527295e-05, 1.44627520058e-05, 7.86370401329e-06, 9.28159988689e-06, 6.29686473985e-06],
        "var": [0.0075876028277, 0.000634857511614, 7.8907551142e-06, 6.02132558924e-06, 1.72924359276e-07, 6.47226805484e-09, 2.17901408028e-09, 8.75657157895e-10, 1.91650348369e-10, 2.99703289963e-10, 1.2644472136e-09, 2.58514210039e-10, 1.02981534411e-09, 2.30761215692e-10, 1.11515290058e-10, 8.59022519784e-10, 7.20171644542e-10, 1.50688250766e-09, 3.33318475043e-08, 1.39708795643e-08, 1.23837491373e-08, 1.48312677695e-08, 4.03833766427e-08, 5.34431254806e-09, 1.47229481939e-08, 6.98010325095e-08, 1.04760822239e-07, 3.80225522179e-08, 4.21544648077e-08, 2.85280297163e-08, 1.33937405167e-07, 4.22711394776e-08, 1.12008118336e-08, 6.14799944287e-09, 4.62431160031e-09, 1.25803956141e-09, 2.09171208132e-10, 6.18378404038e-11, 8.61480886627e-11, 3.96505051015e-11]
    },
    "melbands128": {
