{
"lowlevel": {
    "average_loudness": 0.99068403244,
    "barkbands_crest": {
        "dmean": 2.49556589127,
        "dmean2": 2.52638697624,
        "dvar": 9.63170337677,
        "dvar2": 6.39434766769,
        "max": 26.6396713257,
        "mean": 14.1737613678,
        "median": 10.3534126282,
        "min": 3.0534927845,
        "stdev": 8.82343292236,
        "var": 77.852973938
    },
    "barkbands_flatness_db": {
        "dmean": 0.0476769134402,
        "dmean2": 0.0517591424286,
        "dvar": 0.00236180820502,
        "dvar2": 0.000933716830332,
        "max": 0.501180708408,
        "mean": 0.274168550968,
        "median": 0.216377258301,
        "min": 0.0578151941299,
        "stdev": 0.162675470114,
        "var": 0.0264633074403
    },
    "barkbands_kurtosis": {
        "dmean": 50.2107391357,
        "dmean2": 74.9470672607,
        "dvar": 5509.14599609,
        "dvar2": 7211.86621094,
        "max": 447.344818115,
        "mean": 118.234321594,
        "median": 3.39955091476,
        "min": -1.54589009285,
        "stdev": 166.624923706,
        "var": 27763.8632812
    },
    "barkbands_skewness": {
        "dmean": 2.41544747353,
        "dmean2": 2.65220236778,
        "dvar": 6.9701757431,
        "dvar2": 4.62166452408,
        "max": 20.964849472,
        "mean": 6.18168020248,
        "median": 0.2186178267,
        "min": -2.2167904377,
        "stdev": 8.76269817352,
        "var": 76.7848815918
    },
    "barkbands_spread": {
        "dmean": 15.5055408478,
        "dmean2": 23.8806877136,
        "dvar": 633.2734375,
        "dvar2": 1124.71606445,
        "max": 120.844100952,
        "mean": 51.1496124268,
        "median": 43.9604187012,
        "min": 1.19423115253,
        "stdev": 47.7648010254,
        "var": 2281.47631836
    },
    "dissonance": {
        "dmean": 0.00947486050427,
        "dmean2": 0.0116550354287,
        "dvar": 0.000594012672082,
        "dvar2": 0.000739383802284,
        "max": 0.499406933784,
        "mean": 0.488439530134,
        "median": 0.497988373041,
        "min": 0.377838164568,
        "stdev": 0.0255979914218,
        "var": 0.000655257201288
    },
    "dynamic_complexity": 10.8935813904,
    "erbbands_crest": {
        "dmean": 2.5606136322,
        "dmean2": 3.02354693413,
        "dvar": 5.4560842514,
        "dvar2": 4.154961586,
        "max": 24.2060108185,
        "mean": 10.8480186462,
        "median": 7.34642982483,
        "min": 3.6706867218,
        "stdev": 7.18954658508,
        "var": 51.68957901
    },
    "erbbands_flatness_db": {
        "dmean": 0.0260534733534,
        "dmean2": 0.0322414860129,
        "dvar": 0.00045146048069,
        "dvar2": 0.00104436685797,
        "max": 0.217283338308,
        "mean": 0.154686376452,
        "median": 0.157558843493,
        "min": 0.0743742063642,
        "stdev": 0.0431954972446,
        "var": 0.00186585111078
    },
    "erbbands_kurtosis": {
        "dmean": 2.43696022034,
        "dmean2": 3.87798190117,
        "dvar": 8.14482593536,
        "dvar2": 20.5281352997,
        "max": 10.6194458008,
        "mean": 2.48067116737,
        "median": 0.661183476448,
        "min": -1.83080613613,
        "stdev": 3.66304802895,
        "var": 13.4179201126
    },
    "erbbands_skewness": {
        "dmean": 0.604892909527,
        "dmean2": 0.780483603477,
        "dvar": 0.242492154241,
        "dvar2": 0.436306804419,
        "max": 2.97373175621,
        "mean": 0.206307411194,
        "median": -0.476807802916,
        "min": -2.4299685955,
        "stdev": 1.55220282078,
        "var": 2.40933346748
    },
    "erbbands_spread": {
        "dmean": 25.2920417786,
        "dmean2": 40.5792808533,
        "dvar": 1582.9609375,
        "dvar2": 2597.21582031,
        "max": 215.441925049,
        "mean": 70.2100753784,
        "median": 41.887512207,
        "min": 14.8171758652,
        "stdev": 60.0438652039,
        "var": 3605.26586914
    },
    "hfc": {
        "dmean": 3.25523424149,
        "dmean2": 2.35779047012,
        "dvar": 33.8593635559,
        "dvar2": 12.6846179962,
        "max": 64.9757537842,
        "mean": 9.64114093781,
        "median": 1.92695975304,
        "min": 6.9052219942e-07,
        "stdev": 17.9004745483,
        "var": 320.427001953
    },
    "loudness_ebu128": {
        "integrated": -15.8856363297,
        "loudness_range": 0,
        "momentary": {
            "dmean": 5.93586730957,
            "dmean2": 0,
            "dvar": 0,
            "dvar2": 0,
            "max": -13.8615169525,
            "mean": -16.8294506073,
            "median": -16.8294506073,
            "min": -19.7973842621,
            "stdev": 2.96793365479,
            "var": 8.80862998962
        },
        "short_term": {
            "dmean": 0,
            "dmean2": 0,
            "dvar": 0,
            "dvar2": 0,
            "max": -22.6121292114,
            "mean": -22.6121292114,
            "median": -22.6121292114,
            "min": -22.6121292114,
            "stdev": 0,
            "var": 0
        }
    },
    "melbands_crest": {
        "dmean": 3.8295404911,
        "dmean2": 4.16919898987,
        "dvar": 16.5345001221,
        "dvar2": 17.1114749908,
        "max": 36.5860137939,
        "mean": 23.6924304962,
        "median": 25.3777980804,
        "min": 3.44524049759,
        "stdev": 10.0819654465,
        "var": 101.646026611
    },
    "melbands_flatness_db": {
        "dmean": 0.0635759234428,
        "dmean2": 0.0493640862405,
        "dvar": 0.00429386971518,
        "dvar2": 0.0016436498845,
        "max": 0.635527193546,
        "mean": 0.314957261086,
        "median": 0.245834901929,
        "min": 0.0188682414591,
        "stdev": 0.237140759826,
        "var": 0.0562357418239
    },
    "melbands_kurtosis": {
        "dmean": 282.272155762,
        "dmean2": 295.518829346,
        "dvar": 156348.375,
        "dvar2": 135521.140625,
        "max": 2961.94750977,
        "mean": 655.059875488,
        "median": 27.7033023834,
        "min": -1.81335103512,
        "stdev": 927.559692383,
        "var": 860366.9375
    },
    "melbands_skewness": {
        "dmean": 4.73926544189,
        "dmean2": 5.53033733368,
        "dvar": 39.6413383484,
        "dvar2": 43.9955101013,
        "max": 43.1952362061,
        "mean": 12.4503660202,
        "median": 4.96440792084,
        "min": -0.499659061432,
        "stdev": 14.4618682861,
        "var": 209.145645142
    },
    "melbands_spread": {
        "dmean": 22.9848861694,
        "dmean2": 25.8586540222,
        "dvar": 836.416870117,
        "dvar2": 846.549438477,
        "max": 259.183990479,
        "mean": 84.7519226074,
        "median": 50.5626029968,
        "min": 0.217216014862,
        "stdev": 91.6918640137,
        "var": 8407.39746094
    },
    "pitch_salience": {
        "dmean": 0.0892099365592,
        "dmean2": 0.0797939747572,
        "dvar": 0.0124753070995,
        "dvar2": 0.00679784920067,
        "max": 0.868130147457,
        "mean": 0.373469948769,
        "median": 0.478863626719,
        "min": 0.020985558629,
        "stdev": 0.284570962191,
        "var": 0.0809806287289
    },
    "silence_rate_20dB": {
        "dmean": 0,
        "dmean2": 0,
        "dvar": 0,
        "dvar2": 0,
        "max": 1,
        "mean": 1,
        "median": 1,
        "min": 1,
        "stdev": 0,
        "var": 0
    },
    "silence_rate_30dB": {
        "dmean": 0.095238097012,
        "dmean2": 0.20000000298,
        "dvar": 0.0861677825451,
        "dvar2": 0.159999981523,
        "max": 1,
        "mean": 0.863636374474,
        "median": 1,
        "min": 0,
        "stdev": 0.343174219131,
        "var": 0.117768548429
    },
    "silence_rate_60dB": {
        "dmean": 0.047619048506,
        "dmean2": 0.10000000149,
        "dvar": 0.0453514866531,
        "dvar2": 0.0899999886751,
        "max": 1,
        "mean": 0.5,
        "median": 0.5,
        "min": 0,
        "stdev": 0.5,
        "var": 0.25
    },
    "spectral_centroid": {
        "dmean": 458.4659729,
        "dmean2": 540.838256836,
        "dvar": 662889.125,
        "dvar2": 827753.9375,
        "max": 5167.05078125,
        "mean": 2573.07104492,
        "median": 3413.00439453,
        "min": 142.580688477,
        "stdev": 2001.16186523,
        "var": 4004648.75
    },
    "spectral_complexity": {
        "dmean": 0.904761910439,
        "dmean2": 0.5,
        "dvar": 4.84807395935,
        "dvar2": 1.25,
        "max": 19,
        "mean": 1.81818187237,
        "median": 0,
        "min": 0,
        "stdev": 4.43781661987,
        "var": 19.6942157745
    },
    "spectral_decrease": {
        "dmean": 3.92934529359e-09,
        "dmean2": 3.98508870347e-09,
        "dvar": 4.19083877422e-17,
        "dvar2": 3.99961446894e-17,
        "max": -4.21716611332e-18,
        "mean": -9.08931774291e-09,
        "median": -1.01487729331e-09,
        "min": -4.23690451612e-08,
        "stdev": 1.32850761503e-08,
        "var": 1.76493250899e-16
    },
    "spectral_energy": {
        "dmean": 0.0148486364633,
        "dmean2": 0.0149711724371,
        "dvar": 0.00057991174981,
        "dvar2": 0.000562193454243,
        "max": 0.163050383329,
        "mean": 0.0351796783507,
        "median": 0.00405310094357,
        "min": 7.85489590038e-11,
        "stdev": 0.0507957302034,
        "var": 0.00258020614274
    },
    "spectral_energyband_high": {
        "dmean": 0.00029841955984,
        "dmean2": 0.000237765882048,
        "dvar": 4.80397261526e-07,
        "dvar2": 2.06724166674e-07,
        "max": 0.00585050228983,
        "mean": 0.000587845570408,
        "median": 0.000105832863483,
        "min": 4.75272529665e-11,
        "stdev": 0.00142625486478,
        "var": 2.03420290745e-06
    },
    "spectral_energyband_low": {
        "dmean": 0.0152065772563,
        "dmean2": 0.0218064077199,
        "dvar": 0.00096406013472,
        "dvar2": 0.00153530423995,
        "max": 0.159670725465,
        "mean": 0.0318260602653,
        "median": 0.000301027757814,
        "min": 9.39203922967e-12,
        "stdev": 0.0500074364245,
        "var": 0.0025007436052
    },
    "spectral_energyband_middle_high": {
        "dmean": 0.000324033084325,
        "dmean2": 0.000292703567538,
        "dvar": 1.54244082751e-06,
        "dvar2": 1.2189826748e-06,
        "max": 0.00679515954107,
        "mean": 0.000365358951967,
        "median": 3.78046479454e-06,
        "min": 7.38030383335e-12,
        "stdev": 0.00141763570718,
        "var": 2.00969111575e-06
    },
    "spectral_energyband_middle_low": {
        "dmean": 0.00593418022618,
        "dmean2": 0.00685236090794,
        "dvar": 0.000241549569182,
        "dvar2": 0.00048295976012,
        "max": 0.0631637647748,
        "mean": 0.00415349099785,
        "median": 6.75597448208e-07,
        "min": 4.07214149553e-12,
        "stdev": 0.0139167234302,
        "var": 0.000193675179617
    },
    "spectral_entropy": {
        "dmean": 0.223802700639,
        "dmean2": 0.192850589752,
        "dvar": 0.061102475971,
        "dvar2": 0.0454339757562,
        "max": 8.9604101181,
        "mean": 8.1671667099,
        "median": 8.57363700867,
        "min": 6.70259904861,
        "stdev": 0.755822360516,
        "var": 0.571267485619
    },
    "spectral_flux": {
        "dmean": 0.0363864004612,
        "dmean2": 0.0478521101177,
        "dvar": 0.00339780934155,
        "dvar2": 0.00383923808113,
        "max": 0.379605412483,
        "mean": 0.0789277330041,
        "median": 0.0369533374906,
        "min": 1.57985014084e-05,
        "stdev": 0.111836865544,
        "var": 0.0125074842945
    },
    "spectral_kurtosis": {
        "dmean": 0.382828950882,
        "dmean2": 0.490889459848,
        "dvar": 0.0736579075456,
        "dvar2": 0.128255322576,
        "max": 3.14961242676,
        "mean": 1.00257945061,
        "median": 0.711326479912,
        "min": -0.0687303543091,
        "stdev": 0.844662189484,
        "var": 0.713454186916
    },
    "spectral_rms": {
        "dmean": 0.00102344027255,
        "dmean2": 0.000756210531108,
        "dvar": 1.80338770406e-06,
        "dvar2": 1.1142378753e-06,
        "max": 0.0126124359667,
        "mean": 0.00389398843981,
        "median": 0.00178914819844,
        "min": 2.7682690984e-07,
        "stdev": 0.00437704101205,
        "var": 1.91584895219e-05
    },
    "spectral_rolloff": {
        "dmean": 1584.2286377,
        "dmean2": 2481.70214844,
        "dvar": 9771947,
        "dvar2": 12613821,
        "max": 17635.6933594,
        "mean": 8178.70166016,
        "median": 10852.734375,
        "min": 64.599609375,
        "stdev": 7581.921875,
        "var": 57485540
    },
    "spectral_skewness": {
        "dmean": 0.116989523172,
        "dmean2": 0.122545160353,
        "dvar": 0.00471304869279,
        "dvar2": 0.0158355906606,
        "max": 1.52310681343,
        "mean": 1.04841434956,
        "median": 1.06987404823,
        "min": 0.640209615231,
        "stdev": 0.266146987677,
        "var": 0.0708342194557
    },
    "spectral_spread": {
        "dmean": 1040434.3125,
        "dmean2": 1315721.25,
        "dvar": 931049177088,
        "dvar2": 898382692352,
        "max": 14838270,
        "mean": 11318389,
        "median": 10905470,
        "min": 7220589,
        "stdev": 2158679,
        "var": 4.65989533696e+12
    },
    "spectral_strongpeak": {
        "dmean": 0.0907696038485,
        "dmean2": 0.126007512212,
        "dvar": 0.0212538782507,
        "dvar2": 0.0373193100095,
        "max": 1.26143157482,
        "mean": 0.335446298122,
        "median": 0.11927382648,
        "min": 0,
        "stdev": 0.391902208328,
        "var": 0.153587341309
    },
    "zerocrossingrate": {
        "dmean": 0.0499209463596,
        "dmean2": 0.06103515625,
        "dvar": 0.00508694164455,
        "dvar2": 0.00579130649567,
        "max": 0.4794921875,
        "mean": 0.201393827796,
        "median": 0.168212890625,
        "min": 0.01318359375,
        "stdev": 0.175342410803,
        "var": 0.0307449623942
    },
    "barkbands": {
        "dmean": [0.000376687530661, 0.0141332820058, 0.0106941862032, 0.0033738357015, 0.00243210839108, 6.94012778695e-05, 6.77809293848e-05, 1.15615421237e-05, 2.45818355324e-05, 3.95201750507e-05, 3.2556905353e-05, 1.77501169674e-05, 3.14303761115e-05, 1.89367092389e-05, 1.30105981953e-05, 4.11608853028e-05, 3.43621977663e-05, 5.19390632689e-05, 4.10379288951e-05, 1.25411734189e-05, 4.21203003498e-05, 4.05088576372e-05, 2.08552282857e-05, 7.86633027019e-05, 6.90867891535e-05, 7.70652259234e-05, 3.1645206036e-05],
        "dmean2": [0.000418799987528, 0.0200662352145, 0.0207658447325, 0.00425226520747, 0.00380122801289, 0.000108291009383, 0.000116836992675, 6.75151750329e-06, 1.36605576699e-05, 3.67253524018e-05, 3.21284969687e-05, 1.34700312628e-05, 2.85500227619e-05, 1.87930254469e-05, 1.12716015792e-05, 4.05180180678e-05, 3.195077079e-05, 4.50833758805e-05, 3.69007721019e-05, 7.89717887528e-06, 3.05142220896e-05, 2.2383630494e-05, 3.65858504665e-05, 5.16320942552e-05, 4.90040802106e-05, 0.000112854977488, 4.14317437389e-05],
        "dvar": [3.8682216541e-07, 0.000760937924497, 0.000938668497838, 8.22709844215e-05, 5.54330472369e-05, 4.15044674185e-08, 4.73428265479e-08, 1.13362974563e-09, 5.6599760434e-09, 2.44747724309e-08, 1.86042701245e-08, 3.46424089415e-09, 1.47023691e-08, 6.36551833466e-09, 2.24233720481e-09, 2.78304845835e-08, 1.82269968008e-08, 3.70519863679e-08, 2.43525200005e-08, 1.0728369304e-09, 1.75324821328e-08, 1.1783074072e-08, 5.05978636767e-09, 4.91662994762e-08, 2.78971548084e-08, 2.43580835502e-08, 4.4407975075e-09],
        "dvar2": [4.5624727818e-07, 0.00171651202254, 0.00273275747895, 0.000126875151182, 0.000145855854498, 1.08448716674e-07, 1.28086028894e-07, 5.67457025813e-10, 2.68080024846e-09, 1.95559088922e-08, 1.72776193352e-08, 1.76186154555e-09, 1.18280674144e-08, 6.21390094935e-09, 1.86818227554e-09, 2.69041233736e-08, 1.56697375076e-08, 2.56225796136e-08, 1.86680377823e-08, 2.64109761838e-10, 7.59225571301e-09, 4.48134240827e-09, 8.72403038699e-09, 1.50842254243e-08, 1.11390958679e-08, 5.66704159155e-08, 6.57002363624e-09],
        "max": [0.00387223274447, 0.148399740458, 0.112289011478, 0.0354054383934, 0.0255578216165, 0.000870430551004, 0.000930565991439, 0.000242507347139, 0.000515841238666, 0.000829484255519, 0.000683109043166, 0.000372312875697, 0.000659234297927, 0.000397588562919, 0.000272329285508, 0.000863068504259, 0.000719163159374, 0.00108883716166, 0.000859060499351, 0.00024933257373, 0.00087319634622, 0.000822455971502, 0.000408456340665, 0.00161487981677, 0.00135130120907, 0.000912636518478, 0.000430492655141],
        "mean": [0.000554584723432, 0.0236714649945, 0.00585387833416, 0.00278441538103, 0.00118580844719, 5.64444890188e-05, 6.2902472564e-05, 1.7767695681e-05, 3.48040521203e-05, 4.22182711191e-05, 3.32047638949e-05, 2.27499931498e-05, 3.50556147168e-05, 1.96085056814e-05, 1.59760802489e-05, 4.5338725613e-05, 3.79981502192e-05, 5.97132748226e-05, 4.65523662569e-05, 1.93346168089e-05, 5.74790137762e-05, 6.48174973321e-05, 4.48380924354e-05, 0.000119026728498, 0.000123130375869, 0.000108717409603, 6.18472113274e-05],
        "median": [8.52710400068e-06, 0.000100613782706, 8.93402727797e-07, 8.06233018125e-08, 1.57136440748e-07, 8.82731825413e-08, 3.84532299336e-08, 2.17522320156e-08, 2.63220236718e-08, 2.34483614747e-08, 3.80038009951e-08, 5.03593149404e-08, 8.34400637473e-08, 1.05094741798e-07, 9.58882750979e-08, 5.95234155298e-07, 3.26482194168e-07, 5.71352359202e-07, 9.37872471241e-07, 1.81880045602e-06, 2.7878995752e-06, 3.39983716913e-06, 5.90339641349e-06, 1.08601871034e-05, 1.47439704961e-05, 4.18465642724e-05, 1.77869987965e-05],
        "min": [9.74645451152e-12, 1.66878349247e-12, 1.00406748887e-12, 6.29885412492e-13, 3.51680219234e-13, 1.44876775507e-12, 3.30519411753e-13, 7.65303348037e-13, 2.78090159407e-13, 2.0243253959e-13, 1.27491550303e-13, 3.84104884401e-13, 1.09216466166e-12, 8.29566504466e-13, 7.33472364876e-13, 1.70585355737e-12, 4.10297230219e-13, 6.33911434629e-13, 9.6907117747e-13, 4.91644106069e-13, 2.28132204967e-12, 5.97911130329e-12, 5.03541002297e-12, 4.95716315219e-12, 5.15733115936e-12, 1.01077861359e-11, 1.49974130337e-11],
        "stdev": [0.00109031482134, 0.0399756915867, 0.0233450587839, 0.00881486851722, 0.00531886471435, 0.000187659767107, 0.000210122932913, 5.6425738876e-05, 0.000116531271487, 0.000172948770341, 0.000142083605169, 7.93233048171e-05, 0.000137514900416, 8.26244431664e-05, 5.70942538616e-05, 0.000179369977559, 0.000149711195263, 0.000228054472245, 0.000179273425601, 5.58825886401e-05, 0.00018750547315, 0.00018822189304, 0.000114987560664, 0.000354721123585, 0.000322145584505, 0.000207430057344, 0.000112369612907],
        "var": [1.18878642752e-06, 0.00159805594012, 0.000544991751667, 7.77019013185e-05, 2.82903201878e-05, 3.5216189076e-08, 4.41516441185e-08, 3.18386406128e-09, 1.35795374945e-08, 2.99112770108e-08, 2.01877501382e-08, 6.29218677162e-09, 1.89103488424e-08, 6.826799126e-09, 3.25975402227e-09, 3.2173588238e-08, 2.24134399929e-08, 5.20088434541e-08, 3.21389634905e-08, 3.12286374538e-09, 3.51583011593e-08, 3.54274831693e-08, 1.32221398275e-08, 1.25827071429e-07, 1.03777786364e-07, 4.30272315555e-08, 1.26269306122e-08]
    },
    "erbbands": {
        "dmean": [0.259622424841, 3.73428273201, 9.71227264404, 12.6978569031, 12.649055481, 5.94366359711, 1.60537397861, 0.531260192394, 0.823500573635, 0.593976438046, 0.260413885117, 0.508486688137, 1.08059763908, 1.50268697739, 0.954554080963, 0.855914533138, 1.45458638668, 1.14294457436, 0.725784599781, 1.69014537334, 1.90886855125, 1.74172842503, 3.11362338066, 1.85911846161, 1.71724534035, 0.700896501541, 1.8100284338, 1.13764476776, 1.11530280113, 1.25282251835, 0.694699048996, 1.38506484032, 1.46527862549, 1.07830250263, 0.292066901922, 0.267910718918, 0.144637838006, 0.0325074568391, 0.00654105050489, 0.000235004685237],
        "dmean2": [0.363123118877, 4.82591676712, 16.3533649445, 16.6261177063, 18.2199878693, 9.22594070435, 2.48443436623, 0.82811319828, 1.41572833061, 1.06457912922, 0.140118449926, 0.303249120712, 0.914407253265, 1.4455742836, 0.871977448463, 0.716205358505, 1.33749806881, 1.08632445335, 0.676600337029, 1.61801695824, 1.93109285831, 1.57379209995, 2.70335936546, 1.63649880886, 1.5090649128, 0.413190662861, 1.44270443916, 0.712616980076, 1.2029954195, 0.693924665451, 0.96131503582, 0.890398204327, 0.978076457977, 0.621081113815, 0.420303434134, 0.404156386852, 0.207731097937, 0.0422820709646, 0.00908714625984, 0.000364394683857],
        "dvar": [0.205347508192, 49.8790817261, 612.692077637, 1059.64672852, 1330.25500488, 327.450500488, 23.3577156067, 2.40335392952, 6.93781375885, 4.00476312637, 0.584581077099, 2.41124296188, 15.6230583191, 37.7271766663, 13.7742948532, 9.38806247711, 32.243434906, 21.2807865143, 7.89421510696, 46.8007545471, 57.4619789124, 44.3063354492, 133.314376831, 47.7992095947, 40.5148658752, 3.38191366196, 35.7981834412, 10.2500514984, 10.4735794067, 10.2744054794, 4.14098596573, 14.0046920776, 18.0857505798, 8.12164497375, 0.535752594471, 0.299448817968, 0.0791404545307, 0.00451490934938, 0.000207031174796, 3.48444842757e-07],
        "dvar2": [0.278116613626, 108.208602905, 1653.35058594, 2505.28564453, 3262.82885742, 858.743347168, 61.1677627563, 6.21478939056, 18.4894866943, 10.3651752472, 0.227271363139, 1.42737579346, 9.80714130402, 32.969291687, 10.7108249664, 6.31249427795, 26.6330471039, 18.977104187, 7.18937587738, 43.7281913757, 55.5701675415, 35.4578285217, 92.6869659424, 34.7286605835, 28.9418182373, 1.01311886311, 18.4842224121, 3.38524508476, 10.1603040695, 3.97286868095, 5.44025421143, 3.81352186203, 5.87151479721, 2.59782743454, 0.653605341911, 0.652741611004, 0.179734915495, 0.0100527601317, 0.000297319405945, 5.26117560185e-07],
        "max": [2.72603988647, 39.210067749, 101.979644775, 133.319915771, 132.810577393, 62.4659538269, 17.3710975647, 6.91127347946, 11.6176071167, 9.09893894196, 5.46406555176, 10.6703310013, 22.686706543, 31.5385303497, 20.0172786713, 17.9523448944, 30.51420784, 23.9967632294, 15.2171258926, 35.4113464355, 40.0137634277, 36.4456329346, 65.2836303711, 38.883102417, 35.8808670044, 13.968164444, 37.5815963745, 23.2440605164, 22.8519954681, 25.0071372986, 13.6013870239, 28.1913642883, 30.2379875183, 21.6575393677, 5.1011390686, 3.48830127716, 1.68655097485, 0.413189977407, 0.0902133956552, 0.00323024997488],
        "mean": [0.687868177891, 5.22206306458, 7.23535633087, 9.30465316772, 6.86583137512, 2.94196152687, 0.875797629356, 0.472400844097, 0.816679894924, 0.683244764805, 0.382675170898, 0.748111486435, 1.2376281023, 1.56460118294, 1.04196286201, 1.02928745747, 1.60568356514, 1.2281280756, 0.83936727047, 1.83448398113, 2.17286944389, 1.97249746323, 3.57704639435, 2.14741516113, 1.9942688942, 1.08472955227, 2.36595439911, 1.71879339218, 2.03845691681, 2.08338141441, 1.3850748539, 2.1634619236, 2.16558980942, 1.71277689934, 0.656284689903, 0.434734940529, 0.202069908381, 0.0534011758864, 0.0132850324735, 0.000502862851135],
        "median": [0.00253074849024, 0.0194910094142, 0.00301970355213, 0.00274728611112, 0.00109885144047, 0.000625460234005, 0.000436790840467, 0.000782148446888, 0.000478474423289, 0.000865374691784, 0.000642423052341, 0.000637167016976, 0.000576821039431, 0.000931558955926, 0.00197441247292, 0.00252968166023, 0.00427062343806, 0.00460469257087, 0.00659587467089, 0.0152246225625, 0.0292021669447, 0.0211975611746, 0.0233610756695, 0.0383515171707, 0.0616266690195, 0.0731549263, 0.111060574651, 0.116288095713, 0.106604553759, 0.183059975505, 0.189201772213, 0.2306856215, 0.184807062149, 0.1498850137, 0.114943727851, 0.129319250584, 0.0820783078671, 0.0212348159403, 0.00366616994143, 0.000133438821649],
        "min": [2.32392771693e-10, 2.03061970017e-10, 9.95104443291e-10, 1.9630896908e-09, 1.18012732919e-09, 1.22584131734e-09, 5.49564171948e-09, 1.61334376969e-08, 7.73089858797e-09, 9.7451451353e-09, 1.29650628011e-08, 6.21397155953e-09, 6.42065378642e-09, 8.44580849702e-09, 9.31605992349e-09, 1.63508797613e-08, 4.62985632055e-08, 3.936388282e-08, 4.93332095175e-08, 3.60081955364e-08, 1.0800522432e-07, 2.62202828338e-08, 3.3353813933e-08, 2.23851408521e-08, 6.37144381699e-08, 2.90270971703e-08, 7.21525523772e-08, 1.0099769554e-07, 2.56184250702e-07, 1.40205017374e-07, 1.35812186386e-07, 8.62843592131e-08, 1.1230366681e-07, 5.96834368594e-08, 3.60892293827e-08, 3.42731887315e-08, 1.74374950035e-08, 9.49936751482e-09, 2.4675770316e-09, 1.83953088873e-10],
        "stdev": [0.998802006245, 9.95277786255, 21.993686676, 30.1767864227, 27.7105197906, 12.9929742813, 3.60859274864, 1.5160074234, 2.66174316406, 2.18871760368, 1.24008071423, 2.46154880524, 4.76950216293, 6.56429195404, 4.17642307281, 3.7729575634, 6.3597536087, 4.99223613739, 3.1709446907, 7.36113405228, 8.32487106323, 7.60143756866, 13.6729888916, 8.13113307953, 7.50293779373, 3.17634296417, 7.97628450394, 5.14163541794, 5.71707963943, 5.80739927292, 3.5902402401, 6.24857711792, 6.60826683044, 4.93139648438, 1.45020675659, 0.841590583324, 0.386543750763, 0.0943615734577, 0.0242368001491, 0.000931628863327],
        "var": [0.997605502605, 99.0577850342, 483.722259521, 910.63848877, 767.87286377, 168.817382812, 13.0219421387, 2.29827833176, 7.08487653732, 4.79048442841, 1.53780031204, 6.05922222137, 22.7481498718, 43.089931488, 17.4425086975, 14.2352085114, 40.4464683533, 24.9224224091, 10.054889679, 54.1862945557, 69.3034820557, 57.7818565369, 186.950622559, 66.1153259277, 56.2940788269, 10.0891551971, 63.6211166382, 26.4364147186, 32.6850013733, 33.7258872986, 12.8898258209, 39.0447158813, 43.6691894531, 24.3186702728, 2.10309958458, 0.708274722099, 0.149416074157, 0.00890410598367, 0.000587422517128, 8.67932385518e-07]
    },
    "gfcc": {
        "mean": [-363.704101562, -66.3528060913, -27.9926452637, 56.0651893616, -11.3636312485, 34.1343269348, -12.9705410004, 19.0736083984, -8.31007957458, 14.2335968018, -10.712395668, 9.11381912231, -11.0197019577],
        "cov": [[101503.835938, 8951.59765625, 8322.38476562, 5409.9140625, 2404.13720703, 1413.45556641, 96.9015731812, 696.241516113, -1383.74279785, -780.276611328, -1024.92016602, -254.861557007, -546.256225586], [8951.59765625, 3169.0703125, 1746.17553711, 470.909790039, 320.049682617, -104.721076965, -203.691986084, -364.610900879, -225.520767212, -297.787353516, -256.548217773, -181.297149658, -121.781585693], [8322.38476562, 1746.17553711, 2938.4921875, 1805.34265137, 1369.70483398, 717.921691895, 542.77142334, 272.248382568, 150.273193359, 164.962387085, -56.1161804199, 69.5536270142, -28.5293521881], [5409.9140625, 470.909790039, 1805.34265137, 1360.1706543, 1018.07177734, 623.310913086, 489.1199646, 352.173095703, 181.842941284, 205.727706909, 31.8145370483, 94.6899642944, -0.0877810865641], [2404.13720703, 320.049682617, 1369.70483398, 1018.07177734, 850.212768555, 514.682312012, 416.94354248, 281.583953857, 197.593215942, 185.847946167, 56.1162223816, 86.9967956543, 15.7067985535], [1413.45556641, -104.721076965, 717.921691895, 623.310913086, 514.682312012, 375.62298584, 309.038024902, 246.181121826, 150.657150269, 170.744430542, 68.9456558228, 90.1320648193, 27.6134738922], [96.9015731812, -203.691986084, 542.77142334, 489.1199646, 416.94354248, 309.038024902, 283.879058838, 219.090118408, 152.153396606, 167.885910034, 76.9785308838, 93.6690444946, 41.4409370422], [696.241516113, -364.610900879, 272.248382568, 352.173095703, 281.583953857, 246.181121826, 219.090118408, 231.554962158, 125.898765564, 145.161590576, 84.6439819336, 95.4972076416, 41.2107124329], [-1383.74279785, -225.520767212, 150.273193359, 181.842941284, 197.593215942, 150.657150269, 152.153396606, 125.898765564, 124.730995178, 111.561462402, 75.1794052124, 64.5649032593, 40.327999115], [-780.276611328, -297.787353516, 164.962387085, 205.727706909, 185.847946167, 170.744430542, 167.885910034, 145.161590576, 111.561462402, 143.932952881, 74.32787323, 79.7428512573, 47.2047996521], [-1024.92016602, -256.548217773, -56.1161804199, 31.8145370483, 56.1162223816, 68.9456558228, 76.9785308838, 84.6439819336, 75.1794052124, 74.32787323, 64.033782959, 51.6131057739, 38.1961593628], [-254.861557007, -181.297149658, 69.5536270142, 94.6899642944, 86.9967956543, 90.1320648193, 93.6690444946, 95.4972076416, 64.5649032593, 79.7428512573, 51.6131057739, 63.2100753784, 38.5297698975], [-546.256225586, -121.781585693, -28.5293521881, -0.0877810865641, 15.7067985535, 27.6134738922, 41.4409370422, 41.2107124329, 40.327999115, 47.2047996521, 38.1961593628, 38.5297698975, 37.0788879395]],
        "icov": [[0.000557101040613, -0.00305591057986, 0.00481328833848, -0.00721053546295, 0.00119965907652, -0.00656796991825, 0.00656643789262, -0.0077386922203, 0.0108701447025, 0.000568541057874, 0.0084894457832, -0.00459665991366, -0.00901300832629], [-0.00305591057986, 0.0200233403593, -0.0337569899857, 0.0453203395009, -0.00314220343716, 0.0313250645995, -0.0292243473232, 0.0396408513188, -0.0625986158848, 0.000699646072462, -0.0517290383577, 0.0348400324583, 0.0457623265684], [0.00481328833848, -0.0337569899857, 0.0662568956614, -0.0838038250804, -0.00678307423368, -0.0419774949551, 0.0440968126059, -0.0485539622605, 0.101608529687, -0.00372676923871, 0.098870716989, -0.0848259702325, -0.0698367804289], [-0.00721053546295, 0.0453203395009, -0.0838038250804, 0.130193963647, -0.0245846714824, 0.0821206048131, -0.0771262049675, 0.0668359175324, -0.125475928187, -0.0115096485242, -0.123587191105, 0.105922155082, 0.107990942895], [0.00119965907652, -0.00314220343716, -0.00678307423368, -0.0245846714824, 0.0699045881629, -0.0655662566423, 0.0187782421708, -0.00636711483821, -0.0341781415045, 0.0352350994945, 0.00853432528675, 0.0224354192615, -0.0324070006609], [-0.00656796991825, 0.0313250645995, -0.0419774949551, 0.0821206048131, -0.0655662566423, 0.175406232476, -0.126071378589, 0.0734606534243, -0.0695083588362, -0.0431770794094, -0.117829971015, 0.035506401211, 0.145472198725], [0.00656643789262, -0.0292243473232, 0.0440968126059, -0.0771262049675, 0.0187782421708, -0.126071378589, 0.176005005836, -0.104783020914, 0.0767255946994, -0.000348489265889, 0.146195083857, -0.0499787032604, -0.141487956047], [-0.0077386922203, 0.0396408513188, -0.0485539622605, 0.0668359175324, -0.00636711483821, 0.0734606534243, -0.104783020914, 0.18284393847, -0.153480678797, 0.00705611798912, -0.140820488334, -0.0163609720767, 0.160879254341], [0.0108701447025, -0.0625986158848, 0.101608529687, -0.125475928187, -0.0341781415045, -0.0695083588362, 0.0767255946994, -0.153480678797, 0.354885280132, -0.0276114232838, 0.0546213425696, -0.0850724130869, -0.135196208954], [0.000568541057874, 0.000699646072462, -0.00372676923871, -0.0115096485242, 0.0352350994945, -0.0431770794094, -0.000348489265889, 0.00705611798912, -0.0276114232838, 0.0693061053753, 0.000903539417777, -0.0165150891989, -0.0244161356241], [0.0084894457832, -0.0517290383577, 0.098870716989, -0.123587191105, 0.00853432528675, -0.117829971015, 0.146195083857, -0.140820488334, 0.0546213425696, 0.000903539417777, 0.393310755491, -0.124325022101, -0.228324815631], [-0.00459665991366, 0.0348400324583, -0.0848259702325, 0.105922155082, 0.0224354192615, 0.035506401211, -0.0499787032604, -0.0163609720767, -0.0850724130869, -0.0165150891989, -0.124325022101, 0.270196676254, -0.0193568244576], [-0.00901300832629, 0.0457623265684, -0.0698367804289, 0.107990942895, -0.0324070006609, 0.145472198725, -0.141487956047, 0.160879254341, -0.135196208954, -0.0244161356241, -0.228324815631, -0.0193568244576, 0.309174239635]]
    },
    "melbands": {
        "dmean": [0.00307660200633, 0.00369189260527, 0.0018038948765, 0.000672513851896, 7.88841862231e-05, 1.1455143067e-05, 1.34014389914e-05, 5.29011094841e-06, 1.97066879082e-06, 3.6351016206e-06, 5.4502020248e-06, 6.0706174736e-06, 3.90544573747e-06, 1.59177716341e-06, 3.14707472171e-06, 3.06605079459e-06, 1.96368978322e-06, 1.18045966246e-06, 1.01052921764e-06, 3.51741869054e-06, 1.93698565454e-06, 1.84565851669e-06, 2.01428770197e-06, 2.98413397104e-06, 1.23460108625e-06, 2.0272132133e-06, 5.30074657945e-07, 3.78003221613e-07, 8.42785595978e-07, 1.33581943373e-06, 5.16563602559e-07, 6.09783512573e-07, 8.35999912852e-07, 5.45155103282e-07, 4.0997662154e-07, 4.1908290882e-07, 9.96007656795e-07, 1.10414305254e-06, 9.25809104046e-07, 9.05381966732e-07],
        "dmean2": [0.00449914531782, 0.00537532987073, 0.00252632563934, 0.00103950418998, 0.000122717639897, 1.80759361683e-05, 2.29683828366e-05, 9.6482308436e-06, 1.1041106518e-06, 1.94215363081e-06, 4.66937990495e-06, 5.82959273743e-06, 3.72082718059e-06, 1.09786174107e-06, 2.93953075925e-06, 2.75296747532e-06, 1.88999763395e-06, 1.1922933254e-06, 8.4816792878e-07, 3.46835690834e-06, 2.02996398002e-06, 1.65509698036e-06, 1.77895401521e-06, 2.65892845164e-06, 1.0719987813e-06, 1.84985560736e-06, 3.80904850772e-07, 2.20616385604e-07, 6.13413988049e-07, 1.09005873128e-06, 2.90655322033e-07, 5.60015450901e-07, 4.61791557882e-07, 5.75231638322e-07, 6.46828993922e-07, 2.89046795388e-07, 6.84437168275e-07, 7.74002899107e-07, 6.11050950283e-07, 6.31590239664e-07],
        "dvar": [3.77313044737e-05, 7.03260375303e-05, 2.30878231378e-05, 4.16475813836e-06, 5.7301512868e-08, 1.13914566668e-09, 1.82575510266e-09, 3.36472211204e-10, 3.40286965272e-11, 1.23336812985e-10, 4.05210892618e-10, 6.13586736975e-10, 2.49837206479e-10, 2.49032773569e-11, 1.5575246648e-10, 1.36786484917e-10, 6.44514303039e-11, 2.25552649474e-11, 1.290807565e-11, 2.15370069001e-10, 5.58329667222e-11, 4.9009622749e-11, 5.70637669062e-11, 1.28603322436e-10, 2.03535660548e-11, 6.12716127835e-11, 2.64540472861e-12, 8.29737916829e-13, 6.75356862448e-12, 2.08246666439e-11, 1.78633377621e-12, 2.83707606019e-12, 5.15069801046e-12, 2.08912292847e-12, 1.72178612513e-12, 9.03602821907e-13, 8.11275005508e-12, 1.08423400466e-11, 7.02472715414e-12, 5.57783203306e-12],
        "dvar2": [7.45662910049e-05, 0.000142624441651, 4.1499199142e-05, 1.08602625915e-05, 1.50684371647e-07, 2.95565838471e-09, 4.89051332764e-09, 8.39084690618e-10, 1.25804323556e-11, 6.37141589488e-11, 2.62935423434e-10, 5.33494526334e-10, 2.13957657147e-10, 9.56427298471e-12, 1.34108238403e-10, 1.0915337384e-10, 5.85095444317e-11, 2.19589936512e-11, 1.00060697575e-11, 2.07149117304e-10, 5.40316610897e-11, 3.9020127407e-11, 4.14280762473e-11, 9.53125356418e-11, 1.43826825449e-11, 4.78777573143e-11, 1.03510830549e-12, 2.51626654625e-13, 2.78565300167e-12, 1.19167887364e-11, 5.89017929483e-13, 2.23714493111e-12, 2.24100902765e-12, 1.84713811087e-12, 2.72181235883e-12, 2.97130050599e-13, 2.68224635211e-12, 4.0710291041e-12, 2.16745566807e-12, 2.69551438462e-12],
        "max": [0.0323043987155, 0.038765206933, 0.0189300235361, 0.00706291990355, 0.00084254227113, 0.000151368352817, 0.000186519682757, 8.56308397488e-05, 4.13433917856e-05, 7.62845520512e-05, 0.000114421491162, 0.000127405961393, 8.19306369522e-05, 3.33762218361e-05, 6.60375517327e-05, 6.43187595415e-05, 4.12302433688e-05, 2.47428088187e-05, 2.11667193071e-05, 7.37228110665e-05, 4.05969403801e-05, 3.86051469832e-05, 4.21369004471e-05, 6.26368346275e-05, 2.57711562881e-05, 4.24514291808e-05, 1.09251277536e-05, 7.26633152226e-06, 1.73752250703e-05, 2.78018851532e-05, 1.03227430372e-05, 1.24224907267e-05, 1.70269449882e-05, 1.0705510249e-05, 7.97962638899e-06, 8.36138406157e-06, 2.03141171369e-05, 2.2802130843e-05, 1.90175833268e-05, 1.79580329132e-05],
        "mean": [0.00654471805319, 0.00483590131626, 0.00152160960715, 0.000332528608851, 4.1036397306e-05, 1.04537621155e-05, 1.29103873405e-05, 6.74131024425e-06, 2.84783800453e-06, 5.21888568983e-06, 6.18937610852e-06, 6.32746059637e-06, 4.10762504544e-06, 2.13347448152e-06, 3.43964984495e-06, 3.47397713085e-06, 2.07939319807e-06, 1.31727131247e-06, 1.26436395931e-06, 3.67460597772e-06, 2.30690989156e-06, 2.10746316043e-06, 2.29217744163e-06, 3.35596337209e-06, 1.45129331486e-06, 2.25275039156e-06, 7.24959363652e-07, 6.11547420704e-07, 1.16957141927e-06, 1.68839358139e-06, 8.35249011288e-07, 1.09027871531e-06, 1.34398658247e-06, 1.01905584415e-06, 8.00861698735e-07, 8.55581731685e-07, 1.46206537011e-06, 1.58512591497e-06, 1.39836879498e-06, 1.48984327097e-06],
        "median": [2.22630624194e-05, 7.3677756518e-06, 1.79165226655e-07, 4.09641707222e-08, 1.5479937332e-08, 1.74330185843e-08, 7.06707226072e-09, 9.18679532447e-09, 5.07885999923e-09, 3.57413920682e-09, 2.45307152369e-09, 3.70720920628e-09, 5.58870283385e-09, 6.40910524652e-09, 7.46901385185e-09, 8.57146442712e-09, 8.5964844132e-09, 1.02453832085e-08, 1.26920429722e-08, 2.553679046e-08, 3.55485489933e-08, 2.16707718437e-08, 2.02691925466e-08, 2.28736816155e-08, 2.9755366171e-08, 3.95650729956e-08, 3.18982493752e-08, 5.15892750741e-08, 6.28726013474e-08, 4.70792365093e-08, 6.80061162939e-08, 5.90185109672e-08, 8.02248791842e-08, 8.71686722803e-08, 9.30389347786e-08, 1.38052712373e-07, 1.16090077995e-07, 1.34774808203e-07, 1.29785902914e-07, 1.17778782283e-07],
        "min": [2.00789818799e-12, 4.10557682686e-13, 3.09210258309e-13, 5.78049842151e-14, 1.65658326358e-13, 3.48065922872e-13, 1.04081124958e-13, 1.28670565955e-13, 8.72280221144e-14, 4.18082113525e-14, 3.11225112522e-14, 3.327520483e-14, 2.27976969578e-14, 3.8373841729e-14, 7.99297422954e-14, 1.01785469159e-13, 6.81854000887e-14, 8.65915954391e-14, 4.60321850895e-14, 7.5750569825e-14, 1.27274601448e-13, 2.58717387656e-14, 1.3927822891e-14, 3.97999436685e-14, 1.02636422175e-14, 5.3123778705e-14, 2.93208213514e-14, 1.42291658735e-14, 3.98125339662e-14, 4.51933005992e-14, 5.76623032092e-14, 1.6665779813e-13, 9.65237750296e-14, 7.06156595871e-14, 6.93963454952e-14, 8.41535500139e-14, 3.79427460046e-14, 9.41888982173e-14, 4.64331332173e-14, 5.54332445289e-14],
        "stdev": [0.0102149369195, 0.0103162620217, 0.00474405614659, 0.00146928406321, 0.000175064997165, 3.3451935451e-05, 4.24145800935e-05, 2.12829345401e-05, 9.31333943299e-06, 1.73615517269e-05, 2.40218723775e-05, 2.65199287242e-05, 1.70566163433e-05, 7.22932645658e-06, 1.37478700708e-05, 1.34266347231e-05, 8.57447503222e-06, 5.1443821576e-06, 4.45012483397e-06, 1.53189230332e-05, 8.46948114486e-06, 8.05628133094e-06, 8.80907828105e-06, 1.30882053782e-05, 5.39636585017e-06, 8.8524129751e-06, 2.35841184804e-06, 1.6935396161e-06, 3.7420506942e-06, 5.870091627e-06, 2.34611411543e-06, 3.04781156046e-06, 3.9286833271e-06, 2.70152668236e-06, 2.13607927435e-06, 2.09371683013e-06, 4.4350299504e-06, 4.94062533107e-06, 4.1728535507e-06, 4.22435732617e-06],
        "var": [0.000104344937427, 0.000106425264676, 2.25060684897e-05, 2.15879572352e-06, 3.06477510037e-08, 1.11903197819e-09, 1.79899661834e-09, 4.52963333508e-10, 8.67382832226e-11, 3.01423497273e-10, 5.77050351946e-10, 7.03306579641e-10, 2.90928142688e-10, 5.22631590782e-11, 1.89003937501e-10, 1.80274517536e-10, 7.3521626287e-11, 2.64646689979e-11, 1.98036101406e-11, 2.34669422783e-10, 7.17321133048e-11, 6.49036727141e-11, 7.75998640345e-11, 1.71301112184e-10, 2.91207648273e-11, 7.83652170933e-11, 5.56210633107e-12, 2.86807643607e-12, 1.40029429024e-11, 3.44579781375e-11, 5.50425156842e-12, 9.2891553824e-12, 1.54345529413e-11, 7.29824620876e-12, 4.56283448524e-12, 4.38364969324e-12, 1.96694899951e-11, 2.44097780183e-11, 1.74127084279e-11, 1.78451958072e-11]
    },
    "melbands128": {
