{
"lowlevel": {
    "average_loudness": 0.413226157427,
    "barkbands_crest": {
        "dmean": 1.52038633823,
        "dmean2": 2.56877422333,
        "dvar": 2.0366396904,
        "dvar2": 5.55574083328,
        "max": 18.1361446381,
        "mean": 5.2682595253,
        "median": 4.86699056625,
        "min": 2.2735209465,
        "stdev": 1.95028448105,
        "var": 3.80360937119
    },
    "barkbands_flatness_db": {
        "dmean": 0.0167492181063,
        "dmean2": 0.02607742697,
        "dvar": 0.000229038312682,
        "dvar2": 0.000523301889189,
        "max": 0.190076574683,
        "mean": 0.0932203680277,
        "median": 0.0909954309464,
        "min": 0.0201903227717,
        "stdev": 0.0271881185472,
        "var": 0.000739193754271
    },
    "barkbands_kurtosis": {
        "dmean": 0.906946659088,
        "dmean2": 1.45283162594,
        "dvar": 1.05748450756,
        "dvar2": 2.5894010067,
        "max": 11.6656637192,
        "mean": 0.316123187542,
        "median": 0.0522770881653,
        "min": -1.77544128895,
        "stdev": 1.42621326447,
        "var": 2.03408432007
    },
    "barkbands_skewness": {
        "dmean": 0.380893915892,
        "dmean2": 0.596907794476,
        "dvar": 0.127939537168,
        "dvar2": 0.294965356588,
        "max": 3.33876991272,
        "mean": 0.224345341325,
        "median": 0.251404643059,
        "min": -2.72267103195,
        "stdev": 0.65792131424,
        "var": 0.432860463858
    },
    "barkbands_spread": {
        "dmean": 6.14462280273,
        "dmean2": 9.33791732788,
        "dvar": 42.1633377075,
        "dvar2": 82.5318756104,
        "max": 123.012489319,
        "mean": 26.2348003387,
        "median": 20.7952384949,
        "min": 4.63903045654,
        "stdev": 21.363483429,
        "var": 456.398406982
    },
    "dissonance": {
        "dmean": 0.00690824352205,
        "dmean2": 0.0119504602626,
        "dvar": 6.21726139798e-05,
        "dvar2": 0.000172144864337,
        "max": 0.499999910593,
        "mean": 0.491787463427,
        "median": 0.494106322527,
        "min": 0.403812348843,
        "stdev": 0.0084191383794,
        "var": 7.08818915882e-05
    },
    "dynamic_complexity": 9.67152309418,
    "erbbands_crest": {
        "dmean": 1.79555666447,
        "dmean2": 3.06959748268,
        "dvar": 2.87173700333,
        "dvar2": 7.93633794785,
        "max": 16.0613288879,
        "mean": 6.23090076447,
        "median": 5.85736227036,
        "min": 2.03185319901,
        "stdev": 2.1672244072,
        "var": 4.69686126709
    },
    "erbbands_flatness_db": {
        "dmean": 0.0195675492287,
        "dmean2": 0.0300455670804,
        "dvar": 0.000322084350046,
        "dvar2": 0.000684061320499,
        "max": 0.295668423176,
        "mean": 0.167024120688,
        "median": 0.169167980552,
        "min": 0.0381169319153,
        "stdev": 0.0422871559858,
        "var": 0.00178820360452
    },
    "erbbands_kurtosis": {
        "dmean": 0.962482690811,
        "dmean2": 1.59043776989,
        "dvar": 1.06000173092,
        "dvar2": 2.6852645874,
        "max": 11.4151411057,
        "mean": 0.751209080219,
        "median": 0.458993673325,
        "min": -1.45054686069,
        "stdev": 1.44583535194,
        "var": 2.09043979645
    },
    "erbbands_skewness": {
        "dmean": 0.350731343031,
        "dmean2": 0.554124951363,
        "dvar": 0.0915710106492,
        "dvar2": 0.218015164137,
        "max": 1.98649799824,
        "mean": 0.303188502789,
        "median": 0.350437998772,
        "min": -2.06795573235,
        "stdev": 0.551139712334,
        "var": 0.303755015135
    },
    "erbbands_spread": {
        "dmean": 7.11729478836,
        "dmean2": 11.0286569595,
        "dvar": 47.6329193115,
        "dvar2": 106.58114624,
        "max": 106.207824707,
        "mean": 27.8446445465,
        "median": 25.2548332214,
        "min": 4.60767745972,
        "stdev": 14.286031723,
        "var": 204.090713501
    },
    "hfc": {
        "dmean": 14.8868513107,
        "dmean2": 22.2285633087,
        "dvar": 955.496826172,
        "dvar2": 2219.25878906,
        "max": 426.888763428,
        "mean": 23.5622844696,
        "median": 9.32648944855,
        "min": 2.01217312679e-06,
        "stdev": 39.7419242859,
        "var": 1579.42053223
    },
    "loudness_ebu128": {
        "integrated": -22.3650989532,
        "loudness_range": 11.130865097,
        "momentary": {
            "dmean": 1.82364201546,
            "dmean2": 2.32825708389,
            "dvar": 11.4139547348,
            "dvar2": 14.240272522,
            "max": -17.1290092468,
            "mean": -28.4350280762,
            "median": -24.8288421631,
            "min": -86.8677444458,
            "stdev": 12.6131706238,
            "var": 159.092071533
        },
        "short_term": {
            "dmean": 0.245634973049,
            "dmean2": 0.209615856409,
            "dvar": 0.0668075457215,
            "dvar2": 0.0714225098491,
            "max": -18.3157691956,
            "mean": -24.1660556793,
            "median": -23.4252262115,
            "min": -31.199136734,
            "stdev": 3.56771755219,
            "var": 12.7286081314
        }
    },
    "melbands_crest": {
        "dmean": 1.9701397419,
        "dmean2": 3.3970887661,
        "dvar": 3.55351877213,
        "dvar2": 10.0694189072,
        "max": 19.7210540771,
        "mean": 6.43170070648,
        "median": 5.56880903244,
        "min": 2.39189195633,
        "stdev": 2.85287690163,
        "var": 8.13890647888
    },
    "melbands_flatness_db": {
        "dmean": 0.0185857880861,
        "dmean2": 0.0291871633381,
        "dvar": 0.000311024632538,
        "dvar2": 0.000667643733323,
        "max": 0.200238361955,
        "mean": 0.0780924037099,
        "median": 0.0747026652098,
        "min": 0.0118753425777,
        "stdev": 0.0347014889121,
        "var": 0.0012041934533
    },
    "melbands_kurtosis": {
        "dmean": 1.68142771721,
        "dmean2": 2.713285923,
        "dvar": 8.91956138611,
        "dvar2": 21.5839710236,
        "max": 40.6329727173,
        "mean": 2.12695074081,
        "median": 1.22291040421,
        "min": -1.54539263248,
        "stdev": 4.39703989029,
        "var": 19.3339614868
    },
    "melbands_skewness": {
        "dmean": 0.445097625256,
        "dmean2": 0.702322602272,
        "dvar": 0.19128768146,
        "dvar2": 0.43978369236,
        "max": 5.49520206451,
        "mean": 0.812390208244,
        "median": 0.690747857094,
        "min": -1.62138271332,
        "stdev": 0.865266859531,
        "var": 0.748686730862
    },
    "melbands_spread": {
        "dmean": 12.7047815323,
        "dmean2": 20.0180530548,
        "dvar": 204.585739136,
        "dvar2": 428.881225586,
        "max": 185.211471558,
        "mean": 47.8303527832,
        "median": 37.4812202454,
        "min": 8.29891490936,
        "stdev": 32.7007408142,
        "var": 1069.33850098
    },
    "pitch_salience": {
        "dmean": 0.0383299104869,
        "dmean2": 0.0660026296973,
        "dvar": 0.00109637994319,
        "dvar2": 0.00307800364681,
        "max": 0.90035200119,
        "mean": 0.777464330196,
        "median": 0.790640234947,
        "min": 0.525670349598,
        "stdev": 0.0582364983857,
        "var": 0.00339148961939
    },
    "silence_rate_20dB": {
        "dmean": 0,
        "dmean2": 0,
        "dvar": 0,
        "dvar2": 0,
        "max": 1,
        "mean": 1,
        "median": 1,
        "min": 1,
        "stdev": 0,
        "var": 0
    },
    "silence_rate_30dB": {
        "dmean": 0.00204498972744,
        "dmean2": 0.00409416574985,
        "dvar": 0.00204080552794,
        "dvar2": 0.00612446945161,
        "max": 1,
        "mean": 0.998978555202,
        "median": 1,
        "min": 0,
        "stdev": 0.0319439209998,
        "var": 0.00102041405626
    },
    "silence_rate_60dB": {
        "dmean": 0.0961145162582,
        "dmean2": 0.192425787449,
        "dvar": 0.0868772491813,
        "dvar2": 0.179964527488,
        "max": 1,
        "mean": 0.410623073578,
        "median": 0,
        "min": 0,
        "stdev": 0.491946488619,
        "var": 0.242011353374
    },
    "spectral_centroid": {
        "dmean": 303.094696045,
        "dmean2": 450.38381958,
        "dvar": 139710.921875,
        "dvar2": 253616.140625,
        "max": 10542.2265625,
        "mean": 2376.80639648,
        "median": 2283.00732422,
        "min": 621.334228516,
        "stdev": 683.354675293,
        "var": 466973.59375
    },
    "spectral_complexity": {
        "dmean": 4.93660545349,
        "dmean2": 6.88638687134,
        "dvar": 30.0755691528,
        "dvar2": 57.8467102051,
        "max": 57,
        "mean": 18.4484176636,
        "median": 18,
        "min": 0,
        "stdev": 15.514342308,
        "var": 240.69480896
    },
    "spectral_decrease": {
        "dmean": 1.18120024872e-09,
        "dmean2": 1.75117575996e-09,
        "dvar": 5.93167246795e-18,
        "dvar2": 1.44921629729e-17,
        "max": -1.99538959369e-17,
        "mean": -2.04460293141e-09,
        "median": -8.80596817687e-10,
        "min": -3.0056263256e-08,
        "stdev": 3.3225644458e-09,
        "var": 1.10394341683e-17
    },
    "spectral_energy": {
        "dmean": 0.00570109253749,
        "dmean2": 0.00848341267556,
        "dvar": 0.000128451094497,
        "dvar2": 0.000308765389491,
        "max": 0.133821561933,
        "mean": 0.0098539730534,
        "median": 0.00430079037324,
        "min": 2.57820570448e-10,
        "stdev": 0.0156071474776,
        "var": 0.000243583053816
    },
    "spectral_energyband_high": {
        "dmean": 0.00112796621397,
        "dmean2": 0.00171360629611,
        "dvar": 1.11139088403e-05,
        "dvar2": 2.59863518295e-05,
        "max": 0.054132733494,
        "mean": 0.00147079711314,
        "median": 0.000474606116768,
        "min": 1.46497258768e-10,
        "stdev": 0.00366358319297,
        "var": 1.34218425956e-05
    },
    "spectral_energyband_low": {
        "dmean": 1.17677891467e-05,
        "dmean2": 2.03169292945e-05,
        "dvar": 2.89121199204e-10,
        "dvar2": 8.01539223882e-10,
        "max": 0.000195347063709,
        "mean": 1.61233765539e-05,
        "median": 8.98501457414e-06,
        "min": 3.69900533814e-11,
        "stdev": 2.13931853068e-05,
        "var": 4.57668403175e-10
    },
    "spectral_energyband_middle_high": {
        "dmean": 0.00457463413477,
        "dmean2": 0.00697107100859,
        "dvar": 9.71542904153e-05,
        "dvar2": 0.000243941161898,
        "max": 0.114337459207,
        "mean": 0.00717126904055,
        "median": 0.00281455018558,
        "min": 3.41252824609e-11,
        "stdev": 0.0123568549752,
        "var": 0.000152691864059
    },
    "spectral_energyband_middle_low": {
        "dmean": 0.000703067868017,
        "dmean2": 0.00106375908945,
        "dvar": 2.43445970227e-06,
        "dvar2": 6.11695895714e-06,
        "max": 0.0254074912518,
        "mean": 0.00130336883012,
        "median": 0.000571450975258,
        "min": 1.55544622321e-11,
        "stdev": 0.00231924583204,
        "var": 5.37890082342e-06
    },
    "spectral_entropy": {
        "dmean": 0.126319780946,
        "dmean2": 0.191859200597,
        "dvar": 0.0154792731628,
        "dvar2": 0.03287781775,
        "max": 9.80846118927,
        "mean": 8.20322322845,
        "median": 8.21225833893,
        "min": 7.40387439728,
        "stdev": 0.245228841901,
        "var": 0.0601371861994
    },
    "spectral_flux": {
        "dmean": 0.0150664625689,
        "dmean2": 0.0211756732315,
        "dvar": 0.000520822533872,
        "dvar2": 0.00107080989983,
        "max": 0.270722270012,
        "mean": 0.0573908723891,
        "median": 0.0488605946302,
        "min": 3.41135273629e-05,
        "stdev": 0.047474745661,
        "var": 0.00225385138765
    },
    "spectral_kurtosis": {
        "dmean": 1.06477689743,
        "dmean2": 1.61196088791,
        "dvar": 1.39499366283,
        "dvar2": 3.32437753677,
        "max": 17.9452571869,
        "mean": 3.32828593254,
        "median": 2.90084934235,
        "min": -1.24358308315,
        "stdev": 1.98044490814,
        "var": 3.92216205597
    },
    "spectral_rms": {
        "dmean": 0.000709266401827,
        "dmean2": 0.000986954895779,
        "dvar": 8.5006001882e-07,
        "dvar2": 1.89579577636e-06,
        "max": 0.0114261815324,
        "mean": 0.00238595623523,
        "median": 0.00204838789068,
        "min": 5.01529939356e-07,
        "stdev": 0.00198010983877,
        "var": 3.92083529732e-06
    },
    "spectral_rolloff": {
        "dmean": 1168.95776367,
        "dmean2": 1844.18579102,
        "dvar": 2246899.25,
        "dvar2": 4639211,
        "max": 18798.4863281,
        "mean": 4471.09765625,
        "median": 3208.44726562,
        "min": 301.46484375,
        "stdev": 3376.61791992,
        "var": 11401548
    },
    "spectral_skewness": {
        "dmean": 0.209254279733,
        "dmean2": 0.313639372587,
        "dvar": 0.042252946645,
        "dvar2": 0.0897486135364,
        "max": 3.16671562195,
        "mean": 1.47892940044,
        "median": 1.45556592941,
        "min": 0.0389038138092,
        "stdev": 0.374012053013,
        "var": 0.139885008335
    },
    "spectral_spread": {
        "dmean": 687234.3125,
        "dmean2": 1000017.625,
        "dvar": 1.34990423654e+12,
        "dvar2": 1.77920815923e+12,
        "max": 41152792,
        "mean": 5381859.5,
        "median": 5093657,
        "min": 1988762.75,
        "stdev": 1899801.25,
        "var": 3.60924472934e+12
    },
    "spectral_strongpeak": {
        "dmean": 0.461820989847,
        "dmean2": 0.774256944656,
        "dvar": 0.496649771929,
        "dvar2": 1.21362030506,
        "max": 8.96135425568,
        "mean": 0.680016875267,
        "median": 0.440365940332,
        "min": 0,
        "stdev": 0.838696122169,
        "var": 0.703411221504
    },
    "zerocrossingrate": {
        "dmean": 0.0167084056884,
        "dmean2": 0.0188145712018,
        "dvar": 0.000285786140012,
        "dvar2": 0.000340098602464,
        "max": 0.3095703125,
        "mean": 0.137360647321,
        "median": 0.1259765625,
        "min": 0.05419921875,
        "stdev": 0.0469664745033,
        "var": 0.00220584962517
    },
    "barkbands": {
        "dmean": [4.28661417473e-09, 1.75821583071e-06, 6.11300265518e-06, 1.42446442624e-05, 7.2258822911e-05, 9.87887688098e-05, 9.42658734857e-05, 0.000157089161803, 0.000428204104537, 0.000463902222691, 0.000396101328079, 0.000724594050553, 0.000794952095021, 0.000903161882889, 0.000713817949872, 0.000882235704921, 0.000423199438956, 0.00024362228578, 0.000140350995935, 0.000142734905239, 0.000178727772436, 0.000215340551222, 0.000289612537017, 0.000276715290966, 0.000119746553537, 4.52418789791e-05, 9.04553417058e-06],
        "dmean2": [7.19765758106e-09, 3.0472428989e-06, 1.08038284452e-05, 2.50616794801e-05, 0.000124903715914, 0.000173741660547, 0.000162164200447, 0.000264419766609, 0.000701478042174, 0.000751658983063, 0.000664849590976, 0.0012418020051, 0.00130681239534, 0.00153822766151, 0.00112675561104, 0.00139509688597, 0.000677875534166, 0.000410488661146, 0.000220639223699, 0.000230223988183, 0.000273072073469, 0.000343280466041, 0.000458589725895, 0.00041703088209, 0.000193429659703, 7.5316427683e-05, 1.51622643898e-05],
        "dvar": [1.69806886634e-15, 8.27412617588e-12, 8.39100663952e-11, 7.16285974978e-10, 2.49637608363e-08, 5.23441983091e-08, 4.05023570238e-08, 1.30767517703e-07, 1.28598219362e-06, 9.00397253645e-07, 1.28941883304e-06, 5.72006274524e-06, 3.62173295798e-06, 7.30499368728e-06, 2.62791309069e-06, 3.70266661776e-06, 1.13930502721e-06, 4.20305866555e-07, 9.66369881894e-08, 1.37395360866e-07, 2.72158501957e-07, 5.71589623632e-07, 1.07928281068e-06, 9.43440340961e-07, 1.17426779411e-07, 1.82683344008e-08, 6.80238865236e-10],
        "dvar2": [4.31191396811e-15, 2.25686344613e-11, 2.28681254488e-10, 2.07893613435e-09, 6.97134368011e-08, 1.55160506665e-07, 1.08877884486e-07, 3.6606041931e-07, 3.2522618767e-06, 2.00588169719e-06, 3.39857706422e-06, 1.61798052432e-05, 9.58682539931e-06, 2.04254411074e-05, 6.67317272018e-06, 9.11471215659e-06, 2.9388781968e-06, 1.1665869124e-06, 2.3867127652e-07, 3.64310864143e-07, 6.39099653199e-07, 1.41119699038e-06, 2.42743703893e-06, 2.06179470297e-06, 3.20177861113e-07, 4.91713301187e-08, 1.88739557316e-09],
        "max": [1.04149330582e-06, 2.40474309976e-05, 0.000100672383269, 0.000322639592923, 0.00220737839118, 0.0035417645704, 0.00369814736769, 0.00621839659289, 0.0170893985778, 0.0172889139503, 0.0201207157224, 0.0437287315726, 0.0232462678105, 0.035317402333, 0.0184557195753, 0.0210120845586, 0.0157087463886, 0.00804493110627, 0.00581923639402, 0.00601397641003, 0.0095143020153, 0.0116047570482, 0.0232120621949, 0.0196134895086, 0.00512334145606, 0.00185241620056, 0.000327565794578],
        "mean": [4.4382622022e-09, 2.00110889637e-06, 7.3728233474e-06, 1.61522420967e-05, 0.000105142360553, 0.000133464389364, 0.000120401680761, 0.000193827960175, 0.000552831566893, 0.000648099347018, 0.000476236251416, 0.000864711531904, 0.00101817422546, 0.00102769513614, 0.0009564665379, 0.0011193464743, 0.000552326731849, 0.000306211499264, 0.000198013847694, 0.000194192049094, 0.000242367066676, 0.000268512114417, 0.000332410709234, 0.000329549307935, 0.000133124965942, 4.64012773591e-05, 8.81049891177e-06],
        "median": [2.10891792918e-09, 9.6450764886e-07, 3.7449053707e-06, 6.77008029015e-06, 3.97791736759e-05, 4.56675006717e-05, 4.62696698378e-05, 6.09899288975e-05, 0.000182714313269, 0.000243041358772, 0.000154782115715, 0.000284566107439, 0.000336175173288, 0.000284951966023, 0.000304947985569, 0.000305952882627, 0.00019669966423, 0.000118614334497, 7.73573628976e-05, 7.40029645385e-05, 8.23157097329e-05, 8.47256014822e-05, 9.33403280214e-05, 8.16230894998e-05, 3.74745686713e-05, 1.33235080284e-05, 2.19941489377e-06],
        "min": [2.89894566685e-11, 1.80639444375e-12, 1.40758810315e-13, 4.94594545441e-13, 2.08075570662e-12, 6.71114531135e-13, 1.58121215774e-12, 1.19447062918e-12, 1.90320198837e-12, 1.38258762078e-12, 1.02681567676e-12, 3.05186344945e-12, 2.3766763297e-12, 1.98678768749e-12, 1.85241882597e-12, 1.06206991986e-12, 3.99112730712e-12, 8.12424866964e-12, 4.59397797581e-12, 9.79830279413e-12, 1.56598449486e-11, 3.3351138691e-12, 1.26720405003e-11, 2.57673778148e-11, 1.77069713059e-11, 3.09518279062e-11, 3.67940192203e-11],
        "stdev": [3.53116220708e-08, 3.12582460538e-06, 1.02832391349e-05, 2.96343696391e-05, 0.00018870709755, 0.000261430221144, 0.000237154541537, 0.000417270028265, 0.00134401430842, 0.00123657798395, 0.00116076460108, 0.00212913914584, 0.00205601449125, 0.0024949721992, 0.00190221949015, 0.0022204129491, 0.00111044826917, 0.000618948950432, 0.000352041010046, 0.000376672542188, 0.000561942462809, 0.000748209131416, 0.00114956428297, 0.00108822900802, 0.000321354484186, 0.000123545716633, 2.3058424631e-05],
        "var": [1.24691074303e-15, 9.7707788041e-12, 1.05745009971e-10, 8.78195849374e-10, 3.56103662114e-08, 6.8345762827e-08, 5.62422783901e-08, 1.74114276774e-07, 1.80637448466e-06, 1.52912502926e-06, 1.34737456392e-06, 4.53323355032e-06, 4.22719585913e-06, 6.22488641966e-06, 3.61843876817e-06, 4.93023389936e-06, 1.23309541777e-06, 3.83097784606e-07, 1.23932863971e-07, 1.41882196658e-07, 3.15779317361e-07, 5.59816896839e-07, 1.32149807541e-06, 1.18424225093e-06, 1.03268696705e-07, 1.52635450945e-08, 5.3169096903e-10]
    },
    "erbbands": {
        "dmean": [1.28890078486e-05, 0.000560608343221, 0.00532734720036, 0.0268744435161, 0.0939319804311, 0.295162677765, 0.63999915123, 0.87215077877, 1.04728996754, 2.12369823456, 3.87371969223, 10.0354146957, 13.1429929733, 14.3490591049, 20.6957035065, 29.2236175537, 33.6640663147, 42.0100669861, 41.5085372925, 45.9371910095, 40.0718917847, 23.1261024475, 14.5265617371, 8.79507160187, 6.06827497482, 6.50077342987, 7.43072032928, 7.4348783493, 8.04562854767, 7.15842723846, 8.69808483124, 7.28979301453, 3.74990200996, 1.58442723751, 0.714853286743, 0.257138133049, 0.0753350555897, 0.0138981705531, 0.00155694107525, 7.47479643906e-05],
        "dmean2": [2.19954908971e-05, 0.000968951149844, 0.00923098810017, 0.0463623255491, 0.161312967539, 0.512869894505, 1.11049175262, 1.5482956171, 1.79420590401, 3.57800006866, 6.49163627625, 16.6067562103, 21.278345108, 23.6906452179, 34.7324829102, 49.1958961487, 54.9546203613, 69.3236312866, 66.6827697754, 75.1623687744, 63.1927375793, 36.6436920166, 24.224609375, 14.2349739075, 9.50755405426, 10.4106340408, 11.5042104721, 11.5995569229, 13.0072536469, 11.3654565811, 13.6392765045, 11.4089698792, 6.10395240784, 2.591537714, 1.16699326038, 0.430639505386, 0.125851035118, 0.0230347886682, 0.00260239630006, 0.00012388745381],
        "dvar": [4.23147988871e-10, 8.16560316252e-07, 5.88842194702e-05, 0.0020745373331, 0.0276924446225, 0.411197215319, 3.21259593964, 4.17037773132, 3.99856901169, 40.0638656616, 66.3078536987, 877.585632324, 1033.14355469, 747.188598633, 4719.14355469, 7960.41015625, 5964.94189453, 12820.9248047, 13574.5253906, 10892.4492188, 7967.44384766, 3139.56835938, 1474.98950195, 544.609924316, 146.302947998, 277.230834961, 420.903503418, 544.037109375, 951.430603027, 541.619445801, 1085.9765625, 776.569885254, 180.974731445, 19.8447208405, 4.84891366959, 0.56843906641, 0.0569940954447, 0.00149521161802, 1.92737898033e-05, 3.86615255366e-08],
        "dvar2": [1.15567611036e-09, 2.19975527216e-06, 0.000160628318554, 0.00598540902138, 0.07347458601, 1.15763866901, 9.05610656738, 12.1962776184, 10.8635931015, 130.28364563, 172.401046753, 2262.87231445, 2512.19970703, 1823.63806152, 12807.4111328, 22170.1464844, 15622.7734375, 34981.7539062, 36249.2070312, 28656.0136719, 19633.8300781, 7875.80029297, 4051.29125977, 1444.21447754, 345.487640381, 730.559082031, 994.176940918, 1281.37609863, 2386.17944336, 1366.26623535, 2482.83300781, 1475.69921875, 479.94543457, 52.9677734375, 13.373085022, 1.52144134045, 0.155978322029, 0.00403676042333, 5.31057667104e-05, 1.05180582466e-07],
        "max": [0.000203110859729, 0.00826648809016, 0.080981977284, 0.557617783546, 2.19467258453, 8.57212543488, 35.6883888245, 31.905166626, 21.7908725739, 123.736076355, 87.2412567139, 530.777282715, 667.242614746, 378.722015381, 1036.58105469, 1542.10656738, 1014.01068115, 1500.70483398, 1509.20263672, 1147.52026367, 888.630065918, 768.644287109, 422.289733887, 482.127441406, 149.785232544, 273.991210938, 330.947753906, 431.852539062, 519.403198242, 347.084869385, 750.788696289, 630.408630371, 215.399551392, 59.8081130981, 33.4765090942, 7.79205513, 3.54844975471, 0.44972717762, 0.0502594076097, 0.00230982457288],
        "mean": [1.76931662281e-05, 0.000689715729095, 0.00683026202023, 0.0338723286986, 0.123707197607, 0.400027245283, 0.894758224487, 1.09394609928, 1.3885923624, 2.84731197357, 5.21342372894, 12.3674516678, 18.5482826233, 19.7196025848, 24.7844963074, 36.4020462036, 44.8640594482, 51.744846344, 52.3327560425, 59.6143417358, 52.5261459351, 31.3071804047, 18.9697475433, 11.8181009293, 9.09721469879, 9.08590221405, 9.92175769806, 9.80823040009, 9.87062263489, 8.49711036682, 9.88314342499, 8.68021392822, 4.29746055603, 1.82093095779, 0.774103403091, 0.265954583883, 0.0753875225782, 0.013852619566, 0.00151748291682, 8.29582568258e-05],
        "median": [1.10077116915e-05, 0.000392568908865, 0.00369750778191, 0.0165082663298, 0.0531412139535, 0.142256468534, 0.256515204906, 0.383343994617, 0.553221106529, 0.955147147179, 1.74528586864, 3.86230826378, 6.74523258209, 7.5914645195, 7.83588075638, 12.7846670151, 15.810839653, 15.6764574051, 15.0484018326, 18.403213501, 15.9817447662, 11.5923833847, 7.45834779739, 4.6522693634, 3.78650450706, 3.57761788368, 3.28707647324, 3.3850069046, 2.96435666084, 2.64248752594, 2.6735663414, 1.92144751549, 1.14000308514, 0.516578257084, 0.215681999922, 0.0748129189014, 0.0211153775454, 0.00355311436579, 0.00037773270742, 2.55413397099e-05],
        "min": [8.9277224502e-10, 4.10922351701e-10, 3.81185416565e-10, 1.30214095062e-09, 5.5692210843e-09, 5.68462477091e-09, 1.15373453013e-08, 3.28224247781e-09, 1.59710236147e-08, 2.81749930053e-08, 2.48812455084e-08, 3.9240905636e-08, 5.91891726742e-08, 3.67724339867e-08, 6.24388718506e-08, 1.27453333221e-07, 1.21919953244e-07, 9.78092487003e-08, 6.23741769346e-08, 1.15543919321e-07, 7.38821412938e-08, 2.5789441338e-07, 3.45456328432e-07, 4.0058517925e-07, 2.53654803828e-07, 4.59015183196e-07, 4.7456958896e-07, 6.39564348148e-07, 1.24077629948e-07, 2.62381490757e-07, 4.6900373718e-07, 3.09925184183e-07, 5.42597376807e-07, 2.43982981374e-07, 1.1677025924e-07, 1.05273990414e-07, 5.82660888426e-08, 2.16926601126e-08, 4.67850025387e-09, 6.27790763819e-10],
        "stdev": [2.32298261835e-05, 0.00100621813908, 0.00899016484618, 0.0545753277838, 0.199538260698, 0.728863239288, 2.00812149048, 2.16897082329, 2.29830503464, 7.5020699501, 10.1191892624, 32.6145744324, 39.3911705017, 35.069732666, 65.6240081787, 83.2291870117, 86.8987579346, 112.261497498, 120.37297821, 115.827545166, 102.176292419, 60.7442550659, 37.6197013855, 23.319984436, 15.1866321564, 17.2453651428, 22.1755523682, 24.4402122498, 29.5531234741, 23.4929962158, 36.0271339417, 33.1348648071, 12.8138551712, 4.30177211761, 1.99705374241, 0.69335860014, 0.212157130241, 0.0355100631714, 0.00393924862146, 0.000186384757399],
        "var": [5.39624844809e-10, 1.01247496787e-06, 8.08230688563e-05, 0.00297846645117, 0.0398155152798, 0.53124165535, 4.03255176544, 4.704433918, 5.2822060585, 56.2810516357, 102.397994995, 1063.71044922, 1551.66442871, 1229.8861084, 4306.51074219, 6927.09814453, 7551.39404297, 12602.6445312, 14489.6542969, 13416.0195312, 10439.9941406, 3689.86474609, 1415.24194336, 543.821716309, 230.633789062, 297.402648926, 491.755157471, 597.323974609, 873.387084961, 551.920837402, 1297.95446777, 1097.91918945, 164.194885254, 18.5052452087, 3.9882235527, 0.480746150017, 0.0450106449425, 0.00126096466556, 1.55176785483e-05, 3.47392763445e-08]
    },
    "gfcc": {
        "mean": [-106.321838379, -4.50506591797, -161.622283936, -4.93928670883, -72.4575576782, 14.5340623856, -51.4525871277, -3.62335729599, -28.3537406921, -6.15383481979, -23.9490337372, -2.45200014114, -13.3670558929],
        "cov": [[41794.4179688, -237.986343384, -5842.68554688, -1742.27929688, -1948.75891113, 241.824050903, -1318.1796875, -439.733001709, -428.455688477, -318.667144775, -621.446472168, -246.202178955, -183.3543396], [-237.986343384, 1077.87854004, -17.5664539337, 34.9046325684, 34.8130569458, 8.50424098969, -92.926109314, -80.6433334351, -47.2253761292, -68.6065444946, -42.2094154358, -35.4951057434, -7.30701494217], [-5842.68554688, -17.5664539337, 1169.32592773, 389.354034424, 232.004425049, -36.7193641663, 210.316665649, 69.246055603, 30.8560657501, 55.9972648621, 86.7533569336, 26.7803535461, -0.38040548563], [-1742.27929688, 34.9046325684, 389.354034424, 376.491912842, 109.427360535, 18.5581989288, 80.7998046875, 43.2980384827, -4.91099739075, 5.7281870842, 18.3923206329, -2.7306933403, -16.7332210541], [-1948.75891113, 34.8130569458, 232.004425049, 109.427360535, 250.6849823, 40.4758758545, 61.2389450073, 39.5236778259, 39.9693450928, 11.9803934097, 19.7992839813, 17.0924034119, 9.12335395813], [241.824050903, 8.50424098969, -36.7193641663, 18.5581989288, 40.4758758545, 108.539009094, 17.6366863251, 2.69399738312, 4.12058544159, -5.54417419434, -10.4966087341, -1.42298090458, -4.32280302048], [-1318.1796875, -92.926109314, 210.316665649, 80.7998046875, 61.2389450073, 17.6366863251, 134.37046814, 47.5866775513, 14.1722221375, 20.7229728699, 17.3568000793, 8.98861503601, 5.35099697113], [-439.733001709, -80.6433334351, 69.246055603, 43.2980384827, 39.5236778259, 2.69399738312, 47.5866775513, 81.5294113159, 26.1539516449, 11.0293750763, 12.3052206039, 6.56915473938, 1.40357208252], [-428.455688477, -47.2253761292, 30.8560657501, -4.91099739075, 39.9693450928, 4.12058544159, 14.1722221375, 26.1539516449, 67.7028427124, 28.6597633362, 13.1723747253, 14.3280467987, 4.0717215538], [-318.667144775, -68.6065444946, 55.9972648621, 5.7281870842, 11.9803934097, -5.54417419434, 20.7229728699, 11.0293750763, 28.6597633362, 61.4309387207, 24.6921291351, 9.11932563782, 3.82503843307], [-621.446472168, -42.2094154358, 86.7533569336, 18.3923206329, 19.7992839813, -10.4966087341, 17.3568000793, 12.3052206039, 13.1723747253, 24.6921291351, 52.5016288757, 18.5045986176, 4.06933450699], [-246.202178955, -35.4951057434, 26.7803535461, -2.7306933403, 17.0924034119, -1.42298090458, 8.98861503601, 6.56915473938, 14.3280467987, 9.11932563782, 18.5045986176, 42.3790359497, 15.4047088623], [-183.3543396, -7.30701494217, -0.38040548563, -16.7332210541, 9.12335395813, -4.32280302048, 5.35099697113, 1.40357208252, 4.0717215538, 3.82503843307, 4.06933450699, 15.4047088623, 40.0192680359]],
        "icov": [[0.000158249516971, 7.75091539253e-05, 0.000567182083614, -0.00010774313705, 0.000593032978941, -0.000413826957811, 0.000597696285695, -0.000327785382979, 0.00053766858764, -0.000430890184361, 0.00074452906847, -0.000297489779769, 0.000476504588732], [7.75091539253e-05, 0.00120099948253, 0.000168239348568, -0.000219507506699, -0.000118293959531, -0.000231638143305, 0.00104466837365, 0.000711813976523, 0.000312912015943, 0.00067356688669, 0.000580041960347, 0.000557274732273, -4.81879105791e-05], [0.000567182083614, 0.000168239348568, 0.00409654481336, -0.00183720816858, 0.00118676922284, 1.03539978227e-05, -0.000149263112689, -0.0001927929261, 0.00177059776615, -0.00176215020474, 0.000972431211267, -0.00103964365553, 0.00194697408006], [-0.00010774313705, -0.000219507506699, -0.00183720816858, 0.00475147040561, -0.00106129888445, -0.000680244062096, -0.000310456118314, -0.00158698670566, 0.00148064258974, 0.000136471731821, -4.3593618102e-06, 0.000334045500495, 0.00140935205854], [0.000593032978941, -0.000118293959531, 0.00118676922284, -0.00106129888445, 0.00866641011089, -0.00397870363668, 0.00190898915753, -0.00229812692851, -0.00125257938635, -0.00040968277608, 0.00227561267093, -0.00173582066782, 0.000286232301733], [-0.000413826957811, -0.000231638143305, 1.03539978227e-05, -0.000680244062096, -0.00397870363668, 0.0125964730978, -0.00460135005414, 0.00252135586925, -0.00197551283054, 0.00163981306832, -0.000306810630718, 0.000206904151128, 0.000567686976865], [0.000597696285695, 0.00104466837365, -0.000149263112689, -0.000310456118314, 0.00190898915753, -0.00460135005414, 0.0164453778416, -0.00715067517012, 0.00420432025567, -0.00406850269064, 0.00416347291321, -0.00121896888595, -7.54447537474e-05], [-0.000327785382979, 0.000711813976523, -0.0001927929261, -0.00158698670566, -0.00229812692851, 0.00252135586925, -0.00715067517012, 0.0198350753635, -0.0078404918313, 0.00391286239028, -0.00385109218769, 0.00199457956478, -0.00093295640545], [0.00053766858764, 0.000312912015943, 0.00177059776615, 0.00148064258974, -0.00125257938635, -0.00197551283054, 0.00420432025567, -0.0078404918313, 0.0259348098189, -0.0118265887722, 0.00474769249558, -0.00641489261761, 0.00341966724955], [-0.000430890184361, 0.00067356688669, -0.00176215020474, 0.000136471731821, -0.00040968277608, 0.00163981306832, -0.00406850269064, 0.00391286239028, -0.0118265887722, 0.0271149966866, -0.0117572247982, 0.0039991280064, -0.0028658285737], [0.00074452906847, 0.000580041960347, 0.000972431211267, -4.3593618102e-06, 0.00227561267093, -0.000306810630718, 0.00416347291321, -0.00385109218769, 0.00474769249558, -0.0117572247982, 0.0337073579431, -0.0124703012407, 0.00456436211243], [-0.000297489779769, 0.000557274732273, -0.00103964365553, 0.000334045500495, -0.00173582066782, 0.000206904151128, -0.00121896888595, 0.00199457956478, -0.00641489261761, 0.0039991280064, -0.0124703012407, 0.0349847339094, -0.0125486245379], [0.000476504588732, -4.81879105791e-05, 0.00194697408006, 0.00140935205854, 0.000286232301733, 0.000567686976865, -7.54447537474e-05, -0.00093295640545, 0.00341966724955, -0.0028658285737, 0.00456436211243, -0.0125486245379, 0.0321012474597]]
    },
    "melbands": {
        "dmean": [2.85987795223e-07, 2.11914311876e-06, 5.992613751e-06, 1.23227919175e-05, 1.98901798285e-05, 1.89651545952e-05, 1.68600272445e-05, 2.46161362156e-05, 3.52395618393e-05, 6.68504071655e-05, 6.72691894579e-05, 5.97016478423e-05, 6.04937267781e-05, 8.16797110019e-05, 7.65861041145e-05, 7.8964207205e-05, 8.05037198006e-05, 7.29690000298e-05, 5.40135843039e-05, 7.05859492882e-05, 4.32084525528e-05, 2.59953376371e-05, 1.85330773093e-05, 1.01334098872e-05, 7.23990069673e-06, 4.67479185318e-06, 4.23706160291e-06, 4.55580811831e-06, 5.06850028614e-06, 4.08881533076e-06, 4.49934805147e-06, 4.91309810968e-06, 3.92945321437e-06, 4.01223587687e-06, 4.96327675137e-06, 5.2929535741e-06, 4.34494813817e-06, 3.01444902107e-06, 1.76264484253e-06, 1.19634671591e-06],
        "dmean2": [4.95121526001e-07, 3.62827699973e-06, 1.02630929177e-05, 2.1264922907e-05, 3.49373804056e-05, 3.33164571202e-05, 2.87525108433e-05, 4.13276829931e-05, 5.87022223044e-05, 0.000111164183181, 0.000109307380626, 9.76146693574e-05, 0.000102124846308, 0.000138150964631, 0.000129208099679, 0.000129797233967, 0.000133782377816, 0.000120925105875, 8.62484230311e-05, 0.000113954461995, 7.00005257386e-05, 4.10070970247e-05, 3.12321317324e-05, 1.68971782841e-05, 1.18552097774e-05, 7.43863438402e-06, 6.67050517222e-06, 7.51450943426e-06, 8.08109507489e-06, 6.39087647869e-06, 7.1142330853e-06, 7.93757226347e-06, 6.43005978418e-06, 6.46893022349e-06, 7.90976264398e-06, 8.52201083035e-06, 6.62530646878e-06, 4.98447434438e-06, 2.92343202091e-06, 1.93967184714e-06],
        "dvar": [2.13089853922e-13, 9.03277366099e-12, 1.07039356545e-10, 6.16593776037e-10, 2.90702062422e-09, 1.85175541567e-09, 1.05643738202e-09, 5.2117816729e-09, 5.63446622692e-09, 3.75905067074e-08, 2.69781406104e-08, 1.31501511902e-08, 3.42848522905e-08, 7.22736075431e-08, 3.90476131429e-08, 3.58207721263e-08, 4.82045905414e-08, 4.74953729679e-08, 1.48519214704e-08, 2.39616841924e-08, 9.98545335307e-09, 3.65749164288e-09, 2.70094591137e-09, 7.94426413542e-10, 4.33130697974e-10, 8.42186181904e-11, 8.13905123853e-11, 1.69142436168e-10, 2.1490170754e-10, 1.36718941723e-10, 2.12184464443e-10, 3.66844304933e-10, 1.96318919454e-10, 1.67362956827e-10, 3.83439585638e-10, 4.15376844032e-10, 2.56358767547e-10, 1.26688423641e-10, 2.96651696263e-11, 1.11908806874e-11],
        "dvar2": [5.85151393485e-13, 2.45470224008e-11, 3.00545921483e-10, 1.71052105813e-09, 8.21218115732e-09, 5.46667910939e-09, 2.84553047791e-09, 1.68689844315e-08, 1.45451011235e-08, 9.65542170661e-08, 6.52119496181e-08, 3.2435785613e-08, 9.10474540206e-08, 2.05328063885e-07, 1.06439870251e-07, 9.44237612543e-08, 1.32303881628e-07, 1.30183920533e-07, 3.76839963678e-08, 6.16428792455e-08, 2.52075089691e-08, 9.21482623539e-09, 7.29103621921e-09, 2.27577934275e-09, 1.15171483461e-09, 1.99377417354e-10, 1.97510924282e-10, 4.61943122643e-10, 5.17471065997e-10, 3.39510974889e-10, 4.94578100696e-10, 9.05922059591e-10, 5.13529274659e-10, 4.24942220301e-10, 9.32742327819e-10, 7.90483900559e-10, 5.2315379806e-10, 3.46510015126e-10, 8.1141086905e-11, 2.97941116223e-11],
        "max": [4.23496112489e-06, 3.44413492712e-05, 0.000126008177176, 0.000368006702047, 0.00103861221578, 0.000629894842859, 0.000343411637004, 0.00152196467388, 0.000819415028673, 0.00315449759364, 0.00342239346355, 0.00171158870216, 0.00282464106567, 0.00502762338147, 0.00296015106142, 0.00201442185789, 0.00291973655112, 0.00282190483995, 0.00133268686477, 0.00162369862664, 0.00106830266304, 0.000830626406241, 0.000741326191928, 0.000372708804207, 0.00044898246415, 0.00010303837189, 0.000109130960482, 0.000226385891438, 0.000243769114604, 0.000178242116817, 0.000284678739263, 0.000316925375955, 0.000198171066586, 0.000206528799026, 0.000443391501904, 0.000453332992038, 0.000350887799868, 0.000164481025422, 8.09784323792e-05, 5.33419442945e-05],
        "mean": [3.37660026162e-07, 2.8672013741e-06, 8.10572964838e-06, 1.79078797373e-05, 2.95931367873e-05, 2.47962780122e-05, 2.21232567128e-05, 3.28331589117e-05, 4.69974911539e-05, 8.20779896458e-05, 9.35634307098e-05, 8.0348647316e-05, 7.24816418369e-05, 9.38357625273e-05, 9.77928502834e-05, 0.000101054443803, 9.55615396379e-05, 8.5620842583e-05, 7.28971717763e-05, 8.61392909428e-05, 5.47965391888e-05, 3.33942771249e-05, 2.27107611863e-05, 1.28966912598e-05, 9.23537209019e-06, 6.8459639806e-06, 6.13051452092e-06, 5.97125153945e-06, 6.32845649307e-06, 5.53062409381e-06, 5.77843320571e-06, 5.84187137065e-06, 4.74608395962e-06, 4.65402672489e-06, 5.50954246137e-06, 5.95753317612e-06, 5.09930487169e-06, 3.31932551489e-06, 1.98954353436e-06, 1.35615528052e-06],
        "median": [1.67444326848e-07, 1.59923263254e-06, 4.25339749199e-06, 7.08316520104e-06, 8.87370697455e-06, 8.66450136527e-06, 8.7246116891e-06, 1.0518133422e-05, 1.56231071742e-05, 2.51569326792e-05, 3.44394684362e-05, 3.02275402646e-05, 2.29661000049e-05, 3.08580420096e-05, 3.41632839991e-05, 3.24989341607e-05, 2.79201067315e-05, 2.29570650845e-05, 2.37400254264e-05, 2.29076540563e-05, 1.58166367328e-05, 1.16943701869e-05, 7.94584957475e-06, 4.89214244226e-06, 3.52753340849e-06, 2.63323840954e-06, 2.44209377342e-06, 2.16037597056e-06, 2.05401624953e-06, 1.85299791156e-06, 1.92933771359e-06, 1.70222062934e-06, 1.47452863075e-06, 1.35991149364e-06, 1.52607697146e-06, 1.41064390391e-06, 1.16711225928e-06, 8.50272158459e-07, 5.59219415663e-07, 3.73904811113e-07],
        "min": [7.76196208002e-12, 2.266197077e-13, 3.965362923e-13, 6.05346881562e-13, 3.65165309015e-13, 8.34409649123e-14, 2.68198034311e-13, 3.02948638398e-13, 1.88232662421e-13, 2.77424350853e-13, 2.93824047124e-13, 1.42536441092e-13, 1.6608617964e-13, 2.7942158678e-13, 4.4064326298e-13, 1.47883590681e-13, 1.99214790172e-13, 8.63814973869e-14, 1.80474057465e-13, 9.90400117603e-14, 8.40717063024e-14, 2.70870484246e-13, 2.16063237722e-13, 4.17333648108e-13, 3.2225340018e-13, 1.53827444489e-13, 2.85644500674e-13, 3.00583180308e-13, 2.67313189813e-13, 3.55659430943e-13, 3.51030240032e-13, 5.73473899119e-14, 6.52247082299e-14, 1.523219078e-13, 3.15614857383e-13, 1.31630451439e-13, 1.95627761494e-13, 4.60492971879e-13, 1.76527019456e-13, 2.44246354912e-13],
        "stdev": [5.06042795223e-07, 3.66718677469e-06, 1.2555401554e-05, 2.99518815154e-05, 6.21848012088e-05, 4.75535925943e-05, 3.76920215786e-05, 8.51780569064e-05, 9.37329532462e-05, 0.000214660074562, 0.000199529822567, 0.000144108387758, 0.000185077296919, 0.000235907646129, 0.000204587719054, 0.000203147894354, 0.000213594408706, 0.00021201641357, 0.000142511868034, 0.000172514744918, 0.000108900683699, 6.54838222545e-05, 4.98273220728e-05, 2.60745437117e-05, 1.99255082407e-05, 1.14432741611e-05, 1.07472096715e-05, 1.24268708532e-05, 1.51148697114e-05, 1.23665977299e-05, 1.5070911104e-05, 1.8355105567e-05, 1.32905079226e-05, 1.31023716676e-05, 2.00857539312e-05, 2.42177011387e-05, 1.8607101083e-05, 1.03305001176e-05, 5.045179023e-06, 3.22262167174e-06],
