{
"lowlevel": {
    "average_loudness": 0.930053114891,
    "barkbands_crest": {
        "dmean": 1.04529702663,
        "dmean2": 1.68107116222,
        "dvar": 5.69036865234,
        "dvar2": 15.0002155304,
        "max": 25.6150684357,
        "mean": 9.83400249481,
        "median": 8.23016738892,
        "min": 4.17055511475,
        "stdev": 4.31262540817,
        "var": 18.5987377167
    },
    "barkbands_flatness_db": {
        "dmean": 0.0217595547438,
        "dmean2": 0.0371615476906,
        "dvar": 0.000748718390241,
        "dvar2": 0.00178980245255,
        "max": 0.443412482738,
        "mean": 0.337465077639,
        "median": 0.361910134554,
        "min": 0.0184981841594,
        "stdev": 0.0950943902135,
        "var": 0.00904294289649
    },
    "barkbands_kurtosis": {
        "dmean": 3.96177983284,
        "dmean2": 6.78894376755,
        "dvar": 178.299530029,
        "dvar2": 476.511505127,
        "max": 112.699546814,
        "mean": 4.74123096466,
        "median": 1.76007986069,
        "min": -1.49124515057,
        "stdev": 14.3226470947,
        "var": 205.138214111
    },
    "barkbands_skewness": {
        "dmean": 0.423828005791,
        "dmean2": 0.695996463299,
        "dvar": 1.34237766266,
        "dvar2": 3.3712477684,
        "max": 10.3745756149,
        "mean": 0.00257362634875,
        "median": -0.713465452194,
        "min": -1.16658473015,
        "stdev": 2.06900429726,
        "var": 4.28077840805
    },
    "barkbands_spread": {
        "dmean": 2.93343710899,
        "dmean2": 5.05448055267,
        "dvar": 76.0919418335,
        "dvar2": 202.927276611,
        "max": 90.6057739258,
        "mean": 9.30994129181,
        "median": 5.41085577011,
        "min": 3.5916659832,
        "stdev": 11.6546945572,
        "var": 135.83190918
    },
    "dissonance": {
        "dmean": 0.0364379957318,
        "dmean2": 0.0644081681967,
        "dvar": 0.00118655501865,
        "dvar2": 0.0036985562183,
        "max": 0.499683588743,
        "mean": 0.409705221653,
        "median": 0.409508317709,
        "min": 0.240707278252,
        "stdev": 0.0542938858271,
        "var": 0.00294782617129
    },
    "dynamic_complexity": 10.1084117889,
    "erbbands_crest": {
        "dmean": 0.757145166397,
        "dmean2": 1.15936028957,
        "dvar": 3.98521995544,
        "dvar2": 9.17169570923,
        "max": 21.942987442,
        "mean": 9.49270343781,
        "median": 9.69035148621,
        "min": 2.09304690361,
        "stdev": 2.78156590462,
        "var": 7.73710918427
    },
    "erbbands_flatness_db": {
        "dmean": 0.00785113871098,
        "dmean2": 0.0107137896121,
        "dvar": 0.000327799643856,
        "dvar2": 0.000455544533907,
        "max": 0.454574197531,
        "mean": 0.341382831335,
        "median": 0.380706429482,
        "min": 0.0247926469892,
        "stdev": 0.123777940869,
        "var": 0.0153209781274
    },
    "erbbands_kurtosis": {
        "dmean": 0.298900932074,
        "dmean2": 0.41901114583,
        "dvar": 0.733094334602,
        "dvar2": 1.61511433125,
        "max": 8.34097099304,
        "mean": 1.63551533222,
        "median": 1.73455619812,
        "min": -1.15291190147,
        "stdev": 1.30338168144,
        "var": 1.69880390167
    },
    "erbbands_skewness": {
        "dmean": 0.104893520474,
        "dmean2": 0.160141050816,
        "dvar": 0.0600402206182,
        "dvar2": 0.149838119745,
        "max": 1.58061373234,
        "mean": -0.376627475023,
        "median": -0.418776214123,
        "min": -1.03317129612,
        "stdev": 0.314376711845,
        "var": 0.0988327115774
    },
    "erbbands_spread": {
        "dmean": 2.53279781342,
        "dmean2": 3.54591846466,
        "dvar": 56.7971801758,
        "dvar2": 94.6921844482,
        "max": 94.1489334106,
        "mean": 13.1532802582,
        "median": 6.21035766602,
        "min": 5.18325901031,
        "stdev": 17.5920257568,
        "var": 309.4793396
    },
    "hfc": {
        "dmean": 0.866089105606,
        "dmean2": 0.551264822483,
        "dvar": 3.37171649933,
        "dvar2": 0.804094135761,
        "max": 76.552230835,
        "mean": 36.1195220947,
        "median": 40.7859535217,
        "min": 1.48838198584e-05,
        "stdev": 28.8222560883,
        "var": 830.722412109
    },
    "loudness_ebu128": {
        "integrated": -17.3763866425,
        "loudness_range": 2.43266868591,
        "momentary": {
            "dmean": 1.67743778229,
            "dmean2": 1.12975525856,
            "dvar": 17.024307251,
            "dvar2": 7.60507249832,
            "max": -15.2789068222,
            "mean": -23.571062088,
            "median": -17.379070282,
            "min": -77.3125686646,
            "stdev": 15.0574235916,
            "var": 226.726013184
        },
        "short_term": {
            "dmean": 0.16730196774,
            "dmean2": 0.0203610304743,
            "dvar": 0.00392227061093,
            "dvar2": 0.000615606142674,
            "max": -16.0520648956,
            "mean": -17.0597553253,
            "median": -16.8059215546,
            "min": -19.0888118744,
            "stdev": 0.880580961704,
            "var": 0.775422871113
        }
    },
    "melbands_crest": {
        "dmean": 1.36260867119,
        "dmean2": 2.09861445427,
        "dvar": 12.1408634186,
        "dvar2": 27.3787460327,
        "max": 38.4963417053,
        "mean": 12.4308080673,
        "median": 9.92848300934,
        "min": 6.78907442093,
        "stdev": 8.12564373016,
        "var": 66.0260848999
    },
    "melbands_flatness_db": {
        "dmean": 0.0120274685323,
        "dmean2": 0.0181143786758,
        "dvar": 0.000529033015482,
        "dvar2": 0.00111849233508,
        "max": 0.4189850986,
        "mean": 0.311191737652,
        "median": 0.306933522224,
        "min": 0.0730819255114,
        "stdev": 0.0707353577018,
        "var": 0.00500349095091
    },
    "melbands_kurtosis": {
        "dmean": 7.97015428543,
        "dmean2": 12.2281513214,
        "dvar": 979.530883789,
        "dvar2": 2322.41625977,
        "max": 374.15222168,
        "mean": 10.1383810043,
        "median": 0.34015917778,
        "min": -0.810716152191,
        "stdev": 39.5306892395,
        "var": 1562.67529297
    },
    "melbands_skewness": {
        "dmean": 0.489637106657,
        "dmean2": 0.748805940151,
        "dvar": 2.11598801613,
        "dvar2": 4.66202878952,
        "max": 18.0619735718,
        "mean": 0.52313297987,
        "median": -0.459865897894,
        "min": -0.928862154484,
        "stdev": 2.95942091942,
        "var": 8.75817203522
    },
    "melbands_spread": {
        "dmean": 2.56344389915,
        "dmean2": 4.41342020035,
        "dvar": 80.7514953613,
        "dvar2": 209.650543213,
        "max": 101.82006073,
        "mean": 15.877831459,
        "median": 15.012295723,
        "min": 1.97827196121,
        "stdev": 10.1151685715,
        "var": 102.316642761
    },
    "pitch_salience": {
        "dmean": 0.0290247406811,
        "dmean2": 0.0452287830412,
        "dvar": 0.00501367961988,
        "dvar2": 0.0118533922359,
        "max": 0.933540165424,
        "mean": 0.782298207283,
        "median": 0.866671204567,
        "min": 0.0761967077851,
        "stdev": 0.231176644564,
        "var": 0.0534426383674
    },
    "silence_rate_20dB": {
        "dmean": 0,
        "dmean2": 0,
        "dvar": 0,
        "dvar2": 0,
        "max": 1,
        "mean": 1,
        "median": 1,
        "min": 1,
        "stdev": 0,
        "var": 0
    },
    "silence_rate_30dB": {
        "dmean": 0,
        "dmean2": 0,
        "dvar": 0,
        "dvar2": 0,
        "max": 1,
        "mean": 1,
        "median": 1,
        "min": 1,
        "stdev": 0,
        "var": 0
    },
    "silence_rate_60dB": {
        "dmean": 0.00869565177709,
        "dmean2": 0.0174672491848,
        "dvar": 0.00862005166709,
        "dvar2": 0.0171621143818,
        "max": 1,
        "mean": 0.207792207599,
        "median": 0,
        "min": 0,
        "stdev": 0.405727148056,
        "var": 0.164614528418
    },
    "spectral_centroid": {
        "dmean": 75.3585510254,
        "dmean2": 112.441329956,
        "dvar": 39720.09375,
        "dvar2": 92510.515625,
        "max": 3294.41259766,
        "mean": 1406.79541016,
        "median": 1370.59448242,
        "min": 757.888671875,
        "stdev": 472.315246582,
        "var": 223081.703125
    },
    "spectral_complexity": {
        "dmean": 0.234782606363,
        "dmean2": 0.314410477877,
        "dvar": 0.51878964901,
        "dvar2": 0.521233379841,
        "max": 17,
        "mean": 9.36796569824,
        "median": 10,
        "min": 0,
        "stdev": 5.39749860764,
        "var": 29.1329917908
    },
    "spectral_decrease": {
        "dmean": 1.52514140206e-10,
        "dmean2": 9.52390388775e-11,
        "dvar": 1.11141202024e-19,
        "dvar2": 2.81667794024e-20,
        "max": -2.62338364567e-15,
        "mean": -6.9000503089e-09,
        "median": -8.75799788247e-09,
        "min": -1.34101787452e-08,
        "stdev": 5.15564568815e-09,
        "var": 2.65806830151e-17
    },
    "spectral_energy": {
        "dmean": 0.000654174480587,
        "dmean2": 0.000409314787248,
        "dvar": 2.02552746487e-06,
        "dvar2": 5.08667142185e-07,
        "max": 0.0575565285981,
        "mean": 0.029318490997,
        "median": 0.0367091670632,
        "min": 1.12512701378e-08,
        "stdev": 0.0220611318946,
        "var": 0.000486693577841
    },
    "spectral_energyband_high": {
        "dmean": 1.57320664584e-06,
        "dmean2": 2.01825605473e-06,
        "dvar": 1.28015991904e-11,
        "dvar2": 2.07220837711e-11,
        "max": 7.25965946913e-05,
        "mean": 1.28492783915e-05,
        "median": 3.15006263918e-06,
        "min": 9.40563515961e-10,
        "stdev": 1.66984664247e-05,
        "var": 2.78838757639e-10
    },
    "spectral_energyband_low": {
        "dmean": 7.80507178888e-08,
        "dmean2": 1.33341274022e-07,
        "dvar": 1.05949464493e-14,
        "dvar2": 2.50909810642e-14,
        "max": 9.25960193854e-07,
        "mean": 1.1191760052e-07,
        "median": 7.76899682364e-08,
        "min": 6.07220407289e-09,
        "stdev": 1.20371325352e-07,
        "var": 1.44892558102e-14
    },
    "spectral_energyband_middle_high": {
        "dmean": 0.000580221472774,
        "dmean2": 0.000371842266759,
        "dvar": 1.52321581481e-06,
        "dvar2": 3.74579656182e-07,
        "max": 0.0511149615049,
        "mean": 0.0246154032648,
        "median": 0.029317907989,
        "min": 2.66745958655e-10,
        "stdev": 0.019500060007,
        "var": 0.000380252313334
    },
    "spectral_energyband_middle_low": {
        "dmean": 9.13675539778e-05,
        "dmean2": 5.31104415131e-05,
        "dvar": 4.40419647418e-08,
        "dvar2": 1.57453623473e-08,
        "max": 0.00857577193528,
        "mean": 0.00469012418762,
        "median": 0.00622574565932,
        "min": 4.02466587834e-10,
        "stdev": 0.00287891668268,
        "var": 8.28816155263e-06
    },
    "spectral_entropy": {
        "dmean": 0.0612735599279,
        "dmean2": 0.0849720016122,
        "dvar": 0.0143680842593,
        "dvar2": 0.0156760085374,
        "max": 8.61890697479,
        "mean": 6.12942743301,
        "median": 5.7841129303,
        "min": 5.19208526611,
        "stdev": 1.05262589455,
        "var": 1.10802137852
    },
    "spectral_flux": {
        "dmean": 0.00149732327554,
        "dmean2": 0.00189652270637,
        "dvar": 1.51421845658e-05,
        "dvar2": 1.79639373528e-05,
        "max": 0.0716926530004,
        "mean": 0.00435614772141,
        "median": 0.00272865593433,
        "min": 6.81338860886e-05,
        "stdev": 0.0083825699985,
        "var": 7.02674806234e-05
    },
    "spectral_kurtosis": {
        "dmean": 19.19231987,
        "dmean2": 36.5025520325,
        "dvar": 396.350006104,
        "dvar2": 1506.61804199,
        "max": 116.665985107,
        "mean": 28.1294574738,
        "median": 20.5278091431,
        "min": 1.55824041367,
        "stdev": 24.3545246124,
        "var": 593.142883301
    },
    "spectral_rms": {
        "dmean": 7.99508052296e-05,
        "dmean2": 5.00781425217e-05,
        "dvar": 4.31239612908e-08,
        "dvar2": 1.31307817952e-08,
        "max": 0.00749351130798,
        "mean": 0.00457613170147,
        "median": 0.00598446512595,
        "min": 3.31313276547e-06,
        "stdev": 0.00276811025105,
        "var": 7.66243465478e-06
    },
    "spectral_rolloff": {
        "dmean": 150.919647217,
        "dmean2": 266.579162598,
        "dvar": 456042.25,
        "dvar2": 1442595.875,
        "max": 6438.42773438,
        "mean": 1411.49914551,
        "median": 1593.45703125,
        "min": 21.533203125,
        "stdev": 622.870117188,
        "var": 387967.15625
    },
    "spectral_skewness": {
        "dmean": 1.20971703529,
        "dmean2": 2.30117750168,
        "dvar": 1.43859553337,
        "dvar2": 5.41589212418,
        "max": 8.41764450073,
        "mean": 3.14211177826,
        "median": 2.793435812,
        "min": 1.14417803288,
        "stdev": 1.45568192005,
        "var": 2.1190097332
    },
    "spectral_spread": {
        "dmean": 403876.90625,
        "dmean2": 695449.6875,
        "dvar": 485158420480,
        "dvar2": 1.0693338071e+12,
        "max": 11393771,
        "mean": 2304628,
        "median": 1340880.25,
        "min": 582507.5,
        "stdev": 2452183.75,
        "var": 6.01320534835e+12
    },
    "spectral_strongpeak": {
        "dmean": 0.102988235652,
        "dmean2": 0.113673910499,
        "dvar": 0.101447671652,
        "dvar2": 0.148143664002,
        "max": 7.8563580513,
        "mean": 4.02088022232,
        "median": 3.63630986214,
        "min": 0,
        "stdev": 2.8396089077,
        "var": 8.06337833405
    },
    "zerocrossingrate": {
        "dmean": 0.00489130429924,
        "dmean2": 0.00685086334124,
        "dvar": 0.000136961956741,
        "dvar2": 0.000262459157966,
        "max": 0.14208984375,
        "mean": 0.0545775853097,
        "median": 0.05859375,
        "min": 0.00732421875,
        "stdev": 0.0198955535889,
        "var": 0.00039583304897
    },
    "barkbands": {
        "dmean": [2.13318017472e-07, 1.93567331053e-08, 4.41330572087e-09, 5.02187313955e-09, 1.67429152498e-05, 1.06685273948e-08, 3.05524081341e-05, 6.84944012619e-08, 4.78120273328e-05, 2.43282811425e-05, 0.000127562423586, 8.8907101599e-05, 0.000212194150663, 0.00017774621665, 3.88297776226e-05, 1.32109307742e-05, 6.82804648022e-06, 7.81079870649e-06, 5.41561530554e-06, 4.73265254186e-06, 1.0617808357e-06, 1.42149374938e-07, 3.03537959212e-08, 2.70960889281e-08, 3.32164340477e-08, 1.44605776242e-08, 2.17867279773e-09],
        "dmean2": [3.85494615784e-07, 3.38599761562e-08, 8.29939406088e-09, 9.87588233414e-09, 1.09015945782e-05, 2.08203214669e-08, 2.11164533539e-05, 1.13763256593e-07, 3.07955597236e-05, 2.94143392239e-05, 8.75094192452e-05, 7.05521160853e-05, 0.000142871242133, 0.000118051531899, 3.5976550862e-05, 1.62581291079e-05, 7.01273984305e-06, 8.63114655658e-06, 5.36752622793e-06, 5.27074553247e-06, 1.32251011564e-06, 1.98478147695e-07, 4.74279815421e-08, 3.71034794e-08, 4.8145508913e-08, 2.07952286502e-08, 3.97335719882e-09],
        "dvar": [8.56070924327e-14, 4.68845230041e-16, 4.17092092682e-17, 2.20572289609e-16, 2.26774576895e-09, 2.37450996035e-16, 4.74794603633e-09, 5.16867424173e-15, 1.04697077674e-08, 1.14628369019e-08, 7.21535613479e-08, 3.4357285017e-08, 2.03598091275e-07, 1.55744203312e-07, 8.06642752593e-09, 2.65727062576e-09, 4.20748741403e-10, 3.57469193135e-10, 1.09079668908e-10, 1.92076618499e-10, 4.79428562822e-12, 7.20843740601e-14, 2.35929677216e-15, 1.8315253658e-15, 1.79840807163e-15, 4.12082111174e-16, 1.04342291275e-17],
        "dvar2": [2.56720155117e-13, 1.2503891897e-15, 1.30795982214e-16, 6.60158632607e-16, 9.88070070207e-10, 7.81150195221e-16, 1.78010350904e-09, 1.2871911619e-14, 4.63340210644e-09, 1.5342354942e-08, 2.85264256661e-08, 2.53780836346e-08, 7.16207821938e-08, 4.32121609606e-08, 8.44082403972e-09, 3.52637852252e-09, 3.91558091506e-10, 5.18243892245e-10, 1.01084488002e-10, 2.28653179724e-10, 5.99739832449e-12, 1.0835021167e-13, 6.01042424449e-15, 3.20980107219e-15, 4.09505447537e-15, 8.223109672e-16, 3.24825323133e-17],
        "max": [2.29805391427e-06, 1.38409504302e-07, 3.98241688515e-08, 1.47621079805e-07, 0.0015133745037, 8.52417798569e-08, 0.00284793623723, 1.44900786836e-06, 0.00439603440464, 0.00206431094557, 0.0111358268186, 0.00758888525888, 0.0180902294815, 0.0161637868732, 0.00284447032027, 0.000994259025902, 0.000466713885544, 0.000383039587177, 0.000246259907726, 0.000289052608423, 5.49361102458e-05, 4.53241682408e-06, 6.76160993862e-07, 8.09125538126e-07, 1.29321188069e-06, 4.66325985826e-07, 3.32695790917e-08],
        "mean": [2.09195903267e-07, 2.36019204181e-08, 4.65011007478e-09, 3.13121839568e-09, 0.000848885043524, 8.02912580866e-09, 0.00150452472735, 4.78371475765e-07, 0.00233619869687, 0.00045336963376, 0.00550596183166, 0.00308708567172, 0.0080057727173, 0.00594205921516, 0.00108305504546, 0.000181504510692, 0.000113697300549, 0.000100683377241, 7.84887452028e-05, 6.5883017669e-05, 8.90463070391e-06, 8.36078982047e-07, 1.80412740747e-07, 2.38586267187e-07, 3.67714648064e-07, 1.35251710276e-07, 6.66014221551e-09],
        "median": [9.24969398852e-08, 1.67820726205e-08, 3.00337354986e-09, 7.08793745918e-10, 0.00117312942166, 3.4033305063e-09, 0.00194295868278, 2.50183944672e-07, 0.00293748569675, 0.000376408104785, 0.00765602849424, 0.00373521773145, 0.00729496311396, 0.0035855404567, 0.000852561963256, 2.55959948845e-05, 5.29920434928e-05, 9.9405668152e-05, 4.37724520452e-05, 2.87588118226e-05, 1.41286795952e-06, 4.71395509294e-07, 1.68083815311e-07, 1.48741548855e-07, 2.98454011727e-07, 3.84984311097e-08, 4.85898565827e-09],
        "min": [1.98672900353e-09, 2.03814698452e-09, 4.52760273717e-10, 1.92346694128e-11, 1.72002051491e-10, 2.76333868982e-11, 1.21975598025e-11, 5.00904265982e-12, 2.32444688497e-11, 1.56551698688e-11, 2.21867194755e-11, 1.33914008354e-11, 1.37866679878e-11, 1.07467472421e-11, 3.30174637631e-11, 2.44075228778e-11, 2.54797329069e-11, 2.82203149737e-11, 2.54613777978e-11, 2.50391964107e-11, 4.42216645247e-11, 5.89714735377e-11, 4.95443859549e-11, 1.04391210953e-10, 1.6341375475e-10, 1.57660232092e-10, 2.52828868952e-10],
        "stdev": [2.96208469308e-07, 2.26055583141e-08, 5.44350919895e-09, 1.10118598684e-08, 0.000616682227701, 1.2655369197e-08, 0.00093431212008, 4.67111846092e-07, 0.00139727664646, 0.000446633581305, 0.00366315804422, 0.00225551915355, 0.00707390345633, 0.005779418163, 0.00100726494566, 0.000213027422433, 0.000130903761601, 9.56272269832e-05, 8.04654628155e-05, 7.31505424483e-05, 1.27004113892e-05, 1.12336863367e-06, 1.76786699058e-07, 2.46476162147e-07, 3.98741633489e-07, 1.49010190853e-07, 6.86076662149e-09],
        "var": [8.77394606079e-14, 5.11011271309e-16, 2.96317899897e-17, 1.21261064675e-16, 3.80296938829e-07, 1.6015837933e-16, 8.72939097007e-07, 2.18193478151e-13, 1.9523820356e-06, 1.99481561935e-07, 1.34187266667e-05, 5.08736638949e-06, 5.00401110912e-05, 3.34016767738e-05, 1.01458272184e-06, 4.53806805467e-08, 1.71357950052e-08, 9.1445668815e-09, 6.47469100556e-09, 5.35100186383e-09, 1.61300445223e-10, 1.26195701024e-12, 3.12535370847e-14, 6.07504972434e-14, 1.58994901121e-13, 2.22040386701e-14, 4.7070120496e-17]
    },
    "erbbands": {
        "dmean": [1.6904371023e-06, 1.87719103906e-06, 9.0226321845e-06, 0.000217788794544, 0.0145706478506, 0.0991558507085, 0.0114944968373, 0.0038366173394, 0.20358119905, 0.420229464769, 0.0538857504725, 1.3235296011, 0.42839089036, 4.67684841156, 1.51413071156, 4.44393062592, 9.06383323669, 7.09633398056, 5.4196600914, 1.49874150753, 0.492353498936, 0.386237442493, 0.423499941826, 0.315599173307, 0.363858371973, 0.145614102483, 0.0661684647202, 0.0101651502773, 0.00413384614512, 0.00172852596734, 0.000748520658817, 0.000684405968059, 0.000420095253503, 0.000454095104942, 0.000223786264542, 0.000103703030618, 2.24585382966e-05, 2.58579029833e-06, 5.72791805098e-07, 8.14763495782e-07],
        "dmean2": [2.92727463602e-06, 3.17407625516e-06, 1.10960754682e-05, 0.00016199501988, 0.0104592833668, 0.0639050602913, 0.00779249006882, 0.00256302487105, 0.134612753987, 0.3037584126, 0.0357427559793, 0.853608548641, 0.270715326071, 3.46459507942, 1.04064524174, 3.49724912643, 6.33050727844, 4.45541763306, 3.86641287804, 1.34971964359, 0.510920524597, 0.42959138751, 0.469209164381, 0.299413591623, 0.383950084448, 0.169494360685, 0.0851483494043, 0.0135083878413, 0.00582406157628, 0.00266171083786, 0.00118124228902, 0.000919982267078, 0.000575844431296, 0.000663360464387, 0.000340094906278, 0.000145957310451, 3.62459832104e-05, 4.3165250645e-06, 6.93262052209e-07, 5.14950329489e-07],
        "dvar": [4.20095165252e-12, 5.14678317326e-12, 3.7591146862e-10, 4.83698954667e-07, 0.00214086938649, 0.0741050317883, 0.000754766049795, 0.000111221539555, 0.285684049129, 0.716554284096, 0.0187947079539, 9.25119590759, 0.828695476055, 151.370559692, 9.69915294647, 83.2775268555, 447.212524414, 231.935394287, 128.28578186, 11.0662279129, 1.96249604225, 2.02454042435, 0.962649524212, 0.41545855999, 0.742406487465, 0.157700791955, 0.0204514916986, 0.000415023125242, 7.33932538424e-05, 8.78264290805e-06, 1.14143324481e-06, 1.55735358476e-06, 3.17414276196e-07, 4.0917771571e-07, 9.67216280401e-08, 2.34012098588e-08, 1.42296752159e-09, 1.0254270523e-11, 1.0102476581e-12, 3.12423958232e-12],
        "dvar2": [1.00932023156e-11, 1.22786008791e-11, 2.97541324912e-10, 2.83583517557e-07, 0.00121336209122, 0.0299369152635, 0.00025521297357, 5.17383596161e-05, 0.125753507018, 0.26676312089, 0.0100227119401, 4.32470750809, 0.363827437162, 88.3112945557, 3.50377202034, 55.6494445801, 167.007217407, 56.9565505981, 41.3115882874, 11.8586349487, 1.99225485325, 2.34942173958, 1.36873376369, 0.418852746487, 0.747490227222, 0.166812300682, 0.027853012085, 0.000590966665186, 0.000120074699225, 1.96742021217e-05, 2.75653792414e-06, 2.78908350992e-06, 6.31119178252e-07, 8.0280989323e-07, 2.15373063384e-07, 4.07080698039e-08, 3.60040730563e-09, 2.51953197888e-11, 8.96439877624e-13, 7.81229139539e-13],
        "max": [1.73642511072e-05, 4.43046010332e-05, 0.000572977587581, 0.0195273198187, 1.32038223743, 8.87386798859, 0.968558549881, 0.353328436613, 18.9513893127, 38.3038291931, 4.9789056778, 121.787261963, 39.1762161255, 397.196746826, 136.884078979, 392.494232178, 805.430236816, 642.424682617, 471.087890625, 111.967895508, 35.1451721191, 29.3534450531, 20.619222641, 14.0364437103, 19.7043876648, 8.79458045959, 3.40075206757, 0.390816628933, 0.138118505478, 0.0448356755078, 0.0162315834314, 0.0214131623507, 0.0119310878217, 0.0191776715219, 0.00833710934967, 0.00430596712977, 0.000509701378178, 6.3957326347e-05, 3.79426164727e-05, 7.18302326277e-05],
        "mean": [4.59300736111e-06, 2.2380712835e-05, 0.000308246671921, 0.01061886549, 0.718987047672, 5.00728845596, 0.554736971855, 0.199968621135, 10.5032167435, 19.4949588776, 2.74728536606, 65.8957901001, 20.5159816742, 211.669845581, 64.4759979248, 161.516677856, 353.166168213, 252.899185181, 178.587509155, 44.4258842468, 10.6208362579, 4.29057836533, 5.81215143204, 3.61504244804, 5.85061693192, 2.07487082481, 0.589426219463, 0.0746719539165, 0.0240813288838, 0.0118319690228, 0.00487336935475, 0.00549005530775, 0.00381196476519, 0.00390845816582, 0.00249418546446, 0.00105878012255, 0.000160121533554, 2.16954194912e-05, 1.81107716344e-05, 3.61214661098e-05],
        "median": [4.67112386104e-06, 2.85243368126e-05, 0.000402988574933, 0.0136375566944, 0.92970430851, 7.02748680115, 0.792000174522, 0.286501467228, 14.6346731186, 23.6147251129, 3.68766927719, 85.7548217773, 25.6897201538, 320.54977417, 84.806678772, 197.098983765, 306.385375977, 183.108978271, 124.429946899, 36.5246086121, 3.01151204109, 2.43370723724, 6.09313154221, 3.80592441559, 2.33190131187, 0.682483613491, 0.105960249901, 0.0212227329612, 0.0128665901721, 0.00961237587035, 0.00458142859861, 0.00211204704829, 0.00360563769937, 0.00259128212929, 0.00118344917428, 0.000226040690904, 0.000107423191366, 1.719451393e-05, 2.12570466829e-05, 4.43929930043e-05],
        "min": [1.59814746326e-07, 2.428514847e-07, 7.21563822026e-07, 2.41148626401e-07, 3.77414153263e-07, 3.84663792374e-07, 2.30571274074e-07, 2.76872896166e-07, 2.90781571266e-07, 3.37097588954e-07, 2.12445740999e-07, 5.81055076054e-07, 6.51453547107e-07, 4.93877962526e-07, 8.07290803095e-07, 5.98555743636e-07, 6.94702009696e-07, 3.55953204689e-07, 9.58001351137e-07, 1.59044941483e-06, 1.85131364105e-06, 1.91556682694e-06, 1.51081599142e-06, 1.87992736755e-06, 8.06567868494e-07, 1.25811959606e-06, 1.43763952565e-06, 1.96121095541e-06, 1.93114351532e-06, 1.57117085564e-06, 1.71770739144e-06, 1.79737003236e-06, 2.05906098927e-06, 1.43672923514e-06, 1.32749914883e-06, 6.10244114796e-07, 3.00469622516e-07, 1.43697718613e-07, 3.37391341532e-08, 3.85423248872e-09],
        "stdev": [2.57859051089e-06, 1.50355208461e-05, 0.000226481075515, 0.00801211036742, 0.541742682457, 3.61330771446, 0.386736303568, 0.130099698901, 6.73396873474, 11.948548317, 1.68237149715, 39.8615455627, 12.2510471344, 144.756240845, 42.6279983521, 117.524726868, 316.570617676, 236.587249756, 166.696365356, 40.0018730164, 11.8076343536, 4.95685768127, 5.65876960754, 3.54355931282, 6.20935583115, 2.37437081337, 0.797671020031, 0.102373845875, 0.0335681699216, 0.0119874514639, 0.00465812114999, 0.00620038853958, 0.00365647976287, 0.00480637652799, 0.002894311212, 0.001235397649, 0.000162566429935, 2.0512883566e-05, 1.39918129207e-05, 2.74225203611e-05],
        "var": [6.64912873025e-12, 2.26066873554e-10, 5.12936786379e-08, 6.41939186607e-05, 0.293485105038, 13.0559930801, 0.149564966559, 0.0169259328395, 45.3463363647, 142.767807007, 2.83037376404, 1588.94274902, 150.088150024, 20954.3671875, 1817.14624023, 13812.0605469, 100216.953125, 55973.5273438, 27787.6777344, 1600.14990234, 139.420227051, 24.570438385, 32.0216712952, 12.5568122864, 38.556098938, 5.63763666153, 0.636279046535, 0.0104804039001, 0.00112682196777, 0.000143698984175, 2.16980915866e-05, 3.84448176192e-05, 1.3369844055e-05, 2.31012545555e-05, 8.37703737488e-06, 1.52620748395e-06, 2.64278448014e-08, 4.20778412114e-10, 1.95770830103e-10, 7.5199463323e-10]
    },
    "gfcc": {
        "mean": [-208.821624756, 108.555076599, -207.176208496, -63.9319267273, -46.6051063538, -13.3990736008, -38.4850616455, -18.8870868683, -40.7160453796, -9.51752758026, -7.98439788818, -22.1347904205, -6.72559785843],
        "cov": [[46683.7773438, 7362.21826172, -12687.7949219, -7127.53173828, -2243.34960938, -3738.6472168, -2339.96777344, -2782.07885742, -3113.91870117, -1561.15344238, -156.272216797, -2805.01196289, -157.994155884], [7362.21826172, 2489.66162109, -2342.71118164, -2042.85241699, -461.265808105, -755.454101562, -370.39956665, -607.457580566, -332.879180908, -558.297485352, 110.471809387, -519.254760742, -8.53162288666], [-12687.7949219, -2342.71118164, 3619.45581055, 2150.19165039, 626.982116699, 1073.21911621, 631.494445801, 810.703613281, 804.968017578, 490.740478516, 21.4159851074, 768.407348633, 31.0135726929], [-7127.53173828, -2042.85241699, 2150.19165039, 1801.60498047, 421.660980225, 660.607177734, 374.956481934, 533.611083984, 349.9375, 459.258453369, -95.361541748, 494.501068115, 23.4864578247], [-2243.34960938, -461.265808105, 626.982116699, 421.660980225, 150.787368774, 198.433273315, 114.501075745, 138.362930298, 138.924133301, 106.918418884, -2.89826798439, 139.917205811, 7.78216123581], [-3738.6472168, -755.454101562, 1073.21911621, 660.607177734, 198.433273315, 354.678131104, 190.303436279, 249.462097168, 237.290176392, 164.066009521, 7.7528424263, 230.563232422, 7.68334197998], [-2339.96777344, -370.39956665, 631.494445801, 374.956481934, 114.501075745, 190.303436279, 148.622497559, 134.564804077, 153.585784912, 83.472442627, 1.90234410763, 139.676956177, 10.1490592957], [-2782.07885742, -607.457580566, 810.703613281, 533.611083984, 138.362930298, 249.462097168, 134.564804077, 210.072128296, 163.330810547, 126.479263306, 2.15339326859, 177.299835205, -0.130836337805], [-3113.91870117, -332.879180908, 804.968017578, 349.9375, 138.924133301, 237.290176392, 153.585784912, 163.330810547, 251.029251099, 72.6073760986, 26.2501983643, 176.983718872, 14.1884708405], [-1561.15344238, -558.297485352, 490.740478516, 459.258453369, 106.918418884, 164.066009521, 83.472442627, 126.479263306, 72.6073760986, 150.724777222, -37.2688903809, 113.418914795, 10.5023908615], [-156.272216797, 110.471809387, 21.4159851074, -95.361541748, -2.89826798439, 7.7528424263, 1.90234410763, 2.15339326859, 26.2501983643, -37.2688903809, 43.9045333862, -3.40023589134, -7.14130783081], [-2805.01196289, -519.254760742, 768.407348633, 494.501068115, 139.917205811, 230.563232422, 139.676956177, 177.299835205, 176.983718872, 113.418914795, -3.40023589134, 186.709335327, 11.1942567825], [-157.994155884, -8.53162288666, 31.0135726929, 23.4864578247, 7.78216123581, 7.68334197998, 10.1490592957, -0.130836337805, 14.1884708405, 10.5023908615, -7.14130783081, 11.1942567825, 13.5200176239]],
        "icov": [[0.00232362281531, 0.00187977775931, 0.00479269446805, 0.00107457558624, 0.00266006030142, -0.00109840044752, 0.00280613475479, 0.00172342627775, 0.00510867219418, 8.4684274043e-05, 0.00152327062096, 0.00826605409384, 0.00101599213667], [0.00187977775931, 0.0236556921154, 0.00539397029206, 0.0230586249381, -0.00476681208238, 0.0152235785499, -0.0135433599353, -0.00131232431158, 0.00103395013139, 0.0214305464178, 0.00596175296232, -0.00571203231812, -0.0211429484189], [0.00479269446805, 0.00539397029206, 0.018120162189, -0.0011105685262, 0.00481684459373, -0.00728355068713, 0.00280642835423, -0.00398873444647, 0.000751213636249, 0.00687565933913, 0.000419806718128, 0.0176544766873, -0.00152949348558], [0.00107457558624, 0.0230586249381, -0.0011105685262, 0.038076415658, -0.0134048387408, 0.0186315141618, -0.0190981309861, -0.0109625542536, 0.0159458480775, 0.00946881994605, 0.0197898037732, -0.0236233249307, -0.0192081853747], [0.00266006030142, -0.00476681208238, 0.00481684459373, -0.0134048387408, 0.0426389314234, -0.0152367511764, 0.00897549372166, 0.021867075935, -0.00252877897583, -0.0129930377007, -0.0121609251946, 0.0109263798222, 0.0151807600632], [-0.00109840044752, 0.0152235785499, -0.00728355068713, 0.0186315141618, -0.0152367511764, 0.0526944547892, -0.018262937665, -0.0145784504712, -0.00586813222617, -6.93644615239e-05, -0.00665033608675, -0.0134374070913, -0.0126694198698], [0.00280613475479, -0.0135433599353, 0.00280642835423, -0.0190981309861, 0.00897549372166, -0.018262937665, 0.0463507585227, 0.012771868147, -3.07440132019e-05, -0.00960010290146, -0.00220855185762, 0.0175704471767, 0.0133019387722], [0.00172342627775, -0.00131232431158, -0.00398873444647, -0.0109625542536, 0.021867075935, -0.0145784504712, 0.012771868147, 0.0749407708645, 0.00261215865612, -0.0116069810465, -0.0184937659651, -0.0094935214147, 0.0387080796063], [0.00510867219418, 0.00103395013139, 0.000751213636249, 0.0159458480775, -0.00252877897583, -0.00586813222617, -3.07440132019e-05, 0.00261215865612, 0.055484239012, -0.00699853058904, 0.00995427183807, -0.00680923648179, -0.00612810067832], [8.4684274043e-05, 0.0214305464178, 0.00687565933913, 0.00946881994605, -0.0129930377007, -6.93644615239e-05, -0.00960010290146, -0.0116069810465, -0.00699853058904, 0.0686577782035, 0.0197178758681, 0.00329141854309, -0.041394662112], [0.00152327062096, 0.00596175296232, 0.000419806718128, 0.0197898037732, -0.0121609251946, -0.00665033608675, -0.00220855185762, -0.0184937659651, 0.00995427183807, 0.0197178758681, 0.0696109607816, 0.00120862212498, 0.00848462525755], [0.00826605409384, -0.00571203231812, 0.0176544766873, -0.0236233249307, 0.0109263798222, -0.0134374070913, 0.0175704471767, -0.0094935214147, -0.00680923648179, 0.00329141854309, 0.00120862212498, 0.112706281245, -0.00649289879948], [0.00101599213667, -0.0211429484189, -0.00152949348558, -0.0192081853747, 0.0151807600632, -0.0126694198698, 0.0133019387722, 0.0387080796063, -0.00612810067832, -0.041394662112, 0.00848462525755, -0.00649289879948, 0.146666735411]]
    },
    "melbands": {
        "dmean": [1.67902367565e-08, 2.20699192255e-09, 1.97025769921e-07, 4.28617977377e-06, 1.16935711958e-06, 5.29747135047e-09, 4.53578968518e-06, 3.69301187675e-06, 2.91252348461e-07, 9.15364580578e-06, 1.47481569002e-06, 1.72142299562e-05, 8.87913211045e-06, 1.10830033009e-05, 4.88726209369e-06, 2.95882600767e-05, 1.26444710986e-05, 1.2460119251e-05, 4.18715217165e-06, 1.27938312744e-06, 5.77063076435e-07, 3.96790994728e-07, 3.83885520705e-07, 3.49365421926e-07, 2.50390286283e-07, 2.77597422382e-07, 2.54651411069e-07, 5.81425396717e-08, 5.29969881313e-08, 1.6462754715e-08, 4.24880486349e-09, 3.45932127388e-09, 1.21694554434e-09, 9.29983423603e-10, 5.11467590503e-10, 3.41272149429e-10, 5.15627929243e-10, 3.39428124496e-10, 3.11994846625e-10, 4.57564069967e-10],
        "dmean2": [2.86001835548e-08, 4.10640854653e-09, 1.58501322289e-07, 2.78403490483e-06, 7.5154065371e-07, 6.52353548958e-09, 3.02652119899e-06, 2.66310598818e-06, 3.25593759953e-07, 5.8435957726e-06, 1.05175195131e-06, 1.3027204659e-05, 6.18201056568e-06, 9.04586704564e-06, 4.12893405155e-06, 1.94477797777e-05, 8.27892108646e-06, 8.52643370308e-06, 3.78001232093e-06, 1.56239752869e-06, 6.48578463824e-07, 4.22097457431e-07, 4.05973736406e-07, 3.82593782433e-07, 2.38349429083e-07, 2.80571867961e-07, 2.82209271063e-07, 7.02132609831e-08, 6.51558522691e-08, 2.24549765449e-08, 5.49460033028e-09, 4.83828932474e-09, 1.8608747876e-09, 1.47425649466e-09, 8.11070488549e-10, 4.74527195315e-10, 6.8369199191e-10, 4.49390025192e-10, 4.43588193955e-10, 6.58193222147e-10],
        "dvar": [4.90376648742e-16, 9.38757102865e-18, 4.37165847142e-13, 1.55520013534e-10, 8.52286990982e-12, 3.1137058196e-16, 1.23361071358e-10, 5.61928316378e-11, 1.29571809011e-12, 4.10158212949e-10, 4.72751742267e-12, 2.13365081159e-09, 2.85196671834e-10, 6.3193428268e-10, 1.49198930988e-10, 3.83461351561e-09, 8.19581458256e-10, 6.88721968345e-10, 8.68094623963e-11, 2.79809959924e-11, 2.92639675513e-12, 1.90794081922e-12, 9.76210106675e-13, 8.26802710498e-13, 2.61296084596e-13, 2.89529874685e-13, 5.56110658825e-13, 2.47793762777e-14, 1.2248190438e-14, 1.41335324656e-15, 6.1760752222e-17, 5.5287762835e-17, 3.69005933004e-18, 2.69956844915e-18, 5.52888865599e-19, 2.46082949361e-19, 8.22255992776e-19, 1.88176093032e-19, 2.13603056375e-19, 4.59441031028e-19],
        "dvar2": [1.15806810417e-15, 2.91297409888e-17, 2.90990728692e-13, 7.07653241561e-11, 2.95804071342e-12, 3.04960130736e-16, 4.94818422347e-11, 2.08043061944e-11, 1.46426609986e-12, 1.81834755586e-10, 1.90568199242e-12, 1.31149269222e-09, 1.10300206468e-10, 5.2052973043e-10, 9.03004199193e-11, 1.30752098038e-09, 2.26734672704e-10, 2.03372624297e-10, 8.00143909463e-11, 4.05250867586e-11, 4.04737224638e-12, 2.11019808398e-12, 1.26942391061e-12, 1.04110687085e-12, 2.72109022597e-13, 2.42079441345e-13, 7.11702235773e-13, 3.03303186061e-14, 1.53666769115e-14, 2.34451668251e-15, 8.85301234067e-17, 9.74925459343e-17, 8.35605695246e-18, 6.84606480043e-18, 1.35555256858e-18, 5.202239168e-19, 1.43659455512e-18, 3.67769851166e-19, 4.65818541852e-19, 8.91450891787e-19],
        "max": [1.974894559e-07, 1.85015025522e-08, 1.72263316927e-05, 0.000390223576687, 0.000101291268948, 3.97458393309e-07, 0.00042418265366, 0.00033731808071, 2.40879417106e-05, 0.000843649788294, 0.000120000651805, 0.00145336834248, 0.0007671500789, 0.00089815427782, 0.000407727289712, 0.00251321610995, 0.00116503750905, 0.00109451403841, 0.000299791892758, 9.84467114904e-05, 4.12402550864e-05, 2.99415332847e-05, 2.11443821172e-05, 1.76322810148e-05, 1.06061916085e-05, 1.3422111806e-05, 1.50789910549e-05, 3.35518279826e-06, 2.91611900138e-06, 6.91729553637e-07, 1.66244561228e-07, 1.09164581374e-07, 2.84705539144e-08, 2.15389270863e-08, 1.0087442881e-08, 1.03465707113e-08, 1.52906256545e-08, 9.40422850704e-09, 8.92829632448e-09, 2.10861177408e-08],
        "mean": [2.34654322639e-08, 2.63031818548e-09, 9.20181264519e-06, 0.00021755421767, 5.77132341277e-05, 1.50793084686e-07, 0.000230239340453, 0.000172117041075, 1.07122687041e-05, 0.000452129199402, 5.81773310842e-05, 0.000778247253038, 0.000366178137483, 0.00037953798892, 0.000197173591005, 0.00110937608406, 0.000432132539572, 0.000409833999583, 0.000116673145385, 1.60518247867e-05, 1.06294000943e-05, 4.86336648464e-06, 4.65154380436e-06, 4.13900306739e-06, 2.49482513937e-06, 4.68075540994e-06, 3.56175883098e-06, 7.27903909592e-07, 4.63276563778e-07, 8.61407301045e-08, 2.62083137414e-08, 1.67439768717e-08, 7.0732140145e-09, 5.47686163088e-09, 2.79253842272e-09, 2.30901897602e-09, 3.87276344327e-09, 2.70342881414e-09, 2.3502693125e-09, 3.76186592987e-09],
        "median": [1.5700324596e-08, 1.80058712385e-09, 1.1345277926e-05, 0.000296755810268, 8.30167846289e-05, 1.71780087044e-07, 0.000310735136736, 0.000209785241168, 1.42700337165e-05, 0.000581044645514, 6.12954609096e-05, 0.00117695250083, 0.000476288463688, 0.000484409567434, 0.000289629591862, 0.00101098499727, 0.00026624641032, 0.000272863253485, 9.60266625043e-05, 3.71356145479e-06, 2.33296282204e-06, 2.30995647144e-06, 3.77587912226e-06, 3.63614981325e-06, 2.08636856769e-06, 1.62052162977e-06, 1.78801531092e-06, 8.16923417801e-08, 6.9397948721e-08, 2.4516438657e-08, 7.92896770463e-09, 5.38602984435e-09, 4.65355931567e-09, 4.58297844119e-09, 2.4310378155e-09, 1.89463200684e-09, 1.12470965874e-09, 1.76129077989e-09, 1.80155002028e-09, 1.57499091546e-09],
        "min": [8.60066351471e-10, 3.36159877712e-10, 6.13831208085e-11, 3.79127146344e-11, 8.04136618404e-12, 5.45494075258e-12, 4.10104545809e-12, 3.0592433968e-12, 1.49438501938e-12, 3.92283384595e-12, 3.30441967192e-12, 1.64179086992e-12, 3.00396795112e-12, 1.56919019879e-12, 1.6503931468e-12, 9.94059435461e-13, 5.99658723285e-13, 1.31494446408e-12, 2.87315700745e-12, 1.41100672812e-12, 1.8483931833e-12, 1.61525513017e-12, 1.50947039156e-12, 1.251366415e-12, 1.62357605658e-12, 6.81420956987e-13, 4.60801969498e-13, 9.56821644485e-13, 7.38232446094e-13, 1.31065785395e-12, 1.18192922897e-12, 1.16933697968e-12, 1.00987892094e-12, 7.04990970116e-13, 9.70347717108e-13, 9.67194206669e-13, 1.09493631609e-12, 1.42069873661e-12, 1.11268047727e-12, 1.10187835418e-12],
        "stdev": [2.55860843623e-08, 2.65666733057e-09, 7.12023575034e-06, 0.000159167335369, 4.0670940507e-05, 1.21420512755e-07, 0.000145379352034, 0.000105576320493, 7.77103286964e-06, 0.000272214791039, 3.64961124433e-05, 0.000532640959136, 0.000238001171965, 0.000278913823422, 0.000138640287332, 0.000983610167168, 0.000419531861553, 0.000387439300539, 0.000107207772089, 1.80240076588e-05, 1.26929944599e-05, 5.81143785894e-06, 4.66419396616e-06, 3.97938538299e-06, 2.61849277194e-06, 4.99972793477e-06, 3.82918506148e-06, 9.19839692415e-07, 6.60955322473e-07, 1.12409210828e-07, 4.08492084603e-08, 2.64765542823e-08, 8.05977951046e-09, 5.40348255029e-09, 2.70917444034e-09, 2.37146546844e-09, 4.62283722413e-09, 2.75062994604e-09, 2.49540366148e-09, 5.19334797389e-09],
