{
"lowlevel": {
    "average_loudness": 0.99068403244,
    "barkbands_crest": {
        "dmean": 2.18773031235,
        "dmean2": 3.85370278358,
        "dvar": 4.71627569199,
        "dvar2": 9.35488414764,
        "max": 15.8900880814,
        "mean": 8.35434532166,
        "median": 7.590675354,
        "min": 2.88700890541,
        "stdev": 3.06455230713,
        "var": 9.39148139954
    },
    "barkbands_flatness_db": {
        "dmean": 0.0186427459121,
        "dmean2": 0.0239461921155,
        "dvar": 0.00030400994001,
        "dvar2": 0.000603130727541,
        "max": 0.1822476089,
        "mean": 0.0915151834488,
        "median": 0.0820769742131,
        "min": 0.0403067395091,
        "stdev": 0.0302967261523,
        "var": 0.000917891564313
    },
    "barkbands_kurtosis": {
        "dmean": 1.66414475441,
        "dmean2": 2.27902054787,
        "dvar": 6.02605962753,
        "dvar2": 11.2596645355,
        "max": 14.2978076935,
        "mean": 0.950550198555,
        "median": -1.1885163784,
        "min": -1.66186439991,
        "stdev": 3.60061430931,
        "var": 12.9644231796
    },
    "barkbands_skewness": {
        "dmean": 0.486805409193,
        "dmean2": 0.62107783556,
        "dvar": 0.265624284744,
        "dvar2": 0.60435539484,
        "max": 3.56505846977,
        "mean": 0.363556206226,
        "median": -0.396318733692,
        "min": -0.768947482109,
        "stdev": 1.17120754719,
        "var": 1.37172722816
    },
    "barkbands_spread": {
        "dmean": 11.3931665421,
        "dmean2": 18.1257286072,
        "dvar": 398.306945801,
        "dvar2": 642.946228027,
        "max": 123.828887939,
        "mean": 70.9102706909,
        "median": 107.59828949,
        "min": 8.16011047363,
        "stdev": 47.7566947937,
        "var": 2280.7019043
    },
    "dissonance": {
        "dmean": 0.0387251824141,
        "dmean2": 0.0647729709744,
        "dvar": 0.00696008047089,
        "dvar2": 0.0141241168603,
        "max": 0.499804615974,
        "mean": 0.467867046595,
        "median": 0.493181169033,
        "min": 0.169675111771,
        "stdev": 0.0746735483408,
        "var": 0.00557613838464
    },
    "dynamic_complexity": 8.6739358902,
    "erbbands_crest": {
        "dmean": 2.07819628716,
        "dmean2": 3.41268849373,
        "dvar": 6.35885620117,
        "dvar2": 15.4562969208,
        "max": 17.6468925476,
        "mean": 5.5635433197,
        "median": 4.57009077072,
        "min": 3.01528310776,
        "stdev": 3.10413265228,
        "var": 9.63563919067
    },
    "erbbands_flatness_db": {
        "dmean": 0.0177804939449,
        "dmean2": 0.0251452904195,
        "dvar": 0.000468680314953,
        "dvar2": 0.000645773543511,
        "max": 0.232691600919,
        "mean": 0.114960759878,
        "median": 0.100853741169,
        "min": 0.0512536205351,
        "stdev": 0.0365749299526,
        "var": 0.00133772543631
    },
    "erbbands_kurtosis": {
        "dmean": 1.01324546337,
        "dmean2": 1.58561706543,
        "dvar": 1.75823640823,
        "dvar2": 3.71903991699,
        "max": 6.06452655792,
        "mean": 0.889031231403,
        "median": 0.283903479576,
        "min": -0.45587849617,
        "stdev": 1.50872063637,
        "var": 2.27623796463
    },
    "erbbands_skewness": {
        "dmean": 0.406832545996,
        "dmean2": 0.657288372517,
        "dvar": 0.297481179237,
        "dvar2": 0.447313040495,
        "max": 2.33353328705,
        "mean": 0.0634048581123,
        "median": -0.529081761837,
        "min": -0.897417902946,
        "stdev": 0.909246623516,
        "var": 0.826729416847
    },
    "erbbands_spread": {
        "dmean": 5.65973806381,
        "dmean2": 8.46617412567,
        "dvar": 47.9372406006,
        "dvar2": 74.0389633179,
        "max": 62.0941352844,
        "mean": 32.2349853516,
        "median": 34.6656494141,
        "min": 13.2341909409,
        "stdev": 9.45095443726,
        "var": 89.3205337524
    },
    "hfc": {
        "dmean": 11.032084465,
        "dmean2": 21.7725200653,
        "dvar": 1492.51550293,
        "dvar2": 4409.58642578,
        "max": 164.524780273,
        "mean": 5.94811439514,
        "median": 0.00579203013331,
        "min": 6.49471132874e-07,
        "stdev": 28.5829925537,
        "var": 816.987487793
    },
    "loudness_ebu128": {
        "integrated": -47.4221725464,
        "loudness_range": 0,
        "momentary": {
            "dmean": 0.16990916431,
            "dmean2": 0.392192840576,
            "dvar": 0.0337405242026,
            "dvar2": 0.00172669312451,
            "max": -47.1942825317,
            "mean": -47.4283714294,
            "median": -47.4111557007,
            "min": -47.6968841553,
            "stdev": 0.232097670436,
            "var": 0.0538693293929
        },
        "short_term": {
            "dmean": 0,
            "dmean2": 0,
            "dvar": 0,
            "dvar2": 0,
            "max": -55.9447402954,
            "mean": -55.9447402954,
            "median": -55.9447402954,
            "min": -55.9447402954,
            "stdev": 0,
            "var": 0
        }
    },
    "melbands_crest": {
        "dmean": 4.28222608566,
        "dmean2": 5.69091367722,
        "dvar": 14.960650444,
        "dvar2": 28.9415092468,
        "max": 32.8233261108,
        "mean": 14.35044384,
        "median": 13.1784420013,
        "min": 5.24834871292,
        "stdev": 6.74093914032,
        "var": 45.4402618408
    },
    "melbands_flatness_db": {
        "dmean": 0.028789697215,
        "dmean2": 0.034830186516,
        "dvar": 0.00102838117164,
        "dvar2": 0.00158178107813,
        "max": 0.283407390118,
        "mean": 0.0975303649902,
        "median": 0.0627355352044,
        "min": 0.0191296506673,
        "stdev": 0.0794730633497,
        "var": 0.00631596753374
    },
    "melbands_kurtosis": {
        "dmean": 3.14740633965,
        "dmean2": 4.57793712616,
        "dvar": 17.7013950348,
        "dvar2": 37.3972129822,
        "max": 24.2884578705,
        "mean": 3.21336579323,
        "median": 0.0743219852448,
        "min": -1.41562974453,
        "stdev": 5.96744775772,
        "var": 35.6104354858
    },
    "melbands_skewness": {
        "dmean": 0.548123121262,
        "dmean2": 0.709012448788,
        "dvar": 0.335268259048,
        "dvar2": 0.656802117825,
        "max": 4.58429050446,
        "mean": 1.25715434551,
        "median": 0.931293547153,
        "min": 0.250564336777,
        "stdev": 1.02749109268,
        "var": 1.05573797226
    },
    "melbands_spread": {
        "dmean": 20.2376613617,
        "dmean2": 32.5732307434,
        "dvar": 1218.75256348,
        "dvar2": 1937.37817383,
        "max": 183.637039185,
        "mean": 97.8478927612,
        "median": 113.289825439,
        "min": 7.62645149231,
        "stdev": 74.7515640259,
        "var": 5587.79638672
    },
    "pitch_salience": {
        "dmean": 0.105056345463,
        "dmean2": 0.176515415311,
        "dvar": 0.0135589707643,
        "dvar2": 0.0345721803606,
        "max": 0.893189907074,
        "mean": 0.611305713654,
        "median": 0.611820757389,
        "min": 0.281126886606,
        "stdev": 0.146682828665,
        "var": 0.021515853703
    },
    "silence_rate_20dB": {
        "dmean": 0,
        "dmean2": 0,
        "dvar": 0,
        "dvar2": 0,
        "max": 1,
        "mean": 1,
        "median": 1,
        "min": 1,
        "stdev": 0,
        "var": 0
    },
    "silence_rate_30dB": {
        "dmean": 0,
        "dmean2": 0,
        "dvar": 0,
        "dvar2": 0,
        "max": 1,
        "mean": 1,
        "median": 1,
        "min": 1,
        "stdev": 0,
        "var": 0
    },
    "silence_rate_60dB": {
        "dmean": 0.129032254219,
        "dmean2": 0.266666680574,
        "dvar": 0.112382896245,
        "dvar2": 0.195555627346,
        "max": 1,
        "mean": 0.84375,
        "median": 1,
        "min": 0,
        "stdev": 0.363092184067,
        "var": 0.1318359375
    },
    "spectral_centroid": {
        "dmean": 307.34185791,
        "dmean2": 513.960144043,
        "dvar": 249720.015625,
        "dvar2": 386522.21875,
        "max": 4097.05712891,
        "mean": 2652.64404297,
        "median": 3658.93945312,
        "min": 932.689941406,
        "stdev": 1284.18383789,
        "var": 1649128.25
    },
    "spectral_complexity": {
        "dmean": 2.45161294937,
        "dmean2": 3.93333339691,
        "dvar": 31.0218391418,
        "dvar2": 60.328868866,
        "max": 32,
        "mean": 2.6875,
        "median": 0,
        "min": 0,
        "stdev": 6.85764837265,
        "var": 47.02734375
    },
    "spectral_decrease": {
        "dmean": 2.1059187727e-09,
        "dmean2": 3.86261111984e-09,
        "dvar": 4.68082615839e-17,
        "dvar2": 1.32025371127e-16,
        "max": -5.51012923367e-18,
        "mean": -1.33029731675e-09,
        "median": -6.21694468367e-14,
        "min": -3.11824557286e-08,
        "stdev": 5.48909895315e-09,
        "var": 3.01302093222e-17
    },
    "spectral_energy": {
        "dmean": 0.00894884578884,
        "dmean2": 0.0165474042296,
        "dvar": 0.000858642742969,
        "dvar2": 0.0024364234414,
        "max": 0.132612615824,
        "mean": 0.00556035991758,
        "median": 7.20394950804e-07,
        "min": 7.97054158785e-11,
        "stdev": 0.0232883635908,
        "var": 0.000542347843293
    },
    "spectral_energyband_high": {
        "dmean": 0.000305000110529,
        "dmean2": 0.000615158933215,
        "dvar": 1.18066452615e-06,
        "dvar2": 3.52616666532e-06,
        "max": 0.00454634428024,
        "mean": 0.000158441325766,
        "median": 3.76810646685e-07,
        "min": 4.27277484227e-11,
        "stdev": 0.000789216894191,
        "var": 6.2286329694e-07
    },
    "spectral_energyband_low": {
        "dmean": 0.00082059862325,
        "dmean2": 0.0011261793552,
        "dvar": 5.27870588485e-06,
        "dvar2": 1.18825319078e-05,
        "max": 0.0126417484134,
        "mean": 0.000732142303605,
        "median": 5.97504055122e-08,
        "min": 1.53710794093e-11,
        "stdev": 0.00242383359,
        "var": 5.87496924709e-06
    },
    "spectral_energyband_middle_high": {
        "dmean": 0.00638108933344,
        "dmean2": 0.0127692855895,
        "dvar": 0.000520747969858,
        "dvar2": 0.00154626334552,
        "max": 0.0960464552045,
        "mean": 0.00332930660807,
        "median": 8.76488002177e-08,
        "min": 6.90460666072e-12,
        "stdev": 0.0166856516153,
        "var": 0.000278410967439
    },
    "spectral_energyband_middle_low": {
        "dmean": 0.00213345279917,
        "dmean2": 0.00384855666198,
        "dvar": 3.99817872676e-05,
        "dvar2": 0.00010999465303,
        "max": 0.0295567121357,
        "mean": 0.0014368648408,
        "median": 1.95219804766e-08,
        "min": 9.90062632572e-12,
        "stdev": 0.00525790918618,
        "var": 2.76456066786e-05
    },
    "spectral_entropy": {
        "dmean": 0.15178874135,
        "dmean2": 0.221433252096,
        "dvar": 0.0351385958493,
        "dvar2": 0.054398175329,
        "max": 9.13644504547,
        "mean": 8.36781787872,
        "median": 8.70549678802,
        "min": 7.48715162277,
        "stdev": 0.48087438941,
        "var": 0.231240168214
    },
    "spectral_flux": {
        "dmean": 0.0269954837859,
        "dmean2": 0.0453481450677,
        "dvar": 0.00408337125555,
        "dvar2": 0.00753725320101,
        "max": 0.342028349638,
        "mean": 0.0339461266994,
        "median": 0.000930946087465,
        "min": 0.00043488299707,
        "stdev": 0.0778054520488,
        "var": 0.00605368893594
    },
    "spectral_kurtosis": {
        "dmean": 0.957617580891,
        "dmean2": 1.50434648991,
        "dvar": 0.829036176205,
        "dvar2": 2.24427580833,
        "max": 7.78868293762,
        "mean": 3.3896048069,
        "median": 2.58132219315,
        "min": 1.48306369781,
        "stdev": 1.83587539196,
        "var": 3.37043833733
    },
    "spectral_rms": {
        "dmean": 0.000878082530107,
        "dmean2": 0.00141060294118,
        "dvar": 4.50915013062e-06,
        "dvar2": 1.17795434562e-05,
        "max": 0.0113744521514,
        "mean": 0.000908217334654,
        "median": 2.65105809376e-05,
        "min": 2.78857271496e-07,
        "stdev": 0.00214473367669,
        "var": 4.59988223156e-06
    },
    "spectral_rolloff": {
        "dmean": 1432.99987793,
        "dmean2": 2267.44628906,
        "dvar": 11498214,
        "dvar2": 19168274,
        "max": 18109.4238281,
        "mean": 9990.73339844,
        "median": 17032.7636719,
        "min": 86.1328125,
        "stdev": 8121.52685547,
        "var": 65959196
    },
    "spectral_skewness": {
        "dmean": 0.14390283823,
        "dmean2": 0.248826786876,
        "dvar": 0.0239980779588,
        "dvar2": 0.0380205661058,
        "max": 2.17863821983,
        "mean": 1.50962924957,
        "median": 1.38645672798,
        "min": 1.13723385334,
        "stdev": 0.314361304045,
        "var": 0.0988230332732
    },
    "spectral_spread": {
        "dmean": 1058206.5,
        "dmean2": 1329720.75,
        "dvar": 2.67567208858e+12,
        "dvar2": 2.55306576691e+12,
        "max": 20221954,
        "mean": 7895231.5,
        "median": 9272830,
        "min": 3819176.75,
        "stdev": 3328849.75,
        "var": 1.10812400189e+13
    },
    "spectral_strongpeak": {
        "dmean": 0.0510878823698,
        "dmean2": 0.0883914753795,
        "dvar": 0.00869848113507,
        "dvar2": 0.023197863251,
        "max": 0.343849748373,
        "mean": 0.035495724529,
        "median": 0,
        "min": 0,
        "stdev": 0.0862221345305,
        "var": 0.0074342568405
    },
    "zerocrossingrate": {
        "dmean": 0.0312184970826,
        "dmean2": 0.0280110668391,
        "dvar": 0.00176803418435,
        "dvar2": 0.00127777201124,
        "max": 0.2822265625,
        "mean": 0.163116455078,
        "median": 0.16845703125,
        "min": 0.0166015625,
        "stdev": 0.0996452644467,
        "var": 0.00992917921394
    },
    "barkbands": {
        "dmean": [0.000117967145343, 0.000732285960112, 2.2342084776e-05, 6.37473058305e-05, 0.000331885152264, 0.000769693695474, 8.34246893646e-05, 0.000145033467561, 0.000426149315899, 0.00156162981875, 0.00167891394813, 0.000909617519937, 0.00121083809063, 0.000697888317518, 0.000235797895584, 6.21153667453e-05, 2.71283661277e-05, 5.43192545592e-05, 5.26446929143e-05, 7.12972250767e-05, 6.94531263434e-05, 4.2097082769e-05, 2.14863994188e-05, 6.58954231767e-05, 6.10854403931e-05, 5.64394167668e-06, 1.19155438369e-05],
        "dmean2": [0.000180050978088, 0.00108430639375, 2.89231011266e-05, 0.000125076723634, 0.000567009265069, 0.00133652111981, 0.000152231106767, 0.000215247142478, 0.000760433496907, 0.00316422875039, 0.00342630315572, 0.00166381115559, 0.00245555536821, 0.00142514100298, 0.00046887845383, 0.000114148046123, 4.41250231233e-05, 0.000102682781289, 0.000105333281681, 0.000138513365528, 0.000138413786772, 8.36623294163e-05, 4.36176815128e-05, 0.000134942078148, 0.000125335427583, 1.12567777251e-05, 2.45140890911e-05],
        "dvar": [5.01866743718e-08, 4.62344678454e-06, 2.7135673708e-09, 3.36711991622e-08, 1.12832799459e-06, 6.02784575676e-06, 4.75062371663e-08, 1.12780973893e-07, 1.16468640954e-06, 3.08947383019e-05, 3.67114880646e-05, 9.24233154365e-06, 2.02604642254e-05, 6.8327972258e-06, 6.47820456834e-07, 3.60177772052e-08, 5.65676883113e-09, 3.38312382553e-08, 3.51941480403e-08, 6.13682331618e-08, 5.84122759051e-08, 2.04836307915e-08, 5.98616001213e-09, 5.94633249307e-08, 5.08700708224e-08, 3.62670116161e-10, 2.00358685198e-09],
        "dvar2": [1.20931630931e-07, 1.07035903056e-05, 5.78438408283e-09, 1.1045646886e-07, 3.01839759231e-06, 1.60911295097e-05, 1.38912895409e-07, 2.7086801424e-07, 3.21488346344e-06, 9.22703693504e-05, 0.000110420376586, 2.56761068158e-05, 6.06696485193e-05, 2.05229498533e-05, 1.92583388525e-06, 1.00846769158e-07, 1.47944518858e-08, 9.67767022075e-08, 1.04986284555e-07, 1.78821267127e-07, 1.73093667399e-07, 6.08466308449e-08, 1.80694144092e-08, 1.78841844445e-07, 1.53020835114e-07, 1.07834452479e-09, 6.03818639533e-09],
        "max": [0.0014711371623, 0.0113101862371, 0.000326682580635, 0.000767107878346, 0.00510515458882, 0.0116482879966, 0.00106787704863, 0.00158396153711, 0.00471269292757, 0.0230695940554, 0.0249252673239, 0.0138319451362, 0.018716968596, 0.0107769481838, 0.00339111383073, 0.000877902493812, 0.000367898639524, 0.00081641424913, 0.00079260522034, 0.00107299140655, 0.00102476601023, 0.000608822214417, 0.000324491265928, 0.001002517296, 0.000925451342482, 8.0672230979e-05, 0.000183185024071],
        "mean": [0.000145106227137, 0.000581934815273, 2.35229963437e-05, 3.77567339456e-05, 0.000234866311075, 0.000514426094014, 5.92961914663e-05, 0.000114738490083, 0.000268971547484, 0.000791458645836, 0.000842943205498, 0.000551732780878, 0.000616961624473, 0.000348631525412, 0.000125151054817, 3.95199240302e-05, 1.97753106477e-05, 3.20464059769e-05, 2.8404094337e-05, 3.93497975892e-05, 3.72049180442e-05, 2.27029486268e-05, 1.14761651275e-05, 3.28378700942e-05, 3.02067710436e-05, 3.0795058592e-06, 5.93947152083e-06],
        "median": [2.15505750134e-07, 1.10298605804e-08, 4.60176963202e-09, 3.40527250842e-09, 5.32360333594e-09, 4.7659041158e-09, 5.0203237123e-09, 5.20956078276e-09, 5.45670797436e-09, 5.58964075026e-09, 6.13762995982e-09, 1.13508704658e-08, 7.57314921884e-09, 1.02990114215e-08, 9.87806636488e-09, 1.08902789009e-08, 1.63711746382e-08, 1.65739670877e-08, 1.67188609623e-08, 2.03269223675e-08, 2.46742857257e-08, 3.19855821829e-08, 3.74807100911e-08, 4.89960712002e-08, 6.61480896724e-08, 8.72905303595e-08, 1.17459336479e-07],
        "min": [5.6986568242e-12, 7.49451542492e-12, 3.66777181543e-12, 2.47562170416e-12, 2.49197754446e-12, 7.08258863884e-13, 6.60979626067e-13, 1.0827725435e-12, 2.09079390086e-12, 7.94526879185e-13, 5.02885696952e-14, 1.59932288767e-13, 4.25181374483e-13, 6.09422234898e-13, 6.48213579167e-13, 1.4762820686e-13, 2.96660645268e-13, 1.38926077673e-12, 1.79539098432e-12, 1.27716023521e-12, 2.46850370006e-12, 2.90745379161e-12, 1.13170746645e-12, 2.19801672523e-12, 9.08282997425e-12, 9.31084549738e-12, 1.57097754944e-11],
        "stdev": [0.000333802978275, 0.00212153140455, 6.45410254947e-05, 0.000137936454848, 0.0009261459345, 0.00210270984098, 0.000193269224837, 0.000319866434438, 0.000883700908162, 0.00400792807341, 0.0043300059624, 0.00244752201252, 0.00325311929919, 0.00187345803715, 0.000589360832237, 0.000154864159413, 6.84271144564e-05, 0.000142859615153, 0.000137516341056, 0.00018692703452, 0.000177892216016, 0.000105688050098, 5.63070825592e-05, 0.000174206405063, 0.000160841009347, 1.40002157423e-05, 3.18357779179e-05],
        "var": [1.11424427018e-07, 4.50089510196e-06, 4.16554390981e-09, 1.90264639599e-08, 8.57746329075e-07, 4.42138843937e-06, 3.73529935871e-08, 1.02314537287e-07, 7.80927337019e-07, 1.60634881468e-05, 1.87489531527e-05, 5.99036366111e-06, 1.05827848529e-05, 3.50984510078e-06, 3.47346173157e-07, 2.39829063275e-08, 4.68227012718e-09, 2.04088710376e-08, 1.89107431936e-08, 3.49417135226e-08, 3.16456407745e-08, 1.11699636207e-08, 3.17048765019e-09, 3.03478699948e-08, 2.58698289457e-08, 1.9600603085e-10, 1.013516715e-09]
    },
    "erbbands": {
        "dmean": [0.0257455594838, 0.143768370152, 0.0620279982686, 0.133801758289, 0.168906420469, 1.09425055981, 4.69001102448, 6.67060232162, 2.56309747696, 0.522024095058, 5.98838472366, 10.430850029, 32.7104873657, 58.5154762268, 65.6313095093, 35.0063362122, 53.2363357544, 35.5001907349, 27.5084152222, 7.88331127167, 2.61013770103, 1.58309161663, 1.91863334179, 3.71743440628, 2.81410837173, 3.65523862839, 1.6325545311, 3.23359942436, 1.58730995655, 1.03254079819, 0.56993329525, 1.06621897221, 1.3257162571, 0.899984776974, 0.279117375612, 0.0242031179368, 0.00961407832801, 0.0119129596278, 0.00168116285931, 8.80250227056e-05],
        "dmean2": [0.0365993604064, 0.221228763461, 0.0899458453059, 0.259927511215, 0.283033400774, 1.75630295277, 8.51551437378, 11.4610261917, 4.79777526855, 0.795379042625, 10.3618278503, 19.1977272034, 64.3377380371, 119.430679321, 133.532241821, 62.4617958069, 106.747344971, 72.2662506104, 55.6450996399, 15.5526676178, 4.40890455246, 2.67789292336, 3.3590593338, 7.46518182755, 5.58544111252, 7.11608839035, 3.16709923744, 6.48680114746, 3.165599823, 2.06310534477, 1.15450680256, 2.17501020432, 2.72144317627, 1.84904921055, 0.570511698723, 0.0480336099863, 0.0191163476557, 0.0244883019477, 0.00345514947549, 0.000178688147571],
        "dvar": [0.00532902404666, 0.187242090702, 0.028160572052, 0.147360533476, 0.259350895882, 11.3208332062, 237.858917236, 447.140258789, 62.0854034424, 0.888473272324, 177.834686279, 767.972961426, 12233.7783203, 44128.2578125, 56565.4570312, 13347.8173828, 38086.3203125, 17539.4667969, 10101.3037109, 684.111999512, 54.3599472046, 21.1407833099, 36.4885025024, 179.223266602, 100.98374939, 162.257202148, 26.8094043732, 133.464767456, 29.9249458313, 12.8442382812, 4.10839700699, 15.6250562668, 24.0651531219, 11.0438327789, 1.05320334435, 0.00628510676324, 0.00106973806396, 0.00201878254302, 3.91122339352e-05, 1.04942699863e-07],
        "dvar2": [0.0120560238138, 0.445671379566, 0.0519389249384, 0.473576396704, 0.424290716648, 28.8869819641, 665.863952637, 1181.37731934, 179.183837891, 1.48895037174, 434.713409424, 2188.99243164, 35863.9882812, 132404.21875, 169855.53125, 36317.5976562, 113303.78125, 52615.2265625, 30190.0898438, 2030.2722168, 141.885818481, 57.1031913757, 98.2861709595, 534.305236816, 298.684753418, 473.270843506, 78.1285171509, 397.043487549, 88.9793395996, 38.4095687866, 12.4163541794, 46.9247970581, 72.4545669556, 33.24401474, 3.16247153282, 0.0186366401613, 0.00317354802974, 0.00608227076009, 0.000117796720588, 3.14456457318e-07],
        "max": [0.397258251905, 2.22037148476, 0.939956188202, 1.68700635433, 2.57563233376, 16.4491233826, 70.9712219238, 100.921829224, 36.4302940369, 5.27602243423, 49.9563026428, 118.542373657, 472.529968262, 865.688415527, 981.974182129, 533.828674316, 820.966308594, 548.023803711, 417.853942871, 111.516487122, 36.1136550903, 22.0931949615, 28.3298282623, 56.2326202393, 42.9186210632, 55.0606079102, 22.6600265503, 48.571472168, 23.2061100006, 15.1239423752, 8.54751873016, 16.3354721069, 20.1118965149, 13.6152153015, 4.22788286209, 0.337413400412, 0.1391210109, 0.183997094631, 0.025625038892, 0.00134422292467],
        "mean": [0.0221904311329, 0.107310459018, 0.0617303326726, 0.0907282307744, 0.189324334264, 0.817453503609, 2.93978762627, 4.52757644653, 1.62535381317, 0.642074942589, 4.29909133911, 6.29778051376, 17.5480861664, 29.2825374603, 33.1577072144, 21.9883365631, 27.7071914673, 17.8883094788, 14.0043783188, 4.3232011795, 1.88097786903, 1.11244297028, 1.28242766857, 1.94824802876, 1.55543792248, 2.00809240341, 0.936743676662, 1.69608056545, 0.852617442608, 0.550137281418, 0.308577090502, 0.538560330868, 0.656277775764, 0.443501114845, 0.139429524541, 0.0133481035009, 0.00528719881549, 0.00590938469395, 0.000840198772494, 4.60581650259e-05],
        "median": [8.28052748147e-07, 1.17257491183e-06, 4.30630370829e-06, 7.54965367378e-06, 1.21199218484e-05, 2.03160197998e-05, 2.05462019949e-05, 6.01960709901e-05, 4.11054825236e-05, 0.000122769415611, 9.73647256615e-05, 0.000114920490887, 0.000144446807099, 0.000215426669456, 0.000272995763225, 0.000457664602436, 0.000327156361891, 0.000473475200124, 0.000459899194539, 0.000490945938509, 0.000616265577264, 0.00105223315768, 0.000810925499536, 0.000838275067508, 0.000930568436161, 0.00101589574479, 0.000891707604751, 0.00110544869676, 0.00110277440399, 0.00125059450511, 0.00116883032024, 0.000993418623693, 0.000813747057691, 0.000687017047312, 0.000535716419108, 0.000307801179588, 0.000174431144842, 6.35946198599e-05, 1.71330757439e-05, 1.7405870949e-06],
        "min": [2.91093704696e-10, 1.4446772667e-09, 3.97536537022e-09, 6.96754920426e-09, 8.67970850749e-09, 7.93640531072e-09, 6.09055783585e-09, 5.89698423425e-09, 8.18003709213e-09, 1.42019214167e-08, 2.97868361088e-08, 4.71588883499e-08, 3.78481992414e-08, 1.15249720878e-08, 1.97623428733e-09, 8.31784063848e-09, 1.85322033275e-08, 3.02630667193e-08, 3.54348195231e-08, 1.94805238607e-08, 1.20986225483e-08, 1.85717965451e-08, 6.44909405878e-08, 7.08851572995e-08, 1.05772855363e-07, 4.57008404453e-08, 7.11491168204e-08, 1.11818856396e-07, 1.05923298577e-07, 6.77324862863e-08, 3.8289549309e-08, 4.33437392644e-08, 3.80242966003e-08, 5.13576914329e-08, 1.04007199297e-07, 4.37691483057e-08, 1.45481982017e-08, 8.39611669079e-09, 2.06137062975e-09, 2.136474192e-10],
        "stdev": [0.0754451751709, 0.411497980356, 0.196055829525, 0.305436104536, 0.60117739439, 3.08682060242, 12.5903701782, 18.3003673553, 6.40282678604, 1.29479718208, 12.1258926392, 21.7752132416, 82.2255783081, 150.409347534, 170.559707642, 95.3465499878, 142.72265625, 95.2562332153, 72.5955963135, 19.3917942047, 6.61979436874, 4.00118160248, 5.08691501617, 9.76366424561, 7.45262241364, 9.58942890167, 3.94808411598, 8.43283653259, 4.02744817734, 2.62409591675, 1.48353171349, 2.83809638023, 3.49529075623, 2.36648058891, 0.734606027603, 0.0586424544454, 0.024136049673, 0.0319869332016, 0.0044521568343, 0.000233277285588],
        "var": [0.00569197488949, 0.169330596924, 0.0384378880262, 0.093291208148, 0.361414253712, 9.5284614563, 158.517410278, 334.903411865, 40.9961929321, 1.67649972439, 147.037261963, 474.159881592, 6761.04589844, 22622.9726562, 29090.6132812, 9090.96484375, 20369.7578125, 9073.75, 5270.12011719, 376.041717529, 43.8216781616, 16.0094528198, 25.8767051697, 95.3291397095, 55.5415840149, 91.9571456909, 15.5873680115, 71.1127243042, 16.2203407288, 6.8858795166, 2.20086622238, 8.0547914505, 12.2170572281, 5.60023069382, 0.539646029472, 0.00343893724494, 0.000582548906095, 0.00102316378616, 1.98216985154e-05, 5.44182938711e-08]
    },
    "gfcc": {
        "mean": [-368.053100586, -9.71640586853, -96.8200149536, 2.68600416183, -46.3840255737, 13.5222072601, -20.5033607483, 8.69376182556, -15.2738361359, 5.38965082169, -11.3087854385, 5.71416902542, -4.28315019608],
        "cov": [[53010.6679688, 13979.0195312, -4817.06738281, -605.653747559, -1982.9407959, 1161.4519043, -92.0243377686, -171.494522095, -596.982116699, 87.6653671265, 408.199279785, 521.680236816, 901.229614258], [13979.0195312, 5484.59960938, -1238.13122559, 5.24923992157, -482.620819092, 381.541381836, 62.9191093445, 8.78304004669, -181.659667969, 5.97679567337, 16.6227912903, 83.7732925415, 139.231506348], [-4817.06738281, -1238.13122559, 634.100769043, 207.948730469, 309.1590271, -57.111240387, -7.97920846939, -47.1139144897, 7.82048511505, -22.7962760925, -9.93455982208, -20.1634731293, -86.6745910645], [-605.653747559, 5.24923992157, 207.948730469, 189.245071411, 116.796768188, -6.4562253952, -38.9407691956, -45.327205658, -15.1074132919, -4.23008966446, 16.0356845856, 27.1825332642, -29.2817516327], [-1982.9407959, -482.620819092, 309.1590271, 116.796768188, 310.612304688, 70.7429962158, 35.0607528687, -0.0711533352733, -16.4357204437, -45.4204025269, 2.02450108528, -15.77480793, -33.5997772217], [1161.4519043, 381.541381836, -57.111240387, -6.4562253952, 70.7429962158, 116.363639832, 51.1908950806, 5.30286645889, -38.8458557129, -25.4925518036, 2.0025177002, -7.25208187103, 16.8677768707], [-92.0243377686, 62.9191093445, -7.97920846939, -38.9407691956, 35.0607528687, 51.1908950806, 68.0684738159, 40.4251823425, 3.9789993763, -9.76472377777, -18.7538833618, -19.377204895, 2.31937170029], [-171.494522095, 8.78304004669, -47.1139144897, -45.327205658, -0.0711533352733, 5.30286645889, 40.4251823425, 86.2046279907, 38.4008560181, 1.59300279617, -35.0029029846, -26.0725479126, 16.6965312958], [-596.982116699, -181.659667969, 7.82048511505, -15.1074132919, -16.4357204437, -38.8458557129, 3.9789993763, 38.4008560181, 51.0659561157, 13.7405109406, -13.4748811722, -5.64905643463, -11.81594944], [87.6653671265, 5.97679567337, -22.7962760925, -4.23008966446, -45.4204025269, -25.4925518036, -9.76472377777, 1.59300279617, 13.7405109406, 31.940404892, 12.5625829697, 7.35755681992, 0.909714102745], [408.199279785, 16.6227912903, -9.93455982208, 16.0356845856, 2.02450108528, 2.0025177002, -18.7538833618, -35.0029029846, -13.4748811722, 12.5625829697, 46.9960365295, 25.8450584412, 1.51173126698], [521.680236816, 83.7732925415, -20.1634731293, 27.1825332642, -15.77480793, -7.25208187103, -19.377204895, -26.0725479126, -5.64905643463, 7.35755681992, 25.8450584412, 41.433757782, 8.78799724579], [901.229614258, 139.231506348, -86.6745910645, -29.2817516327, -33.5997772217, 16.8677768707, 2.31937170029, 16.6965312958, -11.81594944, 0.909714102745, 1.51173126698, 8.78799724579, 49.038394928]],
        "icov": [[0.00116584752686, -0.000261365901679, 0.00529201375321, -0.00523768179119, 0.00557147944346, -0.0141889480874, 0.00532400747761, 0.00185301469173, -0.00368667626753, 0.00166471104603, -0.00343523919582, -0.00199520378374, -0.00709833716974], [-0.000261365901679, 0.00160576426424, 0.002406116575, -0.00450984155759, 0.00119260500651, -2.1999114324e-05, -0.00294486549683, -0.00335300900042, 0.00609757611528, -0.00102899118792, 0.0020118560642, -0.000245126429945, 0.00537995854393], [0.00529201375321, 0.002406116575, 0.0487726889551, -0.0468027852476, 0.0135408481583, -0.0452685803175, -0.00290016550571, 0.0254159215838, -0.00806101225317, 8.33055935345e-07, -0.00451674824581, 0.00329601881094, -0.031891528517], [-0.00523768179119, -0.00450984155759, -0.0468027852476, 0.0647525638342, -0.0308947898448, 0.0577422603965, 0.00797399040312, -0.0148240821436, 0.00755952112377, -0.0124431401491, 0.0169645249844, -0.0116311879829, 0.032258566469], [0.00557147944346, 0.00119260500651, 0.0135408481583, -0.0308947898448, 0.0582102797925, -0.10241021961, 0.0418674834073, -0.0233768932521, -0.00871670618653, 0.0265969745815, -0.0334483981133, -0.0179186370224, -0.0175556819886], [-0.0141889480874, -2.1999114324e-05, -0.0452685803175, 0.0577422603965, -0.10241021961, 0.250401228666, -0.119267888367, 0.0178376417607, 0.0473920628428, -0.0192536897957, 0.0431000478566, 0.0492988042533, 0.0601763762534], [0.00532400747761, -0.00294486549683, -0.00290016550571, 0.00797399040312, 0.0418674834073, -0.119267888367, 0.108220458031, -0.0434616170824, -0.0094261020422, 0.0042872116901, -0.0158751700073, -0.0404634699225, -0.00506792869419], [0.00185301469173, -0.00335300900042, 0.0254159215838, -0.0148240821436, -0.0233768932521, 0.0178376417607, -0.0434616170824, 0.110542431474, -0.0768370553851, -0.00862697418779, 0.0195530261844, 0.0433240570128, -0.0729196816683], [-0.00368667626753, 0.00609757611528, -0.00806101225317, 0.00755952112377, -0.00871670618653, 0.0473920628428, -0.0094261020422, -0.0768370553851, 0.118900120258, -0.0225879661739, 0.0167975910008, -0.0295634418726, 0.0788894370198], [0.00166471104603, -0.00102899118792, 8.33055935345e-07, -0.0124431401491, 0.0265969745815, -0.0192536897957, 0.0042872116901, -0.00862697418779, -0.0225879661739, 0.0756816118956, -0.0451443940401, 0.00728674931452, -0.0142811369151], [-0.00343523919582, 0.0020118560642, -0.00451674824581, 0.0169645249844, -0.0334483981133, 0.0431000478566, -0.0158751700073, 0.0195530261844, 0.0167975910008, -0.0451443940401, 0.076822809875, -0.016608601436, 0.0214107744396], [-0.00199520378374, -0.000245126429945, 0.00329601881094, -0.0116311879829, -0.0179186370224, 0.0492988042533, -0.0404634699225, 0.0433240570128, -0.0295634418726, 0.00728674931452, -0.016608601436, 0.0798694044352, -0.026887152344], [-0.00709833716974, 0.00537995854393, -0.031891528517, 0.032258566469, -0.0175556819886, 0.0601763762534, -0.00506792869419, -0.0729196816683, 0.0788894370198, -0.0142811369151, 0.0214107744396, -0.026887152344, 0.11423676461]]
    },
    "melbands": {
        "dmean": [0.000226815944188, 8.40786742629e-05, 2.05851665669e-05, 3.3584638004e-05, 0.000149279279867, 0.000145154859638, 3.42709754477e-05, 7.03201476426e-06, 5.97577927692e-05, 6.08780137554e-05, 0.000168056547409, 0.000235105660977, 0.000229088007472, 0.000122166151414, 9.60336838034e-05, 0.000117124938697, 6.0582831793e-05, 5.38684907951e-05, 1.33823796205e-05, 6.48355035082e-06, 2.33398327509e-06, 1.75157856575e-06, 1.07890423351e-06, 2.71353019343e-06, 3.17554668072e-06, 1.57173906246e-06, 2.80487574855e-06, 2.28767339649e-06, 7.05551201463e-07, 1.32453783408e-06, 2.25798748943e-06, 8.44034900638e-07, 8.43568614073e-07, 4.296616396e-07, 2.4578022817e-07, 5.04776153321e-07, 6.85733141381e-07, 9.64376908996e-07, 8.32504497339e-07, 7.63327875575e-07],
        "dmean2": [0.000331616553012, 0.000118047035357, 3.8643120206e-05, 5.33983147761e-05, 0.000268779025646, 0.000251282937825, 6.43555031274e-05, 1.08232579805e-05, 0.000109330765554, 0.000111387133074, 0.000331725808792, 0.000480629503727, 0.000467577134259, 0.000235987346969, 0.000178737260285, 0.000236171268625, 0.000123849866213, 0.000109196531412, 2.6560464903e-05, 1.24907228383e-05, 3.7015995531e-06, 2.97986821352e-06, 1.69415864093e-06, 5.2300651987e-06, 6.41870246909e-06, 3.13431974064e-06, 5.48735715711e-06, 4.44850638814e-06, 1.35141829105e-06, 2.61115428657e-06, 4.54464952782e-06, 1.6705522512e-06, 1.69427630681e-06, 8.59412295995e-07, 4.99580494306e-07, 1.02049898487e-06, 1.40319502862e-06, 1.97944473257e-06, 1.71150418282e-06, 1.56767407589e-06],
        "dvar": [4.25009289984e-07, 5.9017185805e-08, 4.09301570414e-09, 1.05825046504e-08, 2.38058319724e-07, 2.13357338907e-07, 1.07564321894e-08, 1.9630953807e-10, 1.92849221037e-08, 2.48403395631e-08, 3.27172443804e-07, 7.14498696652e-07, 6.87606473093e-07, 1.81766537821e-07, 1.07491935353e-07, 1.87410265085e-07, 5.15449691818e-08, 3.94859824837e-08, 1.94467553172e-09, 4.35713493063e-10, 4.04966789269e-11, 2.58303066436e-11, 8.82692616916e-12, 8.99784621811e-11, 1.32188399116e-10, 3.03209922448e-11, 1.00945328485e-10, 6.22520229809e-11, 4.33935613137e-12, 1.97890627496e-11, 6.69722957647e-11, 8.32880639456e-12, 8.34323495708e-12, 2.29862613318e-12, 7.37058471981e-13, 3.42838583044e-12, 6.51401458815e-12, 1.27124743024e-11, 9.53190738145e-12, 7.8913889312e-12],
        "dvar2": [9.95020741357e-07, 1.30783831764e-07, 1.18941114735e-08, 2.30270220669e-08, 6.63789876398e-07, 5.67359506931e-07, 3.12800878532e-08, 3.91336379968e-10, 4.88454929837e-08, 6.9598463881e-08, 9.60982902143e-07, 2.14452416003e-06, 2.06857771445e-06, 5.26453618477e-07, 3.02810633457e-07, 5.59698321467e-07, 1.54954847176e-07, 1.18080784262e-07, 5.78548808861e-09, 1.2712307873e-09, 9.67616681224e-11, 7.02246802375e-11, 2.0742936882e-11, 2.60167998256e-10, 3.95211474657e-10, 9.03061653235e-11, 2.9581428973e-10, 1.81326731408e-10, 1.2535578478e-11, 5.84235021472e-11, 1.99442837245e-10, 2.46595903419e-11, 2.49455768542e-11, 6.88577103322e-12, 2.24511511812e-12, 1.02666581833e-11, 1.95840253736e-11, 3.82710599323e-11, 2.87163053753e-11, 2.37450545337e-11],
        "max": [0.00349832884967, 0.00129220611416, 0.000312888849294, 0.00051620893646, 0.00225665722974, 0.00219699484296, 0.000481437891722, 6.05655877735e-05, 0.000504229567014, 0.000684567843564, 0.00243621598929, 0.00347951427102, 0.00341060920618, 0.00185744778719, 0.00147418910637, 0.00180940097198, 0.00093533238396, 0.00082477851538, 0.000185693235835, 9.19027297641e-05, 3.18778365909e-05, 2.43837912421e-05, 1.45791964314e-05, 4.14900678152e-05, 4.80172820971e-05, 2.3451357265e-05, 4.32390734204e-05, 3.41337181453e-05, 9.22375693335e-06, 1.90822393051e-05, 3.42843341059e-05, 1.23405088743e-05, 1.21272569231e-05, 6.39805239189e-06, 3.63093954547e-06, 7.74661384639e-06, 1.05074286694e-05, 1.4621410628e-05, 1.26343429656e-05, 1.15154653031e-05],
        "mean": [0.000189345824765, 6.95460403222e-05, 1.75751702045e-05, 2.98776139971e-05, 9.4873495982e-05, 9.76252485998e-05, 2.200563722e-05, 8.0780018834e-06, 4.15887625422e-05, 3.71108908439e-05, 8.94902914297e-05, 0.000117277617392, 0.000114996022603, 6.80689627188e-05, 5.67113274883e-05, 6.0267146182e-05, 3.02479747916e-05, 2.72794386547e-05, 7.18205365047e-06, 3.77132187168e-06, 1.8698981421e-06, 1.21441280498e-06, 8.79202332271e-07, 1.54760300575e-06, 1.64101902556e-06, 8.76635169789e-07, 1.54175836542e-06, 1.25342467072e-06, 4.15735854631e-07, 7.31142165478e-07, 1.17117701848e-06, 4.60917192413e-07, 4.42629499275e-07, 2.30754679365e-07, 1.35630401132e-07, 2.63866553496e-07, 3.42897578776e-07, 4.77712205793e-07, 4.09772582088e-07, 3.76439260208e-07],
        "median": [1.1075282913e-08, 1.78563286379e-09, 1.40399358806e-09, 1.14057874256e-09, 7.95048693547e-10, 1.33459965301e-09, 7.44470873837e-10, 1.38479250289e-09, 7.15735581913e-10, 7.36269267776e-10, 7.26993132361e-10, 8.7526297321e-10, 9.12634301464e-10, 1.33638544675e-09, 9.86192016939e-10, 6.7034694462e-10, 9.28330523564e-10, 7.07451208726e-10, 7.83653641978e-10, 8.25853774256e-10, 8.04399546972e-10, 1.17521758991e-09, 7.11054881641e-10, 7.72811925565e-10, 6.9650135659e-10, 6.77696287976e-10, 8.0724243956e-10, 7.26403048823e-10, 5.70834823854e-10, 6.30918539635e-10, 6.73536559859e-10, 6.10929806744e-10, 6.57208398813e-10, 7.0681394071e-10, 6.76301570302e-10, 6.54819143353e-10, 6.79742151455e-10, 5.89097826076e-10, 6.72030597837e-10, 5.77222047937e-10],
        "min": [2.61392405117e-12, 2.01959347683e-12, 1.25313539927e-12, 5.99462862162e-13, 2.37866882224e-13, 1.3318039976e-13, 1.28031754035e-13, 1.68750728452e-13, 2.63979430763e-13, 3.00964683947e-13, 1.84180497459e-13, 4.95935893264e-14, 5.50242385767e-15, 1.27364312402e-14, 3.28015304534e-14, 4.59883223354e-14, 5.6964666545e-14, 5.56040131473e-14, 4.63672137252e-14, 1.08968247565e-14, 1.56272293283e-14, 1.69690362429e-14, 3.7789172155e-14, 7.05936570593e-14, 5.168395822e-14, 8.69160293867e-14, 6.46916873369e-14, 2.07802660713e-14, 4.26916362233e-14, 6.7378204795e-14, 5.49107234563e-14, 5.08641014778e-14, 6.67554119621e-14, 2.46964822453e-14, 2.24945032084e-14, 2.01158771443e-14, 2.89829636257e-14, 2.40774265217e-14, 3.23036478751e-14, 3.56500887025e-14],
        "stdev": [0.000655565294437, 0.000248703174293, 5.68561408727e-05, 0.000104728445876, 0.000401512836106, 0.000396993127652, 8.46501498017e-05, 1.63099011843e-05, 0.000120483971841, 0.000126512226416, 0.000423782941652, 0.000604595174082, 0.000592479947954, 0.000323986023432, 0.000259653577814, 0.000314525677823, 0.000162594034919, 0.000143328754348, 3.23367130477e-05, 1.60167946888e-05, 6.20275386609e-06, 4.41258271167e-06, 2.85390615318e-06, 7.23948096493e-06, 8.33750436868e-06, 4.06703020417e-06, 7.52630239731e-06, 5.94627272221e-06, 1.61935440701e-06, 3.31351157001e-06, 5.95444134888e-06, 2.14222654904e-06, 2.10534699363e-06, 1.10988435154e-06, 6.31026921383e-07, 1.34513152261e-06, 1.82597432286e-06, 2.54101837527e-06, 2.19612616092e-06, 2.00144131668e-06],
        "var": [4.29765833587e-07, 6.18532709495e-08, 3.23262061563e-09, 1.09680469151e-08, 1.61212554417e-07, 1.57603537332e-07, 7.16564763081e-09, 2.66012850636e-10, 1.45163872034e-08, 1.60053446052e-08, 1.79591978622e-07, 3.6553535665e-07, 3.5103246887e-07, 1.04966950687e-07, 6.74199753803e-08, 9.89263995166e-08, 2.64368225089e-08, 2.05431298639e-08, 1.04566300063e-09, 2.56537735499e-10, 3.84741544179e-11, 1.94708867085e-11, 8.1447808567e-12, 5.24100866872e-11, 6.95139848461e-11, 1.65407340602e-11, 5.66452267037e-11, 3.53581573742e-11, 2.62230862025e-12, 1.09793589151e-11, 3.54553712778e-11, 4.58913419418e-12, 4.43248562854e-12, 1.23184318648e-12, 3.98194958994e-13, 1.80937892707e-12, 3.33418210575e-12, 6.45677435129e-12, 4.82297014825e-12, 4.00576707221e-12]
    },
    "melbands128": {
