{
"lowlevel": {
    "average_loudness": 0.029821285978,
    "barkbands_crest": {
        "dmean": 1.10815370083,
        "dmean2": 1.53363108635,
        "dvar": 0.907803416252,
        "dvar2": 1.52689886093,
        "max": 16.8836402893,
        "mean": 9.9565410614,
        "median": 9.65395641327,
        "min": 4.02600193024,
        "stdev": 2.86357283592,
        "var": 8.20004940033
    },
    "barkbands_flatness_db": {
        "dmean": 0.00943216960877,
        "dmean2": 0.0134443249553,
        "dvar": 0.00011316351447,
        "dvar2": 0.000254611542914,
        "max": 0.465683877468,
        "mean": 0.327793568373,
        "median": 0.36735445261,
        "min": 0.0438305996358,
        "stdev": 0.109706573188,
        "var": 0.0120355328545
    },
    "barkbands_kurtosis": {
        "dmean": 1.59107995033,
        "dmean2": 1.84945583344,
        "dvar": 4.44842576981,
        "dvar2": 6.90099573135,
        "max": 40.4548301697,
        "mean": 7.10059165955,
        "median": 2.17435932159,
        "min": -1.30227565765,
        "stdev": 9.92566394806,
        "var": 98.5188064575
    },
    "barkbands_skewness": {
        "dmean": 0.233594655991,
        "dmean2": 0.276978194714,
        "dvar": 0.0354977026582,
        "dvar2": 0.0674637630582,
        "max": 5.40075016022,
        "mean": 1.42587828636,
        "median": 1.01039147377,
        "min": -0.654455840588,
        "stdev": 1.36387860775,
        "var": 1.86016499996
    },
    "barkbands_spread": {
        "dmean": 0.773714780807,
        "dmean2": 0.918081104755,
        "dvar": 1.48682487011,
        "dvar2": 1.91643762589,
        "max": 74.3035049438,
        "mean": 7.34241294861,
        "median": 4.44137430191,
        "min": 1.97996044159,
        "stdev": 10.4439334869,
        "var": 109.075744629
    },
    "dissonance": {
        "dmean": 0.0315770693123,
        "dmean2": 0.0496614910662,
        "dvar": 0.000955958326813,
        "dvar2": 0.00243645953014,
        "max": 0.499966979027,
        "mean": 0.392365574837,
        "median": 0.391226172447,
        "min": 0.228383809328,
        "stdev": 0.0469844713807,
        "var": 0.00220754067414
    },
    "dynamic_complexity": 27.5559806824,
    "erbbands_crest": {
        "dmean": 1.6661273241,
        "dmean2": 2.4212448597,
        "dvar": 2.07556271553,
        "dvar2": 4.49379301071,
        "max": 17.6713008881,
        "mean": 9.97657203674,
        "median": 9.56926822662,
        "min": 4.42575645447,
        "stdev": 2.46793961525,
        "var": 6.09072637558
    },
    "erbbands_flatness_db": {
        "dmean": 0.00952985230833,
        "dmean2": 0.0125963948667,
        "dvar": 0.000105124832771,
        "dvar2": 0.000228517179494,
        "max": 0.451332241297,
        "mean": 0.305937677622,
        "median": 0.358116835356,
        "min": 0.0470739938319,
        "stdev": 0.116675928235,
        "var": 0.013613271527
    },
    "erbbands_kurtosis": {
        "dmean": 0.826592683792,
        "dmean2": 1.12633550167,
        "dvar": 0.91687220335,
        "dvar2": 1.7747386694,
        "max": 16.4794044495,
        "mean": 3.03996396065,
        "median": 1.48878192902,
        "min": -1.34272611141,
        "stdev": 4.05868244171,
        "var": 16.472902298
    },
    "erbbands_skewness": {
        "dmean": 0.223290845752,
        "dmean2": 0.282525449991,
        "dvar": 0.0330608859658,
        "dvar2": 0.0558228902519,
        "max": 3.28480768204,
        "mean": 0.94774132967,
        "median": 0.760120630264,
        "min": -0.563853800297,
        "stdev": 0.919480264187,
        "var": 0.845443964005
    },
    "erbbands_spread": {
        "dmean": 1.8569893837,
        "dmean2": 2.39419150352,
        "dvar": 5.33889484406,
        "dvar2": 8.79496383667,
        "max": 93.8901519775,
        "mean": 15.4429264069,
        "median": 9.44917201996,
        "min": 3.93795704842,
        "stdev": 16.8563156128,
        "var": 284.135406494
    },
    "hfc": {
        "dmean": 0.819263577461,
        "dmean2": 0.795467019081,
        "dvar": 4.88620567322,
        "dvar2": 4.47288703918,
        "max": 58.4102783203,
        "mean": 4.5832195282,
        "median": 0.0239039603621,
        "min": 5.7134443523e-06,
        "stdev": 10.3308830261,
        "var": 106.727142334
    },
    "loudness_ebu128": {
        "integrated": -16.4103298187,
        "loudness_range": 19.9825878143,
        "momentary": {
            "dmean": 1.14619398117,
            "dmean2": 0.452228546143,
            "dvar": 0.321185082197,
            "dvar2": 0.116266794503,
            "max": -12.6193246841,
            "mean": -42.5653076172,
            "median": -41.0321846008,
            "min": -79.6586761475,
            "stdev": 22.0031452179,
            "var": 484.138427734
        },
        "short_term": {
            "dmean": 1.09038043022,
            "dmean2": 0.30431085825,
            "dvar": 0.26621517539,
            "dvar2": 0.0663707703352,
            "max": -17.0615367889,
            "mean": -32.7257270813,
            "median": -31.2092628479,
            "min": -55.2248535156,
            "stdev": 11.991271019,
            "var": 143.790588379
        }
    },
    "melbands_crest": {
        "dmean": 1.2696737051,
        "dmean2": 1.73516845703,
        "dvar": 1.23559832573,
        "dvar2": 2.09560155869,
        "max": 21.8796253204,
        "mean": 12.0467472076,
        "median": 11.8843822479,
        "min": 5.98827171326,
        "stdev": 3.1051940918,
        "var": 9.64223098755
    },
    "melbands_flatness_db": {
        "dmean": 0.0103176273406,
        "dmean2": 0.0141658717766,
        "dvar": 0.000113203896035,
        "dvar2": 0.000236434396356,
        "max": 0.64131885767,
        "mean": 0.470467954874,
        "median": 0.511290371418,
        "min": 0.128758713603,
        "stdev": 0.128084719181,
        "var": 0.0164056960493
    },
    "melbands_kurtosis": {
        "dmean": 2.54901003838,
        "dmean2": 3.03651571274,
        "dvar": 17.3103923798,
        "dvar2": 21.6697845459,
        "max": 97.6077575684,
        "mean": 10.4118700027,
        "median": 3.8462972641,
        "min": -1.20415484905,
        "stdev": 18.5286998749,
        "var": 343.312713623
    },
    "melbands_skewness": {
        "dmean": 0.277424514294,
        "dmean2": 0.342374950647,
        "dvar": 0.0763663351536,
        "dvar2": 0.104122489691,
        "max": 7.27609109879,
        "mean": 1.70860254765,
        "median": 1.3821092844,
        "min": -0.234798848629,
        "stdev": 1.41119801998,
        "var": 1.99147987366
    },
    "melbands_spread": {
        "dmean": 0.719655454159,
        "dmean2": 0.926123261452,
        "dvar": 0.687719523907,
        "dvar2": 1.43480288982,
        "max": 27.1389694214,
        "mean": 5.85306310654,
        "median": 4.79820203781,
        "min": 2.07918715477,
        "stdev": 3.47456812859,
        "var": 12.0726232529
    },
    "pitch_salience": {
        "dmean": 0.0382774993777,
        "dmean2": 0.0536821708083,
        "dvar": 0.00099794648122,
        "dvar2": 0.00181576795876,
        "max": 0.884939908981,
        "mean": 0.674154996872,
        "median": 0.673523724079,
        "min": 0.433345913887,
        "stdev": 0.0855809524655,
        "var": 0.00732410000637
    },
    "silence_rate_20dB": {
        "dmean": 0,
        "dmean2": 0,
        "dvar": 0,
        "dvar2": 0,
        "max": 1,
        "mean": 1,
        "median": 1,
        "min": 1,
        "stdev": 0,
        "var": 0
    },
    "silence_rate_30dB": {
        "dmean": 0.00714285718277,
        "dmean2": 0.0143369175494,
        "dvar": 0.00709183793515,
        "dvar2": 0.0141313439235,
        "max": 1,
        "mean": 0.982206404209,
        "median": 1,
        "min": 0,
        "stdev": 0.132200554013,
        "var": 0.0174769870937
    },
    "silence_rate_60dB": {
        "dmean": 0.0142857143655,
        "dmean2": 0.0286738350987,
        "dvar": 0.0140816364437,
        "dvar2": 0.0278515666723,
        "max": 1,
        "mean": 0.644128084183,
        "median": 1,
        "min": 0,
        "stdev": 0.478776395321,
        "var": 0.229226842523
    },
    "spectral_centroid": {
        "dmean": 23.2265110016,
        "dmean2": 28.2818908691,
        "dvar": 1046.77172852,
        "dvar2": 1945.5748291,
        "max": 1468.30102539,
        "mean": 374.818786621,
        "median": 326.464691162,
        "min": 223.272125244,
        "stdev": 170.018554688,
        "var": 28906.3066406
    },
    "spectral_complexity": {
        "dmean": 0.62142854929,
        "dmean2": 0.992831528187,
        "dvar": 1.20668065548,
        "dvar2": 2.57342815399,
        "max": 21,
        "mean": 4.16725969315,
        "median": 0,
        "min": 0,
        "stdev": 5.67417860031,
        "var": 32.1963043213
    },
    "spectral_decrease": {
        "dmean": 4.56326670895e-10,
        "dmean2": 4.78739881071e-10,
        "dvar": 1.23922988135e-18,
        "dvar2": 1.47473802451e-18,
        "max": -3.06452999836e-16,
        "mean": -3.16101389508e-09,
        "median": -2.22871894551e-11,
        "min": -3.25984075289e-08,
        "stdev": 6.20959417219e-09,
        "var": 3.85590573414e-17
    },
    "spectral_energy": {
        "dmean": 0.00179185101297,
        "dmean2": 0.00186943286099,
        "dvar": 1.92490279005e-05,
        "dvar2": 2.25270650844e-05,
        "max": 0.128331795335,
        "mean": 0.0123460954055,
        "median": 8.62753513502e-05,
        "min": 1.67485147973e-09,
        "stdev": 0.0243527889252,
        "var": 0.000593058299273
    },
    "spectral_energyband_high": {
        "dmean": 7.04584390832e-09,
        "dmean2": 1.03848911692e-08,
        "dvar": 4.69559808211e-16,
        "dvar2": 1.0671466347e-15,
        "max": 3.05794202404e-07,
        "mean": 2.0170908499e-08,
        "median": 9.7027841317e-10,
        "min": 3.38765931973e-10,
        "stdev": 4.91157479132e-08,
        "var": 2.41235661004e-15
    },
    "spectral_energyband_low": {
        "dmean": 0.000453282351373,
        "dmean2": 0.00069469033042,
        "dvar": 9.9562566902e-07,
        "dvar2": 2.50531047641e-06,
        "max": 0.023516068235,
        "mean": 0.00263260654174,
        "median": 1.67017060448e-05,
        "min": 3.6154826355e-10,
        "stdev": 0.00502810347825,
        "var": 2.52818244917e-05
    },
    "spectral_energyband_middle_high": {
        "dmean": 0.000216559827095,
        "dmean2": 0.000281280925265,
        "dvar": 4.79629363781e-07,
        "dvar2": 7.82361212259e-07,
        "max": 0.0115134296939,
        "mean": 0.000835136510432,
        "median": 9.7262102372e-07,
        "min": 1.43838885247e-10,
        "stdev": 0.00215319730341,
        "var": 4.6362588364e-06
    },
    "spectral_energyband_middle_low": {
        "dmean": 0.00173027522396,
        "dmean2": 0.00177272141445,
        "dvar": 1.77233669092e-05,
        "dvar2": 2.2181582608e-05,
        "max": 0.114790268242,
        "mean": 0.00931870564818,
        "median": 7.23036937416e-05,
        "min": 8.29582513795e-10,
        "stdev": 0.019720133394,
        "var": 0.000388883636333
    },
    "spectral_entropy": {
        "dmean": 0.0765115022659,
        "dmean2": 0.10327269882,
        "dvar": 0.00558390328661,
        "dvar2": 0.0121125495061,
        "max": 8.52156162262,
        "mean": 5.9249753952,
        "median": 5.60755825043,
        "min": 5.00600719452,
        "stdev": 0.78997951746,
        "var": 0.624067664146
    },
    "spectral_flux": {
        "dmean": 0.00355263217352,
        "dmean2": 0.006280020345,
        "dvar": 7.12416367605e-05,
        "dvar2": 0.000191959683434,
        "max": 0.121729686856,
        "mean": 0.0184119902551,
        "median": 0.00231796083972,
        "min": 2.58754498645e-05,
        "stdev": 0.0303439646959,
        "var": 0.000920756196138
    },
    "spectral_kurtosis": {
        "dmean": 32.5554733276,
        "dmean2": 55.6425018311,
        "dvar": 1942.14709473,
        "dvar2": 5618.07910156,
        "max": 398.246063232,
        "mean": 133.417938232,
        "median": 125.590377808,
        "min": 1.73101329803,
        "stdev": 110.922721863,
        "var": 12303.8496094
    },
    "spectral_rms": {
        "dmean": 0.000149922125274,
        "dmean2": 0.000156314097694,
        "dvar": 1.03821811592e-07,
        "dvar2": 1.16247377946e-07,
        "max": 0.0111893592402,
        "mean": 0.00199521193281,
        "median": 0.000290122523438,
        "min": 1.27828070617e-06,
        "stdev": 0.00283973873593,
        "var": 8.06411662779e-06
    },
    "spectral_rolloff": {
        "dmean": 94.0539550781,
        "dmean2": 146.02444458,
        "dvar": 105518.578125,
        "dvar2": 208279.34375,
        "max": 11046.5332031,
        "mean": 605.381591797,
        "median": 387.59765625,
        "min": 193.798828125,
        "stdev": 1157.9510498,
        "var": 1340850.75
    },
    "spectral_skewness": {
        "dmean": 1.22752737999,
        "dmean2": 2.17998290062,
        "dvar": 2.89549040794,
        "dvar2": 8.72876834869,
        "max": 15.8740472794,
        "mean": 7.92883014679,
        "median": 8.23192214966,
        "min": 1.28724551201,
        "stdev": 4.29518699646,
        "var": 18.448633194
    },
    "spectral_spread": {
        "dmean": 245449.28125,
        "dmean2": 374646.96875,
        "dvar": 73185771520,
        "dvar2": 127069052928,
        "max": 14111400,
        "mean": 2643728.25,
        "median": 854380.3125,
        "min": 242490.796875,
        "stdev": 3203954.5,
        "var": 1.0265324159e+13
    },
    "spectral_strongpeak": {
        "dmean": 0.11654856801,
        "dmean2": 0.187795206904,
        "dvar": 0.118823543191,
        "dvar2": 0.287652045488,
        "max": 4.47881793976,
        "mean": 0.315961062908,
        "median": 0.0253290440887,
        "min": 3.2143550925e-05,
        "stdev": 0.697167813778,
        "var": 0.486042946577
    },
    "zerocrossingrate": {
        "dmean": 0.00418352382258,
        "dmean2": 0.00493881618604,
        "dvar": 7.83091818448e-05,
        "dvar2": 0.000108731132059,
        "max": 0.2314453125,
        "mean": 0.03161143139,
        "median": 0.01611328125,
        "min": 0.005859375,
        "stdev": 0.0381833426654,
        "var": 0.00145796779543
    },
    "barkbands": {
        "dmean": [3.62540777132e-05, 0.000312006333843, 0.000196180670173, 0.00038261411828, 0.0006865838659, 0.000568108342122, 0.000423427205533, 0.000772503612097, 0.000298574828776, 0.000185288561624, 6.67093263473e-05, 2.63631318376e-05, 1.67018279171e-05, 8.119011909e-06, 2.31020271713e-06, 4.71161712312e-07, 1.69763865188e-07, 4.11040481652e-08, 1.05697113284e-08, 3.94272303694e-09, 3.46664141837e-09, 1.48288670232e-09, 8.33449642634e-10, 6.0298988025e-10, 4.06496086791e-10, 3.20979048896e-10, 3.59537594141e-10],
        "dmean2": [6.03041698923e-05, 0.000409378728364, 0.00034210231388, 0.000512965430971, 0.00109545362648, 0.000731797306798, 0.000425626582, 0.000806731113698, 0.000483354408061, 0.000254020444117, 0.000101807308965, 4.10777793149e-05, 2.46510680881e-05, 1.05358249129e-05, 3.46364640791e-06, 8.18855141915e-07, 2.62871708401e-07, 6.04803602755e-08, 1.39179157088e-08, 6.00764993308e-09, 5.15585085736e-09, 2.55465582022e-09, 1.44269418634e-09, 1.08598818827e-09, 7.01407043557e-10, 5.42157430061e-10, 6.09817862873e-10],
        "dvar": [9.08201069905e-09, 4.17034272004e-07, 2.30979793514e-07, 7.28269526462e-07, 2.45562227974e-06, 2.11247902371e-06, 1.43097940963e-06, 5.22466370967e-06, 1.14084673442e-06, 3.64284971965e-07, 5.92326081517e-08, 1.09876312493e-08, 2.35785790892e-09, 6.53770648729e-10, 6.7039117313e-11, 2.15872675638e-12, 4.79113764721e-13, 1.75383626621e-14, 1.14652018636e-15, 1.62475954118e-16, 1.20690905623e-16, 2.96115273735e-17, 1.68937495325e-17, 1.0336424119e-17, 2.31389383419e-18, 1.35239728813e-18, 1.59556574415e-18],
        "dvar2": [2.3309684849e-08, 8.77203433447e-07, 7.66889399983e-07, 1.52450752466e-06, 6.88668842486e-06, 4.41156089437e-06, 1.60245633651e-06, 4.78727451991e-06, 2.7694416076e-06, 6.7269036208e-07, 1.14055183076e-07, 2.69251252405e-08, 4.84132645084e-09, 9.58477741619e-10, 1.47475837098e-10, 6.74673858447e-12, 9.80865779224e-13, 3.50039956873e-14, 2.05261049416e-15, 3.27381304608e-16, 2.55248931732e-16, 7.85534450991e-17, 4.77358156007e-17, 3.09808984078e-17, 7.28057078209e-18, 4.45356730136e-18, 5.27616822845e-18],
        "max": [0.00173464498948, 0.0161794945598, 0.00668191723526, 0.0185648798943, 0.0151704559103, 0.0206896159798, 0.0310372412205, 0.052715126425, 0.0145683009177, 0.0104854563251, 0.00297762849368, 0.00134388287552, 0.000779205991421, 0.00032370374538, 0.000121326294902, 1.80338538485e-05, 1.25066844703e-05, 2.11753240364e-06, 4.69794997571e-07, 2.0855367211e-07, 1.44173270655e-07, 8.16970384676e-08, 5.49214114187e-08, 3.74451403218e-08, 1.43518805729e-08, 1.38086369006e-08, 1.46407241886e-08],
        "mean": [0.000133922629175, 0.00170475710183, 0.000580717460252, 0.00114211253822, 0.00194334576372, 0.00157962006051, 0.00128434039652, 0.0020910166204, 0.000920855905861, 0.000672812748235, 0.000173285356141, 5.77958853683e-05, 3.60742014891e-05, 1.87514215213e-05, 5.1374549912e-06, 1.01949956388e-06, 4.09423677183e-07, 9.18261520155e-08, 2.54625938112e-08, 9.8504244761e-09, 8.44226999419e-09, 3.14750780994e-09, 1.30331156978e-09, 7.92294119201e-10, 6.6950550659e-10, 6.90856039043e-10, 8.04312338953e-10],
        "median": [8.34676313843e-07, 1.10929640869e-05, 5.27562042407e-06, 8.36728759168e-06, 3.78750482923e-05, 8.94766435522e-06, 3.30577677232e-06, 6.68334268994e-06, 6.51752600334e-07, 6.61013984882e-07, 5.17789331411e-08, 2.67393183151e-08, 1.70590652715e-07, 4.54219701851e-08, 7.71386510223e-09, 6.50198117569e-10, 1.40281050665e-10, 7.5901736285e-11, 7.70168998021e-11, 6.30580171412e-11, 7.34067875929e-11, 8.39591451918e-11, 8.95467103246e-11, 1.17223911134e-10, 1.60038995944e-10, 2.11096848335e-10, 3.00797026176e-10],
        "min": [1.12380008077e-10, 1.10947473431e-10, 2.56921983688e-11, 2.04579977958e-10, 1.8405542368e-10, 4.75725014937e-11, 8.78259201476e-11, 2.05944303278e-10, 5.70457084348e-11, 1.09860089775e-11, 7.59641047982e-12, 6.39200671559e-12, 7.68777402849e-12, 5.47758453179e-12, 2.06707285837e-12, 8.48871146986e-12, 6.68826712763e-12, 1.07849632003e-11, 9.5678413109e-12, 2.1437311995e-11, 1.71271625354e-11, 2.64518702081e-11, 2.11714014375e-11, 2.95374454062e-11, 5.98469537816e-11, 7.10450309693e-11, 1.15706076664e-10],
        "stdev": [0.000304414570564, 0.00342012895271, 0.00122932705563, 0.00287733715959, 0.0036750107538, 0.00344111165032, 0.00403736205772, 0.00639198161662, 0.00254927156493, 0.00176594918594, 0.000519627588801, 0.000178307789611, 9.36042997637e-05, 5.3679341363e-05, 1.62794804055e-05, 2.74143189927e-06, 1.29345437472e-06, 2.90213023391e-07, 7.1752317865e-08, 2.67386024433e-08, 2.31869830003e-08, 8.86388296095e-09, 4.06044531331e-09, 2.56516052843e-09, 1.41597356063e-09, 1.22295640281e-09, 1.3228210749e-09],
        "var": [9.26682304225e-08, 1.16972814794e-05, 1.51124504555e-06, 8.27906933409e-06, 1.3505703464e-05, 1.18412499432e-05, 1.63002932823e-05, 4.08574269386e-05, 6.49878529657e-06, 3.11857638735e-06, 2.70012833425e-07, 3.17936681427e-08, 8.76176464715e-09, 2.88147172789e-09, 2.65021476986e-10, 7.51544920047e-12, 1.67302434927e-12, 8.42236030267e-14, 5.14839542594e-15, 7.14952876327e-16, 5.37636216759e-16, 7.85684137595e-17, 1.64872150769e-17, 6.58004889211e-18, 2.00498116648e-18, 1.49562247382e-18, 1.74985550451e-18]
    },
    "erbbands": {
        "dmean": [0.00791000854224, 0.0836675986648, 0.261652082205, 0.536363720894, 1.94649398327, 2.31876134872, 3.83779001236, 5.95867204666, 6.57698965073, 12.6122074127, 12.0960712433, 7.14804935455, 5.29614830017, 4.12281131744, 2.0675098896, 1.04079091549, 0.81042444706, 0.420759618282, 0.229982808232, 0.0679373145103, 0.0160888805985, 0.00945007335395, 0.00291944365017, 0.000780335860327, 0.000301292020595, 0.000159054281539, 0.000144080026075, 0.000138866860652, 5.85282941756e-05, 3.31094051944e-05, 2.35002298723e-05, 1.48073368109e-05, 9.38381708693e-06, 5.38316680831e-06, 3.18089587381e-06, 1.76216292402e-06, 9.00789132174e-07, 2.63426812808e-07, 8.53873871165e-07, 2.00471367862e-06],
        "dmean2": [0.0107434038073, 0.112984471023, 0.438609868288, 0.768447935581, 3.07309412956, 3.21144676208, 6.35020637512, 7.10153341293, 7.14084243774, 13.8960161209, 16.1764469147, 10.8601121902, 7.18880796432, 5.92817020416, 3.11821317673, 1.56659543514, 1.16621685028, 0.562290787697, 0.280960828066, 0.110619522631, 0.0265705753118, 0.0148468222469, 0.0043747862801, 0.00102199579123, 0.00044536968926, 0.000244615686825, 0.000195789849386, 0.000226562362514, 0.00010072155419, 5.57854291401e-05, 4.04627899115e-05, 2.64184363914e-05, 1.63452732522e-05, 8.98467624211e-06, 5.12544420417e-06, 2.70082568932e-06, 1.35487744046e-06, 4.19468761947e-07, 9.15008342872e-07, 2.08260462387e-06],
        "dvar": [0.000322897016304, 0.0333429574966, 0.416210502386, 1.39439439774, 21.9763660431, 32.1645774841, 165.722808838, 202.8074646, 372.433288574, 1534.49926758, 1165.9909668, 889.365478516, 268.391448975, 219.060272217, 48.2346305847, 18.044916153, 6.269053936, 1.76768875122, 0.55615645647, 0.0521759949625, 0.00260071782395, 0.00180394353811, 0.000104155391455, 6.49792082186e-06, 1.11535666747e-06, 2.89570493806e-07, 2.29261317486e-07, 1.91093420199e-07, 4.30733919643e-08, 2.40237785221e-08, 1.35952111791e-08, 6.77004940997e-09, 1.97208804842e-09, 4.18011486536e-10, 1.08772928165e-10, 2.82031863141e-11, 6.91658145688e-12, 6.71656469591e-13, 4.43863565694e-12, 2.43010906537e-11],
        "dvar2": [0.000661144906189, 0.0732346996665, 1.35434377193, 3.52352428436, 55.7691726685, 66.4990692139, 478.037353516, 361.552185059, 507.313293457, 1580.13757324, 2090.6105957, 2159.11035156, 526.077270508, 381.339508057, 87.8956680298, 42.5990829468, 12.2009687424, 2.9593963623, 0.95859092474, 0.129898756742, 0.00706888828427, 0.00364541867748, 0.000176998029929, 1.13068290375e-05, 2.07068001146e-06, 5.31278089966e-07, 4.37003052411e-07, 5.15834074122e-07, 1.10134095621e-07, 6.81834251282e-08, 3.87134271307e-08, 1.98628562487e-08, 5.89951643093e-09, 1.25725474476e-09, 3.25124122069e-10, 8.15680786803e-11, 1.90009570578e-11, 2.06338570362e-12, 5.14097531906e-12, 2.79446587398e-11],
        "max": [0.429394453764, 3.71348333359, 9.60122966766, 24.2963790894, 87.336151123, 65.0661773682, 197.0443573, 174.458648682, 464.520019531, 913.873840332, 597.461791992, 458.447845459, 260.305938721, 230.19039917, 81.3919296265, 59.8333358765, 41.0522003174, 20.3021335602, 11.111287117, 3.42300581932, 0.81083804369, 0.768700122833, 0.177416697145, 0.0411089882255, 0.0164625123143, 0.00932909548283, 0.00668630376458, 0.00512253493071, 0.00325081590563, 0.00210160762072, 0.00155599135906, 0.00102502456866, 0.000530441233423, 0.000227452575928, 0.000149280240294, 9.56395815592e-05, 5.16950676683e-05, 1.36008720801e-05, 6.14311429672e-05, 0.000143999495776],
        "mean": [0.0425617136061, 0.371685624123, 0.894419372082, 1.7511138916, 5.82610750198, 6.31267595291, 8.70119094849, 16.0971546173, 20.3349704742, 33.7186126709, 34.1753120422, 21.1117858887, 20.0657024384, 13.8759880066, 5.66636514664, 2.38811779022, 1.88961958885, 1.05553615093, 0.577344655991, 0.149123325944, 0.046913690865, 0.0233872383833, 0.00704540126026, 0.00222595804371, 0.000865282490849, 0.000450059247669, 0.000392296526115, 0.000282952387352, 0.000135153110023, 6.11937357462e-05, 4.1876512114e-05, 2.59535372606e-05, 1.90575701708e-05, 1.48475237438e-05, 1.14387576104e-05, 8.33245030663e-06, 4.84312886329e-06, 1.0556699408e-06, 5.8734144659e-06, 1.37435035867e-05],
        "median": [0.000242456109845, 0.00264250626788, 0.00520651601255, 0.0122422743589, 0.0498875975609, 0.131052717566, 0.0969513580203, 0.077387958765, 0.0479004904628, 0.122078701854, 0.0539058893919, 0.0176815483719, 0.0245741475374, 0.0125493295491, 0.00275304540992, 0.00124810484704, 0.00675413804129, 0.00648216716945, 0.000953004928306, 0.000215436200961, 3.76257994503e-05, 1.03478250821e-05, 4.66221626994e-06, 4.15062550019e-06, 3.67919869859e-06, 3.06774882119e-06, 2.95375184578e-06, 3.12910674438e-06, 3.19401510751e-06, 2.84095767711e-06, 2.6965926736e-06, 2.41207749241e-06, 2.13153271034e-06, 1.7298267494e-06, 1.22074777664e-06, 8.26776727081e-07, 4.44530201094e-07, 1.73657468849e-07, 7.83075861932e-08, 9.91576314391e-08],
        "min": [6.51817488873e-09, 1.21215384397e-08, 4.32665601124e-08, 3.88863952594e-07, 7.27597466721e-07, 6.06863579833e-07, 4.49315848527e-07, 3.15178851906e-07, 5.81369761221e-07, 4.85346117785e-06, 1.59241540132e-06, 1.23497795812e-06, 9.27209327983e-07, 4.78400238535e-07, 3.1948448509e-07, 2.9023595971e-07, 3.59082207524e-07, 3.84077736726e-07, 2.92237160693e-07, 2.74526257726e-07, 4.60925690504e-07, 4.06011196219e-07, 6.37113657831e-07, 7.1890832487e-07, 8.57002987686e-07, 7.94390416559e-07, 4.57145802102e-07, 8.42676797674e-07, 1.02831438653e-06, 6.84074450419e-07, 7.40345797112e-07, 6.04204672072e-07, 4.82840846416e-07, 4.57145830524e-07, 5.25402072071e-07, 2.26860663588e-07, 1.67902200587e-07, 5.43067102399e-08, 2.00292689101e-08, 1.55214863184e-09],
        "stdev": [0.0839579626918, 0.777667284012, 1.94709157944, 3.82960009575, 13.888885498, 12.8426151276, 21.487405777, 34.4731216431, 60.3735542297, 109.980651855, 92.5502700806, 60.7763633728, 49.4790153503, 39.22290802, 15.5226573944, 7.25245285034, 5.03251934052, 2.82764101028, 1.70621848106, 0.450611978769, 0.121018074453, 0.0762332305312, 0.0223816651851, 0.00627769343555, 0.00239583640359, 0.00121429900173, 0.00107029092032, 0.000784652133007, 0.000373656657757, 0.000171934414539, 0.000120164528198, 7.3925461038e-05, 4.46367121185e-05, 2.91284650302e-05, 2.1298730644e-05, 1.53324654093e-05, 8.95033736015e-06, 1.94357039618e-06, 1.16052369776e-05, 2.72227844107e-05],
        "var": [0.00704893888906, 0.604766368866, 3.7911658287, 14.6658363342, 192.901153564, 164.932769775, 461.708618164, 1188.39599609, 3644.96582031, 12095.7441406, 8565.55273438, 3693.76635742, 2448.17285156, 1538.43664551, 240.952880859, 52.598072052, 25.3262500763, 7.99555397034, 2.91118144989, 0.203051164746, 0.0146453743801, 0.00581150501966, 0.000500938971527, 3.94094349758e-05, 5.74003206566e-06, 1.4745221506e-06, 1.14552267405e-06, 6.15678970917e-07, 1.39619302786e-07, 2.95614448476e-08, 1.44395135848e-08, 5.46497425091e-09, 1.99243621601e-09, 8.48467518466e-10, 4.53635962128e-10, 2.35084479661e-10, 8.01085447977e-11, 3.77746618707e-12, 1.3468151594e-10, 7.41079975164e-10]
    },
    "gfcc": {
        "mean": [-460.702209473, 205.498062134, -29.6938419342, -38.0776596069, -46.8486557007, -2.81762003899, -24.0754795074, -11.8890790939, -10.528635025, 0.622082591057, -11.6049156189, -13.2120838165, -6.63034391403],
        "cov": [[44321.6953125, 17326.3808594, -4612.74755859, -5828.50537109, 3362.81347656, 57.4995269775, 1504.96948242, -1284.15966797, 1824.66809082, -334.120941162, 1070.7388916, -709.049865723, 1254.80358887], [17326.3808594, 8190.88378906, -1230.17871094, -2582.30371094, 1434.21069336, 347.579925537, 581.012451172, -701.393310547, 771.257507324, 33.4885787964, 493.351165771, -456.544769287, 473.612823486], [-4612.74755859, -1230.17871094, 863.206787109, 512.143005371, -292.760650635, 132.617645264, -163.130661011, 66.8098602295, -175.62286377, 91.55909729, -77.9091796875, -6.71885156631, -137.512039185], [-5828.50537109, -2582.30371094, 512.143005371, 882.397460938, -443.702026367, -77.917388916, -197.235458374, 209.79335022, -252.838668823, 0.653988659382, -158.406967163, 128.481536865, -158.906005859], [3362.81347656, 1434.21069336, -292.760650635, -443.702026367, 371.404266357, 53.5441436768, 101.178207397, -133.562088013, 168.076080322, -6.08835554123, 100.570205688, -83.8851852417, 107.171714783], [57.4995269775, 347.579925537, 132.617645264, -77.917388916, 53.5441436768, 117.220535278, 9.2439622879, -53.1583328247, 11.3112230301, 41.672744751, 22.5652122498, -41.9085159302, -2.23980927467], [1504.96948242, 581.012451172, -163.130661011, -197.235458374, 101.178207397, 9.2439622879, 89.2168197632, -13.4104280472, 65.5236206055, -12.5680456161, 29.7248497009, -25.1685905457, 36.5295219421], [-1284.15966797, -701.393310547, 66.8098602295, 209.79335022, -133.562088013, -53.1583328247, -13.4104280472, 114.740745544, -42.0483627319, -12.8266839981, -49.2798652649, 43.94764328, -38.4703521729], [1824.66809082, 771.257507324, -175.62286377, -252.838668823, 168.076080322, 11.3112230301, 65.5236206055, -42.0483627319, 134.17477417, 14.3928508759, 50.1957550049, -48.9411811829, 50.4095306396], [-334.120941162, 33.4885787964, 91.55909729, 0.653988659382, -6.08835554123, 41.672744751, -12.5680456161, -12.8266839981, 14.3928508759, 52.9877815247, 15.1510686874, -18.1363258362, -15.8182182312], [1070.7388916, 493.351165771, -77.9091796875, -158.406967163, 100.570205688, 22.5652122498, 29.7248497009, -49.2798652649, 50.1957550049, 15.1510686874, 54.9692611694, -17.7404575348, 34.0715751648], [-709.049865723, -456.544769287, -6.71885156631, 128.481536865, -83.8851852417, -41.9085159302, -25.1685905457, 43.94764328, -48.9411811829, -18.1363258362, -17.7404575348, 66.4880371094, 1.52104866505], [1254.80358887, 473.612823486, -137.512039185, -158.906005859, 107.171714783, -2.23980927467, 36.5295219421, -38.4703521729, 50.4095306396, -15.8182182312, 34.0715751648, 1.52104866505, 67.1628723145]],
        "icov": [[0.00126347772311, -0.00165606720839, 0.0016231740592, 0.00128421641421, -0.00177346228156, 0.00289319176227, -0.00204886915162, -0.000250050623436, -0.000510873505846, 0.00376241025515, -0.00223841448314, -0.00120363861788, 0.00076423806604], [-0.00165606720839, 0.00699522951618, -0.00490766065195, 0.00643714563921, 0.0024065116886, -0.00323450984433, -0.00652041146532, 0.0101210847497, -0.00407265732065, -0.000874712539371, -0.000503207789734, 0.00601662369445, -0.00484047597274], [0.0016231740592, -0.00490766065195, 0.0105760190636, -0.00632047606632, 0.0027620412875, -0.00622205529362, 0.0105435345322, -0.0124715659767, 0.00508496817201, 0.00314095546491, -0.00877130683511, 0.0110739842057, -0.00538970762864], [0.00128421641421, 0.00643714563921, -0.00632047606632, 0.0281980466098, -0.0107691446319, 0.00849867146462, -0.00805682037026, 0.00591895682737, -0.000546388502698, 0.00294334674254, 0.00725110201165, -0.0102558126673, 0.00728657655418], [-0.00177346228156, 0.0024065116886, 0.0027620412875, -0.0107691446319, 0.0293623004109, -0.0164591446519, 0.00376703147776, 0.0067940284498, -0.0145927416161, 0.0158134941012, -0.0242489296943, 0.0299332309514, -0.022919870913], [0.00289319176227, -0.00323450984433, -0.00622205529362, 0.00849867146462, -0.0164591446519, 0.0413124598563, -0.0247443113476, 0.0149011528119, 0.00703176017851, -0.0143304886296, 0.0134009867907, -0.0177521146834, 0.010709727183], [-0.00204886915162, -0.00652041146532, 0.0105435345322, -0.00805682037026, 0.00376703147776, -0.0247443113476, 0.073807887733, -0.0538219772279, 0.0146087808535, -0.00192044174764, -0.00282023684122, 0.0121892616153, -0.00128709117416], [-0.000250050623436, 0.0101210847497, -0.0124715659767, 0.00591895682737, 0.0067940284498, 0.0149011528119, -0.0538219772279, 0.0735655352473, -0.0326463580132, 0.0106440922245, 0.00768221123144, -0.0161249935627, 0.00631491234526], [-0.000510873505846, -0.00407265732065, 0.00508496817201, -0.000546388502698, -0.0145927416161, 0.00703176017851, 0.0146087808535, -0.0326463580132, 0.0512065030634, -0.0368802472949, 0.0118083423004, 0.012278566137, -0.00913066789508], [0.00376241025515, -0.000874712539371, 0.00314095546491, 0.00294334674254, 0.0158134941012, -0.0143304886296, -0.00192044174764, 0.0106440922245, -0.0368802472949, 0.084170460701, -0.0531941726804, 0.0134102189913, 0.00488597387448], [-0.00223841448314, -0.000503207789734, -0.00877130683511, 0.00725110201165, -0.0242489296943, 0.0134009867907, -0.00282023684122, 0.00768221123144, 0.0118083423004, -0.0531941726804, 0.0969649925828, -0.0509254299104, 0.0202131643891], [-0.00120363861788, 0.00601662369445, 0.0110739842057, -0.0102558126673, 0.0299332309514, -0.0177521146834, 0.0121892616153, -0.0161249935627, 0.012278566137, 0.0134102189913, -0.0509254299104, 0.106976769865, -0.0683997198939], [0.00076423806604, -0.00484047597274, -0.00538970762864, 0.00728657655418, -0.022919870913, 0.010709727183, -0.00128709117416, 0.00631491234526, -0.00913066789508, 0.00488597387448, 0.0202131643891, -0.0683997198939, 0.0814956575632]]
    },
    "melbands": {
        "dmean": [6.83336620568e-05, 0.000117723975563, 0.000144075092976, 0.000131373832119, 0.000134174144478, 0.00011915583309, 9.60575707722e-05, 0.000156751877512, 9.91340421024e-05, 4.15344838984e-05, 2.65914623014e-05, 1.71683859662e-05, 7.7255836004e-06, 3.75414128939e-06, 2.16927446672e-06, 1.80041342901e-06, 7.57535417506e-07, 4.42699871428e-07, 1.48968524627e-07, 4.52684609797e-08, 1.72309793101e-08, 1.22533565516e-08, 4.94759166969e-09, 1.50614265504e-09, 5.94339522042e-10, 2.79982620421e-10, 1.8059718998e-10, 9.69642630078e-11, 1.02582262129e-10, 1.13181387873e-10, 6.71954575315e-11, 3.84500660477e-11, 2.16214303406e-11, 1.70916406028e-11, 1.47166324266e-11, 1.04956069877e-11, 8.44025977581e-12, 6.75935826408e-12, 5.0878563515e-12, 3.91587326801e-12],
        "dmean2": [9.70176115516e-05, 0.000184458272997, 0.000197546876734, 0.00021623315115, 0.000205933436519, 0.000143697659951, 9.98015821096e-05, 0.000170500177774, 0.000138341420097, 6.37804550934e-05, 3.57748249371e-05, 2.48092401307e-05, 1.16710189104e-05, 5.30028637513e-06, 3.2320747323e-06, 2.72881925412e-06, 1.00667443803e-06, 5.60885212053e-07, 2.3881210609e-07, 8.17485883431e-08, 2.84487686741e-08, 1.92490148265e-08, 7.00170188495e-09, 2.34577934854e-09, 7.58303531079e-10, 4.1132372508e-10, 3.10143549731e-10, 1.40679301541e-10, 1.51026413597e-10, 1.91402060867e-10, 1.16175701004e-10, 6.77723016596e-11, 3.84452122915e-11, 2.89236672807e-11, 2.48485971382e-11, 1.90664602162e-11, 1.5260388439e-11, 1.20935518544e-11, 9.03727787049e-12, 6.70621891352e-12],
        "dvar": [1.87098283533e-08, 7.84208680216e-08, 1.04564385595e-07, 9.28639707354e-08, 1.62980299478e-07, 8.11019305047e-08, 8.06136455367e-08, 2.37472448816e-07, 8.04203210691e-08, 3.07928402776e-08, 6.54136123046e-09, 3.80805076361e-09, 7.43928141311e-10, 1.54691218168e-10, 7.43661451863e-11, 2.2526761706e-11, 6.02323963275e-12, 2.04717948322e-12, 3.25266343807e-13, 2.03508881296e-14, 3.09464207257e-15, 2.8483041392e-15, 3.22848010744e-16, 2.56609938316e-17, 4.42774148186e-18, 8.74718682356e-19, 4.10102861115e-19, 9.60314168921e-20, 1.04951894177e-19, 1.30179410057e-19, 4.7630917596e-20, 1.76254514012e-20, 9.6206363976e-21, 6.45396686952e-21, 4.6376983681e-21, 3.50565040493e-21, 2.16354622599e-21, 1.12351503777e-21, 4.56000377309e-22, 2.21552557108e-22],
        "dvar2": [3.97760757664e-08, 2.16177525658e-07, 2.37720684026e-07, 2.59395164903e-07, 4.48522371244e-07, 1.47779729787e-07, 1.03049295319e-07, 2.34012276223e-07, 1.65086774473e-07, 7.73893233941e-08, 1.25678560892e-08, 6.5558634077e-09, 1.34544886343e-09, 3.48223255786e-10, 1.52483956017e-10, 4.77494953299e-11, 9.48914037624e-12, 3.42796797892e-12, 7.73288497038e-13, 6.18706068366e-14, 8.11252073277e-15, 6.24400501464e-15, 5.37629387556e-16, 5.66955746068e-17, 7.90943236124e-18, 1.53331357882e-18, 9.05149519719e-19, 1.85526077768e-19, 2.21290717891e-19, 3.05993960918e-19, 1.32934037819e-19, 4.58402880585e-20, 2.7438408099e-20, 1.81550408637e-20, 1.31269338452e-20, 1.01870628623e-20, 6.4524748748e-21, 3.39975513065e-21, 1.40344842631e-21, 6.87753019517e-22],
        "max": [0.0034660808742, 0.00498424842954, 0.00719717657194, 0.00389616726898, 0.00612185522914, 0.00334791745991, 0.0069268499501, 0.0112636135891, 0.00430823396891, 0.0026646675542, 0.00128215865698, 0.000974346708972, 0.00034386862535, 0.000172787476913, 0.00012679574138, 7.63954521972e-05, 3.42260027537e-05, 2.12608301808e-05, 8.77951060829e-06, 1.50233404383e-06, 8.45115437187e-07, 9.12060500013e-07, 3.01753885878e-07, 7.67396883816e-08, 3.54074565223e-08, 1.39540263788e-08, 9.42215194755e-09, 5.17778531162e-09, 4.05164923833e-09, 4.00806721146e-09, 2.50622234077e-09, 2.01954564183e-09, 1.29093469248e-09, 1.07682973649e-09, 8.96343055334e-10, 7.4810285744e-10, 5.50130885291e-10, 3.82380016539e-10, 2.18683682274e-10, 1.36635230907e-10],
        "mean": [0.000400140706915, 0.000493958941661, 0.000483255105792, 0.000417037459556, 0.000324460561387, 0.000335525895935, 0.000293834280455, 0.000401279161451, 0.000278993480606, 0.000120033640997, 9.79217147687e-05, 5.73539655306e-05, 2.09230620385e-05, 8.11943937151e-06, 5.03081128045e-06, 3.62681089427e-06, 1.75748130005e-06, 1.06541665446e-06, 3.44555616039e-07, 8.72828422871e-08, 4.52341382129e-08, 2.72327440598e-08, 1.00158921157e-08, 3.37603855982e-09, 1.60133251104e-09, 7.33009486442e-10, 4.25511487157e-10, 2.5611923693e-10, 2.45266029708e-10, 2.24659527093e-10, 1.36548966578e-10, 8.09044567451e-11, 4.2093922098e-11, 2.62379024757e-11, 2.23342386252e-11, 1.49718588222e-11, 1.05177906315e-11, 8.66422905643e-12, 7.24442944869e-12, 6.22316044183e-12],
        "median": [2.42917303694e-06, 3.43286365023e-06, 3.53296741196e-06, 6.91199829816e-06, 4.23439678343e-06, 1.7959497427e-06, 6.35087133105e-07, 1.53634573508e-06, 3.23833262428e-07, 1.1522691068e-07, 1.12081110615e-07, 5.23115595286e-08, 6.95825530528e-09, 4.14738643428e-09, 2.52822296432e-09, 2.32322321381e-08, 7.24043403011e-09, 1.51337220533e-09, 4.74968009367e-10, 1.16662290939e-10, 2.3860193335e-11, 9.21236351092e-12, 5.31061783091e-12, 3.33648408381e-12, 3.17501038481e-12, 2.62068838852e-12, 2.20691173669e-12, 1.93659259635e-12, 1.97044030398e-12, 1.86431772797e-12, 1.77190705684e-12, 1.83564882045e-12, 1.68223085201e-12, 1.60719061757e-12, 1.59633309176e-12, 1.54045309494e-12, 1.49573409214e-12, 1.452396905e-12, 1.46356657262e-12, 1.48220877846e-12],
        "min": [4.11129498501e-11, 2.46926350894e-11, 8.01291533126e-11, 4.57910827312e-11, 1.82838535978e-11, 7.35792850259e-12, 1.08547329111e-11, 5.94382043584e-11, 8.52364619858e-12, 7.96728048119e-12, 4.65140252703e-12, 1.77899199278e-12, 1.01821773669e-12, 7.96491345101e-13, 5.46237968052e-13, 8.23433498037e-13, 7.04469577291e-13, 5.46989374368e-13, 1.65512731558e-13, 4.71319489513e-13, 4.59418635947e-13, 4.3131570906e-13, 4.06480865677e-13, 4.65644937973e-13, 5.12240423689e-13, 3.25575504057e-13, 6.59542895558e-13, 3.89521937925e-13, 2.52640275237e-13, 3.29856638965e-13, 5.1975660104e-13, 5.34972728009e-13, 4.80457308053e-13, 3.08518157853e-13, 5.03313590892e-13, 2.86840863561e-13, 3.92322838712e-13, 2.93741783284e-13, 4.13095691551e-13, 3.63032656237e-13],
        "stdev": [0.00076292490121, 0.00105249532498, 0.00112586130854, 0.000808995682746, 0.000759809801821, 0.00070748035796, 0.00089138513431, 0.00132352951914, 0.000746212201193, 0.000355893949745, 0.000243431088165, 0.000164271812537, 6.0729427787e-05, 2.29244815273e-05, 1.5546918803e-05, 9.0819921752e-06, 5.01877320858e-06, 3.18619549944e-06, 1.12351915504e-06, 2.38595362134e-07, 1.19213339644e-07, 9.01280330368e-08, 3.4733425025e-08, 1.01543964348e-08, 4.58933868686e-09, 2.08284900438e-09, 1.19151222222e-09, 6.89643342433e-10, 6.74350297825e-10, 6.38591679536e-10, 3.83798853809e-10, 2.33036839825e-10, 1.19484852568e-10, 8.0936188307e-11, 6.89107729213e-11, 5.10747381888e-11, 3.6716407692e-11, 2.67803938747e-11, 1.8215956521e-11, 1.36792547775e-11],
