{
"lowlevel": {
    "average_loudness": 0.99068403244,
    "barkbands_crest": {
        "dmean": 4.65373945236,
        "dmean2": 7.83852005005,
        "dvar": 19.9106044769,
        "dvar2": 45.0416488647,
        "max": 25.4677639008,
        "mean": 12.7660655975,
        "median": 13.0921278,
        "min": 4.33855819702,
        "stdev": 5.0709271431,
        "var": 25.714302063
    },
    "barkbands_flatness_db": {
        "dmean": 0.0383225902915,
        "dmean2": 0.0510360263288,
        "dvar": 0.00253668357618,
        "dvar2": 0.0027115624398,
        "max": 0.280447900295,
        "mean": 0.162084653974,
        "median": 0.169064193964,
        "min": 0.0347397662699,
        "stdev": 0.0573884099722,
        "var": 0.00329342950135
    },
    "barkbands_kurtosis": {
        "dmean": 11.5660943985,
        "dmean2": 14.831325531,
        "dvar": 740.445373535,
        "dvar2": 1519.57287598,
        "max": 115.300834656,
        "mean": 7.70669746399,
        "median": 0.918583631516,
        "min": -1.80729651451,
        "stdev": 23.4076728821,
        "var": 547.919189453
    },
    "barkbands_skewness": {
        "dmean": 1.30688667297,
        "dmean2": 1.61993253231,
        "dvar": 4.43704223633,
        "dvar2": 7.62149333954,
        "max": 10.4702653885,
        "mean": 1.94281065464,
        "median": 1.48841238022,
        "min": -0.486553281546,
        "stdev": 2.19333338737,
        "var": 4.81071090698
    },
    "barkbands_spread": {
        "dmean": 12.2852401733,
        "dmean2": 15.9876441956,
        "dvar": 263.199554443,
        "dvar2": 274.785736084,
        "max": 76.7737197876,
        "mean": 31.8576145172,
        "median": 20.4446353912,
        "min": 2.58599042892,
        "stdev": 24.1894321442,
        "var": 585.128662109
    },
    "dissonance": {
        "dmean": 0.0176086332649,
        "dmean2": 0.0234367959201,
        "dvar": 0.00053207250312,
        "dvar2": 0.000397167284973,
        "max": 0.4975925982,
        "mean": 0.473249614239,
        "median": 0.48382332921,
        "min": 0.340244889259,
        "stdev": 0.0318347588181,
        "var": 0.00101345183793
    },
    "dynamic_complexity": 9.72977638245,
    "erbbands_crest": {
        "dmean": 2.7581911087,
        "dmean2": 3.97697758675,
        "dvar": 19.1285839081,
        "dvar2": 32.1118659973,
        "max": 24.4849796295,
        "mean": 6.10622262955,
        "median": 5.04413700104,
        "min": 2.40436053276,
        "stdev": 4.6658873558,
        "var": 21.7705059052
    },
    "erbbands_flatness_db": {
        "dmean": 0.0216143205762,
        "dmean2": 0.0233560334891,
        "dvar": 0.000637574121356,
        "dvar2": 0.000734598666895,
        "max": 0.205067396164,
        "mean": 0.15905585885,
        "median": 0.168399468064,
        "min": 0.0400092154741,
        "stdev": 0.0410338267684,
        "var": 0.00168377486989
    },
    "erbbands_kurtosis": {
        "dmean": 1.58600080013,
        "dmean2": 2.31720972061,
        "dvar": 10.7898321152,
        "dvar2": 25.2363891602,
        "max": 12.4913473129,
        "mean": -0.0884550213814,
        "median": -0.950063467026,
        "min": -1.48163843155,
        "stdev": 2.73867201805,
        "var": 7.5003247261
    },
    "erbbands_skewness": {
        "dmean": 0.626005113125,
        "dmean2": 0.811540663242,
        "dvar": 0.754135429859,
        "dvar2": 1.23952639103,
        "max": 3.6254427433,
        "mean": -0.0211704187095,
        "median": -0.031863566488,
        "min": -1.57080197334,
        "stdev": 0.995756924152,
        "var": 0.991531908512
    },
    "erbbands_spread": {
        "dmean": 13.4931077957,
        "dmean2": 19.7710876465,
        "dvar": 252.705490112,
        "dvar2": 588.006408691,
        "max": 124.545829773,
        "mean": 56.0887107849,
        "median": 50.3857727051,
        "min": 29.2061023712,
        "stdev": 18.7822628021,
        "var": 352.773406982
    },
    "hfc": {
        "dmean": 1.46936404705,
        "dmean2": 2.34521842003,
        "dvar": 8.71166133881,
        "dvar2": 16.1544055939,
        "max": 23.5313644409,
        "mean": 5.29241943359,
        "median": 0.0507409833372,
        "min": 2.33672214911e-09,
        "stdev": 8.68494796753,
        "var": 75.4283218384
    },
    "loudness_ebu128": {
        "integrated": -15.6417188644,
        "loudness_range": 0,
        "momentary": {
            "dmean": 11.9627609253,
            "dmean2": 1.26971054077,
            "dvar": 0.403041213751,
            "dvar2": 0,
            "max": -12.940071106,
            "mean": -24.6912136078,
            "median": -24.2679767609,
            "min": -36.8655929565,
            "stdev": 9.77213764191,
            "var": 95.4946670532
        },
        "short_term": {
            "dmean": 0,
            "dmean2": 0,
            "dvar": 0,
            "dvar2": 0,
            "max": -21.6906509399,
            "mean": -21.6906509399,
            "median": -21.6906509399,
            "min": -21.6906509399,
            "stdev": 0,
            "var": 0
        }
    },
    "melbands_crest": {
        "dmean": 4.96423339844,
        "dmean2": 8.60099411011,
        "dvar": 19.3919467926,
        "dvar2": 37.1715202332,
        "max": 28.6407546997,
        "mean": 16.7663726807,
        "median": 16.3308467865,
        "min": 7.3520860672,
        "stdev": 4.95885276794,
        "var": 24.590221405
    },
    "melbands_flatness_db": {
        "dmean": 0.0467531532049,
        "dmean2": 0.0614071376622,
        "dvar": 0.00325653678738,
        "dvar2": 0.00386563758366,
        "max": 0.357932090759,
        "mean": 0.192574098706,
        "median": 0.191822379827,
        "min": 0.0879328101873,
        "stdev": 0.072953440249,
        "var": 0.00532220443711
    },
    "melbands_kurtosis": {
        "dmean": 41.0803222656,
        "dmean2": 50.30286026,
        "dvar": 10685.1171875,
        "dvar2": 16392.8183594,
        "max": 450.457305908,
        "mean": 39.9113197327,
        "median": 9.90641021729,
        "min": 0.756247282028,
        "stdev": 101.649772644,
        "var": 10332.6757812
    },
    "melbands_skewness": {
        "dmean": 1.75265109539,
        "dmean2": 2.4795126915,
        "dvar": 11.8236322403,
        "dvar2": 13.7469415665,
        "max": 17.3020000458,
        "mean": 4.10049057007,
        "median": 2.98410820961,
        "min": 1.53530704975,
        "stdev": 3.81203007698,
        "var": 14.5315732956
    },
    "melbands_spread": {
        "dmean": 14.6926651001,
        "dmean2": 19.7195949554,
        "dvar": 218.223403931,
        "dvar2": 324.952453613,
        "max": 120.3568573,
        "mean": 32.4022865295,
        "median": 20.724697113,
        "min": 1.19055867195,
        "stdev": 29.6360206604,
        "var": 878.293701172
    },
    "pitch_salience": {
        "dmean": 0.131098389626,
        "dmean2": 0.194999203086,
        "dvar": 0.0185848325491,
        "dvar2": 0.0205999109894,
        "max": 0.789295256138,
        "mean": 0.545956969261,
        "median": 0.58950650692,
        "min": 0.097942955792,
        "stdev": 0.170820981264,
        "var": 0.0291798058897
    },
    "silence_rate_20dB": {
        "dmean": 0,
        "dmean2": 0,
        "dvar": 0,
        "dvar2": 0,
        "max": 1,
        "mean": 1,
        "median": 1,
        "min": 1,
        "stdev": 0,
        "var": 0
    },
    "silence_rate_30dB": {
        "dmean": 0,
        "dmean2": 0,
        "dvar": 0,
        "dvar2": 0,
        "max": 1,
        "mean": 1,
        "median": 1,
        "min": 1,
        "stdev": 0,
        "var": 0
    },
    "silence_rate_60dB": {
        "dmean": 0.0416666679084,
        "dmean2": 0.0869565233588,
        "dvar": 0.0399305485189,
        "dvar2": 0.0793951004744,
        "max": 1,
        "mean": 0.759999990463,
        "median": 1,
        "min": 0,
        "stdev": 0.427083164454,
        "var": 0.182400017977
    },
    "spectral_centroid": {
        "dmean": 441.2421875,
        "dmean2": 611.29095459,
        "dvar": 197421.140625,
        "dvar2": 201272.71875,
        "max": 3367.94458008,
        "mean": 1395.10107422,
        "median": 1193.97241211,
        "min": 262.461486816,
        "stdev": 811.15814209,
        "var": 657977.5
    },
    "spectral_complexity": {
        "dmean": 0.916666686535,
        "dmean2": 1.08695650101,
        "dvar": 4.9930562973,
        "dvar2": 3.99243760109,
        "max": 16,
        "mean": 1.67999994755,
        "median": 0,
        "min": 0,
        "stdev": 3.36713480949,
        "var": 11.3375968933
    },
    "spectral_decrease": {
        "dmean": 1.76116377038e-09,
        "dmean2": 1.72497194306e-09,
        "dvar": 2.13207788119e-17,
        "dvar2": 3.82417640933e-17,
        "max": -1.48989716906e-19,
        "mean": -1.73384728797e-09,
        "median": -1.36225527386e-11,
        "min": -2.2553129142e-08,
        "stdev": 4.94142682328e-09,
        "var": 2.44177000119e-17
    },
    "spectral_energy": {
        "dmean": 0.00673733279109,
        "dmean2": 0.00656056404114,
        "dvar": 0.000303354609059,
        "dvar2": 0.00054883986013,
        "max": 0.0872550830245,
        "mean": 0.00702397152781,
        "median": 5.60169537493e-05,
        "min": 7.74269157903e-13,
        "stdev": 0.019160669297,
        "var": 0.000367131258827
    },
    "spectral_energyband_high": {
        "dmean": 0.000260876928223,
        "dmean2": 0.000366242515156,
        "dvar": 2.52650494303e-07,
        "dvar2": 3.79259716965e-07,
        "max": 0.00263349409215,
        "mean": 0.000453527580248,
        "median": 1.71074054833e-06,
        "min": 1.40860386506e-13,
        "stdev": 0.000798765046056,
        "var": 6.380255968e-07
    },
    "spectral_energyband_low": {
        "dmean": 0.000133229405037,
        "dmean2": 0.000264578760834,
        "dvar": 1.26806739331e-07,
        "dvar2": 4.14023617168e-07,
        "max": 0.00151529011782,
        "mean": 0.000112588721095,
        "median": 7.28192972588e-08,
        "min": 1.96142432266e-13,
        "stdev": 0.000315709738061,
        "var": 9.96726399194e-08
    },
    "spectral_energyband_middle_high": {
        "dmean": 0.000167583857547,
        "dmean2": 0.000172580839717,
        "dvar": 3.41616527066e-07,
        "dvar2": 3.36271938295e-07,
        "max": 0.00330042024143,
        "mean": 0.000241134795942,
        "median": 1.65065303008e-05,
        "min": 7.84099280188e-14,
        "stdev": 0.00064690731233,
        "var": 4.18489094045e-07
    },
    "spectral_energyband_middle_low": {
        "dmean": 0.00688702426851,
        "dmean2": 0.00678324513137,
        "dvar": 0.000337013538228,
        "dvar2": 0.000598354672547,
        "max": 0.0861283689737,
        "mean": 0.00629063555971,
        "median": 3.79413359042e-05,
        "min": 2.87182739611e-13,
        "stdev": 0.0188456084579,
        "var": 0.00035515698255
    },
    "spectral_entropy": {
        "dmean": 0.294910103083,
        "dmean2": 0.371804207563,
        "dvar": 0.147110193968,
        "dvar2": 0.2212805897,
        "max": 8.68127632141,
        "mean": 7.8549747467,
        "median": 7.72397994995,
        "min": 6.71931362152,
        "stdev": 0.481831431389,
        "var": 0.232161521912
    },
    "spectral_flux": {
        "dmean": 0.016952989623,
        "dmean2": 0.0158757679164,
        "dvar": 0.0012045961339,
        "dvar2": 0.00189159368165,
        "max": 0.259840130806,
        "mean": 0.0386701263487,
        "median": 0.00608426472172,
        "min": 0.000197486719117,
        "stdev": 0.0678337365389,
        "var": 0.00460141571239
    },
    "spectral_kurtosis": {
        "dmean": 1.8870626688,
        "dmean2": 3.0577917099,
        "dvar": 4.2449836731,
        "dvar2": 12.3690280914,
        "max": 10.5889577866,
        "mean": 2.91774463654,
        "median": 2.48685264587,
        "min": 0.0689308643341,
        "stdev": 2.42287039757,
        "var": 5.87030076981
    },
    "spectral_rms": {
        "dmean": 0.000622102001216,
        "dmean2": 0.000566476606764,
        "dvar": 1.75114973899e-06,
        "dvar2": 2.78210632132e-06,
        "max": 0.00922642461956,
        "mean": 0.0013046474196,
        "median": 0.000233774859225,
        "min": 2.7484260201e-08,
        "stdev": 0.00226948247291,
        "var": 5.15055035066e-06
    },
    "spectral_rolloff": {
        "dmean": 1425.67736816,
        "dmean2": 1993.22570801,
        "dvar": 4004484,
        "dvar2": 4468204,
        "max": 8742.48046875,
        "mean": 3013.78710938,
        "median": 1442.72460938,
        "min": 193.798828125,
        "stdev": 3065.82299805,
        "var": 9399271
    },
    "spectral_skewness": {
        "dmean": 0.316648811102,
        "dmean2": 0.475094765425,
        "dvar": 0.0471918135881,
        "dvar2": 0.182644307613,
        "max": 2.2370569706,
        "mean": 1.15123701096,
        "median": 1.12132787704,
        "min": 0.614718914032,
        "stdev": 0.370423793793,
        "var": 0.137213796377
    },
    "spectral_spread": {
        "dmean": 1521339.125,
        "dmean2": 1535394.375,
        "dvar": 2.0905252094e+13,
        "dvar2": 1.94080092979e+13,
        "max": 28011576,
        "mean": 6060471,
        "median": 3598058.75,
        "min": 2937254.25,
        "stdev": 5033014.5,
        "var": 2.53312347668e+13
    },
    "spectral_strongpeak": {
        "dmean": 0.139529630542,
        "dmean2": 0.175892293453,
        "dvar": 0.107197262347,
        "dvar2": 0.111613035202,
        "max": 1.67171227932,
        "mean": 0.217690482736,
        "median": 0.0287566576153,
        "min": 0,
        "stdev": 0.447515875101,
        "var": 0.200270459056
    },
    "zerocrossingrate": {
        "dmean": 0.0207926426083,
        "dmean2": 0.02294921875,
        "dvar": 0.000546016555745,
        "dvar2": 0.000511231657583,
        "max": 0.22607421875,
        "mean": 0.0812499970198,
        "median": 0.048828125,
        "min": 0.0244140625,
        "stdev": 0.063965216279,
        "var": 0.00409154873341
    },
    "barkbands": {
        "dmean": [1.07993728307e-05, 8.22663605504e-06, 2.22824401135e-05, 0.00146531674545, 0.0067487321794, 0.00011707770318, 2.57216543105e-05, 1.15076882139e-05, 6.79140248394e-06, 1.43528695844e-05, 9.88870579022e-06, 1.64841603691e-05, 2.07631183002e-05, 8.07193828223e-06, 2.32641905313e-05, 1.43702245623e-05, 1.89161237358e-05, 2.9578251997e-05, 1.51275935423e-05, 3.87432264688e-05, 4.0175353206e-05, 4.69874175906e-05, 5.8598259784e-05, 5.66839989915e-05, 4.72328538308e-05, 1.21277371363e-05, 4.83853852984e-07],
        "dmean2": [1.1217829524e-05, 8.13858969195e-06, 3.60789490514e-05, 0.00279850116931, 0.00806570332497, 9.37767035794e-05, 2.8511378332e-05, 1.29448544612e-05, 5.95924575464e-06, 1.60719664564e-05, 1.16738610814e-05, 1.93374235096e-05, 2.52235677181e-05, 8.73299904924e-06, 2.60251053987e-05, 1.56750338647e-05, 2.44802977249e-05, 3.09544993797e-05, 1.66542213265e-05, 5.02195252921e-05, 4.45981640951e-05, 5.83842411288e-05, 7.91824786575e-05, 8.62390661496e-05, 5.19795212313e-05, 1.73235821421e-05, 7.62567992751e-07],
        "dvar": [2.64531241356e-09, 1.09680520222e-09, 2.21203122486e-09, 2.02386763704e-05, 0.000354079093086, 1.23064580748e-07, 4.12418499351e-09, 9.00668040149e-10, 1.09212618116e-10, 3.24375037941e-09, 1.00172170558e-09, 2.87521584319e-09, 4.37649649854e-09, 7.63023588757e-10, 5.5817328537e-09, 2.56893506467e-09, 3.92495991264e-09, 1.27952475282e-08, 8.14712297625e-10, 9.78911796068e-09, 5.36983613131e-09, 8.73411121205e-09, 1.19708261082e-08, 1.11680291681e-08, 6.26365093126e-09, 6.42866704315e-10, 1.25253583547e-12],
        "dvar2": [2.72397637779e-09, 9.09392006143e-10, 6.8187611113e-09, 5.9268601035e-05, 0.00075043720426, 4.76663402083e-08, 3.41872796739e-09, 5.42760281164e-10, 1.77222347908e-10, 3.22546922504e-09, 8.17435563683e-10, 2.59481058862e-09, 4.35664571086e-09, 6.67507771279e-10, 5.315011542e-09, 2.50591258855e-09, 4.25222657086e-09, 1.30408412957e-08, 1.29674593286e-09, 1.23401857621e-08, 7.78404807278e-09, 1.21275878229e-08, 2.06095496225e-08, 2.59094630195e-08, 1.02854853523e-08, 9.69943125817e-10, 3.25246990798e-12],
        "max": [0.000258955202298, 0.000186421457329, 0.000231322657783, 0.017985643819, 0.0823032334447, 0.00260423473082, 0.000437169917859, 0.000222024551476, 0.000114322057925, 0.000317711790558, 0.000196000401047, 0.000308688118821, 0.000380073761335, 0.000159491290106, 0.000414798385464, 0.000291201315122, 0.000348952860804, 0.000598198967054, 0.000138847739436, 0.000519253779203, 0.000357601820724, 0.000429518142482, 0.000659062294289, 0.000595141551457, 0.000524371454958, 0.000150714724441, 5.22081609233e-06],
        "mean": [1.0427491361e-05, 8.74899069458e-06, 2.39292421611e-05, 0.000920818769373, 0.00511669041589, 0.000179367663804, 3.56215750799e-05, 1.67553607753e-05, 1.63189779414e-05, 2.03386116482e-05, 1.37615852509e-05, 2.14229803532e-05, 2.55299237324e-05, 1.18303578347e-05, 2.78191691905e-05, 2.26336178457e-05, 2.54978640442e-05, 3.55035190296e-05, 2.22468770517e-05, 4.75872366223e-05, 6.13852753304e-05, 7.28662416805e-05, 8.951358177e-05, 8.90775045264e-05, 8.4026811237e-05, 2.36780851992e-05, 5.7240544038e-07],
        "median": [6.89211465676e-11, 4.13098721896e-11, 2.63449573268e-09, 3.52893039235e-06, 2.55387622019e-05, 5.39950815437e-06, 6.91804416419e-07, 1.06325069282e-06, 1.21433390632e-06, 1.16229375635e-06, 1.93603250409e-06, 2.07389462048e-06, 2.60827687271e-06, 8.42523832034e-07, 2.20294236897e-06, 1.70631619767e-06, 1.28817691802e-06, 8.10835217635e-07, 1.44800196722e-06, 3.00031729239e-07, 1.0658550309e-06, 3.41598592968e-07, 6.3926826499e-08, 1.11244720102e-08, 3.58355345398e-09, 1.37206990214e-09, 5.37345279383e-10],
        "min": [1.21123543053e-13, 9.816585343e-14, 2.37415186658e-14, 3.74524697822e-14, 9.75419425136e-14, 6.82698797667e-14, 3.92899824004e-14, 2.34735801218e-14, 1.8085622179e-14, 1.09686074107e-14, 8.83204981047e-15, 9.46810379122e-15, 7.05117193271e-15, 5.37329072025e-15, 6.86236108899e-15, 1.09944325982e-14, 6.08253215929e-15, 4.56246080819e-15, 5.01100371728e-15, 7.61537761426e-15, 6.81451643297e-15, 1.60000051402e-14, 1.72027529618e-14, 2.40598421178e-14, 2.22963838961e-14, 2.24130914837e-14, 3.50314666598e-14],
        "stdev": [5.07313743583e-05, 3.65089217667e-05, 5.61554115848e-05, 0.00352336396463, 0.0168322268873, 0.000533294922207, 9.05093620531e-05, 4.51907071692e-05, 2.91283213301e-05, 6.18468475295e-05, 3.84205086448e-05, 6.02188083576e-05, 7.42972915759e-05, 3.10903633363e-05, 8.1477999629e-05, 5.70511547267e-05, 6.84896949679e-05, 0.000116627830721, 4.03385856771e-05, 0.000109453547338, 0.000108641797851, 0.00013401338947, 0.0001685750467, 0.000156625144882, 0.000147939703311, 4.34675748693e-05, 1.2446251958e-06],
        "var": [2.57367216427e-09, 1.33290134485e-09, 3.15343018364e-09, 1.24140942717e-05, 0.000283323868643, 2.84403483874e-07, 8.1919449002e-09, 2.04219996469e-09, 8.48459136282e-10, 3.82503273499e-09, 1.47613543611e-09, 3.62630481199e-09, 5.52008749821e-09, 9.66610791409e-10, 6.63866428496e-09, 3.25483417996e-09, 4.69083838439e-09, 1.36020510411e-08, 1.62720137364e-09, 1.19800782628e-08, 1.18030403229e-08, 1.79595875949e-08, 2.841754565e-08, 2.45314346614e-08, 2.18861551105e-08, 1.88942994583e-09, 1.54909201786e-12]
    },
    "erbbands": {
        "dmean": [0.000423304532887, 0.00110667815898, 0.0295810718089, 1.84504377842, 18.6449794769, 19.6102371216, 0.756741225719, 1.04581427574, 0.707115232944, 0.178704097867, 0.243166267872, 0.147587403655, 0.355750650167, 0.456098467112, 0.579519450665, 0.636158883572, 0.894443929195, 0.612009465694, 0.695838630199, 1.39362990856, 0.579756915569, 1.05708897114, 1.25824892521, 1.35506665707, 0.829717457294, 1.56827068329, 1.67672455311, 1.79253530502, 1.49258387089, 2.14240431786, 1.57736599445, 1.20039308071, 0.852566480637, 0.495883673429, 0.279989212751, 0.0844650939107, 0.0213099494576, 0.00253213546239, 5.85731941101e-05, 8.76750254974e-06],
        "dmean2": [0.000433865032392, 0.000596050755121, 0.0341504923999, 2.90130519867, 21.9749450684, 29.3698177338, 1.49964642525, 0.808262765408, 0.690933287144, 0.271360307932, 0.207576483488, 0.198021024466, 0.453691035509, 0.48845037818, 0.717461526394, 0.756113231182, 1.08144199848, 0.719519257545, 0.90657633543, 1.47666084766, 0.60690164566, 1.30085217953, 1.30002963543, 1.61272776127, 0.995377242565, 1.96153175831, 2.06370544434, 2.09775543213, 2.29312467575, 2.70438790321, 2.08298945427, 1.78496217728, 1.35238170624, 0.607774734497, 0.3190074265, 0.10990075767, 0.0308054108173, 0.00374870980158, 7.8450590081e-05, 1.07737214421e-05],
        "dvar": [3.55254519491e-06, 7.22428012523e-06, 0.0051266704686, 26.3486614227, 2644.67260742, 3737.34399414, 8.39879798889, 7.87219667435, 3.17052340508, 0.17331160605, 0.381848961115, 0.0777217894793, 1.43930864334, 3.34269976616, 2.92417025566, 3.83819699287, 8.82657146454, 3.95466923714, 2.80481719971, 30.7100582123, 3.50963711739, 14.646443367, 22.6728286743, 14.1740646362, 3.10112643242, 19.5722579956, 18.2809314728, 9.97822093964, 9.32159328461, 17.3479690552, 7.62157964706, 5.03116559982, 2.97525978088, 0.75615477562, 0.22757653892, 0.0270140618086, 0.00205305195414, 3.29273643729e-05, 1.37255646848e-08, 4.08284878128e-10],
        "dvar2": [3.61551224159e-06, 2.29215083891e-06, 0.0074143987149, 69.7056808472, 3772.37353516, 9505.43652344, 16.2674980164, 3.31349158287, 1.80931901932, 0.306475698948, 0.28547385335, 0.124873504043, 1.54599881172, 3.23071098328, 2.49817228317, 3.50987553596, 8.81599140167, 3.46605491638, 3.18872594833, 30.9758319855, 3.26296591759, 15.4093837738, 23.2057437897, 15.4387149811, 5.22352600098, 23.0073242188, 23.5377559662, 16.8668804169, 15.0226192474, 29.0371627808, 14.7068481445, 10.4828453064, 6.491959095, 1.14133107662, 0.330279290676, 0.0437816902995, 0.00373662589118, 4.77144130855e-05, 2.60363020033e-08, 8.92180329615e-10],
        "max": [0.0101587837562, 0.0265539158136, 0.395287245512, 22.7879657745, 227.236938477, 237.961349487, 16.6051826477, 22.1144485474, 12.5911159515, 2.48921394348, 4.94290733337, 2.6071536541, 6.93005037308, 10.4801797867, 10.2298545837, 11.5334148407, 17.1360340118, 11.4091663361, 9.8261423111, 29.2995872498, 11.5778312683, 21.1748390198, 25.4295387268, 20.0203800201, 9.05335330963, 23.7130374908, 22.7353248596, 19.4761924744, 15.3622894287, 20.5831947327, 16.6329574585, 12.7878522873, 10.1619005203, 5.36113405228, 3.2036511898, 1.07274162769, 0.244211763144, 0.0248713102192, 0.000622439547442, 0.000128475992824],
        "mean": [0.000470302096801, 0.00229915371165, 0.0382493808866, 1.40735030174, 17.9905757904, 12.0802345276, 1.67712688446, 1.64429163933, 0.917443156242, 0.283052742481, 0.396821737289, 0.349345743656, 0.52023768425, 0.657530665398, 0.691328585148, 0.86443656683, 1.1452049017, 0.817968428135, 0.932707965374, 1.67985296249, 1.05198192596, 1.4949028492, 1.63028919697, 1.68864130974, 1.16577219963, 2.12858748436, 2.44685459137, 2.62182426453, 2.42118382454, 2.93492650986, 2.41919398308, 2.04989552498, 1.41298365593, 0.953950941563, 0.549735426903, 0.16286060214, 0.033038944006, 0.00388909946196, 0.000107631116407, 1.45607018567e-05],
        "median": [1.52933552044e-07, 2.10803568734e-06, 7.07610670361e-05, 0.0047194454819, 0.0689421221614, 0.0668651536107, 0.0628359019756, 0.0204403046519, 0.012236084789, 0.00941001530737, 0.033050313592, 0.0321443639696, 0.0341329164803, 0.0425707735121, 0.043584883213, 0.100167222321, 0.118497282267, 0.0561476126313, 0.137353315949, 0.0482129491866, 0.0965636670589, 0.0708435103297, 0.0554276034236, 0.0975931063294, 0.035019043833, 0.0157184768468, 0.0394476503134, 0.0337782017887, 0.0134089393541, 0.00705411471426, 0.00172320229467, 0.000461452611489, 0.000121569537441, 4.60972587462e-05, 2.38947686739e-05, 7.33797332941e-06, 2.60098931903e-06, 4.34347811051e-07, 1.16788648086e-07, 7.48949702256e-08],
        "min": [4.78892620004e-12, 1.54932004726e-11, 2.75513865194e-11, 8.08103445271e-11, 2.3810389771e-10, 3.44787448592e-10, 3.27965710145e-10, 6.55645759906e-10, 7.43897166089e-10, 3.43759298804e-10, 5.70008373835e-10, 4.0313252736e-10, 3.4219801992e-10, 3.66030372678e-10, 4.18884565923e-10, 3.53658297092e-10, 3.26390747762e-10, 3.01848823714e-10, 4.3857922849e-10, 3.69317132431e-10, 5.40254785353e-10, 3.8882691511e-10, 2.30080426933e-10, 3.2079383594e-10, 3.14728715312e-10, 2.65217542372e-10, 2.63899430086e-10, 3.05500624798e-10, 4.26122581665e-10, 5.99962635128e-10, 5.86237947076e-10, 4.34563690588e-10, 4.19060730561e-10, 2.94792107391e-10, 1.67601502121e-10, 8.28150673038e-11, 3.86402229657e-11, 1.76599637691e-11, 5.74153138228e-12, 4.50346547163e-13],
        "stdev": [0.00198574434035, 0.00605773972347, 0.0976614505053, 4.63954257965, 54.338924408, 46.5301589966, 4.42849111557, 4.69658946991, 2.5897758007, 0.591383934021, 1.07005500793, 0.624369680882, 1.36414933205, 2.03993082047, 2.00747919083, 2.25802183151, 3.33610963821, 2.230022192, 2.04751443863, 5.69577884674, 2.30335593224, 4.1388964653, 4.96692419052, 4.12917709351, 2.2495174408, 4.92491149902, 4.97956800461, 4.89631748199, 4.43671321869, 5.6923789978, 4.26774454117, 3.53138041496, 2.57727146149, 1.64013659954, 0.950822532177, 0.293991595507, 0.0646624937654, 0.0077724060975, 0.000200856142328, 2.98131635645e-05],
        "var": [3.94318067265e-06, 3.66962121916e-05, 0.00953775923699, 21.5253562927, 2952.71850586, 2165.05566406, 19.6115322113, 22.0579509735, 6.70693826675, 0.349734961987, 1.14501774311, 0.389837503433, 1.86090350151, 4.16131734848, 4.02997255325, 5.09866285324, 11.1296272278, 4.97299909592, 4.19231557846, 32.4418983459, 5.30544900894, 17.1304645538, 24.670337677, 17.0501022339, 5.06032848358, 24.2547531128, 24.7960968018, 23.9739265442, 19.6844234467, 32.4031791687, 18.2136421204, 12.4706468582, 6.64232778549, 2.69004821777, 0.904063463211, 0.0864310562611, 0.00418123789132, 6.04102933721e-05, 4.03431918983e-08, 8.88824736034e-10]
    },
    "gfcc": {
        "mean": [-339.489868164, 55.5114517212, -135.026824951, 23.0896930695, -73.8387832642, -14.9468212128, -59.4923820496, -27.8192768097, -45.1274719238, -18.5830402374, -30.6031112671, -5.37317991257, -14.3043251038],
        "cov": [[87831.4765625, -6868.34326172, 753.245422363, 3292.42602539, -4447.24414062, 3763.45019531, -4056.89233398, 1110.60339355, -3378.18286133, 345.833587646, -1947.55505371, -150.642822266, -780.043457031], [-6868.34326172, 2669.12280273, -1532.83605957, -319.907440186, 462.787872314, -912.745910645, 426.404510498, -563.160766602, 243.343460083, -319.939300537, 124.311561584, -83.8309860229, 35.6220092773], [753.245422363, -1532.83605957, 2111.68188477, 224.652603149, 124.119293213, 607.760986328, -24.5147094727, 507.986297607, 59.8594360352, 230.470596313, 39.2780761719, 37.3162612915, 12.2395935059], [3292.42602539, -319.907440186, 224.652603149, 196.92779541, -127.147789001, 177.374588013, -122.901756287, 72.1342697144, -108.156455994, 14.4274835587, -83.6811599731, -26.2845611572, -37.4541130066], [-4447.24414062, 462.787872314, 124.119293213, -127.147789001, 323.622467041, -165.587646484, 255.614135742, -31.9647216797, 205.56388855, -14.8249559402, 132.611724854, 9.44347858429, 54.4169311523], [3763.45019531, -912.745910645, 607.760986328, 177.374588013, -165.587646484, 425.524993896, -161.067703247, 220.276138306, -104.821617126, 97.7801132202, -52.2319450378, 18.9600143433, -11.0422830582], [-4056.89233398, 426.404510498, -24.5147094727, -122.901756287, 255.614135742, -161.067703247, 257.34463501, -44.9171447754, 201.579956055, -17.9194335938, 114.267211914, 4.4974360466, 46.5581245422], [1110.60339355, -563.160766602, 507.986297607, 72.1342697144, -31.9647216797, 220.276138306, -44.9171447754, 175.957290649, -5.27364110947, 95.6066360474, 5.29716253281, 32.1691932678, 1.3236579895], [-3378.18286133, 243.343460083, 59.8594360352, -108.156455994, 205.56388855, -104.821617126, 201.579956055, -5.27364110947, 190.218887329, 9.27927684784, 109.412811279, 14.52247715, 46.6680717468], [345.833587646, -319.939300537, 230.470596313, 14.4274835587, -14.8249559402, 97.7801132202, -17.9194335938, 95.6066360474, 9.27927684784, 71.8266830444, 22.0025253296, 32.800365448, 8.42973232269], [-1947.55505371, 124.311561584, 39.2780761719, -83.6811599731, 132.611724854, -52.2319450378, 114.267211914, 5.29716253281, 109.412811279, 22.0025253296, 99.5181045532, 32.3718910217, 45.2019538879], [-150.642822266, -83.8309860229, 37.3162612915, -26.2845611572, 9.44347858429, 18.9600143433, 4.4974360466, 32.1691932678, 14.52247715, 32.800365448, 32.3718910217, 40.0126686096, 15.8206663132], [-780.043457031, 35.6220092773, 12.2395935059, -37.4541130066, 54.4169311523, -11.0422830582, 46.5581245422, 1.3236579895, 46.6680717468, 8.42973232269, 45.2019538879, 15.8206663132, 28.2395172119]],
        "icov": [[0.00126637262292, -0.00536181824282, -0.000458440103102, -0.0103544034064, 0.0110274245963, -0.00911781936884, 0.00518498383462, 0.00225279154256, 0.00406821537763, -0.0120230801404, -0.00169420544989, -0.00195219542366, -0.00458799209446], [-0.00536181824282, 0.0276776533574, 0.00470677763224, 0.0404085814953, -0.0530002787709, 0.044739574194, -0.0201272014529, -0.0176016166806, -0.0160497520119, 0.0678651183844, -0.000410621054471, 0.00860868953168, 0.0242670085281], [-0.000458440103102, 0.00470677763224, 0.00524070253596, 0.00177323503885, -0.0132321445271, 0.00659138755873, 0.00281719840132, -0.0181498844177, -0.000626763037872, 0.0169636979699, -0.00329769472592, 0.0063001550734, 0.00348236225545], [-0.0103544034064, 0.0404085814953, 0.00177323503885, 0.10088198632, -0.0866726562381, 0.0661970451474, -0.0446778833866, -0.0151366470382, -0.0295953191817, 0.086927562952, 0.0213936176151, 0.0233461931348, 0.038952421397], [0.0110274245963, -0.0530002787709, -0.0132321445271, -0.0866726562381, 0.136833295226, -0.077182598412, 0.0205171220005, 0.026031287387, 0.0407144017518, -0.108833625913, -0.0247878674418, -0.0181829556823, -0.0515928715467], [-0.00911781936884, 0.044739574194, 0.00659138755873, 0.0661970451474, -0.077182598412, 0.0939344912767, -0.0399064868689, -0.061086691916, -0.0181907285005, 0.127300351858, -0.000471446255688, 0.0222910381854, 0.0110928518698], [0.00518498383462, -0.0201272014529, 0.00281719840132, -0.0446778833866, 0.0205171220005, -0.0399064868689, 0.0697132200003, 0.00721183372661, -0.0185484271497, -0.0398931950331, -0.00770684285089, -0.0071960282512, -0.00335167744197], [0.00225279154256, -0.0176016166806, -0.0181498844177, -0.0151366470382, 0.026031287387, -0.061086691916, 0.00721183372661, 0.158992707729, -0.0196401886642, -0.14107234776, 0.030641278252, -0.0398024655879, 0.0266514755785], [0.00406821537763, -0.0160497520119, -0.000626763037872, -0.0295953191817, 0.0407144017518, -0.0181907285005, -0.0185484271497, -0.0196401886642, 0.070216268301, -0.032560210675, -0.026391223073, 0.0153705524281, -0.0331149548292], [-0.0120230801404, 0.0678651183844, 0.0169636979699, 0.086927562952, -0.108833625913, 0.127300351858, -0.0398931950331, -0.14107234776, -0.032560210675, 0.292042404413, -0.0467617437243, 0.00844633765519, 0.0588568896055], [-0.00169420544989, -0.000410621054471, -0.00329769472592, 0.0213936176151, -0.0247878674418, -0.000471446255688, -0.00770684285089, 0.030641278252, -0.026391223073, -0.0467617437243, 0.119099646807, -0.026193195954, -0.0760168880224], [-0.00195219542366, 0.00860868953168, 0.0063001550734, 0.0233461931348, -0.0181829556823, 0.0222910381854, -0.0071960282512, -0.0398024655879, 0.0153705524281, 0.00844633765519, -0.026193195954, 0.0854880139232, -0.01295494847], [-0.00458799209446, 0.0242670085281, 0.00348236225545, 0.038952421397, -0.0515928715467, 0.0110928518698, -0.00335167744197, 0.0266514755785, -0.0331149548292, 0.0588568896055, -0.0760168880224, -0.01295494847, 0.202345907688]]
    },
    "melbands": {
        "dmean": [3.56919531441e-06, 7.15014039088e-06, 0.000789701007307, 0.00175409589428, 8.7026062829e-05, 2.29932338698e-05, 9.22665458347e-06, 1.99597684514e-06, 1.85987175882e-06, 1.10833468625e-06, 1.81551865808e-06, 1.96674614017e-06, 1.57847364335e-06, 2.21190316552e-06, 1.49692323248e-06, 2.19981598093e-06, 1.03304000731e-06, 8.46752470807e-07, 1.96388327822e-06, 1.52130485276e-06, 5.07537890826e-07, 1.12172972422e-06, 8.88097076768e-07, 1.68663530076e-06, 1.04944967916e-06, 5.13201769081e-07, 7.62426964229e-07, 1.14970760023e-06, 1.2366987221e-06, 9.11186418762e-07, 1.0667118886e-06, 8.50576725497e-07, 1.03207219126e-06, 1.28190094983e-06, 1.03494676296e-06, 8.57482746142e-07, 7.71449606418e-07, 7.35733181045e-07, 5.65423590615e-07, 4.11200716144e-07],
        "dmean2": [3.67485881725e-06, 9.1078100013e-06, 0.00102827663068, 0.00214254180901, 0.000144467310747, 1.80707793334e-05, 8.82031508809e-06, 3.15129182127e-06, 2.07872221836e-06, 1.67214636804e-06, 2.26868223763e-06, 2.12129066313e-06, 1.90603134342e-06, 2.47339085035e-06, 1.60062859322e-06, 2.72680904345e-06, 1.22136100345e-06, 1.20490130939e-06, 1.98331099455e-06, 1.81313100711e-06, 5.80403138883e-07, 1.3320236576e-06, 1.0845324141e-06, 1.84106875167e-06, 1.34177435029e-06, 5.81312178838e-07, 1.06699985736e-06, 1.43969498367e-06, 1.51324036324e-06, 1.21769323869e-06, 1.21712162127e-06, 1.39558471801e-06, 1.26192503558e-06, 1.69718168763e-06, 1.50929281517e-06, 1.12099496619e-06, 1.1723687976e-06, 1.16678745599e-06, 7.29540431621e-07, 4.48491249472e-07],
        "dvar": [2.50817866476e-10, 2.7338328823e-10, 4.49159279015e-06, 2.44419516093e-05, 7.32806242354e-08, 4.16239842593e-09, 5.42740741238e-10, 2.22533918376e-11, 2.44565409591e-11, 3.87036626706e-12, 3.98773757071e-11, 6.02304317532e-11, 2.25007287108e-11, 5.41121279729e-11, 1.40394397496e-11, 4.93837436222e-11, 1.04672286463e-11, 3.27339132362e-12, 5.28892034335e-11, 3.39475426936e-11, 2.00906760846e-12, 1.63752674615e-11, 8.6072104305e-12, 4.32207082623e-11, 7.06868634806e-12, 1.03820348585e-12, 3.22667695514e-12, 1.05644460194e-11, 1.33653079923e-11, 2.85450309223e-12, 3.56479255836e-12, 2.86492292563e-12, 4.5706880121e-12, 6.41108824015e-12, 3.61196749593e-12, 2.2140340776e-12, 1.9563599872e-12, 2.5843040815e-12, 1.03510039082e-12, 4.81102516766e-13],
        "dvar2": [2.39962549831e-10, 6.04754746281e-10, 7.94758761913e-06, 5.2856401453e-05, 2.048222143e-07, 1.57871593576e-09, 3.00690555788e-10, 3.84122074426e-11, 2.57530212433e-11, 9.72065657134e-12, 4.30885986613e-11, 5.94408688936e-11, 1.76792382817e-11, 4.99785282604e-11, 1.26837680983e-11, 5.11033403094e-11, 9.12584677965e-12, 4.65571114647e-12, 5.18301235264e-11, 3.47345520402e-11, 1.83329241545e-12, 1.77473920976e-11, 8.55518694082e-12, 4.53138152001e-11, 8.17404564174e-12, 1.33750931337e-12, 5.3512407179e-12, 1.22296348395e-11, 1.60710906388e-11, 5.78942883217e-12, 5.30595055739e-12, 4.90870278452e-12, 7.43156838151e-12, 1.19519767347e-11, 8.3192142411e-12, 5.4058641244e-12, 4.42921567478e-12, 6.78131465912e-12, 2.2122761522e-12, 7.77146305208e-13],
        "max": [8.31108700368e-05, 0.000107960804598, 0.00966931972653, 0.0212816465646, 0.00123392033856, 0.000493993458804, 0.000166841622558, 2.76455812127e-05, 3.7652469473e-05, 1.55193283717e-05, 3.5979639506e-05, 4.38164788648e-05, 2.96438684018e-05, 4.13051420765e-05, 2.40123263211e-05, 3.95751776523e-05, 1.85511798918e-05, 1.06539409899e-05, 3.89351444028e-05, 3.1347724871e-05, 9.49772947934e-06, 2.23521856242e-05, 1.64079956448e-05, 3.42452221958e-05, 1.38841260195e-05, 5.47015497432e-06, 8.83668417373e-06, 1.73702846951e-05, 1.91910276044e-05, 8.30907356431e-06, 1.23211802929e-05, 9.06642071641e-06, 9.16494900594e-06, 1.35999725899e-05, 1.07525947897e-05, 9.07075536816e-06, 7.7306658568e-06, 8.90240698936e-06, 6.11324594502e-06, 4.49637400379e-06],
        "mean": [3.57062435796e-06, 1.13061842058e-05, 0.00074290111661, 0.00128574261907, 8.42973240651e-05, 3.52049937646e-05, 1.24553753267e-05, 2.91264859698e-06, 3.14475300911e-06, 2.23292295232e-06, 2.65906032837e-06, 2.70971349892e-06, 2.05840024137e-06, 2.58730051428e-06, 2.06200365938e-06, 2.57310693996e-06, 1.34398726459e-06, 1.22716880924e-06, 2.29208126257e-06, 2.03054014491e-06, 1.02197373053e-06, 1.57944941748e-06, 1.16747946777e-06, 2.0114405288e-06, 1.28820556711e-06, 8.49066566389e-07, 9.39991878113e-07, 1.54779149852e-06, 1.7477181018e-06, 1.22171729799e-06, 1.62582625762e-06, 1.33723699491e-06, 1.44339060171e-06, 1.6594973431e-06, 1.33279309011e-06, 1.37778852149e-06, 1.23873007851e-06, 1.04058960915e-06, 8.71128577273e-07, 7.88867907886e-07],
        "median": [1.52716485291e-11, 5.5230593432e-09, 2.46878585131e-06, 5.95135043113e-06, 1.9581577817e-06, 5.72624344386e-07, 1.66728611362e-07, 1.01813839137e-07, 2.74114682952e-07, 1.99782775212e-07, 1.68979184423e-07, 1.3645420438e-07, 1.85948678677e-07, 2.13626279333e-07, 3.07879020056e-07, 1.85414606335e-07, 9.02756340793e-08, 2.16109370399e-07, 9.00554368855e-08, 1.01125827712e-07, 1.04394032974e-07, 7.21181123708e-08, 7.96325565489e-08, 3.45055539697e-08, 9.24500440647e-08, 2.75940887917e-08, 1.21755494575e-08, 8.30766566651e-09, 1.96578451295e-08, 3.20989848035e-08, 1.50662984311e-08, 7.30825533424e-09, 5.23976773081e-09, 2.27390306584e-09, 1.02691422033e-09, 4.90736173919e-10, 1.92599436399e-10, 8.45471886946e-11, 5.51585756237e-11, 3.22802652664e-11],
        "min": [4.0806096837e-14, 1.63799875085e-14, 1.8531490158e-14, 2.18822474653e-14, 1.23022023409e-14, 1.46081131675e-14, 1.05050381371e-14, 3.79231346507e-15, 4.54367277039e-15, 2.44526998103e-15, 1.67894074481e-15, 1.46496169348e-15, 1.29567750029e-15, 1.01083313151e-15, 8.62155714676e-16, 7.27683675646e-16, 5.06475251058e-16, 7.20160805464e-16, 3.99270208452e-16, 6.5147379204e-16, 6.32932717281e-16, 4.79558555698e-16, 1.51901369812e-16, 2.13916781166e-16, 2.68151731678e-16, 1.88971621164e-16, 3.09544723033e-16, 1.39613939302e-16, 1.92528961019e-16, 1.17934739822e-16, 1.93200737556e-16, 1.67552024048e-16, 4.33242344156e-16, 2.66068083567e-16, 3.1083009553e-16, 3.05794034673e-16, 2.6822359713e-16, 2.66682923608e-16, 2.65131371007e-16, 2.6694685378e-16],
        "stdev": [1.62545147759e-05, 2.61614513875e-05, 0.00225258758292, 0.00432332325727, 0.000256418890785, 0.00010278463742, 3.43581668858e-05, 6.30477643426e-06, 8.48527997732e-06, 3.87215823139e-06, 7.06761511537e-06, 8.52711946209e-06, 5.82491793466e-06, 8.05200761533e-06, 4.72693727716e-06, 7.74031104811e-06, 3.62915398e-06, 2.35280663219e-06, 7.58901705922e-06, 6.10100323684e-06, 1.95489701582e-06, 4.36490518041e-06, 3.22480946124e-06, 6.6860015977e-06, 2.96638040709e-06, 1.5220291516e-06, 2.02075966627e-06, 3.60486569662e-06, 3.98130760004e-06, 2.22079916057e-06, 3.10854829877e-06, 2.48953301707e-06, 2.7381433938e-06, 3.38809059031e-06, 2.46830109063e-06, 2.37234212364e-06, 2.14809756471e-06, 2.04129105441e-06, 1.55693999204e-06, 1.35059281092e-06],
        "var": [2.64209237821e-10, 6.8442157497e-10, 5.07415052198e-06, 1.86911220226e-05, 6.57506404877e-08, 1.0564681574e-08, 1.18048359976e-09, 3.97502065985e-11, 7.19999754262e-11, 1.49936105198e-11, 4.9951185549e-11, 7.27117602239e-11, 3.39296715723e-11, 6.48348250087e-11, 2.23439374641e-11, 5.99124083678e-11, 1.31707587545e-11, 5.53569906928e-12, 5.75931802249e-11, 3.72222391798e-11, 3.82162227211e-12, 1.9052396813e-11, 1.03993966216e-11, 4.47026166084e-11, 8.79941258747e-12, 2.31657271491e-12, 4.08346923983e-12, 1.29950572872e-11, 1.58508102477e-11, 4.93194894646e-12, 9.66307242556e-12, 6.19777449848e-12, 7.49742976036e-12, 1.1479157902e-11, 6.09251017691e-12, 5.62800760856e-12, 4.61432324642e-12, 4.16686954038e-12, 2.42406225301e-12, 1.82410098311e-12]
    },
    "melbands128": {
