{
"lowlevel": {
    "average_loudness": 0.00715207634494,
    "barkbands_crest": {
        "dmean": 0.800239384174,
        "dmean2": 1.34308111668,
        "dvar": 1.83971190453,
        "dvar2": 5.15557670593,
        "max": 21.4997463226,
        "mean": 16.958190918,
        "median": 20.8547439575,
        "min": 4.87440824509,
        "stdev": 5.68904161453,
        "var": 32.3651924133
    },
    "barkbands_flatness_db": {
        "dmean": 0.0120065947995,
        "dmean2": 0.0180373080075,
        "dvar": 0.000229896919336,
        "dvar2": 0.000238264517975,
        "max": 0.787692904472,
        "mean": 0.375442624092,
        "median": 0.339817017317,
        "min": 0.0442835837603,
        "stdev": 0.250422179699,
        "var": 0.0627112612128
    },
    "barkbands_kurtosis": {
        "dmean": 12.651427269,
        "dmean2": 20.4913311005,
        "dvar": 435.890899658,
        "dvar2": 1331.11865234,
        "max": 244.451278687,
        "mean": 49.3176841736,
        "median": 16.2107372284,
        "min": -1.20667970181,
        "stdev": 59.8079681396,
        "var": 3576.99291992
    },
    "barkbands_skewness": {
        "dmean": 0.910698711872,
        "dmean2": 1.53117144108,
        "dvar": 1.49249744415,
        "dvar2": 4.51350212097,
        "max": 9.04105854034,
        "mean": 0.977335870266,
        "median": 1.48088264465,
        "min": -5.41442108154,
        "stdev": 2.22743535042,
        "var": 4.96146774292
    },
    "barkbands_spread": {
        "dmean": 1.59047234058,
        "dmean2": 2.49778985977,
        "dvar": 12.6402902603,
        "dvar2": 27.0811252594,
        "max": 94.1297073364,
        "mean": 9.21842288971,
        "median": 0.927989244461,
        "min": 0.171972006559,
        "stdev": 13.349187851,
        "var": 178.200805664
    },
    "dissonance": {
        "dmean": 0.0662524551153,
        "dmean2": 0.116027995944,
        "dvar": 0.00418936694041,
        "dvar2": 0.0120186079293,
        "max": 0.497386783361,
        "mean": 0.278786987066,
        "median": 0.272472441196,
        "min": 0.0147411460057,
        "stdev": 0.148193284869,
        "var": 0.0219612494111
    },
    "dynamic_complexity": 30.1571979523,
    "erbbands_crest": {
        "dmean": 0.589264988899,
        "dmean2": 1.04641020298,
        "dvar": 0.985659122467,
        "dvar2": 2.96720695496,
        "max": 23.0667991638,
        "mean": 18.9156970978,
        "median": 22.4810256958,
        "min": 3.20093345642,
        "stdev": 6.01320362091,
        "var": 36.1586151123
    },
    "erbbands_flatness_db": {
        "dmean": 0.00854101963341,
        "dmean2": 0.0122860372066,
        "dvar": 9.77138552116e-05,
        "dvar2": 0.000111815003038,
        "max": 0.722933769226,
        "mean": 0.378089815378,
        "median": 0.373642235994,
        "min": 0.0361180342734,
        "stdev": 0.234813243151,
        "var": 0.055137258023
    },
    "erbbands_kurtosis": {
        "dmean": 5.8018450737,
        "dmean2": 9.22387599945,
        "dvar": 68.7514419556,
        "dvar2": 182.568786621,
        "max": 251.704498291,
        "mean": 58.7525100708,
        "median": 19.1878967285,
        "min": -0.884227991104,
        "stdev": 72.7162475586,
        "var": 5287.65283203
    },
    "erbbands_skewness": {
        "dmean": 0.349701911211,
        "dmean2": 0.546062886715,
        "dvar": 0.156250655651,
        "dvar2": 0.380533427,
        "max": 11.0063514709,
        "mean": 3.57753252983,
        "median": 2.24036574364,
        "min": -0.828398227692,
        "stdev": 3.15328001976,
        "var": 9.94317436218
    },
    "erbbands_spread": {
        "dmean": 1.49451422691,
        "dmean2": 2.40073084831,
        "dvar": 8.47337436676,
        "dvar2": 22.7989730835,
        "max": 72.5443878174,
        "mean": 12.0144805908,
        "median": 0.84727627039,
        "min": 0.298623532057,
        "stdev": 18.5800170898,
        "var": 345.217041016
    },
    "hfc": {
        "dmean": 0.286857128143,
        "dmean2": 0.0793836191297,
        "dvar": 0.746704936028,
        "dvar2": 0.328826218843,
        "max": 79.6139068604,
        "mean": 4.34875583649,
        "median": 0.00468282820657,
        "min": 9.41233757601e-09,
        "stdev": 13.3697414398,
        "var": 178.749984741
    },
    "loudness_ebu128": {
        "integrated": -24.4349822998,
        "loudness_range": 26.0030078888,
        "momentary": {
            "dmean": 0.915321052074,
            "dmean2": 0.0706270337105,
            "dvar": 0.17722171545,
            "dvar2": 0.0117798577994,
            "max": -18.1285362244,
            "mean": -55.038898468,
            "median": -58.411403656,
            "min": -77.3366851807,
            "stdev": 18.5146541595,
            "var": 342.792419434
        },
        "short_term": {
            "dmean": 1.15941989422,
            "dmean2": 0.0213736984879,
            "dvar": 0.0308970175683,
            "dvar2": 0.000124114725622,
            "max": -25.4036483765,
            "mean": -49.8910293579,
            "median": -50.9894180298,
            "min": -70.6210250854,
            "stdev": 13.5324316025,
            "var": 183.126693726
        }
    },
    "melbands_crest": {
        "dmean": 1.47712731361,
        "dmean2": 2.55588912964,
        "dvar": 6.92955541611,
        "dvar2": 20.2445297241,
        "max": 29.9411811829,
        "mean": 24.0597114563,
        "median": 29.1277084351,
        "min": 6.93484830856,
        "stdev": 7.51083183289,
        "var": 56.4125976562
    },
    "melbands_flatness_db": {
        "dmean": 0.0129534378648,
        "dmean2": 0.0191706195474,
        "dvar": 0.000327703834046,
        "dvar2": 0.00038332445547,
        "max": 0.871135830879,
        "mean": 0.476083189249,
        "median": 0.435556560755,
        "min": 0.0692021772265,
        "stdev": 0.247212260962,
        "var": 0.0611139051616
    },
    "melbands_kurtosis": {
        "dmean": 10.6582250595,
        "dmean2": 15.6051368713,
        "dvar": 241.692474365,
        "dvar2": 419.116760254,
        "max": 339.350372314,
        "mean": 38.6895332336,
        "median": 17.7233181,
        "min": 0.768322467804,
        "stdev": 47.5632705688,
        "var": 2262.26464844
    },
    "melbands_skewness": {
        "dmean": 0.666365802288,
        "dmean2": 1.06881392002,
        "dvar": 0.588855087757,
        "dvar2": 1.41669654846,
        "max": 14.9722509384,
        "mean": 0.260052531958,
        "median": 0.436911404133,
        "min": -6.15534591675,
        "stdev": 2.7867667675,
        "var": 7.76606845856
    },
    "melbands_spread": {
        "dmean": 1.35625910759,
        "dmean2": 2.01243829727,
        "dvar": 20.6245346069,
        "dvar2": 18.0508041382,
        "max": 103.592102051,
        "mean": 5.94292926788,
        "median": 0.919258236885,
        "min": 0.190902337432,
        "stdev": 8.77795982361,
        "var": 77.0525741577
    },
    "pitch_salience": {
        "dmean": 0.0337316393852,
        "dmean2": 0.0530612170696,
        "dvar": 0.00281236600131,
        "dvar2": 0.00575093831867,
        "max": 0.895690321922,
        "mean": 0.225376144052,
        "median": 0.0877439379692,
        "min": 0.00493420287967,
        "stdev": 0.245516613126,
        "var": 0.0602784045041
    },
    "silence_rate_20dB": {
        "dmean": 0,
        "dmean2": 0,
        "dvar": 0,
        "dvar2": 0,
        "max": 1,
        "mean": 1,
        "median": 1,
        "min": 1,
        "stdev": 0,
        "var": 0
    },
    "silence_rate_30dB": {
        "dmean": 0.00671140942723,
        "dmean2": 0.0101010100916,
        "dvar": 0.00666638417169,
        "dvar2": 0.00999899301678,
        "max": 1,
        "mean": 0.983277618885,
        "median": 1,
        "min": 0,
        "stdev": 0.12822856009,
        "var": 0.0164425633848
    },
    "silence_rate_60dB": {
        "dmean": 0.00335570471361,
        "dmean2": 0.00673400657251,
        "dvar": 0.00334444781765,
        "dvar2": 0.00668862089515,
        "max": 1,
        "mean": 0.826086938381,
        "median": 1,
        "min": 0,
        "stdev": 0.379035681486,
        "var": 0.143668040633
    },
    "spectral_centroid": {
        "dmean": 34.8517494202,
        "dmean2": 48.7138900757,
        "dvar": 17708.421875,
        "dvar2": 15418.3027344,
        "max": 3733.15209961,
        "mean": 694.870178223,
        "median": 626.473754883,
        "min": 572.35736084,
        "stdev": 212.611465454,
        "var": 45203.6328125
    },
    "spectral_complexity": {
        "dmean": 0.0268456377089,
        "dmean2": 0.0336700342596,
        "dvar": 0.0663936883211,
        "dvar2": 0.0527386367321,
        "max": 8,
        "mean": 0.461538463831,
        "median": 0,
        "min": 0,
        "stdev": 0.741296827793,
        "var": 0.549520969391
    },
    "spectral_decrease": {
        "dmean": 1.2741130373e-10,
        "dmean2": 4.27705440509e-11,
        "dvar": 2.52234898372e-19,
        "dvar2": 1.09976531722e-19,
        "max": -4.53112220462e-20,
        "mean": -1.69381386694e-09,
        "median": -1.84961030866e-12,
        "min": -2.93640614046e-08,
        "stdev": 5.11857134455e-09,
        "var": 2.61997746149e-17
    },
    "spectral_energy": {
        "dmean": 0.000504832598381,
        "dmean2": 0.000168033293448,
        "dvar": 3.83154247174e-06,
        "dvar2": 1.68653934907e-06,
        "max": 0.117739982903,
        "mean": 0.00678728660569,
        "median": 7.40560471968e-06,
        "min": 1.02474094748e-12,
        "stdev": 0.0205257944763,
        "var": 0.000421308242949
    },
    "spectral_energyband_high": {
        "dmean": 1.04490754893e-05,
        "dmean2": 5.44322028873e-06,
        "dvar": 1.20103651469e-08,
        "dvar2": 4.18692636117e-09,
        "max": 0.0031137203332,
        "mean": 1.89892016351e-05,
        "median": 6.67984689784e-09,
        "min": 5.52136515761e-13,
        "stdev": 0.000212049679249,
        "var": 4.4965066337e-08
    },
    "spectral_energyband_low": {
        "dmean": 2.50718414918e-07,
        "dmean2": 3.41396997783e-07,
        "dvar": 2.4747242016e-12,
        "dvar2": 3.86731575583e-12,
        "max": 4.57505193481e-05,
        "mean": 5.89812771068e-07,
        "median": 6.33109351611e-08,
        "min": 1.36549693536e-13,
        "stdev": 3.88092485082e-06,
        "var": 1.50615769856e-11
    },
    "spectral_energyband_middle_high": {
        "dmean": 1.43705983646e-05,
        "dmean2": 1.25868218674e-05,
        "dvar": 4.618620153e-08,
        "dvar2": 4.17005274755e-08,
        "max": 0.004281795118,
        "mean": 2.0457602659e-05,
        "median": 1.08323714443e-08,
        "min": 8.72175324584e-14,
        "stdev": 0.000250878394581,
        "var": 6.29399750096e-08
    },
    "spectral_energyband_middle_low": {
        "dmean": 0.000522622372955,
        "dmean2": 0.000182595758815,
        "dvar": 4.745503702e-06,
        "dvar2": 2.17626347876e-06,
        "max": 0.116849713027,
        "mean": 0.00674812588841,
        "median": 7.36753918318e-06,
        "min": 1.11174619315e-13,
        "stdev": 0.0203619562089,
        "var": 0.000414609268773
    },
    "spectral_entropy": {
        "dmean": 0.0774200856686,
        "dmean2": 0.104314319789,
        "dvar": 0.0270420107991,
        "dvar2": 0.0188860036433,
        "max": 8.89674377441,
        "mean": 5.15671062469,
        "median": 5.27775144577,
        "min": 2.14654970169,
        "stdev": 2.2958688736,
        "var": 5.27101373672
    },
    "spectral_flux": {
        "dmean": 0.00111140543595,
        "dmean2": 0.00097820663359,
        "dvar": 0.000114668051538,
        "dvar2": 6.81136880303e-05,
        "max": 0.291624993086,
        "mean": 0.00308574968949,
        "median": 0.000278942694422,
        "min": 0.000130327112856,
        "stdev": 0.0202503874898,
        "var": 0.000410078180721
    },
    "spectral_kurtosis": {
        "dmean": 6.42630243301,
        "dmean2": 8.99478721619,
        "dvar": 295.995666504,
        "dvar2": 677.670471191,
        "max": 407.475952148,
        "mean": 74.2159576416,
        "median": 12.4723119736,
        "min": 2.21014499664,
        "stdev": 111.685592651,
        "var": 12473.6708984
    },
    "spectral_rms": {
        "dmean": 4.19012430939e-05,
        "dmean2": 1.13507430797e-05,
        "dvar": 1.12782228001e-08,
        "dvar2": 4.32244107174e-09,
        "max": 0.0107176620513,
        "mean": 0.001127949683,
        "median": 8.49998832564e-05,
        "min": 3.16187787064e-08,
        "stdev": 0.00231289165094,
        "var": 5.34946775588e-06
    },
    "spectral_rolloff": {
        "dmean": 90.5406188965,
        "dmean2": 94.0355682373,
        "dvar": 691078.3125,
        "dvar2": 326415.875,
        "max": 19487.5488281,
        "mean": 737.172302246,
        "median": 645.99609375,
        "min": 452.197265625,
        "stdev": 1135.52648926,
        "var": 1289420.5
    },
    "spectral_skewness": {
        "dmean": 0.24859687686,
        "dmean2": 0.337403208017,
        "dvar": 0.22880205512,
        "dvar2": 0.416808277369,
        "max": 17.2437400818,
        "mean": 5.72469186783,
        "median": 3.19312500954,
        "min": 1.32864749432,
        "stdev": 4.90033435822,
        "var": 24.0132770538
    },
    "spectral_spread": {
        "dmean": 188476.71875,
        "dmean2": 283189.875,
        "dvar": 52256362496,
        "dvar2": 112822214656,
        "max": 11499127,
        "mean": 4492183.5,
        "median": 4433079.5,
        "min": 247666.09375,
        "stdev": 3197784.5,
        "var": 1.02258263982e+13
    },
    "spectral_strongpeak": {
        "dmean": 0.103479683399,
        "dmean2": 0.151698753238,
        "dvar": 0.311967581511,
        "dvar2": 0.83898884058,
        "max": 8.93843078613,
        "mean": 0.673459589481,
        "median": 0.0481045097113,
        "min": 0,
        "stdev": 1.49105668068,
        "var": 2.22325015068
    },
    "zerocrossingrate": {
        "dmean": 0.00448628887534,
        "dmean2": 0.00647917995229,
        "dvar": 8.25740207802e-05,
        "dvar2": 0.000136639093398,
        "max": 0.1630859375,
        "mean": 0.0526919141412,
        "median": 0.0283203125,
        "min": 0.01708984375,
        "stdev": 0.0373238623142,
        "var": 0.00139307056088
    },
    "barkbands": {
        "dmean": [7.5003663369e-07, 2.05876176551e-07, 3.44140218544e-08, 1.52750860849e-08, 2.36091572958e-08, 9.55754586585e-08, 2.22321727961e-06, 0.000110997039883, 0.000455402798252, 6.72066335028e-06, 3.07113964482e-06, 1.71230453816e-06, 7.78092100973e-07, 5.0223047765e-07, 2.95337315492e-07, 8.16256488179e-07, 1.90312891846e-06, 1.20451645103e-07, 8.98814889183e-09, 5.09446884678e-08, 4.91958735438e-06, 3.28475628919e-08, 5.79295874559e-06, 7.79328217959e-07, 2.50595233453e-09, 5.72527403264e-09, 1.33484734377e-09],
        "dmean2": [1.2060396557e-06, 3.10175579443e-07, 4.34327986909e-08, 2.14935287346e-08, 2.72708167159e-08, 1.02358413301e-07, 1.84947236903e-06, 4.56505695183e-05, 0.00018862602883, 6.72006399327e-06, 3.08595440401e-06, 1.7083664261e-06, 7.63481466493e-07, 4.96578707043e-07, 2.84204304535e-07, 8.04674243682e-07, 1.3138999293e-06, 1.19908762031e-07, 9.02383145984e-09, 5.10395423703e-08, 6.68505163048e-06, 3.13903321114e-08, 3.80194182981e-06, 7.82578297276e-07, 2.58721954971e-09, 8.0808462144e-09, 1.07823772133e-09],
        "dvar": [3.08386198522e-11, 2.71166249177e-12, 1.09112310929e-13, 1.23834294124e-14, 5.3198537833e-14, 2.15950889983e-12, 1.02960451276e-09, 1.79171436798e-07, 5.75141984882e-06, 1.3307157154e-08, 2.77885381372e-09, 8.56072213118e-10, 1.70938277422e-10, 7.23030524341e-11, 2.34673322441e-11, 1.90815085954e-10, 1.8230641996e-10, 4.18869366275e-12, 2.2422225887e-14, 7.54305797511e-13, 3.10686987248e-09, 2.64373402727e-13, 5.12273823361e-09, 1.80061646149e-10, 6.01202227802e-16, 3.66720076953e-15, 1.67276592756e-16],
        "dvar2": [8.51682960268e-11, 6.22422903149e-12, 9.71881944497e-14, 1.17205016173e-14, 3.9273726144e-14, 2.1555526461e-12, 6.63923638289e-10, 1.50549098521e-07, 3.43503324984e-06, 1.32677850928e-08, 2.785446096e-09, 8.51199499774e-10, 1.66275881952e-10, 7.04755143133e-11, 2.20286254515e-11, 1.84983028895e-10, 1.53512785817e-10, 4.11731412853e-12, 2.21106549817e-14, 7.51369886448e-13, 5.37221822583e-09, 2.43680401378e-13, 1.92213467365e-09, 1.80708004116e-10, 5.14497023646e-16, 8.13528389619e-15, 5.53790935008e-17],
        "max": [6.52809758321e-05, 2.8956161259e-05, 6.15572389506e-06, 2.01107286557e-06, 4.57598025605e-06, 2.57689825958e-05, 0.000661113648675, 0.0313027352095, 0.0904495790601, 0.00200213235803, 0.000914815173019, 0.000509787001647, 0.000231578887906, 0.000149427578435, 8.7778949819e-05, 0.000243178539677, 0.000541239394806, 3.5811401176e-05, 2.63698939307e-06, 1.51118765643e-05, 0.00129825982731, 9.70151813817e-06, 0.00172626366839, 0.000232143022004, 7.02909630945e-07, 1.21159223454e-06, 3.29247143327e-07],
        "mean": [6.25099005447e-07, 2.43949102696e-07, 4.05459985586e-08, 1.74801630948e-08, 3.11591996649e-08, 1.02431165772e-07, 2.65384460363e-06, 0.00157411582768, 0.00516862142831, 6.73023532727e-06, 3.08366611534e-06, 1.75901561761e-06, 8.08005779618e-07, 5.11139433002e-07, 3.21520474245e-07, 8.29924033496e-07, 7.65810273151e-06, 1.2317667597e-07, 9.78316005984e-09, 5.2307559173e-08, 9.97942424874e-06, 4.21511074933e-08, 8.12423968455e-06, 7.78019114023e-07, 6.93596335921e-09, 9.44244504808e-09, 3.80340692274e-09],
        "median": [1.58062043454e-08, 2.83551244706e-08, 1.50517536213e-08, 8.2059177231e-09, 1.22990826412e-08, 1.15988889604e-08, 2.60274557462e-09, 1.52998336489e-06, 5.75990452489e-06, 2.11773443226e-09, 2.0476982332e-09, 2.30374008758e-09, 7.52368389811e-10, 8.41607783464e-10, 1.27337995703e-09, 4.81494344395e-10, 3.25852400618e-10, 3.34880012609e-10, 3.48654743965e-10, 4.22317125714e-10, 4.39226932603e-10, 4.81040429712e-10, 5.44616629572e-10, 7.10181635721e-10, 1.0270375661e-09, 1.40518374714e-09, 2.12533612931e-09],
        "min": [5.61840918028e-14, 6.99830276195e-14, 2.94494348341e-14, 1.55567324701e-14, 9.62586198358e-15, 1.89281455229e-14, 2.7862867585e-14, 1.99492657636e-14, 1.6668683442e-14, 7.91740838743e-15, 9.46995371118e-15, 1.0199255855e-14, 7.09777568547e-15, 4.44065111763e-15, 1.94587930296e-14, 1.04846856295e-14, 2.84526731433e-15, 1.54213401828e-15, 1.05666682544e-14, 7.95542237907e-15, 1.92396317248e-14, 5.29205721128e-14, 9.55720691389e-14, 4.93858697426e-14, 2.57642231795e-14, 1.49182478437e-13, 1.75808030785e-13],
        "stdev": [4.92745675729e-06, 1.98631096282e-06, 3.55431524213e-07, 1.15920180122e-07, 2.65708706593e-07, 1.48708488723e-06, 3.87411528209e-05, 0.00485995784402, 0.0155669692904, 0.000115591916256, 5.28157579538e-05, 2.94305064017e-05, 1.33725498017e-05, 8.62763863552e-06, 5.07264803673e-06, 1.40411539178e-05, 5.21727561136e-05, 2.06751519727e-06, 1.52227329409e-07, 8.72401017205e-07, 0.000101861376606, 5.62795094083e-07, 0.000105460276245, 1.34026122396e-05, 5.70639642206e-08, 8.43195024913e-08, 2.030300017e-08],
        "var": [2.42798298827e-11, 3.94543122131e-12, 1.26331562399e-13, 1.34374873763e-14, 7.06011177255e-14, 2.21142136721e-12, 1.50087686723e-09, 2.36191899603e-05, 0.000242330526817, 1.33614914688e-08, 2.7895041832e-09, 8.66154759027e-10, 1.78825093622e-10, 7.4436144748e-11, 2.57317587377e-11, 1.97154001458e-10, 2.72199640605e-09, 4.27461885333e-12, 2.31731578642e-14, 7.61083524762e-13, 1.0375740267e-08, 3.16738307674e-13, 1.11218696475e-08, 1.79630005315e-10, 3.25629598122e-15, 7.10977856585e-15, 4.12211813094e-16]
    },
    "erbbands": {
        "dmean": [8.86563793756e-06, 3.09354436467e-05, 3.82101170544e-05, 5.11250218551e-05, 3.50827613147e-05, 8.86333946255e-05, 0.000393122725654, 0.00131123245228, 0.0158395413309, 0.406736910343, 8.72001934052, 5.71417379379, 0.432575702667, 0.173299118876, 0.105381295085, 0.0670838356018, 0.040618557483, 0.027665887028, 0.0136414682493, 0.0414928682148, 0.0394005440176, 0.135444551706, 0.0144460471347, 0.00219154218212, 0.000813105260022, 0.0205988250673, 0.340289831161, 0.0194332078099, 0.00188822718337, 0.00341095938347, 0.100293859839, 0.133591040969, 0.00366783584468, 0.000180534916581, 3.53773211828e-05, 9.8410555438e-06, 7.57752422942e-06, 6.58555245536e-06, 4.31657696254e-07, 5.41167878509e-07],
        "dmean2": [1.500027156e-05, 4.30341569881e-05, 4.56956222479e-05, 6.96617207723e-05, 4.91264618177e-05, 0.000106031293399, 0.000412221823353, 0.00114268390462, 0.0112259229645, 0.292267501354, 3.34533238411, 1.82747769356, 0.340433567762, 0.167849048972, 0.105069428682, 0.0665785893798, 0.0399324595928, 0.0272691454738, 0.0135344257578, 0.0401166900992, 0.0287023987621, 0.0940823405981, 0.00878579448909, 0.00197652750649, 0.00040539551992, 0.0287042930722, 0.459919422865, 0.0217235870659, 0.00123689847533, 0.00283406930976, 0.0718330964446, 0.0921235606074, 0.00264721829444, 0.000128616695292, 3.39315920428e-05, 6.15730095888e-06, 9.79034393822e-06, 9.39847268455e-06, 2.59194109731e-07, 1.7458340551e-07],
        "dvar": [3.33341287906e-09, 8.36446005792e-08, 1.6950103543e-07, 1.8418350578e-07, 4.08815523656e-08, 7.54416817017e-07, 2.60194428847e-05, 0.000301722669974, 0.0342571809888, 20.9540691376, 1622.09289551, 458.517364502, 25.2666244507, 8.14521121979, 3.21694779396, 1.30141627789, 0.468349635601, 0.218855530024, 0.0529779046774, 0.474136561155, 0.231105417013, 0.858310699463, 0.0230879150331, 0.00111928186379, 7.08532024873e-05, 0.0633348077536, 14.4387617111, 0.0479373186827, 0.000485544936964, 0.00242646620609, 1.69692349434, 2.87569856644, 0.00228689098731, 5.16370846526e-06, 1.22478240883e-07, 8.51734238694e-09, 7.36051930517e-09, 5.14560882792e-09, 5.66669671256e-12, 3.63285920443e-12],
        "dvar2": [8.76843664344e-09, 1.46928428535e-07, 1.61356709327e-07, 1.75178925588e-07, 3.25449676097e-08, 6.40479129288e-07, 2.35424940911e-05, 0.000268562987912, 0.0227360390127, 18.5901870728, 922.016723633, 155.502456665, 27.1433124542, 8.17963027954, 3.2262339592, 1.2903496027, 0.457065969706, 0.212709411979, 0.0518370494246, 0.450021356344, 0.164125949144, 0.877962052822, 0.0135846054181, 0.0010263180593, 1.60615436471e-05, 0.0950059443712, 25.6811695099, 0.0507549718022, 0.000192896230146, 0.00166542769875, 0.792499601841, 1.21674656868, 0.00108711677603, 2.33770379054e-06, 9.48825231717e-08, 2.49116860473e-09, 9.35453847717e-09, 1.24058532336e-08, 3.73512462279e-12, 1.76455258825e-12],
        "max": [0.0012124805944, 0.00506006553769, 0.00780540937558, 0.00780414929613, 0.00420532748103, 0.0172801613808, 0.0994754582644, 0.376313924789, 4.71508359909, 121.151817322, 1880.17565918, 1317.8371582, 122.625671387, 51.603679657, 31.3934440613, 19.9836502075, 12.100730896, 8.24080085754, 4.04884290695, 12.3605690002, 11.7387876511, 36.4191436768, 4.30316209793, 0.651037693024, 0.24029687047, 5.93696498871, 88.0108108521, 5.78901386261, 0.559349238873, 1.01543951035, 29.8864517212, 39.809299469, 1.09234547615, 0.0532326772809, 0.0101680886, 0.00271813594736, 0.00214089918882, 0.00114324444439, 0.000119872296636, 0.000136003262014],
        "mean": [1.47035725604e-05, 3.24409556924e-05, 4.81878305436e-05, 6.46338521619e-05, 5.91936659475e-05, 0.000163448799867, 0.00078466947889, 0.00455390289426, 0.0704856216908, 2.51929998398, 108.507110596, 75.9736709595, 2.55830073357, 0.295408248901, 0.12123939395, 0.0723138526082, 0.0433372147381, 0.0285859052092, 0.0142088355497, 0.0442323572934, 0.0767386555672, 0.509855866432, 0.0341375730932, 0.00301640038379, 0.00148912880104, 0.0475349612534, 0.66970205307, 0.0439434424043, 0.00309227546677, 0.00413728551939, 0.133682489395, 0.182147726417, 0.00488038919866, 0.000261101115029, 9.14613192435e-05, 2.52933004958e-05, 2.07100747502e-05, 7.32732587494e-06, 4.07779862144e-06, 7.85686461313e-06],
        "median": [1.37778442877e-06, 4.33523337051e-06, 1.39554622365e-05, 3.11857256747e-05, 2.97141923511e-05, 5.05667703692e-05, 0.000103251295513, 0.000130415603053, 0.000127982173581, 0.00233123521321, 0.115460895002, 0.0836810022593, 0.00252267485484, 0.000208661469514, 0.000148012870341, 9.25305430428e-05, 4.72195679322e-05, 3.60655576515e-05, 8.79175204318e-05, 4.01933357352e-05, 2.87098118861e-05, 1.85857807082e-05, 1.86160996236e-05, 1.77572910616e-05, 1.8790260583e-05, 1.97346798814e-05, 1.91096769413e-05, 1.6934620362e-05, 1.71294650499e-05, 1.5846802853e-05, 1.57405902428e-05, 1.42883818626e-05, 1.27879311549e-05, 1.08929043563e-05, 7.94385596237e-06, 5.14218345415e-06, 2.71960811915e-06, 1.11830081551e-06, 3.08748326461e-07, 4.13067553495e-08],
        "min": [2.79235098585e-12, 1.31775892281e-11, 3.28694606255e-11, 4.78301842577e-11, 4.21440486675e-11, 2.67657007669e-11, 5.96312790813e-11, 1.90412297041e-10, 3.59464902289e-10, 4.39859454415e-10, 4.31237462406e-10, 3.86184390022e-10, 2.77232431456e-10, 2.98916752461e-10, 4.09246275757e-10, 4.12608280875e-10, 3.40471401072e-10, 2.65105243313e-10, 4.23431067986e-10, 1.33924416001e-09, 3.21357218613e-10, 1.34289024345e-10, 5.37711507265e-11, 2.33471963984e-10, 6.45769049346e-10, 4.5412526517e-10, 6.26986407237e-10, 1.07571929142e-09, 1.42805001158e-09, 2.85796075694e-09, 2.58099364103e-09, 1.06981379311e-09, 8.58686621807e-10, 2.92323165674e-10, 2.25791801922e-10, 3.527162451e-10, 3.75303538247e-10, 9.34003707709e-11, 1.76692983161e-11, 3.43235639563e-12],
        "stdev": [0.000101985868241, 0.000310023780912, 0.000452348409453, 0.000449685176136, 0.000246805371717, 0.00101249234285, 0.00583787309006, 0.0238036643714, 0.322406202555, 9.5092124939, 327.71975708, 228.958633423, 9.58455276489, 2.99629068375, 1.8122934103, 1.15362501144, 0.69868183136, 0.475805908442, 0.233759313822, 0.7140224576, 0.729959845543, 3.44736814499, 0.285329580307, 0.0379665903747, 0.0157712567598, 0.487262964249, 6.83159732819, 0.45394128561, 0.0346115864813, 0.059482742101, 1.79447317123, 2.40791487694, 0.0655014887452, 0.00321206985973, 0.000795525498688, 0.000178343354492, 0.00016964423412, 6.99637603248e-05, 1.30443404487e-05, 2.37845742959e-05],
        "var": [1.04011173008e-08, 9.61147392786e-08, 2.04619084343e-07, 2.02216753564e-07, 6.09128960605e-08, 1.02514070477e-06, 3.40807637258e-05, 0.000566614442505, 0.103945761919, 90.4251251221, 107400.234375, 52422.0546875, 91.8636474609, 8.97775745392, 3.28440761566, 1.33085072041, 0.488156318665, 0.226391255856, 0.0546434149146, 0.509828090668, 0.532841384411, 11.8843479156, 0.0814129710197, 0.00144146196544, 0.000248732510954, 0.237425208092, 46.6707229614, 0.206062689424, 0.00119796197396, 0.00353819667362, 3.22013378143, 5.79805374146, 0.00429044477642, 1.03173924799e-05, 6.32860860605e-07, 3.18063513305e-08, 2.87791657172e-08, 4.89492801847e-09, 1.70154806911e-10, 5.65705982059e-10]
    },
    "gfcc": {
        "mean": [-540.453979492, 78.7680282593, -66.2516860962, -51.4160995483, -81.7004089355, -10.7102460861, -1.66329324245, 33.9637527466, 10.8905982971, 2.02648544312, -26.3197040558, -19.3700771332, -14.2519435883],
        "cov": [[10571.0166016, 1629.67346191, -2523.02758789, -2926.2746582, -1963.00756836, -1557.89367676, 1186.39135742, 1402.02416992, 1705.6907959, -278.435943604, -58.1407051086, -213.655273438, 237.088348389], [1629.67346191, 739.884033203, -343.710540771, -1089.72839355, -645.26763916, -413.882080078, 426.537841797, 460.35760498, 451.333374023, -37.1833496094, -63.4994430542, -202.741867065, -39.3678627014], [-2523.02758789, -343.710540771, 719.760498047, 765.880615234, 475.15057373, 439.507293701, -286.773529053, -338.159698486, -448.325622559, 87.0839996338, 18.5362892151, 25.1667346954, -73.267791748], [-2926.2746582, -1089.72839355, 765.880615234, 1872.5501709, 1102.74328613, 757.257568359, -703.921325684, -744.076721191, -786.085876465, 88.9235305786, 87.1370239258, 295.977966309, 33.7182502747], [-1963.00756836, -645.26763916, 475.15057373, 1102.74328613, 777.069213867, 449.000427246, -448.409667969, -512.189575195, -519.785888672, 40.6871147156, 86.4958343506, 243.520477295, 38.3091583252], [-1557.89367676, -413.882080078, 439.507293701, 757.257568359, 449.000427246, 389.562255859, -264.770050049, -311.990783691, -356.233856201, 61.6543693542, 45.9286079407, 79.9057235718, -15.6837530136], [1186.39135742, 426.537841797, -286.773529053, -703.921325684, -448.409667969, -264.770050049, 330.025970459, 332.265411377, 340.746520996, -18.1039810181, -21.0391387939, -129.008911133, -8.47802829742], [1402.02416992, 460.35760498, -338.159698486, -744.076721191, -512.189575195, -311.990783691, 332.265411377, 404.085784912, 398.297729492, -22.6463165283, -70.4032669067, -157.340118408, -21.6707191467], [1705.6907959, 451.333374023, -448.325622559, -786.085876465, -519.785888672, -356.233856201, 340.746520996, 398.297729492, 444.846679688, -32.6570739746, -46.1199531555, -120.857475281, 11.683757782], [-278.435943604, -37.1833496094, 87.0839996338, 88.9235305786, 40.6871147156, 61.6543693542, -18.1039810181, -22.6463165283, -32.6570739746, 35.0974769592, 14.2579536438, -4.34676122665, -2.84710502625], [-58.1407051086, -63.4994430542, 18.5362892151, 87.1370239258, 86.4958343506, 45.9286079407, -21.0391387939, -70.4032669067, -46.1199531555, 14.2579536438, 73.7990646362, 65.4697494507, 38.814414978], [-213.655273438, -202.741867065, 25.1667346954, 295.977966309, 243.520477295, 79.9057235718, -129.008911133, -157.340118408, -120.857475281, -4.34676122665, 65.4697494507, 152.353286743, 63.3639907837], [237.088348389, -39.3678627014, -73.267791748, 33.7182502747, 38.3091583252, -15.6837530136, -8.47802829742, -21.6707191467, 11.683757782, -2.84710502625, 38.814414978, 63.3639907837, 54.0631484985]],
        "icov": [[0.00249109952711, -0.0087855188176, 0.0118570420891, -0.00575559958816, 0.00482878275216, -0.00357811129652, 0.00174001860432, -0.00306126126088, 0.00470602372661, 0.00112076220103, -0.00402964418754, -0.00103966728784, 7.63970674598e-05], [-0.0087855188176, 0.0473741441965, -0.0482982397079, 0.0303173586726, -0.0212365780026, 0.0138926608488, -0.00214876024984, -0.000581412983593, -0.0171379521489, 0.00330661004409, 0.00895418785512, 0.00930784270167, -0.00628980994225], [0.0118570420891, -0.0482982397079, 0.0707332566381, -0.0292858500034, 0.0224872641265, -0.0228042509407, 0.00189990212675, -0.0147000942379, 0.0380295030773, -0.0133993383497, -0.0112231373787, -0.00883346889168, 0.00829881709069], [-0.00575559958816, 0.0303173586726, -0.0292858500034, 0.0301039926708, -0.0187628380954, -0.00511667365208, 0.0107977772132, -0.00632879091427, -0.0102163320407, 0.00163627089933, 0.00929274875671, 0.00732229836285, -0.0131393168122], [0.00482878275216, -0.0212365780026, 0.0224872641265, -0.0187628380954, 0.0346856899559, -0.0103309936821, -0.00390222086571, 0.00947483256459, 0.0109906736761, -0.00505673605949, 0.00487522687763, -0.0300858579576, 0.0102678434923], [-0.00357811129652, 0.0138926608488, -0.0228042509407, -0.00511667365208, -0.0103309936821, 0.0445985421538, -0.0178547762334, 0.0109317628667, -0.00353484717198, -0.0118934065104, -0.00452341744676, 0.0108694983646, 0.0105803804472], [0.00174001860432, -0.00214876024984, 0.00189990212675, 0.0107977772132, -0.00390222086571, -0.0178547762334, 0.067847840488, -0.043903619051, -0.0103691285476, 0.0345404446125, -0.0494303330779, 0.0253803096712, -0.0129266344011], [-0.00306126126088, -0.000581412983593, -0.0147000942379, -0.00632879091427, 0.00947483256459, 0.0109317628667, -0.043903619051, 0.0845232158899, -0.038930978626, -0.028301268816, 0.0495421215892, -0.0208596363664, 0.0162824131548], [0.00470602372661, -0.0171379521489, 0.0380295030773, -0.0102163320407, 0.0109906736761, -0.00353484717198, -0.0103691285476, -0.038930978626, 0.0710940137506, -0.0227666832507, 0.00199250504375, -0.0086721573025, -0.00908138602972], [0.00112076220103, 0.00330661004409, -0.0133993383497, 0.00163627089933, -0.00505673605949, -0.0118934065104, 0.0345404446125, -0.028301268816, -0.0227666832507, 0.0989664047956, -0.0521874390543, 0.0354499407113, -0.0214305333793], [-0.00402964418754, 0.00895418785512, -0.0112231373787, 0.00929274875671, 0.00487522687763, -0.00452341744676, -0.0494303330779, 0.0495421215892, 0.00199250504375, -0.0521874390543, 0.0947702974081, -0.0418274067342, -0.0116692157462], [-0.00103966728784, 0.00930784270167, -0.00883346889168, 0.00732229836285, -0.0300858579576, 0.0108694983646, 0.0253803096712, -0.0208596363664, -0.0086721573025, 0.0354499407113, -0.0418274067342, 0.0759567543864, -0.0403634384274], [7.63970674598e-05, -0.00628980994225, 0.00829881709069, -0.0131393168122, 0.0102678434923, 0.0105803804472, -0.0129266344011, 0.0162824131548, -0.00908138602972, -0.0214305333793, -0.0116692157462, -0.0403634384274, 0.0898356959224]]
    },
    "melbands": {
        "dmean": [5.61781199337e-08, 2.49056899548e-08, 7.77256570217e-09, 3.51026807621e-09, 1.10200142345e-08, 2.37818404969e-08, 2.07058249657e-07, 6.10442248217e-06, 0.000100623285107, 3.03715878545e-05, 1.50059315729e-06, 6.88119541792e-07, 3.90913044157e-07, 2.04634375223e-07, 1.36334548984e-07, 6.81407072989e-08, 4.90514402429e-08, 2.27060503732e-08, 2.60338524072e-08, 7.36024290404e-08, 3.31464704573e-08, 1.99876978968e-07, 2.18416680298e-08, 6.30030294602e-09, 1.05557251828e-09, 2.38609992875e-10, 4.04188849057e-10, 1.87907223115e-09, 2.36933061615e-07, 6.03639804808e-08, 2.29284280451e-09, 8.07597266839e-10, 4.05534217318e-10, 1.08728170911e-09, 6.09704153831e-09, 2.16000529463e-07, 2.34892816309e-08, 2.72705941162e-10, 4.8055996682e-11, 2.0069345491e-11],
        "dmean2": [8.15783565145e-08, 3.18690069889e-08, 1.04381285837e-08, 4.49865389385e-09, 1.19465584092e-08, 2.37690613858e-08, 1.66252334566e-07, 5.72517592445e-06, 4.06972940254e-05, 9.67076539382e-06, 1.497487915e-06, 6.87169233515e-07, 3.92408622929e-07, 2.03997444714e-07, 1.36054879363e-07, 6.68575381724e-08, 4.84340176854e-08, 2.2661595267e-08, 2.51124294692e-08, 7.2026736575e-08, 3.14244026356e-08, 1.45612304436e-07, 1.57684212354e-08, 6.29455065848e-09, 1.06720787763e-09, 2.38790043294e-10, 4.08893363613e-10, 1.87791426853e-09, 3.20673677834e-07, 8.2857070538e-08, 2.24580998243e-09, 7.55471019076e-10, 4.05653621804e-10, 1.08899889106e-09, 6.01413985279e-09, 1.48329519334e-07, 1.66451687988e-08, 2.73815914387e-10, 4.96064508915e-11, 1.36598085274e-11],
        "dvar": [1.09948332448e-13, 7.0275735101e-14, 4.37760094965e-15, 8.34049785057e-16, 2.12287429118e-14, 1.30360457672e-13, 8.43260183903e-12, 9.39483868478e-09, 2.58354276639e-07, 1.28433272906e-08, 6.60706656053e-10, 1.39182693148e-10, 4.49939217828e-11, 1.22402348673e-11, 5.34608338501e-12, 1.31629407894e-12, 6.90288538135e-13, 1.48369042204e-13, 1.83651935348e-13, 1.52974659849e-12, 2.74282739533e-13, 1.83872231677e-12, 7.00739447479e-14, 1.15709681149e-14, 3.14560058053e-16, 1.53580969971e-17, 4.46638355505e-17, 1.02968946134e-15, 7.03652587586e-12, 5.00092751498e-13, 1.4581474193e-15, 1.45057978872e-16, 4.7361999447e-17, 3.46807793495e-16, 1.06523685069e-14, 7.48224572578e-12, 9.18312057256e-14, 2.15642246836e-17, 6.18430314639e-19, 3.7832178065e-20],
        "dvar2": [1.94264621208e-13, 8.69308829565e-14, 4.07813880389e-15, 6.75628207081e-16, 1.88603642523e-14, 1.17989981934e-13, 4.97702573599e-12, 8.12678724316e-09, 1.56762411052e-07, 4.30594537804e-09, 6.57314869201e-10, 1.38580535936e-10, 4.50736149793e-11, 1.21503250169e-11, 5.31243452007e-12, 1.26990930792e-12, 6.72222694176e-13, 1.46265581569e-13, 1.73285539563e-13, 1.46658217254e-12, 2.50104028199e-13, 2.25860367735e-12, 5.48571706452e-14, 1.14636287117e-14, 3.13114940436e-16, 1.50265100681e-17, 4.40161597483e-17, 1.02373047868e-15, 1.24679693653e-11, 8.0745051487e-13, 1.41239853455e-15, 1.27190454125e-16, 4.70042504495e-17, 3.46166430736e-16, 1.04597938722e-14, 3.13243745179e-12, 4.1672892757e-14, 2.14799813013e-17, 6.16913885781e-19, 1.16138646007e-20],
        "max": [1.01536961665e-05, 4.89190506414e-06, 1.20648087432e-06, 5.58032525078e-07, 2.69178781309e-06, 6.61808280711e-06, 6.14920281805e-05, 0.00181649264414, 0.0206543914974, 0.00701178517193, 0.000447026191978, 0.000205012533115, 0.00011644121696, 6.09392191109e-05, 4.05877472076e-05, 2.02956216526e-05, 1.4606998775e-05, 6.72998294249e-06, 7.74438467488e-06, 2.19295397983e-05, 9.85537462839e-06, 5.06835785927e-05, 6.50631773169e-06, 1.87467935575e-06, 3.09405976395e-07, 6.95064485967e-08, 1.17460011495e-07, 5.58405815809e-07, 6.14636664977e-05, 1.66446352523e-05, 6.81701180838e-07, 2.37811661918e-07, 1.20067596754e-07, 3.23247292044e-07, 1.81605503258e-06, 6.43677340122e-05, 6.99909605828e-06, 8.06619198102e-08, 1.36883766544e-08, 5.3860276239e-09],
        "mean": [1.32753385174e-07, 2.96608764216e-08, 1.00639354628e-08, 4.80146322701e-09, 1.29461792397e-08, 2.61741597285e-08, 2.55623490375e-07, 7.83061204856e-06, 0.00118596921675, 0.000404284015531, 1.50816447331e-06, 6.90429601491e-07, 3.92663537241e-07, 2.06928788771e-07, 1.44728986129e-07, 6.99714846064e-08, 4.9923272627e-08, 2.30365326814e-08, 2.82691097198e-08, 7.56995035545e-08, 3.9764330495e-08, 6.94582752203e-07, 4.57393554143e-08, 6.38489838778e-09, 1.11819198345e-09, 2.65575644809e-10, 4.49109194278e-10, 1.90468285588e-09, 4.68208554594e-07, 1.30829278078e-07, 2.51132958873e-09, 1.1467641281e-09, 4.20996765227e-10, 1.09744247023e-09, 6.25276141974e-09, 2.95212316814e-07, 3.15101793547e-08, 2.80592160617e-10, 5.54739622294e-11, 4.06906799921e-11],
        "median": [1.07284305884e-08, 7.2504438009e-09, 5.0928794515e-09, 2.45336173599e-09, 2.89969070977e-09, 1.92324556281e-09, 7.09400260757e-10, 2.25815255384e-09, 1.2777441043e-06, 4.47363390776e-07, 4.39837860577e-10, 2.78110812157e-10, 3.0622862579e-10, 2.86071055733e-10, 1.16823786755e-10, 6.83058679063e-11, 5.805988329e-11, 1.35561020742e-10, 7.27596524697e-11, 3.55641349703e-11, 2.95955274177e-11, 1.85839434119e-11, 1.83038410817e-11, 1.59998264637e-11, 1.45506011753e-11, 1.29095371545e-11, 1.37983903817e-11, 1.26024390576e-11, 1.23566348126e-11, 1.07708113262e-11, 9.29293447749e-12, 9.74655252339e-12, 9.21612178933e-12, 9.09741205979e-12, 9.05645263644e-12, 8.64056222405e-12, 8.75960675523e-12, 8.64840057208e-12, 8.86325388083e-12, 9.17116903254e-12],
        "min": [2.48876677459e-14, 1.71196437831e-14, 8.10091553436e-15, 2.33519466141e-15, 1.8381915151e-15, 4.26553171446e-15, 5.60628619063e-15, 4.74646939862e-15, 3.43178172613e-15, 2.3399299991e-15, 1.33301460673e-15, 1.15662952459e-15, 1.35066476165e-15, 1.17390730264e-15, 9.70261629761e-16, 6.26498072679e-16, 4.65694585115e-16, 4.36796044416e-16, 1.78638549774e-15, 1.32106985399e-15, 2.30811819446e-16, 1.73827505865e-16, 3.54043129078e-17, 7.34165542335e-17, 1.6036860232e-16, 5.58131661226e-16, 3.33942368878e-16, 2.80861143414e-16, 2.38037566351e-16, 6.5230616073e-16, 6.80508281527e-16, 8.9042909212e-16, 9.49848876886e-16, 1.88124154113e-15, 1.78465479767e-15, 7.20394057162e-16, 5.66981726156e-16, 6.62923877542e-16, 3.14437555913e-16, 2.50269119156e-16],
        "stdev": [8.87634541868e-07, 2.86546196548e-07, 6.94901558518e-08, 3.22560502752e-08, 1.55517682288e-07, 3.82509341534e-07, 3.62254354513e-06, 0.000105174643977, 0.00357920420356, 0.00121799798217, 2.58086292888e-05, 1.18362058856e-05, 6.72257874612e-06, 3.51822609446e-06, 2.34324511439e-06, 1.17194895211e-06, 8.43384100335e-07, 3.88544265206e-07, 4.47489838962e-07, 1.2663566622e-06, 5.71328087062e-07, 4.68339112558e-06, 4.0970178361e-07, 1.08230878482e-07, 1.78605645829e-08, 4.01275457307e-09, 6.78011691235e-09, 3.22379563045e-08, 4.77825278722e-06, 1.33647847633e-06, 3.93727290771e-08, 1.38895597246e-08, 6.93126533946e-09, 1.86617867826e-08, 1.04857548422e-07, 3.89655360777e-06, 4.21110769366e-07, 4.65641258884e-09, 7.89754928121e-10, 3.44147349507e-10],
