{
"lowlevel": {
    "average_loudness": 0.990683972836,
    "barkbands_crest": {
        "dmean": 0.0310374330729,
        "dmean2": 0.0297600049525,
        "dvar": 0.0869533717632,
        "dvar2": 0.0739801898599,
        "max": 13.510682106,
        "mean": 13.4766921997,
        "median": 13.5069274902,
        "min": 9.11033821106,
        "stdev": 0.318530082703,
        "var": 0.101461410522
    },
    "barkbands_flatness_db": {
        "dmean": 0.0730317309499,
        "dmean2": 0.121238984168,
        "dvar": 0.0034342801664,
        "dvar2": 0.00598210049793,
        "max": 1,
        "mean": 0.845836043358,
        "median": 0.834079742432,
        "min": 0.284543395042,
        "stdev": 0.0951440632343,
        "var": 0.00905239209533
    },
    "barkbands_kurtosis": {
        "dmean": 1.0085644722,
        "dmean2": 1.73738563061,
        "dvar": 3.69007658958,
        "dvar2": 9.05387115479,
        "max": 18.6976203918,
        "mean": -1.11985576153,
        "median": -1.54693424702,
        "min": -1.98584055901,
        "stdev": 1.75558495522,
        "var": 3.08207845688
    },
    "barkbands_skewness": {
        "dmean": 0.0432771928608,
        "dmean2": 0.0711272507906,
        "dvar": 0.0177753586322,
        "dvar2": 0.0369071401656,
        "max": 0.0889424830675,
        "mean": 0.0090609844774,
        "median": 0.0112519264221,
        "min": -1.3203510046,
        "stdev": 0.124205343425,
        "var": 0.015426967293
    },
    "barkbands_spread": {
        "dmean": 0.0167750436813,
        "dmean2": 0.0158513337374,
        "dvar": 0.030060807243,
        "dvar2": 0.0250155162066,
        "max": 2.85844445229,
        "mean": 0.26790240407,
        "median": 0.250191152096,
        "min": 0.250008910894,
        "stdev": 0.188786789775,
        "var": 0.0356404520571
    },
    "dissonance": {
        "dmean": 0.00499341217801,
        "dmean2": 0.0069649158977,
        "dvar": 0.000275396218058,
        "dvar2": 0.000132639223011,
        "max": 0.399000436068,
        "mean": 0.0886592715979,
        "median": 0.0861394777894,
        "min": 0.0815262198448,
        "stdev": 0.0235447324812,
        "var": 0.000554354395717
    },
    "dynamic_complexity": 0.0011315154843,
    "erbbands_crest": {
        "dmean": 0.0619579292834,
        "dmean2": 0.0556249171495,
        "dvar": 0.316421926022,
        "dvar2": 0.235334813595,
        "max": 18.4959945679,
        "mean": 18.4240169525,
        "median": 18.4913768768,
        "min": 10.5058526993,
        "stdev": 0.648456215858,
        "var": 0.420495480299
    },
    "erbbands_flatness_db": {
        "dmean": 0.0366361364722,
        "dmean2": 0.0634479224682,
        "dvar": 0.00114605005365,
        "dvar2": 0.00197248137556,
        "max": 0.74478918314,
        "mean": 0.697348296642,
        "median": 0.702413260937,
        "min": 0.314890086651,
        "stdev": 0.0472923927009,
        "var": 0.00223657046445
    },
    "erbbands_kurtosis": {
        "dmean": 1.04141569138,
        "dmean2": 1.81078732014,
        "dvar": 2.63343977928,
        "dvar2": 6.14646530151,
        "max": 17.3300266266,
        "mean": 1.49122595787,
        "median": 1.04919672012,
        "min": 0.579977989197,
        "stdev": 1.64347958565,
        "var": 2.70102524757
    },
    "erbbands_skewness": {
        "dmean": 0.0517719648778,
        "dmean2": 0.0878622308373,
        "dvar": 0.0202894546092,
        "dvar2": 0.0292674377561,
        "max": 1.75494945049,
        "mean": 0.173863917589,
        "median": 0.141521960497,
        "min": 0.120372824371,
        "stdev": 0.172235772014,
        "var": 0.0296651609242
    },
    "erbbands_spread": {
        "dmean": 0.0250548683107,
        "dmean2": 0.0242496281862,
        "dvar": 0.0613343901932,
        "dvar2": 0.050124194473,
        "max": 4.31279087067,
        "mean": 0.602164506912,
        "median": 0.576185584068,
        "min": 0.575279295444,
        "stdev": 0.271781653166,
        "var": 0.0738652646542
    },
    "hfc": {
        "dmean": 0.155486449599,
        "dmean2": 0.139457076788,
        "dvar": 2.05305123329,
        "dvar2": 1.65500020981,
        "max": 20.8208446503,
        "mean": 20.6355514526,
        "median": 20.7924346924,
        "min": 0.0973849073052,
        "stdev": 1.58560538292,
        "var": 2.51414442062
    },
    "loudness_ebu128": {
        "integrated": -6.74998426437,
        "loudness_range": 0.000123023986816,
        "momentary": {
            "dmean": 0.000340689788572,
            "dmean2": 0.00051703985082,
            "dvar": 4.20204571583e-07,
            "dvar2": 4.28274859132e-07,
            "max": -6.7493429184,
            "mean": -6.74998521805,
            "median": -6.74988794327,
            "min": -6.75441837311,
            "stdev": 0.000693482696079,
            "var": 4.80918288304e-07
        },
        "short_term": {
            "dmean": 6.55174226267e-05,
            "dmean2": 9.75257498794e-05,
            "dvar": 1.57242396881e-08,
            "dvar2": 1.57642787713e-08,
            "max": -6.74991321564,
            "mean": -6.75001764297,
            "median": -6.7499833107,
            "min": -6.75053739548,
            "stdev": 0.00012530128879,
            "var": 1.57004116375e-08
        }
    },
    "melbands_crest": {
        "dmean": 0.061418350786,
        "dmean2": 0.0535906143486,
        "dvar": 0.303005427122,
        "dvar2": 0.223423555493,
        "max": 17.4581699371,
        "mean": 17.3847942352,
        "median": 17.4499759674,
        "min": 9.38904571533,
        "stdev": 0.635095179081,
        "var": 0.403345882893
    },
    "melbands_flatness_db": {
        "dmean": 0.0708506628871,
        "dmean2": 0.1250346452,
        "dvar": 0.00373268616386,
        "dvar2": 0.00750982528552,
        "max": 1,
        "mean": 0.910245060921,
        "median": 0.910004377365,
        "min": 0.400318086147,
        "stdev": 0.0839899405837,
        "var": 0.00705431029201
    },
    "melbands_kurtosis": {
        "dmean": 0.239583969116,
        "dmean2": 0.401401787996,
        "dvar": 0.488766640425,
        "dvar2": 1.1377055645,
        "max": 7.4006986618,
        "mean": -0.0720019116998,
        "median": -0.192977428436,
        "min": -0.284016609192,
        "stdev": 0.64051181078,
        "var": 0.410255372524
    },
    "melbands_skewness": {
        "dmean": 0.0153030976653,
        "dmean2": 0.0236854683608,
        "dvar": 0.00538765406236,
        "dvar2": 0.0116471331567,
        "max": 0.0144278369844,
        "mean": -0.0527472905815,
        "median": -0.0502365194261,
        "min": -0.710656404495,
        "stdev": 0.0562055185437,
        "var": 0.00315906014293
    },
    "melbands_spread": {
        "dmean": 0.0241340659559,
        "dmean2": 0.0222165137529,
        "dvar": 0.0577607862651,
        "dvar2": 0.0457041859627,
        "max": 4.12445211411,
        "mean": 0.544410467148,
        "median": 0.518459618092,
        "min": 0.517974555492,
        "stdev": 0.267620712519,
        "var": 0.0716208443046
    },
    "pitch_salience": {
        "dmean": 0.00335433892906,
        "dmean2": 0.00291702966206,
        "dvar": 0.000748265418224,
        "dvar2": 0.000470743863843,
        "max": 0.925130903721,
        "mean": 0.500810205936,
        "median": 0.497096419334,
        "min": 0.496641099453,
        "stdev": 0.0345629379153,
        "var": 0.00119459675625
    },
    "silence_rate_20dB": {
        "dmean": 0,
        "dmean2": 0,
        "dvar": 0,
        "dvar2": 0,
        "max": 1,
        "mean": 1,
        "median": 1,
        "min": 1,
        "stdev": 0,
        "var": 0
    },
    "silence_rate_30dB": {
        "dmean": 0,
        "dmean2": 0,
        "dvar": 0,
        "dvar2": 0,
        "max": 1,
        "mean": 1,
        "median": 1,
        "min": 1,
        "stdev": 0,
        "var": 0
    },
    "silence_rate_60dB": {
        "dmean": 0,
        "dmean2": 0,
        "dvar": 0,
        "dvar2": 0,
        "max": 0,
        "mean": 0,
        "median": 0,
        "min": 0,
        "stdev": 0,
        "var": 0
    },
    "spectral_centroid": {
        "dmean": 0.240767300129,
        "dmean2": 0.234401255846,
        "dvar": 9.58045005798,
        "dvar2": 8.53084373474,
        "max": 443.223236084,
        "mean": 395.296020508,
        "median": 395.072265625,
        "min": 392.522796631,
        "stdev": 3.27066087723,
        "var": 10.6972227097
    },
    "spectral_complexity": {
        "dmean": 0.00925925932825,
        "dmean2": 0.00930232554674,
        "dvar": 0.0184327866882,
        "dvar2": 0.0185181163251,
        "max": 2,
        "mean": 1.99078345299,
        "median": 2,
        "min": 0,
        "stdev": 0.135455653071,
        "var": 0.0183482337743
    },
    "spectral_decrease": {
        "dmean": 9.93518323167e-11,
        "dmean2": 8.95290369618e-11,
        "dvar": 8.5352688375e-19,
        "dvar2": 6.96193253833e-19,
        "max": -6.92389479084e-11,
        "mean": -1.33474911124e-08,
        "median": -1.34472308844e-08,
        "min": -1.3465403903e-08,
        "stdev": 1.01671049357e-09,
        "var": 1.03370031455e-18
    },
    "spectral_energy": {
        "dmean": 0.000389070075471,
        "dmean2": 0.000350546295522,
        "dvar": 1.30813377837e-05,
        "dvar2": 1.0665339687e-05,
        "max": 0.0527100004256,
        "mean": 0.0522481910884,
        "median": 0.0526388809085,
        "min": 0.000270155025646,
        "stdev": 0.00398110225797,
        "var": 1.58491766342e-05
    },
    "spectral_energyband_high": {
        "dmean": 2.87002013266e-08,
        "dmean2": 4.88576077373e-08,
        "dvar": 2.47188057986e-15,
        "dvar2": 4.40866842409e-15,
        "max": 5.79415996071e-07,
        "mean": 2.40315802813e-08,
        "median": 1.21560299604e-08,
        "min": 3.23492344023e-10,
        "stdev": 4.78676227544e-08,
        "var": 2.29130946089e-15
    },
    "spectral_energyband_low": {
        "dmean": 7.08187280907e-06,
        "dmean2": 8.85747340362e-06,
        "dvar": 4.14171053009e-09,
        "dvar2": 5.87222981352e-09,
        "max": 0.000813363702036,
        "mean": 5.60174521524e-06,
        "median": 4.91106177947e-08,
        "min": 5.02433164518e-11,
        "stdev": 6.0180114815e-05,
        "var": 3.62164631618e-09
    },
    "spectral_energyband_middle_high": {
        "dmean": 1.0569732467e-06,
        "dmean2": 1.37949791679e-06,
        "dvar": 7.44444228484e-11,
        "dvar2": 1.06064150518e-10,
        "max": 0.000108916145109,
        "mean": 8.62595356921e-07,
        "median": 8.08485722814e-08,
        "min": 4.53621851193e-09,
        "stdev": 8.06513980933e-06,
        "var": 6.50464820895e-11
    },
    "spectral_energyband_middle_low": {
        "dmean": 0.000393147754949,
        "dmean2": 0.000352860661224,
        "dvar": 1.31622437038e-05,
        "dvar2": 1.06277684608e-05,
        "max": 0.0527096949518,
        "mean": 0.0522421225905,
        "median": 0.0526387542486,
        "min": 0.000244354712777,
        "stdev": 0.00401166919619,
        "var": 1.6093490558e-05
    },
    "spectral_entropy": {
        "dmean": 0.130614340305,
        "dmean2": 0.20228113234,
        "dvar": 0.0831961631775,
        "dvar2": 0.0852757841349,
        "max": 7.75099086761,
        "mean": 3.03818559647,
        "median": 2.98432779312,
        "min": 2.82015776634,
        "stdev": 0.432663053274,
        "var": 0.187197327614
    },
    "spectral_flux": {
        "dmean": 0.00188976060599,
        "dmean2": 0.00191244599409,
        "dvar": 0.000181939423783,
        "dvar2": 0.000149944491568,
        "max": 0.202281549573,
        "mean": 0.00311458995566,
        "median": 0.000627684406936,
        "min": 2.42932110268e-05,
        "stdev": 0.0198115091771,
        "var": 0.000392495887354
    },
    "spectral_kurtosis": {
        "dmean": 705.485534668,
        "dmean2": 1320.91967773,
        "dvar": 863489.5,
        "dvar2": 2448770.5,
        "max": 4604.63427734,
        "mean": 642.228759766,
        "median": 330.198394775,
        "min": 4.27811527252,
        "stdev": 805.025939941,
        "var": 648066.75
    },
    "spectral_rms": {
        "dmean": 4.21973891207e-05,
        "dmean2": 3.95853421651e-05,
        "dvar": 1.98201988155e-07,
        "dvar2": 1.74781547457e-07,
        "max": 0.00717107998207,
        "mean": 0.00712394202128,
        "median": 0.00716624036431,
        "min": 0.000513386679813,
        "stdev": 0.000472535699373,
        "var": 2.23289987389e-07
    },
    "spectral_rolloff": {
        "dmean": 0.0996907576919,
        "dmean2": 0.100154429674,
        "dvar": 2.13672280312,
        "dvar2": 2.14661478996,
        "max": 473.73046875,
        "mean": 452.295227051,
        "median": 452.197265625,
        "min": 452.197265625,
        "stdev": 1.45839762688,
        "var": 2.1269235611
    },
    "spectral_skewness": {
        "dmean": 11.1964187622,
        "dmean2": 20.5030536652,
        "dvar": 105.484725952,
        "dvar2": 289.687316895,
        "max": 60.4096488953,
        "mean": 20.9889678955,
        "median": 17.2935562134,
        "min": 2.26022529602,
        "stdev": 10.7050733566,
        "var": 114.598594666
    },
    "spectral_spread": {
        "dmean": 729130.75,
        "dmean2": 1193594.75,
        "dvar": 1.24787477709e+12,
        "dvar2": 1.14393913754e+12,
        "max": 23685728,
        "mean": 978336.25,
        "median": 752740.125,
        "min": 20668.4414062,
        "stdev": 1861240.625,
        "var": 3.46421644493e+12
    },
    "spectral_strongpeak": {
        "dmean": 0.0201369505376,
        "dmean2": 0.0157265346497,
        "dvar": 0.0279091335833,
        "dvar2": 0.0203750692308,
        "max": 2.40808176994,
        "mean": 2.38248491287,
        "median": 2.40659165382,
        "min": 0.00952383037657,
        "stdev": 0.214545980096,
        "var": 0.0460299775004
    },
    "zerocrossingrate": {
        "dmean": 0.000483760115458,
        "dmean2": 0.00076989462832,
        "dvar": 1.00884449239e-06,
        "dvar2": 5.97137557179e-07,
        "max": 0.0205078125,
        "mean": 0.019785515964,
        "median": 0.02001953125,
        "min": 0.00341796875,
        "stdev": 0.00140322884545,
        "var": 1.96905125449e-06
    },
    "barkbands": {
        "dmean": [1.75951163328e-06, 2.79940172732e-06, 2.15859131458e-06, 2.62682056018e-06, 1.42176741065e-05, 0.000209135352634, 0.000197888482944, 6.42406348561e-06, 1.7451130816e-06, 5.44288127458e-07, 2.39395404833e-07, 1.51615509481e-07, 8.54789590221e-08, 5.08317015147e-08, 3.44179085232e-08, 2.30763852471e-08, 1.57719117766e-08, 1.20360690303e-08, 9.21458553904e-09, 7.05887170938e-09, 5.79311665305e-09, 4.4470738203e-09, 3.4761784562e-09, 3.14107917454e-09, 2.90291901628e-09, 2.75523581728e-09, 2.87733437077e-09],
        "dmean2": [2.20344577428e-06, 3.50417258232e-06, 2.7010478334e-06, 3.2823404581e-06, 1.76855955942e-05, 0.000183823285624, 0.000177050576895, 7.98983273853e-06, 2.19668572754e-06, 6.92441290084e-07, 3.07889280293e-07, 1.97902394916e-07, 1.13588818351e-07, 6.88551722305e-08, 4.77358987894e-08, 3.28271809735e-08, 2.30547883007e-08, 1.81100876517e-08, 1.42873117781e-08, 1.1269067457e-08, 9.50771994468e-09, 7.47853778904e-09, 5.96303317835e-09, 5.47162226638e-09, 5.11687003879e-09, 4.8997259583e-09, 5.14748021985e-09],
        "dvar": [2.54649412668e-10, 6.44095554669e-10, 3.8444480932e-10, 5.72262459642e-10, 1.70874354666e-08, 3.36899779541e-06, 3.38874701811e-06, 3.48594442201e-09, 2.42909109494e-10, 2.24507201024e-11, 4.11533827849e-12, 1.53031840672e-12, 4.41787042062e-13, 1.394102661e-13, 5.50600113192e-14, 2.06376511339e-14, 7.74668466175e-15, 3.44793527971e-15, 1.44898072287e-15, 5.69905842709e-16, 2.39154935157e-16, 8.22301768951e-17, 2.88726830329e-17, 1.43006508088e-17, 8.27731349405e-18, 5.89645897568e-18, 5.9328392062e-18],
        "dvar2": [3.61684376893e-10, 9.16071496437e-10, 5.46376943689e-10, 8.11601730266e-10, 2.40497719517e-08, 2.67133418674e-06, 2.63922811428e-06, 4.90308282863e-09, 3.46176393107e-10, 3.19570342411e-11, 5.8400298486e-12, 2.18668833041e-12, 6.33310840836e-13, 1.98626651151e-13, 7.93161312996e-14, 2.97003835913e-14, 1.11491143669e-14, 5.03213634228e-15, 2.14823310237e-15, 8.61692917049e-16, 3.75265559424e-16, 1.38283594649e-16, 5.44224657399e-17, 3.15425772047e-17, 2.13566949941e-17, 1.69904452918e-17, 1.77838091065e-17],
        "max": [0.000201496965019, 0.000320066406857, 0.00024746436975, 0.000302278087474, 0.00165874860249, 0.0263757724315, 0.0263336710632, 0.000749634986278, 0.000196428300114, 5.97923935857e-05, 2.56597049884e-05, 1.55860834639e-05, 8.36450089992e-06, 4.72154260933e-06, 2.95046379506e-06, 1.81084112683e-06, 1.11248391477e-06, 7.38270500733e-07, 4.76365812574e-07, 2.97507909863e-07, 1.90615168094e-07, 1.08742241878e-07, 6.05289045552e-08, 3.72202286769e-08, 2.21233431574e-08, 1.21101431105e-08, 9.19971210323e-09],
        "mean": [1.39195549309e-06, 2.20714127863e-06, 1.70855685155e-06, 2.07984498957e-06, 1.1241849279e-05, 0.0261146742851, 0.0261074416339, 5.10690961164e-06, 1.40793315495e-06, 4.43013078666e-07, 1.95572368966e-07, 1.23670048424e-07, 6.98237485608e-08, 4.16494394528e-08, 2.81656742374e-08, 1.89231723624e-08, 1.29732828924e-08, 9.89831150378e-09, 7.58749951757e-09, 5.8290363647e-09, 4.80518602686e-09, 3.70552943885e-09, 2.89864554581e-09, 2.62617083635e-09, 2.45138087607e-09, 2.33825026008e-09, 2.48157139282e-09],
        "median": [1.13227871523e-08, 1.8648616873e-08, 1.52690855515e-08, 1.89435169773e-08, 5.80324446275e-08, 0.0263203345239, 0.0263180602342, 4.72849741584e-08, 5.84629447076e-08, 2.64234643055e-08, 1.51748622557e-08, 1.15811431556e-08, 8.1289091014e-09, 6.02152239182e-09, 5.08179409664e-09, 4.14530543225e-09, 3.41044703589e-09, 3.06558156637e-09, 2.67443533986e-09, 2.3320079201e-09, 2.1355723856e-09, 1.78154935249e-09, 1.50776391372e-09, 1.42197853492e-09, 1.3021871359e-09, 1.27749721912e-09, 1.38997324761e-09],
        "min": [6.74288402891e-11, 3.70634989713e-12, 9.5553166074e-12, 3.00504864048e-11, 2.43644500131e-08, 9.11563111003e-05, 7.43798082112e-05, 2.66623807477e-08, 6.43362607633e-09, 2.48570430905e-09, 1.06723052617e-09, 6.42469133449e-10, 3.25992816075e-10, 1.88325868788e-10, 1.15601625494e-10, 7.71611108341e-11, 4.28289279042e-11, 3.49739924521e-11, 2.20597533296e-11, 2.70419606846e-11, 2.5757113456e-11, 3.87118150036e-11, 2.16200373576e-11, 2.25803247628e-11, 3.99132567275e-11, 4.7019506344e-11, 9.42938713222e-11],
        "stdev": [1.49215675265e-05, 2.37050371652e-05, 1.8328506485e-05, 2.23675287998e-05, 0.00012234125461, 0.00204873085022, 0.00207151123323, 5.52790152142e-05, 1.45569729284e-05, 4.42833697889e-06, 1.89778575077e-06, 1.15534135148e-06, 6.20667094609e-07, 3.49347573092e-07, 2.19119371536e-07, 1.34329596335e-07, 8.24709118774e-08, 5.49726237864e-08, 3.56601965734e-08, 2.24328271514e-08, 1.46124721212e-08, 8.65128768623e-09, 5.21161913625e-09, 3.75213415893e-09, 2.93969670828e-09, 2.54367038544e-09, 2.58285237642e-09],
        "var": [2.22653173676e-10, 5.61928781284e-10, 3.35934169371e-10, 5.00306351903e-10, 1.49673820005e-08, 4.1972980398e-06, 4.29115925726e-06, 3.05576963733e-09, 2.11905465397e-10, 1.96101693911e-11, 3.60159081378e-12, 1.33481355309e-12, 3.85227657065e-13, 1.22043732542e-13, 4.80132968973e-14, 1.80444394371e-14, 6.80145137327e-15, 3.02198930383e-15, 1.2716496108e-15, 5.03231697205e-16, 2.13524353448e-16, 7.4844777514e-17, 2.71609733759e-17, 1.40785098009e-17, 8.64181642123e-18, 6.47025886377e-18, 6.67112602705e-18]
    },
    "erbbands": {
        "dmean": [9.90829721559e-05, 0.000584556197282, 0.00217991811223, 0.00624534441158, 0.016900440678, 0.0536113679409, 0.311935395002, 2.84887886047, 3.56169009209, 0.751743376255, 0.113229736686, 0.0428083389997, 0.0225265845656, 0.0135423084721, 0.00873171165586, 0.00588938547298, 0.00409814948216, 0.00292020151392, 0.00212235050276, 0.00156891613733, 0.00117760756984, 0.00089653203031, 0.000690302578732, 0.000537156593055, 0.000421920092776, 0.000332779425662, 0.000263568625087, 0.000208582670894, 0.000163373639225, 0.000126350772916, 9.58950331551e-05, 7.05840648152e-05, 4.97763467138e-05, 3.31841911247e-05, 2.03230792977e-05, 1.10928913273e-05, 5.10767949891e-06, 1.80166398422e-06, 5.62454147257e-07, 4.58516865365e-07],
        "dmean2": [0.000124077720102, 0.000731264823116, 0.00272640353069, 0.00780172226951, 0.0210754424334, 0.0664189830422, 0.371245831251, 2.41387581825, 3.04775500298, 0.80231487751, 0.138631224632, 0.0536018274724, 0.0285034757107, 0.0172984432429, 0.0112719293684, 0.00769641902298, 0.00543203996494, 0.00393455475569, 0.00291239004582, 0.00219676783308, 0.00168474030215, 0.00131156772841, 0.00103318563197, 0.00082235771697, 0.000660044664983, 0.000531364232302, 0.000428698782343, 0.00034476435394, 0.000274100631941, 0.000214773855987, 0.000164710567333, 0.000122365279822, 8.69435971254e-05, 5.82785760344e-05, 3.5858447518e-05, 1.96417840925e-05, 9.06633340492e-06, 3.21095308209e-06, 8.63537536588e-07, 4.49435077599e-07],
        "dvar": [8.05275078619e-07, 2.8138032576e-05, 0.000392313639168, 0.00323293800466, 0.0236400533468, 0.229286685586, 11.4418640137, 593.310424805, 942.171569824, 75.8886108398, 0.956388890743, 0.142699688673, 0.0388931743801, 0.0135432444513, 0.00535789923742, 0.00229036645032, 0.0010273582302, 0.000474931905046, 0.000224095376325, 0.000107016508991, 5.14640451001e-05, 2.48471478699e-05, 1.19358237498e-05, 5.70044812775e-06, 2.7085320653e-06, 1.26272993839e-06, 5.84381723456e-07, 2.68178126817e-07, 1.17219322249e-07, 4.98025833906e-08, 2.08817230174e-08, 8.37040925461e-09, 3.20645998642e-09, 1.18728349374e-09, 3.84289156052e-10, 1.05094676017e-10, 2.15948803978e-11, 2.44416444549e-12, 2.97732216485e-12, 1.62360333511e-11],
        "dvar2": [1.14703777854e-06, 3.9952530642e-05, 0.000556810817216, 0.004581972491, 0.0336676985025, 0.338740319014, 17.3548755646, 431.77645874, 691.700378418, 88.2431411743, 1.50072991848, 0.207271099091, 0.0556928962469, 0.0193383190781, 0.00764641817659, 0.00326967355795, 0.00146741676144, 0.000679360236973, 0.000321095867548, 0.00015374502982, 7.41792609915e-05, 3.59596160706e-05, 1.73763401108e-05, 8.36940034787e-06, 4.0253289626e-06, 1.90728985672e-06, 9.04011699276e-07, 4.28543415865e-07, 1.95929146685e-07, 8.86968365421e-08, 4.00226412012e-08, 1.76365784199e-08, 7.42175387813e-09, 2.97364954882e-09, 1.02744601715e-09, 2.92197516183e-10, 6.07154118648e-11, 7.18095548302e-12, 2.76309877756e-12, 1.32392343616e-11],
        "max": [0.0113159129396, 0.0670029222965, 0.250365078449, 0.720258533955, 1.95536446571, 6.36506175995, 48.5857315063, 347.571716309, 434.888214111, 126.582756042, 14.0522241592, 4.91898727417, 2.51228380203, 1.47409582138, 0.925436019897, 0.604583024979, 0.404810518026, 0.275122284889, 0.188946187496, 0.13051238656, 0.0904663577676, 0.0628347471356, 0.0435107834637, 0.0300194732845, 0.0206314008683, 0.0140307303518, 0.00947554130107, 0.00634783366695, 0.00412740232423, 0.00261248787865, 0.00162756466307, 0.000962754944339, 0.000546029943507, 0.000300454237731, 0.000152677806909, 7.37517839298e-05, 3.44364925695e-05, 8.63745935931e-06, 2.59332609858e-05, 5.88346883887e-05],
        "mean": [8.81064115674e-05, 0.000500977097545, 0.0019360758597, 0.00656447419897, 0.0339875184, 0.616926133633, 36.7685394287, 344.008666992, 430.456878662, 116.047134399, 3.68271589279, 0.286230027676, 0.0563032887876, 0.0203481316566, 0.010256960988, 0.00611954275519, 0.0039896806702, 0.00273951771669, 0.00194717070553, 0.00141911546234, 0.00105483282823, 0.000797352462541, 0.000610460760072, 0.000472728192108, 0.000369929533917, 0.000291648408165, 0.000233068669331, 0.000188568941667, 0.000153805973241, 0.000125908205518, 0.000104092236143, 8.60282525537e-05, 7.084106619e-05, 5.79345687584e-05, 4.59066832263e-05, 3.34690630552e-05, 1.92658371816e-05, 3.94424932892e-06, 2.47668176598e-05, 5.82267020945e-05],
        "median": [1.07335154098e-05, 4.40499825345e-05, 0.000228205521125, 0.00167326279916, 0.0209197476506, 0.579862058163, 36.855178833, 346.997833252, 434.228393555, 116.648155212, 3.62553930283, 0.255260884762, 0.0393231734633, 0.010133410804, 0.00373451085761, 0.00178198120557, 0.00103003031109, 0.000676840310916, 0.00049621949438, 0.000386007595807, 0.000309001567075, 0.000255710823694, 0.000214525542106, 0.000179052760359, 0.000150299150846, 0.000126874161651, 0.00010851535626, 9.42430851865e-05, 8.29552009236e-05, 7.38566450309e-05, 6.27020781394e-05, 5.65720110899e-05, 5.06409487571e-05, 4.48610771855e-05, 3.81310273951e-05, 2.94138335448e-05, 1.73848166014e-05, 3.26667304762e-06, 2.47848929575e-05, 5.86571914027e-05],
        "min": [1.0070280041e-05, 4.00512035412e-05, 0.000212618469959, 0.00162747595459, 0.0208100881428, 0.159265100956, 0.441624999046, 0.829656422138, 1.0846722126, 0.848406732082, 0.333072334528, 0.142680034041, 0.0384085327387, 0.00945154763758, 0.00319495238364, 0.00134335155599, 0.000659880577587, 0.000363576546079, 0.000217817578232, 0.000139246985782, 9.2866626801e-05, 6.39216741547e-05, 4.49900908279e-05, 3.21189727401e-05, 2.33324990404e-05, 1.80658171303e-05, 1.61288207892e-05, 1.64816410688e-05, 1.92123625311e-05, 2.18807836063e-05, 2.48365886364e-05, 2.77730250673e-05, 2.38451193582e-05, 1.39655057865e-05, 7.37353684599e-06, 3.52203619514e-06, 1.44252021528e-06, 4.2900771291e-07, 2.07512073302e-07, 3.0673751894e-07],
        "stdev": [0.000837782339659, 0.00495586171746, 0.0185146965086, 0.0531514026225, 0.143157854676, 0.431890279055, 2.62786483765, 28.4660873413, 35.7243919373, 8.04233074188, 0.821530401707, 0.346456408501, 0.183317184448, 0.108508862555, 0.0683225914836, 0.0446919836104, 0.0299417711794, 0.0203609205782, 0.0139892334118, 0.00966886151582, 0.00670696562156, 0.00466262269765, 0.0032336814329, 0.00223670061678, 0.00154358148575, 0.00105613097548, 0.000720315729268, 0.000489672122058, 0.000325643341057, 0.000213802195503, 0.000139851035783, 8.94349213922e-05, 5.60326079722e-05, 3.43536521541e-05, 1.97075878532e-05, 1.03504144136e-05, 4.71154817205e-06, 1.62719936725e-06, 1.88724607142e-06, 4.43527142124e-06],
        "var": [7.01879230292e-07, 2.45605660893e-05, 0.000342793966411, 0.00282507156953, 0.0204941723496, 0.186529219151, 6.90567398071, 810.318115234, 1276.2322998, 64.6790771484, 0.674912214279, 0.120032049716, 0.0336051881313, 0.0117741730064, 0.00466797687113, 0.00199737329967, 0.000896509678569, 0.000414567097323, 0.000195698652533, 9.34868876357e-05, 4.4983389671e-05, 2.17400520341e-05, 1.04566952359e-05, 5.00282976645e-06, 2.38264374275e-06, 1.11541271508e-06, 5.18854790243e-07, 2.39778785271e-07, 1.06043593462e-07, 4.57113813468e-08, 1.9558312303e-08, 7.99860533363e-09, 3.13965298204e-09, 1.18017351447e-09, 3.88389015393e-10, 1.07131081784e-10, 2.21986855981e-11, 2.64777761348e-12, 3.56169781168e-12, 1.96716341133e-11]
    },
    "gfcc": {
        "mean": [-357.472595215, 177.324356079, -7.80544757843, -79.7141494751, -123.424446106, -102.334083557, -68.4344024658, -23.6736068726, 10.5588054657, 18.246547699, 25.6940383911, 7.41064691544, 7.21260881424],
        "cov": [[807.472961426, -213.231918335, -417.164031982, 357.779815674, 85.4662628174, 65.8988418579, 40.2686080933, -2.67586946487, -17.8644866943, 3.41633486748, -29.54845047, -7.10614347458, -21.4366779327], [-213.231918335, 166.318588257, 145.498519897, -118.361381531, 25.9057884216, 44.5048980713, 19.9884757996, 13.8572921753, -3.48629927635, -18.278793335, -3.25909686089, -5.72745895386, 3.4239885807], [-417.164031982, 145.498519897, 257.755310059, -221.613937378, -46.1132774353, -37.0230369568, -22.2706985474, 0.395884186029, 12.9117136002, -2.63840055466, 21.1307144165, 4.39742469788, 14.2114906311], [357.779815674, -118.361381531, -221.613937378, 192.580581665, 43.3688201904, 35.0858802795, 22.763174057, 0.857959866524, -11.7717418671, 1.22367405891, -19.2351703644, -4.49402141571, -12.2815122604], [85.4662628174, 25.9057884216, -46.1132774353, 43.3688201904, 41.2142410278, 48.5237731934, 23.627286911, 8.59627056122, -8.95345401764, -9.80167388916, -13.2320165634, -5.7455072403, -5.63419389725], [65.8988418579, 44.5048980713, -37.0230369568, 35.0858802795, 48.5237731934, 61.5063056946, 27.3042316437, 11.151471138, -11.1027698517, -13.4519453049, -16.0645904541, -7.08032226562, -6.55239295959], [40.2686080933, 19.9884757996, -22.2706985474, 22.763174057, 23.627286911, 27.3042316437, 15.3782844543, 5.38266801834, -5.42864322662, -6.23764419556, -7.868268013, -3.68594360352, -2.84873390198], [-2.67586946487, 13.8572921753, 0.395884186029, 0.857959866524, 8.59627056122, 11.151471138, 5.38266801834, 2.49539804459, -1.94694650173, -2.82621884346, -2.77538609505, -1.398614645, -0.859925329685], [-17.8644866943, -3.48629927635, 12.9117136002, -11.7717418671, -8.95345401764, -11.1027698517, -5.42864322662, -1.94694650173, 2.53701043129, 2.36561942101, 3.5744125843, 1.42604064941, 1.49179637432], [3.41633486748, -18.278793335, -2.63840055466, 1.22367405891, -9.80167388916, -13.4519453049, -6.23764419556, -2.82621884346, 2.36561942101, 3.73787331581, 3.26868915558, 1.71454513073, 0.935715973377], [-29.54845047, -3.25909686089, 21.1307144165, -19.2351703644, -13.2320165634, -16.0645904541, -7.868268013, -2.77538609505, 3.5744125843, 3.26868915558, 5.24696111679, 2.04104065895, 2.2643635273], [-7.10614347458, -5.72745895386, 4.39742469788, -4.49402141571, -5.7455072403, -7.08032226562, -3.68594360352, -1.398614645, 1.42604064941, 1.71454513073, 2.04104065895, 0.951264500618, 0.721633851528], [-21.4366779327, 3.4239885807, 14.2114906311, -12.2815122604, -5.63419389725, -6.55239295959, -2.84873390198, -0.859925329685, 1.49179637432, 0.935715973377, 2.2643635273, 0.721633851528, 1.20625317097]],
        "icov": [[31.4226055145, -600.894592285, 55.9529380798, -540.508911133, 393.650299072, -65.6678924561, 897.593200684, 162.15473938, 658.593322754, -313.722991943, -149.410949707, -610.806640625, -106.242858887], [-600.894592285, 15941.7753906, 1154.46032715, 16304.7089844, -8724.32128906, 322.087432861, -26267.8535156, -5724.29296875, -19183.0976562, 9659.56054688, -62.9395027161, 15242.8759766, -1410.16027832], [55.9529380798, 1154.46032715, 1369.58740234, 2211.59912109, 211.927764893, -576.094543457, -3207.35668945, -1173.76501465, -2333.95678711, 1211.22241211, -1786.75830078, 635.031677246, -1530.75878906], [-540.508911133, 16304.7089844, 2211.59912109, 17542.2753906, -8249.52832031, -101.335128784, -27977.1992188, -6450.95117188, -20443.2851562, 10201.9501953, -1421.31091309, 15286.4599609, -2197.2565918], [393.650299072, -8724.32128906, 211.927764893, -8249.52832031, 5342.234375, -573.790161133, 13515.3417969, 2601.78857422, 9881.81445312, -4934.38818359, -1167.74316406, -8655.65625, -143.900390625], [-65.6678924561, 322.087432861, -576.094543457, -101.335128784, -573.790161133, 357.720031738, -5.74959087372, 235.570678711, -24.3303470612, -127.50378418, 884.035217285, 621.141967773, 1189.59130859], [897.593200684, -26267.8535156, -3207.35668945, -27977.1992188, 13515.3417969, -5.74959039688, 44729.390625, 10178.2001953, 32679.171875, -16304.0957031, 1858.61621094, -24810.9042969, 3023.7355957], [162.15473938, -5724.29296875, -1173.76501465, -6450.95117188, 2601.78857422, 235.570678711, 10178.2001953, 2716.19702148, 7401.80419922, -3879.11791992, 1105.32629395, -4971.66357422, 1438.6328125], [658.593322754, -19183.0976562, -2333.95678711, -20443.2851562, 9881.81445312, -24.3303470612, 32679.171875, 7401.80419922, 23903.96875, -11841.9550781, 1263.54455566, -18151.0683594, 2096.8737793], [-313.722991943, 9659.56054688, 1211.22241211, 10201.9501953, -4934.38818359, -127.50378418, -16304.0957031, -3879.11791992, -11841.9550781, 6326.69091797, -993.861755371, 8855.62109375, -2097.47583008], [-149.410949707, -62.9395027161, -1786.75830078, -1421.31091309, -1167.74316406, 884.035217285, 1858.61621094, 1105.32629395, 1263.54455566, -993.861755371, 2969.5012207, 390.737945557, 2028.3963623], [-610.806640625, 15242.8759766, 635.031677246, 15286.4599609, -8655.65625, 621.141967773, -24810.9042969, -4971.66357422, -18151.0683594, 8855.62109375, 390.737945557, 15481.0078125, 425.573272705], [-106.242858887, -1410.16027832, -1530.75878906, -2197.2565918, -143.900390625, 1189.59130859, 3023.7355957, 1438.6328125, 2096.8737793, -2097.47583008, 2028.3963623, 425.573272705, 6706.59277344]]
    },
    "melbands": {
        "dmean": [9.16150440844e-07, 1.03819445485e-06, 1.34205185987e-06, 2.26329984798e-06, 9.25243512029e-06, 5.36598017788e-05, 5.23609123775e-05, 5.874812814e-06, 6.88529610215e-07, 2.35388867509e-07, 1.06241991205e-07, 5.54860832835e-08, 3.12970342975e-08, 1.87262685358e-08, 1.17714229475e-08, 7.65261010116e-09, 5.10791720032e-09, 3.50833118112e-09, 2.46567699591e-09, 1.76544567854e-09, 1.28626620466e-09, 9.53689571759e-10, 7.18143267076e-10, 5.4785875836e-10, 4.23715618147e-10, 3.31913801999e-10, 2.63122523769e-10, 2.10159681324e-10, 1.70144856537e-10, 1.38916073089e-10, 1.14488286906e-10, 9.47726688794e-11, 7.91130147504e-11, 6.64698365793e-11, 5.63235812157e-11, 4.80505808753e-11, 4.11429987301e-11, 3.54745954834e-11, 3.08130847226e-11, 2.69715760143e-11],
        "dmean2": [1.14661543194e-06, 1.29865895815e-06, 1.67675807461e-06, 2.81996926788e-06, 1.07105752249e-05, 4.61536292278e-05, 4.51625419373e-05, 6.93712945576e-06, 8.60081968312e-07, 2.9635015153e-07, 1.34659757123e-07, 7.08984941866e-08, 4.03431741347e-08, 2.43782309894e-08, 1.54946189213e-08, 1.01970512034e-08, 6.89784362962e-09, 4.80615280907e-09, 3.42909811657e-09, 2.4945738808e-09, 1.84751003385e-09, 1.39242828379e-09, 1.06605579919e-09, 8.26630874862e-10, 6.49700460098e-10, 5.16842568743e-10, 4.15600470705e-10, 3.36703387394e-10, 2.7604574182e-10, 2.27986365897e-10, 1.8986244521e-10, 1.58772953118e-10, 1.33757532828e-10, 1.13322927431e-10, 9.66598190377e-11, 8.29969704075e-11, 7.1485074804e-11, 6.19472598218e-11, 5.40373405744e-11, 4.74473446643e-11],
        "dvar": [6.90562815264e-11, 8.89642248758e-11, 1.49423681761e-10, 4.30203456192e-10, 1.09961648675e-08, 2.13404177885e-07, 2.07777091532e-07, 4.76977124464e-09, 3.92225557588e-11, 4.41381610081e-12, 8.70479415545e-13, 2.28359025483e-13, 6.95578983951e-14, 2.36736848793e-14, 8.82030993382e-15, 3.48326968262e-15, 1.43523846033e-15, 6.19734620474e-16, 2.77141901152e-16, 1.27111508007e-16, 5.95751888424e-17, 2.86270170084e-17, 1.39912257027e-17, 6.93840421298e-18, 3.4878339362e-18, 1.78107268044e-18, 9.25670836741e-19, 4.78523570772e-19, 2.54977053802e-19, 1.37425822416e-19, 7.55583606893e-20, 4.10107746651e-20, 2.27025260579e-20, 1.27453733616e-20, 7.45132616062e-21, 4.43580692581e-21, 2.67600157913e-21, 1.67076902706e-21, 1.10208225496e-21, 7.59052565294e-22],
        "dvar2": [9.80815983986e-11, 1.26262500455e-10, 2.11941936223e-10, 6.07890515703e-10, 1.61111941566e-08, 1.60087722634e-07, 1.54558264853e-07, 6.51834808352e-09, 5.55641817279e-11, 6.28247801004e-12, 1.23766112376e-12, 3.25423282072e-13, 9.91507426835e-14, 3.37476222098e-14, 1.25857957479e-14, 4.97578196975e-15, 2.05166266429e-15, 8.87472788316e-16, 3.97573654398e-16, 1.82752096461e-16, 8.59193164003e-17, 4.13809476052e-17, 2.0325579619e-17, 1.01141639972e-17, 5.123256034e-18, 2.6399068067e-18, 1.38355294251e-18, 7.2482936776e-19, 3.92795166623e-19, 2.1593237113e-19, 1.21621296042e-19, 6.80810550797e-20, 3.91661198938e-20, 2.30325178079e-20, 1.40900249176e-20, 8.92073416284e-21, 5.72560970246e-21, 3.80010287309e-21, 2.65095795907e-21, 1.91026396671e-21],
        "max": [0.000104897626443, 0.000119131887914, 0.000154442590429, 0.000262597866822, 0.00152217154391, 0.00659352215007, 0.0064797392115, 0.00101162702776, 7.91883649072e-05, 2.64992813754e-05, 1.17800354928e-05, 6.02651425652e-06, 3.32659760716e-06, 1.94141216525e-06, 1.18484717859e-06, 7.44473823033e-07, 4.77990226955e-07, 3.13991506573e-07, 2.09931073414e-07, 1.42138787851e-07, 9.72478773065e-08, 6.7424409167e-08, 4.70772683059e-08, 3.31584146807e-08, 2.34603181326e-08, 1.6723195273e-08, 1.20389636038e-08, 8.62337845575e-09, 6.25951068756e-09, 4.56505144797e-09, 3.35388983252e-09, 2.44066145072e-09, 1.7832558763e-09, 1.30310939817e-09, 9.71053237819e-10, 7.14748260577e-10, 5.25725463163e-10, 3.88563486942e-10, 2.91013046994e-10, 2.23175478098e-10],
        "mean": [7.22927893548e-07, 8.21046512556e-07, 1.06204811345e-06, 1.78902655534e-06, 0.0011913938215, 0.00652667274699, 0.00641528749838, 0.000836856546812, 5.48857315152e-07, 1.90108721654e-07, 8.63567208853e-08, 4.51735466811e-08, 2.55216452416e-08, 1.5291290012e-08, 9.61932311583e-09, 6.25765883555e-09, 4.18093071275e-09, 2.87334245286e-09, 2.02060013166e-09, 1.44804501723e-09, 1.05545072682e-09, 7.83376585822e-10, 5.90170190495e-10, 4.50769532812e-10, 3.48867407185e-10, 2.7358942889e-10, 2.1708225495e-10, 1.73628195155e-10, 1.40833011919e-10, 1.15397101597e-10, 9.51030434959e-11, 7.90438339782e-11, 6.58089902017e-11, 5.52877951754e-11, 4.70369541927e-11, 4.0090104847e-11, 3.44161643628e-11, 2.96606211814e-11, 2.58431488015e-11, 2.27082293941e-11],
        "median": [6.13472339595e-09, 7.39186667431e-09, 9.40032141017e-09, 9.46716927075e-09, 0.00119483121671, 0.00658148946241, 0.00647044880316, 0.000840081949718, 1.05997681743e-08, 8.16514411639e-09, 4.69105732037e-09, 3.00101721251e-09, 2.01967598201e-09, 1.37544675649e-09, 1.02067443386e-09, 7.50418005513e-10, 5.81052927995e-10, 4.64195654137e-10, 3.74692166183e-10, 3.00724556368e-10, 2.46556053352e-10, 2.04021549655e-10, 1.6995381491e-10, 1.41696876454e-10, 1.17749865414e-10, 9.87114140427e-11, 8.31870197726e-11, 7.03343494557e-11, 5.97908805799e-11, 5.1255853728e-11, 4.36414550331e-11, 3.75724555635e-11, 3.23914610412e-11, 2.81172325006e-11, 2.45078089767e-11, 2.11615516776e-11, 1.86293480642e-11, 1.61156851752e-11, 1.36702003883e-11, 1.19712156854e-11],
        "min": [4.96086678681e-12, 4.02978388506e-12, 3.27044745452e-11, 2.63861710259e-09, 1.41064838317e-05, 1.86287215911e-05, 1.64058474184e-05, 8.19783326733e-06, 1.23222820836e-09, 8.95074792062e-10, 4.8308629319e-10, 2.53464693678e-10, 1.38018846352e-10, 7.9297214628e-11, 4.73757005848e-11, 2.9403323526e-11, 1.89286988861e-11, 1.22778098452e-11, 8.45116424758e-12, 6.01907933218e-12, 3.86702302124e-12, 2.64502352312e-12, 1.95805979937e-12, 1.49459405355e-12, 1.11980390238e-12, 8.47172538284e-13, 7.31914257934e-13, 7.74240643386e-13, 7.56888800767e-13, 8.29308410139e-13, 5.17752615954e-13, 8.57865861681e-13, 5.50468037038e-13, 4.62479880781e-13, 3.5947368129e-13, 3.07646892987e-13, 3.51061681895e-13, 2.22326524595e-13, 3.61494064934e-13, 3.40745525329e-13],
        "stdev": [7.7654258348e-06, 8.81776668393e-06, 1.14282092909e-05, 1.93993546418e-05, 8.34383754409e-05, 0.000530433724634, 0.000526032177731, 5.76253078179e-05, 5.85546149523e-06, 1.96283781406e-06, 8.72097416504e-07, 4.46461172032e-07, 2.46430346351e-07, 1.4379625668e-07, 8.77731736182e-08, 5.51599228515e-08, 3.54154607862e-08, 2.32725820837e-08, 1.5564101119e-08, 1.05429664998e-08, 7.21845383467e-09, 5.00679586679e-09, 3.50067130839e-09, 2.46761300282e-09, 1.75023173732e-09, 1.25151022878e-09, 9.03677577213e-10, 6.50708154026e-10, 4.75785799647e-10, 3.50148215977e-10, 2.60391819218e-10, 1.92704602275e-10, 1.44116260592e-10, 1.08680779654e-10, 8.3805760942e-11, 6.50984821604e-11, 5.10805425735e-11, 4.08159894771e-11, 3.34238470234e-11, 2.79811885467e-11],
