{
"lowlevel": {
    "average_loudness": 0.99068403244,
    "barkbands_crest": {
        "dmean": 4.35228824615,
        "dmean2": 7.75969028473,
        "dvar": 17.5065555573,
        "dvar2": 40.8803138733,
        "max": 25.5633392334,
        "mean": 11.1648797989,
        "median": 10.6115083694,
        "min": 4.12351322174,
        "stdev": 4.90136384964,
        "var": 24.0233688354
    },
    "barkbands_flatness_db": {
        "dmean": 0.0428329259157,
        "dmean2": 0.0760243833065,
        "dvar": 0.00177487323526,
        "dvar2": 0.00494991242886,
        "max": 0.341163814068,
        "mean": 0.18898178637,
        "median": 0.188266336918,
        "min": 0.0972516611218,
        "stdev": 0.0504397116601,
        "var": 0.00254416465759
    },
    "barkbands_kurtosis": {
        "dmean": 35.0259361267,
        "dmean2": 65.1858596802,
        "dvar": 4933.02539062,
        "dvar2": 15477.5908203,
        "max": 368.954101562,
        "mean": 36.2475013733,
        "median": 21.9709377289,
        "min": -1.53247344494,
        "stdev": 60.9169464111,
        "var": 3710.87426758
    },
    "barkbands_skewness": {
        "dmean": 2.26065850258,
        "dmean2": 3.86039423943,
        "dvar": 6.91992616653,
        "dvar2": 20.1568603516,
        "max": 16.9282264709,
        "mean": 3.68350720406,
        "median": 3.8511865139,
        "min": -2.93334960938,
        "stdev": 3.40260577202,
        "var": 11.5777254105
    },
    "barkbands_spread": {
        "dmean": 5.16228485107,
        "dmean2": 8.39431381226,
        "dvar": 48.472618103,
        "dvar2": 128.177505493,
        "max": 49.9740524292,
        "mean": 9.83327674866,
        "median": 7.51775312424,
        "min": 0.85074365139,
        "stdev": 7.93708133698,
        "var": 62.9972610474
    },
    "dissonance": {
        "dmean": 0.0429507382214,
        "dmean2": 0.0760478898883,
        "dvar": 0.00343932956457,
        "dvar2": 0.00983829516917,
        "max": 0.5,
        "mean": 0.454774409533,
        "median": 0.470420897007,
        "min": 0.210848122835,
        "stdev": 0.0534458830953,
        "var": 0.0028564624954
    },
    "dynamic_complexity": 15.6460323334,
    "erbbands_crest": {
        "dmean": 3.36203813553,
        "dmean2": 5.57830667496,
        "dvar": 7.97523546219,
        "dvar2": 22.3648719788,
        "max": 23.3501644135,
        "mean": 8.79459571838,
        "median": 7.50577068329,
        "min": 3.11558461189,
        "stdev": 4.2313542366,
        "var": 17.9043579102
    },
    "erbbands_flatness_db": {
        "dmean": 0.0462766215205,
        "dmean2": 0.0830968618393,
        "dvar": 0.00272787571885,
        "dvar2": 0.00732715660706,
        "max": 0.390498965979,
        "mean": 0.133139610291,
        "median": 0.0950628519058,
        "min": 0.0520942620933,
        "stdev": 0.0854390487075,
        "var": 0.00729983113706
    },
    "erbbands_kurtosis": {
        "dmean": 3.33873438835,
        "dmean2": 5.8135228157,
        "dvar": 16.7483940125,
        "dvar2": 47.6832771301,
        "max": 20.4858093262,
        "mean": 3.25085067749,
        "median": 1.98649835587,
        "min": -0.407784223557,
        "stdev": 4.10848855972,
        "var": 16.8796768188
    },
    "erbbands_skewness": {
        "dmean": 0.648735284805,
        "dmean2": 1.052526474,
        "dvar": 0.421065807343,
        "dvar2": 0.91149699688,
        "max": 2.9931974411,
        "mean": 0.784615397453,
        "median": 0.973779797554,
        "min": -1.92946147919,
        "stdev": 1.27900826931,
        "var": 1.63586211205
    },
    "erbbands_spread": {
        "dmean": 14.2897911072,
        "dmean2": 24.0871429443,
        "dvar": 166.889038086,
        "dvar2": 418.624694824,
        "max": 74.6085510254,
        "mean": 37.9573974609,
        "median": 41.7702217102,
        "min": 1.49477732182,
        "stdev": 21.2385597229,
        "var": 451.076446533
    },
    "hfc": {
        "dmean": 9.86259460449,
        "dmean2": 17.7428359985,
        "dvar": 1478.07788086,
        "dvar2": 4491.98046875,
        "max": 234.952026367,
        "mean": 7.38178014755,
        "median": 0.0570943579078,
        "min": 0.000941468053497,
        "stdev": 30.7300033569,
        "var": 944.333129883
    },
    "loudness_ebu128": {
        "integrated": -33.7321472168,
        "loudness_range": 0,
        "momentary": {
            "dmean": 2.20803761482,
            "dmean2": 3.11473917961,
            "dvar": 8.56306171417,
            "dvar2": 8.77269458771,
            "max": -32.0309524536,
            "mean": -45.1986236572,
            "median": -47.1881256104,
            "min": -56.8739547729,
            "stdev": 10.0861196518,
            "var": 101.729804993
        },
        "short_term": {
            "dmean": 0,
            "dmean2": 0,
            "dvar": 0,
            "dvar2": 0,
            "max": -40.6277236938,
            "mean": -40.6277236938,
            "median": -40.6277236938,
            "min": -40.6277236938,
            "stdev": 0,
            "var": 0
        }
    },
    "melbands_crest": {
        "dmean": 6.35011672974,
        "dmean2": 10.4647960663,
        "dvar": 34.7488059998,
        "dvar2": 95.2131958008,
        "max": 37.6433448792,
        "mean": 17.0761032104,
        "median": 16.0872707367,
        "min": 5.09971857071,
        "stdev": 8.01659679413,
        "var": 64.2658309937
    },
    "melbands_flatness_db": {
        "dmean": 0.0433312244713,
        "dmean2": 0.0741952881217,
        "dvar": 0.00146540626884,
        "dvar2": 0.00431420048699,
        "max": 0.388439625502,
        "mean": 0.292746961117,
        "median": 0.300384223461,
        "min": 0.162551909685,
        "stdev": 0.0462821722031,
        "var": 0.00214203936048
    },
    "melbands_kurtosis": {
        "dmean": 33.6583061218,
        "dmean2": 60.3326683044,
        "dvar": 1819.32067871,
        "dvar2": 5461.83056641,
        "max": 246.130142212,
        "mean": 45.2993011475,
        "median": 40.6412086487,
        "min": -1.73876523972,
        "stdev": 46.3608055115,
        "var": 2149.32446289
    },
    "melbands_skewness": {
        "dmean": 2.11860013008,
        "dmean2": 3.71086072922,
        "dvar": 3.77862811089,
        "dvar2": 10.3112182617,
        "max": 12.4324932098,
        "mean": 3.99125957489,
        "median": 4.41374158859,
        "min": -2.28503727913,
        "stdev": 2.87141418457,
        "var": 8.24501991272
    },
    "melbands_spread": {
        "dmean": 6.66357755661,
        "dmean2": 10.7947244644,
        "dvar": 125.518096924,
        "dvar2": 240.378540039,
        "max": 81.4880142212,
        "mean": 10.9441757202,
        "median": 5.08490514755,
        "min": 1.14397728443,
        "stdev": 14.15371418,
        "var": 200.32762146
    },
    "pitch_salience": {
        "dmean": 0.168169155717,
        "dmean2": 0.271587640047,
        "dvar": 0.0161969773471,
        "dvar2": 0.0423049516976,
        "max": 0.9408441782,
        "mean": 0.59600764513,
        "median": 0.609763860703,
        "min": 0.0650039389729,
        "stdev": 0.194873869419,
        "var": 0.0379758253694
    },
    "silence_rate_20dB": {
        "dmean": 0,
        "dmean2": 0,
        "dvar": 0,
        "dvar2": 0,
        "max": 1,
        "mean": 1,
        "median": 1,
        "min": 1,
        "stdev": 0,
        "var": 0
    },
    "silence_rate_30dB": {
        "dmean": 0.0303030312061,
        "dmean2": 0.0615384615958,
        "dvar": 0.0293847545981,
        "dvar2": 0.0577515251935,
        "max": 1,
        "mean": 0.970149278641,
        "median": 1,
        "min": 0,
        "stdev": 0.170175492764,
        "var": 0.0289596971124
    },
    "silence_rate_60dB": {
        "dmean": 0.121212124825,
        "dmean2": 0.246153846383,
        "dvar": 0.106519706547,
        "dvar2": 0.24710059166,
        "max": 1,
        "mean": 0.820895493031,
        "median": 1,
        "min": 0,
        "stdev": 0.383439958096,
        "var": 0.147026211023
    },
    "spectral_centroid": {
        "dmean": 228.779052734,
        "dmean2": 385.001373291,
        "dvar": 111141.898438,
        "dvar2": 163106.046875,
        "max": 2781.97314453,
        "mean": 675.93359375,
        "median": 565.379699707,
        "min": 244.643615723,
        "stdev": 450.395080566,
        "var": 202855.734375
    },
    "spectral_complexity": {
        "dmean": 3.25757575035,
        "dmean2": 5.21538448334,
        "dvar": 35.3730697632,
        "dvar2": 75.8613204956,
        "max": 46,
        "mean": 4.20895528793,
        "median": 1,
        "min": 0,
        "stdev": 9.47193336487,
        "var": 89.7175292969
    },
    "spectral_decrease": {
        "dmean": 3.17604542666e-09,
        "dmean2": 5.80604675449e-09,
        "dvar": 1.88666623129e-16,
        "dvar2": 5.74960511822e-16,
        "max": -9.18502795523e-13,
        "mean": -2.43682585221e-09,
        "median": -9.67871199853e-11,
        "min": -8.51117363254e-08,
        "stdev": 1.07485371714e-08,
        "var": 1.15531045606e-16
    },
    "spectral_energy": {
        "dmean": 0.0128808170557,
        "dmean2": 0.0234538111836,
        "dvar": 0.00305965705775,
        "dvar2": 0.00932674109936,
        "max": 0.342540740967,
        "mean": 0.00986665207893,
        "median": 0.000376562238671,
        "min": 3.55203724212e-06,
        "stdev": 0.0433378629386,
        "var": 0.00187817041297
    },
    "spectral_energyband_high": {
        "dmean": 1.46473030327e-05,
        "dmean2": 2.86948743451e-05,
        "dvar": 1.93431182183e-09,
        "dvar2": 5.68334002082e-09,
        "max": 0.000226353688049,
        "mean": 9.34852050705e-06,
        "median": 1.44342288877e-06,
        "min": 2.02935517279e-08,
        "stdev": 3.24329848809e-05,
        "var": 1.05189845723e-09
    },
    "spectral_energyband_low": {
        "dmean": 0.00308192893863,
        "dmean2": 0.00602566450834,
        "dvar": 0.000215508393012,
        "dvar2": 0.000653274473734,
        "max": 0.0912053957582,
        "mean": 0.00219711032696,
        "median": 0.00022414867999,
        "min": 1.22976507555e-06,
        "stdev": 0.0111714666709,
        "var": 0.000124801663333
    },
    "spectral_energyband_middle_high": {
        "dmean": 0.00671593379229,
        "dmean2": 0.0126925306395,
        "dvar": 0.00074777007103,
        "dvar2": 0.00224321661517,
        "max": 0.168807283044,
        "mean": 0.0053396387957,
        "median": 3.3538074149e-06,
        "min": 3.87752798758e-08,
        "stdev": 0.0221497509629,
        "var": 0.000490611477289
    },
    "spectral_energyband_middle_low": {
        "dmean": 0.00395237933844,
        "dmean2": 0.00758565077558,
        "dvar": 0.000311916897772,
        "dvar2": 0.000957664044108,
        "max": 0.107072941959,
        "mean": 0.0027300871443,
        "median": 8.92754105735e-05,
        "min": 2.42628493652e-06,
        "stdev": 0.0133606111631,
        "var": 0.000178505928488
    },
    "spectral_entropy": {
        "dmean": 0.379928737879,
        "dmean2": 0.669267058372,
        "dvar": 0.113975375891,
        "dvar2": 0.361137092113,
        "max": 8.00081348419,
        "mean": 7.37296628952,
        "median": 7.44236946106,
        "min": 6.10351753235,
        "stdev": 0.428057819605,
        "var": 0.183233499527
    },
    "spectral_flux": {
        "dmean": 0.0225833170116,
        "dmean2": 0.0394250713289,
        "dvar": 0.00373200583272,
        "dvar2": 0.00564617756754,
        "max": 0.485122323036,
        "mean": 0.046885419637,
        "median": 0.0160927586257,
        "min": 0.00469450931996,
        "stdev": 0.0881292447448,
        "var": 0.00776676367968
    },
    "spectral_kurtosis": {
        "dmean": 5.47009563446,
        "dmean2": 10.3616609573,
        "dvar": 84.2904052734,
        "dvar2": 277.875640869,
        "max": 47.1135406494,
        "mean": 9.04102897644,
        "median": 5.35398101807,
        "min": 3.57049846649,
        "stdev": 8.96016216278,
        "var": 80.2845077515
    },
    "spectral_rms": {
        "dmean": 0.000992265762761,
        "dmean2": 0.00167847960256,
        "dvar": 6.09612561675e-06,
        "dvar2": 1.73133448698e-05,
        "max": 0.0182807575911,
        "mean": 0.00150018918794,
        "median": 0.000606116955169,
        "min": 5.88676666666e-05,
        "stdev": 0.0027157755103,
        "var": 7.37543632567e-06
    },
    "spectral_rolloff": {
        "dmean": 269.49130249,
        "dmean2": 462.135681152,
        "dvar": 246343.25,
        "dvar2": 459385.3125,
        "max": 3208.44726562,
        "mean": 523.22467041,
        "median": 236.865234375,
        "min": 21.533203125,
        "stdev": 641.362304688,
        "var": 411345.59375
    },
    "spectral_skewness": {
        "dmean": 0.648067951202,
        "dmean2": 1.17046034336,
        "dvar": 0.651547968388,
        "dvar2": 2.00195240974,
        "max": 5.66164159775,
        "mean": 2.28912591934,
        "median": 2.01570129395,
        "min": 0.549605667591,
        "stdev": 0.874836921692,
        "var": 0.765339612961
    },
    "spectral_spread": {
        "dmean": 1221265.375,
        "dmean2": 2025165,
        "dvar": 2.20687027405e+12,
        "dvar2": 4.15590016614e+12,
        "max": 13632843,
        "mean": 5475524,
        "median": 6359624,
        "min": 962180.25,
        "stdev": 2385082.5,
        "var": 5.68861864755e+12
    },
    "spectral_strongpeak": {
        "dmean": 0.26980483532,
        "dmean2": 0.518234014511,
        "dvar": 0.797366261482,
        "dvar2": 2.75594353676,
        "max": 5.25269460678,
        "mean": 0.1733789891,
        "median": 0.0134739819914,
        "min": 0,
        "stdev": 0.683861851692,
        "var": 0.467667043209
    },
    "zerocrossingrate": {
        "dmean": 0.00929953809828,
        "dmean2": 0.0119065502658,
        "dvar": 6.59800425638e-05,
        "dvar2": 8.99879232747e-05,
        "max": 0.07470703125,
        "mean": 0.0339246168733,
        "median": 0.03564453125,
        "min": 0.00244140625,
        "stdev": 0.0156796444207,
        "var": 0.000245851231739
    },
    "barkbands": {
        "dmean": [0.000207991863135, 0.00186462164856, 0.000489874335472, 0.00146235735156, 0.00111207785085, 0.000539492582902, 0.000463028263766, 0.00016678807151, 0.000186825200217, 0.000734708679374, 0.00200250884518, 0.00229521817528, 0.00204784958623, 0.000317966740113, 8.02173672128e-05, 0.000211401827983, 4.67705503979e-05, 3.93281625293e-05, 3.81390345865e-05, 9.1341762527e-06, 6.47261640552e-06, 1.97760004994e-06, 1.11106555778e-06, 1.38913975434e-07, 1.7441381317e-07, 1.16670200612e-07, 8.48052152946e-08],
        "dmean2": [0.000356377277058, 0.00357705331407, 0.000907203240786, 0.00289887282997, 0.00216282927431, 0.000984785496257, 0.000859513995238, 0.000280826468952, 0.000353773066308, 0.00121030758601, 0.00364580168389, 0.00433463929221, 0.00364943174645, 0.000571353302803, 0.000148833758431, 0.00040843631723, 8.966018504e-05, 7.20625685062e-05, 6.69556902722e-05, 1.72733871295e-05, 1.29192940221e-05, 3.92008814742e-06, 2.24584027819e-06, 2.69965312327e-07, 3.39834457463e-07, 2.28696379168e-07, 1.52574457957e-07],
        "dvar": [1.64460885799e-07, 8.07660908322e-05, 3.70535803995e-06, 5.03609480802e-05, 2.56976800301e-05, 4.27051418228e-06, 3.43122724189e-06, 2.90784527124e-07, 5.82737754939e-07, 5.14401517648e-06, 5.13576160301e-05, 9.88883039099e-05, 6.83141115587e-05, 8.56329279486e-07, 4.17870111846e-08, 4.79631410144e-07, 2.33952928141e-08, 1.8263870416e-08, 1.93608009624e-08, 7.16898318487e-10, 3.75852488022e-10, 7.35953867292e-11, 3.63682625681e-11, 3.50909947801e-13, 6.821809285e-13, 1.93222797788e-13, 7.47813947268e-14],
        "dvar2": [4.78739025311e-07, 0.000242502530455, 1.13944124678e-05, 0.000154839930474, 7.98685869086e-05, 1.29122108774e-05, 1.06338666228e-05, 8.75729256222e-07, 1.72543445842e-06, 1.08144522528e-05, 0.000147289931192, 0.000312189687975, 0.000206353317481, 2.48392325375e-06, 1.10221257899e-07, 1.37052393256e-06, 6.84490757408e-08, 4.87771636415e-08, 5.17998017813e-08, 2.02329908383e-09, 1.10509479345e-09, 2.24777280122e-10, 1.09679001992e-10, 1.04621649885e-12, 2.05358993699e-12, 5.7845639086e-13, 2.16355091395e-13],
        "max": [0.00214601028711, 0.0568134598434, 0.0120237413794, 0.0418336763978, 0.030285615474, 0.0128134563565, 0.0112059144303, 0.00337230414152, 0.00502183148637, 0.0148929478601, 0.0409080646932, 0.0581646077335, 0.0475656166673, 0.00464636413381, 0.000857912760694, 0.00389455142431, 0.00083865551278, 0.000828399322927, 0.000894873810466, 0.000137611365062, 9.13800759008e-05, 5.0616232329e-05, 3.53774303221e-05, 3.67197139894e-06, 5.07115191795e-06, 2.81980942418e-06, 1.9402275484e-06],
        "mean": [0.000174245826202, 0.00130313518457, 0.000373614515411, 0.000879855360836, 0.000736592628527, 0.00044006324606, 0.000317645841278, 0.000126742583234, 0.000153004162712, 0.000698133197147, 0.00138718576636, 0.00149032170884, 0.0012727297144, 0.000243953327299, 6.51223381283e-05, 0.000115203991299, 2.60248289123e-05, 2.66028764599e-05, 2.45499704761e-05, 5.37026608072e-06, 3.61206434718e-06, 1.21349296478e-06, 6.79938580106e-07, 2.14464563442e-07, 2.70126520263e-07, 2.74484648344e-07, 2.99272898019e-07],
        "median": [5.41044792044e-05, 8.40523571242e-05, 2.91862706945e-05, 2.71354092547e-05, 2.88845512841e-05, 9.43735267356e-06, 4.98401186633e-06, 2.13191697185e-06, 1.18644084068e-06, 8.27771259537e-07, 5.39192740234e-07, 4.84165411763e-07, 3.51347836158e-07, 2.78119983932e-07, 2.96449002235e-07, 2.23289234214e-07, 1.89789005844e-07, 1.7471192848e-07, 1.76196436996e-07, 1.747865781e-07, 1.73358813527e-07, 1.68940118783e-07, 1.39740464533e-07, 1.58227919655e-07, 2.01531648258e-07, 2.39567015115e-07, 2.76110938557e-07],
        "min": [2.48087189902e-07, 4.16942327774e-07, 4.01513318593e-07, 6.33398826722e-07, 1.41357907069e-06, 2.41074673113e-07, 1.00592885133e-07, 3.01578779727e-08, 6.84991574573e-09, 1.12963487453e-08, 3.81840070673e-09, 7.89645060451e-09, 2.59997712249e-09, 6.70164312933e-10, 3.26450799726e-09, 1.21332210945e-09, 2.2190016491e-09, 2.53807219686e-09, 2.01438021818e-09, 2.27056662361e-09, 1.79041692583e-09, 1.75144365677e-09, 2.4546391586e-09, 3.14231884957e-09, 2.43408648792e-09, 3.15298565035e-09, 4.86689666346e-09],
        "stdev": [0.000369768618839, 0.00697358604521, 0.00154468556866, 0.00512520270422, 0.0037674671039, 0.0017125060549, 0.00143393117469, 0.000467594712973, 0.000646129541565, 0.00247392803431, 0.00582683226094, 0.00752362981439, 0.00629821466282, 0.000838584965095, 0.000200400143513, 0.000528192671482, 0.000113664027594, 0.000111572713649, 0.000114896814921, 2.06841377803e-05, 1.42366070577e-05, 6.16898205408e-06, 4.27133772973e-06, 4.27026037642e-07, 5.91911202719e-07, 3.1577513937e-07, 2.06692320148e-07],
        "var": [1.36728829148e-07, 4.86309036205e-05, 2.38605343839e-06, 2.62677003775e-05, 1.4193808056e-05, 2.93267703455e-06, 2.0561585643e-06, 2.18644814254e-07, 4.17483363435e-07, 6.12031999481e-06, 3.3951975638e-05, 5.66050075577e-05, 3.96675095544e-05, 7.03224714016e-07, 4.01602164857e-08, 2.78987528191e-07, 1.29195116827e-08, 1.24484698105e-08, 1.32012774046e-08, 4.27833518613e-10, 2.02680983108e-10, 3.80563393299e-11, 1.8244324454e-11, 1.82351245106e-13, 3.50358874942e-13, 9.97139450545e-14, 4.27217160574e-14]
    },
    "erbbands": {
        "dmean": [0.0365120097995, 0.472250014544, 0.636195898056, 3.14215278625, 3.45230197906, 5.21988105774, 3.58187556267, 4.57491731644, 6.29357194901, 5.24078845978, 4.16472816467, 3.66539621353, 11.1882257462, 58.1004371643, 66.1430053711, 101.269981384, 102.499534607, 27.777551651, 7.95690250397, 7.10873842239, 9.42464637756, 2.84390616417, 1.72825622559, 3.17973875999, 0.911431491375, 0.404847502708, 0.390995502472, 0.166264459491, 0.0852957963943, 0.0584265328944, 0.0175769235939, 0.00388957955875, 0.0026412459556, 0.00278455927037, 0.000782804563642, 0.000505489239004, 0.000240940091317, 6.01288229518e-05, 1.82971052709e-05, 1.60011168191e-05],
        "dmean2": [0.0681160762906, 0.919059216976, 1.20114803314, 6.2993273735, 6.59167432785, 10.2285633087, 6.43912172318, 8.08553600311, 11.2159080505, 10.0443878174, 7.54742193222, 6.84099435806, 18.4852867126, 98.7622528076, 130.041915894, 186.859741211, 183.921279907, 51.6867294312, 14.2739477158, 12.1913166046, 18.4253158569, 5.43803501129, 3.22575259209, 5.49984455109, 1.7066937685, 0.762972712517, 0.765191078186, 0.332766234875, 0.169339388609, 0.117324672639, 0.0353417024016, 0.00768444500864, 0.00506885070354, 0.00553591782227, 0.00148076738697, 0.000954287184868, 0.000468377635116, 0.000109136803076, 3.40915539709e-05, 2.89896579488e-05],
        "dvar": [0.025274483487, 5.39446163177, 8.23254203796, 214.797210693, 251.629623413, 600.761169434, 178.211212158, 302.331329346, 625.034057617, 404.054138184, 242.923629761, 184.138397217, 1370.14916992, 34422.0117188, 81155.1953125, 179370.5, 183961.171875, 9816.53222656, 400.63973999, 379.459289551, 865.973999023, 82.6813354492, 29.4476165771, 136.975021362, 9.7522277832, 1.49615728855, 1.25966930389, 0.297511279583, 0.133471786976, 0.0968428999186, 0.00856957957149, 0.000306455767713, 0.000132755929371, 0.000188200210687, 9.16588760447e-06, 3.38492009178e-06, 7.57592715672e-07, 3.21070174891e-08, 4.70847050238e-09, 4.51025172765e-09],
        "dvar2": [0.074598826468, 16.2668552399, 24.815738678, 661.089538574, 781.239929199, 1853.00683594, 538.694274902, 928.556762695, 1928.92468262, 1250.86682129, 737.538024902, 537.80859375, 2709.11254883, 91734.3046875, 240813.515625, 564518.4375, 561875.1875, 28970.1210938, 1125.20349121, 956.532043457, 2496.92700195, 241.14213562, 79.8575057983, 361.8359375, 26.8715209961, 4.1925740242, 3.65763258934, 0.89710777998, 0.406008034945, 0.293384492397, 0.0258749164641, 0.000920043268707, 0.000396024785005, 0.000565524154808, 2.76327209576e-05, 1.02298936326e-05, 2.25849089475e-06, 9.51702290308e-08, 1.39856020098e-08, 1.37262610167e-08],
        "max": [1.04998648167, 14.4785356522, 18.1199207306, 86.5280914307, 94.5102767944, 145.685501099, 80.6092529297, 108.616989136, 151.870758057, 123.503929138, 97.5433578491, 91.2983551025, 268.32119751, 1022.42596436, 1721.37634277, 2463.60302734, 2497.00415039, 555.88684082, 91.3612136841, 121.067092896, 152.60345459, 49.2033195496, 29.8996982574, 75.7506866455, 18.9737892151, 6.76297998428, 4.68939256668, 2.95761942863, 2.15307188034, 1.82589304447, 0.545358419418, 0.106381028891, 0.0713197812438, 0.0826448425651, 0.0195980276912, 0.0117487413809, 0.00557799870148, 0.00124993023928, 0.00046140619088, 0.000419502495788],
        "mean": [0.0310655701905, 0.308227807283, 0.463995486498, 1.87803304195, 2.16849422455, 3.32412171364, 2.94292640686, 3.61280941963, 4.37231683731, 3.81139755249, 3.09111118317, 3.17864823341, 11.4676733017, 43.6852035522, 48.733795166, 66.0737991333, 63.3351516724, 19.5449542999, 6.38777351379, 4.64766931534, 5.02438020706, 1.58991730213, 1.14383423328, 2.09363555908, 0.570600628853, 0.241516113281, 0.217761173844, 0.0935283005238, 0.0505322627723, 0.0343293882906, 0.0124014308676, 0.00490360055119, 0.00375117291696, 0.00324856350198, 0.0017614410026, 0.00106509926263, 0.000518604530953, 0.000182880481589, 4.94454288855e-05, 1.5522022295e-05],
        "median": [0.00388970412314, 0.0126619962975, 0.0304593835026, 0.0699696317315, 0.0777148082852, 0.0964582636952, 0.0960316136479, 0.0616091191769, 0.0577248446643, 0.0534223541617, 0.0412071347237, 0.0276642106473, 0.027962429449, 0.0273875258863, 0.0243377536535, 0.0178676266223, 0.0158267207444, 0.0151816923171, 0.0148623324931, 0.0133977662772, 0.011329472065, 0.0107709271833, 0.00960659608245, 0.00933130737394, 0.00863151717931, 0.00864356476814, 0.00756009109318, 0.00611233804375, 0.00554093346, 0.00500543834642, 0.00411253934726, 0.00326429284178, 0.00269700447097, 0.00204563210718, 0.00149654166307, 0.000921697588637, 0.000437593931565, 0.000166777928825, 4.20915312134e-05, 4.2895653678e-06],
        "min": [1.43849038068e-05, 8.93279066077e-05, 0.000389522727346, 0.00141418550629, 0.00362948328257, 0.00395471230149, 0.00321650248952, 0.00175556307659, 0.00161521974951, 0.000979887205176, 0.000605440465733, 0.00017254013801, 0.000148210208863, 0.000403723825002, 0.000265653739916, 0.00023651959782, 0.000120539589261, 4.92400831718e-05, 0.000113708774734, 0.000127447143313, 6.27155095572e-05, 0.000140521544381, 0.000156309994054, 0.00011026460561, 0.000116033123049, 9.69419706962e-05, 0.000105375991552, 3.59968289558e-05, 5.07974946231e-05, 6.90066881361e-05, 8.05567397038e-05, 8.93555625225e-05, 3.41039449268e-05, 2.80500607914e-05, 1.89371476154e-05, 1.1537451428e-05, 5.85507950746e-06, 1.99874034479e-06, 9.50176399783e-07, 7.28610558554e-08],
        "stdev": [0.13119019568, 1.77114582062, 2.23950147629, 10.6205282211, 11.6886396408, 17.9905223846, 11.2362709045, 14.2909431458, 19.4879245758, 15.985909462, 12.7355861664, 12.2069635391, 42.1560974121, 167.135131836, 220.814819336, 324.015838623, 322.941101074, 80.02394104, 19.9857215881, 17.6869430542, 22.1173992157, 6.79250907898, 4.41910839081, 9.79985141754, 2.48029327393, 0.953013300896, 0.830915749073, 0.398416131735, 0.262783080339, 0.220649555326, 0.0656188875437, 0.0125130778179, 0.00833808723837, 0.00978061370552, 0.00221252022311, 0.00132676563226, 0.000628483248875, 0.000134916699608, 5.16928375873e-05, 5.24752431375e-05],
        "var": [0.0172108691186, 3.13695764542, 5.01536655426, 112.795623779, 136.624298096, 323.658905029, 126.25377655, 204.231063843, 379.779205322, 255.549301147, 162.195144653, 149.00994873, 1777.13659668, 27934.1523438, 48759.1835938, 104986.257812, 104290.953125, 6403.83105469, 399.429046631, 312.827972412, 489.179382324, 46.1381797791, 19.5285186768, 96.0370788574, 6.15185451508, 0.908234357834, 0.690420985222, 0.158735409379, 0.0690549463034, 0.0486862286925, 0.00430583814159, 0.00015657710901, 6.95236958563e-05, 9.5660398074e-05, 4.89524563818e-06, 1.76030710008e-06, 3.949912184e-07, 1.82025150508e-08, 2.67214939065e-09, 2.75365108493e-09]
    },
    "gfcc": {
        "mean": [-235.865005493, 99.6141357422, -59.3353385925, 11.9856081009, -35.0740585327, 6.69886684418, -23.9979496002, -0.0299793649465, -21.9056587219, 2.41966080666, -11.4962034225, 3.24733948708, -7.45629358292],
        "cov": [[8720.73046875, 3044.45849609, -3201.46362305, -1249.21276855, 555.388366699, 103.70954895, 490.240112305, -455.938293457, -243.567886353, 51.9314460754, 222.832275391, 114.95401001, 203.378952026], [3044.45849609, 1434.53881836, -1111.87036133, -696.709533691, 103.317565918, 68.1614532471, 180.668746948, -195.618118286, -92.650177002, -11.0542583466, 90.8388366699, 52.2315101624, 79.1590576172], [-3201.46362305, -1111.87036133, 1573.1048584, 489.316711426, -328.334350586, 14.2181844711, -196.27204895, 181.127593994, 139.439346313, -30.7557926178, -106.612228394, -61.9414482117, -131.528076172], [-1249.21276855, -696.709533691, 489.316711426, 608.064819336, 98.2085876465, -111.878807068, -130.108154297, 73.3593902588, 53.1385421753, 39.2445869446, -56.0824127197, -79.2270202637, -78.7522354126], [555.388366699, 103.317565918, -328.334350586, 98.2085876465, 235.721252441, -0.147747159004, -1.05691277981, -36.9945106506, -10.4112644196, 39.8233375549, 14.4968471527, -17.3057250977, 14.9123077393], [103.70954895, 68.1614532471, 14.2181844711, -111.878807068, -0.147747159004, 127.664627075, 57.0879516602, 11.3414716721, 13.0968818665, -5.11056518555, 9.03589916229, 22.1181774139, 16.6114215851], [490.240112305, 180.668746948, -196.27204895, -130.108154297, -1.05691277981, 57.0879516602, 139.785797119, 31.1157531738, -18.5631523132, -8.67009353638, 33.4344329834, 37.4039421082, 32.2213554382], [-455.938293457, -195.618118286, 181.127593994, 73.3593902588, -36.9945106506, 11.3414716721, 31.1157531738, 92.00806427, 33.2948760986, 0.854097902775, 0.0201272964478, 2.90171766281, -11.0853996277], [-243.567886353, -92.650177002, 139.439346313, 53.1385421753, -10.4112644196, 13.0968818665, -18.5631523132, 33.2948760986, 62.9381370544, 38.1947860718, -1.18096542358, -13.8448133469, -12.2277202606], [51.9314460754, -11.0542583466, -30.7557926178, 39.2445869446, 39.8233375549, -5.11056518555, -8.67009353638, 0.854097902775, 38.1947860718, 73.7486572266, 23.7950973511, -8.36194896698, 4.9665350914], [222.832275391, 90.8388366699, -106.612228394, -56.0824127197, 14.4968471527, 9.03589916229, 33.4344329834, 0.0201272964478, -1.18096542358, 23.7950973511, 57.0472946167, 40.0036125183, 16.6276073456], [114.95401001, 52.2315101624, -61.9414482117, -79.2270202637, -17.3057250977, 22.1181774139, 37.4039421082, 2.90171766281, -13.8448133469, -8.36194896698, 40.0036125183, 61.5306892395, 34.1978530884], [203.378952026, 79.1590576172, -131.528076172, -78.7522354126, 14.9123077393, 16.6114215851, 32.2213554382, -11.0853996277, -12.2277202606, 4.9665350914, 16.6276073456, 34.1978530884, 54.1606674194]],
        "icov": [[0.00119324587286, -0.001910687075, 0.00239715725183, -0.00229774019681, 0.00213925284334, -0.00213070912287, -0.000204882628168, 0.000770266226027, -0.00087929633446, -0.000739249808248, 0.00180693191942, -0.00218863459304, 0.00183275027666], [-0.001910687075, 0.00832041352987, -0.0044260295108, 0.0100581292063, -0.00845565553755, 0.00895312149078, -0.00745197292417, 0.00880659744143, -0.00566977448761, 0.00526263238862, -0.00624285638332, 0.00664922501892, 0.000664063089062], [0.00239715725183, -0.0044260295108, 0.0128553258255, -0.0134735805914, 0.0183555483818, -0.0165602527559, 0.0103059709072, -0.00460591400042, -0.0032614627853, 0.00136562623084, 0.000777473673224, -0.00252760504372, 0.00254195788875], [-0.00229774019681, 0.0100581292063, -0.0134735805914, 0.025855910033, -0.0278340373188, 0.0257901623845, -0.0157968420535, 0.00887065380812, -0.002416158095, -0.00238603167236, 0.00468710670248, -0.00122551969253, 0.00877844169736], [0.00213925284334, -0.00845565553755, 0.0183555483818, -0.0278340373188, 0.0401377491653, -0.0323673263192, 0.0223139431328, -0.0115410033613, 0.00352032040246, 0.00162880064454, -0.00997027102858, 0.0089205307886, -0.010258118622], [-0.00213070912287, 0.00895312149078, -0.0165602527559, 0.0257901623845, -0.0323673263192, 0.0408585704863, -0.0274179056287, 0.017151504755, -0.0118702007458, 0.00125250127167, 0.00830692145973, -0.00711067346856, 0.00754645233974], [-0.000204882628168, -0.00745197292417, 0.0103059709072, -0.0157968420535, 0.0223139431328, -0.0274179056287, 0.0422811992466, -0.0352052599192, 0.0197458770126, -0.00336305913515, -0.00742244441062, 0.0043596830219, -0.0120825786144], [0.000770266226027, 0.00880659744143, -0.00460591400042, 0.00887065380812, -0.0115410033613, 0.017151504755, -0.0352052599192, 0.0532839149237, -0.0337347760797, 0.0170662999153, -0.00864865537733, 0.00399169698358, 0.00667024543509], [-0.00087929633446, -0.00566977448761, -0.0032614627853, -0.002416158095, 0.00352032040246, -0.0118702007458, 0.0197458770126, -0.0337347760797, 0.0625952333212, -0.0386148877442, 0.0153610287234, -0.00716405920684, 0.0016549360007], [-0.000739249808248, 0.00526263238862, 0.00136562623084, -0.00238603167236, 0.00162880064454, 0.00125250127167, -0.00336305913515, 0.0170662999153, -0.0386148877442, 0.0599262341857, -0.0542933866382, 0.0463422574103, -0.0272135604173], [0.00180693191942, -0.00624285638332, 0.000777473673224, 0.00468710670248, -0.00997027102858, 0.00830692145973, -0.00742244441062, -0.00864865537733, 0.0153610287234, -0.0542933866382, 0.104541532695, -0.0902705639601, 0.0472355335951], [-0.00218863459304, 0.00664922501892, -0.00252760504372, -0.00122551969253, 0.0089205307886, -0.00711067346856, 0.0043596830219, 0.00399169698358, -0.00716405920684, 0.0463422574103, -0.0902705639601, 0.108476981521, -0.0581192448735], [0.00183275027666, 0.000664063089062, 0.00254195788875, 0.00877844169736, -0.010258118622, 0.00754645233974, -0.0120825786144, 0.00667024543509, 0.0016549360007, -0.0272135604173, 0.0472355335951, -0.0581192448735, 0.0636764392257]]
    },
    "melbands": {
        "dmean": [0.000456274021417, 0.000475418113638, 0.000532199279405, 0.000283664063318, 0.000155231769895, 0.000109688560769, 9.1282534413e-05, 5.2788083849e-05, 3.16177975037e-05, 2.34165781876e-05, 5.5482811149e-05, 0.000222517861403, 0.000250448734732, 0.000225124473218, 0.000311509560561, 0.000154281005962, 4.04920392612e-05, 1.36937160278e-05, 5.77789296585e-06, 1.55476991495e-05, 9.15121654543e-06, 3.05226922137e-06, 1.17491492801e-06, 2.16675175579e-06, 2.77267440651e-06, 8.90073067694e-07, 3.50953399675e-07, 2.39806780655e-07, 2.85424448521e-07, 1.37580443038e-07, 8.26827033507e-08, 5.20898630896e-08, 2.63237147635e-08, 3.69436676806e-08, 9.37522504074e-09, 4.87180518149e-09, 1.45602296886e-09, 1.32323585422e-09, 3.00399904951e-09, 2.31886332358e-09],
        "dmean2": [0.000860683794599, 0.000915944052394, 0.0010559016373, 0.000554903584998, 0.000287317554466, 0.000198945985176, 0.000162946424098, 9.93418361759e-05, 5.83704168093e-05, 4.3902949983e-05, 9.49525856413e-05, 0.00036759924842, 0.000476185727166, 0.000414814276155, 0.000555887294468, 0.000286109047011, 7.49341925257e-05, 2.43834874709e-05, 1.05249164335e-05, 2.9420330975e-05, 1.80355928023e-05, 5.88227567277e-06, 2.20810420615e-06, 3.92404444938e-06, 4.7573730626e-06, 1.65424569332e-06, 6.6243302399e-07, 4.5158822104e-07, 5.56930331186e-07, 2.73311343335e-07, 1.65710133615e-07, 1.03116036598e-07, 5.24660563883e-08, 7.47506376797e-08, 1.88465403284e-08, 9.77226211063e-09, 2.74368616715e-09, 2.44100051283e-09, 5.87658055551e-09, 4.59572158107e-09],
        "dvar": [4.49760182164e-06, 5.08172979607e-06, 6.43778230369e-06, 1.73982004981e-06, 4.0582898464e-07, 1.85597883728e-07, 1.3075465688e-07, 3.81593387999e-08, 1.42535414582e-08, 7.67049357364e-09, 3.45983117711e-08, 4.80669370972e-07, 9.52493621753e-07, 9.13495910027e-07, 1.62570154316e-06, 4.2806149736e-07, 1.76034973265e-08, 1.17562504176e-09, 2.32701316549e-10, 2.75745692946e-09, 7.6493034129e-10, 1.06265454769e-10, 1.28916296041e-11, 5.21609248849e-11, 1.08053128944e-10, 9.65120778434e-12, 1.22275648808e-12, 5.27084452473e-13, 6.92549424926e-13, 1.6934861174e-13, 8.55465532939e-14, 4.76011035601e-14, 1.66350359052e-14, 4.06231140035e-14, 2.34456602218e-15, 5.7029722487e-16, 2.73792464872e-17, 2.26865979327e-17, 2.15062287348e-16, 1.2006615265e-16],
        "dvar2": [1.35046275318e-05, 1.5386585801e-05, 1.98696125153e-05, 5.39557822776e-06, 1.24894052078e-06, 5.67979839161e-07, 4.03783786851e-07, 1.17916130193e-07, 4.31276028223e-08, 2.2551590817e-08, 6.39168789007e-08, 1.25330029732e-06, 2.77087406175e-06, 2.86681824946e-06, 5.06575543113e-06, 1.28784961362e-06, 5.0919993555e-08, 3.24102589211e-09, 6.04071848098e-10, 7.73370434359e-09, 2.21928475597e-09, 3.11954573284e-10, 3.63651088409e-11, 1.40241887547e-10, 2.84671286543e-10, 2.66364135609e-11, 3.47044745372e-12, 1.47225938038e-12, 2.01021946485e-12, 4.97701326766e-13, 2.61859436045e-13, 1.44956136395e-13, 5.07223555963e-14, 1.22670902841e-13, 7.0764715363e-15, 1.71384961954e-15, 8.24478775975e-17, 6.74633618347e-17, 6.44190367485e-16, 3.61263972457e-16],
        "max": [0.0134960347787, 0.0140833035111, 0.0150255942717, 0.00785942282528, 0.00384663254954, 0.00267528183758, 0.00220530480146, 0.00120339286514, 0.000747485144529, 0.000582403619774, 0.00130553543568, 0.00380358053371, 0.00578216277063, 0.00561660248786, 0.00735882297158, 0.00381976622157, 0.000706504797563, 0.000162978467415, 6.56909760437e-05, 0.000314853241434, 0.000129484062199, 5.72131211811e-05, 1.70717630681e-05, 4.36622576672e-05, 6.76443451084e-05, 1.90559057955e-05, 5.93328286413e-06, 4.0624850044e-06, 3.731162451e-06, 1.96248470274e-06, 1.64173104622e-06, 1.28426609081e-06, 7.61562262142e-07, 1.17993897675e-06, 2.85494422769e-07, 1.42454567253e-07, 3.28461204901e-08, 3.06993044319e-08, 8.82276083303e-08, 6.60342109882e-08],
        "mean": [0.000339228427038, 0.000324387277942, 0.000333663250785, 0.000184296543011, 0.000115019465738, 8.59544161358e-05, 6.44444007776e-05, 3.85915518564e-05, 2.3774930014e-05, 1.97715107788e-05, 5.86905516684e-05, 0.000170634142705, 0.000177930807695, 0.000147175756865, 0.000197081040824, 9.52858245e-05, 2.97730584862e-05, 1.11469662443e-05, 4.5182687245e-06, 8.78578975971e-06, 4.80452035845e-06, 1.68224482877e-06, 7.32897603939e-07, 1.4298482256e-06, 1.82921530723e-06, 5.5374511021e-07, 2.07787891782e-07, 1.43124495366e-07, 1.58542121653e-07, 7.68223884506e-08, 4.66053045045e-08, 3.06425462782e-08, 1.70230798346e-08, 2.06904182676e-08, 6.72739819407e-09, 4.24774793117e-09, 2.47725240321e-09, 2.34084573947e-09, 3.10093439815e-09, 2.64500465974e-09],
        "median": [3.39984326274e-05, 1.89091842913e-05, 1.54874251166e-05, 5.75259218749e-06, 3.9817873585e-06, 1.45383717154e-06, 9.00610018562e-07, 5.27090094238e-07, 2.97638081292e-07, 1.74774712036e-07, 1.31812726067e-07, 1.09373203827e-07, 8.10529314776e-08, 5.92085953599e-08, 4.39596909985e-08, 3.65452024198e-08, 2.86873937938e-08, 2.18956550668e-08, 1.90587297055e-08, 1.67438294341e-08, 1.30093678052e-08, 1.15954259527e-08, 9.4064276368e-09, 8.11692490998e-09, 7.13608150349e-09, 6.00792304795e-09, 5.9217670767e-09, 5.41313793789e-09, 4.95798557765e-09, 4.00531963152e-09, 3.25603100038e-09, 3.03040637029e-09, 3.48827122743e-09, 2.53810172879e-09, 2.32762698005e-09, 2.148890621e-09, 1.9600649992e-09, 1.93124050085e-09, 1.82578563379e-09, 1.64709756945e-09],
        "min": [1.33693774274e-07, 1.82222564149e-07, 3.08044803887e-07, 3.228026344e-07, 1.36072017654e-07, 3.99985289334e-08, 2.36794956976e-08, 9.5518144505e-09, 4.34877822642e-09, 7.92820531448e-10, 7.80936371125e-10, 1.75483649834e-09, 6.45476727623e-10, 1.04942354806e-09, 3.22590426594e-10, 2.12367581853e-10, 7.17190334898e-11, 1.42218459231e-10, 2.72832645365e-10, 1.04356148722e-10, 5.88000620416e-11, 1.43341283287e-10, 1.03658408246e-10, 1.65922969808e-10, 7.74309366625e-11, 7.59088486513e-11, 9.7930233367e-11, 5.23926596552e-11, 6.82787645867e-11, 3.92643799418e-11, 1.56043684918e-11, 1.82475909383e-11, 5.40016573125e-11, 2.98213120864e-11, 3.25187862749e-11, 8.16886489008e-11, 3.8161692556e-11, 1.75688942561e-11, 2.62162357795e-11, 2.36058689956e-11],
        "stdev": [0.00165902881417, 0.00172733410727, 0.00184793374501, 0.000974100257736, 0.000498246634379, 0.000349114241544, 0.000283273577224, 0.000157498143381, 9.78041789494e-05, 7.74281434133e-05, 0.000216631087824, 0.00064156530425, 0.000773296167608, 0.000728468818124, 0.000973818765488, 0.000490545295179, 0.000112405439722, 3.48620960722e-05, 1.4392254343e-05, 4.1154165956e-05, 2.0558203687e-05, 7.61013416195e-06, 2.8111028314e-06, 5.9464377955e-06, 8.72726923262e-06, 2.46723425334e-06, 8.50969399835e-07, 5.67196423162e-07, 6.15712735907e-07, 3.02945807107e-07, 2.12851006154e-07, 1.57334369533e-07, 9.19983946801e-08, 1.42712238471e-07, 3.43267210212e-08, 1.70224421225e-08, 3.77335007684e-09, 3.52364892819e-09, 1.04858077776e-08, 7.81230014013e-09],
        "var": [2.75237653113e-06, 2.98368308904e-06, 3.41485929312e-06, 9.4887133173e-07, 2.48249733659e-07, 1.21880745496e-07, 8.02439146241e-08, 2.48056633012e-08, 9.56565671117e-09, 5.99511773558e-09, 4.69290277749e-08, 4.11606038142e-07, 5.97986968387e-07, 5.30666852683e-07, 9.48323020111e-07, 2.40634676629e-07, 1.26349828378e-08, 1.21536580799e-09, 2.0713697424e-10, 1.6936653191e-09, 4.22639756525e-10, 5.79141387624e-11, 7.9022994745e-12, 3.53601245506e-11, 7.61652338421e-11, 6.08724485748e-12, 7.24148876714e-13, 3.21711786985e-13, 3.79102185841e-13, 9.17761621365e-14, 4.53055494054e-14, 2.47541042026e-14, 8.46370398083e-15, 2.03667835499e-14, 1.17832383831e-15, 2.89763565569e-16, 1.42381722027e-17, 1.24161017628e-17, 1.09952168978e-16, 6.10320391896e-17]
    },
    "melbands128": {
