{
"lowlevel": {
    "average_loudness": 0.957589507103,
    "barkbands_crest": {
        "dmean": 3.02846336365,
        "dmean2": 4.87259531021,
        "dvar": 5.96078634262,
        "dvar2": 19.2157001495,
        "max": 24.1717586517,
        "mean": 10.1050815582,
        "median": 8.91177368164,
        "min": 2.75750684738,
        "stdev": 4.55285310745,
        "var": 20.728471756
    },
    "barkbands_flatness_db": {
        "dmean": 0.0259185824543,
        "dmean2": 0.0402393192053,
        "dvar": 0.000737232156098,
        "dvar2": 0.00135426782072,
        "max": 0.394224643707,
        "mean": 0.143887147307,
        "median": 0.122647508979,
        "min": 0.0188058782369,
        "stdev": 0.0911393240094,
        "var": 0.00830637663603
    },
    "barkbands_kurtosis": {
        "dmean": 7.38040685654,
        "dmean2": 12.4238004684,
        "dvar": 160.936309814,
        "dvar2": 436.91595459,
        "max": 116.983528137,
        "mean": 12.9391498566,
        "median": 4.68710136414,
        "min": -1.7845262289,
        "stdev": 19.4157104492,
        "var": 376.969818115
    },
    "barkbands_skewness": {
        "dmean": 0.722426235676,
        "dmean2": 1.21648466587,
        "dvar": 0.592135727406,
        "dvar2": 1.46455907822,
        "max": 8.52798271179,
        "mean": 2.17586064339,
        "median": 1.87035048008,
        "min": -1.12888753414,
        "stdev": 1.67138242722,
        "var": 2.79351902008
    },
    "barkbands_spread": {
        "dmean": 6.98652839661,
        "dmean2": 11.3575029373,
        "dvar": 95.865272522,
        "dvar2": 218.563293457,
        "max": 96.9757843018,
        "mean": 27.4818000793,
        "median": 15.0386800766,
        "min": 0.981710314751,
        "stdev": 27.3484668732,
        "var": 747.938659668
    },
    "dissonance": {
        "dmean": 0.031879182905,
        "dmean2": 0.0555089488626,
        "dvar": 0.00142242922448,
        "dvar2": 0.00403846800327,
        "max": 0.49805855751,
        "mean": 0.453263610601,
        "median": 0.470704853535,
        "min": 0.237850755453,
        "stdev": 0.0466583669186,
        "var": 0.00217700330541
    },
    "dynamic_complexity": 15.599111557,
    "erbbands_crest": {
        "dmean": 3.40225577354,
        "dmean2": 5.59357213974,
        "dvar": 12.5057621002,
        "dvar2": 28.5034770966,
        "max": 29.3251667023,
        "mean": 9.22865390778,
        "median": 7.17005634308,
        "min": 2.09830188751,
        "stdev": 6.3098192215,
        "var": 39.8138198853
    },
    "erbbands_flatness_db": {
        "dmean": 0.0236186180264,
        "dmean2": 0.035736117512,
        "dvar": 0.000915367912967,
        "dvar2": 0.00157181080431,
        "max": 0.457084178925,
        "mean": 0.133237674832,
        "median": 0.0962025225163,
        "min": 0.0359157472849,
        "stdev": 0.0908381491899,
        "var": 0.00825156923383
    },
    "erbbands_kurtosis": {
        "dmean": 4.32169723511,
        "dmean2": 6.97779750824,
        "dvar": 122.936203003,
        "dvar2": 303.977050781,
        "max": 99.6705703735,
        "mean": 5.73314762115,
        "median": 0.72358250618,
        "min": -1.4872521162,
        "stdev": 15.5256748199,
        "var": 241.046569824
    },
    "erbbands_skewness": {
        "dmean": 0.56311494112,
        "dmean2": 0.8343988657,
        "dvar": 0.570019960403,
        "dvar2": 1.19262611866,
        "max": 8.03741550446,
        "mean": 1.23373651505,
        "median": 0.901994943619,
        "min": -1.24877035618,
        "stdev": 1.56854045391,
        "var": 2.46031928062
    },
    "erbbands_spread": {
        "dmean": 9.53067493439,
        "dmean2": 15.2176265717,
        "dvar": 100.094596863,
        "dvar2": 193.937728882,
        "max": 112.970504761,
        "mean": 45.0900764465,
        "median": 46.3055076599,
        "min": 1.77017378807,
        "stdev": 29.5028152466,
        "var": 870.416137695
    },
    "hfc": {
        "dmean": 8.24215316772,
        "dmean2": 12.9424228668,
        "dvar": 1859.6270752,
        "dvar2": 4729.27587891,
        "max": 405.333068848,
        "mean": 7.80848741531,
        "median": 0.296800374985,
        "min": 0.00921161100268,
        "stdev": 39.9362602234,
        "var": 1594.90478516
    },
    "loudness_ebu128": {
        "integrated": -30.7283496857,
        "loudness_range": 2.39903640747,
        "momentary": {
            "dmean": 2.81207633018,
            "dmean2": 3.88354420662,
            "dvar": 25.1854248047,
            "dvar2": 41.6482315063,
            "max": -26.513961792,
            "mean": -42.3007507324,
            "median": -41.8694763184,
            "min": -60.5810928345,
            "stdev": 11.1898612976,
            "var": 125.212997437
        },
        "short_term": {
            "dmean": 0.170292109251,
            "dmean2": 0.295210659504,
            "dvar": 0.281442135572,
            "dvar2": 0.537321329117,
            "max": -31.5872478485,
            "mean": -33.0442466736,
            "median": -33.9910430908,
            "min": -34.004234314,
            "stdev": 1.1153151989,
            "var": 1.24392795563
        }
    },
    "melbands_crest": {
        "dmean": 3.61188673973,
        "dmean2": 5.88873243332,
        "dvar": 9.35277938843,
        "dvar2": 25.1434364319,
        "max": 28.052740097,
        "mean": 13.4918518066,
        "median": 11.9855442047,
        "min": 5.12481451035,
        "stdev": 4.98957157135,
        "var": 24.8958244324
    },
    "melbands_flatness_db": {
        "dmean": 0.0317387506366,
        "dmean2": 0.0494594238698,
        "dvar": 0.000844546535518,
        "dvar2": 0.00169322825968,
        "max": 0.484004467726,
        "mean": 0.236496314406,
        "median": 0.228383392096,
        "min": 0.0422412008047,
        "stdev": 0.107775978744,
        "var": 0.0116156619042
    },
    "melbands_kurtosis": {
        "dmean": 10.5410985947,
        "dmean2": 18.7047023773,
        "dvar": 297.037750244,
        "dvar2": 826.545532227,
        "max": 187.120346069,
        "mean": 21.5965862274,
        "median": 16.1285076141,
        "min": -0.66122674942,
        "stdev": 22.866558075,
        "var": 522.879516602
    },
    "melbands_skewness": {
        "dmean": 0.853199481964,
        "dmean2": 1.4293166399,
        "dvar": 0.7308832407,
        "dvar2": 1.99893295765,
        "max": 7.77726888657,
        "mean": 2.91458892822,
        "median": 2.88927030563,
        "min": -0.496619045734,
        "stdev": 1.63754236698,
        "var": 2.68154501915
    },
    "melbands_spread": {
        "dmean": 6.8182721138,
        "dmean2": 10.5540409088,
        "dvar": 146.485961914,
        "dvar2": 376.931091309,
        "max": 140.874740601,
        "mean": 18.9801940918,
        "median": 10.0185995102,
        "min": 0.993637621403,
        "stdev": 23.6912155151,
        "var": 561.273681641
    },
    "pitch_salience": {
        "dmean": 0.092566601932,
        "dmean2": 0.153025925159,
        "dvar": 0.00648763636127,
        "dvar2": 0.0199404917657,
        "max": 0.836501061916,
        "mean": 0.623370528221,
        "median": 0.658975124359,
        "min": 0.201786339283,
        "stdev": 0.131260380149,
        "var": 0.0172292869538
    },
    "silence_rate_20dB": {
        "dmean": 0.019417475909,
        "dmean2": 0.0390243902802,
        "dvar": 0.0190403927118,
        "dvar2": 0.0375015810132,
        "max": 1,
        "mean": 0.980676352978,
        "median": 1,
        "min": 0,
        "stdev": 0.137659847736,
        "var": 0.0189502350986
    },
    "silence_rate_30dB": {
        "dmean": 0.019417475909,
        "dmean2": 0.0390243902802,
        "dvar": 0.0190403927118,
        "dvar2": 0.0375015810132,
        "max": 1,
        "mean": 0.975845396519,
        "median": 1,
        "min": 0,
        "stdev": 0.153529286385,
        "var": 0.0235712397844
    },
    "silence_rate_60dB": {
        "dmean": 0.0485436879098,
        "dmean2": 0.0975609719753,
        "dvar": 0.0461872294545,
        "dvar2": 0.0977986752987,
        "max": 1,
        "mean": 0.700483083725,
        "median": 1,
        "min": 0,
        "stdev": 0.458046406507,
        "var": 0.209806501865
    },
    "spectral_centroid": {
        "dmean": 216.233856201,
        "dmean2": 333.525756836,
        "dvar": 81507.3203125,
        "dvar2": 195569.75,
        "max": 3485.89453125,
        "mean": 996.016479492,
        "median": 686.410766602,
        "min": 182.237686157,
        "stdev": 765.628295898,
        "var": 586186.6875
    },
    "spectral_complexity": {
        "dmean": 0.912621378899,
        "dmean2": 1.53170728683,
        "dvar": 2.99236822128,
        "dvar2": 5.89776945114,
        "max": 17,
        "mean": 3.35748791695,
        "median": 1,
        "min": 0,
        "stdev": 4.58286619186,
        "var": 21.0026626587
    },
    "spectral_decrease": {
        "dmean": 3.90449628185e-09,
        "dmean2": 6.23741458483e-09,
        "dvar": 3.69317799948e-16,
        "dvar2": 9.52666849623e-16,
        "max": -1.88424514706e-12,
        "mean": -4.04744904259e-09,
        "median": -5.67835743703e-11,
        "min": -1.77826905201e-07,
        "stdev": 1.7785382056e-08,
        "var": 3.16319821941e-16
    },
    "spectral_energy": {
        "dmean": 0.0154801849276,
        "dmean2": 0.0247048921883,
        "dvar": 0.00583821255714,
        "dvar2": 0.0150476824492,
        "max": 0.703641593456,
        "mean": 0.0159842204303,
        "median": 0.000225914700422,
        "min": 7.94710376795e-06,
        "stdev": 0.0707153454423,
        "var": 0.00500066019595
    },
    "spectral_energyband_high": {
        "dmean": 4.21034892497e-05,
        "dmean2": 6.79243748891e-05,
        "dvar": 9.42964746287e-08,
        "dvar2": 2.45580935143e-07,
        "max": 0.00370392086916,
        "mean": 4.15223476011e-05,
        "median": 6.92176081429e-06,
        "min": 5.78462390877e-07,
        "stdev": 0.000276594568277,
        "var": 7.65045555795e-08
    },
    "spectral_energyband_low": {
        "dmean": 0.00127461808734,
        "dmean2": 0.00205062399618,
        "dvar": 1.3901906641e-05,
        "dvar2": 3.59985970135e-05,
        "max": 0.0455997847021,
        "mean": 0.0022281461861,
        "median": 3.49652618752e-05,
        "min": 9.36628168802e-07,
        "stdev": 0.00566754164174,
        "var": 3.21210281982e-05
    },
    "spectral_energyband_middle_high": {
        "dmean": 0.000744896591641,
        "dmean2": 0.00136268883944,
        "dvar": 3.39398939104e-05,
        "dvar2": 9.84228609013e-05,
        "max": 0.0636780261993,
        "mean": 0.000551021192223,
        "median": 1.1804893802e-05,
        "min": 8.56574388308e-07,
        "stdev": 0.0044762021862,
        "var": 2.00363865588e-05
    },
    "spectral_energyband_middle_low": {
        "dmean": 0.014115601778,
        "dmean2": 0.0223452541977,
        "dvar": 0.00528993550688,
        "dvar2": 0.0135960560292,
        "max": 0.700353085995,
        "mean": 0.0134372506291,
        "median": 9.9812161352e-05,
        "min": 4.10524444305e-06,
        "stdev": 0.0673934519291,
        "var": 0.00454187765718
    },
    "spectral_entropy": {
        "dmean": 0.213310450315,
        "dmean2": 0.329753518105,
        "dvar": 0.0595546215773,
        "dvar2": 0.104964874685,
        "max": 8.69387245178,
        "mean": 7.49875640869,
        "median": 7.63709449768,
        "min": 5.34986782074,
        "stdev": 0.849910855293,
        "var": 0.722348511219
    },
    "spectral_flux": {
        "dmean": 0.0215359851718,
        "dmean2": 0.0333946496248,
        "dvar": 0.00491350796074,
        "dvar2": 0.0102903591469,
        "max": 0.749251961708,
        "mean": 0.0461543537676,
        "median": 0.00968500506133,
        "min": 0.00280421157368,
        "stdev": 0.0951477140188,
        "var": 0.00905308686197
    },
    "spectral_kurtosis": {
        "dmean": 2.49286961555,
        "dmean2": 3.59115982056,
        "dvar": 32.9675445557,
        "dvar2": 49.7166748047,
        "max": 96.7595062256,
        "mean": 8.12503051758,
        "median": 3.63683128357,
        "min": 0.445345640182,
        "stdev": 11.3780441284,
        "var": 129.459884644
    },
    "spectral_rms": {
        "dmean": 0.000799992005341,
        "dmean2": 0.00111240218394,
        "dvar": 5.85665429753e-06,
        "dvar2": 1.29891095639e-05,
        "max": 0.0262007564306,
        "mean": 0.00199843710288,
        "median": 0.000469472666737,
        "min": 8.80526640685e-05,
        "stdev": 0.00340596633032,
        "var": 1.16006067401e-05
    },
    "spectral_rolloff": {
        "dmean": 802.581481934,
        "dmean2": 1312.89477539,
        "dvar": 2124201,
        "dvar2": 4488343,
        "max": 14319.5800781,
        "mean": 2352.63256836,
        "median": 624.462890625,
        "min": 86.1328125,
        "stdev": 3508.04785156,
        "var": 12306399
    },
    "spectral_skewness": {
        "dmean": 0.27094835043,
        "dmean2": 0.389513999224,
        "dvar": 0.135587602854,
        "dvar2": 0.237095728517,
        "max": 7.6313867569,
        "mean": 2.15056705475,
        "median": 1.75553500652,
        "min": 0.897628962994,
        "stdev": 1.09333431721,
        "var": 1.19537997246
    },
    "spectral_spread": {
        "dmean": 618566.5625,
        "dmean2": 984349.1875,
        "dvar": 561242898432,
        "dvar2": 986492829696,
        "max": 11562889,
        "mean": 6486329.5,
        "median": 7495052.5,
        "min": 650069.5625,
        "stdev": 2858072.5,
        "var": 8.16857795789e+12
    },
    "spectral_strongpeak": {
        "dmean": 0.334557086229,
        "dmean2": 0.508990645409,
        "dvar": 0.982987165451,
        "dvar2": 2.31212186813,
        "max": 10.2348642349,
        "mean": 0.396336823702,
        "median": 0.0588563010097,
        "min": 0,
        "stdev": 1.15897548199,
        "var": 1.34322416782
    },
    "zerocrossingrate": {
        "dmean": 0.0159070659429,
        "dmean2": 0.0167420916259,
        "dvar": 0.000369947403669,
        "dvar2": 0.000338914833264,
        "max": 0.39111328125,
        "mean": 0.0958706066012,
        "median": 0.0654296875,
        "min": 0.0078125,
        "stdev": 0.0867939218879,
        "var": 0.00753318471834
    },
    "barkbands": {
        "dmean": [6.38379333395e-06, 0.000602780026384, 0.000901447609067, 0.000299757346511, 0.000595486257225, 0.00111034431029, 0.00571635877714, 0.00599350919947, 0.0019014995778, 7.53924323362e-05, 0.000507284305058, 6.12168587395e-05, 3.45950938936e-05, 2.56137518591e-05, 3.94310591219e-05, 8.39820950205e-06, 9.23075367609e-06, 7.8695557022e-06, 1.51905505845e-05, 2.27197597269e-05, 1.38202958624e-05, 9.22936760617e-06, 5.20794719705e-06, 1.95333882402e-06, 2.04555044547e-06, 1.38527650506e-06, 4.38842988615e-07],
        "dmean2": [1.14988206406e-05, 0.000876572506968, 0.00156698049977, 0.000536770327017, 0.00100409355946, 0.00204749871045, 0.0101658022031, 0.0100910281762, 0.00330624030903, 0.000137541574077, 0.000952530652285, 0.000116310940939, 6.15495155216e-05, 4.48182763648e-05, 7.48461097828e-05, 1.50470868903e-05, 1.63157183124e-05, 1.37115930556e-05, 2.72163415502e-05, 3.98591037083e-05, 2.4078606657e-05, 1.39962867252e-05, 7.60084549256e-06, 2.84140901385e-06, 3.18764318763e-06, 2.05575042855e-06, 6.49948844966e-07],
        "dvar": [6.084253934e-11, 3.2601451494e-06, 7.08909010427e-06, 6.36585639313e-07, 4.84863721795e-06, 2.33149985434e-05, 0.0016565650003, 0.00136314937845, 0.000158873895998, 1.95746395093e-07, 2.12902741623e-05, 1.75120575818e-07, 2.06146957282e-08, 2.42745592516e-08, 6.02257301807e-08, 1.15842502257e-09, 2.02848382536e-09, 2.40812236818e-09, 1.41195419801e-08, 3.59531995286e-08, 1.19959215894e-08, 4.82338613494e-09, 1.36736066914e-09, 9.94188134595e-11, 8.14374123692e-11, 1.89197928158e-11, 1.25029305485e-12],
        "dvar2": [1.4165399409e-10, 6.82466361468e-06, 1.96200326172e-05, 1.79498977104e-06, 1.2766888176e-05, 7.47661688365e-05, 0.00478819711134, 0.00364658888429, 0.000326725363266, 6.08795915014e-07, 6.18110279902e-05, 5.16619877544e-07, 4.83587854205e-08, 7.01839368844e-08, 1.78875808388e-07, 3.36015837377e-09, 5.61852475656e-09, 6.51491749437e-09, 3.98931057077e-08, 9.99528353418e-08, 3.36789618416e-08, 1.14363176706e-08, 3.14812975688e-09, 1.56798088402e-10, 1.50817983102e-10, 3.9146120373e-11, 1.98876006809e-12],
        "max": [5.34246792085e-05, 0.0225275978446, 0.0232057329267, 0.00768120121211, 0.0207708328962, 0.0468126535416, 0.463982313871, 0.399908781052, 0.145663455129, 0.00478076841682, 0.0498197413981, 0.00439515337348, 0.00161974306684, 0.00174315692857, 0.00225080968812, 0.000278609193629, 0.000455700443126, 0.000557167106308, 0.00134395400528, 0.00218342733569, 0.00126422871836, 0.000844250142109, 0.000462940428406, 0.000138262446853, 0.000110089524242, 4.83091971546e-05, 1.59101909958e-05],
        "mean": [7.1169201874e-06, 0.000736498099286, 0.0012175134616, 0.00035626636236, 0.000718364550266, 0.0012774450006, 0.004509344697, 0.00470916926861, 0.00185260549188, 6.09913586231e-05, 0.000310912262648, 4.57274836663e-05, 4.20417054556e-05, 2.59695098066e-05, 2.64661830442e-05, 8.37373772811e-06, 8.40715983941e-06, 7.00858208802e-06, 1.16868923214e-05, 1.68158167071e-05, 1.11003564598e-05, 8.60057480168e-06, 5.5659024838e-06, 3.25426663039e-06, 3.26282997776e-06, 2.54006204159e-06, 1.08072106286e-06],
        "median": [4.15838348999e-06, 1.41771733979e-05, 1.26233180708e-05, 4.81037932332e-06, 2.0392886654e-05, 1.00956576716e-05, 8.63341574586e-06, 7.25226982468e-06, 8.70231178851e-06, 1.14463682621e-06, 1.35767072607e-06, 1.40179395203e-06, 1.00374609247e-06, 4.80409084958e-07, 5.71636121549e-07, 5.50810568711e-07, 4.56752161426e-07, 5.96080212745e-07, 8.20450054562e-07, 4.61286276732e-07, 8.12422570107e-07, 6.95836263276e-07, 7.66095411109e-07, 8.75734770034e-07, 8.75048556281e-07, 7.09682410616e-07, 4.96145219131e-07],
        "min": [5.6696169537e-08, 3.93231005091e-07, 7.22798318975e-08, 2.45505134444e-07, 1.57326712724e-06, 3.46323275835e-07, 8.9226119826e-08, 9.03505750216e-08, 5.00783272628e-08, 5.91795554783e-08, 1.2190508869e-07, 1.2671378613e-07, 1.0631125491e-07, 3.39482539857e-08, 3.35856498168e-08, 4.84353108732e-08, 2.94102378007e-08, 3.37813510498e-08, 2.11008952533e-08, 3.80979265913e-08, 7.1424210546e-08, 4.03354576406e-08, 6.41122426259e-08, 6.85920653609e-08, 1.22407854519e-07, 9.79690923941e-08, 9.9695178335e-08],
        "stdev": [8.92175648914e-06, 0.00229065562598, 0.0033956526313, 0.000926230219193, 0.00212588068098, 0.00480270944536, 0.0331029519439, 0.0321551635861, 0.0127903642133, 0.000346645480022, 0.00347431725822, 0.00031817657873, 0.000163845776115, 0.000130706146592, 0.000180287504918, 2.84518864646e-05, 3.76018469979e-05, 4.08238629461e-05, 9.55185460043e-05, 0.000156959737069, 9.10442540771e-05, 6.60095538478e-05, 3.75032068405e-05, 1.32198556457e-05, 1.08415542854e-05, 5.4511383496e-06, 1.7543627564e-06],
        "var": [7.95977381229e-11, 5.24710276295e-06, 1.15304574138e-05, 8.57902421103e-07, 4.51936830359e-06, 2.30660189118e-05, 0.00109580543358, 0.00103395455517, 0.000163593416801, 1.20163093698e-07, 1.20708809845e-05, 1.01236331318e-07, 2.68454360963e-08, 1.70840976921e-08, 3.25035820481e-08, 8.09509848043e-10, 1.41389899788e-09, 1.66658764567e-09, 9.12379327644e-09, 2.46363569545e-08, 8.28905655226e-09, 4.3572612185e-09, 1.40649059066e-09, 1.74764591687e-10, 1.17539297739e-10, 2.97149110873e-11, 3.07778867496e-12]
    },
    "erbbands": {
        "dmean": [0.0119004109874, 0.153945669532, 0.717684924603, 1.21784234047, 0.752465724945, 1.81409132481, 6.78088951111, 10.0670347214, 39.2146263123, 147.387619019, 122.017349243, 45.2807884216, 5.01057386398, 5.71571731567, 22.0989818573, 2.92868542671, 1.45227837563, 1.28763592243, 2.40216612816, 0.923949062824, 0.42904573679, 0.542892754078, 0.495938897133, 0.330840498209, 1.25376141071, 0.945948123932, 0.840724289417, 0.378771573305, 0.35872939229, 0.167355418205, 0.172211304307, 0.0633778870106, 0.0312828607857, 0.022174032405, 0.0155476564541, 0.00763673009351, 0.00233021867462, 0.000510839861818, 7.70744809415e-05, 2.10652997339e-05],
        "dmean2": [0.0168790202588, 0.226477518678, 1.20897984505, 2.08693194389, 1.21737957001, 2.96281242371, 12.1172075272, 17.4838638306, 59.4544868469, 268.734924316, 192.76524353, 72.3714447021, 8.72794151306, 10.6572618484, 41.5473175049, 5.47493886948, 2.66662931442, 2.14878249168, 4.55902147293, 1.7118293047, 0.745309829712, 0.943535864353, 0.876686751842, 0.536281466484, 2.26062297821, 1.64024138451, 1.54313385487, 0.604296326637, 0.576025128365, 0.262837618589, 0.271392643452, 0.0936907157302, 0.0447628982365, 0.0320684313774, 0.0248916558921, 0.0111148413271, 0.0034823815804, 0.000794923456851, 0.000116970906674, 3.25033797708e-05],
        "dvar": [0.00149261881597, 0.203982904553, 4.35345029831, 10.7543029785, 3.22165727615, 52.5717544556, 429.361450195, 2077.37548828, 33112.6484375, 1212250.75, 752165.375, 77063.4453125, 814.183044434, 2269.02563477, 40665.7539062, 440.886657715, 48.1957015991, 31.5213871002, 219.706863403, 24.4375476837, 2.5574669838, 7.39575386047, 9.70763587952, 3.22537088394, 113.914215088, 59.9199066162, 53.1065597534, 7.11054134369, 7.63165950775, 1.19245290756, 1.64477097988, 0.171929776669, 0.0196153074503, 0.007226400543, 0.00574774807319, 0.000892074080184, 4.22028642788e-05, 1.8383192355e-06, 3.59473730782e-08, 7.66665753105e-09],
        "dvar2": [0.00304451421835, 0.430686891079, 11.3488969803, 31.0327072144, 7.25441360474, 141.601043701, 1182.96398926, 5662.19775391, 80728.71875, 3514053.5, 1883142.5, 171943.625, 2283.16040039, 6679.59228516, 118265.539062, 1279.19006348, 102.441375732, 85.9691696167, 647.540771484, 72.1758270264, 7.16535043716, 20.4424629211, 27.0068588257, 7.96991539001, 324.532348633, 164.482284546, 153.642105103, 18.2455940247, 19.3855419159, 2.31465625763, 4.12588071823, 0.3533847332, 0.030871046707, 0.0114115951583, 0.011027247645, 0.00201520649716, 8.11816425994e-05, 3.06979518427e-06, 5.78863925682e-08, 1.92562463752e-08],
        "max": [0.519040703773, 5.78935909271, 18.5672893524, 25.4270324707, 14.3382587433, 73.3003768921, 170.97076416, 488.452056885, 2254.6484375, 12181.5693359, 10419.8681641, 3306.71557617, 323.918823242, 518.680358887, 2171.79833984, 226.148101807, 75.8760299683, 63.5942420959, 116.755149841, 42.5052566528, 12.4340610504, 28.0523281097, 34.7068138123, 21.53465271, 119.962867737, 89.9884872437, 80.5686416626, 32.6201896667, 33.19348526, 14.0733957291, 15.7009525299, 5.33855724335, 1.98336994648, 1.11820828915, 0.915936768055, 0.362943440676, 0.0660869181156, 0.0178376510739, 0.00255221803673, 0.000838990905322],
        "mean": [0.0147909522057, 0.206081792712, 1.05807626247, 1.69105446339, 1.12751936913, 2.05396318436, 6.62354469299, 13.2258663177, 40.5726890564, 103.243965149, 104.605155945, 42.4181671143, 4.8077249527, 3.85856175423, 13.5760469437, 2.14079546928, 1.85948288441, 1.54675352573, 1.70180094242, 0.724927544594, 0.476212441921, 0.487271696329, 0.418339639902, 0.334825158119, 0.897740244865, 0.724083185196, 0.586089193821, 0.352729648352, 0.310993134975, 0.192298650742, 0.164449244738, 0.0845890045166, 0.0524701029062, 0.0366187095642, 0.0237982403487, 0.0122150648385, 0.00438472349197, 0.00108656217344, 0.000178743255674, 2.96832477034e-05],
        "median": [0.000457930727862, 0.00378760579042, 0.0121571877971, 0.0171426478773, 0.0388490110636, 0.079769551754, 0.101097166538, 0.0945472344756, 0.147853925824, 0.13334441185, 0.193214282393, 0.211231559515, 0.0651968866587, 0.0411613769829, 0.0690933167934, 0.0566030293703, 0.0459818504751, 0.0322056077421, 0.0270820297301, 0.0346217527986, 0.0330831818283, 0.0280312616378, 0.0326288789511, 0.0416451990604, 0.0301171205938, 0.0249177645892, 0.031373091042, 0.0292119029909, 0.0228143595159, 0.0272638835013, 0.0200562253594, 0.0177454259247, 0.014098983258, 0.0103680649772, 0.0059721772559, 0.00312018115073, 0.00129528774414, 0.000393946247641, 7.98906039563e-05, 1.06898378363e-05],
        "min": [9.97854658635e-06, 4.19378557126e-05, 0.000216508546146, 0.00063480832614, 0.00248871045187, 0.00389335025102, 0.00380388461053, 0.00170144101139, 0.00165718002245, 0.00178858160507, 0.00258176028728, 0.00129560974892, 0.000447209837148, 0.00356126623228, 0.00304333027452, 0.00634978525341, 0.00699292728677, 0.00224759685807, 0.00290193734691, 0.00342504284345, 0.00223613367416, 0.00140977010597, 0.00191362551413, 0.00106953957584, 0.00108815927524, 0.00162273750175, 0.00353050255217, 0.0014188940404, 0.00151940761134, 0.00242848251946, 0.0013892063871, 0.00184931140393, 0.000846388284117, 0.00125017249957, 0.00093572109472, 0.000541541608982, 0.000159956689458, 5.11390499014e-05, 1.48481867654e-05, 1.32091406613e-06],
        "stdev": [0.0485214591026, 0.606877982616, 2.85984039307, 4.29214000702, 2.63558316231, 6.63163328171, 19.7436733246, 54.5208854675, 193.227264404, 867.926635742, 801.922302246, 274.662719727, 24.5034942627, 36.2612380981, 151.361251831, 16.2102012634, 7.79940128326, 5.81678199768, 11.1340026855, 3.7198331356, 1.47907888889, 2.25408935547, 2.51045179367, 1.67872929573, 8.50067329407, 6.51488304138, 5.66571378708, 2.49502778053, 2.49100494385, 1.20180892944, 1.19890832901, 0.469639033079, 0.186042919755, 0.113108053803, 0.0863566547632, 0.0328548438847, 0.0088198594749, 0.00203017517924, 0.000293644407066, 8.3585982793e-05],
        "var": [0.00235433201306, 0.368300884962, 8.17868709564, 18.4224662781, 6.94629859924, 43.9785614014, 389.81262207, 2972.52709961, 37336.7734375, 753296.6875, 643079.375, 75439.6171875, 600.421203613, 1314.87744141, 22910.2265625, 262.770629883, 60.8306617737, 33.8349533081, 123.966011047, 13.8371591568, 2.1876745224, 5.08091926575, 6.3023686409, 2.81813192368, 72.2614440918, 42.4436988831, 32.1003112793, 6.22516393661, 6.20510530472, 1.44434475899, 1.43738114834, 0.220560833812, 0.0346119701862, 0.0127934319898, 0.00745747238398, 0.00107944081537, 7.77899185778e-05, 4.12161170971e-06, 8.62270326252e-08, 6.98661617449e-09]
    },
    "gfcc": {
        "mean": [-192.218185425, 71.8885269165, -60.39037323, 6.26933860779, -57.2312278748, 0.514721035957, -31.7202186584, 5.08144855499, -19.092464447, 4.48848962784, -13.7913599014, -0.75400352478, -14.7129163742],
        "cov": [[7924.65478516, 3501.50048828, -1051.04663086, -510.228759766, -824.166442871, -846.23815918, -135.031845093, 225.590332031, 566.059814453, 198.1796875, 10.9533824921, -411.485931396, -162.975204468], [3501.50048828, 3402.00170898, -326.049865723, -421.438598633, -27.3176364899, -244.254058838, 31.6280593872, -1.96329045296, 330.496459961, 53.7622413635, 96.126083374, -217.490539551, -68.8845367432], [-1051.04663086, -326.049865723, 495.312683105, 329.956665039, 124.173873901, 90.676361084, 38.1811981201, 32.5154342651, -60.0433158875, -14.0840091705, 26.7543926239, 67.3718185425, -9.32156848907], [-510.228759766, -421.438598633, 329.956665039, 524.414428711, 165.04510498, 54.7325706482, 13.5000896454, 32.6043930054, -75.0350341797, -44.1725196838, -0.756312549114, 67.9048156738, -6.12523460388], [-824.166442871, -27.3176364899, 124.173873901, 165.04510498, 443.049713135, 260.620910645, 58.241443634, -59.4776535034, -94.8893203735, -96.8090744019, 10.165772438, 78.8245239258, 35.1466293335], [-846.23815918, -244.254058838, 90.676361084, 54.7325706482, 260.620910645, 231.641967773, 67.8797073364, -41.9869918823, -81.4332733154, -60.0078048706, -7.73435640335, 57.3160095215, 30.5661354065], [-135.031845093, 31.6280593872, 38.1811981201, 13.5000896454, 58.241443634, 67.8797073364, 85.3981781006, 24.2856044769, -6.36377906799, -10.8710784912, 7.52856349945, 4.91203689575, -1.03431212902], [225.590332031, -1.96329045296, 32.5154342651, 32.6043930054, -59.4776535034, -41.9869918823, 24.2856044769, 87.163444519, 47.9962425232, 29.3173160553, 4.01052904129, -14.6898822784, -27.0750617981], [566.059814453, 330.496459961, -60.0433158875, -75.0350341797, -94.8893203735, -81.4332733154, -6.36377906799, 47.9962425232, 98.9688720703, 53.3510284424, 10.4195928574, -41.0698776245, -22.7858333588], [198.1796875, 53.7622413635, -14.0840091705, -44.1725196838, -96.8090744019, -60.0078048706, -10.8710784912, 29.3173160553, 53.3510284424, 68.5208892822, 22.5053749084, -14.569478035, -6.41466379166], [10.9533824921, 96.126083374, 26.7543926239, -0.756312549114, 10.165772438, -7.73435640335, 7.52856349945, 4.01052904129, 10.4195928574, 22.5053749084, 60.2370529175, 21.1299991608, 7.61390447617], [-411.485931396, -217.490539551, 67.3718185425, 67.9048156738, 78.8245239258, 57.3160095215, 4.91203689575, -14.6898822784, -41.0698776245, -14.569478035, 21.1299991608, 61.2012557983, 32.613899231], [-162.975204468, -68.8845367432, -9.32156848907, -6.12523460388, 35.1466293335, 30.5661354065, -1.03431212902, -27.0750617981, -22.7858333588, -6.41466379166, 7.61390447617, 32.613899231, 49.5980148315]],
        "icov": [[0.000919004261959, -0.00103494990617, 0.00210151378997, -0.00149320927449, 0.00165195856243, -0.000711016065907, 0.00142742914613, -0.00273307971656, 0.000707685481757, 0.00027439155383, -0.000144143021316, 0.000326572044287, -0.000233711281908], [-0.00103494990617, 0.00248821568675, -0.00296470173635, 0.00223498186097, -0.00394845148548, 0.00371330510825, -0.00370519957505, 0.00603787135333, -0.00627304147929, 0.00278663053177, -0.00242915400304, 0.00399230606854, -0.00127164728474], [0.00210151378997, -0.00296470173635, 0.00946568604559, -0.00629652291536, 0.00609014090151, -0.00572683475912, 0.00429049693048, -0.00802385527641, 0.00459404755384, -0.00174417172093, -0.00114027876407, -0.00298808375373, 0.00273713492788], [-0.00149320927449, 0.00223498186097, -0.00629652291536, 0.00799652840942, -0.0075720786117, 0.00833449140191, -0.00418088957667, 0.00311569869518, 0.000367397879018, -0.000814461731352, 0.00331495935097, -0.00273928977549, 0.00120057410095], [0.00165195856243, -0.00394845148548, 0.00609014090151, -0.0075720786117, 0.0194231886417, -0.0217156019062, 0.0105546824634, -0.00750774750486, 0.00166997930501, 0.00766655569896, -0.00544147565961, -0.00450419774279, 0.00145040161442], [-0.000711016065907, 0.00371330510825, -0.00572683475912, 0.00833449140191, -0.0217156019062, 0.0384342372417, -0.0223258715123, 0.0130175082013, -0.00257489830256, -0.00562794972211, 0.0116273853928, -0.00514872698113, 0.000806456897408], [0.00142742914613, -0.00370519957505, 0.00429049693048, -0.00418088957667, 0.0105546824634, -0.0223258715123, 0.0326830632985, -0.0230583101511, 0.0101212831214, 0.00405907165259, -0.00936983712018, 0.00932636391371, -0.00531120691448], [-0.00273307971656, 0.00603787135333, -0.00802385527641, 0.00311569869518, -0.00750774750486, 0.0130175082013, -0.0230583101511, 0.0452660024166, -0.0288873743266, 0.00264209392481, 0.00225380109623, -0.00671983882785, 0.0109523301944], [0.000707685481757, -0.00627304147929, 0.00459404755384, 0.000367397879018, 0.00166997930501, -0.00257489830256, 0.0101212831214, -0.0288873743266, 0.0599604323506, -0.0323404073715, 0.0103334384039, -0.00326970685273, 0.00329450913705], [0.00027439155383, 0.00278663053177, -0.00174417172093, -0.000814461731352, 0.00766655569896, -0.00562794972211, 0.00405907165259, 0.00264209392481, -0.0323404073715, 0.0512282885611, -0.0237345509231, 0.0143587850034, -0.0101242428645], [-0.000144143021316, -0.00242915400304, -0.00114027876407, 0.00331495935097, -0.00544147565961, 0.0116273853928, -0.00936983712018, 0.00225380109623, 0.0103334384039, -0.0237345509231, 0.0420394316316, -0.0340813957155, 0.0117076933384], [0.000326572044287, 0.00399230606854, -0.00298808375373, -0.00273928977549, -0.00450419774279, -0.00514872698113, 0.00932636391371, -0.00671983882785, -0.00326970685273, 0.0143587850034, -0.0340813957155, 0.0811883583665, -0.0391907505691], [-0.000233711281908, -0.00127164728474, 0.00273713492788, 0.00120057410095, 0.00145040161442, 0.000806456897408, -0.00531120691448, 0.0109523301944, 0.00329450913705, -0.0101242428645, 0.0117076933384, -0.0391907505691, 0.0468112118542]]
    },
    "melbands": {
        "dmean": [0.000147628277773, 0.000281868124148, 0.000180122195161, 7.85457959864e-05, 0.000208777128137, 0.000223397699301, 0.000701990386005, 0.00154616357759, 0.000921726343222, 0.000226663294598, 1.74698998308e-05, 1.71831179614e-05, 7.43993077776e-05, 1.95661905309e-05, 1.96198038793e-06, 3.99410873797e-06, 2.16530384023e-06, 3.83815631722e-06, 2.50881453212e-06, 6.23238122444e-07, 4.60180615391e-07, 5.08981088387e-07, 6.15088595168e-07, 3.3385836673e-07, 2.12147867273e-07, 7.07973413228e-07, 1.06285415313e-06, 5.29230817392e-07, 5.70274607981e-07, 3.10425832595e-07, 2.25795886877e-07, 2.39610187691e-07, 1.08279628819e-07, 8.42233163212e-08, 1.059798862e-07, 8.07900448763e-08, 2.46754545685e-08, 2.39243611588e-08, 2.06643182565e-08, 1.9507371718e-08],
        "dmean2": [0.000211559759919, 0.000460815586848, 0.000310262315907, 0.000126371800434, 0.000372200360289, 0.000390931760194, 0.0011278790189, 0.00281712319702, 0.00140304467641, 0.000367573113181, 3.116249718e-05, 3.17955564242e-05, 0.000140834643389, 3.67607244698e-05, 3.26180543198e-06, 7.04270769347e-06, 3.69656299881e-06, 7.27618316887e-06, 4.73985755889e-06, 1.13494968446e-06, 7.79655408678e-07, 8.79942604115e-07, 1.10980306545e-06, 5.73752856781e-07, 3.52371159806e-07, 1.30093815187e-06, 1.85280555343e-06, 9.28303734327e-07, 1.06177355974e-06, 5.41533722753e-07, 3.58231062592e-07, 4.05461634045e-07, 1.94705350509e-07, 1.15895829822e-07, 1.73414690607e-07, 1.19053218839e-07, 3.68091939151e-08, 3.07161869273e-08, 3.09476284599e-08, 2.75714313602e-08],
        "dvar": [2.11163126096e-07, 6.3875700107e-07, 2.18804984797e-07, 7.34228109422e-08, 4.53237475995e-07, 9.84905796031e-07, 1.47398905028e-05, 0.000113660222269, 4.85136697534e-05, 1.78080904334e-06, 8.65492832958e-09, 1.81437798119e-08, 4.63466676592e-07, 2.60373855809e-08, 7.83122525161e-11, 2.8551205844e-10, 9.76172961908e-11, 5.7482668625e-10, 2.44617159861e-10, 8.06978876083e-12, 2.4720969629e-12, 5.96432191829e-12, 1.44803240579e-11, 3.74905141654e-12, 9.51695753454e-13, 3.40094688522e-11, 8.18724602003e-11, 1.81413911671e-11, 2.5570550885e-11, 5.76853885839e-12, 2.57192639581e-12, 3.66430930737e-12, 6.29333824637e-13, 2.65199835833e-13, 6.31552807013e-13, 3.47584347372e-13, 1.83178616725e-14, 1.13806965628e-14, 6.81086275635e-15, 5.48896704524e-15],
        "dvar2": [4.34104578062e-07, 1.67799657902e-06, 6.30100487342e-07, 1.94002666376e-07, 1.23089910176e-06, 2.53636426351e-06, 3.88463413401e-05, 0.000327229558025, 0.000115320595796, 3.96749965148e-06, 2.64501807123e-08, 5.36776596505e-08, 1.35294999382e-06, 7.48467883227e-08, 2.02622293943e-10, 6.59993781849e-10, 2.80360790139e-10, 1.69221925361e-09, 7.24988236112e-10, 2.37825384386e-11, 6.66732424479e-12, 1.63754391991e-11, 4.10836642484e-11, 9.93941040583e-12, 2.09139303098e-12, 9.78347750036e-11, 2.27031851652e-10, 5.00780562851e-11, 7.43177464013e-11, 1.64147011955e-11, 6.47153945016e-12, 9.76683317555e-12, 1.22997673244e-12, 5.58495795184e-13, 1.65219053716e-12, 8.19615642716e-13, 3.03550587444e-14, 1.96961299673e-14, 1.49948108129e-14, 8.49433184517e-15],
        "max": [0.00597505318001, 0.00839089974761, 0.00370517605916, 0.00258828606457, 0.00588759081438, 0.0110921896994, 0.0473667830229, 0.116035968065, 0.0847152769566, 0.0157593023032, 0.00099337962456, 0.00147638027556, 0.00730264792219, 0.00176285672933, 8.65727197379e-05, 0.000195996646653, 0.000110311179014, 0.000209820995224, 0.000149122744915, 2.58021063928e-05, 1.18082662084e-05, 2.44979437412e-05, 4.11604814872e-05, 2.20192905545e-05, 1.15430875667e-05, 6.45395411993e-05, 0.000104596445453, 4.92311955895e-05, 5.52463607164e-05, 2.77754970739e-05, 1.954214531e-05, 2.24285686272e-05, 9.03855925571e-06, 6.99946713212e-06, 9.56964595389e-06, 7.41124540582e-06, 1.82667770332e-06, 1.60559795859e-06, 1.03342142665e-06, 1.04368803022e-06],
        "mean": [0.000179913520697, 0.000462695548777, 0.000267627794528, 0.000103666396171, 0.000207434670301, 0.000309379742248, 0.000673030095641, 0.00107481295709, 0.000829841650557, 0.000212341561564, 1.53087530634e-05, 1.18555890367e-05, 4.51131272712e-05, 1.3260495507e-05, 2.1764117264e-06, 4.75696060676e-06, 2.5606075269e-06, 2.74787771559e-06, 1.74495050942e-06, 5.5580977687e-07, 5.42990221675e-07, 4.87527586301e-07, 4.67248469249e-07, 3.10026905481e-07, 2.36777765394e-07, 5.07013794504e-07, 7.91093896169e-07, 4.00747808271e-07, 3.78259045419e-07, 2.62020705577e-07, 2.02951866868e-07, 1.89941673057e-07, 1.30673782905e-07, 9.13851039286e-08, 9.62687920492e-08, 8.3261042505e-08, 3.87479275332e-08, 3.66847991984e-08, 3.29663336629e-08, 3.02791818285e-08],
        "median": [4.18130139224e-06, 5.98904307481e-06, 3.37425035468e-06, 4.60801629742e-06, 3.52064262188e-06, 2.03935655918e-06, 1.91350363821e-06, 1.3579044662e-06, 1.54765621119e-06, 1.20367383261e-06, 2.40564702381e-07, 1.36734797707e-07, 2.13272684846e-07, 1.7870260649e-07, 1.20097169543e-07, 9.94712081592e-08, 5.45826708276e-08, 4.03823001704e-08, 4.32343725265e-08, 4.44598420302e-08, 3.47264403899e-08, 2.68297739581e-08, 2.39763551235e-08, 2.8385104045e-08, 3.42375514606e-08, 2.30165113635e-08, 1.85409128051e-08, 1.42345450982e-08, 1.62628381872e-08, 2.05383550167e-08, 1.38539020256e-08, 1.20595800013e-08, 1.48756855722e-08, 1.52159387312e-08, 1.15589617877e-08, 9.54589740587e-09, 1.03545643171e-08, 9.48462286487e-09, 9.87157555699e-09, 8.18744094744e-09],
        "min": [1.54076076342e-07, 1.811340411e-07, 1.8168105953e-07, 1.84413352144e-07, 1.44791442835e-07, 4.59012632348e-08, 2.43488393892e-08, 1.9685217012e-08, 2.29308430022e-08, 5.73491298894e-09, 1.22096288635e-09, 1.20738219422e-08, 1.3915109065e-08, 8.94169538412e-09, 1.52011256915e-08, 1.18037348784e-08, 3.00333202752e-09, 3.64491836713e-09, 3.61963370388e-09, 2.44788167514e-09, 2.11965778263e-09, 1.32439403888e-09, 1.95925786706e-09, 1.48415435497e-09, 7.52884643518e-10, 9.40431621466e-10, 6.7550687266e-10, 1.04647679411e-09, 2.22671370231e-09, 1.63804336761e-09, 4.45322806408e-10, 8.12584444176e-10, 9.85955095345e-10, 1.50679879685e-09, 7.62234775298e-10, 7.57931162276e-10, 1.2961627327e-09, 5.39173206082e-10, 5.68668223622e-10, 1.26261656686e-09],
        "stdev": [0.000580094289035, 0.00119062920567, 0.000639429606963, 0.000275758182397, 0.000636002398096, 0.00122828606982, 0.00367239420302, 0.00848368834704, 0.00665153982118, 0.00131784717087, 7.40747855161e-05, 0.000103600534203, 0.000508537050337, 0.000123630263261, 8.58813837112e-06, 1.93823925656e-05, 9.64686842053e-06, 1.80818660738e-05, 1.15107886813e-05, 2.20084939428e-06, 1.6428143681e-06, 2.07380003303e-06, 2.9771804293e-06, 1.65410563113e-06, 1.00377530998e-06, 4.54134442407e-06, 7.54135999159e-06, 3.55166275767e-06, 3.86753663406e-06, 2.01165676117e-06, 1.4958814063e-06, 1.63336210335e-06, 8.5987625198e-07, 5.5096234064e-07, 7.13576298494e-07, 5.89858643707e-07, 1.7459554158e-07, 1.36281755658e-07, 9.8241365265e-08, 9.78818448516e-08],
        "var": [3.36509373255e-07, 1.41759778671e-06, 4.08870249657e-07, 7.60425677981e-08, 4.0449904759e-07, 1.50868663695e-06, 1.3486478565e-05, 7.19729650882e-05, 4.42429845862e-05, 1.7367210603e-06, 5.48707390635e-09, 1.07330713206e-08, 2.58609958337e-07, 1.52844421564e-08, 7.37561262065e-11, 3.7567715605e-10, 9.30620788764e-11, 3.26953880636e-10, 1.32498262362e-10, 4.84373825771e-12, 2.698839199e-12, 4.30064664436e-12, 8.86360342761e-12, 2.73606528059e-12, 1.00756490824e-12, 2.06238082168e-11, 5.68721111871e-11, 1.2614308903e-11, 1.4957838787e-11, 4.04676292476e-12, 2.23766122819e-12, 2.66787178287e-12, 7.39387121407e-13, 3.03559477902e-13, 5.09191159289e-13, 3.47933189421e-13, 3.04836010763e-14, 1.85727186397e-14, 9.65136529859e-15, 9.58085573496e-15]
