{
"lowlevel": {
    "average_loudness": 0.79734826088,
    "barkbands_crest": {
        "dmean": 5.58616065979,
        "dmean2": 9.96733856201,
        "dvar": 16.2123413086,
        "dvar2": 44.6812171936,
        "max": 26.5858535767,
        "mean": 16.0678958893,
        "median": 15.7911720276,
        "min": 5.77581691742,
        "stdev": 5.13077163696,
        "var": 26.3248195648
    },
    "barkbands_flatness_db": {
        "dmean": 0.0548621304333,
        "dmean2": 0.0928460881114,
        "dvar": 0.00163874286227,
        "dvar2": 0.00429105060175,
        "max": 0.603263616562,
        "mean": 0.318715125322,
        "median": 0.305347144604,
        "min": 0.126519992948,
        "stdev": 0.0830269604921,
        "var": 0.0068934764713
    },
    "barkbands_kurtosis": {
        "dmean": 19.1388015747,
        "dmean2": 34.0133743286,
        "dvar": 896.911560059,
        "dvar2": 2396.11157227,
        "max": 309.285827637,
        "mean": 22.1177825928,
        "median": 13.6906251907,
        "min": -1.46287810802,
        "stdev": 30.043586731,
        "var": 902.61706543
    },
    "barkbands_skewness": {
        "dmean": 1.56949138641,
        "dmean2": 2.63206934929,
        "dvar": 2.06409692764,
        "dvar2": 5.50155925751,
        "max": 12.4744033813,
        "mean": 2.51047110558,
        "median": 2.5272269249,
        "min": -2.64292812347,
        "stdev": 2.37881827354,
        "var": 5.65877628326
    },
    "barkbands_spread": {
        "dmean": 2.07792139053,
        "dmean2": 3.72453045845,
        "dvar": 3.0696387291,
        "dvar2": 9.23735332489,
        "max": 13.0503358841,
        "mean": 3.85023784637,
        "median": 3.49810743332,
        "min": 0.115250431001,
        "stdev": 2.2511947155,
        "var": 5.06787776947
    },
    "dissonance": {
        "dmean": 0.0598204880953,
        "dmean2": 0.102788954973,
        "dvar": 0.00345533597283,
        "dvar2": 0.00967222545296,
        "max": 0.499999880791,
        "mean": 0.40070950985,
        "median": 0.427888542414,
        "min": 0.0795799940825,
        "stdev": 0.0881617218256,
        "var": 0.00777248945087
    },
    "dynamic_complexity": 30.6255321503,
    "erbbands_crest": {
        "dmean": 3.69608902931,
        "dmean2": 6.23202896118,
        "dvar": 11.2744617462,
        "dvar2": 28.6901073456,
        "max": 30.6704425812,
        "mean": 12.2480211258,
        "median": 10.3967990875,
        "min": 3.41087174416,
        "stdev": 6.04642152786,
        "var": 36.5592155457
    },
    "erbbands_flatness_db": {
        "dmean": 0.0262912306935,
        "dmean2": 0.0381003059447,
        "dvar": 0.000937276287004,
        "dvar2": 0.00162576197181,
        "max": 0.545801222324,
        "mean": 0.24138854444,
        "median": 0.174817562103,
        "min": 0.0675571039319,
        "stdev": 0.122781805694,
        "var": 0.015075372532
    },
    "erbbands_kurtosis": {
        "dmean": 5.01496219635,
        "dmean2": 8.49054050446,
        "dvar": 54.193447113,
        "dvar2": 132.245727539,
        "max": 62.9405822754,
        "mean": 8.86970233917,
        "median": 7.25729608536,
        "min": -1.54457128048,
        "stdev": 7.71480989456,
        "var": 59.5182914734
    },
    "erbbands_skewness": {
        "dmean": 0.668804347515,
        "dmean2": 1.07845020294,
        "dvar": 0.529902040958,
        "dvar2": 1.19732391834,
        "max": 6.21189212799,
        "mean": 1.54280030727,
        "median": 1.49913430214,
        "min": -1.3496607542,
        "stdev": 0.992474317551,
        "var": 0.985005319118
    },
    "erbbands_spread": {
        "dmean": 2.70802593231,
        "dmean2": 4.22070360184,
        "dvar": 10.6404848099,
        "dvar2": 18.4461727142,
        "max": 60.0585975647,
        "mean": 11.1491413116,
        "median": 11.6044025421,
        "min": 0.945311486721,
        "stdev": 6.73828697205,
        "var": 45.4045143127
    },
    "hfc": {
        "dmean": 2.55148410797,
        "dmean2": 3.17225766182,
        "dvar": 117.871131897,
        "dvar2": 203.010269165,
        "max": 161.9012146,
        "mean": 3.05145573616,
        "median": 0.00154724542517,
        "min": 2.86275626422e-05,
        "stdev": 14.0383787155,
        "var": 197.076080322
    },
    "loudness_ebu128": {
        "integrated": -19.6756954193,
        "loudness_range": 7.02720069885,
        "momentary": {
            "dmean": 3.88158512115,
            "dmean2": 5.41661071777,
            "dvar": 58.9556236267,
            "dvar2": 86.9985580444,
            "max": -16.1092071533,
            "mean": -44.5194854736,
            "median": -55.2285461426,
            "min": -59.9321060181,
            "stdev": 16.5382080078,
            "var": 273.512298584
        },
        "short_term": {
            "dmean": 0.396690517664,
            "dmean2": 0.612775146961,
            "dvar": 0.930368125439,
            "dvar2": 1.32752203941,
            "max": -22.3853664398,
            "mean": -25.678565979,
            "median": -25.1570606232,
            "min": -31.0627193451,
            "stdev": 2.40119576454,
            "var": 5.76574134827
        }
    },
    "melbands_crest": {
        "dmean": 6.72334098816,
        "dmean2": 12.0536766052,
        "dvar": 26.4544315338,
        "dvar2": 76.8753356934,
        "max": 37.1618919373,
        "mean": 21.5803394318,
        "median": 21.2995052338,
        "min": 7.81069278717,
        "stdev": 6.7876124382,
        "var": 46.071685791
    },
    "melbands_flatness_db": {
        "dmean": 0.042056825012,
        "dmean2": 0.0689927116036,
        "dvar": 0.00111260893755,
        "dvar2": 0.00271231704392,
        "max": 0.698804080486,
        "mean": 0.422169864178,
        "median": 0.401269227266,
        "min": 0.246365398169,
        "stdev": 0.0796271562576,
        "var": 0.00634048460051
    },
    "melbands_kurtosis": {
        "dmean": 7.8779540062,
        "dmean2": 13.3930740356,
        "dvar": 113.745132446,
        "dvar2": 290.35559082,
        "max": 99.4245834351,
        "mean": 10.7169866562,
        "median": 7.80942487717,
        "min": -1.39135336876,
        "stdev": 12.1483392715,
        "var": 147.582138062
    },
    "melbands_skewness": {
        "dmean": 0.960907280445,
        "dmean2": 1.60734605789,
        "dvar": 0.767067909241,
        "dvar2": 1.87838733196,
        "max": 7.06553220749,
        "mean": 1.94351577759,
        "median": 2.04437398911,
        "min": -1.38491642475,
        "stdev": 1.50171720982,
        "var": 2.25515460968
    },
    "melbands_spread": {
        "dmean": 1.88546395302,
        "dmean2": 3.28468942642,
        "dvar": 2.70819878578,
        "dvar2": 7.43566513062,
        "max": 16.0184955597,
        "mean": 4.49733495712,
        "median": 4.37535333633,
        "min": 0.385585963726,
        "stdev": 2.26346993446,
        "var": 5.12329626083
    },
    "pitch_salience": {
        "dmean": 0.164622098207,
        "dmean2": 0.292519658804,
        "dvar": 0.014897512272,
        "dvar2": 0.0409784801304,
        "max": 0.790554285049,
        "mean": 0.41325378418,
        "median": 0.41569685936,
        "min": 0.0790605992079,
        "stdev": 0.164786964655,
        "var": 0.0271547436714
    },
    "silence_rate_20dB": {
        "dmean": 0.00464037107304,
        "dmean2": 0.00930232554674,
        "dvar": 0.00461886217818,
        "dvar2": 0.0138668296859,
        "max": 1,
        "mean": 0.997685194016,
        "median": 1,
        "min": 0,
        "stdev": 0.0480568408966,
        "var": 0.00230945996009
    },
    "silence_rate_30dB": {
        "dmean": 0.0232018567622,
        "dmean2": 0.0465116277337,
        "dvar": 0.0226635038853,
        "dvar2": 0.0443480983377,
        "max": 1,
        "mean": 0.972222208977,
        "median": 1,
        "min": 0,
        "stdev": 0.16433532536,
        "var": 0.0270060990006
    },
    "silence_rate_60dB": {
        "dmean": 0.041763342917,
        "dmean2": 0.0837209299207,
        "dvar": 0.0400191694498,
        "dvar2": 0.0767118707299,
        "max": 1,
        "mean": 0.872685194016,
        "median": 1,
        "min": 0,
        "stdev": 0.333324670792,
        "var": 0.111105330288
    },
    "spectral_centroid": {
        "dmean": 48.6386489868,
        "dmean2": 79.8556289673,
        "dvar": 2175.35644531,
        "dvar2": 4739.33447266,
        "max": 733.946716309,
        "mean": 386.785095215,
        "median": 369.998474121,
        "min": 248.839538574,
        "stdev": 76.8857574463,
        "var": 5911.41992188
    },
    "spectral_complexity": {
        "dmean": 0.36194896698,
        "dmean2": 0.604651153088,
        "dvar": 0.838833332062,
        "dvar2": 1.93672168255,
        "max": 9,
        "mean": 0.844907402992,
        "median": 0,
        "min": 0,
        "stdev": 1.81340682507,
        "var": 3.28844428062
    },
    "spectral_decrease": {
        "dmean": 1.84148507554e-09,
        "dmean2": 2.3294213225e-09,
        "dvar": 6.94757731511e-17,
        "dvar2": 1.2116258386e-16,
        "max": -9.79946985645e-14,
        "mean": -2.03224459483e-09,
        "median": -5.88773300947e-12,
        "min": -1.22800400959e-07,
        "stdev": 1.01763193427e-08,
        "var": 1.0355747389e-16
    },
    "spectral_energy": {
        "dmean": 0.0071815950796,
        "dmean2": 0.00906933564693,
        "dvar": 0.00105168495793,
        "dvar2": 0.0018332201289,
        "max": 0.47816196084,
        "mean": 0.007946934551,
        "median": 2.23677998292e-05,
        "min": 3.72451495423e-07,
        "stdev": 0.039667762816,
        "var": 0.00157353153918
    },
    "spectral_energyband_high": {
        "dmean": 1.4022174355e-07,
        "dmean2": 2.15906979406e-07,
        "dvar": 3.48490984334e-13,
        "dvar2": 7.7778088874e-13,
        "max": 6.22427842245e-06,
        "mean": 1.7018057008e-07,
        "median": 1.05538511264e-08,
        "min": 7.28685167761e-10,
        "stdev": 6.88389434345e-07,
        "var": 4.73880049784e-13
    },
    "spectral_energyband_low": {
        "dmean": 7.54084703658e-06,
        "dmean2": 1.28975580083e-05,
        "dvar": 7.26919774374e-11,
        "dvar2": 1.70570585434e-10,
        "max": 8.93972683116e-05,
        "mean": 1.04157734313e-05,
        "median": 7.45350462239e-06,
        "min": 2.28807010672e-07,
        "stdev": 1.02840194813e-05,
        "var": 1.05761059632e-10
    },
    "spectral_energyband_middle_high": {
        "dmean": 0.000581274507567,
        "dmean2": 0.00095448869979,
        "dvar": 8.12101734482e-06,
        "dvar2": 1.82757703442e-05,
        "max": 0.0301526300609,
        "mean": 0.000515127263498,
        "median": 1.09594495257e-07,
        "min": 2.42934761197e-09,
        "stdev": 0.00291958870366,
        "var": 8.52399807627e-06
    },
    "spectral_energyband_middle_low": {
        "dmean": 0.0070541696623,
        "dmean2": 0.00926629174501,
        "dvar": 0.00109468540177,
        "dvar2": 0.00197552028112,
        "max": 0.477317780256,
        "mean": 0.00745663093403,
        "median": 2.90805792247e-06,
        "min": 3.16419423996e-08,
        "stdev": 0.0389544554055,
        "var": 0.00151744950563
    },
    "spectral_entropy": {
        "dmean": 0.258677303791,
        "dmean2": 0.400049954653,
        "dvar": 0.0761820450425,
        "dvar2": 0.153032720089,
        "max": 8.03979682922,
        "mean": 6.21074581146,
        "median": 6.55840349197,
        "min": 3.70467042923,
        "stdev": 0.829666852951,
        "var": 0.688347101212
    },
    "spectral_flux": {
        "dmean": 0.0143634844571,
        "dmean2": 0.0199114400893,
        "dvar": 0.00164417724591,
        "dvar2": 0.00384596502408,
        "max": 0.477930337191,
        "mean": 0.0262500271201,
        "median": 0.00327122840099,
        "min": 0.000908481539227,
        "stdev": 0.0682681202888,
        "var": 0.00466053606942
    },
    "spectral_kurtosis": {
        "dmean": 10.3384370804,
        "dmean2": 15.9078683853,
        "dvar": 354.592254639,
        "dvar2": 873.891479492,
        "max": 234.530410767,
        "mean": 34.3630409241,
        "median": 14.5715665817,
        "min": 4.77968168259,
        "stdev": 36.8514442444,
        "var": 1358.02880859
    },
    "spectral_rms": {
        "dmean": 0.000516195956152,
        "dmean2": 0.00055951194372,
        "dvar": 2.09135055229e-06,
        "dvar2": 2.50270340985e-06,
        "max": 0.0215985998511,
        "mean": 0.000964720558841,
        "median": 0.00014772353461,
        "min": 1.90621958609e-05,
        "stdev": 0.0026119761169,
        "var": 6.82241898176e-06
    },
    "spectral_rolloff": {
        "dmean": 133.146026611,
        "dmean2": 239.619491577,
        "dvar": 16961.9570312,
        "dvar2": 42837.484375,
        "max": 882.861328125,
        "mean": 286.660980225,
        "median": 279.931640625,
        "min": 21.533203125,
        "stdev": 215.951309204,
        "var": 46634.96875
    },
    "spectral_skewness": {
        "dmean": 0.579707622528,
        "dmean2": 0.882964015007,
        "dvar": 0.668055832386,
        "dvar2": 1.49354195595,
        "max": 12.6725721359,
        "mean": 4.52153348923,
        "median": 3.45215153694,
        "min": 1.859354496,
        "stdev": 2.03641223907,
        "var": 4.14697504044
    },
    "spectral_spread": {
        "dmean": 488308.21875,
        "dmean2": 804953.8125,
        "dvar": 465369989120,
        "dvar2": 703378554880,
        "max": 15456185,
        "mean": 3570537,
        "median": 4191026.75,
        "min": 416028.3125,
        "stdev": 1663011,
        "var": 2.76560556851e+12
    },
    "spectral_strongpeak": {
        "dmean": 0.201493799686,
        "dmean2": 0.265644133091,
        "dvar": 0.499426454306,
        "dvar2": 0.889281630516,
        "max": 9.15716266632,
        "mean": 0.26631680131,
        "median": 0,
        "min": 0,
        "stdev": 0.947907984257,
        "var": 0.898529529572
    },
    "zerocrossingrate": {
        "dmean": 0.0047717881389,
        "dmean2": 0.00685751251876,
        "dvar": 2.06343793252e-05,
        "dvar2": 3.68995133613e-05,
        "max": 0.05029296875,
        "mean": 0.0163947213441,
        "median": 0.015625,
        "min": 0.00048828125,
        "stdev": 0.0069893640466,
        "var": 4.88512123411e-05
    },
    "barkbands": {
        "dmean": [1.58353886945e-05, 2.24719610742e-06, 1.56459225309e-06, 8.966702012e-07, 0.000657351396512, 0.00630619516596, 0.000165065008332, 0.000452849635622, 0.000333899748512, 0.000588476250414, 3.91404792026e-05, 3.63907815881e-06, 3.80959136237e-07, 8.72989076584e-08, 1.9479098512e-07, 7.22625941307e-07, 2.5904611789e-07, 6.09500546034e-07, 8.94693471309e-07, 1.06436978342e-07, 7.56616032049e-08, 1.00390797897e-08, 2.82692380615e-09, 9.74490488304e-10, 7.29145521738e-10, 6.02054406329e-10, 5.48035949954e-10],
        "dmean2": [2.86670438072e-05, 3.88978469346e-06, 2.66080292022e-06, 1.55366626586e-06, 0.00102209334727, 0.00869723875076, 0.000291455566185, 0.000690929999109, 0.000545153336134, 0.000939123623539, 6.72927417327e-05, 6.00978728471e-06, 6.81846074713e-07, 1.35254623501e-07, 2.93847364219e-07, 1.08096594431e-06, 4.13842144553e-07, 7.79835659159e-07, 1.39506425967e-06, 1.63798773656e-07, 1.20206166798e-07, 1.57289381519e-08, 4.83770756787e-09, 1.58340174305e-09, 1.15157461344e-09, 9.46593914364e-10, 9.08739750116e-10],
        "dvar": [4.73208361385e-10, 4.29392242249e-12, 2.37375674672e-11, 9.06156139707e-12, 5.17160924574e-06, 0.00109021703247, 6.27232680017e-07, 8.52861921885e-06, 2.32260390476e-06, 7.39572442399e-06, 5.42140377036e-08, 5.64230717703e-10, 4.53899027739e-12, 1.33545897864e-13, 1.20501807317e-12, 1.74945006398e-11, 1.9926272004e-12, 7.56748136377e-12, 2.20974558096e-11, 2.94454510687e-13, 9.93815761022e-14, 2.34740252376e-15, 1.40703845712e-16, 9.46069048608e-18, 4.36589815054e-18, 1.92887145114e-18, 9.00012211127e-19],
        "dvar2": [1.20332266373e-09, 1.22520483342e-11, 5.14379164263e-11, 2.03688871325e-11, 1.28609135572e-05, 0.00204955763184, 1.75671584657e-06, 2.10718626477e-05, 5.97472126174e-06, 1.6354930267e-05, 1.44746209685e-07, 1.47748313584e-09, 1.27405117706e-11, 2.97243593671e-13, 2.5508115585e-12, 3.71662839393e-11, 5.01040745352e-12, 1.06198522198e-11, 5.72013963973e-11, 6.59218285428e-13, 2.38492656613e-13, 5.98547234793e-15, 3.43761783608e-16, 2.54741403487e-17, 1.13651456335e-17, 4.41040088109e-18, 2.50769956337e-18],
        "max": [0.000254276645137, 1.52461025209e-05, 5.50156655663e-05, 4.4999171223e-05, 0.0198668595403, 0.461301773787, 0.00946807675064, 0.0526231341064, 0.020157366991, 0.0300155803561, 0.00294576236047, 0.000318452162901, 2.31063859246e-05, 3.95728056901e-06, 1.63376116689e-05, 5.80459382036e-05, 1.70254916156e-05, 5.58116371394e-05, 5.98636543145e-05, 6.31297280052e-06, 4.06884646509e-06, 7.30385352199e-07, 1.23816761288e-07, 3.62555745426e-08, 2.84574070974e-08, 2.68645266033e-08, 1.23126389084e-08],
        "mean": [1.42471944855e-05, 3.04044760924e-06, 1.50354890138e-06, 1.0212769439e-06, 0.000681684759911, 0.00589069537818, 0.000109329528641, 0.000407923129387, 0.000279719184618, 0.00052319112001, 2.84313100565e-05, 2.87233820018e-06, 3.00121399732e-07, 8.49965928751e-08, 1.97906800281e-07, 6.31557554698e-07, 2.22872415634e-07, 8.57105874275e-07, 7.78151218128e-07, 1.02578766814e-07, 8.26156352218e-08, 1.14741052215e-08, 4.24813917377e-09, 1.99445460147e-09, 2.2011579226e-09, 2.69466116087e-09, 2.99476199395e-09],
        "median": [8.41311339173e-06, 2.27897180594e-06, 4.10982863741e-07, 3.43412352777e-07, 6.84513111082e-07, 7.9753499449e-07, 2.43786246301e-07, 2.56041602142e-07, 1.24901788467e-07, 7.6719310016e-08, 2.15632951495e-08, 9.91210313828e-09, 3.73070108139e-09, 1.88832882664e-09, 1.25051058397e-09, 1.31994715158e-09, 8.33897728647e-10, 6.58318677349e-10, 6.18162798727e-10, 6.05905492446e-10, 6.00942906548e-10, 7.18020642942e-10, 8.58514481727e-10, 1.20643584012e-09, 1.71331637766e-09, 2.437083646e-09, 2.8948452524e-09],
        "min": [8.40730010054e-08, 7.42964232359e-08, 5.18919218706e-09, 8.241226368e-09, 1.49500305469e-08, 1.04908048915e-09, 9.72360081342e-10, 7.57443163746e-10, 8.19434520238e-10, 5.26630683506e-10, 3.41928346748e-10, 3.71165154167e-10, 2.82611378744e-10, 2.13322706721e-10, 2.02783456693e-10, 1.8603120433e-10, 1.34807928709e-10, 1.06567796254e-10, 1.16913728698e-10, 1.06854164406e-10, 1.2468535926e-10, 7.10487432776e-11, 9.57948442792e-11, 8.79174372193e-11, 9.97129045999e-11, 1.01317829126e-10, 1.08439243696e-10],
        "stdev": [2.08814562939e-05, 2.53238135883e-06, 5.20065714227e-06, 3.18323122883e-06, 0.00257889321074, 0.0364299714565, 0.000624266278464, 0.00289753754623, 0.0015020633582, 0.0028833844699, 0.000202667200938, 2.05744236155e-05, 1.80916094905e-06, 3.95270916442e-07, 1.16670923944e-06, 4.29941474067e-06, 1.37505367093e-06, 4.73198088002e-06, 4.49995104645e-06, 5.58381486826e-07, 3.58753084129e-07, 5.02682233616e-08, 1.42337981401e-08, 3.30646021673e-09, 2.397443577e-09, 1.7144321518e-09, 9.43523370545e-10],
        "var": [4.36035235696e-10, 6.41295523629e-12, 2.70468352576e-11, 1.01329604429e-11, 6.65069001116e-06, 0.0013271428179, 3.89708361581e-07, 8.39572385303e-06, 2.25619419325e-06, 8.31390661915e-06, 4.10739922074e-08, 4.23306917297e-10, 3.27306346089e-12, 1.56239103144e-13, 1.36121040654e-12, 1.84849652946e-11, 1.89077269466e-12, 2.23916440945e-11, 2.02495607088e-11, 3.11789900538e-13, 1.287037832e-13, 2.526894311e-15, 2.0260101656e-16, 1.09326798928e-17, 5.74773603745e-18, 2.93927753246e-18, 8.90236383853e-19]
    },
    "erbbands": {
        "dmean": [0.000150960331666, 0.00039133176324, 0.0016204174608, 0.00271424814127, 0.0319132357836, 1.52510643005, 35.5667190552, 48.7338600159, 3.4176325798, 4.30608415604, 11.1937494278, 7.25649356842, 11.6648635864, 16.3390636444, 0.960443973541, 0.18205216527, 0.0355398207903, 0.00454533658922, 0.0106222126633, 0.0212929006666, 0.0333181284368, 0.0172012299299, 0.0260472148657, 0.0455949269235, 0.0259887874126, 0.00622119382024, 0.00418798159808, 0.00226215296425, 0.000360088888556, 9.97430252028e-05, 7.91697457316e-05, 3.10956093017e-05, 1.52815791807e-05, 1.04079717858e-05, 7.70989208831e-06, 5.15822375746e-06, 2.8157126053e-06, 6.11013831531e-07, 3.381620445e-06, 7.96971198724e-06],
        "dmean2": [0.000267342606094, 0.000674827722833, 0.0027094183024, 0.00455223117024, 0.0455218851566, 2.13985800743, 46.0522727966, 75.5991516113, 5.78157234192, 7.21899652481, 17.32396698, 12.1628370285, 20.7969703674, 27.7585163116, 1.55701887608, 0.289673000574, 0.0625473856926, 0.00679974444211, 0.0162174329162, 0.0330245271325, 0.0526768043637, 0.0271442346275, 0.0327923260629, 0.0698750242591, 0.0418755970895, 0.00941383931786, 0.00677854055539, 0.00340552139096, 0.000556753773708, 0.000159375442308, 0.000124509097077, 4.80798771605e-05, 2.43930317083e-05, 1.57330832735e-05, 1.03859783849e-05, 6.44100327918e-06, 3.61828051609e-06, 8.87758744739e-07, 4.25479083788e-06, 1.00433198895e-05],
        "dvar": [2.45970568358e-08, 2.26674941928e-07, 2.24695759243e-05, 4.83851508761e-05, 0.0101342508569, 31.2547283173, 25163.5957031, 86803.1796875, 270.519226074, 345.54901123, 5518.38476562, 1507.24182129, 2895.41333008, 7371.72460938, 21.9531326294, 1.36245036125, 0.0621191374958, 0.000438488728832, 0.00268533988856, 0.0148667618632, 0.0405280329287, 0.00878501683474, 0.0151555743068, 0.0425347052515, 0.0222261287272, 0.00116531550884, 0.000331055081915, 8.64258618094e-05, 2.05415949495e-06, 1.25590460698e-07, 1.02401280344e-07, 9.57466195217e-09, 2.30792118749e-09, 9.27426802022e-10, 4.83007911445e-10, 2.33515706771e-10, 8.14668402183e-11, 2.29238264655e-12, 2.23000215516e-10, 1.28720090142e-09],
        "dvar2": [7.04796363493e-08, 5.97860207563e-07, 5.13977174705e-05, 0.000105461884232, 0.0210865288973, 64.7693481445, 43438.953125, 200145.171875, 695.475646973, 907.583862305, 13772.4472656, 3836.70898438, 7225.75341797, 17601.5742188, 49.4815406799, 3.60623502731, 0.172821909189, 0.000978384632617, 0.00512283202261, 0.030085567385, 0.104061774909, 0.021836521104, 0.0219080690295, 0.0977157428861, 0.0574097298086, 0.00292486348189, 0.000773603154812, 0.000198184978217, 5.00477381138e-06, 2.98953125366e-07, 2.40469717028e-07, 2.3561085527e-08, 6.34483754425e-09, 1.8542485325e-09, 7.93779986186e-10, 3.39283129369e-10, 1.34419628206e-10, 4.58865194106e-12, 3.87600396223e-10, 2.2420862944e-09],
        "max": [0.00125624903012, 0.00501053407788, 0.0568835698068, 0.0793044641614, 1.2677770853, 68.1184158325, 2096.55224609, 3518.85229492, 189.578948975, 230.612457275, 1318.62280273, 612.684509277, 517.258911133, 742.721557617, 48.2189483643, 16.0201511383, 3.26440167427, 0.2489772439, 0.631785690784, 1.46801400185, 2.64199781418, 1.23347258568, 2.34904408455, 2.62934303284, 2.00017595291, 0.400948256254, 0.171556040645, 0.122753098607, 0.0180555675179, 0.00397188775241, 0.00375375570729, 0.000917921832297, 0.000593264296185, 0.000368271925254, 0.000294939469313, 0.00023139276891, 0.000139579802635, 2.11150509131e-05, 0.000221346621402, 0.000529567652848],
        "mean": [0.000178734524525, 0.000515634834301, 0.00171783019323, 0.00439921719953, 0.0522958375514, 2.13461899757, 38.0702590942, 38.543170929, 2.78649711609, 3.70772743225, 10.5229539871, 6.51241111755, 10.6936826706, 12.9869003296, 0.950085580349, 0.147732689977, 0.0278259534389, 0.00502794794738, 0.0106553770602, 0.0210399739444, 0.0251250397414, 0.0151491714641, 0.0392200984061, 0.0523846782744, 0.0217435378581, 0.00537284323946, 0.00435477681458, 0.002352274023, 0.000439240102423, 0.00015776354121, 0.000115364833619, 5.59305772185e-05, 3.46374436049e-05, 2.72527940979e-05, 2.10375310417e-05, 1.38898139994e-05, 7.29462135496e-06, 2.26864517572e-06, 4.15209251514e-06, 8.88524300535e-06],
        "median": [0.000136801943881, 0.000314620381687, 0.00056590361055, 0.00102982227691, 0.00123025360517, 0.00266663357615, 0.0073512964882, 0.00493690744042, 0.00345102557912, 0.00445749890059, 0.00531907333061, 0.00309496792033, 0.00263448432088, 0.00177692901343, 0.000747774844058, 0.000380276353098, 0.000184987438843, 0.000111702189315, 7.68850295572e-05, 6.46819244139e-05, 7.28138693376e-05, 4.50964435004e-05, 3.50720983988e-05, 3.24593711412e-05, 3.142755304e-05, 2.85384885501e-05, 2.46254894591e-05, 2.45137161983e-05, 2.50991106441e-05, 2.57537612924e-05, 2.4907203624e-05, 2.38659504248e-05, 2.09527097468e-05, 1.76226167241e-05, 1.34981055453e-05, 8.78556056705e-06, 4.65813582196e-06, 1.80915390047e-06, 4.51498209486e-07, 6.32620498209e-08],
        "min": [6.39370000499e-06, 1.39625226439e-05, 1.75889763341e-05, 3.16341138387e-05, 5.97962753091e-05, 4.13138513977e-05, 1.1561737665e-05, 1.10079790829e-05, 1.43284205478e-05, 1.56022233568e-05, 1.64161829161e-05, 1.90490700334e-05, 2.08046294574e-05, 1.26541408463e-05, 1.51104777615e-05, 1.3824391317e-05, 1.31651813717e-05, 1.20142167361e-05, 9.52162645262e-06, 1.10245355245e-05, 1.03552674773e-05, 9.85937913356e-06, 6.28288808002e-06, 5.93430286244e-06, 5.80923551752e-06, 5.2550340115e-06, 4.84644579046e-06, 4.48888067694e-06, 2.41037491833e-06, 3.66870153812e-06, 2.25266489906e-06, 1.79768699127e-06, 1.46402487644e-06, 9.42494864375e-07, 7.3181689686e-07, 3.93713946778e-07, 2.04848547014e-07, 7.538253044e-08, 1.45961225329e-08, 1.89767779268e-09],
        "stdev": [0.000156788883032, 0.00057875161292, 0.00491393124685, 0.00952705275267, 0.154792308807, 7.67909574509, 196.690322876, 280.040008545, 15.1917572021, 17.3595333099, 72.6883621216, 37.6546783447, 53.4823875427, 80.4323043823, 5.05956697464, 1.01062083244, 0.203112572432, 0.0230657625943, 0.0576223954558, 0.133151099086, 0.178777381778, 0.0925722792745, 0.21374233067, 0.261793643236, 0.135494560003, 0.0318754129112, 0.0197041686624, 0.0104938196018, 0.0016670624027, 0.000482990959426, 0.000389792403439, 0.00012609474652, 5.81997737754e-05, 4.32253254985e-05, 3.45354928868e-05, 2.3364666049e-05, 1.27055209305e-05, 2.18078889702e-06, 1.84346063179e-05, 4.39929972345e-05],
        "var": [2.45827553869e-08, 3.34953398351e-07, 2.41467187152e-05, 9.07647336135e-05, 0.0239606611431, 58.9685096741, 38687.0820312, 78422.40625, 230.789489746, 301.353393555, 5283.59814453, 1417.87475586, 2860.3659668, 6469.35595703, 25.5992202759, 1.02135455608, 0.0412547141314, 0.000532029371243, 0.00332034053281, 0.0177292153239, 0.0319613516331, 0.00856962706894, 0.0456857830286, 0.0685359090567, 0.0183587744832, 0.00101604196243, 0.000388254265999, 0.000110120250611, 2.77909703073e-06, 2.33280260886e-07, 1.51938124304e-07, 1.58998858524e-08, 3.38721384274e-09, 1.86842874506e-09, 1.19270027188e-09, 5.45907652416e-10, 1.61430271928e-10, 4.75583981918e-12, 3.39834715923e-10, 1.93538385318e-09]
    },
    "gfcc": {
        "mean": [-461.077850342, 140.991104126, -31.6370677948, -17.564781189, -66.0658874512, -13.3510084152, -19.7190036774, 10.236158371, -15.4705953598, -2.20402026176, -9.50812244415, 6.31121301651, 0.710929095745],
        "cov": [[9989.84375, 2466.56494141, -2769.04467773, -1468.83422852, -1620.07177734, -2887.69921875, 245.659561157, -560.677490234, -480.155517578, -935.752746582, 220.316848755, -35.8233718872, 774.194824219], [2466.56494141, 889.020751953, -526.745544434, -428.904052734, -532.656005859, -811.365722656, 57.8352355957, -116.507270813, -129.409164429, -247.287780762, 56.4494857788, -26.0098247528, 198.001998901], [-2769.04467773, -526.745544434, 990.753051758, 417.703552246, 374.888916016, 733.200134277, -97.8875045776, 118.062889099, 122.5313797, 269.534393311, -50.273273468, 9.13519859314, -194.8099823], [-1468.83422852, -428.904052734, 417.703552246, 359.591064453, 337.257293701, 449.1199646, -51.8739204407, 36.5222740173, 64.7300186157, 157.717575073, -24.7950592041, 2.88040399551, -121.254165649], [-1620.07177734, -532.656005859, 374.888916016, 337.257293701, 432.467559814, 564.152709961, -43.8822059631, 78.5545349121, 77.5385742188, 162.260314941, -25.6469764709, 17.7206478119, -139.890594482], [-2887.69921875, -811.365722656, 733.200134277, 449.1199646, 564.152709961, 954.766479492, -39.154083252, 169.533294678, 144.512863159, 272.631622314, -73.2853622437, 11.312251091, -236.712936401], [245.659561157, 57.8352355957, -97.8875045776, -51.8739204407, -43.8822059631, -39.154083252, 66.5594482422, 19.3555679321, -3.41122770309, -26.4475593567, -5.27990531921, -16.9476318359, 5.56722688675], [-560.677490234, -116.507270813, 118.062889099, 36.5222740173, 78.5545349121, 169.533294678, 19.3555679321, 128.461181641, 55.1975212097, 36.7955818176, -11.5077381134, 6.31477165222, -65.3463363647], [-480.155517578, -129.409164429, 122.5313797, 64.7300186157, 77.5385742188, 144.512863159, -3.41122770309, 55.1975212097, 58.7190475464, 58.2221717834, -8.71582221985, 6.95549964905, -41.8733520508], [-935.752746582, -247.287780762, 269.534393311, 157.717575073, 162.260314941, 272.631622314, -26.4475593567, 36.7955818176, 58.2221717834, 122.530914307, -5.57123804092, 4.49358224869, -70.0110244751], [220.316848755, 56.4494857788, -50.273273468, -24.7950592041, -25.6469764709, -73.2853622437, -5.27990531921, -11.5077381134, -8.71582221985, -5.57123804092, 40.4349746704, 19.1035423279, 22.0070514679], [-35.8233718872, -26.0098247528, 9.13519859314, 2.88040399551, 17.7206478119, 11.312251091, -16.9476318359, 6.31477165222, 6.95549964905, 4.49358224869, 19.1035423279, 44.9151763916, 23.8350658417], [774.194824219, 198.001998901, -194.8099823, -121.254165649, -139.890594482, -236.712936401, 5.56722688675, -65.3463363647, -41.8733520508, -70.0110244751, 22.0070514679, 23.8350658417, 111.850097656]],
        "icov": [[0.0038636084646, -0.00264073163271, 0.00375765468925, 0.00130312307738, -0.0029385345988, 0.00486548757181, -0.00415713898838, 0.00615458283573, -0.00516478857026, 0.00615145266056, -0.00361712975428, 0.000550952798221, -0.00117506610695], [-0.00264073163271, 0.0109431855381, -0.00691002281383, 0.00219672266394, 0.00128625170328, 0.00336727173999, -0.000878868973814, -0.00516189122573, 0.00314718857408, 0.00306874420494, -0.00337194022723, 0.00656459713355, -0.00262091844343], [0.00375765468925, -0.00691002281383, 0.0114954477176, -0.00571727519855, 0.0058629475534, -0.00391776720062, 0.0036977129057, 0.00332692079246, -0.0013947506668, -0.00171081908047, -0.00141644699033, -0.00241018319502, 4.70885279356e-05], [0.00130312307738, 0.00219672266394, -0.00571727519855, 0.0221436303109, -0.0202531591058, 0.0127161294222, -0.00749882450327, 0.00768332136795, -0.0023538407404, -0.00352846295573, 0.00492752110586, -0.00035554979695, 0.00359864183702], [-0.0029385345988, 0.00128625170328, 0.0058629475534, -0.0202531591058, 0.0352681726217, -0.0242773704231, 0.0143501758575, -0.00684503139928, 0.00434390921146, 0.00317391124554, -0.0117777846754, 0.00108532560989, 3.44773543475e-05], [0.00486548757181, 0.00336727173999, -0.00391776720062, 0.0127161294222, -0.0242773704231, 0.0321889854968, -0.0188088063151, 0.0051040397957, 1.77964266186e-05, -0.00515394983813, 0.0144531223923, -0.00870966352522, 0.00479351449758], [-0.00415713898838, -0.000878868973814, 0.0036977129057, -0.00749882450327, 0.0143501758575, -0.0188088063151, 0.0369010828435, -0.0156396012753, 0.00466579897329, -0.00381586211734, -0.00391286518425, 0.0164407547563, -0.00756597518921], [0.00615458283573, -0.00516189122573, 0.00332692079246, 0.00768332136795, -0.00684503139928, 0.0051040397957, -0.0156396012753, 0.0372405312955, -0.0317123383284, 0.0250044483691, -0.0102339582518, -0.00921076536179, 0.0131931258366], [-0.00516478857026, 0.00314718857408, -0.0013947506668, -0.0023538407404, 0.00434390921146, 1.77964266186e-05, 0.00466579897329, -0.0317123383284, 0.0735892280936, -0.0524810478091, 0.0298394560814, -0.0187044404447, 0.00472258636728], [0.00615145266056, 0.00306874420494, -0.00171081908047, -0.00352846295573, 0.00317391124554, -0.00515394983813, -0.00381586211734, 0.0250044483691, -0.0524810478091, 0.0844995379448, -0.0507195629179, 0.0288351103663, -0.00987693294883], [-0.00361712975428, -0.00337194022723, -0.00141644699033, 0.00492752110586, -0.0117777846754, 0.0144531223923, -0.00391286518425, -0.0102339582518, 0.0298394560814, -0.0507195629179, 0.076968960464, -0.0457193218172, 0.0179762281477], [0.000550952798221, 0.00656459713355, -0.00241018319502, -0.00035554979695, 0.00108532560989, -0.00870966352522, 0.0164407547563, -0.00921076536179, -0.0187044404447, 0.0288351103663, -0.0457193218172, 0.0767576321959, -0.0396073646843], [-0.00117506610695, -0.00262091844343, 4.70885279356e-05, 0.00359864183702, 3.44773543475e-05, 0.00479351449758, -0.00756597518921, 0.0131931258366, 0.00472258636728, -0.00987693294883, 0.0179762281477, -0.0396073646843, 0.0444581769407]]
    },
    "melbands": {
        "dmean": [1.49426489315e-06, 6.49958735721e-07, 5.27249198967e-07, 3.26012996084e-05, 0.000983669422567, 0.00110168487299, 3.17220001307e-05, 5.69435323996e-05, 8.40114735183e-05, 4.65117118438e-05, 6.39069330646e-05, 7.54945431254e-05, 3.75971603717e-06, 4.12761721691e-07, 2.92784164913e-07, 1.86086577258e-08, 6.23684970336e-09, 1.71021135031e-08, 1.43362095528e-08, 5.24607628449e-08, 2.97116748982e-08, 1.71659326753e-08, 1.23484094061e-08, 4.01165003439e-08, 4.01879276524e-08, 3.20607398407e-08, 5.20699527939e-09, 3.96637300781e-09, 2.7906073008e-09, 2.58751797766e-09, 8.28887569693e-10, 2.61062699236e-10, 5.0615140551e-11, 6.03464847537e-11, 5.76120193219e-11, 2.58963319538e-11, 1.6143314116e-11, 1.03692297804e-11, 8.29245266204e-12, 7.24892628562e-12],
        "dmean2": [2.64341201728e-06, 1.08741073745e-06, 9.22071819787e-07, 5.06326032337e-05, 0.00122289417777, 0.00164090993349, 5.6357592257e-05, 8.79025246832e-05, 0.000131128937937, 7.85409210948e-05, 0.000109761218482, 0.000129155901959, 6.33443096376e-06, 5.97046380335e-07, 5.42170880635e-07, 3.03804590374e-08, 9.76115632767e-09, 2.64469424138e-08, 2.10105479681e-08, 8.42243537136e-08, 5.06869426431e-08, 2.82441217081e-08, 1.98131200335e-08, 5.0691845388e-08, 6.35954293671e-08, 5.13021944926e-08, 8.64410232282e-09, 6.19681772562e-09, 4.66340921434e-09, 3.89977650173e-09, 1.25607013679e-09, 4.22284623935e-10, 8.02397315258e-11, 1.02060984664e-10, 9.29720189724e-11, 4.17192842772e-11, 2.64157012236e-11, 1.78161096986e-11, 1.4199428959e-11, 1.15635773526e-11],
        "dvar": [2.70771165906e-12, 2.6925937608e-12, 2.1068459477e-12, 1.12563505184e-08, 1.8840219127e-05, 4.02813311666e-05, 1.80185235621e-08, 6.82993146484e-08, 2.64600032551e-07, 5.74377061469e-08, 8.26096382411e-08, 1.58555593543e-07, 3.87725157536e-10, 6.25880033564e-12, 6.69644764986e-12, 8.25097080909e-15, 8.10314863084e-16, 6.59946959073e-15, 6.67999658951e-15, 1.06282224775e-13, 3.45786733394e-14, 1.0260235451e-14, 3.64856223305e-15, 3.69737843586e-14, 3.42560791474e-14, 4.15677658039e-14, 7.97122748447e-16, 5.44469602122e-16, 1.86035143225e-16, 1.37745927251e-16, 1.10735652947e-17, 1.45136676009e-18, 4.37179300148e-20, 5.80828390053e-20, 5.8887976547e-20, 9.28242777141e-21, 2.73929180121e-21, 1.07107509889e-21, 1.0085722736e-21, 3.04696830444e-22],
        "dvar2": [7.11670175915e-12, 5.98578608554e-12, 5.60655384965e-12, 2.76556715306e-08, 3.10173090838e-05, 8.77866332303e-05, 5.12027291677e-08, 1.64312695006e-07, 6.53888605484e-07, 1.50833812995e-07, 2.00048205556e-07, 3.761884102e-07, 9.7481867023e-10, 1.38794722243e-11, 1.95866066421e-11, 2.30133718749e-14, 2.03327484955e-15, 1.31490972218e-14, 1.54072870591e-14, 2.06616367353e-13, 9.58907906963e-14, 2.60567460078e-14, 8.82013798613e-15, 4.74538858458e-14, 8.66903527045e-14, 1.06137375364e-13, 2.15849681235e-15, 1.39527883401e-15, 4.21380441823e-16, 3.23192859033e-16, 2.48415953343e-17, 3.69786212476e-18, 1.22325860053e-19, 1.44717199795e-19, 1.46494190546e-19, 2.33761548069e-20, 7.06960573394e-21, 3.13662889702e-21, 3.04850770654e-21, 7.0368770688e-22],
        "max": [1.81932718988e-05, 1.99528531084e-05, 1.87229506992e-05, 0.000755225075409, 0.0605476871133, 0.0809081271291, 0.0012182018254, 0.00405106879771, 0.00891022384167, 0.00355966342613, 0.00265707285143, 0.00343361939304, 0.00024293961178, 3.66729109373e-05, 3.44263789884e-05, 1.03433171716e-06, 3.3427917856e-07, 8.54291101859e-07, 1.20684137528e-06, 4.36140317106e-06, 2.18870013668e-06, 1.3819275182e-06, 7.03442026406e-07, 4.16721377405e-06, 2.02449064091e-06, 3.02078410641e-06, 3.43145472925e-07, 2.626981086e-07, 1.36141778739e-07, 1.85019899845e-07, 3.75995412583e-08, 1.63080340343e-08, 3.0036206855e-09, 2.60776222838e-09, 2.91745938519e-09, 1.10102904571e-09, 5.92511761877e-10, 4.13935080656e-10, 4.50940146335e-10, 2.45397951959e-10],
        "mean": [1.90007904166e-06, 7.63813773119e-07, 7.12892358479e-07, 3.86063657061e-05, 0.00106991501525, 0.000914737523999, 2.35458937823e-05, 5.05935313413e-05, 8.12453217804e-05, 3.78281183657e-05, 5.69052353967e-05, 5.98461447225e-05, 2.9781028843e-06, 3.78590300443e-07, 1.9183580946e-07, 1.57898529807e-08, 6.2194716044e-09, 1.64505511435e-08, 1.37138602696e-08, 5.09697386519e-08, 2.03945091926e-08, 1.3805821375e-08, 1.34473854274e-08, 5.71193794485e-08, 4.15002858745e-08, 2.66388742176e-08, 4.4036658764e-09, 3.29374238994e-09, 2.65040767111e-09, 2.67898681017e-09, 8.789695638e-10, 2.86405732464e-10, 7.45819309089e-11, 8.59242885176e-11, 7.38079528051e-11, 3.85365246658e-11, 2.77682772609e-11, 2.11759360047e-11, 1.91072904027e-11, 1.89890967534e-11],
        "median": [1.43472880154e-06, 3.12697125082e-07, 1.74831910726e-07, 1.35353928954e-07, 2.35926435721e-07, 1.21410494103e-07, 4.97441092762e-08, 4.75416186418e-08, 4.01905069225e-08, 1.78122299133e-08, 1.26291110902e-08, 7.53507123363e-09, 2.70129940638e-09, 1.28507937625e-09, 5.65846758338e-10, 3.43224282329e-10, 1.91873614219e-10, 1.24266499868e-10, 9.39651828569e-11, 8.22594214966e-11, 8.50032128019e-11, 4.9337416097e-11, 3.42999864622e-11, 3.00696412214e-11, 2.60353943266e-11, 2.34876701422e-11, 2.17464570657e-11, 1.81989735781e-11, 1.49921568215e-11, 1.4428458428e-11, 1.44854909317e-11, 1.40359911194e-11, 1.4168006178e-11, 1.41134916254e-11, 1.42323063057e-11, 1.40994976111e-11, 1.48032211489e-11, 1.48327496119e-11, 1.48509399223e-11, 1.46179769678e-11],
        "min": [5.39748761241e-08, 1.16663878558e-08, 6.39008268521e-09, 3.85235132683e-09, 5.8305715811e-10, 2.29764901549e-10, 2.1599433353e-10, 1.65415972586e-10, 1.36279973417e-10, 1.182685061e-10, 1.01106373274e-10, 4.97390670318e-11, 4.88362614237e-11, 4.31296179326e-11, 3.03586773776e-11, 2.8465995186e-11, 2.14542567739e-11, 1.4904816964e-11, 1.54919393286e-11, 1.33249748041e-11, 1.15561483993e-11, 9.51680054206e-12, 7.23638033176e-12, 4.78223797368e-12, 4.79268664685e-12, 4.40602459031e-12, 4.00605850576e-12, 3.26332992746e-12, 2.9510283106e-12, 2.63223687638e-12, 2.63367648003e-12, 1.13408967547e-12, 1.64367965853e-12, 2.28592492157e-12, 1.32635764351e-12, 1.06622219734e-12, 1.04018009484e-12, 1.07174967685e-12, 7.34042167327e-13, 8.55933433939e-13],
        "stdev": [1.73109765456e-06, 1.76732351065e-06, 1.73165221895e-06, 0.000129069769173, 0.00546408584341, 0.00631210347638, 0.000112052868644, 0.00027058593696, 0.000512919796165, 0.000221948430408, 0.000292592245387, 0.000374024704797, 1.87536898011e-05, 2.5343742891e-06, 1.92697370949e-06, 8.38079898813e-08, 2.83129057976e-08, 8.81305339817e-08, 8.4057248273e-08, 3.51222723793e-07, 1.51462799636e-07, 9.41406099741e-08, 6.79042244656e-08, 3.3299511415e-07, 2.09772267112e-07, 1.82836160434e-07, 2.47343248105e-08, 2.11792681171e-08, 1.40809941485e-08, 1.33728734752e-08, 3.757889111e-09, 1.2496161883e-09, 2.28659299828e-10, 2.87821239064e-10, 2.71399930307e-10, 1.09914737034e-10, 5.54829203414e-11, 3.16959340718e-11, 2.71206251901e-11, 2.13271535848e-11],
