{
"lowlevel": {
    "average_loudness": 0.984929561615,
    "barkbands_crest": {
        "dmean": 0.553393602371,
        "dmean2": 0.625759005547,
        "dvar": 1.52936661243,
        "dvar2": 1.58890283108,
        "max": 25.0741882324,
        "mean": 14.9269838333,
        "median": 14.957909584,
        "min": 6.0041847229,
        "stdev": 2.43004369736,
        "var": 5.90511226654
    },
    "barkbands_flatness_db": {
        "dmean": 0.00707180891186,
        "dmean2": 0.0108769461513,
        "dvar": 0.000144652236486,
        "dvar2": 0.000115414673928,
        "max": 0.374588310719,
        "mean": 0.338841289282,
        "median": 0.341638296843,
        "min": 0.0733833834529,
        "stdev": 0.0251073800027,
        "var": 0.000630380527582
    },
    "barkbands_kurtosis": {
        "dmean": 0.616137802601,
        "dmean2": 0.832653224468,
        "dvar": 13.0644369125,
        "dvar2": 29.5776977539,
        "max": 53.2485809326,
        "mean": 3.12024736404,
        "median": 2.80381298065,
        "min": 1.04656362534,
        "stdev": 3.41264677048,
        "var": 11.6461582184
    },
    "barkbands_skewness": {
        "dmean": 0.0759430378675,
        "dmean2": 0.103642970324,
        "dvar": 0.0843758136034,
        "dvar2": 0.195643723011,
        "max": 3.16692042351,
        "mean": 0.344293653965,
        "median": 0.322867900133,
        "min": -2.76011419296,
        "stdev": 0.30527061224,
        "var": 0.0931901484728
    },
    "barkbands_spread": {
        "dmean": 0.118685521185,
        "dmean2": 0.108567818999,
        "dvar": 0.459447085857,
        "dvar2": 0.430435568094,
        "max": 13.2525453568,
        "mean": 2.9955675602,
        "median": 2.87329268456,
        "min": 0.900719285011,
        "stdev": 0.820333361626,
        "var": 0.672946870327
    },
    "dissonance": {
        "dmean": 0.021061161533,
        "dmean2": 0.0369377657771,
        "dvar": 0.000661297759507,
        "dvar2": 0.00173520494718,
        "max": 0.48886847496,
        "mean": 0.432344943285,
        "median": 0.419740706682,
        "min": 0.256514549255,
        "stdev": 0.0358559824526,
        "var": 0.00128565134946
    },
    "dynamic_complexity": 0.795414507389,
    "erbbands_crest": {
        "dmean": 0.625289857388,
        "dmean2": 0.734693288803,
        "dvar": 2.19523882866,
        "dvar2": 2.34900259972,
        "max": 32.8402290344,
        "mean": 14.1589040756,
        "median": 13.9727554321,
        "min": 8.94274425507,
        "stdev": 2.59660220146,
        "var": 6.74234342575
    },
    "erbbands_flatness_db": {
        "dmean": 0.00482125626877,
        "dmean2": 0.00676546664909,
        "dvar": 0.000146738093463,
        "dvar2": 0.000113808448077,
        "max": 0.454753369093,
        "mean": 0.40992090106,
        "median": 0.412907093763,
        "min": 0.165392681956,
        "stdev": 0.022304456681,
        "var": 0.000497488770634
    },
    "erbbands_kurtosis": {
        "dmean": 0.43802395463,
        "dmean2": 0.527881622314,
        "dvar": 6.57099056244,
        "dvar2": 12.3544235229,
        "max": 42.3076057434,
        "mean": 2.62419915199,
        "median": 2.48363876343,
        "min": 0.334194660187,
        "stdev": 2.51390695572,
        "var": 6.31972837448
    },
    "erbbands_skewness": {
        "dmean": 0.0686785504222,
        "dmean2": 0.0890552923083,
        "dvar": 0.0239835120738,
        "dvar2": 0.0614498145878,
        "max": 2.92074942589,
        "mean": 0.659417152405,
        "median": 0.644425451756,
        "min": 0.0100439377129,
        "stdev": 0.336863219738,
        "var": 0.113476835191
    },
    "erbbands_spread": {
        "dmean": 0.157887578011,
        "dmean2": 0.156397849321,
        "dvar": 0.529079139233,
        "dvar2": 0.484745681286,
        "max": 15.1510457993,
        "mean": 4.91098833084,
        "median": 4.80494499207,
        "min": 1.10893058777,
        "stdev": 0.815909862518,
        "var": 0.665708899498
    },
    "hfc": {
        "dmean": 2.05155181885,
        "dmean2": 2.14116311073,
        "dvar": 3.18025684357,
        "dvar2": 3.58651685715,
        "max": 74.7271270752,
        "mean": 45.2261886597,
        "median": 45.8500213623,
        "min": 2.29751167353e-05,
        "stdev": 11.5164871216,
        "var": 132.629486084
    },
    "loudness_ebu128": {
        "integrated": -19.5140399933,
        "loudness_range": 0.547002792358,
        "momentary": {
            "dmean": 0.269357025623,
            "dmean2": 0.18729826808,
            "dvar": 0.0878188088536,
            "dvar2": 0.0235268585384,
            "max": -18.4673290253,
            "mean": -19.5815238953,
            "median": -19.5016078949,
            "min": -23.8383369446,
            "stdev": 0.811672389507,
            "var": 0.658812105656
        },
        "short_term": {
            "dmean": 0.038211684674,
            "dmean2": 0.0237734057009,
            "dvar": 0.00112365279347,
            "dvar2": 0.000353151001036,
            "max": -19.0266456604,
            "mean": -19.4352149963,
            "median": -19.4678878784,
            "min": -19.7298278809,
            "stdev": 0.184115856886,
            "var": 0.0338986478746
        }
    },
    "melbands_crest": {
        "dmean": 0.476386845112,
        "dmean2": 0.547499656677,
        "dvar": 1.60341835022,
        "dvar2": 1.63557469845,
        "max": 27.9458827972,
        "mean": 12.2477807999,
        "median": 12.2188739777,
        "min": 6.9830327034,
        "stdev": 2.25590729713,
        "var": 5.08911752701
    },
    "melbands_flatness_db": {
        "dmean": 0.00430651614442,
        "dmean2": 0.00600027106702,
        "dvar": 0.000124202852021,
        "dvar2": 9.24184496398e-05,
        "max": 0.399429768324,
        "mean": 0.33358079195,
        "median": 0.335370749235,
        "min": 0.123819239438,
        "stdev": 0.0197323281318,
        "var": 0.000389364809962
    },
    "melbands_kurtosis": {
        "dmean": 0.504408597946,
        "dmean2": 0.712586462498,
        "dvar": 5.30779743195,
        "dvar2": 12.8892507553,
        "max": 31.1383361816,
        "mean": 2.62746095657,
        "median": 2.30324840546,
        "min": 0.40747833252,
        "stdev": 2.5195877552,
        "var": 6.34832239151
    },
    "melbands_skewness": {
        "dmean": 0.0752315074205,
        "dmean2": 0.099318228662,
        "dvar": 0.0750113502145,
        "dvar2": 0.16447751224,
        "max": 2.97364711761,
        "mean": 0.491245806217,
        "median": 0.484432548285,
        "min": -3.03344726562,
        "stdev": 0.295570224524,
        "var": 0.0873617529869
    },
    "melbands_spread": {
        "dmean": 0.220013603568,
        "dmean2": 0.228817611933,
        "dvar": 1.0478695631,
        "dvar2": 1.17980968952,
        "max": 18.6432876587,
        "mean": 5.82915258408,
        "median": 5.66089677811,
        "min": 1.71367120743,
        "stdev": 1.24741482735,
        "var": 1.55604362488
    },
    "pitch_salience": {
        "dmean": 0.011912452057,
        "dmean2": 0.0123272677884,
        "dvar": 0.00146601581946,
        "dvar2": 0.00153556920122,
        "max": 0.920326530933,
        "mean": 0.538183808327,
        "median": 0.540925383568,
        "min": 0.184017628431,
        "stdev": 0.0520385429263,
        "var": 0.00270801014267
    },
    "silence_rate_20dB": {
        "dmean": 0,
        "dmean2": 0,
        "dvar": 0,
        "dvar2": 0,
        "max": 1,
        "mean": 1,
        "median": 1,
        "min": 1,
        "stdev": 0,
        "var": 0
    },
    "silence_rate_30dB": {
        "dmean": 0,
        "dmean2": 0,
        "dvar": 0,
        "dvar2": 0,
        "max": 1,
        "mean": 1,
        "median": 1,
        "min": 1,
        "stdev": 0,
        "var": 0
    },
    "silence_rate_60dB": {
        "dmean": 0.00549450563267,
        "dmean2": 0.0110192839056,
        "dvar": 0.00546428607777,
        "dvar2": 0.0108979074284,
        "max": 1,
        "mean": 0.0191780813038,
        "median": 0,
        "min": 0,
        "stdev": 0.137150883675,
        "var": 0.0188103634864
    },
    "spectral_centroid": {
        "dmean": 9.35542869568,
        "dmean2": 11.8406391144,
        "dvar": 1371.44165039,
        "dvar2": 2659.94946289,
        "max": 1643.23876953,
        "mean": 1059.42907715,
        "median": 1045.95361328,
        "min": 1017.79675293,
        "stdev": 64.0233612061,
        "var": 4098.99121094
    },
    "spectral_complexity": {
        "dmean": 0.703296720982,
        "dmean2": 1.19283747673,
        "dvar": 0.56581389904,
        "dvar2": 1.04270541668,
        "max": 16,
        "mean": 12.0410957336,
        "median": 12,
        "min": 0,
        "stdev": 2.20359778404,
        "var": 4.85584354401
    },
    "spectral_decrease": {
        "dmean": 4.32336805245e-10,
        "dmean2": 4.49387554946e-10,
        "dvar": 1.42462214973e-19,
        "dvar2": 1.47211045945e-19,
        "max": -3.6814245703e-15,
        "mean": -1.05890674007e-08,
        "median": -1.08677884469e-08,
        "min": -1.64901194921e-08,
        "stdev": 2.55296339624e-09,
        "var": 6.51762198487e-18
    },
    "spectral_energy": {
        "dmean": 0.00181744922884,
        "dmean2": 0.00188926723786,
        "dvar": 2.51176061283e-06,
        "dvar2": 2.62085336544e-06,
        "max": 0.0690153241158,
        "mean": 0.0440676510334,
        "median": 0.0452301353216,
        "min": 1.59784701026e-08,
        "stdev": 0.0106768142432,
        "var": 0.00011399435607
    },
    "spectral_energyband_high": {
        "dmean": 2.78516336039e-06,
        "dmean2": 3.7964503008e-06,
        "dvar": 8.15594900644e-12,
        "dvar2": 1.37900064631e-11,
        "max": 6.26021064818e-05,
        "mean": 3.20609615301e-05,
        "median": 3.2051360904e-05,
        "min": 4.83285522712e-10,
        "stdev": 1.03253287307e-05,
        "var": 1.06612420281e-10
    },
    "spectral_energyband_low": {
        "dmean": 1.03845003707e-07,
        "dmean2": 1.87736645785e-07,
        "dvar": 1.31590473178e-14,
        "dvar2": 4.26274514547e-14,
        "max": 1.03690922515e-06,
        "mean": 1.89978905496e-07,
        "median": 1.4783880431e-07,
        "min": 1.73639019829e-10,
        "stdev": 1.5012378185e-07,
        "var": 2.25371479291e-14
    },
    "spectral_energyband_middle_high": {
        "dmean": 0.00152739160694,
        "dmean2": 0.00160456751473,
        "dvar": 1.84645568879e-06,
        "dvar2": 2.00074509848e-06,
        "max": 0.0585610195994,
        "mean": 0.0371257886291,
        "median": 0.037941288203,
        "min": 1.25705854614e-08,
        "stdev": 0.00891042407602,
        "var": 7.93956642156e-05
    },
    "spectral_energyband_middle_low": {
        "dmean": 0.000321938452544,
        "dmean2": 0.000342997838743,
        "dvar": 7.21150783534e-08,
        "dvar2": 8.17499099526e-08,
        "max": 0.0107739772648,
        "mean": 0.00691277626902,
        "median": 0.00710437307134,
        "min": 2.95504132275e-09,
        "stdev": 0.00191362912301,
        "var": 3.66197627955e-06
    },
    "spectral_entropy": {
        "dmean": 0.0360038243234,
        "dmean2": 0.0492108091712,
        "dvar": 0.00845474097878,
        "dvar2": 0.00530213816091,
        "max": 8.00018024445,
        "mean": 6.1642999649,
        "median": 6.15325689316,
        "min": 5.58295106888,
        "stdev": 0.173680663109,
        "var": 0.0301649738103
    },
    "spectral_flux": {
        "dmean": 0.00427328329533,
        "dmean2": 0.00643696216866,
        "dvar": 2.69003066933e-05,
        "dvar2": 5.36929728696e-05,
        "max": 0.0966522842646,
        "mean": 0.0114645920694,
        "median": 0.00969833973795,
        "min": 0.00138097302988,
        "stdev": 0.00751642696559,
        "var": 5.64966758247e-05
    },
    "spectral_kurtosis": {
        "dmean": 3.41864490509,
        "dmean2": 4.98080825806,
        "dvar": 9.88387107849,
        "dvar2": 22.7286090851,
        "max": 43.6415367126,
        "mean": 19.3963470459,
        "median": 18.5585823059,
        "min": 9.22853374481,
        "stdev": 5.18588209152,
        "var": 26.8933734894
    },
    "spectral_rms": {
        "dmean": 0.000150428866618,
        "dmean2": 0.000151391272084,
        "dvar": 4.15458387693e-08,
        "dvar2": 3.44787025597e-08,
        "max": 0.0082056093961,
        "mean": 0.00645929155871,
        "median": 0.00664281286299,
        "min": 3.94825929106e-06,
        "stdev": 0.00112710450776,
        "var": 1.27036469166e-06
    },
    "spectral_rolloff": {
        "dmean": 11.7131156921,
        "dmean2": 20.4061203003,
        "dvar": 4114.93115234,
        "dvar2": 8583.87988281,
        "max": 2002.58789062,
        "mean": 1220.37719727,
        "median": 1205.859375,
        "min": 968.994140625,
        "stdev": 81.7454071045,
        "var": 6682.31152344
    },
    "spectral_skewness": {
        "dmean": 0.232681959867,
        "dmean2": 0.338862448931,
        "dvar": 0.0455212853849,
        "dvar2": 0.105290919542,
        "max": 4.74346828461,
        "mean": 3.38408613205,
        "median": 3.33585262299,
        "min": 2.34409165382,
        "stdev": 0.339825570583,
        "var": 0.115481421351
    },
    "spectral_spread": {
        "dmean": 91470.5859375,
        "dmean2": 125821.039062,
        "dvar": 18263064576,
        "dvar2": 20471750656,
        "max": 4856162,
        "mean": 1936669.5,
        "median": 1908763.375,
        "min": 1416046.125,
        "stdev": 303157.15625,
        "var": 91904270336
    },
    "spectral_strongpeak": {
        "dmean": 0.217043533921,
        "dmean2": 0.347650289536,
        "dvar": 0.302642285824,
        "dvar2": 0.63654345274,
        "max": 7.16821908951,
        "mean": 5.49026966095,
        "median": 5.88831615448,
        "min": 0.000245640112553,
        "stdev": 1.33571863174,
        "var": 1.78414440155
    },
    "zerocrossingrate": {
        "dmean": 0.00109997426625,
        "dmean2": 0.00155631243251,
        "dvar": 7.24211577108e-06,
        "dvar2": 1.29135369207e-05,
        "max": 0.078125,
        "mean": 0.046912457794,
        "median": 0.04638671875,
        "min": 0.03955078125,
        "stdev": 0.00358008453622,
        "var": 1.28170058815e-05
    },
    "barkbands": {
        "dmean": [1.26816402712e-07, 5.75785357171e-08, 1.66058153894e-08, 1.15295657466e-08, 1.54493804416e-07, 6.55743133393e-06, 1.51176379859e-07, 0.000207639357541, 0.000115766189992, 1.94900021597e-05, 0.000601536070462, 0.000891636183951, 7.4263632996e-05, 0.000241982386797, 9.96634189505e-05, 2.87284310616e-05, 7.51566767576e-06, 5.46594947082e-06, 2.05865694625e-06, 8.93469348284e-07, 1.74187891844e-06, 1.29498278056e-06, 8.66369234132e-08, 5.90856473082e-07, 3.59146412166e-07, 5.37143236556e-08, 7.25245330457e-09],
        "dmean2": [2.3546353134e-07, 1.00519116586e-07, 2.82332166535e-08, 1.9833462872e-08, 2.44147969397e-07, 9.81604625849e-06, 2.62526214101e-07, 0.00020714753191, 0.000141155876918, 3.05700850731e-05, 0.000568366027437, 0.00109063193668, 0.000107277955976, 0.000268188217888, 0.000114310249046, 3.92109759559e-05, 1.04833006844e-05, 8.24270682642e-06, 3.42566522704e-06, 1.28663555188e-06, 2.39397058976e-06, 1.88242051991e-06, 1.27023071173e-07, 8.99562053291e-07, 5.64726065022e-07, 9.1295909499e-08, 1.24629950804e-08],
        "dvar": [1.27875369731e-14, 4.58841093308e-15, 2.36478019876e-16, 1.1633701069e-16, 1.50946099289e-14, 1.39939629329e-10, 1.95484853484e-14, 3.63163223938e-08, 8.17532885833e-09, 3.43467893016e-10, 5.65078948966e-07, 5.4716321074e-07, 4.37144898058e-09, 6.04927308245e-08, 2.18833413612e-08, 1.11111120304e-09, 7.49932546618e-11, 2.55358390683e-11, 3.48144126375e-12, 6.87906220702e-13, 2.8467441078e-12, 2.00858123536e-12, 6.18511886063e-15, 2.98538564746e-13, 1.03622588754e-13, 2.41482592284e-15, 3.56682033756e-17],
        "dvar2": [4.26965524026e-14, 1.40303587704e-14, 6.55010207535e-16, 3.09861036899e-16, 3.89539745946e-14, 1.87769452764e-10, 5.30634428541e-14, 3.39043708664e-08, 1.31340742726e-08, 6.81569523042e-10, 3.63307151474e-07, 8.92294735877e-07, 7.81946063455e-09, 9.17893245855e-08, 1.7669732344e-08, 1.93635241175e-09, 1.39696670898e-10, 4.9845561706e-11, 1.02886388645e-11, 1.12867701296e-12, 4.87684111844e-12, 3.71207578564e-12, 1.3920495209e-14, 7.21918672845e-13, 2.76228828222e-13, 6.92876042524e-15, 1.14025537186e-16],
        "max": [7.46794796669e-07, 6.30800627732e-07, 1.14997106948e-07, 9.37206294793e-08, 1.74256433638e-06, 0.000301529100398, 1.3560725165e-06, 0.00837652385235, 0.00251447432674, 0.000586900219787, 0.0308480001986, 0.0215771198273, 0.00196358724497, 0.00530870305374, 0.00399315357208, 0.000607183319516, 0.000183323398232, 0.00011418286158, 2.92046825052e-05, 1.62101623573e-05, 3.11060757667e-05, 1.90117843886e-05, 1.75469040187e-06, 9.48438537307e-06, 5.59800628253e-06, 8.70305825629e-07, 8.44634087116e-08],
        "mean": [1.26759061914e-07, 1.06308540637e-07, 2.22760068169e-08, 1.48579664128e-08, 7.68756081015e-07, 0.000200328431674, 4.03304028396e-07, 0.00543704396114, 0.00126842246391, 0.000308985938318, 0.0237577185035, 0.00827224645764, 0.000997011433356, 0.00146266666707, 0.00203621806577, 0.000172152460436, 5.33178754267e-05, 4.65019365947e-05, 1.49843554027e-05, 7.94289553596e-06, 1.42201142808e-05, 7.54755274102e-06, 7.27020562863e-07, 5.31977366336e-06, 2.43846920966e-06, 4.6254984909e-07, 5.11399100844e-08],
        "median": [9.73246017111e-08, 7.85197471487e-08, 1.80598895838e-08, 1.13576632543e-08, 7.20521768471e-07, 0.00021690360154, 3.29779055619e-07, 0.00565415248275, 0.00125450443011, 0.000296575279208, 0.02483811602, 0.0077605554834, 0.000929065688979, 0.00114178820513, 0.00201664795168, 0.000128574101836, 4.79449299746e-05, 4.56450688944e-05, 1.5111419998e-05, 8.34504044178e-06, 1.43880715768e-05, 7.3475539466e-06, 6.71183613576e-07, 5.34075070391e-06, 2.39334781327e-06, 4.71384737466e-07, 5.03921704365e-08],
        "min": [4.22210877371e-11, 6.06562508554e-11, 5.24162380167e-11, 8.99547381028e-11, 3.18966630886e-10, 3.2468366884e-10, 1.32160116184e-10, 2.31516666949e-10, 1.47876333401e-09, 2.86555512652e-09, 4.29841851002e-09, 1.42194900299e-09, 8.44681713463e-10, 1.74682657228e-09, 3.53240298123e-10, 1.79496764674e-10, 1.74444639289e-10, 4.31971514114e-10, 2.92770807597e-10, 1.96851243639e-10, 5.84307879858e-11, 3.34177303885e-11, 4.85814860562e-11, 4.88155037226e-11, 7.49820622259e-11, 9.20196419063e-11, 6.91322138424e-11],
        "stdev": [1.08059929005e-07, 1.06919806342e-07, 1.69655329785e-08, 1.19902523465e-08, 3.54621874976e-07, 5.71002528886e-05, 2.64382123305e-07, 0.00146159750875, 0.000479808921227, 0.000101271398307, 0.0049186036922, 0.00386830721982, 0.000379508681362, 0.00111074792221, 0.00052586151287, 0.000116903189337, 2.71073258773e-05, 1.93692922039e-05, 4.50007792097e-06, 2.57344458987e-06, 5.33996080776e-06, 3.61373349733e-06, 3.17122328397e-07, 1.53897121891e-06, 8.17280806586e-07, 1.49720335685e-07, 1.15810472323e-08],
        "var": [1.16769480302e-14, 1.14318446473e-14, 2.87829312894e-16, 1.43766147749e-16, 1.25756677749e-13, 3.26043880783e-09, 6.98979041964e-14, 2.13626731238e-06, 2.30216599562e-07, 1.02558965764e-08, 2.41926609306e-05, 1.49637999129e-05, 1.44026842008e-07, 1.23376082684e-06, 2.76530357723e-07, 1.36663551586e-08, 7.34807104052e-10, 3.75169451061e-10, 2.02507004221e-11, 6.62261651768e-12, 2.85151815355e-11, 1.30590694508e-11, 1.00566568419e-13, 2.36843249006e-12, 6.6794790185e-13, 2.24161780717e-14, 1.34120652706e-16]
    },
    "erbbands": {
        "dmean": [3.49201741301e-06, 9.53676590143e-06, 2.23760362132e-05, 2.31971116591e-05, 7.80515329097e-05, 0.000794755818788, 0.0157804377377, 0.0734698921442, 0.00787158031017, 0.179577320814, 6.81858682632, 2.49472594261, 0.485381364822, 15.7242307663, 9.44488620758, 42.4678993225, 9.02708053589, 13.9302921295, 2.97642469406, 4.81710577011, 1.65574491024, 0.41296890378, 0.328094363213, 0.087238766253, 0.097230553627, 0.0423034466803, 0.0626892596483, 0.0695694088936, 0.0582571811974, 0.00699437735602, 0.00203288998455, 0.00469890329987, 0.0153927970678, 0.00667233206332, 0.000561584543902, 0.000197781162569, 0.000117430441605, 3.10961004288e-05, 1.54679355546e-06, 2.20445940613e-06],
        "dmean2": [6.14837335888e-06, 1.62395172083e-05, 3.79376469937e-05, 3.95785064029e-05, 0.000128191473777, 0.00118899042718, 0.0251964833587, 0.10760743171, 0.0108323832974, 0.187624767423, 7.01270532608, 2.97649216652, 0.665783822536, 15.6559791565, 8.88586235046, 51.1634979248, 11.2479496002, 15.209145546, 3.39047241211, 5.62898111343, 2.110414505, 0.578543484211, 0.492484480143, 0.149678736925, 0.151392817497, 0.0598044060171, 0.0970884039998, 0.0930110067129, 0.0813072323799, 0.00980783719569, 0.00298723275773, 0.00723589304835, 0.0236234981567, 0.0101925358176, 0.000911871902645, 0.000341390870744, 0.000195409738808, 5.28666969331e-05, 2.22706967179e-06, 2.27431178246e-06],
        "dvar": [2.0581248511e-11, 8.06133146347e-11, 4.74792871685e-10, 4.45146669525e-10, 4.66990801584e-09, 4.91776802392e-07, 0.00065888336394, 0.0188092589378, 0.0001591949258, 0.0310722254217, 35.2188529968, 3.84015536308, 0.338533639908, 431.771331787, 109.89730835, 1209.55090332, 57.8976631165, 201.837890625, 11.2181587219, 44.5109138489, 3.94006919861, 0.235317677259, 0.0885192006826, 0.00598036963493, 0.0100989881903, 0.00148113071918, 0.0034408965148, 0.00413734419271, 0.00405215006322, 5.3760712035e-05, 3.22493269778e-06, 1.68153565028e-05, 0.000214170475374, 3.31454648403e-05, 3.10359922651e-07, 3.91988876913e-08, 1.13711600136e-08, 1.00494856881e-09, 1.9564972472e-12, 3.68880837334e-12],
        "dvar2": [6.80820261278e-11, 2.1990718968e-10, 1.27442845166e-09, 1.22177234996e-09, 1.31429462868e-08, 1.02866306406e-06, 0.00121164531447, 0.0224876832217, 0.000149222134496, 0.028502587229, 35.9341850281, 5.67321252823, 0.368041247129, 316.539154053, 66.1351318359, 1934.0213623, 93.7734680176, 311.562988281, 10.473938942, 38.9458427429, 6.59948348999, 0.440326362848, 0.178959265351, 0.0195732470602, 0.0246507208794, 0.00298772775568, 0.00785180740058, 0.00671253912151, 0.00705183064565, 8.76538542798e-05, 7.13986582923e-06, 4.38539900642e-05, 0.000502021692228, 8.9268272859e-05, 7.03920420619e-07, 1.15358531616e-07, 3.30577378804e-08, 3.0495828085e-09, 3.65232193447e-12, 3.89661133221e-12],
        "max": [4.2218973249e-05, 9.71205590758e-05, 0.000173795124283, 0.000190582693904, 0.000867658702191, 0.0150484126061, 0.598896741867, 3.65911769867, 0.386101812124, 8.07139873505, 249.722427368, 65.8079147339, 23.4406738281, 843.231262207, 433.741149902, 1052.22924805, 230.600128174, 309.876190186, 100.37361908, 177.351806641, 37.5867118835, 10.7142696381, 6.5954079628, 1.00142729282, 1.7606139183, 0.75297498703, 0.965069711208, 1.22211003304, 0.894118487835, 0.137235283852, 0.0533339753747, 0.0750845223665, 0.235614672303, 0.0907673686743, 0.00948023702949, 0.00242579099722, 0.00178905599751, 0.000445079611382, 4.84720585519e-05, 8.38439518702e-05],
        "mean": [5.79869447392e-06, 1.54726440087e-05, 3.35419354087e-05, 5.50784570805e-05, 0.000412354740547, 0.00894850678742, 0.313581496477, 2.49859690666, 0.325132161379, 5.37099933624, 159.891998291, 39.3086471558, 19.1583595276, 659.547241211, 325.287109375, 425.112762451, 97.7338180542, 86.3420028687, 57.9068183899, 81.3486251831, 10.6892671585, 3.7677283287, 3.14169931412, 0.642724454403, 0.823959231377, 0.38577863574, 0.384001523256, 0.588848650455, 0.368569374084, 0.0556604638696, 0.0214994475245, 0.0432770289481, 0.129063084722, 0.0498349964619, 0.00547777116299, 0.00140406528953, 0.000898812897503, 0.0002219210146, 3.46299311786e-05, 5.33786223968e-05],
        "median": [3.58034162673e-06, 1.2191399037e-05, 2.63114689005e-05, 4.85050404677e-05, 0.000411976681789, 0.00885949842632, 0.33986467123, 2.70793056488, 0.339220821857, 5.59927272797, 165.160690308, 39.805015564, 19.98686409, 692.15246582, 336.196899414, 404.191497803, 94.0274734497, 68.2405166626, 57.3848686218, 79.5542831421, 8.1647233963, 3.587880373, 3.14275932312, 0.650234401226, 0.819235682487, 0.398870408535, 0.367303431034, 0.622188746929, 0.365774363279, 0.053672362119, 0.019919898361, 0.0443363562226, 0.127452418208, 0.0502073727548, 0.00548575259745, 0.00142939342186, 0.000920376565773, 0.000224113289732, 3.51503877027e-05, 5.46437695448e-05],
        "min": [2.27279417508e-09, 1.23225492032e-08, 5.08645570108e-08, 1.97645704247e-07, 6.00696523634e-07, 1.1750170188e-06, 1.79925916655e-06, 2.89772833639e-06, 2.45670639742e-06, 1.30264663767e-06, 1.16718410936e-05, 3.4152653825e-05, 5.05354983034e-05, 0.000163945558597, 0.000125893886434, 5.77918290219e-05, 4.05259052059e-05, 9.42558544921e-05, 2.82072851405e-05, 2.35424158745e-05, 6.01145484325e-06, 1.04235678009e-05, 2.27499440371e-05, 1.66664176504e-05, 1.68098777067e-05, 6.58649196339e-06, 3.51232279172e-06, 1.89649745153e-06, 1.31503861667e-06, 1.27926148252e-06, 1.37686117796e-06, 8.31774514154e-07, 9.22674985304e-07, 7.26908410797e-07, 5.82986274367e-07, 3.5862424852e-07, 1.95393099034e-07, 3.85814651338e-08, 8.36888247591e-09, 1.13281695135e-09],
        "stdev": [6.71989664625e-06, 1.23730478663e-05, 2.40981244133e-05, 2.42995502049e-05, 0.00011674273992, 0.00269726617262, 0.112386852503, 0.682195007801, 0.0623927228153, 1.37908506393, 44.0917396545, 12.086104393, 3.75403618813, 137.814865112, 69.1476669312, 189.142547607, 42.4324188232, 65.2454452515, 17.2577857971, 23.8694133759, 6.94458293915, 1.57377612591, 1.12981629372, 0.150216281414, 0.268402248621, 0.132634520531, 0.167944282293, 0.220026642084, 0.172094628215, 0.0215582940727, 0.00907427351922, 0.0144268563017, 0.0388776808977, 0.014618948102, 0.00165558990557, 0.000412240799051, 0.000294969562674, 8.03954753792e-05, 7.34306468075e-06, 1.2911500562e-05],
        "var": [4.51570100757e-11, 1.53092316602e-10, 5.80719583532e-10, 5.90468118844e-10, 1.36288669239e-08, 7.27524457034e-06, 0.0126308053732, 0.465390056372, 0.00389285176061, 1.90187573433, 1944.08166504, 146.073913574, 14.0927877426, 18992.9375, 4781.39941406, 35774.9023438, 1800.51025391, 4256.96826172, 297.83114624, 569.748901367, 48.227230072, 2.47677111626, 1.27648472786, 0.0225649289787, 0.0720397606492, 0.017591914162, 0.0282052829862, 0.0484117232263, 0.0296165589243, 0.00046476002899, 8.23424416012e-05, 0.000208134195418, 0.00151147402357, 0.000213713632547, 2.74097806141e-06, 1.6994246721e-07, 8.70070451242e-08, 6.46343245592e-09, 5.39205971539e-11, 1.66706856652e-10]
    },
    "gfcc": {
        "mean": [-105.70942688, 42.4897117615, -248.32673645, -101.029518127, -87.916519165, 8.52224254608, -28.110244751, 0.119012452662, -11.2211513519, 9.57472801208, 1.39392352104, 4.07616043091, 18.6732292175],
        "cov": [[2742.39697266, 53.2759590149, -603.869567871, -419.291168213, -385.151702881, -78.4602966309, -155.901519775, -88.9334564209, 84.2608566284, 36.204158783, 92.1584472656, 30.9387664795, 136.87361145], [53.2759590149, 46.510635376, -14.6519145966, 2.32845449448, 20.8016204834, 4.58865594864, 23.5361976624, 19.5679416656, 13.5378608704, 6.11068487167, 19.9521694183, -0.11532587558, 4.93964004517], [-603.869567871, -14.6519145966, 177.894577026, 110.30355835, 90.9721832275, 29.677488327, 30.7132663727, 29.7309513092, -19.735534668, -6.99949407578, -25.8442134857, 2.78251838684, -27.2811927795], [-419.291168213, 2.32845449448, 110.30355835, 85.5914154053, 76.4454116821, 26.1083602905, 37.319480896, 16.6455421448, -7.00009918213, 2.72382998466, -12.8776054382, -7.82395982742, -23.2867507935], [-385.151702881, 20.8016204834, 90.9721832275, 76.4454116821, 95.1606903076, 28.727388382, 44.2216835022, 26.5129146576, -0.00317416340113, 2.95178961754, -1.42034423351, -9.47583770752, -23.4337787628], [-78.4602966309, 4.58865594864, 29.677488327, 26.1083602905, 28.727388382, 24.9858646393, 18.117647171, 2.71727800369, 6.52654075623, 12.738492012, 2.93232011795, -8.43512916565, -9.38023471832], [-155.901519775, 23.5361976624, 30.7132663727, 37.319480896, 44.2216835022, 18.117647171, 45.2276191711, 12.6147594452, 6.34428310394, 14.3799314499, 6.07295036316, -8.58978748322, -10.1834106445], [-88.9334564209, 19.5679416656, 29.7309513092, 16.6455421448, 26.5129146576, 2.71727800369, 12.6147594452, 34.6170845032, 2.26670241356, -4.61213302612, 10.570098877, 9.85229969025, 4.06588935852], [84.2608566284, 13.5378608704, -19.735534668, -7.00009918213, -0.00317416340113, 6.52654075623, 6.34428310394, 2.26670241356, 15.2085285187, 7.03732585907, 8.5504693985, 1.58514821529, 5.89967107773], [36.204158783, 6.11068487167, -6.99949407578, 2.72382998466, 2.95178961754, 12.738492012, 14.3799314499, -4.61213302612, 7.03732585907, 18.1185150146, 7.81795883179, -7.75522422791, -1.01485347748], [92.1584472656, 19.9521694183, -25.8442134857, -12.8776054382, -1.42034423351, 2.93232011795, 6.07295036316, 10.570098877, 8.5504693985, 7.81795883179, 21.6310329437, -2.46686267853, 4.59350585938], [30.9387664795, -0.11532587558, 2.78251838684, -7.82395982742, -9.47583770752, -8.43512916565, -8.58978748322, 9.85229969025, 1.58514821529, -7.75522422791, -2.46686267853, 18.7998313904, 13.1543865204], [136.87361145, 4.93964004517, -27.2811927795, -23.2867507935, -23.4337787628, -9.38023471832, -10.1834106445, 4.06588935852, 5.89967107773, -1.01485347748, 4.59350585938, 13.1543865204, 18.0696372986]],
        "icov": [[0.00487337261438, -0.0134748052806, 0.0180701389909, -0.00299474224448, 0.0117554636672, -0.024505443871, 0.0134535841644, -0.00922255031765, 0.010146859102, -0.0103195095435, 0.0138697652146, -0.0119750183076, 0.0036718104966], [-0.0134748052806, 0.118226274848, -0.0552277080715, 0.0182656571269, -0.0528884641826, 0.0859292596579, -0.0822523385286, 0.0331985801458, -0.063604272902, 0.0754413157701, -0.0952925831079, 0.06652212888, -0.0670979395509], [0.0180701389909, -0.0552277080715, 0.208874940872, -0.161422654986, 0.0705654323101, -0.17841437459, 0.10322843492, -0.121953517199, 0.145846411586, -0.0869210064411, 0.115953408182, -0.175647884607, 0.115950927138], [-0.00299474224448, 0.0182656571269, -0.161422654986, 0.241700768471, -0.0741872638464, 0.078485660255, -0.0833687484264, 0.0774760842323, -0.0910693109035, 0.0448949225247, -0.0270109120756, 0.138626456261, -0.096216276288], [0.0117554636672, -0.0528884641826, 0.0705654323101, -0.0741872638464, 0.11113627255, -0.106419742107, 0.0269732605666, -0.0616871602833, 0.0347120426595, -0.00143318797927, 0.0489813759923, -0.0539343431592, 0.0697076767683], [-0.024505443871, 0.0859292596579, -0.17841437459, 0.078485660255, -0.106419742107, 0.378887414932, -0.0453973822296, 0.0668673813343, -0.219666391611, -0.0754499658942, -0.0924321934581, 0.129922166467, 0.00835650600493], [0.0134535841644, -0.0822523385286, 0.10322843492, -0.0833687484264, 0.0269732605666, -0.0453973822296, 0.171710774302, -0.093417160213, 0.0409552231431, -0.176892504096, 0.109704919159, -0.0955825448036, 0.116581954062], [-0.00922255031765, 0.0331985801458, -0.121953517199, 0.0774760842323, -0.0616871602833, 0.0668673813343, -0.093417160213, 0.212613895535, -0.0382445193827, 0.145220145583, -0.186682939529, 0.0405633039773, -0.130699187517], [0.010146859102, -0.063604272902, 0.145846411586, -0.0910693109035, 0.0347120426595, -0.219666391611, 0.0409552231431, -0.0382445193827, 0.291714638472, -0.0202765855938, 0.0481484718621, -0.150304660201, 0.00682755466551], [-0.0103195095435, 0.0754413157701, -0.0869210064411, 0.0448949225247, -0.00143318797927, -0.0754499658942, -0.176892504096, 0.145220145583, -0.0202765855938, 0.375663429499, -0.177321627736, 0.147494569421, -0.223799824715], [0.0138697652146, -0.0952925831079, 0.115953408182, -0.0270109120756, 0.0489813759923, -0.0924321934581, 0.109704919159, -0.186682939529, 0.0481484718621, -0.177321627736, 0.293053716421, -0.031950071454, 0.103696972132], [-0.0119750183076, 0.06652212888, -0.175647884607, 0.138626456261, -0.0539343431592, 0.129922166467, -0.0955825448036, 0.0405633039773, -0.150304660201, 0.147494569421, -0.031950071454, 0.412366747856, -0.314226448536], [0.0036718104966, -0.0670979395509, 0.115950927138, -0.096216276288, 0.0697076767683, 0.00835650600493, 0.116581954062, -0.130699187517, 0.00682755466551, -0.223799824715, 0.103696972132, -0.314226448536, 0.474376469851]]
    },
    "melbands": {
        "dmean": [2.60188119938e-08, 1.10410045551e-08, 4.33548397183e-09, 2.66971671437e-08, 5.07337460931e-07, 1.46551144553e-06, 8.40818046299e-08, 1.73224975697e-06, 6.40906728222e-05, 1.14927033792e-05, 1.82568965101e-06, 5.82713837503e-05, 5.76156708121e-05, 5.76840648137e-05, 9.37645017984e-05, 3.71285091205e-06, 3.10434188577e-05, 3.39851567333e-06, 1.03916599983e-05, 2.41255679612e-06, 1.68353233221e-06, 5.30392924247e-07, 3.94961233496e-07, 1.54882542347e-07, 7.5406354938e-08, 8.33888478269e-08, 6.34771595287e-08, 2.60575561128e-08, 4.07624725085e-08, 2.68215902821e-08, 5.96017919463e-08, 4.80018869098e-08, 1.16941007988e-08, 2.32374008924e-09, 1.15627418751e-09, 1.86748816411e-09, 3.97375954364e-09, 1.09816689076e-08, 1.2520558812e-08, 4.07554345827e-09],
        "dmean2": [4.61936977558e-08, 1.8432565696e-08, 7.32160021499e-09, 4.16104057877e-08, 8.03082514267e-07, 2.1670289243e-06, 1.28365385876e-07, 2.22399239647e-06, 6.64698090986e-05, 1.46974462041e-05, 2.78847642221e-06, 5.77230748604e-05, 5.30953839188e-05, 6.89040753059e-05, 0.000116453898954, 5.09972733198e-06, 3.39698890457e-05, 4.41285601482e-06, 1.18920088426e-05, 3.31275919052e-06, 2.18742820834e-06, 7.48434160869e-07, 5.40224959877e-07, 2.47318666879e-07, 1.28913654862e-07, 1.36882846391e-07, 9.25327441337e-08, 3.69654351573e-08, 6.59429346683e-08, 4.03714892627e-08, 7.86482985404e-08, 6.81070844166e-08, 1.66857798689e-08, 3.16353210295e-09, 1.69775948855e-09, 3.02059888213e-09, 6.21949691748e-09, 1.69385430127e-08, 1.94385769703e-08, 6.32732133354e-09],
        "dvar": [1.01452227763e-15, 1.03205975069e-16, 1.67392470834e-17, 4.2881850283e-16, 6.89937961363e-13, 7.30684696776e-12, 9.54080039392e-15, 5.51844464222e-12, 2.94029289805e-09, 8.31898161469e-11, 2.6798062467e-12, 5.90862470062e-09, 4.57063675796e-09, 2.23293405988e-09, 6.09260020212e-09, 2.68871817172e-11, 9.37004585033e-10, 1.17232343624e-11, 2.56317106428e-10, 6.56846495597e-12, 3.97110122563e-12, 4.3329462197e-13, 1.35591041975e-13, 1.91544490094e-14, 3.98368150126e-15, 5.38914378889e-15, 4.56645838018e-15, 4.95177472668e-16, 1.34388362763e-15, 7.48285581566e-16, 3.33541097607e-15, 3.00002849237e-15, 1.50692600856e-16, 5.25156250036e-18, 1.13199718527e-18, 2.79466692264e-18, 1.29829578832e-17, 1.00269583157e-16, 1.36369856053e-16, 1.44121183594e-17],
        "dvar2": [3.37411657011e-15, 2.9148690704e-16, 4.67392879557e-17, 1.10224926822e-15, 1.24229999118e-12, 9.09250712916e-12, 1.40929265531e-14, 4.63191507719e-12, 3.10851611118e-09, 1.41974196288e-10, 5.30130019744e-12, 4.27922097757e-09, 2.69148148213e-09, 3.37306427234e-09, 1.044385467e-08, 7.13167372379e-11, 1.30259603104e-09, 1.45933976708e-11, 2.0106527554e-10, 1.06015031823e-11, 6.75822722437e-12, 8.24566977198e-13, 1.99272036047e-13, 5.42503460774e-14, 1.29347936509e-14, 1.55070099421e-14, 9.34927438609e-15, 1.07964005303e-15, 3.38979726755e-15, 1.56212463111e-15, 4.91285885671e-15, 5.13459641219e-15, 2.91008148136e-16, 8.32630161147e-18, 2.35320972871e-18, 7.41545995176e-18, 3.39594302098e-17, 2.31940834955e-16, 3.4126107765e-16, 3.42028992426e-17],
        "max": [2.92822306847e-07, 9.44685822901e-08, 4.01999393773e-08, 3.25801408962e-07, 1.95703323698e-05, 7.10278109182e-05, 2.81534471469e-06, 0.00010546176054, 0.00219826283865, 0.000264137401246, 5.16612781212e-05, 0.00312791136093, 0.00276688858867, 0.00145603017882, 0.00226478790864, 0.000106329272967, 0.000686385727022, 0.000101764155261, 0.000427000486525, 6.28902489552e-05, 3.54230978701e-05, 1.32970144477e-05, 9.02369083633e-06, 2.37908625422e-06, 7.20344132787e-07, 1.31313390739e-06, 1.05117089788e-06, 3.86490427218e-07, 5.50845697944e-07, 5.97370728883e-07, 9.58866735346e-07, 6.84513111082e-07, 2.09816874985e-07, 3.7948858278e-08, 3.12128527469e-08, 2.67227786566e-08, 5.52340360116e-08, 1.48122111909e-07, 1.92109553154e-07, 4.62893012809e-08],
        "mean": [4.26096065098e-08, 1.64315601126e-08, 7.99158250686e-09, 1.32612356651e-07, 1.03369329736e-05, 4.80247217638e-05, 2.11286828744e-06, 7.43332711863e-05, 0.00139021349605, 0.000145523939864, 2.67192208412e-05, 0.00244664377533, 0.00210353382863, 0.000612640986219, 0.000864145520609, 4.75633532915e-05, 0.000185863435036, 5.06254400534e-05, 0.000194674328668, 2.85664209514e-05, 8.08214917924e-06, 3.49599736182e-06, 3.84404847864e-06, 1.36357630254e-06, 4.21419400709e-07, 6.46036255603e-07, 4.95970823522e-07, 1.79295540192e-07, 2.29069456736e-07, 1.63975116152e-07, 4.61922837758e-07, 2.57981156437e-07, 7.32000771109e-08, 1.34932420792e-08, 9.93365745217e-09, 1.42678651116e-08, 2.90315576024e-08, 8.40851299699e-08, 9.50249301468e-08, 2.44084130685e-08],
        "median": [2.93322095501e-08, 1.38670159799e-08, 6.95865010059e-09, 1.25728035982e-07, 1.12347424874e-05, 5.21225847478e-05, 2.18589934775e-06, 7.3354698543e-05, 0.00142983451951, 0.000146008300362, 2.63773636107e-05, 0.00256487540901, 0.00217909412459, 0.000589375500567, 0.000814648112282, 4.27452068834e-05, 0.000145557161886, 4.96521097375e-05, 0.000191918836208, 2.57921965385e-05, 5.76041293243e-06, 3.22492701343e-06, 3.76043408323e-06, 1.34847630306e-06, 4.26861845426e-07, 6.48373770673e-07, 5.14700218446e-07, 1.82030504448e-07, 2.20461899403e-07, 1.5171758605e-07, 4.83061228351e-07, 2.46832058792e-07, 7.1574199012e-08, 1.14664686635e-08, 8.65684057771e-09, 1.37784361698e-08, 2.89198318626e-08, 8.43708818365e-08, 9.49536769213e-08, 2.40892283898e-08],
        "min": [2.05353165028e-11, 2.4099921711e-11, 4.50737849822e-11, 6.45947670352e-11, 6.22242465886e-11, 6.43544106893e-11, 3.50635770419e-11, 1.37182609022e-11, 1.2432457841e-10, 2.16441253809e-10, 2.49289200394e-10, 6.47869036197e-10, 5.21656828845e-10, 1.85669646324e-10, 1.00994781982e-10, 9.95114407543e-11, 1.86461901475e-10, 4.9124825735e-11, 3.01630317945e-11, 2.24788469089e-11, 3.82040146046e-12, 6.13496146246e-12, 2.6298933517e-11, 1.70230895352e-11, 1.31706052314e-11, 1.01966664279e-11, 1.22274117914e-11, 3.02131388484e-12, 2.2750590474e-12, 1.90284680374e-12, 8.15951364634e-13, 8.20150859119e-13, 4.8516691966e-13, 8.5179671476e-13, 8.71269094198e-13, 5.80639865615e-13, 5.06824291736e-13, 6.12667902522e-13, 7.8641992007e-13, 5.5769055823e-13],
        "stdev": [4.37623839389e-08, 1.20811680659e-08, 4.39227587634e-09, 5.98784311023e-08, 3.75156878363e-06, 1.3297579244e-05, 3.87522590017e-07, 1.79526959982e-05, 0.000393256137613, 4.90804413857e-05, 7.96235326561e-06, 0.000509714242071, 0.000439509225544, 0.000266655290034, 0.000398899661377, 2.15094532905e-05, 0.000144958961755, 1.90402897715e-05, 5.48533025722e-05, 1.03741977e-05, 6.72301121085e-06, 2.07708239941e-06, 1.55707289196e-06, 4.22319601512e-07, 1.26511736198e-07, 1.99078542096e-07, 1.75611873487e-07, 7.56746914021e-08, 9.74281277877e-08, 8.9138865178e-08, 1.82082530387e-07, 1.37476959594e-07, 3.14379740018e-08, 6.91435930733e-09, 5.25358911929e-09, 5.51585443986e-09, 1.14523110994e-08, 2.63694879266e-08, 2.96313107384e-08, 8.559855047e-09],
