{
"lowlevel": {
    "average_loudness": 0.980075895786,
    "barkbands_crest": {
        "dmean": 1.39542126656,
        "dmean2": 2.44745635986,
        "dvar": 1.29766869545,
        "dvar2": 3.61414957047,
        "max": 12.4717588425,
        "mean": 5.52738380432,
        "median": 5.34356975555,
        "min": 2.8685400486,
        "stdev": 1.3062325716,
        "var": 1.70624363422
    },
    "barkbands_flatness_db": {
        "dmean": 0.0219897013158,
        "dmean2": 0.0357261784375,
        "dvar": 0.000432799803093,
        "dvar2": 0.00114222092088,
        "max": 0.209759145975,
        "mean": 0.143261164427,
        "median": 0.150148779154,
        "min": 0.0330970101058,
        "stdev": 0.0286544896662,
        "var": 0.000821079825982
    },
    "barkbands_kurtosis": {
        "dmean": 0.851978302002,
        "dmean2": 1.47684121132,
        "dvar": 0.54426920414,
        "dvar2": 1.50961780548,
        "max": 5.49602890015,
        "mean": 0.844437539577,
        "median": 0.687552332878,
        "min": -1.02538883686,
        "stdev": 0.900797843933,
        "var": 0.811436712742
    },
    "barkbands_skewness": {
        "dmean": 0.40399479866,
        "dmean2": 0.680333256721,
        "dvar": 0.130159363151,
        "dvar2": 0.370879352093,
        "max": 1.79952454567,
        "mean": 0.0568879954517,
        "median": 0.00238841492683,
        "min": -1.63705956936,
        "stdev": 0.450764656067,
        "var": 0.20318877697
    },
    "barkbands_spread": {
        "dmean": 2.76119327545,
        "dmean2": 4.67540597916,
        "dvar": 12.9197950363,
        "dvar2": 34.6008300781,
        "max": 34.7670097351,
        "mean": 9.42807769775,
        "median": 8.15354061127,
        "min": 3.52825784683,
        "stdev": 4.14154005051,
        "var": 17.1523551941
    },
    "dissonance": {
        "dmean": 0.0099048409611,
        "dmean2": 0.0174628682435,
        "dvar": 0.000115589929919,
        "dvar2": 0.00029545777943,
        "max": 0.500000059605,
        "mean": 0.489888757467,
        "median": 0.493086606264,
        "min": 0.385603606701,
        "stdev": 0.0109513672069,
        "var": 0.000119932446978
    },
    "dynamic_complexity": 2.24046993256,
    "erbbands_crest": {
        "dmean": 1.84162163734,
        "dmean2": 3.18053889275,
        "dvar": 2.47587966919,
        "dvar2": 7.33279943466,
        "max": 16.720199585,
        "mean": 7.4281668663,
        "median": 7.21903371811,
        "min": 3.32399106026,
        "stdev": 1.75332272053,
        "var": 3.07414054871
    },
    "erbbands_flatness_db": {
        "dmean": 0.0255455635488,
        "dmean2": 0.0415377020836,
        "dvar": 0.000664429331664,
        "dvar2": 0.00173301727045,
        "max": 0.320078074932,
        "mean": 0.245838075876,
        "median": 0.254865944386,
        "min": 0.108769655228,
        "stdev": 0.0342253446579,
        "var": 0.00117137411144
    },
    "erbbands_kurtosis": {
        "dmean": 0.95160138607,
        "dmean2": 1.63625109196,
        "dvar": 0.771040856838,
        "dvar2": 2.24152374268,
        "max": 8.09579563141,
        "mean": 1.28930771351,
        "median": 1.17556357384,
        "min": -0.898396968842,
        "stdev": 1.00785732269,
        "var": 1.01577627659
    },
    "erbbands_skewness": {
        "dmean": 0.38448870182,
        "dmean2": 0.651692986488,
        "dvar": 0.0961938723922,
        "dvar2": 0.279135495424,
        "max": 1.42875516415,
        "mean": 0.0644005388021,
        "median": 0.0363188795745,
        "min": -1.67820346355,
        "stdev": 0.399426788092,
        "var": 0.159541755915
    },
    "erbbands_spread": {
        "dmean": 3.95618104935,
        "dmean2": 6.74719524384,
        "dvar": 30.8923015594,
        "dvar2": 81.6914291382,
        "max": 54.9811935425,
        "mean": 11.6437520981,
        "median": 10.0270328522,
        "min": 4.4333562851,
        "stdev": 5.65588283539,
        "var": 31.9890098572
    },
    "hfc": {
        "dmean": 16.8610877991,
        "dmean2": 29.6962604523,
        "dvar": 519.069641113,
        "dvar2": 1439.14111328,
        "max": 164.89251709,
        "mean": 34.6177749634,
        "median": 31.6342582703,
        "min": 0.000528759730514,
        "stdev": 24.3901615143,
        "var": 594.879943848
    },
    "loudness_ebu128": {
        "integrated": -12.2483205795,
        "loudness_range": 0.846366882324,
        "momentary": {
            "dmean": 0.522246420383,
            "dmean2": 0.487238913774,
            "dvar": 0.484515428543,
            "dvar2": 0.188748627901,
            "max": -10.7269306183,
            "mean": -13.1211576462,
            "median": -12.0326576233,
            "min": -31.9115791321,
            "stdev": 3.55767202377,
            "var": 12.6570301056
        },
        "short_term": {
            "dmean": 0.0643866360188,
            "dmean2": 0.062480174005,
            "dvar": 0.00358625175431,
            "dvar2": 0.00264141778462,
            "max": -11.4707918167,
            "mean": -12.117898941,
            "median": -12.0262765884,
            "min": -13.9887475967,
            "stdev": 0.478006690741,
            "var": 0.228490397334
        }
    },
    "melbands_crest": {
        "dmean": 1.46080625057,
        "dmean2": 2.60407423973,
        "dvar": 1.73695588112,
        "dvar2": 4.9274315834,
        "max": 12.3873701096,
        "mean": 5.89475345612,
        "median": 5.61348152161,
        "min": 3.01141190529,
        "stdev": 1.38448607922,
        "var": 1.91680157185
    },
    "melbands_flatness_db": {
        "dmean": 0.0187033060938,
        "dmean2": 0.0307683106512,
        "dvar": 0.000310956704197,
        "dvar2": 0.000793668965343,
        "max": 0.215189427137,
        "mean": 0.15426646173,
        "median": 0.158358544111,
        "min": 0.0577113777399,
        "stdev": 0.0229141972959,
        "var": 0.000525060400832
    },
    "melbands_kurtosis": {
        "dmean": 1.03757596016,
        "dmean2": 1.79294323921,
        "dvar": 1.54217970371,
        "dvar2": 4.34858703613,
        "max": 8.36548233032,
        "mean": 0.730482876301,
        "median": 0.405821681023,
        "min": -0.969317436218,
        "stdev": 1.23348522186,
        "var": 1.52148580551
    },
    "melbands_skewness": {
        "dmean": 0.441858023405,
        "dmean2": 0.726366758347,
        "dvar": 0.190074294806,
        "dvar2": 0.54651671648,
        "max": 2.56214857101,
        "mean": 0.178040772676,
        "median": 0.0793874412775,
        "min": -1.07326734066,
        "stdev": 0.504833340645,
        "var": 0.254856705666
    },
    "melbands_spread": {
        "dmean": 4.01961326599,
        "dmean2": 6.69040203094,
        "dvar": 15.4926872253,
        "dvar2": 43.1390571594,
        "max": 45.3708724976,
        "mean": 19.1726303101,
        "median": 17.9289360046,
        "min": 8.33833408356,
        "stdev": 5.48900699615,
        "var": 30.1291980743
    },
    "pitch_salience": {
        "dmean": 0.0370954833925,
        "dmean2": 0.065542280674,
        "dvar": 0.000863187364303,
        "dvar2": 0.00261753075756,
        "max": 0.897357046604,
        "mean": 0.810220777988,
        "median": 0.812124788761,
        "min": 0.708743929863,
        "stdev": 0.0327067226171,
        "var": 0.00106972968206
    },
    "silence_rate_20dB": {
        "dmean": 0,
        "dmean2": 0,
        "dvar": 0,
        "dvar2": 0,
        "max": 1,
        "mean": 1,
        "median": 1,
        "min": 1,
        "stdev": 0,
        "var": 0
    },
    "silence_rate_30dB": {
        "dmean": 0,
        "dmean2": 0,
        "dvar": 0,
        "dvar2": 0,
        "max": 1,
        "mean": 1,
        "median": 1,
        "min": 1,
        "stdev": 0,
        "var": 0
    },
    "silence_rate_60dB": {
        "dmean": 0.00400801608339,
        "dmean2": 0.00803212821484,
        "dvar": 0.0039919805713,
        "dvar2": 0.00796759780496,
        "max": 1,
        "mean": 0.0860000029206,
        "median": 0,
        "min": 0,
        "stdev": 0.280363619328,
        "var": 0.0786037519574
    },
    "spectral_centroid": {
        "dmean": 154.844528198,
        "dmean2": 267.870483398,
        "dvar": 29719.2519531,
        "dvar2": 82589.5234375,
        "max": 3000.02807617,
        "mean": 1643.05395508,
        "median": 1627.03173828,
        "min": 980.932495117,
        "stdev": 193.204574585,
        "var": 37328.0078125
    },
    "spectral_complexity": {
        "dmean": 3.80360722542,
        "dmean2": 6.57429695129,
        "dvar": 13.745013237,
        "dvar2": 36.3448448181,
        "max": 50,
        "mean": 27.795999527,
        "median": 29,
        "min": 0,
        "stdev": 8.56074523926,
        "var": 73.2863616943
    },
    "spectral_decrease": {
        "dmean": 2.61754373732e-09,
        "dmean2": 4.5712402752e-09,
        "dvar": 1.17560993151e-17,
        "dvar2": 3.22077462225e-17,
        "max": -1.2220235132e-13,
        "mean": -5.54498980065e-09,
        "median": -5.04129404888e-09,
        "min": -2.38206858683e-08,
        "stdev": 3.7877279091e-09,
        "var": 1.43468819332e-17
    },
    "spectral_energy": {
        "dmean": 0.0113713974133,
        "dmean2": 0.0198996979743,
        "dvar": 0.000220600661123,
        "dvar2": 0.000603893655352,
        "max": 0.0995733067393,
        "mean": 0.0240680091083,
        "median": 0.0220718607306,
        "min": 5.09180551944e-07,
        "stdev": 0.0164186060429,
        "var": 0.000269570649834
    },
    "spectral_energyband_high": {
        "dmean": 0.000671181071084,
        "dmean2": 0.00126264919527,
        "dvar": 3.12132897307e-06,
        "dvar2": 8.99984024727e-06,
        "max": 0.0140622146428,
        "mean": 0.000532409350853,
        "median": 0.000179053458851,
        "min": 4.43791812188e-08,
        "stdev": 0.001361471368,
        "var": 1.85360420346e-06
    },
    "spectral_energyband_low": {
        "dmean": 4.60687151644e-05,
        "dmean2": 8.61330263433e-05,
        "dvar": 3.19848965091e-08,
        "dvar2": 9.43256992514e-08,
        "max": 0.00228698551655,
        "mean": 3.58605575457e-05,
        "median": 1.41988202813e-05,
        "min": 7.85545992699e-08,
        "stdev": 0.000130268643261,
        "var": 1.69699188035e-08
    },
    "spectral_energyband_middle_high": {
        "dmean": 0.00790200661868,
        "dmean2": 0.0136480722576,
        "dvar": 8.67793278303e-05,
        "dvar2": 0.000237042637309,
        "max": 0.0781397745013,
        "mean": 0.018898550421,
        "median": 0.0179344154894,
        "min": 1.17269323141e-07,
        "stdev": 0.0116644082591,
        "var": 0.000136058428325
    },
    "spectral_energyband_middle_low": {
        "dmean": 0.00410391390324,
        "dmean2": 0.00734140584245,
        "dvar": 6.03787993896e-05,
        "dvar2": 0.00016775970289,
        "max": 0.0631773173809,
        "mean": 0.00502357352525,
        "median": 0.00319104082882,
        "min": 2.87919817765e-07,
        "stdev": 0.00660608150065,
        "var": 4.3640309741e-05
    },
    "spectral_entropy": {
        "dmean": 0.136451169848,
        "dmean2": 0.226865530014,
        "dvar": 0.0190237555653,
        "dvar2": 0.0496072284877,
        "max": 8.3733253479,
        "mean": 7.67053079605,
        "median": 7.63869476318,
        "min": 7.28310728073,
        "stdev": 0.17015042901,
        "var": 0.0289511661977
    },
    "spectral_flux": {
        "dmean": 0.0206323135644,
        "dmean2": 0.0341196916997,
        "dvar": 0.000692013767548,
        "dvar2": 0.00125805288553,
        "max": 0.23984067142,
        "mean": 0.103190936148,
        "median": 0.102737136185,
        "min": 0.00771242473274,
        "stdev": 0.0423086807132,
        "var": 0.00179002445657
    },
    "spectral_kurtosis": {
        "dmean": 3.12048387527,
        "dmean2": 5.25177526474,
        "dvar": 6.79472112656,
        "dvar2": 18.8828430176,
        "max": 19.2182121277,
        "mean": 9.74985980988,
        "median": 9.76267337799,
        "min": 1.57383728027,
        "stdev": 3.27932524681,
        "var": 10.7539739609
    },
    "spectral_rms": {
        "dmean": 0.00102226156741,
        "dmean2": 0.00174347148277,
        "dvar": 1.26940119571e-06,
        "dvar2": 3.4624381442e-06,
        "max": 0.00985620077699,
        "mean": 0.00453236373141,
        "median": 0.00464042276144,
        "min": 2.22881481022e-05,
        "stdev": 0.00171425775625,
        "var": 2.93867947221e-06
    },
    "spectral_rolloff": {
        "dmean": 222.409042358,
        "dmean2": 397.412322998,
        "dvar": 186292.46875,
        "dvar2": 545015.9375,
        "max": 5038.76953125,
        "mean": 2003.53479004,
        "median": 1959.52148438,
        "min": 1356.59179688,
        "stdev": 355.410095215,
        "var": 126316.34375
    },
    "spectral_skewness": {
        "dmean": 0.333855032921,
        "dmean2": 0.563098430634,
        "dvar": 0.0922269746661,
        "dvar2": 0.245160490274,
        "max": 3.27723789215,
        "mean": 2.30610513687,
        "median": 2.340310812,
        "min": 1.02684140205,
        "stdev": 0.376161277294,
        "var": 0.141497313976
    },
    "spectral_spread": {
        "dmean": 577088.0625,
        "dmean2": 966135.625,
        "dvar": 514521038848,
        "dvar2": 1.31286931866e+12,
        "max": 6780598.5,
        "mean": 2839072.25,
        "median": 2628259.5,
        "min": 1629417,
        "stdev": 803886.4375,
        "var": 646233391104
    },
    "spectral_strongpeak": {
        "dmean": 0.811429202557,
        "dmean2": 1.41059672832,
        "dvar": 0.530187666416,
        "dvar2": 1.55309212208,
        "max": 5.15737771988,
        "mean": 1.27868390083,
        "median": 1.090244174,
        "min": 0.000386393541703,
        "stdev": 0.871398866177,
        "var": 0.759335935116
    },
    "zerocrossingrate": {
        "dmean": 0.00378687051125,
        "dmean2": 0.00526422075927,
        "dvar": 1.57318863785e-05,
        "dvar2": 2.96362959489e-05,
        "max": 0.0986328125,
        "mean": 0.072890624404,
        "median": 0.072265625,
        "min": 0.03662109375,
        "stdev": 0.00581201538444,
        "var": 3.37795245287e-05
    },
    "barkbands": {
        "dmean": [7.98141809355e-06, 1.78453356057e-05, 1.64697466971e-05, 2.49447493843e-05, 0.000135847221827, 0.000528163975105, 0.000954753020778, 0.000800453533884, 0.00169786438346, 0.00209390348755, 0.00131724320818, 0.00174260581844, 0.00177823205013, 0.00196774210781, 0.00175540416967, 0.000966606719885, 0.000389510503737, 0.00018841282872, 0.000111500070489, 0.000123168356367, 0.000209221834666, 0.000153328728629, 6.86892599333e-05, 8.60911604832e-05, 5.87200192967e-05, 2.90076186502e-05, 1.55034813361e-05],
        "dmean2": [1.55158104462e-05, 3.3945281757e-05, 3.08273301926e-05, 4.47711463494e-05, 0.000244069713517, 0.000965418759733, 0.00174978573341, 0.0014454262564, 0.00301454705186, 0.00379080581479, 0.00231716269627, 0.00301925791427, 0.0031461645849, 0.00344952777959, 0.00311759626493, 0.00166507239919, 0.000700523145497, 0.000346348329913, 0.000206574331969, 0.000227652679314, 0.000393715454265, 0.000289617833914, 0.000130802189233, 0.000164952245541, 0.0001112585378, 5.40213150089e-05, 2.9262568205e-05],
        "dvar": [1.38398603688e-09, 5.50369794183e-09, 3.25308735505e-09, 4.2340788653e-09, 5.39381694864e-08, 1.35898335429e-06, 3.34427454618e-06, 1.69608597389e-06, 9.80226832326e-06, 1.16217515824e-05, 2.7088360639e-06, 3.70668385585e-06, 5.77546143177e-06, 5.37758160135e-06, 4.23196115662e-06, 1.08563665435e-06, 3.03815795633e-07, 1.70463081872e-07, 5.14064595336e-08, 9.85646124718e-08, 4.07038498906e-07, 1.80027754482e-07, 3.63627989941e-08, 6.58196626091e-08, 3.75188733415e-08, 4.50311565814e-09, 2.76187650528e-09],
        "dvar2": [4.07823685933e-09, 1.62509472545e-08, 9.53760892486e-09, 1.22810455139e-08, 1.54860799739e-07, 3.82988991987e-06, 9.21828177525e-06, 4.751639608e-06, 2.73339319392e-05, 3.24503380398e-05, 7.74692580308e-06, 1.03786533145e-05, 1.65966848726e-05, 1.44387558976e-05, 1.15623452075e-05, 3.03046431327e-06, 8.44428655e-07, 4.9628187071e-07, 1.49130585214e-07, 2.87763413098e-07, 1.18658681458e-06, 5.19473758231e-07, 1.05570990172e-07, 1.91211711353e-07, 1.09060493969e-07, 1.28568924396e-08, 8.13305067737e-09],
        "max": [0.000458667549537, 0.000962716701906, 0.000734794419259, 0.000722497527022, 0.00191721704323, 0.00902976747602, 0.0106735993177, 0.00947821792215, 0.0322008542717, 0.0278239585459, 0.0135285938159, 0.0188733134419, 0.0216779112816, 0.0179004482925, 0.0158395059407, 0.00837697833776, 0.00574474362656, 0.00407952582464, 0.00199493439868, 0.00283340620808, 0.00507093407214, 0.00403664866462, 0.00157712423243, 0.00248593604192, 0.00223824148998, 0.000397772528231, 0.000592697237153],
        "mean": [4.53206894235e-06, 1.21003158711e-05, 1.20311306091e-05, 2.23617935262e-05, 0.000141686818097, 0.000428903382272, 0.000806565629318, 0.00085042999126, 0.00198044301942, 0.00247311987914, 0.00196854560636, 0.00283495942131, 0.0029132894706, 0.00332670449279, 0.00288651650771, 0.00175643200055, 0.000696093775332, 0.000235581101151, 0.000133496796479, 0.000125370293972, 0.000164561148267, 0.000112444642582, 5.03767078044e-05, 5.92859723838e-05, 3.97689291276e-05, 2.24239429372e-05, 9.9641192719e-06],
        "median": [4.3377400516e-07, 3.18459615301e-06, 4.01870693167e-06, 1.08269305201e-05, 8.59993306221e-05, 0.000167972320924, 0.000347245193552, 0.000529358396307, 0.00131437228993, 0.00172329123598, 0.0015831599012, 0.00239738402888, 0.00249302922748, 0.00281825242564, 0.00238022743724, 0.00144054507837, 0.000574302452151, 0.000160676645464, 8.65786860231e-05, 6.26394612482e-05, 5.43787027709e-05, 3.25242326653e-05, 1.53442415467e-05, 1.38862988024e-05, 8.44545502332e-06, 6.80892662785e-06, 1.64716118434e-06],
        "min": [1.11052900209e-09, 2.46852405184e-08, 5.01970465194e-09, 5.02650685519e-08, 1.60877675626e-07, 4.41664056439e-08, 9.21632725692e-09, 5.91008930684e-09, 9.40331812416e-09, 2.44633202584e-08, 5.91161919417e-09, 1.32744180092e-08, 1.19125918019e-08, 2.33719674725e-08, 3.53854034962e-09, 1.27801262906e-08, 1.26899957209e-08, 7.82009212941e-09, 1.97726590656e-09, 6.7486505273e-09, 2.17218207865e-08, 8.53372927878e-09, 3.88588627942e-09, 3.22362625482e-09, 9.23596366054e-10, 6.29534258056e-10, 9.36919292149e-11],
        "stdev": [2.68872663582e-05, 5.37148407602e-05, 4.2076149839e-05, 5.01688118675e-05, 0.000196911918465, 0.000926684821025, 0.00150418654084, 0.00115686305799, 0.00268379575573, 0.00301092024893, 0.00172544724774, 0.00222154357471, 0.00242201122455, 0.00263754557818, 0.00228009000421, 0.00126277364325, 0.00056748004863, 0.00033531858935, 0.000189679354662, 0.000255269464105, 0.000482605450088, 0.000321594037814, 0.000143508499605, 0.000191275568795, 0.00014432806347, 5.34087594133e-05, 3.88846237911e-05],
        "var": [7.22925053154e-10, 2.88528423376e-09, 1.77040249127e-09, 2.51690956965e-09, 3.87743064323e-08, 8.58744783727e-07, 2.26257702707e-06, 1.33833225391e-06, 7.20275920685e-06, 9.06564127945e-06, 2.97716837849e-06, 4.9352561291e-06, 5.86613850828e-06, 6.95664630257e-06, 5.19881041328e-06, 1.59459727911e-06, 3.22033599787e-07, 1.12438563349e-07, 3.59782568182e-08, 6.51624958437e-08, 2.32908021758e-07, 1.03422721054e-07, 2.05946903975e-08, 3.65863428442e-08, 2.08305905858e-08, 2.85249557308e-09, 1.5120140695e-09]
    },
    "erbbands": {
        "dmean": [0.000569520459976, 0.00395866343752, 0.0162707529962, 0.0521418265998, 0.162190288305, 0.506539940834, 1.86883413792, 5.06858968735, 11.5471830368, 17.4016952515, 18.8192119598, 37.2664756775, 62.6795921326, 59.1865119934, 56.740436554, 73.50415802, 77.5735168457, 82.3088989258, 109.267242432, 64.8452301025, 43.606300354, 20.6831092834, 11.1638832092, 6.51790618896, 4.7092871666, 6.04241275787, 7.70888280869, 8.42865657806, 6.16614866257, 2.94464182854, 1.85927140713, 1.59307467937, 1.55599057674, 0.807974874973, 0.337986856699, 0.123302944005, 0.0537793897092, 0.0174742881209, 0.00289985979907, 0.00013501207286],
        "dmean2": [0.0010897568427, 0.00753164151683, 0.0307093523443, 0.0946591198444, 0.287140756845, 0.907846152782, 3.41758346558, 9.29621505737, 20.8869609833, 31.8165493011, 33.1375465393, 67.3260116577, 111.505554199, 104.936195374, 99.1619796753, 126.717704773, 136.228912354, 142.655532837, 189.250320435, 111.33631134, 75.0926742554, 37.0647277832, 20.5700016022, 12.1524219513, 8.65586185455, 11.1142168045, 14.4343862534, 15.9649562836, 11.699382782, 5.51864147186, 3.53871941566, 3.02126979828, 2.99700307846, 1.54601180553, 0.633461296558, 0.230858176947, 0.0997464582324, 0.0326138101518, 0.00551893282682, 0.000256692699622],
        "dvar": [5.82904613111e-06, 0.00025967732654, 0.0034600822255, 0.0233049187809, 0.120438084006, 0.625012636185, 15.5521421432, 123.359634399, 501.887329102, 1080.66760254, 847.827758789, 5137.71533203, 10846.1386719, 7053.20947266, 4506.66552734, 6667.20849609, 10268.1308594, 9419.65136719, 17872.796875, 5796.11816406, 2382.9074707, 939.328186035, 593.824584961, 206.045715332, 81.1518859863, 247.280532837, 603.905090332, 717.48638916, 354.527954102, 64.9064407349, 26.803768158, 17.7301368713, 26.9000415802, 7.38625335693, 1.24872195721, 0.0915586575866, 0.0165633819997, 0.00207618088461, 0.00014025773271, 2.05546825782e-07],
        "dvar2": [1.71977553691e-05, 0.000766199373174, 0.0101723577827, 0.0678484141827, 0.342886507511, 1.79672801495, 44.0607910156, 350.403717041, 1403.59204102, 2990.47973633, 2378.27124023, 14332.9736328, 30306.8183594, 19708.0527344, 13513.4658203, 18522.0722656, 29478.1464844, 25720.8007812, 47833.0859375, 16106.6679688, 6544.53662109, 2595.60131836, 1721.02868652, 594.563537598, 232.167495728, 711.673339844, 1780.14294434, 2092.59301758, 1031.75878906, 185.635848999, 78.1485214233, 51.2112121582, 78.6457824707, 21.5207996368, 3.64354276657, 0.262005627155, 0.0475986376405, 0.00602410081774, 0.000414978159824, 6.05164245826e-07],
        "max": [0.0302009712905, 0.212135896087, 0.765126824379, 1.78276109695, 3.59193778038, 6.09429883957, 34.3765106201, 90.8055419922, 144.948486328, 190.664871216, 207.272476196, 726.829040527, 816.931335449, 667.940185547, 476.472137451, 866.288452148, 936.336730957, 710.574829102, 1137.30285645, 667.060058594, 475.58013916, 340.208435059, 230.750839233, 104.828392029, 66.9363250732, 164.112503052, 247.627380371, 243.616607666, 212.158157349, 71.755645752, 44.638004303, 27.6393146515, 59.6965560913, 29.3554267883, 14.6174497604, 2.42514657974, 1.10447967052, 0.42499729991, 0.161017671227, 0.0046213818714],
        "mean": [0.000374857103452, 0.00273061590269, 0.0119229955599, 0.0476632155478, 0.165696203709, 0.526615798473, 1.59987664223, 4.06777095795, 9.63447952271, 15.5079727173, 21.5714149475, 42.7570381165, 73.3703536987, 78.5853424072, 88.2286682129, 120.280570984, 134.871307373, 155.179748535, 177.260253906, 123.98790741, 85.4567718506, 39.3779067993, 15.7570438385, 8.38849449158, 5.80320310593, 6.07938861847, 6.61687994003, 6.26192760468, 4.47750520706, 2.21579122543, 1.36427485943, 1.16060185432, 1.02440083027, 0.528632640839, 0.23914077878, 0.0956096574664, 0.0410451069474, 0.0125664239749, 0.00182468339335, 0.000103199927253],
        "median": [8.7549611635e-05, 0.000797093554866, 0.00411628838629, 0.0229414403439, 0.0951380878687, 0.306048989296, 0.671747803688, 1.67209291458, 4.05838012695, 6.96622276306, 14.4760532379, 27.3222885132, 47.4329147339, 56.7581787109, 72.932220459, 102.137710571, 118.507064819, 132.649505615, 143.555297852, 109.149414062, 73.5232849121, 33.567111969, 11.9931297302, 5.52804136276, 3.80632686615, 2.9468164444, 2.64674186707, 1.93586194515, 1.27771389484, 0.690951168537, 0.421165674925, 0.327159285545, 0.192891836166, 0.100270450115, 0.0538354888558, 0.029723662883, 0.0121162459254, 0.00301206554286, 0.000269705487881, 3.5569530155e-05],
        "min": [8.7429901896e-07, 5.21374840901e-06, 2.34000126511e-05, 0.000110896282422, 0.000351262598997, 0.000579565123189, 0.000537961896043, 0.000296724349027, 0.000145991638419, 0.000102321420854, 0.000177964320756, 0.000221423935727, 0.000557743594982, 0.00061178568285, 0.000171675099409, 0.000680125493091, 0.000598414684646, 0.00088223000057, 0.000665299361572, 0.000211750375456, 0.00101585208904, 0.000606560148299, 0.000517712673172, 0.000125975042465, 0.000114393180411, 0.000287468719762, 0.000490725564305, 0.00109289225657, 0.00034063946805, 0.000146121485159, 0.000136412752909, 7.33843262424e-05, 4.80435810459e-05, 1.60705512826e-05, 4.11538439948e-06, 2.73313253274e-06, 1.23671270558e-06, 1.6408098702e-07, 1.10205062853e-08, 1.77635572918e-09],
        "stdev": [0.0017474249471, 0.0116860885173, 0.0430950932205, 0.115470655262, 0.284246087074, 0.693763136864, 3.172519207, 8.76358222961, 18.2674503326, 27.37458992, 26.587266922, 60.2238044739, 92.2229537964, 80.388092041, 71.4802932739, 93.9656143188, 106.083114624, 114.040847778, 147.82951355, 88.2789077759, 60.1914367676, 31.5089874268, 20.0920352936, 11.8490810394, 7.868268013, 12.8314838409, 18.5386981964, 20.0922718048, 14.107254982, 6.18687963486, 3.88426804543, 3.17933344841, 3.82797670364, 2.0100903511, 0.833792448044, 0.236328274012, 0.10212918371, 0.035346083343, 0.00861599016935, 0.000334391137585],
        "var": [3.05349385599e-06, 0.000136564660352, 0.00185718690045, 0.0133334714919, 0.0807958394289, 0.481307327747, 10.0648775101, 76.8003692627, 333.699707031, 749.368164062, 706.8828125, 3626.90649414, 8505.07324219, 6462.24511719, 5109.43212891, 8829.53710938, 11253.6279297, 13005.3154297, 21853.5644531, 7793.16552734, 3623.00927734, 992.81628418, 403.689849854, 140.400726318, 61.9096412659, 164.646972656, 343.683349609, 403.699401855, 199.014633179, 38.2774810791, 15.0875377655, 10.1081609726, 14.6534061432, 4.04046297073, 0.695209801197, 0.0558510497212, 0.0104303704575, 0.00124934548512, 7.42352931411e-05, 1.11817435311e-07]
    },
    "gfcc": {
        "mean": [-18.4547233582, 47.9150466919, -197.73550415, -36.0129127502, -62.3678398132, 9.37652397156, -44.6057624817, -3.58700871468, -20.2177848816, 4.62457561493, -22.5594367981, 0.338043302298, -7.11045360565],
        "cov": [[4312.60888672, -1088.39343262, -9.71753692627, -580.705566406, -340.569213867, -183.075134277, 31.3094673157, -2.49622583389, 67.884727478, 112.864547729, 68.9167175293, 111.456222534, 7.0883846283], [-1088.39343262, 602.246826172, -33.5310783386, 227.28968811, 126.803359985, 61.0832977295, -11.8239498138, 10.0723018646, 11.7117137909, -65.0662918091, -3.91034150124, -52.9456977844, 19.1290092468], [-9.71753692627, -33.5310783386, 351.186096191, 111.715866089, -22.9890975952, 8.7927570343, 34.2836265564, 31.1849365234, 0.352637529373, 38.5362358093, -0.969351232052, 17.7631893158, -16.0526676178], [-580.705566406, 227.28968811, 111.715866089, 281.52532959, 50.9911766052, 65.7484436035, 32.4905281067, 39.0868186951, 3.85007572174, -20.1811618805, 4.11437606812, -24.9029541016, 12.9694042206], [-340.569213867, 126.803359985, -22.9890975952, 50.9911766052, 119.301017761, 39.9411621094, 18.2424068451, 5.79460573196, -5.71566104889, -16.8876266479, -16.1520195007, -13.990776062, -7.45727968216], [-183.075134277, 61.0832977295, 8.7927570343, 65.7484436035, 39.9411621094, 70.9682617188, 21.8448925018, 18.676279068, 5.86478471756, -8.45482444763, -2.1936378479, -10.0156641006, 2.21149563789], [31.3094673157, -11.8239498138, 34.2836265564, 32.4905281067, 18.2424068451, 21.8448925018, 63.301815033, 25.6714916229, 14.3241500854, 9.98661327362, 4.67815160751, 0.0234939996153, 0.962605118752], [-2.49622583389, 10.0723018646, 31.1849365234, 39.0868186951, 5.79460573196, 18.676279068, 25.6714916229, 44.9585075378, 12.3759565353, 8.60471725464, 6.8057141304, 0.281184881926, -1.13684368134], [67.884727478, 11.7117137909, 0.352637529373, 3.85007572174, -5.71566104889, 5.86478471756, 14.3241500854, 12.3759565353, 48.3812866211, 10.6294260025, 14.8729743958, 8.04843235016, 9.17615127563], [112.864547729, -65.0662918091, 38.5362358093, -20.1811618805, -16.8876266479, -8.45482444763, 9.98661327362, 8.60471725464, 10.6294260025, 45.8933486938, 13.4366750717, 15.2453603745, -1.03542995453], [68.9167175293, -3.91034150124, -0.969351232052, 4.11437606812, -16.1520195007, -2.1936378479, 4.67815160751, 6.8057141304, 14.8729743958, 13.4366750717, 40.5435562134, 13.2515029907, 12.8454236984], [111.456222534, -52.9456977844, 17.7631893158, -24.9029541016, -13.990776062, -10.0156641006, 0.0234939996153, 0.281184881926, 8.04843235016, 15.2453603745, 13.2515029907, 39.8430519104, 8.34851074219], [7.0883846283, 19.1290092468, -16.0526676178, 12.9694042206, -7.45727968216, 2.21149563789, 0.962605118752, -1.13684368134, 9.17615127563, -1.03542995453, 12.8454236984, 8.34851074219, 33.313747406]],
        "icov": [[0.000556633458473, 0.000753051717766, -0.000142224438605, 0.00065734772943, 0.00043142362847, 0.000378715893021, -0.000351890950697, -0.000486801087391, -0.000735004432499, 0.000721101940144, -0.000560932152439, 0.000321534840623, -0.000449723826023], [0.000753051717766, 0.0050365109928, -1.19499254652e-05, -0.0017919979291, -0.00301908981055, 0.00155129074119, 0.00252915616147, -0.00067711196607, -0.00350408139639, 0.00356760108843, -0.00221837521531, 0.00333342025988, -0.00213924981654], [-0.000142224438605, -1.19499254652e-05, 0.00488528842106, -0.00328161334619, 0.00163407740183, 0.000505303847603, -0.00139184040017, 6.71366215101e-05, 0.000958184769843, -0.00396507559344, 0.00246066274121, -0.00338583579287, 0.00355601077899], [0.00065734772943, -0.0017919979291, -0.00328161334619, 0.00981348007917, 0.000875152647495, -0.00354859931394, -0.00179670657963, -0.00411218218505, 0.00124424311798, 0.00304169859737, -0.00244341697544, 0.00311099505052, -0.00425526406616], [0.00043142362847, -0.00301908981055, 0.00163407740183, 0.000875152647495, 0.0159923825413, -0.00568571453914, -0.00625246763229, 0.00159341318067, 0.00262269261293, -0.000976608134806, 0.00457543926314, -0.00389237282798, 0.00473929103464], [0.000378715893021, 0.00155129074119, 0.000505303847603, -0.00354859931394, -0.00568571453914, 0.0231553763151, -0.00250814598985, -0.00487619591877, -0.00271051703021, 0.00274110562168, -8.54961399455e-05, 0.00236025522463, -0.00197688932531], [-0.000351890950697, 0.00252915616147, -0.00139184040017, -0.00179670657963, -0.00625246763229, -0.00250814598985, 0.0261159669608, -0.00933651160449, -0.00515888864174, -0.00167788018007, -0.000926561187953, 0.00365566532128, -0.00284493621439], [-0.000486801087391, -0.00067711196607, 6.71366215101e-05, -0.00411218218505, 0.00159341318067, -0.00487619591877, -0.00933651160449, 0.0354121364653, -0.00370025006123, -0.00455826660618, -0.00203720736317, -0.00118821521755, 0.00624510785565], [-0.000735004432499, -0.00350408139639, 0.000958184769843, 0.00124424311798, 0.00262269261293, -0.00271051703021, -0.00515888864174, -0.00370025006123, 0.0291119087487, -0.00555095775053, -0.00374478334561, -0.00389832304791, -0.00283482507803], [0.000721101940144, 0.00356760108843, -0.00396507559344, 0.00304169859737, -0.000976608134806, 0.00274110562168, -0.00167788018007, -0.00455826660618, -0.00555095775053, 0.0363679565489, -0.0100809019059, -0.00298177404329, 0.00148926081602], [-0.000560932152439, -0.00221837521531, 0.00246066274121, -0.00244341697544, 0.00457543926314, -8.54961399455e-05, -0.000926561187953, -0.00203720736317, -0.00374478334561, -0.0100809019059, 0.0378577001393, -0.00888520572335, -0.00713545409963], [0.000321534840623, 0.00333342025988, -0.00338583579287, 0.00311099505052, -0.00389237282798, 0.00236025522463, 0.00365566532128, -0.00118821521755, -0.00389832304791, -0.00298177404329, -0.00888520572335, 0.0385571829975, -0.0112547008321], [-0.000449723826023, -0.00213924981654, 0.00355601077899, -0.00425526406616, 0.00473929103464, -0.00197688932531, -0.00284493621439, 0.00624510785565, -0.00283482507803, 0.00148926081602, -0.00713545409963, -0.0112547008321, 0.042598221451]]
    },
    "melbands": {
        "dmean": [5.35110439159e-06, 7.44671206121e-06, 1.15938873932e-05, 2.086306813e-05, 5.56359409529e-05, 0.000118763251521, 0.000179959082743, 0.000186250021216, 0.000162773460033, 0.000252509431448, 0.00031925944495, 0.000248447322519, 0.000186460572877, 0.000194338106667, 0.000196134875296, 0.000175058332388, 0.000166119818459, 0.000195531363715, 0.000118779804325, 7.68102254369e-05, 4.9912090617e-05, 2.48425349128e-05, 1.36475091495e-05, 8.17204363557e-06, 5.23263406649e-06, 4.01119177695e-06, 3.30871398546e-06, 4.20195510742e-06, 4.82412042402e-06, 4.81722508994e-06, 4.94786854688e-06, 3.71720489056e-06, 2.41698421632e-06, 1.36601272516e-06, 1.05022309072e-06, 9.74717977442e-07, 9.98087330117e-07, 1.12082352643e-06, 9.68465201368e-07, 5.87360091231e-07],
        "dmean2": [1.02295080069e-05, 1.40404727063e-05, 2.09555164474e-05, 3.70431516785e-05, 0.000101928591903, 0.000217577631702, 0.000327137386193, 0.000339337741025, 0.000286297348794, 0.000451913540019, 0.000569655210711, 0.000441328709712, 0.000327278161421, 0.000340882717865, 0.00034440838499, 0.000308459129883, 0.000288882816676, 0.000338935933542, 0.000210847923881, 0.000131526947371, 8.59785213834e-05, 4.46092126367e-05, 2.44817911152e-05, 1.5074510884e-05, 9.67567393673e-06, 7.44978069633e-06, 6.08398704571e-06, 7.69689813751e-06, 9.01313251234e-06, 9.044174476e-06, 9.40257814364e-06, 7.06330501998e-06, 4.51958476333e-06, 2.56699786405e-06, 2.00906538339e-06, 1.84605971754e-06, 1.89395348116e-06, 2.15740124077e-06, 1.87243369965e-06, 1.11816393655e-06],
        "dvar": [5.20900822476e-10, 7.88217324743e-10, 1.02349095865e-09, 1.18472909261e-09, 1.32378357165e-08, 6.69114470497e-08, 1.21327971669e-07, 1.17471785188e-07, 6.72993323292e-08, 2.1971149522e-07, 2.78151532029e-07, 1.30262066023e-07, 5.2515805038e-08, 4.79537192177e-08, 5.57012853619e-08, 5.40835465301e-08, 3.60495668872e-08, 5.84446802065e-08, 2.10614157226e-08, 7.0212040626e-09, 3.15421666564e-09, 1.35551614378e-09, 6.07444095024e-10, 3.53454515656e-10, 1.29866978282e-10, 6.75051889387e-11, 5.11714802476e-11, 1.28157179313e-10, 2.86070056532e-10, 2.26158772265e-10, 2.61449389916e-10, 1.32083677329e-10, 4.58410878701e-11, 1.64532398123e-11, 9.51911553054e-12, 6.83571905677e-12, 8.02834534963e-12, 1.22821683379e-11, 1.78143732404e-11, 3.24277106903e-12],
        "dvar2": [1.53691981364e-09, 2.32043162463e-09, 2.95792879079e-09, 3.3954448142e-09, 3.76924056411e-08, 1.88769973875e-07, 3.37297393571e-07, 3.25719696548e-07, 1.89414308238e-07, 6.11649682014e-07, 7.75023067945e-07, 3.646932214e-07, 1.5439526635e-07, 1.33644277867e-07, 1.60090067425e-07, 1.56485228331e-07, 9.80052092814e-08, 1.56645768357e-07, 5.80641739134e-08, 1.99628313879e-08, 8.67541505301e-09, 3.76159947635e-09, 1.72281378052e-09, 1.03638220228e-09, 3.75316222545e-10, 1.95032254235e-10, 1.45871092982e-10, 3.7067343639e-10, 8.50569337185e-10, 6.59331533814e-10, 7.64168672784e-10, 3.85005360926e-10, 1.31505487055e-10, 4.73829274428e-11, 2.78522274688e-11, 1.97579435451e-11, 2.33240857184e-11, 3.57505310078e-11, 5.26098678511e-11, 9.38068633188e-12],
        "max": [0.000291170843411, 0.000366219639545, 0.000364693347365, 0.000308931543259, 0.00102581363171, 0.00200817477889, 0.00226788269356, 0.00211800890975, 0.00233224174008, 0.00464380439371, 0.00405707210302, 0.00297560659237, 0.00171327334829, 0.00214350316674, 0.00161043391563, 0.00207560067065, 0.0015824228758, 0.00197915150784, 0.00114949757699, 0.000702584045939, 0.000548972806428, 0.000416979339207, 0.000219868583372, 0.000179183916771, 9.12015020731e-05, 7.30273968657e-05, 5.65345981158e-05, 0.000121751181723, 0.00021278616623, 0.00013573920296, 0.000161249976372, 0.000131154956762, 5.34112805326e-05, 3.73646253138e-05, 2.88753271889e-05, 1.93415835383e-05, 2.08608162211e-05, 3.05014145852e-05, 5.81528438488e-05, 1.39468647831e-05],
        "mean": [3.56073269359e-06, 5.58086867386e-06, 1.12819925562e-05, 2.31802005146e-05, 4.95019630762e-05, 9.52603950282e-05, 0.000151980057126, 0.000172574946191, 0.000185255616088, 0.000287130096694, 0.000369746936485, 0.000316551944707, 0.000280526088318, 0.000307521171635, 0.000314998847898, 0.000285668327706, 0.000290716619929, 0.000298508879496, 0.000202169219847, 0.000135910173412, 9.10922826733e-05, 4.39071700384e-05, 1.99078258447e-05, 9.69757002167e-06, 6.4462442424e-06, 4.70055465485e-06, 3.67887651009e-06, 4.05795935876e-06, 4.18019681092e-06, 3.82173993785e-06, 3.54877511199e-06, 2.67801146947e-06, 1.78069342383e-06, 1.01985290257e-06, 7.6597854104e-07, 7.16436545645e-07, 7.17361672287e-07, 7.46858972889e-07, 6.09891628756e-07, 3.89500769415e-07],
        "median": [9.01402586351e-07, 2.00417889573e-06, 6.20798118689e-06, 1.47282607941e-05, 2.34259823628e-05, 3.76271927962e-05, 6.49126741337e-05, 8.27212279546e-05, 0.000123743433505, 0.000196292996407, 0.000241491972702, 0.000228285003686, 0.000226516262046, 0.000260383239947, 0.000271153869107, 0.000240217967075, 0.000242577007157, 0.000234772072872, 0.000168344151461, 0.000114960319479, 7.72627390688e-05, 3.61381607945e-05, 1.56097667059e-05, 6.13988140685e-06, 4.12100143876e-06, 3.02483886117e-06, 2.10590837924e-06, 1.90005039258e-06, 1.66821428138e-06, 1.34745118885e-06, 1.02095918919e-06, 7.29795715415e-07, 5.25076700342e-07, 3.07324455662e-07, 2.37848496454e-07, 2.15100584455e-07, 1.94457612679e-07, 1.4113869895e-07, 1.03572361354e-07, 7.88362939375e-08],
        "min": [7.97157895249e-09, 1.10744462489e-08, 2.59716177453e-08, 3.46109523264e-08, 2.07928803064e-08, 6.79550815619e-09, 2.15350381971e-09, 1.05455555399e-09, 1.52018253541e-09, 1.35807520785e-09, 2.94827739999e-09, 2.74223355134e-09, 6.64273802631e-10, 8.200735091e-10, 2.5976942819e-09, 7.07845004833e-10, 1.89153359642e-09, 1.40594114129e-09, 2.26692845051e-10, 4.00607630402e-10, 1.42418110638e-09, 7.25944582225e-10, 4.31583435656e-10, 3.5315939062e-10, 7.20272730348e-11, 8.43605879597e-11, 8.3917012228e-11, 2.17937362601e-10, 3.15760889658e-10, 4.74956018959e-10, 6.42457809175e-10, 1.59184665449e-10, 1.68725117211e-10, 4.45583431263e-11, 8.00685281965e-11, 5.80190652466e-11, 4.57054602498e-11, 4.11806387601e-11, 1.98684246139e-11, 1.10650455812e-11],
        "stdev": [1.65150340763e-05, 2.0500176106e-05, 2.45761966653e-05, 3.00049068755e-05, 9.26194552449e-05, 0.000205364107387, 0.000284958281554, 0.000288479786832, 0.000232751714066, 0.000398653559387, 0.000467343954369, 0.000339226768119, 0.000238784778048, 0.000243296075496, 0.00025273731444, 0.000237654981902, 0.00022264769359, 0.000261815381236, 0.000157053989824, 9.90589323919e-05, 6.80408265907e-05, 3.71642854589e-05, 2.17808119487e-05, 1.51002705024e-05, 9.42717724683e-06, 6.86369276082e-06, 6.0435195337e-06, 9.183219845e-06, 1.26467639348e-05, 1.13316391435e-05, 1.20592121675e-05, 8.59463671077e-06, 5.16574800713e-06, 3.08506469082e-06, 2.29972783927e-06, 1.97459189621e-06, 2.11902715819e-06, 2.60871593127e-06, 3.05873504658e-06, 1.34585570777e-06],
        "var": [2.72746325525e-10, 4.20257190159e-10, 6.03989414039e-10, 9.00294450101e-10, 8.57836379708e-09, 4.21744168477e-08, 8.1201228852e-08, 8.32205842016e-08, 5.41733626847e-08, 1.5892464944e-07, 2.18410363573e-07, 1.15074804796e-07, 5.70181697412e-08, 5.91929776306e-08, 6.38761434857e-08, 5.64798874336e-08, 4.9571998062e-08, 6.85472869577e-08, 2.46659546121e-08, 9.81267156419e-09, 4.62955451752e-09, 1.38118416704e-09, 4.74403738515e-10, 2.28018159909e-10, 8.88716739089e-11, 4.71102809541e-11, 3.65241309419e-11, 8.4331527872e-11, 1.59940644062e-10, 1.28406049682e-10, 1.45424602915e-10, 7.38677799483e-11, 2.66849511238e-11, 9.51762453572e-12, 5.28874773836e-12, 3.89901349054e-12, 4.49027577273e-12, 6.80539912618e-12, 9.35586070422e-12, 1.81132756363e-12]
    },
    "melbands128": {
