{
"lowlevel": {
    "average_loudness": 0.0449498444796,
    "barkbands_crest": {
        "dmean": 1.70023131371,
        "dmean2": 2.87435293198,
        "dvar": 6.22509002686,
        "dvar2": 16.7504768372,
        "max": 26.8575210571,
        "mean": 9.37518596649,
        "median": 4.71237659454,
        "min": 2.08033275604,
        "stdev": 8.4196472168,
        "var": 70.8904647827
    },
    "barkbands_flatness_db": {
        "dmean": 0.0148869873956,
        "dmean2": 0.0241202376783,
        "dvar": 0.000370415946236,
        "dvar2": 0.00094012345653,
        "max": 0.598794937134,
        "mean": 0.148435667157,
        "median": 0.0737329050899,
        "min": 0.034929536283,
        "stdev": 0.146850377321,
        "var": 0.0215650349855
    },
    "barkbands_kurtosis": {
        "dmean": 4.63629770279,
        "dmean2": 7.51862859726,
        "dvar": 191.544952393,
        "dvar2": 444.156494141,
        "max": 393.315765381,
        "mean": 11.5829086304,
        "median": -0.593286275864,
        "min": -1.91036069393,
        "stdev": 41.9291381836,
        "var": 1758.0526123
    },
    "barkbands_skewness": {
        "dmean": 0.638299703598,
        "dmean2": 1.01525938511,
        "dvar": 0.644288122654,
        "dvar2": 1.41079175472,
        "max": 3.78028416634,
        "mean": -0.920629441738,
        "median": -0.0419715903699,
        "min": -17.515001297,
        "stdev": 2.74346852303,
        "var": 7.52661943436
    },
    "barkbands_spread": {
        "dmean": 6.14766979218,
        "dmean2": 10.872048378,
        "dvar": 57.5757675171,
        "dvar2": 186.041061401,
        "max": 61.6776161194,
        "mean": 25.3315486908,
        "median": 27.8538246155,
        "min": 0.382136613131,
        "stdev": 12.3834295273,
        "var": 153.349319458
    },
    "dissonance": {
        "dmean": 0.00680818827823,
        "dmean2": 0.0119120255113,
        "dvar": 6.13750889897e-05,
        "dvar2": 0.000179127309821,
        "max": 0.500000119209,
        "mean": 0.491229474545,
        "median": 0.493492603302,
        "min": 0.416764974594,
        "stdev": 0.00843837764114,
        "var": 7.12062101229e-05
    },
    "dynamic_complexity": 8.41070461273,
    "erbbands_crest": {
        "dmean": 1.85544204712,
        "dmean2": 3.1793756485,
        "dvar": 8.23934650421,
        "dvar2": 21.4936447144,
        "max": 34.5629997253,
        "mean": 13.0564098358,
        "median": 6.0050868988,
        "min": 2.97168064117,
        "stdev": 11.8080377579,
        "var": 139.429763794
    },
    "erbbands_flatness_db": {
        "dmean": 0.016090683639,
        "dmean2": 0.025905571878,
        "dvar": 0.000415152870119,
        "dvar2": 0.00107624963857,
        "max": 0.568185091019,
        "mean": 0.22359649837,
        "median": 0.162626951933,
        "min": 0.0863518714905,
        "stdev": 0.124221101403,
        "var": 0.0154308825731
    },
    "erbbands_kurtosis": {
        "dmean": 5.44906377792,
        "dmean2": 7.52124547958,
        "dvar": 212.403076172,
        "dvar2": 398.966766357,
        "max": 434.200439453,
        "mean": 23.1927661896,
        "median": -0.0176410675049,
        "min": -1.7495828867,
        "stdev": 64.0074005127,
        "var": 4096.94726562
    },
    "erbbands_skewness": {
        "dmean": 0.553112566471,
        "dmean2": 0.867309689522,
        "dvar": 0.484676986933,
        "dvar2": 1.05750131607,
        "max": 5.84629678726,
        "mean": -1.11627185345,
        "median": -0.140944465995,
        "min": -15.1354093552,
        "stdev": 3.37491440773,
        "var": 11.3900470734
    },
    "erbbands_spread": {
        "dmean": 6.18984508514,
        "dmean2": 10.5856618881,
        "dvar": 63.3105010986,
        "dvar2": 180.886611938,
        "max": 73.2470245361,
        "mean": 25.7942085266,
        "median": 29.3729190826,
        "min": 0.257370263338,
        "stdev": 14.6762609482,
        "var": 215.392623901
    },
    "hfc": {
        "dmean": 4.36851501465,
        "dmean2": 7.88384628296,
        "dvar": 1834.30041504,
        "dvar2": 5351.84570312,
        "max": 866.362487793,
        "mean": 8.25201416016,
        "median": 0.700801253319,
        "min": 1.51496794842e-06,
        "stdev": 37.8374137878,
        "var": 1431.6697998
    },
    "loudness_ebu128": {
        "integrated": -21.1653862,
        "loudness_range": 14.4520645142,
        "momentary": {
            "dmean": 0.92157626152,
            "dmean2": 1.06232857704,
            "dvar": 2.12005090714,
            "dvar2": 3.58219480515,
            "max": -11.2825021744,
            "mean": -28.1540203094,
            "median": -29.4036521912,
            "min": -45.3108825684,
            "stdev": 6.81771421432,
            "var": 46.4812278748
        },
        "short_term": {
            "dmean": 0.238476634026,
            "dmean2": 0.165750548244,
            "dvar": 0.213271915913,
            "dvar2": 0.181722968817,
            "max": -15.956533432,
            "mean": -25.6363639832,
            "median": -27.7062644958,
            "min": -32.7951812744,
            "stdev": 5.10023355484,
            "var": 26.0123806
        }
    },
    "melbands_crest": {
        "dmean": 1.95932924747,
        "dmean2": 3.27894997597,
        "dvar": 4.33767700195,
        "dvar2": 10.7814817429,
        "max": 34.6001396179,
        "mean": 11.1822357178,
        "median": 6.52909660339,
        "min": 2.5100915432,
        "stdev": 9.91422843933,
        "var": 98.2919235229
    },
    "melbands_flatness_db": {
        "dmean": 0.0177110694349,
        "dmean2": 0.0267157778144,
        "dvar": 0.000353934970917,
        "dvar2": 0.000735391455237,
        "max": 0.563209116459,
        "mean": 0.149516895413,
        "median": 0.0725320577621,
        "min": 0.0183912292123,
        "stdev": 0.142705619335,
        "var": 0.0203648917377
    },
    "melbands_kurtosis": {
        "dmean": 2.4306268692,
        "dmean2": 3.79856348038,
        "dvar": 24.7045936584,
        "dvar2": 63.384021759,
        "max": 130.219436646,
        "mean": 4.92384052277,
        "median": 0.416432380676,
        "min": -1.92317044735,
        "stdev": 14.4881858826,
        "var": 209.907531738
    },
    "melbands_skewness": {
        "dmean": 0.606333196163,
        "dmean2": 0.983455121517,
        "dvar": 0.517977058887,
        "dvar2": 1.27465808392,
        "max": 4.50316047668,
        "mean": 0.252480566502,
        "median": 0.686887383461,
        "min": -9.46423530579,
        "stdev": 1.85612082481,
        "var": 3.44518470764
    },
    "melbands_spread": {
        "dmean": 14.01450634,
        "dmean2": 23.5809135437,
        "dvar": 245.599182129,
        "dvar2": 671.724731445,
        "max": 133.948410034,
        "mean": 55.0259056091,
        "median": 55.9170799255,
        "min": 2.33562421799,
        "stdev": 25.6668510437,
        "var": 658.787231445
    },
    "pitch_salience": {
        "dmean": 0.0397029668093,
        "dmean2": 0.0662922784686,
        "dvar": 0.00220086774789,
        "dvar2": 0.00563774583861,
        "max": 0.918587625027,
        "mean": 0.632722616196,
        "median": 0.723028004169,
        "min": 0.138191208243,
        "stdev": 0.188949972391,
        "var": 0.0357020944357
    },
    "silence_rate_20dB": {
        "dmean": 0,
        "dmean2": 0,
        "dvar": 0,
        "dvar2": 0,
        "max": 1,
        "mean": 1,
        "median": 1,
        "min": 1,
        "stdev": 0,
        "var": 0
    },
    "silence_rate_30dB": {
        "dmean": 0,
        "dmean2": 0,
        "dvar": 0,
        "dvar2": 0,
        "max": 1,
        "mean": 1,
        "median": 1,
        "min": 1,
        "stdev": 0,
        "var": 0
    },
    "silence_rate_60dB": {
        "dmean": 0.0173076931387,
        "dmean2": 0.0346487015486,
        "dvar": 0.0170080382377,
        "dvar2": 0.0392230153084,
        "max": 1,
        "mean": 0.889529287815,
        "median": 1,
        "min": 0,
        "stdev": 0.313476055861,
        "var": 0.0982672423124
    },
    "spectral_centroid": {
        "dmean": 383.847198486,
        "dmean2": 625.204467773,
        "dvar": 259073.453125,
        "dvar2": 580948.25,
        "max": 4569.78466797,
        "mean": 2758.70874023,
        "median": 2690.17333984,
        "min": 688.105957031,
        "stdev": 602.237060547,
        "var": 362689.46875
    },
    "spectral_complexity": {
        "dmean": 0.865384638309,
        "dmean2": 1.44562077522,
        "dvar": 8.13387680054,
        "dvar2": 17.2345275879,
        "max": 49,
        "mean": 1.21709895134,
        "median": 0,
        "min": 0,
        "stdev": 3.88585996628,
        "var": 15.0999069214
    },
    "spectral_decrease": {
        "dmean": 1.39722233783e-10,
        "dmean2": 2.46415277072e-10,
        "dvar": 1.34052455801e-18,
        "dvar2": 3.95256096153e-18,
        "max": -2.66450386594e-16,
        "mean": -3.42669698172e-10,
        "median": -6.54697546176e-11,
        "min": -2.2217246709e-08,
        "stdev": 1.11656051072e-09,
        "var": 1.24670749069e-18
    },
    "spectral_energy": {
        "dmean": 0.000915558717679,
        "dmean2": 0.0016358634457,
        "dvar": 6.79773293086e-05,
        "dvar2": 0.000199512287509,
        "max": 0.162434533238,
        "mean": 0.00204179435968,
        "median": 0.000313954922603,
        "min": 1.14305931387e-09,
        "stdev": 0.00758884288371,
        "var": 5.75905360165e-05
    },
    "spectral_energyband_high": {
        "dmean": 0.000521126145031,
        "dmean2": 0.000950311834458,
        "dvar": 2.08651708817e-05,
        "dvar2": 6.09001726843e-05,
        "max": 0.0861398875713,
        "mean": 0.000564912974369,
        "median": 3.70410380128e-05,
        "min": 6.01740809958e-11,
        "stdev": 0.0036667350214,
        "var": 1.344494558e-05
    },
    "spectral_energyband_low": {
        "dmean": 8.91546915227e-06,
        "dmean2": 1.52888987941e-05,
        "dvar": 3.40655503805e-09,
        "dvar2": 8.7614866473e-09,
        "max": 0.00131600350142,
        "mean": 9.34002582653e-06,
        "median": 4.49244589618e-06,
        "min": 2.07504888272e-10,
        "stdev": 5.07671393279e-05,
        "var": 2.57730237152e-09
    },
    "spectral_energyband_middle_high": {
        "dmean": 0.000355250522261,
        "dmean2": 0.000590023119003,
        "dvar": 8.89253533387e-06,
        "dvar2": 2.62015091721e-05,
        "max": 0.0638048946857,
        "mean": 0.00136806315277,
        "median": 0.000191249666386,
        "min": 2.93792157269e-10,
        "stdev": 0.00406729010865,
        "var": 1.65428500623e-05
    },
    "spectral_energyband_middle_low": {
        "dmean": 8.428619185e-05,
        "dmean2": 0.000153144195792,
        "dvar": 5.17624016538e-07,
        "dvar2": 1.50883101924e-06,
        "max": 0.0122391777113,
        "mean": 0.000103978934931,
        "median": 4.30252148362e-05,
        "min": 5.53137813331e-10,
        "stdev": 0.000560023298021,
        "var": 3.13626088655e-07
    },
    "spectral_entropy": {
        "dmean": 0.0960126742721,
        "dmean2": 0.144949510694,
        "dvar": 0.0164040718228,
        "dvar2": 0.0260399561375,
        "max": 8.4128818512,
        "mean": 7.1688246727,
        "median": 8.06542015076,
        "min": 3.02440476418,
        "stdev": 1.6341791153,
        "var": 2.67054128647
    },
    "spectral_flux": {
        "dmean": 0.00613862928003,
        "dmean2": 0.0104465298355,
        "dvar": 0.000473316235002,
        "dvar2": 0.000901909195818,
        "max": 0.396294921637,
        "mean": 0.0142040252686,
        "median": 0.0101399691775,
        "min": 0.0015329081798,
        "stdev": 0.0242969840765,
        "var": 0.000590343435761
    },
    "spectral_kurtosis": {
        "dmean": 2.65409946442,
        "dmean2": 4.44954967499,
        "dvar": 27.0755805969,
        "dvar2": 70.5957946777,
        "max": 81.7471542358,
        "mean": 7.97666215897,
        "median": 2.75022602081,
        "min": 0.766028881073,
        "stdev": 12.8489999771,
        "var": 165.096801758
    },
    "spectral_rms": {
        "dmean": 0.000212024606299,
        "dmean2": 0.000354671938112,
        "dvar": 4.57794044451e-07,
        "dvar2": 1.2576813333e-06,
        "max": 0.0125885950401,
        "mean": 0.000883132102899,
        "median": 0.000553441524971,
        "min": 1.05602077838e-06,
        "stdev": 0.00110094074626,
        "var": 1.21207051507e-06
    },
    "spectral_rolloff": {
        "dmean": 744.014221191,
        "dmean2": 1260.13830566,
        "dvar": 921314.875,
        "dvar2": 1992354.25,
        "max": 12403.125,
        "mean": 3999.54907227,
        "median": 3682.17773438,
        "min": 452.197265625,
        "stdev": 1368.66418457,
        "var": 1873241.75
    },
    "spectral_skewness": {
        "dmean": 0.327860713005,
        "dmean2": 0.552285611629,
        "dvar": 0.209069058299,
        "dvar2": 0.550760924816,
        "max": 6.29967784882,
        "mean": 1.4182382822,
        "median": 1.12649548054,
        "min": 0.169294834137,
        "stdev": 0.889701426029,
        "var": 0.79156857729
    },
    "spectral_spread": {
        "dmean": 303188.78125,
        "dmean2": 499321.8125,
        "dvar": 103193378816,
        "dvar2": 253018128384,
        "max": 8365584.5,
        "mean": 3646159,
        "median": 4003888.75,
        "min": 712260.5625,
        "stdev": 1064245.5,
        "var": 1.13261857997e+12
    },
    "spectral_strongpeak": {
        "dmean": 0.211510077119,
        "dmean2": 0.300437152386,
        "dvar": 0.258006870747,
        "dvar2": 0.421555757523,
        "max": 18.7105426788,
        "mean": 1.73277556896,
        "median": 0.161639988422,
        "min": 0,
        "stdev": 3.98295879364,
        "var": 15.8639602661
    },
    "zerocrossingrate": {
        "dmean": 0.0117952786386,
        "dmean2": 0.0147692151368,
        "dvar": 0.000197398127057,
        "dvar2": 0.000284732959699,
        "max": 0.29248046875,
        "mean": 0.129737406969,
        "median": 0.13427734375,
        "min": 0.04052734375,
        "stdev": 0.0308853890747,
        "var": 0.000953907205258
    },
    "barkbands": {
        "dmean": [1.9619776026e-07, 2.2638930659e-06, 5.39299890079e-06, 4.98602412335e-06, 1.81520972546e-05, 1.74829165189e-05, 3.36263256031e-05, 1.32696295623e-05, 1.32252553158e-05, 1.26800114231e-05, 1.70636885741e-05, 4.55486770079e-05, 4.98000918014e-05, 1.16522151075e-05, 2.30180430663e-05, 3.71917594748e-05, 3.38875688612e-05, 4.59197726741e-05, 0.000102086778497, 5.09038582095e-05, 0.000234081118833, 5.8807177993e-05, 9.63004495134e-05, 2.80332606053e-05, 2.43943541136e-05, 5.80067571718e-05, 1.32644490805e-05],
        "dmean2": [3.51177305902e-07, 4.18094532506e-06, 9.46069940255e-06, 8.93636570254e-06, 3.33617899742e-05, 3.28291134792e-05, 6.14101445535e-05, 2.21866284846e-05, 2.24838713621e-05, 2.11362166738e-05, 3.06867950712e-05, 8.66079208208e-05, 9.40005047596e-05, 2.01343063964e-05, 4.26837686973e-05, 6.69231303618e-05, 6.04306260357e-05, 8.5364386905e-05, 0.000117445095384, 9.47888402152e-05, 0.000448600680102, 0.000107838459371, 0.000139258350828, 5.35783292435e-05, 4.79174559587e-05, 0.000102549194708, 2.54502210737e-05],
        "dvar": [7.0249093001e-12, 3.10250547475e-10, 1.03985631217e-09, 5.90108462095e-10, 1.540371386e-08, 3.74911692802e-08, 1.04567334347e-07, 7.26309856702e-09, 2.75309886e-09, 2.75168154928e-09, 1.48683181322e-08, 3.01921147638e-07, 2.93382811378e-07, 1.99600425077e-09, 5.04731048068e-08, 1.04133675904e-07, 8.13530078858e-08, 6.64243415827e-08, 4.80488779431e-07, 1.33839932914e-07, 2.68546614279e-06, 1.96674847075e-07, 9.9360704553e-07, 9.57322470185e-08, 1.24170512095e-07, 5.84915937907e-07, 4.08878157998e-08],
        "dvar2": [2.03352248235e-11, 6.87616852346e-10, 2.82727774525e-09, 1.73149905525e-09, 4.55764705976e-08, 1.11436065708e-07, 3.0566977216e-07, 1.87749300551e-08, 7.52465201259e-09, 7.54457385455e-09, 4.32346425328e-08, 8.94514926131e-07, 8.72406701546e-07, 5.35913802224e-09, 1.49200914734e-07, 3.03654445588e-07, 2.37490453969e-07, 1.94021708921e-07, 1.23159236409e-06, 3.94405589077e-07, 7.94843253971e-06, 5.72741100768e-07, 2.83893177766e-06, 2.85207306661e-07, 3.71134689203e-07, 1.64194818808e-06, 1.2029796892e-07],
        "max": [6.45348482067e-05, 0.000380538753234, 0.000742021889891, 0.000459702016087, 0.00234750029631, 0.00385463424027, 0.00684174802154, 0.00194917805493, 0.000718548777513, 0.000820374756586, 0.00222759041935, 0.0107526769862, 0.0102437082678, 0.000825939350761, 0.00485907215625, 0.00729590002447, 0.00604572752491, 0.00459916004911, 0.0195023566484, 0.00687060784549, 0.0298924464732, 0.00769453402609, 0.0228081289679, 0.00655374489725, 0.00740801682696, 0.0155383395031, 0.00367369549349],
        "mean": [1.6022001148e-07, 2.22552625928e-06, 5.00271198689e-06, 5.21168203704e-06, 1.91394810827e-05, 1.41366717799e-05, 2.73135010502e-05, 1.33108778755e-05, 1.76545381692e-05, 1.57830691023e-05, 1.75742807187e-05, 3.50630361936e-05, 3.69233493984e-05, 1.67643520399e-05, 2.17730848817e-05, 3.85509774787e-05, 3.40917940775e-05, 3.2058920624e-05, 0.00110556290019, 3.65230807802e-05, 0.000137493101647, 4.83322146465e-05, 0.000269460870186, 1.94067342818e-05, 1.31625556605e-05, 5.11217112944e-05, 7.67823803471e-06],
        "median": [2.25475798032e-08, 6.91976424605e-07, 2.25286817113e-06, 2.71514090855e-06, 6.81212668496e-06, 4.26587894253e-06, 6.63094488118e-06, 2.61253285316e-06, 6.12354278928e-06, 6.05668765274e-06, 6.45168756819e-06, 7.92059836385e-06, 8.55952021084e-06, 7.12429982741e-06, 7.26049120203e-06, 9.41928101383e-06, 9.44459134189e-06, 5.75441117689e-06, 1.32890154418e-05, 5.74681598664e-06, 4.0028157855e-06, 9.08851779968e-06, 2.9826780974e-06, 3.136059604e-06, 2.85971680114e-07, 4.05069272347e-07, 1.71438667707e-08],
        "min": [1.03740863122e-10, 8.51980361261e-11, 5.47267717255e-11, 5.3931775712e-11, 9.76570213584e-11, 6.56149926059e-11, 7.60824597767e-11, 9.69924210392e-11, 1.34892930159e-10, 8.48084935612e-11, 4.38813187176e-11, 3.78230918807e-11, 1.0516962301e-11, 1.37304941722e-11, 5.74117923341e-12, 2.16388938018e-11, 1.52522577901e-11, 3.2750822887e-11, 4.09639093479e-11, 3.18683079058e-12, 7.26360204623e-12, 5.82056364912e-12, 7.58278509427e-12, 7.74970625866e-12, 9.1462341173e-12, 1.00866103664e-11, 1.18996939039e-11],
        "stdev": [2.08166170523e-06, 1.72510408447e-05, 2.63229176198e-05, 1.88778922166e-05, 9.14065531106e-05, 0.000139607072924, 0.000242140333285, 8.57807463035e-05, 6.1399252445e-05, 5.44638714928e-05, 9.1941721621e-05, 0.000397382042138, 0.000391235720599, 4.06341132475e-05, 0.000164026205312, 0.000250327429967, 0.000220934729441, 0.000190782258869, 0.00342699210159, 0.000269881304121, 0.00118438701611, 0.000333870062605, 0.0013557584025, 0.000221165188123, 0.000250602461165, 0.000649694178719, 0.000149830244482],
        "var": [4.33331539054e-12, 2.97598390375e-10, 6.92896018339e-10, 3.56374818544e-10, 8.35515834297e-09, 1.94901357276e-08, 5.86319437446e-08, 7.35833616261e-09, 3.76986841744e-09, 2.96631319507e-09, 8.45328074206e-09, 1.57912495524e-07, 1.53065386144e-07, 1.65113112072e-09, 2.69045958845e-08, 6.26638225754e-08, 4.88121543185e-08, 3.63978713835e-08, 1.17442750707e-05, 7.28359168534e-08, 1.40277268201e-06, 1.11469226738e-07, 1.83808072052e-06, 4.89140390414e-08, 6.28015897064e-08, 4.22102544917e-07, 2.24491003564e-08]
    },
    "erbbands": {
        "dmean": [4.10457832913e-05, 0.000660129822791, 0.0051251957193, 0.0111825037748, 0.0317318998277, 0.0808618292212, 0.0770188495517, 0.180589810014, 0.321956545115, 0.568105518818, 0.253349512815, 0.270886331797, 0.417674064636, 0.478502213955, 0.849060475826, 2.02161407471, 2.31359004974, 0.960920095444, 0.83990418911, 1.14831566811, 2.30450153351, 2.09579181671, 2.67917084694, 6.96775054932, 2.20316934586, 2.40866851807, 7.40006828308, 8.5072555542, 2.30371904373, 1.61642611027, 3.02392721176, 1.22437787056, 0.374127745628, 0.284087687731, 0.206109732389, 0.402928709984, 0.0521668121219, 0.0107454331592, 0.00188353681006, 0.000163378659636],
        "dmean2": [7.29885941837e-05, 0.00120187783614, 0.00905931275338, 0.0199024118483, 0.0571119971573, 0.150603458285, 0.144843757153, 0.33998388052, 0.590730667114, 1.00242722034, 0.448018163443, 0.45760601759, 0.686849534512, 0.83804923296, 1.54789173603, 3.83202767372, 4.38575601578, 1.73709070683, 1.53421843052, 2.05169439316, 4.18060588837, 3.78189992905, 4.78875637054, 8.0409078598, 3.55262231827, 4.4749007225, 14.1334056854, 16.3032817841, 4.29775905609, 2.97749662399, 4.35693216324, 1.91917169094, 0.707183599472, 0.555625975132, 0.388714283705, 0.695231974125, 0.0999207943678, 0.021176179871, 0.00355252972804, 0.000310146657284],
        "dvar": [7.48557340557e-08, 2.57273622992e-05, 0.00100152019877, 0.00426878081635, 0.0302167274058, 0.26260098815, 0.672618031502, 3.65399932861, 10.7579679489, 24.6954650879, 2.89628005028, 1.10988271236, 2.95375370979, 9.09750270844, 65.2077713013, 559.620056152, 692.688049316, 49.0930938721, 60.4530563354, 65.6340408325, 483.651763916, 400.791381836, 288.345947266, 1955.68896484, 212.037567139, 296.203765869, 3721.15991211, 2626.20849609, 284.39956665, 244.820617676, 1036.88525391, 147.685180664, 19.2706985474, 17.5538043976, 7.51631402969, 27.8276557922, 0.523105561733, 0.0273112077266, 0.000805514864624, 6.24386984782e-06],
        "dvar2": [1.96499669869e-07, 5.6394499552e-05, 0.00276934797876, 0.0120867630467, 0.0875135958195, 0.778700113297, 1.99672043324, 10.8774442673, 31.6338195801, 71.4649887085, 8.08714675903, 3.00174403191, 8.2106218338, 25.4292964935, 190.600708008, 1659.56787109, 2062.01831055, 142.152008057, 178.537231445, 189.134902954, 1415.3626709, 1181.06689453, 846.478515625, 4868.42724609, 622.853637695, 871.547424316, 11017.671875, 7757.38671875, 833.80456543, 717.784973145, 2971.86181641, 427.521240234, 57.4868774414, 52.4474601746, 21.9995574951, 76.8088302612, 1.53986167908, 0.081355214119, 0.0023508630693, 1.82949625014e-05],
        "max": [0.00525210564956, 0.114419959486, 0.727353215218, 1.16266441345, 3.38194584846, 9.30467796326, 16.9557514191, 36.7841758728, 61.9861564636, 108.200714111, 41.5449142456, 14.2568674088, 27.7829189301, 62.4965171814, 149.272583008, 446.21585083, 489.836853027, 136.827377319, 175.579681396, 146.822113037, 499.492126465, 438.783172607, 360.047607422, 1335.43310547, 328.08303833, 331.495758057, 1177.79760742, 818.45690918, 305.967071533, 317.315490723, 739.253967285, 272.604095459, 95.1824111938, 89.5345611572, 56.5378837585, 112.151000977, 12.5015211105, 3.1972284317, 0.549617767334, 0.0467114187777],
        "mean": [3.60736812581e-05, 0.000667116604745, 0.00481453957036, 0.0119553757831, 0.0333102345467, 0.0807979628444, 0.0690945163369, 0.14659768343, 0.263344079256, 0.479494720697, 0.28374221921, 0.364505708218, 0.543922245502, 0.57968121767, 0.798123419285, 1.56756818295, 1.68583774567, 1.07234656811, 0.992946863174, 1.25184774399, 2.34488129616, 2.0391972065, 4.47901678085, 75.1372299194, 9.98614788055, 1.97681629658, 4.38441753387, 5.1482796669, 1.84188389778, 1.32372820377, 8.51619338989, 2.72578454018, 0.323734849691, 0.160404965281, 0.139363005757, 0.385690748692, 0.0323818922043, 0.00571570452303, 0.00115898856893, 0.000101279365481],
        "median": [1.10502451207e-05, 0.000232257501921, 0.00222740578465, 0.00631091138348, 0.015431069769, 0.0265585295856, 0.0258174836636, 0.0432481020689, 0.0643804818392, 0.0991111546755, 0.0779345780611, 0.12783972919, 0.177769631147, 0.231694832444, 0.299401313066, 0.362729102373, 0.409026056528, 0.449772804976, 0.379631102085, 0.441933423281, 0.572917282581, 0.618336737156, 0.554514467716, 0.562286019325, 0.660830259323, 0.377601385117, 0.197931185365, 0.230969280005, 0.324233621359, 0.193287298083, 0.0877580046654, 0.0831552743912, 0.0868784934282, 0.00975132640451, 0.00220821867697, 0.00320067303255, 0.000195422951947, 2.39236305788e-05, 4.19569369114e-06, 6.6932966547e-07],
        "min": [2.58012078369e-09, 1.95407618975e-08, 6.35993728793e-08, 1.24193746842e-07, 2.31390998806e-07, 3.48462265265e-07, 4.47818877092e-07, 5.9730666635e-07, 9.28926397137e-07, 1.4239186612e-06, 2.45720661951e-06, 3.07513869302e-06, 3.05275807477e-06, 2.24458108278e-06, 1.72081308847e-06, 1.47417563312e-06, 5.97937287239e-07, 5.31971750206e-07, 5.60827118079e-07, 6.32592332295e-07, 1.04850926164e-06, 8.86534849087e-07, 1.26941267808e-06, 3.12187148666e-06, 9.52345772021e-07, 1.67060534295e-07, 3.12811636149e-07, 2.20877041102e-07, 1.85660823604e-07, 2.46622107625e-07, 1.90178198523e-07, 1.35484441444e-07, 1.53445711248e-07, 1.12414014097e-07, 6.33528145499e-08, 3.87258829448e-08, 1.81289969703e-08, 6.4455258908e-09, 1.73414893556e-09, 1.76049230749e-10],
        "stdev": [0.000240434790612, 0.00497839134187, 0.0253376793116, 0.0517831407487, 0.133597865701, 0.376679211855, 0.59206956625, 1.37675094604, 2.42528653145, 3.84657287598, 1.56437063217, 1.23279130459, 2.0899515152, 2.43138694763, 5.99481534958, 17.0982608795, 18.9666366577, 5.32299375534, 5.71891736984, 6.31185483932, 16.8605518341, 14.9850282669, 15.0910348892, 233.424377441, 29.0167865753, 12.7385787964, 44.0316925049, 37.2416114807, 12.4807605743, 11.6362409592, 43.2142829895, 13.8453397751, 3.15133714676, 2.98316931725, 2.07273077965, 4.6697306633, 0.537416517735, 0.118384554982, 0.0214969646186, 0.00186749035493],
        "var": [5.78088865666e-08, 2.47843800025e-05, 0.000641998020001, 0.00268149352632, 0.0178483910859, 0.14188721776, 0.350546389818, 1.89544308186, 5.88201475143, 14.796122551, 2.44725561142, 1.51977431774, 4.36789751053, 5.91164207458, 35.9378128052, 292.350524902, 359.733337402, 28.3342609406, 32.7060165405, 39.8395118713, 284.27822876, 224.551071167, 227.739334106, 54486.9375, 841.973876953, 162.271392822, 1938.78979492, 1386.9375, 155.769393921, 135.402099609, 1867.47412109, 191.69342041, 9.93092536926, 8.89929962158, 4.29621315002, 21.8063850403, 0.288816511631, 0.0140149025247, 0.00046211949666, 3.48752041646e-06]
    },
    "gfcc": {
        "mean": [-217.580215454, 34.3506736755, -148.25390625, 40.0127296448, -69.5322494507, -3.68542337418, -40.904083252, 3.84319353104, -30.1122322083, -11.8925685883, -9.28257846832, -1.6251282692, -21.4483890533],
        "cov": [[8360.20605469, -2352.49194336, -1535.45349121, -753.288818359, -1035.34301758, 1451.72338867, -387.331970215, -521.151611328, 271.069091797, 666.492675781, -1010.18304443, 213.38130188, 444.61541748], [-2352.49194336, 1859.6784668, 132.393478394, -338.022033691, 283.689575195, -31.3971805573, 101.956794739, -187.449111938, 26.9084339142, 217.304611206, -210.122344971, -75.5924301147, 223.939102173], [-1535.45349121, 132.393478394, 609.80645752, 310.135162354, 274.607696533, -449.860595703, 86.7565536499, 244.355911255, -131.287765503, -244.467453003, 372.332794189, -23.4774703979, -235.758300781], [-753.288818359, -338.022033691, 310.135162354, 635.580078125, 143.257354736, -448.48236084, 75.3521499634, 277.428863525, -49.4357032776, -417.701202393, 497.824981689, -65.3789291382, -262.655914307], [-1035.34301758, 283.689575195, 274.607696533, 143.257354736, 234.732818604, -247.060516357, 72.4694213867, 115.822319031, -71.2276153564, -105.02910614, 174.786392212, -29.4820232391, -94.2560806274], [1451.72338867, -31.3971805573, -449.860595703, -448.48236084, -247.060516357, 660.0234375, -101.898605347, -294.4453125, 109.602111816, 346.606567383, -496.014831543, 59.5057868958, 278.206268311], [-387.331970215, 101.956794739, 86.7565536499, 75.3521499634, 72.4694213867, -101.898605347, 92.3481674194, 47.5171470642, -4.68556690216, -15.1754570007, 53.8588066101, -3.80625772476, -33.5890083313], [-521.151611328, -187.449111938, 244.355911255, 277.428863525, 115.822319031, -294.4453125, 47.5171470642, 242.401885986, -52.698059082, -228.661254883, 312.184387207, -27.511713028, -192.553985596], [271.069091797, 26.9084339142, -131.287765503, -49.4357032776, -71.2276153564, 109.602111816, -4.68556690216, -52.698059082, 100.835876465, 59.4711227417, -75.5012741089, 6.77198648453, 58.3095817566], [666.492675781, 217.304611206, -244.467453003, -417.701202393, -105.02910614, 346.606567383, -15.1754570007, -228.661254883, 59.4711227417, 406.320770264, -419.426055908, 61.2653694153, 221.044952393], [-1010.18304443, -210.122344971, 372.332794189, 497.824981689, 174.786392212, -496.014831543, 53.8588066101, 312.184387207, -75.5012741089, -419.426055908, 579.389404297, -48.9092102051, -291.244628906], [213.38130188, -75.5924301147, -23.4774703979, -65.3789291382, -29.4820232391, 59.5057868958, -3.80625772476, -27.511713028, 6.77198648453, 61.2653694153, -48.9092102051, 50.4239082336, 28.1399745941], [444.61541748, 223.939102173, -235.758300781, -262.655914307, -94.2560806274, 278.206268311, -33.5890083313, -192.553985596, 58.3095817566, 221.044952393, -291.244628906, 28.1399745941, 211.992935181]],
        "icov": [[0.000625601736829, 0.000789925805293, 0.000712111941539, 0.000120386124763, 0.000143259909237, -0.000321954285027, 0.000380217883503, -0.00016092970327, -8.24696035124e-05, -0.000411456683651, 0.000212914004805, 0.000195034241187, -8.68129718583e-05], [0.000789925805293, 0.00342653808184, -0.000371303292923, 0.00281669199467, -0.00288634025492, 0.000478556728922, -0.00145790539682, 0.00209715077654, -0.00256474106573, 0.000216687345528, -0.00110325287096, 0.00540479784831, -0.00419056182727], [0.000712111941539, -0.000371303292923, 0.00727310683578, -0.00139691273216, -0.00259131705388, 0.00013006007066, 0.00173105800059, -0.0015630380949, 0.00302171288058, -0.00101996690501, 0.000920718885027, -0.00545482570305, 0.00500951847062], [0.000120386124763, 0.00281669199467, -0.00139691273216, 0.00977277662605, -0.00227070832625, 0.00134183757473, -0.00579712167382, 0.00273035978898, -0.0038568880409, 0.00494893128052, -0.00370917585678, 0.00701958825812, -0.00400916207582], [0.000143259909237, -0.00288634025492, -0.00259131705388, -0.00227070832625, 0.0171020384878, -7.02533288859e-05, -0.00296717439778, -0.00422444334254, 0.00646156538278, -0.00193960289471, -0.000238040127442, -0.00051168986829, 0.000428254104918], [-0.000321954285027, 0.000478556728922, 0.00013006007066, 0.00134183757473, -7.02533288859e-05, 0.00707278866321, 0.00162654637825, 0.000881143438164, -0.00253730197437, 0.00129172101151, 0.00302453106269, -0.000704238191247, -0.00267846346833], [0.000380217883503, -0.00145790539682, 0.00173105800059, -0.00579712167382, -0.00296717439778, 0.00162654637825, 0.0214376654476, -0.00466069718823, -0.002074416494, -0.00539602013305, 0.00389948789962, -0.00648121349514, 0.00360930082388], [-0.00016092970327, 0.00209715077654, -0.0015630380949, 0.00273035978898, -0.00422444334254, 0.000881143438164, -0.00466069718823, 0.0216205716133, -0.002855429193, 0.00163433467969, -0.0057320613414, 0.00388135504909, 0.00632288912311], [-8.24696035124e-05, -0.00256474106573, 0.00302171288058, -0.0038568880409, 0.00646156538278, -0.00253730197437, -0.002074416494, -0.002855429193, 0.0188578777015, -0.0027472327929, -0.0014892074978, -0.00311169819906, 0.000789234938566], [-0.000411456683651, 0.000216687345528, -0.00101996690501, 0.00494893128052, -0.00193960289471, 0.00129172101151, -0.00539602013305, 0.00163433467969, -0.0027472327929, 0.0159388370812, 0.00661853607744, -0.00543390121311, -0.00234632659703], [0.000212914004805, -0.00110325287096, 0.000920718885027, -0.00370917585678, -0.000238040127442, 0.00302453106269, 0.00389948789962, -0.0057320613414, -0.0014892074978, 0.00661853607744, 0.0163957942277, -0.00857122428715, 0.0056549878791], [0.000195034241187, 0.00540479784831, -0.00545482570305, 0.00701958825812, -0.00051168986829, -0.000704238191247, -0.00648121349514, 0.00388135504909, -0.00311169819906, -0.00543390121311, -0.00857122428715, 0.0406433902681, -0.0109410583973], [-8.68129718583e-05, -0.00419056182727, 0.00500951847062, -0.00400916207582, 0.000428254104918, -0.00267846346833, 0.00360930082388, 0.00632288912311, 0.000789234938566, -0.00234632659703, 0.0056549878791, -0.0109410583973, 0.0314009785652]]
    },
    "melbands": {
        "dmean": [5.02718705775e-07, 2.00731574296e-06, 2.40370764004e-06, 3.86465717384e-06, 3.01472937281e-06, 3.83641327062e-06, 5.68334871787e-06, 5.50037157154e-06, 2.03127206078e-06, 1.85523470009e-06, 2.0490344923e-06, 1.80828180874e-06, 2.45706223723e-06, 4.69941596748e-06, 5.19414061273e-06, 4.90154116051e-06, 1.37914207698e-06, 1.18089042189e-06, 1.86970930827e-06, 1.53588223384e-06, 3.02007401842e-06, 2.10008056456e-06, 2.13911221181e-06, 2.37461267716e-06, 6.71580437483e-06, 1.64591961038e-06, 1.56225326009e-06, 1.47894809288e-06, 3.51511039298e-06, 6.4621644924e-06, 4.31334683526e-06, 1.24699317894e-06, 1.00610623122e-06, 7.892206213e-07, 1.57909278187e-06, 1.94650533558e-06, 4.07939609204e-07, 2.59739920239e-07, 2.22218375256e-07, 2.45011619882e-07],
        "dmean2": [9.05058129774e-07, 3.46336878465e-06, 4.26191581937e-06, 7.02406259734e-06, 5.67303641219e-06, 7.2205257311e-06, 1.03641159512e-05, 9.6380326795e-06, 3.57809926754e-06, 3.14089402309e-06, 3.36625453201e-06, 3.16204386763e-06, 4.41815836894e-06, 8.90014325705e-06, 9.85628958006e-06, 9.29229827307e-06, 2.41155134972e-06, 2.12594545701e-06, 3.46419847119e-06, 2.653179763e-06, 5.47903391634e-06, 3.79446146326e-06, 3.85347811971e-06, 4.47662341685e-06, 7.40364339435e-06, 2.37355493482e-06, 2.89720901492e-06, 2.75211232292e-06, 6.74888178764e-06, 1.23538729895e-05, 8.27674830362e-06, 2.31520130001e-06, 1.85826525012e-06, 1.48269100464e-06, 2.54445217251e-06, 2.42860210165e-06, 7.72532700921e-07, 4.93744551022e-07, 4.34725905052e-07, 4.80518281165e-07],
        "dvar": [1.39855522996e-11, 1.66576974436e-10, 1.8045999417e-10, 5.91162452324e-10, 8.03955402251e-10, 1.74116909779e-09, 3.15114379035e-09, 2.13406203819e-09, 1.55111812283e-10, 5.51474074739e-11, 6.91123686059e-11, 1.19573836943e-10, 3.92557542028e-10, 2.92155966086e-09, 3.69534691735e-09, 2.85120393961e-09, 5.59580159987e-11, 7.89896759112e-11, 3.21505849721e-10, 4.26769036777e-11, 9.83125802989e-10, 4.10199013645e-10, 2.26353574773e-10, 1.89784118976e-10, 1.86436999172e-09, 1.2244816272e-10, 8.92744628223e-11, 1.2395150184e-10, 9.10122643916e-10, 2.41079245455e-09, 6.57587373443e-10, 8.50504319749e-11, 6.66435934216e-11, 7.17056830579e-11, 3.9953584885e-10, 2.80029277544e-10, 1.50292538831e-11, 7.97067880448e-12, 1.00482365484e-11, 1.3770114389e-11],
        "dvar2": [3.273348953e-11, 4.33867913818e-10, 5.14082942882e-10, 1.74036740574e-09, 2.38721420409e-09, 5.18339327016e-09, 9.2201268842e-09, 6.11278139218e-09, 4.3575335007e-10, 1.51688633876e-10, 1.92564922341e-10, 3.31105087792e-10, 1.1360429264e-09, 8.64880345119e-09, 1.0962520669e-08, 8.48530046227e-09, 1.57515528398e-10, 2.32096467045e-10, 9.48829459446e-10, 1.17698503721e-10, 2.89031421019e-09, 1.21109355877e-09, 6.55823562123e-10, 5.57565549286e-10, 4.55451187875e-09, 3.47016082536e-10, 2.62409705076e-10, 3.64720920132e-10, 2.69555089361e-09, 7.13657399842e-09, 1.94487537186e-09, 2.49838788546e-10, 1.92729193715e-10, 2.11651279836e-10, 1.17594378679e-09, 7.48072881418e-10, 4.4645412367e-11, 2.37941090442e-11, 3.00130233166e-11, 4.11667991362e-11],
        "max": [8.30571807455e-05, 0.000305238383589, 0.000241827860009, 0.000453600951005, 0.000570947129745, 0.000812079932075, 0.00112018163782, 0.0010012894636, 0.000302045635181, 9.81151606538e-05, 0.000135085385409, 0.000232476537349, 0.00034211401362, 0.00100581895094, 0.00115663046017, 0.00106456771027, 0.000136856455356, 0.000198810128495, 0.000384855520679, 9.51745605562e-05, 0.000713687681127, 0.000444012781372, 0.000322402163874, 0.000229732861044, 0.00135730428156, 0.000277400773484, 0.000149328654516, 0.000223092472879, 0.000520907633472, 0.00102310115471, 0.000425962673035, 0.000167460006196, 0.000151596352225, 0.000177135967533, 0.0004614033096, 0.000369746208889, 7.88139514043e-05, 6.22100124019e-05, 6.54833056615e-05, 8.03921648185e-05],
        "mean": [4.71803730306e-07, 1.97439976546e-06, 2.68584335572e-06, 4.08904134019e-06, 2.8406623187e-06, 3.10814675686e-06, 4.67937616122e-06, 4.80439621242e-06, 2.30204250329e-06, 2.43736167249e-06, 2.65604057859e-06, 2.1893711164e-06, 2.43678937295e-06, 3.7268498545e-06, 3.8938110265e-06, 3.58268312084e-06, 1.73571345385e-06, 1.48558956425e-06, 1.68414703694e-06, 1.92331935978e-06, 2.88038222607e-06, 2.01419788937e-06, 1.8025270947e-06, 1.58060936428e-06, 7.59788454161e-05, 1.21441407828e-05, 1.19067090054e-06, 1.0537576145e-06, 2.07157131626e-06, 3.78433674086e-06, 2.65239214059e-06, 1.03444813249e-06, 7.86646808137e-07, 5.37525011168e-07, 3.44527029483e-06, 6.77746356814e-06, 2.67212442395e-07, 2.14340730054e-07, 1.26675288925e-07, 1.32180232981e-07],
        "median": [1.45724797562e-07, 8.95489961295e-07, 1.46455613503e-06, 1.43639056205e-06, 1.07394669158e-06, 9.06839375148e-07, 1.14847557597e-06, 9.79164042292e-07, 6.3301223463e-07, 8.33349020013e-07, 8.4721574467e-07, 8.0886024989e-07, 9.26701886783e-07, 9.1679015668e-07, 9.29660643578e-07, 7.33774129458e-07, 7.94786842562e-07, 5.30194029125e-07, 5.64864308217e-07, 5.77441028327e-07, 6.54732787098e-07, 4.97753944728e-07, 4.18220110987e-07, 2.36662273778e-07, 4.34067345623e-07, 5.41280769539e-07, 2.1528488503e-07, 1.6429315508e-07, 1.00264088587e-07, 1.01665861507e-07, 1.30727514147e-07, 2.0224794639e-07, 1.23257095197e-07, 5.28489216833e-08, 4.99067134285e-08, 3.60624632378e-08, 2.91234716343e-08, 4.13409537714e-08, 9.01446917112e-09, 2.54886267648e-09],
        "min": [2.87390874987e-11, 3.10525737068e-11, 2.51382057531e-11, 2.00460394811e-11, 1.65645743649e-11, 1.33089433571e-11, 1.45491084458e-11, 1.63477009707e-11, 2.04356774558e-11, 1.95232267852e-11, 1.51191125591e-11, 9.30037557384e-12, 5.88378434516e-12, 4.53612494788e-12, 2.73395325476e-12, 7.1870710338e-13, 1.04727608963e-12, 1.07951603386e-12, 3.81577554926e-13, 1.43980422203e-12, 1.08188241352e-12, 8.29934916364e-13, 8.45395259873e-13, 1.71941703497e-12, 2.76073434946e-12, 1.0832798417e-12, 1.65276212855e-13, 8.69388789475e-14, 1.72924378267e-13, 2.11304240706e-13, 1.01088604989e-13, 9.63870706882e-14, 1.31073469678e-13, 1.37377441237e-13, 1.02614971912e-13, 1.03284859777e-13, 8.38463548808e-14, 1.17602691366e-13, 9.93894568968e-14, 9.25447056228e-14],
        "stdev": [3.56786017619e-06, 1.10298096843e-05, 1.05948902274e-05, 1.81213181349e-05, 2.05039796128e-05, 3.00350911857e-05, 4.19058778789e-05, 3.67209286196e-05, 1.14995073091e-05, 8.56949009176e-06, 1.02114090623e-05, 8.92173829925e-06, 1.49850948219e-05, 3.91789471905e-05, 4.40305193479e-05, 3.8440379285e-05, 6.04593515163e-06, 6.65852621751e-06, 1.31184306156e-05, 6.45928230369e-06, 2.36070809478e-05, 1.5207114302e-05, 1.14196200229e-05, 1.00979004856e-05, 0.000236952924752, 3.60196208931e-05, 7.10614813215e-06, 8.19987690193e-06, 2.17572760448e-05, 3.54841067747e-05, 1.86105917237e-05, 6.80481207382e-06, 6.20330411039e-06, 6.17851765128e-06, 1.98218549485e-05, 3.28467576765e-05, 2.78384368357e-06, 2.01364377972e-06, 2.25656594921e-06, 2.63837478087e-06],
