{
"lowlevel": {
    "average_loudness": 0.851400256157,
    "barkbands_crest": {
        "dmean": 2.54238796234,
        "dmean2": 3.96351480484,
        "dvar": 8.02801036835,
        "dvar2": 17.283285141,
        "max": 26.0990524292,
        "mean": 8.84818744659,
        "median": 6.92672538757,
        "min": 3.08820438385,
        "stdev": 5.90033388138,
        "var": 34.8139419556
    },
    "barkbands_flatness_db": {
        "dmean": 0.0300220716745,
        "dmean2": 0.0456815436482,
        "dvar": 0.00219475873746,
        "dvar2": 0.00556602748111,
        "max": 0.428460776806,
        "mean": 0.0954631641507,
        "median": 0.0635792836547,
        "min": 0.0224665775895,
        "stdev": 0.0862081870437,
        "var": 0.00743185169995
    },
    "barkbands_kurtosis": {
        "dmean": 45.3895530701,
        "dmean2": 81.1322097778,
        "dvar": 26554.1757812,
        "dvar2": 82677.5390625,
        "max": 1062.86755371,
        "mean": 31.8217525482,
        "median": -0.472809910774,
        "min": -1.61503493786,
        "stdev": 129.973068237,
        "var": 16893
    },
    "barkbands_skewness": {
        "dmean": 1.59970867634,
        "dmean2": 2.49058198929,
        "dvar": 14.9252929688,
        "dvar2": 44.0710105896,
        "max": 27.738899231,
        "mean": 1.72558689117,
        "median": 0.0437838360667,
        "min": -1.20093023777,
        "stdev": 4.71925592422,
        "var": 22.2713756561
    },
    "barkbands_spread": {
        "dmean": 7.60793638229,
        "dmean2": 12.0590715408,
        "dvar": 59.2060432434,
        "dvar2": 104.688613892,
        "max": 65.3958282471,
        "mean": 37.1013221741,
        "median": 39.2241592407,
        "min": 0.307040840387,
        "stdev": 17.1113071442,
        "var": 292.796813965
    },
    "dissonance": {
        "dmean": 0.0340402163565,
        "dmean2": 0.0570149458945,
        "dvar": 0.00208329688758,
        "dvar2": 0.00594147900119,
        "max": 0.500000119209,
        "mean": 0.464073628187,
        "median": 0.488008737564,
        "min": 0.298724502325,
        "stdev": 0.0459143519402,
        "var": 0.00210812757723
    },
    "dynamic_complexity": 10.3337001801,
    "erbbands_crest": {
        "dmean": 2.42723488808,
        "dmean2": 3.96942520142,
        "dvar": 4.53523731232,
        "dvar2": 12.742978096,
        "max": 19.0206661224,
        "mean": 8.52015399933,
        "median": 8.2577457428,
        "min": 2.30159163475,
        "stdev": 3.45012974739,
        "var": 11.9033946991
    },
    "erbbands_flatness_db": {
        "dmean": 0.0159900709987,
        "dmean2": 0.0241758804768,
        "dvar": 0.0002693553688,
        "dvar2": 0.0004886945826,
        "max": 0.264539688826,
        "mean": 0.121492154896,
        "median": 0.119636952877,
        "min": 0.0302109550685,
        "stdev": 0.0398253798485,
        "var": 0.00158606097102
    },
    "erbbands_kurtosis": {
        "dmean": 0.729299128056,
        "dmean2": 1.22283637524,
        "dvar": 0.51791292429,
        "dvar2": 1.30669975281,
        "max": 2.49086332321,
        "mean": -0.072778262198,
        "median": -0.240629673004,
        "min": -1.76833748817,
        "stdev": 1.02530038357,
        "var": 1.05124092102
    },
    "erbbands_skewness": {
        "dmean": 0.404418110847,
        "dmean2": 0.66405570507,
        "dvar": 0.142439290881,
        "dvar2": 0.324431538582,
        "max": 1.5614361763,
        "mean": 0.130954310298,
        "median": -0.00867142435163,
        "min": -1.33366501331,
        "stdev": 0.647336363792,
        "var": 0.419044405222
    },
    "erbbands_spread": {
        "dmean": 9.88345813751,
        "dmean2": 15.8043012619,
        "dvar": 88.5754165649,
        "dvar2": 276.378875732,
        "max": 95.8427276611,
        "mean": 46.3467636108,
        "median": 42.3014755249,
        "min": 15.930015564,
        "stdev": 17.9662799835,
        "var": 322.787200928
    },
    "hfc": {
        "dmean": 8.01256084442,
        "dmean2": 12.243970871,
        "dvar": 225.391036987,
        "dvar2": 559.745178223,
        "max": 182.801315308,
        "mean": 20.9486942291,
        "median": 8.74229049683,
        "min": 3.39851226272e-07,
        "stdev": 30.7487468719,
        "var": 945.485473633
    },
    "loudness_ebu128": {
        "integrated": -22.1125354767,
        "loudness_range": 0,
        "momentary": {
            "dmean": 1.84643864632,
            "dmean2": 1.11046981812,
            "dvar": 4.67012739182,
            "dvar2": 0.971473813057,
            "max": -16.5486717224,
            "mean": -26.3046989441,
            "median": -26.7469749451,
            "min": -45.1988449097,
            "stdev": 6.70286035538,
            "var": 44.9283370972
        },
        "short_term": {
            "dmean": 0,
            "dmean2": 0,
            "dvar": 0,
            "dvar2": 0,
            "max": -23.893163681,
            "mean": -23.893163681,
            "median": -23.893163681,
            "min": -23.893163681,
            "stdev": 0,
            "var": 0
        }
    },
    "melbands_crest": {
        "dmean": 3.3678445816,
        "dmean2": 5.12402439117,
        "dvar": 16.7919921875,
        "dvar2": 33.2028312683,
        "max": 38.7689323425,
        "mean": 12.7773666382,
        "median": 8.18183135986,
        "min": 3.59789037704,
        "stdev": 10.0429468155,
        "var": 100.860778809
    },
    "melbands_flatness_db": {
        "dmean": 0.0286921113729,
        "dmean2": 0.04595008865,
        "dvar": 0.00160659151152,
        "dvar2": 0.00408516684547,
        "max": 0.46439036727,
        "mean": 0.13390673697,
        "median": 0.0961813926697,
        "min": 0.0376995317638,
        "stdev": 0.0955405533314,
        "var": 0.00912799686193
    },
    "melbands_kurtosis": {
        "dmean": 39.206817627,
        "dmean2": 70.4806976318,
        "dvar": 20928.6230469,
        "dvar2": 64620.6210938,
        "max": 970.135070801,
        "mean": 31.9290485382,
        "median": 0.875113129616,
        "min": -1.25515842438,
        "stdev": 118.417076111,
        "var": 14022.6044922
    },
    "melbands_skewness": {
        "dmean": 1.32342159748,
        "dmean2": 2.18969345093,
        "dvar": 9.64378452301,
        "dvar2": 29.0974578857,
        "max": 25.5061168671,
        "mean": 2.55160140991,
        "median": 1.10365140438,
        "min": -0.083516664803,
        "stdev": 3.93385624886,
        "var": 15.4752254486
    },
    "melbands_spread": {
        "dmean": 12.5631103516,
        "dmean2": 18.8034057617,
        "dvar": 172.184936523,
        "dvar2": 321.687591553,
        "max": 139.794342041,
        "mean": 59.8265914917,
        "median": 60.8836135864,
        "min": 0.371152341366,
        "stdev": 37.5975189209,
        "var": 1413.57336426
    },
    "pitch_salience": {
        "dmean": 0.083389416337,
        "dmean2": 0.125781431794,
        "dvar": 0.0115928109735,
        "dvar2": 0.0274591650814,
        "max": 0.919804394245,
        "mean": 0.683462440968,
        "median": 0.774724304676,
        "min": 0.0620034150779,
        "stdev": 0.236323952675,
        "var": 0.0558490082622
    },
    "silence_rate_20dB": {
        "dmean": 0,
        "dmean2": 0,
        "dvar": 0,
        "dvar2": 0,
        "max": 1,
        "mean": 1,
        "median": 1,
        "min": 1,
        "stdev": 0,
        "var": 0
    },
    "silence_rate_30dB": {
        "dmean": 0,
        "dmean2": 0,
        "dvar": 0,
        "dvar2": 0,
        "max": 1,
        "mean": 1,
        "median": 1,
        "min": 1,
        "stdev": 0,
        "var": 0
    },
    "silence_rate_60dB": {
        "dmean": 0.109890110791,
        "dmean2": 0.222222223878,
        "dvar": 0.0978141501546,
        "dvar2": 0.261728525162,
        "max": 1,
        "mean": 0.467391312122,
        "median": 0,
        "min": 0,
        "stdev": 0.498935669661,
        "var": 0.248936802149
    },
    "spectral_centroid": {
        "dmean": 344.044677734,
        "dmean2": 524.344787598,
        "dvar": 107489.507812,
        "dvar2": 256011.109375,
        "max": 3563.57666016,
        "mean": 2393.0559082,
        "median": 2436.41918945,
        "min": 641.612854004,
        "stdev": 826.19329834,
        "var": 682595.375
    },
    "spectral_complexity": {
        "dmean": 3.31868124008,
        "dmean2": 4.57777786255,
        "dvar": 13.1182231903,
        "dvar2": 26.288394928,
        "max": 46,
        "mean": 10.8369569778,
        "median": 5,
        "min": 0,
        "stdev": 13.0344667435,
        "var": 169.897323608
    },
    "spectral_decrease": {
        "dmean": 5.95992810659e-10,
        "dmean2": 8.41692826548e-10,
        "dvar": 1.36710766135e-18,
        "dvar2": 3.24774228186e-18,
        "max": -4.94023661593e-17,
        "mean": -1.559004148e-09,
        "median": -5.40115618897e-10,
        "min": -1.5912577922e-08,
        "stdev": 2.74470113304e-09,
        "var": 7.53338447425e-18
    },
    "spectral_energy": {
        "dmean": 0.00292504904792,
        "dmean2": 0.00405669491738,
        "dvar": 2.52274912782e-05,
        "dvar2": 5.87181966694e-05,
        "max": 0.0676729008555,
        "mean": 0.00778415286914,
        "median": 0.00291586667299,
        "min": 2.17281859172e-10,
        "stdev": 0.0126196639612,
        "var": 0.000159255927429
    },
    "spectral_energyband_high": {
        "dmean": 0.000723559933249,
        "dmean2": 0.00116319116205,
        "dvar": 1.47424111674e-06,
        "dvar2": 3.63679168913e-06,
        "max": 0.0154221905395,
        "mean": 0.00153618922923,
        "median": 0.000672268506605,
        "min": 2.0266422221e-11,
        "stdev": 0.00242466712371,
        "var": 5.87901104154e-06
    },
    "spectral_energyband_low": {
        "dmean": 0.000244727532845,
        "dmean2": 0.000342588347849,
        "dvar": 2.96775482411e-07,
        "dvar2": 8.32911553061e-07,
        "max": 0.00490627158433,
        "mean": 0.000630323193036,
        "median": 0.000208584548091,
        "min": 1.36231748105e-10,
        "stdev": 0.00109423324466,
        "var": 1.19734647797e-06
    },
    "spectral_energyband_middle_high": {
        "dmean": 0.00175634678453,
        "dmean2": 0.00241694506258,
        "dvar": 1.01741516119e-05,
        "dvar2": 2.11614224099e-05,
        "max": 0.0411150380969,
        "mean": 0.00397827662528,
        "median": 0.00069356081076,
        "min": 1.33579553668e-11,
        "stdev": 0.00776361627504,
        "var": 6.02737345616e-05
    },
    "spectral_energyband_middle_low": {
        "dmean": 0.000909426889848,
        "dmean2": 0.00145714101382,
        "dvar": 4.34507546743e-06,
        "dvar2": 1.32935974761e-05,
        "max": 0.0204931888729,
        "mean": 0.00169050483964,
        "median": 0.000767247576732,
        "min": 3.64721482182e-11,
        "stdev": 0.00290006282739,
        "var": 8.41036398924e-06
    },
    "spectral_entropy": {
        "dmean": 0.163556829095,
        "dmean2": 0.270167589188,
        "dvar": 0.0233112815768,
        "dvar2": 0.0585116818547,
        "max": 8.64128684998,
        "mean": 8.06798648834,
        "median": 8.10047912598,
        "min": 6.7897810936,
        "stdev": 0.287908315659,
        "var": 0.0828912034631
    },
    "spectral_flux": {
        "dmean": 0.0107183791697,
        "dmean2": 0.0175401140004,
        "dvar": 0.000188745965715,
        "dvar2": 0.000516751257237,
        "max": 0.163766995072,
        "mean": 0.0380546934903,
        "median": 0.0302231442183,
        "min": 0.00015828096366,
        "stdev": 0.0347644239664,
        "var": 0.00120856508147
    },
    "spectral_kurtosis": {
        "dmean": 1.15128338337,
        "dmean2": 1.86444973946,
        "dvar": 0.897905349731,
        "dvar2": 2.72628808022,
        "max": 6.04131698608,
        "mean": 2.71662187576,
        "median": 2.82190132141,
        "min": -0.639561414719,
        "stdev": 1.40332043171,
        "var": 1.9693082571
    },
    "spectral_rms": {
        "dmean": 0.000475642737001,
        "dmean2": 0.000644201179966,
        "dvar": 2.35088890577e-07,
        "dvar2": 4.84144266011e-07,
        "max": 0.0081254132092,
        "mean": 0.00205705664121,
        "median": 0.001686304342,
        "min": 4.6041535029e-07,
        "stdev": 0.00183379696682,
        "var": 3.36281118507e-06
    },
    "spectral_rolloff": {
        "dmean": 1245.61291504,
        "dmean2": 2137.52929688,
        "dvar": 2466139,
        "dvar2": 5160032,
        "max": 11757.1289062,
        "mean": 5304.42333984,
        "median": 4661.93847656,
        "min": 21.533203125,
        "stdev": 3562.23388672,
        "var": 12689510
    },
    "spectral_skewness": {
        "dmean": 0.24088345468,
        "dmean2": 0.387889355421,
        "dvar": 0.038734100759,
        "dvar2": 0.0973649695516,
        "max": 2.02427124977,
        "mean": 1.36429178715,
        "median": 1.426425457,
        "min": 0.5052780509,
        "stdev": 0.326243519783,
        "var": 0.106434829533
    },
    "spectral_spread": {
        "dmean": 1123532.75,
        "dmean2": 1753625.625,
        "dvar": 1.34790394675e+12,
        "dvar2": 3.76322313421e+12,
        "max": 13208515,
        "mean": 6882843,
        "median": 6837183.5,
        "min": 2723372.5,
        "stdev": 1817561.375,
        "var": 3.30352951296e+12
    },
    "spectral_strongpeak": {
        "dmean": 0.440930455923,
        "dmean2": 0.764395833015,
        "dvar": 1.13486778736,
        "dvar2": 2.73977327347,
        "max": 8.86879730225,
        "mean": 0.606794059277,
        "median": 0.186019539833,
        "min": 0,
        "stdev": 1.48867380619,
        "var": 2.21614980698
    },
    "zerocrossingrate": {
        "dmean": 0.0161508414894,
        "dmean2": 0.0208387579769,
        "dvar": 0.000176839690539,
        "dvar2": 0.000242709196755,
        "max": 0.2431640625,
        "mean": 0.126379922032,
        "median": 0.146240234375,
        "min": 0.00048828125,
        "stdev": 0.0625194683671,
        "var": 0.00390868401155
    },
    "barkbands": {
        "dmean": [2.45726641879e-05, 0.000133511653985, 0.000117128278362, 3.53537870978e-05, 6.74594484735e-05, 0.00012875268294, 0.000368695094949, 0.000280790904071, 0.00013592367759, 2.16892149183e-05, 2.62721187028e-05, 0.000208200552152, 0.000824597664177, 0.000372439244529, 7.40053219488e-05, 0.000288883253234, 5.8133242419e-05, 5.73067081859e-05, 0.000656271411572, 0.000229329569265, 0.000131572960527, 0.000119031028589, 0.000169082006323, 0.000282816356048, 0.000134754183819, 7.20396856195e-05, 2.02087176149e-05],
        "dmean2": [4.13029520132e-05, 0.000160883064382, 0.000190106526134, 4.82491741423e-05, 0.000110477842099, 0.000213928113226, 0.000637744145934, 0.000451904750662, 0.000208721263334, 3.2931297028e-05, 4.17255359935e-05, 0.000323468557326, 0.0011524198344, 0.000556564773433, 9.04062835616e-05, 0.000457189860754, 9.92927598418e-05, 9.73939968389e-05, 0.00115830986761, 0.000387499225326, 0.000212208164157, 0.000208278186619, 0.00029380779597, 0.000464464945253, 0.00021750612359, 0.000109717009764, 2.88248666038e-05],
        "dvar": [3.12155457038e-09, 8.05884639021e-08, 1.02619509335e-07, 3.52209950094e-09, 2.63338488793e-08, 1.53411278347e-07, 2.4078608476e-06, 2.48101059697e-07, 5.71472895672e-08, 7.71904096197e-10, 2.58262100594e-09, 3.18910679198e-07, 6.95691869623e-06, 6.68418465466e-07, 2.79685767879e-08, 7.74392901803e-07, 1.03746842228e-08, 8.74896777248e-09, 1.96397627406e-06, 5.9572016653e-07, 3.67051917749e-08, 8.65148734874e-08, 1.08125590259e-07, 8.0051677287e-07, 3.76283786352e-08, 2.7776888345e-08, 1.25799048956e-09],
        "dvar2": [9.21293175082e-09, 1.77646342081e-07, 3.51719052105e-07, 9.87808235209e-09, 8.14198841681e-08, 4.64094256358e-07, 6.89125681674e-06, 4.53563160363e-07, 9.83662360454e-08, 1.64968128047e-09, 6.23285512091e-09, 7.57306111154e-07, 1.56323185365e-05, 1.74400258857e-06, 4.21930117511e-08, 2.22648213821e-06, 3.10042871376e-08, 2.30313688121e-08, 5.71304190089e-06, 1.6517298036e-06, 8.98836631791e-08, 1.91097896618e-07, 2.84677838636e-07, 2.00553449758e-06, 8.31808577573e-08, 6.73457236644e-08, 3.3024178947e-09],
        "max": [0.000454893248389, 0.00299978791736, 0.00254237488844, 0.00052161590429, 0.0013107904233, 0.00335292029195, 0.0139099135995, 0.00487734936178, 0.00220490200445, 0.000249527249252, 0.000475433567772, 0.00558469025418, 0.0277558006346, 0.00785321556032, 0.00215616286732, 0.00745021086186, 0.000727113685571, 0.000674295530189, 0.00955964624882, 0.00680432096124, 0.00121568876784, 0.00251783709973, 0.00200562877581, 0.0085986526683, 0.00183607649524, 0.00176987971645, 0.000235147861531],
        "mean": [4.73684885947e-05, 0.000342979794368, 0.000202615090529, 6.97809446137e-05, 9.59927419899e-05, 0.00016369302466, 0.000442864606157, 0.000645760388579, 0.000257291801972, 3.22358391713e-05, 3.89464112232e-05, 0.000375710806111, 0.00138718215749, 0.00062622630503, 0.000153378903633, 0.000348361412762, 8.30704011605e-05, 7.91025231592e-05, 0.000753177679144, 0.000300451822113, 0.000151412110426, 0.000175309047336, 0.000215599196963, 0.00042990988004, 0.000222756745643, 0.000112308058306, 3.01589079754e-05],
        "median": [1.71018436959e-05, 7.83170980867e-05, 6.28955531283e-05, 3.67901593563e-05, 4.32957094745e-05, 3.8836922613e-05, 3.38468089467e-05, 0.000311351555865, 9.38612938626e-05, 1.35012269311e-05, 2.05324176932e-05, 3.8048659917e-05, 9.94679139694e-05, 0.000137277500471, 1.13625519589e-05, 3.70469497284e-05, 2.09427980735e-05, 1.810329195e-05, 0.000226596443099, 5.42466950719e-05, 6.53787210467e-05, 3.27802117681e-05, 0.000108030537376, 8.57406193973e-05, 0.000126315237139, 4.48023783974e-05, 1.90140599443e-05],
        "min": [3.38657574206e-11, 7.88589193945e-11, 3.20708355706e-11, 1.13708747279e-11, 1.22158646046e-11, 6.63059667935e-12, 2.09780153318e-12, 1.02579511725e-12, 2.54210086141e-12, 3.67940140161e-12, 1.43689118763e-12, 1.97126581551e-12, 1.13224371285e-12, 8.32263294739e-13, 1.04925714384e-12, 6.70076787026e-13, 7.10082817199e-13, 6.45333612936e-13, 1.02562012702e-12, 7.69459040754e-13, 1.8027678959e-12, 1.47449641472e-12, 1.10631480105e-12, 1.89078331984e-12, 3.96092143459e-12, 4.99243832039e-12, 5.10407775073e-12],
        "stdev": [7.22114928067e-05, 0.000625329033937, 0.00039589300286, 9.94612055365e-05, 0.000183705225936, 0.000437421316747, 0.00173186033498, 0.000982195837423, 0.000422142416937, 4.64840559289e-05, 6.49235516903e-05, 0.000936015625484, 0.00410273624584, 0.00132618565112, 0.000381363905035, 0.00093989999732, 0.000147573737195, 0.000124498285004, 0.00148713565432, 0.000787916069385, 0.000236785723246, 0.000402591278544, 0.00034780005808, 0.00105940410867, 0.000277502229437, 0.000219912442844, 4.29339888797e-05],
        "var": [5.21449949886e-09, 3.91036365954e-07, 1.56731275069e-07, 9.8925321268e-09, 3.3747610928e-08, 1.91337406363e-07, 2.99934026771e-06, 9.64708760876e-07, 1.78204217605e-07, 2.16076734283e-09, 4.21506740622e-09, 8.76125284321e-07, 1.68324440892e-05, 1.75876846242e-06, 1.45438434629e-07, 8.83412042185e-07, 2.17780087297e-08, 1.54998218704e-08, 2.21157233682e-06, 6.20811704266e-07, 5.60674777716e-08, 1.62079743404e-07, 1.20964884331e-07, 1.12233715299e-06, 7.70074919387e-08, 4.83614854829e-08, 1.84332749065e-09]
    },
    "erbbands": {
        "dmean": [0.0040678777732, 0.0305212046951, 0.107482105494, 0.127154424787, 0.13124999404, 0.255961924791, 0.596637904644, 1.2227461338, 2.84810853004, 7.28291082382, 6.06207799911, 3.01676559448, 1.01005339622, 0.638384521008, 2.22091126442, 14.6096687317, 31.4110660553, 24.5320930481, 7.01880502701, 5.81720495224, 16.1987628937, 3.13033461571, 3.1443529129, 20.4772224426, 27.0862522125, 10.8028583527, 7.31618499756, 3.41615748405, 2.02008247375, 8.30865001678, 4.10633277893, 2.97053956985, 6.20846843719, 1.94560492039, 0.945717215538, 0.322432816029, 0.168204933405, 0.0321884639561, 0.00301491981372, 0.000128530256916],
        "dmean2": [0.00590745685622, 0.0361731760204, 0.161925882101, 0.185200959444, 0.196160405874, 0.427969962358, 1.03155565262, 1.97651278973, 4.45325136185, 12.4845943451, 10.2175264359, 4.45299291611, 1.43255722523, 1.02474629879, 3.62279844284, 22.8618736267, 45.6810836792, 37.0428886414, 9.58467578888, 9.13983726501, 25.999546051, 5.1631770134, 5.33489894867, 35.8630714417, 47.6077537537, 18.3733768463, 12.00066185, 5.85474300385, 3.26973199844, 14.166934967, 7.14165258408, 4.59819364548, 10.3539457321, 3.09616947174, 1.60605549812, 0.470894634724, 0.27324026823, 0.0480773858726, 0.00436319271103, 0.000198266614461],
        "dvar": [9.02224710444e-05, 0.0045106918551, 0.068375825882, 0.0744975209236, 0.0571694113314, 0.421806246042, 2.31459069252, 13.8198375702, 93.8295593262, 914.849487305, 93.2185058594, 26.0210762024, 1.4701038599, 1.02519214153, 28.6375350952, 1697.56933594, 9048.87207031, 3071.99243164, 367.992523193, 278.508148193, 2233.82861328, 27.6622142792, 28.0084190369, 1453.09069824, 4059.12646484, 1202.66906738, 136.405303955, 60.4638824463, 18.4837932587, 398.760375977, 85.6043395996, 38.7655029297, 406.248962402, 24.2862052917, 1.6608761549, 0.29927405715, 0.235296413302, 0.00301703740843, 2.01631301024e-05, 2.76558846934e-08],
        "dvar2": [0.000268844480161, 0.00987665448338, 0.21979162097, 0.230478554964, 0.18827624619, 1.30273771286, 7.64618873596, 42.4229774475, 279.616699219, 2469.78271484, 202.939971924, 41.8024177551, 2.94287514687, 2.35662817955, 67.9452285767, 4602.52929688, 19183.9980469, 8313.52246094, 851.855895996, 787.759643555, 6479.43945312, 75.5188369751, 75.3876495361, 4121.60205078, 12010.5751953, 3338.97119141, 348.623474121, 161.023132324, 43.4149780273, 915.562072754, 249.114395142, 89.9534988403, 1037.72949219, 55.0795555115, 4.18651437759, 0.682296931744, 0.610732495785, 0.0078092222102, 5.32030499016e-05, 6.81876528574e-08],
        "max": [0.0765615254641, 0.706988811493, 2.1522834301, 2.17348814011, 1.81583535671, 5.23364067078, 10.278837204, 32.8945884705, 91.4306030273, 290.478607178, 69.3884429932, 48.4794883728, 11.5986337662, 7.18604946136, 51.3022232056, 321.40411377, 1032.60644531, 463.068939209, 236.207839966, 176.491333008, 387.097625732, 37.5243148804, 36.1175422668, 268.271026611, 441.831115723, 305.755767822, 100.978187561, 63.6220664978, 36.057964325, 170.092010498, 66.8132247925, 69.7125320435, 188.049682617, 49.4567985535, 8.08455657959, 5.6458735466, 4.80234241486, 0.336689740419, 0.0290495082736, 0.00154551188461],
        "mean": [0.0106169916689, 0.0731584057212, 0.214765444398, 0.269403845072, 0.218714147806, 0.349227786064, 0.71327316761, 1.5936088562, 4.11159563065, 10.5614757538, 14.0480041504, 6.07070112228, 1.68135166168, 0.986898779869, 3.39068746567, 23.6891555786, 58.7921562195, 39.5827407837, 15.1913852692, 9.75441265106, 18.7376041412, 5.11327028275, 4.50865983963, 24.3690509796, 30.2227058411, 14.1138677597, 10.5761928558, 3.61299729347, 3.01871919632, 11.4157962799, 5.23143577576, 5.27194690704, 8.92496013641, 3.066147089, 1.47220921516, 0.500543653965, 0.236090138555, 0.046966906637, 0.00443374598399, 0.00021499748982],
        "median": [0.00316380243748, 0.0175876505673, 0.066257506609, 0.115190699697, 0.139935702085, 0.136577069759, 0.238975167274, 0.376415520906, 0.441769480705, 2.04114580154, 6.39166212082, 2.6752371788, 0.850341081619, 0.500015795231, 1.18613278866, 1.63096117973, 4.16257953644, 8.56292915344, 1.3835515976, 0.834781229496, 2.37161397934, 1.13564813137, 0.916112422943, 6.63489151001, 8.64301586151, 3.21157979965, 4.21409797668, 0.904286801815, 0.539716601372, 2.50376677513, 3.1811299324, 2.41311049461, 1.5772279501, 1.3291683197, 0.766222000122, 0.188349872828, 0.0798197761178, 0.0269008353353, 0.00273728696629, 0.00016667379532],
        "min": [2.69591171609e-09, 1.61650799413e-08, 3.80009268497e-08, 3.98102919519e-08, 3.74399498071e-08, 4.11109475351e-08, 4.07352409582e-08, 5.92333719851e-08, 5.05284702967e-08, 7.12666325953e-09, 4.06358182659e-08, 5.93864690757e-08, 7.65991572393e-08, 9.34212209813e-08, 8.92826861332e-08, 6.59372787482e-08, 5.07577304631e-08, 4.31105995347e-08, 5.25557730668e-08, 5.28492414276e-08, 2.91976789413e-08, 4.46477912419e-08, 2.84440027087e-08, 4.93327263484e-08, 5.46490781517e-08, 2.87289640966e-08, 3.6864882702e-08, 8.91525502311e-08, 4.7480519072e-08, 6.01852576665e-08, 2.71261484386e-08, 3.51107054541e-08, 3.45270549929e-08, 4.87228462021e-08, 2.42998083877e-08, 1.22317853624e-08, 1.25525740913e-08, 2.21462714833e-09, 6.44342024181e-10, 9.72509503483e-11],
        "stdev": [0.0179025195539, 0.140148222446, 0.40278762579, 0.438842266798, 0.307911574841, 0.708692193031, 1.67775642872, 4.34544706345, 13.4416704178, 34.0833206177, 17.1521625519, 9.34548664093, 2.34532356262, 1.36256194115, 7.09855031967, 61.8773994446, 168.158508301, 84.7847442627, 36.8862075806, 25.1262645721, 49.0394134521, 8.86867332458, 7.20211362839, 43.0362854004, 65.353843689, 35.6286430359, 16.1160888672, 8.07203006744, 6.08600378036, 25.5482368469, 8.60974407196, 9.50342273712, 22.8996047974, 5.89083337784, 1.7551651001, 0.80203962326, 0.558698534966, 0.0672992914915, 0.00573030626401, 0.000246746494668],
        "var": [0.00032050019945, 0.0196415260434, 0.162237882614, 0.192582547665, 0.0948095321655, 0.502244651318, 2.81486654282, 18.8829097748, 180.678512573, 1161.67285156, 294.196685791, 87.3381271362, 5.50054311752, 1.85657513142, 50.389415741, 3828.8125, 28277.2851562, 7188.453125, 1360.59228516, 631.329162598, 2404.86401367, 78.6533660889, 51.8704414368, 1852.12194824, 4271.12451172, 1269.40026855, 259.72833252, 65.1576690674, 37.039440155, 652.712402344, 74.1276931763, 90.3150482178, 524.391906738, 34.701915741, 3.08060455322, 0.643267571926, 0.312144041061, 0.00452919444069, 3.28364112647e-05, 6.08838348626e-08]
    },
    "gfcc": {
        "mean": [-136.455230713, 13.2816066742, -93.9276275635, 16.7456798553, -53.4651298523, 14.4575090408, -30.6400127411, 17.1176300049, -19.9943733215, 16.392118454, -3.04322981834, -12.3074073792, -24.1211013794],
        "cov": [[65546.3125, -5354.77392578, -4860.92871094, -37.8254623413, -1217.50061035, 852.463928223, -2388.07348633, 211.213699341, -910.140380859, 622.871826172, 362.41607666, -1235.32019043, -2277.24658203], [-5354.77392578, 1055.4453125, 274.573852539, 81.1376342773, 31.1473884583, -131.50743103, 186.756973267, -142.908538818, 120.98500824, 11.8281869888, 49.2138938904, 188.9165802, 236.471481323], [-4860.92871094, 274.573852539, 730.483886719, -99.9930496216, 106.509613037, 47.8904914856, 174.761489868, 54.8977813721, 83.601348877, -121.585830688, -125.800354004, 90.9279403687, 187.551818848], [-37.8254623413, 81.1376342773, -99.9930496216, 300.427490234, 63.5978660583, 13.3434801102, -10.4795846939, -74.3197097778, 75.9890518188, 28.6749248505, 44.9331436157, 65.2229919434, -3.87323570251], [-1217.50061035, 31.1473884583, 106.509613037, 63.5978660583, 345.403289795, 40.1953773499, -3.22260832787, -30.0389614105, 10.7814340591, 15.1947259903, -1.09314584732, 53.5173912048, 16.7651157379], [852.463928223, -131.50743103, 47.8904914856, 13.3434801102, 40.1953773499, 212.929412842, -38.3836174011, -1.75461566448, 73.7220230103, 41.0410919189, -34.6999855042, 30.9022006989, -15.08497715], [-2388.07348633, 186.756973267, 174.761489868, -10.4795846939, -3.22260832787, -38.3836174011, 164.146835327, 54.723274231, 55.8762168884, -32.5315628052, -11.2017650604, 21.5419845581, 85.0794906616], [211.213699341, -142.908538818, 54.8977813721, -74.3197097778, -30.0389614105, -1.75461566448, 54.723274231, 217.263565063, 10.4697084427, -53.1371498108, -20.3290843964, -89.9610519409, -31.0426712036], [-910.140380859, 120.98500824, 83.601348877, 75.9890518188, 10.7814340591, 73.7220230103, 55.8762168884, 10.4697084427, 140.757965088, 25.8305416107, -5.00773859024, 59.9479484558, 51.0033302307], [622.871826172, 11.8281869888, -121.585830688, 28.6749248505, 15.1947259903, 41.0410919189, -32.5315628052, -53.1371498108, 25.8305416107, 108.554321289, 54.7961654663, 7.46695327759, -28.2002220154], [362.41607666, 49.2138938904, -125.800354004, 44.9331436157, -1.09314584732, -34.6999855042, -11.2017650604, -20.3290843964, -5.00773859024, 54.7961654663, 112.822273254, -3.27057957649, -33.5400466919], [-1235.32019043, 188.9165802, 90.9279403687, 65.2229919434, 53.5173912048, 30.9022006989, 21.5419845581, -89.9610519409, 59.9479484558, 7.46695327759, -3.27057957649, 115.652915955, 77.8901672363], [-2277.24658203, 236.471481323, 187.551818848, -3.87323570251, 16.7651157379, -15.08497715, 85.0794906616, -31.0426712036, 51.0033302307, -28.2002220154, -33.5400466919, 77.8901672363, 131.236160278]],
        "icov": [[0.000109145061288, 0.000108453488792, 0.000405383121688, 7.49139508116e-05, 0.000245896953857, -0.000332930969307, 0.000733953202143, -0.000168678889167, -1.2140916624e-05, 0.000169198858202, 7.86381206126e-05, -0.000115997936518, 0.000665988831315], [0.000108453488792, 0.00257950718515, -5.04218332935e-05, 0.000176593806827, 0.000396016053855, 0.00160374771804, 3.25851688103e-05, 0.000572315067984, -0.00115827622358, -0.000782660150435, -0.00114681979176, -0.00169582758099, -0.00144539494067], [0.000405383121688, -5.04218332935e-05, 0.0053243516013, 0.00167359597981, -0.000338049576385, -0.00306513113901, 0.000952378846705, -0.000322809617501, -0.000900442071725, 0.00427275616676, 0.000992396031506, -1.40017809827e-05, 9.25517306314e-05], [7.49139508116e-05, 0.000176593806827, 0.00167359597981, 0.00651427032426, -0.00127967773005, 0.000753507658374, 3.02734424622e-05, 0.00282026734203, -0.00621852977201, 0.00428083818406, -0.00172421324532, -0.00122516404372, 0.00330291129649], [0.000245896953857, 0.000396016053855, -0.000338049576385, -0.00127967773005, 0.00448374403641, -0.000796962413006, 0.00179750134703, -0.00203917641193, 0.00282599078491, -0.00239663710818, 0.000703297206201, -0.0037922761403, 0.00250381557271], [-0.000332930969307, 0.00160374771804, -0.00306513113901, 0.000753507658374, -0.000796962413006, 0.0127712059766, 0.000543835107237, -0.00070957216667, -0.00593243958429, -0.00636528711766, 0.00377443782054, -0.00568265328184, 0.00206033559516], [0.000733953202143, 3.25851688103e-05, 0.000952378846705, 3.02734424622e-05, 0.00179750134703, 0.000543835107237, 0.020479535684, -0.00487175397575, -0.0041952454485, 0.000760929950047, -0.00153440923896, 0.00297499494627, -0.00364324590191], [-0.000168678889167, 0.000572315067984, -0.000322809617501, 0.00282026734203, -0.00203917641193, -0.00070957216667, -0.00487175397575, 0.0155498702079, -0.0096229640767, 0.00974111258984, -0.00387757783756, 0.0143691813573, -8.44347159727e-05], [-1.2140916624e-05, -0.00115827622358, -0.000900442071725, -0.00621852977201, 0.00282599078491, -0.00593243958429, -0.0041952454485, -0.0096229640767, 0.0247410796583, -0.0106772920117, 0.00341503345408, -0.011090727523, -0.00207410287112], [0.000169198858202, -0.000782660150435, 0.00427275616676, 0.00428083818406, -0.00239663710818, -0.00636528711766, 0.000760929950047, 0.00974111258984, -0.0106772920117, 0.026955626905, -0.0103094000369, 0.0105052785948, 0.000823771057185], [7.86381206126e-05, -0.00114681979176, 0.000992396031506, -0.00172421324532, 0.000703297206201, 0.00377443782054, -0.00153440923896, -0.00387757783756, 0.00341503345408, -0.0103094000369, 0.0184534620494, -0.00689218752086, 0.00764762982726], [-0.000115997936518, -0.00169582758099, -1.40017809827e-05, -0.00122516404372, -0.0037922761403, -0.00568265328184, 0.00297499494627, 0.0143691813573, -0.011090727523, 0.0105052785948, -0.00689218752086, 0.0413915850222, -0.0174319706857], [0.000665988831315, -0.00144539494067, 9.25517306314e-05, 0.00330291129649, 0.00250381557271, 0.00206033559516, -0.00364324590191, -8.44347159727e-05, -0.00207410287112, 0.000823771057185, 0.00764762982726, -0.0174319706857, 0.0372884683311]]
    },
    "melbands": {
        "dmean": [3.6416680814e-05, 4.72268002341e-05, 2.20211641135e-05, 1.28150450109e-05, 1.86884244613e-05, 2.74295034615e-05, 5.28758137079e-05, 7.33277702238e-05, 4.95190361107e-05, 1.60513609444e-05, 4.65384800918e-06, 2.36367031903e-06, 4.80022708871e-06, 1.84422206075e-05, 7.82485294621e-05, 6.56910851831e-05, 4.23145429522e-05, 1.20922513815e-05, 4.36668142356e-06, 1.48296639964e-05, 1.8218979676e-05, 3.56866848961e-06, 2.9913248909e-06, 2.53870530287e-06, 1.74385168066e-05, 3.04891109408e-05, 8.69953964866e-06, 7.41375606594e-06, 4.91589617013e-06, 4.15122758568e-06, 1.36427945563e-06, 5.28630266672e-07, 3.48446383214e-06, 4.5471156227e-06, 2.45724481829e-06, 1.72130478404e-06, 2.02589149012e-06, 4.23300616603e-06, 3.84271834264e-06, 1.12712871214e-06],
        "dmean2": [4.81883944303e-05, 6.58428689349e-05, 3.37232340826e-05, 2.04623993341e-05, 3.2052223105e-05, 4.44053257525e-05, 8.63277819008e-05, 0.000125048376503, 8.06542811915e-05, 2.36783616856e-05, 6.75379351378e-06, 3.84189434044e-06, 7.69872440287e-06, 3.06777183141e-05, 0.000125049220514, 9.13722033147e-05, 6.42318773316e-05, 1.68244387169e-05, 6.8129443207e-06, 2.43919803324e-05, 2.91160667985e-05, 6.37779385215e-06, 5.30094212081e-06, 4.19432581111e-06, 3.05543981085e-05, 5.36828265467e-05, 1.55116995302e-05, 1.26668410303e-05, 7.99250574346e-06, 6.86085149937e-06, 2.41969860326e-06, 8.06554453447e-07, 6.04681281402e-06, 7.71209306549e-06, 4.4028947741e-06, 2.72168676929e-06, 3.23414542436e-06, 7.05092179487e-06, 6.27108238405e-06, 1.73263526904e-06],
        "dvar": [6.85440948445e-09, 1.07115560866e-08, 2.17470863539e-09, 7.70436103803e-10, 2.30010743785e-09, 7.20531767584e-09, 3.54599976049e-08, 7.60345884032e-08, 6.13744521871e-09, 7.50025486163e-10, 2.99818191107e-11, 1.49362518881e-11, 1.03024373754e-10, 2.63124411148e-09, 6.65322232862e-08, 3.49729205595e-08, 8.32460766986e-09, 1.21685639343e-09, 1.42281908477e-10, 2.44604780875e-09, 2.56458632109e-09, 4.51527981671e-11, 3.10808705162e-11, 1.44533482405e-11, 1.01644270778e-09, 4.7896393518e-09, 4.84863094119e-10, 7.00964786216e-10, 1.21332596748e-10, 3.8067510949e-11, 2.2745876363e-11, 1.20477033298e-12, 7.62102742025e-11, 1.14343833013e-10, 4.09973791027e-11, 6.49452583726e-12, 2.38961871124e-11, 1.69731520505e-10, 1.38364403268e-10, 6.39475278286e-12],
        "dvar2": [1.85946831266e-08, 3.01352507392e-08, 6.96863056149e-09, 2.37265740388e-09, 7.43444728002e-09, 2.21506883946e-08, 1.02710693284e-07, 2.02207957045e-07, 1.3514741326e-08, 1.1092412544e-09, 6.73763544956e-11, 3.3171649455e-11, 2.42087544455e-10, 6.07671557518e-09, 1.66277033031e-07, 7.58268754453e-08, 2.22380531767e-08, 2.90207857745e-09, 2.45318043657e-10, 6.9350050147e-09, 7.54667528469e-09, 1.43606335157e-10, 9.93058690835e-11, 3.21134438486e-11, 2.89084622906e-09, 1.39885454331e-08, 1.43970657618e-09, 1.89968107911e-09, 3.17394305283e-10, 9.44585243356e-11, 6.17807749403e-11, 2.59485835596e-12, 1.71096525836e-10, 2.64068628075e-10, 1.21928384056e-10, 1.6547993878e-11, 5.74342934323e-11, 4.32696239949e-10, 3.43997608176e-10, 1.33326604965e-11],
        "max": [0.000741416879464, 0.000957892159931, 0.000382231461117, 0.000230761390412, 0.000348244764609, 0.000739088398404, 0.00160782691091, 0.00273467530496, 0.000645005260594, 0.000255598220974, 5.21484325873e-05, 2.84312754957e-05, 9.73611749941e-05, 0.00047729810467, 0.00236461451277, 0.00209658057429, 0.000715922971722, 0.000425656005973, 0.000129267107695, 0.000434459449025, 0.000410593202105, 4.51899577456e-05, 3.32557501679e-05, 2.56058156083e-05, 0.000222585294978, 0.000447627826361, 0.000174435452209, 0.000235233193962, 0.000103733618744, 3.75249073841e-05, 3.95181850763e-05, 1.04419505078e-05, 7.44025674067e-05, 8.87805363163e-05, 4.72444480693e-05, 1.60190502356e-05, 5.11981270392e-05, 0.000123082849314, 0.00010805662896, 2.6598911063e-05],
        "mean": [9.59882090683e-05, 0.000107946048956, 4.4844680815e-05, 1.90994851437e-05, 2.33507544181e-05, 3.50634181814e-05, 7.29930470698e-05, 0.000123510224512, 0.000110559012683, 3.14894932671e-05, 7.21691230865e-06, 3.49268816535e-06, 7.08152629159e-06, 2.83130793832e-05, 0.000132627319545, 0.000113369409519, 6.81932287989e-05, 2.62406847469e-05, 9.95584377961e-06, 1.93932228285e-05, 2.13422208617e-05, 4.99338057125e-06, 3.44920499629e-06, 3.80190840588e-06, 2.06088243431e-05, 3.45918015228e-05, 8.95757329999e-06, 9.90378612187e-06, 7.43411419535e-06, 4.47601041742e-06, 1.31249078095e-06, 9.01398948372e-07, 4.92760455018e-06, 6.13459269516e-06, 2.79775258605e-06, 2.65522544396e-06, 3.51293556378e-06, 6.38117035123e-06, 5.3484932323e-06, 1.67496011727e-06],
        "median": [2.57204665104e-05, 3.13011114486e-05, 2.11658334592e-05, 1.03534293885e-05, 8.06798288977e-06, 7.82249117037e-06, 7.03490331944e-06, 3.17999656545e-05, 4.97229011671e-05, 1.24725866044e-05, 3.64224410987e-06, 1.49132506522e-06, 3.22119194607e-06, 4.27003624281e-06, 4.6000977818e-06, 1.1575395547e-05, 1.59862502187e-05, 1.95703773898e-06, 7.74792624725e-07, 1.65598726198e-06, 2.90489060717e-06, 1.22971459859e-06, 5.63682249322e-07, 8.99286817457e-07, 5.19766035723e-06, 8.87331589183e-06, 2.76007085631e-06, 1.59708520187e-06, 2.00236786441e-06, 1.80270012606e-06, 9.48421146063e-08, 1.00609710785e-07, 9.21713990465e-07, 1.40522683978e-06, 1.58532702699e-06, 1.17980607683e-06, 1.09452184915e-06, 8.53667017964e-07, 1.79157973434e-06, 7.4585409493e-07],
        "min": [2.46495324152e-11, 2.01126788835e-11, 6.81002216424e-12, 2.79797170676e-12, 1.51233669685e-12, 1.33103456642e-12, 6.78406441267e-13, 6.14949307838e-14, 3.97793506034e-13, 3.47790806571e-13, 4.04862124728e-13, 4.16113703824e-13, 2.535201053e-13, 2.24338586987e-13, 1.35960646496e-13, 1.12668006164e-13, 8.01364996496e-14, 8.6574932607e-14, 7.79530858809e-14, 6.60977823581e-14, 2.49293129678e-14, 5.19607719753e-14, 2.71411921258e-14, 2.70497803301e-14, 4.13356381187e-14, 3.93832678329e-14, 3.65801512074e-14, 1.54277191879e-14, 2.18826286301e-14, 3.24087375588e-14, 5.65702608997e-14, 2.50322935394e-14, 3.30133462885e-14, 3.19070839899e-14, 1.68653221407e-14, 1.3281812885e-14, 2.42079898743e-14, 1.583237732e-14, 4.35592757881e-14, 4.21773550872e-14],
        "stdev": [0.000167234495166, 0.000198983892915, 7.13631525286e-05, 3.2588315662e-05, 5.36293118785e-05, 9.64874125202e-05, 0.000252879312029, 0.000337464589393, 0.000133520836243, 5.13571358169e-05, 1.02000940387e-05, 5.1046167755e-06, 1.30540274768e-05, 7.03814075678e-05, 0.000387047417462, 0.000313024705974, 0.000140824151458, 6.52617964079e-05, 2.47369753197e-05, 5.44015820196e-05, 5.32949452463e-05, 8.99620863493e-06, 6.56149404676e-06, 5.62188233744e-06, 3.60804697266e-05, 7.23599441699e-05, 2.12383783946e-05, 2.7185305953e-05, 1.37445977089e-05, 7.14980797056e-06, 4.50495372206e-06, 1.85362364391e-06, 1.16221972348e-05, 1.33226794787e-05, 5.5032378441e-06, 3.61475940736e-06, 6.86300518282e-06, 1.63673830684e-05, 1.22869068946e-05, 3.24587472278e-06],
        "var": [2.7967377747e-08, 3.95945889409e-08, 5.09269915128e-09, 1.06199837813e-09, 2.87610313343e-09, 9.30982135827e-09, 6.39479438291e-08, 1.13882350661e-07, 1.78278121155e-08, 2.63755528529e-09, 1.04041913973e-10, 2.60571113297e-11, 1.70407632449e-10, 4.95354290919e-09, 1.498057145e-07, 9.79844685389e-08, 1.98314431543e-08, 4.25910240409e-09, 6.11917960747e-10, 2.95953217488e-09, 2.8403512875e-09, 8.09317751704e-11, 4.3053206833e-11, 3.16055619176e-11, 1.30180022317e-09, 5.23596099811e-09, 4.51068710161e-10, 7.39040884046e-10, 1.88913967802e-10, 5.11197507935e-11, 2.02946062733e-11, 3.43592060185e-12, 1.3507547858e-10, 1.7749378356e-10, 3.02856247025e-11, 1.3066486261e-11, 4.71008405889e-11, 2.67891209216e-10, 1.50968085255e-10, 1.05357025187e-11]
    },
    "melbands128": {
