{
"lowlevel": {
    "average_loudness": 0.226820424199,
    "barkbands_crest": {
        "dmean": 1.40718853474,
        "dmean2": 2.13987398148,
        "dvar": 7.26176023483,
        "dvar2": 20.7334041595,
        "max": 26.656337738,
        "mean": 12.4296007156,
        "median": 9.79703140259,
        "min": 3.60790729523,
        "stdev": 5.1423163414,
        "var": 26.4434185028
    },
    "barkbands_flatness_db": {
        "dmean": 0.0188356004655,
        "dmean2": 0.0290607661009,
        "dvar": 0.000857498787809,
        "dvar2": 0.00209425808862,
        "max": 0.387674897909,
        "mean": 0.261068016291,
        "median": 0.267347693443,
        "min": 0.0956903770566,
        "stdev": 0.0469464473426,
        "var": 0.00220396881923
    },
    "barkbands_kurtosis": {
        "dmean": 7.23045253754,
        "dmean2": 11.576713562,
        "dvar": 703.520996094,
        "dvar2": 1785.43969727,
        "max": 266.631713867,
        "mean": 5.97551631927,
        "median": -0.893260002136,
        "min": -1.29973721504,
        "stdev": 27.887260437,
        "var": 777.699279785
    },
    "barkbands_skewness": {
        "dmean": 0.570073664188,
        "dmean2": 0.836169540882,
        "dvar": 1.83440554142,
        "dvar2": 4.25164794922,
        "max": 15.6602468491,
        "mean": 0.791658401489,
        "median": 0.130357518792,
        "min": -5.31621074677,
        "stdev": 2.1277513504,
        "var": 4.52732610703
    },
    "barkbands_spread": {
        "dmean": 2.45278835297,
        "dmean2": 3.86696243286,
        "dvar": 39.2958488464,
        "dvar2": 107.695671082,
        "max": 48.3688659668,
        "mean": 14.1189422607,
        "median": 14.2550821304,
        "min": 0.461162418127,
        "stdev": 6.40960073471,
        "var": 41.0829811096
    },
    "dissonance": {
        "dmean": 0.0323079302907,
        "dmean2": 0.0546247959137,
        "dvar": 0.00174515019171,
        "dvar2": 0.003380110953,
        "max": 0.499093711376,
        "mean": 0.442766517401,
        "median": 0.446970373392,
        "min": 0.0753670185804,
        "stdev": 0.0452988520265,
        "var": 0.00205198605545
    },
    "dynamic_complexity": 12.948931694,
    "erbbands_crest": {
        "dmean": 1.08421933651,
        "dmean2": 1.73522508144,
        "dvar": 2.48682618141,
        "dvar2": 6.34075975418,
        "max": 30.2293624878,
        "mean": 11.7241563797,
        "median": 9.59401035309,
        "min": 2.99488449097,
        "stdev": 5.81643724442,
        "var": 33.8309440613
    },
    "erbbands_flatness_db": {
        "dmean": 0.0107696056366,
        "dmean2": 0.0144344158471,
        "dvar": 0.000223072696826,
        "dvar2": 0.000217261622311,
        "max": 0.448261082172,
        "mean": 0.308228731155,
        "median": 0.337642848492,
        "min": 0.0335628502071,
        "stdev": 0.0914126858115,
        "var": 0.00835627876222
    },
    "erbbands_kurtosis": {
        "dmean": 2.09161925316,
        "dmean2": 2.35831904411,
        "dvar": 104.892501831,
        "dvar2": 175.373809814,
        "max": 156.950744629,
        "mean": 2.13085770607,
        "median": -0.654900312424,
        "min": -1.14514350891,
        "stdev": 15.1094789505,
        "var": 228.296356201
    },
    "erbbands_skewness": {
        "dmean": 0.182070985436,
        "dmean2": 0.247043803334,
        "dvar": 0.103479892015,
        "dvar2": 0.215316042304,
        "max": 5.90311288834,
        "mean": 0.283306479454,
        "median": -0.119069933891,
        "min": -0.759286046028,
        "stdev": 1.0261194706,
        "var": 1.05292105675
    },
    "erbbands_spread": {
        "dmean": 2.35863947868,
        "dmean2": 2.79783892632,
        "dvar": 31.7274780273,
        "dvar2": 50.6430053711,
        "max": 102.155517578,
        "mean": 22.1096515656,
        "median": 19.5911865234,
        "min": 0.422085762024,
        "stdev": 16.4425792694,
        "var": 270.358428955
    },
    "hfc": {
        "dmean": 0.894982278347,
        "dmean2": 0.805176317692,
        "dvar": 4.50732803345,
        "dvar2": 3.85644817352,
        "max": 58.3089942932,
        "mean": 11.33436203,
        "median": 1.14026486874,
        "min": 5.71260798665e-08,
        "stdev": 18.4602546692,
        "var": 340.781036377
    },
    "loudness_ebu128": {
        "integrated": -27.5705776215,
        "loudness_range": 7.15668296814,
        "momentary": {
            "dmean": 1.85542035103,
            "dmean2": 0.885401129723,
            "dvar": 10.1409225464,
            "dvar2": 2.68473625183,
            "max": -23.523563385,
            "mean": -38.3227729797,
            "median": -38.3215255737,
            "min": -79.6392822266,
            "stdev": 11.5574712753,
            "var": 133.575149536
        },
        "short_term": {
            "dmean": 0.775883615017,
            "dmean2": 0.155767053366,
            "dvar": 0.257049977779,
            "dvar2": 0.0112557262182,
            "max": -28.9786396027,
            "mean": -31.8084392548,
            "median": -30.8245315552,
            "min": -37.5120544434,
            "stdev": 2.87734484673,
            "var": 8.27911281586
        }
    },
    "melbands_crest": {
        "dmean": 1.78299927711,
        "dmean2": 2.54932379723,
        "dvar": 10.4450778961,
        "dvar2": 21.8447589874,
        "max": 38.9638137817,
        "mean": 18.2091770172,
        "median": 14.51628685,
        "min": 6.62136316299,
        "stdev": 7.39724874496,
        "var": 54.719291687
    },
    "melbands_flatness_db": {
        "dmean": 0.0157537385821,
        "dmean2": 0.0224927477539,
        "dvar": 0.000595159945078,
        "dvar2": 0.00122072221711,
        "max": 0.453103214502,
        "mean": 0.267904281616,
        "median": 0.266844391823,
        "min": 0.128143236041,
        "stdev": 0.04436821118,
        "var": 0.00196853815578
    },
    "melbands_kurtosis": {
        "dmean": 9.33776187897,
        "dmean2": 14.0226373672,
        "dvar": 1304.77160645,
        "dvar2": 2388.46508789,
        "max": 363.781311035,
        "mean": 11.0183439255,
        "median": -0.0666980743408,
        "min": -0.634473085403,
        "stdev": 44.7591171265,
        "var": 2003.37841797
    },
    "melbands_skewness": {
        "dmean": 0.603660345078,
        "dmean2": 0.850436687469,
        "dvar": 2.42547297478,
        "dvar2": 4.27230072021,
        "max": 16.9854640961,
        "mean": 1.4262213707,
        "median": 0.754583954811,
        "min": -5.14218521118,
        "stdev": 2.59706091881,
        "var": 6.74472570419
    },
    "melbands_spread": {
        "dmean": 2.26030182838,
        "dmean2": 3.38311386108,
        "dvar": 16.0328960419,
        "dvar2": 33.9119873047,
        "max": 43.1675376892,
        "mean": 23.8041553497,
        "median": 26.2608413696,
        "min": 0.921794056892,
        "stdev": 9.20684337616,
        "var": 84.7659606934
    },
    "pitch_salience": {
        "dmean": 0.0397586934268,
        "dmean2": 0.0593029595912,
        "dvar": 0.00499903410673,
        "dvar2": 0.00908904150128,
        "max": 0.8497620821,
        "mean": 0.676926732063,
        "median": 0.80448693037,
        "min": 0.0609161518514,
        "stdev": 0.21820962429,
        "var": 0.047615442425
    },
    "silence_rate_20dB": {
        "dmean": 0,
        "dmean2": 0,
        "dvar": 0,
        "dvar2": 0,
        "max": 1,
        "mean": 1,
        "median": 1,
        "min": 1,
        "stdev": 0,
        "var": 0
    },
    "silence_rate_30dB": {
        "dmean": 0,
        "dmean2": 0,
        "dvar": 0,
        "dvar2": 0,
        "max": 1,
        "mean": 1,
        "median": 1,
        "min": 1,
        "stdev": 0,
        "var": 0
    },
    "silence_rate_60dB": {
        "dmean": 0.0114942528307,
        "dmean2": 0.0231213867664,
        "dvar": 0.0113621214405,
        "dvar2": 0.0225867666304,
        "max": 1,
        "mean": 0.691428542137,
        "median": 1,
        "min": 0,
        "stdev": 0.461903333664,
        "var": 0.213354691863
    },
    "spectral_centroid": {
        "dmean": 101.593757629,
        "dmean2": 158.056030273,
        "dvar": 33660.8242188,
        "dvar2": 89765.6328125,
        "max": 2845.66137695,
        "mean": 2065.7734375,
        "median": 2126.56079102,
        "min": 998.147033691,
        "stdev": 423.241119385,
        "var": 179133.046875
    },
    "spectral_complexity": {
        "dmean": 0.45977011323,
        "dmean2": 0.786127150059,
        "dvar": 3.80009293556,
        "dvar2": 6.13345861435,
        "max": 26,
        "mean": 5.07999992371,
        "median": 5,
        "min": 0,
        "stdev": 4.30075073242,
        "var": 18.4964561462
    },
    "spectral_decrease": {
        "dmean": 1.18942924954e-10,
        "dmean2": 1.24255231104e-10,
        "dvar": 7.87763000672e-20,
        "dvar2": 9.34157037741e-20,
        "max": -3.80525911959e-17,
        "mean": -1.52203516457e-09,
        "median": -1.86256662871e-10,
        "min": -7.89151322067e-09,
        "stdev": 2.50451970274e-09,
        "var": 6.27261894565e-18
    },
    "spectral_energy": {
        "dmean": 0.000517503183801,
        "dmean2": 0.000536001112778,
        "dvar": 1.50541302446e-06,
        "dvar2": 1.67935831996e-06,
        "max": 0.034959603101,
        "mean": 0.00677255028859,
        "median": 0.000807335309219,
        "min": 1.48801040933e-10,
        "stdev": 0.0111197186634,
        "var": 0.000123648147564
    },
    "spectral_energyband_high": {
        "dmean": 1.6137428247e-05,
        "dmean2": 1.99980877369e-05,
        "dvar": 2.4572157642e-09,
        "dvar2": 3.88084631098e-09,
        "max": 0.000758256355766,
        "mean": 0.000113359878014,
        "median": 4.41984821009e-06,
        "min": 2.06351407316e-12,
        "stdev": 0.000191442915821,
        "var": 3.66503911664e-08
    },
    "spectral_energyband_low": {
        "dmean": 1.94839529399e-07,
        "dmean2": 3.24831631815e-07,
        "dvar": 4.73371647056e-14,
        "dvar2": 1.16834913597e-13,
        "max": 1.5673181224e-06,
        "mean": 2.69007614406e-07,
        "median": 1.84238686529e-07,
        "min": 8.82703840577e-11,
        "stdev": 2.7581037898e-07,
        "var": 7.60713649191e-14
    },
    "spectral_energyband_middle_high": {
        "dmean": 0.000467393751023,
        "dmean2": 0.000409154221416,
        "dvar": 9.47656928929e-07,
        "dvar2": 8.32821001495e-07,
        "max": 0.0300962794572,
        "mean": 0.00572053156793,
        "median": 0.000614255608525,
        "min": 9.65048960883e-12,
        "stdev": 0.00947201065719,
        "var": 8.97189893294e-05
    },
    "spectral_energyband_middle_low": {
        "dmean": 0.000119167045341,
        "dmean2": 0.00015521858586,
        "dvar": 2.49384640938e-07,
        "dvar2": 4.63531165451e-07,
        "max": 0.00546927610412,
        "mean": 0.00097625690978,
        "median": 0.000168479018612,
        "min": 4.15896136974e-11,
        "stdev": 0.00158746843226,
        "var": 2.52005588663e-06
    },
    "spectral_entropy": {
        "dmean": 0.111695915461,
        "dmean2": 0.148512795568,
        "dvar": 0.023532576859,
        "dvar2": 0.0228307265788,
        "max": 8.65999603271,
        "mean": 6.18261098862,
        "median": 5.79519605637,
        "min": 4.6938958168,
        "stdev": 0.923755943775,
        "var": 0.853325009346
    },
    "spectral_flux": {
        "dmean": 0.00282294675708,
        "dmean2": 0.00457290932536,
        "dvar": 7.53645217628e-05,
        "dvar2": 0.000167414094904,
        "max": 0.120516076684,
        "mean": 0.00721110217273,
        "median": 0.00312641775236,
        "min": 0.000204137919354,
        "stdev": 0.016718165949,
        "var": 0.000279497093288
    },
    "spectral_kurtosis": {
        "dmean": 4.42813301086,
        "dmean2": 7.71913385391,
        "dvar": 17.275384903,
        "dvar2": 54.9381256104,
        "max": 41.2426757812,
        "mean": 9.75800228119,
        "median": 9.01981258392,
        "min": 1.86472415924,
        "stdev": 5.39073467255,
        "var": 29.0600204468
    },
    "spectral_rms": {
        "dmean": 9.54294955591e-05,
        "dmean2": 0.000104102313344,
        "dvar": 4.92342628888e-08,
        "dvar2": 4.67484682076e-08,
        "max": 0.00584011385217,
        "mean": 0.00174394587521,
        "median": 0.000887493195478,
        "min": 3.81014103823e-07,
        "stdev": 0.00188839039765,
        "var": 3.56601844942e-06
    },
    "spectral_rolloff": {
        "dmean": 140.460830688,
        "dmean2": 267.235778809,
        "dvar": 86002.7578125,
        "dvar2": 205074.171875,
        "max": 3488.37890625,
        "mean": 2266.40063477,
        "median": 2476.31835938,
        "min": 21.533203125,
        "stdev": 963.639343262,
        "var": 928600.75
    },
    "spectral_skewness": {
        "dmean": 0.425034701824,
        "dmean2": 0.735464453697,
        "dvar": 0.156207218766,
        "dvar2": 0.486963868141,
        "max": 5.20180177689,
        "mean": 1.822447896,
        "median": 1.67025053501,
        "min": 1.14350306988,
        "stdev": 0.555113554001,
        "var": 0.308151036501
    },
    "spectral_spread": {
        "dmean": 358427.75,
        "dmean2": 533131.4375,
        "dvar": 439505584128,
        "dvar2": 762284146688,
        "max": 16230709,
        "mean": 3435486,
        "median": 2408103.5,
        "min": 1961874.875,
        "stdev": 2597232.75,
        "var": 6.74561733427e+12
    },
    "spectral_strongpeak": {
        "dmean": 0.111946716905,
        "dmean2": 0.149377301335,
        "dvar": 0.166929095984,
        "dvar2": 0.40556076169,
        "max": 5.55657911301,
        "mean": 1.38388335705,
        "median": 0.672987639904,
        "min": 0,
        "stdev": 1.58546483517,
        "var": 2.5136988163
    },
    "zerocrossingrate": {
        "dmean": 0.0051746587269,
        "dmean2": 0.00657627359033,
        "dvar": 9.08208239707e-05,
        "dvar2": 0.000185350610991,
        "max": 0.11669921875,
        "mean": 0.068588167429,
        "median": 0.06787109375,
        "min": 0.00146484375,
        "stdev": 0.0169187281281,
        "var": 0.000286243361188
    },
    "barkbands": {
        "dmean": [4.76198039223e-07, 6.00948055762e-08, 4.68081307048e-09, 2.62436516962e-09, 3.24844368151e-05, 1.78560530912e-05, 7.97920074547e-05, 2.36436517298e-05, 2.42602732214e-06, 1.63718341355e-05, 0.000257026142208, 5.37350160812e-06, 2.86946797132e-05, 5.9834219428e-05, 0.000116868883197, 6.13352749497e-05, 7.62115960242e-05, 4.9202782975e-05, 4.73481231893e-05, 3.08204180328e-05, 6.01111332799e-06, 4.66356732431e-06, 3.55076758751e-06, 2.745834081e-06, 5.70895281271e-07, 1.39521645792e-07, 1.46996637085e-08],
        "dmean2": [8.60169109274e-07, 1.04701101122e-07, 8.32885138635e-09, 4.42512293475e-09, 6.05240602454e-05, 2.85173427983e-05, 0.000105217775854, 2.73460100289e-05, 3.77438959731e-06, 2.40827375819e-05, 0.000258287967881, 7.76255274104e-06, 3.9006692532e-05, 7.18930386938e-05, 0.000153157598106, 6.28000707366e-05, 9.56691364991e-05, 5.05505740875e-05, 5.60837179364e-05, 3.69302761101e-05, 6.35514152236e-06, 5.68076893614e-06, 5.96821428189e-06, 3.16252999255e-06, 8.2189336581e-07, 2.17651646039e-07, 1.82854744679e-08],
        "dvar": [4.23921341823e-13, 3.05707976125e-15, 6.3255394797e-17, 1.17178895265e-16, 7.53967484002e-08, 1.70560205959e-08, 1.03828625697e-07, 2.8463911228e-09, 3.39288680484e-10, 1.50532120102e-08, 3.25508352716e-07, 1.63135827069e-09, 2.56924206354e-08, 1.6504520417e-08, 2.88223247935e-07, 2.53266438932e-08, 6.26614991006e-08, 2.1960858021e-08, 8.70988969837e-09, 1.13413127778e-08, 2.52235954346e-10, 1.5700857281e-10, 2.9505314858e-10, 4.73739762696e-11, 2.8954427831e-12, 1.40099750919e-13, 1.06394887356e-15],
        "dvar2": [1.30086577361e-12, 8.26386434462e-15, 1.8263692645e-16, 2.13908628474e-16, 2.16030144884e-07, 4.22406500888e-08, 2.7719718787e-07, 4.48292025723e-09, 6.89641510565e-10, 3.27482077012e-08, 3.67625034414e-07, 3.66140362473e-09, 4.47455050789e-08, 3.48903732572e-08, 6.09687162978e-07, 4.04110096497e-08, 8.20915602162e-08, 4.23633430557e-08, 1.16426006613e-08, 1.45941543295e-08, 2.71794420303e-10, 2.02674182992e-10, 8.27730717301e-10, 6.40657596418e-11, 4.98713483704e-12, 3.08296167458e-13, 1.80393474986e-15],
        "max": [4.43816134066e-06, 2.98417091926e-07, 7.87214702314e-08, 1.32330299607e-07, 0.00276950397529, 0.00149362511002, 0.00364236580208, 0.00125775067136, 0.00021010141063, 0.00140562118031, 0.0157347694039, 0.000463400792796, 0.00205955700949, 0.00326550519094, 0.00695051020011, 0.00280597852543, 0.00458148494363, 0.00253991759382, 0.00238900445402, 0.00192738079932, 0.000307435402647, 0.000155700239702, 0.000222806876991, 0.000106031242467, 2.53270172834e-05, 4.57469877801e-06, 5.88262821566e-07],
        "mean": [4.75434262626e-07, 6.78576412838e-08, 5.75921266233e-09, 3.47177842031e-09, 1.9298893676e-05, 1.59116279974e-05, 0.000700340839103, 0.000238177672145, 2.30692194236e-06, 1.36443813972e-05, 0.00250392733142, 4.5386691454e-06, 6.42095546937e-05, 0.000559356238227, 0.000483332143631, 0.000412907102145, 0.000586149340961, 0.00040575733874, 0.000448954262538, 0.000241153669776, 2.96779435303e-05, 1.81785562745e-05, 1.1903860468e-05, 9.31716022023e-06, 2.3807215257e-06, 5.27439340203e-07, 6.94332484841e-08],
        "median": [2.52449694926e-07, 4.8088654836e-08, 3.96518951007e-09, 8.53672743606e-10, 2.48378597689e-07, 2.4746199756e-07, 0.000118608819321, 4.48114478786e-05, 1.01239514549e-08, 1.13496398058e-07, 0.000291483331239, 3.68626054126e-08, 4.30614136349e-06, 7.06805876689e-05, 6.18786798441e-05, 7.80676564318e-05, 5.76200000069e-05, 2.98652230413e-05, 3.80659548682e-05, 1.19518626889e-05, 6.32860462702e-07, 6.20196829004e-07, 3.24285906572e-07, 1.76246246042e-07, 4.9562977722e-08, 8.90372753304e-09, 3.6217688848e-09],
        "min": [3.12884197717e-11, 4.22217538709e-11, 2.1875308856e-11, 1.56686209146e-11, 1.58415103951e-11, 1.21662304797e-12, 3.06756074535e-12, 4.02787829132e-12, 1.48138012274e-12, 1.69259788477e-12, 1.26620339647e-12, 1.03249158355e-12, 1.14009539656e-12, 1.16336389307e-12, 6.35200822063e-13, 8.11280187994e-13, 7.34249141522e-13, 5.22951582212e-13, 4.60306976997e-13, 3.86039101076e-13, 4.01587508907e-13, 3.55602239278e-13, 3.10522441094e-13, 2.14180195389e-13, 2.33783966578e-13, 2.48227355554e-13, 2.48563620858e-13],
        "stdev": [6.57454677366e-07, 6.12114803289e-08, 8.05183564268e-09, 1.39742857286e-08, 0.000210327867535, 0.000120286327729, 0.00115292007104, 0.000384487066185, 1.93635114556e-05, 0.000121118333482, 0.00446753343567, 3.96108189307e-05, 0.000217583990889, 0.00093617872335, 0.00093876500614, 0.000673661706969, 0.000979731092229, 0.000702908087987, 0.000693442183547, 0.000429765146691, 5.4759093473e-05, 3.38341451425e-05, 2.78910702036e-05, 2.02817791433e-05, 4.63105970994e-06, 1.04618993646e-06, 1.32186713131e-07],
        "var": [4.32246659255e-13, 3.74684515998e-15, 6.48320539841e-17, 1.95280653428e-16, 4.42378116361e-08, 1.44688012682e-08, 1.32922468765e-06, 1.47830306219e-07, 3.74945602344e-10, 1.46696503833e-08, 1.99588539544e-05, 1.56901691639e-09, 4.73427910208e-08, 8.76430647168e-07, 8.812797887e-07, 4.53820064195e-07, 9.59872977546e-07, 4.94079756663e-07, 4.80862070162e-07, 1.8469808083e-07, 2.9985585126e-09, 1.14474929536e-09, 7.77911790539e-10, 4.11350536966e-10, 2.14467124615e-11, 1.09451336883e-12, 1.74733274724e-14]
    },
    "erbbands": {
        "dmean": [4.93446259497e-06, 4.39505720351e-06, 7.64459855418e-06, 6.39659483568e-05, 0.00288777891546, 0.111540652812, 0.270462453365, 0.101367555559, 0.596896469593, 1.65569698811, 0.232903003693, 0.0489730611444, 0.118934743106, 3.2424890995, 8.80450153351, 0.596228718758, 0.788836956024, 3.2466840744, 0.874062478542, 9.86766147614, 1.83885300159, 4.67114067078, 2.39436388016, 1.29072570801, 2.78373360634, 2.02468919754, 0.28387466073, 0.246672645211, 0.150302797556, 0.110553316772, 0.110290966928, 0.0460794940591, 0.0552423633635, 0.00985795166343, 0.00391823938116, 0.000556191138458, 0.000457196700154, 2.91279375233e-05, 3.53427958544e-06, 7.42878341953e-07],
        "dmean2": [8.52610628499e-06, 7.50077424527e-06, 1.2929618606e-05, 0.000115810384159, 0.00548743316904, 0.211309120059, 0.48119032383, 0.155052557588, 0.964682459831, 1.58854997158, 0.274454027414, 0.0800118967891, 0.162951722741, 3.94126582146, 8.79066181183, 0.759494245052, 1.06794905663, 3.87022972107, 1.22075903416, 11.2284765244, 2.88259124756, 5.68402767181, 2.64341592789, 1.17885553837, 3.3044962883, 2.33718490601, 0.356671363115, 0.290621429682, 0.181101620197, 0.13437089324, 0.19546674192, 0.0508008375764, 0.0602085702121, 0.0146732963622, 0.00529003888369, 0.000894891330972, 0.000630251830444, 3.99382588512e-05, 4.61724948764e-06, 7.43338887332e-07],
        "dvar": [2.24008468025e-11, 1.93865531267e-11, 5.26073018481e-10, 2.56929155285e-07, 0.00062828429509, 0.926643311977, 4.77587509155, 0.523186922073, 16.3072528839, 14.9331407547, 0.609280049801, 0.126666590571, 0.398072808981, 100.467338562, 384.215393066, 5.91679286957, 7.74175739288, 48.5808601379, 16.21352005, 1127.36010742, 76.5142822266, 193.679641724, 80.769821167, 7.3410615921, 29.5831260681, 44.1343269348, 0.781600892544, 0.34001275897, 0.121963523328, 0.326062083244, 0.401903778315, 0.0133767351508, 0.0235373992473, 0.000677087693475, 0.000141266427818, 3.06201673084e-06, 1.51226333855e-06, 6.35456753884e-09, 6.86256745874e-11, 3.18720267192e-12],
        "dvar2": [5.78343484214e-11, 5.92567661606e-11, 1.37066824557e-09, 7.27028464098e-07, 0.00183333724272, 2.69352412224, 13.1101303101, 1.01569330692, 44.0381317139, 18.5239658356, 1.42772603035, 0.241507947445, 0.781248569489, 220.296112061, 413.862731934, 13.8393964767, 13.7945728302, 85.6566619873, 28.6118221283, 2334.40356445, 193.514968872, 237.724151611, 157.091293335, 6.86722421646, 41.6144828796, 64.2337341309, 1.14825797081, 0.424997508526, 0.172701388597, 0.472372561693, 1.15090990067, 0.0137141468003, 0.0274085234851, 0.00116459408309, 0.000211590653635, 6.02077898293e-06, 2.84815496343e-06, 1.10201714421e-08, 1.12053782919e-10, 3.26444080101e-12],
        "max": [2.95494883176e-05, 2.81563770841e-05, 0.000277084298432, 0.00527639454231, 0.248765602708, 9.57043075562, 22.8527374268, 8.70151805878, 44.640712738, 106.287757874, 10.0360040665, 3.94421887398, 7.70159578323, 145.363464355, 540.929504395, 28.4762077332, 41.7506713867, 177.433181763, 56.7695274353, 462.736419678, 106.709922791, 266.215911865, 154.048553467, 82.1300582886, 144.376602173, 126.693984985, 16.6841831207, 10.1289386749, 4.77994680405, 7.80211496353, 8.21734142303, 2.21627354622, 2.19775414467, 0.41965469718, 0.182700812817, 0.0273714866489, 0.0155096473172, 0.00100423686672, 0.000132402827148, 5.11450052727e-05],
        "mean": [5.87423073739e-06, 6.04821116212e-06, 9.48737852013e-06, 4.58972681372e-05, 0.00168832985219, 0.0646974518895, 0.176524013281, 0.144358232617, 1.89180874825, 20.210603714, 1.98165392876, 0.124170072377, 0.460230618715, 23.9069747925, 85.512840271, 3.36090302467, 5.46095848083, 30.9311580658, 4.19937467575, 56.8159561157, 10.2231378555, 40.0480079651, 16.8619384766, 15.1975374222, 27.4642429352, 16.7438411713, 1.69673585892, 1.31428217888, 0.663061618805, 0.28102761507, 0.357202023268, 0.233923494816, 0.144964009523, 0.0409773625433, 0.0163503717631, 0.00272443005815, 0.00124146626331, 0.000107201274659, 1.869447442e-05, 9.83067820925e-06],
        "median": [3.91065532312e-06, 4.64179265691e-06, 6.18652120465e-06, 4.70693839816e-06, 3.00089177472e-05, 0.000794868625235, 0.00263424171135, 0.00688549783081, 0.276191294193, 3.58919811249, 0.355883926153, 0.0134749989957, 0.0442073643208, 2.60495424271, 10.2160663605, 0.378741562366, 0.613358259201, 3.84331488609, 0.535079419613, 9.0941991806, 1.38172900677, 4.0361366272, 1.11240935326, 1.08000087738, 2.30054306984, 0.910924971104, 0.0506955571473, 0.0364149771631, 0.0261682458222, 0.00601188931614, 0.00973150413483, 0.00462478492409, 0.00180298066698, 0.000502852664795, 0.00046981984633, 7.11294997018e-05, 1.59767096193e-05, 3.18685738421e-06, 1.05269509731e-06, 1.0631083569e-06],
        "min": [1.61984192726e-09, 8.22201684514e-09, 2.3475742239e-08, 4.32795559391e-08, 5.66042217542e-08, 5.03417609821e-08, 2.53842014075e-08, 7.50744089117e-09, 2.80917493711e-08, 7.42301438095e-08, 8.08605236102e-08, 3.58346099461e-08, 3.3515057396e-08, 6.84669672069e-08, 3.65280605763e-08, 5.04610184748e-08, 5.66297266857e-08, 4.68695127154e-08, 4.9429093707e-08, 4.300515144e-08, 4.33899174368e-08, 3.86448100187e-08, 2.86384693737e-08, 2.15188613595e-08, 2.82318097788e-08, 1.57619375329e-08, 1.12003775143e-08, 1.96362091032e-08, 1.14367999515e-08, 1.01939887642e-08, 9.7052188508e-09, 6.08927885892e-09, 2.37848341023e-09, 1.93255211833e-09, 1.89530591221e-09, 6.95989543775e-10, 4.79293660316e-10, 2.08074613095e-10, 3.86510025374e-11, 3.92370901395e-12],
        "stdev": [5.5297414292e-06, 4.62859770778e-06, 2.18872155529e-05, 0.000401083088946, 0.0187971312553, 0.724239349365, 1.75866806507, 0.805719017982, 4.20507335663, 33.432056427, 3.18511104584, 0.403140723705, 0.948252081871, 42.0263938904, 152.502380371, 5.90731811523, 9.23951625824, 51.356010437, 8.20538425446, 96.717376709, 18.0474700928, 65.8900985718, 29.496919632, 25.0646743774, 42.2412185669, 29.2804260254, 3.09697198868, 2.22372722626, 1.1929911375, 0.917008638382, 0.872729480267, 0.487235605717, 0.345024377108, 0.0798443555832, 0.0314870513976, 0.00547527009621, 0.0025691173505, 0.000208147452213, 3.38816389558e-05, 1.62143478519e-05],
        "var": [3.05780401e-11, 2.14239147256e-11, 4.79050188407e-10, 1.60867642762e-07, 0.000353332143277, 0.524522662163, 3.09291338921, 0.649183154106, 17.6826400757, 1117.70227051, 10.1449317932, 0.162522450089, 0.899181962013, 1766.21789551, 23256.9765625, 34.8964080811, 85.3686599731, 2637.43969727, 67.3283309937, 9354.25097656, 325.711151123, 4341.50488281, 870.068237305, 628.237915039, 1784.32067871, 857.343322754, 9.59123516083, 4.94496297836, 1.42322778702, 0.840904891491, 0.761656761169, 0.237398535013, 0.1190418154, 0.00637512141839, 0.000991434440948, 2.99785842799e-05, 6.60036403133e-06, 4.33253610765e-08, 1.14796538941e-09, 2.6290508659e-10]
    },
    "gfcc": {
        "mean": [-275.436248779, 13.0129146576, -224.007522583, -18.7493419647, -62.4004478455, -10.0780439377, -30.200056076, 15.8361663818, -10.913476944, 12.7727165222, 17.5662117004, 17.3315582275, 5.87531232834],
        "cov": [[34511.7109375, -3542.76831055, -12027.7890625, -2036.13684082, -3596.40649414, -2522.69433594, -2127.52026367, 635.121887207, 434.398620605, 1325.83129883, 1507.56896973, -623.332702637, -426.518005371], [-3542.76831055, 976.689025879, 737.837524414, 133.378097534, 490.016662598, 170.569442749, 214.206634521, -103.310592651, 45.2144927979, -170.016403198, -117.17275238, 86.3172607422, 61.2969245911], [-12027.7890625, 737.837524414, 5260.44384766, 821.213439941, 1098.30749512, 1015.01538086, 672.839904785, -277.896820068, -302.193969727, -478.619384766, -651.632324219, 225.389755249, 101.670631409], [-2036.13684082, 133.378097534, 821.213439941, 275.492279053, 211.38142395, 115.066818237, 82.948425293, -43.5420608521, -34.291305542, -61.4335327148, -93.7744216919, 8.70302009583, 14.6878089905], [-3596.40649414, 490.016662598, 1098.30749512, 211.38142395, 455.064880371, 267.965667725, 251.896682739, -67.571472168, -26.0890388489, -157.023498535, -152.349563599, 95.4857330322, 81.2467422485], [-2522.69433594, 170.569442749, 1015.01538086, 115.066818237, 267.965667725, 273.118011475, 200.444396973, -39.6272850037, -66.8499603271, -118.861160278, -131.208831787, 80.3456802368, 62.244304657], [-2127.52026367, 214.206634521, 672.839904785, 82.948425293, 251.896682739, 200.444396973, 208.238372803, -4.33596324921, -28.1763725281, -87.3116226196, -77.4054641724, 72.8015899658, 51.4867553711], [635.121887207, -103.310592651, -277.896820068, -43.5420608521, -67.571472168, -39.6272850037, -4.33596324921, 87.0853500366, 52.1376800537, 86.2430877686, 79.8038482666, -33.8736152649, -24.2713832855], [434.398620605, 45.2144927979, -302.193969727, -34.291305542, -26.0890388489, -66.8499603271, -28.1763725281, 52.1376800537, 109.347473145, 81.6295776367, 70.7944564819, -39.6591110229, -41.1697311401], [1325.83129883, -170.016403198, -478.619384766, -61.4335327148, -157.023498535, -118.861160278, -87.3116226196, 86.2430877686, 81.6295776367, 144.107620239, 112.203765869, -70.9586029053, -60.9874992371], [1507.56896973, -117.17275238, -651.632324219, -93.7744216919, -152.349563599, -131.208831787, -77.4054641724, 79.8038482666, 70.7944564819, 112.203765869, 137.60774231, -45.479434967, -34.2918968201], [-623.332702637, 86.3172607422, 225.389755249, 8.70302009583, 95.4857330322, 80.3456802368, 72.8015899658, -33.8736152649, -39.6591110229, -70.9586029053, -45.479434967, 78.2370758057, 54.6117591858], [-426.518005371, 61.2969245911, 101.670631409, 14.6878089905, 81.2467422485, 62.244304657, 51.4867553711, -24.2713832855, -41.1697311401, -60.9874992371, -34.2918968201, 54.6117591858, 73.7086868286]],
        "icov": [[0.00120155746117, 0.000260816828813, 0.00243017426692, -0.00130676687695, 0.00396177405491, -0.004000547342, 0.0053094541654, -0.00242042704485, 0.0011991718784, -0.00139717280399, 0.00195474759676, -0.00582544691861, 0.00288921967149], [0.000260816828813, 0.00508842244744, -0.000243236965616, 0.00376964919269, -0.00824520178139, 0.00452900165692, 0.00112395838369, 0.00379984616302, -0.00204616854899, 0.00326366536319, -0.00437026191503, 0.00137075968087, 0.00110066856723], [0.00243017426692, -0.000243236965616, 0.00788521580398, -0.00705157732591, 0.00849781930447, -0.0179177913815, 0.0122059686109, -0.00346267852001, 0.00507529219612, -0.00593667197973, 0.00754080014303, -0.014867532067, 0.0133374612778], [-0.00130676687695, 0.00376964919269, -0.00705157732591, 0.0187083985656, -0.0197084378451, 0.0210718475282, -0.00244919536635, 0.00133805000223, 0.00129914248828, 0.00290362141095, -0.00764682004228, 0.0147394696251, -0.00996701512486], [0.00396177405491, -0.00824520178139, 0.00849781930447, -0.0197084378451, 0.0557957962155, -0.0216083843261, -0.00786390714347, 0.00179809855763, -0.0125822117552, -0.00588109623641, 0.0160060785711, -0.0168667025864, -0.00713227083907], [-0.004000547342, 0.00452900165692, -0.0179177913815, 0.0210718475282, -0.0216083843261, 0.0691995248199, -0.0378671512008, 0.00474438630044, -0.00887379981577, 0.00949536915869, -0.00695300474763, 0.0297957938164, -0.035415455699], [0.0053094541654, 0.00112395838369, 0.0122059686109, -0.00244919536635, -0.00786390714347, -0.0378671512008, 0.0821574777365, -0.0565909929574, 0.0168087035418, 0.0119522735476, 0.00807011965662, -0.0476533062756, 0.0364021472633], [-0.00242042704485, 0.00379984616302, -0.00346267852001, 0.00133805000223, 0.00179809855763, 0.00474438630044, -0.0565909929574, 0.0987548902631, -0.00972606055439, -0.0366077832878, -0.026959804818, 0.0358487516642, -0.0214218143374], [0.0011991718784, -0.00204616854899, 0.00507529219612, 0.00129914248828, -0.0125822117552, -0.00887379981577, 0.0168087035418, -0.00972606055439, 0.0386650077999, -0.0202247574925, 0.00088001426775, -0.0117913037539, 0.0218076203018], [-0.00139717280399, 0.00326366536319, -0.00593667197973, 0.00290362141095, -0.00588109623641, 0.00949536915869, 0.0119522735476, -0.0366077832878, -0.0202247574925, 0.068618118763, -0.0184992719442, 0.0114593906328, 0.00325408345088], [0.00195474759676, -0.00437026191503, 0.00754080014303, -0.00764682004228, 0.0160060785711, -0.00695300474763, 0.00807011965662, -0.026959804818, 0.00088001426775, -0.0184992719442, 0.0527736619115, -0.0215254221112, 0.00546745257452], [-0.00582544691861, 0.00137075968087, -0.014867532067, 0.0147394696251, -0.0168667025864, 0.0297957938164, -0.0476533062756, 0.0358487516642, -0.0117913037539, 0.0114593906328, -0.0215254221112, 0.0785857141018, -0.0441011562943], [0.00288921967149, 0.00110066856723, 0.0133374612778, -0.00996701512486, -0.00713227083907, -0.035415455699, 0.0364021472633, -0.0214218143374, 0.0218076203018, 0.00325408345088, 0.00546745257452, -0.0441011562943, 0.0683382675052]]
    },
    "melbands": {
        "dmean": [4.47667076742e-08, 2.84166556952e-09, 7.56020579473e-09, 3.20956746691e-06, 9.72359976004e-06, 2.60199203694e-06, 1.07639698399e-05, 1.53806777234e-05, 1.11370673039e-06, 2.32875706274e-07, 2.76999315929e-07, 1.01554060166e-05, 3.98285374104e-05, 9.11187328256e-07, 1.48512799569e-06, 4.86729732074e-06, 5.47951731278e-06, 1.14251122341e-06, 9.16416865948e-06, 8.64583125804e-06, 2.00681733986e-06, 6.67521180731e-06, 5.99014811087e-07, 3.5130951801e-06, 5.92063884142e-07, 3.19129412674e-06, 1.0037327911e-06, 1.24332518681e-06, 2.17237456468e-07, 1.4701346629e-07, 1.29049738007e-07, 1.20542523518e-07, 5.91103912484e-08, 6.11522352756e-08, 5.89653126326e-08, 7.04125326934e-08, 3.06028837826e-08, 4.76147548056e-08, 1.61805555621e-08, 7.89326914941e-09],
        "dmean2": [7.51202620108e-08, 4.87549334238e-09, 1.28476376204e-08, 6.10820097791e-06, 1.76146695594e-05, 3.73098259843e-06, 1.66827612702e-05, 1.43729721458e-05, 1.78724792477e-06, 4.10725164102e-07, 4.83248015826e-07, 1.30090866151e-05, 3.88263470086e-05, 1.2972860759e-06, 2.26549150284e-06, 6.12396161159e-06, 6.95824473951e-06, 1.6381760588e-06, 1.17572653835e-05, 8.62734304974e-06, 3.46396245732e-06, 8.1451553342e-06, 7.72086252709e-07, 3.76304524252e-06, 5.29278963768e-07, 3.73972716261e-06, 1.09025938855e-06, 1.49188167597e-06, 2.82512615968e-07, 1.60545681638e-07, 1.49856731468e-07, 1.39129667787e-07, 7.49887263396e-08, 7.65375531842e-08, 1.05120520288e-07, 1.01624522131e-07, 3.66353098968e-08, 5.2894115754e-08, 1.76905388116e-08, 1.20510765811e-08],
        "dvar": [2.28384032436e-15, 8.70769060368e-18, 3.07058803094e-15, 7.75430830657e-10, 6.38659258811e-09, 3.3439639946e-10, 4.08007805319e-09, 1.21489018845e-09, 4.42065550832e-11, 3.58628036122e-12, 4.77056892254e-12, 1.32368049854e-09, 7.94726773279e-09, 1.22635148564e-11, 1.27649432691e-10, 2.56290100253e-10, 1.41832198763e-10, 6.63550950297e-11, 1.54905843708e-09, 4.8819120968e-10, 1.676030148e-10, 4.28452495704e-10, 5.00673114079e-12, 1.30134222842e-10, 1.65101916513e-12, 4.05668276748e-11, 1.34458087026e-11, 1.6411053072e-11, 4.87187384619e-13, 1.63800966064e-13, 8.24529653538e-14, 7.55994455947e-14, 6.31568229789e-14, 9.95914234327e-14, 9.14685400989e-14, 1.02138254993e-13, 6.16075311087e-15, 1.77311253381e-14, 1.58988888881e-15, 6.27018786183e-16],
        "dvar2": [5.6746502198e-15, 2.30025776179e-17, 8.24541003779e-15, 2.26256902103e-09, 1.78358501302e-08, 6.92184698448e-10, 1.12347029457e-08, 1.33437194627e-09, 1.1731270122e-10, 6.66167685251e-12, 8.33365581404e-12, 3.06468295186e-09, 8.38489011556e-09, 2.2043308151e-11, 3.0275515428e-10, 4.52324039335e-10, 2.64840122055e-10, 1.31834945738e-10, 3.12345083131e-09, 9.89999304757e-10, 4.35868646731e-10, 5.25395282835e-10, 9.76752533022e-12, 2.47356218841e-10, 1.17183140361e-12, 4.60110526068e-11, 1.40283071617e-11, 2.64117044207e-11, 8.63039674448e-13, 2.17763470017e-13, 1.06890611271e-13, 9.63734639509e-14, 8.24511018813e-14, 1.52419716388e-13, 2.57383686846e-13, 2.69410199445e-13, 1.00937045384e-14, 2.07903965853e-14, 2.07328296851e-15, 1.29708601021e-15],
        "max": [3.42000475939e-07, 2.27085266147e-08, 6.07621984727e-07, 0.000275757134659, 0.000824546732474, 0.000223165916395, 0.000697399722412, 0.000989496475086, 7.76012748247e-05, 2.01417351491e-05, 2.36474588746e-05, 0.00045000546379, 0.00248033925891, 4.11809814977e-05, 0.000127941719256, 0.00024043857411, 0.000304060551571, 9.89536492852e-05, 0.000503860763274, 0.000387091655284, 0.000147575643496, 0.00039029630716, 2.53186335613e-05, 0.000195218948647, 3.56145028491e-05, 0.00016955047613, 6.84662227286e-05, 7.63519856264e-05, 1.04334685602e-05, 5.62037575946e-06, 4.95873882755e-06, 4.14688838646e-06, 3.47907712239e-06, 4.15501654061e-06, 3.74168234885e-06, 4.47047932539e-06, 1.25366420889e-06, 1.84169141448e-06, 5.87907663885e-07, 3.93823739842e-07],
        "mean": [5.98964007281e-08, 4.40358061127e-09, 5.8544218362e-09, 1.84372083822e-06, 6.0987431425e-06, 2.95269046546e-06, 5.37330088264e-05, 0.000188751626411, 3.87335921914e-06, 2.50460800544e-07, 3.11695401933e-07, 6.68113061693e-05, 0.000392968649976, 4.19133630203e-06, 1.14738941193e-06, 3.45326807292e-05, 5.31023652002e-05, 1.08559777345e-06, 4.40987751062e-05, 5.88835791859e-05, 2.45522141995e-06, 5.24678725924e-05, 4.2442288759e-06, 2.84662473859e-05, 6.14850205238e-06, 3.16573677992e-05, 7.49412265577e-06, 1.01235518741e-05, 6.39279619463e-07, 6.67757433348e-07, 6.81990002249e-07, 5.04386321154e-07, 1.49082680423e-07, 1.38066070576e-07, 1.97995959184e-07, 2.12715576708e-07, 1.12237188432e-07, 1.12655982321e-07, 5.59479822471e-08, 2.52369396492e-08],
        "median": [3.83014260308e-08, 3.43171957518e-09, 8.39915137441e-10, 2.32500418917e-08, 8.52162713727e-08, 4.69564085392e-08, 8.64101730258e-06, 3.37187666446e-05, 6.07814911291e-07, 1.41667877429e-09, 6.22061202549e-09, 6.98599251336e-06, 4.60645169369e-05, 5.18351498613e-07, 1.22641390377e-08, 4.01337820222e-06, 6.60632122162e-06, 4.96988672438e-09, 6.6625962063e-06, 9.76172213996e-06, 2.07348236358e-08, 5.16299587616e-06, 4.6946544785e-07, 1.84571320005e-06, 4.9686912007e-07, 2.6841912586e-06, 4.21465159661e-07, 5.36105460469e-07, 8.00101940257e-09, 1.67518194871e-08, 1.93282669869e-08, 1.93696152451e-08, 3.69283137402e-09, 2.93073099122e-09, 6.42596464928e-09, 3.34327898699e-09, 2.98271651822e-09, 1.3954042366e-09, 5.71292069207e-10, 2.93450624911e-10],
        "min": [1.45959130199e-11, 1.18189165052e-11, 7.86696749411e-12, 3.89870687817e-12, 1.1298124979e-12, 1.80196569471e-13, 4.8485239261e-13, 8.55616196383e-13, 6.14155698953e-13, 1.89316674858e-13, 1.67803244173e-13, 2.83353798324e-13, 1.47703165887e-13, 9.12056414008e-14, 1.72842575213e-13, 8.60505107924e-14, 9.22723608133e-14, 9.30432692155e-14, 4.40731266315e-14, 6.07983241118e-14, 5.18662634271e-14, 4.43791020371e-14, 3.18695807591e-14, 1.93326173077e-14, 1.64465914032e-14, 2.04449511384e-14, 2.1101926833e-14, 7.22005717339e-15, 6.01112728183e-15, 9.34056773442e-15, 1.22481430041e-14, 7.20446244979e-15, 5.16966188214e-15, 5.36011808737e-15, 6.1884011133e-15, 4.44034915038e-15, 3.36449872276e-15, 1.3855355199e-15, 2.05191677417e-15, 1.44697717231e-15],
        "stdev": [5.98135017071e-08, 3.33507799155e-09, 4.69791991975e-08, 2.08509209187e-05, 6.3082719862e-05, 1.98262223421e-05, 9.50858229771e-05, 0.000311718846206, 7.95467258285e-06, 2.06520644497e-06, 2.46898048317e-06, 0.000118305724754, 0.000702383171301, 7.41673056837e-06, 1.05047211036e-05, 5.83907531109e-05, 8.78931678017e-05, 8.84333530848e-06, 7.98945475253e-05, 9.74754875642e-05, 1.53768251039e-05, 8.74089018907e-05, 6.80815810483e-06, 4.96589891554e-05, 1.06505412987e-05, 4.93543157063e-05, 1.32115983433e-05, 1.78096870513e-05, 1.45454885114e-06, 1.20001618598e-06, 1.1490842553e-06, 9.51137337779e-07, 4.24755796757e-07, 4.8495928695e-07, 4.4781003794e-07, 5.25644566096e-07, 2.40865858814e-07, 2.80915088524e-07, 1.20345205801e-07, 5.37058504335e-08],
