{
"lowlevel": {
    "average_loudness": 0.99068403244,
    "barkbands_crest": {
        "dmean": 2.71874427795,
        "dmean2": 4.50703048706,
        "dvar": 7.02482461929,
        "dvar2": 21.0945568085,
        "max": 21.7651386261,
        "mean": 8.01254081726,
        "median": 6.51981210709,
        "min": 2.02650666237,
        "stdev": 4.43275260925,
        "var": 19.6492938995
    },
    "barkbands_flatness_db": {
        "dmean": 0.0298089403659,
        "dmean2": 0.047340400517,
        "dvar": 0.0011205074843,
        "dvar2": 0.00291577866301,
        "max": 0.278216004372,
        "mean": 0.0914347618818,
        "median": 0.0790760442615,
        "min": 0.0238883085549,
        "stdev": 0.0497764721513,
        "var": 0.00247769709677
    },
    "barkbands_kurtosis": {
        "dmean": 4.10243272781,
        "dmean2": 6.64951610565,
        "dvar": 90.5131988525,
        "dvar2": 234.992584229,
        "max": 65.4173736572,
        "mean": 3.07722449303,
        "median": 0.894976139069,
        "min": -1.84899389744,
        "stdev": 8.68665504456,
        "var": 75.4579772949
    },
    "barkbands_skewness": {
        "dmean": 0.989426076412,
        "dmean2": 1.54696559906,
        "dvar": 1.47290074825,
        "dvar2": 3.44175410271,
        "max": 8.01865386963,
        "mean": 1.22166228294,
        "median": 1.25015676022,
        "min": -1.5569435358,
        "stdev": 1.49901688099,
        "var": 2.24705147743
    },
    "barkbands_spread": {
        "dmean": 16.3065414429,
        "dmean2": 27.1295661926,
        "dvar": 466.305053711,
        "dvar2": 1193.8326416,
        "max": 129.289871216,
        "mean": 44.9524841309,
        "median": 34.5769844055,
        "min": 7.08698797226,
        "stdev": 33.063785553,
        "var": 1093.21398926
    },
    "dissonance": {
        "dmean": 0.0200744587928,
        "dmean2": 0.0313082709908,
        "dvar": 0.00162913929671,
        "dvar2": 0.00250085978769,
        "max": 0.498919576406,
        "mean": 0.475958496332,
        "median": 0.486228346825,
        "min": 0.195307403803,
        "stdev": 0.0389694906771,
        "var": 0.00151862134226
    },
    "dynamic_complexity": 20.0950641632,
    "erbbands_crest": {
        "dmean": 2.12059545517,
        "dmean2": 3.44419789314,
        "dvar": 5.33337926865,
        "dvar2": 12.805355072,
        "max": 19.8634529114,
        "mean": 5.40599441528,
        "median": 4.13317632675,
        "min": 2.6406993866,
        "stdev": 3.20138525963,
        "var": 10.2488670349
    },
    "erbbands_flatness_db": {
        "dmean": 0.0161891113967,
        "dmean2": 0.0229010377079,
        "dvar": 0.000736434594728,
        "dvar2": 0.00158445700072,
        "max": 0.235777452588,
        "mean": 0.0948577895761,
        "median": 0.100922271609,
        "min": 0.0366962403059,
        "stdev": 0.0348492562771,
        "var": 0.00121447071433
    },
    "erbbands_kurtosis": {
        "dmean": 0.796486794949,
        "dmean2": 1.30897438526,
        "dvar": 1.22068417072,
        "dvar2": 2.58731842041,
        "max": 7.01588153839,
        "mean": 0.00644011516124,
        "median": -0.286867380142,
        "min": -1.58437275887,
        "stdev": 1.23129785061,
        "var": 1.51609444618
    },
    "erbbands_skewness": {
        "dmean": 0.412403702736,
        "dmean2": 0.644206702709,
        "dvar": 0.16693431139,
        "dvar2": 0.373152792454,
        "max": 2.40036535263,
        "mean": -0.0213299840689,
        "median": 0.123977594078,
        "min": -1.17168450356,
        "stdev": 0.762293100357,
        "var": 0.581090807915
    },
    "erbbands_spread": {
        "dmean": 13.9460792542,
        "dmean2": 22.6996994019,
        "dvar": 346.773681641,
        "dvar2": 830.673156738,
        "max": 153.790557861,
        "mean": 51.7995758057,
        "median": 45.6261100769,
        "min": 12.7658538818,
        "stdev": 22.1228637695,
        "var": 489.421081543
    },
    "hfc": {
        "dmean": 26.7456264496,
        "dmean2": 47.0551261902,
        "dvar": 4232.02734375,
        "dvar2": 11352.6777344,
        "max": 289.785583496,
        "mean": 17.9819507599,
        "median": 0.0374292358756,
        "min": 8.18298051541e-09,
        "stdev": 54.1345558167,
        "var": 2930.55004883
    },
    "loudness_ebu128": {
        "integrated": -20.2521953583,
        "loudness_range": 0,
        "momentary": {
            "dmean": 5.31753492355,
            "dmean2": 4.44110965729,
            "dvar": 55.7358131409,
            "dvar2": 36.2117729187,
            "max": -18.8224239349,
            "mean": -38.1298904419,
            "median": -21.2412376404,
            "min": -84.6937332153,
            "stdev": 25.5122776031,
            "var": 650.876281738
        },
        "short_term": {
            "dmean": 0,
            "dmean2": 0,
            "dvar": 0,
            "dvar2": 0,
            "max": -24.5564556122,
            "mean": -24.5564556122,
            "median": -24.5564556122,
            "min": -24.5564556122,
            "stdev": 0,
            "var": 0
        }
    },
    "melbands_crest": {
        "dmean": 4.49761676788,
        "dmean2": 7.38217973709,
        "dvar": 26.8804035187,
        "dvar2": 71.4629058838,
        "max": 37.3868942261,
        "mean": 14.0344495773,
        "median": 9.77535915375,
        "min": 2.6713449955,
        "stdev": 10.0251598358,
        "var": 100.503837585
    },
    "melbands_flatness_db": {
        "dmean": 0.0526468865573,
        "dmean2": 0.081156976521,
        "dvar": 0.00276877684519,
        "dvar2": 0.00729945162311,
        "max": 0.400328755379,
        "mean": 0.142267242074,
        "median": 0.137596473098,
        "min": 0.0133426785469,
        "stdev": 0.0847482308745,
        "var": 0.00718226283789
    },
    "melbands_kurtosis": {
        "dmean": 34.0435676575,
        "dmean2": 57.771270752,
        "dvar": 7739.04199219,
        "dvar2": 20599.5351562,
        "max": 604.999206543,
        "mean": 29.9972686768,
        "median": 7.1328163147,
        "min": -1.26591026783,
        "stdev": 81.3853530884,
        "var": 6623.57568359
    },
    "melbands_skewness": {
        "dmean": 1.99219453335,
        "dmean2": 3.17643928528,
        "dvar": 8.96831989288,
        "dvar2": 23.2521362305,
        "max": 21.7459964752,
        "mean": 3.38951992989,
        "median": 2.22832226753,
        "min": -0.29042968154,
        "stdev": 3.70488643646,
        "var": 13.7261829376
    },
    "melbands_spread": {
        "dmean": 26.8598098755,
        "dmean2": 43.3985595703,
        "dvar": 1095.27038574,
        "dvar2": 2892.75732422,
        "max": 182.304611206,
        "mean": 44.5759887695,
        "median": 25.11485672,
        "min": 1.20755136013,
        "stdev": 43.4826087952,
        "var": 1890.73730469
    },
    "pitch_salience": {
        "dmean": 0.107181981206,
        "dmean2": 0.178950324655,
        "dvar": 0.00872335210443,
        "dvar2": 0.0226094275713,
        "max": 0.904357194901,
        "mean": 0.612167418003,
        "median": 0.674128293991,
        "min": 0.0897651836276,
        "stdev": 0.185303777456,
        "var": 0.034337490797
    },
    "silence_rate_20dB": {
        "dmean": 0,
        "dmean2": 0,
        "dvar": 0,
        "dvar2": 0,
        "max": 1,
        "mean": 1,
        "median": 1,
        "min": 1,
        "stdev": 0,
        "var": 0
    },
    "silence_rate_30dB": {
        "dmean": 0,
        "dmean2": 0,
        "dvar": 0,
        "dvar2": 0,
        "max": 1,
        "mean": 1,
        "median": 1,
        "min": 1,
        "stdev": 0,
        "var": 0
    },
    "silence_rate_60dB": {
        "dmean": 0.135135129094,
        "dmean2": 0.273972600698,
        "dvar": 0.116873808205,
        "dvar2": 0.19891153276,
        "max": 1,
        "mean": 0.759999990463,
        "median": 1,
        "min": 0,
        "stdev": 0.427083194256,
        "var": 0.182400047779
    },
    "spectral_centroid": {
        "dmean": 608.087036133,
        "dmean2": 873.255310059,
        "dvar": 402331.25,
        "dvar2": 995477.5,
        "max": 3864.98779297,
        "mean": 2133.23095703,
        "median": 1966.4296875,
        "min": 580.358581543,
        "stdev": 1009.82330322,
        "var": 1019743.0625
    },
    "spectral_complexity": {
        "dmean": 6.08108091354,
        "dmean2": 7.83561658859,
        "dvar": 114.371780396,
        "dvar2": 231.64402771,
        "max": 54,
        "mean": 6.38666677475,
        "median": 0,
        "min": 0,
        "stdev": 12.8560085297,
        "var": 165.27696228
    },
    "spectral_decrease": {
        "dmean": 1.15351339591e-09,
        "dmean2": 1.97663352353e-09,
        "dvar": 7.41934108319e-18,
        "dvar2": 1.98131825885e-17,
        "max": -2.94133373544e-20,
        "mean": -8.75398420419e-10,
        "median": -1.39877181018e-11,
        "min": -1.29884645261e-08,
        "stdev": 2.35067010301e-09,
        "var": 5.52564962351e-18
    },
    "spectral_energy": {
        "dmean": 0.006664482411,
        "dmean2": 0.0114642800763,
        "dvar": 0.000255020771874,
        "dvar2": 0.000680323282722,
        "max": 0.0753059536219,
        "mean": 0.00493497448042,
        "median": 5.6100783695e-05,
        "min": 8.53233445269e-13,
        "stdev": 0.013656408526,
        "var": 0.000186497505638
    },
    "spectral_energyband_high": {
        "dmean": 0.00244523724541,
        "dmean2": 0.00439867703244,
        "dvar": 3.58460056304e-05,
        "dvar2": 9.58784294198e-05,
        "max": 0.0270955339074,
        "mean": 0.00162013852969,
        "median": 1.26309544157e-06,
        "min": 6.02779599238e-13,
        "stdev": 0.00494595849887,
        "var": 2.44625043706e-05
    },
    "spectral_energyband_low": {
        "dmean": 8.61575827003e-05,
        "dmean2": 0.000143713186844,
        "dvar": 1.98782625915e-08,
        "dvar2": 4.28192450386e-08,
        "max": 0.000844628550112,
        "mean": 0.000128714469611,
        "median": 1.28814936033e-05,
        "min": 6.58814840247e-14,
        "stdev": 0.000196601948119,
        "var": 3.86523240081e-08
    },
    "spectral_energyband_middle_high": {
        "dmean": 0.00289750890806,
        "dmean2": 0.00509895337746,
        "dvar": 4.85208474856e-05,
        "dvar2": 0.00012894286192,
        "max": 0.0314992628992,
        "mean": 0.00205049500801,
        "median": 9.68470976659e-06,
        "min": 1.160128173e-13,
        "stdev": 0.00587682100013,
        "var": 3.45370244759e-05
    },
    "spectral_energyband_middle_low": {
        "dmean": 0.00159698608331,
        "dmean2": 0.00270735030062,
        "dvar": 1.34799774969e-05,
        "dvar2": 3.6947283661e-05,
        "max": 0.0182727016509,
        "mean": 0.00118298979942,
        "median": 3.39887701557e-05,
        "min": 2.96967989479e-14,
        "stdev": 0.00316510675475,
        "var": 1.00179013316e-05
    },
    "spectral_entropy": {
        "dmean": 0.1874679178,
        "dmean2": 0.275158703327,
        "dvar": 0.041830688715,
        "dvar2": 0.097394131124,
        "max": 9.05139350891,
        "mean": 8.25974559784,
        "median": 8.26360321045,
        "min": 7.20945358276,
        "stdev": 0.409074038267,
        "var": 0.167341560125
    },
    "spectral_flux": {
        "dmean": 0.0237331092358,
        "dmean2": 0.0371134243906,
        "dvar": 0.00195958465338,
        "dvar2": 0.00326799345203,
        "max": 0.219226554036,
        "mean": 0.0368993729353,
        "median": 0.00739621557295,
        "min": 2.80915846815e-05,
        "stdev": 0.0599230900407,
        "var": 0.00359077681787
    },
    "spectral_kurtosis": {
        "dmean": 1.35099947453,
        "dmean2": 2.18537068367,
        "dvar": 17.1574134827,
        "dvar2": 44.2640991211,
        "max": 28.2068862915,
        "mean": 2.84710741043,
        "median": 2.21197843552,
        "min": 1.33009052277,
        "stdev": 3.12390184402,
        "var": 9.75876235962
    },
    "spectral_rms": {
        "dmean": 0.000885214481968,
        "dmean2": 0.001283094869,
        "dvar": 2.66486745204e-06,
        "dvar2": 5.96500922256e-06,
        "max": 0.00857141893357,
        "mean": 0.00111012940761,
        "median": 0.000233949715039,
        "min": 2.88517405522e-08,
        "stdev": 0.00189267552923,
        "var": 3.58222087016e-06
    },
    "spectral_rolloff": {
        "dmean": 2921.24145508,
        "dmean2": 5166.19873047,
        "dvar": 14141119,
        "dvar2": 33459066,
        "max": 18367.8222656,
        "mean": 4771.75732422,
        "median": 2045.65429688,
        "min": 64.599609375,
        "stdev": 5344.44433594,
        "var": 28563084
    },
    "spectral_skewness": {
        "dmean": 0.181715726852,
        "dmean2": 0.292614042759,
        "dvar": 0.106469281018,
        "dvar2": 0.286671876907,
        "max": 3.26343536377,
        "mean": 1.34072470665,
        "median": 1.27535092831,
        "min": 0.986608505249,
        "stdev": 0.297439992428,
        "var": 0.0884705558419
    },
    "spectral_spread": {
        "dmean": 792882.75,
        "dmean2": 1076718.625,
        "dvar": 1.49438896538e+12,
        "dvar2": 2.52538938982e+12,
        "max": 17859996,
        "mean": 7299324.5,
        "median": 6521941,
        "min": 2368789,
        "stdev": 2647941.5,
        "var": 7.01159440384e+12
    },
    "spectral_strongpeak": {
        "dmean": 0.13047003746,
        "dmean2": 0.216462537646,
        "dvar": 0.082955904305,
        "dvar2": 0.204149290919,
        "max": 1.90026819706,
        "mean": 0.135382339358,
        "median": 0.0156157873571,
        "min": 0,
        "stdev": 0.285467237234,
        "var": 0.0814915373921
    },
    "zerocrossingrate": {
        "dmean": 0.0318966433406,
        "dmean2": 0.0409286692739,
        "dvar": 0.00156662985682,
        "dvar2": 0.00298694311641,
        "max": 0.46826171875,
        "mean": 0.118509113789,
        "median": 0.11181640625,
        "min": 0.03369140625,
        "stdev": 0.0706365853548,
        "var": 0.00498952763155
    },
    "barkbands": {
        "dmean": [3.03269047208e-07, 2.80221393041e-05, 4.15635367972e-05, 5.66023554711e-05, 0.000423607882112, 0.000436964619439, 0.00018540545716, 0.000331449235091, 0.000158292794367, 0.000273239653325, 8.53288220242e-05, 0.000254830112681, 0.000478679517983, 0.000252600293607, 0.000307500071358, 0.000192654682905, 0.000230722202105, 0.000221580878133, 0.000568802992348, 0.000290533847874, 0.000342365296092, 0.000368331442587, 0.000492699618917, 0.000402515550377, 0.000571614713408, 0.000159083530889, 5.688201054e-05],
        "dmean2": [5.13672546276e-07, 3.57105054718e-05, 6.70717417961e-05, 9.23119005165e-05, 0.000758426496759, 0.000701445969753, 0.000324066029862, 0.000640605459921, 0.000276120059425, 0.000481487280922, 0.000121703676996, 0.000447835307568, 0.000878027232829, 0.000449179991847, 0.000562194501981, 0.000327684101649, 0.000428669271059, 0.000398102391046, 0.00100524688605, 0.000487240875373, 0.000606512941886, 0.000626180088148, 0.00090239563724, 0.000733622000553, 0.00103599124122, 0.000283243105514, 0.000104551691038],
        "dvar": [2.8933545013e-13, 1.8530199597e-09, 4.88218265815e-09, 1.07900399726e-08, 8.1811583641e-07, 1.00111412848e-06, 2.59834962435e-07, 7.294067359e-07, 2.09609297031e-07, 3.92456541931e-07, 2.70613362829e-08, 4.25238368962e-07, 1.51348069721e-06, 4.10616877389e-07, 6.57620034872e-07, 2.52940481005e-07, 3.90332274947e-07, 4.79109473872e-07, 2.34350659412e-06, 4.53600165429e-07, 7.68333734413e-07, 6.66824973905e-07, 1.52880397764e-06, 9.93573735286e-07, 2.02968476515e-06, 1.71646860281e-07, 2.26386642765e-08],
        "dvar2": [7.02809392714e-13, 3.07496472729e-09, 1.1370803854e-08, 2.57151544503e-08, 2.2969713882e-06, 2.59826288129e-06, 7.36060087547e-07, 2.06817890103e-06, 5.78020717512e-07, 1.05841013465e-06, 5.2031154496e-08, 1.16580895337e-06, 4.23473829869e-06, 1.11071562969e-06, 1.82766370926e-06, 6.81098981659e-07, 1.07418645712e-06, 1.37150175306e-06, 6.50686115478e-06, 1.12089060167e-06, 2.12346276385e-06, 1.70352575424e-06, 4.15525892095e-06, 2.6958412036e-06, 5.47779245608e-06, 4.63846788534e-07, 6.23461104965e-08],
        "max": [2.97948872685e-06, 0.000323118350934, 0.000468123325845, 0.00050733203534, 0.00362911820412, 0.00522576505318, 0.00300459982827, 0.00357053545304, 0.00234574917704, 0.00320890010335, 0.00101111398544, 0.0030525312759, 0.00587021419778, 0.00307747069746, 0.00391272781417, 0.00268719764426, 0.00319772399962, 0.00413897912949, 0.0090043079108, 0.0031585614197, 0.00441766809672, 0.00338070536964, 0.00558385998011, 0.0049796262756, 0.00641760230064, 0.00207246630453, 0.000731361156795],
        "mean": [3.15973863962e-07, 4.17275368818e-05, 5.70748925384e-05, 5.06314354425e-05, 0.000309174589347, 0.000348781060893, 0.000145986428834, 0.00018713051395, 0.00011166222248, 0.000193872867385, 8.82092717802e-05, 0.000173251566594, 0.000294199271593, 0.000173784821527, 0.000194495543838, 0.000132931178086, 0.000151654065121, 0.000147555925651, 0.000360992358765, 0.000207564458833, 0.000221991809667, 0.000258813786786, 0.000314974895446, 0.000259189779172, 0.000367865432054, 0.000104944287159, 3.5130775359e-05],
        "median": [6.112329487e-08, 8.49707066664e-06, 6.06618505117e-06, 2.94081792163e-06, 5.56864142709e-06, 4.67039171781e-06, 1.07301357275e-05, 2.66213373834e-06, 1.64616415077e-06, 1.83598228887e-06, 1.10220014449e-06, 1.09087602596e-06, 1.15963098324e-06, 4.86650662879e-07, 8.5099293301e-07, 7.02805039055e-07, 6.12208566508e-07, 6.27564247679e-07, 8.64959304181e-07, 3.44524693219e-07, 4.33338669836e-07, 2.41023428771e-07, 2.18653340767e-07, 1.65927389162e-07, 7.47480726204e-08, 1.99744558671e-08, 1.21926257979e-09],
        "min": [2.93986026929e-14, 3.46923282202e-14, 1.29293014893e-14, 6.24602518822e-15, 6.71427008366e-15, 6.89566303635e-15, 3.57628575869e-15, 2.80987213681e-15, 1.3468251613e-15, 1.10467233302e-14, 5.210753568e-15, 1.75811047917e-15, 3.01294510954e-15, 1.0976816854e-14, 1.18091419212e-14, 2.92344358492e-15, 1.29689943002e-14, 2.80220606512e-14, 2.36262205411e-14, 1.10249825355e-14, 2.75120570314e-14, 1.44470295238e-14, 6.85274048878e-14, 1.42654009265e-13, 5.53991768638e-14, 1.11761728344e-13, 1.80033342834e-13],
        "stdev": [5.90839704273e-07, 6.86170023982e-05, 9.05161359697e-05, 0.000106559535197, 0.000777424662374, 0.00091096496908, 0.000424651050707, 0.000651165377349, 0.000376332842279, 0.000531566736754, 0.000189626240171, 0.000539366446901, 0.00097238633316, 0.00052737724036, 0.000642747851089, 0.000423015473643, 0.000497516535688, 0.000534494465683, 0.0012294704793, 0.000607692054473, 0.000708033388946, 0.000719500589184, 0.00100218004081, 0.000808847136796, 0.001160143991, 0.000339280290063, 0.000119515818369],
        "var": [3.49091523917e-13, 4.70829331078e-09, 8.1931714746e-09, 1.13549347702e-08, 6.04389072123e-07, 8.29857128792e-07, 1.80328513011e-07, 4.24016320721e-07, 1.41626401273e-07, 2.82563206611e-07, 3.5958109379e-08, 2.90916176482e-07, 9.45535134633e-07, 2.7812677672e-07, 4.13124837451e-07, 1.78942087814e-07, 2.47522706331e-07, 2.85684336632e-07, 1.51159770212e-06, 3.69289637092e-07, 5.01311262724e-07, 5.17681087331e-07, 1.00436488992e-06, 6.54233645037e-07, 1.34593415169e-06, 1.15111106425e-07, 1.4284030847e-08]
    },
    "erbbands": {
        "dmean": [0.000910936156288, 0.0063942768611, 0.0322779379785, 0.170784711838, 0.787468373775, 1.39998042583, 1.66460883617, 4.82030630112, 2.94411325455, 4.4594874382, 6.39892578125, 2.98626875877, 6.41433238983, 7.61308574677, 5.06543445587, 12.9027328491, 21.0847511292, 13.94576931, 9.51883029938, 21.208065033, 9.72432804108, 12.2391881943, 12.2328329086, 27.662115097, 20.5256156921, 15.2800502777, 15.8239717484, 10.8826160431, 10.5051727295, 15.908200264, 15.9623756409, 9.16078472137, 6.71756696701, 6.88781881332, 3.20983171463, 1.10257506371, 0.246351778507, 0.0527643188834, 0.00874436553568, 0.00057304976508],
        "dmean2": [0.00119321455713, 0.00910582207143, 0.0497503131628, 0.295254021883, 1.39005565643, 2.4779946804, 2.86794805527, 8.04883480072, 5.28298425674, 7.97305822372, 12.1056156158, 5.0751490593, 11.4062261581, 12.7894697189, 7.70868682861, 22.4634304047, 38.3691215515, 24.5739021301, 16.6532840729, 39.4267463684, 15.8557376862, 22.5235671997, 22.3353748322, 50.6003074646, 35.0449256897, 25.6008815765, 28.5612659454, 19.1911315918, 17.6362075806, 27.8583450317, 29.2483177185, 16.7438468933, 12.3038625717, 12.7290840149, 5.88247442245, 1.98098361492, 0.454224258661, 0.0965831801295, 0.0160744786263, 0.00103851710446],
        "dvar": [2.18462150769e-06, 0.000105129591248, 0.00249544368125, 0.0903164595366, 3.06907463074, 7.23649454117, 16.9689025879, 133.208450317, 56.8494491577, 117.307403564, 267.958251953, 61.1291046143, 211.413330078, 295.088012695, 101.519241333, 876.997192383, 2954.69555664, 1268.89892578, 533.916748047, 3311.96118164, 598.084655762, 1004.50836182, 1193.96105957, 7453.25097656, 2037.99682617, 1227.30407715, 1593.12609863, 769.688476562, 571.13861084, 1299.1340332, 1599.10681152, 465.284942627, 293.992279053, 322.648742676, 69.8126678467, 7.15937280655, 0.453573584557, 0.0199131388217, 0.000503079383634, 2.38922439166e-06],
        "dvar2": [3.74306864614e-06, 0.000168976781424, 0.00565797230229, 0.248322188854, 8.45518016815, 20.0634040833, 46.8932609558, 342.222137451, 162.076812744, 320.646362305, 754.568481445, 165.523803711, 567.636230469, 762.068237305, 244.367462158, 2359.4987793, 8264.79980469, 3487.73681641, 1417.76342773, 9348.03125, 1563.27636719, 2734.77978516, 3360.61035156, 21085.953125, 5325.44775391, 3022.07836914, 4429.88378906, 2076.52709961, 1403.43859863, 3389.08056641, 4402.22265625, 1239.82861328, 800.505004883, 875.120361328, 191.990188599, 18.993062973, 1.22834706306, 0.055252250284, 0.00134372455068, 6.60022169541e-06],
        "max": [0.0101230377331, 0.0744974017143, 0.316970556974, 1.55104494095, 7.98430871964, 11.9652481079, 20.6063976288, 61.0628356934, 40.2280273438, 57.2362060547, 70.4406661987, 41.7860336304, 60.2534408569, 91.6153411865, 50.2668800354, 133.143035889, 275.597412109, 173.238265991, 107.434898376, 286.689666748, 122.313362122, 152.462036133, 189.33972168, 523.509033203, 186.341751099, 172.587799072, 191.798828125, 134.950500488, 114.049705505, 150.105697632, 183.512481689, 87.6416473389, 86.5669250488, 86.2967529297, 40.7515945435, 11.8198986053, 3.36232733727, 0.70945340395, 0.10021161288, 0.00745862908661],
        "mean": [0.00105343537871, 0.010688662529, 0.0465321987867, 0.155357316136, 0.549907743931, 1.11725723743, 1.27079296112, 3.8812983036, 2.16265511513, 3.12720584869, 3.73054981232, 2.16602873802, 4.51840639114, 5.93588733673, 4.17070817947, 8.6615114212, 13.0887403488, 9.42806148529, 6.63161611557, 12.8216400146, 6.9180355072, 8.15724372864, 8.23534488678, 17.4731388092, 13.7609634399, 10.7732820511, 9.96015357971, 7.37886142731, 7.70417070389, 10.7865810394, 9.90312290192, 5.87404441833, 4.38062953949, 4.42593669891, 2.04031825066, 0.726868510246, 0.161447837949, 0.0324920229614, 0.00565608032048, 0.000350839894963],
        "median": [0.000144218531204, 0.00225183367729, 0.00582117121667, 0.00856066774577, 0.0134834349155, 0.0171085391194, 0.0241816304624, 0.0566580966115, 0.159178599715, 0.100964508951, 0.0554277263582, 0.0337574668229, 0.0560301356018, 0.0426985546947, 0.0395019091666, 0.0446970276535, 0.0451776273549, 0.0358947627246, 0.0350136421621, 0.0514616332948, 0.0348218902946, 0.0348062328994, 0.0331271588802, 0.0468477122486, 0.0349194221199, 0.0171376094222, 0.0189686529338, 0.014046558179, 0.00881742220372, 0.00768450461328, 0.00616127951071, 0.00439207209274, 0.00208035786636, 0.000879531027749, 0.000392432062654, 0.000168529964867, 2.18903769564e-05, 1.76317644218e-06, 2.12513043607e-07, 8.397298501e-08],
        "min": [1.42042746922e-12, 6.39152099302e-12, 1.4766722567e-11, 1.97409189689e-11, 1.86977759664e-11, 2.24182998554e-11, 4.17326624647e-11, 5.89066573298e-11, 5.4025429963e-11, 5.54607436365e-11, 5.54186280199e-11, 2.70551376441e-11, 2.11639594738e-10, 3.76506048561e-10, 1.34393052242e-10, 7.99377300464e-11, 1.37883357509e-10, 3.86131571162e-10, 8.49604830933e-10, 2.45201248195e-10, 2.74365696828e-10, 8.11812839174e-10, 1.63092817029e-09, 1.08217990125e-09, 9.37450339578e-10, 5.21796883479e-10, 8.31669455525e-10, 1.06295350299e-09, 3.88539478369e-10, 6.44272468708e-10, 2.24802088056e-09, 2.38793895768e-09, 2.67280331201e-09, 7.82346354367e-10, 4.4330297766e-10, 3.70390579318e-10, 2.84779588799e-10, 1.03601779933e-10, 1.95737037689e-11, 2.99049348652e-12],
        "stdev": [0.00198991363868, 0.016686623916, 0.0700592696667, 0.298387438059, 1.48564445972, 2.50799059868, 3.45595765114, 10.3553409576, 6.12980222702, 9.14292907715, 12.7116832733, 6.63529729843, 12.3082952499, 15.4733734131, 10.009762764, 25.0921630859, 43.0987663269, 29.0288581848, 19.4880428314, 44.5695838928, 21.4332885742, 25.6292896271, 27.2523612976, 66.9381866455, 39.1678619385, 31.7461509705, 31.8704833984, 22.919002533, 21.6811771393, 30.8762893677, 32.0407981873, 17.796705246, 13.8294687271, 14.4538116455, 6.65084266663, 2.22356271744, 0.544196426868, 0.111588180065, 0.0183181092143, 0.00123075186275],
        "var": [3.95975621359e-06, 0.000278443447314, 0.00490830093622, 0.0890350714326, 2.20713949203, 6.29001665115, 11.9436426163, 107.233093262, 37.5744743347, 83.5931472778, 161.586883545, 44.0271682739, 151.494140625, 239.425292969, 100.195343018, 629.616638184, 1857.50354004, 842.674560547, 379.783782959, 1986.44787598, 459.385894775, 656.860473633, 742.691223145, 4480.72070312, 1534.12145996, 1007.81811523, 1015.72772217, 525.280700684, 470.073425293, 953.345214844, 1026.6126709, 316.722747803, 191.254211426, 208.912658691, 44.233707428, 4.94423103333, 0.296149730682, 0.012451922521, 0.00033555313712, 1.51475023813e-06]
    },
    "gfcc": {
        "mean": [-379.685882568, 27.2998123169, -89.2885131836, 26.7793674469, -52.2973060608, 13.9867591858, -31.1457004547, 8.82376766205, -19.581325531, 6.44184875488, -8.87353897095, 5.78562784195, -11.089641571],
        "cov": [[128468.828125, 7567.84716797, -10797.8417969, -692.551940918, -7247.26757812, -661.215209961, -5011.50830078, -1910.33398438, -4122.65576172, -1298.44360352, -1461.86291504, -529.878723145, -1252.22644043], [7567.84716797, 3317.07202148, -1113.66088867, 260.823516846, -773.188903809, -112.845573425, -325.831573486, -10.3813152313, -110.56678009, -11.6734867096, -22.0762042999, -18.4725933075, -204.19317627], [-10797.8417969, -1113.66088867, 1298.50097656, 67.0350341797, 697.692199707, 126.392051697, 456.870605469, 177.309036255, 358.188568115, 140.677734375, 118.979270935, 68.5862884521, 121.327026367], [-692.551940918, 260.823516846, 67.0350341797, 138.823318481, 24.6672554016, 53.7615127563, 28.7689533234, 25.4401950836, 22.3240661621, 1.44317698479, 13.2273893356, -2.37873148918, 5.4095993042], [-7247.26757812, -773.188903809, 697.692199707, 24.6672554016, 535.09564209, 66.095413208, 302.658355713, 101.627838135, 212.71421814, 66.673324585, 73.8822174072, 33.4403839111, 90.7473373413], [-661.215209961, -112.845573425, 126.392051697, 53.7615127563, 66.095413208, 100.268714905, 49.0356178284, 29.3715515137, 2.7531440258, 10.054151535, 7.05169773102, 7.7246928215, 15.1059846878], [-5011.50830078, -325.831573486, 456.870605469, 28.7689533234, 302.658355713, 49.0356178284, 251.923110962, 109.806358337, 184.764724731, 59.4882888794, 59.3453407288, 21.4968967438, 42.4267883301], [-1910.33398438, -10.3813152313, 177.309036255, 25.4401950836, 101.627838135, 29.3715515137, 109.806358337, 82.7683258057, 96.2684936523, 49.1880722046, 34.8197517395, 19.1878890991, 11.0418338776], [-4122.65576172, -110.56678009, 358.188568115, 22.3240661621, 212.71421814, 2.7531440258, 184.764724731, 96.2684936523, 203.610992432, 82.3793106079, 70.3407287598, 26.2664260864, 33.6302909851], [-1298.44360352, -11.6734867096, 140.677734375, 1.44317698479, 66.673324585, 10.054151535, 59.4882888794, 49.1880722046, 82.3793106079, 71.5821609497, 41.8485908508, 30.9775810242, 15.8453273773], [-1461.86291504, -22.0762042999, 118.979270935, 13.2273893356, 73.8822174072, 7.05169773102, 59.3453407288, 34.8197517395, 70.3407287598, 41.8485908508, 56.4607276917, 29.5919361115, 29.8400821686], [-529.878723145, -18.4725933075, 68.5862884521, -2.37873148918, 33.4403839111, 7.7246928215, 21.4968967438, 19.1878890991, 26.2664260864, 30.9775810242, 29.5919361115, 45.9851722717, 25.2718830109], [-1252.22644043, -204.19317627, 121.327026367, 5.4095993042, 90.7473373413, 15.1059846878, 42.4267883301, 11.0418338776, 33.6302909851, 15.8453273773, 29.8400821686, 25.2718830109, 52.0414009094]],
        "icov": [[8.25076858746e-05, 0.000104782920971, 0.000230597550399, -0.000101256140624, 0.000487062497996, -0.00015453954984, 0.00060597009724, -0.000304455083096, 0.000383374310331, -0.000212015787838, 0.000257610605331, -0.000341208622558, 0.00047027686378], [0.000104782920971, 0.00153728609439, 0.00147347676102, -0.00389141845517, 0.00148243363947, 0.00121018732898, 0.000306975300191, -0.000253559177509, -0.00096032168949, -0.000590901996475, -0.00035228554043, -0.00352461193688, 0.00510374968871], [0.000230597550399, 0.00147347676102, 0.00536344060674, -0.00378383393399, -0.000620900886133, -0.00165559025481, -0.000754307839088, 0.00254216650501, -0.00339283584617, -0.00288507086225, 0.00317467562854, -0.0057903919369, 0.004920670297], [-0.000101256140624, -0.00389141845517, -0.00378383393399, 0.0215454138815, -0.00271813804284, -0.0116193108261, 0.00633843615651, -0.00416095927358, -0.00283444439992, 0.00942055881023, -0.00303938193247, 0.0103388819844, -0.0116098653525], [0.000487062497996, 0.00148243363947, -0.000620900886133, -0.00271813804284, 0.0141787324101, 0.00107766315341, -0.00755617953837, 0.00317232101224, 0.00379542983137, -0.00349708436988, 0.00216075801291, -0.00121811532881, -0.00231884350069], [-0.00015453954984, 0.00121018732898, -0.00165559025481, -0.0116193108261, 0.00107766315341, 0.0260578468442, -0.0109866447747, -0.00682792300358, 0.018120424822, -0.0106700742617, -0.000893658900168, 0.00177147460636, -0.00174884812441], [0.00060597009724, 0.000306975300191, -0.000754307839088, 0.00633843615651, -0.00755617953837, -0.0109866447747, 0.0489717125893, -0.0292688310146, -0.018621429801, 0.0223893281072, -0.00257461075671, -0.00135520403273, 0.00688707083464], [-0.000304455083096, -0.000253559177509, 0.00254216650501, -0.00416095927358, 0.00317232101224, -0.00682792300358, -0.0292688310146, 0.0587790124118, -0.00872329808772, -0.0190270822495, 0.00467348797247, -0.00866646692157, 0.00698461476713], [0.000383374310331, -0.00096032168949, -0.00339283584617, -0.00283444439992, 0.00379542983137, 0.018120424822, -0.018621429801, -0.00872329808772, 0.0485667362809, -0.0257636103779, -0.011494348757, 0.0156487915665, -0.00573370372877], [-0.000212015787838, -0.000590901996475, -0.00288507086225, 0.00942055881023, -0.00349708436988, -0.0106700742617, 0.0223893281072, -0.0190270822495, -0.0257636103779, 0.0578989684582, -0.0149134537205, -0.0153511464596, 0.00833232887089], [0.000257610605331, -0.00035228554043, 0.00317467562854, -0.00303938193247, 0.00216075801291, -0.000893658900168, -0.00257461075671, 0.00467348797247, -0.011494348757, -0.0149134537205, 0.0586287267506, -0.0148482266814, -0.0191080756485], [-0.000341208622558, -0.00352461193688, -0.0057903919369, 0.0103388819844, -0.00121811532881, 0.00177147460636, -0.00135520403273, -0.00866646692157, 0.0156487915665, -0.0153511464596, -0.0148482266814, 0.0579121112823, -0.0301088001579], [0.00047027686378, 0.00510374968871, 0.004920670297, -0.0116098653525, -0.00231884350069, -0.00174884812441, 0.00688707083464, 0.00698461476713, -0.00573370372877, 0.00833232887089, -0.0191080756485, -0.0301088001579, 0.064492046833]]
    },
    "melbands": {
        "dmean": [8.56106998981e-06, 1.38237628562e-05, 4.07576117141e-05, 8.81386658875e-05, 5.85211273574e-05, 9.70186374616e-05, 4.63239484816e-05, 5.81988497288e-05, 4.668368274e-05, 1.97329045477e-05, 3.46806991729e-05, 3.38290374202e-05, 1.24073358165e-05, 3.31638293574e-05, 4.54955625173e-05, 3.85011662729e-05, 2.52319605352e-05, 1.38704353958e-05, 2.60155593423e-05, 2.01534639928e-05, 1.01820614873e-05, 1.32729746838e-05, 1.11105700853e-05, 1.17744348245e-05, 2.44329603447e-05, 2.00251015485e-05, 1.21461407616e-05, 8.30362841953e-06, 9.72081033979e-06, 6.95625340086e-06, 6.54436735203e-06, 6.0311872403e-06, 7.54612119636e-06, 7.99204462965e-06, 1.03572347143e-05, 5.31616933586e-06, 5.87823706155e-06, 3.91278717871e-06, 6.40093503534e-06, 5.66878088648e-06],
        "dmean2": [1.03912470877e-05, 2.2441830879e-05, 7.00223463355e-05, 0.000156803769642, 9.99776166282e-05, 0.000159661853104, 8.30216886243e-05, 0.000107370520709, 8.71955489856e-05, 3.44120962836e-05, 6.2380277086e-05, 5.81980420975e-05, 1.71990996023e-05, 5.87973809161e-05, 8.13271471998e-05, 7.07137660356e-05, 4.33483728557e-05, 2.46974832407e-05, 4.79353402625e-05, 3.68123110093e-05, 1.63469576364e-05, 2.44915354415e-05, 1.95128304767e-05, 2.11698461499e-05, 4.5160541049e-05, 3.54819712811e-05, 1.96904838958e-05, 1.39669582495e-05, 1.75693367055e-05, 1.24761354527e-05, 1.14427393783e-05, 1.02053090814e-05, 1.27308949232e-05, 1.41474802149e-05, 1.9125005565e-05, 9.73003261606e-06, 1.07646455945e-05, 7.02404031472e-06, 1.14809172373e-05, 1.04555110738e-05],
        "dvar": [1.74595046754e-10, 4.90063656322e-10, 6.18243722883e-09, 3.31615659377e-08, 2.00367171743e-08, 5.23868024516e-08, 1.45417313746e-08, 2.04675885129e-08, 1.42408866921e-08, 3.04183567224e-09, 6.26102814039e-09, 6.22582829735e-09, 5.34142063913e-10, 7.19109172209e-09, 1.16856346821e-08, 9.7636903007e-09, 4.24354951178e-09, 1.0968583819e-09, 5.04189934247e-09, 2.91530177776e-09, 6.68620436794e-10, 1.21149112964e-09, 7.76306963157e-10, 1.62657498581e-09, 6.66493171764e-09, 2.08860018169e-09, 7.6075890032e-10, 3.73424929867e-10, 5.76809211505e-10, 3.47967349379e-10, 2.73058992084e-10, 1.96316254919e-10, 2.83053108729e-10, 3.41907141488e-10, 7.25311144478e-10, 1.65969168964e-10, 1.9097483317e-10, 9.99283086833e-11, 2.44457759591e-10, 2.25185439739e-10],
        "dvar2": [2.99400115811e-10, 1.04534836343e-09, 1.66440035088e-08, 9.20876175314e-08, 5.59974573378e-08, 1.35006388291e-07, 4.1533880335e-08, 5.67476163837e-08, 3.98871797813e-08, 8.34871016764e-09, 1.69476859213e-08, 1.64187081708e-08, 1.08696296408e-09, 1.96789269324e-08, 3.18208606132e-08, 2.73481202129e-08, 1.17774350272e-08, 2.86204127065e-09, 1.41608822446e-08, 8.10839306808e-09, 1.71419900497e-09, 3.33885119552e-09, 2.1285240237e-09, 4.7473753817e-09, 1.89669364659e-08, 5.62600854792e-09, 1.87982807098e-09, 9.10291897416e-10, 1.60385038583e-09, 9.5814600698e-10, 7.41346706246e-10, 4.86998497085e-10, 7.15027037579e-10, 8.92358353877e-10, 2.01505256925e-09, 4.46212844452e-10, 5.05687713925e-10, 2.75785283499e-10, 6.56639576047e-10, 6.18865181323e-10],
        "max": [9.66362204053e-05, 0.000126802508021, 0.000372558191884, 0.000861312786583, 0.000664807856083, 0.001207105699, 0.00064813438803, 0.000704571022652, 0.000535152212251, 0.000293667428195, 0.000317849393468, 0.000427480961662, 0.000129898471641, 0.000388432643376, 0.000487246725243, 0.000530003453605, 0.00033370804158, 0.000153698871145, 0.000340133614372, 0.000280669919448, 0.000127763472847, 0.000172324376763, 0.000127544844872, 0.000249428907409, 0.0005076637608, 0.000203821691684, 0.000140895790537, 9.46652144194e-05, 0.000105407176306, 9.84962462098e-05, 8.15715902718e-05, 7.2215552791e-05, 7.35890716896e-05, 8.31395664136e-05, 0.000128722313093, 5.77839673497e-05, 5.7821329392e-05, 5.15824394824e-05, 6.89704465913e-05, 7.15038913768e-05],
        "mean": [1.11825147542e-05, 2.20384426939e-05, 3.47948553099e-05, 6.6141707066e-05, 4.57138230558e-05, 7.79013134888e-05, 3.43745232385e-05, 3.77638862119e-05, 2.77889666904e-05, 1.41216460179e-05, 2.41259022005e-05, 2.57733154285e-05, 1.21392631627e-05, 2.1958943762e-05, 2.9189961424e-05, 2.37229887716e-05, 1.69820577867e-05, 9.75098191702e-06, 1.62262458616e-05, 1.27169250845e-05, 7.37456593924e-06, 8.5501715148e-06, 7.51472862248e-06, 7.55113296691e-06, 1.52937373059e-05, 1.27447956402e-05, 8.72791042639e-06, 5.92932201471e-06, 6.03266471444e-06, 4.63284868601e-06, 4.37374774265e-06, 4.34934645455e-06, 5.42413908988e-06, 5.43468604519e-06, 6.31726197753e-06, 3.44387149198e-06, 3.78336221729e-06, 2.54769793173e-06, 4.08682944908e-06, 3.58878469342e-06],
        "median": [1.89842864984e-06, 2.95979316434e-06, 1.91694766727e-06, 1.16668297778e-06, 9.32419197852e-07, 1.12881321002e-06, 2.54487440543e-06, 9.57128804657e-07, 4.2491927843e-07, 1.87805014207e-07, 2.71730698387e-07, 1.62927321412e-07, 1.47347023471e-07, 1.08604012894e-07, 1.32245688178e-07, 1.14623283309e-07, 5.56433903398e-08, 5.8860372576e-08, 7.18548989198e-08, 5.03996595569e-08, 3.91582091197e-08, 4.0239413579e-08, 2.70986042494e-08, 3.1471611095e-08, 3.4169897134e-08, 3.09434540213e-08, 1.30600961157e-08, 9.57473123009e-09, 9.48939682388e-09, 1.06230917396e-08, 7.61700658103e-09, 5.12520159646e-09, 4.55612036987e-09, 4.49450254791e-09, 4.30411573049e-09, 2.08015293879e-09, 3.27542282186e-09, 1.70695402257e-09, 1.03815556152e-09, 7.58575813276e-10],
        "min": [1.25739643917e-14, 7.86415119087e-15, 3.36390241156e-15, 1.39924877156e-15, 1.39015428468e-15, 1.31931268414e-15, 8.05359349766e-16, 6.14801500589e-16, 4.03716046164e-16, 1.67862421918e-16, 1.11536070297e-15, 1.60384756826e-15, 5.75918929601e-16, 2.00799139254e-16, 2.29431526318e-16, 3.3562113524e-16, 7.66792880886e-16, 1.46487243739e-15, 6.89527329531e-16, 1.22223770559e-16, 3.55544276602e-16, 7.3044066201e-16, 1.31573291115e-15, 1.39317522769e-15, 7.78354139462e-16, 1.09728607866e-15, 3.18971193884e-16, 3.30015630014e-16, 3.32025030393e-16, 1.04261137247e-15, 4.20989827285e-16, 1.97126629387e-16, 2.8856125524e-16, 3.19672457755e-16, 8.49354135167e-16, 2.36797653053e-15, 1.04112578256e-15, 1.56912599369e-15, 1.63070423016e-15, 3.8868118488e-16],
        "stdev": [1.95656248252e-05, 3.22551823047e-05, 7.41358817322e-05, 0.000161856703926, 0.000119605654618, 0.000206428463571, 9.8178476037e-05, 0.000116251329018, 9.37584263738e-05, 4.56855850643e-05, 6.62835373078e-05, 6.91532623023e-05, 2.62910034508e-05, 6.99375668773e-05, 8.87384376256e-05, 7.82500792411e-05, 5.29864919372e-05, 2.81686188828e-05, 5.54303223907e-05, 4.27970589953e-05, 2.30935729633e-05, 2.77345880022e-05, 2.30851310334e-05, 3.03327742586e-05, 6.2663006247e-05, 3.80497658625e-05, 2.52104127867e-05, 1.75905170181e-05, 1.91822946363e-05, 1.50526020661e-05, 1.36049693538e-05, 1.2584070646e-05, 1.49589204739e-05, 1.57624835992e-05, 2.13042749238e-05, 1.05636454464e-05, 1.14490067062e-05, 8.0312938735e-06, 1.28679239424e-05, 1.19299966173e-05],
        "var": [3.82813697408e-10, 1.04039687976e-09, 5.49612932943e-09, 2.61975916516e-08, 1.43055132185e-08, 4.26127115816e-08, 9.63901314321e-09, 1.35143709556e-08, 8.79064288029e-09, 2.08717265693e-09, 4.39350777981e-09, 4.782173324e-09, 6.91216861526e-10, 4.89126295022e-09, 7.87451082118e-09, 6.12307493597e-09, 2.80756817794e-09, 7.9347112214e-10, 3.07252068232e-09, 1.83158832545e-09, 5.33313115891e-10, 7.69207419982e-10, 5.32923261076e-10, 9.20077236621e-10, 3.92665233662e-09, 1.44778478095e-09, 6.35564878504e-10, 3.09426290146e-10, 3.6796041214e-10, 2.26580823548e-10, 1.85095189176e-10, 1.5835883993e-10, 2.23769308638e-10, 2.48455894747e-10, 4.53872162076e-10, 1.11590597873e-10, 1.31079758159e-10, 6.45016748346e-11, 1.65583477485e-10, 1.42324818597e-10]
    },
    "melbands128": {
