{
"lowlevel": {
    "average_loudness": 0.862535834312,
    "barkbands_crest": {
        "dmean": 2.42356681824,
        "dmean2": 4.11063194275,
        "dvar": 4.45670986176,
        "dvar2": 11.4969520569,
        "max": 21.1659507751,
        "mean": 7.56947231293,
        "median": 6.84227657318,
        "min": 3.00198578835,
        "stdev": 3.19063138962,
        "var": 10.1801280975
    },
    "barkbands_flatness_db": {
        "dmean": 0.0177001953125,
        "dmean2": 0.0290556345135,
        "dvar": 0.000204102485441,
        "dvar2": 0.000520021480042,
        "max": 0.249275296926,
        "mean": 0.110193289816,
        "median": 0.104595310986,
        "min": 0.0322341620922,
        "stdev": 0.0321870930493,
        "var": 0.00103600893635
    },
    "barkbands_kurtosis": {
        "dmean": 1.26917088032,
        "dmean2": 2.08013033867,
        "dvar": 2.38966560364,
        "dvar2": 5.90295362473,
        "max": 15.1370754242,
        "mean": 1.31061291695,
        "median": 0.474215745926,
        "min": -1.70683848858,
        "stdev": 2.46364212036,
        "var": 6.06953191757
    },
    "barkbands_skewness": {
        "dmean": 0.432238429785,
        "dmean2": 0.694393754005,
        "dvar": 0.119643203914,
        "dvar2": 0.311954438686,
        "max": 3.36562585831,
        "mean": 0.816743373871,
        "median": 0.734821975231,
        "min": -0.881224572659,
        "stdev": 0.710917651653,
        "var": 0.505403876305
    },
    "barkbands_spread": {
        "dmean": 3.57617259026,
        "dmean2": 5.7855386734,
        "dvar": 23.3785324097,
        "dvar2": 40.5172843933,
        "max": 107.182548523,
        "mean": 15.790561676,
        "median": 15.0826053619,
        "min": 2.62644171715,
        "stdev": 8.56089687347,
        "var": 73.2889633179
    },
    "dissonance": {
        "dmean": 0.0166731011122,
        "dmean2": 0.0293719787151,
        "dvar": 0.000284856127109,
        "dvar2": 0.000853660167195,
        "max": 0.499999821186,
        "mean": 0.479855984449,
        "median": 0.485903859138,
        "min": 0.365660965443,
        "stdev": 0.0184613317251,
        "var": 0.00034082075581
    },
    "dynamic_complexity": 4.83112668991,
    "erbbands_crest": {
        "dmean": 3.03782963753,
        "dmean2": 5.1100769043,
        "dvar": 7.4882440567,
        "dvar2": 18.5777587891,
        "max": 26.8406124115,
        "mean": 9.31263637543,
        "median": 8.37597942352,
        "min": 2.47848749161,
        "stdev": 3.84488368034,
        "var": 14.7831306458
    },
    "erbbands_flatness_db": {
        "dmean": 0.0184982605278,
        "dmean2": 0.0307271834463,
        "dvar": 0.000232232021517,
        "dvar2": 0.00056569284061,
        "max": 0.337416827679,
        "mean": 0.196362540126,
        "median": 0.193270489573,
        "min": 0.0615352839231,
        "stdev": 0.0358667336404,
        "var": 0.00128642248455
    },
    "erbbands_kurtosis": {
        "dmean": 1.0284460783,
        "dmean2": 1.70864987373,
        "dvar": 1.29000473022,
        "dvar2": 3.30371117592,
        "max": 10.920296669,
        "mean": 1.00799226761,
        "median": 0.679069042206,
        "min": -1.49201989174,
        "stdev": 1.61524856091,
        "var": 2.60902810097
    },
    "erbbands_skewness": {
        "dmean": 0.430472940207,
        "dmean2": 0.690637290478,
        "dvar": 0.121485106647,
        "dvar2": 0.320987761021,
        "max": 2.7799706459,
        "mean": 0.537818968296,
        "median": 0.509886026382,
        "min": -1.43551409245,
        "stdev": 0.744703888893,
        "var": 0.554583907127
    },
    "erbbands_spread": {
        "dmean": 4.63226175308,
        "dmean2": 7.73457622528,
        "dvar": 25.3474159241,
        "dvar2": 68.6409988403,
        "max": 72.5969009399,
        "mean": 20.9662742615,
        "median": 20.1483039856,
        "min": 4.18259334564,
        "stdev": 7.08255529404,
        "var": 50.1625862122
    },
    "hfc": {
        "dmean": 9.36802101135,
        "dmean2": 15.9643249512,
        "dvar": 109.269889832,
        "dvar2": 299.237182617,
        "max": 104.956199646,
        "mean": 26.6791172028,
        "median": 24.6428394318,
        "min": 2.54569908975e-06,
        "stdev": 18.7829227448,
        "var": 352.798217773
    },
    "loudness_ebu128": {
        "integrated": -15.1207313538,
        "loudness_range": 2.83734035492,
        "momentary": {
            "dmean": 0.713956236839,
            "dmean2": 0.449162632227,
            "dvar": 1.15172219276,
            "dvar2": 0.265604585409,
            "max": -10.7870979309,
            "mean": -17.964471817,
            "median": -15.5578899384,
            "min": -52.447555542,
            "stdev": 7.45571756363,
            "var": 55.587726593
        },
        "short_term": {
            "dmean": 0.0756599456072,
            "dmean2": 0.0412578769028,
            "dvar": 0.00524787651375,
            "dvar2": 0.00145312037785,
            "max": -13.5753307343,
            "mean": -15.5117521286,
            "median": -15.5571117401,
            "min": -18.6576423645,
            "stdev": 0.987066805363,
            "var": 0.974300861359
        }
    },
    "melbands_crest": {
        "dmean": 2.95294356346,
        "dmean2": 5.01899003983,
        "dvar": 6.81782722473,
        "dvar2": 16.503194809,
        "max": 27.2676753998,
        "mean": 9.13557624817,
        "median": 8.03495693207,
        "min": 3.40419411659,
        "stdev": 4.09106063843,
        "var": 16.7367782593
    },
    "melbands_flatness_db": {
        "dmean": 0.0200041681528,
        "dmean2": 0.0324711464345,
        "dvar": 0.000285855465336,
        "dvar2": 0.000713409855962,
        "max": 0.289679586887,
        "mean": 0.135357096791,
        "median": 0.128400608897,
        "min": 0.0434971675277,
        "stdev": 0.0353334695101,
        "var": 0.001248454093
    },
    "melbands_kurtosis": {
        "dmean": 2.29119777679,
        "dmean2": 3.71437525749,
        "dvar": 8.14464759827,
        "dvar2": 21.4002780914,
        "max": 37.9442138672,
        "mean": 3.298640728,
        "median": 2.1012430191,
        "min": -1.49374616146,
        "stdev": 4.12526273727,
        "var": 17.0177936554
    },
    "melbands_skewness": {
        "dmean": 0.446059346199,
        "dmean2": 0.721081614494,
        "dvar": 0.145393669605,
        "dvar2": 0.409162074327,
        "max": 5.1711230278,
        "mean": 1.19026076794,
        "median": 1.09203672409,
        "min": -0.233481168747,
        "stdev": 0.6651673913,
        "var": 0.442447632551
    },
    "melbands_spread": {
        "dmean": 6.59092998505,
        "dmean2": 10.1658840179,
        "dvar": 59.6905021667,
        "dvar2": 95.5317840576,
        "max": 149.57522583,
        "mean": 25.6112823486,
        "median": 25.3122253418,
        "min": 3.81631040573,
        "stdev": 13.4944105148,
        "var": 182.099121094
    },
    "pitch_salience": {
        "dmean": 0.0665337890387,
        "dmean2": 0.109641797841,
        "dvar": 0.00298468419351,
        "dvar2": 0.00767617532983,
        "max": 0.886993527412,
        "mean": 0.703429758549,
        "median": 0.718686342239,
        "min": 0.352864146233,
        "stdev": 0.0846542641521,
        "var": 0.00716634420678
    },
    "silence_rate_20dB": {
        "dmean": 0,
        "dmean2": 0,
        "dvar": 0,
        "dvar2": 0,
        "max": 1,
        "mean": 1,
        "median": 1,
        "min": 1,
        "stdev": 0,
        "var": 0
    },
    "silence_rate_30dB": {
        "dmean": 0.00361010828055,
        "dmean2": 0.00723327323794,
        "dvar": 0.00359703996219,
        "dvar2": 0.0107977082953,
        "max": 1,
        "mean": 0.998198211193,
        "median": 1,
        "min": 0,
        "stdev": 0.042409081012,
        "var": 0.00179853010923
    },
    "silence_rate_60dB": {
        "dmean": 0.00361010828055,
        "dmean2": 0.00723327323794,
        "dvar": 0.00359708862379,
        "dvar2": 0.00718095339835,
        "max": 1,
        "mean": 0.149549543858,
        "median": 0,
        "min": 0,
        "stdev": 0.356629997492,
        "var": 0.127184957266
    },
    "spectral_centroid": {
        "dmean": 241.761764526,
        "dmean2": 372.257080078,
        "dvar": 190688.53125,
        "dvar2": 219550.53125,
        "max": 11118.1337891,
        "mean": 1632.46008301,
        "median": 1592.9621582,
        "min": 704.764831543,
        "stdev": 581.519165039,
        "var": 338164.5625
    },
    "spectral_complexity": {
        "dmean": 3.34657049179,
        "dmean2": 5.33815574646,
        "dvar": 9.83297252655,
        "dvar2": 25.5872879028,
        "max": 45,
        "mean": 24.0594596863,
        "median": 28,
        "min": 0,
        "stdev": 10.7362365723,
        "var": 115.266769409
    },
    "spectral_decrease": {
        "dmean": 1.48213885609e-09,
        "dmean2": 2.53842724618e-09,
        "dvar": 2.58393252863e-18,
        "dvar2": 7.13412589926e-18,
        "max": -1.71628181509e-17,
        "mean": -4.6655057595e-09,
        "median": -4.11174871928e-09,
        "min": -2.62880508473e-08,
        "stdev": 3.75858189017e-09,
        "var": 1.41269362627e-17
    },
    "spectral_energy": {
        "dmean": 0.00638110935688,
        "dmean2": 0.0109281418845,
        "dvar": 4.7511766752e-05,
        "dvar2": 0.000131359076477,
        "max": 0.108020164073,
        "mean": 0.0200285613537,
        "median": 0.0175830088556,
        "min": 2.95679009055e-10,
        "stdev": 0.0157557334751,
        "var": 0.000248243130045
    },
    "spectral_energyband_high": {
        "dmean": 0.000309585069772,
        "dmean2": 0.000544298498426,
        "dvar": 2.15682348426e-07,
        "dvar2": 5.96505344674e-07,
        "max": 0.00362275261432,
        "mean": 0.000529229757376,
        "median": 0.000432616478065,
        "min": 1.6315780671e-10,
        "stdev": 0.00051328871632,
        "var": 2.63465295802e-07
    },
    "spectral_energyband_low": {
        "dmean": 4.71671955893e-05,
        "dmean2": 7.99039044068e-05,
        "dvar": 5.35548183578e-09,
        "dvar2": 1.49722154674e-08,
        "max": 0.000805712246802,
        "mean": 7.02488832758e-05,
        "median": 4.25363396062e-05,
        "min": 3.08992727238e-11,
        "stdev": 9.35170828598e-05,
        "var": 8.74544525686e-09
    },
    "spectral_energyband_middle_high": {
        "dmean": 0.00477982778102,
        "dmean2": 0.00824483856559,
        "dvar": 2.85805181193e-05,
        "dvar2": 8.24010348879e-05,
        "max": 0.0552369579673,
        "mean": 0.0123362448066,
        "median": 0.0105012208223,
        "min": 3.92718531306e-11,
        "stdev": 0.0100085372105,
        "var": 0.000100170822407
    },
    "spectral_energyband_middle_low": {
        "dmean": 0.00306863803416,
        "dmean2": 0.00511344661936,
        "dvar": 1.5088928194e-05,
        "dvar2": 3.80117962777e-05,
        "max": 0.0708190053701,
        "mean": 0.00758050801232,
        "median": 0.00569716375321,
        "min": 1.77859480616e-11,
        "stdev": 0.00782022159547,
        "var": 6.11558643868e-05
    },
    "spectral_entropy": {
        "dmean": 0.149448022246,
        "dmean2": 0.234283864498,
        "dvar": 0.0181994494051,
        "dvar2": 0.0394694246352,
        "max": 9.80130386353,
        "mean": 7.75493192673,
        "median": 7.77615451813,
        "min": 6.86274862289,
        "stdev": 0.246590569615,
        "var": 0.0608069077134
    },
    "spectral_flux": {
        "dmean": 0.0146353803575,
        "dmean2": 0.0228602495044,
        "dvar": 0.000201352639124,
        "dvar2": 0.000466740253614,
        "max": 0.202405050397,
        "mean": 0.0848889574409,
        "median": 0.0897860750556,
        "min": 2.45847477345e-05,
        "stdev": 0.0394883900881,
        "var": 0.00155933306087
    },
    "spectral_kurtosis": {
        "dmean": 1.43222773075,
        "dmean2": 2.32259464264,
        "dvar": 1.72908163071,
        "dvar2": 4.64814472198,
        "max": 15.5101718903,
        "mean": 5.61771535873,
        "median": 5.30126285553,
        "min": -1.18774414062,
        "stdev": 1.94459998608,
        "var": 3.78146910667
    },
    "spectral_rms": {
        "dmean": 0.000671224202961,
        "dmean2": 0.00113682704978,
        "dvar": 4.10186316913e-07,
        "dvar2": 1.11339568321e-06,
        "max": 0.0102657452226,
        "mean": 0.00398984132335,
        "median": 0.00414175726473,
        "min": 5.37091523256e-07,
        "stdev": 0.00190295209177,
        "var": 3.62122682418e-06
    },
    "spectral_rolloff": {
        "dmean": 376.908569336,
        "dmean2": 590.780639648,
        "dvar": 715479.5,
        "dvar2": 929161.625,
        "max": 17937.1582031,
        "mean": 2101.29199219,
        "median": 2002.58789062,
        "min": 689.0625,
        "stdev": 1252.07873535,
        "var": 1567701.125
    },
    "spectral_skewness": {
        "dmean": 0.194723159075,
        "dmean2": 0.313490957022,
        "dvar": 0.0311941262335,
        "dvar2": 0.0759524032474,
        "max": 2.77977514267,
        "mean": 1.87214577198,
        "median": 1.86067306995,
        "min": -0.0274291094393,
        "stdev": 0.258171617985,
        "var": 0.0666525810957
    },
    "spectral_spread": {
        "dmean": 623867.0625,
        "dmean2": 968625.9375,
        "dvar": 2.03683908813e+12,
        "dvar2": 2.08732330394e+12,
        "max": 40092756,
        "mean": 4104519,
        "median": 3930842,
        "min": 2252219.25,
        "stdev": 1764586.25,
        "var": 3.11376478208e+12
    },
    "spectral_strongpeak": {
        "dmean": 1.06245803833,
        "dmean2": 1.86059832573,
        "dvar": 2.27908158302,
        "dvar2": 5.70353746414,
        "max": 12.3586082458,
        "mean": 1.83418047428,
        "median": 1.3472417593,
        "min": 0,
        "stdev": 1.88501548767,
        "var": 3.55328321457
    },
    "zerocrossingrate": {
        "dmean": 0.00793236680329,
        "dmean2": 0.0104349143803,
        "dvar": 8.20274290163e-05,
        "dvar2": 0.000155496702064,
        "max": 0.212890625,
        "mean": 0.0766944661736,
        "median": 0.076171875,
        "min": 0.03466796875,
        "stdev": 0.0190278533846,
        "var": 0.000362059188774
    },
    "barkbands": {
        "dmean": [6.70690769766e-06, 9.6916937764e-06, 2.28875960602e-05, 6.15618409938e-05, 0.000250804703683, 0.000408101972425, 0.000584549852647, 0.000794152903836, 0.00208100350574, 0.00190639821813, 0.00138957216404, 0.000705689250026, 0.000709826708771, 0.00065057183383, 0.000750761304516, 0.000740567455068, 0.00057091366034, 0.00061224156525, 0.000136133035994, 0.000134242160129, 6.25120228506e-05, 6.25670800218e-05, 6.51578666293e-05, 6.9211666414e-05, 2.93057528324e-05, 1.25976448544e-05, 4.05595892516e-06],
        "dmean2": [1.13620590128e-05, 1.6900627088e-05, 3.96083087253e-05, 0.000110254630272, 0.000423673423938, 0.000728626851924, 0.00101738516241, 0.00132424291223, 0.00349860428832, 0.003284558421, 0.0023735081777, 0.00120442523621, 0.00124370842241, 0.00112760416232, 0.00128234713338, 0.00125886849128, 0.000948564673308, 0.000997500843368, 0.000233373357332, 0.000228360353503, 0.000108680942503, 0.000110841421701, 0.000110880333523, 0.000119445663586, 5.2925075579e-05, 2.2295911549e-05, 7.40153791412e-06],
        "dvar": [2.62696225883e-10, 2.54017307189e-10, 1.24854504513e-09, 1.0866345157e-08, 1.08091377626e-07, 2.42470008516e-07, 7.87640090039e-07, 1.51451786223e-06, 1.10134433271e-05, 8.91216313903e-06, 5.37130199518e-06, 9.51012737005e-07, 8.94240713478e-07, 7.71992631599e-07, 1.28733609017e-06, 2.01689408641e-06, 1.07127164028e-06, 2.20932861339e-06, 1.03315301203e-07, 1.77565894433e-07, 8.89302853579e-09, 1.21959011778e-08, 1.39214693107e-08, 1.20344925136e-08, 3.29206883976e-09, 4.63719174171e-10, 6.39762964827e-11],
        "dvar2": [7.26123661199e-10, 7.83274611837e-10, 3.47614625973e-09, 3.42970203349e-08, 3.09875076709e-07, 7.04650744865e-07, 2.23310985348e-06, 3.62001082976e-06, 2.84973830276e-05, 2.61667664745e-05, 1.55660509336e-05, 2.32645720644e-06, 2.55240934166e-06, 2.11213023249e-06, 3.50390018866e-06, 5.19531795362e-06, 2.76068544736e-06, 5.07737877342e-06, 2.75977868114e-07, 3.73831568368e-07, 2.46173801344e-08, 3.38544339229e-08, 3.83986815677e-08, 3.4255315029e-08, 9.05426222886e-09, 1.29182420316e-09, 1.83289494693e-10],
        "max": [0.000236318490352, 0.000201502698474, 0.000473848020192, 0.00110787223093, 0.00418761838228, 0.00354760582559, 0.00778206717223, 0.0227619819343, 0.0613185167313, 0.0363225266337, 0.0247745104134, 0.0105650257319, 0.00847678817809, 0.00784793868661, 0.0141901541501, 0.0110464412719, 0.010277569294, 0.0151475910097, 0.00359403365292, 0.00801543146372, 0.000754856562708, 0.00113264401443, 0.00122892903164, 0.000990965287201, 0.000575888843741, 0.000181342038559, 9.34879353736e-05],
        "mean": [6.1269897742e-06, 1.34438778332e-05, 2.71873886959e-05, 6.65729967295e-05, 0.000383774924558, 0.000598968705162, 0.00076059915591, 0.00127355603036, 0.00352477305569, 0.00336548290215, 0.0021537730936, 0.00110769760795, 0.00107171421405, 0.00103179039434, 0.00108072755393, 0.000892683921847, 0.000814577157144, 0.00101636408363, 0.000188001693459, 0.000198256850126, 0.000100742945506, 9.75150614977e-05, 9.76509036263e-05, 9.84310900094e-05, 3.76230309485e-05, 1.56886471814e-05, 4.48216405857e-06],
        "median": [1.04715536509e-06, 7.92653099779e-06, 1.32688528538e-05, 3.09256938635e-05, 0.000253920181422, 0.00044600883848, 0.000520466419403, 0.00076207506936, 0.00174708582927, 0.00156232924201, 0.000908479327336, 0.00079151178943, 0.000764286611229, 0.000763760064729, 0.000757951987907, 0.000515337567776, 0.000400870398153, 0.000271370605333, 9.25707572605e-05, 8.3471481048e-05, 8.31605066196e-05, 6.98084913893e-05, 7.33760534786e-05, 7.15131609468e-05, 2.57425472228e-05, 1.06908919406e-05, 2.73755972557e-06],
        "min": [4.08953634845e-11, 7.26232615711e-12, 1.28473089372e-12, 1.14102911147e-12, 5.59303168016e-12, 1.22708429789e-12, 1.29072815803e-12, 9.20785474777e-13, 1.3447384482e-12, 1.50719172386e-12, 1.14794068348e-12, 2.86490275947e-12, 4.24981393393e-13, 1.93437475239e-12, 1.03322298634e-12, 2.80138412467e-12, 7.34537951297e-12, 8.79468199655e-12, 9.66750898085e-12, 4.04493756198e-12, 7.02167707659e-12, 1.25508336363e-11, 1.32674669862e-11, 1.43645659603e-11, 3.27700540315e-11, 3.87039775229e-11, 5.04748499941e-11],
        "stdev": [1.76461762749e-05, 1.80244533112e-05, 4.0316455852e-05, 0.000103064565337, 0.000437689508544, 0.000585069530644, 0.000903629872482, 0.00181216117926, 0.00573957897723, 0.00497400807217, 0.00338168093003, 0.00121875468176, 0.00107544916682, 0.00108762003947, 0.00123338995036, 0.0013725849567, 0.00119118578732, 0.00200077565387, 0.000349355716025, 0.000600827799644, 9.88315296127e-05, 0.000114934897283, 0.000120270320622, 0.000114550559374, 5.07853583258e-05, 1.98259767785e-05, 6.79398181092e-06],
        "var": [3.11387526875e-10, 3.24880927716e-10, 1.62541657911e-09, 1.06223048135e-08, 1.91572098629e-07, 3.42306350376e-07, 8.16546901206e-07, 3.2839279811e-06, 3.29427675752e-05, 2.47407551797e-05, 1.14357662824e-05, 1.48536310007e-06, 1.15659088351e-06, 1.18291723084e-06, 1.52125073782e-06, 1.88398939827e-06, 1.41892348893e-06, 4.00310318582e-06, 1.22049414131e-07, 3.60994079074e-07, 9.76767111638e-09, 1.32100312911e-08, 1.44649492384e-08, 1.31218298449e-08, 2.57915266921e-09, 3.93069327087e-10, 4.61581883826e-11]
    },
    "erbbands": {
        "dmean": [0.000208760640817, 0.00272252643481, 0.0201648492366, 0.109412521124, 0.430283606052, 1.06012320518, 1.88049554825, 4.09606742859, 6.65032863617, 12.5360593796, 18.9665756226, 47.5949516296, 52.1709518433, 64.509437561, 41.5127944946, 27.8692684174, 30.8649806976, 31.4119720459, 34.4831809998, 43.9595794678, 35.7734794617, 30.0709075928, 36.0923423767, 9.14572906494, 7.38221073151, 5.59289836884, 2.86055779457, 2.45519924164, 2.3646607399, 1.81365203857, 1.96068656445, 1.73028445244, 0.977473378181, 0.416780769825, 0.176408067346, 0.0687088444829, 0.0212125442922, 0.00448922114447, 0.000641726364847, 4.91723803862e-05],
        "dmean2": [0.000367689237464, 0.00473006721586, 0.0350198820233, 0.194130912423, 0.754745185375, 1.83165347576, 3.30252194405, 7.22433185577, 11.6464624405, 20.8047943115, 32.3372535706, 80.4055328369, 87.639541626, 112.078964233, 71.6895599365, 47.4680862427, 53.4269332886, 54.7931900024, 59.7663879395, 77.2362365723, 58.7767028809, 49.5337600708, 57.4141082764, 15.1404304504, 11.9371137619, 9.55096626282, 4.94394826889, 4.31764221191, 4.16440391541, 3.16806864738, 3.34163975716, 2.9454407692, 1.72366523743, 0.753368854523, 0.315353870392, 0.123103842139, 0.0373618416488, 0.00807019136846, 0.00116639747284, 8.85083791218e-05],
        "dvar": [1.99654422772e-07, 1.59808187163e-05, 0.000898882513866, 0.0334922038019, 0.431405305862, 2.32471299171, 6.11427211761, 25.0099163055, 77.8337249756, 648.490234375, 558.279418945, 6988.53662109, 7648.89599609, 10580.3544922, 3780.96655273, 1438.95861816, 1584.11877441, 1851.61657715, 1898.21362305, 7279.52636719, 4990.89990234, 2849.546875, 7227.39746094, 503.849884033, 392.930847168, 170.022842407, 17.3579311371, 17.816286087, 19.9179782867, 9.20181941986, 12.4028263092, 7.74380731583, 2.59006619453, 0.696188211441, 0.110069267452, 0.0148851880804, 0.00147343019489, 7.92435457697e-05, 1.51860740516e-06, 7.51292805745e-09],
        "dvar2": [6.42831082587e-07, 4.7950521548e-05, 0.00257452391088, 0.101344674826, 1.16821277142, 6.53621387482, 18.340473175, 71.4673233032, 231.10496521, 1508.64880371, 1481.85253906, 17730.3886719, 21321.4765625, 31624.1914062, 10751.2480469, 3709.01757812, 4615.61914062, 4997.58251953, 5023.85449219, 20557.15625, 12957.8310547, 7354.78515625, 16963.0800781, 1012.60003662, 977.407226562, 425.847564697, 46.912071228, 51.3429794312, 53.7920875549, 26.1155986786, 34.2798538208, 22.3771038055, 6.97011518478, 1.93065130711, 0.303862512112, 0.0412096455693, 0.00414658710361, 0.000227036027354, 4.33511058873e-06, 2.15155218086e-08],
        "max": [0.00576790142804, 0.0435761734843, 0.38034632802, 1.89968466759, 6.6867017746, 20.6696777344, 15.9051647186, 38.0580024719, 58.2171516418, 465.967376709, 237.80871582, 1441.04541016, 1180.27258301, 1002.41894531, 659.432922363, 437.564025879, 316.650787354, 451.502105713, 401.919616699, 770.647277832, 773.049438477, 558.129638672, 928.640441895, 350.057220459, 327.391937256, 196.326339722, 39.2447624207, 43.3906059265, 48.5666122437, 34.0188903809, 37.5396156311, 25.6308708191, 13.8654556274, 7.3598575592, 3.54016804695, 1.37777984142, 0.389740109444, 0.104879014194, 0.0149331148714, 0.000839325191919],
        "mean": [0.000260572764091, 0.00381107977591, 0.0270218551159, 0.136402234435, 0.549064815044, 1.48627662659, 2.74889135361, 5.6520485878, 8.82041931152, 18.152765274, 33.6854896545, 78.3543395996, 100.083351135, 115.834075928, 67.0303878784, 45.1488418579, 48.4325561523, 53.0116157532, 56.0899620056, 55.3447303772, 46.2066230774, 49.5072517395, 61.7247047424, 16.1752719879, 11.9363193512, 8.47840499878, 4.58309602737, 3.91858029366, 3.68440151215, 2.69833445549, 2.87313294411, 2.50380396843, 1.32253205776, 0.536451280117, 0.21894711256, 0.0860704034567, 0.025447672233, 0.00515886768699, 0.000735759211238, 7.15025307727e-05],
        "median": [0.000117480922199, 0.00231725024059, 0.015541289933, 0.0729854479432, 0.323312699795, 0.89397585392, 1.8776563406, 4.08617305756, 6.35369634628, 11.2682418823, 22.6770877838, 39.7780036926, 50.4336471558, 46.8280982971, 38.5501937866, 34.1604728699, 35.8043212891, 42.2915000916, 42.4110183716, 35.6651802063, 27.7764282227, 28.0251636505, 19.7240619659, 8.37902545929, 4.90552139282, 4.03969812393, 3.41955661774, 3.21257090569, 2.51828026772, 2.13859438896, 2.09771466255, 1.78841948509, 0.961167871952, 0.379686653614, 0.147805184126, 0.0593209341168, 0.0162702985108, 0.0032381801866, 0.00046603239025, 5.7837649365e-05],
        "min": [7.81919529125e-10, 1.0069860501e-09, 1.37113276288e-09, 5.46416778491e-09, 9.76403402575e-09, 1.48862806526e-08, 1.09385469571e-08, 1.06598232463e-08, 1.01452268808e-08, 1.32801307728e-08, 2.61898254195e-08, 2.26781242674e-08, 7.36955456659e-08, 2.99858733399e-08, 8.47330241527e-08, 8.61013162989e-08, 3.07300140889e-08, 9.52217291683e-08, 6.21948501589e-08, 1.23838972854e-07, 1.74825075305e-07, 4.049936706e-07, 4.20089691033e-07, 7.26446046428e-07, 3.09278846089e-07, 1.829686056e-07, 2.37863176267e-07, 2.96274464517e-07, 3.37131012884e-07, 4.78726576603e-07, 4.20016107228e-07, 3.25526428924e-07, 2.58475324699e-07, 2.65648992581e-07, 2.68149136673e-07, 1.75591182483e-07, 7.06401550588e-08, 3.07003524824e-08, 6.86707490871e-09, 6.30725027762e-10],
        "stdev": [0.000445228331955, 0.0047780778259, 0.0356752872467, 0.198563322425, 0.716235995293, 1.99045431614, 2.86659216881, 5.82769680023, 9.28358078003, 32.4620132446, 35.4196281433, 136.884109497, 152.111495972, 170.907592773, 84.427696228, 47.3345222473, 46.6427650452, 54.7349739075, 54.8268013, 77.5373153687, 68.8792495728, 67.1142883301, 115.527481079, 31.154586792, 30.1163234711, 17.7148303986, 4.6144452095, 4.1487865448, 4.8192949295, 2.96612215042, 3.60424184799, 3.02184295654, 1.58479857445, 0.730428695679, 0.296352565289, 0.111621119082, 0.0343301780522, 0.00766754383221, 0.00106033298653, 7.84076692071e-05],
        "var": [1.98228264026e-07, 2.28300286835e-05, 0.00127272622194, 0.03942739591, 0.512993991375, 3.96190834045, 8.2173500061, 33.9620475769, 86.1848678589, 1053.78234863, 1254.55004883, 18737.2597656, 23137.90625, 29209.40625, 7128.03564453, 2240.55688477, 2175.54736328, 2995.91748047, 3005.97802734, 6012.03515625, 4744.35058594, 4504.32763672, 13346.5986328, 970.608337402, 906.992980957, 313.815216064, 21.2931041718, 17.2124290466, 23.2256031036, 8.7978811264, 12.9905586243, 9.13153553009, 2.51158642769, 0.53352612257, 0.0878248438239, 0.0124592734501, 0.00117856101133, 5.87912290939e-05, 1.12430598165e-06, 6.14776229924e-09]
    },
    "gfcc": {
        "mean": [-31.0896968842, 47.4885749817, -167.281478882, -19.3803844452, -77.0243453979, 4.98579025269, -46.5337638855, 3.94073271751, -20.6247234344, -7.37047386169, -19.7231731415, -2.0634367466, -11.1213493347],
        "cov": [[20858.8554688, -1205.36608887, -1920.8104248, -688.839416504, -693.453491211, -79.6293029785, -369.711029053, 157.896392822, -98.6258468628, -202.431686401, -246.156982422, -32.9193878174, 46.5512924194], [-1205.36608887, 536.997802734, 116.851371765, 98.5281677246, 44.3733673096, 15.3295173645, 38.9000167847, -11.074549675, 23.6931171417, 23.0817317963, 23.4246406555, -44.2870635986, -0.499200969934], [-1920.8104248, 116.851371765, 484.092163086, 194.825958252, 88.7494430542, 20.2167015076, -55.1293449402, -82.6550064087, -14.375289917, 63.1447563171, 6.46284818649, 5.85446882248, -29.247385025], [-688.839416504, 98.5281677246, 194.825958252, 191.141799927, 67.0495834351, -3.35173082352, -54.5809135437, -33.2685775757, -8.52481269836, 14.2445793152, 8.54775905609, 10.8298110962, -32.9229240417], [-693.453491211, 44.3733673096, 88.7494430542, 67.0495834351, 127.663795471, 16.9457645416, -5.66512537003, -7.16562700272, 8.36905097961, 6.47043037415, -8.12022686005, 13.0918273926, -3.42436051369], [-79.6293029785, 15.3295173645, 20.2167015076, -3.35173082352, 16.9457645416, 85.2855148315, 44.4801712036, 3.91292858124, 8.78016853333, 23.6579589844, 1.04466080666, -20.7778682709, 27.7317943573], [-369.711029053, 38.9000167847, -55.1293449402, -54.5809135437, -5.66512537003, 44.4801712036, 144.634521484, 56.8977966309, 17.4938049316, 8.70824432373, 17.4388408661, -28.9633483887, 29.471616745], [157.896392822, -11.074549675, -82.6550064087, -33.2685775757, -7.16562700272, 3.91292858124, 56.8977966309, 87.8856277466, 27.6669387817, -9.74437904358, 9.3753118515, -9.75246238708, 3.03328585625], [-98.6258468628, 23.6931171417, -14.375289917, -8.52481269836, 8.36905097961, 8.78016853333, 17.4938049316, 27.6669387817, 58.289100647, 20.3740749359, -6.61592769623, -12.2575206757, 7.44437742233], [-202.431686401, 23.0817317963, 63.1447563171, 14.2445793152, 6.47043037415, 23.6579589844, 8.70824432373, -9.74437904358, 20.3740749359, 61.6428604126, 15.497754097, -15.1585769653, 14.2762870789], [-246.156982422, 23.4246406555, 6.46284818649, 8.54775905609, -8.12022686005, 1.04466080666, 17.4388408661, 9.3753118515, -6.61592769623, 15.497754097, 53.7775230408, 7.48029088974, -3.86845326424], [-32.9193878174, -44.2870635986, 5.85446882248, 10.8298110962, 13.0918273926, -20.7778682709, -28.9633483887, -9.75246238708, -12.2575206757, -15.1585769653, 7.48029088974, 60.1997680664, 0.348210990429], [46.5512924194, -0.499200969934, -29.247385025, -32.9229240417, -3.42436051369, 27.7317943573, 29.471616745, 3.03328585625, 7.44437742233, 14.2762870789, -3.86845326424, 0.348210990429, 67.7093963623]],
        "icov": [[0.000144420191646, 9.01651001186e-05, 0.000670532230288, -0.000208878293051, 0.000508278724737, -0.000411276065279, 0.000679780379869, -0.000469089573016, 0.00067706767004, -0.000737044378184, 0.000831002136692, -3.55360789399e-05, 0.00013735286484], [9.01651001186e-05, 0.00267659593374, 0.000215240899706, -0.00158800976351, -0.000143453813507, 0.000574504258111, -0.000699362484738, 0.0013143903343, -0.00156205857638, 0.00130186835304, -0.00155690871179, 0.00259764143266, -0.000923525192775], [0.000670532230288, 0.000215240899706, 0.00794936716557, -0.00471139186993, 0.00158976775128, -0.00221598567441, 0.00210237572901, 0.000118520612887, 0.00473932782188, -0.00840377435088, 0.00571097014472, -0.00135462905746, 0.00233518029563], [-0.000208878293051, -0.00158800976351, -0.00471139186993, 0.0125632565469, -0.00404954329133, -0.000348869245499, 0.00314095010981, -0.00122672785074, -0.000235292027355, 0.00221488904208, -0.00360527751036, -6.65315601509e-05, 0.00218465132639], [0.000508278724737, -0.000143453813507, 0.00158976775128, -0.00404954329133, 0.0131410956383, -0.00411977758631, 0.00120982469525, -0.00221126805991, 0.000628467008937, -0.00251227850094, 0.00642517907545, -0.0046192468144, 0.00114301906433], [-0.000411276065279, 0.000574504258111, -0.00221598567441, -0.000348869245499, -0.00411977758631, 0.0197394583374, -0.00692736497149, 0.00307283457369, -0.00121268385556, -0.00137016875669, -0.00199087383226, 0.00503990054131, -0.00597275514156], [0.000679780379869, -0.000699362484738, 0.00210237572901, 0.00314095010981, 0.00120982469525, -0.00692736497149, 0.0181582290679, -0.0104785664007, 0.00453210249543, -0.00173075671773, -0.000789687968791, 0.00407354813069, -0.00277236988768], [-0.000469089573016, 0.0013143903343, 0.000118520612887, -0.00122672785074, -0.00221126805991, 0.00307283457369, -0.0104785664007, 0.0254594963044, -0.0147798275575, 0.0101908063516, -0.0089790886268, 0.00221197167411, 0.000788858393207], [0.00067706767004, -0.00156205857638, 0.00473932782188, -0.000235292027355, 0.000628467008937, -0.00121268385556, 0.00453210249543, -0.0147798275575, 0.0340111590922, -0.0206108354032, 0.0150453597307, -0.00211327965371, 0.0021504512988], [-0.000737044378184, 0.00130186835304, -0.00840377435088, 0.00221488904208, -0.00251227850094, -0.00137016875669, -0.00173075671773, 0.0101908063516, -0.0206108354032, 0.0409199148417, -0.0213064644486, 0.0106715550646, -0.00893975328654], [0.000831002136692, -0.00155690871179, 0.00571097014472, -0.00360527751036, 0.00642517907545, -0.00199087383226, -0.000789687968791, -0.0089790886268, 0.0150453597307, -0.0213064644486, 0.0358598381281, -0.0113145299256, 0.00696256710216], [-3.55360789399e-05, 0.00259764143266, -0.00135462905746, -6.65315601509e-05, -0.0046192468144, 0.00503990054131, 0.00407354813069, 0.00221197167411, -0.00211327965371, 0.0106715550646, -0.0113145299256, 0.0274153612554, -0.00754902604967], [0.00013735286484, -0.000923525192775, 0.00233518029563, 0.00218465132639, 0.00114301906433, -0.00597275514156, -0.00277236988768, 0.000788858393207, 0.0021504512988, -0.00893975328654, 0.00696256710216, -0.00754902604967, 0.0224992632866]]
    },
    "melbands": {
        "dmean": [2.26692895922e-06, 8.18287480797e-06, 2.55252998613e-05, 4.96366374136e-05, 6.11171126366e-05, 8.81177911651e-05, 0.000106154853711, 0.000140943506267, 0.000173780499608, 0.000328241440002, 0.000268022500677, 0.000268169038463, 0.000168053069501, 8.86868801899e-05, 7.02317483956e-05, 7.20814423403e-05, 6.03427906753e-05, 5.81737840548e-05, 6.11675568507e-05, 6.00791427132e-05, 4.19008028985e-05, 3.31883784384e-05, 4.35276342614e-05, 2.41881716647e-05, 6.56165411783e-06, 4.86001226818e-06, 6.43005341772e-06, 3.42127509612e-06, 1.99329883799e-06, 1.55164832449e-06, 1.4681711491e-06, 1.48452920712e-06, 1.16861838251e-06, 9.94525748865e-07, 1.12030272703e-06, 1.2627782553e-06, 1.04483547148e-06, 7.52021776407e-07, 5.16657735261e-07, 3.11590554247e-07],
        "dmean2": [3.91026924262e-06, 1.4107894458e-05, 4.56137677247e-05, 8.54807149153e-05, 0.000105373081169, 0.00015570713731, 0.000184593431186, 0.000231771482504, 0.000297625345411, 0.000558746862225, 0.00044768807129, 0.000467237201519, 0.000293996854452, 0.000150764011778, 0.000123311125208, 0.000124478319776, 0.000103949088953, 0.000101316851215, 0.000104574122815, 0.000105403203634, 6.99910306139e-05, 5.63607572985e-05, 7.15013375157e-05, 3.83209953725e-05, 1.10433011287e-05, 8.2716705947e-06, 9.91782326309e-06, 6.10335700912e-06, 3.45582043337e-06, 2.70149894277e-06, 2.5954514058e-06, 2.54974747804e-06, 2.09243171412e-06, 1.73079854449e-06, 1.94579547497e-06, 2.13083626477e-06, 1.80331835509e-06, 1.30912201257e-06, 9.28526503685e-07, 5.60876060263e-07],
        "dvar": [1.75865051688e-11, 1.4866743947e-10, 1.87009852048e-09, 4.34291758111e-09, 6.26150553629e-09, 1.14241807125e-08, 2.03096526263e-08, 8.16605947307e-08, 5.01315717827e-08, 3.26435952047e-07, 2.02353248824e-07, 1.82698684625e-07, 7.5955327361e-08, 1.70783582831e-08, 8.38500557876e-09, 9.16808762241e-09, 6.94103130527e-09, 5.35543609459e-09, 1.00672616909e-08, 1.51043515473e-08, 9.32021837485e-09, 4.44471925931e-09, 9.38510247295e-09, 4.13153999901e-09, 3.27630728103e-10, 1.58471707978e-10, 5.45952227871e-10, 6.41272451807e-11, 9.13421508569e-12, 5.71151806406e-12, 7.45365401345e-12, 8.74122649264e-12, 3.26653135964e-12, 3.26733952394e-12, 4.9892008927e-12, 4.44525102491e-12, 3.56783786543e-12, 1.39016250768e-12, 1.24180375184e-12, 4.25242713221e-13],
        "dvar2": [5.47096500048e-11, 4.20330159567e-10, 5.59505552999e-09, 1.21052154967e-08, 1.93209608312e-08, 3.2799380989e-08, 6.03457195325e-08, 1.86083667586e-07, 1.35276295055e-07, 8.25304596219e-07, 5.55750204967e-07, 5.44064789665e-07, 2.17564675609e-07, 4.12919725079e-08, 2.43203430728e-08, 2.59468215802e-08, 1.88047941663e-08, 1.43293945598e-08, 2.82602634627e-08, 4.25367367995e-08, 2.52502907472e-08, 1.19009078148e-08, 2.09683097552e-08, 1.06607966899e-08, 5.83484593975e-10, 4.43907743897e-10, 1.05003594708e-09, 1.78537407081e-10, 2.47790329921e-11, 1.56053416717e-11, 2.17793075241e-11, 2.28391403012e-11, 9.36278051616e-12, 9.29187716353e-12, 1.42452239241e-11, 1.10412920126e-11, 1.05396073813e-11, 3.76025252602e-12, 3.42193179174e-12, 1.20737935708e-12],
        "max": [5.63504145248e-05, 0.000153047702042, 0.00049666967243, 0.000652760500088, 0.000746058649383, 0.000784015399404, 0.00109040376265, 0.0056508211419, 0.00228585861623, 0.0106433099136, 0.00622599059716, 0.00426428485662, 0.00319629255682, 0.00150887062773, 0.000684691767674, 0.00111634435598, 0.000890126277227, 0.000619711354375, 0.0011410912266, 0.00106193567626, 0.00104120012838, 0.000713020388503, 0.00107789714821, 0.000991962384433, 0.000305727706291, 0.000182678617421, 0.000528274453245, 0.000115567709145, 2.5836061468e-05, 2.52659556281e-05, 2.98886334349e-05, 3.81350437237e-05, 1.35831915031e-05, 2.25400890486e-05, 2.81209104287e-05, 2.34409744735e-05, 2.12360282603e-05, 9.25603580981e-06, 1.27274452097e-05, 6.97808900441e-06],
        "mean": [3.20610456583e-06, 1.17771542136e-05, 3.41999948432e-05, 7.16154099791e-05, 9.2905080237e-05, 0.000125674545416, 0.000141325916047, 0.000212510014535, 0.000291675503831, 0.0005322509096, 0.000499718764331, 0.000474365922855, 0.000262631481746, 0.000132445653435, 0.000106054394564, 0.000105056940811, 9.73961141426e-05, 8.92479511094e-05, 8.18449407234e-05, 6.61135782138e-05, 5.1421502576e-05, 4.59241055069e-05, 6.76534109516e-05, 4.04502134188e-05, 9.62738613453e-06, 7.10490985512e-06, 9.32861348701e-06, 4.86281169287e-06, 2.89037711809e-06, 2.3907027753e-06, 2.227119694e-06, 2.21396362576e-06, 1.65424853549e-06, 1.4329636997e-06, 1.59420153523e-06, 1.71561896423e-06, 1.48776541664e-06, 9.8961288586e-07, 6.40052064682e-07, 3.86317793755e-07],
        "median": [1.74610624981e-06, 7.21883588994e-06, 2.0439068976e-05, 4.48026985396e-05, 6.41215519863e-05, 9.12178511498e-05, 0.000102839432657, 0.0001282486337, 0.000192737803445, 0.000259694235865, 0.000245303934207, 0.000185302196769, 0.000128469750052, 8.74748511706e-05, 7.95361629571e-05, 7.32479384169e-05, 7.29718594812e-05, 6.53924798826e-05, 5.27012671228e-05, 3.77932556148e-05, 2.73768928309e-05, 2.37048516283e-05, 2.0146548195e-05, 1.04595956145e-05, 4.74675289297e-06, 3.17831745633e-06, 2.8764675335e-06, 2.23372626351e-06, 2.07729749491e-06, 1.92393531506e-06, 1.71142005456e-06, 1.43760985338e-06, 1.26451993765e-06, 1.08813037514e-06, 1.19639480545e-06, 1.11879080578e-06, 1.00154841221e-06, 6.96539871115e-07, 4.39346337089e-07, 2.65528086629e-07],
        "min": [6.98146531905e-12, 8.74055710622e-13, 9.62900223965e-13, 8.85106658105e-13, 4.64070296947e-13, 2.21296261481e-13, 2.0027301215e-13, 1.53089902409e-13, 2.39436535919e-13, 1.45888279213e-13, 3.666646522e-13, 1.10952418856e-13, 2.41940229786e-13, 3.35245286393e-13, 1.1976063316e-13, 4.49192109019e-14, 1.84860387089e-13, 9.8968969413e-14, 1.04438952332e-13, 2.32342167424e-13, 1.99313344149e-13, 5.08571700378e-13, 2.61185089398e-13, 4.25187798381e-13, 5.06284738525e-13, 1.9617307453e-13, 1.91237447427e-13, 1.03899934446e-13, 1.30667151361e-13, 1.75128263128e-13, 1.64135591512e-13, 1.70599903019e-13, 2.73669053998e-13, 2.31606780195e-13, 2.48516105698e-13, 1.88433781924e-13, 2.21706184769e-13, 1.95717370804e-13, 1.73964223018e-13, 2.23757468175e-13],
        "stdev": [4.65107086711e-06, 1.51310778165e-05, 4.59193943243e-05, 8.30035278341e-05, 9.73936766968e-05, 0.00012536176655, 0.00014961391571, 0.000388110202039, 0.000317536323564, 0.000956732896157, 0.00076854636427, 0.00070164486533, 0.000382985948818, 0.000159442715812, 0.000101958212326, 0.000108613327029, 0.00010673788347, 9.05551278265e-05, 0.000101808240288, 0.000108213818748, 8.77603670233e-05, 6.91647146596e-05, 0.000130491534946, 8.73554163263e-05, 2.34026883845e-05, 1.42391154441e-05, 3.78327677026e-05, 1.06957504613e-05, 3.21445327245e-06, 2.47096136263e-06, 2.58757404481e-06, 3.30247985403e-06, 1.79330072569e-06, 1.71189162756e-06, 2.09546510632e-06, 2.39198834606e-06, 2.11517067328e-06, 1.18355376344e-06, 9.72524162535e-07, 5.51749735678e-07],
