{
"lowlevel": {
    "average_loudness": 0.72263687849,
    "barkbands_crest": {
        "dmean": 3.28353834152,
        "dmean2": 5.55787181854,
        "dvar": 8.86674594879,
        "dvar2": 26.0594844818,
        "max": 23.7263126373,
        "mean": 8.68409824371,
        "median": 7.73253631592,
        "min": 4.35295820236,
        "stdev": 3.93793725967,
        "var": 15.5073490143
    },
    "barkbands_flatness_db": {
        "dmean": 0.0235856417567,
        "dmean2": 0.0385042056441,
        "dvar": 0.000649202789646,
        "dvar2": 0.00162637245376,
        "max": 0.304204434156,
        "mean": 0.212245255709,
        "median": 0.203138828278,
        "min": 0.0633423626423,
        "stdev": 0.0421185046434,
        "var": 0.00177396845538
    },
    "barkbands_kurtosis": {
        "dmean": 1.90917229652,
        "dmean2": 3.35982966423,
        "dvar": 7.11984062195,
        "dvar2": 22.0097103119,
        "max": 18.9178066254,
        "mean": 2.05767607689,
        "median": 1.30952548981,
        "min": -0.951818227768,
        "stdev": 2.41200375557,
        "var": 5.81776189804
    },
    "barkbands_skewness": {
        "dmean": 0.588095545769,
        "dmean2": 0.999113798141,
        "dvar": 0.373883664608,
        "dvar2": 1.03362607956,
        "max": 4.1690864563,
        "mean": 0.855855882168,
        "median": 0.785617887974,
        "min": -1.12103903294,
        "stdev": 0.681778311729,
        "var": 0.464821636677
    },
    "barkbands_spread": {
        "dmean": 3.00938487053,
        "dmean2": 4.47434568405,
        "dvar": 33.4618301392,
        "dvar2": 38.6745796204,
        "max": 81.7028656006,
        "mean": 9.04462623596,
        "median": 6.89222812653,
        "min": 3.22214317322,
        "stdev": 8.07089138031,
        "var": 65.139289856
    },
    "dissonance": {
        "dmean": 0.0306617598981,
        "dmean2": 0.0525300689042,
        "dvar": 0.00083528587129,
        "dvar2": 0.00243197707459,
        "max": 0.494041800499,
        "mean": 0.455906122923,
        "median": 0.463088005781,
        "min": 0.32716012001,
        "stdev": 0.0309450943023,
        "var": 0.000957598909736
    },
    "dynamic_complexity": 14.8945026398,
    "erbbands_crest": {
        "dmean": 1.95105183125,
        "dmean2": 3.3384783268,
        "dvar": 3.18530082703,
        "dvar2": 8.58567905426,
        "max": 17.4897823334,
        "mean": 7.58993339539,
        "median": 7.20164775848,
        "min": 4.31802082062,
        "stdev": 2.08132362366,
        "var": 4.33190822601
    },
    "erbbands_flatness_db": {
        "dmean": 0.0181801877916,
        "dmean2": 0.0301803406328,
        "dvar": 0.00031327054603,
        "dvar2": 0.000571620534174,
        "max": 0.359768092632,
        "mean": 0.260082155466,
        "median": 0.246407836676,
        "min": 0.0967087373137,
        "stdev": 0.0442261584103,
        "var": 0.001955952961
    },
    "erbbands_kurtosis": {
        "dmean": 1.02285850048,
        "dmean2": 1.70184731483,
        "dvar": 0.667361021042,
        "dvar2": 1.66155588627,
        "max": 5.79985141754,
        "mean": 1.61002707481,
        "median": 1.43267822266,
        "min": -0.707083940506,
        "stdev": 1.31278324127,
        "var": 1.72339975834
    },
    "erbbands_skewness": {
        "dmean": 0.340756028891,
        "dmean2": 0.56920081377,
        "dvar": 0.122563056648,
        "dvar2": 0.29127022624,
        "max": 1.84811747074,
        "mean": 0.607346475124,
        "median": 0.623640656471,
        "min": -0.932556927204,
        "stdev": 0.393004387617,
        "var": 0.154452443123
    },
    "erbbands_spread": {
        "dmean": 3.48773264885,
        "dmean2": 5.83720541,
        "dvar": 12.6609487534,
        "dvar2": 32.0316581726,
        "max": 38.2749176025,
        "mean": 13.7268562317,
        "median": 12.3788709641,
        "min": 5.13935422897,
        "stdev": 5.82110548019,
        "var": 33.885269165
    },
    "hfc": {
        "dmean": 2.60606312752,
        "dmean2": 3.98572659492,
        "dvar": 148.768493652,
        "dvar2": 233.226547241,
        "max": 103.78427124,
        "mean": 3.67760848999,
        "median": 0.0488720498979,
        "min": 1.46335906948e-07,
        "stdev": 14.5417089462,
        "var": 211.461303711
    },
    "loudness_ebu128": {
        "integrated": -21.9414291382,
        "loudness_range": 0,
        "momentary": {
            "dmean": 1.57966411114,
            "dmean2": 0.613332808018,
            "dvar": 0.970848798752,
            "dvar2": 0.302755057812,
            "max": -14.5649757385,
            "mean": -37.9339141846,
            "median": -40.9437446594,
            "min": -48.5873947144,
            "stdev": 9.69878387451,
            "var": 94.06640625
        },
        "short_term": {
            "dmean": 0,
            "dmean2": 0,
            "dvar": 0,
            "dvar2": 0,
            "max": -23.0863666534,
            "mean": -23.0863666534,
            "median": -23.0863666534,
            "min": -23.0863666534,
            "stdev": 0,
            "var": 0
        }
    },
    "melbands_crest": {
        "dmean": 3.84210109711,
        "dmean2": 6.60895347595,
        "dvar": 17.1014060974,
        "dvar2": 51.3149604797,
        "max": 31.1229000092,
        "mean": 10.3677883148,
        "median": 8.77416801453,
        "min": 5.01080322266,
        "stdev": 5.11409473419,
        "var": 26.1539669037
    },
    "melbands_flatness_db": {
        "dmean": 0.0229167640209,
        "dmean2": 0.0332391746342,
        "dvar": 0.000654561212286,
        "dvar2": 0.00114136270713,
        "max": 0.401826381683,
        "mean": 0.289446383715,
        "median": 0.293896853924,
        "min": 0.0540109872818,
        "stdev": 0.0489915460348,
        "var": 0.00240017147735
    },
    "melbands_kurtosis": {
        "dmean": 2.0000166893,
        "dmean2": 3.35036540031,
        "dvar": 7.22410917282,
        "dvar2": 19.6463718414,
        "max": 19.6593055725,
        "mean": 2.19889044762,
        "median": 1.81354570389,
        "min": -0.890933990479,
        "stdev": 2.33877754211,
        "var": 5.4698805809
    },
    "melbands_skewness": {
        "dmean": 0.506335020065,
        "dmean2": 0.849238991737,
        "dvar": 0.178018197417,
        "dvar2": 0.520254313946,
        "max": 2.98585915565,
        "mean": 1.00300931931,
        "median": 0.999882817268,
        "min": -0.0836871936917,
        "stdev": 0.516741931438,
        "var": 0.267022252083
    },
    "melbands_spread": {
        "dmean": 4.02883243561,
        "dmean2": 5.84919261932,
        "dvar": 206.377670288,
        "dvar2": 212.019577026,
        "max": 171.047042847,
        "mean": 12.9627742767,
        "median": 9.95950317383,
        "min": 4.78482198715,
        "stdev": 15.1240987778,
        "var": 228.738372803
    },
    "pitch_salience": {
        "dmean": 0.0909691154957,
        "dmean2": 0.153877601027,
        "dvar": 0.00993985403329,
        "dvar2": 0.029532276094,
        "max": 0.87204092741,
        "mean": 0.701479911804,
        "median": 0.742684185505,
        "min": 0.164107650518,
        "stdev": 0.145906299353,
        "var": 0.0212886501104
    },
    "silence_rate_20dB": {
        "dmean": 0,
        "dmean2": 0,
        "dvar": 0,
        "dvar2": 0,
        "max": 1,
        "mean": 1,
        "median": 1,
        "min": 1,
        "stdev": 0,
        "var": 0
    },
    "silence_rate_30dB": {
        "dmean": 0.0163934417069,
        "dmean2": 0.024793388322,
        "dvar": 0.0161246526986,
        "dvar2": 0.024178609252,
        "max": 1,
        "mean": 0.983739852905,
        "median": 1,
        "min": 0,
        "stdev": 0.126474440098,
        "var": 0.0159957837313
    },
    "silence_rate_60dB": {
        "dmean": 0.0163934417069,
        "dmean2": 0.024793388322,
        "dvar": 0.0161246601492,
        "dvar2": 0.0241786167026,
        "max": 1,
        "mean": 0.853658556938,
        "median": 1,
        "min": 0,
        "stdev": 0.353448092937,
        "var": 0.124925561249
    },
    "spectral_centroid": {
        "dmean": 117.891311646,
        "dmean2": 173.12147522,
        "dvar": 103652.15625,
        "dvar2": 109756.875,
        "max": 4143.79199219,
        "mean": 664.353210449,
        "median": 571.750610352,
        "min": 394.976501465,
        "stdev": 377.548828125,
        "var": 142543.109375
    },
    "spectral_complexity": {
        "dmean": 1.05737709999,
        "dmean2": 1.42975211143,
        "dvar": 6.5131020546,
        "dvar2": 7.8649020195,
        "max": 35,
        "mean": 3.60975599289,
        "median": 0,
        "min": 0,
        "stdev": 6.42610549927,
        "var": 41.294834137
    },
    "spectral_decrease": {
        "dmean": 1.08226783091e-09,
        "dmean2": 1.59412483214e-09,
        "dvar": 2.09750669467e-17,
        "dvar2": 3.58634709397e-17,
        "max": -1.02572298472e-18,
        "mean": -1.58241275638e-09,
        "median": -5.88860071815e-11,
        "min": -4.01761433011e-08,
        "stdev": 5.80894043978e-09,
        "var": 3.37437908415e-17
    },
    "spectral_energy": {
        "dmean": 0.00432074069977,
        "dmean2": 0.00637693982571,
        "dvar": 0.000337710866006,
        "dvar2": 0.000574196688831,
        "max": 0.161047801375,
        "mean": 0.00630595767871,
        "median": 0.000231882542721,
        "min": 1.71444091562e-11,
        "stdev": 0.0232303291559,
        "var": 0.000539648230188
    },
    "spectral_energyband_high": {
        "dmean": 2.13200364669e-05,
        "dmean2": 2.98002705676e-05,
        "dvar": 1.16668763539e-08,
        "dvar2": 2.47073703719e-08,
        "max": 0.000913624884561,
        "mean": 1.62437554536e-05,
        "median": 1.59058998861e-07,
        "min": 1.0685630332e-11,
        "stdev": 9.28661611397e-05,
        "var": 8.62412452562e-09
    },
    "spectral_energyband_low": {
        "dmean": 0.000147764949361,
        "dmean2": 0.000203293267987,
        "dvar": 2.11053901467e-07,
        "dvar2": 4.0488293962e-07,
        "max": 0.0056213545613,
        "mean": 0.00018847946194,
        "median": 1.57144149853e-05,
        "min": 1.97866592902e-12,
        "stdev": 0.000637151533738,
        "var": 4.05962083505e-07
    },
    "spectral_energyband_middle_high": {
        "dmean": 0.00106117420364,
        "dmean2": 0.00140390440356,
        "dvar": 2.44238690357e-05,
        "dvar2": 5.05006646563e-05,
        "max": 0.0496199131012,
        "mean": 0.00117459299508,
        "median": 1.73867229023e-05,
        "min": 2.03290596162e-12,
        "stdev": 0.00527319917455,
        "var": 2.78066290775e-05
    },
    "spectral_energyband_middle_low": {
        "dmean": 0.00338177522644,
        "dmean2": 0.00498355925083,
        "dvar": 0.000214784988202,
        "dvar2": 0.000380701239919,
        "max": 0.117108650506,
        "mean": 0.00503508886322,
        "median": 7.58785899961e-05,
        "min": 6.51052508346e-13,
        "stdev": 0.0183209404349,
        "var": 0.000335656863172
    },
    "spectral_entropy": {
        "dmean": 0.154006332159,
        "dmean2": 0.199593096972,
        "dvar": 0.0320115312934,
        "dvar2": 0.0338425114751,
        "max": 8.92313098907,
        "mean": 6.91196489334,
        "median": 6.80079460144,
        "min": 6.14909553528,
        "stdev": 0.395520597696,
        "var": 0.156436532736
    },
    "spectral_flux": {
        "dmean": 0.00945678912103,
        "dmean2": 0.0136428978294,
        "dvar": 0.00104693090543,
        "dvar2": 0.0018863119185,
        "max": 0.342391699553,
        "mean": 0.0286022741348,
        "median": 0.0112587762997,
        "min": 0.000122808894957,
        "stdev": 0.0550563894212,
        "var": 0.00303120608442
    },
    "spectral_kurtosis": {
        "dmean": 9.11588764191,
        "dmean2": 16.3557491302,
        "dvar": 113.926933289,
        "dvar2": 283.469726562,
        "max": 75.0983428955,
        "mean": 16.5223522186,
        "median": 13.0296554565,
        "min": 0.96062040329,
        "stdev": 13.6096191406,
        "var": 185.221740723
    },
    "spectral_rms": {
        "dmean": 0.000385793595342,
        "dmean2": 0.000560394430067,
        "dvar": 1.36349990498e-06,
        "dvar2": 1.96278324438e-06,
        "max": 0.0125347441062,
        "mean": 0.00119727209676,
        "median": 0.000475633132737,
        "min": 1.29330018694e-07,
        "stdev": 0.00217225542292,
        "var": 4.71869316243e-06
    },
    "spectral_rolloff": {
        "dmean": 297.581817627,
        "dmean2": 410.910522461,
        "dvar": 2096284.5,
        "dvar2": 2105106.5,
        "max": 17054.296875,
        "mean": 894.590698242,
        "median": 775.1953125,
        "min": 21.533203125,
        "stdev": 1481.45043945,
        "var": 2194695.5
    },
    "spectral_skewness": {
        "dmean": 0.675767719746,
        "dmean2": 1.17710542679,
        "dvar": 0.481229662895,
        "dvar2": 1.18852806091,
        "max": 6.54435491562,
        "mean": 2.83416771889,
        "median": 2.85271000862,
        "min": 0.765519917011,
        "stdev": 1.10174119473,
        "var": 1.21383357048
    },
    "spectral_spread": {
        "dmean": 359104.09375,
        "dmean2": 506061,
        "dvar": 560625745920,
        "dvar2": 336134176768,
        "max": 14327346,
        "mean": 2202000.5,
        "median": 2119683.75,
        "min": 997753.8125,
        "stdev": 1345831.5,
        "var": 1.81126247219e+12
    },
    "spectral_strongpeak": {
        "dmean": 0.0661240518093,
        "dmean2": 0.104413665831,
        "dvar": 0.0191937815398,
        "dvar2": 0.0343630127609,
        "max": 1.5179721117,
        "mean": 0.133587539196,
        "median": 0.0248939730227,
        "min": 0,
        "stdev": 0.270891368389,
        "var": 0.0733821392059
    },
    "zerocrossingrate": {
        "dmean": 0.00710809417069,
        "dmean2": 0.00755827082321,
        "dvar": 0.00122074619867,
        "dvar2": 0.000933482137043,
        "max": 0.48486328125,
        "mean": 0.0315358228981,
        "median": 0.02685546875,
        "min": 0.00927734375,
        "stdev": 0.0422341972589,
        "var": 0.00178372731898
    },
    "barkbands": {
        "dmean": [6.65175466565e-05, 3.47772693203e-05, 7.28754966985e-05, 9.68986787484e-05, 0.000672955880873, 0.000793495681137, 0.000458253052784, 0.000793981307652, 0.00138579879422, 0.000495162326843, 0.000386571569834, 0.000160126306582, 0.000118263065815, 2.95594818454e-05, 3.71265268768e-05, 1.14530630526e-05, 1.05318240458e-05, 1.15020266094e-05, 4.69171618533e-06, 1.22065157484e-05, 7.66334142099e-06, 2.04416346605e-06, 5.82847746955e-07, 1.12807491348e-07, 6.0170619598e-09, 6.00967586806e-09, 4.44085074269e-10],
        "dmean2": [0.000121881625091, 6.25178363407e-05, 7.97507746029e-05, 0.000157982620294, 0.000972807174549, 0.0012810411863, 0.000650966831017, 0.00117445515934, 0.00206236331724, 0.000707531173248, 0.000607048219535, 0.00023830657301, 0.000184591830475, 4.08833329857e-05, 4.97491637361e-05, 1.62129726959e-05, 1.24745020003e-05, 1.53214623424e-05, 6.37838365947e-06, 1.87134373846e-05, 1.03374832179e-05, 2.72440365734e-06, 6.8960707722e-07, 1.52313518242e-07, 8.88298856694e-09, 8.63952287489e-09, 6.5227256929e-10],
        "dvar": [3.99245685401e-08, 2.65347033235e-08, 6.48456079944e-08, 7.90408876128e-08, 6.03190301263e-06, 1.48813251144e-05, 2.89106174023e-06, 1.13002006401e-05, 4.84210868308e-05, 6.96796314514e-06, 2.77832396023e-06, 6.38213464299e-07, 2.29796967233e-07, 2.71161120224e-08, 5.2584756105e-08, 3.06340375289e-09, 2.47832221412e-09, 2.03177319413e-09, 5.29168597829e-10, 4.04923561348e-09, 1.39806599631e-09, 1.40391309689e-10, 1.15292411035e-11, 4.52103442574e-13, 2.00065709306e-15, 1.87423721393e-15, 2.99101726618e-18],
        "dvar2": [1.20604184417e-07, 7.43067474218e-08, 9.46244611555e-08, 2.11272777051e-07, 1.4965419723e-05, 3.97705480282e-05, 5.8803311731e-06, 2.74509657174e-05, 0.000107117317384, 9.77067247732e-06, 7.36734000384e-06, 1.58272996487e-06, 5.42522570868e-07, 5.75092897748e-08, 1.17225233964e-07, 4.19566914545e-09, 4.0728753703e-09, 4.06018196841e-09, 1.16858989152e-09, 9.47250278216e-09, 2.38781416861e-09, 2.98046670677e-10, 2.09434466297e-11, 9.67882783469e-13, 4.93739951878e-15, 4.51570077785e-15, 6.52958632525e-18],
        "max": [0.00140120787546, 0.00156234158203, 0.0032282860484, 0.00256356713362, 0.0206823330373, 0.0420692972839, 0.0199761558324, 0.0302257649601, 0.060057990253, 0.0229995362461, 0.0146991489455, 0.00834573432803, 0.0044836755842, 0.00152988545597, 0.00202594813891, 0.000511815480422, 0.000514986226335, 0.000417711649789, 0.000215447114897, 0.000507805321831, 0.000323725136695, 0.00010579686932, 3.19237624353e-05, 5.97208691033e-06, 3.61786248959e-07, 3.55533359198e-07, 1.74063483627e-08],
        "mean": [4.85862983624e-05, 3.23880813085e-05, 9.7060619737e-05, 0.000114813999971, 0.000671549409162, 0.00124480365776, 0.000834199949168, 0.000837100378703, 0.00110035412945, 0.000579748826567, 0.000325117376633, 0.000184141026693, 0.000117225252325, 2.92146251013e-05, 2.934960321e-05, 1.45218436955e-05, 1.16745877676e-05, 1.23468471429e-05, 4.15031081502e-06, 8.24093694973e-06, 7.05783804733e-06, 1.68443546045e-06, 5.43391763586e-07, 8.19515548756e-08, 3.55287466114e-09, 3.72433794915e-09, 1.20169629803e-09],
        "median": [9.72042926151e-07, 2.05990500035e-06, 1.51966332851e-06, 2.45665341936e-06, 1.25826827571e-05, 2.21136506298e-05, 8.10198525869e-06, 6.27206327408e-06, 9.68191761785e-06, 5.41356666872e-06, 4.60192404717e-06, 3.47569198311e-06, 3.15854299515e-06, 3.30785894676e-07, 3.69248937204e-07, 3.86424744647e-07, 2.40676598651e-07, 2.39383183498e-07, 4.81400768138e-08, 6.75422953123e-08, 7.64257279684e-08, 2.11230535285e-08, 9.64216884114e-09, 2.4313753233e-09, 2.40597874956e-10, 3.73546304999e-10, 5.78786185645e-10],
        "min": [1.50540951233e-12, 1.03770464444e-12, 1.64897189328e-13, 1.13604492567e-13, 1.31529308929e-13, 3.21234162046e-14, 1.30277597521e-14, 1.24742501485e-13, 2.20029642293e-13, 4.9780353315e-14, 1.40131292732e-14, 2.98921552387e-14, 5.25160528942e-14, 1.71313646862e-13, 1.6792254707e-13, 4.46570379417e-13, 1.91956937541e-13, 3.6520024743e-13, 4.32391237615e-13, 2.94359886943e-13, 8.55093665146e-13, 1.3678739131e-12, 1.37948691099e-12, 7.61164894135e-13, 1.92482119653e-12, 1.76417810482e-12, 2.64028751119e-12],
        "stdev": [0.000165381483384, 0.000148690785863, 0.000394604518078, 0.000334346870659, 0.00265310471877, 0.00465056113899, 0.0029330609832, 0.00337962154299, 0.00587911484763, 0.00282759265974, 0.00154096388724, 0.000824468384963, 0.00048262544442, 0.000152471897309, 0.000188374964637, 6.42769809929e-05, 5.64965994272e-05, 5.04352319695e-05, 2.23603456107e-05, 5.04744639329e-05, 3.67888569599e-05, 1.01067371361e-05, 3.20880781146e-06, 5.58981810173e-07, 3.24820881303e-08, 3.19627382339e-08, 2.13450235265e-09],
        "var": [2.73510334381e-08, 2.21089511143e-08, 1.55712726269e-07, 1.11787834101e-07, 7.03896421328e-06, 2.16277185245e-05, 8.60284671944e-06, 1.1421841009e-05, 3.45639891748e-05, 7.99528061179e-06, 2.37456970353e-06, 6.79748097809e-07, 2.32927305888e-07, 2.32476793371e-08, 3.54851295015e-08, 4.13153067313e-09, 3.19186588271e-09, 2.54371279595e-09, 4.99985053359e-10, 2.54767162922e-09, 1.3534200427e-09, 1.0214613877e-10, 1.02964477222e-11, 3.12460669318e-13, 1.05508615608e-15, 1.02161670796e-15, 4.55610047418e-18]
    },
    "erbbands": {
        "dmean": [0.000744799850509, 0.0102775525302, 0.0822452530265, 0.171409651637, 1.35772490501, 1.890807271, 7.89419698715, 5.14567184448, 7.95736503601, 8.20913982391, 21.6379833221, 29.4919872284, 28.7492389679, 16.2838115692, 13.6203641891, 5.92466640472, 5.44043302536, 1.85390007496, 1.6811375618, 1.23848843575, 0.640413463116, 0.647676706314, 0.620530247688, 0.346294522285, 0.184194713831, 0.582788109779, 0.560621857643, 0.166703358293, 0.0751266852021, 0.0372318327427, 0.0171969402581, 0.00495497183874, 0.00087842065841, 0.000117795738333, 3.82920989068e-05, 3.67803331756e-05, 8.27651274449e-06, 1.9402241378e-06, 2.1616488084e-06, 4.93662673762e-06],
        "dmean2": [0.00118735211436, 0.0179374199361, 0.101845785975, 0.25933855772, 2.24093723297, 2.95716142654, 14.5731515884, 7.18255519867, 13.1821651459, 11.2569236755, 32.7532615662, 43.0124435425, 40.2220840454, 24.3494987488, 22.2642269135, 7.79905986786, 8.19353485107, 2.08038687706, 2.36363530159, 1.60815048218, 0.87738776207, 0.792096912861, 0.841887712479, 0.463235169649, 0.25342810154, 0.909934282303, 0.762453496456, 0.250886023045, 0.101286120713, 0.0463913418353, 0.0205789320171, 0.0065871537663, 0.00113553425763, 0.000164429206052, 5.44181166333e-05, 5.31073019374e-05, 1.13591349873e-05, 2.43318231696e-06, 3.2146463127e-06, 7.30542387828e-06],
        "dvar": [3.02661487694e-06, 0.00297454558313, 0.118385650218, 0.256733447313, 30.645116806, 47.4564361572, 1860.54150391, 300.279388428, 996.21697998, 859.954589844, 8553.37890625, 18834.6953125, 26150.2988281, 6892.17871094, 4376.83935547, 774.726135254, 539.911071777, 91.4593048096, 114.323448181, 49.0443878174, 10.7291183472, 9.18189716339, 5.68918848038, 2.77121758461, 0.818232893944, 8.6210641861, 8.16683387756, 0.719898104668, 0.176692441106, 0.044501774013, 0.00993978604674, 0.000813706312329, 2.71197095572e-05, 6.51474408642e-07, 7.11264434017e-08, 7.03186984197e-08, 2.86675705397e-09, 9.61892857032e-11, 8.75864658578e-11, 4.47035686246e-10],
        "dvar2": [7.58276428314e-06, 0.00818519946188, 0.228357776999, 0.570217192173, 80.8111038208, 115.905097961, 5800.13427734, 524.937988281, 2771.97216797, 1601.9987793, 20966.0410156, 40210.1640625, 56439.171875, 17774.7558594, 11814.4560547, 1660.51916504, 1290.08178711, 137.402740479, 258.91885376, 101.76285553, 15.2004098892, 16.1033325195, 10.1247167587, 5.93650627136, 1.61210048199, 20.5561466217, 16.7107429504, 1.18387234211, 0.373489141464, 0.085151553154, 0.0187901183963, 0.00169716391247, 5.60281623621e-05, 1.5125151549e-06, 1.68307607851e-07, 1.69788194171e-07, 6.46205000621e-09, 1.80026646368e-10, 1.45608983204e-10, 7.54645790302e-10],
        "max": [0.012282830663, 0.529266059399, 4.10687160492, 5.61880254745, 46.9841079712, 66.7780303955, 370.965423584, 223.847183228, 320.925811768, 284.688659668, 839.140686035, 1185.32287598, 1429.15734863, 795.760070801, 595.171875, 311.859436035, 224.816467285, 93.6036148071, 95.4402389526, 63.9488334656, 31.6951999664, 30.6821899414, 21.608549118, 15.6429042816, 8.45355033875, 22.4792480469, 24.7946872711, 6.89953374863, 3.72917199135, 1.96763730049, 0.931501507759, 0.255839467049, 0.0468811504543, 0.00684981327504, 0.00223209988326, 0.00217960146256, 0.000463959062472, 9.20314851101e-05, 8.12626676634e-05, 0.000184934338904],
        "mean": [0.000841869506985, 0.00957631599158, 0.098509721458, 0.256015062332, 1.33835041523, 2.00915455818, 7.3653793335, 9.36354064941, 11.6253404617, 13.2008247375, 21.2974281311, 24.3119983673, 22.4873256683, 15.9716520309, 11.2977457047, 7.6869893074, 5.53587532043, 2.23052215576, 1.49268770218, 1.13792097569, 0.771806001663, 0.695820093155, 0.714622020721, 0.326891809702, 0.176512941718, 0.394975632429, 0.437903732061, 0.16523258388, 0.0616063512862, 0.0343211814761, 0.0148845398799, 0.00378512707539, 0.000664356746711, 7.85368611105e-05, 2.59398439084e-05, 2.29399956879e-05, 6.73571184961e-06, 2.42588589572e-06, 3.24495249515e-06, 7.20019534128e-06],
        "median": [5.59258442081e-05, 0.000470465223771, 0.00161054055206, 0.00552673079073, 0.0232619047165, 0.0400563701987, 0.0919004827738, 0.201852381229, 0.153266891837, 0.146396100521, 0.16472440958, 0.213808715343, 0.184821635485, 0.18865776062, 0.180495992303, 0.149740293622, 0.150304764509, 0.03547238186, 0.0166841894388, 0.0259494967759, 0.0137761216611, 0.0139846196398, 0.0139701794833, 0.00542728463188, 0.00262647797354, 0.00340498541482, 0.00378488120623, 0.00200207508169, 0.000845169881359, 0.000531687983312, 0.000243164118729, 9.57485026447e-05, 1.28041920107e-05, 3.06844435727e-06, 2.05504511541e-06, 1.44602006458e-06, 8.03677892236e-07, 3.32724653163e-07, 1.8741749841e-07, 2.65177448e-07],
        "min": [5.40698874563e-11, 1.52195811509e-10, 2.08693923254e-10, 3.07262743027e-10, 4.40060515805e-10, 4.16439716044e-10, 3.60067892169e-10, 2.15292811356e-10, 2.31998600886e-10, 4.53343584894e-10, 4.36370450885e-09, 5.30047339353e-09, 1.98937555318e-09, 8.61459792389e-10, 6.50446196904e-10, 1.59218149776e-09, 2.46883358201e-09, 5.77495473664e-09, 1.1407302658e-08, 8.11595857186e-09, 2.81473102604e-08, 1.26218564489e-08, 1.81589303594e-08, 9.83828130074e-09, 3.21053370556e-08, 1.41999860759e-08, 1.69752354395e-08, 5.31975317131e-08, 6.13205912714e-08, 2.20865690181e-08, 4.5017515049e-08, 1.64097375688e-08, 1.54582746603e-08, 2.08550225977e-08, 1.45477292435e-08, 6.85406931211e-09, 3.63521213131e-09, 1.20560683659e-09, 3.88130722007e-10, 3.95848527568e-11],
        "stdev": [0.00194455834571, 0.0509784333408, 0.448494940996, 0.737993836403, 5.43568134308, 7.68980169296, 36.2481384277, 30.3139514923, 42.4893836975, 44.0157737732, 91.2099990845, 120.9739151, 133.563812256, 77.8988723755, 58.2252197266, 32.3320808411, 23.2573261261, 10.4529523849, 9.05260848999, 6.12800931931, 3.72639918327, 3.35131406784, 2.81715512276, 1.65316617489, 0.918826580048, 2.33512544632, 2.49343347549, 0.858659625053, 0.360122352839, 0.196019470692, 0.0920415744185, 0.024347230792, 0.00445363204926, 0.000621751940344, 0.000201599992579, 0.000196115783183, 4.25067155447e-05, 9.70258042798e-06, 1.17416120702e-05, 2.6613852242e-05],
        "var": [3.78130698664e-06, 0.00259880069643, 0.201147705317, 0.544634878635, 29.5466327667, 59.1330490112, 1313.9276123, 918.93560791, 1805.34777832, 1937.38830566, 8319.26367188, 14634.6884766, 17839.2910156, 6068.234375, 3390.17626953, 1045.36340332, 540.903198242, 109.264205933, 81.9497146606, 37.5524978638, 13.8860502243, 11.231306076, 7.93636274338, 2.7329583168, 0.844242334366, 5.45281124115, 6.21721029282, 0.73729634285, 0.129688099027, 0.0384236313403, 0.00847165193409, 0.000592787691858, 1.98348370759e-05, 3.86575464972e-07, 4.0642554211e-08, 3.84613976223e-08, 1.80682080408e-09, 9.41400637999e-11, 1.37865455163e-10, 7.08297087648e-10]
    },
    "gfcc": {
        "mean": [-325.109375, 178.849777222, -136.420928955, -7.94499349594, -69.909538269, -16.677482605, -8.29014015198, -23.1218242645, -9.89019870758, -12.2066850662, -7.48016691208, 0.888441622257, -8.63436222076],
        "cov": [[20828.7167969, 3665.52050781, -3796.35473633, 56.1099510193, -197.428100586, -1358.0098877, 519.51574707, -1099.00732422, 400.547149658, -777.493286133, 216.826431274, -504.889404297, 252.417816162], [3665.52050781, 1114.49621582, -490.847442627, -188.668228149, -31.8047027588, -234.57611084, 83.1720581055, -199.102844238, 46.0425300598, -158.025009155, 34.179775238, -75.0636749268, 5.42005348206], [-3796.35473633, -490.847442627, 1080.18444824, -181.853271484, -32.1950874329, 283.671875, -140.557525635, 240.752792358, -100.279205322, 142.617889404, -60.2178001404, 98.6602478027, -98.7846755981], [56.1099510193, -188.668228149, -181.853271484, 317.774169922, 93.8730010986, 29.8638477325, 60.9094848633, 4.45836925507, 48.4169998169, 43.2117767334, 47.1835975647, 35.9694900513, 59.0141296387], [-197.428100586, -31.8047027588, -32.1950874329, 93.8730010986, 141.155944824, 27.5115261078, 41.4933776855, 33.6053733826, 43.5646591187, 27.4028968811, 25.1754589081, 19.522315979, 33.9101028442], [-1358.0098877, -234.57611084, 283.671875, 29.8638477325, 27.5115261078, 148.566146851, -13.5403375626, 102.400497437, -17.3210735321, 72.7222442627, -4.5998210907, 51.847694397, -14.8393192291], [519.51574707, 83.1720581055, -140.557525635, 60.9094848633, 41.4933776855, -13.5403375626, 70.7882995605, -5.70717811584, 30.2257499695, -6.48447751999, 21.235332489, -0.880369722843, 26.1044387817], [-1099.00732422, -199.102844238, 240.752792358, 4.45836925507, 33.6053733826, 102.400497437, -5.70717811584, 114.363349915, 8.515832901, 64.6740646362, 2.75782155991, 42.6834068298, -6.89776182175], [400.547149658, 46.0425300598, -100.279205322, 48.4169998169, 43.5646591187, -17.3210735321, 30.2257499695, 8.515832901, 66.0603256226, 12.9093265533, 30.8398761749, 7.23016643524, 24.6623783112], [-777.493286133, -158.025009155, 142.617889404, 43.2117767334, 27.4028968811, 72.7222442627, -6.48447751999, 64.6740646362, 12.9093265533, 73.4785003662, 22.0929870605, 47.8750534058, 7.0252366066], [216.826431274, 34.179775238, -60.2178001404, 47.1835975647, 25.1754589081, -4.5998210907, 21.235332489, 2.75782155991, 30.8398761749, 22.0929870605, 53.2234802246, 39.5133323669, 27.797416687], [-504.889404297, -75.0636749268, 98.6602478027, 35.9694900513, 19.522315979, 51.847694397, -0.880369722843, 42.6834068298, 7.23016643524, 47.8750534058, 39.5133323669, 67.3760681152, 22.154460907], [252.417816162, 5.42005348206, -98.7846755981, 59.0141296387, 33.9101028442, -14.8393192291, 26.1044387817, -6.89776182175, 24.6623783112, 7.0252366066, 27.797416687, 22.154460907, 47.1559486389]],
        "icov": [[0.000530955323484, -0.00108327285852, 0.000455624889582, -0.000576379301492, 0.00155630672816, 4.51457963209e-05, -0.000114736081741, -9.42508195294e-05, -0.000984925078228, 0.00106484885328, -0.0026128583122, 0.00346794095822, -0.00182961800601], [-0.00108327285852, 0.00506516732275, -0.00114762003068, 0.00375182926655, -0.00401873653755, 0.000163117845659, -0.00411910237744, 0.00541501538828, -0.00120789732318, 0.000722960161511, 0.00431301491335, -0.0104674063623, 0.00702986773103], [0.000455624889582, -0.00114762003068, 0.00581220304593, 0.00106349121779, 9.72016496235e-05, -0.00129581347574, 0.00398244382814, -0.0056638950482, 0.00175616389606, -0.00141437386628, 0.00455441046506, -0.00558914523572, 0.00426041521132], [-0.000576379301492, 0.00375182926655, 0.00106349121779, 0.00933589227498, -0.00427136337385, -0.00434122560546, -0.00475686183199, 0.00780401192605, -0.0020039412193, -0.0031924478244, 0.00247720163316, -0.00669885706156, 0.00188919471111], [0.00155630672816, -0.00401873653755, 9.72016496235e-05, -0.00427136337385, 0.017476817593, -0.0032395136077, -0.00188600982074, -0.00352435186505, -0.00635376945138, 0.00361778330989, -0.0115060666576, 0.0186040494591, -0.0145520381629], [4.51457963209e-05, 0.000163117845659, -0.00129581347574, -0.00434122560546, -0.0032395136077, 0.0380526073277, -0.00869044288993, -0.0132988002151, 0.00698316236958, -0.0121960965917, 0.0229181498289, -0.0262908861041, 0.0166345015168], [-0.000114736081741, -0.00411910237744, 0.00398244382814, -0.00475686183199, -0.00188600982074, -0.00869044288993, 0.0369451828301, -0.016333155334, 0.00518767954782, 0.00514031201601, -0.0130318887532, 0.0168890412897, -0.0125679681078], [-9.42508195294e-05, 0.00541501538828, -0.0056638950482, 0.00780401192605, -0.00352435186505, -0.0132988002151, -0.016333155334, 0.0507768206298, -0.0216038487852, -0.00614756392315, 0.00920306984335, -0.0122246760875, 0.00560200959444], [-0.000984925078228, -0.00120789732318, 0.00175616389606, -0.0020039412193, -0.00635376945138, 0.00698316236958, 0.00518767954782, -0.0216038487852, 0.0443984530866, -0.0135760558769, -0.0191408190876, 0.0181022230536, -0.0060868463479], [0.00106484885328, 0.000722960161511, -0.00141437386628, -0.0031924478244, 0.00361778330989, -0.0121960965917, 0.00514031201601, -0.00614756392315, -0.0135760558769, 0.0571775585413, -0.0219900645316, -0.000356354546966, -0.00322294491343], [-0.0026128583122, 0.00431301491335, 0.00455441046506, 0.00247720163316, -0.0115060666576, 0.0229181498289, -0.0130318887532, 0.00920306984335, -0.0191408190876, -0.0219900645316, 0.12587928772, -0.110752142966, 0.0350938178599], [0.00346794095822, -0.0104674063623, -0.00558914523572, -0.00669885706156, 0.0186040494591, -0.0262908861041, 0.0168890412897, -0.0122246760875, 0.0181022230536, -0.000356354546966, -0.110752142966, 0.149267718196, -0.0677305757999], [-0.00182961800601, 0.00702986773103, 0.00426041521132, 0.00188919471111, -0.0145520381629, 0.0166345015168, -0.0125679681078, 0.00560200959444, -0.0060868463479, -0.00322294491343, 0.0350938178599, -0.0677305757999, 0.0750255733728]]
    },
    "melbands": {
        "dmean": [9.47637363424e-06, 3.13904129143e-05, 6.24327658443e-05, 0.000119479132991, 0.000218828994548, 0.000123454927234, 0.000116278701171, 9.41813996178e-05, 0.00018835447554, 0.000197425135411, 0.000139088428114, 6.55942349113e-05, 4.94805899507e-05, 2.23446459131e-05, 1.4649230252e-05, 8.64541470946e-06, 3.1237609619e-06, 2.3714208055e-06, 2.50634957411e-06, 9.26221218833e-07, 7.08526272319e-07, 6.74099965181e-07, 6.5920033876e-07, 4.55569107771e-07, 2.69727195246e-07, 1.71828716589e-07, 8.84622437525e-08, 5.08325740611e-07, 4.2645422127e-07, 1.83046239499e-07, 6.30865457651e-08, 3.4897386314e-08, 4.83285518271e-08, 1.18174092734e-08, 1.01781605366e-08, 6.60945831399e-09, 1.81496373486e-09, 7.1970335247e-10, 1.11010423076e-10, 7.5426720425e-11],
        "dmean2": [1.5242822883e-05, 4.11309956689e-05, 9.92247587419e-05, 0.000197932546143, 0.000398882984882, 0.000175449007656, 0.000195027416339, 0.000135439797305, 0.000277838058537, 0.000296422454994, 0.000193348983885, 0.000102464313386, 7.94029401732e-05, 3.48946377926e-05, 2.01474922505e-05, 1.23608433569e-05, 3.84740815207e-06, 3.5550604025e-06, 3.38540576195e-06, 1.2187502989e-06, 9.71713575382e-07, 8.23458833565e-07, 8.63443403887e-07, 6.00804298756e-07, 3.67971807691e-07, 2.59451610418e-07, 1.28859781512e-07, 8.1767524307e-07, 5.94367293161e-07, 2.56268577914e-07, 9.86696804262e-08, 4.62082070385e-08, 6.93302411037e-08, 1.41519844732e-08, 1.16088409996e-08, 8.85192630307e-09, 2.45980147362e-09, 9.44760158994e-10, 1.39363451335e-10, 1.12289941234e-10],
        "dvar": [5.64909730105e-10, 1.74915406603e-08, 4.72271182161e-08, 2.6158730293e-07, 1.42107035117e-06, 1.93727942133e-07, 2.01327708282e-07, 1.2375112135e-07, 6.50137508273e-07, 9.5178512538e-07, 6.21155322733e-07, 1.18643413316e-07, 4.75578474379e-08, 1.4762991718e-08, 2.75467515465e-09, 1.69710301368e-09, 2.73628480985e-10, 2.3609775246e-10, 2.33028568664e-10, 1.70917030529e-11, 1.45444576521e-11, 1.07275958949e-11, 6.2524720644e-12, 3.39666424327e-12, 1.77093767168e-12, 7.62412756625e-13, 2.398911961e-13, 6.72340004851e-12, 5.03770939894e-12, 8.06909552196e-13, 1.11252756411e-13, 3.52639162174e-14, 9.13115950582e-14, 4.4421749299e-15, 3.45390940309e-15, 1.48216249742e-15, 1.07228362482e-16, 1.80814402715e-17, 5.40755573579e-19, 3.20661863582e-19],
        "dvar2": [1.35525446421e-09, 3.66880605895e-08, 1.17843065084e-07, 6.9677423653e-07, 4.3626837396e-06, 3.79373091164e-07, 5.38266647254e-07, 2.23583754178e-07, 1.52404902565e-06, 2.14889769268e-06, 1.3380006294e-06, 3.12416943871e-07, 1.25766717929e-07, 3.84324927438e-08, 6.00148686303e-09, 3.8479157638e-09, 5.12004882935e-10, 5.47706768828e-10, 5.14729536771e-10, 2.42369024156e-11, 1.97981197408e-11, 1.86574367067e-11, 1.15700973108e-11, 6.24691054094e-12, 3.87832604573e-12, 1.88329039863e-12, 3.51757875215e-13, 1.66527919926e-11, 1.06972096112e-11, 1.35189147203e-12, 1.79302807411e-13, 7.25173366451e-14, 2.11892799856e-13, 6.6844079371e-15, 6.17142614952e-15, 3.15814137977e-15, 2.26991330277e-16, 3.79846134932e-17, 1.117954657e-18, 7.97166053834e-19],
        "max": [0.000218386325287, 0.00154426228255, 0.00206629373133, 0.0046339025721, 0.0103714950383, 0.00558137241751, 0.00463741505519, 0.00311447191052, 0.00723263947293, 0.00833185203373, 0.00697613507509, 0.0032723066397, 0.0019051223062, 0.00120329833589, 0.000548953074031, 0.000412957975641, 0.000158692579134, 0.000136451082653, 0.000135230322485, 3.78898403142e-05, 3.61972379324e-05, 3.34991891577e-05, 2.23005299631e-05, 1.77914171218e-05, 1.23471199913e-05, 8.07977448858e-06, 4.1919074647e-06, 1.91506587726e-05, 1.93089108507e-05, 7.67999972595e-06, 2.61942545876e-06, 1.68945791756e-06, 2.57643910118e-06, 6.3839553377e-07, 5.56352404146e-07, 3.41601264608e-07, 9.23962915067e-08, 3.80053215565e-08, 6.60367671657e-09, 4.53984183579e-09],
        "mean": [9.99837993731e-06, 3.74368137273e-05, 7.55904111429e-05, 0.000120660835819, 0.00021751296299, 0.000219656765694, 0.000180548333446, 0.000147883794853, 0.000181524344953, 0.000154620909598, 0.000109395819891, 6.41262740828e-05, 4.08401720051e-05, 2.3435741241e-05, 1.68912738445e-05, 9.25483891479e-06, 3.33910679728e-06, 2.20424772124e-06, 2.01907141673e-06, 1.13882379082e-06, 8.4825921931e-07, 7.08407583261e-07, 7.52025641759e-07, 5.04439015003e-07, 2.42691186259e-07, 1.40959414807e-07, 1.02800761681e-07, 3.22324694935e-07, 3.16206012485e-07, 1.7401528396e-07, 6.61175008076e-08, 3.09871381887e-08, 3.40868666626e-08, 1.36310793764e-08, 9.07141206596e-09, 4.93453677919e-09, 1.34957145459e-09, 5.31327926101e-10, 8.42757322261e-11, 4.19557132092e-11],
        "median": [6.21185222371e-07, 8.02840929737e-07, 1.41388011343e-06, 2.60048568634e-06, 2.68044050244e-06, 4.2952133299e-06, 2.00879890144e-06, 1.59899764185e-06, 1.46799675349e-06, 1.3370824945e-06, 9.13839983241e-07, 8.28748682125e-07, 7.16416764135e-07, 3.44667427044e-07, 4.39447461531e-07, 2.25104969331e-07, 4.10682758911e-08, 2.77794018899e-08, 3.07538563504e-08, 2.44824907014e-08, 1.29202613053e-08, 1.52442218848e-08, 1.41542564336e-08, 8.99101149088e-09, 3.0486155822e-09, 1.90552218449e-09, 1.62318314345e-09, 2.47851650315e-09, 2.06665817792e-09, 2.01386951559e-09, 8.22349854879e-10, 4.5608680721e-10, 3.25940163748e-10, 2.68417454929e-10, 1.46951603663e-10, 7.80548403689e-11, 4.61206559055e-11, 7.72421536455e-12, 2.74250695938e-12, 2.06284425305e-12],
        "min": [4.57574895942e-13, 1.35150950761e-13, 5.71477340818e-14, 3.1207475433e-14, 1.35499885983e-14, 5.10643087263e-15, 3.17242277878e-15, 7.55357131417e-15, 4.11501785609e-14, 3.03759228599e-14, 9.25034093785e-15, 3.86118401995e-15, 2.10100656863e-15, 2.38681327273e-15, 7.27072329616e-15, 3.6450466228e-15, 1.22558349103e-14, 1.97900049348e-14, 1.09534328154e-14, 1.7828354556e-14, 3.50082376283e-14, 1.2504971864e-14, 1.12317136318e-14, 1.99456794261e-14, 4.66213075158e-15, 2.10697277225e-14, 1.69968680515e-14, 8.6278098381e-15, 9.01233145593e-15, 1.88426782044e-14, 3.30043304698e-14, 3.75984982623e-14, 1.86704018673e-14, 1.12848302209e-14, 2.93296474347e-14, 1.66216477024e-14, 8.68738335934e-15, 9.25784734382e-15, 1.23979340046e-14, 1.99736586184e-14],
        "stdev": [2.65708404186e-05, 0.000166275785887, 0.000253299454926, 0.000497668865137, 0.00102721527219, 0.00072905147681, 0.000648383109365, 0.000493042811286, 0.000801576708909, 0.000815361330751, 0.00065186485881, 0.000316665129503, 0.000197713932721, 0.000115596594696, 6.22669613222e-05, 4.18934287154e-05, 1.6365745978e-05, 1.30608304971e-05, 1.25818123706e-05, 4.75011211165e-06, 4.30740647062e-06, 3.60789681508e-06, 2.94724100058e-06, 2.09330278267e-06, 1.28976228098e-06, 7.91995319105e-07, 5.20362618772e-07, 1.99361466002e-06, 1.8898278995e-06, 8.96566291431e-07, 3.44352258708e-07, 1.67254540884e-07, 2.37416855953e-07, 7.13993628665e-08, 5.60737696276e-08, 3.23459090623e-08, 8.73322303363e-09, 3.60248031406e-09, 6.17538908898e-10, 4.07483741194e-10],
