{
"lowlevel": {
    "average_loudness": 0.613477766514,
    "barkbands_crest": {
        "dmean": 3.77550911903,
        "dmean2": 6.10435819626,
        "dvar": 11.3030338287,
        "dvar2": 25.4551753998,
        "max": 26.823015213,
        "mean": 11.7282476425,
        "median": 11.101184845,
        "min": 3.34073019028,
        "stdev": 4.95375013351,
        "var": 24.5396404266
    },
    "barkbands_flatness_db": {
        "dmean": 0.0403708182275,
        "dmean2": 0.0596516989172,
        "dvar": 0.00152071099728,
        "dvar2": 0.00274380110204,
        "max": 0.497985333204,
        "mean": 0.149924755096,
        "median": 0.134964928031,
        "min": 0.0253053829074,
        "stdev": 0.0746171846986,
        "var": 0.00556772435084
    },
    "barkbands_kurtosis": {
        "dmean": 8.74410629272,
        "dmean2": 14.100646019,
        "dvar": 909.215698242,
        "dvar2": 2365.94189453,
        "max": 504.062713623,
        "mean": 8.95097446442,
        "median": 3.39728975296,
        "min": -1.78898835182,
        "stdev": 29.9167938232,
        "var": 895.014526367
    },
    "barkbands_skewness": {
        "dmean": 1.14699375629,
        "dmean2": 1.67238402367,
        "dvar": 1.80728268623,
        "dvar2": 3.92690086365,
        "max": 19.9583625793,
        "mean": 1.66293466091,
        "median": 1.48254191875,
        "min": -2.67487835884,
        "stdev": 2.14643120766,
        "var": 4.60716676712
    },
    "barkbands_spread": {
        "dmean": 14.4827051163,
        "dmean2": 23.5413475037,
        "dvar": 267.519989014,
        "dvar2": 654.706359863,
        "max": 115.828201294,
        "mean": 33.3121299744,
        "median": 27.5525341034,
        "min": 0.345050930977,
        "stdev": 25.6080284119,
        "var": 655.771118164
    },
    "dissonance": {
        "dmean": 0.0292858406901,
        "dmean2": 0.0482048206031,
        "dvar": 0.00211341609247,
        "dvar2": 0.00482321390882,
        "max": 0.499999910593,
        "mean": 0.462767034769,
        "median": 0.487144291401,
        "min": 0.169248044491,
        "stdev": 0.0618437454104,
        "var": 0.00382464868017
    },
    "dynamic_complexity": 15.8292531967,
    "erbbands_crest": {
        "dmean": 4.06322622299,
        "dmean2": 6.44445085526,
        "dvar": 14.6452960968,
        "dvar2": 33.445728302,
        "max": 32.9869117737,
        "mean": 11.4620656967,
        "median": 10.2598056793,
        "min": 2.12450790405,
        "stdev": 6.93839025497,
        "var": 48.1412582397
    },
    "erbbands_flatness_db": {
        "dmean": 0.0432287678123,
        "dmean2": 0.0619532205164,
        "dvar": 0.00241125957109,
        "dvar2": 0.00436562299728,
        "max": 0.499574542046,
        "mean": 0.168344661593,
        "median": 0.154170572758,
        "min": 0.019560765475,
        "stdev": 0.111167699099,
        "var": 0.012358257547
    },
    "erbbands_kurtosis": {
        "dmean": 5.58053398132,
        "dmean2": 8.79056739807,
        "dvar": 166.533477783,
        "dvar2": 366.149749756,
        "max": 170.892318726,
        "mean": 6.19877529144,
        "median": 1.43424415588,
        "min": -1.89883887768,
        "stdev": 15.4454860687,
        "var": 238.563049316
    },
    "erbbands_skewness": {
        "dmean": 0.776655733585,
        "dmean2": 1.22466659546,
        "dvar": 1.11549901962,
        "dvar2": 2.23817634583,
        "max": 9.96183872223,
        "mean": 1.04685854912,
        "median": 0.516119301319,
        "min": -2.26600575447,
        "stdev": 1.76458144188,
        "var": 3.11374783516
    },
    "erbbands_spread": {
        "dmean": 14.6738376617,
        "dmean2": 23.8120422363,
        "dvar": 362.111633301,
        "dvar2": 810.691040039,
        "max": 142.184921265,
        "mean": 40.7325515747,
        "median": 27.4849414825,
        "min": 0.798651993275,
        "stdev": 35.5997581482,
        "var": 1267.34277344
    },
    "hfc": {
        "dmean": 9.28015613556,
        "dmean2": 13.0054044724,
        "dvar": 926.918029785,
        "dvar2": 1815.40026855,
        "max": 556.885681152,
        "mean": 14.3661375046,
        "median": 0.136080026627,
        "min": 7.26789339822e-09,
        "stdev": 49.5834960938,
        "var": 2458.52294922
    },
    "loudness_ebu128": {
        "integrated": -15.0396366119,
        "loudness_range": 7.1981716156,
        "momentary": {
            "dmean": 4.18233537674,
            "dmean2": 5.57418346405,
            "dvar": 28.4331703186,
            "dvar2": 41.3987617493,
            "max": -6.70491027832,
            "mean": -24.6696338654,
            "median": -23.4092102051,
            "min": -55.503616333,
            "stdev": 10.9635410309,
            "var": 120.199241638
        },
        "short_term": {
            "dmean": 0.360222578049,
            "dmean2": 0.34169203043,
            "dvar": 0.424707889557,
            "dvar2": 0.327128529549,
            "max": -13.1296110153,
            "mean": -16.8853359222,
            "median": -17.9712963104,
            "min": -23.9140529633,
            "stdev": 2.92408847809,
            "var": 8.55029296875
        }
    },
    "melbands_crest": {
        "dmean": 4.85535001755,
        "dmean2": 7.96725273132,
        "dvar": 15.6979436874,
        "dvar2": 37.4605751038,
        "max": 31.5704574585,
        "mean": 16.0142459869,
        "median": 15.4986925125,
        "min": 3.51251482964,
        "stdev": 6.23881435394,
        "var": 38.9228019714
    },
    "melbands_flatness_db": {
        "dmean": 0.047185100615,
        "dmean2": 0.0705168768764,
        "dvar": 0.00211585196666,
        "dvar2": 0.00394217995927,
        "max": 0.573873460293,
        "mean": 0.205021575093,
        "median": 0.200040951371,
        "min": 0.0211336426437,
        "stdev": 0.0886500999331,
        "var": 0.00785884074867
    },
    "melbands_kurtosis": {
        "dmean": 20.0511398315,
        "dmean2": 31.9798564911,
        "dvar": 1238.84838867,
        "dvar2": 3231.97021484,
        "max": 575.38482666,
        "mean": 31.1690864563,
        "median": 8.31235599518,
        "min": -1.76556909084,
        "stdev": 52.7962608337,
        "var": 2787.44506836
    },
    "melbands_skewness": {
        "dmean": 1.48518466949,
        "dmean2": 2.29036021233,
        "dvar": 2.5988919735,
        "dvar2": 5.58053445816,
        "max": 18.9703865051,
        "mean": 3.01985454559,
        "median": 1.89924514294,
        "min": -1.76916527748,
        "stdev": 3.17767071724,
        "var": 10.0975904465
    },
    "melbands_spread": {
        "dmean": 17.3550720215,
        "dmean2": 26.3914756775,
        "dvar": 713.941711426,
        "dvar2": 1372.50671387,
        "max": 242.871017456,
        "mean": 29.8099803925,
        "median": 12.8447275162,
        "min": 0.442611992359,
        "stdev": 39.2824249268,
        "var": 1543.10900879
    },
    "pitch_salience": {
        "dmean": 0.101984009147,
        "dmean2": 0.164975956082,
        "dvar": 0.0101024350151,
        "dvar2": 0.0241833291948,
        "max": 0.942817568779,
        "mean": 0.605334460735,
        "median": 0.616639733315,
        "min": 0.0490166954696,
        "stdev": 0.161149412394,
        "var": 0.0259691309184
    },
    "silence_rate_20dB": {
        "dmean": 0,
        "dmean2": 0,
        "dvar": 0,
        "dvar2": 0,
        "max": 1,
        "mean": 1,
        "median": 1,
        "min": 1,
        "stdev": 0,
        "var": 0
    },
    "silence_rate_30dB": {
        "dmean": 0.00473933666945,
        "dmean2": 0.00950118806213,
        "dvar": 0.00471685128286,
        "dvar2": 0.00941095780581,
        "max": 1,
        "mean": 0.990543723106,
        "median": 1,
        "min": 0,
        "stdev": 0.0967824235559,
        "var": 0.00936683733016
    },
    "silence_rate_60dB": {
        "dmean": 0.0947867333889,
        "dmean2": 0.190023750067,
        "dvar": 0.0858016684651,
        "dvar2": 0.177668392658,
        "max": 1,
        "mean": 0.735224604607,
        "median": 1,
        "min": 0,
        "stdev": 0.441213876009,
        "var": 0.194669693708
    },
    "spectral_centroid": {
        "dmean": 418.897979736,
        "dmean2": 643.956604004,
        "dvar": 263057.375,
        "dvar2": 541568,
        "max": 4879.52294922,
        "mean": 1759.32080078,
        "median": 1711.0859375,
        "min": 395.230255127,
        "stdev": 928.63848877,
        "var": 862369.4375
    },
    "spectral_complexity": {
        "dmean": 2.34597158432,
        "dmean2": 3.39667463303,
        "dvar": 23.7381496429,
        "dvar2": 40.628868103,
        "max": 51,
        "mean": 4.5508275032,
        "median": 0,
        "min": 0,
        "stdev": 9.21182155609,
        "var": 84.8576583862
    },
    "spectral_decrease": {
        "dmean": 1.02289554604e-09,
        "dmean2": 1.49859480381e-09,
        "dvar": 1.03759997483e-17,
        "dvar2": 2.13667187688e-17,
        "max": 4.90912378023e-14,
        "mean": -1.50942836008e-09,
        "median": -5.55632449772e-12,
        "min": -4.9502599353e-08,
        "stdev": 4.86449769355e-09,
        "var": 2.36633394174e-17
    },
    "spectral_energy": {
        "dmean": 0.00468234298751,
        "dmean2": 0.00680425204337,
        "dvar": 0.000220153218834,
        "dvar2": 0.000449385319371,
        "max": 0.237345144153,
        "mean": 0.00699997553602,
        "median": 3.43732244801e-05,
        "min": 7.00791529841e-13,
        "stdev": 0.0227770972997,
        "var": 0.000518796150573
    },
    "spectral_energyband_high": {
        "dmean": 0.000334289798047,
        "dmean2": 0.000456378911622,
        "dvar": 1.28208466776e-06,
        "dvar2": 2.1470059437e-06,
        "max": 0.0231077261269,
        "mean": 0.000500897062011,
        "median": 5.63583716939e-06,
        "min": 4.73055622452e-13,
        "stdev": 0.00187997776084,
        "var": 3.53431641997e-06
    },
    "spectral_energyband_low": {
        "dmean": 3.87604413845e-05,
        "dmean2": 6.32796654827e-05,
        "dvar": 1.7356985893e-07,
        "dvar2": 4.33761357499e-07,
        "max": 0.00719822803512,
        "mean": 3.11864823743e-05,
        "median": 2.02624460144e-06,
        "min": 3.51461142633e-14,
        "stdev": 0.000378850265406,
        "var": 1.43527515206e-07
    },
    "spectral_energyband_middle_high": {
        "dmean": 0.00372894178145,
        "dmean2": 0.00563517957926,
        "dvar": 0.000189475947991,
        "dvar2": 0.000402678269893,
        "max": 0.211629584432,
        "mean": 0.0055531845428,
        "median": 9.30782607611e-06,
        "min": 9.10112575039e-14,
        "stdev": 0.0204555932432,
        "var": 0.000418431300204
    },
    "spectral_energyband_middle_low": {
        "dmean": 0.000736276386306,
        "dmean2": 0.000931583286729,
        "dvar": 5.23840844835e-06,
        "dvar2": 8.81103369466e-06,
        "max": 0.0462779738009,
        "mean": 0.000938189390581,
        "median": 5.71051259612e-06,
        "min": 2.89563464623e-14,
        "stdev": 0.00377454422414,
        "var": 1.42471844811e-05
    },
    "spectral_entropy": {
        "dmean": 0.304658651352,
        "dmean2": 0.451392531395,
        "dvar": 0.138938039541,
        "dvar2": 0.26142385602,
        "max": 8.7746295929,
        "mean": 7.75950336456,
        "median": 7.97619771957,
        "min": 4.17252349854,
        "stdev": 0.669437110424,
        "var": 0.448146045208
    },
    "spectral_flux": {
        "dmean": 0.0164973400533,
        "dmean2": 0.0241353400052,
        "dvar": 0.000903532258235,
        "dvar2": 0.00189827161375,
        "max": 0.419284760952,
        "mean": 0.0391545444727,
        "median": 0.00850648246706,
        "min": 0.000353178213118,
        "stdev": 0.0616842545569,
        "var": 0.00380494748242
    },
    "spectral_kurtosis": {
        "dmean": 2.26526713371,
        "dmean2": 3.50071883202,
        "dvar": 9.02393531799,
        "dvar2": 20.6618709564,
        "max": 31.735874176,
        "mean": 5.11970472336,
        "median": 3.35148143768,
        "min": -1.18043017387,
        "stdev": 4.55928611755,
        "var": 20.7870903015
    },
    "spectral_rms": {
        "dmean": 0.000624961860012,
        "dmean2": 0.000820425455458,
        "dvar": 1.31928629798e-06,
        "dvar2": 2.60015963249e-06,
        "max": 0.0152169726789,
        "mean": 0.00132629240397,
        "median": 0.000183125244803,
        "min": 2.61476387209e-08,
        "stdev": 0.00225170934573,
        "var": 5.07019512952e-06
    },
    "spectral_rolloff": {
        "dmean": 1976.00402832,
        "dmean2": 3309.20874023,
        "dvar": 10332226,
        "dvar2": 23797412,
        "max": 18776.953125,
        "mean": 3574.10546875,
        "median": 1959.52148438,
        "min": 21.533203125,
        "stdev": 4201.04541016,
        "var": 17648784
    },
    "spectral_skewness": {
        "dmean": 0.345248252153,
        "dmean2": 0.516452014446,
        "dvar": 0.152153134346,
        "dvar2": 0.337839275599,
        "max": 4.88393497467,
        "mean": 1.85213255882,
        "median": 1.61472344398,
        "min": 0.349617868662,
        "stdev": 0.691767811775,
        "var": 0.478542685509
    },
    "spectral_spread": {
        "dmean": 1417410.625,
        "dmean2": 2166775,
        "dvar": 3.0617281495e+12,
        "dvar2": 6.12270814003e+12,
        "max": 21738362,
        "mean": 7012415,
        "median": 7092038,
        "min": 1810675.75,
        "stdev": 3052320.25,
        "var": 9.31665962598e+12
    },
    "spectral_strongpeak": {
        "dmean": 0.569966375828,
        "dmean2": 0.949681997299,
        "dvar": 2.67589259148,
        "dvar2": 7.67618608475,
        "max": 24.0579948425,
        "mean": 0.688726782799,
        "median": 0.0514152944088,
        "min": 0,
        "stdev": 1.72798991203,
        "var": 2.98594903946
    },
    "zerocrossingrate": {
        "dmean": 0.03424911201,
        "dmean2": 0.0404705144465,
        "dvar": 0.00116661924403,
        "dvar2": 0.00160834658891,
        "max": 0.431640625,
        "mean": 0.145886436105,
        "median": 0.125,
        "min": 0,
        "stdev": 0.0788275822997,
        "var": 0.00621378747746
    },
    "barkbands": {
        "dmean": [6.87700003255e-06, 2.00989006771e-06, 1.81792056537e-05, 2.55361574091e-05, 1.01798050309e-05, 0.000154637149535, 0.000260692177108, 0.00014425527479, 0.000327742105583, 0.000258383603068, 0.000100604636827, 0.000210163270822, 0.000843335175887, 0.000848106166814, 0.00157997081988, 0.000708546198439, 0.000199586400413, 0.000127238716232, 0.000117459785542, 5.70734300709e-05, 7.85750744399e-05, 7.83461582614e-05, 9.17407887755e-05, 5.39152752026e-05, 3.71807800548e-05, 5.01424729009e-05, 6.04452907282e-06],
        "dmean2": [1.33882285809e-05, 3.17586977872e-06, 2.95209065371e-05, 4.55315603176e-05, 1.72149739228e-05, 0.000231069760048, 0.000410747394199, 0.000221234120545, 0.000507696880959, 0.000352385570295, 0.000176242436282, 0.000330919894623, 0.00142170849722, 0.00146346213296, 0.00259236968122, 0.00124723138288, 0.000360548350727, 0.000222999675316, 0.000161244592164, 8.03937655292e-05, 0.000120903874631, 0.000132938454044, 0.000162857759278, 8.06056777947e-05, 5.47935342183e-05, 7.8454024333e-05, 8.03140846983e-06],
        "dvar": [7.44887529436e-09, 7.13365824745e-11, 3.47279112134e-08, 9.43414661947e-08, 1.06888820017e-09, 7.05120896782e-07, 4.70370378025e-06, 2.77333384702e-07, 1.70207692918e-06, 3.4602062442e-06, 2.00332181066e-07, 4.28564391086e-07, 1.53354740178e-05, 1.74901488208e-05, 0.000101367229945, 8.08275399322e-06, 1.2131378071e-06, 3.40207975569e-07, 1.86407135061e-07, 3.41746648758e-08, 8.82949180436e-08, 2.97900015767e-07, 3.42146051935e-07, 5.58481119128e-08, 2.13166622132e-08, 4.54169786224e-08, 8.57468152038e-10],
        "dvar2": [2.25297966949e-08, 1.15487404362e-10, 8.57016644318e-08, 2.59299554273e-07, 2.63489829955e-09, 1.87088141956e-06, 1.11660401672e-05, 6.28085672361e-07, 3.32645413437e-06, 5.21189940628e-06, 5.5881633898e-07, 1.00327804375e-06, 4.10463144362e-05, 4.94595296914e-05, 0.000221345399041, 2.43278354901e-05, 3.17306057696e-06, 9.86826876215e-07, 2.77896106127e-07, 6.40682316089e-08, 1.89688762475e-07, 8.20053742245e-07, 9.97019583338e-07, 1.16610451073e-07, 4.27542872217e-08, 1.00771949008e-07, 1.3345468064e-09],
        "max": [0.00130259012803, 0.000154730019858, 0.00318422401324, 0.00509222829714, 0.000339867110597, 0.0139899980277, 0.0431192927063, 0.00664423778653, 0.0211259331554, 0.0388180986047, 0.00435986416414, 0.0065397513099, 0.0425846353173, 0.0479423068464, 0.157431378961, 0.023835260421, 0.0124536873773, 0.00717133050784, 0.00891882739961, 0.00311911501922, 0.00370747596025, 0.00978723913431, 0.00968460272998, 0.00356541480869, 0.00206938316114, 0.00227069901302, 0.000564523332287],
        "mean": [4.15348904426e-06, 2.48869173447e-06, 1.42393291753e-05, 1.73758562596e-05, 9.00206850929e-06, 0.000206328710192, 0.000269191194093, 0.000119386771985, 0.000291761622066, 0.000285065645585, 8.64567409735e-05, 0.000213766106754, 0.000680555880535, 0.000810983707197, 0.00225922046229, 0.000687544175889, 0.000198161025764, 0.000124696845887, 0.000172625776031, 7.13699337211e-05, 9.84347425401e-05, 8.42087902129e-05, 9.68813765212e-05, 7.52252453822e-05, 5.07555887452e-05, 6.20485152467e-05, 7.9423225543e-06],
        "median": [2.28451881412e-07, 1.00404758996e-06, 5.49299215891e-07, 1.0963420749e-07, 2.5301787332e-07, 1.2613983813e-07, 1.87069474578e-07, 5.36753702818e-07, 9.48305000747e-07, 3.55143185971e-07, 1.63464534353e-07, 1.96863396695e-07, 2.47017226229e-07, 1.96507755845e-07, 7.15941212093e-07, 5.09202152443e-07, 1.56120634642e-07, 8.22231811526e-08, 4.02734883664e-07, 3.56722210881e-07, 3.13744322966e-07, 1.38783676107e-07, 7.77523752049e-08, 9.3597222417e-08, 6.71267173402e-07, 5.27098961811e-07, 1.67996390132e-07],
        "min": [2.09919057235e-14, 2.04746125382e-14, 3.95043503457e-15, 8.77203519682e-16, 1.05267010047e-14, 6.13086470629e-15, 3.12330354993e-15, 5.55505424985e-15, 2.2265146168e-15, 3.58666953559e-15, 4.68437087216e-15, 5.45288852388e-15, 4.64932996616e-15, 7.64806630977e-15, 6.76234513265e-15, 9.53050047328e-15, 7.87853296328e-15, 1.03348743002e-14, 1.53129699405e-14, 3.38689105516e-14, 2.4238730394e-14, 3.59384288821e-14, 3.66634789206e-14, 4.63141250882e-14, 6.50580528035e-14, 1.05139089438e-13, 1.59704931571e-13],
        "stdev": [6.34721436654e-05, 1.14239610411e-05, 0.00017118290998, 0.00025241432013, 3.62191276508e-05, 0.00130440760404, 0.0024827751331, 0.000545138434973, 0.00142288184725, 0.00251887086779, 0.000443013443146, 0.000777545908932, 0.00341271748766, 0.00379661819898, 0.0140270506963, 0.00271559297107, 0.00109162728768, 0.000551098375581, 0.000714264460839, 0.000261230656179, 0.000399259704864, 0.000617943354882, 0.000572983175516, 0.000346028828062, 0.000193110696273, 0.00025305073359, 4.08069063269e-05],
        "var": [4.02871291882e-09, 1.30506883078e-10, 2.93035906651e-08, 6.37129957681e-08, 1.31182531504e-09, 1.70147916378e-06, 6.16417219135e-06, 2.97175944297e-07, 2.02459273169e-06, 6.34471007288e-06, 1.96260913299e-07, 6.04577678587e-07, 1.16466399049e-05, 1.4414310499e-05, 0.000196758162929, 7.3744454312e-06, 1.19165008527e-06, 3.03709441596e-07, 5.10173720158e-07, 6.82414551534e-08, 1.59408315881e-07, 3.81853965337e-07, 3.28309710085e-07, 1.19735958037e-07, 3.72917412506e-08, 6.40346726755e-08, 1.66520364164e-09]
    },
    "erbbands": {
        "dmean": [0.000111158369691, 0.000640126119833, 0.0133164608851, 0.0715888664126, 0.0330135636032, 0.0365098975599, 0.254026800394, 1.29150307178, 4.40467691422, 1.22027432919, 4.38984870911, 8.61278438568, 4.71550226212, 7.76104784012, 3.67959213257, 11.2348556519, 35.3583641052, 41.5565757751, 69.0369873047, 56.8990440369, 25.4235687256, 9.83800506592, 6.13151788712, 5.64379119873, 5.79634571075, 2.66142845154, 3.49894332886, 2.57468175888, 3.0857861042, 4.44152259827, 1.83415663242, 1.11694228649, 0.924930810928, 0.493535637856, 0.230819046497, 0.235629782081, 0.100426636636, 0.0107364598662, 0.00131135329138, 3.66994718206e-05],
        "dmean2": [0.0001797315781, 0.000989667838439, 0.0220661666244, 0.125272408128, 0.055361520499, 0.0627002194524, 0.382440984249, 1.89342772961, 6.2791352272, 1.82980501652, 7.22983789444, 13.1587524414, 7.09747838974, 13.811000824, 5.99897146225, 17.0702228546, 60.3277015686, 67.792930603, 111.044113159, 89.4240646362, 44.6192016602, 16.6539974213, 10.3754882812, 8.95858287811, 8.58674907684, 3.69557356834, 5.35754203796, 3.6801533699, 5.46841430664, 7.4751291275, 2.82541418076, 1.77882957458, 1.34996140003, 0.73008275032, 0.340980887413, 0.367367774248, 0.155020058155, 0.0147561393678, 0.00167621159926, 4.97025321238e-05],
        "dvar": [5.36267521056e-07, 1.31985825647e-05, 0.0174485389143, 0.723673284054, 0.0945276319981, 0.0162655711174, 1.53503441811, 45.0748062134, 1279.37866211, 23.0307331085, 259.031402588, 1393.81201172, 460.414001465, 4474.51904297, 233.332138062, 1319.34643555, 26355.140625, 43080.9804688, 203825.125, 86962.96875, 10252.2841797, 2129.40527344, 834.053222656, 359.249511719, 616.995117188, 74.5858383179, 158.795074463, 188.191299438, 593.405212402, 1328.70507812, 76.3374557495, 23.2068557739, 16.4365558624, 4.96455669403, 0.62192440033, 0.995511829853, 0.192793518305, 0.00187763164286, 4.77382091049e-05, 3.13859871426e-08],
        "dvar2": [1.33312789785e-06, 2.85027381324e-05, 0.0442254431546, 1.94094502926, 0.245222136378, 0.0441304668784, 2.79877901077, 81.2519302368, 2717.91381836, 52.2410850525, 574.610839844, 2941.22509766, 744.915466309, 8715.11621094, 623.355163574, 3043.25366211, 72741.4140625, 118418.5, 475474.8125, 189060.9375, 28075.8828125, 5278.09960938, 2300.45141602, 848.821655273, 954.345947266, 135.439285278, 376.868286133, 343.019622803, 1737.01696777, 3595.63354492, 174.05519104, 54.6319999695, 32.530921936, 10.4739990234, 1.19249010086, 2.41641592979, 0.406295388937, 0.00352226756513, 9.51537513174e-05, 5.97632023869e-08],
        "max": [0.0132373254746, 0.0711280852556, 2.25463843346, 14.2521848679, 5.34917163849, 1.35008478165, 20.9251785278, 130.468673706, 763.138000488, 71.607460022, 182.228988647, 624.778015137, 390.598083496, 1100.00561523, 178.077026367, 428.742858887, 1700.77844238, 2785.17773438, 6122.94042969, 5092.48876953, 895.019897461, 642.811096191, 371.942596436, 213.36428833, 482.809173584, 146.29335022, 116.967880249, 253.769958496, 400.256164551, 607.369628906, 172.067672729, 55.9801330566, 64.6043014526, 27.5685081482, 10.9607429504, 11.7341756821, 5.11183166504, 0.743682265282, 0.135069385171, 0.00306273181923],
        "mean": [0.000104833685327, 0.000641883350909, 0.0101908873767, 0.0512564182281, 0.0246443077922, 0.0340357981622, 0.282528668642, 2.21877765656, 5.31290912628, 1.13631987572, 4.24539089203, 7.30210971832, 5.05655193329, 9.04086303711, 3.71622467041, 11.5151033401, 28.9328479767, 40.0716896057, 96.1700744629, 86.0389175415, 27.4052639008, 10.8202133179, 6.99209690094, 7.69525814056, 8.12465572357, 3.43253302574, 4.04840087891, 3.46022868156, 3.10871887207, 3.89248895645, 2.1651391983, 1.43024170399, 1.33872842789, 0.67746680975, 0.304289907217, 0.274807393551, 0.122420489788, 0.0141523536295, 0.00160839129239, 4.85420314362e-05],
        "median": [3.69434274035e-05, 0.000195343818632, 0.00050067610573, 0.000662477919832, 0.00044977091602, 0.00107238534838, 0.000807475007605, 0.0014644220937, 0.00283358292654, 0.00612958427519, 0.0203412026167, 0.0304537713528, 0.0146945808083, 0.013265253976, 0.00809688027948, 0.00974907446653, 0.0117758475244, 0.0099246846512, 0.0311220362782, 0.0371161550283, 0.0230722036213, 0.0104880770668, 0.00549997482449, 0.011497004889, 0.0183304101229, 0.0171788614243, 0.0119134513661, 0.00989804603159, 0.00524221826345, 0.00342752155848, 0.001746640075, 0.00150340341497, 0.00207821582444, 0.00519264629111, 0.00485849706456, 0.00211105844937, 0.000789067591541, 0.000435538124293, 1.96598575712e-05, 1.79988205673e-06],
        "min": [9.22552832738e-13, 3.44799948142e-12, 5.32586605026e-12, 3.63908772907e-12, 9.96395414093e-12, 4.19328426149e-11, 7.05930799927e-11, 3.84831506939e-11, 2.15288030458e-11, 1.05913861015e-10, 9.89682780173e-11, 5.14650787264e-11, 6.80414127818e-11, 2.09407616247e-10, 1.33378350031e-10, 2.42419001539e-10, 2.01614919204e-10, 2.9371580168e-10, 4.17391898822e-10, 3.706874252e-10, 5.87812187813e-10, 4.67236305202e-10, 5.38987743326e-10, 7.60672080879e-10, 9.7199404081e-10, 1.62610702681e-09, 1.21586429813e-09, 9.48535139322e-10, 1.19296128531e-09, 1.23919430273e-09, 9.6478625089e-10, 9.52169565416e-10, 7.65028929095e-10, 6.67258082121e-10, 4.85574025433e-10, 4.01772753955e-10, 1.98779381844e-10, 7.69995386896e-11, 2.07326690538e-11, 2.52501036573e-12],
        "stdev": [0.000694718910381, 0.00390864349902, 0.118673175573, 0.718736171722, 0.270800411701, 0.127350315452, 1.49131023884, 13.5614881516, 47.0881576538, 5.22372245789, 17.7439575195, 38.7076797485, 30.3830871582, 76.4642486572, 15.489151001, 41.0275001526, 138.389434814, 184.236999512, 569.903198242, 457.914733887, 103.835548401, 52.558303833, 29.714176178, 25.7948226929, 37.4084701538, 12.4587564468, 15.7031383514, 19.791847229, 25.6684455872, 31.4772129059, 11.1297464371, 6.39375257492, 6.11635065079, 2.98891377449, 1.03381586075, 1.08639192581, 0.540871322155, 0.059218518436, 0.0086408117786, 0.000223565351916],
        "var": [4.82634391119e-07, 1.52774955495e-05, 0.0140833230689, 0.516581654549, 0.0733328685164, 0.0162181034684, 2.22400617599, 183.913955688, 2217.29443359, 27.2872772217, 314.848022461, 1498.2845459, 923.132019043, 5846.78173828, 239.913803101, 1683.25585938, 19151.6367188, 33943.2734375, 324789.625, 209685.90625, 10781.8212891, 2762.37548828, 882.932250977, 665.372924805, 1399.39367676, 155.220611572, 246.588546753, 391.717224121, 658.869140625, 990.814941406, 123.871253967, 40.8800697327, 37.4097442627, 8.93360614777, 1.06877529621, 1.18024742603, 0.292541801929, 0.0035068327561, 7.46636360418e-05, 4.99814696298e-08]
    },
    "gfcc": {
        "mean": [-290.940185547, 6.00763320923, -101.71913147, -4.30612516403, -36.1815795898, 12.5808153152, -28.7255058289, 14.443022728, -19.2164039612, 14.1818828583, -21.5617294312, -1.76624786854, -9.83563423157],
        "cov": [[29517.9589844, -3469.17749023, -8976.78222656, -2733.93066406, -2309.79345703, 92.5822982788, -1762.91040039, 258.733123779, -767.369384766, 1060.38012695, -41.2393836975, -148.803375244, 5.79578256607], [-3469.17749023, 1476.43273926, 1441.09008789, -325.169128418, 135.774017334, -349.349334717, 316.163024902, -31.663974762, 86.8330764771, 53.9315338135, -90.0578384399, -65.9181900024, 60.9575462341], [-8976.78222656, 1441.09008789, 4606.44287109, 370.923248291, 356.515075684, -766.167358398, 509.372894287, 60.5734367371, 118.53956604, -29.3204669952, -243.127151489, 58.7721633911, 127.006278992], [-2733.93066406, -325.169128418, 370.923248291, 1419.625, 549.579406738, 487.375457764, 4.34212732315, -273.145721436, 64.975402832, -389.698944092, 146.300613403, 41.0257949829, -127.102661133], [-2309.79345703, 135.774017334, 356.515075684, 549.579406738, 611.501831055, 228.472305298, 57.1782531738, -124.48487854, 60.871383667, -187.106109619, 63.4807128906, -10.1967105865, -82.9482955933], [92.5822982788, -349.349334717, -766.167358398, 487.375457764, 228.472305298, 583.80078125, -37.172996521, -102.870872498, 9.56801700592, -238.38848877, 139.009811401, -19.2608394623, -105.718688965], [-1762.91040039, 316.163024902, 509.372894287, 4.34212732315, 57.1782531738, -37.172996521, 387.967132568, 41.6139907837, 125.469093323, -34.9210510254, -74.7669143677, -15.9779100418, -42.4762153625], [258.733123779, -31.663974762, 60.5734367371, -273.145721436, -124.48487854, -102.870872498, 41.6139907837, 239.486831665, 6.10856056213, 81.1930236816, -75.8762817383, -6.93887281418, 19.3045825958], [-767.369384766, 86.8330764771, 118.53956604, 64.975402832, 60.871383667, 9.56801700592, 125.469093323, 6.10856056213, 195.057327271, -8.71664047241, -30.4041442871, -9.68879508972, -9.96646499634], [1060.38012695, 53.9315338135, -29.3204669952, -389.698944092, -187.106109619, -238.38848877, -34.9210510254, 81.1930236816, -8.71664047241, 324.940155029, -86.4558029175, -44.6827507019, 49.8844871521], [-41.2393836975, -90.0578384399, -243.127151489, 146.300613403, 63.4807128906, 139.009811401, -74.7669143677, -75.8762817383, -30.4041442871, -86.4558029175, 201.420471191, 46.9550628662, -20.1026191711], [-148.803375244, -65.9181900024, 58.7721633911, 41.0257949829, -10.1967105865, -19.2608394623, -15.9779100418, -6.93887281418, -9.68879508972, -44.6827507019, 46.9550628662, 138.784362793, 32.2948493958], [5.79578256607, 60.9575462341, 127.006278992, -127.102661133, -82.9482955933, -105.718688965, -42.4762153625, 19.3045825958, -9.96646499634, 49.8844871521, -20.1026191711, 32.2948493958, 185.879455566]],
        "icov": [[0.000274075835478, 0.000218143875827, 0.000417211034801, 0.000191420433111, 0.000390654924558, 0.000263995607384, 0.000469794351375, 0.000257732259342, 0.000302336615277, -0.000159639166668, 0.00047957705101, 4.00365352107e-05, 0.00027476545074], [0.000218143875827, 0.00186377065256, -0.000168928148923, 0.00118637934793, -0.000289398274617, 0.000317141209962, -0.000382203026675, 0.0014029109152, 5.3120071243e-05, 0.0001952683524, -8.25613969937e-05, 0.00100821361411, -0.000106811297883], [0.000417211034801, -0.000168928148923, 0.001338885515, -0.000452621694421, 0.00040862406604, 0.00155752059072, 0.000322803825838, -0.000227173077292, 0.000792919890955, -5.90986419411e-05, 0.000920416379813, -0.000106425031845, 0.000160018971656], [0.000191420433111, 0.00118637934793, -0.000452621694421, 0.00276334071532, -0.000610061339103, -0.00126432836987, 0.000556889572181, 0.00210060505196, -0.000475030305097, 0.000713793851901, 0.000356981850928, 4.36408190581e-05, 0.000535548140761], [0.000390654924558, -0.000289398274617, 0.00040862406604, -0.000610061339103, 0.00370455882512, -0.000501789734699, 0.00109877705108, 0.00042532972293, -7.61019182391e-05, -0.000115128452308, 0.000643779407255, 0.00013833126286, 0.0010334487306], [0.000263995607384, 0.000317141209962, 0.00155752059072, -0.00126432836987, -0.000501789734699, 0.00617858488113, -0.00044043228263, -0.000577053753659, 0.000576891761739, 0.00202740146779, -0.000935471151024, 0.0018343339907, 0.000275411322946], [0.000469794351375, -0.000382203026675, 0.000322803825838, 0.000556889572181, 0.00109877705108, -0.00044043228263, 0.0056385518983, -0.000182423507795, -0.00189744506497, 0.000317610072671, 0.00205122982152, -0.000494923966471, 0.00193904724438], [0.000257732259342, 0.0014029109152, -0.000227173077292, 0.00210060505196, 0.00042532972293, -0.000577053753659, -0.000182423507795, 0.00710883783177, -0.00010090701835, -0.00016727799084, 0.00172083172947, -4.15026697738e-05, 0.000437911628978], [0.000302336615277, 5.3120071243e-05, 0.000792919890955, -0.000475030305097, -7.61019182391e-05, 0.000576891761739, -0.00189744506497, -0.00010090701835, 0.00729371514171, -0.000782345130574, 0.00100673025008, -5.80794767302e-06, -0.000311499956297], [-0.000159639166668, 0.0001952683524, -5.90986419411e-05, 0.000713793851901, -0.000115128452308, 0.00202740146779, 0.000317610072671, -0.00016727799084, -0.000782345130574, 0.00629261601716, 0.000228515651543, 0.0020229856018, -0.000396394607378], [0.00047957705101, -8.25613969937e-05, 0.000920416379813, 0.000356981850928, 0.000643779407255, -0.000935471151024, 0.00205122982152, 0.00172083172947, 0.00100673025008, 0.000228515651543, 0.00875696260482, -0.0028575619217, 0.00110876502004], [4.00365352107e-05, 0.00100821361411, -0.000106425031845, 4.36408190581e-05, 0.00013833126286, 0.0018343339907, -0.000494923966471, -4.15026697738e-05, -5.80794767302e-06, 0.0020229856018, -0.0028575619217, 0.0100072314963, -0.00182403344661], [0.00027476545074, -0.000106811297883, 0.000160018971656, 0.000535548140761, 0.0010334487306, 0.000275411322946, 0.00193904724438, 0.000437911628978, -0.000311499956297, -0.000396394607378, 0.00110876502004, -0.00182403344661, 0.00720509234816]]
    },
    "melbands": {
        "dmean": [1.02721821804e-06, 5.78000162932e-06, 1.04110886241e-05, 1.87584487321e-06, 7.86138298281e-06, 2.90789812425e-05, 5.8298723161e-05, 1.31990846057e-05, 4.35350957559e-05, 4.96831635246e-05, 2.53158686974e-05, 3.46341403201e-05, 1.31190354296e-05, 1.72549825947e-05, 5.80727864872e-05, 7.9704412201e-05, 7.70561018726e-05, 0.000101423516753, 0.000111782392196, 6.45789550617e-05, 2.72647102975e-05, 1.0738367564e-05, 8.53973597259e-06, 5.73592706132e-06, 4.84730890093e-06, 5.4558067859e-06, 2.93099037663e-06, 1.4623167317e-06, 1.94293374989e-06, 2.22070048039e-06, 1.49427455653e-06, 1.96382961803e-06, 1.31926537961e-06, 2.77544904748e-06, 1.25111591842e-06, 7.54069560571e-07, 6.67103847718e-07, 7.40460393445e-07, 4.66413439426e-07, 4.08070405911e-07],
        "dmean2": [1.73040427853e-06, 9.57701649895e-06, 1.80844945135e-05, 3.11377948492e-06, 1.18320749607e-05, 3.86186438845e-05, 8.30355638755e-05, 2.10037942452e-05, 6.70669760439e-05, 7.81789058237e-05, 3.7607831473e-05, 5.84365370742e-05, 2.18362820306e-05, 2.657575169e-05, 9.80826225714e-05, 0.000133524488774, 0.000130354921566, 0.000163535718457, 0.000175910347025, 0.000116231713037, 4.61213785456e-05, 1.90490100067e-05, 1.56254900503e-05, 9.81942503131e-06, 7.679047485e-06, 8.28233805805e-06, 4.05160335504e-06, 2.20341121349e-06, 3.00852343571e-06, 3.54135772795e-06, 2.32850993598e-06, 3.66389599549e-06, 2.22816606765e-06, 4.7817570703e-06, 1.93250639313e-06, 1.30053786052e-06, 1.03016623143e-06, 1.10306177703e-06, 7.22682671039e-07, 6.55895235013e-07],
        "dvar": [5.94807467169e-11, 3.46219763969e-09, 1.44764982224e-08, 6.76056571836e-11, 1.40959044437e-09, 2.45321061243e-08, 2.19024045123e-07, 2.12195239158e-09, 2.29134951013e-08, 4.43194494437e-08, 1.6434439587e-08, 9.05193786593e-08, 3.22359561267e-09, 3.09780601171e-09, 7.3543930057e-08, 1.31821977334e-07, 1.53959049953e-07, 4.13079135342e-07, 4.80799371871e-07, 7.81822393492e-08, 1.41098350781e-08, 3.25102167409e-09, 2.05352113092e-09, 8.31534507917e-10, 2.46362874545e-10, 6.27789431551e-10, 1.20926837988e-10, 2.34662671239e-11, 4.54091070301e-11, 8.01268010275e-11, 1.03952631225e-10, 3.13115450234e-10, 6.4305838432e-11, 5.38067757017e-10, 4.83990555966e-11, 1.38170429959e-11, 8.82816389436e-12, 1.05572573253e-11, 5.17750209025e-12, 3.60415516876e-12],
        "dvar2": [1.62167113071e-10, 8.78740102905e-09, 3.85952745319e-08, 1.5740159176e-10, 2.4588062697e-09, 3.54598093111e-08, 4.64513021825e-07, 4.47627535038e-09, 4.7240632739e-08, 9.44286071558e-08, 2.50296867677e-08, 1.68766717934e-07, 9.27051058142e-09, 6.94116897293e-09, 1.94835465095e-07, 3.31824026034e-07, 4.30345664881e-07, 9.74747194959e-07, 8.57590748637e-07, 2.33529192428e-07, 3.77258260187e-08, 7.93451349068e-09, 6.22297058328e-09, 2.43788922383e-09, 5.87113246908e-10, 1.07310027531e-09, 1.74552247656e-10, 4.80256182045e-11, 1.02479129349e-10, 1.94976659817e-10, 1.7301858557e-10, 9.47892320191e-10, 1.41070211068e-10, 1.46687995084e-09, 1.11145551096e-10, 3.69712316317e-11, 1.9619956701e-11, 2.02903371188e-11, 1.30650160829e-11, 7.20843393656e-12],
        "max": [0.000135427428177, 0.00100920605473, 0.00204106909223, 0.000137178081786, 0.000598314916715, 0.00373317254707, 0.00996776856482, 0.000552592682652, 0.0019026407972, 0.00344943860546, 0.00252510141581, 0.00527986511588, 0.000612596340943, 0.000612217118032, 0.00388037948869, 0.00461716065183, 0.00486364169046, 0.00831597112119, 0.0129125351086, 0.00285409856588, 0.00138474383857, 0.000785134674516, 0.000566649076063, 0.00044073589379, 0.000177818597876, 0.000493663188536, 0.00021912016382, 6.95254930179e-05, 7.64122814871e-05, 8.45560498419e-05, 0.00018867792096, 0.000271077733487, 0.000135213063913, 0.000379518751288, 0.000131347769639, 3.91513822251e-05, 4.14612077293e-05, 5.1136201364e-05, 2.91234991892e-05, 2.29557117564e-05],
        "mean": [9.87299245025e-07, 4.48644868811e-06, 7.53822678234e-06, 1.55707698468e-06, 7.92037735664e-06, 5.59148938919e-05, 7.03710393282e-05, 1.15724960779e-05, 4.15936483478e-05, 4.20530996053e-05, 2.62082921836e-05, 4.0152011934e-05, 1.13580026664e-05, 1.72788295458e-05, 4.98991503264e-05, 7.14717025403e-05, 6.97970463079e-05, 0.000136318310979, 0.000172429630766, 6.77557327435e-05, 2.46841409535e-05, 1.12547122626e-05, 7.89330078987e-06, 5.47630725123e-06, 6.1431269387e-06, 7.18353749107e-06, 3.88809348806e-06, 1.77601987161e-06, 2.29559350373e-06, 2.3631894237e-06, 1.99237820198e-06, 1.84200109743e-06, 1.55227166942e-06, 2.30444629779e-06, 1.31082811095e-06, 8.15259113551e-07, 9.04943135538e-07, 1.09714937935e-06, 6.0930761947e-07, 5.62132186133e-07],
        "median": [3.38591888749e-07, 2.74425786984e-07, 1.12482659631e-07, 5.4813270367e-08, 2.9820856895e-08, 2.51106833105e-08, 3.8857891127e-08, 6.54692016155e-08, 1.71300399643e-07, 1.71450267317e-07, 6.30313721217e-08, 4.99701542367e-08, 2.36344135374e-08, 1.88215754093e-08, 2.30429737513e-08, 2.58352574889e-08, 1.57915245325e-08, 3.18160182644e-08, 5.70212286277e-08, 4.65516798442e-08, 1.96030462973e-08, 9.68257563017e-09, 4.96398522287e-09, 3.75459485724e-09, 8.34775537584e-09, 1.46330627615e-08, 1.26081607377e-08, 1.11302727035e-08, 6.22486506785e-09, 6.90836321482e-09, 3.1240501297e-09, 2.00805927442e-09, 2.18993001511e-09, 1.42083123045e-09, 8.2477918939e-10, 7.45736195018e-10, 6.78363087925e-10, 8.33814794987e-10, 1.65844660227e-09, 4.22296153602e-09],
        "min": [7.97383264018e-15, 3.26056566255e-15, 7.58712451267e-16, 1.80053899477e-15, 2.48247738555e-15, 8.8698701492e-16, 4.11647080347e-16, 1.24312503515e-15, 7.06443159823e-16, 3.12582739047e-16, 3.31640159797e-16, 8.3073349225e-16, 5.35416037525e-16, 5.61755374053e-16, 4.33152452784e-16, 5.52245999852e-16, 5.549569288e-16, 7.54753154574e-16, 5.13074114173e-16, 5.39631561685e-16, 6.77423175775e-16, 4.44172695535e-16, 5.22594552742e-16, 4.71697825249e-16, 6.4497286711e-16, 4.63133263361e-16, 1.02870309147e-15, 1.11892978217e-15, 7.86311272848e-16, 6.26881778604e-16, 5.46237995157e-16, 6.6667612762e-16, 7.10604262116e-16, 6.73820903469e-16, 5.70989621365e-16, 4.94594025786e-16, 6.43808514445e-16, 5.46408778175e-16, 4.99729110089e-16, 5.89615981754e-16],
        "stdev": [6.96197912475e-06, 5.281880658e-05, 0.000102603298728, 8.49349180498e-06, 4.35902147728e-05, 0.000358287594281, 0.000614867312834, 4.81137140014e-05, 0.000176799323526, 0.000216636559344, 0.000180687304237, 0.000353889801772, 5.53170939384e-05, 6.38935962343e-05, 0.000234504550463, 0.000355551281245, 0.000333859585226, 0.000784067029599, 0.00110066321213, 0.000290745141683, 0.000110216184112, 6.11737923464e-05, 4.06005019613e-05, 2.62447665591e-05, 2.07946377486e-05, 3.5114131606e-05, 1.67818816408e-05, 6.26784867563e-06, 8.96310120879e-06, 9.82575875241e-06, 1.43415363709e-05, 1.74295455508e-05, 9.42526730796e-06, 1.94080585061e-05, 7.58655505706e-06, 4.00834505854e-06, 4.31413172919e-06, 5.01238491779e-06, 2.87684474642e-06, 2.4862401915e-06],
