{
"lowlevel": {
    "average_loudness": 0.955812513828,
    "barkbands_crest": {
        "dmean": 3.56963229179,
        "dmean2": 5.68813610077,
        "dvar": 8.38839626312,
        "dvar2": 22.3458843231,
        "max": 26.0558853149,
        "mean": 12.0258817673,
        "median": 11.1080722809,
        "min": 3.95084547997,
        "stdev": 4.57468128204,
        "var": 20.9277095795
    },
    "barkbands_flatness_db": {
        "dmean": 0.0644125342369,
        "dmean2": 0.094495922327,
        "dvar": 0.00316955521703,
        "dvar2": 0.00707361986861,
        "max": 0.572294473648,
        "mean": 0.276936799288,
        "median": 0.263673782349,
        "min": 0.0967792272568,
        "stdev": 0.0944190472364,
        "var": 0.00891495682299
    },
    "barkbands_kurtosis": {
        "dmean": 28.7233448029,
        "dmean2": 47.6051979065,
        "dvar": 2500.63256836,
        "dvar2": 5491.63232422,
        "max": 456.366638184,
        "mean": 24.992565155,
        "median": 2.93389463425,
        "min": -1.98162662983,
        "stdev": 57.5954055786,
        "var": 3317.23071289
    },
    "barkbands_skewness": {
        "dmean": 2.62661314011,
        "dmean2": 4.136510849,
        "dvar": 6.69162940979,
        "dvar2": 16.7083911896,
        "max": 5.99497652054,
        "mean": -2.39305210114,
        "median": -1.56127429008,
        "min": -14.7474002838,
        "stdev": 3.58945870399,
        "var": 12.8842134476
    },
    "barkbands_spread": {
        "dmean": 22.3961467743,
        "dmean2": 38.3019485474,
        "dvar": 452.958526611,
        "dvar2": 1288.9934082,
        "max": 96.8462142944,
        "mean": 33.0225143433,
        "median": 28.1849384308,
        "min": 0.351901650429,
        "stdev": 26.4176082611,
        "var": 697.890014648
    },
    "dissonance": {
        "dmean": 0.0145843895152,
        "dmean2": 0.0238104015589,
        "dvar": 0.000636871787719,
        "dvar2": 0.00131403736304,
        "max": 0.499992996454,
        "mean": 0.483392626047,
        "median": 0.494817972183,
        "min": 0.163891300559,
        "stdev": 0.0359322838485,
        "var": 0.00129112892319
    },
    "dynamic_complexity": 4.69949626923,
    "erbbands_crest": {
        "dmean": 3.56884884834,
        "dmean2": 5.77911043167,
        "dvar": 8.16436004639,
        "dvar2": 19.8385276794,
        "max": 31.2652301788,
        "mean": 13.9843940735,
        "median": 13.8131914139,
        "min": 4.14481163025,
        "stdev": 4.77280950546,
        "var": 22.7797107697
    },
    "erbbands_flatness_db": {
        "dmean": 0.0678703188896,
        "dmean2": 0.0982824191451,
        "dvar": 0.00323004485108,
        "dvar2": 0.00754441414028,
        "max": 0.602443933487,
        "mean": 0.350514024496,
        "median": 0.34567040205,
        "min": 0.117490559816,
        "stdev": 0.093777962029,
        "var": 0.00879430677742
    },
    "erbbands_kurtosis": {
        "dmean": 23.0299034119,
        "dmean2": 37.1086540222,
        "dvar": 1245.20141602,
        "dvar2": 3023.34838867,
        "max": 326.292114258,
        "mean": 25.0298099518,
        "median": 10.5375146866,
        "min": -1.91880488396,
        "stdev": 40.0342826843,
        "var": 1602.74365234
    },
    "erbbands_skewness": {
        "dmean": 1.84931278229,
        "dmean2": 2.84067392349,
        "dvar": 3.75512361526,
        "dvar2": 8.66682624817,
        "max": 15.6372671127,
        "mean": -2.39119410515,
        "median": -2.24587917328,
        "min": -9.91534137726,
        "stdev": 2.79517292976,
        "var": 7.81299114227
    },
    "erbbands_spread": {
        "dmean": 13.9053497314,
        "dmean2": 22.4963874817,
        "dvar": 299.997467041,
        "dvar2": 692.741394043,
        "max": 109.410102844,
        "mean": 17.3953075409,
        "median": 9.1905412674,
        "min": 0.542630016804,
        "stdev": 20.6895046234,
        "var": 428.055603027
    },
    "hfc": {
        "dmean": 37.6640052795,
        "dmean2": 70.309463501,
        "dvar": 12537.2724609,
        "dvar2": 36459.5078125,
        "max": 1128.19287109,
        "mean": 24.8853740692,
        "median": 3.92815184593,
        "min": 0.00244677625597,
        "stdev": 83.4024581909,
        "var": 6955.97021484
    },
    "loudness_ebu128": {
        "integrated": -33.1028022766,
        "loudness_range": 1.89636993408,
        "momentary": {
            "dmean": 1.50693917274,
            "dmean2": 2.49619483948,
            "dvar": 3.38915538788,
            "dvar2": 5.62419843674,
            "max": -27.7518157959,
            "mean": -34.5928649902,
            "median": -33.9417572021,
            "min": -44.0648345947,
            "stdev": 3.61452746391,
            "var": 13.0648088455
        },
        "short_term": {
            "dmean": 0.135177731514,
            "dmean2": 0.199556291103,
            "dvar": 0.05046165362,
            "dvar2": 0.0839360877872,
            "max": -31.7935504913,
            "mean": -32.568069458,
            "median": -32.3828735352,
            "min": -34.0474014282,
            "stdev": 0.675575315952,
            "var": 0.456401973963
        }
    },
    "melbands_crest": {
        "dmean": 5.05951690674,
        "dmean2": 8.36628818512,
        "dvar": 20.1465816498,
        "dvar2": 55.3722953796,
        "max": 36.910987854,
        "mean": 13.1435880661,
        "median": 11.6650943756,
        "min": 4.4081196785,
        "stdev": 6.18275594711,
        "var": 38.2264709473
    },
    "melbands_flatness_db": {
        "dmean": 0.0538381934166,
        "dmean2": 0.0815083160996,
        "dvar": 0.00270823156461,
        "dvar2": 0.00577924912795,
        "max": 0.69170576334,
        "mean": 0.258659571409,
        "median": 0.245467126369,
        "min": 0.0594992190599,
        "stdev": 0.0882318764925,
        "var": 0.00778486393392
    },
    "melbands_kurtosis": {
        "dmean": 17.3119831085,
        "dmean2": 28.3420314789,
        "dvar": 1051.23217773,
        "dvar2": 2572.53271484,
        "max": 253.188262939,
        "mean": 14.6044082642,
        "median": 0.745647192001,
        "min": -1.94868302345,
        "stdev": 37.4724311829,
        "var": 1404.18310547
    },
    "melbands_skewness": {
        "dmean": 2.23877692223,
        "dmean2": 3.396692276,
        "dvar": 4.60263347626,
        "dvar2": 10.8782453537,
        "max": 11.587305069,
        "mean": -0.411049604416,
        "median": -0.181533455849,
        "min": -9.89939022064,
        "stdev": 3.22333526611,
        "var": 10.3898906708
    },
    "melbands_spread": {
        "dmean": 51.562877655,
        "dmean2": 85.6273422241,
        "dvar": 1725.32177734,
        "dvar2": 4691.68847656,
        "max": 215.798294067,
        "mean": 85.6151275635,
        "median": 80.0973968506,
        "min": 0.310016095638,
        "stdev": 56.5570831299,
        "var": 3198.70385742
    },
    "pitch_salience": {
        "dmean": 0.129038229585,
        "dmean2": 0.214010238647,
        "dvar": 0.0139130558819,
        "dvar2": 0.0374377705157,
        "max": 0.90097796917,
        "mean": 0.636821627617,
        "median": 0.661420881748,
        "min": 0.0788676589727,
        "stdev": 0.157577157021,
        "var": 0.0248305592686
    },
    "silence_rate_20dB": {
        "dmean": 0,
        "dmean2": 0,
        "dvar": 0,
        "dvar2": 0,
        "max": 1,
        "mean": 1,
        "median": 1,
        "min": 1,
        "stdev": 0,
        "var": 0
    },
    "silence_rate_30dB": {
        "dmean": 0.00757575780153,
        "dmean2": 0.0152091253549,
        "dvar": 0.00751834409311,
        "dvar2": 0.0225823502988,
        "max": 1,
        "mean": 0.996226429939,
        "median": 1,
        "min": 0,
        "stdev": 0.0613135173917,
        "var": 0.00375934736803
    },
    "silence_rate_60dB": {
        "dmean": 0.272727280855,
        "dmean2": 0.547528505325,
        "dvar": 0.198346942663,
        "dvar2": 0.316182017326,
        "max": 1,
        "mean": 0.547169804573,
        "median": 1,
        "min": 0,
        "stdev": 0.497770339251,
        "var": 0.247775301337
    },
    "spectral_centroid": {
        "dmean": 606.477233887,
        "dmean2": 993.597717285,
        "dvar": 510808.0625,
        "dvar2": 1099372,
        "max": 5317.18164062,
        "mean": 4010.13305664,
        "median": 4398.27880859,
        "min": 279.396331787,
        "stdev": 1054.82861328,
        "var": 1112663.375
    },
    "spectral_complexity": {
        "dmean": 6.17803049088,
        "dmean2": 10.1825094223,
        "dvar": 56.9493370056,
        "dvar2": 117.244247437,
        "max": 44,
        "mean": 6.3547167778,
        "median": 3,
        "min": 0,
        "stdev": 8.66976642609,
        "var": 75.164855957
    },
    "spectral_decrease": {
        "dmean": 1.98353911074e-09,
        "dmean2": 3.56964835468e-09,
        "dvar": 2.7639422914e-17,
        "dvar2": 7.94000015903e-17,
        "max": -7.09222177514e-14,
        "mean": -1.35951727653e-09,
        "median": -2.60916371841e-10,
        "min": -5.11130906489e-08,
        "stdev": 4.02239797026e-09,
        "var": 1.61796842144e-17
    },
    "spectral_energy": {
        "dmean": 0.0108560789376,
        "dmean2": 0.0197540652007,
        "dvar": 0.000881647632923,
        "dvar2": 0.00254342285916,
        "max": 0.295243263245,
        "mean": 0.00738830072805,
        "median": 0.00130479387008,
        "min": 4.89607259624e-07,
        "stdev": 0.0225098505616,
        "var": 0.000506693380885
    },
    "spectral_energyband_high": {
        "dmean": 0.00559294503182,
        "dmean2": 0.0104351919144,
        "dvar": 0.000199738540687,
        "dvar2": 0.000575192971155,
        "max": 0.122420191765,
        "mean": 0.00375434313901,
        "median": 0.000609420530964,
        "min": 2.07442468536e-07,
        "stdev": 0.0107220532373,
        "var": 0.000114962429507
    },
    "spectral_energyband_low": {
        "dmean": 0.000786535441875,
        "dmean2": 0.00135508028325,
        "dvar": 4.27627628596e-06,
        "dvar2": 1.15025322884e-05,
        "max": 0.0192188937217,
        "mean": 0.000598716316745,
        "median": 5.46012197447e-05,
        "min": 2.87714807534e-09,
        "stdev": 0.00174752704334,
        "var": 3.05385083266e-06
    },
    "spectral_energyband_middle_high": {
        "dmean": 0.00353587628342,
        "dmean2": 0.00672364188358,
        "dvar": 0.000250628072536,
        "dvar2": 0.000739622162655,
        "max": 0.174739003181,
        "mean": 0.00214257859625,
        "median": 8.60794607433e-05,
        "min": 4.12044087739e-08,
        "stdev": 0.0114596681669,
        "var": 0.000131323991809
    },
    "spectral_energyband_middle_low": {
        "dmean": 0.00167589227203,
        "dmean2": 0.00310515123419,
        "dvar": 2.51516794378e-05,
        "dvar2": 7.10665481165e-05,
        "max": 0.0483836755157,
        "mean": 0.00104922859464,
        "median": 3.39715625159e-05,
        "min": 5.9612363934e-09,
        "stdev": 0.00388145702891,
        "var": 1.50657078848e-05
    },
    "spectral_entropy": {
        "dmean": 0.260634243488,
        "dmean2": 0.394630402327,
        "dvar": 0.113210007548,
        "dvar2": 0.236838668585,
        "max": 8.18007087708,
        "mean": 7.22901916504,
        "median": 7.3035531044,
        "min": 3.45678210258,
        "stdev": 0.517824053764,
        "var": 0.268141776323
    },
    "spectral_flux": {
        "dmean": 0.0406335145235,
        "dmean2": 0.0664018765092,
        "dvar": 0.00387428165413,
        "dvar2": 0.00688035460189,
        "max": 0.531465530396,
        "mean": 0.0650032162666,
        "median": 0.0466745793819,
        "min": 0.00136369769461,
        "stdev": 0.0707041174173,
        "var": 0.00499907229096
    },
    "spectral_kurtosis": {
        "dmean": 7.64789295197,
        "dmean2": 12.4187984467,
        "dvar": 80.4338150024,
        "dvar2": 201.918792725,
        "max": 62.6180801392,
        "mean": 9.6490316391,
        "median": 6.02173423767,
        "min": -1.08101594448,
        "stdev": 11.0487546921,
        "var": 122.074981689
    },
    "spectral_rms": {
        "dmean": 0.001508169109,
        "dmean2": 0.00247510848567,
        "dvar": 4.41023894382e-06,
        "dvar2": 1.1817783161e-05,
        "max": 0.0169718060642,
        "mean": 0.00178434757981,
        "median": 0.00112825958058,
        "min": 2.18555633182e-05,
        "stdev": 0.00200604135171,
        "var": 4.02420209866e-06
    },
    "spectral_rolloff": {
        "dmean": 674.29876709,
        "dmean2": 1191.77709961,
        "dvar": 1318461.375,
        "dvar2": 3183745.5,
        "max": 6223.09570312,
        "mean": 4926.39111328,
        "median": 5318.70117188,
        "min": 64.599609375,
        "stdev": 1375.07531738,
        "var": 1890832.25
    },
    "spectral_skewness": {
        "dmean": 0.933727920055,
        "dmean2": 1.63928568363,
        "dvar": 1.0442892313,
        "dvar2": 2.92852258682,
        "max": 5.04720973969,
        "mean": 0.186670765281,
        "median": -0.0432773716748,
        "min": -2.038438797,
        "stdev": 1.16818380356,
        "var": 1.36465346813
    },
    "spectral_spread": {
        "dmean": 1014970.5625,
        "dmean2": 1633855,
        "dvar": 1.37159350682e+12,
        "dvar2": 3.94603423334e+12,
        "max": 8935843,
        "mean": 2471647.25,
        "median": 2259324,
        "min": 558435.1875,
        "stdev": 1371237.875,
        "var": 1.880293376e+12
    },
    "spectral_strongpeak": {
        "dmean": 0.815965473652,
        "dmean2": 1.41029453278,
        "dvar": 1.24363732338,
        "dvar2": 3.25636076927,
        "max": 6.60781431198,
        "mean": 0.748902440071,
        "median": 0.276777297258,
        "min": 0,
        "stdev": 1.10697853565,
        "var": 1.22540152073
    },
    "zerocrossingrate": {
        "dmean": 0.0275952890515,
        "dmean2": 0.0312091559172,
        "dvar": 0.000580043531954,
        "dvar2": 0.000690489308909,
        "max": 0.2470703125,
        "mean": 0.16711564362,
        "median": 0.18115234375,
        "min": 0.0126953125,
        "stdev": 0.0536541268229,
        "var": 0.00287876534276
    },
    "barkbands": {
        "dmean": [0.000138769086334, 0.000124921643874, 0.000342901912518, 0.000523029069882, 0.000398339034291, 0.000177544367034, 0.000314671400702, 0.000199308269657, 0.000122250567074, 2.12628474401e-05, 5.62911736779e-05, 0.000169913764694, 0.000251274905168, 0.000360087869922, 0.000401569617679, 0.000751013867557, 0.000112474503112, 6.37498087599e-05, 0.000352471601218, 0.00181377341505, 0.00335299153812, 0.00145177356899, 3.91384783143e-05, 4.92077606395e-06, 6.60617524773e-06, 2.41433917836e-05, 2.84366183223e-06],
        "dmean2": [0.000243437301833, 0.000204077354283, 0.000609375711065, 0.000953576061875, 0.000716217560694, 0.000340095459251, 0.000607709749602, 0.000373797432985, 0.00022966627148, 3.7649035221e-05, 0.000104762642877, 0.000320082675898, 0.000472827639896, 0.0006726779975, 0.000770853308495, 0.00145558640361, 0.000219082809053, 0.000119370408356, 0.000677183561493, 0.0034832789097, 0.00632988056168, 0.00263429200277, 7.53228086978e-05, 9.87335988611e-06, 1.32566538014e-05, 4.84611773572e-05, 5.70581914872e-06],
        "dvar": [1.94050144842e-07, 1.01983047784e-07, 1.0950440128e-06, 2.51591859524e-06, 9.55151676862e-07, 1.15792818178e-06, 2.31033618547e-06, 5.49808362393e-07, 3.71029472035e-07, 6.58393606301e-09, 5.15272553514e-08, 4.29623241871e-07, 1.22294738958e-06, 9.36102992455e-07, 3.24322968481e-06, 1.98507259483e-05, 5.51949483452e-07, 1.15655716115e-07, 2.10440884985e-06, 6.56858246657e-05, 8.16505416878e-05, 9.12392442842e-06, 7.32579437113e-08, 3.16151838042e-09, 5.69902391945e-09, 7.62996705816e-08, 1.05528152883e-09],
        "dvar2": [4.98566407714e-07, 2.11183788679e-07, 3.02051853396e-06, 7.0706923907e-06, 2.65070957539e-06, 3.43694478033e-06, 6.77000025462e-06, 1.59486614848e-06, 1.08537506094e-06, 1.79821846302e-08, 1.48668888755e-07, 1.23147083286e-06, 3.49947117684e-06, 2.61661466538e-06, 9.52471054916e-06, 5.91502430325e-05, 1.64660809787e-06, 3.43362927424e-07, 6.21064236839e-06, 0.00019446312217, 0.000236335254158, 2.52026038652e-05, 2.19244824962e-07, 9.49426581798e-09, 1.71155143391e-08, 2.29156128739e-07, 3.16933546074e-09],
        "max": [0.00421620858833, 0.0022084149532, 0.0102497246116, 0.0148018635809, 0.00591412279755, 0.0122775677592, 0.0154145490378, 0.00681676715612, 0.0051579317078, 0.000722467491869, 0.00191016518511, 0.00662959041074, 0.0111545203254, 0.00606255559251, 0.0195172708482, 0.0509214811027, 0.00849575549364, 0.00387823837809, 0.0135462563485, 0.0868663936853, 0.0681041106582, 0.0214195977896, 0.00310840411112, 0.000648663961329, 0.000870829913765, 0.00318611389957, 0.000374724913854],
        "mean": [0.000126280719996, 0.000118173345982, 0.000231203986914, 0.000324790162267, 0.000252955913311, 0.000100262717751, 0.000174507615156, 0.000118942756671, 7.09203159204e-05, 1.35146801767e-05, 3.27565285261e-05, 0.000100492652564, 0.000142730146763, 0.00021272021695, 0.000243653921643, 0.000433986191638, 6.50145957479e-05, 4.1298873839e-05, 0.000214822663111, 0.00106991000939, 0.00218599708751, 0.00106819882058, 2.32308902923e-05, 2.46780882662e-06, 3.30760303768e-06, 1.20427848742e-05, 1.43010527154e-06],
        "median": [2.52141853707e-06, 5.50355116502e-06, 3.86832107324e-06, 4.74997159472e-06, 3.50065784005e-06, 8.46337115945e-07, 8.00155021352e-07, 3.53115893859e-07, 1.84605625009e-07, 2.93478077396e-08, 4.34941647143e-08, 1.11715728224e-07, 2.32732375594e-07, 5.02365423927e-07, 1.8028060822e-06, 1.75175455297e-06, 6.73806539453e-07, 1.4112805502e-06, 1.2455320757e-05, 7.36095826142e-05, 0.000304964545649, 0.000193256666535, 1.70013549905e-06, 1.57252557642e-08, 1.56904906845e-08, 1.33116184742e-08, 1.30397586062e-08],
        "min": [2.68854072338e-09, 4.99046359792e-10, 7.06973229958e-11, 1.58744739576e-10, 6.49621523241e-10, 3.35698885356e-10, 2.75740513755e-10, 3.31062510739e-10, 8.52044268473e-10, 4.95699314929e-10, 5.39609745775e-10, 9.58776613658e-10, 1.02980690642e-09, 1.38523192916e-09, 1.43253797713e-09, 1.71289149531e-09, 2.63715871363e-09, 3.91676557854e-09, 2.87310508718e-09, 8.23259771465e-09, 1.33818872428e-07, 1.02115569334e-08, 9.53698719997e-09, 1.49242163072e-09, 1.54116575057e-09, 1.13165787852e-09, 1.32517086193e-09],
        "stdev": [0.000449127837783, 0.000330916926032, 0.000846047827508, 0.00124757597223, 0.000794329622295, 0.000774860091042, 0.00111032219138, 0.000549405871425, 0.000446887424914, 6.52912131045e-05, 0.00016983342357, 0.000493231811561, 0.000834408274386, 0.000752518360969, 0.00130853208248, 0.00318053876981, 0.00052988214884, 0.00024541161838, 0.00106621172745, 0.00584759237245, 0.00675910012797, 0.00249387952499, 0.000192230509128, 3.97706353397e-05, 5.3392333939e-05, 0.000195350512513, 2.29747183766e-05],
        "var": [2.01715806725e-07, 1.0950601137e-07, 7.15796886652e-07, 1.55644590905e-06, 6.30959561931e-07, 6.0040815697e-07, 1.23281529341e-06, 3.01846824868e-07, 1.99708367177e-07, 4.26294244349e-09, 2.88433916751e-08, 2.43277639811e-07, 6.96237179909e-07, 5.66283915759e-07, 1.71225622125e-06, 1.01158266261e-05, 2.80775083183e-07, 6.02268670491e-08, 1.13680732738e-06, 3.41943341482e-05, 4.56854322692e-05, 6.21943490842e-06, 3.69525672284e-08, 1.58170332387e-09, 2.85074119866e-09, 3.81618221468e-08, 5.27837717978e-10]
    },
    "erbbands": {
        "dmean": [0.00387495430186, 0.0313133783638, 0.281116515398, 1.29247927666, 1.91751408577, 0.863474190235, 0.597062587738, 1.82070994377, 4.4683637619, 4.28037023544, 4.29403591156, 3.01311039925, 0.932421803474, 1.37342119217, 3.11070489883, 6.94345092773, 12.1725521088, 15.0124359131, 18.8052062988, 34.419303894, 32.9215431213, 7.21847867966, 3.13226103783, 7.44561576843, 42.4854888916, 89.3311386108, 112.195373535, 128.018356323, 63.1600608826, 12.7693748474, 1.18141496181, 0.216637134552, 0.0525215305388, 0.0437050014734, 0.0662266910076, 0.0791585892439, 0.0526222363114, 0.0069022718817, 0.000260097061982, 7.51061015762e-05],
        "dmean2": [0.0062799253501, 0.0526906698942, 0.496621131897, 2.35237264633, 3.53273105621, 1.52683341503, 1.04072606564, 3.50709462166, 8.6915063858, 8.13820934296, 7.96109342575, 5.66506719589, 1.66088998318, 2.56886315346, 5.92501831055, 13.1017408371, 23.0232982635, 27.8340053558, 35.4941596985, 66.3212585449, 63.4344482422, 13.9805622101, 5.84524154663, 14.309422493, 81.8755874634, 171.660842896, 215.174972534, 236.566207886, 115.20741272, 23.6162338257, 2.28723812103, 0.430378466845, 0.104775972664, 0.0875414982438, 0.132873773575, 0.158870965242, 0.105617597699, 0.0138501441106, 0.000519272871315, 0.000147388782352],
        "dvar": [0.000131300679641, 0.00798728596419, 0.739231705666, 14.6522455215, 27.2944927216, 4.56158781052, 9.50023937225, 148.834915161, 652.429443359, 287.169555664, 211.751068115, 227.720825195, 9.27431106567, 36.5802612305, 127.103172302, 579.782836914, 2884.35302734, 1574.32958984, 4543.6796875, 31180.3847656, 40918.9023438, 2011.78552246, 226.770828247, 1067.24902344, 35870.2578125, 178441.40625, 112055.351562, 96315.078125, 17828.65625, 950.487670898, 75.2353744507, 4.97422218323, 0.32129585743, 0.24075396359, 0.569950222969, 0.818538725376, 0.361997455359, 0.00620259810239, 7.94900824985e-06, 4.51138873814e-07],
        "dvar2": [0.000288230134174, 0.0176420453936, 2.00778889656, 40.8166618347, 77.2955093384, 12.1286506653, 25.9233341217, 442.554321289, 1921.06652832, 836.491210938, 607.661804199, 666.67010498, 25.6029911041, 105.440505981, 362.867034912, 1645.17468262, 8283.91210938, 4231.60302734, 13247.3974609, 92294.3828125, 122080.5, 5994.44726562, 671.445373535, 3150.4621582, 106369.695312, 529468.875, 325775.4375, 276420.25, 49179.0859375, 2705.74414062, 225.321624756, 14.932513237, 0.964644908905, 0.722973048687, 1.71171355247, 2.4583542347, 1.08720469475, 0.0186284929514, 2.38681841438e-05, 1.35329366913e-06],
        "max": [0.11664494127, 0.606043696404, 8.56561756134, 34.8582801819, 41.2906990051, 13.3273143768, 38.2224578857, 140.764343262, 283.491394043, 149.330047607, 121.620552063, 130.985641479, 22.9357872009, 55.34116745, 110.295692444, 232.549682617, 536.133117676, 257.688812256, 688.691223145, 1970.44104004, 2317.14160156, 511.945770264, 170.210174561, 338.003845215, 1607.50866699, 4684.81542969, 2443.5378418, 2555.67578125, 1018.20056152, 247.457702637, 99.949180603, 25.7457790375, 6.5423784256, 5.66119813919, 8.70860290527, 10.4357376099, 6.93990755081, 0.908443033695, 0.0325367115438, 0.00775705371052],
        "mean": [0.00387938972563, 0.0280255470425, 0.198893502355, 0.812967956066, 1.18043279648, 0.578578352928, 0.39682713151, 1.01310169697, 2.4076833725, 2.47147035599, 2.62311601639, 1.75428795815, 0.604870080948, 0.800351083279, 1.88069903851, 4.11312532425, 6.88517379761, 9.3582906723, 11.0325021744, 20.4518108368, 19.0027523041, 4.26858711243, 2.0418317318, 4.66327953339, 25.1677532196, 52.424156189, 70.4012756348, 87.2368774414, 46.0209655762, 9.10726070404, 0.698548257351, 0.113840378821, 0.0271675717086, 0.0221351794899, 0.033158659935, 0.0395165346563, 0.0262533593923, 0.00345154758543, 0.00013444868091, 4.13415291405e-05],
        "median": [0.000142560500535, 0.00138425710611, 0.00361373228952, 0.0134614985436, 0.0165308378637, 0.00783366430551, 0.00429450906813, 0.00887574627995, 0.0177710335702, 0.012394035235, 0.00781184341758, 0.00464466121048, 0.00256451079622, 0.00171499873977, 0.00425493298098, 0.00754100596532, 0.0134907802567, 0.0298922937363, 0.0708905532956, 0.150146171451, 0.0965700522065, 0.056133300066, 0.0719283148646, 0.333233237267, 1.27974271774, 3.39751029015, 8.1822013855, 13.3871593475, 7.84102678299, 1.5468660593, 0.057007689029, 0.00377566996031, 0.000715570291504, 0.000284588953946, 0.00014085813018, 6.93198016961e-05, 3.2100117096e-05, 1.16740557132e-05, 4.03216245104e-06, 2.74427793556e-06],
        "min": [2.40772486393e-08, 5.91694977459e-08, 1.11712743944e-07, 4.34308589092e-07, 1.49900756696e-06, 1.71559042883e-06, 3.23586505147e-06, 2.04691718864e-06, 3.23862172991e-06, 8.81525738805e-06, 1.96853998204e-05, 2.0077210138e-05, 1.44029381772e-05, 3.15419711114e-05, 2.9044906114e-05, 4.85063137603e-05, 5.9818594309e-05, 6.77313873894e-05, 8.14296872704e-05, 0.000106920590042, 0.000115433889732, 0.000152890163008, 0.000215785650653, 0.000294529541861, 0.00024966080673, 0.000416241819039, 0.00346915074624, 0.00423181522638, 0.000418128591264, 0.000239526518271, 0.000291346281301, 5.23696326127e-05, 2.53486250585e-05, 1.99489859369e-05, 9.59406042966e-06, 4.9066829888e-06, 2.06265576708e-06, 6.40803307306e-07, 1.9507115212e-07, 2.86118666537e-08],
        "stdev": [0.0124033540487, 0.0871743410826, 0.707028865814, 3.03529119492, 4.10607433319, 1.81750738621, 2.53775143623, 8.75775909424, 18.5452079773, 12.5129928589, 10.9523773193, 11.0571231842, 2.42507648468, 4.52435541153, 8.49484825134, 18.3133106232, 40.3036804199, 32.1761169434, 49.5573120117, 127.100265503, 144.273040771, 32.0489768982, 10.9255046844, 23.7878036499, 137.192703247, 303.582519531, 247.210327148, 237.806335449, 110.672424316, 23.710067749, 6.1531085968, 1.57794296741, 0.401011824608, 0.347062915564, 0.533936500549, 0.639843165874, 0.425505638123, 0.0556983947754, 0.00199434370734, 0.000475604407256],
        "var": [0.00015384319704, 0.00759936543182, 0.499889791012, 9.21299266815, 16.8598480225, 3.30333304405, 6.44018268585, 76.6983413696, 343.92477417, 156.574981689, 119.954574585, 122.259979248, 5.88099575043, 20.4697914124, 72.1624526978, 335.377349854, 1624.38659668, 1035.3026123, 2455.92700195, 16154.4775391, 20814.7089844, 1027.13684082, 119.366653442, 565.859619141, 18821.8398438, 92162.3515625, 61112.9453125, 56551.8554688, 12248.3857422, 562.167297363, 37.8607444763, 2.48990416527, 0.160810485482, 0.120452657342, 0.285088211298, 0.409399271011, 0.181055054069, 0.003102311166, 3.97740677727e-06, 2.26199546205e-07]
    },
    "gfcc": {
        "mean": [-256.172393799, 19.4616107941, -141.494567871, 106.132583618, -63.2444953918, -15.5411834717, 10.5955095291, -38.3299636841, -4.77887296677, 20.3717479706, -30.3857135773, -6.97592544556, -9.38260555267],
        "cov": [[19701.2441406, 6221.81201172, -3801.88549805, 25.2099533081, 976.809814453, -350.801574707, -417.534118652, -1218.97436523, 512.923522949, -1094.63818359, -562.030761719, -974.555480957, -729.761535645], [6221.81201172, 4059.91381836, -453.946258545, -612.520507812, 316.775146484, -273.19152832, -486.102905273, -277.314788818, 65.3352508545, -481.210510254, -374.210540771, -391.428405762, -230.176010132], [-3801.88549805, -453.946258545, 2078.73925781, 558.15032959, -273.514587402, -106.78894043, 141.352508545, 367.845336914, -150.030899048, 135.463134766, 134.661483765, 237.829986572, 203.500030518], [25.2099533081, -612.520507812, 558.15032959, 1716.19226074, 392.106750488, -40.5205688477, 380.259429932, -25.9611148834, 37.4028816223, -67.0276107788, 78.4654769897, 10.0549488068, 18.7932281494], [976.809814453, 316.775146484, -273.514587402, 392.106750488, 808.799804688, 262.247619629, -141.189208984, -207.680740356, -107.112762451, -120.150245667, -90.2231292725, -77.9493255615, 21.1720943451], [-350.801574707, -273.19152832, -106.78894043, -40.5205688477, 262.247619629, 483.628143311, 186.242446899, -76.9606933594, -77.6539535522, -7.83512926102, -41.0000114441, 11.5307826996, 26.3134765625], [-417.534118652, -486.102905273, 141.352508545, 380.259429932, -141.189208984, 186.242446899, 630.147216797, 285.677185059, 64.2885360718, 37.3352851868, 63.5178222656, 2.77453017235, -48.1386871338], [-1218.97436523, -277.314788818, 367.845336914, -25.9611148834, -207.680740356, -76.9606933594, 285.677185059, 561.057373047, 171.866958618, 75.83934021, 26.5454692841, 59.6302986145, 13.8672599792], [512.923522949, 65.3352508545, -150.030899048, 37.4028816223, -107.112762451, -77.6539535522, 64.2885360718, 171.866958618, 357.706848145, 83.9664993286, -27.9086513519, -25.0701503754, -27.7333507538], [-1094.63818359, -481.210510254, 135.463134766, -67.0276107788, -120.150245667, -7.83512926102, 37.3352851868, 75.83934021, 83.9664993286, 320.41015625, 211.186767578, 84.3438949585, -11.1082410812], [-562.030761719, -374.210540771, 134.661483765, 78.4654769897, -90.2231292725, -41.0000114441, 63.5178222656, 26.5454692841, -27.9086513519, 211.186767578, 353.88293457, 188.761077881, -7.53901147842], [-974.555480957, -391.428405762, 237.829986572, 10.0549488068, -77.9493255615, 11.5307826996, 2.77453017235, 59.6302986145, -25.0701503754, 84.3438949585, 188.761077881, 268.838531494, 136.527740479], [-729.761535645, -230.176010132, 203.500030518, 18.7932281494, 21.1720943451, 26.3134765625, -48.1386871338, 13.8672599792, -27.7333507538, -11.1082410812, -7.53901147842, 136.527740479, 201.635284424]],
        "icov": [[0.00038415347808, -0.000500647292938, 0.000531323021278, -0.000241858389927, 9.73322166828e-05, 3.76229509129e-05, -0.000212920524064, 0.000433924142271, -0.000581052270718, 0.000811630161479, -0.000857922539581, 0.000543520844076, -0.000225980315008], [-0.000500647292938, 0.00194573763292, -0.0024477862753, 0.00351087818854, -0.00410300958902, 0.00436972593889, -0.00388281815685, 0.00328608718701, -0.00246197008528, 0.00170296407305, 0.000961553014349, -0.00150341389235, 0.00206909095868], [0.000531323021278, -0.0024477862753, 0.00469430536032, -0.00644741114229, 0.0077033857815, -0.00812175683677, 0.00817298796028, -0.00723800994456, 0.0054595451802, -0.00324412784539, -0.00119810947217, 0.00278274319135, -0.00366484629922], [-0.000241858389927, 0.00351087818854, -0.00644741114229, 0.011845856905, -0.0144030032679, 0.0161320175976, -0.0164457503706, 0.0137652941048, -0.0100709339604, 0.00656915595755, 0.00130137742963, -0.00492816511542, 0.00543183367699], [9.73322166828e-05, -0.00410300958902, 0.0077033857815, -0.0144030032679, 0.019838694483, -0.0216923877597, 0.0214620046318, -0.017471851781, 0.0124999955297, -0.00716161355376, -0.00316952914, 0.00813662260771, -0.00799357425421], [3.76229509129e-05, 0.00436972593889, -0.00812175683677, 0.0161320175976, -0.0216923877597, 0.0274297613651, -0.0258944146335, 0.0209607239813, -0.0131689878181, 0.00698660966009, 0.00551080843434, -0.0105255851522, 0.00879878737032], [-0.000212920524064, -0.00388281815685, 0.00817298796028, -0.0164457503706, 0.0214620046318, -0.0258944146335, 0.0279164388776, -0.022270405665, 0.0141556877643, -0.00759869255126, -0.00456323334947, 0.00987890921533, -0.00792793557048], [0.000433924142271, 0.00328608718701, -0.00723800994456, 0.0137652941048, -0.017471851781, 0.0209607239813, -0.022270405665, 0.0212397370487, -0.0143327442929, 0.00838169734925, 0.00221774121746, -0.00740787805989, 0.00725444918498], [-0.000581052270718, -0.00246197008528, 0.0054595451802, -0.0100709339604, 0.0124999955297, -0.0131689878181, 0.0141556877643, -0.0143327442929, 0.0153173338622, -0.0110090589151, 0.0038653947413, 0.00122651061974, -0.00389915518463], [0.000811630161479, 0.00170296407305, -0.00324412784539, 0.00656915595755, -0.00716161355376, 0.00698660966009, -0.00759869255126, 0.00838169734925, -0.0110090589151, 0.0160993803293, -0.0103698708117, 0.00468255067244, 0.00080742611317], [-0.000857922539581, 0.000961553014349, -0.00119810947217, 0.00130137742963, -0.00316952914, 0.00551080843434, -0.00456323334947, 0.00221774121746, 0.0038653947413, -0.0103698708117, 0.0185678880662, -0.0164002627134, 0.00921150483191], [0.000543520844076, -0.00150341389235, 0.00278274319135, -0.00492816511542, 0.00813662260771, -0.0105255851522, 0.00987890921533, -0.00740787805989, 0.00122651061974, 0.00468255067244, -0.0164002627134, 0.0231293421239, -0.0145585117862], [-0.000225980315008, 0.00206909095868, -0.00366484629922, 0.00543183367699, -0.00799357425421, 0.00879878737032, -0.00792793557048, 0.00725444918498, -0.00389915518463, 0.00080742611317, 0.00921150483191, -0.0145585117862, 0.0167056620121]]
    },
    "melbands": {
        "dmean": [3.97702533519e-05, 0.000123334655655, 0.000234508464928, 0.000104216240288, 1.94088024728e-05, 4.24244353781e-05, 6.71122106723e-05, 4.56675188616e-05, 3.49584370269e-05, 1.63431905094e-05, 4.00243015974e-06, 5.03298133481e-06, 8.45914473757e-06, 2.2651940526e-05, 1.32693530759e-05, 2.87545244646e-05, 3.03918004647e-05, 3.125108924e-05, 3.42696403095e-05, 5.43280839338e-05, 3.47268796759e-05, 7.66719131207e-06, 2.27464465752e-06, 3.21969241668e-06, 5.00763644595e-06, 1.67868129211e-05, 5.95714627707e-05, 5.50239856238e-05, 5.58828360226e-05, 8.97051795619e-05, 7.0568479714e-05, 4.08482810599e-05, 1.64958128153e-05, 3.01877798847e-06, 5.07055688104e-07, 2.27116188967e-07, 6.96220752161e-08, 2.5236928991e-08, 4.33207532069e-08, 3.25345119734e-08],
        "dmean2": [6.3149331254e-05, 0.000215623673284, 0.000421667355113, 0.000188852282008, 3.35480472131e-05, 8.16293395474e-05, 0.000130492466269, 8.66460759426e-05, 6.4993990236e-05, 3.0706745747e-05, 7.06583750798e-06, 9.41619873629e-06, 1.59974861162e-05, 4.2823550757e-05, 2.54088827205e-05, 5.37683554285e-05, 5.64805050089e-05, 5.89279734413e-05, 6.51063237456e-05, 0.00010483560618, 6.68166103424e-05, 1.49165653056e-05, 4.16861621488e-06, 6.07636320638e-06, 9.62996091403e-06, 3.23852618749e-05, 0.000115646864288, 0.000105213272036, 0.000107573541754, 0.000170758925378, 0.000129451073008, 7.43217751733e-05, 3.0201033951e-05, 5.64334277442e-06, 1.01007105968e-06, 4.55819872514e-07, 1.39705747415e-07, 5.06130355404e-08, 8.68971525847e-08, 6.52620570918e-08],
        "dvar": [1.04716102456e-08, 1.30744268745e-07, 4.67276947802e-07, 6.96858606375e-08, 8.3512716742e-09, 7.66175816125e-08, 1.36112205951e-07, 3.49045379266e-08, 1.5437414902e-08, 7.04285696429e-09, 1.82599657617e-10, 5.37963729119e-10, 9.04555541581e-10, 8.45319458875e-09, 2.97313840214e-09, 1.35712463489e-08, 6.84975143272e-09, 1.14264269158e-08, 2.2737012273e-08, 9.3385352784e-08, 4.85434057396e-08, 2.49710718769e-09, 6.91863719093e-11, 3.48714779275e-10, 5.10777087293e-10, 4.77488626416e-09, 8.40604954533e-08, 6.45352145057e-08, 2.83453882588e-08, 6.02880732004e-08, 2.83057417505e-08, 7.32069693754e-09, 1.39664257937e-09, 8.09409483882e-11, 2.94058943862e-11, 6.74634003175e-12, 6.33290945726e-13, 8.27854495025e-14, 2.44032252088e-13, 1.37468825928e-13],
        "dvar2": [2.15277839999e-08, 3.50701355956e-07, 1.30754995098e-06, 1.94480520577e-07, 2.20823643815e-08, 2.27265360309e-07, 4.00835773462e-07, 1.01866270086e-07, 4.4395470411e-08, 2.06430126326e-08, 4.97388408238e-10, 1.54954482579e-09, 2.58066701342e-09, 2.43393039057e-08, 8.62112070621e-09, 3.84952620891e-08, 1.8872434282e-08, 3.32011715898e-08, 6.68310988772e-08, 2.77726599052e-07, 1.44967160054e-07, 7.44713446466e-09, 2.00835195696e-10, 1.03762742842e-09, 1.50810386401e-09, 1.41042288959e-08, 2.49751082038e-07, 1.91398243032e-07, 8.21819270413e-08, 1.74758255866e-07, 8.08536668728e-08, 2.01077305917e-08, 3.91929644294e-09, 2.35560654316e-10, 8.82926162737e-11, 2.02610567213e-11, 1.90183415891e-12, 2.48592758791e-13, 7.32830354559e-13, 4.12840931146e-13],
        "max": [0.000951500551309, 0.00348050659522, 0.00635680090636, 0.00160029309336, 0.001147541916, 0.00319989351556, 0.00401880033314, 0.00176712614484, 0.00111534190364, 0.00075965229189, 0.000116280833026, 0.000219381341594, 0.000212209270103, 0.000939848599955, 0.000480060465634, 0.00117227330338, 0.000567385577597, 0.001017088769, 0.00162032421213, 0.00346358306706, 0.00252313097008, 0.000569879426621, 8.95923294593e-05, 0.000213134815567, 0.000238520355197, 0.000652933027595, 0.0028597516939, 0.00282157212496, 0.00131680024788, 0.0018196774181, 0.0014452978503, 0.000657122698613, 0.00027047956246, 7.96362146502e-05, 6.25787070021e-05, 2.9961051041e-05, 9.18048226595e-06, 3.31980186274e-06, 5.6992394093e-06, 4.2772408051e-06],
        "mean": [4.11050532421e-05, 8.9146393293e-05, 0.000149623228936, 6.54137911624e-05, 1.36290964292e-05, 2.35683728533e-05, 3.63992949133e-05, 2.64574482571e-05, 2.12432751141e-05, 9.47696571529e-06, 2.63697756964e-06, 2.9080188142e-06, 5.03882029079e-06, 1.34065176098e-05, 7.49850050852e-06, 1.64683387993e-05, 1.84120181075e-05, 1.80114584509e-05, 2.06279564736e-05, 3.1582563679e-05, 1.97280769498e-05, 4.38183360529e-06, 1.60264607985e-06, 1.99494206754e-06, 3.15984266308e-06, 1.013765268e-05, 3.43126630469e-05, 3.24723041558e-05, 3.50161280949e-05, 5.71031305299e-05, 4.91388382216e-05, 2.97282349493e-05, 1.19659462143e-05, 2.02264982363e-06, 2.60620566905e-07, 1.1338611472e-07, 3.48695685659e-08, 1.27604904421e-08, 2.17653717272e-08, 1.63643694151e-08],
        "median": [1.96069049707e-06, 2.2290760171e-06, 2.82193582279e-06, 9.26062227791e-07, 1.84591939956e-07, 1.86834938631e-07, 2.42660718186e-07, 1.00342752773e-07, 3.86374026107e-08, 2.11236006464e-08, 6.60396048957e-09, 4.86969087277e-09, 8.23920487392e-09, 1.34513848948e-08, 9.94802640264e-09, 3.17740784794e-08, 4.12767953151e-08, 6.73745148561e-08, 1.49782664494e-07, 1.36653028449e-07, 7.42096588624e-08, 3.53509364004e-08, 4.61654181549e-08, 7.16572117199e-08, 2.26871890163e-07, 6.3530069383e-07, 1.57056592798e-06, 2.28195790442e-06, 3.92096444557e-06, 6.7201440288e-06, 8.25055849418e-06, 4.97073779115e-06, 2.25075405069e-06, 2.21854605797e-07, 3.64989771739e-09, 2.18937576402e-10, 1.85040233136e-10, 1.88474902352e-10, 1.76047856848e-10, 1.50986334546e-10],
        "min": [4.96518715032e-10, 4.75461649219e-11, 1.21236368167e-10, 1.40404882165e-10, 1.03706335186e-10, 4.86656513699e-11, 4.50540472985e-11, 1.02603821273e-10, 1.4311693497e-10, 1.15325235472e-10, 5.30404643817e-11, 1.06996009275e-10, 1.22016202697e-10, 8.87549408968e-11, 1.17053713944e-10, 1.28828545054e-10, 1.27525989768e-10, 9.93174015251e-11, 1.10699047151e-10, 1.40628286793e-10, 1.25592397593e-10, 1.34981539834e-10, 1.2396668414e-10, 1.71546762906e-10, 1.51145040928e-10, 1.39461941995e-10, 1.90824828161e-10, 2.59251120571e-10, 5.12536901809e-10, 5.84219916888e-09, 8.9457607988e-10, 1.76147013642e-10, 1.61467408888e-10, 1.12107566286e-10, 1.02644164002e-10, 3.80449179105e-11, 1.86414356174e-11, 1.51144582961e-11, 1.84004200765e-11, 1.61807130195e-11],
        "stdev": [0.000115134702355, 0.000302478059893, 0.000543129281141, 0.000212755330722, 7.75708977017e-05, 0.000199373913347, 0.000267743133008, 0.000137570779771, 9.31638423936e-05, 6.14174132352e-05, 1.09402926682e-05, 1.73714488483e-05, 2.271545236e-05, 6.87759602442e-05, 4.02875775762e-05, 8.8912078354e-05, 6.55236217426e-05, 7.89841942606e-05, 0.000109647407953, 0.000218746630708, 0.000157006346853, 3.56636373908e-05, 6.3099878389e-06, 1.33973271659e-05, 1.64343055076e-05, 5.06696815137e-05, 0.000208185170777, 0.000182794290595, 0.00012447212066, 0.000182994277566, 0.000130483022076, 7.18727678759e-05, 2.95548034046e-05, 6.66022060614e-06, 3.83609813071e-06, 1.83699739864e-06, 5.62873765375e-07, 2.03534440857e-07, 3.49424396973e-07, 2.62238927462e-07],
        "var": [1.32559989652e-08, 9.14929714213e-08, 2.94989433769e-07, 4.52648336591e-08, 6.01724403637e-09, 3.97499597682e-08, 7.16863866046e-08, 1.89257196581e-08, 8.67950156191e-09, 3.77209907754e-09, 1.19690007905e-10, 3.01767222322e-10, 5.15991749328e-10, 4.73013228586e-09, 1.62308899654e-09, 7.9053572577e-09, 4.2933447908e-09, 6.2385026034e-09, 1.20225545075e-08, 4.78500865597e-08, 2.46509923585e-08, 1.27189492272e-09, 3.98159456794e-11, 1.7948838249e-10, 2.70086425447e-10, 2.56741650162e-09, 4.33410676237e-08, 3.34137517655e-08, 1.54933097463e-08, 3.34869056928e-08, 1.70258172005e-08, 5.16569498288e-09, 8.73486394326e-10, 4.43585376764e-11, 1.47156505731e-11, 3.37455952938e-12, 3.16826859886e-13, 4.14262706441e-14, 1.22097414102e-13, 6.87692565111e-14]
    },
    "melbands128": {
