{
"lowlevel": {
    "average_loudness": 0.0561102777719,
    "barkbands_crest": {
        "dmean": 0.3635391891,
        "dmean2": 0.473615467548,
        "dvar": 0.614090919495,
        "dvar2": 1.55616593361,
        "max": 26.7710285187,
        "mean": 21.1554050446,
        "median": 20.2162094116,
        "min": 6.38823270798,
        "stdev": 3.40195274353,
        "var": 11.5732831955
    },
    "barkbands_flatness_db": {
        "dmean": 0.0117588480935,
        "dmean2": 0.0182911138982,
        "dvar": 0.000366650812794,
        "dvar2": 0.000886141264345,
        "max": 0.731170594692,
        "mean": 0.559951663017,
        "median": 0.560374379158,
        "min": 0.091072358191,
        "stdev": 0.0779927894473,
        "var": 0.00608287472278
    },
    "barkbands_kurtosis": {
        "dmean": 93.0059509277,
        "dmean2": 126.125228882,
        "dvar": 54826.171875,
        "dvar2": 110699.265625,
        "max": 5606.83984375,
        "mean": 332.226196289,
        "median": 163.567321777,
        "min": -0.1515583992,
        "stdev": 545.554870605,
        "var": 297630.125
    },
    "barkbands_skewness": {
        "dmean": 1.19209897518,
        "dmean2": 1.45731735229,
        "dvar": 4.50877666473,
        "dvar2": 7.79352474213,
        "max": 57.213760376,
        "mean": 8.15184879303,
        "median": 5.85827922821,
        "min": -2.17505049706,
        "stdev": 7.26312017441,
        "var": 52.7529144287
    },
    "barkbands_spread": {
        "dmean": 0.165868461132,
        "dmean2": 0.207287579775,
        "dvar": 1.90198171139,
        "dvar2": 2.48080015182,
        "max": 55.7772674561,
        "mean": 0.737218976021,
        "median": 0.308523476124,
        "min": 0.0215806569904,
        "stdev": 3.58664822578,
        "var": 12.8640451431
    },
    "dissonance": {
        "dmean": 0.0426935590804,
        "dmean2": 0.0734942927957,
        "dvar": 0.00145514344331,
        "dvar2": 0.00396948959678,
        "max": 0.499391168356,
        "mean": 0.396682113409,
        "median": 0.407161295414,
        "min": 0,
        "stdev": 0.055892739445,
        "var": 0.00312399817631
    },
    "dynamic_complexity": 7.75281953812,
    "erbbands_crest": {
        "dmean": 1.00980043411,
        "dmean2": 1.47355771065,
        "dvar": 0.816594719887,
        "dvar2": 2.28474855423,
        "max": 25.2261333466,
        "mean": 17.3388710022,
        "median": 17.7540359497,
        "min": 1.88506686687,
        "stdev": 3.85020542145,
        "var": 14.8240814209
    },
    "erbbands_flatness_db": {
        "dmean": 0.0102564943954,
        "dmean2": 0.0161630213261,
        "dvar": 0.000205774165806,
        "dvar2": 0.000529064971488,
        "max": 0.4553424716,
        "mean": 0.327718675137,
        "median": 0.333812117577,
        "min": 0.0244016293436,
        "stdev": 0.0572231076658,
        "var": 0.00327448383905
    },
    "erbbands_kurtosis": {
        "dmean": 17.4494991302,
        "dmean2": 31.0544281006,
        "dvar": 304.894622803,
        "dvar2": 950.89654541,
        "max": 232.547210693,
        "mean": 77.3929443359,
        "median": 74.3161315918,
        "min": -1.58515942097,
        "stdev": 53.5199699402,
        "var": 2864.38720703
    },
    "erbbands_skewness": {
        "dmean": 0.859718501568,
        "dmean2": 1.55346941948,
        "dvar": 0.550199627876,
        "dvar2": 1.74054861069,
        "max": 12.1214962006,
        "mean": 5.65812730789,
        "median": 5.95731687546,
        "min": -0.425094932318,
        "stdev": 2.93084573746,
        "var": 8.58985710144
    },
    "erbbands_spread": {
        "dmean": 0.909328222275,
        "dmean2": 1.45313954353,
        "dvar": 18.6414279938,
        "dvar2": 43.0939064026,
        "max": 117.800796509,
        "mean": 4.94193220139,
        "median": 3.22949266434,
        "min": 0.840223431587,
        "stdev": 11.2505626678,
        "var": 126.575157166
    },
    "hfc": {
        "dmean": 1.31615841389,
        "dmean2": 1.61004984379,
        "dvar": 81.9344177246,
        "dvar2": 174.333099365,
        "max": 197.167053223,
        "mean": 10.0687789917,
        "median": 1.95079708099,
        "min": 2.34961063938e-07,
        "stdev": 24.4253616333,
        "var": 596.598327637
    },
    "loudness_ebu128": {
        "integrated": -37.4996681213,
        "loudness_range": 15.8672714233,
        "momentary": {
            "dmean": 0.687837064266,
            "dmean2": 0.443223744631,
            "dvar": 2.15477752686,
            "dvar2": 2.08053684235,
            "max": -28.0395927429,
            "mean": -45.3617210388,
            "median": -46.305229187,
            "min": -59.7531280518,
            "stdev": 6.62459897995,
            "var": 43.8853111267
        },
        "short_term": {
            "dmean": 0.399804204702,
            "dmean2": 0.201878339052,
            "dvar": 0.774003088474,
            "dvar2": 0.653854072094,
            "max": -33.7713851929,
            "mean": -42.6501579285,
            "median": -43.8330230713,
            "min": -52.6394882202,
            "stdev": 5.90306615829,
            "var": 34.8461875916
        }
    },
    "melbands_crest": {
        "dmean": 0.481997251511,
        "dmean2": 0.466811686754,
        "dvar": 0.535554349422,
        "dvar2": 1.01953828335,
        "max": 25.6464538574,
        "mean": 21.0294685364,
        "median": 21.1170768738,
        "min": 3.17928314209,
        "stdev": 2.21549415588,
        "var": 4.90841436386
    },
    "melbands_flatness_db": {
        "dmean": 0.0128885097802,
        "dmean2": 0.0197874773294,
        "dvar": 0.000471655919682,
        "dvar2": 0.00107260793447,
        "max": 0.895930051804,
        "mean": 0.709674954414,
        "median": 0.711848795414,
        "min": 0.0480338819325,
        "stdev": 0.0851226970553,
        "var": 0.00724587403238
    },
    "melbands_kurtosis": {
        "dmean": 4.44068527222,
        "dmean2": 7.20374107361,
        "dvar": 371.782775879,
        "dvar2": 1042.21923828,
        "max": 320.141296387,
        "mean": 21.2193317413,
        "median": 13.440410614,
        "min": -0.0714106559753,
        "stdev": 28.7088356018,
        "var": 824.19720459
    },
    "melbands_skewness": {
        "dmean": 0.209984004498,
        "dmean2": 0.337775886059,
        "dvar": 0.378504544497,
        "dvar2": 0.953733682632,
        "max": 11.811671257,
        "mean": 1.53032469749,
        "median": 1.38672959805,
        "min": 0.429883748293,
        "stdev": 1.10756194592,
        "var": 1.22669351101
    },
    "melbands_spread": {
        "dmean": 0.202413156629,
        "dmean2": 0.22574724257,
        "dvar": 16.2352619171,
        "dvar2": 14.795838356,
        "max": 132.414123535,
        "mean": 0.690425634384,
        "median": 0.406073510647,
        "min": 0.250082373619,
        "stdev": 4.36046266556,
        "var": 19.013633728
    },
    "pitch_salience": {
        "dmean": 0.0190262217075,
        "dmean2": 0.0284729227424,
        "dvar": 0.00106963340659,
        "dvar2": 0.00236207037233,
        "max": 0.983562469482,
        "mean": 0.165651634336,
        "median": 0.153043106198,
        "min": 0.025156872347,
        "stdev": 0.0998547822237,
        "var": 0.00997097697109
    },
    "silence_rate_20dB": {
        "dmean": 0.00626959232613,
        "dmean2": 0.0125523013994,
        "dvar": 0.0062302434817,
        "dvar2": 0.012394618243,
        "max": 1,
        "mean": 0.897703528404,
        "median": 1,
        "min": 0,
        "stdev": 0.303038328886,
        "var": 0.0918322205544
    },
    "silence_rate_30dB": {
        "dmean": 0.00835945643485,
        "dmean2": 0.016736401245,
        "dvar": 0.00828969758004,
        "dvar2": 0.0164564605802,
        "max": 1,
        "mean": 0.811064720154,
        "median": 1,
        "min": 0,
        "stdev": 0.391456514597,
        "var": 0.153238207102
    },
    "silence_rate_60dB": {
        "dmean": 0.00835945643485,
        "dmean2": 0.016736401245,
        "dvar": 0.00828971434385,
        "dvar2": 0.0206405892968,
        "max": 1,
        "mean": 0.0302713979036,
        "median": 0,
        "min": 0,
        "stdev": 0.171333312988,
        "var": 0.0293551050127
    },
    "spectral_centroid": {
        "dmean": 10.7191543579,
        "dmean2": 16.0467090607,
        "dvar": 5263.22949219,
        "dvar2": 6508.98339844,
        "max": 2921.55444336,
        "mean": 130.308013916,
        "median": 111.292495728,
        "min": 75.3791275024,
        "stdev": 140.882827759,
        "var": 19847.9707031
    },
    "spectral_complexity": {
        "dmean": 0.46394982934,
        "dmean2": 0.874476969242,
        "dvar": 0.675038099289,
        "dvar2": 1.7269423008,
        "max": 15,
        "mean": 2.15970778465,
        "median": 2,
        "min": 0,
        "stdev": 1.30543005466,
        "var": 1.70414757729
    },
    "spectral_decrease": {
        "dmean": 4.40022729364e-09,
        "dmean2": 5.58334045664e-09,
        "dvar": 8.571518146e-16,
        "dvar2": 1.75921003381e-15,
        "max": 6.95317217865e-19,
        "mean": -3.41876180698e-08,
        "median": -6.0203380059e-09,
        "min": -6.37904520318e-07,
        "stdev": 8.51735251217e-08,
        "var": 7.25452887324e-15
    },
    "spectral_energy": {
        "dmean": 0.0167256053537,
        "dmean2": 0.0212173592299,
        "dvar": 0.0123868491501,
        "dvar2": 0.0254265870899,
        "max": 2.42495465279,
        "mean": 0.129944860935,
        "median": 0.0229149349034,
        "min": 1.86873832381e-11,
        "stdev": 0.323671072721,
        "var": 0.104762963951
    },
    "spectral_energyband_high": {
        "dmean": 9.27989458432e-06,
        "dmean2": 1.64590055647e-05,
        "dvar": 1.17395968502e-08,
        "dvar2": 3.12279730963e-08,
        "max": 0.00250400835648,
        "mean": 6.43491694063e-06,
        "median": 5.64053380003e-07,
        "min": 1.40183671962e-11,
        "stdev": 9.24324267544e-05,
        "var": 8.54375326043e-09
    },
    "spectral_energyband_low": {
        "dmean": 0.0162371601909,
        "dmean2": 0.0203408971429,
        "dvar": 0.0114180687815,
        "dvar2": 0.0233651902527,
        "max": 2.32233595848,
        "mean": 0.126887053251,
        "median": 0.021400783211,
        "min": 3.86502868556e-13,
        "stdev": 0.317403316498,
        "var": 0.100744873285
    },
    "spectral_energyband_middle_high": {
        "dmean": 6.98990561432e-06,
        "dmean2": 1.28899691845e-05,
        "dvar": 5.0955297759e-09,
        "dvar2": 1.43477949521e-08,
        "max": 0.00144003296737,
        "mean": 8.94308777788e-06,
        "median": 2.95601495282e-07,
        "min": 1.63564864777e-12,
        "stdev": 6.78533615428e-05,
        "var": 4.60407845182e-09
    },
    "spectral_energyband_middle_low": {
        "dmean": 0.000911286217161,
        "dmean2": 0.00146337330807,
        "dvar": 3.38222198479e-05,
        "dvar2": 7.46809164411e-05,
        "max": 0.124049335718,
        "mean": 0.00294458190911,
        "median": 0.000224379284191,
        "min": 1.07215061482e-12,
        "stdev": 0.00888466369361,
        "var": 7.89372425061e-05
    },
    "spectral_entropy": {
        "dmean": 0.087241910398,
        "dmean2": 0.137969449162,
        "dvar": 0.0284303985536,
        "dvar2": 0.0715494304895,
        "max": 9.05649280548,
        "mean": 4.61404037476,
        "median": 4.54195022583,
        "min": 3.55014157295,
        "stdev": 0.630471169949,
        "var": 0.397493869066
    },
    "spectral_flux": {
        "dmean": 0.00926392711699,
        "dmean2": 0.0154589051381,
        "dvar": 0.00453464780003,
        "dvar2": 0.0118264704943,
        "max": 1.38422858715,
        "mean": 0.0225516650826,
        "median": 0.00961734540761,
        "min": 0.00143045303412,
        "stdev": 0.0745153203607,
        "var": 0.005552532617
    },
    "spectral_kurtosis": {
        "dmean": 6.26364469528,
        "dmean2": 10.608259201,
        "dvar": 60.4568328857,
        "dvar2": 179.835662842,
        "max": 150.916854858,
        "mean": 46.8519897461,
        "median": 36.709236145,
        "min": 1.67902898788,
        "stdev": 31.3988742828,
        "var": 985.889343262
    },
    "spectral_rms": {
        "dmean": 0.000375518691726,
        "dmean2": 0.000357932411134,
        "dvar": 3.9032697714e-06,
        "dvar2": 6.82830705045e-06,
        "max": 0.048639588058,
        "mean": 0.00758978631347,
        "median": 0.00472820596769,
        "min": 1.35024421866e-07,
        "stdev": 0.00831688661128,
        "var": 6.91706081852e-05
    },
    "spectral_rolloff": {
        "dmean": 21.8032112122,
        "dmean2": 23.9883480072,
        "dvar": 325542.1875,
        "dvar2": 319696.15625,
        "max": 17915.625,
        "mean": 127.332954407,
        "median": 107.666015625,
        "min": 86.1328125,
        "stdev": 576.213562012,
        "var": 332022.09375
    },
    "spectral_skewness": {
        "dmean": 0.367812335491,
        "dmean2": 0.620731890202,
        "dvar": 0.201627105474,
        "dvar2": 0.602660119534,
        "max": 10.7466373444,
        "mean": 5.76294994354,
        "median": 5.41007518768,
        "min": 1.24641752243,
        "stdev": 1.92785012722,
        "var": 3.71660614014
    },
    "spectral_spread": {
        "dmean": 311064.09375,
        "dmean2": 492865.6875,
        "dvar": 189731307520,
        "dvar2": 323399680000,
        "max": 19174216,
        "mean": 2853670,
        "median": 2644707,
        "min": 809036.3125,
        "stdev": 1500794.75,
        "var": 2.2523847639e+12
    },
    "spectral_strongpeak": {
        "dmean": 0.0431391447783,
        "dmean2": 0.0531760081649,
        "dvar": 0.0334904305637,
        "dvar2": 0.0628869086504,
        "max": 4.87682390213,
        "mean": 0.673590183258,
        "median": 0.341900527477,
        "min": 0,
        "stdev": 0.872974276543,
        "var": 0.762084126472
    },
    "zerocrossingrate": {
        "dmean": 0.00130157312378,
        "dmean2": 0.00187395804096,
        "dvar": 2.50607590715e-05,
        "dvar2": 3.53812174581e-05,
        "max": 0.17333984375,
        "mean": 0.00531146023422,
        "median": 0.00341796875,
        "min": 0.0029296875,
        "stdev": 0.00980850216001,
        "var": 9.62067060755e-05
    },
    "barkbands": {
        "dmean": [0.000759992748499, 0.0147801507264, 0.00253607006744, 0.000293534219963, 0.000707959698047, 9.82022538665e-05, 1.47280852616e-05, 7.28611439627e-06, 5.04350873598e-06, 1.42512840284e-06, 1.42403951031e-06, 1.00496561117e-06, 6.74187845107e-07, 3.81425934393e-07, 4.0263654455e-07, 4.60576103478e-07, 9.4726971156e-07, 1.23309769151e-06, 6.80166294842e-07, 9.88932470136e-07, 1.87610771718e-06, 1.59139096922e-06, 1.8064043843e-06, 1.14210286029e-06, 9.04580986116e-07, 5.13490647336e-07, 8.96560720776e-07],
        "dmean2": [0.00115501601249, 0.0197945274413, 0.00320788309909, 0.000499020330608, 0.00114473351277, 0.000170169543708, 2.41587968048e-05, 1.31119422804e-05, 8.69472387421e-06, 2.36365599449e-06, 2.4826617846e-06, 1.76576168087e-06, 1.12949578579e-06, 6.9665651381e-07, 7.64561605138e-07, 8.66608843353e-07, 1.80695928975e-06, 2.30778869081e-06, 1.29615102651e-06, 1.87599755463e-06, 3.65734922525e-06, 2.80272388409e-06, 3.37154165209e-06, 2.12626446228e-06, 1.65665210261e-06, 8.18145451831e-07, 1.66399092905e-06],
        "dvar": [4.91569808219e-05, 0.00971510540694, 0.000279889034573, 5.95922119828e-06, 1.31146598505e-05, 2.86310324782e-07, 1.39402098753e-08, 2.70705879934e-09, 1.5447361168e-09, 8.95639187815e-11, 1.08283285116e-10, 9.60977478148e-11, 6.02495206503e-11, 1.87995105594e-11, 2.95081285795e-11, 4.82543727198e-11, 1.50691153999e-10, 2.27055832469e-10, 5.03890540404e-11, 1.36659975003e-10, 4.77793415943e-10, 3.25791227329e-10, 6.45810349642e-10, 2.32664179589e-10, 1.47892836866e-10, 4.36847641394e-11, 2.11076600642e-10],
        "dvar2": [0.000116005903692, 0.0208015944809, 0.000697702169418, 1.43554852912e-05, 3.11413241434e-05, 7.91907837083e-07, 3.33782317341e-08, 8.15094924889e-09, 4.00207378348e-09, 2.06935260594e-10, 3.25810961543e-10, 2.69873373648e-10, 1.75426104199e-10, 5.49785425519e-11, 8.82226375287e-11, 1.41767264594e-10, 4.46940817689e-10, 6.48521791824e-10, 1.41061870518e-10, 4.26965907074e-10, 1.3164850321e-09, 8.77876604743e-10, 1.8155722481e-09, 6.54095333452e-10, 4.07711198136e-10, 9.90230744624e-11, 5.93833371365e-10],
        "max": [0.178728371859, 2.06138563156, 0.383975923061, 0.0391870550811, 0.0778595283628, 0.00948976539075, 0.00237132306211, 0.00102687964682, 0.000759109214414, 0.000254828191828, 0.000214795858483, 0.000178912232514, 0.000177383117261, 9.17874058359e-05, 0.000118212265079, 0.000156112655532, 0.000224272967898, 0.000328935071593, 9.74261056399e-05, 0.000224102317588, 0.000342509243637, 0.000408843887271, 0.000587818678468, 0.000332346156938, 0.000268565490842, 0.000169240840478, 0.000341731240042],
        "mean": [0.000977588235401, 0.116083756089, 0.00992426276207, 0.000354224292096, 0.00240373960696, 0.000146549253259, 2.27524124057e-05, 8.21346475277e-06, 8.43696489028e-06, 2.0587342533e-06, 1.83978636414e-06, 1.15061754968e-06, 7.41185772313e-07, 4.5430314799e-07, 4.30028222809e-07, 3.85729862273e-07, 6.14537555066e-07, 8.23314053378e-07, 5.18008846484e-07, 6.47310855584e-07, 1.409180868e-06, 1.06416518975e-06, 1.08507470031e-06, 7.13738245395e-07, 6.08756863585e-07, 4.80097924083e-07, 6.96715574122e-07],
        "median": [3.6452556742e-06, 0.0160656664521, 0.00402207765728, 6.34592361166e-05, 0.000123796911794, 2.29522647714e-05, 1.45905050886e-06, 4.82777807065e-07, 3.34568937888e-07, 5.87421560283e-08, 6.49948930231e-08, 2.2470882044e-08, 1.91326030574e-08, 1.65225273463e-08, 1.84273307724e-08, 1.6976098749e-08, 1.68901230779e-08, 1.89011633012e-08, 2.15992557173e-08, 2.42803288586e-08, 3.16006278922e-08, 3.76231419352e-08, 4.3368473257e-08, 5.89617741298e-08, 8.25411063943e-08, 1.21856771784e-07, 1.94419456534e-07],
        "min": [1.10196350471e-13, 1.65563607745e-13, 1.10575909323e-13, 1.1041195085e-13, 2.70122682902e-13, 2.45366525492e-13, 1.97605034549e-13, 1.36119807374e-13, 9.80433927946e-14, 3.77160935404e-14, 1.93922297925e-14, 2.03957148073e-14, 6.98323506226e-14, 1.51670112559e-13, 8.72409376728e-14, 3.34396708457e-13, 5.18968548691e-13, 3.03990773526e-13, 8.32213055521e-14, 5.46210720696e-14, 1.84448552894e-13, 1.9633154423e-13, 1.04154410248e-13, 6.27098470807e-13, 1.69984794469e-12, 5.41268939391e-12, 6.27499181088e-12],
        "stdev": [0.00821511168033, 0.29760107398, 0.0245553217828, 0.00254948460497, 0.00657914299518, 0.00064307480352, 0.000155253292178, 5.7020202803e-05, 4.83006115246e-05, 1.32112008941e-05, 1.03484453575e-05, 9.11320239538e-06, 6.85781469656e-06, 3.6736905713e-06, 4.18093577537e-06, 5.24237793798e-06, 9.1401852842e-06, 1.18185107567e-05, 6.05338891546e-06, 8.81724827195e-06, 1.93655960175e-05, 1.56191690621e-05, 1.98613415705e-05, 1.18544903671e-05, 9.68304175331e-06, 6.30321164863e-06, 1.12455300041e-05],
        "var": [6.74880648148e-05, 0.0885664001107, 0.000602963787969, 6.49987123325e-06, 4.32851229561e-05, 4.13545166111e-07, 2.41035849058e-08, 3.25130367074e-09, 2.33294916718e-09, 1.74535830233e-10, 1.0709032966e-10, 8.30504623406e-11, 4.70296197819e-11, 1.34960029263e-11, 1.74802221309e-11, 2.74825249363e-11, 8.35429919688e-11, 1.39677186484e-10, 3.66435146115e-11, 7.77438668997e-11, 3.75026315558e-10, 2.43958436785e-10, 3.9447289879e-10, 1.40528949588e-10, 9.37612903984e-11, 3.97304793232e-11, 1.26461938144e-10]
    },
    "erbbands": {
        "dmean": [0.40262055397, 3.43218517303, 3.5782225132, 1.5706615448, 1.86815679073, 2.71315431595, 1.86923646927, 0.562941074371, 0.255099445581, 0.199269324541, 0.100101150572, 0.12332508713, 0.0596914030612, 0.051751922816, 0.0452585555613, 0.0396504551172, 0.0309043247253, 0.0158446300775, 0.0286315977573, 0.020993238315, 0.0264541897923, 0.0544778704643, 0.0732288956642, 0.0346019230783, 0.040087018162, 0.0453895479441, 0.0651130750775, 0.0853610336781, 0.0690940767527, 0.0300500653684, 0.0612620972097, 0.029604556039, 0.0160943176597, 0.0122196087614, 0.00497973524034, 0.0018735579215, 0.000969232292846, 0.000482895498862, 0.000194872904103, 2.50080738624e-05],
        "dmean2": [0.631032705307, 4.26302099228, 3.84879922867, 2.24210262299, 2.8888092041, 4.76254892349, 3.27719712257, 0.925231575966, 0.417798370123, 0.304101079702, 0.164749205112, 0.20442250371, 0.106587812304, 0.0879100188613, 0.0761428624392, 0.0716177150607, 0.0542641244829, 0.0289129186422, 0.053784865886, 0.0401614308357, 0.0492540448904, 0.104211814702, 0.138588443398, 0.061942178756, 0.0737450942397, 0.0846186503768, 0.126136079431, 0.163286790252, 0.121841661632, 0.0546140298247, 0.11430735141, 0.054797064513, 0.0302006341517, 0.0231171771884, 0.00860199891031, 0.00348110520281, 0.0015786413569, 0.000823093520012, 0.000364650710253, 3.48223184119e-05],
        "dvar": [7.55621099472, 509.899414062, 483.713012695, 135.756240845, 160.356765747, 129.644088745, 84.1059799194, 9.62931251526, 3.81111049652, 2.67787194252, 0.497265607119, 0.784147083759, 0.261376291513, 0.126822784543, 0.109808854759, 0.150310233235, 0.12557810545, 0.0216006133705, 0.191189542413, 0.0707124918699, 0.12144997716, 0.491738855839, 0.823118984699, 0.114163823426, 0.163194850087, 0.266142815351, 0.681757628918, 0.99019318819, 0.665837585926, 0.126202657819, 0.76799082756, 0.141592025757, 0.0544670820236, 0.0366334840655, 0.00366158876568, 0.000499361602124, 0.000174811691977, 4.69895130664e-05, 1.04960872704e-05, 5.2612513457e-08],
        "dvar2": [19.8737449646, 998.446289062, 987.562438965, 335.545349121, 344.72177124, 345.419677734, 247.796386719, 23.3963184357, 9.06349945068, 6.9598903656, 1.25309765339, 1.9923889637, 0.714617311954, 0.356015473604, 0.306603342295, 0.427706360817, 0.362165600061, 0.0633266195655, 0.569587826729, 0.209133476019, 0.351171016693, 1.46113395691, 2.37156414986, 0.309801965952, 0.471827179193, 0.82547724247, 2.07263994217, 2.51342606544, 1.78940343857, 0.344931989908, 2.15731263161, 0.39410930872, 0.155532330275, 0.104942560196, 0.00944900512695, 0.00109442241956, 0.000416019698605, 0.000119105156045, 3.00084429909e-05, 1.4363348555e-07],
        "max": [47.8269538879, 508.130340576, 505.16229248, 262.07232666, 266.539245605, 210.59664917, 169.331130981, 59.308467865, 40.3224105835, 32.9983978271, 15.8674211502, 19.0420761108, 10.6577119827, 6.67156457901, 6.21698093414, 6.33923339844, 8.16139125824, 2.52305364609, 9.67404556274, 5.68002510071, 7.54173135757, 12.5743045807, 19.2174777985, 5.91572999954, 6.03449392319, 9.55578041077, 15.9996013641, 18.4239253998, 18.9157218933, 8.12903404236, 20.2939434052, 8.12957954407, 5.1771402359, 4.32209920883, 1.27189564705, 0.486242681742, 0.343056589365, 0.174424856901, 0.0751690417528, 0.00558846257627],
        "mean": [2.27563619614, 29.4826755524, 22.6685771942, 5.55289793015, 5.262840271, 8.74747371674, 2.73253965378, 0.939035475254, 0.42613697052, 0.259372651577, 0.151633307338, 0.198129415512, 0.101300634444, 0.0694754496217, 0.064464956522, 0.0446092411876, 0.0361931547523, 0.0206560753286, 0.0286117400974, 0.0205146539956, 0.0224745497108, 0.0356552898884, 0.0473952963948, 0.0278430934995, 0.0282700248063, 0.0301309153438, 0.0442934110761, 0.0654082298279, 0.0456086955965, 0.0197783149779, 0.0365080721676, 0.0184003412724, 0.0101562701166, 0.00764374714345, 0.00382744404487, 0.00185697118286, 0.000913632800803, 0.000407704268582, 0.000189104801393, 0.000147860540892],
        "median": [0.308280229568, 4.23375940323, 6.05625963211, 2.20254349709, 0.397456407547, 0.418969511986, 0.292843192816, 0.170022055507, 0.0369271486998, 0.0195909086615, 0.00694559514523, 0.00801508314908, 0.00404243776575, 0.00279528135434, 0.00178660382517, 0.000951790250838, 0.000913699739613, 0.000903950422071, 0.000936154508963, 0.000922710169107, 0.00092787790345, 0.000968200096395, 0.00101700075902, 0.00104811927304, 0.00109991885256, 0.00116002513096, 0.00122785021085, 0.00128629175015, 0.00132325140294, 0.00131050357595, 0.00125588581432, 0.00116300978698, 0.00103954155929, 0.000856945058331, 0.000647657550871, 0.000433347944636, 0.000243679358391, 0.000101462072053, 3.73715229216e-05, 2.77159088e-05],
        "min": [6.02929772081e-12, 3.36721622807e-11, 1.13796048973e-10, 2.76011352662e-10, 5.53731671626e-10, 9.68233493381e-10, 1.5146977006e-09, 2.13834194795e-09, 2.70819167092e-09, 3.02176239586e-09, 2.88496893042e-09, 2.28065788477e-09, 1.50240608843e-09, 9.71651537007e-10, 7.73012098776e-10, 9.68680802238e-10, 2.95489233082e-09, 6.91514001616e-09, 6.58782273177e-09, 6.3804113104e-09, 2.44993181298e-08, 2.8272978625e-08, 1.68444884707e-08, 1.1086010332e-08, 1.97570360072e-09, 2.28796492863e-09, 2.9286286729e-09, 1.09800328829e-08, 7.26769577852e-09, 2.86083690071e-09, 3.62033203416e-09, 1.18168106411e-08, 1.41581883994e-08, 2.45213165329e-08, 8.40514235989e-09, 2.1308487419e-08, 1.07994964083e-08, 3.11681791487e-09, 1.13966902582e-09, 5.65165969579e-11],
        "stdev": [6.09783363342, 74.6343688965, 52.2538719177, 15.1598796844, 16.8153018951, 23.2681312561, 10.2063999176, 4.2883644104, 2.70238447189, 1.84482300282, 0.979905664921, 1.11525976658, 0.636966705322, 0.380528628826, 0.404104590416, 0.350612789392, 0.320080757141, 0.139411255717, 0.328777372837, 0.208575338125, 0.272537440062, 0.522688210011, 0.699436366558, 0.303221255541, 0.338847994804, 0.395578891039, 0.643330216408, 0.925596177578, 0.702172338963, 0.293035209179, 0.684282422066, 0.29718208313, 0.177619829774, 0.144796743989, 0.0517554059625, 0.0218429695815, 0.0121537856758, 0.00596559094265, 0.0024724251125, 0.000386970379623],
        "var": [37.1835746765, 5570.28955078, 2730.46728516, 229.821960449, 282.754364014, 541.405944824, 104.170600891, 18.3900680542, 7.30288171768, 3.40337181091, 0.960215091705, 1.2438044548, 0.405726611614, 0.144802033901, 0.163300529122, 0.122929319739, 0.102451682091, 0.0194354970008, 0.10809455812, 0.0435036718845, 0.0742766484618, 0.273202955723, 0.48921123147, 0.0919431298971, 0.114817969501, 0.156482666731, 0.41387373209, 0.856728255749, 0.493045955896, 0.0858696401119, 0.468242406845, 0.0883171856403, 0.0315488055348, 0.0209660958499, 0.002678622026, 0.000477115332615, 0.000147714512423, 3.55882766598e-05, 6.11288578511e-06, 1.49746071543e-07]
    },
    "gfcc": {
        "mean": [-287.048950195, 138.558700562, 51.0626983643, 58.7668609619, -7.27540683746, 11.756444931, -12.9510135651, 2.48394179344, -10.2644138336, -2.40898370743, -8.19272232056, -0.827210485935, -2.1880543232],
        "cov": [[4719.72216797, 1591.95605469, -390.195556641, -397.562469482, 123.013320923, -65.3272705078, 279.082000732, -228.095275879, -54.5433807373, -354.066711426, -7.52639818192, -77.5510635376, 246.5675354], [1591.95605469, 986.108459473, 83.8536911011, -255.633026123, 20.4186115265, -65.4234771729, 110.175254822, -119.207626343, -65.3879394531, -222.863739014, -31.216381073, -42.6431427002, 151.101928711], [-390.195556641, 83.8536911011, 376.760681152, 75.1273803711, -11.5579442978, 11.7968063354, 10.463385582, 37.211391449, 24.897151947, 0.586238801479, -0.341832011938, -9.66419315338, -11.0087995529], [-397.562469482, -255.633026123, 75.1273803711, 163.895263672, 30.5923290253, 22.8790054321, -21.2854995728, 46.2592582703, 37.7233657837, 71.9680023193, 13.5651788712, 3.77910041809, -58.4027442932], [123.013320923, 20.4186115265, -11.5579442978, 30.5923290253, 122.776947021, 51.2661590576, 50.2679634094, 5.90530109406, 36.9503097534, 6.73903274536, 21.7498340607, -12.7019100189, 5.90980625153], [-65.3272705078, -65.4234771729, 11.7968063354, 22.8790054321, 51.2661590576, 60.3745193481, 30.9714488983, 13.935997963, 19.124080658, 16.6625061035, 14.9676265717, -0.901032924652, -9.34142208099], [279.082000732, 110.175254822, 10.463385582, -21.2854995728, 50.2679634094, 30.9714488983, 73.2929763794, 9.99357032776, 28.1025180817, -17.2059497833, 11.264289856, -13.2140417099, 18.5436382294], [-228.095275879, -119.207626343, 37.211391449, 46.2592582703, 5.90530109406, 13.935997963, 9.99357032776, 49.4229202271, 40.1607971191, 37.3628616333, 6.73927259445, -4.16401052475, -23.5375270844], [-54.5433807373, -65.3879394531, 24.897151947, 37.7233657837, 36.9503097534, 19.124080658, 28.1025180817, 40.1607971191, 74.408744812, 44.0763168335, 18.6769828796, -12.5315971375, -15.5929498672], [-354.066711426, -222.863739014, 0.586238801479, 71.9680023193, 6.73903274536, 16.6625061035, -17.2059497833, 37.3628616333, 44.0763168335, 78.8559951782, 21.0743083954, 4.04637098312, -40.9611473083], [-7.52639818192, -31.216381073, -0.341832011938, 13.5651788712, 21.7498340607, 14.9676265717, 11.264289856, 6.73927259445, 18.6769828796, 21.0743083954, 26.4982795715, 5.41423845291, -5.26191806793], [-77.5510635376, -42.6431427002, -9.66419315338, 3.77910041809, -12.7019100189, -0.901032924652, -13.2140417099, -4.16401052475, -12.5315971375, 4.04637098312, 5.41423845291, 20.0273971558, 0.450663745403], [246.5675354, 151.101928711, -11.0087995529, -58.4027442932, 5.90980625153, -9.34142208099, 18.5436382294, -23.5375270844, -15.5929498672, -40.9611473083, -5.26191806793, 0.450663745403, 43.4717178345]],
        "icov": [[0.00142957374919, -0.00317886285484, 0.00330831320025, -0.00446907244623, 0.00347669282928, -0.00265305000357, -0.00165598688181, 0.0018915036926, -0.0027045942843, 0.00219797412865, -0.00235461746342, 0.00110976910219, -0.000733147899155], [-0.00317886285484, 0.0174686908722, -0.0118270739913, 0.0145433247089, -0.00963507499546, 0.0183109231293, -0.00686099845916, 0.0109830265865, 0.00179984804709, 0.00998473726213, -0.00162840844132, 0.00850386358798, -0.00225887680426], [0.00330831320025, -0.0118270739913, 0.0137419234961, -0.017063587904, 0.0130131440237, -0.0149513008073, 0.00263238791376, -0.00477720890194, -0.0065929684788, 0.00487037468702, -0.00686728302389, 0.00264982879162, -0.0044252560474], [-0.00446907244623, 0.0145433247089, -0.017063587904, 0.0389173850417, -0.0261923465878, 0.0219047386199, 0.000789154903032, -0.0043461304158, 0.0108713135123, -0.0119484039024, 0.0146995903924, -0.0131986606866, 0.022895578295], [0.00347669282928, -0.00963507499546, 0.0130131440237, -0.0261923465878, 0.0365755744278, -0.0275980010629, -0.00267596822232, 0.0100598307326, -0.0159177947789, 0.0131122972816, -0.0194818321615, 0.0195210259408, -0.0183517076075], [-0.00265305000357, 0.0183109231293, -0.0149513008073, 0.0219047386199, -0.0275980010629, 0.0617663860321, -0.0293613802642, 0.0124608157203, 0.0130539024249, -0.00279001914896, 0.00407731160522, -0.00686882436275, 0.0159576386213], [-0.00165598688181, -0.00686099845916, 0.00263238791376, 0.000789154903032, -0.00267596822232, -0.0293613802642, 0.060449719429, -0.034809499979, -0.00792388245463, 0.0113991620019, -0.0136399623007, 0.00636765966192, -0.00942992325872], [0.0018915036926, 0.0109830265865, -0.00477720890194, -0.0043461304158, 0.0100598307326, 0.0124608157203, -0.034809499979, 0.0864108428359, -0.0326901823282, 0.0105327544734, 0.00773392245173, 0.00635424023494, 0.00606174115092], [-0.0027045942843, 0.00179984804709, -0.0065929684788, 0.0108713135123, -0.0159177947789, 0.0130539024249, -0.00792388245463, -0.0326901823282, 0.0610705204308, -0.0419824570417, -0.000365084502846, 0.01350388024, -0.00516758067533], [0.00219797412865, 0.00998473726213, 0.00487037468702, -0.0119484039024, 0.0131122972816, -0.00279001914896, 0.0113991620019, 0.0105327544734, -0.0419824570417, 0.0983034819365, -0.0491002313793, 0.0192430038005, 0.0078918915242], [-0.00235461746342, -0.00162840844132, -0.00686728302389, 0.0146995903924, -0.0194818321615, 0.00407731160522, -0.0136399623007, 0.00773392245173, -0.000365084502846, -0.0491002313793, 0.0990668907762, -0.055703047663, 0.0167283043265], [0.00110976910219, 0.00850386358798, 0.00264982879162, -0.0131986606866, 0.0195210259408, -0.00686882436275, 0.00636765966192, 0.00635424023494, 0.01350388024, 0.0192430038005, -0.055703047663, 0.114248462021, -0.0412706956267], [-0.000733147899155, -0.00225887680426, -0.0044252560474, 0.022895578295, -0.0183517076075, 0.0159576386213, -0.00942992325872, 0.00606174115092, -0.00516758067533, 0.0078918915242, 0.0167283043265, -0.0412706956267, 0.0859158560634]]
    },
    "melbands": {
        "dmean": [0.00403673760593, 0.00257526314817, 0.000274232530501, 0.000167514823261, 7.52746636863e-05, 1.29884983835e-05, 3.63669300896e-06, 2.0565403247e-06, 6.83458040385e-07, 7.92209789324e-07, 2.97002941352e-07, 2.11715558862e-07, 1.76217852754e-07, 1.15029976655e-07, 9.74260458975e-08, 5.33204449482e-08, 2.80975029909e-08, 5.12765438998e-08, 2.62522181771e-08, 3.57629943437e-08, 2.9411468816e-08, 5.74967700118e-08, 6.16224582473e-08, 6.18381719164e-08, 2.37136177361e-08, 2.98679978528e-08, 2.63849262438e-08, 3.09445731261e-08, 4.32007496443e-08, 4.07896827426e-08, 5.36880548907e-08, 4.72945167473e-08, 1.5169726808e-08, 1.83639539131e-08, 4.3317786691e-08, 1.837878294e-08, 1.85703257216e-08, 1.20678906868e-08, 9.22953979909e-09, 1.04743165252e-08],
        "dmean2": [0.00578774046153, 0.00262686680071, 0.000403398036724, 0.000267092924332, 0.00013107257837, 2.17344022531e-05, 6.09229527981e-06, 3.28547366735e-06, 1.11086853849e-06, 1.34630136017e-06, 5.40125654425e-07, 3.5730943182e-07, 3.0090879477e-07, 2.09354965364e-07, 1.69202863276e-07, 9.29366450464e-08, 5.11004216719e-08, 9.65512825246e-08, 4.91043614659e-08, 6.968141264e-08, 5.35351070141e-08, 1.1023716695e-07, 1.16993284394e-07, 1.1596554117e-07, 4.40319851691e-08, 5.66133415703e-08, 4.92601230917e-08, 5.73295686479e-08, 8.20383831979e-08, 7.75956863208e-08, 1.02542415448e-07, 8.46973691182e-08, 2.55307739394e-08, 3.4298718532e-08, 8.10263927065e-08, 3.36900924935e-08, 3.45862218865e-08, 2.24574634444e-08, 1.77511392252e-08, 1.9742747881e-08],
        "dvar": [0.000744245597161, 0.000256110972259, 4.47485308541e-06, 6.8093788741e-07, 1.32849905299e-07, 5.11344699916e-09, 7.9613809989e-10, 2.76373313124e-10, 2.36705863244e-11, 3.35093203185e-11, 6.38837463832e-12, 1.98793433971e-12, 1.59622824941e-12, 1.31515675086e-12, 1.12524095944e-12, 3.09873573199e-13, 6.33920541927e-14, 6.10744907339e-13, 8.08411294178e-14, 3.27644920743e-13, 1.28034166385e-13, 5.60287168223e-13, 5.39309699329e-13, 6.49565741907e-13, 5.48383258562e-14, 1.0012672115e-13, 7.83302798167e-14, 1.26322712598e-13, 3.38958841464e-13, 2.0684056681e-13, 3.94291749858e-13, 3.18981413549e-13, 2.87342476473e-14, 5.17786260103e-14, 4.01945946145e-13, 5.25110757286e-14, 5.83689387513e-14, 3.43330066796e-14, 1.50781436084e-14, 3.19581499122e-14],
        "dvar2": [0.00171353947371, 0.000463696545921, 1.06996931208e-05, 1.54448332523e-06, 3.8739943875e-07, 1.28384227693e-08, 1.91987781228e-09, 7.31862459524e-10, 5.11400990999e-11, 9.00575516938e-11, 1.75352440901e-11, 5.49036207123e-12, 4.72248282146e-12, 3.79089164573e-12, 3.10085095621e-12, 9.08842337326e-13, 1.87519704625e-13, 1.81769757666e-12, 2.37354217227e-13, 9.73442463789e-13, 3.65488780733e-13, 1.66255691939e-12, 1.58743536979e-12, 1.85161326376e-12, 1.53914207768e-13, 2.85192090213e-13, 2.41692001699e-13, 3.90630480436e-13, 1.03324434512e-12, 5.64734890796e-13, 1.00520535905e-12, 8.7799261134e-13, 7.09672866805e-14, 1.46154288216e-13, 1.13236319193e-12, 1.44469017912e-13, 1.63570044553e-13, 9.77745309846e-14, 4.38869691185e-14, 9.14768749031e-14],
        "max": [0.543391525745, 0.380073726177, 0.0478477589786, 0.0173347517848, 0.00678176153451, 0.0012686754344, 0.000569262192585, 0.000325195433106, 0.000107361251139, 0.000108788706711, 5.26448675373e-05, 2.56447747233e-05, 2.55209979514e-05, 2.19577323151e-05, 2.40269819187e-05, 1.24254138427e-05, 4.16728562413e-06, 1.73266744241e-05, 5.59098316444e-06, 1.28308674903e-05, 7.40172754377e-06, 1.30329899548e-05, 1.18764182844e-05, 1.80688548426e-05, 3.41369150192e-06, 4.49307299277e-06, 4.31242506238e-06, 6.65156676405e-06, 1.19142368931e-05, 7.70111364545e-06, 1.1585779248e-05, 1.28057063193e-05, 4.11322571381e-06, 5.06127344124e-06, 1.46924321598e-05, 5.08724815518e-06, 5.22381060364e-06, 4.22732864536e-06, 2.27531018027e-06, 4.12843519371e-06],
        "mean": [0.0290241762996, 0.0213974770159, 0.000922477978747, 0.00061533524422, 0.00012622406939, 2.11246151594e-05, 5.86026317251e-06, 2.56882321992e-06, 1.17890056117e-06, 1.24315761241e-06, 4.8174672429e-07, 2.7704672334e-07, 2.370674963e-07, 1.37741764661e-07, 1.06150345403e-07, 6.05510663831e-08, 3.53706255396e-08, 4.95200644934e-08, 2.86720247544e-08, 2.79221463728e-08, 2.52293048675e-08, 3.68736223777e-08, 3.99165465126e-08, 4.06389872865e-08, 1.97763103671e-08, 2.1286195917e-08, 1.84344202125e-08, 2.00510843484e-08, 2.74838320991e-08, 3.03876994678e-08, 4.0737042184e-08, 3.0325743694e-08, 1.11490416899e-08, 1.14383285066e-08, 2.54536924871e-08, 1.15960432368e-08, 1.13388907153e-08, 7.5924369014e-09, 5.65315616541e-09, 6.50543574565e-09],
        "median": [0.00409201392904, 0.00419502612203, 0.0003404103918, 2.7173129638e-05, 1.14815511552e-05, 3.78338836526e-06, 4.24535357979e-07, 1.79402121603e-07, 4.1543074758e-08, 5.21236600548e-08, 1.84122725955e-08, 1.07135029737e-08, 7.36115790545e-09, 2.62847943411e-09, 2.03676320254e-09, 1.85669812858e-09, 1.55265400537e-09, 1.46199097273e-09, 1.33421917958e-09, 1.17683607304e-09, 1.06617914497e-09, 1.00540642478e-09, 9.40663325011e-10, 8.94295693055e-10, 8.39554814558e-10, 8.00982447036e-10, 7.79180719945e-10, 7.64235674744e-10, 7.71156472013e-10, 7.5458977955e-10, 7.42835959411e-10, 7.37088556857e-10, 7.35094762838e-10, 7.22480353321e-10, 7.13689107812e-10, 7.0315364642e-10, 7.04720393152e-10, 7.04587055367e-10, 7.16903814091e-10, 7.05875524698e-10],
        "min": [5.51598731155e-14, 5.52610088494e-14, 5.51631528271e-14, 5.43964694252e-14, 5.22745265315e-14, 4.8139467537e-14, 4.14832183632e-14, 3.25277829574e-14, 2.26574892881e-14, 1.36164044517e-14, 7.22630234731e-15, 3.95495946106e-15, 2.61955188037e-15, 2.16403174914e-15, 3.56719455407e-15, 8.43256196749e-15, 1.35432097936e-14, 1.15682177989e-14, 5.89069063168e-15, 1.36647141288e-14, 3.2599011652e-14, 3.24570116606e-14, 1.72870141054e-14, 1.4578638115e-14, 8.76925078776e-15, 1.19474738364e-15, 1.22306443622e-15, 1.69633774275e-15, 1.51548593824e-15, 3.60828793399e-15, 7.25767475361e-15, 3.81458026719e-15, 3.91630723009e-15, 5.76339640278e-16, 8.32798823273e-16, 5.7467272179e-15, 7.58210192493e-15, 6.96765787225e-15, 2.19618787267e-14, 1.83680873381e-14],
        "stdev": [0.0754296332598, 0.0515365861356, 0.0026658452116, 0.00166082661599, 0.000441120646428, 9.68100212049e-05, 3.85686835216e-05, 1.85258504644e-05, 7.42295424061e-06, 6.95560220265e-06, 3.07613754558e-06, 1.53162989136e-06, 1.38725874876e-06, 1.08315055058e-06, 9.57244537858e-07, 5.02918112488e-07, 2.36694035038e-07, 5.86411658787e-07, 2.35531828707e-07, 4.23487108492e-07, 2.87534732024e-07, 5.56317957034e-07, 5.56034933652e-07, 6.26939197446e-07, 2.07418324294e-07, 2.60455493617e-07, 2.2614310069e-07, 2.68849191798e-07, 4.3674066319e-07, 4.06846766055e-07, 5.81439678626e-07, 4.74686032703e-07, 1.56550981956e-07, 1.79242690024e-07, 4.92546291753e-07, 1.84580940754e-07, 1.88618813013e-07, 1.41463047498e-07, 9.10297970336e-08, 1.35277986146e-07],
