{
"lowlevel": {
    "average_loudness": 0.657801568508,
    "barkbands_crest": {
        "dmean": 1.30213570595,
        "dmean2": 2.18691515923,
        "dvar": 2.17026638985,
        "dvar2": 5.12063789368,
        "max": 22.2107543945,
        "mean": 10.2016143799,
        "median": 8.07086181641,
        "min": 5.38743782043,
        "stdev": 4.23815536499,
        "var": 17.9619598389
    },
    "barkbands_flatness_db": {
        "dmean": 0.0233754683286,
        "dmean2": 0.0370939560235,
        "dvar": 0.00118587003089,
        "dvar2": 0.00216273870319,
        "max": 0.681960463524,
        "mean": 0.210190266371,
        "median": 0.0881282389164,
        "min": 0.0576165169477,
        "stdev": 0.214243501425,
        "var": 0.0459002777934
    },
    "barkbands_kurtosis": {
        "dmean": 19.8350658417,
        "dmean2": 32.1594161987,
        "dvar": 2824.15063477,
        "dvar2": 6623.31933594,
        "max": 561.151550293,
        "mean": 43.7992019653,
        "median": -1.37073147297,
        "min": -1.8368023634,
        "stdev": 120.265670776,
        "var": 14463.8320312
    },
    "barkbands_skewness": {
        "dmean": 0.662625551224,
        "dmean2": 0.9698138237,
        "dvar": 1.86880600452,
        "dvar2": 3.03404450417,
        "max": 17.5503692627,
        "mean": 1.24175143242,
        "median": -0.534642577171,
        "min": -0.971154928207,
        "stdev": 4.1791267395,
        "var": 17.4650993347
    },
    "barkbands_spread": {
        "dmean": 5.95517158508,
        "dmean2": 9.15155315399,
        "dvar": 100.302139282,
        "dvar2": 150.325317383,
        "max": 128.466751099,
        "mean": 84.1876831055,
        "median": 113.612571716,
        "min": 0.260654300451,
        "stdev": 51.5588340759,
        "var": 2658.31347656
    },
    "dissonance": {
        "dmean": 0.00888423155993,
        "dmean2": 0.0152852479368,
        "dvar": 0.000437325274106,
        "dvar2": 0.00154786510393,
        "max": 0.499870538712,
        "mean": 0.486968398094,
        "median": 0.495904654264,
        "min": 0.336831331253,
        "stdev": 0.0282622464001,
        "var": 0.000798754568677
    },
    "dynamic_complexity": 45.1892089844,
    "erbbands_crest": {
        "dmean": 1.26044285297,
        "dmean2": 2.12614631653,
        "dvar": 3.43883156776,
        "dvar2": 8.49156856537,
        "max": 21.326002121,
        "mean": 6.48036146164,
        "median": 3.52067303658,
        "min": 2.76162028313,
        "stdev": 5.50699234009,
        "var": 30.3269634247
    },
    "erbbands_flatness_db": {
        "dmean": 0.0161400102079,
        "dmean2": 0.0267785005271,
        "dvar": 0.000599953404162,
        "dvar2": 0.00157233607024,
        "max": 0.409168183804,
        "mean": 0.135807037354,
        "median": 0.097386315465,
        "min": 0.0485587567091,
        "stdev": 0.0868133231997,
        "var": 0.00753655284643
    },
    "erbbands_kurtosis": {
        "dmean": 6.89065217972,
        "dmean2": 8.3219127655,
        "dvar": 357.196075439,
        "dvar2": 557.317687988,
        "max": 221.979980469,
        "mean": 13.7546510696,
        "median": 0.182840585709,
        "min": -1.72006511688,
        "stdev": 39.0358390808,
        "var": 1523.796875
    },
    "erbbands_skewness": {
        "dmean": 0.458999812603,
        "dmean2": 0.608754813671,
        "dvar": 0.538590848446,
        "dvar2": 0.940334439278,
        "max": 10.9516525269,
        "mean": 0.833524405956,
        "median": -0.58119982481,
        "min": -1.01407790184,
        "stdev": 2.99121141434,
        "var": 8.94734573364
    },
    "erbbands_spread": {
        "dmean": 7.29552936554,
        "dmean2": 11.1695737839,
        "dvar": 151.223419189,
        "dvar2": 383.423492432,
        "max": 162.758666992,
        "mean": 37.6050224304,
        "median": 35.8292350769,
        "min": 1.32576930523,
        "stdev": 26.5372447968,
        "var": 704.225341797
    },
    "hfc": {
        "dmean": 6.35436248779,
        "dmean2": 10.2016906738,
        "dvar": 680.480163574,
        "dvar2": 1780.42993164,
        "max": 190.290206909,
        "mean": 5.64855241776,
        "median": 0.000432180968346,
        "min": 2.05697760975e-05,
        "stdev": 25.2799797058,
        "var": 639.077392578
    },
    "loudness_ebu128": {
        "integrated": -22.3755226135,
        "loudness_range": 0,
        "momentary": {
            "dmean": 3.96898341179,
            "dmean2": 2.58707284927,
            "dvar": 39.0504226685,
            "dvar2": 24.1783466339,
            "max": -19.856470108,
            "mean": -75.1455993652,
            "median": -86.7769775391,
            "min": -87.0760726929,
            "stdev": 20.4621543884,
            "var": 418.699768066
        },
        "short_term": {
            "dmean": 0,
            "dmean2": 0,
            "dvar": 0,
            "dvar2": 0,
            "max": -28.6070842743,
            "mean": -28.6070842743,
            "median": -28.6070842743,
            "min": -28.6070842743,
            "stdev": 0,
            "var": 0
        }
    },
    "melbands_crest": {
        "dmean": 3.26821279526,
        "dmean2": 5.61289453506,
        "dvar": 8.64748382568,
        "dvar2": 25.6971588135,
        "max": 38.6147918701,
        "mean": 18.0795822144,
        "median": 14.0319232941,
        "min": 7.91282844543,
        "stdev": 9.04852485657,
        "var": 81.8758087158
    },
    "melbands_flatness_db": {
        "dmean": 0.0242189373821,
        "dmean2": 0.0363085903227,
        "dvar": 0.00156914407853,
        "dvar2": 0.00289185391739,
        "max": 0.820340156555,
        "mean": 0.207228675485,
        "median": 0.0304268393666,
        "min": 0.0158466249704,
        "stdev": 0.294115066528,
        "var": 0.0865036696196
    },
    "melbands_kurtosis": {
        "dmean": 250.696350098,
        "dmean2": 452.764709473,
        "dvar": 653656.875,
        "dvar2": 2168222,
        "max": 4973.82519531,
        "mean": 259.850738525,
        "median": -1.1429258585,
        "min": -1.4368493557,
        "stdev": 887.790100098,
        "var": 788171.25
    },
    "melbands_skewness": {
        "dmean": 2.24892759323,
        "dmean2": 3.91201376915,
        "dvar": 32.9479255676,
        "dvar2": 101.042022705,
        "max": 48.4943351746,
        "mean": 4.08971071243,
        "median": 0.513876438141,
        "min": 0.112659811974,
        "stdev": 9.56077671051,
        "var": 91.4084472656
    },
    "melbands_spread": {
        "dmean": 7.93291711807,
        "dmean2": 12.2498931885,
        "dvar": 160.157394409,
        "dvar2": 202.632247925,
        "max": 195.110458374,
        "mean": 122.758239746,
        "median": 168.703689575,
        "min": 0.0484884232283,
        "stdev": 77.8791503906,
        "var": 6065.16162109
    },
    "pitch_salience": {
        "dmean": 0.0434117652476,
        "dmean2": 0.0641289278865,
        "dvar": 0.00249858736061,
        "dvar2": 0.00393293146044,
        "max": 0.785634934902,
        "mean": 0.495647609234,
        "median": 0.587378144264,
        "min": 0.0658700019121,
        "stdev": 0.182705298066,
        "var": 0.0333812274039
    },
    "silence_rate_20dB": {
        "dmean": 0.0111111113802,
        "dmean2": 0.0224719103426,
        "dvar": 0.0109876394272,
        "dvar2": 0.0219669081271,
        "max": 1,
        "mean": 0.923076927662,
        "median": 1,
        "min": 0,
        "stdev": 0.266469180584,
        "var": 0.0710058286786
    },
    "silence_rate_30dB": {
        "dmean": 0.0111111113802,
        "dmean2": 0.0224719103426,
        "dvar": 0.0109876394272,
        "dvar2": 0.0219669081271,
        "max": 1,
        "mean": 0.912087917328,
        "median": 1,
        "min": 0,
        "stdev": 0.28316706419,
        "var": 0.0801835879683
    },
    "silence_rate_60dB": {
        "dmean": 0.0111111113802,
        "dmean2": 0.0224719103426,
        "dvar": 0.0109876403585,
        "dvar2": 0.0219669081271,
        "max": 1,
        "mean": 0.879120886326,
        "median": 1,
        "min": 0,
        "stdev": 0.32598733902,
        "var": 0.106267742813
    },
    "spectral_centroid": {
        "dmean": 117.765419006,
        "dmean2": 166.382827759,
        "dvar": 27443.7324219,
        "dvar2": 29593.9941406,
        "max": 4093.42749023,
        "mean": 2839.14819336,
        "median": 3785.90161133,
        "min": 82.4374847412,
        "stdev": 1597.59143066,
        "var": 2552298.25
    },
    "spectral_complexity": {
        "dmean": 0.20000000298,
        "dmean2": 0.280898869038,
        "dvar": 0.98222309351,
        "dvar2": 2.20199370384,
        "max": 11,
        "mean": 0.395604401827,
        "median": 0,
        "min": 0,
        "stdev": 1.41327595711,
        "var": 1.99734902382
    },
    "spectral_decrease": {
        "dmean": 1.89829556518e-08,
        "dmean2": 2.76056901782e-08,
        "dvar": 6.40993876901e-15,
        "dvar2": 1.36909247164e-14,
        "max": -7.8878990301e-17,
        "mean": -2.2188050508e-08,
        "median": -4.03843371098e-15,
        "min": -6.11877339907e-07,
        "stdev": 9.26599383888e-08,
        "var": 8.58586391952e-15
    },
    "spectral_energy": {
        "dmean": 0.0721711069345,
        "dmean2": 0.105115331709,
        "dvar": 0.0927030593157,
        "dvar2": 0.198325335979,
        "max": 2.32662391663,
        "mean": 0.0842550843954,
        "median": 5.34341495495e-08,
        "min": 2.1634478653e-09,
        "stdev": 0.351973056793,
        "var": 0.123885028064
    },
    "spectral_energyband_high": {
        "dmean": 1.74642127604e-06,
        "dmean2": 2.5693191219e-06,
        "dvar": 1.22095555888e-10,
        "dvar2": 3.09561903888e-10,
        "max": 8.50356373121e-05,
        "mean": 1.32556863264e-06,
        "median": 2.83432850523e-08,
        "min": 1.26307564408e-09,
        "stdev": 8.97677364264e-06,
        "var": 8.05824643124e-11
    },
    "spectral_energyband_low": {
        "dmean": 0.068610906601,
        "dmean2": 0.100087635219,
        "dvar": 0.0832830518484,
        "dvar2": 0.177973538637,
        "max": 2.16218304634,
        "mean": 0.0803639367223,
        "median": 3.9552610076e-09,
        "min": 2.34498781504e-10,
        "stdev": 0.336739361286,
        "var": 0.11339340359
    },
    "spectral_energyband_middle_high": {
        "dmean": 2.46155123023e-05,
        "dmean2": 3.66367785318e-05,
        "dvar": 2.26337704134e-08,
        "dvar2": 5.5840466473e-08,
        "max": 0.00116537429858,
        "mean": 1.83936645044e-05,
        "median": 5.78203485091e-09,
        "min": 2.26868010489e-10,
        "stdev": 0.000123903810163,
        "var": 1.53521533264e-08
    },
    "spectral_energyband_middle_low": {
        "dmean": 0.00404573604465,
        "dmean2": 0.00649634795263,
        "dvar": 0.000433908309788,
        "dvar2": 0.00118066219147,
        "max": 0.150915160775,
        "mean": 0.00263908086345,
        "median": 1.17030563018e-09,
        "min": 1.03260296147e-10,
        "stdev": 0.0164169818163,
        "var": 0.000269517273409
    },
    "spectral_entropy": {
        "dmean": 0.142393857241,
        "dmean2": 0.199440389872,
        "dvar": 0.0515179149806,
        "dvar2": 0.109764948487,
        "max": 8.91367053986,
        "mean": 8.01260185242,
        "median": 8.74999904633,
        "min": 3.88083434105,
        "stdev": 1.42350959778,
        "var": 2.02637958527
    },
    "spectral_flux": {
        "dmean": 0.0330921560526,
        "dmean2": 0.0402784459293,
        "dvar": 0.0174326058477,
        "dvar2": 0.0313704572618,
        "max": 1.31201410294,
        "mean": 0.0662956684828,
        "median": 0.000129627049319,
        "min": 0.000117636205687,
        "stdev": 0.214967265725,
        "var": 0.0462109223008
    },
    "spectral_kurtosis": {
        "dmean": 1.64444816113,
        "dmean2": 2.53036665916,
        "dvar": 18.8275051117,
        "dvar2": 41.4080924988,
        "max": 54.2922210693,
        "mean": 5.40520524979,
        "median": 1.92408657074,
        "min": 1.3743019104,
        "stdev": 9.80431556702,
        "var": 96.1245956421
    },
    "spectral_rms": {
        "dmean": 0.00143151567318,
        "dmean2": 0.00192119367421,
        "dvar": 3.03899669234e-05,
        "dvar2": 6.18722333456e-05,
        "max": 0.0476432256401,
        "mean": 0.0026275573764,
        "median": 7.22017148291e-06,
        "min": 1.45281819641e-06,
        "stdev": 0.0086773307994,
        "var": 7.52960622776e-05
    },
    "spectral_rolloff": {
        "dmean": 573.022460938,
        "dmean2": 917.217529297,
        "dvar": 1716813.875,
        "dvar2": 2187623.5,
        "max": 18733.8867188,
        "mean": 12655.8417969,
        "median": 17291.1621094,
        "min": 43.06640625,
        "stdev": 7780.67724609,
        "var": 60538936
    },
    "spectral_skewness": {
        "dmean": 0.16750241816,
        "dmean2": 0.264411538839,
        "dvar": 0.109994769096,
        "dvar2": 0.220585227013,
        "max": 6.38919115067,
        "mean": 1.68194961548,
        "median": 1.24952089787,
        "min": 1.09666955471,
        "stdev": 1.10155177116,
        "var": 1.21341633797
    },
    "spectral_spread": {
        "dmean": 613402.0625,
        "dmean2": 973347.9375,
        "dvar": 610415345664,
        "dvar2": 1.58495552307e+12,
        "max": 13707524,
        "mean": 8730986,
        "median": 9622167,
        "min": 829666.9375,
        "stdev": 2510602.25,
        "var": 6.30312350515e+12
    },
    "spectral_strongpeak": {
        "dmean": 0.0592358708382,
        "dmean2": 0.0995069593191,
        "dvar": 0.0563867986202,
        "dvar2": 0.10966719687,
        "max": 1.94317233562,
        "mean": 0.07984636724,
        "median": 0,
        "min": 0,
        "stdev": 0.323720902205,
        "var": 0.104795224965
    },
    "zerocrossingrate": {
        "dmean": 0.0122721353546,
        "dmean2": 0.0151476915926,
        "dvar": 0.000451904983493,
        "dvar2": 0.000271941797109,
        "max": 0.296875,
        "mean": 0.193413034081,
        "median": 0.26171875,
        "min": 0.00146484375,
        "stdev": 0.117161750793,
        "var": 0.0137268761173
    },
    "barkbands": {
        "dmean": [0.00960315857083, 0.0516523048282, 0.0129651483148, 0.000874664401636, 0.0022938454058, 0.000455737375887, 0.000288781913696, 7.87770259194e-05, 5.48865136807e-05, 4.85688497065e-06, 5.39755956197e-06, 4.24838299296e-06, 4.71013026981e-06, 2.41029442805e-06, 6.25033408141e-07, 1.03870149815e-06, 1.2114518313e-06, 7.67346648445e-07, 8.74885245139e-07, 1.03580509858e-06, 5.22117034052e-07, 4.12171516473e-07, 4.27804209835e-08, 1.34943203278e-08, 9.60383239601e-09, 7.2579671162e-09, 6.0802252122e-09],
        "dmean2": [0.012344087474, 0.0776480957866, 0.0230802837759, 0.00148598710075, 0.00366216572002, 0.000694378686603, 0.000445458194008, 0.000121553144709, 8.41815490276e-05, 7.73571355239e-06, 8.41234123072e-06, 6.0328170548e-06, 6.61338117425e-06, 3.64969173461e-06, 7.59894817293e-07, 1.58569162068e-06, 1.72776969976e-06, 9.94767788143e-07, 1.24679718283e-06, 1.53633561695e-06, 7.7508383356e-07, 6.23585435733e-07, 6.59703687234e-08, 2.08539532309e-08, 1.55921231482e-08, 1.23138379493e-08, 1.08670423771e-08],
        "dvar": [0.00118408596609, 0.0540924817324, 0.00254043610767, 1.0821122487e-05, 0.000156728667207, 8.28353586257e-06, 3.25892187902e-06, 2.48890444254e-07, 1.20967499129e-07, 7.49989292892e-10, 9.95941884518e-10, 6.74348465957e-10, 8.64011528989e-10, 2.25800989018e-10, 1.24566927953e-11, 4.28810216502e-11, 5.75176954676e-11, 2.00207558865e-11, 2.96815662326e-11, 4.33087697649e-11, 1.01764994001e-11, 6.77417063416e-12, 5.51054055089e-14, 4.32985454945e-15, 1.77793761464e-15, 7.79157391394e-16, 5.11361784131e-16],
        "dvar2": [0.00251742685214, 0.111743360758, 0.00794920511544, 3.58389625035e-05, 0.000417024275521, 2.08284836845e-05, 8.35943501443e-06, 6.42817553853e-07, 3.06166299424e-07, 1.97510785505e-09, 2.49052978241e-09, 1.64541036352e-09, 2.07257166984e-09, 5.60933577365e-10, 2.68500829209e-11, 1.09869717491e-10, 1.40214437283e-10, 4.49594285412e-11, 7.28758234314e-11, 1.0889622537e-10, 2.56007680333e-11, 1.72589997849e-11, 1.39175726065e-13, 1.16127776611e-14, 4.87613150812e-15, 2.18917211053e-15, 1.478725873e-15],
        "max": [0.283586025238, 1.79922008514, 0.265222042799, 0.0224495567381, 0.0891839414835, 0.020487120375, 0.0127025498077, 0.00354197435081, 0.00247660465539, 0.000230230711168, 0.00024273445888, 0.000199411661015, 0.000212898201426, 0.000109462409455, 2.98495651805e-05, 4.71838538942e-05, 5.69862168049e-05, 3.75950403395e-05, 4.18036543124e-05, 5.0382092013e-05, 2.60922170128e-05, 1.92203442566e-05, 1.80343170086e-06, 4.87409806738e-07, 2.97526611348e-07, 1.83254556418e-07, 1.49027499674e-07],
        "mean": [0.0109158577397, 0.0619697868824, 0.00871127843857, 0.000735387846362, 0.00139912567101, 0.000264444795903, 0.000161642703461, 4.50136103609e-05, 3.21109837387e-05, 4.46083140559e-06, 3.9868937165e-06, 3.05962066705e-06, 2.84075463242e-06, 1.54307042521e-06, 5.28803127509e-07, 6.34729190097e-07, 7.81372136771e-07, 6.13584916209e-07, 5.99893837716e-07, 7.26088501324e-07, 4.39850907696e-07, 2.89621141292e-07, 3.85053624541e-08, 1.34801210194e-08, 1.04459543238e-08, 1.04569028991e-08, 1.21128618247e-08],
        "median": [1.48896912577e-08, 1.93726090725e-10, 8.85975875997e-11, 8.75714917248e-11, 1.57787921617e-10, 1.98640728866e-10, 2.00199232192e-10, 2.12218367879e-10, 2.84022805275e-10, 2.4966562151e-10, 2.80877543446e-10, 3.2890548618e-10, 3.97022859033e-10, 4.58116211632e-10, 5.03789732154e-10, 6.10746120344e-10, 7.28575422215e-10, 8.57561355261e-10, 1.00033947792e-09, 1.23469390267e-09, 1.66952462965e-09, 2.0584831617e-09, 2.3334669752e-09, 3.30293548068e-09, 4.4159880197e-09, 6.18394713214e-09, 8.8106197893e-09],
        "min": [2.28983998429e-10, 6.52294884773e-12, 5.57190144718e-12, 5.4069838884e-12, 3.43315410822e-11, 2.17841630151e-11, 1.11058072461e-11, 3.7213981896e-12, 1.34602129789e-11, 1.94044849633e-11, 1.53940991898e-11, 8.67971233082e-12, 1.0409312301e-11, 3.69990886886e-12, 5.17586806748e-11, 2.74102893161e-11, 7.27796989342e-12, 4.82587927952e-11, 2.11349132639e-11, 4.87220645773e-11, 8.13085362927e-11, 4.75457208327e-11, 9.87164239241e-11, 1.65736369073e-10, 1.96828719989e-10, 2.34920138897e-10, 4.52636261805e-10],
        "stdev": [0.0422189421952, 0.268605083227, 0.0410044640303, 0.00315807200968, 0.00964573863894, 0.00213997485116, 0.00132805120666, 0.000370071327779, 0.000258815474808, 2.54651913565e-05, 2.60202414211e-05, 2.11358074012e-05, 2.23416718654e-05, 1.15332059067e-05, 3.28308192366e-06, 4.93767538501e-06, 5.98384804107e-06, 4.06473463954e-06, 4.40544863523e-06, 5.31200794285e-06, 2.79838513961e-06, 2.01742000172e-06, 1.95852777551e-07, 5.43787166407e-08, 3.41541657178e-08, 2.33954953188e-08, 1.87486843828e-08],
        "var": [0.00178243895061, 0.0721486955881, 0.00168136600405, 9.97341885522e-06, 9.30402820813e-05, 4.57949272459e-06, 1.76372009264e-06, 1.36952778007e-07, 6.69854500757e-08, 6.48475995124e-10, 6.77052969245e-10, 4.46722353553e-10, 4.99150276667e-10, 1.33014835257e-10, 1.07786271228e-11, 2.43806398681e-11, 3.5806437676e-11, 1.65220684356e-11, 1.94079786964e-11, 2.82174266591e-11, 7.83095983892e-12, 4.06998349953e-12, 3.83583105329e-14, 2.95704474667e-15, 1.16650698754e-15, 5.47349196505e-16, 3.51513193866e-16]
    },
    "erbbands": {
        "dmean": [1.93935632706, 13.7995929718, 21.6235942841, 5.57553958893, 3.58207058907, 9.90622138977, 7.10143709183, 3.71933531761, 3.5868268013, 3.77159452438, 1.58696949482, 1.07815337181, 0.40729290247, 0.207806020975, 0.164761483669, 0.219955548644, 0.205784887075, 0.163428351283, 0.0689507871866, 0.0285653993487, 0.0697038546205, 0.066629871726, 0.0418624281883, 0.0532616600394, 0.0328836143017, 0.0586715899408, 0.0328281037509, 0.0146687282249, 0.0196940749884, 0.00328347110189, 0.000921242171898, 0.000347197434166, 0.000219861598453, 0.000135905953357, 7.41504409234e-05, 4.16680850321e-05, 2.05950600503e-05, 4.5996607696e-06, 3.16842415486e-05, 7.79153924668e-05],
        "dmean2": [1.91461622715, 22.3866672516, 37.8627090454, 9.7111825943, 6.2500834465, 15.4776830673, 10.9707431793, 5.60946464539, 5.39763975143, 5.88452720642, 2.44185256958, 1.65234291553, 0.629516065121, 0.329628795385, 0.247084543109, 0.315882444382, 0.283653378487, 0.247860819101, 0.0996275618672, 0.0358509793878, 0.105644159019, 0.0959039181471, 0.0583466850221, 0.0728734880686, 0.0456947684288, 0.0879376605153, 0.0492707975209, 0.0211144164205, 0.0296806879342, 0.00492495903745, 0.00142324506305, 0.000515495194122, 0.000324983062455, 0.000198998983251, 0.000105475046439, 5.65644113522e-05, 2.90847929136e-05, 7.35279718356e-06, 4.62220159534e-05, 0.000113655638415],
        "dvar": [64.1862564087, 3047.8527832, 6535.95068359, 481.211761475, 241.356658936, 3362.25561523, 1914.61047363, 559.309020996, 521.46685791, 536.260559082, 102.135505676, 45.8289337158, 6.02113056183, 1.48928749561, 0.934669852257, 1.86080479622, 1.6128885746, 1.06269407272, 0.177233099937, 0.0266664605588, 0.199480816722, 0.176556393504, 0.0649503618479, 0.103981591761, 0.0403849966824, 0.140733480453, 0.0419993028045, 0.00772089604288, 0.0158620253205, 0.000366811698768, 2.41555171669e-05, 3.0236353723e-06, 1.2395386193e-06, 4.47390704039e-07, 1.29848118036e-07, 3.82465223936e-08, 9.37816846402e-09, 2.73262884543e-10, 1.78222556713e-08, 1.08090283391e-07],
        "dvar2": [71.3068695068, 8734.86132812, 21120.9941406, 1464.37414551, 762.707519531, 8677.76464844, 4883.74414062, 1404.93811035, 1301.58325195, 1405.9362793, 263.786590576, 115.002250671, 15.4652261734, 3.82090806961, 2.25559091568, 4.56900024414, 3.82265377045, 2.65306377411, 0.430381596088, 0.0600181594491, 0.502778112888, 0.434245496988, 0.156149744987, 0.246620580554, 0.0968591496348, 0.354390889406, 0.106835544109, 0.0189853534102, 0.0402978882194, 0.000912128714845, 6.06343492109e-05, 7.92753689893e-06, 3.24053780787e-06, 1.15751845442e-06, 3.21958935956e-07, 8.92171101441e-08, 2.03498959905e-08, 7.29355520424e-10, 3.79896079039e-08, 2.31569586617e-07],
        "max": [76.055229187, 376.605804443, 435.277709961, 125.524909973, 93.7349853516, 411.30267334, 309.035339355, 167.056854248, 162.747970581, 161.74546814, 71.3170547485, 48.9129295349, 17.8142166138, 10.0810680389, 7.60129928589, 10.2235336304, 9.32800197601, 7.38105583191, 3.21298146248, 1.3771739006, 3.18295097351, 3.12580037117, 2.06187415123, 2.55296802521, 1.58048093319, 2.82746958733, 1.61692786217, 0.737195789814, 0.923790991306, 0.149359151721, 0.0382355600595, 0.0135521488264, 0.00857386365533, 0.00525785749778, 0.00302464817651, 0.00174475333188, 0.000889419985469, 0.000128909683554, 0.00103904656135, 0.00251391809434],
        "mean": [2.485663414, 10.8998126984, 13.7375955582, 4.67825889587, 2.65569972992, 5.78478479385, 4.03139829636, 2.10013461113, 2.08937954903, 2.04606366158, 0.892703235149, 0.662253975868, 0.260763406754, 0.177432462573, 0.128966629505, 0.148202091455, 0.128286376595, 0.0993501096964, 0.048659902066, 0.0243413373828, 0.0413345322013, 0.0422742366791, 0.0316268056631, 0.0384648144245, 0.023716468364, 0.0395306013525, 0.0250479392707, 0.0133595122024, 0.0133456997573, 0.00286587025039, 0.00090272014495, 0.000379264762159, 0.000241381087108, 0.000163500371855, 0.00011222212197, 7.35913636163e-05, 4.04377969971e-05, 8.56873884914e-06, 3.86235587939e-05, 9.10282178666e-05],
        "median": [4.12182181719e-08, 2.65738222538e-08, 1.02839777583e-07, 2.05944232334e-07, 4.29246767908e-07, 6.46126466108e-07, 1.10566929834e-06, 1.68319434124e-06, 2.55486725109e-06, 3.58912643605e-06, 5.25828045284e-06, 6.84825999997e-06, 8.30270437291e-06, 9.37802087719e-06, 1.30724893097e-05, 1.37877286761e-05, 1.73014759639e-05, 2.25440217037e-05, 2.69651263807e-05, 2.78504776361e-05, 3.52465685864e-05, 3.9864647988e-05, 4.50156840088e-05, 4.8704452638e-05, 5.2032100939e-05, 6.05276836723e-05, 6.20490027359e-05, 6.6754873842e-05, 7.17093062121e-05, 6.77239368088e-05, 6.73851318425e-05, 6.52967646602e-05, 5.58547399123e-05, 4.62943935418e-05, 3.34658143402e-05, 2.16054504563e-05, 1.17046156447e-05, 4.81950200992e-06, 1.23810968944e-06, 1.35260663114e-07],
        "min": [6.41921138467e-09, 2.81378675915e-09, 5.18497911273e-09, 1.43122891316e-08, 5.76506558048e-08, 8.95323850614e-08, 1.27954550067e-07, 2.10299859305e-07, 2.22974463782e-07, 6.28297627259e-08, 1.1934062627e-07, 2.86107564307e-07, 5.28854059212e-07, 7.91985996784e-07, 4.14683455574e-07, 3.38159082958e-07, 4.08990246115e-07, 3.591463269e-07, 1.05045864984e-06, 3.04504351334e-06, 1.05863023236e-06, 6.01149565682e-07, 1.65931055562e-06, 1.95030702344e-06, 1.4540785287e-06, 2.24170048568e-06, 3.52990787178e-06, 2.66354481937e-06, 1.5110407503e-06, 2.44492684942e-06, 3.24609845848e-06, 2.74345575235e-06, 3.16646082865e-06, 1.92446418623e-06, 1.54321605805e-06, 1.02481703834e-06, 3.58308170689e-07, 1.92251761177e-07, 7.79101938519e-08, 6.03908301144e-09],
        "stdev": [11.0711593628, 49.804851532, 64.5085220337, 20.3098735809, 13.7386169434, 43.4855384827, 32.3446006775, 17.4306411743, 17.014995575, 16.9167690277, 7.4459066391, 5.12499713898, 1.87818324566, 1.09343194962, 0.821329951286, 1.07720565796, 0.981853246689, 0.77413970232, 0.340793818235, 0.150439098477, 0.332654833794, 0.327712029219, 0.21982935071, 0.271111935377, 0.167416110635, 0.297268003225, 0.171888291836, 0.0796101465821, 0.0967671722174, 0.0160008110106, 0.0042414823547, 0.00153159885667, 0.000955487717874, 0.000592385826167, 0.000356315518729, 0.00021890627977, 0.000117134928587, 1.68483948073e-05, 0.000155638554133, 0.00037977998727],
        "var": [122.570579529, 2480.52319336, 4161.34912109, 412.490997314, 188.749588013, 1890.99194336, 1046.17321777, 303.827270508, 289.510101318, 286.177062988, 55.4415283203, 26.2655963898, 3.52757239342, 1.19559335709, 0.674582898617, 1.16037201881, 0.96403580904, 0.59929227829, 0.116140425205, 0.0226319227368, 0.110659241676, 0.10739517957, 0.0483249463141, 0.0735016837716, 0.0280281547457, 0.0883682593703, 0.0295455828309, 0.00633777491748, 0.00936388596892, 0.000256025930867, 1.79901726369e-05, 2.34579488279e-06, 9.12956750199e-07, 3.50920998926e-07, 1.26960742364e-07, 4.79199577796e-08, 1.37205908857e-08, 2.83868428763e-10, 2.42233610948e-08, 1.44232842558e-07]
    },
    "gfcc": {
        "mean": [-587.990783691, -33.0189933777, -58.922492981, 22.8980464935, -27.0950241089, 14.8338384628, -11.0742988586, 9.28686904907, -9.29872322083, 6.76317834854, -8.17827320099, 3.52380871773, -5.6833896637],
        "cov": [[24583.0585938, 12592.9580078, 3936.50585938, 2953.63623047, 1989.68078613, 66.4479522705, 2231.69433594, -577.144470215, 623.107055664, -403.753417969, 188.345596313, -621.831481934, 196.209075928], [12592.9580078, 7100.44775391, 2782.59765625, 2137.38549805, 1459.12060547, 366.824401855, 1447.79272461, -182.322097778, 414.791931152, -195.503036499, 75.4254760742, -361.588592529, 68.3460540771], [3936.50585938, 2782.59765625, 1676.4473877, 1317.36047363, 921.882446289, 487.225097656, 781.085693359, 65.6464080811, 241.172851562, -44.1433906555, 3.6316576004, -158.887283325, -25.8616428375], [2953.63623047, 2137.38549805, 1317.36047363, 1099.43225098, 760.841674805, 416.345062256, 628.700195312, 87.8756561279, 200.996032715, -14.7672863007, 2.23640346527, -120.064727783, -30.131155014], [1989.68078613, 1459.12060547, 921.882446289, 760.841674805, 557.916931152, 317.646911621, 443.05078125, 70.7493362427, 146.434249878, -0.78429889679, 7.095307827, -79.7521438599, -19.2251205444], [66.4479522705, 366.824401855, 487.225097656, 416.345062256, 317.646911621, 268.436309814, 223.670898438, 103.20438385, 82.1318664551, 28.1404685974, -7.47809123993, -23.6321620941, -31.2856044769], [2231.69433594, 1447.79272461, 781.085693359, 628.700195312, 443.05078125, 223.670898438, 409.326446533, 39.0797920227, 126.985641479, -19.8346118927, 5.96552467346, -81.5390930176, -9.2791852951], [-577.144470215, -182.322097778, 65.6464080811, 87.8756561279, 70.7493362427, 103.20438385, 39.0797920227, 84.2650909424, 26.8018932343, 32.8334350586, -5.03723192215, 8.92085170746, -22.7971878052], [623.107055664, 414.791931152, 241.172851562, 200.996032715, 146.434249878, 82.1318664551, 126.985641479, 26.8018932343, 58.3163909912, 7.73027420044, 6.32989215851, -20.7978019714, -4.01913881302], [-403.753417969, -195.503036499, -44.1433906555, -14.7672863007, -0.78429889679, 28.1404685974, -19.8346118927, 32.8334350586, 7.73027420044, 30.648141861, 8.24334335327, 15.6725788116, -7.02381706238], [188.345596313, 75.4254760742, 3.6316576004, 2.23640346527, 7.095307827, -7.47809123993, 5.96552467346, -5.03723192215, 6.32989215851, 8.24334335327, 21.5836677551, 6.91029310226, 5.92331075668], [-621.831481934, -361.588592529, -158.887283325, -120.064727783, -79.7521438599, -23.6321620941, -81.5390930176, 8.92085170746, -20.7978019714, 15.6725788116, 6.91029310226, 35.4941062927, 6.90761232376], [196.209075928, 68.3460540771, -25.8616428375, -30.131155014, -19.2251205444, -31.2856044769, -9.2791852951, -22.7971878052, -4.01913881302, -7.02381706238, 5.92331075668, 6.90761232376, 25.368598938]],
        "icov": [[0.00258713704534, -0.00558538455516, 0.00534981582314, 0.000610635615885, -0.000181056238944, -0.000583977205679, -0.00415635434911, 0.00577685749158, -0.00455658044666, 0.00126230856404, -0.0016502259532, -0.00110887154005, 0.00434545846656], [-0.00558538455516, 0.0149650378153, -0.0128303915262, -0.00130254006945, -0.00454675080255, 0.0104611702263, 0.00174060207792, -0.0092792045325, 0.0091204950586, -0.0034526064992, 0.00142669689376, 0.00458858022466, -0.0110852476209], [0.00534981582314, -0.0128303915262, 0.0338834561408, -0.0161325205117, 0.00234604044817, -0.0208152960986, -0.00925680529326, 0.0246019680053, -0.0185178332031, 0.0258519314229, -0.0135782826692, 0.0024979126174, 0.0101143000647], [0.000610635615885, -0.00130254006945, -0.0161325205117, 0.036519639194, -0.0290252547711, 0.0194202698767, -0.0084374230355, -0.00925684161484, 0.00701036024839, -0.0165293011814, 0.0204712152481, -0.0155619001016, 0.0122564956546], [-0.000181056238944, -0.00454675080255, 0.00234604044817, -0.0290252547711, 0.0778651833534, -0.052153583616, 0.00669804261997, 0.00752822030336, -0.00545221567154, -0.00397964008152, -0.0231646653265, 0.023003725335, -0.0173475723714], [-0.000583977205679, 0.0104611702263, -0.0208152960986, 0.0194202698767, -0.052153583616, 0.0840476155281, -0.0232744887471, -0.0185162052512, 0.0144234392792, -0.0310424678028, 0.0318008102477, -0.0273316856474, 0.0108614144847], [-0.00415635434911, 0.00174060207792, -0.00925680529326, -0.0084374230355, 0.00669804261997, -0.0232744887471, 0.0702719092369, -0.0366038046777, -0.0146823488176, 0.0351291708648, -0.0186285022646, 0.0282883867621, -0.0187708493322], [0.00577685749158, -0.0092792045325, 0.0246019680053, -0.00925684161484, 0.00752822030336, -0.0185162052512, -0.0366038046777, 0.0876412838697, -0.0246286094189, -0.0293574184179, 0.0185354985297, -0.0276955794543, 0.0338271185756], [-0.00455658044666, 0.0091204950586, -0.0185178332031, 0.00701036024839, -0.00545221567154, 0.0144234392792, -0.0146823488176, -0.0246286094189, 0.0982776656747, -0.0583022683859, 0.0113690122962, 0.00858896225691, -0.0192931368947], [0.00126230856404, -0.0034526064992, 0.0258519314229, -0.0165293011814, -0.00397964008152, -0.0310424678028, 0.0351291708648, -0.0293574184179, -0.0583022683859, 0.172014951706, -0.0809642449021, 0.00968491286039, 0.00608577346429], [-0.0016502259532, 0.00142669689376, -0.0135782826692, 0.0204712152481, -0.0231646653265, 0.0318008102477, -0.0186285022646, 0.0185354985297, 0.0113690122962, -0.0809642449021, 0.128909438848, -0.0707085877657, 0.0194366816431], [-0.00110887154005, 0.00458858022466, 0.0024979126174, -0.0155619001016, 0.023003725335, -0.0273316856474, 0.0282883867621, -0.0276955794543, 0.00858896225691, 0.00968491286039, -0.0707085877657, 0.147651821375, -0.0701896473765], [0.00434545846656, -0.0110852476209, 0.0101143000647, 0.0122564956546, -0.0173475723714, 0.0108614144847, -0.0187708493322, 0.0338271185756, -0.0192931368947, 0.00608577346429, 0.0194366816431, -0.0701896473765, 0.0975256040692]]
    },
    "melbands": {
        "dmean": [0.0146118625998, 0.0136199118569, 0.000963370024692, 0.000465912860818, 0.000319110346027, 8.01858914201e-05, 5.61399792787e-05, 3.59200130333e-05, 1.23935715237e-05, 6.43501880404e-06, 1.89961281194e-06, 7.62921104069e-07, 6.18915976247e-07, 4.29498072663e-07, 5.15439296578e-07, 4.78746869703e-07, 2.8560316423e-07, 1.28760191842e-07, 4.91315859108e-08, 4.11178930904e-08, 9.26574585947e-08, 7.18789294751e-08, 4.53205117878e-08, 3.51539597432e-08, 4.58564208827e-08, 2.84022103614e-08, 2.07265724583e-08, 4.48942714115e-08, 2.3007080685e-08, 9.50771283925e-09, 8.11478528817e-09, 1.43518326112e-08, 3.43678774328e-09, 1.21590582047e-09, 5.54885470905e-10, 2.26192037323e-10, 2.07802677843e-10, 1.45232131876e-10, 1.27227881008e-10, 1.02719020789e-10],
        "dmean2": [0.0180324800313, 0.0231201574206, 0.00169132836163, 0.000752231047954, 0.000492532504722, 0.000120010321552, 8.58159546624e-05, 5.60860389669e-05, 1.90145892702e-05, 9.82610072242e-06, 2.93045445687e-06, 1.21415541798e-06, 9.65462731983e-07, 5.81561380386e-07, 7.48175182252e-07, 6.78123342368e-07, 4.34158522467e-07, 1.90800605537e-07, 5.98665081952e-08, 5.95968927541e-08, 1.39996004123e-07, 1.02412094805e-07, 6.59642012124e-08, 4.51792168121e-08, 6.32560457348e-08, 3.94815522498e-08, 2.98574427404e-08, 6.73974227539e-08, 3.39706858199e-08, 1.4619141453e-08, 1.14601963475e-08, 2.19732623208e-08, 5.08405140209e-09, 1.84776938195e-09, 8.61569093846e-10, 3.52007339943e-10, 3.17977338904e-10, 2.26677718262e-10, 2.00727559574e-10, 1.6456001839e-10],
        "dvar": [0.00430867774412, 0.00261504622176, 1.3669123291e-05, 5.97451980866e-06, 3.86783312933e-06, 2.57554575001e-07, 1.27444323539e-07, 4.85745239587e-08, 6.34285690637e-09, 1.62340196841e-09, 1.30146615707e-10, 1.99237275983e-11, 1.26036715786e-11, 6.67551691008e-12, 1.00547157406e-11, 9.03411460224e-12, 3.20456356763e-12, 6.3275919877e-13, 7.78958738875e-14, 6.32745741111e-14, 3.55476553141e-13, 2.03152693778e-13, 8.13694408077e-14, 4.12894646587e-14, 7.80774370938e-14, 3.0169636456e-14, 1.65388214327e-14, 8.26414335727e-14, 2.04505127568e-14, 3.34010883256e-15, 2.33844112693e-15, 8.25521275009e-15, 4.25134756543e-16, 4.33755745383e-17, 8.32325427809e-18, 1.18159266005e-18, 1.06743077537e-18, 4.80484712606e-19, 3.68333884946e-19, 2.12982994033e-19],
        "dvar2": [0.00641003809869, 0.00825847778469, 4.28689927503e-05, 1.62113137776e-05, 9.8574846561e-06, 6.44529222882e-07, 3.21085508403e-07, 1.27533169803e-07, 1.63227564798e-08, 4.05787448088e-09, 3.3558092416e-10, 5.10906976448e-11, 3.13202692948e-11, 1.57983244542e-11, 2.4375414881e-11, 2.18091256859e-11, 8.04767884277e-12, 1.55565480203e-12, 1.66669819222e-13, 1.57395648706e-13, 8.92725129931e-13, 4.94949404812e-13, 2.02165974933e-13, 9.20828354973e-14, 1.86650825004e-13, 7.21162360514e-14, 4.09255657521e-14, 2.08449211126e-13, 5.14727895181e-14, 8.58746142365e-15, 5.7181724667e-15, 2.11394961323e-14, 1.0510119276e-15, 1.07661116909e-16, 2.09080156862e-17, 3.0819587435e-18, 2.85255157434e-18, 1.29039906725e-18, 9.92564932878e-19, 5.78541907743e-19],
        "max": [0.519727230072, 0.305410981178, 0.0212864689529, 0.017386842519, 0.0138607118279, 0.00360360834748, 0.00253243884072, 0.00154111091979, 0.000561574357562, 0.000291103933705, 8.26184477773e-05, 3.76529314963e-05, 2.74958001683e-05, 2.03908966796e-05, 2.35291299759e-05, 2.16693624679e-05, 1.27708963191e-05, 5.97636790189e-06, 2.33320201914e-06, 1.98980114874e-06, 4.21738695877e-06, 3.35097956849e-06, 2.21186292038e-06, 1.74454089574e-06, 2.18793093154e-06, 1.36136657147e-06, 1.01313548839e-06, 2.14608007809e-06, 1.11877341169e-06, 4.99005409438e-07, 4.0175419258e-07, 6.59743307097e-07, 1.58494174229e-07, 5.21314333923e-08, 2.22019735929e-08, 8.62545679325e-09, 7.63783880586e-09, 5.10664710518e-09, 4.36017311145e-09, 3.28996652144e-09],
        "mean": [0.0197891611606, 0.00926322396845, 0.000779328867793, 0.000292300101137, 0.000180218557944, 4.57643618574e-05, 3.24270258716e-05, 1.95304946828e-05, 6.96522511134e-06, 3.95589859181e-06, 1.20807931125e-06, 6.82246934502e-07, 4.71072240771e-07, 3.19179576991e-07, 3.43784648749e-07, 2.84278343088e-07, 1.71130380977e-07, 8.80826860339e-08, 4.01495654501e-08, 3.18344355321e-08, 5.35806918833e-08, 4.53716673121e-08, 3.17063140187e-08, 2.92348119046e-08, 3.2456593857e-08, 2.01283683054e-08, 1.5474620696e-08, 2.94172792792e-08, 1.69048046672e-08, 9.27255516814e-09, 7.26904847426e-09, 9.31459709363e-09, 2.69576005962e-09, 1.11870390729e-09, 5.26433119319e-10, 2.5676438753e-10, 1.94665478181e-10, 1.4230686074e-10, 1.2086101564e-10, 1.00385255664e-10],
        "median": [7.50596196308e-10, 4.45023046192e-11, 3.97513306993e-11, 3.4655427833e-11, 3.73143703436e-11, 3.82130750654e-11, 3.81630595181e-11, 4.00560973279e-11, 4.26310584056e-11, 4.46460438064e-11, 3.97707908273e-11, 3.5621970651e-11, 4.1379961957e-11, 3.75688230525e-11, 3.79850075005e-11, 4.00210871387e-11, 4.1961316366e-11, 4.27740898257e-11, 4.10137028506e-11, 3.6039133483e-11, 4.23688202578e-11, 4.28738537728e-11, 3.8263163471e-11, 4.23896646951e-11, 3.78382256083e-11, 3.89664342459e-11, 3.92904077329e-11, 4.04684584454e-11, 3.80455146554e-11, 3.89429738457e-11, 3.95022660415e-11, 4.0002660906e-11, 4.00826941083e-11, 3.81273033978e-11, 3.93124630071e-11, 4.08703626498e-11, 4.05873668008e-11, 3.8019965648e-11, 3.8425849308e-11, 3.92609694755e-11],
        "min": [5.47432932319e-11, 2.63021028568e-12, 5.84694532374e-12, 7.40075622313e-12, 5.12723457441e-12, 4.6407352787e-12, 3.13012333067e-12, 6.20638414793e-13, 1.05975536506e-12, 1.95521637075e-12, 2.63474550337e-12, 3.20216878187e-12, 1.76899900978e-12, 1.0677407309e-12, 6.00655538762e-13, 1.15102664813e-12, 5.23461590914e-13, 8.35793782274e-13, 5.03750990574e-12, 2.45607462319e-12, 1.05506348016e-12, 4.33652923683e-13, 9.58886615943e-13, 2.26950424599e-12, 1.50925159956e-12, 8.4119657854e-13, 1.04666861116e-12, 1.48382239655e-12, 3.03892089444e-12, 1.08393643453e-12, 1.59255139458e-12, 5.6704771087e-13, 1.37180241125e-12, 1.36631938402e-12, 2.21670945488e-12, 1.38989514342e-12, 1.54380859225e-12, 2.17575566938e-12, 1.79212178951e-12, 1.66898157621e-12],
        "stdev": [0.0851734727621, 0.0424871332943, 0.00339566660114, 0.00191773031838, 0.00145104550757, 0.000376153970137, 0.000264730973868, 0.000161197749549, 5.8609941334e-05, 3.0516725019e-05, 8.70900566952e-06, 4.11240671383e-06, 2.9776001611e-06, 2.16873922909e-06, 2.4905796181e-06, 2.27035411626e-06, 1.33915318656e-06, 6.31627017356e-07, 2.55402653693e-07, 2.11806820971e-07, 4.40506397581e-07, 3.51425285317e-07, 2.33698301599e-07, 1.89850055676e-07, 2.31756914104e-07, 1.44107815458e-07, 1.07376273206e-07, 2.25289852551e-07, 1.18512843983e-07, 5.4886417189e-08, 4.33069686778e-08, 6.90540957748e-08, 1.676936634e-08, 5.69337599288e-09, 2.47487830229e-09, 1.00473906972e-09, 8.4030277181e-10, 5.67991542688e-10, 4.82077433528e-10, 3.66904895355e-10],
