{
"lowlevel": {
    "average_loudness": 0.99068403244,
    "barkbands_crest": {
        "dmean": 1.7292124033,
        "dmean2": 3.04559707642,
        "dvar": 2.42625570297,
        "dvar2": 6.98902320862,
        "max": 10.1690940857,
        "mean": 6.29634523392,
        "median": 5.92527961731,
        "min": 3.89102602005,
        "stdev": 1.69509792328,
        "var": 2.87335681915
    },
    "barkbands_flatness_db": {
        "dmean": 0.02013194561,
        "dmean2": 0.0280924681574,
        "dvar": 0.000278780353256,
        "dvar2": 0.000484279560624,
        "max": 0.117516845465,
        "mean": 0.0826909020543,
        "median": 0.0847229287028,
        "min": 0.0404217615724,
        "stdev": 0.020981611684,
        "var": 0.000440228002844
    },
    "barkbands_kurtosis": {
        "dmean": 1.12352693081,
        "dmean2": 1.29638397694,
        "dvar": 2.28734779358,
        "dvar2": 1.43492937088,
        "max": 6.4852514267,
        "mean": 0.0930666103959,
        "median": -0.876447677612,
        "min": -1.57862961292,
        "stdev": 2.08331847191,
        "var": 4.34021568298
    },
    "barkbands_skewness": {
        "dmean": 0.621683955193,
        "dmean2": 0.874695241451,
        "dvar": 1.1040750742,
        "dvar2": 2.19431447983,
        "max": 2.58601546288,
        "mean": 0.784814178944,
        "median": 0.649477243423,
        "min": -1.66496098042,
        "stdev": 0.829602360725,
        "var": 0.68824005127
    },
    "barkbands_spread": {
        "dmean": 10.7655248642,
        "dmean2": 15.7865037918,
        "dvar": 47.4629249573,
        "dvar2": 74.8409957886,
        "max": 74.4792098999,
        "mean": 50.8631401062,
        "median": 52.9221992493,
        "min": 23.0741615295,
        "stdev": 16.2549877167,
        "var": 264.224609375
    },
    "dissonance": {
        "dmean": 0.0142111852765,
        "dmean2": 0.0172767098993,
        "dvar": 0.000547058007214,
        "dvar2": 0.000618663907517,
        "max": 0.486710250378,
        "mean": 0.466153919697,
        "median": 0.474826693535,
        "min": 0.382069796324,
        "stdev": 0.0252603963017,
        "var": 0.000638087629341
    },
    "dynamic_complexity": 0,
    "erbbands_crest": {
        "dmean": 2.08068442345,
        "dmean2": 2.70610928535,
        "dvar": 3.26873326302,
        "dvar2": 4.55223178864,
        "max": 17.3885765076,
        "mean": 9.86125850677,
        "median": 10.1362190247,
        "min": 3.79411578178,
        "stdev": 4.09562349319,
        "var": 16.7741298676
    },
    "erbbands_flatness_db": {
        "dmean": 0.018741061911,
        "dmean2": 0.0302950032055,
        "dvar": 0.000225524578127,
        "dvar2": 0.000681586680003,
        "max": 0.152087047696,
        "mean": 0.127054318786,
        "median": 0.130796611309,
        "min": 0.0980782657862,
        "stdev": 0.016039121896,
        "var": 0.000257253443124
    },
    "erbbands_kurtosis": {
        "dmean": 0.851789832115,
        "dmean2": 1.37779927254,
        "dvar": 2.1519536972,
        "dvar2": 5.8086438179,
        "max": 3.67061758041,
        "mean": -0.802551567554,
        "median": -1.25634598732,
        "min": -1.63756966591,
        "stdev": 1.1804267168,
        "var": 1.39340734482
    },
    "erbbands_skewness": {
        "dmean": 0.572405576706,
        "dmean2": 0.8742223382,
        "dvar": 0.56373667717,
        "dvar2": 1.32310938835,
        "max": 0.84656649828,
        "mean": -0.18545947969,
        "median": -0.184157267213,
        "min": -2.1313791275,
        "stdev": 0.651055395603,
        "var": 0.423873156309
    },
    "erbbands_spread": {
        "dmean": 11.73279953,
        "dmean2": 17.3555774689,
        "dvar": 163.77456665,
        "dvar2": 375.186920166,
        "max": 91.1343154907,
        "mean": 68.8108901978,
        "median": 72.6836929321,
        "min": 38.6179008484,
        "stdev": 16.3262557983,
        "var": 266.546600342
    },
    "hfc": {
        "dmean": 189.923309326,
        "dmean2": 290.721466064,
        "dvar": 234131.640625,
        "dvar2": 615624.8125,
        "max": 1520.54785156,
        "mean": 106.165039062,
        "median": 9.45677661896,
        "min": 0.000230724836001,
        "stdev": 354.450073242,
        "var": 125634.851562
    },
    "loudness_ebu128": {
        "integrated": -35.1501808167,
        "loudness_range": 0,
        "momentary": {
            "dmean": 0,
            "dmean2": 0,
            "dvar": 0,
            "dvar2": 0,
            "max": -35.150177002,
            "mean": -35.150177002,
            "median": -35.150177002,
            "min": -35.150177002,
            "stdev": 0,
            "var": 0
        },
        "short_term": {
            "dmean": 0,
            "dmean2": 0,
            "dvar": 0,
            "dvar2": 0,
            "max": -43.9007949829,
            "mean": -43.9007949829,
            "median": -43.9007949829,
            "min": -43.9007949829,
            "stdev": 0,
            "var": 0
        }
    },
    "melbands_crest": {
        "dmean": 3.07667732239,
        "dmean2": 5.7195353508,
        "dvar": 5.15640592575,
        "dvar2": 7.84074306488,
        "max": 15.4983778,
        "mean": 10.4075098038,
        "median": 10.5139436722,
        "min": 6.70149850845,
        "stdev": 2.5950217247,
        "var": 6.73413801193
    },
    "melbands_flatness_db": {
        "dmean": 0.0326678082347,
        "dmean2": 0.0471020378172,
        "dvar": 0.00136677920818,
        "dvar2": 0.00174604542553,
        "max": 0.211704865098,
        "mean": 0.141557827592,
        "median": 0.143672093749,
        "min": 0.0557736977935,
        "stdev": 0.0367331728339,
        "var": 0.00134932587389
    },
    "melbands_kurtosis": {
        "dmean": 4.73015832901,
        "dmean2": 6.28454685211,
        "dvar": 78.0556945801,
        "dvar2": 106.835258484,
        "max": 36.4306945801,
        "mean": 8.36968517303,
        "median": 7.74103164673,
        "min": -1.60425567627,
        "stdev": 7.58118057251,
        "var": 57.4743003845
    },
    "melbands_skewness": {
        "dmean": 0.701499819756,
        "dmean2": 1.0638012886,
        "dvar": 1.1214338541,
        "dvar2": 1.99248993397,
        "max": 4.92247104645,
        "mean": 2.53024792671,
        "median": 2.53348851204,
        "min": 0.438367575407,
        "stdev": 0.830265402794,
        "var": 0.689340591431
    },
    "melbands_spread": {
        "dmean": 28.2670764923,
        "dmean2": 42.5932235718,
        "dvar": 2633.94506836,
        "dvar2": 6264.80322266,
        "max": 200.848144531,
        "mean": 53.8333587646,
        "median": 50.2984848022,
        "min": 13.2911634445,
        "stdev": 39.9878196716,
        "var": 1599.02575684
    },
    "pitch_salience": {
        "dmean": 0.0671406239271,
        "dmean2": 0.107293084264,
        "dvar": 0.00210659694858,
        "dvar2": 0.00344119523652,
        "max": 0.800005078316,
        "mean": 0.672678828239,
        "median": 0.677219152451,
        "min": 0.507801711559,
        "stdev": 0.0697188675404,
        "var": 0.00486072013155
    },
    "silence_rate_20dB": {
        "dmean": 0,
        "dmean2": 0,
        "dvar": 0,
        "dvar2": 0,
        "max": 1,
        "mean": 1,
        "median": 1,
        "min": 1,
        "stdev": 0,
        "var": 0
    },
    "silence_rate_30dB": {
        "dmean": 0.125,
        "dmean2": 0.20000000298,
        "dvar": 0.109375,
        "dvar2": 0.29333332181,
        "max": 1,
        "mean": 0.941176474094,
        "median": 1,
        "min": 0,
        "stdev": 0.235294163227,
        "var": 0.0553633421659
    },
    "silence_rate_60dB": {
        "dmean": 0.0625,
        "dmean2": 0.133333340287,
        "dvar": 0.05859375,
        "dvar2": 0.115555562079,
        "max": 1,
        "mean": 0.29411765933,
        "median": 0,
        "min": 0,
        "stdev": 0.455645054579,
        "var": 0.207612425089
    },
    "spectral_centroid": {
        "dmean": 559.850402832,
        "dmean2": 841.388000488,
        "dvar": 712239.0625,
        "dvar2": 1532234.5,
        "max": 4051.36035156,
        "mean": 1851.64855957,
        "median": 1780.70812988,
        "min": 712.472412109,
        "stdev": 668.40826416,
        "var": 446769.59375
    },
    "spectral_complexity": {
        "dmean": 4.8125,
        "dmean2": 5.73333311081,
        "dvar": 81.77734375,
        "dvar2": 114.062202454,
        "max": 40,
        "mean": 11.3529415131,
        "median": 8,
        "min": 0,
        "stdev": 10.3465881348,
        "var": 107.051895142
    },
    "spectral_decrease": {
        "dmean": 3.18562420887e-09,
        "dmean2": 4.35733760185e-09,
        "dvar": 5.15768420099e-17,
        "dvar2": 1.28392235058e-16,
        "max": -4.5018191784e-14,
        "mean": -3.0187603528e-09,
        "median": -9.59364476749e-10,
        "min": -2.57031249618e-08,
        "stdev": 5.9100866423e-09,
        "var": 3.49291241157e-17
    },
    "spectral_energy": {
        "dmean": 0.0292346701026,
        "dmean2": 0.0427777543664,
        "dvar": 0.00502203777432,
        "dvar2": 0.0129634449258,
        "max": 0.234927400947,
        "mean": 0.0210229437798,
        "median": 0.00447860965505,
        "min": 1.9083640268e-07,
        "stdev": 0.0541445277631,
        "var": 0.00293162977323
    },
    "spectral_energyband_high": {
        "dmean": 0.0232550222427,
        "dmean2": 0.0358627215028,
        "dvar": 0.00354743935168,
        "dvar2": 0.00935389101505,
        "max": 0.186135560274,
        "mean": 0.0127217723057,
        "median": 0.000954127812292,
        "min": 1.17323057935e-08,
        "stdev": 0.0434332601726,
        "var": 0.00188644824084
    },
    "spectral_energyband_low": {
        "dmean": 0.000984914135188,
        "dmean2": 0.00138293078635,
        "dvar": 7.47234196297e-07,
        "dvar2": 1.16432363484e-06,
        "max": 0.00558289047331,
        "mean": 0.00184145639651,
        "median": 0.00104528013617,
        "min": 6.78243452512e-08,
        "stdev": 0.00174559524748,
        "var": 3.04710283672e-06
    },
    "spectral_energyband_middle_high": {
        "dmean": 0.00203131278977,
        "dmean2": 0.0025516084861,
        "dvar": 1.92159641301e-05,
        "dvar2": 4.35961628682e-05,
        "max": 0.0161124430597,
        "mean": 0.00198102579452,
        "median": 0.000857111241203,
        "min": 6.37010515447e-08,
        "stdev": 0.0037749807816,
        "var": 1.42504795804e-05
    },
    "spectral_energyband_middle_low": {
        "dmean": 0.00378669286147,
        "dmean2": 0.00493129668757,
        "dvar": 5.06092146679e-05,
        "dvar2": 0.00011174192332,
        "max": 0.0287810172886,
        "mean": 0.00474191317335,
        "median": 0.001735047088,
        "min": 5.36195656764e-08,
        "stdev": 0.00688992766663,
        "var": 4.74711014249e-05
    },
    "spectral_entropy": {
        "dmean": 0.194147408009,
        "dmean2": 0.243370339274,
        "dvar": 0.0466152578592,
        "dvar2": 0.0830619558692,
        "max": 8.69517707825,
        "mean": 7.88349628448,
        "median": 7.82154417038,
        "min": 7.63128471375,
        "stdev": 0.261847198009,
        "var": 0.068563953042
    },
    "spectral_flux": {
        "dmean": 0.0551074184477,
        "dmean2": 0.0739756524563,
        "dvar": 0.0132132256404,
        "dvar2": 0.0183553937823,
        "max": 0.458513408899,
        "mean": 0.0915079563856,
        "median": 0.0481881275773,
        "min": 0.0230313632637,
        "stdev": 0.124909594655,
        "var": 0.0156024061143
    },
    "spectral_kurtosis": {
        "dmean": 0.962468981743,
        "dmean2": 1.25648987293,
        "dvar": 0.498325049877,
        "dvar2": 1.16359055042,
        "max": 6.45505046844,
        "mean": 2.06415367126,
        "median": 1.68064785004,
        "min": -0.570951461792,
        "stdev": 1.47855615616,
        "var": 2.1861281395
    },
    "spectral_rms": {
        "dmean": 0.00179925723933,
        "dmean2": 0.00230358634144,
        "dvar": 1.35317704917e-05,
        "dvar2": 3.33956195391e-05,
        "max": 0.0151392687112,
        "mean": 0.00310109974816,
        "median": 0.00209030508995,
        "min": 1.36448470585e-05,
        "stdev": 0.00330051104538,
        "var": 1.08933736556e-05
    },
    "spectral_rolloff": {
        "dmean": 1165.48461914,
        "dmean2": 1732.70507812,
        "dvar": 4696827.5,
        "dvar2": 6634555.5,
        "max": 8914.74609375,
        "mean": 5167.96777344,
        "median": 7256.68945312,
        "min": 516.796875,
        "stdev": 2826.43774414,
        "var": 7988751
    },
    "spectral_skewness": {
        "dmean": 0.240831196308,
        "dmean2": 0.314165502787,
        "dvar": 0.0678135752678,
        "dvar2": 0.167159840465,
        "max": 1.85065555573,
        "mean": 1.22190964222,
        "median": 1.26418125629,
        "min": 0.289751261473,
        "stdev": 0.304684013128,
        "var": 0.0928323417902
    },
    "spectral_spread": {
        "dmean": 470535,
        "dmean2": 580303.0625,
        "dvar": 212478066688,
        "dvar2": 299232002048,
        "max": 9251277,
        "mean": 5986356,
        "median": 5539226.5,
        "min": 4159978.5,
        "stdev": 1453784,
        "var": 2.1134877655e+12
    },
    "spectral_strongpeak": {
        "dmean": 4.24771404266,
        "dmean2": 8.18097877502,
        "dvar": 20.5361404419,
        "dvar2": 58.820930481,
        "max": 12.7340965271,
        "mean": 2.10096621513,
        "median": 0.140295222402,
        "min": 0,
        "stdev": 3.79555130005,
        "var": 14.4062099457
    },
    "zerocrossingrate": {
        "dmean": 0.0246276855469,
        "dmean2": 0.0283528640866,
        "dvar": 0.000681637786329,
        "dvar2": 0.000562523724511,
        "max": 0.205078125,
        "mean": 0.130974262953,
        "median": 0.15283203125,
        "min": 0.029296875,
        "stdev": 0.0551516376436,
        "var": 0.00304170325398
    },
    "barkbands": {
        "dmean": [0.000235271771089, 0.000542079447769, 0.000374345865566, 0.000511181191541, 0.00125686393585, 0.00122698687483, 0.000888071313966, 0.000449936254881, 0.000607864349149, 0.000202772920602, 9.77619783953e-05, 0.000502807029989, 0.000503999530338, 0.000114032933197, 0.000153698812937, 0.00023837138724, 0.000144494493725, 0.000130497326609, 0.000109191969386, 0.000200744223548, 0.00054894760251, 0.00167840486392, 0.00933579262346, 0.00966630596668, 0.000649413617793, 0.00127185950987, 6.18173589828e-06],
        "dmean2": [0.000407821062254, 0.000914913951419, 0.000473455176689, 0.000778179208282, 0.00177078624256, 0.00193497282453, 0.00153533637058, 0.000626094988547, 0.000679500168189, 0.0002355966717, 0.000144057514262, 0.000735925219487, 0.000716840091627, 0.000195633576368, 0.000185721524758, 0.000335419521434, 0.000173082473339, 0.000137872571941, 0.000142448567203, 0.000289275019895, 0.000838191190269, 0.00257192761637, 0.0141553152353, 0.0153471175581, 0.000956794479862, 0.00188753870316, 9.30064288696e-06],
        "dvar": [3.1153007285e-08, 2.54509501474e-07, 1.68002813439e-07, 2.39462821128e-07, 5.06267269884e-06, 5.82276243222e-06, 1.93092137124e-06, 5.74176624468e-07, 7.80886693974e-07, 9.47096197024e-08, 1.32240050021e-08, 1.41249540775e-06, 1.33380513034e-06, 2.35709940455e-08, 8.70002949682e-08, 3.00458253832e-07, 8.79828903066e-08, 7.28939397732e-08, 2.60082124726e-08, 2.25381086238e-07, 1.90451271465e-06, 1.82100011443e-05, 0.000551746343262, 0.000645097228698, 2.56594103121e-06, 9.99321673589e-06, 2.38899428018e-10],
        "dvar2": [7.42691455002e-08, 6.12879887285e-07, 1.73012111304e-07, 6.59261729652e-07, 1.16838737085e-05, 1.60067866091e-05, 5.01934027852e-06, 1.23435859223e-06, 1.06590221094e-06, 1.47230892367e-07, 2.81244378897e-08, 3.54714188688e-06, 3.31388446284e-06, 5.67254261341e-08, 1.73567073602e-07, 7.57326631629e-07, 1.54204244041e-07, 1.34573639343e-07, 2.29519017125e-08, 5.53129325453e-07, 4.93158404424e-06, 4.74107982882e-05, 0.00145070697181, 0.00172216782812, 6.45885165795e-06, 2.54221504292e-05, 6.15664297321e-10],
        "max": [0.000720871146768, 0.00224283942953, 0.00263932603411, 0.00271065044217, 0.00832037068903, 0.00859309546649, 0.00482682418078, 0.00303141586483, 0.00434028590098, 0.00135821313597, 0.000485934462631, 0.00389065244235, 0.00389228668064, 0.000607331516221, 0.00111501000356, 0.00185424543452, 0.00110613706056, 0.00100799568463, 0.000731087755412, 0.00157156260684, 0.00435808766633, 0.0133822243661, 0.0747306421399, 0.0773562788963, 0.00517711089924, 0.0101788062602, 4.93589504913e-05],
        "mean": [0.000280262785964, 0.000700442411471, 0.000680553494021, 0.000653978728224, 0.00107654277235, 0.00103874923661, 0.000603026070166, 0.000519964029081, 0.000688455242198, 0.000315939047141, 0.000126776445541, 0.000304784829495, 0.000335550575983, 0.000118056064821, 0.000130073312903, 0.000164020471857, 0.000132270070026, 0.000111515517347, 0.000268176983809, 0.000122998797451, 0.000299597508274, 0.000860808650032, 0.00579855497926, 0.00463167903945, 0.000349973124685, 0.000706675404217, 3.31043588631e-06],
        "median": [0.000224454051931, 0.000438098242739, 0.000165565230418, 0.000306192378048, 0.000299824023386, 0.000234232356888, 0.000298067985568, 0.000170810613781, 0.000150435313117, 0.000168791229953, 5.49387623323e-05, 5.15576539328e-05, 6.14891105215e-05, 5.57406056032e-05, 3.39622674801e-05, 2.48524393101e-05, 2.94555538858e-05, 2.0972927814e-05, 0.000243472735747, 1.97205663426e-05, 3.32732488459e-05, 2.1765303245e-05, 0.000832078047097, 8.54657173477e-06, 7.53587164581e-06, 1.55873294716e-05, 9.46042604255e-08],
        "min": [6.6945498034e-09, 3.09616225991e-08, 2.53861820454e-08, 1.19974092883e-08, 1.19414558242e-08, 1.14017382202e-08, 5.67018321185e-10, 1.1222378582e-09, 1.38592248788e-08, 5.68444180615e-09, 1.22795871249e-08, 1.26550947499e-08, 4.7519312929e-09, 1.1924390364e-09, 1.24528465317e-09, 2.71016364906e-09, 1.33228388322e-08, 4.4858148307e-09, 6.51687637188e-09, 1.19215270988e-09, 1.38889133527e-09, 1.67122193862e-09, 5.01758856686e-09, 8.70549188292e-10, 8.43947689511e-10, 4.05279559912e-10, 5.62488555733e-10],
        "stdev": [0.000218500004848, 0.000674573238939, 0.000872964970767, 0.000696651055478, 0.00193576072343, 0.00204147957265, 0.00108854868449, 0.000729713996407, 0.00118230073713, 0.000385292485589, 0.000153779285029, 0.000903867708985, 0.000904289714526, 0.000151032931171, 0.000274879566859, 0.000430978863733, 0.000285821442958, 0.000256709085079, 0.00022740305576, 0.000366587686585, 0.00101717293728, 0.00313639780506, 0.0173302832991, 0.0181824024767, 0.00121550261974, 0.00238308310509, 1.15615584946e-05],
        "var": [4.77422510414e-08, 4.55049075754e-07, 7.62067884352e-07, 4.85322686927e-07, 3.74716955776e-06, 4.16763896283e-06, 1.18493812806e-06, 5.32482488325e-07, 1.39783492159e-06, 1.48450297388e-07, 2.36480701687e-08, 8.16976807982e-07, 8.17739874037e-07, 2.2810946021e-08, 7.55587734602e-08, 1.85742777603e-07, 8.16938907633e-08, 6.58995489289e-08, 5.17121492294e-08, 1.3438653923e-07, 1.03464083168e-06, 9.83699192147e-06, 0.000300338724628, 0.000330599781591, 1.47744651713e-06, 5.6790850067e-06, 1.3366963092e-10]
    },
    "erbbands": {
        "dmean": [0.00857056956738, 0.153945937753, 0.49599018693, 0.79809230566, 1.73525977135, 3.50018596649, 14.3947954178, 7.08541202545, 13.3781461716, 10.0734434128, 8.01242446899, 15.687748909, 10.8436965942, 4.02561044693, 4.56947755814, 24.6756458282, 24.3003635406, 9.72263717651, 7.6563372612, 10.1552600861, 8.77561759949, 8.99285316467, 6.62161302567, 7.67132663727, 6.98958826065, 11.0521869659, 25.2529239655, 16.8248634338, 42.3379554749, 110.265800476, 315.132904053, 257.24130249, 140.287963867, 12.8018894196, 6.74328422546, 9.64871120453, 1.07993423939, 0.0732367932796, 0.00212508323602, 0.000249698408879],
        "dmean2": [0.0147896399722, 0.2561442554, 0.691615283489, 1.19347178936, 2.82487726212, 4.748087883, 23.4186267853, 11.4704284668, 22.8367519379, 15.9226799011, 12.2837276459, 21.7014732361, 12.9906721115, 5.28830814362, 6.78154039383, 36.2910652161, 35.3275642395, 15.7589740753, 10.4335775375, 13.0827941895, 11.5918617249, 10.1945161819, 7.9314365387, 10.0839128494, 10.2038354874, 16.1667575836, 38.4610481262, 25.0749340057, 64.6768264771, 171.236740112, 471.944488525, 405.711791992, 222.522262573, 19.7474536896, 9.73014354706, 14.3707876205, 1.66413891315, 0.112840376794, 0.00325879012235, 0.000381083344109],
        "dvar": [4.52622589364e-05, 0.0220865570009, 0.328428089619, 0.527398228645, 4.23145771027, 31.5411300659, 936.934631348, 171.181167603, 648.439086914, 146.782608032, 142.751190186, 632.646789551, 322.915588379, 39.3139381409, 66.2500839233, 3536.99121094, 3219.77783203, 332.854492188, 220.717071533, 486.56829834, 361.65032959, 338.494537354, 193.511077881, 111.789131165, 233.819564819, 707.71496582, 4039.97314453, 1731.06005859, 11506.3173828, 80641.3984375, 615568.125, 451153.46875, 135540.40625, 1076.46398926, 268.683135986, 576.590026855, 7.65201711655, 0.0351142734289, 2.93570046779e-05, 4.02204790362e-07],
        "dvar2": [0.000103877195215, 0.0552464947104, 0.35442751646, 1.32763910294, 6.92821645737, 64.6487350464, 2476.30981445, 463.973449707, 1721.12084961, 338.500183105, 272.296356201, 1111.26721191, 618.227539062, 43.5115318298, 149.129165649, 8896.55078125, 8169.33007812, 790.904968262, 479.885192871, 1053.02319336, 854.038208008, 618.73651123, 285.743743896, 84.0886383057, 582.043823242, 1763.21508789, 10436.6943359, 4399.21044922, 29956.8769531, 212070.34375, 1612747.125, 1203256.625, 361473.1875, 2812.70678711, 664.141296387, 1468.6685791, 20.0317211151, 0.0919537693262, 7.66209850553e-05, 1.05221158719e-06],
        "max": [0.0294328611344, 0.639228701591, 3.18919014931, 5.08269691467, 8.60936069489, 21.5646820068, 102.943473816, 48.0419235229, 85.4646911621, 49.1941947937, 50.0781822205, 113.365356445, 75.3376464844, 28.8329734802, 31.7547264099, 193.743499756, 187.905563354, 66.5983123779, 55.530872345, 79.8618240356, 67.7404327393, 68.9999771118, 51.4442901611, 51.7008361816, 52.2818603516, 87.0208969116, 201.025741577, 133.65675354, 337.321228027, 882.040039062, 2522.39599609, 2059.12304688, 1122.65014648, 102.38646698, 53.7730140686, 77.2105789185, 8.64402294159, 0.586174547672, 0.0170173402876, 0.00200061826035],
        "mean": [0.0128614166752, 0.186669230461, 0.848707199097, 1.42401516438, 1.94915211201, 3.40396046638, 10.7597789764, 6.30677604675, 8.79004669189, 9.83608341217, 10.2269210815, 16.3270969391, 13.9204387665, 5.77508687973, 5.7509636879, 14.6952266693, 15.5754899979, 8.84995365143, 6.65883588791, 8.1717672348, 6.87898349762, 8.04383563995, 6.84843206406, 18.2192707062, 5.85419225693, 6.65817642212, 13.7847528458, 9.52449989319, 22.1542949677, 56.3006896973, 207.247283936, 129.672424316, 67.5672988892, 6.48801422119, 3.75851559639, 5.36247253418, 0.553953647614, 0.0375874042511, 0.0011121322168, 0.000138336414238],
        "median": [0.0118522327393, 0.108144879341, 0.285792022943, 1.11641263962, 0.822725176811, 1.02023816109, 2.56829094887, 2.72934484482, 3.17868947983, 7.2943983078, 4.74789524078, 3.45736098289, 5.36667156219, 2.52741026878, 3.36594152451, 2.1516699791, 2.67747926712, 2.65637278557, 1.8548643589, 1.86858558655, 1.52552592754, 1.75102806091, 1.89383888245, 16.5955657959, 2.64728975296, 1.0280559063, 1.43328309059, 1.0697196722, 0.868138790131, 2.18026041985, 34.9094009399, 4.5606098175, 0.267421633005, 0.0918331667781, 0.0846876651049, 0.117258764803, 0.00814963225275, 0.000469611695735, 2.6731277103e-05, 9.560786566e-06],
        "min": [8.20012076019e-07, 7.33759316063e-06, 2.6767153031e-05, 3.94593735109e-05, 3.04354925902e-05, 4.00248864025e-05, 9.33558258112e-05, 8.21371941129e-05, 1.66951795109e-05, 1.46383408719e-05, 6.71022353345e-05, 0.000325236731442, 0.000256167288171, 0.000238161315792, 0.000607669702731, 0.000441144133219, 0.000255278631812, 6.08511654718e-05, 8.65789406816e-05, 4.08790219808e-05, 0.000358505290933, 0.000638598052319, 0.000265057955403, 0.000415223505115, 0.00015512216487, 6.26562105026e-05, 4.09327476518e-05, 8.0251993495e-05, 7.45909637772e-05, 5.28821146872e-05, 0.00017237868451, 3.49108959199e-05, 1.76311496034e-05, 1.03431611933e-05, 6.00934981776e-06, 2.59034436567e-06, 4.94823325425e-07, 2.66148504124e-07, 8.84422490799e-08, 7.73471331428e-09],
        "stdev": [0.00867370609194, 0.20206131041, 1.07972288132, 1.3508862257, 2.4807779789, 5.27415084839, 23.7879943848, 11.5705270767, 19.4112358093, 11.5817117691, 12.9304218292, 29.891412735, 19.8047389984, 8.22701358795, 7.72799301147, 45.1047706604, 43.5903015137, 15.5363464355, 13.1038017273, 19.0657672882, 15.8835906982, 17.6166305542, 14.080663681, 15.8632268906, 11.8652687073, 20.2717533112, 46.9414329529, 31.1965332031, 78.9635314941, 206.64831543, 583.768493652, 482.516876221, 263.796936035, 24.0102882385, 12.6450824738, 18.0715904236, 2.02575683594, 0.137376695871, 0.00398474885151, 0.000466792233055],
        "var": [7.52331834519e-05, 0.0408287756145, 1.16580140591, 1.824893713, 6.15425920486, 27.8166656494, 565.868713379, 133.877105713, 376.796081543, 134.136047363, 167.19581604, 893.496520996, 392.227722168, 67.6837463379, 59.7218780518, 2034.44030762, 1900.11425781, 241.378067017, 171.709625244, 363.503479004, 252.288452148, 310.345703125, 198.265090942, 251.641967773, 140.784591675, 410.944000244, 2203.49829102, 973.223693848, 6235.23925781, 42703.5273438, 340785.625, 232822.53125, 69588.8203125, 576.49395752, 159.898101807, 326.582366943, 4.10369062424, 0.0188723560423, 1.5878222257e-05, 2.17894978505e-07]
    },
    "gfcc": {
        "mean": [-56.6304626465, 65.1847839355, -103.658409119, 37.3045578003, -79.4070205688, 25.1006584167, -44.0395622253, 13.3983516693, -17.3991641998, -6.17271566391, -11.4459762573, 3.17143249512, -27.2267494202],
        "cov": [[25012.7402344, -1874.7253418, 600.043212891, -17.886932373, -1604.51660156, 708.001159668, -1452.49584961, 47.8027534485, -73.4258422852, 779.06628418, -426.06036377, -56.3998718262, -676.330078125], [-1874.7253418, 832.400939941, -203.10786438, 122.771591187, 82.6967468262, -157.435211182, 165.160202026, 47.4729270935, 115.676582336, -43.8724555969, 117.65826416, -92.4866333008, 6.8500919342], [600.043212891, -203.10786438, 326.405761719, -114.759132385, -10.1273097992, 111.403251648, -90.6957702637, -28.1424541473, -28.1992874146, -14.4430494308, -81.2711868286, 65.7731781006, 5.04117298126], [-17.886932373, 122.771591187, -114.759132385, 89.1834259033, 5.43311882019, -22.1354751587, 25.9914646149, -5.38920593262, 9.86723709106, 27.8338317871, 37.8885231018, -42.3715591431, -2.28288841248], [-1604.51660156, 82.6967468262, -10.1273097992, 5.43311882019, 160.863937378, -7.7924118042, 103.836517334, -3.82834005356, -20.3442611694, -74.1622619629, 5.5052947998, 16.4753322601, 45.4683532715], [708.001159668, -157.435211182, 111.403251648, -22.1354751587, -7.7924118042, 89.1059494019, -42.0816726685, -6.29230308533, -20.1300411224, 17.413974762, -42.937084198, 20.3329582214, -15.6276493073], [-1452.49584961, 165.160202026, -90.6957702637, 25.9914646149, 103.836517334, -42.0816726685, 124.436157227, 15.7129936218, 17.1099643707, -35.95885849, 34.5404319763, -6.22717857361, 39.7267150879], [47.8027534485, 47.4729270935, -28.1424541473, -5.38920593262, -3.82834005356, -6.29230308533, 15.7129936218, 43.7621612549, 23.202205658, -0.372722148895, -9.57010746002, -3.91348958015, -12.3323802948], [-73.4258422852, 115.676582336, -28.1992874146, 9.86723709106, -20.3442611694, -20.1300411224, 17.1099643707, 23.202205658, 58.225730896, 27.1090888977, 34.3223266602, -16.4582500458, 11.8445529938], [779.06628418, -43.8724555969, -14.4430494308, 27.8338317871, -74.1622619629, 17.413974762, -35.95885849, -0.372722148895, 27.1090888977, 80.7887191772, 18.4804191589, -14.2256984711, -4.75791358948], [-426.06036377, 117.65826416, -81.2711868286, 37.8885231018, 5.5052947998, -42.937084198, 34.5404319763, -9.57010746002, 34.3223266602, 18.4804191589, 63.9127845764, -13.8909778595, 23.3884963989], [-56.3998718262, -92.4866333008, 65.7731781006, -42.3715591431, 16.4753322601, 20.3329582214, -6.22717857361, -3.91348958015, -16.4582500458, -14.2256984711, -13.8909778595, 44.2651786804, 12.4888744354], [-676.330078125, 6.8500919342, 5.04117298126, -2.28288841248, 45.4683532715, -15.6276493073, 39.7267150879, -12.3323802948, 11.8445529938, -4.75791358948, 23.3884963989, 12.4888744354, 55.606842041]],
        "icov": [[0.00071686913725, -0.00280591519549, 0.0027555541601, 0.00491760345176, 0.00735470745713, -0.0129256919026, 0.00770650850609, -0.0121086696163, 0.0161263216287, 0.000191219180124, -0.00892397481948, 0.00483458256349, -0.00957168079913], [-0.00280591519549, 0.0362293720245, -0.0299183726311, -0.0922077819705, -0.0381528362632, 0.113320685923, -0.0613252930343, 0.111688628793, -0.184340819716, 0.0200773905963, 0.099658459425, -0.0691709890962, 0.106564462185], [0.0027555541601, -0.0299183726311, 0.114676266909, 0.0375441722572, -0.0126304486766, -0.0672014653683, 0.066009350121, 0.190823823214, -0.161829799414, -0.0205090325326, 0.216831684113, -0.126159250736, -0.0152010526508], [0.00491760345176, -0.0922077819705, 0.0375441722572, 0.333569705486, 0.0860938578844, -0.306209087372, 0.14786580205, -0.4486117661, 0.677773058414, -0.0778484568, -0.461336165667, 0.337360799313, -0.312881797552], [0.00735470745713, -0.0381528362632, -0.0126304486766, 0.0860938578844, 0.158080145717, -0.203230634332, 0.0595683008432, -0.320104569197, 0.404042422771, 0.0414958558977, -0.297943145037, 0.170986935496, -0.196688935161], [-0.0129256919026, 0.113320685923, -0.0672014653683, -0.306209087372, -0.203230634332, 0.462254494429, -0.211523428559, 0.54507368803, -0.774187386036, 0.00996859837323, 0.514604926109, -0.331217318773, 0.414142757654], [0.00770650850609, -0.0613252930343, 0.066009350121, 0.14786580205, 0.0595683008432, -0.211523428559, 0.163294896483, -0.204417929053, 0.300181478262, -0.0298023466021, -0.164695069194, 0.109134338796, -0.190507128835], [-0.0121086696163, 0.111688628793, 0.190823823214, -0.4486117661, -0.320104569197, 0.54507368803, -0.204417929053, 1.46858870983, -1.77173554897, 0.0108266258612, 1.45514953136, -0.910196483135, 0.660615622997], [0.0161263216287, -0.184340819716, -0.161829799414, 0.677773058414, 0.404042422771, -0.774187386036, 0.300181478262, -1.77173554897, 2.28324913979, -0.0672886446118, -1.77478468418, 1.1384114027, -0.895292758942], [0.000191219180124, 0.0200773905963, -0.0205090325326, -0.0778484568, 0.0414958558977, 0.00996859837323, -0.0298023466021, 0.0108266258612, -0.0672886446118, 0.0851383134723, 0.00519762700424, -0.0257325470448, 0.0162904597819], [-0.00892397481948, 0.099658459425, 0.216831684113, -0.461336165667, -0.297943145037, 0.514604926109, -0.164695069194, 1.45514953136, -1.77478468418, 0.00519762700424, 1.51975178719, -0.943255364895, 0.620329499245], [0.00483458256349, -0.0691709890962, -0.126159250736, 0.337360799313, 0.170986935496, -0.331217318773, 0.109134338796, -0.910196483135, 1.1384114027, -0.0257325470448, -0.943255364895, 0.654074728489, -0.414968192577], [-0.00957168079913, 0.106564462185, -0.0152010526508, -0.312881797552, -0.196688935161, 0.414142757654, -0.190507128835, 0.660615622997, -0.895292758942, 0.0162904597819, 0.620329499245, -0.414968192577, 0.461182683706]]
    },
    "melbands": {
        "dmean": [0.000103006488644, 0.00021642401407, 0.000183663520147, 0.00015249713033, 0.000433498120401, 0.000187509780517, 0.000193821731955, 0.000109177555714, 5.657782458e-05, 0.000102704201709, 5.38320236956e-05, 1.77066340257e-05, 1.23302888824e-05, 4.52726199001e-05, 7.05366182956e-05, 4.14303394791e-05, 1.51098711285e-05, 1.07429386844e-05, 1.15288803499e-05, 1.93468549696e-05, 7.70905535319e-06, 1.05354602056e-05, 6.2192139012e-06, 6.04955175731e-06, 7.63309617469e-06, 3.46099113813e-06, 6.67910262564e-06, 6.37621178612e-06, 1.93440118892e-05, 6.53123333905e-06, 1.04501323221e-05, 1.8463253582e-05, 3.98405645683e-05, 6.95185881341e-05, 0.000153115717694, 0.000258405285422, 9.63053098531e-05, 0.000116804963909, 2.88009432552e-05, 5.19880450156e-06],
        "dmean2": [0.000183831376489, 0.000341118458891, 0.000260941538727, 0.000207776742172, 0.0006959810853, 0.000301413092529, 0.000333969743224, 0.000168583123013, 9.30512978812e-05, 0.000129995009047, 6.27619374427e-05, 2.37239128182e-05, 1.7179752831e-05, 6.68821812724e-05, 0.000104409038613, 5.86024507356e-05, 2.50937500823e-05, 1.50602672875e-05, 1.4056307009e-05, 2.66960378212e-05, 1.00335410025e-05, 1.2375161532e-05, 8.90855517355e-06, 7.53353197069e-06, 9.66210245679e-06, 5.05053094457e-06, 1.00198558357e-05, 9.14280826692e-06, 2.94704932458e-05, 9.7541278592e-06, 1.53916553245e-05, 2.78370553133e-05, 6.16935212747e-05, 0.000108893036668, 0.000227754397201, 0.000401175726438, 0.000152824024553, 0.000185370940017, 4.52656531706e-05, 7.87931912782e-06],
        "dvar": [8.3975484344e-09, 6.86698200525e-08, 2.67384194785e-08, 4.23085921852e-08, 8.71618112797e-07, 1.27194056176e-07, 1.18730206111e-07, 2.19924078948e-08, 6.48351683452e-09, 2.51491218961e-08, 8.054505507e-09, 6.95079493962e-10, 2.26198823561e-10, 1.10534470465e-08, 2.86671859584e-08, 8.5262872318e-09, 7.12274517145e-10, 3.93301113899e-10, 4.92405172192e-10, 1.9675225893e-09, 2.56913379459e-10, 4.49879550279e-10, 2.02230801549e-10, 1.68065353301e-10, 8.51585676975e-11, 4.51139021973e-11, 2.55190951703e-10, 2.24695789752e-10, 2.38451125512e-09, 2.53511989179e-10, 6.52182197136e-10, 2.14079198813e-09, 1.04166888448e-08, 3.25139488666e-08, 1.43856510704e-07, 4.39742336766e-07, 6.39441211092e-08, 9.41192084269e-08, 5.58137580597e-09, 1.72390407505e-10],
        "dvar2": [1.4174116103e-08, 1.00895405808e-07, 7.10142415983e-08, 7.09214376116e-08, 2.26468660003e-06, 3.49581597447e-07, 3.12739615538e-07, 4.79013699817e-08, 9.57815249336e-09, 4.22192591998e-08, 1.63360098782e-08, 1.05503750181e-09, 4.33563213109e-10, 2.79807998993e-08, 7.14832069093e-08, 2.133032595e-08, 1.67490943337e-09, 8.40490399501e-10, 9.94396121001e-10, 4.74896033609e-09, 5.89597815015e-10, 8.611208413e-10, 2.46763359746e-10, 3.60336011029e-10, 5.67925290129e-11, 1.0984939347e-10, 6.48100739742e-10, 5.47912548665e-10, 6.16490591909e-09, 6.44867381716e-10, 1.64290248073e-09, 5.52161294465e-09, 2.73216844704e-08, 8.58124096226e-08, 3.75790648377e-07, 1.16651358439e-06, 1.70632034724e-07, 2.51177027621e-07, 1.47510554882e-08, 4.44412479039e-10],
        "max": [0.000381588877644, 0.00124640204012, 0.00107818900142, 0.00081874197349, 0.00316609023139, 0.0012847337639, 0.00116855674423, 0.000603046559263, 0.000331874645781, 0.000744204968214, 0.000373965624021, 0.000127608305775, 6.4403640863e-05, 0.000344688858604, 0.000553611142095, 0.000316463876516, 9.90422267932e-05, 7.53707936383e-05, 8.41676301206e-05, 0.000152126463945, 5.85710076848e-05, 7.90525300545e-05, 4.80704075017e-05, 4.67227255285e-05, 5.13780796609e-05, 2.42020014412e-05, 5.16058462381e-05, 4.98521549162e-05, 0.000154130641022, 5.15276406077e-05, 8.26009636512e-05, 0.000146941732964, 0.000317635305692, 0.000555657374207, 0.00122552039102, 0.00206851703115, 0.000770762795582, 0.000934601819608, 0.000230130375712, 4.15450704168e-05],
        "mean": [0.000165938181453, 0.000375862349756, 0.00027095086989, 0.0001648562029, 0.000342706189258, 0.000159756367793, 0.000128367129946, 0.000115716829896, 8.01928545116e-05, 0.000106666069769, 6.726745778e-05, 2.31635876844e-05, 1.77094043465e-05, 2.82953060378e-05, 4.18973686465e-05, 2.99705807265e-05, 1.45352387335e-05, 9.81039465842e-06, 9.94804304355e-06, 1.32933982968e-05, 6.50676520308e-06, 8.8288952611e-06, 7.01127100911e-06, 4.57909300167e-06, 1.80121824087e-05, 3.59512773684e-06, 3.96110044676e-06, 3.92690435547e-06, 1.03993061202e-05, 3.91476851291e-06, 5.90574154558e-06, 9.91634897218e-06, 2.00471877179e-05, 3.38950922014e-05, 0.000102620222606, 0.000145874597365, 4.61976778752e-05, 5.59733452974e-05, 1.41926257129e-05, 2.71088674708e-06],
        "median": [0.000138161776704, 0.000153035201947, 0.00019353517564, 6.07188776485e-05, 7.27087826817e-05, 6.51406226098e-05, 5.99798258918e-05, 8.65077599883e-05, 3.98850315833e-05, 2.00312679226e-05, 2.75621623587e-05, 9.68957101577e-06, 9.18674413697e-06, 6.18755484538e-06, 5.90912759435e-06, 6.79394361214e-06, 5.17853868587e-06, 3.18469892591e-06, 2.57686838268e-06, 2.33020136875e-06, 1.67928214978e-06, 1.74161687028e-06, 1.46690615566e-06, 9.23614152271e-07, 1.71773917828e-05, 2.10034272641e-06, 6.13077077105e-07, 6.44664055471e-07, 9.60588749876e-07, 6.47270155696e-07, 6.340183063e-07, 5.02020270687e-07, 3.46992720779e-07, 1.14417282759e-07, 1.79368289537e-05, 1.45954209074e-05, 1.09528677683e-07, 7.80182745075e-08, 1.39566679991e-07, 8.41668708063e-08],
        "min": [8.2925986078e-09, 1.25801005169e-08, 6.48274944837e-09, 2.29555063846e-09, 3.04433722675e-09, 1.85758008975e-09, 2.12835499225e-10, 1.5478424098e-10, 8.06280042731e-10, 2.10018624713e-09, 1.21519716512e-09, 8.37363067774e-10, 1.87725435197e-09, 1.75448233719e-09, 6.73327393841e-10, 3.74109687673e-10, 8.37066388426e-11, 1.4278281335e-10, 8.38560124117e-11, 4.01817468187e-11, 5.68286417924e-10, 7.90311038834e-10, 3.87187698569e-10, 1.43580508594e-10, 3.72477881871e-10, 1.95591515206e-10, 2.70563415422e-11, 4.85565615493e-11, 2.37871181086e-11, 4.01820625384e-11, 4.38932015734e-11, 5.29230062551e-11, 1.65253227769e-11, 3.22683650633e-11, 9.4708664522e-11, 7.46736006363e-11, 7.60197894217e-12, 1.32830127106e-11, 1.10679226201e-11, 7.40723715004e-12],
        "stdev": [0.000125402599224, 0.00044026481919, 0.000280079431832, 0.000223876850214, 0.000729987863451, 0.000307494017761, 0.000264317437541, 0.000142080927617, 9.62936974247e-05, 0.000196437787963, 9.59582393989e-05, 3.37257079082e-05, 2.03973868338e-05, 7.97398242867e-05, 0.00012904725736, 7.34821296646e-05, 2.32332477026e-05, 1.77720758074e-05, 2.06477907341e-05, 3.55927622877e-05, 1.3794707229e-05, 1.98646412173e-05, 1.49962952491e-05, 1.11975741675e-05, 1.53628297994e-05, 5.44547765458e-06, 1.19792011901e-05, 1.16401633932e-05, 3.60267877113e-05, 1.19753485706e-05, 1.93027226487e-05, 3.43754290952e-05, 7.44849239709e-05, 0.000130507323775, 0.000283517758362, 0.000481682334794, 0.000181156268809, 0.000219673951506, 5.40112123417e-05, 9.73939313553e-06],
        "var": [1.57258117639e-08, 1.93833116668e-07, 7.84444935675e-08, 5.01208425874e-08, 5.32882268089e-07, 9.45525684415e-08, 6.98637094843e-08, 2.01869880812e-08, 9.27247612026e-09, 3.85878067277e-08, 9.20798370885e-09, 1.13742337771e-09, 4.16053386187e-10, 6.35843955266e-09, 1.66531961554e-08, 5.39962297097e-09, 5.39783828746e-10, 3.15846709897e-10, 4.26331275838e-10, 1.26684485124e-09, 1.90293947266e-10, 3.94603960618e-10, 2.24888871414e-10, 1.25385674066e-10, 2.3601651189e-10, 2.96532277899e-11, 1.43501266425e-10, 1.3549340816e-10, 1.2979294306e-09, 1.43408965259e-10, 3.72595093667e-10, 1.18167020613e-09, 5.54800339003e-09, 1.70321605708e-08, 8.03823141382e-08, 2.3201788224e-07, 3.2817595752e-08, 4.82566449023e-08, 2.91721113932e-09, 9.48557829505e-11]
    },
    "melbands128": {
