{
"lowlevel": {
    "average_loudness": 0.986197531223,
    "barkbands_crest": {
        "dmean": 1.91602766514,
        "dmean2": 3.21734547615,
        "dvar": 2.5142762661,
        "dvar2": 6.8230676651,
        "max": 16.9808864594,
        "mean": 8.76319885254,
        "median": 8.3371181488,
        "min": 5.79264783859,
        "stdev": 1.88861739635,
        "var": 3.56687545776
    },
    "barkbands_flatness_db": {
        "dmean": 0.0514832362533,
        "dmean2": 0.0736304745078,
        "dvar": 0.00161804934032,
        "dvar2": 0.00273812166415,
        "max": 0.537713170052,
        "mean": 0.43750718236,
        "median": 0.440337061882,
        "min": 0.258073657751,
        "stdev": 0.0585714690387,
        "var": 0.00343061680906
    },
    "barkbands_kurtosis": {
        "dmean": 4.08796548843,
        "dmean2": 5.98871421814,
        "dvar": 21.0898399353,
        "dvar2": 42.5971755981,
        "max": 33.6495552063,
        "mean": 3.82833790779,
        "median": 1.22310018539,
        "min": -1.06394016743,
        "stdev": 5.78901529312,
        "var": 33.5126991272
    },
    "barkbands_skewness": {
        "dmean": 0.397217571735,
        "dmean2": 0.592744171619,
        "dvar": 0.204086780548,
        "dvar2": 0.457688301802,
        "max": 0.404336601496,
        "mean": -0.487078070641,
        "median": -0.382278680801,
        "min": -3.56556558609,
        "stdev": 0.52055233717,
        "var": 0.270974755287
    },
    "barkbands_spread": {
        "dmean": 0.390990644693,
        "dmean2": 0.637512326241,
        "dvar": 0.0903672501445,
        "dvar2": 0.267214030027,
        "max": 3.39833831787,
        "mean": 2.05201053619,
        "median": 2.05020213127,
        "min": 1.07730901241,
        "stdev": 0.357329130173,
        "var": 0.127684116364
    },
    "dissonance": {
        "dmean": 0.0044536520727,
        "dmean2": 0.00857372395694,
        "dvar": 0.000205455318792,
        "dvar2": 0.000596383877564,
        "max": 0.500000059605,
        "mean": 0.497437536716,
        "median": 0.499647051096,
        "min": 0.414975225925,
        "stdev": 0.010534632951,
        "var": 0.000110978486191
    },
    "dynamic_complexity": 3.70995211601,
    "erbbands_crest": {
        "dmean": 2.77604103088,
        "dmean2": 4.66802358627,
        "dvar": 5.64652681351,
        "dvar2": 14.5075407028,
        "max": 21.6991901398,
        "mean": 11.5174322128,
        "median": 11.0191907883,
        "min": 6.76031064987,
        "stdev": 2.77195000648,
        "var": 7.68370628357
    },
    "erbbands_flatness_db": {
        "dmean": 0.0422504842281,
        "dmean2": 0.0657088980079,
        "dvar": 0.00189457437955,
        "dvar2": 0.00365640106611,
        "max": 0.517223954201,
        "mean": 0.441682845354,
        "median": 0.453073710203,
        "min": 0.238038867712,
        "stdev": 0.052627786994,
        "var": 0.00276968395337
    },
    "erbbands_kurtosis": {
        "dmean": 1.06317400932,
        "dmean2": 1.61689174175,
        "dvar": 1.33850419521,
        "dvar2": 3.11308932304,
        "max": 9.7910528183,
        "mean": 0.758076488972,
        "median": 0.414523839951,
        "min": -0.984458684921,
        "stdev": 1.43270373344,
        "var": 2.05263996124
    },
    "erbbands_skewness": {
        "dmean": 0.288791567087,
        "dmean2": 0.456098198891,
        "dvar": 0.0760396569967,
        "dvar2": 0.181624680758,
        "max": 0.756394386292,
        "mean": 0.0730837136507,
        "median": 0.117763191462,
        "min": -1.89955055714,
        "stdev": 0.342224806547,
        "var": 0.11711782217
    },
    "erbbands_spread": {
        "dmean": 1.22151994705,
        "dmean2": 1.95377957821,
        "dvar": 1.20264387131,
        "dvar2": 3.10778069496,
        "max": 9.45556545258,
        "mean": 5.02889633179,
        "median": 4.93434906006,
        "min": 2.30929970741,
        "stdev": 1.22982776165,
        "var": 1.51247632504
    },
    "hfc": {
        "dmean": 733.659484863,
        "dmean2": 1297.88269043,
        "dvar": 1705014.5,
        "dvar2": 4588998,
        "max": 7074.77294922,
        "mean": 507.23550415,
        "median": 75.693359375,
        "min": 1.57219624519,
        "stdev": 1093.66101074,
        "var": 1196094.5
    },
    "loudness_ebu128": {
        "integrated": -24.8746128082,
        "loudness_range": 0.732091903687,
        "momentary": {
            "dmean": 1.20222008228,
            "dmean2": 2.06526589394,
            "dvar": 1.54741883278,
            "dvar2": 3.75604510307,
            "max": -22.9694347382,
            "mean": -25.0754528046,
            "median": -24.7153453827,
            "min": -28.810218811,
            "stdev": 1.39213609695,
            "var": 1.9380428791
        },
        "short_term": {
            "dmean": 0.154135718942,
            "dmean2": 0.234508931637,
            "dvar": 0.015453049913,
            "dvar2": 0.0299472939223,
            "max": -24.459569931,
            "mean": -24.984998703,
            "median": -24.9501056671,
            "min": -25.439043045,
            "stdev": 0.249094903469,
            "var": 0.0620482675731
        }
    },
    "melbands_crest": {
        "dmean": 2.81298232079,
        "dmean2": 4.68602752686,
        "dvar": 5.41283321381,
        "dvar2": 14.0281400681,
        "max": 21.5582351685,
        "mean": 11.3993625641,
        "median": 11.0109605789,
        "min": 6.94457578659,
        "stdev": 2.86666321754,
        "var": 8.21775817871
    },
    "melbands_flatness_db": {
        "dmean": 0.0426337122917,
        "dmean2": 0.0641687437892,
        "dvar": 0.00154958385974,
        "dvar2": 0.00294616306201,
        "max": 0.383510649204,
        "mean": 0.302305370569,
        "median": 0.309090048075,
        "min": 0.121567495167,
        "stdev": 0.0505054071546,
        "var": 0.00255079613999
    },
    "melbands_kurtosis": {
        "dmean": 3.59410214424,
        "dmean2": 5.44022035599,
        "dvar": 17.4973201752,
        "dvar2": 36.9094238281,
        "max": 26.5090789795,
        "mean": 3.89536213875,
        "median": 2.09505772591,
        "min": -1.01164090633,
        "stdev": 5.14862966537,
        "var": 26.5083866119
    },
    "melbands_skewness": {
        "dmean": 0.566643297672,
        "dmean2": 0.879267215729,
        "dvar": 0.375796347857,
        "dvar2": 0.722680091858,
        "max": 0.593544304371,
        "mean": -0.732426226139,
        "median": -0.571402609348,
        "min": -3.92208433151,
        "stdev": 0.78384834528,
        "var": 0.614418208599
    },
    "melbands_spread": {
        "dmean": 2.66648650169,
        "dmean2": 4.57096624374,
        "dvar": 18.6482582092,
        "dvar2": 49.9636878967,
        "max": 39.1456260681,
        "mean": 9.60773181915,
        "median": 8.87687301636,
        "min": 4.78578424454,
        "stdev": 3.76126480103,
        "var": 14.1471128464
    },
    "pitch_salience": {
        "dmean": 0.0422864854336,
        "dmean2": 0.0738002210855,
        "dvar": 0.00137458485551,
        "dvar2": 0.00408000033349,
        "max": 0.909678697586,
        "mean": 0.758082747459,
        "median": 0.756681799889,
        "min": 0.593821585178,
        "stdev": 0.0398376025259,
        "var": 0.00158703455236
    },
    "silence_rate_20dB": {
        "dmean": 0.0120845921338,
        "dmean2": 0.0242424234748,
        "dvar": 0.0119385607541,
        "dvar2": 0.0357757620513,
        "max": 1,
        "mean": 0.993975877762,
        "median": 1,
        "min": 0,
        "stdev": 0.0773809254169,
        "var": 0.00598780810833
    },
    "silence_rate_30dB": {
        "dmean": 0.132930517197,
        "dmean2": 0.266666680574,
        "dvar": 0.115259580314,
        "dvar2": 0.225858718157,
        "max": 1,
        "mean": 0.87349396944,
        "median": 1,
        "min": 0,
        "stdev": 0.33241891861,
        "var": 0.110502332449
    },
    "silence_rate_60dB": {
        "dmean": 0.29003021121,
        "dmean2": 0.581818163395,
        "dvar": 0.205913007259,
        "dvar2": 0.340274423361,
        "max": 1,
        "mean": 0.243975907564,
        "median": 0,
        "min": 0,
        "stdev": 0.429478496313,
        "var": 0.184451773763
    },
    "spectral_centroid": {
        "dmean": 319.469329834,
        "dmean2": 512.775512695,
        "dvar": 71109.1875,
        "dvar2": 157465.046875,
        "max": 7458.97314453,
        "mean": 6409.3515625,
        "median": 6390.3125,
        "min": 5392.96435547,
        "stdev": 345.812072754,
        "var": 119585.984375
    },
    "spectral_complexity": {
        "dmean": 1.08761334419,
        "dmean2": 2.12121200562,
        "dvar": 7.6690454483,
        "dvar2": 21.7489280701,
        "max": 21,
        "mean": 0.581325292587,
        "median": 0,
        "min": 0,
        "stdev": 2.06578755379,
        "var": 4.26747846603
    },
    "spectral_decrease": {
        "dmean": 1.24900667586e-09,
        "dmean2": 2.2239916575e-09,
        "dvar": 4.23517921193e-18,
        "dvar2": 1.16905278808e-17,
        "max": 9.72577840486e-09,
        "mean": -5.60526902671e-10,
        "median": -1.28090232865e-10,
        "min": -9.68352598107e-09,
        "stdev": 1.75590464391e-09,
        "var": 3.08320096198e-18
    },
    "spectral_energy": {
        "dmean": 0.0683441534638,
        "dmean2": 0.119879037142,
        "dvar": 0.013753740117,
        "dvar2": 0.0367516428232,
        "max": 0.678250968456,
        "mean": 0.048123318702,
        "median": 0.0085138566792,
        "min": 0.000187973026186,
        "stdev": 0.0997172668576,
        "var": 0.00994353275746
    },
    "spectral_energyband_high": {
        "dmean": 0.0677082538605,
        "dmean2": 0.118696071208,
        "dvar": 0.0134429857135,
        "dvar2": 0.0359110981226,
        "max": 0.67153519392,
        "mean": 0.0476983301342,
        "median": 0.00849229842424,
        "min": 0.000186476157978,
        "stdev": 0.0986688360572,
        "var": 0.00973553862423
    },
    "spectral_energyband_low": {
        "dmean": 3.8182715798e-06,
        "dmean2": 7.54207439968e-06,
        "dvar": 3.25604543328e-10,
        "dvar2": 9.62488533318e-10,
        "max": 0.00018770317547,
        "mean": 1.98011071006e-06,
        "median": 2.22327400934e-08,
        "min": 7.86942511155e-09,
        "stdev": 1.29570125864e-05,
        "var": 1.67884164903e-10
    },
    "spectral_energyband_middle_high": {
        "dmean": 0.000150477178977,
        "dmean2": 0.000280257954728,
        "dvar": 2.02590769049e-07,
        "dvar2": 5.84395650094e-07,
        "max": 0.00284996302798,
        "mean": 9.42499027587e-05,
        "median": 1.30740372697e-05,
        "min": 7.44411011055e-07,
        "stdev": 0.00033777023782,
        "var": 1.14088734904e-07
    },
    "spectral_energyband_middle_low": {
        "dmean": 1.7892994947e-05,
        "dmean2": 3.47401328327e-05,
        "dvar": 4.74956740604e-09,
        "dvar2": 1.38606814915e-08,
        "max": 0.000577343278565,
        "mean": 9.52231221163e-06,
        "median": 2.92548456571e-08,
        "min": 4.33681135448e-09,
        "stdev": 5.03060982737e-05,
        "var": 2.53070364664e-09
    },
    "spectral_entropy": {
        "dmean": 0.159586235881,
        "dmean2": 0.27005815506,
        "dvar": 0.0243017338216,
        "dvar2": 0.0566686056554,
        "max": 8.9916229248,
        "mean": 8.37517166138,
        "median": 8.35418128967,
        "min": 8.00287532806,
        "stdev": 0.169198274612,
        "var": 0.0286280568689
    },
    "spectral_flux": {
        "dmean": 0.119726374745,
        "dmean2": 0.188276484609,
        "dvar": 0.0172868818045,
        "dvar2": 0.0312416274101,
        "max": 0.784588336945,
        "mean": 0.168923601508,
        "median": 0.134089022875,
        "min": 0.0123475771397,
        "stdev": 0.153812795877,
        "var": 0.0236583743244
    },
    "spectral_kurtosis": {
        "dmean": 0.474383622408,
        "dmean2": 0.736602604389,
        "dvar": 0.218568876386,
        "dvar2": 0.636618614197,
        "max": 4.15041255951,
        "mean": 0.819967865944,
        "median": 0.77998483181,
        "min": -0.156255722046,
        "stdev": 0.496005803347,
        "var": 0.246021747589
    },
    "spectral_rms": {
        "dmean": 0.00421694247052,
        "dmean2": 0.00650239782408,
        "dvar": 2.09986228583e-05,
        "dvar2": 5.14586354257e-05,
        "max": 0.0257236901671,
        "mean": 0.00477102492005,
        "median": 0.00288201635703,
        "min": 0.00042823862168,
        "stdev": 0.004918015562,
        "var": 2.41868765443e-05
    },
    "spectral_rolloff": {
        "dmean": 1642.11804199,
        "dmean2": 2832.33447266,
        "dvar": 2611359.5,
        "dvar2": 3581885,
        "max": 15740.7714844,
        "mean": 12958.8339844,
        "median": 13921.2158203,
        "min": 8979.34570312,
        "stdev": 1841.01245117,
        "var": 3389326.75
    },
    "spectral_skewness": {
        "dmean": 0.143386885524,
        "dmean2": 0.231410607696,
        "dvar": 0.0174404121935,
        "dvar2": 0.0486151091754,
        "max": 1.46377134323,
        "mean": 0.747439026833,
        "median": 0.763198494911,
        "min": 0.236696720123,
        "stdev": 0.154078036547,
        "var": 0.0237400401384
    },
    "spectral_spread": {
        "dmean": 1077627.375,
        "dmean2": 1720361.75,
        "dvar": 1.20941130547e+12,
        "dvar2": 2.48923160576e+12,
        "max": 11501682,
        "mean": 6869939.5,
        "median": 6768411,
        "min": 4724564.5,
        "stdev": 1214632,
        "var": 1.47533083443e+12
    },
    "spectral_strongpeak": {
        "dmean": 6.58241319656,
        "dmean2": 10.7790107727,
        "dvar": 67.294052124,
        "dvar2": 171.472518921,
        "max": 56.7190475464,
        "mean": 6.9614405632,
        "median": 4.05975580215,
        "min": 0.40406191349,
        "stdev": 8.12266635895,
        "var": 65.9777069092
    },
    "zerocrossingrate": {
        "dmean": 0.0340660996735,
        "dmean2": 0.0374097414315,
        "dvar": 0.000575269572437,
        "dvar2": 0.000973932968918,
        "max": 0.52783203125,
        "mean": 0.416484773159,
        "median": 0.41650390625,
        "min": 0.1728515625,
        "stdev": 0.0413597486913,
        "var": 0.00171062874142
    },
    "barkbands": {
        "dmean": [7.34319257845e-07, 1.61435798418e-06, 1.20753327337e-06, 1.15587067739e-06, 1.99857822736e-06, 3.26065310219e-06, 1.81506595709e-06, 3.09176516566e-06, 4.99069028592e-06, 4.7427993195e-06, 3.08935841531e-06, 4.08979485655e-06, 6.29569012744e-06, 1.04046766864e-05, 8.79624349182e-06, 1.03902266346e-05, 1.84254513442e-05, 2.24489558605e-05, 4.32669148722e-05, 6.53934912407e-05, 0.00140358717181, 0.00485817249864, 0.00964525248855, 0.0129338735715, 0.0161990821362, 0.0202855858952, 0.00318766548298],
        "dmean2": [1.44855607687e-06, 3.18510933539e-06, 2.39743917518e-06, 2.28684166359e-06, 3.90141804019e-06, 6.40399002805e-06, 3.51609719473e-06, 6.03956459599e-06, 9.72838643065e-06, 9.26037319005e-06, 5.83157316214e-06, 7.98284872872e-06, 1.21044995467e-05, 2.04410825972e-05, 1.68850347109e-05, 1.97384051717e-05, 3.49221700162e-05, 3.99946366088e-05, 8.09732955531e-05, 0.000119437703688, 0.00244972412474, 0.00828539952636, 0.0167170185596, 0.0221946127713, 0.0287786591798, 0.0364649444818, 0.00586837111041],
        "dvar": [8.36319468539e-12, 6.51498369142e-11, 4.02722716286e-11, 2.67568068396e-11, 5.7645135193e-11, 3.804351556e-10, 5.26964721859e-11, 1.85476106696e-10, 4.17607809444e-10, 4.51485709929e-10, 1.35977354376e-10, 2.87785711928e-10, 5.85681836363e-10, 3.57001361806e-09, 1.47466172606e-09, 1.23931886975e-09, 4.30134283746e-09, 3.83894072087e-09, 1.69490252944e-08, 2.35940067483e-08, 5.21935726283e-06, 5.18412634847e-05, 0.000310472853016, 0.000547041534446, 0.000738343806006, 0.00164754153229, 5.8712768805e-05],
        "dvar2": [2.4587804015e-11, 1.92903873431e-10, 1.19454654501e-10, 7.88345430602e-11, 1.67640512583e-10, 1.13100906418e-09, 1.5120688035e-10, 5.43340317183e-10, 1.21992693725e-09, 1.32459365698e-09, 3.75894676496e-10, 8.45343517408e-10, 1.69503111547e-09, 1.06276667466e-08, 4.34096047996e-09, 3.6257961078e-09, 1.24864678597e-08, 1.08085593808e-08, 4.89481273291e-08, 6.75983784504e-08, 1.37695269586e-05, 0.000132921544719, 0.000841354718432, 0.00143937335815, 0.00196300563402, 0.00453950185329, 0.000168106271303],
        "max": [2.11075621337e-05, 8.92848620424e-05, 6.50127913104e-05, 4.09737549489e-05, 5.87070680922e-05, 0.000230235920753, 5.13835511811e-05, 0.000137404393172, 0.000183191790711, 0.000216710192035, 9.97668175842e-05, 0.000156661117217, 0.00020007682906, 0.000708682870027, 0.000313539727358, 0.000310992152663, 0.00059154612245, 0.000539443746675, 0.000944080471527, 0.0011906180298, 0.0144759798422, 0.0422353483737, 0.156391948462, 0.165415614843, 0.166061371565, 0.23450165987, 0.05000776425],
        "mean": [4.28679129527e-07, 8.32542070839e-07, 6.20545563379e-07, 5.94268612986e-07, 1.05092158265e-06, 1.6952930082e-06, 9.87669409369e-07, 1.6538131149e-06, 2.63837932835e-06, 2.49938057095e-06, 1.73914145307e-06, 2.2192364213e-06, 3.48563594343e-06, 5.51394441572e-06, 4.96237998959e-06, 6.08384016232e-06, 1.08291142169e-05, 1.58053026098e-05, 2.74517933576e-05, 4.41024676547e-05, 0.00101045880001, 0.0036690349225, 0.00736200297251, 0.0095434775576, 0.0109517807141, 0.0132261067629, 0.00202232738957],
        "median": [6.01001346467e-08, 1.71118141878e-09, 5.10578823665e-09, 1.01653618856e-09, 1.57940327483e-09, 2.01368077768e-09, 2.93117596861e-09, 3.5929197395e-09, 9.55776702227e-09, 1.52284584942e-08, 2.71056386225e-08, 5.89517483718e-08, 9.85034063206e-08, 1.64729186736e-07, 2.59593889496e-07, 6.93303718435e-07, 1.00430622751e-06, 2.55695249507e-06, 4.10648499383e-06, 8.65160291141e-06, 0.000199660120416, 0.000731826119591, 0.00145775172859, 0.00176191329956, 0.00151479477063, 0.00141796842217, 0.000256986008026],
        "min": [1.43546707854e-09, 1.46324757866e-10, 2.93437135701e-10, 2.18304558458e-11, 1.37768629838e-10, 1.87675472385e-10, 1.3436760038e-10, 1.1783238274e-10, 3.73188063785e-10, 3.27867843986e-10, 1.25971888476e-09, 1.88299464909e-09, 4.63600269285e-09, 9.26205068197e-09, 1.22433316818e-08, 2.32453469806e-08, 4.38675229475e-08, 1.0230377967e-07, 1.67029256204e-07, 3.30673145754e-07, 6.72612804919e-06, 3.23750391544e-05, 5.2276882343e-05, 3.4574590245e-05, 2.06044624065e-05, 6.06706589679e-06, 6.98353005646e-07],
        "stdev": [2.08979554372e-06, 5.78791059525e-06, 4.5393817345e-06, 3.72643967239e-06, 5.56120403417e-06, 1.3944380953e-05, 5.42091265743e-06, 9.90066473605e-06, 1.4905513126e-05, 1.54278623086e-05, 9.14146130526e-06, 1.22774081319e-05, 1.7896269128e-05, 4.26249280281e-05, 2.78440020338e-05, 2.57451902144e-05, 4.85363671032e-05, 4.8806607083e-05, 9.74872382358e-05, 0.000117899529869, 0.00196504592896, 0.0065118917264, 0.0150031689554, 0.0204393900931, 0.0227616876364, 0.0328069329262, 0.00583182554692],
        "var": [4.36724528069e-12, 3.3499907709e-11, 2.06059874025e-11, 1.3886353005e-11, 3.09269901355e-11, 1.94445751167e-10, 2.93862954803e-11, 9.80231590342e-11, 2.22174320608e-10, 2.38018937893e-10, 8.35663135912e-11, 1.50734744131e-10, 3.2027647201e-10, 1.81688464274e-09, 7.75288444554e-10, 6.62814858554e-10, 2.35577890528e-09, 2.38208475167e-09, 9.50376222164e-09, 1.3900299578e-08, 3.86140573028e-06, 4.24047320848e-05, 0.000225095078349, 0.000417768635089, 0.00051809445722, 0.00107629480772, 3.40101905749e-05]
    },
    "erbbands": {
        "dmean": [5.43916357856e-05, 0.000342629529769, 0.00122823193669, 0.00294966180809, 0.00473732408136, 0.00665184948593, 0.0159333832562, 0.0291855968535, 0.026944424957, 0.0386911705136, 0.0771401673555, 0.109374299645, 0.154291838408, 0.138295516372, 0.137630403042, 0.172922804952, 0.291959941387, 0.458595395088, 0.455481618643, 0.527167916298, 0.709691643715, 1.02787995338, 1.07983517647, 2.05584144592, 2.13100981712, 3.06376266479, 9.51780700684, 124.912315369, 195.571228027, 157.17489624, 330.467803955, 78.9933700562, 349.008056641, 191.611175537, 116.794868469, 21.3000335693, 57.1572113037, 10.6643152237, 0.559986710548, 0.033477794379],
        "dmean2": [0.000107166117232, 0.000677208707202, 0.00243617710657, 0.00584394251928, 0.00930107012391, 0.0129503700882, 0.0313072167337, 0.0572585128248, 0.0520101673901, 0.0762916505337, 0.149789318442, 0.213905036449, 0.299245297909, 0.269242703915, 0.264567881823, 0.338672488928, 0.563459575176, 0.894327044487, 0.883664667606, 1.01134037971, 1.35906124115, 1.94612169266, 1.96396756172, 3.72406935692, 3.97460341454, 5.54748296738, 16.8801994324, 219.433883667, 332.37600708, 274.010040283, 572.79107666, 134.774261475, 599.109863281, 338.546844482, 207.178924561, 38.2890815735, 103.252380371, 19.1987934113, 1.03044915199, 0.060937024653],
        "dvar": [5.9485717685e-08, 3.29840827362e-06, 4.24740064773e-05, 0.000189268670511, 0.000359709723853, 0.000678019365296, 0.00740829762071, 0.0314231067896, 0.0150831975043, 0.0242203231901, 0.112844377756, 0.209926992655, 0.463153660297, 0.291866600513, 0.262894481421, 0.46866992116, 1.2134963274, 5.35924911499, 4.98260354996, 4.56586647034, 6.50284767151, 12.7319660187, 9.895611763, 42.0656738281, 34.3261489868, 44.6768951416, 323.048797607, 35303.5742188, 86853.578125, 82879.40625, 359936.6875, 22068.9082031, 390314.1875, 114316.25, 39030.1914062, 1885.80981445, 12919.4853516, 531.093017578, 1.74259376526, 0.00526796467602],
        "dvar2": [1.75435872052e-07, 9.78324806056e-06, 0.00012601535127, 0.000558820203878, 0.00105103035457, 0.00197254051454, 0.0219790209085, 0.0934133157134, 0.0438963137567, 0.070117354393, 0.331106722355, 0.615380764008, 1.35056364536, 0.845639288425, 0.738777935505, 1.37052071095, 3.51771354675, 15.8953084946, 14.7421875, 13.4319705963, 19.0618076324, 36.9391899109, 28.2542610168, 120.741416931, 99.1276473999, 126.549186707, 882.443664551, 89987.71875, 222422.5625, 226012.84375, 970716.8125, 59856.4296875, 1021411.875, 304339.625, 105410.851562, 5220.796875, 35466.84375, 1494.34692383, 4.95073890686, 0.0148393791169],
        "max": [0.00253239460289, 0.0203693136573, 0.0687156915665, 0.119225136936, 0.133405014873, 0.223103776574, 0.877703011036, 2.11804699898, 1.21696507931, 1.23269665241, 3.40758156776, 4.25197315216, 6.78526163101, 3.80600094795, 3.83374142647, 6.1903386116, 9.16708183289, 26.0768890381, 24.3628425598, 18.0861644745, 20.9165477753, 31.4165611267, 23.7792205811, 52.7420845032, 46.2806816101, 47.0025787354, 152.84413147, 1046.43615723, 1735.21728516, 2059.78808594, 5448.39990234, 1099.53125, 4439.82910156, 2563.23120117, 1210.80761719, 217.626846313, 600.874206543, 159.950271606, 7.83818101883, 0.36090156436],
        "mean": [2.82295677607e-05, 0.000176448578713, 0.000631153699942, 0.00151620572433, 0.00246422179043, 0.00351538718678, 0.00827614497393, 0.015206980519, 0.0145049225539, 0.021069355309, 0.0409821271896, 0.0574917979538, 0.0822786837816, 0.0734737217426, 0.0781318247318, 0.0950913280249, 0.16084267199, 0.246113419533, 0.25263389945, 0.299935013056, 0.408917069435, 0.609282135963, 0.720820784569, 1.38012003899, 1.36579012871, 2.11630702019, 6.91290426254, 93.6864318848, 144.447952271, 115.330184937, 257.422454834, 58.3464660645, 257.948272705, 130.027755737, 78.8057022095, 13.7564020157, 37.3579063416, 6.94600057602, 0.35410746932, 0.0216347519308],
        "median": [2.10577880466e-07, 3.68396513295e-07, 4.19300249632e-06, 5.20888670508e-06, 3.24024267684e-06, 6.06438470641e-06, 1.00003326224e-05, 2.00361027964e-05, 3.25747860188e-05, 6.27544941381e-05, 9.27884902922e-05, 0.00020696631691, 0.000406944076531, 0.00082197599113, 0.00137742701918, 0.00249930424616, 0.00493308342993, 0.00740022724494, 0.0118305198848, 0.0237028803676, 0.0401206538081, 0.0628398954868, 0.101684480906, 0.1898855865, 0.253176450729, 0.416388630867, 1.49274539948, 20.9194526672, 26.1877975464, 22.4314899445, 49.8018836975, 12.886713028, 47.7903404236, 18.0381317139, 12.1835002899, 1.62313318253, 4.41513347626, 0.816342830658, 0.0407875105739, 0.00277533754706],
        "min": [3.72967150497e-08, 6.33420640384e-08, 2.23305903546e-07, 9.65738195191e-07, 2.31546209761e-07, 4.41937203277e-07, 9.84638745649e-07, 1.7152451619e-06, 2.4269968435e-06, 3.93308800994e-06, 4.21752974944e-06, 1.43685501826e-05, 1.78135105671e-05, 2.27646378335e-05, 7.15769710951e-05, 0.000101449433714, 0.000201824499527, 0.000467239267891, 0.00049759139074, 0.00128502259031, 0.000965804443695, 0.00312207546085, 0.00463588396087, 0.00815869215876, 0.010753386654, 0.0176828913391, 0.0640576779842, 0.535920143127, 1.06811702251, 1.02274143696, 1.94137704372, 0.33898422122, 0.865477979183, 0.30342617631, 0.139026463032, 0.0125352088362, 0.019592108205, 0.00272571621463, 0.000101492689282, 6.33066065348e-06],
        "stdev": [0.000175585912075, 0.00129997124895, 0.00466144969687, 0.00988764408976, 0.0138062816113, 0.0190837513655, 0.0616405941546, 0.126773044467, 0.0903002172709, 0.114462710917, 0.243928030133, 0.332580655813, 0.498580813408, 0.398189306259, 0.392687618732, 0.497471183538, 0.812052369118, 1.65907049179, 1.60593342781, 1.54969012737, 1.85769283772, 2.64362502098, 2.41360497475, 4.95029735565, 4.38901233673, 5.21908330917, 14.7776432037, 166.44090271, 265.874908447, 241.082397461, 513.651123047, 126.608200073, 548.668579102, 284.50994873, 162.926544189, 34.8129768372, 92.03540802, 18.1157093048, 1.01595461369, 0.056825466454],
        "var": [3.08304137775e-08, 1.68992528415e-06, 2.17291126319e-05, 9.77654999588e-05, 0.000190613412997, 0.000364189530956, 0.00379956280813, 0.0160714033991, 0.00815412960947, 0.0131017128006, 0.0595008842647, 0.110609896481, 0.248582839966, 0.158554717898, 0.154203563929, 0.247477591038, 0.659429073334, 2.75251483917, 2.57902216911, 2.40153956413, 3.45102262497, 6.98875284195, 5.82548856735, 24.505443573, 19.2634277344, 27.2388286591, 218.378738403, 27702.5722656, 70689.4609375, 58120.71875, 263837.5, 16029.6367188, 301037.1875, 80945.90625, 26545.0566406, 1211.94348145, 8470.51660156, 328.178924561, 1.0321637392, 0.00322913378477]
    },
    "gfcc": {
        "mean": [-232.420700073, -270.800415039, -78.223777771, 37.5907402039, -71.6649475098, 37.4923667908, -28.4898319244, 2.44334387779, -12.7449970245, 6.24135303497, -23.864156723, 11.0660848618, -14.0740308762],
        "cov": [[11334.0195312, -222.930297852, 558.855285645, -1473.1418457, -183.527893066, -466.416687012, -43.9822273254, 40.6421508789, -112.687240601, -17.0830211639, -7.02635097504, 23.2447662354, 76.7770309448], [-222.930297852, 1516.56738281, 197.790603638, 125.479064941, -52.3994865417, -53.917049408, -118.993522644, -17.4744796753, -6.13710308075, -33.9940681458, 18.9161300659, -26.8321990967, -57.8435249329], [558.855285645, 197.790603638, 174.707260132, -71.3650741577, 4.4994392395, -45.094783783, -16.3817481995, -18.221031189, -13.714266777, -10.4576320648, -2.04569458961, -1.22144925594, -4.91075277328], [-1473.1418457, 125.479064941, -71.3650741577, 299.025848389, 24.8521289825, 82.7647399902, -9.062541008, -11.4297800064, 16.9992809296, -3.33771586418, 9.88551998138, -0.265182584524, -20.6074829102], [-183.527893066, -52.3994865417, 4.4994392395, 24.8521289825, 58.766544342, 15.1622009277, 15.7786903381, 0.67360585928, -1.33409643173, -4.02909946442, -3.33407664299, -3.60039830208, -2.62477946281], [-466.416687012, -53.917049408, -45.094783783, 82.7647399902, 15.1622009277, 76.3723144531, 21.849527359, -0.945949792862, 5.28432512283, -1.35395169258, -6.37115573883, 0.265661269426, -2.90969324112], [-43.9822273254, -118.993522644, -16.3817481995, -9.062541008, 15.7786903381, 21.849527359, 44.362121582, 14.4601306915, 0.537243783474, 4.01415586472, -11.7398815155, -1.08820915222, 4.78007411957], [40.6421508789, -17.4744796753, -18.221031189, -11.4297800064, 0.67360585928, -0.945949792862, 14.4601306915, 33.6354408264, 9.39948177338, -0.76987195015, -1.34257018566, -2.83236527443, -0.887061536312], [-112.687240601, -6.13710308075, -13.714266777, 16.9992809296, -1.33409643173, 5.28432512283, 0.537243783474, 9.39948177338, 25.7898445129, 7.89969205856, 4.64648199081, 0.879956007004, -6.27579975128], [-17.0830211639, -33.9940681458, -10.4576320648, -3.33771586418, -4.02909946442, -1.35395169258, 4.01415586472, -0.76987195015, 7.89969205856, 23.7143325806, 6.01510810852, -0.373732954264, -0.702803254128], [-7.02635097504, 18.9161300659, -2.04569458961, 9.88551998138, -3.33407664299, -6.37115573883, -11.7398815155, -1.34257018566, 4.64648199081, 6.01510810852, 31.4946308136, 8.94564247131, -7.10299348831], [23.2447662354, -26.8321990967, -1.22144925594, -0.265182584524, -3.60039830208, 0.265661269426, -1.08820915222, -2.83236527443, 0.879956007004, -0.373732954264, 8.94564247131, 21.491481781, 7.95638418198], [76.7770309448, -57.8435249329, -4.91075277328, -20.6074829102, -2.62477946281, -2.90969324112, 4.78007411957, -0.887061536312, -6.27579975128, -0.702803254128, -7.10299348831, 7.95638418198, 27.3004398346]],
        "icov": [[0.000284437293885, 4.55365770904e-05, -0.000440724514192, 0.00128059054259, 0.000318126956699, -0.000136402974022, 0.000538117834367, -0.000518801971339, 0.000469912774861, 8.06985190138e-05, -0.000158541995916, -0.000287438480882, 0.000241516841925], [4.55365770904e-05, 0.00126299087424, -0.00174710771535, -0.000753682630602, 0.00117368111387, -0.000110565051727, 0.00284964963794, -0.00199562148191, 0.000956815492827, 0.000270619115327, 0.000292603945127, 0.000879740226083, 0.00124868017156], [-0.000440724514192, -0.00174710771535, 0.0112488353625, 0.0007403937052, -0.00389618310146, 0.00448305578902, -0.00467105396092, 0.00866516772658, -0.00169819244184, 0.00320022273809, 0.00118183623999, -0.00192243710626, 0.00188240932766], [0.00128059054259, -0.000753682630602, 0.0007403937052, 0.012768112123, -0.00173730566166, -0.00722455652431, 0.00527046388015, 0.000414678070229, -0.000748264603317, 0.00110771099571, -0.00170303334016, -0.00228677899577, 0.00280628027394], [0.000318126956699, 0.00117368111387, -0.00389618310146, -0.00173730566166, 0.0229197572917, -4.14429523516e-05, -0.00824471190572, 0.000942001643125, 0.000585902307648, 0.00610115099698, -0.00359517522156, 0.00564699666575, 0.000963857281022], [-0.000136402974022, -0.000110565051727, 0.00448305578902, -0.00722455652431, -4.14429523516e-05, 0.028569733724, -0.017703063786, 0.00994460750371, -0.00448139477521, 0.00656377896667, 0.00243852450512, -0.00126898195595, 0.0021092062816], [0.000538117834367, 0.00284964963794, -0.00467105396092, 0.00527046388015, -0.00824471190572, -0.017703063786, 0.0562915913761, -0.0285216905177, 0.0132758524269, -0.0183328632265, 0.0164449643344, -0.00828938093036, 0.00347452098504], [-0.000518801971339, -0.00199562148191, 0.00866516772658, 0.000414678070229, 0.000942001643125, 0.00994460750371, -0.0285216905177, 0.0545570924878, -0.0250499024987, 0.0184683632106, -0.00823871325701, 0.010396476835, -0.00343696214259], [0.000469912774861, 0.000956815492827, -0.00169819244184, -0.000748264603317, 0.000585902307648, -0.00448139477521, 0.0132758524269, -0.0250499024987, 0.0607273839414, -0.0236178990453, 0.00498419161886, -0.0122307324782, 0.0144889634103], [8.06985190138e-05, 0.000270619115327, 0.00320022273809, 0.00110771099571, 0.00610115099698, 0.00656377896667, -0.0183328632265, 0.0184683632106, -0.0236178990453, 0.0618427023292, -0.0182349458337, 0.0147569710389, -0.00602790992707], [-0.000158541995916, 0.000292603945127, 0.00118183623999, -0.00170303334016, -0.00359517522156, 0.00243852450512, 0.0164449643344, -0.00823871325701, 0.00498419161886, -0.0182349458337, 0.0542479306459, -0.0310278385878, 0.020593252033], [-0.000287438480882, 0.000879740226083, -0.00192243710626, -0.00228677899577, 0.00564699666575, -0.00126898195595, -0.00828938093036, 0.010396476835, -0.0122307324782, 0.0147569710389, -0.0310278385878, 0.0742509290576, -0.0293467547745], [0.000241516841925, 0.00124868017156, 0.00188240932766, 0.00280628027394, 0.000963857281022, 0.0021092062816, 0.00347452098504, -0.00343696214259, 0.0144889634103, -0.00602790992707, 0.020593252033, -0.0293467547745, 0.0577364526689]]
    },
    "melbands": {
        "dmean": [5.01011300003e-07, 5.89205740198e-07, 5.5971366919e-07, 3.97032749788e-07, 5.08917082698e-07, 6.48863760944e-07, 4.00958754199e-07, 4.74827771768e-07, 6.46999467335e-07, 7.17032150988e-07, 7.70790336446e-07, 5.60007549666e-07, 4.34845532027e-07, 4.76646704328e-07, 5.36482787084e-07, 6.27844030987e-07, 9.11777704005e-07, 7.72540715843e-07, 6.78092476392e-07, 6.60127284391e-07, 8.99112535535e-07, 1.09250026981e-06, 9.91810793494e-07, 1.02617457287e-06, 1.76444973476e-06, 1.53250800849e-06, 1.48532797084e-06, 2.11267206396e-06, 3.37108076565e-06, 8.79924300534e-06, 0.000108120686491, 0.00012119627354, 6.76370182191e-05, 0.000103803344246, 0.000273639219813, 2.91492015094e-05, 3.59543701052e-05, 0.00030717626214, 9.77475210675e-05, 0.000205819189432],
        "dmean2": [9.8725774933e-07, 1.16698606689e-06, 1.10632515771e-06, 7.7507070273e-07, 9.98611540126e-07, 1.2726757177e-06, 7.74332193032e-07, 9.35613343245e-07, 1.25912583826e-06, 1.3999137991e-06, 1.49536640492e-06, 1.0937803836e-06, 8.19816818876e-07, 9.24916889744e-07, 1.03928584849e-06, 1.20297204376e-06, 1.78588084054e-06, 1.50445430336e-06, 1.30020600864e-06, 1.25446763377e-06, 1.73155149241e-06, 2.080414788e-06, 1.84818509297e-06, 1.83205054327e-06, 3.19549076266e-06, 2.87252100861e-06, 2.74079229712e-06, 3.85321254726e-06, 6.07802849117e-06, 1.56885980687e-05, 0.000190506892977, 0.000207090619369, 0.000114138550998, 0.000183111871593, 0.000475596170872, 5.03206902067e-05, 6.30008216831e-05, 0.000527420488652, 0.000168144528288, 0.000365075888112],
        "dvar": [5.2802302461e-12, 9.61250783832e-12, 6.24022881979e-12, 2.20107027223e-12, 6.89091665673e-12, 1.53143591558e-11, 3.04935503931e-12, 3.77807334029e-12, 7.95352499139e-12, 8.86641541437e-12, 1.19713180341e-11, 4.97718489686e-12, 2.53588014303e-12, 4.34834286633e-12, 4.28654767931e-12, 5.84759757977e-12, 2.44202019717e-11, 1.69451414705e-11, 8.60843427791e-12, 5.13587956885e-12, 1.1744647789e-11, 1.60325260012e-11, 1.13919507508e-11, 7.61913275527e-12, 3.36685818114e-11, 2.08007881752e-11, 1.45936561446e-11, 2.18350164338e-11, 8.01535990358e-11, 2.56690918521e-10, 2.70535771563e-08, 3.23300035632e-08, 1.28252715115e-08, 4.49693438043e-08, 2.42057950572e-07, 3.16880766071e-09, 6.24850482467e-09, 3.01117751178e-07, 3.32544658477e-08, 1.38418428719e-07],
        "dvar2": [1.55868616625e-11, 2.85121527083e-11, 1.83830554945e-11, 6.3858722997e-12, 2.04097398704e-11, 4.55157751766e-11, 8.83662500811e-12, 1.09710244361e-11, 2.33557635038e-11, 2.59398405533e-11, 3.49532312816e-11, 1.44904210159e-11, 7.00388184949e-12, 1.2791856116e-11, 1.25400349826e-11, 1.68825838726e-11, 7.25895107911e-11, 5.03052911827e-11, 2.53331331607e-11, 1.49988719361e-11, 3.45004198821e-11, 4.6668953424e-11, 3.30110348779e-11, 2.1363293079e-11, 9.69912899995e-11, 6.02803224004e-11, 4.20602962181e-11, 6.19950341063e-11, 2.29212898661e-10, 6.99408364557e-10, 6.90305128614e-08, 8.26660695452e-08, 3.39725581e-08, 1.24234034615e-07, 6.49121716378e-07, 8.71934791036e-09, 1.7497587379e-08, 7.86815689935e-07, 8.90204461257e-08, 3.70285647477e-07],
        "max": [2.43376307481e-05, 3.31523551722e-05, 2.06262066058e-05, 9.43769009609e-06, 2.54371680057e-05, 4.66629244329e-05, 1.61273801496e-05, 1.50927298819e-05, 2.81049487967e-05, 2.73392615782e-05, 3.51035596395e-05, 1.69756385731e-05, 1.23671152323e-05, 2.03434610739e-05, 1.99447658815e-05, 1.92859642993e-05, 5.75168596697e-05, 4.67077006761e-05, 2.35661045735e-05, 1.70597013494e-05, 2.86922313535e-05, 3.63817889593e-05, 3.10940740746e-05, 2.44320835918e-05, 4.94696905662e-05, 3.26052904711e-05, 2.97360420518e-05, 3.05351713905e-05, 8.99121660041e-05, 0.000111442226626, 0.000922154576983, 0.00109731045086, 0.000783631112427, 0.00158326257952, 0.00442486116663, 0.000484603951918, 0.00058156385785, 0.0040569473058, 0.001601536409, 0.0029670454096],
        "mean": [2.61173482841e-07, 3.02956010501e-07, 2.88459204967e-07, 2.08752354069e-07, 2.65039147962e-07, 3.382312741e-07, 2.16447489265e-07, 2.5749852739e-07, 3.42346396565e-07, 3.78102726017e-07, 4.10800481632e-07, 2.95655723903e-07, 2.46629099365e-07, 2.59223583043e-07, 2.91913096362e-07, 3.50103391611e-07, 4.84943257106e-07, 4.2158734459e-07, 3.83305064133e-07, 3.87296068993e-07, 5.12220992732e-07, 6.36213201233e-07, 6.19847696726e-07, 7.26861344447e-07, 1.17791341836e-06, 9.63746629168e-07, 9.79658921096e-07, 1.44083514897e-06, 2.36563391809e-06, 6.16919942331e-06, 8.14104932942e-05, 9.04659391381e-05, 4.95488238812e-05, 7.323367754e-05, 0.000212737213587, 2.27696637012e-05, 2.49913464359e-05, 0.000227735727094, 6.97234281688e-05, 0.000137708717375],
        "median": [3.33574901035e-09, 1.58594115618e-09, 9.08086050799e-10, 3.06432212938e-10, 3.49667073074e-10, 4.3970177499e-10, 5.31343635757e-10, 7.2261241435e-10, 8.07494016097e-10, 1.37634859065e-09, 2.0768640141e-09, 3.14144354974e-09, 4.05414279925e-09, 5.59769786079e-09, 8.15798006926e-09, 1.09275539728e-08, 1.33680622127e-08, 1.70698566393e-08, 2.03511199004e-08, 4.11696987612e-08, 4.69279441973e-08, 5.52268772935e-08, 7.41209618127e-08, 1.24712769889e-07, 1.55746960218e-07, 1.59613080086e-07, 1.90011434142e-07, 2.81663716351e-07, 4.93543211633e-07, 1.24576581584e-06, 1.89462662092e-05, 1.79430662683e-05, 8.97644713405e-06, 1.27546963995e-05, 4.09632266383e-05, 5.197441169e-06, 4.26175483881e-06, 4.23042438342e-05, 1.02389785752e-05, 1.83745578397e-05],
        "min": [6.54259035837e-10, 1.08846556768e-10, 1.45747608427e-10, 2.02863888882e-11, 3.08364306312e-11, 3.64441046785e-11, 3.98033897508e-11, 4.13102642371e-11, 3.50280672523e-11, 7.70842764619e-11, 7.81215578338e-11, 7.74235606182e-11, 2.19104359656e-10, 2.00880201362e-10, 3.50354995016e-10, 5.28811439082e-10, 7.39714178799e-10, 6.46917630576e-10, 1.17596610227e-09, 1.98367122728e-09, 8.14847578301e-10, 2.81673173674e-09, 3.72499275869e-09, 5.18945508787e-09, 6.163884958e-09, 6.20027496012e-09, 9.09817643446e-09, 9.69449232002e-09, 1.60815663008e-08, 5.00254344615e-08, 4.32421586538e-07, 6.84566487053e-07, 2.65401155275e-07, 4.7335936415e-07, 1.32947275233e-06, 1.83614659477e-07, 1.03213693592e-07, 7.70753217694e-07, 2.16365833694e-07, 2.50684792036e-07],
        "stdev": [1.65291714893e-06, 2.21842765313e-06, 1.80014114903e-06, 1.0897381344e-06, 1.88356409581e-06, 2.79941968984e-06, 1.290262162e-06, 1.42478086218e-06, 2.04501770895e-06, 2.1674927666e-06, 2.53097255154e-06, 1.63349614013e-06, 1.24927703382e-06, 1.5088952523e-06, 1.50754340211e-06, 1.79488426966e-06, 3.53172436007e-06, 2.94863889394e-06, 2.12838745028e-06, 1.66071231433e-06, 2.48780952461e-06, 2.94976848636e-06, 2.51715437116e-06, 2.1840678528e-06, 4.40648454969e-06, 3.39728057952e-06, 2.87800889964e-06, 3.631342679e-06, 6.91778814144e-06, 1.31075121317e-05, 0.000145230995258, 0.000162624535733, 9.83263817034e-05, 0.00017298370949, 0.000423306628363, 4.68612706754e-05, 6.35006581433e-05, 0.000482854433358, 0.000156160007464, 0.000310166476993],
