{
"lowlevel": {
    "average_loudness": 0.890640437603,
    "barkbands_crest": {
        "dmean": 3.29727673531,
        "dmean2": 5.3206987381,
        "dvar": 7.11348581314,
        "dvar2": 17.660654068,
        "max": 25.2833309174,
        "mean": 10.5558681488,
        "median": 9.6677570343,
        "min": 3.11822414398,
        "stdev": 4.57816410065,
        "var": 20.9595870972
    },
    "barkbands_flatness_db": {
        "dmean": 0.0280939210206,
        "dmean2": 0.0429326593876,
        "dvar": 0.000524317671079,
        "dvar2": 0.00117752118967,
        "max": 0.413710266352,
        "mean": 0.194329202175,
        "median": 0.195099055767,
        "min": 0.020081717521,
        "stdev": 0.055136859417,
        "var": 0.00304007343948
    },
    "barkbands_kurtosis": {
        "dmean": 2.49209499359,
        "dmean2": 4.1552567482,
        "dvar": 13.9846363068,
        "dvar2": 33.6397590637,
        "max": 53.4129943848,
        "mean": 2.93135476112,
        "median": 1.6557199955,
        "min": -1.68116080761,
        "stdev": 4.60007619858,
        "var": 21.1606998444
    },
    "barkbands_skewness": {
        "dmean": 0.596775174141,
        "dmean2": 0.981821656227,
        "dvar": 0.324297785759,
        "dvar2": 0.766954541206,
        "max": 6.43640613556,
        "mean": 1.11320161819,
        "median": 0.996130526066,
        "min": -1.25757062435,
        "stdev": 0.895813763142,
        "var": 0.802482306957
    },
    "barkbands_spread": {
        "dmean": 3.08009552956,
        "dmean2": 4.79695749283,
        "dvar": 18.6339893341,
        "dvar2": 44.5032615662,
        "max": 104.355560303,
        "mean": 10.4900341034,
        "median": 8.05505752563,
        "min": 1.76010632515,
        "stdev": 11.1706819534,
        "var": 124.784141541
    },
    "dissonance": {
        "dmean": 0.0255542099476,
        "dmean2": 0.0439147613943,
        "dvar": 0.000741369556636,
        "dvar2": 0.00212000240572,
        "max": 0.499892085791,
        "mean": 0.465405285358,
        "median": 0.478628158569,
        "min": 0.220589146018,
        "stdev": 0.0405586175621,
        "var": 0.0016450015828
    },
    "dynamic_complexity": 6.72574615479,
    "erbbands_crest": {
        "dmean": 3.59356284142,
        "dmean2": 5.89939260483,
        "dvar": 9.35306167603,
        "dvar2": 22.1355075836,
        "max": 30.4811344147,
        "mean": 11.5393199921,
        "median": 10.3853387833,
        "min": 3.67594957352,
        "stdev": 4.87585783005,
        "var": 23.7739906311
    },
    "erbbands_flatness_db": {
        "dmean": 0.0264618061483,
        "dmean2": 0.0405693054199,
        "dvar": 0.000485801283503,
        "dvar2": 0.00105684448499,
        "max": 0.466046392918,
        "mean": 0.270980656147,
        "median": 0.276726841927,
        "min": 0.0793239548802,
        "stdev": 0.0558164715767,
        "var": 0.00311547867022
    },
    "erbbands_kurtosis": {
        "dmean": 1.80831432343,
        "dmean2": 2.93765735626,
        "dvar": 4.64627027512,
        "dvar2": 11.9413261414,
        "max": 26.6524295807,
        "mean": 2.0341155529,
        "median": 1.17174291611,
        "min": -1.70210826397,
        "stdev": 2.92972111702,
        "var": 8.58326625824
    },
    "erbbands_skewness": {
        "dmean": 0.501193106174,
        "dmean2": 0.785128116608,
        "dvar": 0.200608313084,
        "dvar2": 0.499656736851,
        "max": 4.61635351181,
        "mean": 0.84219712019,
        "median": 0.776364862919,
        "min": -2.6480050087,
        "stdev": 0.796484708786,
        "var": 0.634387910366
    },
    "erbbands_spread": {
        "dmean": 4.16641187668,
        "dmean2": 6.50313186646,
        "dvar": 18.8001823425,
        "dvar2": 39.7296485901,
        "max": 80.485206604,
        "mean": 15.000875473,
        "median": 13.1219511032,
        "min": 2.89108657837,
        "stdev": 8.33928108215,
        "var": 69.5436096191
    },
    "hfc": {
        "dmean": 7.30498743057,
        "dmean2": 11.2994661331,
        "dvar": 111.600227356,
        "dvar2": 270.282073975,
        "max": 120.965576172,
        "mean": 18.6240463257,
        "median": 12.9373512268,
        "min": 1.53106448124e-05,
        "stdev": 20.5590744019,
        "var": 422.675537109
    },
    "loudness_ebu128": {
        "integrated": -21.7190265656,
        "loudness_range": 3.61624908447,
        "momentary": {
            "dmean": 1.14714252949,
            "dmean2": 1.05779898167,
            "dvar": 1.49321091175,
            "dvar2": 0.677563548088,
            "max": -16.0140094757,
            "mean": -26.1560955048,
            "median": -22.5493125916,
            "min": -73.4685516357,
            "stdev": 10.1830768585,
            "var": 103.69506073
        },
        "short_term": {
            "dmean": 0.17914776504,
            "dmean2": 0.128290936351,
            "dvar": 0.0403630845249,
            "dvar2": 0.0156011730433,
            "max": -20.4591007233,
            "mean": -22.3083229065,
            "median": -21.7292881012,
            "min": -29.4097099304,
            "stdev": 1.93235301971,
            "var": 3.73398804665
        }
    },
    "melbands_crest": {
        "dmean": 3.92279624939,
        "dmean2": 6.4720788002,
        "dvar": 11.4141836166,
        "dvar2": 28.7998085022,
        "max": 32.32371521,
        "mean": 12.6029453278,
        "median": 11.5629081726,
        "min": 3.58900952339,
        "stdev": 5.30243587494,
        "var": 28.1158275604
    },
    "melbands_flatness_db": {
        "dmean": 0.0311013329774,
        "dmean2": 0.0480166487396,
        "dvar": 0.000665471830871,
        "dvar2": 0.0014660366578,
        "max": 0.424198418856,
        "mean": 0.201585456729,
        "median": 0.201142445207,
        "min": 0.0280653610826,
        "stdev": 0.059048704803,
        "var": 0.0034867497161
    },
    "melbands_kurtosis": {
        "dmean": 3.82915973663,
        "dmean2": 6.4863319397,
        "dvar": 39.6447105408,
        "dvar2": 91.1765441895,
        "max": 87.3827667236,
        "mean": 5.04128789902,
        "median": 2.96131467819,
        "min": -1.55320346355,
        "stdev": 7.46101474762,
        "var": 55.6667442322
    },
    "melbands_skewness": {
        "dmean": 0.687847614288,
        "dmean2": 1.13665401936,
        "dvar": 0.433604985476,
        "dvar2": 1.05527460575,
        "max": 7.76240158081,
        "mean": 1.37091362476,
        "median": 1.1716684103,
        "min": -0.991791605949,
        "stdev": 1.0024009943,
        "var": 1.00480771065
    },
    "melbands_spread": {
        "dmean": 5.00006866455,
        "dmean2": 7.76110935211,
        "dvar": 34.6081123352,
        "dvar2": 56.0109405518,
        "max": 178.040542603,
        "mean": 17.02186203,
        "median": 13.6595859528,
        "min": 1.99220967293,
        "stdev": 18.3017234802,
        "var": 334.953063965
    },
    "pitch_salience": {
        "dmean": 0.0834972634912,
        "dmean2": 0.134871169925,
        "dvar": 0.00537243345752,
        "dvar2": 0.0132620912045,
        "max": 0.864864826202,
        "mean": 0.619922399521,
        "median": 0.637980818748,
        "min": 0.1594799757,
        "stdev": 0.123529270291,
        "var": 0.0152594801039
    },
    "silence_rate_20dB": {
        "dmean": 0,
        "dmean2": 0,
        "dvar": 0,
        "dvar2": 0,
        "max": 1,
        "mean": 1,
        "median": 1,
        "min": 1,
        "stdev": 0,
        "var": 0
    },
    "silence_rate_30dB": {
        "dmean": 0.00656814454123,
        "dmean2": 0.0131578948349,
        "dvar": 0.00652501173317,
        "dvar2": 0.0162743479013,
        "max": 1,
        "mean": 0.995081961155,
        "median": 1,
        "min": 0,
        "stdev": 0.0699558407068,
        "var": 0.00489381980151
    },
    "silence_rate_60dB": {
        "dmean": 0.0492610819638,
        "dmean2": 0.0986842140555,
        "dvar": 0.0468342192471,
        "dvar2": 0.111971765757,
        "max": 1,
        "mean": 0.240983605385,
        "median": 0,
        "min": 0,
        "stdev": 0.427681058645,
        "var": 0.182911083102
    },
    "spectral_centroid": {
        "dmean": 244.07119751,
        "dmean2": 371.484771729,
        "dvar": 45520.4960938,
        "dvar2": 95924.6484375,
        "max": 4244.42333984,
        "mean": 1456.82324219,
        "median": 1398.04614258,
        "min": 413.453094482,
        "stdev": 522.658081055,
        "var": 273171.5
    },
    "spectral_complexity": {
        "dmean": 3.98686361313,
        "dmean2": 5.58552646637,
        "dvar": 14.4070739746,
        "dvar2": 29.0683116913,
        "max": 41,
        "mean": 15.6901636124,
        "median": 16,
        "min": 0,
        "stdev": 9.66914558411,
        "var": 93.4923706055
    },
    "spectral_decrease": {
        "dmean": 1.61569180257e-09,
        "dmean2": 2.65035238201e-09,
        "dvar": 9.15579584819e-18,
        "dvar2": 2.42213554586e-17,
        "max": -1.02430370822e-16,
        "mean": -3.86858811652e-09,
        "median": -2.47453257884e-09,
        "min": -3.97153883114e-08,
        "stdev": 4.63368277082e-09,
        "var": 2.14710163178e-17
    },
    "spectral_energy": {
        "dmean": 0.00671425648034,
        "dmean2": 0.0109717007726,
        "dvar": 0.000151461616042,
        "dvar2": 0.000398097065045,
        "max": 0.160686925054,
        "mean": 0.0162901729345,
        "median": 0.0106278974563,
        "min": 1.77531722656e-09,
        "stdev": 0.0192767158151,
        "var": 0.000371591740986
    },
    "spectral_energyband_high": {
        "dmean": 0.000116058021376,
        "dmean2": 0.000192412087927,
        "dvar": 5.6677606608e-08,
        "dvar2": 1.42595879993e-07,
        "max": 0.00296221440658,
        "mean": 0.000161218369612,
        "median": 8.24547896627e-05,
        "min": 9.69053837174e-10,
        "stdev": 0.000244579045102,
        "var": 5.98189160428e-08
    },
    "spectral_energyband_low": {
        "dmean": 4.52677767271e-07,
        "dmean2": 7.60783564147e-07,
        "dvar": 5.81633374276e-13,
        "dvar2": 1.54817803542e-12,
        "max": 9.31493650569e-06,
        "mean": 5.6942133142e-07,
        "median": 3.09339014848e-07,
        "min": 1.41022873934e-10,
        "stdev": 8.05607101029e-07,
        "var": 6.49002824139e-13
    },
    "spectral_energyband_middle_high": {
        "dmean": 0.00394737580791,
        "dmean2": 0.00601237686351,
        "dvar": 3.40624319506e-05,
        "dvar2": 7.48694073991e-05,
        "max": 0.0891646668315,
        "mean": 0.00919512566179,
        "median": 0.00599997863173,
        "min": 3.16927512012e-10,
        "stdev": 0.0117106502876,
        "var": 0.000137139330036
    },
    "spectral_energyband_middle_low": {
        "dmean": 0.00438865087926,
        "dmean2": 0.00751071469858,
        "dvar": 0.000119108146464,
        "dvar2": 0.000335661781719,
        "max": 0.145902946591,
        "mean": 0.00717457244173,
        "median": 0.00303205265664,
        "min": 5.84802553605e-11,
        "stdev": 0.0122726904228,
        "var": 0.000150618929183
    },
    "spectral_entropy": {
        "dmean": 0.20788282156,
        "dmean2": 0.315432071686,
        "dvar": 0.0337092727423,
        "dvar2": 0.0726321861148,
        "max": 8.73680877686,
        "mean": 7.43122577667,
        "median": 7.4590177536,
        "min": 5.26819419861,
        "stdev": 0.426911026239,
        "var": 0.182253032923
    },
    "spectral_flux": {
        "dmean": 0.0178691409528,
        "dmean2": 0.0289254840463,
        "dvar": 0.000520882604178,
        "dvar2": 0.00140092533547,
        "max": 0.306112498045,
        "mean": 0.0712002366781,
        "median": 0.0707841366529,
        "min": 4.90140992042e-05,
        "stdev": 0.0454332530499,
        "var": 0.00206418056041
    },
    "spectral_kurtosis": {
        "dmean": 2.56725382805,
        "dmean2": 4.271900177,
        "dvar": 6.37967729568,
        "dvar2": 17.4139690399,
        "max": 27.3653678894,
        "mean": 8.14898109436,
        "median": 7.54729270935,
        "min": 1.25470352173,
        "stdev": 3.65128517151,
        "var": 13.3318834305
    },
    "spectral_rms": {
        "dmean": 0.000713746121619,
        "dmean2": 0.00110763357952,
        "dvar": 7.12867233688e-07,
        "dvar2": 1.7268839656e-06,
        "max": 0.0125206923112,
        "mean": 0.00333236320876,
        "median": 0.0032200217247,
        "min": 1.31606111609e-06,
        "stdev": 0.00218819733709,
        "var": 4.78820720673e-06
    },
    "spectral_rolloff": {
        "dmean": 395.658996582,
        "dmean2": 634.343994141,
        "dvar": 480722.03125,
        "dvar2": 763194.1875,
        "max": 18238.6230469,
        "mean": 1792.48010254,
        "median": 1485.79101562,
        "min": 452.197265625,
        "stdev": 1412.63208008,
        "var": 1995529.25
    },
    "spectral_skewness": {
        "dmean": 0.280182003975,
        "dmean2": 0.43900424242,
        "dvar": 0.0604037456214,
        "dvar2": 0.157916516066,
        "max": 4.29713010788,
        "mean": 2.06963181496,
        "median": 2.04357242584,
        "min": 0.745164990425,
        "stdev": 0.452096194029,
        "var": 0.204390972853
    },
    "spectral_spread": {
        "dmean": 498245.78125,
        "dmean2": 762383.3125,
        "dvar": 254918426624,
        "dvar2": 551563034624,
        "max": 10308145,
        "mean": 3253933.75,
        "median": 3010259,
        "min": 1541598.5,
        "stdev": 969198.6875,
        "var": 939346100224
    },
    "spectral_strongpeak": {
        "dmean": 0.832639932632,
        "dmean2": 1.35294687748,
        "dvar": 1.15850234032,
        "dvar2": 2.69981646538,
        "max": 14.340839386,
        "mean": 1.76141822338,
        "median": 1.24666535854,
        "min": 0,
        "stdev": 1.96958565712,
        "var": 3.87926769257
    },
    "zerocrossingrate": {
        "dmean": 0.00821499153972,
        "dmean2": 0.00995756406337,
        "dvar": 9.44427665672e-05,
        "dvar2": 0.000116362018161,
        "max": 0.27734375,
        "mean": 0.0651447251439,
        "median": 0.060791015625,
        "min": 0.0234375,
        "stdev": 0.0274510867894,
        "var": 0.000753562198952
    },
    "barkbands": {
        "dmean": [2.9866022544e-08, 7.78143345315e-08, 1.65531446328e-07, 1.20807408166e-06, 4.19085263275e-05, 9.8891556263e-05, 0.000106324027001, 0.00060222990578, 0.00391338346526, 0.00153065752238, 0.000888063397724, 0.000807595613878, 0.00161977065727, 0.000656905409414, 0.000338357989676, 0.000346100510797, 0.00022551008442, 0.000182567324373, 0.000149996500113, 4.28349521826e-05, 2.59856915363e-05, 2.52799018199e-05, 2.78771549347e-05, 1.41603577504e-05, 7.15924170436e-06, 4.61402123619e-06, 1.40922031733e-06],
        "dmean2": [4.88147122724e-08, 1.36676874263e-07, 2.80306352352e-07, 1.99266378331e-06, 7.23263074178e-05, 0.000163950317074, 0.000182227653568, 0.00096738623688, 0.00661470927298, 0.00240140850656, 0.00143248471431, 0.00133420992643, 0.00248148292303, 0.00105977465864, 0.000556051207241, 0.000558386032935, 0.000372849899577, 0.000287465023575, 0.000245772505878, 6.98627554812e-05, 4.26113474532e-05, 4.23127312388e-05, 4.72950086987e-05, 2.340638639e-05, 1.20622671602e-05, 7.63785283198e-06, 2.3775196496e-06],
        "dvar": [1.05823832566e-14, 9.22462993036e-14, 9.99127945092e-14, 7.16237052306e-12, 7.11891612326e-09, 2.6108148532e-08, 5.11584303808e-08, 1.63826450716e-06, 0.000114780166768, 1.87824589375e-05, 3.32934700964e-06, 2.30783257393e-06, 1.02806934592e-05, 3.85090015698e-06, 4.8786091611e-07, 4.93615175401e-07, 1.83952110433e-07, 9.95394486836e-08, 1.62805648074e-07, 8.87813467187e-09, 5.24114218692e-09, 2.18528217744e-09, 4.55483295525e-09, 7.53559492583e-10, 2.6959207089e-10, 9.90956136593e-11, 8.88124122855e-12],
        "dvar2": [2.67500729683e-14, 2.64921006139e-13, 2.6318964369e-13, 1.81051285075e-11, 1.97025080695e-08, 6.75666811389e-08, 1.29862613107e-07, 4.57963460576e-06, 0.000321330415318, 4.719728895e-05, 8.01738588052e-06, 6.27675308351e-06, 2.08964975172e-05, 7.96884705778e-06, 1.27057307964e-06, 1.24744258301e-06, 4.96254529025e-07, 2.3101729596e-07, 4.3003706196e-07, 2.3978886432e-08, 1.40844171881e-08, 5.60730706312e-09, 1.19195648907e-08, 1.93831040107e-09, 7.09782899122e-10, 2.39338937558e-10, 2.3040791497e-11],
        "max": [2.20999550038e-06, 5.23952621734e-06, 3.81527206628e-06, 2.90038151434e-05, 0.00091595511185, 0.00243160780519, 0.00330472644418, 0.0138843180612, 0.142609938979, 0.067549161613, 0.0200411919504, 0.0199013333768, 0.0573533214629, 0.0458334833384, 0.0112006431445, 0.00612532487139, 0.00429762573913, 0.00295575545169, 0.00686721177772, 0.00134926021565, 0.0012344456045, 0.000409561296692, 0.000599278486334, 0.00028936236049, 0.000175134962774, 0.00013170944294, 3.29110844177e-05],
        "mean": [3.33738121583e-08, 7.93651295794e-08, 1.77415998337e-07, 1.27406337924e-06, 5.18628912687e-05, 0.000154139022925, 0.000141749362228, 0.000823563314043, 0.00542171299458, 0.002009968739, 0.00114839221351, 0.0010347715579, 0.00270726298913, 0.00100536341779, 0.000450333260233, 0.0003785485751, 0.000290302268695, 0.000272286328254, 0.000207394477911, 6.05068125878e-05, 3.40764017892e-05, 3.30411894538e-05, 3.13275850203e-05, 1.75397453859e-05, 8.08096956462e-06, 4.95386984767e-06, 1.40896418088e-06],
        "median": [1.64395483893e-08, 4.20624282071e-08, 7.76457937945e-08, 4.68993874847e-07, 2.19140274567e-05, 8.01173009677e-05, 7.87120879977e-05, 0.000184856078704, 0.00140183465555, 0.000541001732927, 0.000436968723079, 0.000433407723904, 0.000863992259838, 0.00032025470864, 0.00017375301104, 0.000115080445539, 0.000121184435557, 0.000105813596747, 6.00087296334e-05, 3.04488294205e-05, 1.61652860697e-05, 1.54841145559e-05, 1.4161875697e-05, 7.3259511737e-06, 2.78742572846e-06, 1.39538849453e-06, 3.87126959822e-07],
        "min": [9.50299561264e-11, 3.67569273629e-11, 1.26784017312e-11, 7.37436533279e-13, 6.9349200861e-12, 1.91237442548e-11, 5.15259189482e-12, 9.19098998298e-12, 1.05495855107e-11, 8.57580499669e-12, 5.02523370138e-12, 1.37892093577e-11, 2.92305069038e-11, 9.04169794591e-12, 5.61825690137e-11, 3.47493943342e-11, 3.93688415201e-11, 7.01458752195e-11, 2.53370917996e-11, 4.79401934816e-11, 6.04139446803e-11, 5.69540491158e-11, 8.99876700933e-11, 1.5428155975e-10, 1.21138904463e-10, 1.81531636945e-10, 3.02995850632e-10],
        "stdev": [1.03024419218e-07, 2.39300504745e-07, 3.12527703272e-07, 2.62070557255e-06, 0.000100252007542, 0.000244588998612, 0.000236320775002, 0.00163053302094, 0.0115535147488, 0.00561032677069, 0.00215244060382, 0.00165682192892, 0.00592488795519, 0.00304912379943, 0.000819828477688, 0.000723050034139, 0.000466785684694, 0.000401795899961, 0.000511080783326, 9.70587861957e-05, 6.82708778186e-05, 4.98833906022e-05, 6.26507462584e-05, 2.88252540486e-05, 1.60602921824e-05, 1.03491074697e-05, 2.926977686e-06],
        "var": [1.06140309486e-14, 5.72647262725e-14, 9.76735646573e-14, 6.86809723677e-12, 1.00504644607e-08, 5.98237761551e-08, 5.58475079515e-08, 2.65863809545e-06, 0.000133483699756, 3.14757671731e-05, 4.63300102638e-06, 2.74505896414e-06, 3.51042981492e-05, 9.29715588427e-06, 6.72118687817e-07, 5.22801371972e-07, 2.17888882048e-07, 1.61439942303e-07, 2.61203553009e-07, 9.42040756513e-09, 4.66091254481e-09, 2.48835263505e-09, 3.92511623204e-09, 8.30895241499e-10, 2.5793298053e-10, 1.07104033975e-10, 8.56719816617e-12]
    },
    "erbbands": {
        "dmean": [2.50569428317e-06, 1.88533722394e-05, 0.000144759469549, 0.00192428042646, 0.0320343226194, 0.192435890436, 0.443977892399, 0.901251554489, 1.20729982853, 3.70599293709, 26.2598190308, 89.1349716187, 56.7831802368, 41.7324180603, 33.3519630432, 30.6814231873, 70.2230682373, 41.5203971863, 19.1851673126, 18.9723701477, 16.0298347473, 12.0371370316, 10.4191589355, 9.51246738434, 4.36133432388, 1.93435800076, 1.37576627731, 0.910028755665, 0.887483656406, 0.915356755257, 0.809223234653, 0.415132254362, 0.179468721151, 0.0838986262679, 0.0519046373665, 0.0223233439028, 0.00847320631146, 0.0018450638745, 0.000226281787036, 1.93958185264e-05],
        "dmean2": [4.43524368166e-06, 3.30597140419e-05, 0.000244548777118, 0.00314482068643, 0.054941277951, 0.33702608943, 0.752825975418, 1.50384020805, 2.07189369202, 5.68239116669, 45.0045394897, 153.482955933, 94.1148605347, 66.3178939819, 54.0715522766, 50.102016449, 108.008239746, 67.8234939575, 30.9667453766, 30.0384712219, 25.442697525, 19.7898960114, 16.334854126, 15.5094232559, 7.12712001801, 3.1397600174, 2.28013968468, 1.47560107708, 1.48309707642, 1.51907038689, 1.39778923988, 0.696211636066, 0.297098368406, 0.140083193779, 0.0883962363005, 0.036391556263, 0.0139860510826, 0.00312637467869, 0.000379622855689, 3.17365775118e-05],
        "dvar": [9.32339414006e-11, 4.15899759076e-09, 7.66898509141e-08, 1.29546897369e-05, 0.00467599183321, 0.173172444105, 0.654405117035, 2.79812073708, 5.35545682907, 67.6621322632, 4847.85644531, 80703.6171875, 14433.9355469, 15413.5976562, 4115.77685547, 2584.84301758, 22755.6132812, 11330.4804688, 1026.10534668, 1740.76965332, 1098.41137695, 497.125366211, 275.203948975, 566.57208252, 101.060180664, 17.652589798, 17.0121059418, 4.46889829636, 2.69271326065, 4.47673177719, 3.98981714249, 0.680986940861, 0.131889924407, 0.0322712063789, 0.0161681585014, 0.00263283215463, 0.000330441893311, 1.42664612213e-05, 2.29425666021e-07, 9.91530191286e-10],
        "dvar2": [2.69368999328e-10, 1.16066747324e-08, 1.97239941713e-07, 3.11134936055e-05, 0.0129854204133, 0.49752163887, 1.75431478024, 7.3702507019, 12.3002033234, 163.273986816, 13616.4482422, 228541.390625, 38029.859375, 39304.7148438, 10672.7138672, 6531.65087891, 39988.890625, 24435.78125, 2508.93676758, 4426.02197266, 2810.86254883, 1307.40808105, 669.465209961, 1426.80725098, 284.497650146, 46.7791252136, 46.6574287415, 11.565993309, 7.06976652145, 11.5658483505, 10.8048734665, 1.80021512508, 0.331653028727, 0.0825265571475, 0.0438604466617, 0.00626312103122, 0.000813333143014, 3.69767149095e-05, 5.86002613545e-07, 2.58745003201e-09],
        "max": [0.000168146085343, 0.00111464143265, 0.0039021349512, 0.0385774597526, 0.754027724266, 4.32456541061, 8.72290897369, 26.4070777893, 30.5876808167, 113.723365784, 954.360961914, 3839.22167969, 1632.30322266, 2413.83496094, 705.042663574, 804.88293457, 3166.29467773, 2607.18188477, 351.787536621, 582.981750488, 311.929382324, 242.294586182, 147.311950684, 309.659088135, 143.512176514, 63.5783729553, 71.5386352539, 31.4254207611, 15.7223176956, 20.9875297546, 16.5986213684, 8.05412960052, 3.21119999886, 1.69539618492, 1.38448274136, 0.739118158817, 0.195403531194, 0.0301887299865, 0.00587268872187, 0.000360605801689],
        "mean": [2.84941438622e-06, 2.07348221011e-05, 0.00018415733939, 0.00249020336196, 0.0343642085791, 0.218568041921, 0.638403892517, 1.4124341011, 1.82249879837, 5.59357690811, 37.731338501, 120.020248413, 82.9884643555, 59.7712554932, 46.6343078613, 47.1972236633, 120.736434937, 74.4006271362, 27.9645404816, 24.1848144531, 18.6943702698, 16.5016136169, 15.6631135941, 13.6480979919, 6.73502874374, 2.83733320236, 1.77310216427, 1.24153482914, 1.18701422215, 1.06274819374, 0.876251518726, 0.513985276222, 0.211043089628, 0.0958980694413, 0.0567059181631, 0.024588631466, 0.0087415613234, 0.00185481773224, 0.000238258944592, 3.29127942678e-05],
        "median": [1.63774257089e-06, 1.14640788524e-05, 0.000110582666821, 0.00128529546782, 0.0124963484704, 0.0827071070671, 0.329618692398, 0.685765624046, 1.03462040424, 2.048828125, 10.0089206696, 32.6965446472, 24.622592926, 21.5129337311, 20.4791908264, 22.9928417206, 39.9329299927, 27.3648681641, 14.0367116928, 8.36184310913, 6.75713348389, 7.07832241058, 6.37534236908, 4.35078907013, 2.5515961647, 1.49313354492, 0.811760187149, 0.61516815424, 0.555255830288, 0.472589313984, 0.399894475937, 0.233751446009, 0.0757074505091, 0.0319716930389, 0.0184015631676, 0.00694655813277, 0.00229496299289, 0.000514623476192, 7.33036067686e-05, 2.20693782467e-05],
        "min": [2.2977859615e-09, 5.9313771672e-09, 1.64057301077e-08, 6.90256607427e-09, 4.3285872664e-09, 3.36512790966e-08, 9.22405547499e-08, 1.44896318943e-07, 8.51097752275e-08, 1.00098347389e-07, 2.52629547504e-07, 2.63518614929e-07, 2.96725715998e-07, 2.47433916911e-07, 1.60744960453e-07, 6.71763189075e-07, 1.52838663325e-06, 6.31729960787e-07, 2.28434555538e-06, 1.79487210517e-06, 2.25669054998e-06, 2.83772919829e-06, 2.58150475929e-06, 1.70738917404e-06, 1.64337700426e-06, 2.30643468058e-06, 2.3348452487e-06, 1.84729572084e-06, 1.71753629274e-06, 2.7217574825e-06, 2.37362746702e-06, 2.32457159655e-06, 2.84656698568e-06, 9.89948262031e-07, 1.13625981157e-06, 7.10183030606e-07, 3.48827597918e-07, 1.72730580061e-07, 3.64479930681e-08, 4.65175320485e-09],
        "stdev": [7.8497978393e-06, 5.25659961568e-05, 0.000281734479358, 0.00402992311865, 0.0740452036262, 0.450165182352, 0.991983532906, 2.51058983803, 2.72806096077, 10.4251508713, 77.5243988037, 293.290344238, 162.525588989, 169.446548462, 76.0247421265, 66.1058044434, 290.157745361, 187.199493408, 40.7900543213, 45.4095230103, 34.318359375, 25.1997489929, 22.1776428223, 30.3626232147, 13.5848226547, 4.37121105194, 3.65213036537, 2.21823549271, 1.79176223278, 2.00030517578, 1.78283786774, 0.837636291981, 0.379132717848, 0.181768149137, 0.119508333504, 0.0533642880619, 0.0186520293355, 0.00374166760594, 0.000479266134789, 3.85920138797e-05],
        "var": [6.1619320757e-11, 2.76318390391e-09, 7.93743097915e-08, 1.62402811839e-05, 0.00548269180581, 0.202648699284, 0.984031319618, 6.30306148529, 7.44231653214, 108.683776855, 6010.03222656, 86019.2265625, 26414.5664062, 28712.1347656, 5779.76171875, 4369.97753906, 84191.515625, 35043.6523438, 1663.82861328, 2062.02490234, 1177.74975586, 635.02734375, 491.847839355, 921.88885498, 184.547393799, 19.1074867249, 13.3380556107, 4.92056846619, 3.21041202545, 4.00122117996, 3.17851090431, 0.701634526253, 0.143741607666, 0.0330396592617, 0.014282242395, 0.00284774741158, 0.0003478982253, 1.40000756801e-05, 2.29696041742e-07, 1.48934364841e-09]
    },
    "gfcc": {
        "mean": [-124.151512146, 28.8870773315, -205.786712646, -49.2246284485, -91.0681381226, -9.79091262817, -43.4759559631, -3.46709465981, -25.238866806, -9.21917629242, -14.6856832504, -0.853506028652, -14.0661935806],
        "cov": [[21342.640625, -1555.51501465, -4707.84521484, -2458.38061523, -1095.87744141, -53.0797233582, -471.126190186, -27.7223739624, -373.986175537, -166.976882935, -247.022674561, -310.70526123, -227.596542358], [-1555.51501465, 946.482971191, 211.093551636, -21.3063201904, -46.2209510803, -98.749420166, 24.6129322052, -24.3292675018, 31.0709762573, -64.9436035156, 89.8610610962, -7.79793405533, -10.6448888779], [-4707.84521484, 211.093551636, 1388.66333008, 635.443786621, 247.243225098, 35.4239387512, 64.6321182251, 1.19614195824, 54.2043495178, 59.186832428, -19.2804412842, 67.015083313, 20.3756122589], [-2458.38061523, -21.3063201904, 635.443786621, 523.883850098, 172.507293701, -0.906290471554, 46.8059387207, -17.2062416077, -13.6204519272, 6.49417352676, 6.31473922729, 37.5047531128, 14.8331604004], [-1095.87744141, -46.2209510803, 247.243225098, 172.507293701, 214.211502075, 36.6397895813, -3.04384827614, 22.436542511, 23.0106163025, 19.9978599548, -26.5164794922, 7.24615812302, 11.7591705322], [-53.0797233582, -98.749420166, 35.4239387512, -0.906290471554, 36.6397895813, 104.118659973, 20.1375923157, -3.77884960175, -0.165660485625, 13.7627677917, -9.54820346832, -2.81898021698, 10.4002342224], [-471.126190186, 24.6129322052, 64.6321182251, 46.8059387207, -3.04384827614, 20.1375923157, 134.122390747, 22.8161678314, 14.2047624588, -0.562962412834, 15.4012355804, -3.76804184914, 6.24285745621], [-27.7223739624, -24.3292675018, 1.19614195824, -17.2062416077, 22.436542511, -3.77884960175, 22.8161678314, 88.4017715454, 37.3468856812, 2.38323068619, -8.66530513763, -13.7679328918, 0.257840037346], [-373.986175537, 31.0709762573, 54.2043495178, -13.6204519272, 23.0106163025, -0.165660485625, 14.2047624588, 37.3468856812, 119.976264954, 51.2360038757, -17.0513076782, -2.64826440811, 17.1749706268], [-166.976882935, -64.9436035156, 59.186832428, 6.49417352676, 19.9978599548, 13.7627677917, -0.562962412834, 2.38323068619, 51.2360038757, 104.864761353, 2.11157274246, -13.2332181931, 3.76003909111], [-247.022674561, 89.8610610962, -19.2804412842, 6.31473922729, -26.5164794922, -9.54820346832, 15.4012355804, -8.66530513763, -17.0513076782, 2.11157274246, 109.46333313, 39.6690559387, -8.58962154388], [-310.70526123, -7.79793405533, 67.015083313, 37.5047531128, 7.24615812302, -2.81898021698, -3.76804184914, -13.7679328918, -2.64826440811, -13.2332181931, 39.6690559387, 102.420448303, 21.1784954071], [-227.596542358, -10.6448888779, 20.3756122589, 14.8331604004, 11.7591705322, 10.4002342224, 6.24285745621, 0.257840037346, 17.1749706268, 3.76003909111, -8.58962154388, 21.1784954071, 78.0597839355]],
        "icov": [[0.000513688719366, 0.000356051954441, 0.00124439399224, 0.000505611358676, 0.00104252703022, -0.000244035501964, 0.000750670209527, -0.000520964793395, 0.00117710290942, -0.000535488245077, 0.00154945137911, -0.000378883210942, 0.000982653233223], [0.000356051954441, 0.0025327578187, -0.000456515757833, 0.0021574057173, 9.3319125881e-05, 0.002272490412, 4.29519859608e-05, 0.00184167630505, -0.00114015559666, 0.00278488104232, -0.00216307444498, 0.00224759243429, 3.52707866114e-05], [0.00124439399224, -0.000456515757833, 0.00563309481367, -0.00204226397909, 0.00287828082219, -0.0025876306463, 0.00205172924325, -0.00274016638286, 0.00321025890298, -0.00371614587493, 0.00627524685115, -0.00327360746451, 0.0032911717426], [0.000505611358676, 0.0021574057173, -0.00204226397909, 0.00779962912202, -0.00250851199962, 0.00393834197894, -0.00136022246443, 0.00291360029951, 0.00142052583396, 0.0022983350791, -0.00183276867028, 0.00192707509268, -0.000376069627237], [0.00104252703022, 9.3319125881e-05, 0.00287828082219, -0.00250851199962, 0.0106661533937, -0.00448220223188, 0.00381166650914, -0.00465056113899, 0.00207623792812, -0.00253673316911, 0.00550939934328, -0.00204234733246, 0.00230441312306], [-0.000244035501964, 0.002272490412, -0.0025876306463, 0.00393834197894, -0.00448220223188, 0.014805784449, -0.00381280761212, 0.00445518875495, -0.000633360585198, 0.00186986185145, -0.00341452122666, 0.00295426975936, -0.00260975002311], [0.000750670209527, 4.29519859608e-05, 0.00205172924325, -0.00136022246443, 0.00381166650914, -0.00381280761212, 0.0107197500765, -0.00405165506527, 0.00061064545298, -0.000230398145504, 0.000895992328878, 0.000367675645975, 0.000882926979102], [-0.000520964793395, 0.00184167630505, -0.00274016638286, 0.00291360029951, -0.00465056113899, 0.00445518875495, -0.00405165506527, 0.0180950127542, -0.00789500121027, 0.00617460766807, -0.0053000911139, 0.00491809053347, -0.00121284672059], [0.00117710290942, -0.00114015559666, 0.00321025890298, 0.00142052583396, 0.00207623792812, -0.000633360585198, 0.00061064545298, -0.00789500121027, 0.0186397433281, -0.0107612609863, 0.00868278089911, -0.00472974218428, 0.000573380151764], [-0.000535488245077, 0.00278488104232, -0.00371614587493, 0.0022983350791, -0.00253673316911, 0.00186986185145, -0.000230398145504, 0.00617460766807, -0.0107612609863, 0.0188988018781, -0.00906952191144, 0.00732944207266, -0.00204638531432], [0.00154945137911, -0.00216307444498, 0.00627524685115, -0.00183276867028, 0.00550939934328, -0.00341452122666, 0.000895992328878, -0.0053000911139, 0.00868278089911, -0.00906952191144, 0.022087842226, -0.0108912792057, 0.00641571218148], [-0.000378883210942, 0.00224759243429, -0.00327360746451, 0.00192707509268, -0.00204234733246, 0.00295426975936, 0.000367675645975, 0.00491809053347, -0.00472974218428, 0.00732944207266, -0.0108912792057, 0.0173346586525, -0.00565543444827], [0.000982653233223, 3.52707866114e-05, 0.0032911717426, -0.000376069627237, 0.00230441312306, -0.00260975002311, 0.000882926979102, -0.00121284672059, 0.000573380151764, -0.00204638531432, 0.00641571218148, -0.00565543444827, 0.0170397106558]]
    },
    "melbands": {
        "dmean": [2.10342818718e-08, 6.15173973983e-08, 8.96378196558e-07, 7.52094729251e-06, 1.39364765346e-05, 1.9989494831e-05, 1.91832332348e-05, 5.30815741513e-05, 0.000303386797896, 0.000571585609578, 0.000280692300294, 0.000177967376658, 0.000121511984617, 8.78988139448e-05, 0.000120905162476, 0.000168927697814, 6.80020821164e-05, 3.37166129611e-05, 2.68512958428e-05, 2.5738901968e-05, 1.80178794835e-05, 1.27062230604e-05, 1.22493183881e-05, 9.05192518985e-06, 8.20705827209e-06, 4.60997125629e-06, 1.7698287138e-06, 1.33660068968e-06, 1.03728700651e-06, 6.07864535596e-07, 5.40381904557e-07, 5.23150788467e-07, 5.11171947437e-07, 5.12415340381e-07, 5.16386080562e-07, 3.38815681289e-07, 2.36165618617e-07, 1.34043432354e-07, 9.0441943712e-08, 6.60804602148e-08],
        "dmean2": [3.65718584305e-08, 1.03077141489e-07, 1.47717878463e-06, 1.31953211167e-05, 2.339162711e-05, 3.32451236318e-05, 3.2700074371e-05, 8.25772222015e-05, 0.00051784288371, 0.000981969060376, 0.000462384050479, 0.000282122986391, 0.000195439119125, 0.000145580648677, 0.000186588949873, 0.000268168922048, 0.000110092019895, 5.37322812306e-05, 4.23314995714e-05, 4.23208221036e-05, 2.88842165901e-05, 2.10901307582e-05, 1.99399273697e-05, 1.44097120938e-05, 1.34242509375e-05, 7.67222445575e-06, 2.95035579256e-06, 2.16558055399e-06, 1.73096680101e-06, 1.02055582829e-06, 8.66686320933e-07, 8.8418175892e-07, 8.54805421113e-07, 8.5260353444e-07, 8.9801045533e-07, 5.78013896302e-07, 3.92606949617e-07, 2.21654488541e-07, 1.53020664584e-07, 1.09827347217e-07],
        "dvar": [6.13516805718e-15, 1.3742847836e-14, 3.25215245359e-12, 2.63185334637e-10, 5.56168444632e-10, 1.2021964535e-09, 1.22963206284e-09, 1.38454696597e-08, 8.48339936965e-07, 2.93790731121e-06, 3.70731328303e-07, 3.09912678631e-07, 6.43867821282e-08, 3.73567807799e-08, 4.75259724908e-08, 1.39679215749e-07, 3.20878257298e-08, 3.50263729132e-09, 3.81271592076e-09, 2.86538037741e-09, 1.50327894577e-09, 5.30432586743e-10, 5.12429043642e-10, 3.18247039832e-10, 4.89089990729e-10, 1.84770199141e-10, 1.41999806011e-11, 9.3605513965e-12, 1.11167785047e-11, 1.95695261211e-12, 1.66835544945e-12, 9.90045068497e-13, 1.0710425602e-12, 1.596874976e-12, 1.70383282136e-12, 5.40106642136e-13, 2.38605305219e-13, 7.69149013143e-14, 3.64675703643e-14, 2.34236322829e-14],
        "dvar2": [1.74013771058e-14, 3.5034427887e-14, 7.74619517835e-12, 7.76462283358e-10, 1.45567535803e-09, 3.08234215929e-09, 2.85767054464e-09, 3.17571391406e-08, 2.35901893575e-06, 8.29862528917e-06, 9.64674654824e-07, 7.83816915373e-07, 1.57906995923e-07, 1.04177352966e-07, 1.07486009426e-07, 2.93912137295e-07, 6.78622456007e-08, 8.20159584691e-09, 9.63466462167e-09, 7.29849602976e-09, 3.89015664126e-09, 1.38783229353e-09, 1.40132527804e-09, 8.1522316675e-10, 1.22268761782e-09, 4.98119046011e-10, 4.13244820308e-11, 2.49645182998e-11, 3.06567791986e-11, 5.33144882409e-12, 4.39391275101e-12, 2.6009827972e-12, 2.8334251178e-12, 4.13208486524e-12, 4.65791424528e-12, 1.44032919272e-12, 6.32771938146e-13, 1.98582930698e-13, 8.93458145467e-14, 6.1868919547e-14],
        "max": [1.41605391946e-06, 1.76085995918e-06, 1.87341684068e-05, 0.000166330093634, 0.000279779575067, 0.000543104542885, 0.000423520395998, 0.00125034421217, 0.0143475001678, 0.023574044928, 0.00794433429837, 0.0107678100467, 0.00286753801629, 0.00291126593947, 0.00252629932947, 0.00619410444051, 0.00442655012012, 0.000659091048874, 0.00112887925934, 0.000464254117105, 0.00038457143819, 0.000258921878412, 0.000245171569986, 0.000180244300282, 0.000290304073133, 0.000243319926085, 3.86724386772e-05, 4.6929671953e-05, 5.82171051065e-05, 1.87597561307e-05, 1.82017083716e-05, 1.03868278529e-05, 1.0543107237e-05, 1.39299554576e-05, 1.18198604468e-05, 7.90914600657e-06, 5.28183090864e-06, 2.5302585982e-06, 1.47241360082e-06, 1.60479260103e-06],
        "mean": [2.41193287565e-08, 7.45259569612e-08, 1.04891762476e-06, 8.30372118799e-06, 2.01753809961e-05, 3.14440803777e-05, 2.80925141851e-05, 7.4778268754e-05, 0.000402177363867, 0.000782718067057, 0.0004016168823, 0.000245045492193, 0.000161045187269, 0.000116165043437, 0.000180663919309, 0.000281098968117, 0.000114878719614, 4.39413270215e-05, 3.53061077476e-05, 2.88006012852e-05, 2.01182774617e-05, 1.62904707395e-05, 1.65887377079e-05, 1.26820459627e-05, 1.11427652882e-05, 6.59925490254e-06, 2.60551564679e-06, 1.7277960751e-06, 1.24619418784e-06, 7.49866160277e-07, 7.1221950293e-07, 6.91305046985e-07, 6.03938985932e-07, 5.74384728225e-07, 5.32746980753e-07, 3.94124867853e-07, 2.84544483975e-07, 1.54300451527e-07, 1.00645770829e-07, 7.36799634637e-08],
        "median": [1.39784228637e-08, 4.09972358284e-08, 4.29721723094e-07, 3.31020919475e-06, 1.07580635813e-05, 1.55303023348e-05, 1.57665563165e-05, 2.14713181776e-05, 9.42527258303e-05, 0.000198618363356, 0.000113450267236, 7.51028201194e-05, 6.19206984993e-05, 4.8784451792e-05, 6.95812195772e-05, 8.22441943455e-05, 3.98455376853e-05, 1.87533405551e-05, 1.2529308151e-05, 7.73378451413e-06, 7.13728877599e-06, 6.64884464641e-06, 6.31678221907e-06, 4.97754899698e-06, 3.10390259983e-06, 2.0384684376e-06, 1.19953233479e-06, 7.96619531229e-07, 5.31957311978e-07, 3.72896238332e-07, 3.24528173223e-07, 3.03567247784e-07, 2.82926379214e-07, 2.49743010272e-07, 2.25705548473e-07, 1.94775111595e-07, 1.19202169913e-07, 5.46717977556e-08, 3.03672038626e-08, 2.43971669533e-08],
        "min": [2.74802541833e-11, 8.05420400513e-12, 1.14941476476e-12, 1.1461024187e-12, 2.96995414373e-12, 3.22254029017e-12, 1.17841511289e-12, 1.21437018427e-12, 2.27894482799e-12, 1.33900074188e-12, 1.43137335751e-12, 9.66359154156e-13, 5.92082860604e-13, 6.10402082612e-13, 3.49020768883e-12, 2.6269943252e-12, 9.29377560153e-13, 3.03444856048e-12, 3.99058954284e-12, 1.85719820599e-12, 2.40099758651e-12, 2.69658731109e-12, 1.68392556843e-12, 2.55514272934e-12, 1.22583909169e-12, 1.22033470568e-12, 1.34926531753e-12, 1.46357351152e-12, 1.56059030715e-12, 1.30312037203e-12, 7.0506317798e-13, 5.99485196727e-13, 1.7018874374e-12, 1.54978731671e-12, 1.19048933038e-12, 1.51750573912e-12, 1.35142754192e-12, 1.78023513899e-12, 9.69181657672e-13, 7.72735933401e-13],
        "stdev": [6.64160282327e-08, 1.19444422353e-07, 2.05324704439e-06, 1.74546203198e-05, 3.07697191602e-05, 5.33072670805e-05, 4.16446273448e-05, 0.000156077949214, 0.000958656833973, 0.00180382234976, 0.0008236564463, 0.000755444169044, 0.000294428144116, 0.000200982671231, 0.000332859926857, 0.000666583538987, 0.000311492040055, 7.37354203011e-05, 7.18462761142e-05, 5.51473676751e-05, 3.88984481106e-05, 2.54351853073e-05, 2.6092691769e-05, 2.07279445021e-05, 2.7490003049e-05, 1.69858558365e-05, 4.42664804723e-06, 3.02791977447e-06, 2.86816543849e-06, 1.34242168315e-06, 1.37701306357e-06, 1.09959182737e-06, 1.00313172879e-06, 1.18095806556e-06, 1.15156808533e-06, 6.90228603162e-07, 4.89776368795e-07, 2.82519721395e-07, 1.98079376901e-07, 1.48391166022e-07],
