{
"lowlevel": {
    "average_loudness": 0.99068403244,
    "barkbands_crest": {
        "dmean": 2.34204411507,
        "dmean2": 3.81857013702,
        "dvar": 4.16777658463,
        "dvar2": 12.5417146683,
        "max": 25.9379901886,
        "mean": 20.039068222,
        "median": 21.4871559143,
        "min": 5.1472120285,
        "stdev": 4.73330593109,
        "var": 22.4041843414
    },
    "barkbands_flatness_db": {
        "dmean": 0.0217390991747,
        "dmean2": 0.0315391495824,
        "dvar": 0.00044235351379,
        "dvar2": 0.000644648738671,
        "max": 0.374308139086,
        "mean": 0.220263943076,
        "median": 0.210562482476,
        "min": 0.0452437028289,
        "stdev": 0.101013161242,
        "var": 0.0102036586031
    },
    "barkbands_kurtosis": {
        "dmean": 4.77934074402,
        "dmean2": 7.66058588028,
        "dvar": 26.8371906281,
        "dvar2": 81.1077651978,
        "max": 53.532043457,
        "mean": 9.24790096283,
        "median": 4.62125873566,
        "min": -1.67953932285,
        "stdev": 12.8676328659,
        "var": 165.575973511
    },
    "barkbands_skewness": {
        "dmean": 0.632670223713,
        "dmean2": 0.898136496544,
        "dvar": 0.213091105223,
        "dvar2": 0.705565452576,
        "max": 6.95392894745,
        "mean": 1.89623761177,
        "median": 1.75809669495,
        "min": -2.35431933403,
        "stdev": 2.14470148087,
        "var": 4.59974479675
    },
    "barkbands_spread": {
        "dmean": 6.18356084824,
        "dmean2": 9.92501831055,
        "dvar": 56.6629180908,
        "dvar2": 148.581665039,
        "max": 97.5463867188,
        "mean": 25.0948562622,
        "median": 12.7619562149,
        "min": 2.16480755806,
        "stdev": 23.83411026,
        "var": 568.064819336
    },
    "dissonance": {
        "dmean": 0.0409451909363,
        "dmean2": 0.0694124922156,
        "dvar": 0.00141965830699,
        "dvar2": 0.00362248509191,
        "max": 0.499537616968,
        "mean": 0.437638938427,
        "median": 0.447559118271,
        "min": 0.227021917701,
        "stdev": 0.0523813851178,
        "var": 0.00274380948395
    },
    "dynamic_complexity": 35.0062446594,
    "erbbands_crest": {
        "dmean": 2.41675448418,
        "dmean2": 3.89373278618,
        "dvar": 4.34944581985,
        "dvar2": 10.2983837128,
        "max": 26.0319099426,
        "mean": 19.7395133972,
        "median": 20.7735824585,
        "min": 5.34852743149,
        "stdev": 4.45657396317,
        "var": 19.8610534668
    },
    "erbbands_flatness_db": {
        "dmean": 0.0185166299343,
        "dmean2": 0.0269280578941,
        "dvar": 0.000232580787269,
        "dvar2": 0.000432573113358,
        "max": 0.424488395452,
        "mean": 0.234441578388,
        "median": 0.215817898512,
        "min": 0.0680362209678,
        "stdev": 0.112588897347,
        "var": 0.0126762595028
    },
    "erbbands_kurtosis": {
        "dmean": 4.45000839233,
        "dmean2": 7.02808141708,
        "dvar": 23.4402637482,
        "dvar2": 71.6665802002,
        "max": 39.5274047852,
        "mean": 7.63183736801,
        "median": 4.09864425659,
        "min": -1.55189406872,
        "stdev": 9.99848461151,
        "var": 99.9697036743
    },
    "erbbands_skewness": {
        "dmean": 0.600591719151,
        "dmean2": 0.893481135368,
        "dvar": 0.161310583353,
        "dvar2": 0.480636239052,
        "max": 6.0752696991,
        "mean": 1.59885251522,
        "median": 1.43996047974,
        "min": -2.09015965462,
        "stdev": 2.03207325935,
        "var": 4.12932157516
    },
    "erbbands_spread": {
        "dmean": 7.13838243484,
        "dmean2": 10.4690570831,
        "dvar": 59.5511817932,
        "dvar2": 114.210853577,
        "max": 96.0453948975,
        "mean": 31.9808979034,
        "median": 19.1611061096,
        "min": 2.18319821358,
        "stdev": 26.2894325256,
        "var": 691.134277344
    },
    "hfc": {
        "dmean": 11.6606206894,
        "dmean2": 13.7154512405,
        "dvar": 4160.43945312,
        "dvar2": 8537.18554688,
        "max": 496.996826172,
        "mean": 9.33746147156,
        "median": 0.000281353888568,
        "min": 1.14499607662e-06,
        "stdev": 56.3410453796,
        "var": 3174.31323242
    },
    "loudness_ebu128": {
        "integrated": -25.5756664276,
        "loudness_range": 0,
        "momentary": {
            "dmean": 3.72366571426,
            "dmean2": 0.942382454872,
            "dvar": 15.5073328018,
            "dvar2": 0.778211355209,
            "max": -22.7864513397,
            "mean": -67.6567764282,
            "median": -75.1094360352,
            "min": -82.3651046753,
            "stdev": 17.129825592,
            "var": 293.430908203
        },
        "short_term": {
            "dmean": 0,
            "dmean2": 0,
            "dvar": 0,
            "dvar2": 0,
            "max": -31.5367679596,
            "mean": -31.5367679596,
            "median": -31.5367679596,
            "min": -31.5367679596,
            "stdev": 0,
            "var": 0
        }
    },
    "melbands_crest": {
        "dmean": 3.23202872276,
        "dmean2": 5.56642532349,
        "dvar": 7.04524993896,
        "dvar2": 21.910867691,
        "max": 32.5819015503,
        "mean": 22.0548286438,
        "median": 21.2293376923,
        "min": 9.96133422852,
        "stdev": 5.15952539444,
        "var": 26.6207027435
    },
    "melbands_flatness_db": {
        "dmean": 0.0249840226024,
        "dmean2": 0.0375290699303,
        "dvar": 0.000560821965337,
        "dvar2": 0.000809491379187,
        "max": 0.4047498703,
        "mean": 0.269883573055,
        "median": 0.286707252264,
        "min": 0.0560765862465,
        "stdev": 0.0833112820983,
        "var": 0.00694076949731
    },
    "melbands_kurtosis": {
        "dmean": 17.0059204102,
        "dmean2": 26.1481666565,
        "dvar": 475.733581543,
        "dvar2": 1329.89160156,
        "max": 218.079544067,
        "mean": 44.8636856079,
        "median": 24.9419059753,
        "min": -1.83181941509,
        "stdev": 53.9431762695,
        "var": 2909.86621094
    },
    "melbands_skewness": {
        "dmean": 1.07823681831,
        "dmean2": 1.74329447746,
        "dvar": 0.826962888241,
        "dvar2": 2.68670511246,
        "max": 11.0523147583,
        "mean": 3.78305768967,
        "median": 3.84865570068,
        "min": -2.28215432167,
        "stdev": 3.16176986694,
        "var": 9.9967880249
    },
    "melbands_spread": {
        "dmean": 5.62305784225,
        "dmean2": 7.94716978073,
        "dvar": 108.004928589,
        "dvar2": 111.587097168,
        "max": 144.845108032,
        "mean": 14.4719333649,
        "median": 10.660033226,
        "min": 1.60258841515,
        "stdev": 17.8428516388,
        "var": 318.367340088
    },
    "pitch_salience": {
        "dmean": 0.0715671703219,
        "dmean2": 0.115032739937,
        "dvar": 0.00391422770917,
        "dvar2": 0.00931046437472,
        "max": 0.85551315546,
        "mean": 0.352544307709,
        "median": 0.330147922039,
        "min": 0.153373122215,
        "stdev": 0.13488060236,
        "var": 0.0181927774101
    },
    "silence_rate_20dB": {
        "dmean": 0.0235294122249,
        "dmean2": 0.0357142873108,
        "dvar": 0.0229757539928,
        "dvar2": 0.0582483261824,
        "max": 1,
        "mean": 0.988372087479,
        "median": 1,
        "min": 0,
        "stdev": 0.107203885913,
        "var": 0.0114926733077
    },
    "silence_rate_30dB": {
        "dmean": 0.0235294122249,
        "dmean2": 0.0357142873108,
        "dvar": 0.0229757539928,
        "dvar2": 0.034438803792,
        "max": 1,
        "mean": 0.976744174957,
        "median": 1,
        "min": 0,
        "stdev": 0.150714963675,
        "var": 0.0227150004357
    },
    "silence_rate_60dB": {
        "dmean": 0.0117647061124,
        "dmean2": 0.023809524253,
        "dvar": 0.0116262920201,
        "dvar2": 0.0232425816357,
        "max": 1,
        "mean": 0.906976759434,
        "median": 1,
        "min": 0,
        "stdev": 0.290464788675,
        "var": 0.0843697935343
    },
    "spectral_centroid": {
        "dmean": 180.585174561,
        "dmean2": 250.646697998,
        "dvar": 84198.7265625,
        "dvar2": 110061.976562,
        "max": 3889.98486328,
        "mean": 1014.84222412,
        "median": 876.568603516,
        "min": 505.180908203,
        "stdev": 541.664367676,
        "var": 293400.3125
    },
    "spectral_complexity": {
        "dmean": 0.941176474094,
        "dmean2": 1.03571426868,
        "dvar": 18.031873703,
        "dvar2": 29.5106716156,
        "max": 37,
        "mean": 1.19767439365,
        "median": 0,
        "min": 0,
        "stdev": 4.86520719528,
        "var": 23.6702423096
    },
    "spectral_decrease": {
        "dmean": 3.20840709556e-09,
        "dmean2": 3.86222565041e-09,
        "dvar": 3.2264310818e-16,
        "dvar2": 6.7267867954e-16,
        "max": -1.90100539066e-18,
        "mean": -2.40737252355e-09,
        "median": -7.76545304839e-14,
        "min": -1.36491053127e-07,
        "stdev": 1.53180135243e-08,
        "var": 2.34641546568e-16
    },
    "spectral_energy": {
        "dmean": 0.0131668820977,
        "dmean2": 0.0158208869398,
        "dvar": 0.00542327295989,
        "dvar2": 0.011292857118,
        "max": 0.56022632122,
        "mean": 0.00993288774043,
        "median": 3.18605543725e-07,
        "min": 1.11029338501e-10,
        "stdev": 0.0629204809666,
        "var": 0.00395898707211
    },
    "spectral_energyband_high": {
        "dmean": 0.000307036767481,
        "dmean2": 0.000442165881395,
        "dvar": 3.59983869203e-06,
        "dvar2": 8.85728968569e-06,
        "max": 0.0131784537807,
        "mean": 0.000179573195055,
        "median": 9.28677579282e-09,
        "min": 7.00964217226e-11,
        "stdev": 0.00141603965312,
        "var": 2.00516819859e-06
    },
    "spectral_energyband_low": {
        "dmean": 1.70931357957e-08,
        "dmean2": 2.65298663038e-08,
        "dvar": 6.93543546838e-15,
        "dvar2": 1.74377842759e-14,
        "max": 6.33560944152e-07,
        "mean": 1.61432129886e-08,
        "median": 5.89453286182e-09,
        "min": 1.2012528125e-11,
        "stdev": 6.82661109863e-08,
        "var": 4.66026219689e-15
    },
    "spectral_energyband_middle_high": {
        "dmean": 0.00356232514605,
        "dmean2": 0.00341378408484,
        "dvar": 0.000346115411958,
        "dvar2": 0.00058381119743,
        "max": 0.151777550578,
        "mean": 0.00363996555097,
        "median": 2.89444579415e-09,
        "min": 1.25225853992e-11,
        "stdev": 0.018825834617,
        "var": 0.00035441207001
    },
    "spectral_energyband_middle_low": {
        "dmean": 0.00932104885578,
        "dmean2": 0.0120138246566,
        "dvar": 0.00290156505071,
        "dvar2": 0.00641235988587,
        "max": 0.395640611649,
        "mean": 0.00611795298755,
        "median": 2.94523800903e-07,
        "min": 3.63210590076e-12,
        "stdev": 0.043431840837,
        "var": 0.0018863248406
    },
    "spectral_entropy": {
        "dmean": 0.20826151967,
        "dmean2": 0.302876114845,
        "dvar": 0.0249502807856,
        "dvar2": 0.0604110658169,
        "max": 8.85969638824,
        "mean": 7.27793121338,
        "median": 7.31210231781,
        "min": 5.51292037964,
        "stdev": 0.869514167309,
        "var": 0.756054878235
    },
    "spectral_flux": {
        "dmean": 0.0169507227838,
        "dmean2": 0.0171988140792,
        "dvar": 0.00720753194764,
        "dvar2": 0.0124212224036,
        "max": 0.725139975548,
        "mean": 0.0195775870234,
        "median": 0.000200225389563,
        "min": 8.78807113622e-05,
        "stdev": 0.0906451195478,
        "var": 0.00821653753519
    },
    "spectral_kurtosis": {
        "dmean": 1.13671565056,
        "dmean2": 1.932975173,
        "dvar": 3.04226136208,
        "dvar2": 9.31511688232,
        "max": 14.586687088,
        "mean": 4.10816240311,
        "median": 2.6365878582,
        "min": 1.43737125397,
        "stdev": 3.14287304878,
        "var": 9.8776512146
    },
    "spectral_rms": {
        "dmean": 0.000538098625839,
        "dmean2": 0.000523428898305,
        "dvar": 7.27667384126e-06,
        "dvar2": 1.27677849378e-05,
        "max": 0.0233786702156,
        "mean": 0.000769077276345,
        "median": 1.76298763108e-05,
        "min": 3.29122030962e-07,
        "stdev": 0.00301647838205,
        "var": 9.09914160729e-06
    },
    "spectral_rolloff": {
        "dmean": 969.754211426,
        "dmean2": 1581.66516113,
        "dvar": 3930976,
        "dvar2": 8327089.5,
        "max": 18410.8886719,
        "mean": 2709.92919922,
        "median": 1410.42480469,
        "min": 473.73046875,
        "stdev": 3899.83374023,
        "var": 15208703
    },
    "spectral_skewness": {
        "dmean": 0.153473839164,
        "dmean2": 0.248698800802,
        "dvar": 0.0348587334156,
        "dvar2": 0.100510820746,
        "max": 2.98350286484,
        "mean": 1.64129960537,
        "median": 1.42540979385,
        "min": 1.05256259441,
        "stdev": 0.482584565878,
        "var": 0.232887864113
    },
    "spectral_spread": {
        "dmean": 345203,
        "dmean2": 538991.3125,
        "dvar": 88492220416,
        "dvar2": 212558069760,
        "max": 11567817,
        "mean": 8047286.5,
        "median": 9621788,
        "min": 3097877.25,
        "stdev": 2930099.5,
        "var": 8.58548338688e+12
    },
    "spectral_strongpeak": {
        "dmean": 0.362527698278,
        "dmean2": 0.276835888624,
        "dvar": 1.82199621201,
        "dvar2": 2.70652127266,
        "max": 15.3513011932,
        "mean": 0.717834711075,
        "median": 0.00520576909184,
        "min": 0,
        "stdev": 2.28258347511,
        "var": 5.21018743515
    },
    "zerocrossingrate": {
        "dmean": 0.0155618106946,
        "dmean2": 0.0204031802714,
        "dvar": 0.000317409692798,
        "dvar2": 0.000360154401278,
        "max": 0.25048828125,
        "mean": 0.104208305478,
        "median": 0.083740234375,
        "min": 0.0419921875,
        "stdev": 0.0559219717979,
        "var": 0.00312726688571
    },
    "barkbands": {
        "dmean": [8.37418756561e-09, 7.65720198359e-09, 4.19223811221e-09, 7.44096784189e-09, 1.76891941095e-08, 3.51173093804e-06, 0.00855882838368, 0.00075216696132, 6.27582130619e-06, 8.99838596524e-06, 8.98939106264e-05, 1.48435847223e-05, 0.00290366937406, 0.000105447572423, 0.000196594628505, 1.02822286863e-05, 5.10983772983e-05, 5.619948206e-05, 7.31469044695e-05, 9.6963805845e-05, 0.0001219521655, 5.08036064275e-05, 5.25348150404e-05, 1.95288339455e-05, 1.15283792184e-05, 7.87821022641e-07, 6.55372858205e-08],
        "dmean2": [1.35720439332e-08, 1.16091900537e-08, 6.73341959967e-09, 1.06046238457e-08, 2.30076420138e-08, 4.96561597174e-06, 0.0109541518614, 0.00104824954178, 9.50626599661e-06, 1.2956576029e-05, 9.83183927019e-05, 2.11328751902e-05, 0.00269907317124, 0.000155814530444, 0.000297486083582, 1.55685847858e-05, 6.98886797181e-05, 8.1794874859e-05, 0.000102578109363, 0.000142180011608, 0.000175213222974, 6.89398584655e-05, 7.74354848545e-05, 2.8604767067e-05, 1.74405540747e-05, 1.1530229358e-06, 9.58801535944e-08],
        "dvar": [4.59941696156e-16, 1.20092352438e-15, 3.34070112034e-16, 1.8473426473e-15, 8.08045291242e-15, 4.48440035106e-10, 0.00243031815626, 2.05902251764e-05, 1.54344348413e-09, 3.06552982998e-09, 2.37668984937e-07, 8.14979284058e-09, 0.000225988624152, 4.16410102844e-07, 1.49491734192e-06, 4.04437461299e-09, 9.24292749005e-08, 1.13868246387e-07, 1.96944299091e-07, 3.65762872434e-07, 5.64722768104e-07, 9.13146891435e-08, 1.09290212436e-07, 1.49462184851e-08, 5.2545598983e-09, 2.42171751402e-11, 1.65248850302e-13],
        "dvar2": [1.12477727412e-15, 2.95395201762e-15, 8.58832222089e-16, 4.51253541573e-15, 1.8002248726e-14, 1.06903974562e-09, 0.00532644893974, 4.96102547913e-05, 3.91823196111e-09, 7.53115614316e-09, 4.39168275079e-07, 1.99349567964e-08, 0.000345987267792, 1.0211007293e-06, 3.77899277737e-06, 1.0202634293e-08, 2.1957616525e-07, 2.76991642068e-07, 4.73425302516e-07, 9.0440198619e-07, 1.39488133755e-06, 2.13903319946e-07, 2.72043564564e-07, 3.71419339729e-08, 1.32687452137e-08, 6.01257169053e-11, 4.08843667471e-13],
        "max": [1.71099088675e-07, 2.68433922201e-07, 1.44094400412e-07, 3.200153742e-07, 7.96780398105e-07, 0.000151019514306, 0.363210439682, 0.0319899581373, 0.000273478188319, 0.000392280955566, 0.0038111244794, 0.000645558407996, 0.123608715832, 0.0045048748143, 0.00827941298485, 0.000448757404229, 0.00218229345046, 0.0023925176356, 0.0031294953078, 0.00417140079662, 0.00525304954499, 0.00217122002505, 0.00224427552894, 0.000832396151964, 0.0004974368494, 3.38878999173e-05, 2.83874942397e-06],
        "mean": [7.50471329525e-09, 6.86602286137e-09, 4.29567892368e-09, 5.1464246198e-09, 1.81665491539e-08, 2.15523709812e-06, 0.00564690632746, 0.000464667013148, 3.83082488042e-06, 5.41589270142e-06, 6.91415480105e-05, 9.49629884417e-06, 0.00322193349712, 6.56186020933e-05, 0.000110467190098, 6.52507696941e-06, 3.5036704503e-05, 3.85408638977e-05, 4.54214423371e-05, 5.54371617909e-05, 7.36242946004e-05, 3.24096363329e-05, 2.84019133687e-05, 1.07628729893e-05, 6.59614352116e-06, 4.43280356421e-07, 4.00403479262e-08],
        "median": [3.94121313363e-09, 2.28669860824e-09, 1.83953274835e-09, 2.66865002319e-10, 3.61058877241e-10, 2.31079072543e-10, 2.86641608227e-07, 3.06928149563e-09, 1.26509219767e-10, 1.27375485159e-10, 2.17515061518e-10, 1.5380999252e-10, 3.91862431393e-10, 2.19191442774e-10, 3.66797175966e-10, 2.04468136866e-10, 2.85615975315e-10, 3.15974690857e-10, 4.08059475099e-10, 4.65101401836e-10, 6.09238215432e-10, 7.12303105388e-10, 8.15712886126e-10, 1.07657505133e-09, 1.49902368296e-09, 2.00501482084e-09, 2.75378253534e-09],
        "min": [7.10928017844e-12, 6.1592957297e-12, 1.82415974687e-12, 1.02795560692e-12, 1.09256267228e-12, 7.01122428344e-13, 1.99285466601e-13, 8.40808474819e-14, 2.96766029719e-13, 8.4476008003e-13, 5.06861696711e-13, 2.99126717319e-13, 7.64038246732e-13, 1.00623719426e-12, 9.31790994189e-13, 1.19509317806e-12, 1.46553851953e-12, 1.62161224119e-12, 1.89556551879e-12, 2.34009209579e-12, 1.57477318945e-12, 5.7362556545e-12, 4.14079230973e-12, 3.06778387416e-12, 1.30130030015e-11, 1.72545814442e-11, 2.90440640288e-11],
        "stdev": [1.88023605574e-08, 2.90742789844e-08, 1.57549617796e-08, 3.46360984338e-08, 9.26835213022e-08, 1.62900487339e-05, 0.0399448536336, 0.00345839024521, 2.93659813906e-05, 4.21937620558e-05, 0.000442883261712, 6.96259448887e-05, 0.0160626526922, 0.000485366035718, 0.000888507231139, 4.83182557218e-05, 0.000237073603785, 0.00026018198696, 0.000337481003953, 0.00044758131844, 0.000564937363379, 0.000235504907323, 0.000240649183979, 8.92972457223e-05, 5.33768979949e-05, 3.63606500287e-06, 3.04508205318e-07],
        "var": [3.53528735234e-16, 8.4531368213e-16, 2.48218796498e-16, 1.1996593277e-15, 8.59023460952e-15, 2.65365701635e-10, 0.00159559142776, 1.19604628708e-05, 8.62360904907e-10, 1.78031356324e-09, 1.96145578002e-07, 4.84777196164e-09, 0.000258008833043, 2.35580188246e-07, 7.89445095961e-07, 2.33465380362e-09, 5.62038913188e-08, 6.76946712019e-08, 1.13893420917e-07, 2.00329026256e-07, 3.19154224826e-07, 5.5462564319e-08, 5.79120325028e-08, 7.97399746233e-09, 2.8490931836e-09, 1.32209694581e-11, 9.2725238837e-14]
    },
    "erbbands": {
        "dmean": [8.81399671471e-07, 3.28119836013e-06, 1.01521709439e-05, 4.47598577011e-05, 0.0002220308088, 0.00165645475499, 0.0251379217952, 0.925933659077, 47.1012573242, 152.150970459, 10.4304037094, 0.530759096146, 0.167387202382, 1.63287997246, 2.52738881111, 3.37175107002, 114.016731262, 44.4983634949, 8.15631866455, 7.5630440712, 0.9538205266, 3.48747372627, 2.28403902054, 2.64981842041, 4.73150587082, 5.71539115906, 6.1965136528, 2.94879674911, 2.11161017418, 1.80352294445, 1.1499915123, 0.750949203968, 0.185998484492, 0.211366772652, 0.031278014183, 0.00573991239071, 0.00104075972922, 0.000189132158994, 2.02318151423e-05, 1.65334058693e-05],
        "dmean2": [1.1813627907e-06, 4.57614441984e-06, 1.35038417284e-05, 5.95537821937e-05, 0.000284331879811, 0.00203758222051, 0.030751304701, 1.12408959866, 55.9492874146, 203.513061523, 14.3804855347, 0.741383433342, 0.229216068983, 2.10284924507, 2.47833824158, 3.47923326492, 105.714866638, 39.5914154053, 11.1215667725, 11.430308342, 1.36775457859, 4.76059484482, 3.14708065987, 3.8361582756, 6.70294427872, 8.40589427948, 9.11200332642, 4.07982635498, 2.85009860992, 2.634796381, 1.67830598354, 1.11297345161, 0.268598109484, 0.320686012506, 0.0463849157095, 0.00840783119202, 0.001527545508, 0.000280195788946, 2.78632123809e-05, 2.00810609385e-05],
        "dvar": [2.10289355373e-11, 3.01375452372e-10, 2.78863065972e-09, 6.40803818897e-08, 1.60677711847e-06, 8.72458695085e-05, 0.0201314818114, 27.1185321808, 69172.1796875, 802934.375, 3911.25, 10.2264757156, 0.986891508102, 88.3100891113, 181.491607666, 319.505889893, 351906.15625, 52648.3632812, 2314.45581055, 2269.24584961, 33.5934867859, 430.713043213, 174.629165649, 263.491149902, 834.632629395, 1282.03283691, 1505.25, 313.818878174, 156.682846069, 127.107032776, 51.6295890808, 22.4685516357, 1.3279569149, 1.7521532774, 0.0383036695421, 0.00128437683452, 4.24022000516e-05, 1.41041709867e-06, 1.46182292937e-08, 8.61786020323e-09],
        "dvar2": [4.64613902906e-11, 7.05100478005e-10, 6.26267881998e-09, 1.45071524571e-07, 3.52373967871e-06, 0.000184220465599, 0.0422749742866, 56.6108856201, 140383.96875, 1840764.625, 9279.32226562, 24.552822113, 2.33657407761, 193.888748169, 300.284545898, 576.94934082, 552224.875, 83042.2578125, 5454.20751953, 5713.44335938, 82.1586074829, 1024.55700684, 408.541809082, 647.855285645, 2021.42858887, 3182.21435547, 3767.30249023, 750.718444824, 366.45501709, 315.423431396, 127.280632019, 56.2884063721, 3.26120972633, 4.44040155411, 0.0957986190915, 0.00319786788896, 0.000105295483081, 3.54099825017e-06, 3.45509363342e-08, 1.81491852658e-08],
        "max": [3.48277026205e-05, 0.000129790700157, 0.000406706269132, 0.00190273206681, 0.00951957516372, 0.0705589130521, 1.06934833527, 39.3679237366, 2000.92822266, 6454.24804688, 443.411224365, 22.7225551605, 7.30838346481, 69.6048583984, 107.365859985, 144.368972778, 4854.15917969, 1895.68994141, 347.648468018, 322.807006836, 41.0341644287, 148.913009644, 97.3666763306, 113.069160461, 202.437820435, 245.507904053, 266.957244873, 126.80897522, 90.1873397827, 77.044708252, 49.1336517334, 32.0073699951, 7.96632003784, 9.08430099487, 1.34214556217, 0.246201634407, 0.0447867810726, 0.00821424648166, 0.000869424489792, 0.000704084231984],
        "mean": [6.75759054047e-07, 2.50043171945e-06, 8.32150635688e-06, 3.19906721415e-05, 0.000153701272211, 0.00116478034761, 0.0175457075238, 0.651197969913, 33.5129051208, 96.0663070679, 6.42673635483, 0.329566508532, 0.112466625869, 1.07545793056, 2.1431748867, 3.18871355057, 122.6379776, 49.1603088379, 5.76157808304, 4.23964500427, 0.614332973957, 2.38941597939, 1.78374254704, 1.62433123589, 2.89275193214, 3.20567035675, 3.54864478111, 1.89450550079, 1.36486232281, 1.00457799435, 0.631976306438, 0.4050309062, 0.105952903628, 0.120844438672, 0.0177370272577, 0.0032444447279, 0.000582206703257, 0.000108789899969, 1.31441911435e-05, 1.24023945318e-05],
        "median": [9.76241238959e-08, 3.73779982965e-07, 1.68649421539e-06, 1.70126759258e-06, 8.38494884192e-07, 1.98788779926e-06, 4.06913386541e-06, 8.3569670096e-05, 0.00296541163698, 0.00356357172132, 0.000151696469402, 9.2901645985e-06, 4.39525501861e-06, 6.54258201394e-06, 8.25579536468e-06, 7.60693410484e-06, 1.55523375724e-05, 1.60842009791e-05, 1.56579699251e-05, 1.72798409039e-05, 1.25617170852e-05, 1.6817371943e-05, 1.63959193742e-05, 1.7971791749e-05, 2.10489015444e-05, 2.21724731091e-05, 2.20566798816e-05, 2.52143909165e-05, 2.40819135797e-05, 2.26747288252e-05, 2.38867742155e-05, 2.14012834476e-05, 1.86294000741e-05, 1.54232930072e-05, 1.13970072562e-05, 7.15216174285e-06, 3.79533594241e-06, 1.53010410031e-06, 3.96044015361e-07, 4.30722550959e-08],
        "min": [2.85709872427e-10, 1.02533015411e-09, 2.08796757661e-09, 3.08603786969e-09, 3.08159542328e-09, 3.66682662012e-09, 5.91717341791e-09, 5.26850207905e-09, 2.46814346738e-09, 3.47568063219e-09, 1.83671067244e-09, 6.17207751574e-09, 2.1018950136e-08, 2.60309960254e-08, 1.79186514515e-08, 1.41472895621e-08, 3.29777272157e-08, 2.85663066535e-08, 8.59498072714e-08, 3.87306222649e-08, 6.7440055318e-08, 8.64877875983e-08, 1.06002438827e-07, 9.98891565018e-08, 1.11765480426e-07, 7.77248843065e-08, 6.11873147705e-08, 8.47352694677e-08, 2.63991353222e-07, 1.33765226451e-07, 9.54192742597e-08, 5.3877101891e-08, 9.04527794887e-08, 1.45062756474e-07, 7.91527980937e-08, 5.69209532841e-08, 3.11776311435e-08, 2.19076206065e-08, 3.29660543308e-09, 3.41639994073e-10],
        "stdev": [3.82136659027e-06, 1.41108730531e-05, 4.46390004072e-05, 0.000208246070542, 0.00104913825635, 0.00785942748189, 0.119283787906, 4.4035987854, 225.321472168, 702.18939209, 47.9618339539, 2.45318007469, 0.792974531651, 7.64175319672, 13.0560474396, 17.2922019958, 622.086364746, 243.83694458, 37.9836273193, 34.6215858459, 4.42838382721, 16.1782722473, 10.801366806, 12.1746225357, 21.7990455627, 26.3319892883, 28.6438674927, 13.7137069702, 9.79780578613, 8.26643371582, 5.27136516571, 3.43155455589, 0.85556447506, 0.974869132042, 0.144031912088, 0.0264225360006, 0.00480439420789, 0.000881184067111, 9.39840610954e-05, 7.87865865277e-05],
        "var": [1.46028415055e-11, 1.99116750865e-10, 1.99264049705e-09, 4.33664233412e-08, 1.10069117909e-06, 6.17706027697e-05, 0.0142286214978, 19.3916816711, 50769.765625, 493069.90625, 2300.33764648, 6.01809215546, 0.628808617592, 58.3963928223, 170.460372925, 299.020233154, 386991.46875, 59456.453125, 1442.75585938, 1198.6541748, 19.6105823517, 261.736480713, 116.669525146, 148.221435547, 475.198394775, 693.373657227, 820.471130371, 188.065750122, 95.9969940186, 68.3339309692, 27.7872905731, 11.7755661011, 0.73199057579, 0.9503698349, 0.0207451935858, 0.000698150426615, 2.30822024605e-05, 7.76485364895e-07, 8.83300366183e-09, 6.20732576451e-09]
    },
    "gfcc": {
        "mean": [-561.132263184, 0.65020775795, -97.7400054932, -11.9859857559, -66.9236526489, -11.1683254242, -38.4520149231, 1.60839724541, 6.89910173416, 41.6053352356, 16.351808548, -1.0722515583, -30.3685836792],
        "cov": [[32396.0625, 482.160949707, -11937.4355469, -2225.53881836, -2805.79736328, 153.291381836, -821.212036133, -1953.84057617, -92.3869247437, 1279.22485352, 2179.68115234, -267.942108154, -271.024780273], [482.160949707, 345.460418701, -296.501068115, -267.446929932, -13.2305955887, 5.28093671799, -75.2974472046, -168.981933594, 48.388885498, 263.089904785, 232.306335449, -3.84342861176, -145.951660156], [-11937.4355469, -296.501068115, 5404.09179688, 1024.15039062, 902.7890625, -199.541183472, 275.689056396, 1013.54577637, 74.7634658813, -595.354858398, -1041.20751953, 72.6815948486, 188.422012329], [-2225.53881836, -267.446929932, 1024.15039062, 398.965667725, 176.265762329, -33.7083740234, 118.079017639, 273.552490234, -5.50739192963, -283.596038818, -318.855743408, 19.5024642944, 133.125213623], [-2805.79736328, -13.2305955887, 902.7890625, 176.265762329, 321.170837402, 39.8306427002, 87.0903625488, 115.352203369, -11.2332134247, -83.8644104004, -156.268432617, 32.156452179, 5.09537410736], [153.291381836, 5.28093671799, -199.541183472, -33.7083740234, 39.8306427002, 67.8485183716, 19.7435569763, -52.4101486206, -25.3094272614, 22.0100898743, 36.2475471497, 1.72463214397, -10.5948038101], [-821.212036133, -75.2974472046, 275.689056396, 118.079017639, 87.0903625488, 19.7435569763, 71.2405166626, 81.9055328369, -1.35785734653, -76.2729415894, -89.5372619629, 11.508357048, 37.8503112793], [-1953.84057617, -168.981933594, 1013.54577637, 273.552490234, 115.352203369, -52.4101486206, 81.9055328369, 278.022827148, 24.8390884399, -188.269836426, -260.307159424, 5.92859888077, 92.2710342407], [-92.3869247437, 48.388885498, 74.7634658813, -5.50739192963, -11.2332134247, -25.3094272614, -1.35785734653, 24.8390884399, 44.218208313, 32.7548751831, 16.6855564117, -0.071710921824, -12.4637403488], [1279.22485352, 263.089904785, -595.354858398, -283.596038818, -83.8644104004, 22.0100898743, -76.2729415894, -188.269836426, 32.7548751831, 263.6847229, 250.079483032, -7.23581171036, -120.421463013], [2179.68115234, 232.306335449, -1041.20751953, -318.855743408, -156.268432617, 36.2475471497, -89.5372619629, -260.307159424, 16.6855564117, 250.079483032, 317.10760498, -5.50540351868, -109.047370911], [-267.942108154, -3.84342861176, 72.6815948486, 19.5024642944, 32.156452179, 1.72463214397, 11.508357048, 5.92859888077, -0.071710921824, -7.23581171036, -5.50540351868, 24.9077835083, 12.29641819], [-271.024780273, -145.951660156, 188.422012329, 133.125213623, 5.09537410736, -10.5948038101, 37.8503112793, 92.2710342407, -12.4637403488, -120.421463013, -109.047370911, 12.29641819, 84.7421569824]],
        "icov": [[0.000832988414913, -0.00193842186127, 0.00187880790327, -0.00332924281247, 0.00454874103889, -0.002871357603, 0.00396813033149, -0.00282944436185, 0.00290396460332, -0.00282505596988, 0.00204186630435, -0.00156746292487, 0.000321622937918], [-0.00193842186127, 0.0373733788729, -0.00961530953646, 0.0157528314739, -0.0139697277918, 0.0139507912099, -0.0166354943067, 0.0221617091447, -0.0237077996135, -0.00366522674449, -0.017945414409, 0.0114466305822, 0.00723644718528], [0.00187880790327, -0.00961530953646, 0.00842669792473, -0.00996629521251, 0.00550094246864, -0.0038207299076, 0.0160159133375, -0.0181676447392, 0.0119509799406, -0.00845672562718, 0.0121149821207, -0.0101822828874, 0.00499573117122], [-0.00332924281247, 0.0157528314739, -0.00996629521251, 0.0459501817822, -0.0249387267977, 0.0216072015464, -0.0336352400482, 0.0195859652013, -0.0281150285155, 0.0259488131851, -0.00680711073801, 0.0140146268532, -0.0136978114024], [0.00454874103889, -0.0139697277918, 0.00550094246864, -0.0249387267977, 0.0503249838948, -0.038567636162, 0.0140288174152, -0.0016640489921, 0.011074305512, -0.0116206686944, 0.0176231861115, -0.0258129313588, 0.0166707653552], [-0.002871357603, 0.0139507912099, -0.0038207299076, 0.0216072015464, -0.038567636162, 0.0789902284741, -0.0477043054998, 0.0059697474353, 0.023675121367, -0.00165031536017, -0.0231501106173, 0.0333488024771, -0.0170943643898], [0.00396813033149, -0.0166354943067, 0.0160159133375, -0.0336352400482, 0.0140288174152, -0.0477043054998, 0.0916170179844, -0.0414588078856, 0.00336878863163, -0.0148612018675, 0.0232325922698, -0.0330144949257, 0.0127450106665], [-0.00282944436185, 0.0221617091447, -0.0181676447392, 0.0195859652013, -0.0016640489921, 0.0059697474353, -0.0414588078856, 0.0803661495447, -0.0550836697221, 0.00865854881704, 0.00454885419458, 0.0272863395512, -0.0232986956835], [0.00290396460332, -0.0237077996135, 0.0119509799406, -0.0281150285155, 0.011074305512, 0.023675121367, 0.00336878863163, -0.0550836697221, 0.104625418782, -0.0246721431613, -0.0175012722611, -0.00288467016071, 0.0050428295508], [-0.00282505596988, -0.00366522674449, -0.00845672562718, 0.0259488131851, -0.0116206686944, -0.00165031536017, -0.0148612018675, 0.00865854881704, -0.0246721431613, 0.0564517192543, -0.0228365566581, 0.000921645900235, 0.00746467662975], [0.00204186630435, -0.017945414409, 0.0121149821207, -0.00680711073801, 0.0176231861115, -0.0231501106173, 0.0232325922698, 0.00454885419458, -0.0175012722611, -0.0228365566581, 0.0796289294958, -0.0394209101796, 0.0132574439049], [-0.00156746292487, 0.0114466305822, -0.0101822828874, 0.0140146268532, -0.0258129313588, 0.0333488024771, -0.0330144949257, 0.0272863395512, -0.00288467016071, 0.000921645900235, -0.0394209101796, 0.104178860784, -0.0588764920831], [0.000321622937918, 0.00723644718528, 0.00499573117122, -0.0136978114024, 0.0166707653552, -0.0170943643898, 0.0127450106665, -0.0232986956835, 0.0050428295508, 0.00746467662975, 0.0132574439049, -0.0588764920831, 0.0891918987036]]
    },
    "melbands": {
        "dmean": [2.8134081731e-09, 1.99738625639e-09, 3.48738860012e-09, 3.60287022438e-09, 5.49176926157e-09, 4.42536747869e-06, 0.00108356622513, 0.00136793067213, 1.70046278072e-05, 7.69731855144e-07, 5.64350216337e-07, 5.99486111241e-06, 1.21515604405e-05, 1.73096452727e-06, 1.75914810825e-05, 0.00039146997733, 3.27226880472e-05, 9.68316999206e-06, 1.72387790371e-05, 2.85937471745e-06, 5.4659807347e-07, 4.01917077397e-06, 1.72834927525e-06, 2.92140953206e-06, 1.84223392807e-06, 3.47053287442e-06, 3.19637706525e-06, 3.80779215448e-06, 3.17294552588e-06, 3.21098377754e-06, 1.46895524722e-06, 1.40787540204e-06, 7.24345056824e-07, 1.17015315482e-06, 5.67671008866e-07, 6.65170375669e-07, 4.03852965292e-07, 1.17134916877e-07, 1.43463424251e-07, 1.74843705736e-07],
        "dmean2": [4.34047686682e-09, 3.12551229342e-09, 5.18155252038e-09, 4.69378447221e-09, 8.62440696636e-09, 6.686292636e-06, 0.00132681627292, 0.00182659202255, 2.51342808042e-05, 1.16584396892e-06, 7.95719927282e-07, 8.05775471235e-06, 1.24746848087e-05, 2.33079595091e-06, 2.3022377718e-05, 0.00036867527524, 3.23618514813e-05, 1.41011596497e-05, 2.6151918064e-05, 4.32131491834e-06, 7.39684139717e-07, 5.53507470613e-06, 2.1854696115e-06, 4.37138442066e-06, 2.67384575636e-06, 4.85497639602e-06, 4.61341187474e-06, 5.62569766771e-06, 4.70947497888e-06, 4.4977714424e-06, 2.07293646781e-06, 1.88795036138e-06, 1.02154535853e-06, 1.72992531589e-06, 8.14656516468e-07, 9.87455905488e-07, 6.01954468493e-07, 1.68736619344e-07, 2.11622790403e-07, 2.65478348638e-07],
        "dvar": [1.65999597944e-16, 8.69766120419e-17, 3.98031555115e-16, 3.65094281914e-16, 8.27020576266e-16, 7.29437676927e-10, 3.74811024813e-05, 6.47931665299e-05, 1.10983053858e-08, 2.27985443024e-11, 1.15147795812e-11, 1.24598054096e-09, 4.24585566705e-09, 1.03932362716e-10, 1.02115942369e-08, 4.11420978708e-06, 2.87475305782e-08, 3.41355699263e-09, 1.1594516458e-08, 3.28311183795e-10, 9.83985636027e-12, 5.74644831719e-10, 9.58612772495e-11, 3.10191650144e-10, 1.28034916003e-10, 4.39787761763e-10, 3.88411303121e-10, 5.73139702365e-10, 4.00696670289e-10, 3.77336772939e-10, 8.012095154e-11, 6.92240570421e-11, 1.92217752132e-11, 5.44559432269e-11, 1.22825525792e-11, 1.77103019749e-11, 6.52481801228e-12, 5.25049567626e-13, 7.95367623759e-13, 1.19337265764e-12],
        "dvar2": [4.10368987039e-16, 2.19902260078e-16, 9.92754166159e-16, 8.2054781518e-16, 2.12758879186e-15, 1.80813852779e-09, 7.84325457062e-05, 0.000148354127305, 2.76277258848e-08, 5.79092433728e-11, 2.80376416528e-11, 2.84653123295e-09, 7.3452279814e-09, 2.43303655001e-10, 2.23997247417e-08, 6.22131528871e-06, 5.0753637737e-08, 8.29315283113e-09, 2.92997910378e-08, 8.30267743446e-10, 2.30170240506e-11, 1.36431577147e-09, 2.15512871438e-10, 7.67069463503e-10, 3.15045545207e-10, 1.05721886801e-09, 9.48252809607e-10, 1.42578271412e-09, 1.00762798105e-09, 9.18224662971e-10, 1.93738997067e-10, 1.59864579907e-10, 4.67140701121e-11, 1.3603071447e-10, 2.97949616368e-11, 4.44183578807e-11, 1.63832697408e-11, 1.28212208645e-12, 1.98307017509e-12, 3.03157195528e-12],
        "max": [9.75965122052e-08, 7.30999474285e-08, 1.48851228232e-07, 1.60493797807e-07, 2.35077550315e-07, 0.000188279402209, 0.0460080169141, 0.0580347403884, 0.000727946695406, 3.36057564709e-05, 2.48869691859e-05, 0.0002557351836, 0.000515072722919, 7.49274768168e-05, 0.000751180108637, 0.0166603792459, 0.00139675661922, 0.000412742607296, 0.000727022183128, 0.000123033838463, 2.32565398619e-05, 0.00017152215878, 7.39408860682e-05, 0.000123276244267, 7.86023010733e-05, 0.000148476305185, 0.000137279290357, 0.000163527714903, 0.000136746093631, 0.000138531875564, 6.30412541796e-05, 6.00996499998e-05, 3.09615315928e-05, 4.9970971304e-05, 2.42824444285e-05, 2.83839963231e-05, 1.71986721398e-05, 5.0152843869e-06, 6.18431977273e-06, 7.48787306293e-06],
        "mean": [2.58427812483e-09, 1.96702165667e-09, 2.59476307107e-09, 3.29036020652e-09, 5.49120882098e-09, 2.71802650786e-06, 0.000746625126339, 0.00086562638171, 9.98267296382e-06, 4.8790963092e-07, 3.79826445851e-07, 3.74364299205e-06, 9.83720474323e-06, 1.16672720196e-06, 1.21304929053e-05, 0.000437145878095, 3.48042376572e-05, 6.55194617138e-06, 9.54104962148e-06, 1.58126385941e-06, 3.92308351138e-07, 2.727402034e-06, 1.38408131534e-06, 1.93697405848e-06, 1.09907864498e-06, 2.22461630983e-06, 1.88967089798e-06, 2.10197549677e-06, 1.7671986825e-06, 2.06258027902e-06, 8.93814785741e-07, 9.01804696696e-07, 4.5899562906e-07, 6.30025738246e-07, 3.2054143162e-07, 3.57028540066e-07, 2.16160032096e-07, 6.6512782837e-08, 8.37314360069e-08, 9.95348230504e-08],
        "median": [9.09736397325e-10, 7.58833940129e-10, 2.77698558593e-10, 7.45406930625e-11, 6.7719690966e-11, 9.70365454656e-10, 5.24179100125e-08, 3.03845695271e-08, 1.16291018482e-10, 1.92772464658e-11, 1.742138378e-11, 2.53680132456e-11, 3.12436673755e-11, 1.80387961513e-11, 2.04808218995e-11, 4.77575409774e-11, 2.60147389741e-11, 2.00027737429e-11, 3.27717332438e-11, 1.50168055074e-11, 1.46070343321e-11, 1.75009728931e-11, 1.50251408537e-11, 1.58027306518e-11, 1.43308385991e-11, 1.66406576019e-11, 1.57522848931e-11, 1.43367834965e-11, 1.31948991663e-11, 1.53965729055e-11, 1.48556323493e-11, 1.3621709663e-11, 1.32170333705e-11, 1.23705230087e-11, 1.3860265366e-11, 1.39802648624e-11, 1.32951835305e-11, 1.27035777731e-11, 1.33845105138e-11, 1.28362277405e-11],
        "min": [2.47158088267e-12, 1.15967489518e-12, 5.2991286489e-13, 2.29792557595e-13, 2.03535728853e-13, 1.17670291371e-13, 3.96808474479e-14, 3.42859387528e-14, 1.52904524166e-14, 4.34381399123e-14, 1.08456422825e-13, 1.08638656881e-13, 6.56509013277e-14, 2.86231304771e-14, 7.04353906472e-14, 6.27833966456e-14, 5.09205850228e-14, 1.60426169961e-13, 4.54702092222e-14, 6.4625002127e-14, 8.43438478239e-14, 7.25789599861e-14, 1.37250277875e-13, 5.49907240241e-14, 8.82535689493e-14, 5.36457746172e-14, 1.3589942973e-13, 2.73230467114e-14, 2.59832099955e-14, 5.27928598732e-14, 4.57286423625e-14, 1.74606504385e-13, 7.48159468948e-14, 8.83199424511e-14, 6.58558765246e-14, 2.81504166359e-14, 3.21848125408e-14, 4.45256793946e-14, 1.27007657321e-13, 1.15057892684e-13],
        "stdev": [1.0494296987e-08, 7.94676147109e-09, 1.6105884626e-08, 1.80907573366e-08, 2.70764513033e-08, 2.0345860321e-05, 0.00512743368745, 0.00631617475301, 7.82354109106e-05, 3.61424463335e-06, 2.69199267677e-06, 2.77849303529e-05, 6.14155724179e-05, 8.15549265099e-06, 8.25296665425e-05, 0.00217705080286, 0.000173010717845, 4.4841588533e-05, 7.79834153946e-05, 1.31897240863e-05, 2.55002260019e-06, 1.86099514394e-05, 8.26428095024e-06, 1.33666280817e-05, 8.45385875436e-06, 1.60369872901e-05, 1.47519594975e-05, 1.75347267941e-05, 1.46626862261e-05, 1.49652823893e-05, 6.7903370109e-06, 6.53299139231e-06, 3.34670858138e-06, 5.35772960575e-06, 2.60893989434e-06, 3.0426901958e-06, 1.8436985556e-06, 5.38694052921e-07, 6.6430715151e-07, 8.03509465186e-07],
