{
"lowlevel": {
    "average_loudness": 0.94385522604,
    "barkbands_crest": {
        "dmean": 4.92132377625,
        "dmean2": 9.07200813293,
        "dvar": 27.7860622406,
        "dvar2": 63.6160736084,
        "max": 26.972536087,
        "mean": 13.5745382309,
        "median": 9.22745895386,
        "min": 2.53397607803,
        "stdev": 8.45917034149,
        "var": 71.5575637817
    },
    "barkbands_flatness_db": {
        "dmean": 0.131697490811,
        "dmean2": 0.228026509285,
        "dvar": 0.024575792253,
        "dvar2": 0.0424690581858,
        "max": 0.905231773853,
        "mean": 0.339717119932,
        "median": 0.147280752659,
        "min": 0.0217528305948,
        "stdev": 0.349304378033,
        "var": 0.122013546526
    },
    "barkbands_kurtosis": {
        "dmean": 2248.18579102,
        "dmean2": 4031.36303711,
        "dvar": 51839752,
        "dvar2": 113161952,
        "max": 55555.96875,
        "mean": 5872.02001953,
        "median": 8.05742645264,
        "min": -1.52072167397,
        "stdev": 13956.3173828,
        "var": 194778800
    },
    "barkbands_skewness": {
        "dmean": 10.2860116959,
        "dmean2": 17.926700592,
        "dvar": 776.245056152,
        "dvar2": 1573.50500488,
        "max": 224.637863159,
        "mean": 27.4340934753,
        "median": 1.66363501549,
        "min": -1.26984202862,
        "stdev": 59.0455932617,
        "var": 3486.38208008
    },
    "barkbands_spread": {
        "dmean": 26.332490921,
        "dmean2": 46.3586654663,
        "dvar": 826.717956543,
        "dvar2": 1825.9831543,
        "max": 78.727142334,
        "mean": 31.0394973755,
        "median": 11.9092140198,
        "min": 0.0102717671543,
        "stdev": 32.6502342224,
        "var": 1066.0378418
    },
    "dissonance": {
        "dmean": 0.0401001945138,
        "dmean2": 0.0596383139491,
        "dvar": 0.00277555850334,
        "dvar2": 0.00491061992943,
        "max": 0.499999821186,
        "mean": 0.459202885628,
        "median": 0.480345398188,
        "min": 0.0793318748474,
        "stdev": 0.0617250688374,
        "var": 0.00380998407491
    },
    "dynamic_complexity": 8.81000709534,
    "erbbands_crest": {
        "dmean": 4.93837690353,
        "dmean2": 9.28629875183,
        "dvar": 37.2079124451,
        "dvar2": 71.1901321411,
        "max": 34.4095497131,
        "mean": 13.311914444,
        "median": 5.88265752792,
        "min": 2.20688676834,
        "stdev": 12.0616960526,
        "var": 145.484512329
    },
    "erbbands_flatness_db": {
        "dmean": 0.0606927759945,
        "dmean2": 0.109518304467,
        "dvar": 0.00521432189271,
        "dvar2": 0.0110537651926,
        "max": 0.48434650898,
        "mean": 0.151151552796,
        "median": 0.0778896287084,
        "min": 0.0489140935242,
        "stdev": 0.108568169177,
        "var": 0.0117870476097
    },
    "erbbands_kurtosis": {
        "dmean": 24.9732933044,
        "dmean2": 41.7464790344,
        "dvar": 3113.91821289,
        "dvar2": 8203.97753906,
        "max": 410.96572876,
        "mean": 27.0171604156,
        "median": -0.127020835876,
        "min": -1.30030047894,
        "stdev": 67.4299240112,
        "var": 4546.79492188
    },
    "erbbands_skewness": {
        "dmean": 1.85870730877,
        "dmean2": 3.15649390221,
        "dvar": 4.21137189865,
        "dvar2": 7.94888925552,
        "max": 17.0407962799,
        "mean": 2.40071105957,
        "median": 0.706007838249,
        "min": -1.43645787239,
        "stdev": 3.85596513748,
        "var": 14.8684663773
    },
    "erbbands_spread": {
        "dmean": 22.7256832123,
        "dmean2": 35.4702262878,
        "dvar": 384.269165039,
        "dvar2": 1188.52026367,
        "max": 91.087059021,
        "mean": 43.5015106201,
        "median": 45.0784759521,
        "min": 0.866353392601,
        "stdev": 27.7377433777,
        "var": 769.382385254
    },
    "hfc": {
        "dmean": 74.4006500244,
        "dmean2": 119.241508484,
        "dvar": 5346.63525391,
        "dvar2": 12306.2490234,
        "max": 225.876464844,
        "mean": 65.7345046997,
        "median": 9.04795265198,
        "min": 4.38984765205e-10,
        "stdev": 81.9063186646,
        "var": 6708.64550781
    },
    "loudness_ebu128": {
        "integrated": -10.9455661774,
        "loudness_range": 1.36782836914,
        "momentary": {
            "dmean": 2.01869153976,
            "dmean2": 1.60483789444,
            "dvar": 23.8135051727,
            "dvar2": 7.53436803818,
            "max": -9.34690952301,
            "mean": -13.271487236,
            "median": -11.5024404526,
            "min": -58.9169845581,
            "stdev": 8.57687854767,
            "var": 73.5628509521
        },
        "short_term": {
            "dmean": 0.149225577712,
            "dmean2": 0.0692840591073,
            "dvar": 0.00998503528535,
            "dvar2": 0.00264640129171,
            "max": -10.6042118073,
            "mean": -11.1972732544,
            "median": -11.0021791458,
            "min": -12.2430877686,
            "stdev": 0.513096809387,
            "var": 0.263268321753
        }
    },
    "melbands_crest": {
        "dmean": 5.49378871918,
        "dmean2": 8.98711585999,
        "dvar": 44.3934783936,
        "dvar2": 102.933525085,
        "max": 39.999874115,
        "mean": 21.9579296112,
        "median": 15.7164163589,
        "min": 3.73687338829,
        "stdev": 12.5968742371,
        "var": 158.681228638
    },
    "melbands_flatness_db": {
        "dmean": 0.164620622993,
        "dmean2": 0.279305130243,
        "dvar": 0.0300816558301,
        "dvar2": 0.0551786199212,
        "max": 1,
        "mean": 0.41152715683,
        "median": 0.262518793344,
        "min": 0.042712982744,
        "stdev": 0.344110280275,
        "var": 0.118411876261
    },
    "melbands_kurtosis": {
        "dmean": 39294.015625,
        "dmean2": 76317.9609375,
        "dvar": 12879182848,
        "dvar2": 32762998784,
        "max": 674659.5625,
        "mean": 87284.9609375,
        "median": 21.0570201874,
        "min": -0.542084932327,
        "stdev": 185179.6875,
        "var": 34291517440
    },
    "melbands_skewness": {
        "dmean": 42.301612854,
        "dmean2": 79.4894332886,
        "dvar": 16110.4091797,
        "dvar2": 35458.1992188,
        "max": 742.305541992,
        "mean": 122.695220947,
        "median": 3.36629533768,
        "min": 0.567418158054,
        "stdev": 245.759048462,
        "var": 60397.5078125
    },
    "melbands_spread": {
        "dmean": 28.3926124573,
        "dmean2": 43.8856391907,
        "dvar": 829.137817383,
        "dvar2": 1949.63635254,
        "max": 159.627059937,
        "mean": 26.4797935486,
        "median": 5.45788669586,
        "min": 0.00121544627473,
        "stdev": 32.4843940735,
        "var": 1055.23583984
    },
    "pitch_salience": {
        "dmean": 0.109806247056,
        "dmean2": 0.177024260163,
        "dvar": 0.0236300546676,
        "dvar2": 0.0496692918241,
        "max": 0.920734941959,
        "mean": 0.459374219179,
        "median": 0.645639538765,
        "min": 0.000167442762177,
        "stdev": 0.310814589262,
        "var": 0.0966057032347
    },
    "silence_rate_20dB": {
        "dmean": 0,
        "dmean2": 0,
        "dvar": 0,
        "dvar2": 0,
        "max": 1,
        "mean": 1,
        "median": 1,
        "min": 1,
        "stdev": 0,
        "var": 0
    },
    "silence_rate_30dB": {
        "dmean": 0,
        "dmean2": 0,
        "dvar": 0,
        "dvar2": 0,
        "max": 1,
        "mean": 1,
        "median": 1,
        "min": 1,
        "stdev": 0,
        "var": 0
    },
    "silence_rate_60dB": {
        "dmean": 0.051724139601,
        "dmean2": 0.104046240449,
        "dvar": 0.0490487404168,
        "dvar2": 0.10478130728,
        "max": 1,
        "mean": 0.274285703897,
        "median": 0,
        "min": 0,
        "stdev": 0.446153640747,
        "var": 0.19905307889
    },
    "spectral_centroid": {
        "dmean": 1045.62072754,
        "dmean2": 1605.43640137,
        "dvar": 832372.625,
        "dvar2": 2138323.5,
        "max": 4180.30810547,
        "mean": 1641.25415039,
        "median": 2006.59814453,
        "min": 27.2568645477,
        "stdev": 1299.12792969,
        "var": 1687733.25
    },
    "spectral_complexity": {
        "dmean": 17.5517234802,
        "dmean2": 27.8670520782,
        "dvar": 279.948364258,
        "dvar2": 631.120849609,
        "max": 57,
        "mean": 19.0628566742,
        "median": 8,
        "min": 0,
        "stdev": 20.5807418823,
        "var": 423.566955566
    },
    "spectral_decrease": {
        "dmean": 2.14219730843e-09,
        "dmean2": 3.48880035972e-09,
        "dvar": 5.17491304966e-18,
        "dvar2": 1.07408327205e-17,
        "max": -2.42735484324e-21,
        "mean": -5.90376769694e-09,
        "median": -6.57185061925e-09,
        "min": -1.16451062127e-08,
        "stdev": 4.3921830617e-09,
        "var": 1.9291272981e-17
    },
    "spectral_energy": {
        "dmean": 0.0142929237336,
        "dmean2": 0.02046100609,
        "dvar": 0.000157804126502,
        "dvar2": 0.000447565951617,
        "max": 0.0612364113331,
        "mean": 0.0282444898039,
        "median": 0.0284697823226,
        "min": 4.89786196897e-14,
        "stdev": 0.0224305670708,
        "var": 0.000503130373545
    },
    "spectral_energyband_high": {
        "dmean": 0.00655734399334,
        "dmean2": 0.0105587495491,
        "dvar": 4.20666729042e-05,
        "dvar2": 9.67614978435e-05,
        "max": 0.0194823015481,
        "mean": 0.00544123118743,
        "median": 0.000375233212253,
        "min": 3.12516329547e-14,
        "stdev": 0.00708840414882,
        "var": 5.02454749949e-05
    },
    "spectral_energyband_low": {
        "dmean": 0.00424416549504,
        "dmean2": 0.00634561944753,
        "dvar": 1.3468553334e-05,
        "dvar2": 3.080166789e-05,
        "max": 0.0189188979566,
        "mean": 0.00798237416893,
        "median": 0.0081828283146,
        "min": 5.38914251834e-15,
        "stdev": 0.00640519661829,
        "var": 4.10265420214e-05
    },
    "spectral_energyband_middle_high": {
        "dmean": 0.00569902313873,
        "dmean2": 0.00923676695675,
        "dvar": 3.49771216861e-05,
        "dvar2": 9.28287190618e-05,
        "max": 0.0192676968873,
        "mean": 0.00440931506455,
        "median": 0.000503382412717,
        "min": 4.91421961514e-15,
        "stdev": 0.00604184344411,
        "var": 3.65038722521e-05
    },
    "spectral_energyband_middle_low": {
        "dmean": 0.0084845488891,
        "dmean2": 0.0147602669895,
        "dvar": 9.4445211289e-05,
        "dvar2": 0.000200171212782,
        "max": 0.0324336327612,
        "mean": 0.0111610144377,
        "median": 0.00626243790612,
        "min": 2.97849670309e-15,
        "stdev": 0.0114781400189,
        "var": 0.000131747699925
    },
    "spectral_entropy": {
        "dmean": 0.903216063976,
        "dmean2": 1.49050283432,
        "dvar": 1.05884706974,
        "dvar2": 2.3936419487,
        "max": 8.9290561676,
        "mean": 7.51831769943,
        "median": 8.46228027344,
        "min": 3.45174241066,
        "stdev": 1.56969237328,
        "var": 2.46393418312
    },
    "spectral_flux": {
        "dmean": 0.0298059564084,
        "dmean2": 0.0524298325181,
        "dvar": 0.00088110024808,
        "dvar2": 0.00185573962517,
        "max": 0.218041062355,
        "mean": 0.125722676516,
        "median": 0.165589943528,
        "min": 2.93275988952e-05,
        "stdev": 0.0793809816241,
        "var": 0.00630133971572
    },
    "spectral_kurtosis": {
        "dmean": 25.5283565521,
        "dmean2": 39.8960494995,
        "dvar": 3919.95288086,
        "dvar2": 7887.03564453,
        "max": 429.031433105,
        "mean": 24.2447795868,
        "median": 2.79916810989,
        "min": 1.74773597717,
        "stdev": 68.9507446289,
        "var": 4754.20556641
    },
    "spectral_rms": {
        "dmean": 0.00127308128867,
        "dmean2": 0.00182215857785,
        "dvar": 1.23221263948e-06,
        "dvar2": 2.90608772957e-06,
        "max": 0.00772934919223,
        "mean": 0.00443278346211,
        "median": 0.0052702371031,
        "min": 6.91259849361e-09,
        "stdev": 0.00281176692806,
        "var": 7.9060328062e-06
    },
    "spectral_rolloff": {
        "dmean": 2961.30932617,
        "dmean2": 5392.26513672,
        "dvar": 12330272,
        "dvar2": 19383402,
        "max": 17334.2285156,
        "mean": 3045.28637695,
        "median": 215.33203125,
        "min": 0,
        "stdev": 3713.0925293,
        "var": 13787057
    },
    "spectral_skewness": {
        "dmean": 1.6167627573,
        "dmean2": 2.54110360146,
        "dvar": 7.09967517853,
        "dvar2": 12.6545886993,
        "max": 18.6782569885,
        "mean": 2.74519562721,
        "median": 1.37621843815,
        "min": 1.09271264076,
        "stdev": 3.46819043159,
        "var": 12.028345108
    },
    "spectral_spread": {
        "dmean": 2131169,
        "dmean2": 3540864.75,
        "dvar": 9.79024897638e+12,
        "dvar2": 2.59816496824e+13,
        "max": 28794128,
        "mean": 7795964.5,
        "median": 7558305,
        "min": 313625.75,
        "stdev": 3689139.5,
        "var": 1.36097510195e+13
    },
    "spectral_strongpeak": {
        "dmean": 0.23364380002,
        "dmean2": 0.359157472849,
        "dvar": 0.0650544390082,
        "dvar2": 0.147425472736,
        "max": 1.24599850178,
        "mean": 0.281436532736,
        "median": 0.165406510234,
        "min": 0,
        "stdev": 0.318093210459,
        "var": 0.101183287799
    },
    "zerocrossingrate": {
        "dmean": 0.0497738197446,
        "dmean2": 0.0724123939872,
        "dvar": 0.00225253310055,
        "dvar2": 0.00439305277541,
        "max": 0.47900390625,
        "mean": 0.0698046907783,
        "median": 0.0654296875,
        "min": 0,
        "stdev": 0.0682479664683,
        "var": 0.00465778494254
    },
    "barkbands": {
        "dmean": [0.000609855458606, 0.00381348119117, 0.00137372640893, 0.00355263170786, 0.00528021296486, 0.00259394594468, 0.000229904835578, 0.000186285673408, 0.000774079351686, 0.000249087344855, 0.00118579925038, 0.000195407788851, 0.000304398272419, 0.000442489545094, 0.00119050324429, 0.000403954385547, 0.000386376283132, 0.000593203643803, 0.000613070325926, 0.000972727837507, 0.000772696803324, 0.000943891180214, 0.00121582613792, 0.00094704615185, 0.000922663952224, 0.000712059321813, 0.000652875343803],
        "dmean2": [0.00111401593313, 0.00606945157051, 0.00260503729805, 0.00682850508019, 0.00867209862918, 0.00422439677641, 0.000401013705414, 0.000321135885315, 0.00133133213967, 0.000424220459536, 0.00219978252426, 0.000305623718305, 0.000469961902127, 0.000700883625541, 0.00213526678272, 0.000686112558469, 0.000642288825475, 0.000964242150076, 0.0010062585352, 0.00162108358927, 0.00125141814351, 0.0015375277726, 0.00194776779972, 0.00155527656898, 0.00154436565936, 0.00114122033119, 0.00115738483146],
        "dvar": [4.27303319839e-07, 1.39979620144e-05, 1.92266134036e-06, 2.14376304939e-05, 2.99853800243e-05, 7.31382760932e-06, 6.25360385698e-08, 4.15748857563e-08, 7.13252688911e-07, 6.92338772978e-08, 2.34266781263e-06, 4.23142445527e-08, 1.1905822106e-07, 1.96503066263e-07, 1.92218180928e-06, 1.86413458891e-07, 1.56068082902e-07, 3.80900388564e-07, 3.89316113569e-07, 1.0962255601e-06, 6.07561560173e-07, 8.95598361694e-07, 1.52067332237e-06, 9.02282408788e-07, 9.06704599402e-07, 5.00447470131e-07, 5.53272570869e-07],
        "dvar2": [1.24647749544e-06, 4.26096230512e-05, 6.64785602567e-06, 5.62539134989e-05, 6.29463611403e-05, 2.18882469198e-05, 1.87317027667e-07, 9.87880426351e-08, 1.76618004843e-06, 2.09923882721e-07, 6.09545895713e-06, 1.26150922597e-07, 3.56451863581e-07, 5.50209733774e-07, 4.73061618322e-06, 4.45884893452e-07, 3.53644082907e-07, 9.65151002674e-07, 9.50653145537e-07, 2.77785625258e-06, 1.40669533266e-06, 2.03694230549e-06, 3.78503955289e-06, 1.94791277863e-06, 2.12344048123e-06, 1.17065542327e-06, 1.06268646505e-06],
        "max": [0.00513695413247, 0.0151502080262, 0.0049383691512, 0.0137157142162, 0.019787909463, 0.00889146514237, 0.000903377193026, 0.000894967699423, 0.00262887496501, 0.0008802061202, 0.00450687808916, 0.000756571884267, 0.00123541301582, 0.00136171863414, 0.0039653070271, 0.00131443853024, 0.00122648850083, 0.00199255719781, 0.001892226981, 0.00338855711743, 0.00246037985198, 0.00274083670229, 0.00400049984455, 0.00277490657754, 0.0028689254541, 0.00222688564099, 0.00213008746505],
        "mean": [0.00078253011452, 0.00476995483041, 0.00154689769261, 0.00233795098029, 0.00568548357114, 0.00208020233549, 0.000248352385825, 0.000174298038473, 0.000553437974304, 0.000254600134213, 0.000725115300156, 0.000160744864843, 0.000237785148784, 0.000421993172495, 0.000777561566792, 0.000297613965813, 0.000304398650769, 0.000451760686701, 0.00045666799997, 0.000693077396136, 0.000680900877342, 0.000752768071834, 0.000948116881773, 0.000811295991298, 0.000683033140376, 0.000599395425525, 0.000654894800391],
        "median": [0.000653549504932, 0.00334153277799, 0.00111235724762, 0.000572750752326, 0.00231200759299, 0.000713038723916, 0.000147368657053, 0.000101057143183, 8.13617734821e-05, 7.59450194892e-05, 8.40193824843e-05, 3.54247313226e-05, 2.22395556193e-05, 8.58624043758e-05, 4.85605487484e-05, 3.43195570167e-05, 1.29859308799e-05, 3.12928605126e-05, 2.91277701763e-05, 3.12769225275e-05, 6.59755896777e-05, 5.05806528963e-05, 6.47639244562e-05, 6.17446130491e-05, 3.58420984412e-05, 4.39548566646e-05, 6.5811938839e-05],
        "min": [1.91480141001e-15, 2.57888032286e-15, 1.33292429184e-15, 9.57428445336e-16, 1.03546792011e-15, 2.3123279482e-16, 2.85464291027e-16, 2.53908952079e-16, 1.63588306901e-16, 1.98433905627e-16, 1.23176801739e-16, 2.13334164773e-17, 6.63510355214e-18, 3.63346330166e-17, 1.24681952817e-16, 5.41380737661e-16, 1.52970894491e-16, 9.85382014903e-16, 1.95985403369e-15, 1.61069445321e-15, 3.07121208246e-15, 1.80109549542e-15, 5.54730601596e-15, 2.18464683701e-15, 4.22678588636e-15, 7.76089109834e-15, 7.00501498984e-15],
        "stdev": [0.000704761710949, 0.00460802717134, 0.0015337675577, 0.00385379232466, 0.00646822387353, 0.00272390106693, 0.00026569259353, 0.000213611667277, 0.000812974234577, 0.000281546177575, 0.00128735951148, 0.000212203405681, 0.000341816514265, 0.000496216700412, 0.00124972336926, 0.000425884587457, 0.000414657348301, 0.000631237286143, 0.000639591540676, 0.00102508277632, 0.00085919193225, 0.00101251364686, 0.00129578134511, 0.00104164378718, 0.000965290295426, 0.000775105028879, 0.00079897971591],
        "var": [4.96689096963e-07, 2.12339145946e-05, 2.35244283431e-06, 1.48517156049e-05, 4.18379204348e-05, 7.41963731343e-06, 7.05925486955e-08, 4.56299424911e-08, 6.60927071294e-07, 7.92682541828e-08, 1.65729454693e-06, 4.50302870547e-08, 1.16838535291e-07, 2.46230996481e-07, 1.56180851718e-06, 1.81377671993e-07, 1.71940726545e-07, 3.98460542783e-07, 4.09077330232e-07, 1.05079459445e-06, 7.38210815143e-07, 1.02518390577e-06, 1.67904931914e-06, 1.08502183593e-06, 9.31785393732e-07, 6.00787814165e-07, 6.38368589989e-07]
    },
    "erbbands": {
        "dmean": [0.182314306498, 0.632510066032, 1.69542038441, 6.16211414337, 17.1388568878, 18.6700458527, 36.5882263184, 11.8290719986, 2.75247764587, 3.05071496964, 8.11636161804, 15.1725063324, 7.98398208618, 33.3967819214, 32.486782074, 7.26020431519, 11.3009567261, 18.3780727386, 50.5586929321, 44.321018219, 20.5475940704, 21.2109565735, 34.55027771, 29.1635723114, 38.5109024048, 42.8890686035, 37.3966140747, 29.1459140778, 32.7121315002, 35.3237686157, 35.6965293884, 23.4700317383, 14.0145225525, 9.92371559143, 6.37659883499, 3.79998397827, 1.13229906559, 0.361455202103, 0.093580365181, 0.0110414400697],
        "dmean2": [0.329118132591, 0.926814436913, 3.1449239254, 11.5724191666, 31.8976421356, 30.2589130402, 58.7962989807, 18.5581912994, 4.15750741959, 4.74045467377, 14.000538826, 25.7139911652, 12.8137550354, 60.9894828796, 58.6100463867, 10.8433494568, 16.9551773071, 31.0157032013, 86.9638137817, 78.1653671265, 33.8045959473, 35.2356033325, 57.5865974426, 46.9711341858, 65.9909286499, 69.3970413208, 59.6799964905, 46.2715644836, 53.1274032593, 57.8231163025, 58.4480056763, 37.9534683228, 23.1001548767, 16.4457702637, 10.7010288239, 6.1007475853, 1.85101938248, 0.582032501698, 0.151656910777, 0.018585421145],
        "dvar": [0.0325040072203, 0.351969003677, 2.69320750237, 53.8205528259, 474.697998047, 374.116638184, 1470.61291504, 144.91468811, 7.21573877335, 9.29898071289, 78.8167953491, 265.203948975, 71.7210083008, 1745.59411621, 1554.68603516, 55.0094642639, 154.820739746, 409.07901001, 3084.80712891, 2493.03833008, 460.72644043, 471.936340332, 1355.55310059, 829.685424805, 1808.99499512, 2045.47741699, 1340.57666016, 873.387390137, 1064.04333496, 1254.08239746, 1404.49255371, 555.415893555, 199.490478516, 100.257377625, 44.0753746033, 14.4970378876, 1.28758120537, 0.13456453383, 0.00953052472323, 0.000139138370287],
        "dvar2": [0.100417822599, 0.948386371136, 9.28753948212, 145.427200317, 1247.18664551, 960.799316406, 3784.17675781, 437.31628418, 21.7706718445, 23.7470340729, 193.930404663, 654.39050293, 218.16998291, 4522.59375, 4065.37475586, 172.905303955, 466.59777832, 1123.55810547, 7687.30273438, 6151.41259766, 1145.53979492, 1069.36328125, 3389.4284668, 1963.44165039, 4480.65917969, 5260.92138672, 3188.43652344, 2182.65087891, 2436.52319336, 2764.37890625, 3528.95581055, 1259.0838623, 443.796783447, 227.772689819, 104.297973633, 35.7624702454, 2.80587625504, 0.314251571894, 0.0232513099909, 0.000301690597553],
        "max": [0.656231045723, 2.79671835899, 5.97544002533, 22.3525066376, 70.737449646, 70.8434295654, 138.546875, 42.9188995361, 11.6806373596, 12.03424263, 28.9716205597, 52.3829841614, 30.9287414551, 124.52053833, 117.834152222, 27.1396064758, 45.1347541809, 62.2840003967, 168.606430054, 149.650924683, 69.0358047485, 68.3609466553, 117.6354599, 85.1599121094, 133.346374512, 151.163360596, 111.174133301, 96.6301651001, 94.5385131836, 102.325485229, 123.180595398, 72.8859863281, 43.0747184753, 29.5958766937, 20.2049026489, 12.0116739273, 3.38725924492, 1.17505419254, 0.326154500246, 0.0367190688848],
        "mean": [0.161031782627, 0.964943528175, 1.78418958187, 5.30258369446, 13.1889801025, 15.8363571167, 30.127614975, 10.6273651123, 3.79565501213, 3.73716855049, 6.36062002182, 11.2263460159, 8.18027114868, 21.2068958282, 21.0729904175, 6.420586586, 9.45449829102, 18.606092453, 35.3924751282, 30.3223514557, 15.5398578644, 16.7366752625, 25.4519252777, 23.215927124, 26.7460823059, 32.1358337402, 31.7574214935, 24.1075134277, 26.1804962158, 29.4189815521, 26.246219635, 19.9439086914, 11.5014324188, 7.72877788544, 4.65698194504, 2.95566082001, 0.988896906376, 0.31637391448, 0.0853945761919, 0.0105760339648],
        "median": [0.0868126749992, 0.824624836445, 1.16000771523, 2.73258757591, 6.13314580917, 6.19640254974, 8.572057724, 4.64040994644, 3.1790664196, 2.12446928024, 1.78198385239, 1.9560520649, 2.53850769997, 2.38855552673, 2.94954967499, 1.25727212429, 0.971708893776, 3.46032333374, 3.70979380608, 3.08600354195, 1.50895094872, 0.677912652493, 1.60807263851, 1.7526204586, 1.35029911995, 1.38035511971, 2.70988583565, 2.21828699112, 1.85246312618, 2.24702143669, 1.25195848942, 1.69173014164, 0.699035346508, 0.454780548811, 0.231601670384, 0.183006137609, 0.0774996355176, 0.0324576050043, 0.0104533266276, 0.00105061230715],
        "min": [9.90282346142e-14, 5.01874204088e-13, 1.43087820238e-12, 2.64143481393e-12, 3.50548344692e-12, 3.33816004353e-12, 2.31685612535e-12, 1.87755345125e-12, 3.31379303338e-12, 5.35430510692e-12, 5.14191163606e-12, 3.72042674446e-12, 5.134377732e-12, 6.58527052333e-12, 3.6580430525e-12, 6.91985965057e-13, 3.06598333961e-13, 1.47544726003e-12, 2.44007418437e-12, 2.04718811347e-11, 2.24337319554e-11, 1.12561644033e-11, 3.96224615618e-11, 1.15301115877e-10, 7.71434652269e-11, 7.08958239337e-11, 1.02590110018e-10, 1.20179130536e-10, 5.74964485744e-11, 1.49988063636e-10, 1.27736793365e-10, 3.56555375502e-11, 4.76530342963e-11, 3.85575946171e-11, 3.40561780166e-11, 3.15895920533e-11, 1.33793601198e-11, 4.04765500631e-12, 1.05973780098e-12, 9.49814364529e-14],
        "stdev": [0.183568254113, 0.870260536671, 1.80411148071, 6.73692750931, 19.3688411713, 20.5553073883, 40.1374473572, 12.8582468033, 3.56472611427, 3.82400846481, 8.73554325104, 16.0456161499, 9.22472000122, 35.9646720886, 34.5722389221, 7.98407745361, 12.8382310867, 21.6914806366, 52.9310913086, 46.5065689087, 21.7682704926, 22.8169803619, 36.5995178223, 30.921585083, 40.495891571, 45.8605690002, 40.4607467651, 31.7384529114, 35.0187339783, 38.4497833252, 37.7859611511, 25.8187236786, 15.1480417252, 10.5030832291, 6.6599111557, 4.01475906372, 1.25434970856, 0.40265417099, 0.106828957796, 0.0129804667085],
        "var": [0.0336973033845, 0.757353425026, 3.25481820107, 45.3861923218, 375.152038574, 422.520629883, 1611.01464844, 165.334518433, 12.7072725296, 14.623041153, 76.3097229004, 257.46182251, 85.0954589844, 1293.4576416, 1195.23974609, 63.7454948425, 164.820175171, 470.520324707, 2801.70043945, 2162.86108398, 473.857635498, 520.614624023, 1339.52478027, 956.144470215, 1639.9173584, 2103.19189453, 1637.07214355, 1007.3293457, 1226.31164551, 1478.38586426, 1427.77880859, 666.606445312, 229.463165283, 110.31476593, 44.3544158936, 16.1182899475, 1.57339322567, 0.162130385637, 0.0114124268293, 0.000168492522789]
    },
    "gfcc": {
        "mean": [-200.063476562, 44.8155899048, -27.9101581573, 33.0403366089, -22.4019241333, 15.0551118851, -15.0026550293, 0.220100313425, -10.4931516647, 0.1689632833, -7.99001836777, 1.16387486458, -0.193561285734],
        "cov": [[152984.03125, -5469.30078125, -16365.3251953, -3677.39501953, -10895.4882812, -3588.32617188, -8246.41699219, -4091.31884766, -6273.0546875, -2285.07446289, -4584.27099609, -858.940979004, -1710.24536133], [-5469.30078125, 4300.26220703, 1803.49682617, -204.290969849, 223.365478516, -64.1626205444, 337.763519287, 18.7240695953, 333.915466309, -86.9648742676, 21.7976150513, -260.085876465, -84.9314880371], [-16365.3251953, 1803.49682617, 2305.05810547, 382.178710938, 1186.66003418, 351.365234375, 926.571899414, 421.527160645, 736.90625, 206.027008057, 471.494934082, -12.5381402969, 136.669754028], [-3677.39501953, -204.290969849, 382.178710938, 240.505203247, 368.050994873, 156.703201294, 239.175216675, 132.518920898, 175.825668335, 98.6865158081, 141.466888428, 45.4769325256, 53.3558044434], [-10895.4882812, 223.365478516, 1186.66003418, 368.050994873, 940.163818359, 334.139434814, 665.186279297, 321.497039795, 479.717315674, 187.482528687, 381.362701416, 98.5409622192, 164.33946228], [-3588.32617188, -64.1626205444, 351.365234375, 156.703201294, 334.139434814, 152.64642334, 239.284973145, 116.12046814, 163.771026611, 82.1885528564, 129.985961914, 46.04454422, 58.5076179504], [-8246.41699219, 337.763519287, 926.571899414, 239.175216675, 665.186279297, 239.284973145, 502.212188721, 240.817367554, 368.302368164, 138.427886963, 274.257171631, 59.2243919373, 109.89138031], [-4091.31884766, 18.7240695953, 421.527160645, 132.518920898, 321.497039795, 116.12046814, 240.817367554, 139.682525635, 185.802581787, 79.162979126, 142.408691406, 37.1515960693, 55.5500450134], [-6273.0546875, 333.915466309, 736.90625, 175.825668335, 479.717315674, 163.771026611, 368.302368164, 185.802581787, 290.29699707, 107.223197937, 202.118331909, 34.386138916, 71.7168960571], [-2285.07446289, -86.9648742676, 206.027008057, 98.6865158081, 187.482528687, 82.1885528564, 138.427886963, 79.162979126, 107.223197937, 61.6067657471, 81.8617019653, 29.4860706329, 29.9059886932], [-4584.27099609, 21.7976150513, 471.494934082, 141.466888428, 381.362701416, 129.985961914, 274.257171631, 142.408691406, 202.118331909, 81.8617019653, 170.830795288, 50.8049278259, 74.8407363892], [-858.940979004, -260.085876465, -12.5381402969, 45.4769325256, 98.5409622192, 46.04454422, 59.2243919373, 37.1515960693, 34.386138916, 29.4860706329, 50.8049278259, 49.6428871155, 40.724697113], [-1710.24536133, -84.9314880371, 136.669754028, 53.3558044434, 164.33946228, 58.5076179504, 109.89138031, 55.5500450134, 71.7168960571, 29.9059886932, 74.8407363892, 40.724697113, 51.0053329468]],
        "icov": [[0.000148112638271, -0.000296083191643, 0.000818434811663, -0.00123979954515, 0.00125707988627, -0.00165622110944, 0.00156740983948, 0.000491125858389, -0.000347538792994, 0.00175446702633, -0.00202750228345, 0.00136849889532, -0.00114286877215], [-0.000296083191643, 0.00192584155593, -0.00293566728942, 0.00326456013136, -0.00121078256052, 0.00355154532008, -0.00534269632772, 0.00290227890946, -0.00362451258115, -0.000348479952663, 0.00793916359544, -0.00144786620513, 0.00071475567529], [0.000818434811663, -0.00293566728942, 0.0141334533691, -0.0112000666559, 0.00573130231351, -0.00515673169866, 0.00536008505151, 0.007257044781, -0.0193222369999, 0.0158081315458, -0.0180413275957, 0.0274086613208, -0.0131157031283], [-0.00123979954515, 0.00326456013136, -0.0112000666559, 0.0455354712903, -0.0410265848041, -0.00150373787619, 0.0247063171118, -0.018768645823, 0.0114791002125, -0.0487621501088, 0.0314171947539, -0.0112494882196, 0.0226989351213], [0.00125707988627, -0.00121078256052, 0.00573130231351, -0.0410265848041, 0.0779051482677, -0.0336674526334, -0.0321353897452, 0.0304564330727, -0.0187170878053, 0.065626077354, -0.0711106657982, 0.0197810009122, -0.0322442948818], [-0.00165622110944, 0.00355154532008, -0.00515673169866, -0.00150373787619, -0.0336674526334, 0.140040025115, -0.105825074017, -0.00184143835213, 0.061272431165, -0.106465443969, 0.100448064506, -0.0140522290021, -0.0162829011679], [0.00156740983948, -0.00534269632772, 0.00536008505151, 0.0247063171118, -0.0321353897452, -0.105825074017, 0.185292556882, -0.0183871667832, -0.0744844675064, 0.0356132909656, -0.0584851279855, 0.021217674017, 0.00191889842972], [0.000491125858389, 0.00290227890946, 0.007257044781, -0.018768645823, 0.0304564330727, -0.00184143835213, -0.0183871667832, 0.111158743501, -0.0638942569494, 0.00728116417304, -0.0465717576444, 0.0348515026271, -0.0298989154398], [-0.000347538792994, -0.00362451258115, -0.0193222369999, 0.0114791002125, -0.0187170878053, 0.061272431165, -0.0744844675064, -0.0638942569494, 0.204175308347, -0.130809783936, 0.0247207358479, -0.0253342073411, 0.0157325901091], [0.00175446702633, -0.000348479952663, 0.0158081315458, -0.0487621501088, 0.065626077354, -0.106465443969, 0.0356132909656, 0.00728116417304, -0.130809783936, 0.304799467325, -0.099796436727, -0.0786083862185, 0.107328571379], [-0.00202750228345, 0.00793916359544, -0.0180413275957, 0.0314171947539, -0.0711106657982, 0.100448064506, -0.0584851279855, -0.0465717576444, 0.0247207358479, -0.099796436727, 0.23812673986, -0.0428840331733, -0.0400735810399], [0.00136849889532, -0.00144786620513, 0.0274086613208, -0.0112494882196, 0.0197810009122, -0.0140522290021, 0.021217674017, 0.0348515026271, -0.0253342073411, -0.0786083862185, -0.0428840331733, 0.254905283451, -0.208374381065], [-0.00114286877215, 0.00071475567529, -0.0131157031283, 0.0226989351213, -0.0322442948818, -0.0162829011679, 0.00191889842972, -0.0298989154398, 0.0157325901091, 0.107328571379, -0.0400735810399, -0.208374381065, 0.284995287657]]
    },
    "melbands": {
        "dmean": [0.00135565979872, 0.000675307936035, 0.00144321098924, 0.000912779942155, 0.00131948594935, 0.000315222278005, 3.87858744944e-05, 3.14792341669e-05, 8.94423646969e-05, 9.30903697736e-05, 3.75237832486e-05, 0.000122836019727, 0.000126209226437, 3.7047368096e-05, 1.45332778629e-05, 3.6650482798e-05, 3.41142767866e-05, 7.42004922358e-05, 9.90080807242e-05, 3.1734820368e-05, 2.17006509047e-05, 2.23564620683e-05, 2.65636936092e-05, 3.041680975e-05, 2.25269232033e-05, 2.20077745325e-05, 3.7462948967e-05, 2.5291041311e-05, 2.72935085377e-05, 1.46632146425e-05, 1.77288839041e-05, 1.94654385268e-05, 1.79133039637e-05, 1.9971637812e-05, 2.07819739444e-05, 1.92909283214e-05, 1.23251084005e-05, 9.60289708019e-06, 9.61604200711e-06, 8.06141906651e-06],
        "dmean2": [0.00236684177071, 0.00114456680603, 0.00275194342248, 0.00149393372703, 0.00217871111818, 0.000506052572746, 6.06152971159e-05, 5.08051598445e-05, 0.000157456073794, 0.000155860252562, 5.92072610743e-05, 0.000223842143896, 0.00022974377498, 6.37666016701e-05, 2.44797302003e-05, 5.88069524383e-05, 5.80607811571e-05, 0.000125923921587, 0.000178605536348, 5.39605862286e-05, 3.5163899156e-05, 3.67170141544e-05, 4.40248149971e-05, 4.89339327032e-05, 3.64545048797e-05, 3.56971395377e-05, 6.65987899993e-05, 4.00806857215e-05, 4.34679095633e-05, 2.36591240537e-05, 2.81625052594e-05, 3.13496966555e-05, 2.98852755805e-05, 3.27673478751e-05, 3.42085077136e-05, 3.11699222948e-05, 2.01893162739e-05, 1.57718259288e-05, 1.58157654369e-05, 1.34489991979e-05],
        "dvar": [1.70675571098e-06, 4.46971654355e-07, 3.3415933558e-06, 9.57202701102e-07, 1.96175028577e-06, 1.05913514403e-07, 1.49611767419e-09, 9.93706672503e-10, 1.044314768e-08, 9.49672784856e-09, 1.55024060255e-09, 2.33255814663e-08, 2.44952254036e-08, 1.74531344932e-09, 2.53628618108e-10, 1.86389392809e-09, 1.40257772063e-09, 6.52309184446e-09, 1.36405073903e-08, 1.10241005213e-09, 5.05583241939e-10, 5.23773857619e-10, 7.9122508545e-10, 9.4441376941e-10, 4.97063779026e-10, 4.90880891491e-10, 2.01968020086e-09, 6.68059163544e-10, 7.09988290382e-10, 2.30005986479e-10, 3.28300414631e-10, 3.7718300705e-10, 3.34544253411e-10, 4.01901151248e-10, 4.91079787945e-10, 3.87482157471e-10, 1.55604723551e-10, 9.32794883002e-11, 9.44689257376e-11, 6.68635077861e-11],
        "dvar2": [5.3292424127e-06, 1.24242626498e-06, 8.85978442966e-06, 2.19540538637e-06, 4.91696073368e-06, 3.1766373354e-07, 4.47436176998e-09, 2.02571182051e-09, 2.60561527909e-08, 2.32230039643e-08, 4.88199614068e-09, 6.02331979849e-08, 6.39838120264e-08, 4.72579175792e-09, 5.58420365504e-10, 5.58133050887e-09, 3.83888565381e-09, 1.63459308311e-08, 3.37804024753e-08, 2.59884291864e-09, 1.28188115678e-09, 1.29555111084e-09, 1.9110757421e-09, 2.37836239592e-09, 1.15353693264e-09, 1.19961029998e-09, 5.0978017363e-09, 1.68092706421e-09, 1.72310721247e-09, 5.40559486062e-10, 8.43277725426e-10, 8.99693541889e-10, 7.44635242356e-10, 8.67959315531e-10, 1.25130927842e-09, 9.37497190989e-10, 3.3806396571e-10, 2.11147752061e-10, 2.19642123933e-10, 1.48948367529e-10],
        "max": [0.00501548824832, 0.00304095982574, 0.0056765829213, 0.00352632859722, 0.00484098307788, 0.00109004112892, 0.000152496038936, 0.000128391227918, 0.000325149245327, 0.000310331990477, 0.00014781554637, 0.000456798210507, 0.000465593650006, 0.000137553550303, 5.19646819157e-05, 0.000151539905346, 0.000107157087768, 0.000258165993728, 0.000345931359334, 9.43038685364e-05, 7.4746516475e-05, 7.39742536098e-05, 9.07020221348e-05, 9.73722999333e-05, 6.60443474771e-05, 6.75209448673e-05, 0.000138944917126, 8.66608679644e-05, 8.29065829748e-05, 4.99657362525e-05, 6.02922518738e-05, 5.96948157181e-05, 5.43466048839e-05, 5.77817481826e-05, 7.37294176361e-05, 6.312358164e-05, 3.79128505301e-05, 2.97897531709e-05, 2.93941448035e-05, 2.36669766309e-05],
        "mean": [0.00141995039303, 0.00108075595926, 0.0011539736297, 0.00102768884972, 0.00103884155396, 0.000268783274805, 5.4702784837e-05, 3.9445963921e-05, 6.41317601549e-05, 7.09681989974e-05, 3.68660003005e-05, 7.84660951467e-05, 8.0480480392e-05, 2.62938538071e-05, 1.40916981763e-05, 2.7945085094e-05, 3.45756161551e-05, 5.3077168559e-05, 6.39310746919e-05, 2.39380606217e-05, 1.6297073671e-05, 1.6641592083e-05, 1.99647420231e-05, 2.32726888498e-05, 1.808559864e-05, 1.68975857378e-05, 2.42708974838e-05, 1.97637036763e-05, 2.22300768655e-05, 1.29059026222e-05, 1.4417141756e-05, 1.53068740474e-05, 1.39621261042e-05, 1.72396321432e-05, 1.49443776536e-05, 1.51438962348e-05, 1.07239857243e-05, 7.88652414485e-06, 7.45382885725e-06, 6.32472392681e-06],
        "median": [0.000955975963734, 0.000936653814279, 0.000619853672106, 0.000524388044141, 0.000258576037595, 0.000110554850835, 4.5534066885e-05, 2.13551684283e-05, 1.2954759768e-05, 1.21370294437e-05, 1.17307099572e-05, 8.83902612259e-06, 1.11381750685e-05, 4.38795495938e-06, 1.32387037866e-06, 3.10277596327e-06, 7.15150827091e-06, 5.67657252759e-06, 3.76386810785e-06, 3.39351686307e-06, 1.32221020976e-06, 5.71441034936e-07, 9.56855501499e-07, 1.66290897141e-06, 1.39780433983e-06, 1.15121918043e-06, 9.00250711311e-07, 9.51502158841e-07, 2.04366733669e-06, 1.05612230072e-06, 1.54106271566e-06, 1.12296277166e-06, 7.7729481518e-07, 1.55384293521e-06, 7.0501545224e-07, 1.0501998986e-06, 9.32195462156e-07, 6.1480199065e-07, 3.75781240791e-07, 3.54867751184e-07],
        "min": [8.92085570928e-16, 7.20656266799e-16, 4.81298731948e-16, 2.48491991093e-16, 9.3493683538e-17, 4.2816403753e-17, 5.31334238692e-17, 5.92781251234e-17, 3.93617434816e-17, 2.25591078936e-17, 2.59143129311e-17, 2.73278190142e-17, 1.49231025653e-17, 3.64023327867e-18, 3.24021069899e-19, 1.00425568327e-18, 3.02135059963e-18, 2.71280850883e-18, 1.28032851552e-17, 4.13800807199e-17, 2.09618254394e-17, 7.15602302444e-18, 2.44457778306e-17, 4.69579217177e-17, 1.03753562018e-16, 5.52371625426e-17, 5.51542161795e-17, 4.61516985532e-17, 3.99911286661e-17, 1.18591150651e-16, 5.3304256518e-17, 3.43242102425e-17, 2.95118521096e-17, 1.19785890623e-16, 9.27122427046e-17, 2.62679789651e-17, 1.79073154438e-17, 3.89049677299e-17, 1.98446568108e-17, 3.88372084029e-17],
        "stdev": [0.00145356636494, 0.000943896942772, 0.00160425750073, 0.001148075331, 0.00142591760959, 0.000335745338816, 5.09018027515e-05, 4.04188540415e-05, 9.55071882345e-05, 9.845913155e-05, 4.24854879384e-05, 0.000132085508085, 0.000135281414259, 3.91468565795e-05, 1.73804000951e-05, 4.10769607697e-05, 4.00827229896e-05, 7.81127091614e-05, 0.000104345468571, 3.34516917064e-05, 2.29842917179e-05, 2.34856524912e-05, 2.84693542199e-05, 3.20164726872e-05, 2.39871515078e-05, 2.31293797697e-05, 4.01032884838e-05, 2.72616471193e-05, 2.89878171316e-05, 1.65548863151e-05, 1.92079387489e-05, 2.06899949262e-05, 1.91565723071e-05, 2.20230831474e-05, 2.19762241613e-05, 2.07072862395e-05, 1.37283404911e-05, 1.03664560811e-05, 1.01674741018e-05, 8.57519080455e-06],
        "var": [2.11285532714e-06, 8.90941407761e-07, 2.57364195022e-06, 1.31807689741e-06, 2.03324111681e-06, 1.12724926282e-07, 2.59099341982e-09, 1.63368363282e-09, 9.12162256839e-09, 9.6942009975e-09, 1.80501680269e-09, 1.74465810687e-08, 1.83010602228e-08, 1.53247636803e-09, 3.02078334569e-10, 1.68731661976e-09, 1.60662461113e-09, 6.10159478498e-09, 1.08879767424e-08, 1.11901576894e-09, 5.28277699363e-10, 5.51575840557e-10, 8.10504163784e-10, 1.02505448574e-09, 5.75383407586e-10, 5.34968236376e-10, 1.60827362539e-09, 7.43197392516e-10, 8.40293501447e-10, 2.74064243522e-10, 3.68944930162e-10, 4.28075852543e-10, 3.66974284294e-10, 4.85016193874e-10, 4.82954454206e-10, 4.28791668838e-10, 1.8846732508e-10, 1.07463406229e-10, 1.03377521821e-10, 7.35338942515e-11]
    },
    "melbands128": {
