{
"lowlevel": {
    "average_loudness": 0.658709168434,
    "barkbands_crest": {
        "dmean": 0.806027233601,
        "dmean2": 1.04813039303,
        "dvar": 1.16718709469,
        "dvar2": 1.41626107693,
        "max": 25.3335704803,
        "mean": 19.7372531891,
        "median": 22.8557624817,
        "min": 4.55657815933,
        "stdev": 5.7751994133,
        "var": 33.3529281616
    },
    "barkbands_flatness_db": {
        "dmean": 0.0145813319832,
        "dmean2": 0.0150872478262,
        "dvar": 0.000122892684885,
        "dvar2": 0.000116085378977,
        "max": 0.589199960232,
        "mean": 0.323160499334,
        "median": 0.305527180433,
        "min": 0.0677099153399,
        "stdev": 0.15789745748,
        "var": 0.0249316077679
    },
    "barkbands_kurtosis": {
        "dmean": 4.94279813766,
        "dmean2": 6.18730163574,
        "dvar": 58.8632698059,
        "dvar2": 121.903373718,
        "max": 152.195419312,
        "mean": 27.1459140778,
        "median": 7.16130924225,
        "min": -1.78453314304,
        "stdev": 37.6469841003,
        "var": 1417.29541016
    },
    "barkbands_skewness": {
        "dmean": 0.402465432882,
        "dmean2": 0.380972504616,
        "dvar": 0.132317408919,
        "dvar2": 0.202884301543,
        "max": 10.1588468552,
        "mean": 2.42133307457,
        "median": 1.13857650757,
        "min": -1.75766515732,
        "stdev": 3.1661131382,
        "var": 10.024271965
    },
    "barkbands_spread": {
        "dmean": 2.11464929581,
        "dmean2": 2.2125647068,
        "dvar": 11.098906517,
        "dvar2": 14.1464757919,
        "max": 121.953773499,
        "mean": 23.593837738,
        "median": 4.47153949738,
        "min": 0.666076302528,
        "stdev": 36.6575584412,
        "var": 1343.77661133
    },
    "dissonance": {
        "dmean": 0.0228821337223,
        "dmean2": 0.0357275940478,
        "dvar": 0.000587293936405,
        "dvar2": 0.00157058739569,
        "max": 0.495259076357,
        "mean": 0.335512697697,
        "median": 0.366141855717,
        "min": 0.0905285179615,
        "stdev": 0.129293441772,
        "var": 0.0167167950422
    },
    "dynamic_complexity": 31.1521244049,
    "erbbands_crest": {
        "dmean": 0.88620620966,
        "dmean2": 1.04083442688,
        "dvar": 0.653682947159,
        "dvar2": 0.635221898556,
        "max": 30.4651260376,
        "mean": 20.366027832,
        "median": 24.9045333862,
        "min": 3.19351172447,
        "stdev": 9.17025661469,
        "var": 84.0936050415
    },
    "erbbands_flatness_db": {
        "dmean": 0.00962429214269,
        "dmean2": 0.0113933980465,
        "dvar": 6.05913555773e-05,
        "dvar2": 6.14839591435e-05,
        "max": 0.45589953661,
        "mean": 0.248633742332,
        "median": 0.234847202897,
        "min": 0.0656784698367,
        "stdev": 0.126123651862,
        "var": 0.0159071758389
    },
    "erbbands_kurtosis": {
        "dmean": 2.65227222443,
        "dmean2": 3.27157092094,
        "dvar": 15.3584165573,
        "dvar2": 24.6501636505,
        "max": 93.2502212524,
        "mean": 16.7571773529,
        "median": 2.39155864716,
        "min": -1.59662640095,
        "stdev": 25.0140628815,
        "var": 625.703369141
    },
    "erbbands_skewness": {
        "dmean": 0.228037416935,
        "dmean2": 0.280512154102,
        "dvar": 0.0311267133802,
        "dvar2": 0.0535419993103,
        "max": 6.36353635788,
        "mean": 2.28343296051,
        "median": 1.9002263546,
        "min": -0.920219242573,
        "stdev": 2.30030918121,
        "var": 5.29142284393
    },
    "erbbands_spread": {
        "dmean": 3.34006094933,
        "dmean2": 4.04227876663,
        "dvar": 17.4960861206,
        "dvar2": 23.8405570984,
        "max": 124.4688797,
        "mean": 34.2894363403,
        "median": 12.9901666641,
        "min": 1.18554234505,
        "stdev": 37.9182853699,
        "var": 1437.79626465
    },
    "hfc": {
        "dmean": 4.08217811584,
        "dmean2": 4.41918134689,
        "dvar": 368.609588623,
        "dvar2": 752.902954102,
        "max": 260.295410156,
        "mean": 8.34496879578,
        "median": 0.001040569623,
        "min": 4.30061918451e-05,
        "stdev": 34.9732704163,
        "var": 1223.1295166
    },
    "loudness_ebu128": {
        "integrated": -27.7903423309,
        "loudness_range": 0,
        "momentary": {
            "dmean": 3.69217371941,
            "dmean2": 0.605436205864,
            "dvar": 2.17321252823,
            "dvar2": 0.324963122606,
            "max": -22.8909091949,
            "mean": -59.5608711243,
            "median": -63.5829582214,
            "min": -85.6578598022,
            "stdev": 19.5111751556,
            "var": 380.685974121
        },
        "short_term": {
            "dmean": 0,
            "dmean2": 0,
            "dvar": 0,
            "dvar2": 0,
            "max": -31.5925884247,
            "mean": -31.5925884247,
            "median": -31.5925884247,
            "min": -31.5925884247,
            "stdev": 0,
            "var": 0
        }
    },
    "melbands_crest": {
        "dmean": 0.883734166622,
        "dmean2": 1.01666891575,
        "dvar": 2.07971477509,
        "dvar2": 2.46345210075,
        "max": 30.27602005,
        "mean": 24.5102291107,
        "median": 26.3851852417,
        "min": 4.50791406631,
        "stdev": 5.93642091751,
        "var": 35.2410926819
    },
    "melbands_flatness_db": {
        "dmean": 0.0156013937667,
        "dmean2": 0.0140946730971,
        "dvar": 0.000244927447056,
        "dvar2": 0.000148244304,
        "max": 0.675181806087,
        "mean": 0.38601988554,
        "median": 0.380693584681,
        "min": 0.0615441016853,
        "stdev": 0.179239541292,
        "var": 0.032126814127
    },
    "melbands_kurtosis": {
        "dmean": 11.5199975967,
        "dmean2": 14.5791053772,
        "dvar": 306.693603516,
        "dvar2": 482.267242432,
        "max": 411.202423096,
        "mean": 84.3205566406,
        "median": 10.4095478058,
        "min": -0.738107204437,
        "stdev": 124.677391052,
        "var": 15544.4521484
    },
    "melbands_skewness": {
        "dmean": 0.517588555813,
        "dmean2": 0.560701847076,
        "dvar": 0.257324665785,
        "dvar2": 0.299209713936,
        "max": 16.8229522705,
        "mean": 4.82594680786,
        "median": 1.77695524693,
        "min": -0.772896766663,
        "stdev": 5.60203886032,
        "var": 31.3828392029
    },
    "melbands_spread": {
        "dmean": 2.59175777435,
        "dmean2": 3.15892529488,
        "dvar": 38.8363571167,
        "dvar2": 59.529258728,
        "max": 116.780761719,
        "mean": 14.1832017899,
        "median": 2.33883833885,
        "min": 0.963214755058,
        "stdev": 26.4860458374,
        "var": 701.510620117
    },
    "pitch_salience": {
        "dmean": 0.0252196602523,
        "dmean2": 0.0312154814601,
        "dvar": 0.000765449134633,
        "dvar2": 0.00095333304489,
        "max": 0.76505869627,
        "mean": 0.39240577817,
        "median": 0.320695847273,
        "min": 0.248838111758,
        "stdev": 0.13549092412,
        "var": 0.0183577910066
    },
    "silence_rate_20dB": {
        "dmean": 0,
        "dmean2": 0,
        "dvar": 0,
        "dvar2": 0,
        "max": 1,
        "mean": 1,
        "median": 1,
        "min": 1,
        "stdev": 0,
        "var": 0
    },
    "silence_rate_30dB": {
        "dmean": 0.0113636367023,
        "dmean2": 0.0229885056615,
        "dvar": 0.0112344771624,
        "dvar2": 0.0224600192159,
        "max": 1,
        "mean": 0.943820238113,
        "median": 1,
        "min": 0,
        "stdev": 0.230268597603,
        "var": 0.0530236288905
    },
    "silence_rate_60dB": {
        "dmean": 0.0113636367023,
        "dmean2": 0.0229885056615,
        "dvar": 0.0112344808877,
        "dvar2": 0.0224600210786,
        "max": 1,
        "mean": 0.808988749981,
        "median": 1,
        "min": 0,
        "stdev": 0.393098264933,
        "var": 0.154526248574
    },
    "spectral_centroid": {
        "dmean": 85.0560836792,
        "dmean2": 90.1862335205,
        "dvar": 52102.5507812,
        "dvar2": 42320.3945312,
        "max": 3571.65942383,
        "mean": 718.712585449,
        "median": 312.945831299,
        "min": 237.477478027,
        "stdev": 861.256774902,
        "var": 741763.1875
    },
    "spectral_complexity": {
        "dmean": 0.852272748947,
        "dmean2": 0.954023003578,
        "dvar": 13.5122308731,
        "dvar2": 28.8944473267,
        "max": 48,
        "mean": 2.37078642845,
        "median": 0,
        "min": 0,
        "stdev": 6.5931224823,
        "var": 43.4692649841
    },
    "spectral_decrease": {
        "dmean": 1.79609938034e-09,
        "dmean2": 2.04997374631e-09,
        "dvar": 8.02133054209e-17,
        "dvar2": 1.13801033751e-16,
        "max": -6.71950548843e-16,
        "mean": -3.25013527203e-09,
        "median": -9.42430378528e-13,
        "min": -8.54495993963e-08,
        "stdev": 1.23132393171e-08,
        "var": 1.51615866769e-16
    },
    "spectral_energy": {
        "dmean": 0.00714884838089,
        "dmean2": 0.00795615371317,
        "dvar": 0.00123456167057,
        "dvar2": 0.00178976426832,
        "max": 0.346116006374,
        "mean": 0.0130236586556,
        "median": 3.65133860214e-06,
        "min": 6.43688613522e-09,
        "stdev": 0.0493105091155,
        "var": 0.00243152631447
    },
    "spectral_energyband_high": {
        "dmean": 0.00014559981355,
        "dmean2": 0.000100053453934,
        "dvar": 9.92843865788e-07,
        "dvar2": 4.1387750116e-07,
        "max": 0.0128127513453,
        "mean": 0.000198658322915,
        "median": 1.03878914359e-08,
        "min": 2.777700292e-09,
        "stdev": 0.00141329725739,
        "var": 1.99740907192e-06
    },
    "spectral_energyband_low": {
        "dmean": 0.00210477411747,
        "dmean2": 0.00327646080405,
        "dvar": 0.000107729647425,
        "dvar2": 0.000291050906526,
        "max": 0.0872880518436,
        "mean": 0.00191310432274,
        "median": 9.88331265717e-08,
        "min": 1.29263311166e-09,
        "stdev": 0.00988505035639,
        "var": 9.77142190095e-05
    },
    "spectral_energyband_middle_high": {
        "dmean": 0.00165470025968,
        "dmean2": 0.00193861196749,
        "dvar": 6.81456149323e-05,
        "dvar2": 0.000151250089402,
        "max": 0.0928892195225,
        "mean": 0.00255635916255,
        "median": 2.74938671829e-09,
        "min": 7.00453473002e-10,
        "stdev": 0.0115481493995,
        "var": 0.000133359761094
    },
    "spectral_energyband_middle_low": {
        "dmean": 0.00517190620303,
        "dmean2": 0.0054653105326,
        "dvar": 0.000690852990374,
        "dvar2": 0.00114059715997,
        "max": 0.232641339302,
        "mean": 0.00844774395227,
        "median": 3.51863991455e-06,
        "min": 3.07753822426e-10,
        "stdev": 0.0311241485178,
        "var": 0.000968712614849
    },
    "spectral_entropy": {
        "dmean": 0.127746462822,
        "dmean2": 0.11041560024,
        "dvar": 0.0130064375699,
        "dvar2": 0.00794810988009,
        "max": 8.97317695618,
        "mean": 6.11905097961,
        "median": 6.19278287888,
        "min": 3.36338019371,
        "stdev": 1.79170560837,
        "var": 3.21020889282
    },
    "spectral_flux": {
        "dmean": 0.00847810227424,
        "dmean2": 0.00771836657077,
        "dvar": 0.00098120898474,
        "dvar2": 0.00135792745277,
        "max": 0.476059943438,
        "mean": 0.0222820919007,
        "median": 0.000333581585437,
        "min": 7.51216794015e-05,
        "stdev": 0.0737848728895,
        "var": 0.00544420769438
    },
    "spectral_kurtosis": {
        "dmean": 5.50103807449,
        "dmean2": 8.03890991211,
        "dvar": 101.552238464,
        "dvar2": 237.440231323,
        "max": 143.933258057,
        "mean": 28.1718482971,
        "median": 5.20769500732,
        "min": 1.43243169785,
        "stdev": 40.8605995178,
        "var": 1669.58862305
    },
    "spectral_rms": {
        "dmean": 0.000328505178913,
        "dmean2": 0.000338067213306,
        "dvar": 1.70294742929e-06,
        "dvar2": 2.31742910728e-06,
        "max": 0.0183759126812,
        "mean": 0.0014484639978,
        "median": 5.96848512942e-05,
        "min": 2.50597076956e-06,
        "stdev": 0.00325698661618,
        "var": 1.06079614852e-05
    },
    "spectral_rolloff": {
        "dmean": 380.25680542,
        "dmean2": 515.559326172,
        "dvar": 756975.5625,
        "dvar2": 1276516.75,
        "max": 16214.5019531,
        "mean": 2237.27539062,
        "median": 258.3984375,
        "min": 236.865234375,
        "stdev": 4304.08105469,
        "var": 18525114
    },
    "spectral_skewness": {
        "dmean": 0.333744198084,
        "dmean2": 0.43566352129,
        "dvar": 0.226260006428,
        "dvar2": 0.432265758514,
        "max": 10.4854831696,
        "mean": 3.5319981575,
        "median": 2.13624429703,
        "min": 1.10410130024,
        "stdev": 2.85287451744,
        "var": 8.13889312744
    },
    "spectral_spread": {
        "dmean": 414878,
        "dmean2": 585472.625,
        "dvar": 385406107648,
        "dvar2": 516190666752,
        "max": 15453186,
        "mean": 6191140,
        "median": 6957699.5,
        "min": 663273.25,
        "stdev": 4068382.25,
        "var": 1.65517333627e+13
    },
    "spectral_strongpeak": {
        "dmean": 0.12491478771,
        "dmean2": 0.195981755853,
        "dvar": 0.22490683198,
        "dvar2": 0.628991305828,
        "max": 4.25031805038,
        "mean": 0.327976495028,
        "median": 0.0174753889441,
        "min": 0,
        "stdev": 0.727393329144,
        "var": 0.529101014137
    },
    "zerocrossingrate": {
        "dmean": 0.00629771826789,
        "dmean2": 0.00735228089616,
        "dvar": 0.000148204475408,
        "dvar2": 0.000182131814654,
        "max": 0.23583984375,
        "mean": 0.0581658184528,
        "median": 0.0234375,
        "min": 0.01025390625,
        "stdev": 0.0672710761428,
        "var": 0.00452539743856
    },
    "barkbands": {
        "dmean": [7.0718000643e-05, 0.00184149749111, 0.00035271406523, 0.000174478351255, 0.0028895328287, 0.000216582237044, 0.00106809195131, 0.000357705663191, 0.0015107645886, 0.00013700920681, 0.000325621338561, 0.00073500815779, 0.00018837673997, 1.99947808142e-05, 0.000206358745345, 5.65799055039e-05, 8.92042953637e-05, 5.88889233768e-05, 2.68705480266e-05, 3.70944762835e-05, 8.31472498248e-05, 2.21805330511e-05, 5.77540367885e-06, 4.66990832138e-06, 5.08037510372e-06, 6.14662167209e-06, 2.77119443126e-06],
        "dmean2": [9.58408418228e-05, 0.0034141310025, 0.000428983184975, 0.000274119171081, 0.00353230722249, 0.000320644263411, 0.000640197715256, 0.000377376796678, 0.00145276612602, 0.000142293676618, 0.000284350855509, 0.000915974786039, 0.000255616672803, 2.47493335337e-05, 0.000300675659673, 8.70065705385e-05, 0.000159052273375, 3.07985610561e-05, 5.04621129949e-05, 2.29860524996e-05, 5.63316170883e-05, 1.54176905198e-05, 4.61238323624e-06, 3.92536276195e-06, 4.56669522464e-06, 5.33435240868e-06, 2.60580713984e-06],
        "dvar": [8.31996302963e-08, 0.00010756804113, 2.81155598714e-06, 8.61434671151e-07, 0.000157690941705, 1.62374624324e-06, 1.62307242135e-05, 3.78045660909e-06, 5.9959696955e-05, 5.40533619642e-07, 1.47179639498e-06, 1.61106963787e-05, 1.20669653825e-06, 1.14035882959e-08, 1.56498651904e-06, 1.26334725792e-07, 4.49615043863e-07, 1.42202182474e-07, 5.48482823604e-08, 5.95692455363e-08, 3.1755931218e-07, 2.31735839407e-08, 1.88873117146e-09, 1.34169053645e-09, 1.78194536904e-09, 2.46261189218e-09, 5.78778913685e-10],
        "dvar2": [2.27047223689e-07, 0.000318450707709, 5.27441034137e-06, 2.13359430745e-06, 0.000304463203065, 3.98453767048e-06, 6.96883944329e-06, 6.7273717832e-06, 0.000100420467788, 9.65109734352e-07, 1.55363306931e-06, 3.66543463315e-05, 2.77851472674e-06, 1.31913724388e-08, 3.39318512488e-06, 3.16831659575e-07, 1.01930982055e-06, 6.40507025196e-08, 1.03317042033e-07, 2.17872884178e-08, 1.27939159711e-07, 9.91837101338e-09, 1.16405085571e-09, 9.40232780522e-10, 1.45513268102e-09, 1.81665815724e-09, 5.08829145485e-10],
        "max": [0.00215988932177, 0.0783935040236, 0.0131198372692, 0.00675189495087, 0.103018112481, 0.00942863337696, 0.0483170375228, 0.0166312213987, 0.0642898306251, 0.00614666519687, 0.0157990828156, 0.0353478714824, 0.00933376420289, 0.00172112858854, 0.0143499244004, 0.00326553708874, 0.00663027958944, 0.00518139032647, 0.00236177258193, 0.00325957266614, 0.00731695024297, 0.00195187644567, 0.000508222845383, 0.000410939857829, 0.000447055936093, 0.000540878332686, 0.000243839254836],
        "mean": [6.31578805041e-05, 0.0015007017646, 0.000263626192464, 0.00012228632113, 0.00376868527383, 0.000149069077452, 0.00254440214485, 0.000325527886162, 0.00152277667075, 0.000130801039631, 0.00073701137444, 0.000756688416004, 0.000161665695487, 6.48674249533e-05, 0.000336932542268, 6.07565234532e-05, 0.000143872690387, 8.98912767298e-05, 5.45633702131e-05, 5.28098680661e-05, 0.000114591704914, 3.03033721138e-05, 7.24845676814e-06, 5.61915612707e-06, 5.76778211325e-06, 7.08334300725e-06, 2.96512598652e-06],
        "median": [2.73022209285e-08, 9.12203788062e-08, 6.80209333304e-10, 6.49763576277e-11, 3.23488416143e-06, 1.21246221396e-10, 2.82921888584e-07, 2.38614683568e-10, 6.09568950871e-10, 1.91420240769e-10, 2.25317889346e-10, 1.8894905085e-10, 2.12533865507e-10, 2.63406491063e-10, 2.93747332014e-10, 3.06357550439e-10, 3.05564629155e-10, 3.42902539696e-10, 3.90982579646e-10, 4.94664864625e-10, 6.89312662505e-10, 7.86747167414e-10, 8.76439254505e-10, 1.19723153613e-09, 1.58434210196e-09, 2.24076401878e-09, 3.14462766937e-09],
        "min": [1.67245661764e-09, 1.76560450288e-11, 2.09339295031e-12, 1.5449200079e-12, 1.42447956208e-10, 2.64409882877e-11, 1.7786817158e-11, 1.32024538871e-11, 2.0429779396e-11, 1.16461007504e-11, 2.21631497876e-11, 3.1164664599e-11, 4.20946021096e-11, 5.30437707646e-11, 3.88780813099e-11, 6.95394644645e-11, 4.99424807066e-11, 1.23250160078e-10, 1.39166400626e-10, 1.33741476227e-10, 1.50823534217e-10, 1.97884153508e-10, 2.24684812422e-10, 4.91021778792e-10, 4.06097017125e-10, 6.5096628088e-10, 6.7631161782e-10],
        "stdev": [0.000279426516499, 0.00864463858306, 0.00153729284648, 0.000734281376936, 0.0129919629544, 0.00100632559042, 0.00892066117376, 0.00194878166076, 0.00777997821569, 0.00072723836638, 0.00262290076353, 0.00402096379548, 0.00102416728623, 0.000289413146675, 0.00190168153495, 0.00038067571586, 0.000896936340723, 0.000605516601354, 0.000347185996361, 0.000367320026271, 0.000809721357655, 0.00021486330661, 5.46118717466e-05, 4.38394527009e-05, 4.73506624985e-05, 5.74815749133e-05, 2.5741643185e-05],
        "var": [7.80791822308e-08, 7.47297744965e-05, 2.36326923186e-06, 5.39169150215e-07, 0.000168791098986, 1.01269120023e-06, 7.95781888883e-05, 3.79774996873e-06, 6.05280620221e-05, 5.28875602868e-07, 6.87960846335e-06, 1.61681491591e-05, 1.04891864794e-06, 8.37599642978e-08, 3.61639263247e-06, 1.44914011457e-07, 8.04494845852e-07, 3.66650340311e-07, 1.20538118153e-07, 1.34923993755e-07, 6.55648648262e-07, 4.61662423845e-08, 2.98245672603e-09, 1.92189775206e-09, 2.24208540622e-09, 3.30413163496e-09, 6.62632171355e-10]
    },
    "erbbands": {
        "dmean": [0.0581083036959, 0.394855320454, 0.311782747507, 0.690221786499, 2.09112238884, 17.1129760742, 3.4879899025, 2.16179299355, 5.76129436493, 17.9012889862, 7.32605028152, 40.9651832581, 12.503452301, 13.1555900574, 6.60778236389, 38.4184532166, 10.3171224594, 4.16668367386, 9.05161952972, 7.64079093933, 3.6547396183, 3.60340476036, 3.78446817398, 1.19397211075, 2.15726828575, 1.97260427475, 3.99593520164, 1.75449645519, 0.862280130386, 0.312988489866, 0.168525114655, 0.0835708901286, 0.0806144922972, 0.0366607569158, 0.0502078570426, 0.022352932021, 0.01132084243, 0.00380824855529, 0.00044890967547, 2.58569889411e-05],
        "dmean2": [0.1055380404, 0.720138251781, 0.441845595837, 1.04241025448, 2.44753599167, 21.0736751556, 4.50848579407, 3.21514821053, 5.06874132156, 11.2123613358, 6.85557126999, 41.6641464233, 11.9229879379, 11.5118770599, 6.36313056946, 47.7659797668, 13.9472427368, 5.47892332077, 14.2798471451, 9.3745059967, 5.67620611191, 6.85489082336, 2.44849586487, 2.13124871254, 2.33414196968, 1.06764757633, 3.16373205185, 1.00063180923, 0.572520077229, 0.226623848081, 0.128447160125, 0.0668577104807, 0.0686745718122, 0.0311694778502, 0.0455165915191, 0.018202310428, 0.0102454386652, 0.00358642893843, 0.000416258786572, 2.07320517802e-05],
        "dvar": [0.0933783501387, 5.02553606033, 2.63444161415, 12.0069122314, 87.8258209229, 5536.87158203, 234.494430542, 175.90083313, 754.738525391, 4627.89013672, 1478.01574707, 44863.6835938, 4189.77246094, 2599.21557617, 887.794189453, 44145.5117188, 3570.12475586, 542.182800293, 3881.50634766, 1675.03405762, 542.840576172, 948.486755371, 633.687805176, 85.4394607544, 219.908340454, 160.459030151, 898.159240723, 115.952293396, 33.1553001404, 4.80998802185, 1.50087153912, 0.396150797606, 0.40859490633, 0.0834226980805, 0.177351102233, 0.0293792895973, 0.00898974668235, 0.00109610601794, 1.47878199641e-05, 3.35937642149e-08],
        "dvar2": [0.284934073687, 14.5992765427, 4.16148900986, 28.5339813232, 163.354263306, 10735.8896484, 486.022796631, 437.635314941, 671.582946777, 2682.28173828, 2399.09936523, 80812.3671875, 6026.02587891, 2856.03833008, 1576.86291504, 99768.0234375, 8452.29394531, 1226.63671875, 7658.28466797, 3647.89233398, 1370.13122559, 1876.87719727, 235.400115967, 184.350982666, 237.35874939, 65.9281768799, 528.151245117, 57.064666748, 12.8108005524, 2.31831336021, 0.820133805275, 0.246274888515, 0.297669500113, 0.0616702102125, 0.144924968481, 0.0184200033545, 0.00735269952565, 0.00097209616797, 1.26780178107e-05, 2.45984210778e-08],
        "max": [2.25379943848, 17.230047226, 13.2161188126, 25.5015678406, 80.0916900635, 604.344909668, 124.1144104, 98.6629104614, 264.627929688, 817.531311035, 336.957489014, 1737.3125, 543.589050293, 599.319030762, 351.443878174, 1829.25378418, 517.455932617, 219.439300537, 710.907836914, 410.417419434, 216.930053711, 308.404205322, 332.969512939, 93.2410736084, 189.839233398, 173.394470215, 351.642120361, 154.39541626, 75.880317688, 27.5424575806, 14.8297958374, 7.35398387909, 7.09381818771, 3.22510886192, 4.41814422607, 1.9669636488, 0.996178805828, 0.335108935833, 0.0395009256899, 0.00227511976846],
        "mean": [0.0429991558194, 0.334844648838, 0.345364719629, 0.497069120407, 3.07640051842, 21.9739360809, 3.74861240387, 1.71064949036, 16.3074970245, 38.8128204346, 8.00688076019, 39.8556365967, 13.8007154465, 25.5835704803, 12.3825912476, 38.9573402405, 9.48405075073, 4.42855834961, 17.4722080231, 8.54819583893, 4.13582324982, 7.21275281906, 5.32379674911, 2.09498047829, 3.73772335052, 2.95004558563, 4.9575343132, 2.90776014328, 1.21574425697, 0.420685708523, 0.219041123986, 0.105010323226, 0.0960226356983, 0.0444503054023, 0.055900733918, 0.0270481482148, 0.0126180034131, 0.0040772324428, 0.000489995582029, 4.17028313677e-05],
        "median": [2.36523032981e-06, 2.16304833884e-05, 9.12952964427e-06, 4.25695870945e-05, 0.00283358991146, 0.0189262311906, 0.00202855770476, 0.000108562293462, 0.00191718444694, 0.00375073845498, 0.000141494718264, 2.06934819289e-05, 8.45306203701e-06, 1.04324326458e-05, 7.68285099184e-06, 8.46779948915e-06, 1.03167094494e-05, 1.14970980576e-05, 1.39392896017e-05, 1.77667589014e-05, 1.61233656399e-05, 1.79310227395e-05, 1.84781310963e-05, 2.04885927815e-05, 2.20141209866e-05, 2.42782243731e-05, 2.79050254903e-05, 2.79713749478e-05, 2.68990715995e-05, 2.69746069534e-05, 2.49733475357e-05, 2.39246983256e-05, 2.02775991056e-05, 1.64150787896e-05, 1.23217896544e-05, 7.97074335424e-06, 4.54451583209e-06, 1.72944987753e-06, 4.60530685586e-07, 5.2846072407e-08],
        "min": [3.27759188679e-08, 5.90103876874e-09, 5.76983305578e-09, 1.08012327971e-08, 1.41860724057e-07, 6.6542827426e-07, 3.36045502536e-07, 2.77202474308e-07, 4.92995582135e-07, 5.13555448833e-07, 2.79403593595e-07, 3.38328845828e-07, 6.17778823653e-07, 9.09855316422e-07, 1.58790180649e-06, 1.56088481162e-06, 1.99331907424e-06, 2.65553262579e-06, 2.01213902074e-06, 3.75824174625e-06, 3.18538513966e-06, 3.22826554111e-06, 5.61473552807e-06, 7.80450227467e-06, 5.61104479857e-06, 7.04179592503e-06, 4.81323377244e-06, 6.85430495651e-06, 5.94967832512e-06, 8.2169608504e-06, 6.48286004434e-06, 1.10685741674e-05, 6.64908338877e-06, 3.80930487154e-06, 2.95147765428e-06, 1.61848254265e-06, 1.58402110628e-06, 3.80109952403e-07, 9.36337798407e-08, 1.1755695084e-08],
        "stdev": [0.24840465188, 1.90736317635, 1.78953278065, 2.81096363068, 10.2261838913, 75.9935455322, 15.0409927368, 10.5725955963, 55.9691925049, 139.343154907, 41.5422210693, 205.207733154, 69.7759780884, 94.6245803833, 48.683380127, 207.895812988, 57.1240119934, 25.0122680664, 100.082550049, 48.0403862, 25.6917533875, 45.060218811, 37.1947898865, 12.9754705429, 24.3753471375, 20.085067749, 37.8320388794, 18.6062335968, 8.42955589294, 3.00947093964, 1.60564029217, 0.790032327175, 0.755562603474, 0.343803495169, 0.467573791742, 0.21073307097, 0.105440765619, 0.0353735983372, 0.00417326390743, 0.000248419935815],
        "var": [0.0617048703134, 3.6380341053, 3.20242762566, 7.90151691437, 104.574836731, 5775.01855469, 226.231460571, 111.779777527, 3132.55053711, 19416.515625, 1725.75610352, 42110.2148438, 4868.68701172, 8953.81152344, 2370.0715332, 43220.671875, 3263.15283203, 625.613586426, 10016.5175781, 2307.87866211, 660.066162109, 2030.42333984, 1383.45227051, 168.362838745, 594.157592773, 403.409973145, 1431.26318359, 346.191955566, 71.0574111938, 9.0569152832, 2.57808065414, 0.624151051044, 0.570874810219, 0.118200846016, 0.218625247478, 0.044408429414, 0.0111177554354, 0.00125129148364, 1.7416130504e-05, 6.1712469801e-08]
    },
    "gfcc": {
        "mean": [-495.537963867, 78.8621520996, -34.5169448853, 8.79793548584, -55.8801040649, -17.6377487183, -39.1561164856, -14.32558918, -26.4777774811, -8.35758113861, -18.6229114532, -0.569256842136, 0.0306801535189],
        "cov": [[49494.3867188, 15879.9570312, -5028.46044922, -2609.27612305, -912.473388672, 628.742126465, 3358.90332031, 897.021850586, 1329.07312012, -9.23208904266, -18.5867023468, -508.31652832, 475.393188477], [15879.9570312, 10167.2412109, 993.585021973, -1150.55090332, -593.743164062, -162.717880249, 1626.69958496, 648.539001465, 907.764892578, -222.549377441, 4.19450807571, -405.721069336, 408.294799805], [-5028.46044922, 993.585021973, 2629.70043945, 365.492645264, -183.746109009, -388.530670166, -287.254608154, 172.336395264, 129.656814575, 12.9136629105, 3.253272295, -78.3232116699, -29.8885631561], [-2609.27612305, -1150.55090332, 365.492645264, 347.349822998, 12.3867092133, -102.260551453, -334.014373779, -51.608253479, -65.5960083008, 100.332008362, 18.3190994263, 39.9243240356, -109.155738831], [-912.473388672, -593.743164062, -183.746109009, 12.3867092133, 130.599990845, 92.5461959839, -10.8981246948, -19.8768405914, -57.0559539795, -6.64769124985, -12.7035331726, 29.6732902527, 12.7760534286], [628.742126465, -162.717880249, -388.530670166, -102.260551453, 92.5461959839, 189.166641235, 147.541000366, 35.7772674561, -13.2425384521, -21.0617542267, -1.97402536869, 31.3761177063, 50.2446060181], [3358.90332031, 1626.69958496, -287.254608154, -334.014373779, -10.8981246948, 147.541000366, 492.009246826, 167.257400513, 166.141052246, -71.4075317383, -3.87904191017, -50.1151237488, 138.006210327], [897.021850586, 648.539001465, 172.336395264, -51.608253479, -19.8768405914, 35.7772674561, 167.257400513, 150.874450684, 126.922195435, 28.3003311157, 10.2604084015, -22.7139263153, 32.8931808472], [1329.07312012, 907.764892578, 129.656814575, -65.5960083008, -57.0559539795, -13.2425384521, 166.141052246, 126.922195435, 162.994766235, 42.3472366333, 22.9595718384, -36.2338409424, 21.2769470215], [-9.23208904266, -222.549377441, 12.9136629105, 100.332008362, -6.64769124985, -21.0617542267, -71.4075317383, 28.3003311157, 42.3472366333, 107.946578979, 31.7735710144, 11.5111207962, -62.4558868408], [-18.5867023468, 4.19450807571, 3.253272295, 18.3190994263, -12.7035331726, -1.97402536869, -3.87904191017, 10.2604084015, 22.9595718384, 31.7735710144, 34.0244941711, 9.92082881927, -16.8072376251], [-508.31652832, -405.721069336, -78.3232116699, 39.9243240356, 29.6732902527, 31.3761177063, -50.1151237488, -22.7139263153, -36.2338409424, 11.5111207962, 9.92082881927, 31.7114925385, -13.3393650055], [475.393188477, 408.294799805, -29.8885631561, -109.155738831, 12.7760534286, 50.2446060181, 138.006210327, 32.8931808472, 21.2769470215, -62.4558868408, -16.8072376251, -13.3393650055, 68.7115249634]],
        "icov": [[0.000951149500906, -0.0025381683372, 0.00304944580421, -0.000792668201029, 0.00370905641466, -0.00149584689643, 0.00115937972441, -0.00614552153274, 0.00729811284691, -0.00447463942692, 0.0066210962832, -0.00360858859494, 0.00417808210477], [-0.0025381683372, 0.00778094585985, -0.00892295129597, 0.00297608389519, -0.00806230027229, 0.00429050857201, -0.00701490044594, 0.0197739005089, -0.0218415819108, 0.0112645542249, -0.0165243614465, 0.0115228435025, -0.00964595191181], [0.00304944580421, -0.00892295129597, 0.0118441581726, -0.00405712379143, 0.0102856438607, -0.00255983625539, 0.00931235402822, -0.0277059711516, 0.0261223129928, -0.0112235853449, 0.017397807911, -0.0108731510118, 0.00900321267545], [-0.000792668201029, 0.00297608389519, -0.00405712379143, 0.0164031162858, -0.00389274721965, 0.00474617769942, 0.00383412581868, 0.00232927990146, -0.00637861993164, -0.00364883546717, -0.00278611690737, -0.00473372079432, -0.00241138366982], [0.00370905641466, -0.00806230027229, 0.0102856438607, -0.00389274721965, 0.0358361117542, -0.0147432135418, -0.00136494508479, -0.0147251393646, 0.0282851718366, -0.0277266949415, 0.0341657958925, -0.0104834940284, 0.0068047544919], [-0.00149584689643, 0.00429050857201, -0.00255983625539, 0.00474617769942, -0.0147432135418, 0.0372550673783, -0.0107454396784, -0.00709300022572, 0.00554478773847, -0.00156048091594, -0.0105376178399, -0.0241537410766, -0.018644804135], [0.00115937972441, -0.00701490044594, 0.00931235402822, 0.00383412581868, -0.00136494508479, -0.0107454396784, 0.0444239117205, -0.03479879722, 0.00868213828653, 0.00362477195449, -0.00851755589247, 0.00670531531796, -0.0208263583481], [-0.00614552153274, 0.0197739005089, -0.0277059711516, 0.00232927990146, -0.0147251393646, -0.00709300022572, -0.03479879722, 0.10289311409, -0.0807285681367, 0.0140348188579, -0.019418861717, 0.0241778753698, -0.017071986571], [0.00729811284691, -0.0218415819108, 0.0261223129928, -0.00637861993164, 0.0282851718366, 0.00554478773847, 0.00868213828653, -0.0807285681367, 0.117684669793, -0.0639873445034, 0.0300227850676, -0.0168727692217, 0.00188119173981], [-0.00447463942692, 0.0112645542249, -0.0112235853449, -0.00364883546717, -0.0277266949415, -0.00156048091594, 0.00362477195449, 0.0140348188579, -0.0639873445034, 0.096025839448, -0.0442681834102, 0.0174734890461, 0.0453032031655], [0.0066210962832, -0.0165243614465, 0.017397807911, -0.00278611690737, 0.0341657958925, -0.0105376178399, -0.00851755589247, -0.019418861717, 0.0300227850676, -0.0442681834102, 0.118469312787, -0.0740720927715, 0.0483427643776], [-0.00360858859494, 0.0115228435025, -0.0108731510118, -0.00473372079432, -0.0104834940284, -0.0241537410766, 0.00670531531796, 0.0241778753698, -0.0168727692217, 0.0174734890461, -0.0740720927715, 0.146911561489, -0.0296742189676], [0.00417808210477, -0.00964595191181, 0.00900321267545, -0.00241138366982, 0.0068047544919, -0.018644804135, -0.0208263583481, -0.017071986571, 0.00188119173981, 0.0453032031655, 0.0483427643776, -0.0296742189676, 0.152080997825]]
    },
    "melbands": {
        "dmean": [0.000531256606337, 0.00027728988789, 0.000117386392958, 0.000694056332577, 0.0002702473721, 4.5284814405e-05, 0.000138837975101, 0.000164534911164, 5.19491950399e-05, 0.000278635212453, 5.70382071601e-05, 4.84825213789e-05, 2.25657477131e-05, 7.37151058274e-05, 5.44577524124e-05, 2.1925645342e-05, 4.41801921625e-06, 1.37362694659e-05, 1.0323049537e-05, 7.48820275476e-06, 4.97936889587e-06, 6.87231840857e-06, 6.86293833496e-06, 1.33769310651e-06, 1.1506294868e-06, 1.12139923658e-06, 1.74866738689e-06, 1.16332091693e-06, 1.91052481568e-06, 2.69605834546e-06, 6.04785270752e-07, 4.95043025239e-07, 3.5517376773e-07, 1.19163900081e-07, 1.2237677538e-07, 3.92213088674e-08, 5.09057258569e-08, 6.38210693182e-08, 3.42892931826e-08, 2.98989348835e-08],
        "dmean2": [0.00097348523559, 0.000390876550227, 0.000167782753124, 0.000836255901959, 0.000348925619619, 6.90919478075e-05, 0.00010253986693, 0.000107942665636, 5.33256352355e-05, 0.000274917314528, 5.72492717765e-05, 4.34230605606e-05, 2.46974177571e-05, 8.75648838701e-05, 7.46292353142e-05, 2.85256937786e-05, 5.46981573279e-06, 2.17372507905e-05, 1.24751368276e-05, 1.03255424619e-05, 7.94088464318e-06, 1.13051801236e-05, 4.8166734814e-06, 6.93782510552e-07, 1.91709068531e-06, 1.03640206817e-06, 1.263988338e-06, 5.95240010171e-07, 1.65092933457e-06, 1.75952209247e-06, 4.79447066937e-07, 3.51126971054e-07, 2.19896733711e-07, 1.01000622976e-07, 9.93158195683e-08, 2.59358845511e-08, 4.1489645497e-08, 5.46690088754e-08, 2.86489374446e-08, 2.5630670919e-08],
        "dvar": [8.42435201776e-06, 1.8884416022e-06, 3.29076357275e-07, 9.30521673581e-06, 1.35539676194e-06, 8.0430943683e-08, 3.30610021138e-07, 4.48111848073e-07, 7.93397063603e-08, 2.04588627639e-06, 8.7950823513e-08, 3.63950647397e-08, 1.00851149654e-08, 1.60163082796e-07, 9.30002741484e-08, 1.57591308891e-08, 5.42479727805e-10, 8.98110386061e-09, 2.85738699368e-09, 1.9736281498e-09, 1.04559005898e-09, 2.08713912819e-09, 2.23278173728e-09, 7.00429436673e-11, 6.24118812187e-11, 5.54513865381e-11, 1.27510835224e-10, 5.53266529812e-11, 2.35784308744e-10, 3.26853127897e-10, 1.32514780399e-11, 1.17762943494e-11, 5.32898464939e-12, 8.80885479577e-13, 8.66966600507e-13, 6.75387209267e-14, 1.51547299558e-13, 2.5891246612e-13, 7.09018415268e-14, 5.62368043572e-14],
        "dvar2": [2.52373883995e-05, 4.59465945823e-06, 7.50497406443e-07, 1.76520879904e-05, 2.7852374842e-06, 2.03393895504e-07, 1.76381277583e-07, 3.00942332387e-07, 1.4021392758e-07, 3.550597512e-06, 1.21049595236e-07, 3.74827457961e-08, 1.09158824202e-08, 3.50655056991e-07, 2.27689071153e-07, 3.45588624384e-08, 1.14384390848e-09, 1.73029679473e-08, 5.40966071938e-09, 4.72900341109e-09, 2.69883093651e-09, 5.38503330816e-09, 9.45345135506e-10, 2.76449384218e-11, 1.53126761271e-10, 4.91027669913e-11, 8.45875730571e-11, 2.57978256812e-11, 1.7410173303e-10, 1.24187202188e-10, 8.9455318153e-12, 5.31293108466e-12, 1.85027687616e-12, 6.44266812209e-13, 5.52138087855e-13, 2.54786765145e-14, 9.85236469232e-14, 1.88908350768e-13, 5.18981694642e-14, 4.17981655418e-14],
        "max": [0.0218185298145, 0.012130943127, 0.0044381278567, 0.0250965431333, 0.00933067221195, 0.00205343519337, 0.00630977936089, 0.00755070382729, 0.00238486123271, 0.0118000227958, 0.0024680129718, 0.00219867285341, 0.00120792957023, 0.00344665255398, 0.00281614577398, 0.000992196961306, 0.000238474196522, 0.00108727801125, 0.000702281366102, 0.000369564833818, 0.000285637681372, 0.000404582358897, 0.000602339510806, 0.000117716677778, 7.57691959734e-05, 9.86827071756e-05, 0.000153779270477, 0.000102213263744, 0.000168125872733, 0.000237252999796, 5.3219631809e-05, 4.35635229223e-05, 3.12542506435e-05, 1.04861737782e-05, 1.07688838398e-05, 3.4512156617e-06, 4.47951515525e-06, 5.61605702387e-06, 3.01722661789e-06, 2.6285720196e-06],
        "mean": [0.000423118210165, 0.000269952754024, 0.000102615238575, 0.000934119219892, 0.000304910150589, 3.03897595586e-05, 0.000365766492905, 0.000359736499377, 4.68610451207e-05, 0.000276858452708, 6.19215788902e-05, 9.44980129134e-05, 6.12941803411e-05, 7.41523399483e-05, 5.96630889049e-05, 1.60953550221e-05, 5.46745332031e-06, 2.69310239673e-05, 1.81842497113e-05, 6.13417978457e-06, 5.13101667821e-06, 7.3042092481e-06, 9.20994443732e-06, 2.08993810702e-06, 1.52288657773e-06, 1.88671265278e-06, 2.81669690594e-06, 1.7819529603e-06, 2.22950006901e-06, 3.73946591026e-06, 1.11157692118e-06, 6.71671671171e-07, 5.14347050284e-07, 1.44041564454e-07, 1.52374582285e-07, 5.58675452567e-08, 6.30822327707e-08, 7.52429940576e-08, 4.24973016777e-08, 3.5843147117e-08],
        "median": [2.62789576766e-08, 1.2280100492e-08, 3.72945656579e-08, 8.33365334074e-07, 2.13978779584e-07, 4.42471337347e-11, 4.25219575106e-08, 3.31324692127e-08, 3.99823750497e-11, 9.98379712236e-11, 4.15431022915e-11, 3.61375131208e-11, 2.93456786649e-11, 2.32377034282e-11, 2.43281644829e-11, 2.128126321e-11, 2.07501342497e-11, 2.19497336973e-11, 2.38630556287e-11, 2.28005930109e-11, 1.80847784664e-11, 1.77967311027e-11, 1.66950741426e-11, 1.6083329113e-11, 1.62358355926e-11, 1.48234341468e-11, 1.56157326653e-11, 1.63833183131e-11, 1.7191610982e-11, 1.62129250997e-11, 1.63642710493e-11, 1.52868984832e-11, 1.51556458355e-11, 1.47597351008e-11, 1.42557198685e-11, 1.43903248692e-11, 1.5063074052e-11, 1.45646515681e-11, 1.35876327551e-11, 1.37087338009e-11],
        "min": [3.22983167989e-10, 2.50974306441e-12, 4.23896941854e-12, 2.98995272985e-11, 1.6872368086e-11, 6.15708005414e-12, 7.27612067819e-12, 5.37775943568e-12, 2.03799325506e-12, 2.47491935799e-12, 2.96331860959e-12, 3.12345548731e-12, 5.06848252604e-12, 3.33923340368e-12, 5.45284303821e-12, 4.97849981726e-12, 4.73729345682e-12, 3.44515887173e-12, 3.2257983177e-12, 5.47164527229e-12, 3.42783960938e-12, 2.53527407401e-12, 5.37085566993e-12, 4.81510881514e-12, 6.68746655275e-12, 4.33390085972e-12, 4.37382161739e-12, 4.55678030031e-12, 2.82421525402e-12, 3.16439409398e-12, 4.55008903819e-12, 2.78528263821e-12, 4.35996507994e-12, 4.60398386082e-12, 2.59945775842e-12, 6.43484527815e-12, 6.83750105146e-12, 5.45536055566e-12, 2.23017264378e-12, 3.73026522865e-12],
        "stdev": [0.00241036596708, 0.00139017461333, 0.000496102613397, 0.00317919440567, 0.00114185456187, 0.000217848501052, 0.00126309890766, 0.00130093027838, 0.000279257132206, 0.00141259853262, 0.000321736821206, 0.000350792746758, 0.000218998582568, 0.000394097267417, 0.000320980412653, 0.000107560423203, 2.82772271021e-05, 0.000153724045958, 9.50005705818e-05, 4.02744954044e-05, 3.30914808728e-05, 4.76531240565e-05, 6.62939346512e-05, 1.37410352181e-05, 9.53841299633e-06, 1.23778409034e-05, 1.86977158592e-05, 1.19889418784e-05, 1.78757873073e-05, 2.64354857791e-05, 6.72595069773e-06, 4.77747198602e-06, 3.52061215381e-06, 1.11793929136e-06, 1.15480338536e-06, 3.84327023539e-07, 4.7987441576e-07, 5.97737994212e-07, 3.22408425291e-07, 2.79908533685e-07],
        "var": [5.8098644331e-06, 1.93258551917e-06, 2.46117792813e-07, 1.01072773759e-05, 1.30383182295e-06, 4.74579699983e-08, 1.59541889388e-06, 1.69241957337e-06, 7.79845450438e-08, 1.99543455892e-06, 1.03514580019e-07, 1.23055556855e-07, 4.79603805559e-08, 1.55312648076e-07, 1.03028419574e-07, 1.15692451175e-08, 7.99601607149e-10, 2.36310810919e-08, 9.02510777223e-09, 1.62203506182e-09, 1.09504616486e-09, 2.27082019855e-09, 4.39488534454e-09, 1.88816060009e-10, 9.09813266392e-11, 1.53210943932e-10, 3.49604595273e-10, 1.43734718572e-10, 3.19543752569e-10, 6.98834934365e-10, 4.52384137095e-11, 2.28242390266e-11, 1.23947093908e-11, 1.2497881419e-12, 1.33357073214e-12, 1.47707258751e-13, 2.30279445686e-13, 3.57290694426e-13, 1.03947185332e-13, 7.83487925688e-14]
    },
    "melbands128": {
