{
"lowlevel": {
    "average_loudness": 0.99068403244,
    "barkbands_crest": {
        "dmean": 3.35805082321,
        "dmean2": 5.51940345764,
        "dvar": 8.48467254639,
        "dvar2": 9.61928939819,
        "max": 21.602350235,
        "mean": 11.8194627762,
        "median": 10.9624233246,
        "min": 5.30155038834,
        "stdev": 4.17799472809,
        "var": 17.4556388855
    },
    "barkbands_flatness_db": {
        "dmean": 0.0430251993239,
        "dmean2": 0.0594860911369,
        "dvar": 0.00126160681248,
        "dvar2": 0.00125304411631,
        "max": 0.327190816402,
        "mean": 0.204449370503,
        "median": 0.212750419974,
        "min": 0.0696871802211,
        "stdev": 0.0616621896625,
        "var": 0.0038022256922
    },
    "barkbands_kurtosis": {
        "dmean": 4.93561935425,
        "dmean2": 7.78388643265,
        "dvar": 34.8870735168,
        "dvar2": 91.1148223877,
        "max": 27.8510665894,
        "mean": 4.52958774567,
        "median": 1.82207322121,
        "min": -0.900169610977,
        "stdev": 6.87325716019,
        "var": 47.2416610718
    },
    "barkbands_skewness": {
        "dmean": 1.16720163822,
        "dmean2": 1.8352162838,
        "dvar": 1.10305905342,
        "dvar2": 1.60966253281,
        "max": 3.52209162712,
        "mean": 0.187482878566,
        "median": 0.226858109236,
        "min": -2.09141755104,
        "stdev": 1.30309152603,
        "var": 1.69804763794
    },
    "barkbands_spread": {
        "dmean": 7.51931762695,
        "dmean2": 9.20231246948,
        "dvar": 367.88381958,
        "dvar2": 377.120300293,
        "max": 100.406455994,
        "mean": 13.9640331268,
        "median": 10.5855827332,
        "min": 2.78398752213,
        "stdev": 20.1433353424,
        "var": 405.753936768
    },
    "dissonance": {
        "dmean": 0.0536571666598,
        "dmean2": 0.0907525867224,
        "dvar": 0.00284826080315,
        "dvar2": 0.00795951858163,
        "max": 0.498761743307,
        "mean": 0.421126902103,
        "median": 0.423133790493,
        "min": 0.297116607428,
        "stdev": 0.0529419332743,
        "var": 0.00280284835026
    },
    "dynamic_complexity": 11.1056098938,
    "erbbands_crest": {
        "dmean": 2.96929621696,
        "dmean2": 4.03428268433,
        "dvar": 13.7350530624,
        "dvar2": 10.0963001251,
        "max": 23.1689167023,
        "mean": 16.6278247833,
        "median": 16.3650875092,
        "min": 5.19344091415,
        "stdev": 5.19271039963,
        "var": 26.9642391205
    },
    "erbbands_flatness_db": {
        "dmean": 0.0338210836053,
        "dmean2": 0.0436641573906,
        "dvar": 0.00124134903308,
        "dvar2": 0.0020629982464,
        "max": 0.317809581757,
        "mean": 0.239776402712,
        "median": 0.248233854771,
        "min": 0.0827902108431,
        "stdev": 0.0469428859651,
        "var": 0.00220363447443
    },
    "erbbands_kurtosis": {
        "dmean": 10.015920639,
        "dmean2": 13.7830276489,
        "dvar": 62.4662055969,
        "dvar2": 65.7460327148,
        "max": 48.0356025696,
        "mean": 24.8092956543,
        "median": 27.8935108185,
        "min": 0.906734704971,
        "stdev": 14.6776599884,
        "var": 215.43371582
    },
    "erbbands_skewness": {
        "dmean": 1.26545643806,
        "dmean2": 1.6387399435,
        "dvar": 1.97053873539,
        "dvar2": 3.0092549324,
        "max": 5.19207811356,
        "mean": 3.02811169624,
        "median": 3.60475111008,
        "min": -0.974397838116,
        "stdev": 1.83396220207,
        "var": 3.36341714859
    },
    "erbbands_spread": {
        "dmean": 4.203540802,
        "dmean2": 5.3132147789,
        "dvar": 42.5788078308,
        "dvar2": 47.6104393005,
        "max": 35.8650283813,
        "mean": 7.25706624985,
        "median": 4.81443881989,
        "min": 2.23105239868,
        "stdev": 7.28115272522,
        "var": 53.0151863098
    },
    "hfc": {
        "dmean": 4.64596986771,
        "dmean2": 8.35035324097,
        "dvar": 142.411193848,
        "dvar2": 392.423095703,
        "max": 49.6857910156,
        "mean": 4.49971723557,
        "median": 0.0386016443372,
        "min": 1.11392355393e-05,
        "stdev": 11.5758152008,
        "var": 133.99949646
    },
    "loudness_ebu128": {
        "integrated": -24.8234348297,
        "loudness_range": 0,
        "momentary": {
            "dmean": 15.354139328,
            "dmean2": 0,
            "dvar": 0,
            "dvar2": 0,
            "max": -24.8234348297,
            "mean": -32.50050354,
            "median": -32.50050354,
            "min": -40.1775741577,
            "stdev": 7.677069664,
            "var": 58.9374008179
        },
        "short_term": {
            "dmean": 0,
            "dmean2": 0,
            "dvar": 0,
            "dvar2": 0,
            "max": -33.5740203857,
            "mean": -33.5740203857,
            "median": -33.5740203857,
            "min": -33.5740203857,
            "stdev": 0,
            "var": 0
        }
    },
    "melbands_crest": {
        "dmean": 3.80673933029,
        "dmean2": 4.88873624802,
        "dvar": 11.0642518997,
        "dvar2": 14.5348558426,
        "max": 21.9188175201,
        "mean": 15.2037982941,
        "median": 16.7712535858,
        "min": 4.85390901566,
        "stdev": 4.96042156219,
        "var": 24.6057815552
    },
    "melbands_flatness_db": {
        "dmean": 0.045740749687,
        "dmean2": 0.0578196980059,
        "dvar": 0.00342497113161,
        "dvar2": 0.00318639003672,
        "max": 0.367184996605,
        "mean": 0.278439223766,
        "median": 0.301533460617,
        "min": 0.0500905141234,
        "stdev": 0.0787199661136,
        "var": 0.00619683321565
    },
    "melbands_kurtosis": {
        "dmean": 3.78055286407,
        "dmean2": 5.78063631058,
        "dvar": 29.5799503326,
        "dvar2": 69.2276077271,
        "max": 21.8277626038,
        "mean": 2.78164434433,
        "median": 0.432346582413,
        "min": -0.99215388298,
        "stdev": 5.70384788513,
        "var": 32.5338821411
    },
    "melbands_skewness": {
        "dmean": 0.760147094727,
        "dmean2": 1.0997505188,
        "dvar": 0.361257582903,
        "dvar2": 0.742336750031,
        "max": 1.51344454288,
        "mean": -0.127199813724,
        "median": -0.168568298221,
        "min": -1.67103791237,
        "stdev": 0.784534573555,
        "var": 0.61549448967
    },
    "melbands_spread": {
        "dmean": 12.6038341522,
        "dmean2": 14.4000968933,
        "dvar": 1084.44787598,
        "dvar2": 1106.56323242,
        "max": 161.83442688,
        "mean": 20.6561222076,
        "median": 12.5063171387,
        "min": 4.04541158676,
        "stdev": 33.1330070496,
        "var": 1097.79626465
    },
    "pitch_salience": {
        "dmean": 0.1008060202,
        "dmean2": 0.146911084652,
        "dvar": 0.00556129682809,
        "dvar2": 0.00653442926705,
        "max": 0.891294300556,
        "mean": 0.574570775032,
        "median": 0.553314447403,
        "min": 0.345217347145,
        "stdev": 0.139748394489,
        "var": 0.0195296127349
    },
    "silence_rate_20dB": {
        "dmean": 0,
        "dmean2": 0,
        "dvar": 0,
        "dvar2": 0,
        "max": 1,
        "mean": 1,
        "median": 1,
        "min": 1,
        "stdev": 0,
        "var": 0
    },
    "silence_rate_30dB": {
        "dmean": 0,
        "dmean2": 0,
        "dvar": 0,
        "dvar2": 0,
        "max": 1,
        "mean": 1,
        "median": 1,
        "min": 1,
        "stdev": 0,
        "var": 0
    },
    "silence_rate_60dB": {
        "dmean": 0.0526315793395,
        "dmean2": 0.111111111939,
        "dvar": 0.0498614832759,
        "dvar2": 0.098765425384,
        "max": 1,
        "mean": 0.800000011921,
        "median": 1,
        "min": 0,
        "stdev": 0.399999976158,
        "var": 0.159999981523
    },
    "spectral_centroid": {
        "dmean": 363.707397461,
        "dmean2": 453.180114746,
        "dvar": 607547.0625,
        "dvar2": 702357,
        "max": 3880.11108398,
        "mean": 928.912597656,
        "median": 661.29699707,
        "min": 546.961425781,
        "stdev": 777.061828613,
        "var": 603825.125
    },
    "spectral_complexity": {
        "dmean": 1.63157892227,
        "dmean2": 1.94444441795,
        "dvar": 6.86426591873,
        "dvar2": 9.94135951996,
        "max": 20,
        "mean": 3.15000009537,
        "median": 0,
        "min": 0,
        "stdev": 5.72952795029,
        "var": 32.8274917603
    },
    "spectral_decrease": {
        "dmean": 1.67513702909e-09,
        "dmean2": 2.55902077306e-09,
        "dvar": 1.5953180656e-17,
        "dvar2": 4.11649475862e-17,
        "max": -6.4203879792e-17,
        "mean": -1.35389977007e-09,
        "median": -1.63438464151e-11,
        "min": -1.64536686498e-08,
        "stdev": 3.76801922997e-09,
        "var": 1.41979695706e-17
    },
    "spectral_energy": {
        "dmean": 0.00673921545967,
        "dmean2": 0.0104133300483,
        "dvar": 0.000260700035142,
        "dvar2": 0.000676269875839,
        "max": 0.0666066035628,
        "mean": 0.0055180718191,
        "median": 6.51868031127e-05,
        "min": 1.25268118101e-09,
        "stdev": 0.0152585338801,
        "var": 0.000232822843827
    },
    "spectral_energyband_high": {
        "dmean": 3.59103905794e-05,
        "dmean2": 5.00566420669e-05,
        "dvar": 8.33081337248e-09,
        "dvar2": 1.98126368645e-08,
        "max": 0.000380223646061,
        "mean": 3.55473821401e-05,
        "median": 1.41968570233e-07,
        "min": 7.44458383828e-10,
        "stdev": 9.502661851e-05,
        "var": 9.03005847874e-09
    },
    "spectral_energyband_low": {
        "dmean": 0.000130036321934,
        "dmean2": 0.000130735294078,
        "dvar": 7.29541866917e-08,
        "dvar2": 1.42739793318e-07,
        "max": 0.00135072518606,
        "mean": 0.000153608445544,
        "median": 1.32215063786e-05,
        "min": 1.64676119963e-10,
        "stdev": 0.000331468821969,
        "var": 1.09871585607e-07
    },
    "spectral_energyband_middle_high": {
        "dmean": 0.000851267192047,
        "dmean2": 0.0015894449316,
        "dvar": 3.60109538633e-06,
        "dvar2": 1.03290321931e-05,
        "max": 0.00785892549902,
        "mean": 0.00102620467078,
        "median": 3.83633096135e-06,
        "min": 1.20842683082e-10,
        "stdev": 0.00235877884552,
        "var": 5.56383747607e-06
    },
    "spectral_energyband_middle_low": {
        "dmean": 0.00626190192997,
        "dmean2": 0.00914389733225,
        "dvar": 0.000213234729017,
        "dvar2": 0.000535875966307,
        "max": 0.0583703815937,
        "mean": 0.00435896357521,
        "median": 4.08308551414e-05,
        "min": 3.92932873738e-11,
        "stdev": 0.0132730621845,
        "var": 0.0001761741878
    },
    "spectral_entropy": {
        "dmean": 0.355012089014,
        "dmean2": 0.44219315052,
        "dvar": 0.203886210918,
        "dvar2": 0.224583387375,
        "max": 8.79844856262,
        "mean": 6.8853187561,
        "median": 6.66422748566,
        "min": 6.17381429672,
        "stdev": 0.572250962257,
        "var": 0.327471196651
    },
    "spectral_flux": {
        "dmean": 0.0227915793657,
        "dmean2": 0.0383969917893,
        "dvar": 0.00135072495323,
        "dvar2": 0.00320968776941,
        "max": 0.201026201248,
        "mean": 0.0384181514382,
        "median": 0.00991318840533,
        "min": 0.000549938005861,
        "stdev": 0.0578403174877,
        "var": 0.00334550254047
    },
    "spectral_kurtosis": {
        "dmean": 3.47783851624,
        "dmean2": 5.47044992447,
        "dvar": 8.38193511963,
        "dvar2": 23.7490329742,
        "max": 19.7538890839,
        "mean": 11.3291454315,
        "median": 11.0377168655,
        "min": 2.0218205452,
        "stdev": 4.20674991608,
        "var": 17.6967449188
    },
    "spectral_rms": {
        "dmean": 0.000801428104751,
        "dmean2": 0.00101895455737,
        "dvar": 2.16460398406e-06,
        "dvar2": 4.69774931844e-06,
        "max": 0.00806114450097,
        "mean": 0.00118357990868,
        "median": 0.000249453209108,
        "min": 1.10549899546e-06,
        "stdev": 0.00199565128423,
        "var": 3.98262363888e-06
    },
    "spectral_rolloff": {
        "dmean": 1163.92626953,
        "dmean2": 1357.78808594,
        "dvar": 15558304,
        "dvar2": 16314356,
        "max": 18324.7558594,
        "mean": 1687.12658691,
        "median": 710.595703125,
        "min": 516.796875,
        "stdev": 3844.00097656,
        "var": 14776344
    },
    "spectral_skewness": {
        "dmean": 0.379733860493,
        "dmean2": 0.574767589569,
        "dvar": 0.115649446845,
        "dvar2": 0.244290858507,
        "max": 3.58496332169,
        "mean": 2.76286959648,
        "median": 2.79802465439,
        "min": 1.19728600979,
        "stdev": 0.538593530655,
        "var": 0.290082961321
    },
    "spectral_spread": {
        "dmean": 723361.25,
        "dmean2": 1017593.4375,
        "dvar": 852101169152,
        "dvar2": 886151577600,
        "max": 9639668,
        "mean": 4161324,
        "median": 3822042,
        "min": 1970866.5,
        "stdev": 1664298.125,
        "var": 2.76988821504e+12
    },
    "spectral_strongpeak": {
        "dmean": 0.332486718893,
        "dmean2": 0.524380147457,
        "dvar": 0.447183668613,
        "dvar2": 1.14021480083,
        "max": 2.86240673065,
        "mean": 0.290783435106,
        "median": 0.0498236864805,
        "min": 0,
        "stdev": 0.66090041399,
        "var": 0.43678933382
    },
    "zerocrossingrate": {
        "dmean": 0.0114103620872,
        "dmean2": 0.0208875872195,
        "dvar": 0.000611837487668,
        "dvar2": 0.00130109163001,
        "max": 0.134765625,
        "mean": 0.0416748039424,
        "median": 0.033447265625,
        "min": 0.02001953125,
        "stdev": 0.0300918649882,
        "var": 0.000905520282686
    },
    "barkbands": {
        "dmean": [1.04114178612e-05, 5.73481920583e-05, 6.65663028485e-05, 5.83832161283e-06, 1.59070023074e-05, 0.00010123346874, 9.41836333368e-05, 0.00223221792839, 0.00346138328314, 0.000543182541151, 0.000164673954714, 0.000153886649059, 0.00025546780671, 0.000115920804092, 0.000143547629705, 7.3039867857e-05, 2.68783242063e-05, 5.52593337488e-06, 6.61025887894e-06, 5.2310947467e-06, 1.76396383722e-06, 1.18352982099e-05, 2.99306884699e-06, 6.38973415334e-06, 1.79746962203e-06, 8.24740254757e-06, 7.85119846114e-06],
        "dmean2": [1.77128549694e-05, 8.28447664389e-05, 6.91443128744e-05, 7.47972262616e-06, 1.92827355932e-05, 0.000124262514873, 0.000136834962177, 0.0031144535169, 0.00525941001251, 0.000878145627212, 0.00023394607706, 0.000263196678134, 0.000523435825016, 0.000134649730171, 0.000165490971995, 9.33765768423e-05, 1.51825952344e-05, 9.44566636463e-06, 8.46402326715e-06, 2.98058216686e-06, 2.46781655733e-06, 1.58795101015e-05, 4.50702100352e-06, 9.95518166746e-06, 2.16471653403e-06, 1.55290472321e-05, 1.512986546e-05],
        "dvar": [7.76953362758e-11, 2.00322887167e-08, 2.15445883356e-08, 9.57112722411e-11, 1.15897813568e-09, 5.92215805284e-08, 5.50388072895e-08, 2.66891474894e-05, 6.64057079121e-05, 1.71597059762e-06, 1.66489186881e-07, 1.24955661818e-07, 4.45076494771e-07, 1.91028476593e-07, 2.53128973782e-07, 3.57759546432e-08, 4.83292028619e-09, 2.6218252569e-10, 3.49032108771e-10, 1.75851513906e-10, 2.37834994754e-11, 8.45789493997e-10, 6.55327458965e-11, 3.28155558282e-10, 1.77367339566e-11, 4.87957674267e-10, 4.5587847386e-10],
        "dvar2": [2.0485574348e-10, 4.9973934324e-08, 2.33405224037e-08, 2.04380928848e-10, 2.26856577967e-09, 1.2696217766e-07, 1.00272878001e-07, 6.49533103569e-05, 0.000171312189195, 4.61108629679e-06, 3.22533196595e-07, 3.35643647986e-07, 1.336867399e-06, 2.05875579695e-07, 2.54468147887e-07, 3.65687746751e-08, 1.48825374247e-09, 4.53651227694e-10, 4.38937525216e-10, 4.03132978388e-11, 3.63019302119e-11, 2.02015404405e-09, 9.69790636685e-11, 4.80419204418e-10, 2.92960690429e-11, 1.41376388374e-09, 1.33293920346e-09],
        "max": [4.27661798312e-05, 0.000624261214398, 0.000664373626933, 5.94161283516e-05, 0.000162702461239, 0.000963400409091, 0.000900038867258, 0.0208900980651, 0.0320869125426, 0.00510361790657, 0.00158188177738, 0.00144226488192, 0.00251761102118, 0.00204810476862, 0.00236768927425, 0.000957406824455, 0.000496919208672, 8.34034945001e-05, 0.000122817102238, 9.7842712421e-05, 3.00775081996e-05, 0.000115675531561, 3.00375832012e-05, 6.17392870481e-05, 1.91860581253e-05, 7.83877258073e-05, 7.46542282286e-05],
        "mean": [1.07268624561e-05, 5.44606118638e-05, 9.06204659259e-05, 7.63495336287e-06, 1.73590742634e-05, 7.21740361769e-05, 8.73148383107e-05, 0.00159626861569, 0.00232813158073, 0.000353943178197, 0.00014305683726, 0.000123287594761, 0.000205722782994, 0.000115274429845, 0.000135132228024, 6.75348201185e-05, 4.00094140787e-05, 1.16196815725e-05, 1.59502451424e-05, 8.04837964097e-06, 3.39147186423e-06, 9.32283182919e-06, 3.14328235618e-06, 6.44922192805e-06, 1.86685736026e-06, 4.63474088974e-06, 4.2732226575e-06],
        "median": [5.52521532882e-06, 8.96568326425e-06, 1.30967509904e-06, 2.0801115852e-07, 2.90053719709e-07, 6.7784304747e-07, 1.46050820149e-06, 1.64002249221e-05, 1.75502573256e-05, 2.16247417484e-06, 3.19735363519e-07, 3.77681232067e-07, 4.41985207544e-07, 2.70879127129e-07, 1.92058404735e-08, 2.23675655775e-08, 3.11239816142e-08, 8.62250928435e-08, 7.54384501533e-08, 1.61039963587e-08, 1.41941827181e-08, 3.90086043467e-08, 1.21761027927e-08, 3.32971019645e-08, 1.27565353836e-08, 1.43397365093e-08, 7.16517867261e-09],
        "min": [1.95062008213e-10, 6.18074202929e-11, 4.19168085658e-12, 1.23186075056e-12, 6.01694128549e-12, 5.96242239609e-12, 6.59174451134e-12, 1.2037934885e-11, 6.99170582541e-12, 3.6614569883e-12, 3.13323152146e-12, 1.3164626507e-11, 4.18276351055e-12, 2.132265935e-12, 1.50041819247e-11, 6.43979791368e-12, 1.88615737612e-11, 1.19592885942e-11, 2.0937297035e-11, 4.00041146043e-11, 3.7512448009e-11, 4.48138678943e-11, 1.04916096644e-10, 8.20132503576e-11, 6.73125999384e-11, 1.79702294711e-10, 2.3349130962e-10],
        "stdev": [1.09488100861e-05, 0.000138851683005, 0.000199375572265, 1.50676260091e-05, 4.08164160035e-05, 0.000217073829845, 0.00023854833853, 0.00480157556012, 0.00722870463505, 0.00113015912939, 0.000406766514061, 0.000329067348503, 0.000568957824726, 0.000444432691438, 0.000514088314958, 0.000211094404222, 0.00011824228568, 2.65104663413e-05, 3.79603188776e-05, 2.30650530284e-05, 8.63377954374e-06, 2.7637457606e-05, 8.60226191435e-06, 1.8348593585e-05, 4.85934424432e-06, 1.71013998624e-05, 1.62491360243e-05],
        "var": [1.19876442106e-10, 1.92797902088e-08, 3.97506205729e-08, 2.27033350453e-10, 1.66597990958e-09, 4.71210483965e-08, 5.69053106858e-08, 2.30551286222e-05, 5.22541704413e-05, 1.27725968468e-06, 1.6545899939e-07, 1.08285327372e-07, 3.23713010175e-07, 1.97520421352e-07, 2.64286825313e-07, 4.45608492328e-08, 1.39812383892e-08, 7.02804814345e-10, 1.44098588617e-09, 5.3199666894e-10, 7.45421502302e-11, 7.63829111072e-10, 7.39989042264e-11, 3.36670857859e-10, 2.36132276926e-11, 2.92457891238e-10, 2.64034405451e-10]
    },
    "erbbands": {
        "dmean": [0.000267834751867, 0.0174356754869, 0.0843716785312, 0.0397558286786, 0.0396261550486, 0.0666552856565, 0.461480587721, 0.869149029255, 0.909259080887, 5.34121179581, 88.1315917969, 68.3874969482, 29.6358394623, 7.14790725708, 7.44765853882, 5.68272542953, 11.2528095245, 5.39718151093, 6.44169044495, 7.66746854782, 3.3020465374, 1.26980054379, 0.327163785696, 0.379564315081, 0.35702380538, 0.231964364648, 0.0909247025847, 0.205918937922, 0.462712049484, 0.131047025323, 0.0966205745935, 0.228091284633, 0.0626160502434, 0.0204626563936, 0.0125084966421, 0.0271419342607, 0.0182116627693, 0.00573721993715, 0.00127492565662, 8.53075762279e-05],
        "dmean2": [0.000403564772569, 0.0241954419762, 0.077923618257, 0.0430734567344, 0.0638207644224, 0.0749372765422, 0.644591510296, 1.00140166283, 1.29502725601, 6.89332056046, 127.262786865, 106.543426514, 49.6125335693, 9.84347724915, 10.2880554199, 10.097155571, 22.9705085754, 7.33214378357, 7.57731962204, 8.94462776184, 3.90911579132, 0.778941988945, 0.449625849724, 0.497953206301, 0.303228259087, 0.133979991078, 0.0627726987004, 0.264391213655, 0.685163497925, 0.218102768064, 0.148785576224, 0.298701405525, 0.0839473903179, 0.0260824915022, 0.0163629315794, 0.0514564625919, 0.0343570895493, 0.0110272364691, 0.00239610788412, 0.000162374140928],
        "dvar": [3.3286460166e-07, 0.00180356914643, 0.0326303876936, 0.00668052397668, 0.008017542772, 0.0185482874513, 1.4500617981, 4.1416144371, 4.50636005402, 146.700256348, 43029.6601562, 25630.8691406, 5190.98828125, 299.624755859, 305.054443359, 176.945495605, 842.149902344, 261.854766846, 525.747680664, 657.069091797, 72.9317550659, 9.95529460907, 0.879643797874, 0.919686555862, 0.734259784222, 0.339308619499, 0.0506805665791, 0.247034519911, 1.3105070591, 0.111081823707, 0.0723367780447, 0.339272528887, 0.0229838378727, 0.00240334961563, 0.000900550221559, 0.00528741069138, 0.00239397934638, 0.000243394315476, 1.16693699965e-05, 5.27384393934e-08],
        "dvar2": [4.35418115785e-07, 0.00446605216712, 0.0528506971896, 0.00718604121357, 0.0211139321327, 0.0315866358578, 3.51915860176, 8.35986232758, 8.59703922272, 245.703094482, 107463.664062, 66950.59375, 14197.9648438, 565.879699707, 666.916564941, 481.225738525, 2526.59912109, 355.08303833, 540.630065918, 634.003662109, 64.7219848633, 2.61326694489, 1.37522339821, 1.27134084702, 0.659269034863, 0.0931748449802, 0.0212932731956, 0.395839959383, 3.33153414726, 0.300948500633, 0.106494903564, 0.510250091553, 0.0502198040485, 0.00375752802938, 0.00140578742139, 0.01534787938, 0.00694348476827, 0.000711390282959, 3.37937308359e-05, 1.53313607143e-07],
        "max": [0.00404910370708, 0.186164185405, 0.850121498108, 0.399927675724, 0.398498535156, 0.664672493935, 4.43265628815, 8.25720596313, 8.61609745026, 50.1565132141, 824.176452637, 630.323364258, 277.036895752, 67.5665512085, 70.5239486694, 54.6218605042, 110.669845581, 79.5877075195, 107.355033875, 122.717269897, 46.3060722351, 22.8903961182, 5.98481988907, 5.99878120422, 6.679063797, 4.3436126709, 1.713570714, 2.29065155983, 4.52194023132, 1.31674063206, 0.944787621498, 2.18678283691, 0.613873243332, 0.213649094105, 0.136521458626, 0.25878021121, 0.172999799252, 0.054517980665, 0.0121246483177, 0.000817090447526],
        "mean": [0.000745673198253, 0.0162856746465, 0.0992150828242, 0.0585046894848, 0.0370693653822, 0.0716007426381, 0.28620916605, 0.659126222134, 0.881422817707, 4.84850072861, 60.942527771, 45.7164230347, 18.7318248749, 6.04098749161, 6.27564716339, 4.85674953461, 9.31441020966, 5.36418533325, 6.11952352524, 7.18360280991, 3.31636691093, 1.86814665794, 0.796237111092, 0.758141696453, 0.753848612309, 0.364046037197, 0.159044653177, 0.23353561759, 0.344773262739, 0.101817414165, 0.0977640673518, 0.198791742325, 0.0533258542418, 0.0211192928255, 0.0141573101282, 0.0156007213518, 0.0100969746709, 0.00311451917514, 0.000712579232641, 4.90083984914e-05],
        "median": [0.000213702092879, 0.00226698676124, 0.00242586201057, 0.00105514773168, 0.000662773032673, 0.000890388619155, 0.00278118951246, 0.0100748464465, 0.0246151983738, 0.161250978708, 0.371257126331, 0.43147829175, 0.151969850063, 0.0311010163277, 0.01947504282, 0.0132916299626, 0.0232434403151, 0.0190658196807, 0.00421538297087, 0.000836907478515, 0.00158919964451, 0.0016582463868, 0.00274127605371, 0.00580317992717, 0.00366128445603, 0.00104665919207, 0.000386334082577, 0.00109094940126, 0.00161270459648, 0.000515791936778, 0.000332806928782, 0.00098626432009, 0.000314528384479, 0.000112051551696, 0.000106823237729, 8.66343107191e-05, 1.91328363144e-05, 5.15573356097e-06, 1.20052686725e-06, 1.92229421714e-07],
        "min": [4.50510695416e-09, 5.11957232163e-09, 7.36320160399e-09, 3.12094194932e-09, 1.41086138328e-08, 1.78500894066e-08, 3.78606408447e-08, 3.93147985278e-08, 6.30392520407e-08, 1.69883847434e-07, 2.73298496722e-07, 1.58111390647e-07, 1.35991456318e-07, 1.58699378972e-07, 2.05697318734e-07, 5.2782252169e-07, 1.90373114606e-07, 1.56931349693e-07, 5.85433326705e-07, 5.30232910023e-07, 3.88431914189e-07, 1.19211642868e-06, 7.18947831047e-07, 8.77031652635e-07, 1.19092010209e-06, 1.72194438619e-06, 1.63224535754e-06, 1.42926535318e-06, 1.50623338868e-06, 2.21124787458e-06, 3.23270023728e-06, 1.51194387854e-06, 1.55649127009e-06, 7.58221631258e-07, 5.57004000257e-07, 5.74077034798e-07, 4.09839401527e-07, 1.16192858002e-07, 2.48508076339e-08, 3.86771903393e-09],
        "stdev": [0.00128406099975, 0.0412935577333, 0.224249392748, 0.120602846146, 0.0914780348539, 0.167824953794, 0.968465387821, 1.89902198315, 2.24306249619, 12.863363266, 188.378479004, 140.836303711, 60.8894004822, 17.2646121979, 17.3727283478, 12.5822877884, 25.1917629242, 17.4374313354, 23.3010120392, 26.6616477966, 10.1869449615, 5.42233610153, 1.84076607227, 1.79342341423, 1.84376204014, 1.0241240263, 0.436917811632, 0.600105047226, 1.04710257053, 0.299734860659, 0.275935471058, 0.580006420612, 0.151000067592, 0.0555029734969, 0.0359923169017, 0.0564170479774, 0.0377339012921, 0.0118731567636, 0.00264474772848, 0.000177904512384],
        "var": [1.64881259934e-06, 0.00170515791979, 0.0502877905965, 0.0145450457931, 0.00836823042482, 0.028165217489, 0.937925219536, 3.60628461838, 5.03132915497, 165.466110229, 35486.4492188, 19834.8652344, 3707.51904297, 298.066833496, 301.811706543, 158.313964844, 634.62487793, 304.063995361, 542.937133789, 710.843444824, 103.773841858, 29.4017295837, 3.38841962814, 3.21636772156, 3.39945840836, 1.04883003235, 0.19089718163, 0.360126048326, 1.09642386436, 0.0898409932852, 0.0761403813958, 0.336407452822, 0.022801021114, 0.00308058015071, 0.0012954470003, 0.00318288314156, 0.00142384739593, 0.000140971853398, 6.9946900112e-06, 3.16500141651e-08]
    },
    "gfcc": {
        "mean": [-348.079071045, 87.1652755737, -89.0069580078, -16.9133300781, -59.7805252075, 13.8330078125, -5.02315187454, 29.7850894928, 1.05348539352, 9.98875713348, -11.3162975311, -6.67115306854, -28.2988777161],
        "cov": [[48950.40625, 3219.51464844, -5787.05664062, -2265.14916992, -256.442962646, 127.848373413, -1315.91564941, -945.215270996, -980.398254395, -1130.21850586, -461.638519287, 5.15792036057, 502.2421875], [3219.51464844, 1608.26916504, 61.0231437683, -283.757965088, -351.667297363, -10.9043807983, 175.424087524, 194.209655762, 41.9149131775, -8.61595249176, -13.7026596069, -131.774688721, -176.981369019], [-5787.05664062, 61.0231437683, 1297.89428711, 134.776794434, -370.25769043, -97.2144775391, 430.597076416, 252.965637207, 131.607849121, 33.1677055359, 21.8009223938, -48.5656509399, -279.884185791], [-2265.14916992, -283.757965088, 134.776794434, 338.750244141, 165.381011963, -16.8502521515, -30.9467906952, -10.6603794098, 6.96746826172, 88.2310943604, 48.476234436, 1.46084439754, 46.2346153259], [-256.442962646, -351.667297363, -370.25769043, 165.381011963, 375.337921143, 81.1019210815, -194.234558105, -125.388412476, 3.54348278046, 83.7360687256, 3.09528493881, 35.8189926147, 123.7758255], [127.848373413, -10.9043807983, -97.2144775391, -16.8502521515, 81.1019210815, 41.1199607849, -40.5515975952, -26.5213699341, 15.5916538239, 16.3710670471, -12.8154153824, 6.08212947845, 17.1402893066], [-1315.91564941, 175.424087524, 430.597076416, -30.9467906952, -194.234558105, -40.5515975952, 196.32270813, 136.210571289, 55.1843261719, 14.3250455856, 15.036816597, -47.2091789246, -135.265197754], [-945.215270996, 194.209655762, 252.965637207, -10.6603794098, -125.388412476, -26.5213699341, 136.210571289, 157.829696655, 60.0763435364, 31.7893218994, 24.067527771, -48.5742454529, -90.6992950439], [-980.398254395, 41.9149131775, 131.607849121, 6.96746826172, 3.54348278046, 15.5916538239, 55.1843261719, 60.0763435364, 60.5201225281, 52.3230133057, 7.98172473907, -14.7678546906, -40.111289978], [-1130.21850586, -8.61595249176, 33.1677055359, 88.2310943604, 83.7360687256, 16.3710670471, 14.3250455856, 31.7893218994, 52.3230133057, 125.163391113, 41.1854286194, -26.2608528137, 5.4012465477], [-461.638519287, -13.7026596069, 21.8009223938, 48.476234436, 3.09528493881, -12.8154153824, 15.036816597, 24.067527771, 7.98172473907, 41.1854286194, 35.9441947937, -7.01785516739, 11.3189878464], [5.15792036057, -131.774688721, -48.5656509399, 1.46084439754, 35.8189926147, 6.08212947845, -47.2091789246, -48.5742454529, -14.7678546906, -26.2608528137, -7.01785516739, 56.2028541565, 42.514667511], [502.2421875, -176.981369019, -279.884185791, 46.2346153259, 123.7758255, 17.1402893066, -135.265197754, -90.6992950439, -40.111289978, 5.4012465477, 11.3189878464, 42.514667511, 125.128326416]],
        "icov": [[0.000448399048764, -0.000442856631707, 0.00448605511338, -0.00164751242846, 0.00216050702147, 1.80185306817e-05, -0.0057690134272, 0.00164636934642, 0.00165561283939, -0.000115245304187, 0.00489013642073, -0.00245390506461, 0.00196136953309], [-0.000442856631707, 0.00196836702526, -0.00346304895356, 0.000100889796158, 0.00271053728648, -0.00680058030412, 0.00889730639756, -0.00291792978533, -3.88310436392e-05, -0.00210037385114, -0.00529283378273, 0.00219642953016, 0.00234232423827], [0.00448605511338, -0.00346304895356, 0.0609272420406, -0.0330942459404, 0.0321030505002, -0.00658369390294, -0.0998406410217, 0.0249374769628, 0.00384687935002, -0.00269723217934, 0.0751414448023, -0.0370564423501, 0.0120403692126], [-0.00164751242846, 0.000100889796158, -0.0330942459404, 0.0328456535935, -0.0318647511303, 0.0306992381811, 0.0536067932844, -0.013886266388, 0.0049317390658, 0.00233049551025, -0.0418423563242, 0.0232959799469, -0.00685602007434], [0.00216050702147, 0.00271053728648, 0.0321030505002, -0.0318647511303, 0.0579421259463, -0.0564611814916, -0.00630594138056, 0.0119307208806, 0.000235828250879, -0.0134759834036, 0.0208201855421, -0.0231889989227, 0.0376455336809], [1.80185306817e-05, -0.00680058030412, -0.00658369390294, 0.0306992381811, -0.0564611814916, 0.183059677482, -0.00475958269089, 0.0278393160552, -0.0894956365228, 0.0251487642527, 0.0200220309198, 0.0280345603824, -0.0310621932149], [-0.0057690134272, 0.00889730639756, -0.0998406410217, 0.0536067932844, -0.00630594138056, -0.00475958269089, 0.303481608629, -0.0428997203708, -0.0270919539034, 0.00249870680273, -0.1928460747, 0.062647216022, 0.0838389694691], [0.00164636934642, -0.00291792978533, 0.0249374769628, -0.013886266388, 0.0119307208806, 0.0278393160552, -0.0428997203708, 0.052811909467, -0.0644853487611, 0.0260497368872, 0.000446722202469, 0.00765997869894, 0.00202657724731], [0.00165561283939, -3.88310436392e-05, 0.00384687935002, 0.0049317390658, 0.000235828250879, -0.0894956365228, -0.0270919539034, -0.0644853487611, 0.198118150234, -0.0721429586411, 0.0587406381965, -0.0516066141427, 0.0149229187518], [-0.000115245304187, -0.00210037385114, -0.00269723217934, 0.00233049551025, -0.0134759834036, 0.0251487642527, 0.00249870680273, 0.0260497368872, -0.0721429586411, 0.0606648214161, -0.0561130344868, 0.0329754687846, -0.00980669073761], [0.00489013642073, -0.00529283378273, 0.0751414448023, -0.0418423563242, 0.0208201855421, 0.0200220309198, -0.1928460747, 0.000446722202469, 0.0587406381965, -0.0561130344868, 0.240973398089, -0.0637665912509, -0.0539420507848], [-0.00245390506461, 0.00219642953016, -0.0370564423501, 0.0232959799469, -0.0231889989227, 0.0280345603824, 0.062647216022, 0.00765997869894, -0.0516066141427, 0.0329754687846, -0.0637665912509, 0.0729176700115, -0.0231391638517], [0.00196136953309, 0.00234232423827, 0.0120403692126, -0.00685602007434, 0.0376455336809, -0.0310621932149, 0.0838389694691, 0.00202657724731, 0.0149229187518, -0.00980669073761, -0.0539420507848, -0.0231391638517, 0.10996183753]]
    },
    "melbands": {
        "dmean": [8.23864411359e-06, 3.63292820111e-05, 6.73493514114e-06, 4.38514143752e-06, 1.3538924577e-05, 1.90452174138e-05, 1.44416726471e-05, 5.87084359722e-05, 0.000894469383638, 0.000367471104255, 0.000134112808155, 2.52452264249e-05, 2.64691279881e-05, 1.58011625899e-05, 2.71413227892e-05, 1.77179299499e-05, 9.28772806219e-06, 1.03785660031e-05, 1.13437181426e-05, 7.54046550355e-06, 3.12805036629e-06, 1.50885171024e-06, 4.8592909252e-07, 3.40717321023e-07, 3.24052905398e-07, 2.43505013486e-07, 2.53227511848e-07, 1.35663213996e-07, 5.19245588748e-08, 4.05561024763e-08, 1.81890825957e-07, 3.1617716445e-07, 1.57296838665e-07, 4.43176020326e-08, 6.47512266028e-08, 6.63364545517e-08, 1.80230557589e-07, 5.04043633498e-08, 1.68571450132e-08, 2.25644551932e-08],
        "dmean2": [1.08395415737e-05, 3.77816177206e-05, 6.70335793984e-06, 6.24890935796e-06, 1.85960216186e-05, 2.16828884732e-05, 2.05081050808e-05, 7.15001224307e-05, 0.00132188969292, 0.000565573282074, 0.000223432798521, 3.60710982932e-05, 3.59204277629e-05, 2.26748543355e-05, 5.62138739042e-05, 3.50086520484e-05, 1.12222523967e-05, 1.2081109162e-05, 1.29179197756e-05, 9.27981909626e-06, 3.49657830157e-06, 8.79624394656e-07, 4.3565927399e-07, 6.40017162823e-07, 3.85432230132e-07, 2.96825191981e-07, 1.55471454377e-07, 8.74862706723e-08, 2.90291577443e-08, 4.55140209965e-08, 2.33416869833e-07, 4.40152092551e-07, 2.93568575671e-07, 6.37130312953e-08, 9.64532418379e-08, 7.43804662307e-08, 2.35830782458e-07, 7.90385570326e-08, 2.69719748758e-08, 2.62218193825e-08],
        "dvar": [3.13683468089e-10, 6.19305895455e-09, 1.7848515721e-10, 9.01651531215e-11, 1.22162502336e-09, 1.96878779946e-09, 1.18020282436e-09, 1.58161217456e-08, 4.50298648502e-06, 7.28700626951e-07, 1.0644998838e-07, 3.94930443903e-09, 4.01624555835e-09, 1.17409770795e-09, 5.40223998868e-09, 1.75827519211e-09, 1.10528508568e-09, 1.42804790215e-09, 1.59919233411e-09, 4.65248561898e-10, 6.02139935135e-11, 1.54036349648e-11, 1.38445515902e-12, 1.02839319092e-12, 6.23931299421e-13, 4.55430940356e-13, 3.48614203911e-13, 1.33736297319e-13, 1.64314362897e-14, 1.23066204647e-14, 2.02457815053e-13, 6.01875754097e-13, 1.77335969802e-13, 1.20888728579e-14, 2.86312043952e-14, 2.59431978531e-14, 2.12287910232e-13, 1.54487916735e-14, 1.73774018382e-15, 2.82254883189e-15],
        "dvar2": [7.16877224249e-10, 1.20559215944e-08, 1.66303693039e-10, 2.24447960218e-10, 2.93192092826e-09, 3.90846288667e-09, 2.3789497039e-09, 2.35035297891e-08, 1.1429487131e-05, 1.88602052731e-06, 2.90681157367e-07, 6.93421009501e-09, 8.97787533205e-09, 2.79061618258e-09, 1.59572994818e-08, 5.43204237147e-09, 1.23048304879e-09, 1.4727095099e-09, 1.57359292263e-09, 4.31519209254e-10, 4.79314123114e-11, 4.49644575046e-12, 8.28726085152e-13, 2.5612994798e-12, 8.68622014594e-13, 5.24573223401e-13, 1.38294825353e-13, 4.70264730206e-14, 5.39908499107e-15, 1.12630148873e-14, 3.1752741712e-13, 1.47135081896e-12, 5.11693660533e-13, 2.95593356649e-14, 4.85795621395e-14, 4.55743942747e-14, 3.18073909225e-13, 4.06028563636e-14, 4.57454246263e-15, 5.75908246398e-15],
        "max": [9.5500749012e-05, 0.000372110691387, 6.83214893797e-05, 4.33476052422e-05, 0.000130478787469, 0.00018145685317, 0.000137923445436, 0.000546079420019, 0.00836804695427, 0.00337951909751, 0.00125597498845, 0.00023828088888, 0.000253215723205, 0.000144580830238, 0.00027340761153, 0.000163426782819, 0.000159243150847, 0.000175572145963, 0.000189105674508, 0.000107485357148, 4.49513681815e-05, 2.78807710856e-05, 9.0141857072e-06, 4.60320188722e-06, 5.06390915689e-06, 4.55027065982e-06, 4.72803094453e-06, 2.54510246123e-06, 9.77788886303e-07, 7.6114008607e-07, 1.87396221918e-06, 3.08475955535e-06, 1.52784798502e-06, 4.63227195269e-07, 6.29001476682e-07, 6.45918305509e-07, 1.72114653196e-06, 4.93698564696e-07, 1.70915654962e-07, 2.33329572552e-07],
        "mean": [1.08810982056e-05, 3.97429575969e-05, 9.83250538411e-06, 3.95012420995e-06, 8.69101040735e-06, 1.47698901856e-05, 1.34419915412e-05, 5.6442724599e-05, 0.000607298978139, 0.000248868309427, 8.49395728437e-05, 2.20954007091e-05, 2.17212709686e-05, 1.36185426527e-05, 2.08942765312e-05, 1.59375686053e-05, 9.44467046793e-06, 9.8254522527e-06, 1.07340156319e-05, 6.94445498084e-06, 3.36400330525e-06, 2.21756545216e-06, 9.52293135015e-07, 5.72525721054e-07, 6.15858027686e-07, 5.83605412885e-07, 4.45883955535e-07, 1.98543872898e-07, 8.73478214203e-08, 7.65464918118e-08, 1.79454929139e-07, 2.42674161655e-07, 9.69073781221e-08, 4.28789022067e-08, 6.02528302807e-08, 5.3606008521e-08, 1.55827535764e-07, 3.75456501445e-08, 1.39375062602e-08, 1.92002147514e-08],
        "median": [2.84544057649e-06, 2.02495675694e-06, 2.19521311351e-07, 3.32466925101e-08, 8.56109352299e-08, 2.76530727206e-07, 3.06116561433e-07, 2.41420684688e-06, 3.37217011293e-06, 2.47128082265e-06, 6.40929044948e-07, 6.94684914038e-08, 5.2326406319e-08, 5.56927659545e-08, 2.15342446097e-08, 5.6905072654e-08, 3.20204520676e-08, 7.74317499008e-09, 1.33549771242e-09, 1.15868425965e-09, 1.95617699816e-09, 1.80264114746e-09, 1.56161283904e-09, 3.93342380889e-09, 3.28726135201e-09, 2.52849052806e-09, 1.98903782334e-09, 4.16361750633e-10, 2.12529674415e-10, 1.21194290714e-10, 9.26394461143e-10, 1.10845299606e-09, 4.30804752982e-10, 2.50277909508e-10, 1.46347822749e-10, 2.96579649728e-10, 7.15827119802e-10, 2.19244053468e-10, 1.09461426034e-10, 8.8779650298e-11],
        "min": [3.89097226661e-11, 4.56491094925e-12, 9.39265050286e-13, 1.17011933996e-12, 1.26793128948e-12, 9.61194448687e-13, 1.09863116868e-12, 1.9410482336e-12, 2.17248311354e-12, 9.49795905987e-13, 6.69651400304e-13, 6.40205878762e-13, 4.7025979031e-13, 1.60131294075e-12, 7.35199878407e-13, 3.83229933247e-13, 2.40929536521e-13, 7.63055146413e-13, 1.08028484162e-12, 5.69647139789e-13, 3.44751733671e-13, 1.33020385071e-12, 6.06454719342e-13, 7.42641679489e-13, 7.06962591766e-13, 7.75387078763e-13, 1.23470146867e-12, 1.09548134453e-12, 9.8931279835e-13, 1.09404087352e-12, 6.55394304366e-13, 8.63247244954e-13, 8.94619339546e-13, 1.16785801949e-12, 1.89490025233e-12, 1.55236793472e-12, 7.24393852194e-13, 1.03348590536e-12, 1.10683782018e-12, 5.09025872668e-13],
        "stdev": [2.23237002501e-05, 9.12157411221e-05, 2.04370226129e-05, 9.90971420833e-06, 2.85829100903e-05, 4.19656098529e-05, 3.53236573574e-05, 0.000141345110023, 0.00190228631254, 0.00075714365812, 0.00027635807055, 6.28847337794e-05, 6.18630074314e-05, 3.49133770214e-05, 6.06816647633e-05, 3.9760114305e-05, 3.45583503076e-05, 3.8116981159e-05, 4.10613429267e-05, 2.35025327129e-05, 9.95146274363e-06, 6.59137185721e-06, 2.45775754593e-06, 1.31735635023e-06, 1.47699097397e-06, 1.39702956403e-06, 1.16622811674e-06, 5.8537222003e-07, 2.43432396019e-07, 2.07470407076e-07, 4.87844204144e-07, 7.26798134565e-07, 3.34521701006e-07, 1.13425251413e-07, 1.7188061463e-07, 1.57483370344e-07, 4.57046638758e-07, 1.12374458183e-07, 3.92346777289e-08, 5.408499959e-08],
        "var": [4.9834758542e-10, 8.32031155085e-09, 4.17671897068e-10, 9.82024322971e-11, 8.16982759222e-10, 1.76111236705e-09, 1.24776089461e-09, 1.99784420118e-08, 3.61869319931e-06, 5.73266561332e-07, 7.6373780189e-08, 3.95448962465e-09, 3.82703202462e-09, 1.21894394578e-09, 3.68226449332e-09, 1.5808666598e-09, 1.19427956413e-09, 1.45290413034e-09, 1.68603386808e-09, 5.52369039397e-10, 9.9031602363e-11, 4.34461841503e-11, 6.04057168868e-12, 1.73542777371e-12, 2.18150237458e-12, 1.95169162949e-12, 1.36008804046e-12, 3.42660632941e-13, 5.9259326233e-14, 4.30439714362e-14, 2.3799197205e-13, 5.28235495709e-13, 1.11904775268e-13, 1.28652869743e-14, 2.95429438833e-14, 2.48010128873e-14, 2.08891633375e-13, 1.26280186462e-14, 1.53935987949e-15, 2.92518720224e-15]
    },
    "melbands128": {
