{
"lowlevel": {
    "average_loudness": 0.508218586445,
    "barkbands_crest": {
        "dmean": 2.051040411,
        "dmean2": 3.59613800049,
        "dvar": 3.19395804405,
        "dvar2": 8.80047607422,
        "max": 15.5648775101,
        "mean": 6.44681072235,
        "median": 6.38182353973,
        "min": 2.40399742126,
        "stdev": 2.20189094543,
        "var": 4.84832382202
    },
    "barkbands_flatness_db": {
        "dmean": 0.0172847229987,
        "dmean2": 0.0281442776322,
        "dvar": 0.000257492763922,
        "dvar2": 0.000622894789558,
        "max": 0.182848766446,
        "mean": 0.0657472014427,
        "median": 0.0608968697488,
        "min": 0.0104782246053,
        "stdev": 0.0305580422282,
        "var": 0.000933793897275
    },
    "barkbands_kurtosis": {
        "dmean": 1.71137619019,
        "dmean2": 2.8144261837,
        "dvar": 7.9563627243,
        "dvar2": 18.4901371002,
        "max": 18.4660739899,
        "mean": 0.771248519421,
        "median": -1.11127316952,
        "min": -1.84347879887,
        "stdev": 3.77018499374,
        "var": 14.2142953873
    },
    "barkbands_skewness": {
        "dmean": 0.556067347527,
        "dmean2": 0.876185238361,
        "dvar": 0.347139775753,
        "dvar2": 0.745357692242,
        "max": 4.00031471252,
        "mean": -0.140336036682,
        "median": -0.458075851202,
        "min": -3.05814766884,
        "stdev": 1.24678516388,
        "var": 1.5544731617
    },
    "barkbands_spread": {
        "dmean": 15.7541313171,
        "dmean2": 25.2690296173,
        "dvar": 270.174957275,
        "dvar2": 555.627868652,
        "max": 127.511032104,
        "mean": 73.858543396,
        "median": 83.7241287231,
        "min": 5.35783910751,
        "stdev": 40.5566635132,
        "var": 1644.84289551
    },
    "dissonance": {
        "dmean": 0.0100560840219,
        "dmean2": 0.0159936621785,
        "dvar": 0.0011572742369,
        "dvar2": 0.00130042666569,
        "max": 0.499999940395,
        "mean": 0.488578379154,
        "median": 0.49507561326,
        "min": 0,
        "stdev": 0.0352471619844,
        "var": 0.00124236242846
    },
    "dynamic_complexity": 46.9240036011,
    "erbbands_crest": {
        "dmean": 1.48938798904,
        "dmean2": 2.48596811295,
        "dvar": 3.11476540565,
        "dvar2": 7.37564277649,
        "max": 14.7434825897,
        "mean": 4.77511119843,
        "median": 3.80964589119,
        "min": 2.03144431114,
        "stdev": 2.40097522736,
        "var": 5.7646818161
    },
    "erbbands_flatness_db": {
        "dmean": 0.0155079867691,
        "dmean2": 0.0241168942302,
        "dvar": 0.000201819362701,
        "dvar2": 0.000534732709639,
        "max": 0.238234743476,
        "mean": 0.093165487051,
        "median": 0.0831210166216,
        "min": 0.0338463820517,
        "stdev": 0.0454005151987,
        "var": 0.0020612066146
    },
    "erbbands_kurtosis": {
        "dmean": 0.756259679794,
        "dmean2": 1.25359618664,
        "dvar": 0.854460716248,
        "dvar2": 2.23563027382,
        "max": 6.87803554535,
        "mean": 0.231315270066,
        "median": -0.0723905563354,
        "min": -1.47163009644,
        "stdev": 1.22832012177,
        "var": 1.50877022743
    },
    "erbbands_skewness": {
        "dmean": 0.34381839633,
        "dmean2": 0.530065834522,
        "dvar": 0.160045027733,
        "dvar2": 0.375294148922,
        "max": 2.26988387108,
        "mean": -0.304804056883,
        "median": -0.519821643829,
        "min": -1.8816986084,
        "stdev": 0.665630340576,
        "var": 0.443063735962
    },
    "erbbands_spread": {
        "dmean": 10.1225910187,
        "dmean2": 15.5831518173,
        "dvar": 112.309432983,
        "dvar2": 296.231231689,
        "max": 115.173713684,
        "mean": 45.5934791565,
        "median": 42.5708885193,
        "min": 8.87885379791,
        "stdev": 21.5300292969,
        "var": 463.542175293
    },
    "hfc": {
        "dmean": 36.2959327698,
        "dmean2": 57.8941993713,
        "dvar": 53067.3984375,
        "dvar2": 141325.859375,
        "max": 2867.80419922,
        "mean": 40.3475990295,
        "median": 0.000398561940528,
        "min": 6.42615471946e-09,
        "stdev": 224.217758179,
        "var": 50273.6054688
    },
    "loudness_ebu128": {
        "integrated": -25.9605064392,
        "loudness_range": 2.20324516296,
        "momentary": {
            "dmean": 2.8685362339,
            "dmean2": 3.59048485756,
            "dvar": 54.5937805176,
            "dvar2": 79.4902114868,
            "max": -23.5493240356,
            "mean": -69.5795059204,
            "median": -81.9586639404,
            "min": -87.6029281616,
            "stdev": 23.5496501923,
            "var": 554.58605957
        },
        "short_term": {
            "dmean": 0.228300094604,
            "dmean2": 0.197226911783,
            "dvar": 0.405058950186,
            "dvar2": 0.343064367771,
            "max": -30.7212085724,
            "mean": -31.2362136841,
            "median": -30.7212181091,
            "min": -35.5155105591,
            "stdev": 1.36138725281,
            "var": 1.85337531567
        }
    },
    "melbands_crest": {
        "dmean": 3.23082733154,
        "dmean2": 5.45990371704,
        "dvar": 7.29410219193,
        "dvar2": 19.2007694244,
        "max": 23.1790657043,
        "mean": 10.319521904,
        "median": 10.2925434113,
        "min": 2.39582061768,
        "stdev": 4.07975196838,
        "var": 16.6443748474
    },
    "melbands_flatness_db": {
        "dmean": 0.0257553309202,
        "dmean2": 0.0394148603082,
        "dvar": 0.000936122552957,
        "dvar2": 0.00201731128618,
        "max": 0.243469879031,
        "mean": 0.0678848102689,
        "median": 0.0443498231471,
        "min": 0.0154444929212,
        "stdev": 0.0551790595055,
        "var": 0.00304472865537
    },
    "melbands_kurtosis": {
        "dmean": 4.47683906555,
        "dmean2": 6.69542312622,
        "dvar": 65.4265518188,
        "dvar2": 152.026382446,
        "max": 75.6981735229,
        "mean": 5.1845369339,
        "median": 0.376377344131,
        "min": -1.44612622261,
        "stdev": 11.3857374191,
        "var": 129.635009766
    },
    "melbands_skewness": {
        "dmean": 0.652611970901,
        "dmean2": 0.978305578232,
        "dvar": 0.522647500038,
        "dvar2": 1.14663016796,
        "max": 6.92605400085,
        "mean": 1.28841924667,
        "median": 0.829819500446,
        "min": -2.07439351082,
        "stdev": 1.65375602245,
        "var": 2.7349088192
    },
    "melbands_spread": {
        "dmean": 21.8551311493,
        "dmean2": 32.9324569702,
        "dvar": 568.221069336,
        "dvar2": 1080.49658203,
        "max": 194.352325439,
        "mean": 94.5458297729,
        "median": 94.4000396729,
        "min": 5.06125688553,
        "stdev": 53.6429481506,
        "var": 2877.56591797
    },
    "pitch_salience": {
        "dmean": 0.0636548921466,
        "dmean2": 0.10637498647,
        "dvar": 0.00323081063107,
        "dvar2": 0.00781380012631,
        "max": 0.971610724926,
        "mean": 0.67118793726,
        "median": 0.665014445782,
        "min": 0.439958393574,
        "stdev": 0.0796419531107,
        "var": 0.00634284038097
    },
    "silence_rate_20dB": {
        "dmean": 0.00917431153357,
        "dmean2": 0.0184331797063,
        "dvar": 0.00909014046192,
        "dvar2": 0.0273101124913,
        "max": 1,
        "mean": 0.995433807373,
        "median": 1,
        "min": 0,
        "stdev": 0.0674193352461,
        "var": 0.0045453668572
    },
    "silence_rate_30dB": {
        "dmean": 0.00917431153357,
        "dmean2": 0.0184331797063,
        "dvar": 0.00909014046192,
        "dvar2": 0.0180933773518,
        "max": 1,
        "mean": 0.981735169888,
        "median": 1,
        "min": 0,
        "stdev": 0.133907437325,
        "var": 0.0179312005639
    },
    "silence_rate_60dB": {
        "dmean": 0.00917431153357,
        "dmean2": 0.0184331797063,
        "dvar": 0.00909014046192,
        "dvar2": 0.0180933773518,
        "max": 1,
        "mean": 0.876712322235,
        "median": 1,
        "min": 0,
        "stdev": 0.328767001629,
        "var": 0.108087740839
    },
    "spectral_centroid": {
        "dmean": 388.480712891,
        "dmean2": 583.420593262,
        "dvar": 223723.78125,
        "dvar2": 417131.875,
        "max": 4730.73681641,
        "mean": 2981.31811523,
        "median": 3340.74511719,
        "min": 429.919403076,
        "stdev": 1051.9083252,
        "var": 1106511
    },
    "spectral_complexity": {
        "dmean": 0.981651365757,
        "dmean2": 1.29032254219,
        "dvar": 14.6143331528,
        "dvar2": 20.8604621887,
        "max": 59,
        "mean": 3.92237448692,
        "median": 0,
        "min": 0,
        "stdev": 11.5295238495,
        "var": 132.929916382
    },
    "spectral_decrease": {
        "dmean": 1.24229804221e-09,
        "dmean2": 2.06759320776e-09,
        "dvar": 8.66276079978e-17,
        "dvar2": 2.3470851511e-16,
        "max": -2.93749219235e-20,
        "mean": -1.26661126032e-09,
        "median": -1.52285072031e-14,
        "min": -1.15193557804e-07,
        "stdev": 8.51153725279e-09,
        "var": 7.2446271375e-17
    },
    "spectral_energy": {
        "dmean": 0.00797933619469,
        "dmean2": 0.0130536137149,
        "dvar": 0.00312752905302,
        "dvar2": 0.00842058192939,
        "max": 0.694886386395,
        "mean": 0.00844013877213,
        "median": 9.49312735088e-08,
        "min": 6.9373944523e-13,
        "stdev": 0.0522931441665,
        "var": 0.00273457285948
    },
    "spectral_energyband_high": {
        "dmean": 0.00366814038716,
        "dmean2": 0.00620368728414,
        "dvar": 0.000499813235365,
        "dvar2": 0.00138267979492,
        "max": 0.272282660007,
        "mean": 0.00426346389577,
        "median": 2.52350211838e-08,
        "min": 4.62543577658e-13,
        "stdev": 0.0219039749354,
        "var": 0.000479784153868
    },
    "spectral_energyband_low": {
        "dmean": 5.47976378584e-05,
        "dmean2": 8.87246205821e-05,
        "dvar": 1.12486780779e-07,
        "dvar2": 2.8514944006e-07,
        "max": 0.00406879233196,
        "mean": 4.81716378999e-05,
        "median": 1.48343115569e-08,
        "min": 4.01858179979e-14,
        "stdev": 0.000315442302963,
        "var": 9.95038504925e-08
    },
    "spectral_energyband_middle_high": {
        "dmean": 0.00382517813705,
        "dmean2": 0.00629376713187,
        "dvar": 0.000863659777679,
        "dvar2": 0.00230607879348,
        "max": 0.363566607237,
        "mean": 0.00364177022129,
        "median": 1.03021982056e-08,
        "min": 8.63183900442e-14,
        "stdev": 0.0266316365451,
        "var": 0.000709244108293
    },
    "spectral_energyband_middle_low": {
        "dmean": 0.000561412307434,
        "dmean2": 0.000865235109814,
        "dvar": 2.1045878384e-05,
        "dvar2": 5.15393912792e-05,
        "max": 0.0579856820405,
        "mean": 0.000514587911312,
        "median": 1.86878370556e-08,
        "min": 9.34072426611e-14,
        "stdev": 0.00437796860933,
        "var": 1.91666076717e-05
    },
    "spectral_entropy": {
        "dmean": 0.138308674097,
        "dmean2": 0.212395176291,
        "dvar": 0.0304925180972,
        "dvar2": 0.0695641636848,
        "max": 9.10694313049,
        "mean": 8.48569011688,
        "median": 8.55846786499,
        "min": 7.4916472435,
        "stdev": 0.294082164764,
        "var": 0.0864843279123
    },
    "spectral_flux": {
        "dmean": 0.00971735082567,
        "dmean2": 0.0134112779051,
        "dvar": 0.00312409736216,
        "dvar2": 0.00679405173287,
        "max": 0.794020712376,
        "mean": 0.0234301537275,
        "median": 0.000224287141464,
        "min": 0.000112205161713,
        "stdev": 0.081136032939,
        "var": 0.00658305548131
    },
    "spectral_kurtosis": {
        "dmean": 0.537460267544,
        "dmean2": 0.865414500237,
        "dvar": 0.508734822273,
        "dvar2": 1.35830068588,
        "max": 8.8871011734,
        "mean": 2.46413636208,
        "median": 2.10218763351,
        "min": 1.04488182068,
        "stdev": 1.01426327229,
        "var": 1.02873003483
    },
    "spectral_rms": {
        "dmean": 0.000381039426429,
        "dmean2": 0.000553729885723,
        "dvar": 3.57620206159e-06,
        "dvar2": 8.58558451e-06,
        "max": 0.0260372404009,
        "mean": 0.000848464551382,
        "median": 9.62371450441e-06,
        "min": 2.60157442256e-08,
        "stdev": 0.00274124019779,
        "var": 7.51439802116e-06
    },
    "spectral_rolloff": {
        "dmean": 2252.88696289,
        "dmean2": 3651.01928711,
        "dvar": 10304170,
        "dvar2": 20311826,
        "max": 18518.5546875,
        "mean": 11385.8535156,
        "median": 12704.5898438,
        "min": 279.931640625,
        "stdev": 5825.78222656,
        "var": 33939736
    },
    "spectral_skewness": {
        "dmean": 0.125745147467,
        "dmean2": 0.201359465718,
        "dvar": 0.0191739145666,
        "dvar2": 0.0477913431823,
        "max": 2.13172078133,
        "mean": 1.31254088879,
        "median": 1.2526140213,
        "min": 0.776058793068,
        "stdev": 0.225135564804,
        "var": 0.0506860204041
    },
    "spectral_spread": {
        "dmean": 639802.125,
        "dmean2": 991615.875,
        "dvar": 583890436096,
        "dvar2": 979042893824,
        "max": 19959796,
        "mean": 8463086,
        "median": 9413553,
        "min": 3945407.75,
        "stdev": 2083155,
        "var": 4.33953465958e+12
    },
    "spectral_strongpeak": {
        "dmean": 0.76290667057,
        "dmean2": 1.30307996273,
        "dvar": 7.3663687706,
        "dvar2": 17.1151733398,
        "max": 26.6936683655,
        "mean": 1.09818816185,
        "median": 0,
        "min": 0,
        "stdev": 3.75605773926,
        "var": 14.1079692841
    },
    "zerocrossingrate": {
        "dmean": 0.0244498997927,
        "dmean2": 0.0304174460471,
        "dvar": 0.000560087617487,
        "dvar2": 0.000820554676466,
        "max": 0.32275390625,
        "mean": 0.234383925796,
        "median": 0.255859375,
        "min": 0.0068359375,
        "stdev": 0.0615134127438,
        "var": 0.00378389982507
    },
    "barkbands": {
        "dmean": [7.97690745458e-07, 9.98606537905e-06, 3.07269001496e-05, 2.84030320472e-05, 4.51244413853e-05, 0.000112828522106, 5.97076577833e-05, 0.000130827262183, 0.000225992800551, 0.000106708088424, 0.000267728202743, 0.000244037102675, 0.000156914436957, 0.000245193950832, 0.000146992242662, 0.000175234526978, 0.000232232763665, 0.00121194659732, 0.000771910999902, 0.00066125014564, 0.000899702950846, 0.000952289439738, 0.0010027353419, 0.000554115220439, 0.00027247169055, 0.000166041354532, 7.25896679796e-05],
        "dmean2": [1.57587214744e-06, 1.60696818057e-05, 5.14866842423e-05, 5.42058405699e-05, 7.967196143e-05, 0.000220243644435, 9.87946696114e-05, 0.000218253189814, 0.000363885250408, 0.000210155951208, 0.000475462176837, 0.000424768863013, 0.000255042716162, 0.000475533655845, 0.000269612588454, 0.00029555108631, 0.000418238458224, 0.00234125973657, 0.00113223318476, 0.00109351030551, 0.00156794372015, 0.00170259771403, 0.00171698839404, 0.000912413524929, 0.000438153394498, 0.000259287160588, 0.00012180738122],
        "dvar": [4.70287871146e-11, 2.43097186825e-09, 4.03801863058e-08, 3.37836887354e-08, 1.3499987972e-07, 9.45948443132e-07, 1.40724296216e-07, 1.26896679831e-06, 3.80626192964e-06, 8.60314742113e-07, 5.94167022427e-06, 4.50178958999e-06, 1.69215945789e-06, 5.54608459424e-06, 9.67366645455e-07, 1.78055597644e-06, 1.23748179703e-06, 0.000113906491606, 3.38316713169e-05, 1.37671513585e-05, 2.19345365622e-05, 4.67224490421e-05, 2.6615909519e-05, 1.21355487863e-05, 2.15806107917e-06, 8.41956534714e-07, 2.08746939734e-07],
        "dvar2": [1.36471375867e-10, 5.02875163733e-09, 1.04022653602e-07, 1.02598804119e-07, 3.79163452635e-07, 2.92273057312e-06, 3.7718248791e-07, 2.58503678197e-06, 9.65588515101e-06, 2.55940426541e-06, 1.62791839102e-05, 1.27651483126e-05, 4.36381378677e-06, 1.64650045917e-05, 2.025332833e-06, 4.5518445404e-06, 2.78707670986e-06, 0.000341235427186, 6.74616239849e-05, 3.52063980245e-05, 6.87186038704e-05, 0.000133362787892, 7.10760141374e-05, 3.37172168656e-05, 4.29223109677e-06, 2.08771962207e-06, 5.38813651474e-07],
        "max": [8.11151694506e-05, 0.000492205028422, 0.00242023728788, 0.00200891122222, 0.00440295459703, 0.0105164954439, 0.00475420011207, 0.0139546506107, 0.023893237114, 0.0105401286855, 0.028483973816, 0.0255006439984, 0.0161936003715, 0.0258630197495, 0.011297329329, 0.0163662042469, 0.0118199493736, 0.116749808192, 0.0755821466446, 0.0444558039308, 0.0457387343049, 0.0771889537573, 0.0587512813509, 0.0416399538517, 0.0179077479988, 0.0112098557875, 0.00547071965411],
        "mean": [6.52429207548e-07, 1.14326876428e-05, 2.43240683631e-05, 2.15842701436e-05, 3.87014515582e-05, 7.56046574679e-05, 5.8284989791e-05, 0.000129048683448, 0.000174974367837, 7.84097719588e-05, 0.000180900402484, 0.000212396334973, 0.000131316715851, 0.000159002214787, 0.000178380854777, 0.00016027528909, 0.00030227121897, 0.00085014430806, 0.000963055179454, 0.000668169232085, 0.00100645283237, 0.000834714621305, 0.00101306976285, 0.000568568357266, 0.000344700587448, 0.000185342592886, 6.69726068736e-05],
        "median": [1.34628406201e-08, 5.04222574804e-09, 2.5271780224e-09, 2.06055728036e-09, 2.74653855215e-09, 2.0052202121e-09, 3.33117267104e-09, 1.26129895417e-09, 1.38088218637e-09, 1.00414854209e-09, 7.5982875547e-10, 7.93278887024e-10, 8.18513756773e-10, 8.17410972243e-10, 8.39305513978e-10, 8.94139984275e-10, 9.22042997509e-10, 1.02355124376e-09, 1.17781118192e-09, 1.3482911454e-09, 1.68886471474e-09, 1.93949611926e-09, 2.32940933209e-09, 2.99196978304e-09, 4.06635924932e-09, 5.52768630868e-09, 7.68384911254e-09],
        "min": [1.18057563305e-14, 1.74771492851e-14, 1.13064888534e-14, 1.0888301064e-14, 2.47160622589e-14, 2.02364505903e-14, 1.53236916835e-14, 1.0800403608e-14, 9.50755519777e-15, 5.94637796576e-15, 4.46888357279e-15, 3.77159842732e-15, 1.30536395732e-15, 4.10116412402e-15, 1.75298465929e-14, 2.06095804621e-14, 9.13857070529e-15, 1.57363017609e-14, 3.04174677084e-15, 4.45274208943e-15, 3.19741757756e-14, 1.49296722852e-14, 2.09228691501e-14, 2.4262767495e-14, 7.25305774642e-14, 1.53568171092e-13, 1.46465074769e-13],
        "stdev": [5.87348085901e-06, 5.71884884266e-05, 0.000182049217983, 0.000150246632984, 0.00031224929262, 0.000726633646991, 0.000374505325453, 0.00116915407125, 0.00173278676812, 0.000731070060283, 0.00197297730483, 0.00181224779226, 0.00117725064047, 0.00175392045639, 0.00108245678712, 0.00120682630222, 0.00134599558078, 0.00796771980822, 0.00691169779748, 0.00357456388883, 0.00479386560619, 0.00555621273816, 0.0050660604611, 0.00322805158794, 0.00170920521487, 0.000946245447267, 0.000416603579652],
        "var": [3.44977796329e-11, 3.27052340765e-09, 3.3141919431e-08, 2.25740528492e-08, 9.74996225978e-08, 5.27996462552e-07, 1.40254243775e-07, 1.36692131036e-06, 3.00254987451e-06, 5.34463424628e-07, 3.89263959732e-06, 3.28424198415e-06, 1.38591906307e-06, 3.07623690787e-06, 1.17171259717e-06, 1.45642979987e-06, 1.8117042373e-06, 6.34845637251e-05, 4.77715693705e-05, 1.27775065266e-05, 2.29811485042e-05, 3.08714988932e-05, 2.56649673247e-05, 1.04203163573e-05, 2.9213824746e-06, 8.95380424026e-07, 1.73558532879e-07]
    },
    "erbbands": {
        "dmean": [0.000131611799588, 0.00307989120483, 0.0272475834936, 0.0748299732804, 0.150594443083, 0.13908739388, 0.346155405045, 1.07704472542, 0.81545996666, 1.38938260078, 3.1279489994, 5.76015233994, 2.41008257866, 5.05060195923, 12.6090908051, 9.4589138031, 8.40762901306, 9.29255104065, 8.1712770462, 7.87285089493, 10.366186142, 12.3231668472, 34.8807792664, 78.9432144165, 36.6664619446, 30.0538215637, 21.3788890839, 48.4718437195, 34.2347869873, 34.7646827698, 25.7888278961, 18.1337413788, 5.91894721985, 3.35563373566, 2.59755849838, 0.634476959705, 0.347605109215, 0.0841532871127, 0.014846961014, 0.000594458309934],
        "dmean2": [0.000199570684345, 0.00504388520494, 0.0444681718946, 0.136349067092, 0.299030393362, 0.240283355117, 0.664076328278, 2.12331080437, 1.38236176968, 1.98406422138, 5.88699150085, 9.2040643692, 4.07545614243, 9.07434844971, 22.7231445312, 16.1189231873, 13.6694154739, 17.5569267273, 13.1024990082, 12.5165529251, 17.6713581085, 22.4321899414, 61.385635376, 149.563812256, 60.338180542, 48.8866386414, 36.7378501892, 82.1186981201, 58.9427375793, 61.3252372742, 45.836566925, 32.8891296387, 8.71893119812, 5.05540847778, 3.78997826576, 1.0176731348, 0.533871650696, 0.131889998913, 0.0253408644348, 0.000991742941551],
        "dvar": [4.55303961644e-07, 0.000238394335611, 0.0284412540495, 0.261336266994, 1.49783301353, 1.19646906853, 7.85928869247, 84.9812088013, 26.012758255, 111.417800903, 849.583496094, 2467.58325195, 397.878845215, 1995.73278809, 13433.2822266, 6691.02587891, 4964.90478516, 7562.11474609, 3886.27270508, 3089.60717773, 7762.89257812, 4173.83837891, 51943.2460938, 514991.3125, 69634.3359375, 35118.0859375, 13544.984375, 64117.6679688, 57401.0859375, 45523.3632812, 18993.5117188, 12664.5537109, 901.60748291, 259.440826416, 258.716888428, 12.7741661072, 3.01797008514, 0.19832316041, 0.0108214933425, 1.82995718205e-05],
        "dvar2": [7.99039639787e-07, 0.000509631994646, 0.0712149515748, 0.731982886791, 4.47388505936, 3.22348761559, 24.5772590637, 261.896514893, 66.6639022827, 245.026000977, 1673.23144531, 6192.63867188, 1084.34558105, 5692.06054688, 37822.7773438, 18351.8886719, 12837.6132812, 22141.4765625, 9455.234375, 6814.20507812, 20522.6953125, 9039.34667969, 150057.796875, 1504812.5, 123386.9375, 89791.21875, 37953.890625, 200457.265625, 165079.421875, 123715.484375, 51284.3359375, 36668.0546875, 2166.52490234, 637.114257812, 587.385009766, 26.9105491638, 7.59689760208, 0.50462603569, 0.0286608673632, 4.72607789561e-05],
        "max": [0.00737887620926, 0.15273141861, 2.06296610832, 5.88117599487, 13.861448288, 13.3646192551, 30.6579875946, 99.9845504761, 63.2734298706, 138.562576294, 332.332061768, 608.449279785, 242.876068115, 521.049438477, 1345.06066895, 1000.21417236, 876.096130371, 978.102600098, 779.483642578, 685.819946289, 1071.52978516, 712.887207031, 2642.04492188, 8212.17773438, 3275.18603516, 2314.28833008, 1368.50500488, 2494.97729492, 2649.99316406, 2447.16772461, 1614.4041748, 1288.91345215, 350.249938965, 167.062042236, 210.937728882, 44.2029762268, 19.748714447, 5.32221889496, 1.24107515812, 0.0518986210227],
        "mean": [0.000176412198925, 0.00337405642495, 0.0230251904577, 0.0585187003016, 0.113192118704, 0.123264208436, 0.252446711063, 0.735152840614, 0.730571806431, 1.46242892742, 3.44268012047, 4.43051528931, 2.00701212883, 3.65663933754, 9.01589775085, 8.29728031158, 6.93565654755, 6.47670841217, 7.99066400528, 9.52594470978, 9.1297082901, 16.6186294556, 34.4789772034, 56.4599647522, 48.5243301392, 31.0147666931, 23.2863140106, 51.7053489685, 32.413860321, 30.1406421661, 27.5574874878, 17.4935512543, 7.05813646317, 3.89944720268, 2.64855837822, 0.782195985317, 0.374490052462, 0.093552082777, 0.013059752062, 0.000519139168318],
        "median": [1.69832546248e-07, 1.15578450277e-06, 2.70177952189e-06, 5.59996306038e-06, 8.53867459227e-06, 1.03758111436e-05, 1.51673702931e-05, 1.64005014085e-05, 4.08525156672e-05, 3.8981277612e-05, 2.61776003754e-05, 2.94400106213e-05, 3.32726085617e-05, 3.10943869408e-05, 3.27003581333e-05, 3.36610901286e-05, 4.03483645641e-05, 4.320755761e-05, 4.60953451693e-05, 4.89495432703e-05, 5.14295752509e-05, 5.06058677274e-05, 5.55220140086e-05, 5.93206859776e-05, 6.21277067694e-05, 6.38791680103e-05, 6.54429168208e-05, 6.84435435687e-05, 7.0610025432e-05, 6.83959806338e-05, 6.66038686177e-05, 6.00155581196e-05, 5.2459869039e-05, 4.3659711082e-05, 3.07673981297e-05, 1.98579036805e-05, 1.0751343325e-05, 4.30387717643e-06, 1.06585366666e-06, 1.14556236497e-07],
        "min": [6.40982546988e-13, 3.53408404971e-12, 1.16923259269e-11, 2.74899998598e-11, 5.2930930472e-11, 8.80479716914e-11, 1.30340446769e-10, 1.74366812655e-10, 2.11927933536e-10, 2.34038260993e-10, 2.35025554574e-10, 2.17807175074e-10, 1.9617672764e-10, 1.85871901204e-10, 1.81100481833e-10, 1.43433001587e-10, 7.01932262315e-11, 1.36967381881e-10, 5.9736132707e-10, 1.15185749827e-09, 9.72330216342e-10, 5.48423528812e-10, 8.29265600633e-10, 4.30295243881e-10, 1.36920419447e-10, 1.89501511705e-10, 1.08025399737e-09, 1.15390930144e-09, 3.98544308666e-10, 8.39855518464e-10, 5.10144426702e-10, 4.51405274271e-10, 4.16915307833e-10, 4.93148188951e-10, 7.32622129629e-10, 5.84340187348e-10, 2.50912374211e-10, 1.59073865191e-10, 1.91628310442e-11, 1.30979515428e-12],
        "stdev": [0.000892425712664, 0.0172300506383, 0.159388154745, 0.433038026094, 0.969078540802, 0.960183739662, 2.15067815781, 6.94462490082, 4.83113384247, 11.5072946548, 30.7741508484, 44.2957572937, 17.4344329834, 36.1701126099, 92.735244751, 71.6025314331, 63.6135253906, 66.7586975098, 59.4008255005, 58.4152641296, 76.8954391479, 77.5564117432, 199.686508179, 566.473205566, 318.488555908, 179.471420288, 112.687324524, 258.419006348, 198.909439087, 185.524383545, 139.40020752, 99.4908676147, 33.4645843506, 18.0769405365, 16.2127971649, 4.00611782074, 1.82544946671, 0.463272571564, 0.0901253968477, 0.00379239534959],
        "var": [7.96423648808e-07, 0.000296874641208, 0.0254045818001, 0.187521919608, 0.939113259315, 0.921952843666, 4.62541675568, 48.2278137207, 23.3398532867, 132.417831421, 947.048400879, 1962.11401367, 303.959442139, 1308.27709961, 8599.82617188, 5126.92285156, 4046.68066406, 4456.72363281, 3528.45825195, 3412.34326172, 5912.90869141, 6014.99658203, 39874.6992188, 320891.875, 101434.953125, 32209.9882812, 12698.4335938, 66780.3828125, 39564.9648438, 34419.296875, 19432.4179688, 9898.43261719, 1119.87841797, 326.775756836, 262.854797363, 16.0489788055, 3.33226585388, 0.214621469378, 0.00812258664519, 1.43822617247e-05]
    },
    "gfcc": {
        "mean": [-492.000854492, -35.1928215027, -81.8856582642, 12.1088190079, -47.5851554871, 5.71205282211, -27.8437461853, 5.83409261703, -16.8503017426, 4.40923309326, -11.9735136032, 3.34969210625, -11.4441947937],
        "cov": [[60754.3164062, -1856.87744141, -5067.64941406, 2667.23046875, -2486.78955078, 104.185890198, -997.929382324, -104.591445923, -1181.09020996, -619.106018066, -656.834594727, 86.6981811523, -835.955566406], [-1856.87744141, 1777.46899414, 607.005859375, -188.244873047, 72.0084533691, -102.276626587, -10.3819799423, -105.751373291, -51.8058776855, -34.6225357056, -28.8891124725, -107.859947205, -84.0112457275], [-5067.64941406, 607.005859375, 863.293701172, -220.346206665, 170.742614746, -67.2841110229, 58.0899810791, -45.9002685547, 55.2701683044, 18.99609375, 24.1836738586, -41.8680267334, 38.7845344543], [2667.23046875, -188.244873047, -220.346206665, 248.937164307, -84.053024292, 21.1505622864, -60.4480323792, 0.476903289557, -58.0560073853, -49.7661132812, -49.390953064, 5.80700397491, -37.8281860352], [-2486.78955078, 72.0084533691, 170.742614746, -84.053024292, 180.174545288, 36.8549385071, 62.7773170471, 11.0954580307, 49.7142677307, 22.311384201, 22.1766052246, -9.4964427948, 27.3327770233], [104.185890198, -102.276626587, -67.2841110229, 21.1505622864, 36.8549385071, 75.2495193481, 45.7515487671, 16.8576927185, -3.14585542679, -3.46962070465, 2.13645720482, 4.6679816246, -1.47796452045], [-997.929382324, -10.3819799423, 58.0899810791, -60.4480323792, 62.7773170471, 45.7515487671, 86.4760284424, 28.1833782196, 28.5789489746, 14.7106122971, 16.3660984039, 0.665775120258, 14.5464830399], [-104.591445923, -105.751373291, -45.9002685547, 0.476903289557, 11.0954580307, 16.8576927185, 28.1833782196, 46.2267494202, 30.7826747894, 17.4403953552, 8.10885715485, 7.67042303085, 5.44862890244], [-1181.09020996, -51.8058776855, 55.2701683044, -58.0560073853, 49.7142677307, -3.14585542679, 28.5789489746, 30.7826747894, 76.6318740845, 42.6195602417, 20.9046268463, 6.7880692482, 26.5690307617], [-619.106018066, -34.6225357056, 18.99609375, -49.7661132812, 22.311384201, -3.46962070465, 14.7106122971, 17.4403953552, 42.6195602417, 55.2288475037, 30.3193740845, 10.0397443771, 17.5206890106], [-656.834594727, -28.8891124725, 24.1836738586, -49.390953064, 22.1766052246, 2.13645720482, 16.3660984039, 8.10885715485, 20.9046268463, 30.3193740845, 46.0959510803, 15.7291879654, 11.3502044678], [86.6981811523, -107.859947205, -41.8680267334, 5.80700397491, -9.4964427948, 4.6679816246, 0.665775120258, 7.67042303085, 6.7880692482, 10.0397443771, 15.7291879654, 29.7570819855, 17.486946106], [-835.955566406, -84.0112457275, 38.7845344543, -37.8281860352, 27.3327770233, -1.47796452045, 14.5464830399, 5.44862890244, 26.5690307617, 17.5206890106, 11.3502044678, 17.486946106, 44.1640434265]],
        "icov": [[0.00014682066103, -6.37055709376e-05, 0.00043316980009, -0.000528954900801, 0.00109886738937, -0.000229277065955, -0.000143752098666, 0.000241723202635, 0.000527598487679, -0.000642740458716, 0.000875656493008, -0.000643975334242, 0.00112172018271], [-6.37055709376e-05, 0.00121152738575, -0.000719419738743, 0.000992997433059, -0.00093782460317, 0.00131382618565, -0.000532910984475, 0.00123670254834, 0.000488430261612, -0.000376641546609, 0.000832122401334, 0.000583713874221, 0.00263904943131], [0.00043316980009, -0.000719419738743, 0.00394072569907, -0.00174027285539, 0.00164905225392, 0.00284132896923, -0.00327592017129, 0.0033540034201, 0.000590640178416, -0.000806920172181, 0.00140568322968, -2.63771125901e-05, 0.00123305991292], [-0.000528954900801, 0.000992997433059, -0.00174027285539, 0.0129735711962, -0.00397042557597, -0.00504395086318, 0.00926543306559, -0.00591042404994, 0.000320524879498, 0.00403939001262, 0.00608361791819, -0.00561949657276, 0.00334940548055], [0.00109886738937, -0.00093782460317, 0.00164905225392, -0.00397042557597, 0.0210631880909, -0.0112381633371, -0.000798982393462, 0.00327803334221, -0.00317956600338, -0.00160273117945, 0.000774004671257, 0.00425818515942, 0.00127733964473], [-0.000229277065955, 0.00131382618565, 0.00284132896923, -0.00504395086318, -0.0112381633371, 0.0399303138256, -0.0256155524403, 0.0049384618178, 0.0073647624813, -0.00183511746582, 0.000571688986383, -0.00472365925089, 0.00548394722864], [-0.000143752098666, -0.000532910984475, -0.00327592017129, 0.00926543306559, -0.000798982393462, -0.0256155524403, 0.0404432266951, -0.0210223160684, -0.000789266952779, 0.00573163153604, -0.00299278716557, 0.00408979039639, -0.00666100578383], [0.000241723202635, 0.00123670254834, 0.0033540034201, -0.00591042404994, 0.00327803334221, 0.0049384618178, -0.0210223160684, 0.0525127984583, -0.0198737997562, -0.00454644300044, 0.00361264916137, -0.00659192865714, 0.0129434391856], [0.000527598487679, 0.000488430261612, 0.000590640178416, 0.000320524879498, -0.00317956600338, 0.0073647624813, -0.000789266952779, -0.0198737997562, 0.0433609262109, -0.0227824524045, 0.00938784144819, -0.00120541790966, -0.0033853657078], [-0.000642740458716, -0.000376641546609, -0.000806920172181, 0.00403939001262, -0.00160273117945, -0.00183511746582, 0.00573163153604, -0.00454644300044, -0.0227824524045, 0.0499047338963, -0.0278193578124, 0.00938463676721, -0.0117689622566], [0.000875656493008, 0.000832122401334, 0.00140568322968, 0.00608361791819, 0.000774004671257, 0.000571688986383, -0.00299278716557, 0.00361264916137, 0.00938784144819, -0.0278193578124, 0.061733238399, -0.0413597114384, 0.0281140338629], [-0.000643975334242, 0.000583713874221, -2.63771125901e-05, -0.00561949657276, 0.00425818515942, -0.00472365925089, 0.00408979039639, -0.00659192865714, -0.00120541790966, 0.00938463676721, -0.0413597114384, 0.0887922644615, -0.0467225313187], [0.00112172018271, 0.00263904943131, 0.00123305991292, 0.00334940548055, 0.00127733964473, 0.00548394722864, -0.00666100578383, 0.0129434391856, -0.0033853657078, -0.0117689622566, 0.0281140338629, -0.0467225313187, 0.0686517506838]]
    },
    "melbands": {
        "dmean": [1.96230030269e-06, 1.11654371722e-05, 1.45353478729e-05, 1.11424797069e-05, 1.02872218122e-05, 2.33721439145e-05, 1.26146032926e-05, 1.73632306542e-05, 3.01688378386e-05, 3.27254274453e-05, 1.10726668936e-05, 1.84535529115e-05, 4.06777617172e-05, 3.11607982439e-05, 2.1501293304e-05, 1.40363399623e-05, 1.98909765459e-05, 1.6245412553e-05, 1.37701626954e-05, 1.0178161574e-05, 1.34490956043e-05, 1.05566268758e-05, 2.23328897846e-05, 5.04724921484e-05, 6.74485781929e-05, 2.72937722912e-05, 2.88463470497e-05, 1.80791739695e-05, 1.36242124427e-05, 1.76614958036e-05, 3.08390517603e-05, 1.8228774934e-05, 2.38865995925e-05, 1.75050845428e-05, 1.29020136228e-05, 1.78781920113e-05, 9.12030918698e-06, 3.77100536753e-06, 3.59952355211e-06, 2.61803461399e-06],
        "dmean2": [2.97001884064e-06, 1.78454993147e-05, 2.71340322797e-05, 2.03390918614e-05, 1.95969114429e-05, 4.59699804196e-05, 2.1598281819e-05, 2.89593790512e-05, 5.39233369636e-05, 5.22487025592e-05, 1.96966739168e-05, 3.38374957209e-05, 7.24640995031e-05, 5.79930565436e-05, 3.35210752382e-05, 2.37419189943e-05, 3.83721417165e-05, 2.83800109173e-05, 2.45224255195e-05, 1.64863140526e-05, 2.32405072893e-05, 1.86062297871e-05, 3.70681991626e-05, 9.68006643234e-05, 0.000129354186356, 4.0071492549e-05, 4.57870664832e-05, 3.0225415685e-05, 2.32141010201e-05, 3.05397006741e-05, 5.23154667462e-05, 2.99225903291e-05, 4.48973041784e-05, 2.94727815344e-05, 2.10283651541e-05, 3.42700986948e-05, 1.64103621501e-05, 5.63378125662e-06, 5.32526973984e-06, 3.9319620555e-06],
        "dvar": [9.38224567482e-11, 4.41344560898e-09, 1.10495452788e-08, 8.54212611756e-09, 7.10556191663e-09, 4.07833020688e-08, 6.4733396421e-09, 2.0730373862e-08, 7.34683496262e-08, 7.85125280345e-08, 8.4295397329e-09, 2.60960479892e-08, 1.39354398243e-07, 7.83279929806e-08, 3.23915507749e-08, 1.38492692869e-08, 3.6334075304e-08, 1.84026056615e-08, 6.88762646917e-09, 4.56326709752e-09, 1.3836078061e-08, 3.92580634667e-09, 8.71044036899e-09, 2.1244292725e-07, 3.79176611887e-07, 3.77775855043e-08, 2.70353321952e-08, 1.34461419776e-08, 4.98054442133e-09, 8.76930439375e-09, 2.35071340171e-08, 1.23728591817e-08, 3.25807221202e-08, 1.06053228421e-08, 5.28536325817e-09, 9.41440614355e-09, 3.15082160363e-09, 3.64857394297e-10, 3.73473224569e-10, 1.56373719529e-10],
        "dvar2": [1.85041995615e-10, 1.08943352117e-08, 3.21375033252e-08, 2.44690845363e-08, 2.18944133934e-08, 1.25413819774e-07, 1.681949513e-08, 3.99912067905e-08, 1.49947851469e-07, 1.96715973289e-07, 2.36725359315e-08, 7.51262874132e-08, 3.85467160413e-07, 2.29990931189e-07, 7.86802090147e-08, 3.74697322059e-08, 1.07798925342e-07, 4.97215637552e-08, 1.54074584202e-08, 1.07266613369e-08, 3.76424864612e-08, 8.07123523572e-09, 2.25381313612e-08, 6.35327921827e-07, 1.11268911951e-06, 5.8601848707e-08, 5.91571449604e-08, 3.54677247572e-08, 1.34281075148e-08, 2.72122075984e-08, 7.3820011437e-08, 3.35892984538e-08, 9.43709608237e-08, 2.71831162024e-08, 1.33310162909e-08, 2.78068306159e-08, 8.97741081474e-09, 8.52371728755e-10, 9.04140151636e-10, 4.02750555129e-10],
        "max": [9.8745644209e-05, 0.000812003621832, 0.0012030955404, 0.00108365423512, 0.000944900151808, 0.00219292961992, 0.00100675399881, 0.00178123195656, 0.00321065401658, 0.00343673117459, 0.00110339082312, 0.00187941116747, 0.00434545986354, 0.00327152595855, 0.00225480552763, 0.00143851130269, 0.00209888909012, 0.00162713730242, 0.000951634312514, 0.000832129095215, 0.00140410428867, 0.0007714710664, 0.000801310292445, 0.00506626628339, 0.00700615392998, 0.00264106597751, 0.00199697166681, 0.00141955376603, 0.000745715748053, 0.000934089883231, 0.00139357114676, 0.00115617737174, 0.00204998394474, 0.00117266294546, 0.000889820628799, 0.0010265117744, 0.000646679487545, 0.000217653287109, 0.000229533485253, 0.000129431311507],
        "mean": [2.37309950535e-06, 9.77265699476e-06, 1.14785234473e-05, 8.89451985131e-06, 8.16241208668e-06, 1.59442570293e-05, 1.17114641398e-05, 1.93456235138e-05, 3.10448631353e-05, 2.52703921433e-05, 9.25391304918e-06, 1.34724514282e-05, 2.80473504972e-05, 2.67397917924e-05, 1.85560456885e-05, 1.12621755761e-05, 1.30613407237e-05, 1.29043637571e-05, 1.56209807756e-05, 1.1004274711e-05, 1.03286683952e-05, 1.34005622385e-05, 3.02823664242e-05, 3.57476019417e-05, 4.6975666919e-05, 3.69163499272e-05, 3.16011864925e-05, 1.74223496288e-05, 1.34475467348e-05, 1.84727741726e-05, 3.19503342325e-05, 1.67451507878e-05, 1.88612448255e-05, 1.55766338139e-05, 1.42148264786e-05, 1.6405732822e-05, 9.181418136e-06, 4.73927639177e-06, 3.81180120712e-06, 3.10221525979e-06],
        "median": [2.2211970041e-09, 1.60991608933e-09, 1.44691847392e-09, 6.26498408707e-10, 4.97909047326e-10, 3.59136331785e-10, 6.30124563639e-10, 3.92103016722e-10, 2.01551400569e-10, 1.83757162264e-10, 1.64057253893e-10, 1.18592843878e-10, 1.10333048253e-10, 8.50711931455e-11, 9.38264813066e-11, 8.45688519213e-11, 7.9459279434e-11, 6.82134557173e-11, 6.60862684021e-11, 5.97909360911e-11, 5.8842028472e-11, 5.25425813969e-11, 5.17032007485e-11, 4.81973350119e-11, 4.83216938685e-11, 4.49115432344e-11, 4.54369875058e-11, 4.11054176808e-11, 4.10235838355e-11, 4.12248152282e-11, 3.86583542955e-11, 4.08514923278e-11, 4.03109212677e-11, 3.90250748383e-11, 3.88698968845e-11, 3.78097900211e-11, 3.58405007062e-11, 3.65103502986e-11, 3.66876598545e-11, 3.71801825438e-11],
        "min": [5.8518067372e-15, 5.70204157125e-15, 5.43806756489e-15, 5.05151560908e-15, 4.53931986807e-15, 3.92696036347e-15, 3.23731545518e-15, 2.52445570314e-15, 1.87198940024e-15, 1.3355114481e-15, 9.63804485846e-16, 7.49446757857e-16, 6.15738266089e-16, 4.63919151118e-16, 2.57006392749e-16, 1.08777559273e-16, 2.59455667925e-16, 8.15834870922e-16, 1.45609304677e-15, 1.5771981118e-15, 1.02333957297e-15, 5.2325899715e-16, 6.58201774741e-16, 7.72351746361e-16, 3.11317033596e-16, 5.7940799066e-17, 1.20943083213e-16, 9.83590076998e-17, 5.73775777426e-16, 8.31092369522e-16, 6.2869697021e-16, 2.04688052803e-16, 2.94146749313e-16, 5.26770107535e-16, 3.4520504834e-16, 1.06925084983e-16, 3.95227293725e-16, 3.97255037661e-16, 1.62447353521e-16, 4.62303965166e-16],
        "stdev": [1.17932240755e-05, 6.38275378151e-05, 8.69307623361e-05, 7.58101523388e-05, 6.67154527036e-05, 0.000151765590999, 7.70313563407e-05, 0.000160337964189, 0.000280871841824, 0.000250526820309, 7.88414108683e-05, 0.000130673550302, 0.000300129875541, 0.00023062202672, 0.000168042432051, 0.000102654164948, 0.000142430857522, 0.000114945680252, 9.03922191355e-05, 6.78005744703e-05, 9.87627645372e-05, 7.25986828911e-05, 0.00011832772725, 0.000345307693351, 0.000482134200865, 0.000257125939243, 0.000172778149135, 0.000107550353277, 6.67433851049e-05, 9.44523781072e-05, 0.000156786336447, 9.8194097518e-05, 0.000143103228766, 9.35481730266e-05, 7.61832998251e-05, 8.53667079355e-05, 5.22526061104e-05, 2.1843754439e-05, 1.98283778445e-05, 1.41753325806e-05],
