{
"lowlevel": {
    "average_loudness": 0.99068403244,
    "barkbands_crest": {
        "dmean": 1.44841980934,
        "dmean2": 2.75668311119,
        "dvar": 8.72498893738,
        "dvar2": 25.1454334259,
        "max": 17.640712738,
        "mean": 6.78612089157,
        "median": 5.52766609192,
        "min": 3.41531467438,
        "stdev": 2.92350625992,
        "var": 8.54688835144
    },
    "barkbands_flatness_db": {
        "dmean": 0.0140245743096,
        "dmean2": 0.0240319594741,
        "dvar": 0.000173120235559,
        "dvar2": 0.000477976194816,
        "max": 0.153481483459,
        "mean": 0.114275611937,
        "median": 0.111791118979,
        "min": 0.0684764385223,
        "stdev": 0.023080881685,
        "var": 0.000532727106474
    },
    "barkbands_kurtosis": {
        "dmean": 1.66535830498,
        "dmean2": 2.43181538582,
        "dvar": 7.2356505394,
        "dvar2": 10.5064687729,
        "max": 15.4480381012,
        "mean": 2.43948483467,
        "median": 0.957139253616,
        "min": -1.33709359169,
        "stdev": 3.40647125244,
        "var": 11.6040458679
    },
    "barkbands_skewness": {
        "dmean": 0.529281318188,
        "dmean2": 0.726575314999,
        "dvar": 0.761508762836,
        "dvar2": 1.13032364845,
        "max": 2.49673986435,
        "mean": -1.46886324883,
        "median": -1.4914355278,
        "min": -3.79432249069,
        "stdev": 1.03698277473,
        "var": 1.07533335686
    },
    "barkbands_spread": {
        "dmean": 12.1561365128,
        "dmean2": 16.8180484772,
        "dvar": 247.859115601,
        "dvar2": 500.868988037,
        "max": 95.1567306519,
        "mean": 57.3648719788,
        "median": 64.3952331543,
        "min": 13.7384958267,
        "stdev": 26.1822433472,
        "var": 685.50982666
    },
    "dissonance": {
        "dmean": 0.00341385044158,
        "dmean2": 0.00560531811789,
        "dvar": 2.84111829387e-05,
        "dvar2": 8.84174805833e-05,
        "max": 0.499902516603,
        "mean": 0.496726751328,
        "median": 0.498941332102,
        "min": 0.474988311529,
        "stdev": 0.00514636468142,
        "var": 2.64850714302e-05
    },
    "dynamic_complexity": 9.84779644012,
    "erbbands_crest": {
        "dmean": 0.918507814407,
        "dmean2": 1.56518650055,
        "dvar": 0.588864266872,
        "dvar2": 1.47023832798,
        "max": 6.90514373779,
        "mean": 4.35819578171,
        "median": 4.08481740952,
        "min": 1.98798775673,
        "stdev": 1.15636920929,
        "var": 1.33718967438
    },
    "erbbands_flatness_db": {
        "dmean": 0.0152390953153,
        "dmean2": 0.0210980605334,
        "dvar": 0.000258138054051,
        "dvar2": 0.000484862976009,
        "max": 0.208577483892,
        "mean": 0.12952619791,
        "median": 0.127799764276,
        "min": 0.0351768471301,
        "stdev": 0.0385828204453,
        "var": 0.00148863391951
    },
    "erbbands_kurtosis": {
        "dmean": 1.05060863495,
        "dmean2": 1.89665150642,
        "dvar": 1.7686599493,
        "dvar2": 4.99369335175,
        "max": 5.96013736725,
        "mean": 1.12913405895,
        "median": 0.305866003036,
        "min": -0.94180560112,
        "stdev": 1.6860884428,
        "var": 2.8428940773
    },
    "erbbands_skewness": {
        "dmean": 0.32787334919,
        "dmean2": 0.533327639103,
        "dvar": 0.167801812291,
        "dvar2": 0.564877748489,
        "max": 0.409911245108,
        "mean": -0.686900138855,
        "median": -0.748408913612,
        "min": -1.48493850231,
        "stdev": 0.397755950689,
        "var": 0.15820980072
    },
    "erbbands_spread": {
        "dmean": 6.01432323456,
        "dmean2": 9.03222179413,
        "dvar": 105.145530701,
        "dvar2": 225.913696289,
        "max": 80.2531585693,
        "mean": 28.1141414642,
        "median": 26.297170639,
        "min": 11.2287769318,
        "stdev": 13.4604291916,
        "var": 181.183151245
    },
    "hfc": {
        "dmean": 27.6347465515,
        "dmean2": 28.2904815674,
        "dvar": 3584.94116211,
        "dvar2": 4817.90673828,
        "max": 438.596008301,
        "mean": 69.8730697632,
        "median": 5.78185796738,
        "min": 9.95301410733e-11,
        "stdev": 124.933746338,
        "var": 15608.4414062
    },
    "loudness_ebu128": {
        "integrated": -24.0541114807,
        "loudness_range": 0,
        "momentary": {
            "dmean": 3.99725246429,
            "dmean2": 3.0715007782,
            "dvar": 5.51804018021,
            "dvar2": 3.86239790916,
            "max": -21.3566093445,
            "mean": -28.553609848,
            "median": -27.8450737,
            "min": -37.3456192017,
            "stdev": 6.42005062103,
            "var": 41.217048645
        },
        "short_term": {
            "dmean": 0,
            "dmean2": 0,
            "dvar": 0,
            "dvar2": 0,
            "max": -29.9992446899,
            "mean": -29.9992446899,
            "median": -29.9992446899,
            "min": -29.9992446899,
            "stdev": 0,
            "var": 0
        }
    },
    "melbands_crest": {
        "dmean": 3.47440648079,
        "dmean2": 5.04331350327,
        "dvar": 18.5188446045,
        "dvar2": 50.3613204956,
        "max": 26.9261760712,
        "mean": 13.5521717072,
        "median": 13.2139158249,
        "min": 3.33429503441,
        "stdev": 6.9820394516,
        "var": 48.7488746643
    },
    "melbands_flatness_db": {
        "dmean": 0.0218625888228,
        "dmean2": 0.0323890261352,
        "dvar": 0.00123966950923,
        "dvar2": 0.00164925667923,
        "max": 0.183874845505,
        "mean": 0.0701959356666,
        "median": 0.0485046692193,
        "min": 0.0176929309964,
        "stdev": 0.0506570376456,
        "var": 0.00256613548845
    },
    "melbands_kurtosis": {
        "dmean": 2.43226695061,
        "dmean2": 3.16218733788,
        "dvar": 48.5680541992,
        "dvar2": 74.5068130493,
        "max": 31.9664077759,
        "mean": 0.687043964863,
        "median": -1.23952496052,
        "min": -1.69078350067,
        "stdev": 6.85982990265,
        "var": 47.0572662354
    },
    "melbands_skewness": {
        "dmean": 0.520544886589,
        "dmean2": 0.805467545986,
        "dvar": 1.01321792603,
        "dvar2": 1.42104780674,
        "max": 4.75469112396,
        "mean": 0.642615973949,
        "median": 0.325424849987,
        "min": -0.577542126179,
        "stdev": 1.18810462952,
        "var": 1.41159248352
    },
    "melbands_spread": {
        "dmean": 25.5329227448,
        "dmean2": 37.9093933105,
        "dvar": 1302.78259277,
        "dvar2": 2216.53198242,
        "max": 240.796264648,
        "mean": 168.684387207,
        "median": 178.07925415,
        "min": 12.610991478,
        "stdev": 45.5892333984,
        "var": 2078.37817383
    },
    "pitch_salience": {
        "dmean": 0.0521145425737,
        "dmean2": 0.0841511711478,
        "dvar": 0.00940035097301,
        "dvar2": 0.025207336992,
        "max": 0.997893631458,
        "mean": 0.713320553303,
        "median": 0.71105080843,
        "min": 0.38502690196,
        "stdev": 0.0933946445584,
        "var": 0.00872255954891
    },
    "silence_rate_20dB": {
        "dmean": 0,
        "dmean2": 0,
        "dvar": 0,
        "dvar2": 0,
        "max": 1,
        "mean": 1,
        "median": 1,
        "min": 1,
        "stdev": 0,
        "var": 0
    },
    "silence_rate_30dB": {
        "dmean": 0,
        "dmean2": 0,
        "dvar": 0,
        "dvar2": 0,
        "max": 1,
        "mean": 1,
        "median": 1,
        "min": 1,
        "stdev": 0,
        "var": 0
    },
    "silence_rate_60dB": {
        "dmean": 0.0625,
        "dmean2": 0.129032254219,
        "dvar": 0.05859375,
        "dvar2": 0.112382903695,
        "max": 1,
        "mean": 0.666666686535,
        "median": 1,
        "min": 0,
        "stdev": 0.471404582262,
        "var": 0.222222268581
    },
    "spectral_centroid": {
        "dmean": 528.943725586,
        "dmean2": 651.047668457,
        "dvar": 2805368.5,
        "dvar2": 4189463.25,
        "max": 10869.7255859,
        "mean": 4225.08105469,
        "median": 4131.98974609,
        "min": 1334.40368652,
        "stdev": 1320.40161133,
        "var": 1743460.375
    },
    "spectral_complexity": {
        "dmean": 3.375,
        "dmean2": 3.9354839325,
        "dvar": 61.046875,
        "dvar2": 81.2216491699,
        "max": 54,
        "mean": 8,
        "median": 0,
        "min": 0,
        "stdev": 15.9848413467,
        "var": 255.515151978
    },
    "spectral_decrease": {
        "dmean": 1.91625201817e-10,
        "dmean2": 2.78086470518e-10,
        "dvar": 1.72700629445e-19,
        "dvar2": 2.36454050043e-19,
        "max": 4.43937379194e-16,
        "mean": -2.81227485743e-10,
        "median": -9.66651758638e-11,
        "min": -2.61210097996e-09,
        "stdev": 6.07837780109e-10,
        "var": 3.69466786343e-19
    },
    "spectral_energy": {
        "dmean": 0.00315725360997,
        "dmean2": 0.00319859432057,
        "dvar": 4.47293496109e-05,
        "dvar2": 5.81963686273e-05,
        "max": 0.049640648067,
        "mean": 0.0073991115205,
        "median": 0.00101654080208,
        "min": 7.01338663997e-15,
        "stdev": 0.013355050236,
        "var": 0.000178357367986
    },
    "spectral_energyband_high": {
        "dmean": 0.00210251030512,
        "dmean2": 0.00201021321118,
        "dvar": 1.82913245226e-05,
        "dvar2": 2.20100791921e-05,
        "max": 0.0330751501024,
        "mean": 0.00517419073731,
        "median": 0.000669287575874,
        "min": 5.98894984169e-15,
        "stdev": 0.00912362337112,
        "var": 8.32404984976e-05
    },
    "spectral_energyband_low": {
        "dmean": 0.000108253145299,
        "dmean2": 0.000129966458189,
        "dvar": 4.01364772529e-08,
        "dvar2": 6.73324791478e-08,
        "max": 0.00155297736637,
        "mean": 0.000235389918089,
        "median": 0.000185858167242,
        "min": 2.38438037573e-17,
        "stdev": 0.000309878552798,
        "var": 9.60247206194e-08
    },
    "spectral_energyband_middle_high": {
        "dmean": 0.000816090381704,
        "dmean2": 0.00100937159732,
        "dvar": 3.72389808945e-06,
        "dvar2": 5.21479432791e-06,
        "max": 0.0127815539017,
        "mean": 0.00154124887194,
        "median": 0.00011716667359,
        "min": 3.05505143498e-16,
        "stdev": 0.00322873098776,
        "var": 1.04247037598e-05
    },
    "spectral_energyband_middle_low": {
        "dmean": 4.56838206446e-05,
        "dmean2": 8.53699893923e-05,
        "dvar": 1.19726397685e-08,
        "dvar2": 2.97867988053e-08,
        "max": 0.0005406231503,
        "mean": 5.86314890825e-05,
        "median": 1.95309735318e-06,
        "min": 1.02938868524e-16,
        "stdev": 0.000136465983815,
        "var": 1.86229662802e-08
    },
    "spectral_entropy": {
        "dmean": 0.11964404583,
        "dmean2": 0.141913354397,
        "dvar": 0.072159729898,
        "dvar2": 0.0858784988523,
        "max": 9.80144786835,
        "mean": 8.7271938324,
        "median": 8.70124435425,
        "min": 8.27056121826,
        "stdev": 0.305099010468,
        "var": 0.0930854082108
    },
    "spectral_flux": {
        "dmean": 0.0104766432196,
        "dmean2": 0.0099539924413,
        "dvar": 0.000306128960801,
        "dvar2": 0.000401825876907,
        "max": 0.153373539448,
        "mean": 0.0404851771891,
        "median": 0.0199267845601,
        "min": 6.04633205512e-05,
        "stdev": 0.0461638048291,
        "var": 0.00213109701872
    },
    "spectral_kurtosis": {
        "dmean": 0.553576588631,
        "dmean2": 0.653469085693,
        "dvar": 0.704090416431,
        "dvar2": 1.05795753002,
        "max": 4.11735057831,
        "mean": 1.96783912182,
        "median": 1.92903089523,
        "min": -1.18432700634,
        "stdev": 0.965536773205,
        "var": 0.932261288166
    },
    "spectral_rms": {
        "dmean": 0.000461135525256,
        "dmean2": 0.000426204816904,
        "dvar": 5.8619656329e-07,
        "dvar2": 6.02206512212e-07,
        "max": 0.00695915939286,
        "mean": 0.00173745828215,
        "median": 0.000995864975266,
        "min": 2.61578447791e-09,
        "stdev": 0.00204936158843,
        "var": 4.19988282374e-06
    },
    "spectral_rolloff": {
        "dmean": 2149.28222656,
        "dmean2": 2959.07885742,
        "dvar": 17513596,
        "dvar2": 26826266,
        "max": 20499.609375,
        "mean": 14863.1298828,
        "median": 16731.2988281,
        "min": 516.796875,
        "stdev": 5099.71875,
        "var": 26007132
    },
    "spectral_skewness": {
        "dmean": 0.159105986357,
        "dmean2": 0.213854163885,
        "dvar": 0.0731611922383,
        "dvar2": 0.128491014242,
        "max": 1.52719759941,
        "mean": 1.19459009171,
        "median": 1.22010505199,
        "min": 0.00322097865865,
        "stdev": 0.258075028658,
        "var": 0.0666027218103
    },
    "spectral_spread": {
        "dmean": 2186332.5,
        "dmean2": 2542237,
        "dvar": 3.85308898099e+13,
        "dvar2": 3.60900020142e+13,
        "max": 39466408,
        "mean": 10182615,
        "median": 8758697,
        "min": 4668421.5,
        "stdev": 6892777,
        "var": 4.75103745802e+13
    },
    "spectral_strongpeak": {
        "dmean": 0.372898638248,
        "dmean2": 0.636006772518,
        "dvar": 0.867929935455,
        "dvar2": 2.22400593758,
        "max": 4.77395629883,
        "mean": 0.267993807793,
        "median": 0.0333036892116,
        "min": 0,
        "stdev": 0.859172463417,
        "var": 0.7381772995
    },
    "zerocrossingrate": {
        "dmean": 0.0464935302734,
        "dmean2": 0.0591607876122,
        "dvar": 0.00420157192275,
        "dvar2": 0.0111695118248,
        "max": 0.501953125,
        "mean": 0.402684062719,
        "median": 0.4365234375,
        "min": 0.23486328125,
        "stdev": 0.0835965797305,
        "var": 0.00698838802055
    },
    "barkbands": {
        "dmean": [6.47907836537e-06, 9.8680749943e-05, 3.96130199078e-05, 2.2503965738e-05, 8.98396046978e-06, 6.06800585956e-06, 3.01016348203e-06, 5.82006759942e-06, 1.14126059998e-05, 1.11961471703e-05, 9.01795283426e-06, 3.1673542253e-05, 4.7029225243e-05, 4.59150178358e-05, 0.000107438136183, 0.000117560091894, 0.000145398022141, 0.000168218786712, 0.000173315551365, 0.000225645067985, 0.000200783135369, 0.000192353123566, 0.000310399162117, 0.000296707061352, 0.0003052111133, 0.000393741764128, 0.000496868568007],
        "dmean2": [1.22022247524e-05, 0.000169915889273, 6.55375333736e-05, 4.44555807917e-05, 1.55209236254e-05, 8.73741646501e-06, 5.7947163441e-06, 1.00595443655e-05, 2.31272806559e-05, 1.62698888744e-05, 1.10531818791e-05, 4.07254119636e-05, 7.92614227976e-05, 7.82912538853e-05, 0.000182505566045, 0.000153363187565, 0.000161916352226, 0.0002482488635, 0.000264085014351, 0.000336355093168, 0.000307952635922, 0.000291640782962, 0.000394470669562, 0.000442163523985, 0.000387926702388, 0.000423421937739, 0.000657001510262],
        "dvar": [1.45568626597e-10, 5.49980221365e-08, 1.31543202997e-08, 2.92233459653e-09, 4.08740014057e-10, 2.08332059937e-10, 5.98788935102e-11, 2.3963558915e-10, 1.06103814623e-09, 6.40441921718e-10, 3.04849340216e-10, 5.5874864735e-09, 1.3480287997e-08, 1.5526014252e-08, 7.34977447792e-08, 5.90247211107e-08, 9.02760177723e-08, 2.0474389828e-07, 1.45583172184e-07, 2.87664192911e-07, 1.97740092744e-07, 1.64331694918e-07, 3.55543733122e-07, 5.29193073362e-07, 4.38724953256e-07, 6.9346441478e-07, 1.12549241749e-06],
        "dvar2": [4.1938399975e-10, 1.52431368861e-07, 3.65965995286e-08, 8.93723761664e-09, 1.09668940595e-09, 4.85757878366e-10, 1.25906479687e-10, 6.49107267936e-10, 3.15501091919e-09, 1.20907173162e-09, 4.55274012934e-10, 7.36984429039e-09, 3.6921811386e-08, 2.69403734876e-08, 1.3527173337e-07, 8.73599219631e-08, 1.3734305071e-07, 4.30601062362e-07, 3.31910428031e-07, 5.15431963777e-07, 3.67907517784e-07, 2.14715939251e-07, 5.46781109279e-07, 1.05402500594e-06, 5.15391093359e-07, 8.8293876388e-07, 1.54398969698e-06],
        "max": [4.61484778498e-05, 0.00128694681916, 0.000608571281191, 0.000218082597712, 0.00012342511036, 8.78154096426e-05, 3.94079324906e-05, 8.0666221038e-05, 0.00015218401677, 0.000161184114404, 0.000134718371555, 0.000499383429997, 0.000653531576972, 0.000712536857463, 0.00140819477383, 0.00186351756565, 0.00215733726509, 0.00264073512517, 0.00226310477592, 0.00346940290183, 0.00283616338857, 0.00292864092626, 0.00449825823307, 0.00455100275576, 0.00480442820117, 0.00628879899159, 0.00793866813183],
        "mean": [5.01018848809e-06, 0.000184555217857, 3.48204630427e-05, 1.81165742106e-05, 1.05080653157e-05, 6.48919512969e-06, 3.81759127777e-06, 5.75174863116e-06, 1.01135074146e-05, 1.49725910887e-05, 1.5441350115e-05, 4.74486878375e-05, 5.9826495999e-05, 9.09353475436e-05, 0.000143466255395, 0.000219177891267, 0.000201108225156, 0.000268819450866, 0.000294337776722, 0.000340048223734, 0.000380121113267, 0.000407318875659, 0.000544042966794, 0.00071201933315, 0.000866429589223, 0.00102941028308, 0.00116403528955],
        "median": [2.34342905969e-06, 0.000182008530828, 3.92081147993e-07, 2.47653929364e-07, 3.17608680689e-07, 2.47578782364e-07, 2.21384567567e-07, 1.4166108997e-07, 3.60461314131e-07, 4.2533378064e-07, 6.62190302592e-07, 1.48957769852e-06, 2.40689359998e-06, 3.96747418563e-06, 6.16405031906e-06, 1.25965689222e-05, 1.8280090444e-05, 2.48532014666e-05, 3.17162048304e-05, 5.58972387807e-05, 6.35150063317e-05, 0.000123384728795, 0.000115895949421, 0.000103460755781, 8.11376448837e-05, 5.22715236002e-05, 3.75925374101e-05],
        "min": [6.81685829378e-18, 1.02334624667e-17, 6.80412715697e-18, 6.79064411298e-18, 1.69465203469e-17, 1.68514624053e-17, 1.66839814923e-17, 1.65243372884e-17, 2.27373438089e-17, 2.22206388218e-17, 2.16213944445e-17, 2.68050259778e-17, 2.83147430923e-17, 2.922641855e-17, 3.17889678394e-17, 3.29538796787e-17, 3.26230835343e-17, 3.39199770033e-17, 3.35504324103e-17, 3.05762648132e-17, 2.44305610161e-17, 1.101540209e-17, 3.60856748133e-17, 3.60491981335e-16, 1.42559922539e-15, 1.47486837908e-15, 2.85543319201e-15],
        "stdev": [9.98337600322e-06, 0.000230658450164, 0.000108856089355, 5.13927625434e-05, 2.42785390583e-05, 1.65041856235e-05, 9.06964487513e-06, 1.51676304085e-05, 2.78216375591e-05, 3.44516338373e-05, 3.14883873216e-05, 0.000114559858048, 0.000134863992571, 0.000197479370399, 0.000338004610967, 0.000457017304143, 0.000457170244772, 0.000582991691772, 0.00058463413734, 0.000740478863008, 0.000719437375665, 0.000737612368539, 0.000991476466879, 0.00123886018991, 0.00148879119661, 0.00181840453297, 0.00214657001197],
        "var": [9.96677948506e-11, 5.32033226364e-08, 1.18496474855e-08, 2.64121591265e-09, 5.89447435306e-10, 2.72388167577e-10, 8.22584500515e-11, 2.30057001227e-10, 7.74043495966e-10, 1.18691501072e-09, 9.91518422921e-10, 1.31239605849e-08, 1.81882953143e-08, 3.89981025251e-08, 1.1424711488e-07, 2.08864804563e-07, 2.09004639373e-07, 3.39879306921e-07, 3.41797090186e-07, 5.48308946691e-07, 5.17590137861e-07, 5.44072008779e-07, 9.83025643109e-07, 1.53477458298e-06, 2.21649906962e-06, 3.30659486281e-06, 4.60776300315e-06]
    },
    "erbbands": {
        "dmean": [0.00347122247331, 0.0217906422913, 0.032231990248, 0.0664151981473, 0.0591867640615, 0.024525994435, 0.0494000017643, 0.0415453240275, 0.0517287403345, 0.0847228094935, 0.108555585146, 0.322761565447, 0.234474599361, 0.382818937302, 0.580035746098, 1.37506651878, 2.04123544693, 2.43854212761, 4.98988389969, 6.41146087646, 7.2202372551, 6.48871898651, 8.40558624268, 8.31448078156, 9.33733081818, 12.4541978836, 6.8333325386, 8.41335582733, 8.00073814392, 8.48170185089, 8.62997150421, 5.5234041214, 5.30508756638, 3.13078093529, 2.58124041557, 1.67776370049, 0.819878518581, 0.292028784752, 0.0901455357671, 0.00602391082793],
        "dmean2": [0.00604457873851, 0.0389386825264, 0.0458905361593, 0.132967308164, 0.11374668777, 0.0420976169407, 0.0727809518576, 0.0630824863911, 0.0822869837284, 0.163799136877, 0.155938267708, 0.652669727802, 0.382465571165, 0.446102827787, 0.597888767719, 1.63581979275, 3.47627902031, 4.39921426773, 7.62008857727, 8.25658035278, 10.2943115234, 8.10404682159, 12.1718254089, 11.8965730667, 15.1117963791, 16.0011768341, 11.0020074844, 12.3123130798, 12.2854471207, 12.7439842224, 9.43456745148, 7.35620737076, 8.86219978333, 3.47940993309, 3.73328828812, 2.70718717575, 1.10995173454, 0.469500780106, 0.112818621099, 0.00766922952607],
        "dvar": [3.95512361138e-05, 0.00305296899751, 0.00667436653748, 0.0360769182444, 0.0170975010842, 0.00308090471663, 0.0163978990167, 0.0086135501042, 0.0193716343492, 0.030740916729, 0.0833814963698, 0.915201961994, 0.297309100628, 0.713810622692, 1.44510746002, 9.75329780579, 26.6549434662, 40.9173545837, 150.981506348, 163.55809021, 246.46496582, 188.694335938, 483.363800049, 438.089874268, 560.702575684, 798.323669434, 220.977844238, 380.804718018, 275.236846924, 214.12979126, 300.29107666, 145.328765869, 159.98210144, 36.2409515381, 37.7479972839, 16.3915920258, 2.11852312088, 0.472864598036, 0.036733251065, 0.000197389119421],
        "dvar2": [0.000100079836557, 0.00863742642105, 0.0167388170958, 0.101961433887, 0.0574085712433, 0.00925388932228, 0.0398820117116, 0.0202788282186, 0.0486571528018, 0.097053989768, 0.194322243333, 2.79997801781, 0.540710031986, 1.23430097103, 2.44372057915, 11.7525138855, 66.5026855469, 99.9002761841, 312.501861572, 323.499969482, 329.27355957, 202.797729492, 1156.32336426, 658.074768066, 1368.61694336, 1424.73937988, 352.682739258, 660.503356934, 432.53314209, 410.073791504, 382.74798584, 178.484008789, 334.907348633, 33.0991668701, 56.0628166199, 32.0289993286, 3.47665667534, 0.809854567051, 0.0651531443, 0.00027499787393],
        "max": [0.0357528477907, 0.291684240103, 0.495727241039, 0.932478964329, 0.511708796024, 0.333037406206, 0.725059509277, 0.595559358597, 0.799206078053, 0.819230258465, 1.59959053993, 4.29017925262, 2.86933779716, 5.9857172966, 9.16154193878, 21.4412784576, 29.8618831635, 36.8774490356, 69.2845230103, 86.7523880005, 108.86252594, 98.9243850708, 127.942451477, 127.086532593, 138.729354858, 191.728012085, 92.6290740967, 127.735191345, 113.731117249, 103.657234192, 133.737213135, 86.5346374512, 78.4066696167, 49.7092285156, 38.8380584717, 22.6613426208, 10.9527988434, 4.23499917984, 1.44052970409, 0.0961700230837],
        "mean": [0.00682036532089, 0.0359825305641, 0.038167078048, 0.060680821538, 0.0421030782163, 0.0294792354107, 0.0522985123098, 0.0516694560647, 0.0555759370327, 0.0819127112627, 0.13476729393, 0.239636570215, 0.375095576048, 0.547134399414, 0.892391979694, 2.14778518677, 2.88461184502, 3.68972086906, 7.24915361404, 8.47599124908, 12.867061615, 11.2948169708, 12.7429046631, 15.6119737625, 15.7782812119, 18.0983848572, 13.8173942566, 15.8998336792, 14.2556648254, 15.1147298813, 16.1741313934, 13.7965021133, 12.0704317093, 8.75588989258, 6.91893148422, 3.92567110062, 1.85385918617, 0.730888843536, 0.174612596631, 0.0156125351787],
        "median": [0.00677717337385, 0.0336314029992, 0.00670938566327, 0.000839503423776, 0.00101007998455, 0.000934729992878, 0.00148071907461, 0.00220400374383, 0.00249447789975, 0.00376471620984, 0.00436904933304, 0.00782373826951, 0.0122392615303, 0.0175387188792, 0.0339877270162, 0.0646781101823, 0.103296913207, 0.152279987931, 0.303813397884, 0.404507815838, 0.679016649723, 1.09737563133, 1.19393157959, 1.35052216053, 1.95789527893, 2.79133796692, 2.63277482986, 2.54934239388, 3.80172371864, 4.35972452164, 3.47161817551, 2.41701459885, 1.56304848194, 0.897212564945, 0.466664850712, 0.230743646622, 0.0925224423409, 0.0283026918769, 0.00600954145193, 0.0004178181116],
        "min": [3.72957368173e-16, 2.07861673498e-15, 6.99988027611e-15, 1.69996175204e-14, 3.42589217899e-14, 6.08742589214e-14, 9.85750990925e-14, 1.49543260262e-13, 2.1493656193e-13, 2.96198775143e-13, 3.94180293874e-13, 5.09311126259e-13, 6.41227847729e-13, 7.88937545935e-13, 9.4955770677e-13, 1.11936295736e-12, 1.29251828424e-12, 1.46053351704e-12, 1.61367035185e-12, 1.74024390818e-12, 1.82809843652e-12, 1.86683242649e-12, 1.84946957922e-12, 1.77356892193e-12, 1.63912470836e-12, 1.4416976727e-12, 1.16723774743e-12, 8.07079826148e-13, 4.34314720689e-13, 3.62808524543e-13, 1.28751479964e-12, 4.03614251396e-12, 8.50297523364e-12, 1.2346020907e-11, 1.1974072775e-11, 7.09476401239e-12, 2.46877344956e-12, 9.59143571858e-13, 4.17368396788e-13, 4.52802434491e-14],
        "stdev": [0.00737388432026, 0.0502816103399, 0.0935814231634, 0.18099398911, 0.113675616682, 0.0659786090255, 0.143012613058, 0.11638404429, 0.149401649833, 0.180446401238, 0.333437860012, 0.755802869797, 0.788655757904, 1.24462115765, 1.95320367813, 5.08224725723, 6.48977231979, 8.17470741272, 16.5948467255, 18.3511810303, 27.494972229, 24.125164032, 27.1815834045, 32.7734642029, 32.0448226929, 40.2583389282, 25.6312847137, 31.0264587402, 26.8599967957, 24.9725761414, 30.2799835205, 24.1098251343, 20.76927948, 14.6078958511, 12.3444471359, 7.0790810585, 3.21964979172, 1.31325554848, 0.338088154793, 0.0284888334572],
        "var": [5.43741698493e-05, 0.00252824043855, 0.00875748321414, 0.0327588245273, 0.0129221463576, 0.00435317726806, 0.0204526055604, 0.0135452449322, 0.0223208535463, 0.032560903579, 0.11118081212, 0.571237981319, 0.621977925301, 1.54908192158, 3.81500458717, 25.8292388916, 42.1171455383, 66.8258361816, 275.388946533, 336.765838623, 755.973449707, 582.023498535, 738.838500977, 1074.09997559, 1026.87060547, 1620.73376465, 656.96270752, 962.641174316, 721.459472656, 623.629577637, 916.877380371, 581.283691406, 431.362945557, 213.390625, 152.385375977, 50.1133918762, 10.3661441803, 1.72464025021, 0.114303603768, 0.000811613630503]
    },
    "gfcc": {
        "mean": [-284.687072754, -88.0649414062, -76.2569503784, 35.5969810486, -20.5053577423, 24.3320999146, -14.7281665802, 13.8270168304, -8.25410556793, 8.5805606842, -7.39935779572, 6.52243280411, -6.21591281891],
        "cov": [[134364.4375, -5367.77734375, -4834.79785156, 6798.22167969, 2330.20849609, 3567.44848633, -441.408416748, 1301.50805664, 269.560058594, 916.151184082, 224.456420898, 382.633148193, -545.774291992], [-5367.77734375, 1171.54650879, 449.288116455, -219.156463623, -91.5306854248, -228.818115234, -35.4048194885, -160.115631104, -38.2288551331, -88.6667175293, -41.9745330811, -78.4883956909, -20.1346473694], [-4834.79785156, 449.288116455, 346.624450684, -232.845031738, -19.4489631653, -122.840965271, 19.243024826, -60.5567436218, 5.65323925018, -44.0166320801, -0.307943344116, -23.2890968323, 26.3105278015], [6798.22167969, -219.156463623, -232.845031738, 836.028198242, 182.445602417, 354.2371521, 121.088531494, 174.500656128, 163.209915161, 149.133239746, 86.322227478, 76.1104812622, -5.74905014038], [2330.20849609, -91.5306854248, -19.4489631653, 182.445602417, 134.494415283, 111.177658081, 38.8782119751, 41.9740486145, 42.5282859802, 28.9346961975, 25.1009101868, 2.6009888649, -4.65100479126], [3567.44848633, -228.818115234, -122.840965271, 354.2371521, 111.177658081, 207.085678101, 64.7080841064, 102.678665161, 75.9899520874, 74.5121154785, 38.9513015747, 35.3876304626, -4.02177667618], [-441.408416748, -35.4048194885, 19.243024826, 121.088531494, 38.8782119751, 64.7080841064, 72.3093643188, 47.2878494263, 55.6859664917, 35.5671730042, 26.2926769257, 12.4738550186, 10.8765764236], [1301.50805664, -160.115631104, -60.5567436218, 174.500656128, 41.9740486145, 102.678665161, 47.2878494263, 81.2278671265, 59.7064628601, 49.428768158, 27.610370636, 24.1862449646, 4.33851051331], [269.560058594, -38.2288551331, 5.65323925018, 163.209915161, 42.5282859802, 75.9899520874, 55.6859664917, 59.7064628601, 72.3617782593, 48.1682548523, 35.917678833, 23.8496952057, 8.76981544495], [916.151184082, -88.6667175293, -44.0166320801, 149.133239746, 28.9346961975, 74.5121154785, 35.5671730042, 49.428768158, 48.1682548523, 45.7368202209, 31.346118927, 27.5570030212, 5.34348773956], [224.456420898, -41.9745330811, -0.307943344116, 86.322227478, 25.1009101868, 38.9513015747, 26.2926769257, 27.610370636, 35.917678833, 31.346118927, 43.6738471985, 32.2946014404, 12.205786705], [382.633148193, -78.4883956909, -23.2890968323, 76.1104812622, 2.6009888649, 35.3876304626, 12.4738550186, 24.1862449646, 23.8496952057, 27.5570030212, 32.2946014404, 44.3947715759, 18.5794239044], [-545.774291992, -20.1346473694, 26.3105278015, -5.74905014038, -4.65100479126, -4.02177667618, 10.8765764236, 4.33851051331, 8.76981544495, 5.34348773956, 12.205786705, 18.5794239044, 27.419626236]],
        "icov": [[0.000139210547786, -0.000301325635519, 0.00101781112608, -0.00052080117166, -0.00210617273115, -0.000548066338524, 0.00306281074882, -0.00177913974039, 0.00211916025728, -0.00136822881177, 0.000392757385271, -7.33189335733e-06, -0.000488268036861], [-0.000301325635519, 0.0063871354796, -0.0119766807184, -0.00447820685804, 0.0092147141695, 0.00480917654932, -0.00349606596865, 0.00997275579721, -0.000521652400494, -0.00353798735887, -0.00155237701256, 0.00653115939349, 0.00844484660774], [0.00101781112608, -0.0119766807184, 0.0343915075064, 0.00892440509051, -0.0215221177787, -0.0152453705668, 0.0149877257645, -0.00967967323959, -0.0191883221269, 0.0269525721669, -0.00250383256935, -0.00785337667912, -0.0226445775479], [-0.00052080117166, -0.00447820685804, 0.00892440509051, 0.0141928717494, 0.00499329669401, -0.0132194776088, -0.0131611991674, 0.0115176141262, -0.0284582022578, 0.0158340800554, -0.00180688628461, -0.00614686636254, -0.00595033820719], [-0.00210617273115, 0.0092147141695, -0.0215221177787, 0.00499329669401, 0.0627172365785, -0.0177783370018, -0.037896476686, 0.0471093170345, -0.0512763336301, 0.0499701648951, -0.034543607384, 0.0301586259156, 0.00375546514988], [-0.000548066338524, 0.00480917654932, -0.0152453705668, -0.0132194776088, -0.0177783370018, 0.0680797323585, -0.024252248928, -0.0329085290432, 0.0470429994166, -0.0551019385457, 0.0298642385751, -0.0237495470792, 0.0247672647238], [0.00306281074882, -0.00349606596865, 0.0149877257645, -0.0131611991674, -0.037896476686, -0.024252248928, 0.113422289491, -0.033654358238, 0.0213242433965, -0.032951336354, -0.00488071655855, 0.0295704677701, -0.0266590863466], [-0.00177913974039, 0.00997275579721, -0.00967967323959, 0.0115176141262, 0.0471093170345, -0.0329085290432, -0.033654358238, 0.116282239556, -0.0993909090757, 0.033423088491, -0.0108637670055, 0.0185857377946, -0.000754137348849], [0.00211916025728, -0.000521652400494, -0.0191883221269, -0.0284582022578, -0.0512763336301, 0.0470429994166, 0.0213242433965, -0.0993909090757, 0.216148376465, -0.164304062724, 0.0189132895321, -0.000874220568221, 0.0147732561454], [-0.00136822881177, -0.00353798735887, 0.0269525721669, 0.0158340800554, 0.0499701648951, -0.0551019385457, -0.032951336354, 0.033423088491, -0.164304062724, 0.298459708691, -0.0737085565925, -0.0163122490048, -0.00594636704773], [0.000392757385271, -0.00155237701256, -0.00250383256935, -0.00180688628461, -0.034543607384, 0.0298642385751, -0.00488071655855, -0.0108637670055, 0.0189132895321, -0.0737085565925, 0.11139421165, -0.071964584291, 0.0183683633804], [-7.33189335733e-06, 0.00653115939349, -0.00785337667912, -0.00614686636254, 0.0301586259156, -0.0237495470792, 0.0295704677701, 0.0185857377946, -0.000874220568221, -0.0163122490048, -0.071964584291, 0.123210541904, -0.0501350350678], [-0.000488268036861, 0.00844484660774, -0.0226445775479, -0.00595033820719, 0.00375546514988, 0.0247672647238, -0.0266590863466, -0.000754137348849, 0.0147732561454, -0.00594636704773, 0.0183683633804, -0.0501350350678, 0.0906260982156]]
    },
    "melbands": {
        "dmean": [2.94412475341e-05, 1.44962377817e-05, 1.12150983114e-05, 2.90912862511e-06, 1.41421412536e-06, 9.95220943878e-07, 7.54548977966e-07, 1.13992507522e-06, 8.37137235976e-07, 1.9961723865e-06, 1.15711395665e-06, 1.54800511609e-06, 1.32699381084e-06, 3.79016455554e-06, 3.36713446814e-06, 4.61767604065e-06, 4.3752243073e-06, 7.00539112586e-06, 7.62442459745e-06, 8.87821170181e-06, 8.72384771355e-06, 7.80127447797e-06, 5.56309669264e-06, 8.5267738541e-06, 7.10579797669e-06, 7.41571830076e-06, 7.25881091057e-06, 7.88052147982e-06, 4.13454154113e-06, 5.08083667228e-06, 5.29580483999e-06, 4.83001576868e-06, 3.74564592676e-06, 5.27787960891e-06, 5.27930797034e-06, 4.16574812334e-06, 3.65412824976e-06, 4.4758508011e-06, 2.78986317426e-06, 2.82968903775e-06],
        "dmean2": [4.9092752306e-05, 2.25753046834e-05, 2.22256294364e-05, 5.57466910323e-06, 2.01589159587e-06, 1.46953289004e-06, 1.17703234537e-06, 2.24116206482e-06, 1.21460470837e-06, 4.04625916417e-06, 1.8829983901e-06, 1.94688527699e-06, 1.52907853135e-06, 4.31067655882e-06, 6.06256753599e-06, 7.6689711932e-06, 7.95194046077e-06, 1.12094676297e-05, 1.26196528072e-05, 1.28687488541e-05, 1.06085562948e-05, 9.22748222365e-06, 7.96231233835e-06, 1.20278346003e-05, 1.00409351944e-05, 1.19863198051e-05, 1.2707840142e-05, 1.02018939288e-05, 5.92810192757e-06, 9.2670588856e-06, 7.6052424447e-06, 7.71317809267e-06, 5.58834972253e-06, 8.50800552143e-06, 5.69649682802e-06, 5.21580750501e-06, 5.07180448039e-06, 7.72601470089e-06, 3.9182132241e-06, 2.72862712336e-06],
        "dvar": [4.01637167968e-09, 1.17536869126e-09, 8.96712815113e-10, 4.46653408703e-11, 1.26565320724e-11, 5.5209569555e-12, 3.81395392698e-12, 6.58890520269e-12, 5.56939043495e-12, 3.50816840855e-11, 6.99324886194e-12, 1.22487775131e-11, 7.16660064626e-12, 6.58405135967e-11, 8.87424647655e-11, 1.10890227556e-10, 1.40532044335e-10, 3.05036274018e-10, 3.62721519487e-10, 3.3036579028e-10, 2.95115737403e-10, 2.6028246225e-10, 1.78304065956e-10, 5.3909549047e-10, 2.71927980133e-10, 2.65934052557e-10, 3.30684674088e-10, 2.91915741579e-10, 7.27629345665e-11, 9.54002710163e-11, 1.61446120361e-10, 1.25452759292e-10, 4.50572565369e-11, 8.35257557563e-11, 1.1830758595e-10, 6.28449098317e-11, 5.22139033399e-11, 1.03442240884e-10, 4.47028941641e-11, 2.63657064931e-11],
        "dvar2": [1.08779980579e-08, 1.95257454649e-09, 2.63487431873e-09, 1.49803752736e-10, 3.03351579967e-11, 1.32742723064e-11, 9.43654095836e-12, 2.07078434261e-11, 1.3046615871e-11, 1.06042917503e-10, 1.25839018025e-11, 2.17128658803e-11, 9.41599402615e-12, 1.11072290254e-10, 1.70700426017e-10, 3.08590264453e-10, 3.1975014303e-10, 5.57331458761e-10, 6.03593564019e-10, 5.81722559012e-10, 3.25861504447e-10, 3.09708175772e-10, 3.44415218567e-10, 1.23334487068e-09, 3.78256481692e-10, 7.24855120371e-10, 5.78344205859e-10, 4.56261056714e-10, 9.43598393865e-11, 2.42510067583e-10, 2.2544609235e-10, 1.93707466734e-10, 8.46433270696e-11, 1.58478646872e-10, 1.57865553962e-10, 6.26245652557e-11, 7.69767791176e-11, 2.31193258982e-10, 8.48303996492e-11, 2.01025723845e-11],
        "max": [0.000357787444955, 0.000215771156945, 0.000144131554407, 3.00617211906e-05, 2.12390186789e-05, 1.46412321556e-05, 1.1261759937e-05, 1.23228683151e-05, 1.30995322252e-05, 2.68857420451e-05, 1.37615470521e-05, 2.42425230681e-05, 2.04660045711e-05, 5.88894872635e-05, 4.88624609716e-05, 6.02396103204e-05, 6.82902755216e-05, 9.77010058705e-05, 0.000100621466117, 0.000119879041449, 0.000126650149468, 0.000116657400213, 8.26011091704e-05, 0.000134075133246, 0.000105969171273, 9.2120586487e-05, 0.00010884290532, 0.000118654003018, 5.92333672103e-05, 6.01788742642e-05, 8.04851879366e-05, 7.11844259058e-05, 5.00030582771e-05, 6.01801039011e-05, 8.20408458821e-05, 5.91981734033e-05, 5.25274299434e-05, 6.05453969911e-05, 4.2738407501e-05, 4.47753482149e-05],
        "mean": [5.68805771763e-05, 2.80411004496e-05, 9.79831020231e-06, 2.34004983213e-06, 1.70823614098e-06, 1.167664891e-06, 8.34853381093e-07, 1.00342811038e-06, 1.11422400551e-06, 1.55389591328e-06, 1.86274417047e-06, 2.18277750719e-06, 2.3167983727e-06, 5.27458723809e-06, 5.53814788873e-06, 6.24577069175e-06, 6.95410153639e-06, 1.15537395686e-05, 1.03690827018e-05, 1.39903122545e-05, 1.48765166159e-05, 1.23014979181e-05, 9.94511083263e-06, 1.29890740936e-05, 1.25246342577e-05, 1.11254530566e-05, 1.16390738185e-05, 1.17837244034e-05, 8.26001178211e-06, 8.01807345852e-06, 9.88874762697e-06, 8.19948127173e-06, 7.68218615121e-06, 8.57928716869e-06, 9.51631318458e-06, 8.49515618029e-06, 8.3438535512e-06, 8.77481761563e-06, 7.64947344578e-06, 7.26734242562e-06],
        "median": [5.74657969992e-05, 1.5876339603e-05, 1.19600613857e-07, 6.0658770451e-08, 6.28011136428e-08, 5.29013597372e-08, 3.90989889354e-08, 3.70823798335e-08, 3.420063166e-08, 5.09246902425e-08, 6.76898324059e-08, 6.86760728286e-08, 1.09326855124e-07, 1.7160344612e-07, 1.89070064494e-07, 2.46131634185e-07, 2.97606590038e-07, 4.88838168167e-07, 3.97007937636e-07, 7.6113178693e-07, 8.34968318486e-07, 9.8174791674e-07, 8.41533619678e-07, 1.42863109431e-06, 1.06128732114e-06, 1.33078856379e-06, 1.64178027262e-06, 1.80270626515e-06, 1.59647186138e-06, 1.77294032255e-06, 1.57202839546e-06, 1.59984267611e-06, 2.36953565036e-06, 2.3395689368e-06, 2.04626735467e-06, 1.55147972691e-06, 1.28500653318e-06, 1.1403157032e-06, 1.09918255475e-06, 7.11751340532e-07],
        "min": [3.40923275285e-18, 3.40427504585e-18, 3.39944679262e-18, 3.39293419286e-18, 3.37891306789e-18, 3.36575717383e-18, 3.3446560032e-18, 3.31882542742e-18, 3.28687330151e-18, 3.24671099444e-18, 3.1993323637e-18, 3.14319885335e-18, 3.07567899508e-18, 2.99762478491e-18, 2.90775119777e-18, 2.80516880769e-18, 2.68859114204e-18, 2.55979953426e-18, 2.41917490101e-18, 2.26672365296e-18, 2.10447072825e-18, 1.9355416288e-18, 1.76256802976e-18, 1.58896039677e-18, 1.41732931186e-18, 1.24985708427e-18, 1.08665858871e-18, 9.2553859124e-19, 7.62963014384e-19, 5.94994788621e-19, 4.23154323615e-19, 2.63514617548e-19, 1.60296939838e-19, 2.02005118232e-19, 5.32934942779e-19, 1.34766312669e-18, 2.8469044123e-18, 5.13947125555e-18, 8.09379685771e-18, 1.11857475294e-17],
        "stdev": [6.6624066676e-05, 4.73700420116e-05, 2.8405120247e-05, 5.94652738073e-06, 4.32833439845e-06, 2.7735607091e-06, 2.16862622437e-06, 2.40043868871e-06, 2.72833335657e-06, 4.76331388199e-06, 3.88648777516e-06, 5.01172053191e-06, 4.8014985623e-06, 1.2310519196e-05, 1.3118788047e-05, 1.32629565996e-05, 1.56509086082e-05, 2.5841898605e-05, 2.44694838329e-05, 2.99284656649e-05, 3.15040415444e-05, 2.7121279345e-05, 1.98885300051e-05, 2.8675489375e-05, 2.64515729214e-05, 2.19418252527e-05, 2.53338093898e-05, 2.57553474512e-05, 1.5354147763e-05, 1.46208367369e-05, 2.01502825803e-05, 1.66540394275e-05, 1.27380790218e-05, 1.43593051689e-05, 1.82270905498e-05, 1.54097288032e-05, 1.44493624248e-05, 1.56411770149e-05, 1.23833706311e-05, 1.24783509818e-05],
        "var": [4.43876624345e-09, 2.24392104897e-09, 8.06850863899e-10, 3.53611862014e-11, 1.87344792457e-11, 7.69263906047e-12, 4.70293942678e-12, 5.76210563638e-12, 7.44380251883e-12, 2.26891595789e-11, 1.51047854779e-11, 2.51173422339e-11, 2.30543899943e-11, 1.51548884553e-10, 1.72102596063e-10, 1.75906025857e-10, 2.44950948414e-10, 6.67803756738e-10, 5.98755600656e-10, 8.95713059279e-10, 9.92504634034e-10, 7.35563776555e-10, 3.95553589883e-10, 8.22283685586e-10, 6.99685698269e-10, 4.81443662714e-10, 6.41801889412e-10, 6.63337884621e-10, 2.35749836319e-10, 2.13768863722e-10, 4.0603387319e-10, 2.77357026235e-10, 1.6225865096e-10, 2.06189648688e-10, 3.32226801625e-10, 2.37459718555e-10, 2.08784087241e-10, 2.44646441994e-10, 1.53347862186e-10, 1.55709237171e-10]
    },
    "melbands128": {
