{
"lowlevel": {
    "average_loudness": 0.917204022408,
    "barkbands_crest": {
        "dmean": 2.14891600609,
        "dmean2": 3.63627886772,
        "dvar": 4.41418409348,
        "dvar2": 12.2993907928,
        "max": 24.6086883545,
        "mean": 7.07476615906,
        "median": 6.09039974213,
        "min": 2.9954059124,
        "stdev": 3.56049132347,
        "var": 12.6770992279
    },
    "barkbands_flatness_db": {
        "dmean": 0.0245912466198,
        "dmean2": 0.0407888926566,
        "dvar": 0.00115769391414,
        "dvar2": 0.00281833624467,
        "max": 0.409909754992,
        "mean": 0.129902437329,
        "median": 0.112808033824,
        "min": 0.0214934255928,
        "stdev": 0.0685541033745,
        "var": 0.00469966465607
    },
    "barkbands_kurtosis": {
        "dmean": 9.26274871826,
        "dmean2": 16.8593616486,
        "dvar": 1210.01062012,
        "dvar2": 3525.99145508,
        "max": 277.3253479,
        "mean": 9.5597410202,
        "median": 0.975589871407,
        "min": -1.85724937916,
        "stdev": 36.3140830994,
        "var": 1318.71276855
    },
    "barkbands_skewness": {
        "dmean": 0.784795761108,
        "dmean2": 1.27428174019,
        "dvar": 1.99639523029,
        "dvar2": 4.74883651733,
        "max": 14.1474123001,
        "mean": 0.180627584457,
        "median": -0.611523509026,
        "min": -2.07049608231,
        "stdev": 2.77669072151,
        "var": 7.71001195908
    },
    "barkbands_spread": {
        "dmean": 6.97560930252,
        "dmean2": 10.999710083,
        "dvar": 60.2272949219,
        "dvar2": 112.336433411,
        "max": 84.4460220337,
        "mean": 22.6673870087,
        "median": 19.1180934906,
        "min": 1.15120756626,
        "stdev": 16.4424743652,
        "var": 270.354949951
    },
    "dissonance": {
        "dmean": 0.00541418557987,
        "dmean2": 0.00925582181662,
        "dvar": 7.24614874343e-05,
        "dvar2": 0.000153625733219,
        "max": 0.499740809202,
        "mean": 0.494062632322,
        "median": 0.496565967798,
        "min": 0.415392398834,
        "stdev": 0.00828679744154,
        "var": 6.86710045557e-05
    },
    "dynamic_complexity": 5.63547897339,
    "erbbands_crest": {
        "dmean": 2.53516602516,
        "dmean2": 4.42498207092,
        "dvar": 7.61695718765,
        "dvar2": 20.202419281,
        "max": 22.63971138,
        "mean": 8.30184841156,
        "median": 7.8436870575,
        "min": 2.48300147057,
        "stdev": 3.00666713715,
        "var": 9.04004764557
    },
    "erbbands_flatness_db": {
        "dmean": 0.0214203186333,
        "dmean2": 0.0360361039639,
        "dvar": 0.000801337184384,
        "dvar2": 0.00175619847141,
        "max": 0.387281775475,
        "mean": 0.207057639956,
        "median": 0.216538995504,
        "min": 0.0428330153227,
        "stdev": 0.0633342340589,
        "var": 0.00401122542098
    },
    "erbbands_kurtosis": {
        "dmean": 1.632833004,
        "dmean2": 2.96845507622,
        "dvar": 12.1065063477,
        "dvar2": 34.5503807068,
        "max": 26.7898006439,
        "mean": 1.53213489056,
        "median": 1.19843888283,
        "min": -1.68509066105,
        "stdev": 2.69823265076,
        "var": 7.28045940399
    },
    "erbbands_skewness": {
        "dmean": 0.489510506392,
        "dmean2": 0.82822984457,
        "dvar": 0.47921487689,
        "dvar2": 1.32955312729,
        "max": 5.18988323212,
        "mean": -0.19688360393,
        "median": -0.21201236546,
        "min": -1.48851323128,
        "stdev": 0.717796266079,
        "var": 0.515231490135
    },
    "erbbands_spread": {
        "dmean": 9.60637569427,
        "dmean2": 16.4786758423,
        "dvar": 443.235198975,
        "dvar2": 1182.96166992,
        "max": 161.878967285,
        "mean": 25.4038925171,
        "median": 14.4286165237,
        "min": 3.05238676071,
        "stdev": 32.9120483398,
        "var": 1083.20300293
    },
    "hfc": {
        "dmean": 4.39094686508,
        "dmean2": 7.52681159973,
        "dvar": 85.1334152222,
        "dvar2": 258.641540527,
        "max": 112.813209534,
        "mean": 13.3096666336,
        "median": 3.83632040024,
        "min": 1.90047060755e-07,
        "stdev": 20.6869773865,
        "var": 427.951049805
    },
    "loudness_ebu128": {
        "integrated": -30.7070331573,
        "loudness_range": 2.45453071594,
        "momentary": {
            "dmean": 1.79035830498,
            "dmean2": 1.29173851013,
            "dvar": 10.8208436966,
            "dvar2": 5.14205598831,
            "max": -25.0693416595,
            "mean": -33.7434158325,
            "median": -34.3865585327,
            "min": -64.5497360229,
            "stdev": 6.52318811417,
            "var": 42.5519828796
        },
        "short_term": {
            "dmean": 0.301722049713,
            "dmean2": 0.103986568749,
            "dvar": 0.10297485441,
            "dvar2": 0.00848594028503,
            "max": -30.0125331879,
            "mean": -30.8467025757,
            "median": -30.3341808319,
            "min": -33.548248291,
            "stdev": 1.06856834888,
            "var": 1.14183819294
        }
    },
    "melbands_crest": {
        "dmean": 3.31622648239,
        "dmean2": 5.52911901474,
        "dvar": 11.3070583344,
        "dvar2": 25.5489826202,
        "max": 37.6386108398,
        "mean": 9.74579048157,
        "median": 7.14792823792,
        "min": 3.268273592,
        "stdev": 6.97223615646,
        "var": 48.6120758057
    },
    "melbands_flatness_db": {
        "dmean": 0.0330121405423,
        "dmean2": 0.0510606989264,
        "dvar": 0.00214219233021,
        "dvar2": 0.00495797442272,
        "max": 0.551165997982,
        "mean": 0.147968709469,
        "median": 0.129222512245,
        "min": 0.0347418747842,
        "stdev": 0.100675716996,
        "var": 0.0101356003433
    },
    "melbands_kurtosis": {
        "dmean": 27.1774253845,
        "dmean2": 41.6811218262,
        "dvar": 15566.8642578,
        "dvar2": 38672.296875,
        "max": 1462.35705566,
        "mean": 40.7961196899,
        "median": -0.235879659653,
        "min": -1.59746217728,
        "stdev": 157.027236938,
        "var": 24657.5546875
    },
    "melbands_skewness": {
        "dmean": 1.16100132465,
        "dmean2": 1.78665423393,
        "dvar": 7.60161972046,
        "dvar2": 15.0887985229,
        "max": 33.4034042358,
        "mean": 1.588088274,
        "median": -0.0883432030678,
        "min": -1.53147566319,
        "stdev": 5.08560943604,
        "var": 25.8634223938
    },
    "melbands_spread": {
        "dmean": 13.7828893661,
        "dmean2": 23.2036590576,
        "dvar": 300.639282227,
        "dvar2": 776.878845215,
        "max": 135.021911621,
        "mean": 48.9612045288,
        "median": 49.5252609253,
        "min": 0.406731873751,
        "stdev": 27.6635360718,
        "var": 765.271240234
    },
    "pitch_salience": {
        "dmean": 0.0705313235521,
        "dmean2": 0.115191310644,
        "dvar": 0.00605532852933,
        "dvar2": 0.0137027744204,
        "max": 0.860872864723,
        "mean": 0.695743024349,
        "median": 0.748818039894,
        "min": 0.071089848876,
        "stdev": 0.144724011421,
        "var": 0.0209450405091
    },
    "silence_rate_20dB": {
        "dmean": 0,
        "dmean2": 0,
        "dvar": 0,
        "dvar2": 0,
        "max": 1,
        "mean": 1,
        "median": 1,
        "min": 1,
        "stdev": 0,
        "var": 0
    },
    "silence_rate_30dB": {
        "dmean": 0,
        "dmean2": 0,
        "dvar": 0,
        "dvar2": 0,
        "max": 1,
        "mean": 1,
        "median": 1,
        "min": 1,
        "stdev": 0,
        "var": 0
    },
    "silence_rate_60dB": {
        "dmean": 0.0782122910023,
        "dmean2": 0.157303377986,
        "dvar": 0.0720950216055,
        "dvar2": 0.143794849515,
        "max": 1,
        "mean": 0.533333361149,
        "median": 1,
        "min": 0,
        "stdev": 0.498887419701,
        "var": 0.248888656497
    },
    "spectral_centroid": {
        "dmean": 277.351287842,
        "dmean2": 440.558105469,
        "dvar": 116272.382812,
        "dvar2": 237478.859375,
        "max": 3833.36499023,
        "mean": 2319.13134766,
        "median": 2130.19946289,
        "min": 142.836791992,
        "stdev": 807.554016113,
        "var": 652143.5
    },
    "spectral_complexity": {
        "dmean": 3.28491616249,
        "dmean2": 5.33707857132,
        "dvar": 18.1032123566,
        "dvar2": 44.6840934753,
        "max": 56,
        "mean": 16.25,
        "median": 11.5,
        "min": 0,
        "stdev": 15.2482690811,
        "var": 232.509719849
    },
    "spectral_decrease": {
        "dmean": 6.22582096987e-10,
        "dmean2": 1.11424192095e-09,
        "dvar": 2.2247260389e-18,
        "dvar2": 6.44201974484e-18,
        "max": -1.37088415444e-18,
        "mean": -1.22710475114e-09,
        "median": -6.31789953687e-10,
        "min": -1.19616636596e-08,
        "stdev": 1.59738167138e-09,
        "var": 2.55162823058e-18
    },
    "spectral_energy": {
        "dmean": 0.00274088256992,
        "dmean2": 0.00486835511401,
        "dvar": 3.60856611223e-05,
        "dvar2": 0.000104896469566,
        "max": 0.0457471981645,
        "mean": 0.00583859486505,
        "median": 0.00275139487348,
        "min": 2.24118588271e-11,
        "stdev": 0.00752985337749,
        "var": 5.66986891499e-05
    },
    "spectral_energyband_high": {
        "dmean": 0.000316562480293,
        "dmean2": 0.00057695468422,
        "dvar": 5.1996255479e-07,
        "dvar2": 1.48604010519e-06,
        "max": 0.0080643799156,
        "mean": 0.000830795092043,
        "median": 4.2505977035e-05,
        "min": 1.25064281847e-11,
        "stdev": 0.00162228057161,
        "var": 2.63179413196e-06
    },
    "spectral_energyband_low": {
        "dmean": 0.00118079094682,
        "dmean2": 0.00219577807002,
        "dvar": 2.62980283878e-05,
        "dvar2": 7.66206212575e-05,
        "max": 0.0427684001625,
        "mean": 0.000826148607302,
        "median": 0.000143654673593,
        "min": 2.5349082642e-12,
        "stdev": 0.0038215694949,
        "var": 1.46043930727e-05
    },
    "spectral_energyband_middle_high": {
        "dmean": 0.0013749563368,
        "dmean2": 0.00232285703532,
        "dvar": 6.14923919784e-06,
        "dvar2": 1.82121311809e-05,
        "max": 0.0246404819191,
        "mean": 0.00389867648482,
        "median": 0.00196473719552,
        "min": 4.02231373209e-12,
        "stdev": 0.00483345938846,
        "var": 2.33623304666e-05
    },
    "spectral_energyband_middle_low": {
        "dmean": 0.000253043079283,
        "dmean2": 0.000460339884739,
        "dvar": 2.62537014351e-07,
        "dvar2": 7.42988106595e-07,
        "max": 0.00417013838887,
        "mean": 0.000387389678508,
        "median": 0.000252329045907,
        "min": 1.43399604257e-12,
        "stdev": 0.000482898642076,
        "var": 2.33191087773e-07
    },
    "spectral_entropy": {
        "dmean": 0.157108321786,
        "dmean2": 0.243051826954,
        "dvar": 0.0908581316471,
        "dvar2": 0.230779707432,
        "max": 8.85232162476,
        "mean": 7.82601451874,
        "median": 7.80565357208,
        "min": 5.99381542206,
        "stdev": 0.361617386341,
        "var": 0.130767136812
    },
    "spectral_flux": {
        "dmean": 0.0103642251343,
        "dmean2": 0.0175605472177,
        "dvar": 0.000431272608694,
        "dvar2": 0.000812000129372,
        "max": 0.176358550787,
        "mean": 0.0461767762899,
        "median": 0.0373600646853,
        "min": 0.000787800527178,
        "stdev": 0.0334859937429,
        "var": 0.00112131179776
    },
    "spectral_kurtosis": {
        "dmean": 2.24185109138,
        "dmean2": 3.67555975914,
        "dvar": 7.85571289062,
        "dvar2": 14.3344011307,
        "max": 40.3502082825,
        "mean": 6.0506606102,
        "median": 4.97883224487,
        "min": -0.0811710357666,
        "stdev": 4.85131835938,
        "var": 23.5352916718
    },
    "spectral_rms": {
        "dmean": 0.000474919972476,
        "dmean2": 0.000810828933027,
        "dvar": 5.90998865846e-07,
        "dvar2": 1.652797323e-06,
        "max": 0.00668067438528,
        "mean": 0.00195376225747,
        "median": 0.00163837871514,
        "min": 1.47868959743e-07,
        "stdev": 0.00137076817919,
        "var": 1.87900525361e-06
    },
    "spectral_rolloff": {
        "dmean": 524.736450195,
        "dmean2": 796.123779297,
        "dvar": 2258519.5,
        "dvar2": 3635401,
        "max": 17097.3632812,
        "mean": 2949.92871094,
        "median": 2239.453125,
        "min": 21.533203125,
        "stdev": 2043.04528809,
        "var": 4174034.25
    },
    "spectral_skewness": {
        "dmean": 0.266401141882,
        "dmean2": 0.441172212362,
        "dvar": 0.0584385469556,
        "dvar2": 0.124885261059,
        "max": 4.09464025497,
        "mean": 1.46218681335,
        "median": 1.38562750816,
        "min": 0.422649532557,
        "stdev": 0.448745369911,
        "var": 0.201372399926
    },
    "spectral_spread": {
        "dmean": 426337.4375,
        "dmean2": 676098.9375,
        "dvar": 434194972672,
        "dvar2": 855586570240,
        "max": 12158129,
        "mean": 3716617.25,
        "median": 2751550.5,
        "min": 1201970.5,
        "stdev": 2587311,
        "var": 6.69417839002e+12
    },
    "spectral_strongpeak": {
        "dmean": 0.444146484137,
        "dmean2": 0.768543183804,
        "dvar": 0.353461295366,
        "dvar2": 1.07626795769,
        "max": 4.41344451904,
        "mean": 0.698725640774,
        "median": 0.284559726715,
        "min": 0,
        "stdev": 0.878588140011,
        "var": 0.771917104721
    },
    "zerocrossingrate": {
        "dmean": 0.00974107440561,
        "dmean2": 0.0116145098582,
        "dvar": 0.000140308053233,
        "dvar2": 0.000176276924321,
        "max": 0.22607421875,
        "mean": 0.0985243022442,
        "median": 0.07861328125,
        "min": 0.00390625,
        "stdev": 0.0479456596076,
        "var": 0.00229878630489
    },
    "barkbands": {
        "dmean": [1.9517075998e-05, 0.00057692482369, 0.000540565990377, 0.00015469425125, 6.97118157404e-05, 2.6020432415e-05, 1.65760429809e-05, 2.27387663472e-05, 4.33173663623e-05, 6.11188297626e-05, 9.41121325013e-05, 0.000162205935339, 0.000177864087163, 0.000269525451586, 0.00042282071081, 0.000266684219241, 0.000196640510694, 0.000120576245536, 0.00027112083626, 0.00031668759766, 0.000141996875755, 5.58615647606e-05, 3.55378761014e-05, 2.16250828089e-05, 1.54431600095e-05, 2.00636168302e-06, 6.18818418729e-08],
        "dmean2": [3.51224443875e-05, 0.00105899828486, 0.00103667483199, 0.000284021982225, 0.000126832397655, 4.37977505499e-05, 2.88470018859e-05, 4.14484056819e-05, 7.1859198215e-05, 9.97363313218e-05, 0.000156389272888, 0.000277988117887, 0.000301435647998, 0.000482889619889, 0.000703677767888, 0.000450431514764, 0.000338301906595, 0.00019668454479, 0.000490179867484, 0.00057477975497, 0.000239258835791, 8.4443592641e-05, 5.6645283621e-05, 3.07381124003e-05, 2.33963473875e-05, 3.45863440998e-06, 1.13110466771e-07],
        "dvar": [3.18388115872e-09, 6.72623400533e-06, 4.87298075313e-06, 1.99307109483e-07, 9.91049731169e-09, 1.86059978535e-09, 9.37966260217e-10, 1.0132922279e-09, 3.85118958945e-09, 6.50318510154e-09, 1.65879434633e-08, 4.08589322376e-08, 6.23605131977e-08, 1.96475227199e-07, 6.61027570459e-07, 1.96689697418e-07, 2.08843118799e-07, 4.62357583331e-08, 3.80852412718e-07, 6.16821807853e-07, 1.3905706453e-07, 1.71370171387e-08, 8.87963658158e-09, 2.57142329652e-09, 1.48178935788e-09, 4.28943373876e-11, 5.72479414676e-14],
        "dvar2": [8.18455081486e-09, 1.94193726202e-05, 1.42829640026e-05, 5.72705687318e-07, 2.9508630206e-08, 5.18047649223e-09, 2.74585287841e-09, 3.12887071807e-09, 8.47618508715e-09, 1.64321640739e-08, 4.12960190488e-08, 1.16840240594e-07, 1.70713335024e-07, 5.59976285786e-07, 1.77926563083e-06, 4.92988760925e-07, 6.05024922606e-07, 1.30275864763e-07, 1.07809944438e-06, 2.01080774787e-06, 4.02873325811e-07, 4.30383018113e-08, 2.45680240596e-08, 4.99491470407e-09, 3.42842021439e-09, 1.3529993792e-10, 1.67793838719e-13],
        "max": [0.000405865808716, 0.0217155572027, 0.0180605072528, 0.00363267934881, 0.000730577972718, 0.000369419401977, 0.000289813993732, 0.000189158163266, 0.00064022873994, 0.000658693606965, 0.00127551495098, 0.00160789932124, 0.00212438311428, 0.00326989754103, 0.00730594201013, 0.0049498216249, 0.00472087971866, 0.00242267292924, 0.00541831133887, 0.00780140375718, 0.00404161121696, 0.00155238655861, 0.000905355263967, 0.000759900780395, 0.000531503057573, 7.59625327191e-05, 2.03634999707e-06],
        "mean": [1.77032379725e-05, 0.000390321511077, 0.000349309120793, 0.000121405078971, 8.50581127452e-05, 3.43140927725e-05, 2.29520628636e-05, 2.69248193945e-05, 6.91199238645e-05, 0.000102659374534, 0.000138504561619, 0.000254577491432, 0.000281009008177, 0.000457704387372, 0.000629374117125, 0.00054820504738, 0.000350482150679, 0.000249585544225, 0.000568247807678, 0.000616118777543, 0.00026600153069, 0.000121137447422, 5.3597112128e-05, 4.89513440698e-05, 3.15321121889e-05, 3.72276599592e-06, 8.49765342537e-08],
        "median": [5.20631419931e-06, 3.46988272213e-05, 5.2924733609e-05, 3.56472592102e-05, 4.46711601398e-05, 2.05948836083e-05, 1.10158871394e-05, 1.4386930161e-05, 4.3894193368e-05, 6.39494755887e-05, 8.44353926368e-05, 0.000172919768374, 0.000198879555683, 0.000186768607819, 0.000245263159741, 0.000234152219491, 7.38619346521e-05, 4.71316561743e-05, 5.11046710017e-05, 4.57316964457e-05, 1.31707902256e-05, 4.78666515846e-06, 1.48164076563e-06, 2.81519464806e-06, 8.52473363011e-07, 6.60308643319e-08, 9.94175231028e-09],
        "min": [1.4812200945e-12, 1.40374170621e-12, 3.258342218e-13, 1.54656859151e-13, 2.46100909833e-13, 1.87700657968e-13, 2.15418991239e-13, 2.01238277344e-13, 3.22307366343e-13, 3.27375415188e-13, 3.29362513825e-13, 2.32340351385e-13, 1.6941232217e-13, 1.45249989065e-14, 3.04163215881e-13, 1.17046820912e-13, 9.96761158854e-13, 1.10949639233e-12, 2.34932380624e-13, 4.39209866393e-13, 5.36049286556e-13, 5.78828001155e-13, 1.01652432132e-12, 1.59220163096e-12, 1.56226431531e-12, 3.84387747326e-12, 3.4281802657e-12],
        "stdev": [4.98804874951e-05, 0.0019638100639, 0.00162479712162, 0.000343480904121, 0.000113185938972, 4.80201088067e-05, 3.3083546441e-05, 3.33612697432e-05, 8.95992707228e-05, 0.000123749647173, 0.00018207555695, 0.000285418616841, 0.000310124596581, 0.000616635836195, 0.000913076277357, 0.000835334707517, 0.000642168393824, 0.000449740327895, 0.00117202103138, 0.00130050198641, 0.000591649499256, 0.000253221951425, 0.000122018434922, 0.000113834372314, 8.23577720439e-05, 9.59854423854e-06, 2.00616270263e-07],
        "var": [2.48806308889e-09, 3.85655039281e-06, 2.63996571448e-06, 1.17979126912e-07, 1.28110562159e-08, 2.3059310017e-09, 1.09452102937e-09, 1.11297437932e-09, 8.02802890831e-09, 1.53139740888e-08, 3.31515082053e-08, 8.14637886037e-08, 9.61772741448e-08, 3.8023975435e-07, 8.33708327264e-07, 6.97784059867e-07, 4.12380245507e-07, 2.02266363658e-07, 1.37363338126e-06, 1.69130544236e-06, 3.50049162989e-07, 6.41213517838e-08, 1.48884993223e-08, 1.29582646835e-08, 6.78280320798e-09, 9.21320589264e-11, 4.02468890734e-14]
    },
    "erbbands": {
        "dmean": [0.0123187806457, 0.14834138751, 0.593662440777, 0.551724493504, 0.380385071039, 0.19036950171, 0.201076969504, 0.240451008081, 0.250913500786, 0.272478163242, 0.562806487083, 0.8852429986, 1.80317044258, 2.41704201698, 4.62463903427, 6.68867301941, 7.36021232605, 11.9403562546, 20.1229152679, 17.8218269348, 13.1531305313, 8.89155006409, 5.67685747147, 9.60278606415, 16.7391529083, 14.1959028244, 7.65166807175, 3.7445473671, 2.08056545258, 1.32571697235, 0.904451668262, 0.583149254322, 0.338995575905, 0.233645409346, 0.0723188668489, 0.0173963606358, 0.00153118383605, 0.000119442840514, 1.20760514619e-05, 4.30020463682e-06],
        "dmean2": [0.0226699821651, 0.272823393345, 1.1319848299, 1.02560806274, 0.706119835377, 0.344347923994, 0.336300551891, 0.421090275049, 0.440358191729, 0.489072471857, 1.01045787334, 1.51575064659, 2.97501683235, 4.23930931091, 8.00006961823, 11.0927696228, 12.3605146408, 20.2204017639, 35.9174232483, 30.160282135, 22.3137359619, 14.7202777863, 9.64786720276, 16.2664909363, 30.7622833252, 26.2572727203, 13.4306917191, 6.2596077919, 3.32760620117, 2.2156150341, 1.48667824268, 0.847875714302, 0.520036756992, 0.371437937021, 0.117482379079, 0.0305684600025, 0.00267974706367, 0.000204032869078, 2.24463383347e-05, 7.60968578106e-06],
        "dvar": [0.00331315211952, 0.43730995059, 6.05287981033, 4.13478899002, 0.577431559563, 0.0964932367206, 0.0742724537849, 0.217812046409, 0.348476469517, 0.128507480025, 0.702816009521, 1.60978055, 5.70842647552, 10.9080200195, 47.9759674072, 74.7517547607, 87.7798538208, 359.593322754, 1641.99707031, 904.606262207, 625.843017578, 366.194274902, 105.837539673, 418.912658691, 1959.36877441, 997.047485352, 412.263122559, 79.9112167358, 23.760641098, 11.2481498718, 5.66561412811, 1.86696982384, 0.666324138641, 0.318523138762, 0.0465326569974, 0.00449587032199, 2.0482326363e-05, 8.22373280585e-08, 1.55158474957e-09, 8.99414848154e-11],
        "dvar2": [0.00947418157011, 1.26636838913, 17.7244262695, 12.0707559586, 1.67256355286, 0.271140277386, 0.1858253479, 0.637267529964, 1.03510582447, 0.364651113749, 2.08714556694, 3.68788981438, 13.8012638092, 29.7543449402, 128.691986084, 220.780685425, 238.90335083, 995.884216309, 4712.58691406, 2494.91210938, 1670.71191406, 1022.27124023, 297.361206055, 1179.62768555, 6190.68554688, 3182.92041016, 1140.2442627, 211.092102051, 62.109577179, 30.612405777, 15.3370637894, 3.44951534271, 1.66460597515, 0.754709422588, 0.117781691253, 0.0137777505443, 6.1247148551e-05, 2.31130883321e-07, 4.65260363569e-09, 2.70058475582e-10],
        "max": [0.504363894463, 5.44083547592, 20.083360672, 16.7973804474, 5.04146051407, 2.78083252907, 2.07002997398, 4.26461601257, 5.92800617218, 2.87757945061, 5.71044063568, 11.5749340057, 25.5873394012, 30.5303592682, 69.1929244995, 65.5975875854, 76.4720306396, 150.718292236, 330.474029541, 227.768753052, 256.944061279, 198.988525391, 105.005882263, 197.336105347, 412.962921143, 382.021942139, 195.644699097, 109.715545654, 54.6668052673, 34.3341941833, 25.1903686523, 16.6506214142, 10.6352529526, 7.2210483551, 3.12875294685, 0.849708557129, 0.0421431064606, 0.0021291191224, 0.000391205830965, 9.46481304709e-05],
        "mean": [0.00826739426702, 0.100817330182, 0.386754453182, 0.420092046261, 0.341561734676, 0.258025586605, 0.261571466923, 0.283180266619, 0.324496239424, 0.396629154682, 0.742221593857, 1.47677600384, 2.73668146133, 4.03517961502, 7.18256139755, 10.6337003708, 12.6452579498, 20.5153865814, 32.7576789856, 29.4240779877, 29.8613815308, 19.0744762421, 13.11764431, 20.3235645294, 33.046710968, 29.7999534607, 14.6620397568, 9.07402896881, 4.76580667496, 2.36377382278, 1.46044206619, 1.18066287041, 0.734199762344, 0.457487642765, 0.156454503536, 0.0348152182996, 0.00321596395224, 0.000232945531025, 2.35605730268e-05, 1.02376006907e-05],
        "median": [0.000728714221623, 0.00947199948132, 0.0525285005569, 0.130707144737, 0.133540675044, 0.122894316912, 0.137882381678, 0.145839333534, 0.132199972868, 0.211045503616, 0.452881753445, 0.9495703578, 1.76728546619, 2.60280776024, 4.35103559494, 7.52147197723, 9.37016963959, 9.51888179779, 13.2384023666, 16.6833305359, 11.2020521164, 4.64743041992, 2.5259976387, 2.72008252144, 2.59851908684, 2.12738084793, 0.781077623367, 0.39058303833, 0.207377046347, 0.0711427628994, 0.0404405593872, 0.0576273649931, 0.0457294657826, 0.0147327594459, 0.00256054056808, 0.000577827100642, 4.9551774282e-05, 8.59653027874e-06, 3.81019299311e-06, 3.63735171049e-06],
        "min": [6.37226521549e-11, 2.35940239568e-10, 4.06737560299e-10, 4.69165983841e-10, 6.59696131056e-10, 8.50026382615e-10, 9.83630399354e-10, 1.7539213415e-09, 2.69647304485e-09, 3.96754851195e-09, 4.46825154654e-09, 6.9451830953e-09, 1.01879207293e-08, 1.24949712799e-08, 1.16084510893e-08, 9.63508473006e-09, 8.47162251461e-09, 1.81672688004e-09, 9.16597109324e-09, 1.07668283178e-08, 1.10537659026e-08, 5.73160718886e-08, 7.00794586805e-08, 1.88481994456e-08, 1.6962902194e-08, 2.40462298962e-08, 2.11287503049e-08, 2.12703863411e-08, 2.24032010721e-08, 1.77450854011e-08, 2.98359097428e-08, 2.84116410398e-08, 3.08677776673e-08, 1.92711535618e-08, 1.11770903644e-08, 1.55446109318e-08, 6.76372868824e-09, 2.32649233212e-09, 4.30220192804e-10, 5.32092252203e-11],
        "stdev": [0.0440564602613, 0.498357236385, 1.81551337242, 1.5114440918, 0.634235262871, 0.365205079317, 0.341427326202, 0.470697253942, 0.559781908989, 0.481817871332, 0.907555341721, 1.85995423794, 3.41310930252, 4.87627983093, 8.94273090363, 11.4871559143, 12.5707511902, 26.6249065399, 46.5999755859, 38.8062362671, 48.1949462891, 32.612197876, 22.578130722, 40.4410514832, 68.8952407837, 62.6051101685, 31.8947372437, 19.4113426208, 9.75346469879, 5.07964515686, 3.29828429222, 2.75001120567, 1.78538143635, 1.19338476658, 0.40150347352, 0.0961252301931, 0.0069324132055, 0.000400015385821, 4.18865201937e-05, 1.42844801303e-05],
        "var": [0.00194097182248, 0.248359933496, 3.29608869553, 2.28446340561, 0.402254372835, 0.133374750614, 0.116572611034, 0.221555918455, 0.313355773687, 0.232148468494, 0.823656737804, 3.45942997932, 11.6493148804, 23.7781028748, 79.972442627, 131.95475769, 158.023788452, 708.885681152, 2171.55786133, 1505.9239502, 2322.75292969, 1063.55541992, 509.771972656, 1635.47875977, 4746.55371094, 3919.39990234, 1017.27423096, 376.800231934, 95.1300811768, 25.8027935028, 10.8786792755, 7.56256103516, 3.18758678436, 1.42416715622, 0.161205038428, 0.00924006011337, 4.80583548779e-05, 1.60012305628e-07, 1.75448067186e-09, 2.04046377017e-10]
    },
    "gfcc": {
        "mean": [-140.8802948, 62.9755973816, -163.562423706, 42.9516220093, -32.7046356201, 28.0839328766, -30.2069625854, 5.69954586029, -26.0361919403, -1.78600943089, -13.1689128876, -15.7690229416, -2.48966288567],
        "cov": [[27348.0644531, 1734.1854248, -6565.65234375, 520.02532959, -1982.58044434, -667.940185547, -1638.09655762, -635.064697266, -842.056152344, 69.5975265503, 49.4916381836, -477.627838135, 335.544311523], [1734.1854248, 2531.26049805, -1410.55761719, -673.20135498, 217.297027588, -91.3203735352, 179.594909668, -76.3867416382, -15.1565675735, -490.798980713, 234.795608521, -284.883453369, 340.566009521], [-6565.65234375, -1410.55761719, 2888.44116211, 455.308929443, 398.6640625, 339.885467529, 337.629577637, 257.887023926, 214.186599731, 235.7159729, -146.407073975, 219.6015625, -276.416412354], [520.02532959, -673.20135498, 455.308929443, 508.703308105, -28.3879928589, 73.0794143677, -70.5140228271, 9.91914272308, -16.8395595551, 143.897827148, -71.0442352295, 57.7024040222, -134.738952637], [-1982.58044434, 217.297027588, 398.6640625, -28.3879928589, 444.469665527, 96.0511627197, 228.874099731, 70.9319152832, 108.428184509, -76.2263259888, 20.4752178192, -19.3665332794, -1.04198503494], [-667.940185547, -91.3203735352, 339.885467529, 73.0794143677, 96.0511627197, 149.438247681, 71.9738311768, 36.3939628601, 42.4086494446, 16.6083679199, -10.7012252808, 7.44747972488, -27.1351566315], [-1638.09655762, 179.594909668, 337.629577637, -70.5140228271, 228.874099731, 71.9738311768, 242.074310303, 58.5428199768, 83.709777832, -51.3321609497, 16.1786327362, 2.91887497902, 4.9267115593], [-635.064697266, -76.3867416382, 257.887023926, 9.91914272308, 70.9319152832, 36.3939628601, 58.5428199768, 99.7687225342, 53.1561508179, 5.1899971962, 5.55003070831, 9.77372169495, -11.0058107376], [-842.056152344, -15.1565675735, 214.186599731, -16.8395595551, 108.428184509, 42.4086494446, 83.709777832, 53.1561508179, 90.2074432373, 6.29703044891, 8.06800842285, 15.2381010056, -4.20709753036], [69.5975265503, -490.798980713, 235.7159729, 143.897827148, -76.2263259888, 16.6083679199, -51.3321609497, 5.1899971962, 6.29703044891, 156.840805054, -52.0986862183, 61.8263511658, -60.1096038818], [49.4916381836, 234.795608521, -146.407073975, -71.0442352295, 20.4752178192, -10.7012252808, 16.1786327362, 5.55003070831, 8.06800842285, -52.0986862183, 72.1117935181, -14.9971532822, 39.0077056885], [-477.627838135, -284.883453369, 219.6015625, 57.7024040222, -19.3665332794, 7.44747972488, 2.91887497902, 9.77372169495, 15.2381010056, 61.8263511658, -14.9971532822, 84.4745407104, -24.3791007996], [335.544311523, 340.566009521, -276.416412354, -134.738952637, -1.04198503494, -27.1351566315, 4.9267115593, -11.0058107376, -4.20709753036, -60.1096038818, 39.0077056885, -24.3791007996, 92.8676681519]],
        "icov": [[0.000332321447786, -0.000544617301784, 0.000751316663809, -0.00100588565692, 0.000541346962564, -0.000421686912887, 0.000658838718664, -0.00104219163768, 0.000619007099885, -0.0011812200537, 0.000736102403607, -9.03022282728e-06, 0.000249678385444], [-0.000544617301784, 0.00332815130241, -0.00102077331394, 0.0018103341572, -0.000872692267876, 0.000687176594511, -0.00257723242976, 0.00325906393118, -0.00148659013212, 0.00482242228463, -0.00316491303965, 0.00388160930015, -0.00453267479315], [0.000751316663809, -0.00102077331394, 0.00283472705632, -0.00233097351156, 0.00089991313871, -0.00207441905513, 0.000650618458167, -0.00380041333847, 0.0015227542026, -0.00250329193659, 0.00245681242086, -0.00159368489403, 0.00200173119083], [-0.00100588565692, 0.0018103341572, -0.00233097351156, 0.00714049628004, -0.00248833512887, -0.000274268910289, -0.000522471673321, 0.00289027625695, -3.43314568454e-05, 0.00205632252619, -0.00253842584789, -0.000351248600055, 0.00298304762691], [0.000541346962564, -0.000872692267876, 0.00089991313871, -0.00248833512887, 0.00640564970672, -0.000964032311458, -0.00232530734502, -0.000985471415333, -0.00262914318591, 0.000368425535271, 0.00133275415283, 0.00170047627762, 0.000115405389806], [-0.000421686912887, 0.000687176594511, -0.00207441905513, -0.000274268910289, -0.000964032311458, 0.0113578308374, -0.00228121783584, 0.00211323844269, -0.0028172894381, 0.000805603223853, -0.00145267450716, 0.00319522689097, -0.00204667099752], [0.000658838718664, -0.00257723242976, 0.000650618458167, -0.000522471673321, -0.00232530734502, -0.00228121783584, 0.0131252836436, -0.00301134260371, -0.00181908346713, -0.00159530306701, 0.00289712892845, -0.00381280714646, 0.00317066558637], [-0.00104219163768, 0.00325906393118, -0.00380041333847, 0.00289027625695, -0.000985471415333, 0.00211323844269, -0.00301134260371, 0.0216334611177, -0.0103604672477, 0.00574620766565, -0.00617819279432, 0.00539895240217, -0.00471218023449], [0.000619007099885, -0.00148659013212, 0.0015227542026, -3.43314568454e-05, -0.00262914318591, -0.0028172894381, -0.00181908346713, -0.0103604672477, 0.0265515446663, -0.00809633173048, -0.00120706949383, -0.00323463534005, 0.00133395241573], [-0.0011812200537, 0.00482242228463, -0.00250329193659, 0.00205632252619, 0.000368425535271, 0.000805603223853, -0.00159530306701, 0.00574620766565, -0.00809633173048, 0.0238202139735, 0.00119045504835, -0.00253479951061, -0.00299363373779], [0.000736102403607, -0.00316491303965, 0.00245681242086, -0.00253842584789, 0.00133275415283, -0.00145267450716, 0.00289712892845, -0.00617819279432, -0.00120706949383, 0.00119045504835, 0.0251958761364, -0.00637099379674, -0.000258721149294], [-9.03022282728e-06, 0.00388160930015, -0.00159368489403, -0.000351248600055, 0.00170047627762, 0.00319522689097, -0.00381280714646, 0.00539895240217, -0.00323463534005, -0.00253479951061, -0.00637099379674, 0.0274201314896, -0.00957341305912], [0.000249678385444, -0.00453267479315, 0.00200173119083, 0.00298304762691, 0.000115405389806, -0.00204667099752, 0.00317066558637, -0.00471218023449, 0.00133395241573, -0.00299363373779, -0.000258721149294, -0.00957341305912, 0.0311691779643]]
    },
    "melbands": {
        "dmean": [0.000135230409796, 0.000261356180999, 8.86483394424e-05, 1.89088750631e-05, 6.99329666531e-06, 5.17257876709e-06, 3.6906862988e-06, 3.29450153913e-06, 4.98777853863e-06, 6.14452483205e-06, 9.09809932637e-06, 9.6560925158e-06, 1.40092015499e-05, 1.80835686479e-05, 1.74047509063e-05, 1.87190780707e-05, 2.33985119849e-05, 3.31089249812e-05, 3.12097290589e-05, 2.33184127865e-05, 1.57183003466e-05, 1.15756583909e-05, 4.96262146044e-06, 6.28529596725e-06, 8.33409194456e-06, 1.34010433612e-05, 1.22725341498e-05, 1.01822924989e-05, 5.48037724002e-06, 3.67188363271e-06, 2.05237301998e-06, 1.46096886056e-06, 9.28987788029e-07, 7.50359731683e-07, 5.5999913684e-07, 4.84741576656e-07, 3.26681373508e-07, 2.7620575338e-07, 2.105957293e-07, 1.95701190364e-07],
        "dmean2": [0.000249826407526, 0.000497247674502, 0.000164280208992, 3.43147803505e-05, 1.13267815323e-05, 9.04113403521e-06, 6.48044397167e-06, 5.8705727497e-06, 9.04913031263e-06, 1.03692445919e-05, 1.50638616105e-05, 1.70309067471e-05, 2.39606088144e-05, 3.04706063616e-05, 3.02073403873e-05, 3.16259429383e-05, 3.98619522457e-05, 6.02303371124e-05, 5.2078092267e-05, 4.05986174883e-05, 2.69637512247e-05, 1.94272615772e-05, 8.86666202859e-06, 1.06992720248e-05, 1.39790899993e-05, 2.45760911639e-05, 2.2477182938e-05, 1.84774889931e-05, 9.63311504165e-06, 6.10666893408e-06, 3.33508705808e-06, 2.37649328483e-06, 1.40321890285e-06, 1.28816520828e-06, 9.39467668104e-07, 7.70182623455e-07, 4.7495549893e-07, 4.39169269839e-07, 3.55867939561e-07, 3.16974876569e-07],
        "dvar": [3.82235555207e-07, 1.24688779124e-06, 9.95781022084e-08, 8.00044197558e-10, 8.0292300586e-11, 9.81122683097e-11, 7.0811634334e-11, 1.9757329453e-11, 5.91325738375e-11, 7.67821708991e-11, 1.44929651613e-10, 1.83206907978e-10, 4.23057450183e-10, 5.32381305707e-10, 4.25603829957e-10, 7.84058817871e-10, 1.38891220747e-09, 4.00380129051e-09, 3.63053742625e-09, 1.69057234878e-09, 1.16102483183e-09, 6.94134527635e-10, 7.22922902097e-11, 1.45769910032e-10, 3.42148670507e-10, 8.61310134326e-10, 2.05244443663e-09, 5.62479063326e-10, 1.93852253694e-10, 9.60056270594e-11, 2.28147310072e-11, 1.18943006486e-11, 4.01225710642e-12, 4.11190092392e-12, 2.27319248494e-12, 1.50940479733e-12, 5.64821681179e-13, 4.25931317126e-13, 3.57004194002e-13, 2.23070070445e-13],
        "dvar2": [1.09450968466e-06, 3.64187349078e-06, 2.91306321287e-07, 2.3345740896e-09, 2.07060632529e-10, 2.82704831767e-10, 2.12015613399e-10, 5.84907469681e-11, 1.69170122355e-10, 1.69795358329e-10, 3.49245604658e-10, 4.91119978019e-10, 1.07069841881e-09, 1.52592183333e-09, 1.13665221679e-09, 2.17422790882e-09, 3.84080678373e-09, 1.18105951685e-08, 9.47113143468e-09, 4.51803439105e-09, 3.10317060936e-09, 1.94071136939e-09, 2.11473047407e-10, 3.87985504835e-10, 9.81678183187e-10, 2.60595434121e-09, 6.7595653519e-09, 1.8177606087e-09, 5.21309218016e-10, 2.88207652188e-10, 5.71509367608e-11, 3.15634116066e-11, 1.12276403452e-11, 1.09303104762e-11, 6.45010650793e-12, 3.26041884463e-12, 1.03395775015e-12, 1.1071286032e-12, 8.06554096514e-13, 5.43423921313e-13],
        "max": [0.00529173389077, 0.00910774432123, 0.00259684189223, 0.000187006051419, 6.50966030662e-05, 9.23999396036e-05, 8.32241130411e-05, 3.53893046849e-05, 5.72267890675e-05, 8.12066427898e-05, 0.000128103987663, 0.000118120922707, 0.000210756479646, 0.000182912626769, 0.000116383154818, 0.000243118207436, 0.000291956530418, 0.000467865495011, 0.000531396886799, 0.000430639396654, 0.000326948385919, 0.000268671836238, 7.68105746829e-05, 0.000129037478473, 0.000167438600329, 0.000239480548771, 0.000469967490062, 0.000286024645902, 0.000133334498969, 9.7718257166e-05, 5.75374506298e-05, 3.54772237188e-05, 1.84894870472e-05, 1.81990999408e-05, 1.40280708365e-05, 1.33027870106e-05, 9.62487411016e-06, 7.79498077463e-06, 6.71930274621e-06, 5.91412072026e-06],
        "mean": [9.28064473555e-05, 0.000175633947947, 7.12159890099e-05, 2.07645152841e-05, 9.40506924962e-06, 6.36729419057e-06, 4.92831441079e-06, 4.54517612525e-06, 6.58355611449e-06, 9.90441731119e-06, 1.3752562154e-05, 1.56682090164e-05, 2.1263556846e-05, 2.81743414234e-05, 2.67404757324e-05, 2.93389202852e-05, 3.90881505155e-05, 5.1622340834e-05, 4.60841365566e-05, 3.67990214727e-05, 3.48477224179e-05, 2.20963593165e-05, 1.05014205474e-05, 1.27645780594e-05, 1.58147249749e-05, 2.48096785072e-05, 2.26220472541e-05, 1.93658634089e-05, 9.81754055829e-06, 6.22785182713e-06, 4.90797629027e-06, 2.93035282084e-06, 1.68206554463e-06, 1.12159784749e-06, 8.03177783837e-07, 8.08742981917e-07, 6.84968540554e-07, 5.24575966665e-07, 4.64504921638e-07, 3.54061114649e-07],
        "median": [9.23764127947e-06, 2.30365330935e-05, 2.3505263016e-05, 9.5848881756e-06, 4.99315774505e-06, 3.4427475839e-06, 2.11632391256e-06, 2.30424370784e-06, 4.19835032517e-06, 6.20392984274e-06, 8.67112430569e-06, 9.65339495451e-06, 1.25936639961e-05, 1.6557141862e-05, 2.11644401134e-05, 1.76567300514e-05, 1.69872582774e-05, 1.94380991161e-05, 1.82216463145e-05, 1.89673810382e-05, 1.02161375253e-05, 4.70052509627e-06, 2.38429447563e-06, 2.05380456464e-06, 2.03629338102e-06, 2.01259717869e-06, 2.02646742764e-06, 1.17519016385e-06, 5.22504535638e-07, 3.11269957365e-07, 2.01341549655e-07, 1.2366714941e-07, 5.78753187597e-08, 2.90117228019e-08, 1.93509777091e-08, 2.92115149847e-08, 3.85751448562e-08, 3.34854135531e-08, 2.12944470945e-08, 1.02619210907e-08],
        "min": [5.50655549804e-13, 2.39769602827e-13, 8.66189647677e-14, 5.49451807566e-14, 3.52403246558e-14, 3.91455700591e-14, 4.23360721209e-14, 4.42112946459e-14, 3.6053008723e-14, 4.67591324818e-14, 5.05217409249e-14, 4.92717201945e-14, 4.27462867891e-14, 2.70631261812e-14, 2.31090188353e-14, 1.3949905887e-14, 1.76061166158e-15, 9.7604555189e-15, 2.65426650927e-14, 7.21941851054e-15, 1.21645806628e-14, 4.91890768839e-14, 8.65404075441e-14, 4.6942132256e-14, 1.07698756936e-14, 1.05222523877e-14, 1.41050128662e-14, 1.56278883199e-14, 1.06200262478e-14, 1.52270452242e-14, 1.22004880835e-14, 1.36888384742e-14, 9.67445541673e-15, 1.03862121201e-14, 1.5962591695e-14, 2.20653200843e-14, 1.3868459434e-14, 2.03311336272e-14, 2.46024971635e-14, 1.36378335383e-14],
        "stdev": [0.000472505693324, 0.000826623640023, 0.000234943974647, 2.99409275613e-05, 1.19890300994e-05, 1.01197556432e-05, 8.12280813989e-06, 5.6233561736e-06, 8.36753133626e-06, 1.27139692268e-05, 1.72562522494e-05, 1.93107935047e-05, 2.74160938716e-05, 3.33785937983e-05, 2.59854332398e-05, 3.43911342497e-05, 5.25803952769e-05, 7.38056551199e-05, 6.76253475831e-05, 5.40515429748e-05, 6.0707290686e-05, 3.95611168642e-05, 1.72149939317e-05, 2.34674334934e-05, 3.23704116454e-05, 5.22465707036e-05, 5.13074992341e-05, 4.3211508455e-05, 2.14913707168e-05, 1.44802725117e-05, 1.05263288788e-05, 6.18072181169e-06, 3.51298513124e-06, 2.59103762801e-06, 1.85413443887e-06, 1.96675318875e-06, 1.58201544309e-06, 1.28729880089e-06, 1.2354618093e-06, 9.34138483899e-07],
        "var": [2.23261622523e-07, 6.83306609517e-07, 5.51986722996e-08, 8.96459184663e-10, 1.43736841873e-10, 1.02409448977e-10, 6.59800131197e-11, 3.16221354657e-11, 7.00155766697e-11, 1.61645016816e-10, 2.97778246505e-10, 3.7290673327e-10, 7.51642192931e-10, 1.11413056558e-09, 6.75242750603e-10, 1.18275012007e-09, 2.76469802607e-09, 5.44727507545e-09, 4.57318805047e-09, 2.92156920878e-09, 3.68537511619e-09, 1.5650818419e-09, 2.963559953e-10, 5.50720413717e-10, 1.04784358967e-09, 2.72970424042e-09, 2.63245958365e-09, 1.86723436713e-09, 4.61879035019e-10, 2.09678302499e-10, 1.10803602404e-10, 3.82013240485e-11, 1.23410639347e-11, 6.71347656286e-12, 3.43781448621e-12, 3.86811806544e-12, 2.50277294549e-12, 1.65713829377e-12, 1.5263659477e-12, 8.72614697514e-13]
    },
    "melbands128": {
