{
"lowlevel": {
    "average_loudness": 0.0141765773296,
    "barkbands_crest": {
        "dmean": 1.68493556976,
        "dmean2": 2.6467564106,
        "dvar": 5.09125423431,
        "dvar2": 11.0631303787,
        "max": 25.7866096497,
        "mean": 15.3575115204,
        "median": 16.6108150482,
        "min": 2.35868549347,
        "stdev": 8.77702236176,
        "var": 77.0361175537
    },
    "barkbands_flatness_db": {
        "dmean": 0.0162851437926,
        "dmean2": 0.0268702954054,
        "dvar": 0.000301875465084,
        "dvar2": 0.000657745986246,
        "max": 0.248049423099,
        "mean": 0.13560436666,
        "median": 0.163735151291,
        "min": 0.0173813328147,
        "stdev": 0.0780231952667,
        "var": 0.00608761887997
    },
    "barkbands_kurtosis": {
        "dmean": 4.98190259933,
        "dmean2": 8.8063583374,
        "dvar": 40.2040214539,
        "dvar2": 104.375946045,
        "max": 50.5673942566,
        "mean": 17.2122898102,
        "median": 19.3066329956,
        "min": -1.761282444,
        "stdev": 16.6810760498,
        "var": 278.258300781
    },
    "barkbands_skewness": {
        "dmean": 0.631377220154,
        "dmean2": 1.0507992506,
        "dvar": 0.501641333103,
        "dvar2": 1.12451410294,
        "max": 7.10125160217,
        "mean": 3.07442498207,
        "median": 4.02991771698,
        "min": -2.5068166256,
        "stdev": 2.75607299805,
        "var": 7.59593820572
    },
    "barkbands_spread": {
        "dmean": 6.36962890625,
        "dmean2": 10.1069545746,
        "dvar": 77.6683731079,
        "dvar2": 142.154067993,
        "max": 101.973136902,
        "mean": 29.9583148956,
        "median": 16.629940033,
        "min": 8.80267906189,
        "stdev": 22.2085094452,
        "var": 493.217926025
    },
    "dissonance": {
        "dmean": 0.00923263374716,
        "dmean2": 0.0159468371421,
        "dvar": 0.000134946138132,
        "dvar2": 0.000376659445465,
        "max": 0.499987095594,
        "mean": 0.484433412552,
        "median": 0.486785590649,
        "min": 0.382203519344,
        "stdev": 0.0123658366501,
        "var": 0.000152913911734
    },
    "dynamic_complexity": 35.7121620178,
    "erbbands_crest": {
        "dmean": 1.78961598873,
        "dmean2": 3.15484547615,
        "dvar": 3.78779673576,
        "dvar2": 11.0591630936,
        "max": 16.591424942,
        "mean": 5.58192968369,
        "median": 4.68361949921,
        "min": 2.09442710876,
        "stdev": 3.12540888786,
        "var": 9.76818084717
    },
    "erbbands_flatness_db": {
        "dmean": 0.00989303272218,
        "dmean2": 0.0165375899523,
        "dvar": 0.000243298258283,
        "dvar2": 0.000582885346375,
        "max": 0.230031266809,
        "mean": 0.0687497034669,
        "median": 0.0677838176489,
        "min": 0.028263842687,
        "stdev": 0.032425109297,
        "var": 0.00105138774961
    },
    "erbbands_kurtosis": {
        "dmean": 0.574379742146,
        "dmean2": 0.98819899559,
        "dvar": 1.77191007137,
        "dvar2": 5.2961435318,
        "max": 14.4411048889,
        "mean": -0.430561482906,
        "median": -0.640965104103,
        "min": -1.73080694675,
        "stdev": 1.32004463673,
        "var": 1.74251782894
    },
    "erbbands_skewness": {
        "dmean": 0.276545286179,
        "dmean2": 0.44353890419,
        "dvar": 0.0818802118301,
        "dvar2": 0.216909140348,
        "max": 1.51494538784,
        "mean": -0.174881711602,
        "median": -0.275676846504,
        "min": -1.39345765114,
        "stdev": 0.645721077919,
        "var": 0.41695573926
    },
    "erbbands_spread": {
        "dmean": 9.38991546631,
        "dmean2": 14.8922815323,
        "dvar": 81.9869995117,
        "dvar2": 198.676895142,
        "max": 111.725944519,
        "mean": 68.8388671875,
        "median": 68.2058258057,
        "min": 5.43814134598,
        "stdev": 19.5423717499,
        "var": 381.904266357
    },
    "hfc": {
        "dmean": 110.119697571,
        "dmean2": 165.846908569,
        "dvar": 584250.6875,
        "dvar2": 1344497.75,
        "max": 10937.3037109,
        "mean": 110.881027222,
        "median": 0.000659513112623,
        "min": 1.33333332997e-05,
        "stdev": 781.550354004,
        "var": 610820.9375
    },
    "loudness_ebu128": {
        "integrated": -21.555059433,
        "loudness_range": 20.2665977478,
        "momentary": {
            "dmean": 1.55200910568,
            "dmean2": 1.22356832027,
            "dvar": 3.29015803337,
            "dvar2": 4.01341724396,
            "max": -16.6919155121,
            "mean": -62.3550186157,
            "median": -73.7343902588,
            "min": -83.6051101685,
            "stdev": 22.682302475,
            "var": 514.486816406
        },
        "short_term": {
            "dmean": 2.18744325638,
            "dmean2": 1.25043821335,
            "dvar": 2.88769221306,
            "dvar2": 3.05248999596,
            "max": -24.9365882874,
            "mean": -51.4231071472,
            "median": -47.3813858032,
            "min": -77.4352264404,
            "stdev": 18.2898826599,
            "var": 334.519836426
        }
    },
    "melbands_crest": {
        "dmean": 3.20300722122,
        "dmean2": 5.55884933472,
        "dvar": 9.48776054382,
        "dvar2": 24.6309261322,
        "max": 35.1682052612,
        "mean": 18.4464759827,
        "median": 16.7085914612,
        "min": 3.28821396828,
        "stdev": 10.280043602,
        "var": 105.679298401
    },
    "melbands_flatness_db": {
        "dmean": 0.0181906353682,
        "dmean2": 0.0294834971428,
        "dvar": 0.000273362471489,
        "dvar2": 0.000648209883366,
        "max": 0.273921191692,
        "mean": 0.15467017889,
        "median": 0.192070007324,
        "min": 0.0140789709985,
        "stdev": 0.079139046371,
        "var": 0.00626298831776
    },
    "melbands_kurtosis": {
        "dmean": 7.92247867584,
        "dmean2": 12.7763729095,
        "dvar": 80.6494750977,
        "dvar2": 222.682312012,
        "max": 90.8440246582,
        "mean": 29.3308639526,
        "median": 28.7087402344,
        "min": -1.55137574673,
        "stdev": 24.8200798035,
        "var": 616.036376953
    },
    "melbands_skewness": {
        "dmean": 0.663864791393,
        "dmean2": 1.04188656807,
        "dvar": 0.433780789375,
        "dvar2": 1.11134648323,
        "max": 8.73104381561,
        "mean": 4.1865029335,
        "median": 4.64815998077,
        "min": -0.917890846729,
        "stdev": 2.38757252693,
        "var": 5.70050239563
    },
    "melbands_spread": {
        "dmean": 11.1822834015,
        "dmean2": 17.6397800446,
        "dvar": 285.355743408,
        "dvar2": 640.837097168,
        "max": 169.356628418,
        "mean": 41.9744186401,
        "median": 15.106959343,
        "min": 5.09602165222,
        "stdev": 45.3792495728,
        "var": 2059.27636719
    },
    "pitch_salience": {
        "dmean": 0.0521736219525,
        "dmean2": 0.0876034796238,
        "dvar": 0.00480388384312,
        "dvar2": 0.0101897474378,
        "max": 0.858921647072,
        "mean": 0.449186623096,
        "median": 0.425695836544,
        "min": 0.113538272679,
        "stdev": 0.258340269327,
        "var": 0.066739693284
    },
    "silence_rate_20dB": {
        "dmean": 0.00858369097114,
        "dmean2": 0.0172413792461,
        "dvar": 0.00851000286639,
        "dvar2": 0.016944155097,
        "max": 1,
        "mean": 0.982905983925,
        "median": 1,
        "min": 0,
        "stdev": 0.129622146487,
        "var": 0.0168019011617
    },
    "silence_rate_30dB": {
        "dmean": 0.0171673819423,
        "dmean2": 0.0344827584922,
        "dvar": 0.0168726332486,
        "dvar2": 0.0419145338237,
        "max": 1,
        "mean": 0.970085442066,
        "median": 1,
        "min": 0,
        "stdev": 0.170351952314,
        "var": 0.029019786045
    },
    "silence_rate_60dB": {
        "dmean": 0.0171673819423,
        "dmean2": 0.0344827584922,
        "dvar": 0.0168726425618,
        "dvar2": 0.0419145263731,
        "max": 1,
        "mean": 0.794871807098,
        "median": 1,
        "min": 0,
        "stdev": 0.403794169426,
        "var": 0.163049727678
    },
    "spectral_centroid": {
        "dmean": 292.775787354,
        "dmean2": 460.309906006,
        "dvar": 68808.9609375,
        "dvar2": 182570.953125,
        "max": 4374.22021484,
        "mean": 2049.75268555,
        "median": 2167.86767578,
        "min": 471.455535889,
        "stdev": 932.523071289,
        "var": 869599.3125
    },
    "spectral_complexity": {
        "dmean": 1.60515022278,
        "dmean2": 2.53448271751,
        "dvar": 19.4493541718,
        "dvar2": 38.4989814758,
        "max": 60,
        "mean": 7.43589735031,
        "median": 0,
        "min": 0,
        "stdev": 16.4170570374,
        "var": 269.519744873
    },
    "spectral_decrease": {
        "dmean": 2.90423818328e-09,
        "dmean2": 4.6719881297e-09,
        "dvar": 4.63457941678e-16,
        "dvar2": 1.13909604846e-15,
        "max": -7.37852412056e-16,
        "mean": -3.8625636023e-09,
        "median": -6.382636932e-13,
        "min": -2.94148804869e-07,
        "stdev": 2.46415936545e-08,
        "var": 6.07208167854e-16
    },
    "spectral_energy": {
        "dmean": 0.0169767644256,
        "dmean2": 0.023018501699,
        "dvar": 0.0116368541494,
        "dvar2": 0.0172465275973,
        "max": 1.65521132946,
        "mean": 0.0246354714036,
        "median": 2.52385825661e-06,
        "min": 3.99419919361e-09,
        "stdev": 0.151970908046,
        "var": 0.0230951588601
    },
    "spectral_energyband_high": {
        "dmean": 0.011047729291,
        "dmean2": 0.016617462039,
        "dvar": 0.00559691060334,
        "dvar2": 0.0127436080948,
        "max": 1.06798481941,
        "mean": 0.011362622492,
        "median": 3.20397255393e-08,
        "min": 9.25165888344e-10,
        "stdev": 0.0775234624743,
        "var": 0.00600988743827
    },
    "spectral_energyband_low": {
        "dmean": 0.000873345357832,
        "dmean2": 0.00166976742912,
        "dvar": 3.52185124939e-05,
        "dvar2": 0.000109024469566,
        "max": 0.0678916200995,
        "mean": 0.000847632181831,
        "median": 6.37991888652e-07,
        "min": 1.70685376943e-09,
        "stdev": 0.00530139915645,
        "var": 2.81048323814e-05
    },
    "spectral_energyband_middle_high": {
        "dmean": 0.00301561853848,
        "dmean2": 0.00394355459139,
        "dvar": 0.00024359721283,
        "dvar2": 0.000406647421187,
        "max": 0.240035220981,
        "mean": 0.00408380711451,
        "median": 5.00188122032e-08,
        "min": 2.08768072274e-10,
        "stdev": 0.0213460884988,
        "var": 0.000455655506812
    },
    "spectral_energyband_middle_low": {
        "dmean": 0.00805658008903,
        "dmean2": 0.0148838264868,
        "dvar": 0.00502494955435,
        "dvar2": 0.0143117215484,
        "max": 0.900301754475,
        "mean": 0.00833037868142,
        "median": 5.22249706592e-07,
        "min": 2.18505838423e-10,
        "stdev": 0.0663218349218,
        "var": 0.00439858622849
    },
    "spectral_entropy": {
        "dmean": 0.102900549769,
        "dmean2": 0.15862557292,
        "dvar": 0.0139821674675,
        "dvar2": 0.0321446992457,
        "max": 8.98937320709,
        "mean": 8.38674068451,
        "median": 8.475522995,
        "min": 6.78152227402,
        "stdev": 0.301948398352,
        "var": 0.0911728367209
    },
    "spectral_flux": {
        "dmean": 0.0137884337455,
        "dmean2": 0.0192263014615,
        "dvar": 0.00541034992784,
        "dvar2": 0.00942957028747,
        "max": 1.08204746246,
        "mean": 0.0407985970378,
        "median": 0.000759475398809,
        "min": 0.000135333131766,
        "stdev": 0.129451975226,
        "var": 0.016757812351
    },
    "spectral_kurtosis": {
        "dmean": 0.468981444836,
        "dmean2": 0.72170740366,
        "dvar": 1.08140194416,
        "dvar2": 2.18560886383,
        "max": 16.8512763977,
        "mean": 2.08746671677,
        "median": 1.91450285912,
        "min": 0.0936636924744,
        "stdev": 1.61856901646,
        "var": 2.6197655201
    },
    "spectral_rms": {
        "dmean": 0.000542332127225,
        "dmean2": 0.000767954974435,
        "dvar": 6.65275501888e-06,
        "dvar2": 1.0678034414e-05,
        "max": 0.0401850752532,
        "mean": 0.00158050446771,
        "median": 4.962078674e-05,
        "min": 1.97402619051e-06,
        "stdev": 0.0046407552436,
        "var": 2.15366071643e-05
    },
    "spectral_rolloff": {
        "dmean": 602.005310059,
        "dmean2": 927.598205566,
        "dvar": 1566523,
        "dvar2": 3108336.25,
        "max": 12101.6601562,
        "mean": 2903.86303711,
        "median": 236.865234375,
        "min": 21.533203125,
        "stdev": 3896.05541992,
        "var": 15179248
    },
    "spectral_skewness": {
        "dmean": 0.108639024198,
        "dmean2": 0.163889765739,
        "dvar": 0.0296543184668,
        "dvar2": 0.0623804032803,
        "max": 3.71758055687,
        "mean": 1.23445284367,
        "median": 1.24694919586,
        "min": 0.605994820595,
        "stdev": 0.36604732275,
        "var": 0.133990645409
    },
    "spectral_spread": {
        "dmean": 594173.125,
        "dmean2": 931426.5,
        "dvar": 696619106304,
        "dvar2": 1.08929508966e+12,
        "max": 19075008,
        "mean": 8585122,
        "median": 8726126,
        "min": 3685155.25,
        "stdev": 1630445.625,
        "var": 2.65835302093e+12
    },
    "spectral_strongpeak": {
        "dmean": 0.386308014393,
        "dmean2": 0.702454149723,
        "dvar": 1.84731113911,
        "dvar2": 5.48229980469,
        "max": 11.0721683502,
        "mean": 0.310143202543,
        "median": 0,
        "min": 0,
        "stdev": 1.18356692791,
        "var": 1.4008307457
    },
    "zerocrossingrate": {
        "dmean": 0.0125905312598,
        "dmean2": 0.0164752826095,
        "dvar": 0.000270298594842,
        "dvar2": 0.000360302248737,
        "max": 0.3466796875,
        "mean": 0.0974371507764,
        "median": 0.0546875,
        "min": 0,
        "stdev": 0.103678390384,
        "var": 0.0107492087409
    },
    "barkbands": {
        "dmean": [0.000200129565201, 0.000670254405122, 0.000141475233249, 0.000722427677829, 0.00454353075475, 0.00238130474463, 0.00136377557646, 0.000469060003525, 0.000497902627103, 0.000337236298947, 0.000482637813548, 0.000281967280898, 0.000328858324792, 0.000465824879939, 0.000438061077148, 0.00026068862644, 0.000227701253607, 0.000230964942602, 0.000465962482849, 0.000432998815086, 0.000885318091605, 0.0019082587678, 0.00283209094778, 0.00144690612797, 0.0016009430401, 0.00141507864464, 0.000937831064221],
        "dmean2": [0.000387830630643, 0.00127556559164, 0.000276279926766, 0.00124010443687, 0.0088068023324, 0.00397860677913, 0.0022792336531, 0.000672294583637, 0.000753068423364, 0.00056265614694, 0.000853737990838, 0.000373330811271, 0.000444539560704, 0.000635796575807, 0.000748220074456, 0.000375601230189, 0.000333158590365, 0.000272264878731, 0.000647451961413, 0.000631651375443, 0.00140122987796, 0.00292147905566, 0.00405563367531, 0.00210215966217, 0.00253359321505, 0.00238846195862, 0.00161596748512],
        "dvar": [6.94624020525e-07, 2.48060841841e-05, 8.30992405554e-07, 2.11984461203e-05, 0.00136776233558, 0.000386622821679, 0.000132546047098, 8.34868205857e-06, 8.21528556116e-06, 2.45208639171e-06, 1.13219084596e-05, 1.87065984392e-06, 2.49637332672e-06, 5.4815391195e-06, 7.81132712291e-06, 1.72936734089e-06, 1.73473631548e-06, 1.53532880631e-06, 7.33893512006e-06, 5.77011905989e-06, 2.62809498963e-05, 0.000182364645298, 0.000343977066223, 0.00010406482761, 0.000120813536341, 0.000114034330181, 7.02359902789e-05],
        "dvar2": [2.62524986283e-06, 7.59285248932e-05, 2.74089984487e-06, 6.19745260337e-05, 0.0044469544664, 0.00096824450884, 0.000337020901497, 1.39591757033e-05, 1.73369226104e-05, 6.5983085733e-06, 3.16588229907e-05, 3.60922831533e-06, 5.13228133059e-06, 1.02246185634e-05, 2.08423807635e-05, 3.20873914461e-06, 3.0059322853e-06, 1.804845283e-06, 1.47885784827e-05, 1.26311460917e-05, 6.67066124151e-05, 0.000435816677054, 0.000658912176732, 0.000233676182688, 0.000293208344374, 0.000299723178614, 0.000190035105334],
        "max": [0.00703859701753, 0.0546265766025, 0.00892369356006, 0.0495719537139, 0.398623734713, 0.257157504559, 0.148341611028, 0.0440455116332, 0.0396199859679, 0.0216619297862, 0.0408750139177, 0.0201578438282, 0.0202529169619, 0.0301123987883, 0.0362226441503, 0.0192791577429, 0.0189863033593, 0.0212308093905, 0.0407253317535, 0.0339201726019, 0.0479251481593, 0.191411480308, 0.272019803524, 0.146583139896, 0.152719601989, 0.138335824013, 0.10414481163],
        "mean": [0.00012814742513, 0.000540029024705, 0.000119535536214, 0.000689316424541, 0.00280483486131, 0.00230293883942, 0.00121124868747, 0.000595999183133, 0.000585679954384, 0.000411492190324, 0.000433457113104, 0.000348173227394, 0.000368164299289, 0.000550372235011, 0.000401399360271, 0.00033969123615, 0.000298207771266, 0.000350485468516, 0.000473446911201, 0.00047965333215, 0.000852976110764, 0.001930250437, 0.00333989737555, 0.00163512525614, 0.00152097758837, 0.00114759977441, 0.000684398692101],
        "median": [1.49664708715e-06, 1.62311096119e-07, 4.70696335242e-08, 4.71857930506e-08, 4.1555443886e-07, 2.53955647622e-08, 8.77559802603e-09, 7.84623299666e-09, 1.06504387531e-08, 7.07378333686e-09, 5.93659121861e-09, 5.63422819511e-09, 4.51766357656e-09, 4.37827907263e-09, 4.26235491346e-09, 3.67493413478e-09, 4.25004165194e-09, 2.8269937502e-09, 2.92460544671e-09, 2.27326779623e-09, 2.99901081746e-09, 2.92852542216e-09, 3.3154154977e-09, 4.04710309709e-09, 4.98455143827e-09, 6.65415589296e-09, 9.11884523447e-09],
        "min": [1.6562529126e-09, 7.65759011756e-10, 8.03342600775e-11, 7.86052750668e-11, 8.32272098461e-11, 2.17560518212e-11, 1.11908017575e-11, 1.1872510787e-11, 7.1279761607e-12, 1.52815104321e-11, 2.15795159519e-11, 1.2647959069e-11, 8.97592070115e-12, 4.38336276998e-11, 1.45261832077e-11, 4.97705002211e-12, 6.52745088883e-12, 2.43367860586e-11, 3.96785347634e-11, 5.41525782549e-11, 4.67162836193e-11, 5.17214049367e-11, 1.21369456152e-10, 1.13639708754e-10, 1.1496534974e-10, 1.91380369885e-10, 2.695301482e-10],
        "stdev": [0.000641837308649, 0.00393789866939, 0.000836178602185, 0.00497672893107, 0.0276612043381, 0.0195123758167, 0.0106817707419, 0.00384243694134, 0.00326253357343, 0.00189580605365, 0.00291832233779, 0.00180627813097, 0.00186531955842, 0.00297747575678, 0.00257818028331, 0.00168771157041, 0.00167486339342, 0.00198073103093, 0.00308009586297, 0.00272766291164, 0.00494488049299, 0.0137517340481, 0.0215714741498, 0.0108249587938, 0.010681421496, 0.0093920212239, 0.00693198340014],
        "var": [4.11955141999e-07, 1.55070447363e-05, 6.99194629306e-07, 2.47678308369e-05, 0.000765142263845, 0.000380732817575, 0.000114100228529, 1.47643213495e-05, 1.06441248136e-05, 3.59408068107e-06, 8.51660479384e-06, 3.26264057549e-06, 3.47941704604e-06, 8.86536145117e-06, 6.64701383357e-06, 2.8483702863e-06, 2.8051672416e-06, 3.92329502574e-06, 9.48699107539e-06, 7.44014550946e-06, 2.44518450927e-05, 0.000189110185602, 0.00046532851411, 0.00011717974121, 0.000114092756121, 8.82100575836e-05, 4.80523958686e-05]
    },
    "erbbands": {
        "dmean": [0.0258522182703, 0.134102746844, 0.211230292916, 1.04518401623, 8.65691661835, 12.4121379852, 20.325504303, 19.2261238098, 22.0590782166, 16.0509090424, 13.1453170776, 9.62549877167, 13.4697761536, 11.9160404205, 15.8371143341, 11.9916963577, 14.6723308563, 24.8916625977, 18.1296825409, 21.8156433105, 13.8035640717, 11.738448143, 13.22397995, 18.7908287048, 24.0552787781, 20.662727356, 46.2652053833, 23.7117900848, 42.4656448364, 118.781517029, 72.5038757324, 33.3041114807, 22.6689720154, 19.4963130951, 11.2699861526, 6.30368328094, 2.38746476173, 0.699096024036, 0.116801723838, 0.0137803098187],
        "dmean2": [0.0498612597585, 0.257489979267, 0.418814361095, 1.83077573776, 15.5577793121, 24.3559608459, 37.4659843445, 32.2696723938, 36.8832550049, 28.4296607971, 17.9460163116, 15.7911367416, 25.2849082947, 20.265417099, 25.5199623108, 14.199420929, 20.1323680878, 34.6696891785, 27.4792766571, 34.4360847473, 21.3439559937, 15.560213089, 16.6109886169, 25.9450969696, 33.1506729126, 31.759683609, 73.6343231201, 32.3717765808, 63.4107589722, 172.847000122, 107.285110474, 56.1607818604, 35.8859481812, 32.8474197388, 16.983045578, 10.2625427246, 4.04934740067, 1.20930933952, 0.196158275008, 0.0240547228605],
        "dvar": [0.0186848901212, 1.33963799477, 2.49065184593, 43.9780158997, 3724.58129883, 11493.3828125, 34400.2109375, 25416.3476562, 35760.421875, 18146.609375, 6480.13769531, 2842.63232422, 6585.67333984, 4131.17871094, 12043.4521484, 3130.63085938, 5231.98486328, 15712.2890625, 7976.24121094, 20947.9394531, 5370.47167969, 3901.05249023, 5544.79394531, 12225.734375, 19253.7480469, 13338.9248047, 81279.15625, 15987.7099609, 85060.6953125, 717380.25, 230261.515625, 54041.1796875, 25240.1347656, 20767.6660156, 6022.64208984, 2067.63745117, 331.392425537, 35.1798667908, 1.0314040184, 0.0153832538053],
        "dvar2": [0.0595133677125, 4.06886959076, 8.02561855316, 133.704727173, 12101.3691406, 36651.4882812, 99325.0546875, 63627.546875, 91111.390625, 51677.8984375, 13644.7949219, 4866.05419922, 18305.0234375, 11359.2919922, 31284.9394531, 5579.16992188, 10954.4794922, 28521.359375, 18565.8496094, 50888.2421875, 10248.0419922, 6771.90820312, 6727.17089844, 25239.8828125, 39822.15625, 31818.6835938, 218355.453125, 32061.1289062, 194995.15625, 1624667.875, 472794.28125, 97654.9453125, 62623.4726562, 55249.234375, 13563.6972656, 5224.83789062, 873.757080078, 95.9812545776, 2.72091507912, 0.0417865477502],
        "max": [1.22280979156, 13.0028152466, 17.7827625275, 69.9234619141, 653.104064941, 1181.78833008, 2282.83837891, 2090.58789062, 2468.80151367, 1641.94885254, 1243.20043945, 718.445129395, 1079.57763672, 755.29473877, 1428.9576416, 777.139404297, 960.239318848, 1706.00036621, 1109.43908691, 1988.97033691, 980.132873535, 962.606506348, 1230.23400879, 1698.26806641, 2079.26464844, 1431.07055664, 2842.16967773, 1813.68994141, 4167.18505859, 12404.0097656, 6788.54589844, 3096.31396484, 2211.30444336, 1880.50305176, 1115.19934082, 607.018188477, 235.375762939, 74.0600280762, 12.9073810577, 1.53279209137],
        "mean": [0.0214203000069, 0.0974228978157, 0.164212822914, 0.961427092552, 6.314204216, 7.80009698868, 16.7185173035, 19.0429725647, 20.7429103851, 12.9726428986, 14.1353769302, 12.9193935394, 14.5845537186, 14.8862752914, 16.1714115143, 15.3193311691, 16.5481796265, 28.139251709, 20.7255210876, 21.74077034, 17.8117160797, 15.5322561264, 19.5553531647, 20.3048000336, 25.5451183319, 21.4811820984, 41.2379684448, 27.1811981201, 45.4474983215, 123.901069641, 83.5973205566, 44.0709228516, 23.7082939148, 17.5290813446, 10.9037752151, 5.405418396, 1.92014825344, 0.531779408455, 0.0892208814621, 0.00980498362333],
        "median": [9.12586892809e-06, 2.33716455114e-05, 5.7146709878e-05, 0.000116027797048, 0.000525330193341, 0.00212683295831, 0.000467128644232, 0.000198879104573, 0.000138287607115, 0.000120208162116, 0.000224778268603, 0.000265976821538, 0.000225760304602, 0.000244670984102, 0.000249721837463, 0.000242410285864, 0.000226601754548, 0.000214710278669, 0.000235183368204, 0.000223168783123, 0.000202190305572, 0.00022441855981, 0.000160671872436, 0.000131370237796, 0.00012937784777, 0.000108699314296, 0.000112207882921, 0.00012513063848, 0.000105176703073, 0.000105518658529, 9.3856069725e-05, 8.80218067323e-05, 6.8558329076e-05, 5.25367504451e-05, 3.87159525417e-05, 2.51689452853e-05, 1.26782360894e-05, 5.27465817868e-06, 1.29399245452e-06, 1.35640419785e-07],
        "min": [4.89166893658e-08, 1.02880733266e-07, 1.0726286348e-07, 1.85645419037e-07, 3.26795486671e-07, 2.10182875549e-07, 2.62020847686e-07, 1.37585843163e-07, 1.46283682056e-07, 2.19299906234e-07, 1.99997842287e-07, 1.64600862718e-07, 3.70892450974e-07, 9.04240721411e-07, 5.09503138346e-07, 5.92148921896e-07, 3.9406862129e-07, 1.53951816628e-06, 1.89150080132e-06, 3.50749871814e-07, 2.78435237533e-07, 4.32934058381e-07, 1.51303572693e-06, 1.37843255743e-06, 2.08541928259e-06, 2.68275607596e-06, 2.81741699837e-06, 1.67973848875e-06, 1.60236265856e-06, 2.45650630859e-06, 3.40494534612e-06, 1.89398826933e-06, 1.9904164219e-06, 1.05472713585e-06, 1.03383865735e-06, 7.86714508649e-07, 3.79762212788e-07, 8.90630076356e-08, 2.65710227154e-08, 5.59487478569e-09],
        "stdev": [0.121418453753, 0.878908514977, 1.31407904625, 6.84100723267, 51.4706382751, 80.1651077271, 158.024627686, 160.056869507, 181.28338623, 111.715393066, 93.4643783569, 67.7841644287, 81.0325698853, 70.418586731, 105.763320923, 77.0249938965, 84.8082122803, 157.342834473, 103.701934814, 141.420654297, 90.5527648926, 82.3466796875, 113.829727173, 127.738723755, 161.794937134, 120.030303955, 253.239562988, 151.734527588, 304.175476074, 896.202392578, 535.58984375, 276.619262695, 157.055511475, 128.500289917, 78.9946746826, 41.7568092346, 15.9613084793, 4.94311952591, 0.865318357944, 0.101836562157],
        "var": [0.0147424405441, 0.772480130196, 1.7268037796, 46.7993774414, 2649.2265625, 6426.44482422, 24971.78125, 25618.1992188, 32863.6640625, 12480.3291016, 8735.58984375, 4594.69335938, 6566.27783203, 4958.77734375, 11185.8798828, 5932.85009766, 7192.43261719, 24756.7675781, 10754.0908203, 19999.8027344, 8199.80371094, 6780.97509766, 12957.2070312, 16317.1806641, 26177.6035156, 14407.2744141, 64130.2734375, 23023.3671875, 92522.71875, 803178.75, 286856.46875, 76518.21875, 24666.4355469, 16512.3261719, 6240.15869141, 1743.63110352, 254.763381958, 24.4344329834, 0.74877589941, 0.010370685719]
    },
    "gfcc": {
        "mean": [-365.295837402, 8.38188171387, -67.0791168213, 20.6706790924, -46.9579811096, 12.9418506622, -31.1290397644, 1.20139801502, -19.9293060303, -0.722002327442, -16.0099163055, 3.57098460197, -8.17862319946],
        "cov": [[74082.0703125, -4339.51611328, -6171.39160156, -1066.48339844, -5157.44921875, -105.217964172, -1815.79626465, 126.078895569, 528.303649902, 292.35345459, -137.278198242, 188.677642822, -438.348388672], [-4339.51611328, 895.337219238, 354.877166748, 86.5234527588, 196.65007019, -73.1140594482, 34.7179145813, -59.4020042419, -67.0649414062, -85.1879806519, -53.2296447754, -29.9879417419, 25.3551692963], [-6171.39160156, 354.877166748, 746.858581543, 72.5572662354, 514.239868164, 6.41113948822, 172.412643433, -50.0835189819, -63.319393158, -23.575012207, 24.5033283234, -13.3537883759, 46.2830581665], [-1066.48339844, 86.5234527588, 72.5572662354, 318.279174805, 69.1900939941, -3.28286933899, -27.1626338959, 20.0458335876, -9.57577610016, -17.4268398285, -30.9296150208, -13.463306427, -15.974521637], [-5157.44921875, 196.65007019, 514.239868164, 69.1900939941, 475.003448486, 41.4135169983, 165.645645142, -11.9727668762, -33.4921226501, -6.60228443146, 26.6888599396, -7.62430906296, 36.1715087891], [-105.217964172, -73.1140594482, 6.41113948822, -3.28286933899, 41.4135169983, 66.7369689941, 41.6750335693, 18.7844409943, 3.85287332535, 10.1716957092, 8.50273609161, 5.42043685913, 3.77547454834], [-1815.79626465, 34.7179145813, 172.412643433, -27.1626338959, 165.645645142, 41.6750335693, 105.382026672, 12.8226385117, -4.53264474869, 4.53688287735, 20.2680263519, -0.907532393932, 16.4690818787], [126.078895569, -59.4020042419, -50.0835189819, 20.0458335876, -11.9727668762, 18.7844409943, 12.8226385117, 46.7399864197, 23.2832126617, 12.8256139755, 4.22725486755, -0.961217045784, -5.30024337769], [528.303649902, -67.0649414062, -63.319393158, -9.57577610016, -33.4921226501, 3.85287332535, -4.53264474869, 23.2832126617, 41.4861717224, 15.8439340591, 6.0835351944, -1.55987286568, -9.03439998627], [292.35345459, -85.1879806519, -23.575012207, -17.4268398285, -6.60228443146, 10.1716957092, 4.53688287735, 12.8256139755, 15.8439340591, 35.0292472839, 18.9415073395, 3.74370527267, -1.84819304943], [-137.278198242, -53.2296447754, 24.5033283234, -30.9296150208, 26.6888599396, 8.50273609161, 20.2680263519, 4.22725486755, 6.0835351944, 18.9415073395, 34.0946769714, 12.4028892517, 4.3956413269], [188.677642822, -29.9879417419, -13.3537883759, -13.463306427, -7.62430906296, 5.42043685913, -0.907532393932, -0.961217045784, -1.55987286568, 3.74370527267, 12.4028892517, 20.3534355164, 8.15681362152], [-438.348388672, 25.3551692963, 46.2830581665, -15.974521637, 36.1715087891, 3.77547454834, 16.4690818787, -5.30024337769, -9.03439998627, -1.84819304943, 4.3956413269, 8.15681362152, 26.7013492584]],
        "icov": [[0.000100705008663, 0.00022666384757, 0.000118790674605, 8.20438654046e-05, 0.000734397792257, -0.000425976293627, 0.000376824522391, 0.000537897110917, -0.00031950941775, -4.45010809926e-05, 0.000118866446428, -0.000184017175343, 0.000146362945088], [0.00022666384757, 0.00254374393262, -0.000459758884972, 1.91688141058e-05, 0.00179693533573, 0.00108443317004, -7.37118716643e-06, 0.00134093477391, -0.000220951653318, 0.00248130969703, 0.00200474704616, 0.000324466469465, -0.000535047496669], [0.000118790674605, -0.000459758884972, 0.00777380121872, -0.000893622927833, -0.00535009941086, 0.00290385819972, -0.00333561329171, 0.00562299508601, 0.0016395477578, -0.000450356892543, -0.00264009204693, 0.00244922959246, -0.00140214280691], [8.20438654046e-05, 1.91688141058e-05, -0.000893622927833, 0.00580693269148, -0.00224455306306, -0.00214877002873, 0.00828033220023, -0.00674938503653, 0.00201209587976, 0.000631615926977, 0.00382855720818, -0.00151608989108, 0.00380662106909], [0.000734397792257, 0.00179693533573, -0.00535009941086, -0.00224455306306, 0.0185254234821, -0.00433068303391, -0.00778327789158, 0.00631529651582, -0.00403966614977, -0.00102867616806, -0.000371864531189, -0.000448674167274, -0.00138813559897], [-0.000425976293627, 0.00108443317004, 0.00290385819972, -0.00214877002873, -0.00433068303391, 0.0311113931239, -0.0195705890656, -0.00378758599982, 0.005221394822, -0.00483815418556, 0.00870973616838, -0.00948309805244, 0.00133970344905], [0.000376824522391, -7.37118716643e-06, -0.00333561329171, 0.00828033220023, -0.00778327789158, -0.0195705890656, 0.048337303102, -0.0172227472067, 0.000963607802987, 0.00781203154474, -0.0122452834621, 0.0109005803242, -0.00344008463435], [0.000537897110917, 0.00134093477391, 0.00562299508601, -0.00674938503653, 0.00631529651582, -0.00378758599982, -0.0172227472067, 0.0499475561082, -0.0201957821846, -0.00618067802861, 0.00112665665802, 0.000621139886789, -0.00134586822242], [-0.00031950941775, -0.000220951653318, 0.0016395477578, 0.00201209587976, -0.00403966614977, 0.005221394822, 0.000963607802987, -0.0201957821846, 0.0441293641925, -0.00960695091635, -0.00249266717583, 0.00528361508623, 0.00651975814253], [-4.45010809926e-05, 0.00248130969703, -0.000450356892543, 0.000631615926977, -0.00102867616806, -0.00483815418556, 0.00781203154474, -0.00618067802861, -0.00960695091635, 0.0574712119997, -0.0325387790799, 0.0154926683754, -0.00454454496503], [0.000118866446428, 0.00200474704616, -0.00264009204693, 0.00382855720818, -0.000371864531189, 0.00870973616838, -0.0122452834621, 0.00112665665802, -0.00249266717583, -0.0325387790799, 0.0774736776948, -0.0466741286218, 0.0123716872185], [-0.000184017175343, 0.000324466469465, 0.00244922959246, -0.00151608989108, -0.000448674167274, -0.00948309805244, 0.0109005803242, 0.000621139886789, 0.00528361508623, 0.0154926683754, -0.0466741286218, 0.0932427942753, -0.031073288992], [0.000146362945088, -0.000535047496669, -0.00140214280691, 0.00380662106909, -0.00138813559897, 0.00133970344905, -0.00344008463435, -0.00134586822242, 0.00651975814253, -0.00454454496503, 0.0123716872185, -0.031073288992, 0.0579627491534]]
    },
    "melbands": {
        "dmean": [0.000210187863559, 0.000127805920783, 0.000440572475782, 0.000705116253812, 0.000738185306545, 0.00044665337191, 0.000329265050823, 0.00015307382273, 0.000106847532152, 6.87264546286e-05, 6.70199442538e-05, 4.63170908915e-05, 6.23135420028e-05, 3.3033251384e-05, 3.43477186107e-05, 4.0566221287e-05, 4.6310324251e-05, 2.7296207918e-05, 3.25755427184e-05, 2.57224073721e-05, 1.41126147355e-05, 1.17308973131e-05, 1.36123417178e-05, 1.17912077258e-05, 1.56304613483e-05, 1.54914851009e-05, 1.60708823387e-05, 1.32538143589e-05, 2.91487995128e-05, 2.25227759074e-05, 1.11846848085e-05, 1.67312791746e-05, 5.0611437473e-05, 6.96186980349e-05, 4.41073607362e-05, 3.2718598959e-05, 1.52577340486e-05, 1.46636430145e-05, 1.6330026483e-05, 1.77370257006e-05],
        "dmean2": [0.000412224704633, 0.000249124772381, 0.000778251094744, 0.00133509573061, 0.00142612378113, 0.000742627831642, 0.000561879132874, 0.000264566973783, 0.000154981913511, 0.000104750819446, 0.000124631813378, 7.77330205892e-05, 0.000107434054371, 4.28667153756e-05, 5.74293298996e-05, 6.20046048425e-05, 6.58019052935e-05, 4.13372181356e-05, 5.32764897798e-05, 3.69989684259e-05, 2.31343965424e-05, 1.71617666638e-05, 1.69058475876e-05, 1.5383669961e-05, 2.2918184186e-05, 1.9143371901e-05, 2.69209449471e-05, 2.07738794415e-05, 4.68652324344e-05, 3.41606901202e-05, 1.52397196871e-05, 2.38265420194e-05, 7.96463136794e-05, 9.78941898211e-05, 6.56386400806e-05, 6.02174477535e-05, 2.38100619754e-05, 2.28325479839e-05, 2.71501085081e-05, 3.05066696455e-05],
        "dvar": [1.6630593791e-06, 1.09350764887e-06, 8.6069740064e-06, 3.08728413074e-05, 4.57948444819e-05, 1.36445241878e-05, 8.0985337263e-06, 1.59457499649e-06, 4.44178368753e-07, 1.42709950524e-07, 1.59975996894e-07, 5.45491083415e-08, 2.05356457172e-07, 3.01130569369e-08, 3.15880264168e-08, 5.33181250262e-08, 5.54525598773e-08, 1.85049913171e-08, 4.83149307229e-08, 2.23887219875e-08, 5.94694471445e-09, 3.71819153244e-09, 6.71716904321e-09, 4.60113991352e-09, 9.25153731401e-09, 6.70986288753e-09, 9.88470372221e-09, 5.45958700471e-09, 3.09615764138e-08, 1.65888014436e-08, 3.16483683704e-09, 1.11064686337e-08, 1.39637961638e-07, 2.33594931842e-07, 8.38249718527e-08, 5.56594521584e-08, 1.05595026056e-08, 1.07258610882e-08, 1.18547962558e-08, 1.91710842756e-08],
        "dvar2": [5.13321356266e-06, 3.43314445672e-06, 2.72630841209e-05, 9.98534087557e-05, 0.00013627615408, 3.38877507602e-05, 2.11921924347e-05, 4.54333803646e-06, 9.96946596388e-07, 2.90480045351e-07, 4.47258258873e-07, 1.51015328242e-07, 5.70837471514e-07, 5.6608989496e-08, 7.77965851739e-08, 1.27150087792e-07, 1.01752902992e-07, 4.32697433439e-08, 1.2450112763e-07, 4.85465037059e-08, 1.16578533493e-08, 6.7360810263e-09, 1.14271108131e-08, 5.34397370799e-09, 2.08101287313e-08, 1.08571427404e-08, 2.52170888615e-08, 1.27746417888e-08, 8.25724484343e-08, 3.90464549582e-08, 6.11356121283e-09, 2.35841195462e-08, 3.45601563367e-07, 5.01580814216e-07, 1.86661424095e-07, 1.04833354442e-07, 1.91518054748e-08, 2.63937334211e-08, 3.07014573764e-08, 5.22294776317e-08],
        "max": [0.0133834183216, 0.0119682429358, 0.0314242914319, 0.0610230900347, 0.0809936150908, 0.048474304378, 0.0367088094354, 0.0156101025641, 0.00990522094071, 0.00525899324566, 0.00532194273546, 0.00266347755678, 0.00561780529097, 0.00279645528644, 0.00186341803055, 0.00313536287285, 0.00301814940758, 0.00142507755663, 0.00289877224714, 0.0021623831708, 0.000920085469261, 0.000851239077747, 0.0013380094897, 0.00108234607615, 0.00141149782576, 0.00129694014322, 0.00134933926165, 0.000901643419638, 0.00174857734237, 0.00150641601067, 0.00080520688789, 0.00152431358583, 0.00517982104793, 0.00726017076522, 0.00409292150289, 0.00287338602357, 0.00146307563409, 0.00145856698509, 0.00144152820576, 0.00176951196045],
        "mean": [0.000176102184923, 9.79032047326e-05, 0.000362184626283, 0.000480045680888, 0.000567283539567, 0.000442487886176, 0.000298846629448, 0.00013348912762, 0.000108691085188, 8.35368991829e-05, 7.16793001629e-05, 5.81274434808e-05, 5.73833276576e-05, 4.14783498854e-05, 3.83995648008e-05, 3.91756148019e-05, 5.36970837857e-05, 3.30631410179e-05, 2.94256951747e-05, 2.90022471745e-05, 1.89903366845e-05, 1.58578441187e-05, 1.72538821062e-05, 1.77977999556e-05, 1.58358870976e-05, 1.83290831046e-05, 1.60193631018e-05, 1.35708223752e-05, 2.58076179307e-05, 2.1630392439e-05, 1.38227014759e-05, 1.91780363821e-05, 4.87287979922e-05, 7.55032451707e-05, 4.90495986014e-05, 4.0384438762e-05, 2.07692046388e-05, 1.5957537471e-05, 1.51322001329e-05, 1.52756547322e-05],
        "median": [1.1027057667e-07, 3.14893888742e-08, 2.81693814941e-08, 1.00467175912e-07, 3.22439817069e-08, 4.59885729498e-09, 2.10348360952e-09, 1.35004962765e-09, 2.06751993304e-09, 1.46461220929e-09, 1.14088560821e-09, 9.45480804759e-10, 9.56129730945e-10, 5.23661169982e-10, 6.09734374102e-10, 3.85303955408e-10, 3.72700814655e-10, 4.21827406338e-10, 3.53197249225e-10, 2.42332265366e-10, 2.26320961971e-10, 2.69948841058e-10, 1.74578088097e-10, 1.36592875899e-10, 1.03586396405e-10, 1.10706492584e-10, 8.24479096107e-11, 7.5022738022e-11, 6.62076990454e-11, 6.94767438025e-11, 7.31455451763e-11, 6.14450018643e-11, 5.89322965427e-11, 6.33207167255e-11, 5.54423035259e-11, 5.81158871027e-11, 5.47956194308e-11, 4.96809884898e-11, 4.72316179223e-11, 4.60889174048e-11],
        "min": [4.1223555125e-10, 7.78966821602e-11, 3.7179811313e-11, 1.93448052715e-11, 9.01131339687e-12, 3.27825006724e-12, 2.1267482133e-12, 2.52831804971e-12, 1.40164876233e-12, 1.08824874025e-12, 1.76522739568e-12, 3.51344712872e-12, 2.2305234916e-12, 1.48618433098e-12, 1.00641207607e-12, 9.73629705504e-13, 3.25707408093e-12, 3.83153881886e-12, 6.16562519356e-13, 2.91477372837e-13, 3.26545783686e-13, 3.55429878238e-13, 7.91536541173e-13, 1.4885483254e-12, 1.00926179306e-12, 1.71717696486e-12, 1.33283087258e-12, 1.86198756066e-12, 2.12832551062e-12, 7.96587568044e-13, 1.16996278117e-12, 1.05191712545e-12, 6.61413252726e-13, 1.75823786953e-12, 2.25106977329e-12, 1.28619955398e-12, 1.21001841359e-12, 1.5099795329e-12, 1.15035628592e-12, 8.51111065306e-13],
        "stdev": [0.00109054823406, 0.000830386823509, 0.0027439314872, 0.00434549711645, 0.00554275326431, 0.00372291728854, 0.0026409435086, 0.00108058284968, 0.000725323799998, 0.000446082151029, 0.000397961586714, 0.000264844071353, 0.000396589137381, 0.000230079822359, 0.000191060520592, 0.000233227387071, 0.000298034952721, 0.000159398434334, 0.000202070732485, 0.00016643932031, 9.48310917011e-05, 8.02357317298e-05, 0.000105411789264, 0.000105820516183, 0.000102694189991, 0.000110058288556, 0.000101006233308, 7.61990522733e-05, 0.000157052330906, 0.000132311935886, 7.13117842679e-05, 0.000117352799862, 0.000363960571121, 0.000533271988388, 0.000311866984703, 0.000264788133791, 0.000125888807815, 0.000104417260445, 0.000100934405054, 0.000119574382552],
        "var": [1.18929540349e-06, 6.89542275722e-07, 7.52916002966e-06, 1.88833455468e-05, 3.07221162075e-05, 1.38601126309e-05, 6.97458290233e-06, 1.16765920666e-06, 5.26094652287e-07, 1.98989283717e-07, 1.58373424597e-07, 7.01423843452e-08, 1.5728295466e-07, 5.29367234492e-08, 3.65041223915e-08, 5.43950164911e-08, 8.8824840816e-08, 2.54078589279e-08, 4.08325782075e-08, 2.77020468786e-08, 8.99293528533e-09, 6.43777209319e-09, 1.11116449375e-08, 1.11979820971e-08, 1.05460973288e-08, 1.21128262975e-08, 1.02022585935e-08, 5.80629544444e-09, 2.46654341396e-08, 1.75064496233e-08, 5.08537079114e-09, 1.37716797965e-08, 1.32467292246e-07, 2.84379041204e-07, 9.72610081362e-08, 7.01127547131e-08, 1.58479913637e-08, 1.09029647533e-08, 1.01877546399e-08, 1.42980329798e-08]
    },
    "melbands128": {
