{
"lowlevel": {
    "average_loudness": 0.806007385254,
    "barkbands_crest": {
        "dmean": 3.8780503273,
        "dmean2": 6.57944869995,
        "dvar": 12.3355121613,
        "dvar2": 31.2340316772,
        "max": 26.6053237915,
        "mean": 14.9684791565,
        "median": 14.7358350754,
        "min": 5.10271930695,
        "stdev": 6.0001411438,
        "var": 36.0016937256
    },
    "barkbands_flatness_db": {
        "dmean": 0.0553014799953,
        "dmean2": 0.0920954868197,
        "dvar": 0.00297480099835,
        "dvar2": 0.00824592728168,
        "max": 0.452793508768,
        "mean": 0.202429637313,
        "median": 0.208161011338,
        "min": 0.0386491604149,
        "stdev": 0.0872514396906,
        "var": 0.00761281372979
    },
    "barkbands_kurtosis": {
        "dmean": 69.549331665,
        "dmean2": 122.863830566,
        "dvar": 23856.9628906,
        "dvar2": 60899.6015625,
        "max": 1204.11865234,
        "mean": 66.248664856,
        "median": 18.9470367432,
        "min": -1.80715167522,
        "stdev": 150.237808228,
        "var": 22571.4003906
    },
    "barkbands_skewness": {
        "dmean": 2.92412662506,
        "dmean2": 4.94877719879,
        "dvar": 17.375623703,
        "dvar2": 45.5637779236,
        "max": 32.0921936035,
        "mean": 5.01216602325,
        "median": 3.69354462624,
        "min": -0.81799352169,
        "stdev": 5.41569042206,
        "var": 29.3297023773
    },
    "barkbands_spread": {
        "dmean": 7.56797027588,
        "dmean2": 13.0536670685,
        "dvar": 110.533027649,
        "dvar2": 284.233154297,
        "max": 130.787506104,
        "mean": 29.6962375641,
        "median": 6.52421617508,
        "min": 0.362557262182,
        "stdev": 43.8240356445,
        "var": 1920.54626465
    },
    "dissonance": {
        "dmean": 0.0193468444049,
        "dmean2": 0.0346513278782,
        "dvar": 0.000461526797153,
        "dvar2": 0.00136659585405,
        "max": 0.499999970198,
        "mean": 0.475653707981,
        "median": 0.483457237482,
        "min": 0.383831828833,
        "stdev": 0.0240295026451,
        "var": 0.000577416969463
    },
    "dynamic_complexity": 18.295293808,
    "erbbands_crest": {
        "dmean": 2.43269658089,
        "dmean2": 4.29232978821,
        "dvar": 7.72668504715,
        "dvar2": 22.8749580383,
        "max": 20.9137935638,
        "mean": 6.15611696243,
        "median": 5.22135782242,
        "min": 1.84334492683,
        "stdev": 3.77682876587,
        "var": 14.2644348145
    },
    "erbbands_flatness_db": {
        "dmean": 0.0179927367717,
        "dmean2": 0.0296046324074,
        "dvar": 0.000353569572326,
        "dvar2": 0.00114911864512,
        "max": 0.20257344842,
        "mean": 0.0909586176276,
        "median": 0.0930182784796,
        "min": 0.0228110533208,
        "stdev": 0.0459974557161,
        "var": 0.00211576581933
    },
    "erbbands_kurtosis": {
        "dmean": 1.27167165279,
        "dmean2": 2.31452345848,
        "dvar": 4.29766273499,
        "dvar2": 15.3341817856,
        "max": 14.6085395813,
        "mean": 0.506510078907,
        "median": -0.0243704319,
        "min": -1.48439633846,
        "stdev": 2.21021795273,
        "var": 4.88506317139
    },
    "erbbands_skewness": {
        "dmean": 0.414734780788,
        "dmean2": 0.714845836163,
        "dvar": 0.190271526575,
        "dvar2": 0.596036434174,
        "max": 3.31908512115,
        "mean": 0.358960479498,
        "median": 0.297941803932,
        "min": -0.848910152912,
        "stdev": 0.871489524841,
        "var": 0.759493947029
    },
    "erbbands_spread": {
        "dmean": 14.1479406357,
        "dmean2": 24.2959346771,
        "dvar": 214.306106567,
        "dvar2": 637.110717773,
        "max": 144.52003479,
        "mean": 54.5656051636,
        "median": 40.3785743713,
        "min": 14.4504957199,
        "stdev": 29.4601993561,
        "var": 867.903381348
    },
    "hfc": {
        "dmean": 6.77630138397,
        "dmean2": 10.9365119934,
        "dvar": 1284.87036133,
        "dvar2": 3393.7890625,
        "max": 469.087158203,
        "mean": 8.72306156158,
        "median": 0.27965259552,
        "min": 0.00610915571451,
        "stdev": 34.4225158691,
        "var": 1184.90966797
    },
    "loudness_ebu128": {
        "integrated": -50.9571380615,
        "loudness_range": 2.06176757812,
        "momentary": {
            "dmean": 2.21783638,
            "dmean2": 1.55056166649,
            "dvar": 4.76911354065,
            "dvar2": 2.4998896122,
            "max": -47.6672210693,
            "mean": -67.2955551147,
            "median": -69.751083374,
            "min": -86.9126586914,
            "stdev": 13.5516901016,
            "var": 183.648300171
        },
        "short_term": {
            "dmean": 0.102078028023,
            "dmean2": 0.0638687163591,
            "dvar": 0.0277189947665,
            "dvar2": 0.00898236595094,
            "max": -52.7648239136,
            "mean": -54.3896369934,
            "median": -54.8253517151,
            "min": -54.8999786377,
            "stdev": 0.744521737099,
            "var": 0.554312646389
        }
    },
    "melbands_crest": {
        "dmean": 5.86856651306,
        "dmean2": 9.99154090881,
        "dvar": 23.8504142761,
        "dvar2": 66.4463195801,
        "max": 39.6067733765,
        "mean": 23.3230018616,
        "median": 21.7612743378,
        "min": 8.54077720642,
        "stdev": 8.78423309326,
        "var": 77.1627578735
    },
    "melbands_flatness_db": {
        "dmean": 0.0515581779182,
        "dmean2": 0.0876824259758,
        "dvar": 0.00263353460468,
        "dvar2": 0.00697691785172,
        "max": 0.501391112804,
        "mean": 0.262027651072,
        "median": 0.299343764782,
        "min": 0.0159877520055,
        "stdev": 0.12973767519,
        "var": 0.0168318636715
    },
    "melbands_kurtosis": {
        "dmean": 122.739097595,
        "dmean2": 224.956848145,
        "dvar": 128135.039062,
        "dvar2": 381595.59375,
        "max": 3544.3762207,
        "mean": 113.751831055,
        "median": 38.7838363647,
        "min": -1.48747384548,
        "stdev": 286.363555908,
        "var": 82004.09375
    },
    "melbands_skewness": {
        "dmean": 3.38513469696,
        "dmean2": 5.9665184021,
        "dvar": 30.0410041809,
        "dvar2": 85.9804763794,
        "max": 53.4915275574,
        "mean": 6.3624162674,
        "median": 4.98898267746,
        "min": 0.126273423433,
        "stdev": 6.34675741196,
        "var": 40.2813301086
    },
    "melbands_spread": {
        "dmean": 6.12444782257,
        "dmean2": 10.7172679901,
        "dvar": 144.373336792,
        "dvar2": 258.228210449,
        "max": 186.432159424,
        "mean": 37.0801353455,
        "median": 4.83357572556,
        "min": 0.193274080753,
        "stdev": 64.8059463501,
        "var": 4199.81103516
    },
    "pitch_salience": {
        "dmean": 0.11822309345,
        "dmean2": 0.193885013461,
        "dvar": 0.00992276147008,
        "dvar2": 0.0285860355943,
        "max": 0.756200313568,
        "mean": 0.406355023384,
        "median": 0.434729129076,
        "min": 0.0241656322032,
        "stdev": 0.180558368564,
        "var": 0.0326013229787
    },
    "silence_rate_20dB": {
        "dmean": 0.0181818176061,
        "dmean2": 0.0365296788514,
        "dvar": 0.0178512837738,
        "dvar2": 0.0351951681077,
        "max": 1,
        "mean": 0.972850680351,
        "median": 1,
        "min": 0,
        "stdev": 0.162518531084,
        "var": 0.0264122728258
    },
    "silence_rate_30dB": {
        "dmean": 0.0454545468092,
        "dmean2": 0.0913242027164,
        "dvar": 0.0433882288635,
        "dvar2": 0.0829843059182,
        "max": 1,
        "mean": 0.877828061581,
        "median": 1,
        "min": 0,
        "stdev": 0.327484965324,
        "var": 0.107246406376
    },
    "silence_rate_60dB": {
        "dmean": 0.0636363625526,
        "dmean2": 0.127853885293,
        "dvar": 0.0595867298543,
        "dvar2": 0.120639592409,
        "max": 1,
        "mean": 0.497737556696,
        "median": 0,
        "min": 0,
        "stdev": 0.49999448657,
        "var": 0.24999448657
    },
    "spectral_centroid": {
        "dmean": 312.694458008,
        "dmean2": 538.802734375,
        "dvar": 123403.21875,
        "dvar2": 351567.59375,
        "max": 4019.79760742,
        "mean": 1497.04724121,
        "median": 958.991943359,
        "min": 196.260238647,
        "stdev": 1262.00671387,
        "var": 1592660.875
    },
    "spectral_complexity": {
        "dmean": 2.336363554,
        "dmean2": 3.69863009453,
        "dvar": 18.0686302185,
        "dvar2": 39.1967964172,
        "max": 45,
        "mean": 6.22171926498,
        "median": 1,
        "min": 0,
        "stdev": 9.54486274719,
        "var": 91.1044082642
    },
    "spectral_decrease": {
        "dmean": 6.24558094131e-09,
        "dmean2": 1.00926262903e-08,
        "dvar": 4.05218126747e-16,
        "dvar2": 7.02644375873e-16,
        "max": -5.35032494654e-14,
        "mean": -1.23121415285e-08,
        "median": -9.97378957202e-10,
        "min": -2.87777112362e-07,
        "stdev": 3.31960698929e-08,
        "var": 1.10197906471e-15
    },
    "spectral_energy": {
        "dmean": 0.024015635252,
        "dmean2": 0.0383906178176,
        "dvar": 0.0059828851372,
        "dvar2": 0.0101250261068,
        "max": 1.12868213654,
        "mean": 0.0472599864006,
        "median": 0.00381717341952,
        "min": 7.56051917961e-07,
        "stdev": 0.127862229943,
        "var": 0.0163487512618
    },
    "spectral_energyband_high": {
        "dmean": 0.000133106106659,
        "dmean2": 0.000246600946411,
        "dvar": 3.17225698154e-07,
        "dvar2": 9.62131935012e-07,
        "max": 0.00473113264889,
        "mean": 0.000111179499072,
        "median": 1.06163115561e-05,
        "min": 3.75447768874e-07,
        "stdev": 0.000440525414888,
        "var": 1.94062636183e-07
    },
    "spectral_energyband_low": {
        "dmean": 0.0189312715083,
        "dmean2": 0.0328160785139,
        "dvar": 0.00364036345854,
        "dvar2": 0.00939056556672,
        "max": 0.800266742706,
        "mean": 0.0328233540058,
        "median": 0.00188560399693,
        "min": 1.16254120996e-07,
        "stdev": 0.0838754847646,
        "var": 0.00703509664163
    },
    "spectral_energyband_middle_high": {
        "dmean": 0.00296900002286,
        "dmean2": 0.00554609904066,
        "dvar": 0.000516185886227,
        "dvar2": 0.00150965724606,
        "max": 0.253128379583,
        "mean": 0.00225215707906,
        "median": 9.09483878786e-06,
        "min": 9.91810509277e-08,
        "stdev": 0.0171385779977,
        "var": 0.000293730845442
    },
    "spectral_energyband_middle_low": {
        "dmean": 0.00558536266908,
        "dmean2": 0.00903161428869,
        "dvar": 0.000473536783829,
        "dvar2": 0.0012618987821,
        "max": 0.290054172277,
        "mean": 0.00739428587258,
        "median": 0.000111770525109,
        "min": 5.98281602038e-08,
        "stdev": 0.0245628096163,
        "var": 0.000603331660386
    },
    "spectral_entropy": {
        "dmean": 0.223653718829,
        "dmean2": 0.382441967726,
        "dvar": 0.0632626861334,
        "dvar2": 0.18679125607,
        "max": 8.89427566528,
        "mean": 7.92043685913,
        "median": 7.95074367523,
        "min": 6.25228691101,
        "stdev": 0.680945277214,
        "var": 0.463686466217
    },
    "spectral_flux": {
        "dmean": 0.0302801635116,
        "dmean2": 0.0466220155358,
        "dvar": 0.00224002962932,
        "dvar2": 0.00465340772644,
        "max": 0.749885678291,
        "mean": 0.0887190103531,
        "median": 0.0483872182667,
        "min": 0.00171218253672,
        "stdev": 0.117349766195,
        "var": 0.0137709677219
    },
    "spectral_kurtosis": {
        "dmean": 1.61446416378,
        "dmean2": 2.65482020378,
        "dvar": 5.63008213043,
        "dvar2": 12.4284582138,
        "max": 25.3911743164,
        "mean": 4.87320613861,
        "median": 3.03519010544,
        "min": 1.39580440521,
        "stdev": 4.05728960037,
        "var": 16.4615974426
    },
    "spectral_rms": {
        "dmean": 0.00126964598894,
        "dmean2": 0.00207018759102,
        "dvar": 4.35339870819e-06,
        "dvar2": 8.21163212095e-06,
        "max": 0.0331836305559,
        "mean": 0.0041311243549,
        "median": 0.00192978535779,
        "min": 2.71590070042e-05,
        "stdev": 0.00538898212835,
        "var": 2.9041128073e-05
    },
    "spectral_rolloff": {
        "dmean": 291.285522461,
        "dmean2": 460.55480957,
        "dvar": 804290.5625,
        "dvar2": 1028439.5,
        "max": 18367.8222656,
        "mean": 3568.47070312,
        "median": 150.732421875,
        "min": 21.533203125,
        "stdev": 6819.34814453,
        "var": 46503508
    },
    "spectral_skewness": {
        "dmean": 0.263639658689,
        "dmean2": 0.4440767169,
        "dvar": 0.114161491394,
        "dvar2": 0.27453020215,
        "max": 3.96946310997,
        "mean": 1.7596873045,
        "median": 1.57739377022,
        "min": 1.02870190144,
        "stdev": 0.599949777126,
        "var": 0.359939724207
    },
    "spectral_spread": {
        "dmean": 686071.5,
        "dmean2": 1125748.25,
        "dvar": 623862743040,
        "dvar2": 1.75257524634e+12,
        "max": 13612823,
        "mean": 7324213.5,
        "median": 8423462,
        "min": 2150647,
        "stdev": 2804657.75,
        "var": 7.86610520064e+12
    },
    "spectral_strongpeak": {
        "dmean": 0.149116545916,
        "dmean2": 0.276849776506,
        "dvar": 0.133329451084,
        "dvar2": 0.371663868427,
        "max": 2.42560625076,
        "mean": 0.137429535389,
        "median": 0,
        "min": 0,
        "stdev": 0.341170191765,
        "var": 0.116397105157
    },
    "zerocrossingrate": {
        "dmean": 0.0139271132648,
        "dmean2": 0.0186683963984,
        "dvar": 0.00030340597732,
        "dvar2": 0.000389359425753,
        "max": 0.2861328125,
        "mean": 0.0739425718784,
        "median": 0.025390625,
        "min": 0,
        "stdev": 0.0937491059303,
        "var": 0.00878889486194
    },
    "barkbands": {
        "dmean": [0.0118093714118, 0.0123804435134, 0.00808099750429, 0.00217125634663, 0.00180702644866, 0.00111220497638, 0.000584302761126, 0.000283784058411, 0.00103204278275, 0.0011466658907, 0.000254504906479, 0.000646113068797, 0.000245068455115, 0.000181239112862, 0.000250479672104, 0.000158319628099, 5.49123069504e-05, 0.000103907470475, 9.34053969104e-05, 9.13687254069e-05, 5.13232698722e-05, 1.84830660146e-05, 1.4755488337e-05, 1.17323825179e-05, 8.96909477888e-06, 1.65667620422e-06, 4.70145891995e-07],
        "dmean2": [0.018927173689, 0.0209415312856, 0.0116959698498, 0.0039479304105, 0.00296434410848, 0.0020234300755, 0.00101580494083, 0.000474404281704, 0.00163952482399, 0.00220495322719, 0.000452395150205, 0.00117701664567, 0.00042989832582, 0.000314088334562, 0.000470203551231, 0.000306044734316, 9.89081599982e-05, 0.000200527385459, 0.000171715713805, 0.000166391357197, 9.72890120465e-05, 3.54405674443e-05, 2.65397848125e-05, 2.07799057534e-05, 1.66837489814e-05, 3.00019928545e-06, 8.34852301068e-07],
        "dvar": [0.00196281285025, 0.00101252354216, 0.00107988575473, 7.77566092438e-05, 7.92886785348e-05, 4.53846405435e-05, 7.53930180508e-06, 7.23424193438e-07, 1.15351977001e-05, 9.65616345638e-05, 1.86533611668e-06, 2.53318394243e-05, 1.55570796778e-06, 9.44773034917e-07, 3.52287202077e-06, 1.18616333111e-06, 5.6234362944e-08, 4.53764045005e-07, 1.99684677682e-07, 2.05099453865e-07, 5.62433051243e-08, 9.36049993072e-09, 2.86869150656e-09, 1.22820242865e-09, 2.0667227929e-09, 4.5903125051e-11, 9.49370898735e-13],
        "dvar2": [0.00500719668344, 0.00282207038254, 0.00236989348195, 0.000251401594141, 0.000212612387259, 0.000134389425511, 2.12250179175e-05, 1.6977926407e-06, 2.72160796158e-05, 0.000287487986498, 5.39721668247e-06, 7.17983130016e-05, 4.2737115109e-06, 2.58016370935e-06, 1.04917698991e-05, 3.52186907548e-06, 1.69438919784e-07, 1.38761458857e-06, 5.83557266509e-07, 6.04774697877e-07, 1.74751320969e-07, 2.80315717305e-08, 8.37018721001e-09, 3.2218514523e-09, 6.16024520284e-09, 1.33992233975e-10, 3.07349957117e-12],
        "max": [0.510713279247, 0.273999899626, 0.457491695881, 0.0909845978022, 0.118274405599, 0.0728975459933, 0.0306120608002, 0.00992103200406, 0.0398654341698, 0.106230713427, 0.0152200227603, 0.0578406713903, 0.0142383370548, 0.011492610909, 0.020528960973, 0.011452303268, 0.00265272543766, 0.00724283792078, 0.00430262740701, 0.00458450149745, 0.00222249142826, 0.000922994397115, 0.000431726686656, 0.000216728978558, 0.000463146861875, 6.95837297826e-05, 1.12344387162e-05],
        "mean": [0.010938057676, 0.016011159867, 0.0106291370466, 0.00197553704493, 0.00202567270026, 0.00108703132719, 0.000564391957596, 0.000332584721036, 0.00127686350606, 0.00073030119529, 0.000247366027907, 0.000463823846076, 0.000198467008886, 0.000145968704601, 0.000177012509084, 0.000102082121884, 4.85917007609e-05, 7.36337315175e-05, 7.32346161385e-05, 7.0524358307e-05, 3.55826923624e-05, 1.36906064654e-05, 1.26483319036e-05, 1.11813478725e-05, 8.5039264377e-06, 3.40288670486e-06, 2.93700418297e-06],
        "median": [0.00185714871623, 0.000500983558595, 4.71330531582e-05, 1.67638390849e-05, 3.74089140678e-05, 9.52277150645e-06, 9.25194581214e-06, 5.14944349561e-06, 6.60072555547e-06, 1.84509462997e-06, 8.91041565865e-07, 8.22294623504e-07, 9.2205658575e-07, 7.39383949622e-07, 7.48999411826e-07, 5.33607931175e-07, 4.69538747438e-07, 5.52777805751e-07, 6.24896074441e-07, 6.92155254001e-07, 7.8444617202e-07, 8.25605354748e-07, 9.63092929851e-07, 1.28507770114e-06, 1.72523300535e-06, 2.15550812754e-06, 2.98629947793e-06],
        "min": [1.0227925884e-07, 6.32322727512e-09, 1.93842192298e-10, 1.71724079401e-09, 5.39377564834e-09, 5.64976421202e-09, 6.56280851885e-09, 3.63173047191e-09, 9.96343274551e-09, 7.16275971868e-09, 4.93424456849e-09, 5.89545745555e-09, 1.58608521872e-08, 5.7222466765e-09, 2.1977887954e-08, 4.64172211778e-09, 3.75918363105e-09, 9.33867561059e-09, 1.62938658121e-08, 1.52602908088e-08, 1.56417989672e-08, 3.28582032694e-08, 2.17368185673e-08, 3.44472645963e-08, 5.70525671151e-08, 7.88281440123e-08, 1.3411569455e-07],
        "stdev": [0.0438297130167, 0.037777274847, 0.0389304570854, 0.00854663830251, 0.00862096995115, 0.00520881218836, 0.00239387503825, 0.000958037795499, 0.00415410893038, 0.00714629050344, 0.00109883560799, 0.00392190506682, 0.00104560260661, 0.00082751159789, 0.00138899218291, 0.000811974867247, 0.00020378048066, 0.00049815553939, 0.000345093110809, 0.000356497155735, 0.000181065683137, 7.13215267751e-05, 4.36686605099e-05, 3.35739241564e-05, 3.39826510753e-05, 5.72881390326e-06, 1.08083327177e-06],
        "var": [0.00192104384769, 0.00142712250818, 0.00151558057405, 7.30450337869e-05, 7.43211276131e-05, 2.71317258012e-05, 5.73063789489e-06, 9.17836416647e-07, 1.72566196852e-05, 5.10694662808e-05, 1.20743959542e-06, 1.53813398356e-05, 1.09328470899e-06, 6.8477544346e-07, 1.92929928744e-06, 6.59303168504e-07, 4.15264835851e-08, 2.48158926297e-07, 1.19089257566e-07, 1.27090217461e-07, 3.27847793358e-08, 5.08676034627e-09, 1.9069519297e-09, 1.12720832668e-09, 1.1548205725e-09, 3.28193063004e-11, 1.16820051896e-12]
    },
    "erbbands": {
        "dmean": [0.626008450985, 2.20834827423, 8.73431015015, 5.17119216919, 6.11596441269, 7.21620988846, 6.34384536743, 11.5881795883, 11.4283323288, 4.51811933517, 7.54334592819, 26.0908374786, 27.8140144348, 29.5717735291, 10.1941385269, 27.595703125, 14.1480331421, 8.82584190369, 16.4177722931, 7.41438913345, 7.68142080307, 3.73156547546, 5.78628587723, 4.23483419418, 5.4918680191, 3.96556639671, 2.19057703018, 1.90230238438, 0.657564938068, 0.581352174282, 0.372320890427, 0.287737309933, 0.17700958252, 0.133323401213, 0.0415502488613, 0.00885399989784, 0.00330157740973, 0.000528977019712, 9.25368367461e-05, 3.06492984237e-05],
        "dmean2": [1.09127163887, 3.89151477814, 12.574593544, 7.95718860626, 10.893456459, 11.8505249023, 10.5120668411, 22.3969726562, 21.181886673, 7.16491794586, 12.2365369797, 43.299331665, 53.1871147156, 56.4822158813, 17.6468391418, 50.3569145203, 25.6768894196, 15.266494751, 30.6897583008, 13.7288923264, 14.6913843155, 6.95659351349, 11.0279150009, 7.7898645401, 10.1634511948, 7.25762653351, 4.17006731033, 3.62560534477, 1.24640440941, 1.09664916992, 0.668301045895, 0.495588481426, 0.314948350191, 0.247553050518, 0.0787401646376, 0.0157777033746, 0.00611817091703, 0.000948641798459, 0.00015909425565, 4.69782062282e-05],
        "dvar": [2.51847267151, 33.5318145752, 1244.67700195, 353.198608398, 511.800415039, 1439.17358398, 853.937561035, 6026.82275391, 3346.5480957, 217.645843506, 494.503692627, 7364.99560547, 39541.203125, 61639.3789062, 2654.9699707, 46778.34375, 8243.91503906, 1852.54492188, 15820.1953125, 2581.18603516, 2170.02124023, 360.85824585, 1640.35644531, 343.401275635, 731.429504395, 382.180603027, 100.860725403, 80.9882049561, 10.3117895126, 7.78855371475, 1.58571505547, 0.790239036083, 0.271049141884, 0.422083944082, 0.0343038365245, 0.000781456241384, 0.000336816738127, 2.06973390959e-06, 2.25119212161e-08, 7.57725793221e-09],
        "dvar2": [7.42563533783, 85.0191802979, 2775.28710938, 600.562255859, 1489.20007324, 3852.59301758, 2279.63867188, 17935.4902344, 9786.91113281, 510.75177002, 1026.49267578, 17450.2363281, 117719.289062, 183248.828125, 7338.61132812, 132870.40625, 23374.2988281, 4972.26611328, 46859.8828125, 7563.90136719, 6456.453125, 1094.64306641, 4996.31982422, 1016.39660645, 2120.24829102, 1145.10559082, 301.5753479, 255.435562134, 31.3010864258, 23.0923995972, 4.52547931671, 1.99816596508, 0.772169411182, 1.25399565697, 0.101914986968, 0.00217586150393, 0.0010034564184, 6.43187922833e-06, 6.58091323658e-08, 1.19739098636e-08],
        "max": [15.3242378235, 63.7368087769, 494.813781738, 258.751159668, 285.267242432, 483.056060791, 345.642608643, 832.743103027, 544.672668457, 166.53944397, 227.832702637, 901.672485352, 2243.40795898, 2686.31884766, 608.073303223, 2474.54736328, 1030.2598877, 501.440093994, 1380.21203613, 570.309326172, 476.683288574, 210.898681641, 437.876251221, 175.93989563, 263.893188477, 201.924865723, 90.1553344727, 85.8259429932, 26.5683002472, 26.9359149933, 9.28469944, 6.35341644287, 3.79769134521, 6.61568546295, 1.72562730312, 0.238289967179, 0.197799175978, 0.0126770762727, 0.00191840471234, 0.00141689286102],
        "mean": [0.721192777157, 2.79965806007, 11.3008489609, 8.90083217621, 6.68348169327, 7.23102331161, 6.29960536957, 10.2384748459, 10.5747652054, 5.07745742798, 9.93959999084, 30.1903572083, 24.1807994843, 20.1042556763, 10.2866010666, 19.4723587036, 10.5729789734, 7.70507669449, 11.4056491852, 5.53923034668, 5.23820400238, 3.0609152317, 3.99597024918, 3.41236686707, 4.18229103088, 3.09272241592, 1.57369828224, 1.32222390175, 0.496893018484, 0.44843056798, 0.345299333334, 0.260539293289, 0.171618416905, 0.118424594402, 0.0451824404299, 0.0155989266932, 0.00614576367661, 0.0018259761855, 0.00043424431351, 9.34643612709e-05],
        "median": [0.0374443121254, 0.0420434996486, 0.0537991374731, 0.0817868337035, 0.0931044667959, 0.13305208087, 0.093256123364, 0.0775865167379, 0.122332051396, 0.146337434649, 0.098231099546, 0.144560217857, 0.0646539926529, 0.0578230507672, 0.0324646569788, 0.0339521951973, 0.0444454401731, 0.0451167859137, 0.0393689237535, 0.0375623367727, 0.0293893944472, 0.027973568067, 0.0304193012416, 0.028249187395, 0.0326782800257, 0.0325867459178, 0.0326070301235, 0.0319478064775, 0.0286404583603, 0.0297970436513, 0.0280734356493, 0.0261412113905, 0.022497234866, 0.0180373769253, 0.0131043652073, 0.00795092713088, 0.00413530739024, 0.00162827339955, 0.000425714155426, 4.98681692989e-05],
        "min": [2.94606206808e-06, 1.10321263946e-06, 1.73344426457e-06, 3.83991255148e-06, 1.22137407743e-05, 2.49899003393e-05, 2.58061227214e-05, 4.95515487273e-05, 9.73481801338e-05, 0.000144574340084, 0.000105626641016, 0.000249052245636, 0.000216647022171, 0.000275852129562, 0.000177945010364, 0.0003345416917, 0.000783626514021, 0.000357945595169, 0.000837709696498, 0.000802162510809, 0.000199492686079, 0.000252950383583, 0.000491035636514, 0.000624775304459, 0.000910549075343, 0.000794479739852, 0.000416527531343, 0.00101582915522, 0.000933728995733, 0.00080000521848, 0.000765205069911, 0.000803035392892, 0.000457337329863, 0.000529611308593, 0.00042958711856, 0.000256676255958, 0.000162576790899, 6.29376299912e-05, 1.76856792677e-05, 2.2253041152e-06],
        "stdev": [1.74184989929, 7.07568979263, 41.3682861328, 30.0438213348, 24.7986183167, 34.3743553162, 26.899515152, 57.9147453308, 46.6749382019, 15.9176597595, 27.565700531, 100.31350708, 154.940338135, 180.834442139, 44.4096984863, 167.76473999, 71.5754928589, 37.4769859314, 93.450378418, 38.9374389648, 35.4283790588, 15.2429294586, 29.7655506134, 14.8957090378, 20.8738288879, 15.3652420044, 7.61580181122, 6.90708875656, 2.39861226082, 2.10112333298, 1.08076238632, 0.834772050381, 0.490865260363, 0.488119661808, 0.143308594823, 0.0276165287942, 0.0137402852997, 0.00131258368492, 0.00019925973902, 0.000147729326272],
        "var": [3.03404092789, 50.0653839111, 1711.33520508, 902.631225586, 614.971435547, 1181.59619141, 723.58392334, 3354.11791992, 2178.54980469, 253.371902466, 759.867858887, 10062.7998047, 24006.5097656, 32701.0957031, 1972.22143555, 28145.0058594, 5123.05126953, 1404.52441406, 8732.97363281, 1516.12402344, 1255.16992188, 232.346908569, 885.988037109, 221.882141113, 435.716705322, 236.090667725, 58.0004348755, 47.7078742981, 5.75334072113, 4.41471910477, 1.16804742813, 0.696844398975, 0.240948706865, 0.238260805607, 0.0205373521894, 0.000762672687415, 0.000188795442227, 1.72287582245e-06, 3.97044424005e-08, 2.1823952423e-08]
    },
    "gfcc": {
        "mean": [-168.789474487, 48.5543708801, -57.0752067566, 19.9751548767, -33.6144180298, 13.394288063, -18.5978393555, 12.4210796356, -13.5612955093, 4.90535163879, -9.91943645477, -0.470186889172, -6.70380306244],
        "cov": [[21057.2070312, 10179.0810547, -1083.40722656, 819.664367676, 34.7029151917, 422.952301025, 298.351806641, 435.428344727, -212.159133911, -326.775848389, -0.357303053141, -796.217468262, -0.802408099174], [10179.0810547, 5809.10302734, 120.734939575, 398.499694824, 178.858184814, 158.076477051, 121.112991333, 188.090454102, -64.0672683716, -146.979629517, -31.1544952393, -415.356628418, -13.8887987137], [-1083.40722656, 120.734939575, 792.066101074, 113.924102783, 122.110862732, -17.1977539062, -12.720287323, -32.5590438843, 48.0734634399, 42.5358810425, -31.5654678345, 21.7458992004, -32.7534103394], [819.664367676, 398.499694824, 113.924102783, 178.370452881, 41.9148750305, 53.3095169067, 39.3731651306, 30.2663021088, -2.1707816124, -3.98090291023, -8.58615684509, -36.0634994507, -17.8451862335], [34.7029151917, 178.858184814, 122.110862732, 41.9148750305, 116.493865967, 37.0484848022, 22.488161087, 15.0802965164, 19.0241203308, 1.61575436592, -3.87540316582, -3.85238194466, -1.11952996254], [422.952301025, 158.076477051, -17.1977539062, 53.3095169067, 37.0484848022, 79.412651062, 58.2384643555, 41.2775268555, 8.90343666077, -5.11330509186, 5.57340621948, -11.4879341125, -1.88159763813], [298.351806641, 121.112991333, -12.720287323, 39.3731651306, 22.488161087, 58.2384643555, 88.7630157471, 54.8364524841, 10.8118085861, 0.157654717565, 7.22776317596, -2.34905266762, 0.0117270471528], [435.428344727, 188.090454102, -32.5590438843, 30.2663021088, 15.0802965164, 41.2775268555, 54.8364524841, 84.2234725952, 33.7957572937, 1.66382610798, 11.7763471603, -6.96214008331, 0.97774463892], [-212.159133911, -64.0672683716, 48.0734634399, -2.1707816124, 19.0241203308, 8.90343666077, 10.8118085861, 33.7957572937, 48.8874511719, 22.6840820312, 8.24638748169, 13.0080986023, 1.53860557079], [-326.775848389, -146.979629517, 42.5358810425, -3.98090291023, 1.61575436592, -5.11330509186, 0.157654717565, 1.66382610798, 22.6840820312, 38.3808250427, 17.8323917389, 21.434217453, -0.504724085331], [-0.357303053141, -31.1544952393, -31.5654678345, -8.58615684509, -3.87540316582, 5.57340621948, 7.22776317596, 11.7763471603, 8.24638748169, 17.8323917389, 40.2220420837, 22.3126182556, 10.3330621719], [-796.217468262, -415.356628418, 21.7458992004, -36.0634994507, -3.85238194466, -11.4879341125, -2.34905266762, -6.96214008331, 13.0080986023, 21.434217453, 22.3126182556, 64.4121856689, 12.5289697647], [-0.802408099174, -13.8887987137, -32.7534103394, -17.8451862335, -1.11952996254, -1.88159763813, 0.0117270471528, 0.97774463892, 1.53860557079, -0.504724085331, 10.3330621719, 12.5289697647, 25.617401123]],
        "icov": [[0.00423378311098, -0.00724477972835, 0.00700480863452, -0.0083896573633, 0.00701245013624, -0.00692937104031, 0.00332357408479, -0.000714754802175, 0.000965122890193, -0.00134283199441, 0.00112447037827, -0.00230154185556, -0.000272526987828], [-0.00724477972835, 0.0129136005417, -0.0123362280428, 0.014165234752, -0.0124606126919, 0.0122507279739, -0.00563932862133, 5.13573468197e-05, -0.000673568458296, 0.00295129069127, -0.00383548019454, 0.00771039212123, -0.000900145736523], [0.00700480863452, -0.0123362280428, 0.0142828235403, -0.0158293768764, 0.00976239610463, -0.00922158639878, 0.00425660796463, 0.00222956831567, -0.00242701801471, -0.00317966309376, 0.00480021210387, -0.0078987069428, 0.00243809260428], [-0.0083896573633, 0.014165234752, -0.0158293768764, 0.0271573364735, -0.0139721548185, 0.00721517717466, -0.00493603432551, -0.00331349368207, 0.00543835991994, -0.00189216993749, -0.00138158362824, 0.00759859103709, 0.0026212730445], [0.00701245013624, -0.0124606126919, 0.00976239610463, -0.0139721548185, 0.0256971213967, -0.0190282631665, 0.00573578709736, 0.00229484657757, -0.00464875111356, 0.000689072476234, 0.00309337535873, -0.00613923929632, -0.00210447609425], [-0.00692937104031, 0.0122507279739, -0.00922158639878, 0.00721517717466, -0.0190282631665, 0.0461359173059, -0.0236798319966, 0.00372335594147, -0.00860515702516, 0.0108345346525, -0.00952294562012, 0.00802344083786, 0.00273381965235], [0.00332357408479, -0.00563932862133, 0.00425660796463, -0.00493603432551, 0.00573578709736, -0.0236798319966, 0.0355345979333, -0.0225117187947, 0.018530678004, -0.0122282830998, 0.00789557397366, -0.00631519919261, -0.00304515799507], [-0.000714754802175, 5.13573468197e-05, 0.00222956831567, -0.00331349368207, 0.00229484657757, 0.00372335594147, -0.0225117187947, 0.0478813648224, -0.0427818335593, 0.021187774837, -0.0105138467625, -0.00216246186756, 0.00738994032145], [0.000965122890193, -0.000673568458296, -0.00242701801471, 0.00543835991994, -0.00464875111356, -0.00860515702516, 0.018530678004, -0.0427818335593, 0.0712695270777, -0.0397742502391, 0.0132618043572, 0.00192553782836, -0.0102156903595], [-0.00134283199441, 0.00295129069127, -0.00317966309376, -0.00189216993749, 0.000689072476234, 0.0108345346525, -0.0122282830998, 0.021187774837, -0.0397742502391, 0.0679645463824, -0.0313082002103, 9.21108876355e-05, 0.0125087639317], [0.00112447037827, -0.00383548019454, 0.00480021210387, -0.00138158362824, 0.00309337535873, -0.00952294562012, 0.00789557397366, -0.0105138467625, 0.0132618043572, -0.0313082002103, 0.056255787611, -0.0256654843688, -0.00858816131949], [-0.00230154185556, 0.00771039212123, -0.0078987069428, 0.00759859103709, -0.00613923929632, 0.00802344083786, -0.00631519919261, -0.00216246186756, 0.00192553782836, 9.21108876355e-05, -0.0256654843688, 0.0561980046332, -0.0175378452986], [-0.000272526987828, -0.000900145736523, 0.00243809260428, 0.0026212730445, -0.00210447609425, 0.00273381965235, -0.00304515799507, 0.00738994032145, -0.0102156903595, 0.0125087639317, -0.00858816131949, -0.0175378452986, 0.0562123768032]]
    },
    "melbands": {
        "dmean": [0.00465406663716, 0.00348160299473, 0.000925531319808, 0.000418116396759, 0.000245066272328, 0.000247836491326, 0.000159399045515, 4.99321940879e-05, 6.63680839352e-05, 0.000174177228473, 0.000148833380081, 0.00013564764231, 3.25025393977e-05, 5.57259518246e-05, 6.60004807287e-05, 2.12183203985e-05, 1.50066007336e-05, 2.73791847576e-05, 1.30582857309e-05, 1.01943978734e-05, 8.57248051034e-06, 3.1693150504e-06, 5.98593305767e-06, 4.12999497712e-06, 3.44379577655e-06, 3.5962250422e-06, 4.4975063247e-06, 2.19868252316e-06, 1.34181414069e-06, 1.56594262535e-06, 8.64630067099e-07, 3.901396326e-07, 2.97867046584e-07, 3.30570372853e-07, 2.29834981269e-07, 1.98475191837e-07, 1.57507059839e-07, 1.20267173997e-07, 1.27845765974e-07, 1.13664754053e-07],
        "dmean2": [0.0079112323001, 0.00516523094848, 0.00141279387753, 0.000687722407747, 0.00041810318362, 0.00047248241026, 0.000290736992611, 8.32457299111e-05, 0.000105960942165, 0.000285630871076, 0.000286029622657, 0.000261380570009, 5.66414200875e-05, 9.92117493297e-05, 0.000122294106404, 3.69178305846e-05, 2.56698640442e-05, 5.08374323545e-05, 2.40036588366e-05, 1.95299398911e-05, 1.63327549672e-05, 5.71532200411e-06, 1.16200917546e-05, 7.82487131801e-06, 6.26589962849e-06, 6.67453196002e-06, 8.27449548524e-06, 4.01827446694e-06, 2.53912025983e-06, 2.98611553262e-06, 1.62563117101e-06, 7.43949271964e-07, 5.62779632673e-07, 6.14136013155e-07, 4.08048634881e-07, 3.49816559719e-07, 2.77960566564e-07, 2.12235136132e-07, 2.32442943116e-07, 2.13500797486e-07],
        "dvar": [0.000138477087603, 0.00016405567294, 1.12685502245e-05, 3.18577417602e-06, 1.77843060101e-06, 2.47798971031e-06, 6.32730348116e-07, 3.01389739832e-08, 3.62427066136e-08, 3.42122177699e-07, 1.21580910672e-06, 1.35614004648e-06, 2.62686921104e-08, 1.38282871376e-07, 2.86676112182e-07, 9.23774479133e-09, 4.81439066391e-09, 4.3638809899e-08, 7.74171216023e-09, 6.11256911753e-09, 2.3670736482e-09, 1.68645500342e-10, 1.86928561519e-09, 5.74649883234e-10, 2.14165171708e-10, 2.63335658834e-10, 5.62059565556e-10, 1.11078535259e-10, 3.53395611385e-11, 5.65301104538e-11, 1.56849463973e-11, 4.20642340404e-12, 2.13703685824e-12, 2.21605091048e-12, 6.12419294964e-13, 4.03300439919e-13, 2.416678782e-13, 1.35259194795e-13, 2.00524370871e-13, 4.02107031483e-13],
        "dvar2": [0.000409515283536, 0.000364057748811, 2.0584111553e-05, 8.37245352159e-06, 4.90670845466e-06, 7.37504797144e-06, 1.83567942713e-06, 7.84677993693e-08, 7.82607472161e-08, 8.17096065475e-07, 3.64384413842e-06, 4.03807871407e-06, 7.42510550822e-08, 3.84987004054e-07, 8.22384038202e-07, 2.49673757224e-08, 1.26016921342e-08, 1.2874885158e-07, 2.28589254192e-08, 1.81432309176e-08, 7.02992952739e-09, 5.15075315732e-10, 5.6914490898e-09, 1.73922487523e-09, 6.34925001464e-10, 7.57132134765e-10, 1.64160363081e-09, 3.36098926468e-10, 1.03543999763e-10, 1.7489756865e-10, 4.97173621716e-11, 1.27234420916e-11, 6.31757146596e-12, 6.58385455529e-12, 1.75576057599e-12, 1.0876612111e-12, 5.84040248889e-13, 3.84026090008e-13, 5.92078090115e-13, 1.19797043379e-12],
        "max": [0.10693398118, 0.184936463833, 0.0481696166098, 0.0245842244476, 0.0160245411098, 0.0168099813163, 0.00739466445521, 0.00205258629285, 0.00184055499267, 0.00630914326757, 0.012299370952, 0.0125448852777, 0.0018606641097, 0.00435028038919, 0.00606337748468, 0.00107734184712, 0.000819238950498, 0.0023051565513, 0.000985971768387, 0.000844445254188, 0.000483476673253, 0.000142828008393, 0.000468240614282, 0.00025821372401, 0.000131834196509, 0.000153258108185, 0.000237833010033, 0.000109384716779, 5.13264894835e-05, 7.15162968845e-05, 3.68053697457e-05, 1.66459394677e-05, 1.46398415382e-05, 1.37311944854e-05, 5.49708192921e-06, 4.18814579461e-06, 3.52532197212e-06, 2.70562100013e-06, 3.83999076803e-06, 6.59037050355e-06],
        "mean": [0.00571830943227, 0.00481947418302, 0.00154876860324, 0.000473628519103, 0.000242622059886, 0.00022491371783, 0.000150253094034, 5.4354994063e-05, 8.62833985593e-05, 0.00020328554092, 0.000121737357404, 8.82626263774e-05, 3.27930029016e-05, 4.35288893641e-05, 4.41949923697e-05, 1.77271267603e-05, 1.31834831336e-05, 1.89189358935e-05, 1.01408913906e-05, 6.59585839458e-06, 5.97355347054e-06, 2.80555104837e-06, 4.01313127441e-06, 3.08310973196e-06, 2.70972100225e-06, 2.76699711321e-06, 3.33794946528e-06, 1.7102242964e-06, 9.6439941899e-07, 1.05328376776e-06, 6.04627473422e-07, 2.83345400476e-07, 2.29759436365e-07, 2.49773165706e-07, 2.1037310205e-07, 1.70926568899e-07, 1.47177985355e-07, 1.17033302161e-07, 1.14996737466e-07, 9.7234185148e-08],
        "median": [0.000411134707974, 3.39506696037e-05, 1.40028541864e-05, 9.42049518926e-06, 4.27617897003e-06, 1.65253277373e-06, 2.01574334824e-06, 1.36192898026e-06, 8.52435846355e-07, 8.88362819751e-07, 2.8186073564e-07, 2.3945520411e-07, 1.08594292669e-07, 8.65566534003e-08, 9.69641149595e-08, 8.99823575651e-08, 7.38594323479e-08, 5.70185427762e-08, 5.82861154896e-08, 4.1124138761e-08, 3.06462659694e-08, 3.0222569336e-08, 2.90383876944e-08, 2.64328452459e-08, 2.46984441787e-08, 2.30315464478e-08, 2.34787211895e-08, 2.12788648923e-08, 2.13078124034e-08, 1.76289791654e-08, 1.81297217239e-08, 1.61801256837e-08, 1.63062523484e-08, 1.64972338013e-08, 1.61439608348e-08, 1.57850852389e-08, 1.56106576554e-08, 1.51428576345e-08, 1.56378661131e-08, 1.50741161775e-08],
        "min": [2.52904488462e-08, 1.07020636797e-09, 1.470788491e-09, 1.2081661227e-09, 1.09549402882e-09, 1.12761933124e-09, 1.59212643069e-09, 1.35547151281e-09, 9.50664769128e-10, 1.55257162682e-09, 1.06598707639e-09, 1.12105136285e-09, 6.16985573743e-10, 4.18751006093e-10, 1.81682935363e-09, 1.238155245e-09, 5.8262272784e-10, 1.10213571602e-09, 1.61579638558e-09, 6.12157435853e-10, 1.54305221378e-10, 2.1783423676e-10, 4.55073118077e-10, 3.4940844662e-10, 5.15190168304e-10, 6.13834094665e-10, 4.95889107555e-10, 5.94404359067e-10, 2.24296747842e-10, 3.23705312555e-10, 7.29900251351e-10, 6.12403072697e-10, 4.83334705592e-10, 3.60340118855e-10, 3.57512547344e-10, 6.81754042109e-10, 3.99525190709e-10, 3.85695281269e-10, 2.21766327524e-10, 5.43477318704e-10],
        "stdev": [0.0135006187484, 0.0158138703555, 0.00522242253646, 0.00186406821012, 0.00115186395124, 0.0011849119328, 0.000648897141218, 0.000172056708834, 0.000234088423895, 0.000686754996423, 0.000843355781399, 0.000843713409267, 0.000136810005642, 0.000298777187709, 0.000410540873418, 8.24666713015e-05, 6.24785752734e-05, 0.0001562381658, 6.72578535159e-05, 5.7605047914e-05, 3.77023134206e-05, 1.12242269097e-05, 3.18055608659e-05, 1.81121013156e-05, 1.17952413348e-05, 1.25909273265e-05, 1.83895554073e-05, 8.28034171718e-06, 4.51490996056e-06, 5.72200269744e-06, 3.04551213048e-06, 1.50759831286e-06, 1.09777147372e-06, 1.12986754175e-06, 6.69875760195e-07, 5.56853706257e-07, 4.75129809274e-07, 3.48558131691e-07, 3.70253161464e-07, 4.65928991389e-07],
        "var": [0.000182266710908, 0.000250078504905, 2.72736961051e-05, 3.47475020135e-06, 1.32679053877e-06, 1.40401630233e-06, 4.21067511525e-07, 2.96035089775e-08, 5.47973932896e-08, 4.71632432664e-07, 7.11248958396e-07, 7.11852294444e-07, 1.87169764132e-08, 8.92678002629e-08, 1.68543820678e-07, 6.80075196158e-09, 3.9035721322e-09, 2.44103652847e-08, 4.52361925696e-09, 3.31834137945e-09, 1.42146450166e-09, 1.25983279364e-10, 1.01159380872e-09, 3.28048227471e-10, 1.39127723231e-10, 1.58531451855e-10, 3.38175765169e-10, 6.85640572096e-11, 2.03844129076e-11, 3.27413166024e-11, 9.27514402088e-12, 2.27285269598e-12, 1.20510209884e-12, 1.27660078689e-12, 4.48733498276e-13, 3.10086022614e-13, 2.25748347966e-13, 1.21492768103e-13, 1.37087403603e-13, 2.17089814549e-13]
    },
    "melbands128": {
