{
"lowlevel": {
    "average_loudness": 0.99068403244,
    "barkbands_crest": {
        "dmean": 4.00155448914,
        "dmean2": 6.07730388641,
        "dvar": 8.65968894958,
        "dvar2": 20.8936595917,
        "max": 23.0423374176,
        "mean": 16.0546722412,
        "median": 16.6905822754,
        "min": 4.90808296204,
        "stdev": 4.86289834976,
        "var": 23.6477794647
    },
    "barkbands_flatness_db": {
        "dmean": 0.0422426648438,
        "dmean2": 0.0586361065507,
        "dvar": 0.00163217680529,
        "dvar2": 0.00209166784771,
        "max": 0.445203959942,
        "mean": 0.276643544436,
        "median": 0.285767197609,
        "min": 0.0591347590089,
        "stdev": 0.102906085551,
        "var": 0.010589662008
    },
    "barkbands_kurtosis": {
        "dmean": 24.3969078064,
        "dmean2": 37.9594726562,
        "dvar": 1572.39074707,
        "dvar2": 2826.73974609,
        "max": 250.635025024,
        "mean": 38.2318687439,
        "median": 8.05507183075,
        "min": -1.60436427593,
        "stdev": 59.4932518005,
        "var": 3539.44702148
    },
    "barkbands_skewness": {
        "dmean": 1.54338598251,
        "dmean2": 2.32046484947,
        "dvar": 3.0844540596,
        "dvar2": 5.25235557556,
        "max": 13.6575088501,
        "mean": 2.82703304291,
        "median": 1.13058769703,
        "min": -2.33676886559,
        "stdev": 4.59233808517,
        "var": 21.0895690918
    },
    "barkbands_spread": {
        "dmean": 7.60937070847,
        "dmean2": 9.24059581757,
        "dvar": 145.540420532,
        "dvar2": 140.503158569,
        "max": 121.231132507,
        "mean": 19.9090900421,
        "median": 5.50069618225,
        "min": 1.15277457237,
        "stdev": 31.2609443665,
        "var": 977.246643066
    },
    "dissonance": {
        "dmean": 0.0293127261102,
        "dmean2": 0.0491517484188,
        "dvar": 0.00142365554348,
        "dvar2": 0.00285264686681,
        "max": 0.499202847481,
        "mean": 0.432395249605,
        "median": 0.446005284786,
        "min": 0.267088651657,
        "stdev": 0.0556007362902,
        "var": 0.00309144193307
    },
    "dynamic_complexity": 30.356098175,
    "erbbands_crest": {
        "dmean": 2.06108593941,
        "dmean2": 2.95718407631,
        "dvar": 4.32906389236,
        "dvar2": 11.350777626,
        "max": 24.8673419952,
        "mean": 12.5089960098,
        "median": 10.1250076294,
        "min": 2.73033285141,
        "stdev": 8.22955131531,
        "var": 67.7255096436
    },
    "erbbands_flatness_db": {
        "dmean": 0.0220202431083,
        "dmean2": 0.0261481143534,
        "dvar": 0.000736987858545,
        "dvar2": 0.00103801907972,
        "max": 0.464935302734,
        "mean": 0.208259999752,
        "median": 0.144098117948,
        "min": 0.0265813283622,
        "stdev": 0.158482342958,
        "var": 0.0251166541129
    },
    "erbbands_kurtosis": {
        "dmean": 1.75528335571,
        "dmean2": 2.54248070717,
        "dvar": 4.8384180069,
        "dvar2": 10.2970533371,
        "max": 15.6462497711,
        "mean": 3.28186678886,
        "median": 0.636656284332,
        "min": -1.41981101036,
        "stdev": 5.05703020096,
        "var": 25.5735549927
    },
    "erbbands_skewness": {
        "dmean": 0.416631340981,
        "dmean2": 0.53157633543,
        "dvar": 0.157745018601,
        "dvar2": 0.384657889605,
        "max": 1.09653115273,
        "mean": -0.430138260126,
        "median": -0.582140743732,
        "min": -1.98486506939,
        "stdev": 0.870192050934,
        "var": 0.757234215736
    },
    "erbbands_spread": {
        "dmean": 6.68015050888,
        "dmean2": 7.2750878334,
        "dvar": 48.8497772217,
        "dvar2": 40.3629379272,
        "max": 116.872245789,
        "mean": 37.7721710205,
        "median": 34.3827056885,
        "min": 2.48756361008,
        "stdev": 35.6289367676,
        "var": 1269.42102051
    },
    "hfc": {
        "dmean": 5.3852353096,
        "dmean2": 3.81337356567,
        "dvar": 97.7372741699,
        "dvar2": 66.5374145508,
        "max": 97.2075881958,
        "mean": 11.6670379639,
        "median": 0.00266440538689,
        "min": 3.50532815219e-07,
        "stdev": 25.0813598633,
        "var": 629.074645996
    },
    "loudness_ebu128": {
        "integrated": -30.1941356659,
        "loudness_range": 0,
        "momentary": {
            "dmean": 9.42760276794,
            "dmean2": 7.45179414749,
            "dvar": 32.7642288208,
            "dvar2": 14.350446701,
            "max": -28.928188324,
            "mean": -52.5091400146,
            "median": -53.7649688721,
            "min": -76.0662002563,
            "stdev": 18.4602279663,
            "var": 340.779998779
        },
        "short_term": {
            "dmean": 0,
            "dmean2": 0,
            "dvar": 0,
            "dvar2": 0,
            "max": -37.6786727905,
            "mean": -37.6786727905,
            "median": -37.6786727905,
            "min": -37.6786727905,
            "stdev": 0,
            "var": 0
        }
    },
    "melbands_crest": {
        "dmean": 5.71191596985,
        "dmean2": 8.62693881989,
        "dvar": 26.8900966644,
        "dvar2": 54.4993553162,
        "max": 37.8421859741,
        "mean": 25.4375915527,
        "median": 26.9143829346,
        "min": 9.7315454483,
        "stdev": 8.45315361023,
        "var": 71.4558029175
    },
    "melbands_flatness_db": {
        "dmean": 0.0379644744098,
        "dmean2": 0.0449312403798,
        "dvar": 0.00133675290272,
        "dvar2": 0.00194358464796,
        "max": 0.440300256014,
        "mean": 0.318217337132,
        "median": 0.344697803259,
        "min": 0.0221191253513,
        "stdev": 0.108917765319,
        "var": 0.0118630798534
    },
    "melbands_kurtosis": {
        "dmean": 39.8686637878,
        "dmean2": 53.6051330566,
        "dvar": 4172.44042969,
        "dvar2": 7516.72949219,
        "max": 472.07321167,
        "mean": 71.5305099487,
        "median": 5.72581386566,
        "min": -1.62276554108,
        "stdev": 109.011360168,
        "var": 11883.4765625
    },
    "melbands_skewness": {
        "dmean": 1.71848106384,
        "dmean2": 2.25775170326,
        "dvar": 3.56968784332,
        "dvar2": 5.62227106094,
        "max": 16.3602733612,
        "mean": 4.26313638687,
        "median": 1.60074830055,
        "min": -2.07509803772,
        "stdev": 5.58689832687,
        "var": 31.213432312
    },
    "melbands_spread": {
        "dmean": 8.03179550171,
        "dmean2": 10.4190359116,
        "dvar": 317.931762695,
        "dvar2": 334.514984131,
        "max": 166.328598022,
        "mean": 25.4285106659,
        "median": 9.55389308929,
        "min": 0.748142242432,
        "stdev": 43.512928009,
        "var": 1893.37475586
    },
    "pitch_salience": {
        "dmean": 0.105685785413,
        "dmean2": 0.154924735427,
        "dvar": 0.0103464564309,
        "dvar2": 0.0238357037306,
        "max": 0.834729075432,
        "mean": 0.426468223333,
        "median": 0.454891115427,
        "min": 0.149184718728,
        "stdev": 0.192627131939,
        "var": 0.0371052138507
    },
    "silence_rate_20dB": {
        "dmean": 0,
        "dmean2": 0,
        "dvar": 0,
        "dvar2": 0,
        "max": 1,
        "mean": 1,
        "median": 1,
        "min": 1,
        "stdev": 0,
        "var": 0
    },
    "silence_rate_30dB": {
        "dmean": 0,
        "dmean2": 0,
        "dvar": 0,
        "dvar2": 0,
        "max": 1,
        "mean": 1,
        "median": 1,
        "min": 1,
        "stdev": 0,
        "var": 0
    },
    "silence_rate_60dB": {
        "dmean": 0.0555555559695,
        "dmean2": 0.0857142880559,
        "dvar": 0.0524691604078,
        "dvar2": 0.078367292881,
        "max": 1,
        "mean": 0.756756782532,
        "median": 1,
        "min": 0,
        "stdev": 0.429040879011,
        "var": 0.184076070786
    },
    "spectral_centroid": {
        "dmean": 168.539611816,
        "dmean2": 176.314788818,
        "dvar": 42315.6757812,
        "dvar2": 30984.28125,
        "max": 3825.15283203,
        "mean": 1447.23266602,
        "median": 1299.42773438,
        "min": 345.187164307,
        "stdev": 991.349914551,
        "var": 982774.625
    },
    "spectral_complexity": {
        "dmean": 0.611111104488,
        "dmean2": 0.542857170105,
        "dvar": 1.01543152332,
        "dvar2": 1.33387696743,
        "max": 9,
        "mean": 2.16216206551,
        "median": 0,
        "min": 0,
        "stdev": 3.30039834976,
        "var": 10.8926296234
    },
    "spectral_decrease": {
        "dmean": 9.41486222317e-10,
        "dmean2": 6.35351882217e-10,
        "dvar": 2.85636404978e-18,
        "dvar2": 1.78123873695e-18,
        "max": -1.38026479617e-18,
        "mean": -2.10299111458e-09,
        "median": -1.00527875954e-11,
        "min": -1.69579372766e-08,
        "stdev": 4.43605552292e-09,
        "var": 1.96785887223e-17
    },
    "spectral_energy": {
        "dmean": 0.00404171366245,
        "dmean2": 0.00274378317408,
        "dvar": 5.2917166613e-05,
        "dvar2": 3.33619318553e-05,
        "max": 0.0728201121092,
        "mean": 0.00899539608508,
        "median": 3.80603705707e-05,
        "min": 3.70038062691e-11,
        "stdev": 0.0190167445689,
        "var": 0.000361636572052
    },
    "spectral_energyband_high": {
        "dmean": 1.36416019814e-06,
        "dmean2": 1.96767837224e-06,
        "dvar": 7.82453615789e-12,
        "dvar2": 2.13620093836e-11,
        "max": 2.3867805794e-05,
        "mean": 2.94402730106e-06,
        "median": 1.68394631572e-08,
        "min": 2.34927095139e-11,
        "stdev": 5.44769818589e-06,
        "var": 2.96774167741e-11
    },
    "spectral_energyband_low": {
        "dmean": 1.39071244121e-05,
        "dmean2": 2.055872028e-05,
        "dvar": 3.46202233548e-10,
        "dvar2": 8.0458700813e-10,
        "max": 0.000108406959043,
        "mean": 2.19560024561e-05,
        "median": 7.88092256698e-06,
        "min": 3.62912369427e-12,
        "stdev": 2.63252804871e-05,
        "var": 6.93020418829e-10
    },
    "spectral_energyband_middle_high": {
        "dmean": 0.00379448872991,
        "dmean2": 0.0026607462205,
        "dvar": 4.83301300847e-05,
        "dvar2": 3.24011598423e-05,
        "max": 0.0684041902423,
        "mean": 0.00822181906551,
        "median": 3.76084955178e-07,
        "min": 4.94706922996e-12,
        "stdev": 0.0176990311593,
        "var": 0.000313255732181
    },
    "spectral_energyband_middle_low": {
        "dmean": 0.000264396629063,
        "dmean2": 0.000115122646093,
        "dvar": 1.69350315105e-07,
        "dvar2": 5.99228968667e-08,
        "max": 0.0048144152388,
        "mean": 0.000739762152079,
        "median": 1.57137310453e-06,
        "min": 1.0123445051e-12,
        "stdev": 0.00139177555684,
        "var": 1.93703908735e-06
    },
    "spectral_entropy": {
        "dmean": 0.193984299898,
        "dmean2": 0.190107643604,
        "dvar": 0.0560803748667,
        "dvar2": 0.0516193807125,
        "max": 9.08259868622,
        "mean": 7.04918193817,
        "median": 7.31032991409,
        "min": 5.13634777069,
        "stdev": 1.20576739311,
        "var": 1.45387506485
    },
    "spectral_flux": {
        "dmean": 0.0109217083082,
        "dmean2": 0.0164847839624,
        "dvar": 0.000365623593098,
        "dvar2": 0.000773331674282,
        "max": 0.118301190436,
        "mean": 0.018506616354,
        "median": 0.0041147293523,
        "min": 9.62487974903e-05,
        "stdev": 0.0274530462921,
        "var": 0.000753669708502
    },
    "spectral_kurtosis": {
        "dmean": 4.1355214119,
        "dmean2": 6.81471776962,
        "dvar": 46.7886314392,
        "dvar2": 157.20123291,
        "max": 35.9472465515,
        "mean": 11.5255670547,
        "median": 7.2626581192,
        "min": 1.51273822784,
        "stdev": 9.98889350891,
        "var": 99.7779998779
    },
    "spectral_rms": {
        "dmean": 0.000467040692456,
        "dmean2": 0.000352963019395,
        "dvar": 6.04863657827e-07,
        "dvar2": 2.7173373951e-07,
        "max": 0.00842876080424,
        "mean": 0.00154802482575,
        "median": 0.000192696825252,
        "min": 1.90003362377e-07,
        "stdev": 0.00252578943036,
        "var": 6.37961193206e-06
    },
    "spectral_rolloff": {
        "dmean": 605.322265625,
        "dmean2": 673.681640625,
        "dvar": 4047009,
        "dvar2": 3664588.25,
        "max": 19078.4179688,
        "mean": 2401.24316406,
        "median": 1399.65820312,
        "min": 21.533203125,
        "stdev": 5028.85791016,
        "var": 25289410
    },
    "spectral_skewness": {
        "dmean": 0.341459423304,
        "dmean2": 0.576251983643,
        "dvar": 0.224300831556,
        "dvar2": 0.726501643658,
        "max": 3.88274979591,
        "mean": 2.20880699158,
        "median": 2.25773644447,
        "min": 1.13336348534,
        "stdev": 0.732776641846,
        "var": 0.536961615086
    },
    "spectral_spread": {
        "dmean": 634534.4375,
        "dmean2": 737566.625,
        "dvar": 1.29300824064e+12,
        "dvar2": 1.27878876365e+12,
        "max": 17075480,
        "mean": 5801628.5,
        "median": 4915785,
        "min": 1276705.5,
        "stdev": 3905935.5,
        "var": 1.5256333058e+13
    },
    "spectral_strongpeak": {
        "dmean": 0.673919320107,
        "dmean2": 0.604320406914,
        "dvar": 1.52404248714,
        "dvar2": 1.50625157356,
        "max": 12.2716016769,
        "mean": 1.85482597351,
        "median": 0.00178854563273,
        "min": 0,
        "stdev": 3.34166908264,
        "var": 11.1667518616
    },
    "zerocrossingrate": {
        "dmean": 0.0161539707333,
        "dmean2": 0.0178013388067,
        "dvar": 0.000820509390905,
        "dvar2": 0.000624470645562,
        "max": 0.2265625,
        "mean": 0.0582110434771,
        "median": 0.0546875,
        "min": 0.00390625,
        "stdev": 0.0528277866542,
        "var": 0.00279077515006
    },
    "barkbands": {
        "dmean": [1.83494194061e-05, 5.53441168449e-06, 2.88133833237e-07, 9.14310263056e-08, 1.30782893848e-07, 0.000178650981979, 1.80796089211e-08, 2.06923047585e-08, 9.4903887657e-05, 4.5312916086e-08, 0.000329611357301, 4.08558771596e-05, 0.00328176980838, 7.74327645559e-07, 0.00014782375365, 4.00592540473e-07, 1.00879851743e-05, 8.90338924364e-06, 1.92614934349e-05, 3.60536523658e-06, 8.0247968981e-07, 1.526865816e-07, 5.83604586879e-09, 1.14112346239e-08, 6.13242256975e-09, 3.14888648489e-09, 2.51479459479e-09],
        "dmean2": [2.96427569992e-05, 9.40153859119e-06, 5.62650654956e-07, 1.52730052605e-07, 2.00881302703e-07, 0.000104071172245, 2.37277326676e-08, 2.3994651599e-08, 8.87422647793e-05, 5.61927677722e-08, 0.000179661525181, 3.51930320903e-05, 0.00252475589514, 1.24927544221e-06, 0.000167582111317, 5.70724523641e-07, 1.23280551634e-05, 1.02199419416e-05, 1.9811297534e-05, 5.29028784513e-06, 1.15648253995e-06, 1.99406571255e-07, 7.25236537491e-09, 1.50534873455e-08, 6.41733111095e-09, 4.26206669957e-09, 3.85103060552e-09],
        "dvar": [7.58952678481e-10, 5.2275111323e-11, 1.28654492658e-13, 9.72485980633e-15, 3.44070881812e-14, 9.25696852505e-08, 1.01670751675e-15, 7.99315092061e-15, 2.96323765525e-08, 1.49918529739e-14, 4.7948719839e-07, 8.54899884217e-09, 3.8563463022e-05, 4.29977060901e-12, 1.17950918366e-07, 6.84769949078e-13, 3.53698181854e-10, 2.84195167399e-10, 1.29396715565e-09, 6.22413787177e-11, 4.87943366267e-12, 1.37739361475e-13, 9.81600145142e-17, 5.02487049366e-16, 1.96727584225e-16, 3.83033030221e-17, 1.5068855098e-17],
        "dvar2": [1.5190584346e-09, 1.53547438653e-10, 3.85002278539e-13, 2.84964177364e-14, 7.01992107564e-14, 5.16304972109e-08, 1.08700500451e-15, 7.81669278187e-15, 3.05307601423e-08, 1.68005512253e-14, 1.43049945223e-07, 7.53984163993e-09, 2.98326704069e-05, 8.48833676959e-12, 1.94952960442e-07, 1.44363514198e-12, 5.66668767465e-10, 5.69237046388e-10, 1.20449961116e-09, 1.48730541771e-10, 1.3503941021e-11, 1.73793678017e-13, 2.14630353484e-16, 1.15798435378e-15, 2.84528769606e-16, 6.64521236097e-17, 4.18216859791e-17],
        "max": [0.000122644632938, 4.03716148867e-05, 1.6098102833e-06, 4.76451106124e-07, 1.09798361336e-06, 0.00323118269444, 3.59718825393e-07, 6.51128004847e-07, 0.00158272974659, 1.30362968775e-06, 0.00594316795468, 0.000740123097785, 0.0591155998409, 1.05577155409e-05, 0.00252821156755, 4.54244673165e-06, 0.000109681459435, 9.7502139397e-05, 0.000288590788841, 5.95697747485e-05, 1.55452944455e-05, 2.80759513771e-06, 6.15424369244e-08, 1.82614172672e-07, 8.90566624889e-08, 5.04102963816e-08, 3.57813156882e-08],
        "mean": [2.20504989557e-05, 8.51837376104e-06, 3.65838104699e-07, 1.22871298913e-07, 1.82860290465e-07, 0.000521342852153, 3.7406969966e-08, 3.16186259397e-08, 0.000218003740883, 9.4502979664e-08, 0.00106729310937, 9.91650449578e-05, 0.00674216123298, 1.10164239686e-06, 0.000232897771639, 6.31202340173e-07, 1.78510417754e-05, 1.49740562847e-05, 3.94601047446e-05, 7.2103898674e-06, 1.48609285588e-06, 3.63459747632e-07, 1.08202495852e-08, 2.28569785321e-08, 1.48892578267e-08, 1.04035962067e-08, 8.74449046506e-09],
        "median": [8.01441092335e-06, 5.41710460311e-06, 2.43789315846e-07, 8.16897269829e-08, 1.21527932606e-07, 1.36136100082e-06, 1.76890910808e-08, 7.30522886627e-09, 4.80408495207e-08, 5.45488898496e-09, 1.10006837417e-07, 1.48515164611e-08, 1.69946616779e-07, 3.25909721433e-09, 2.29567547194e-08, 2.94094415487e-09, 1.13304148286e-08, 1.03285131559e-08, 1.27908235115e-08, 2.73537126283e-09, 1.33747546371e-09, 1.32283295429e-09, 1.48347467643e-09, 1.82604420473e-09, 2.40498954085e-09, 3.37578187626e-09, 4.71259609114e-09],
        "min": [2.33965711388e-12, 2.12038568127e-12, 3.42562078964e-13, 4.11849035236e-14, 1.90075304671e-13, 8.39462776635e-14, 7.56714162902e-14, 7.14088076864e-14, 3.04591421529e-13, 7.53568973715e-13, 4.63197351568e-13, 5.34957007078e-13, 1.0008027664e-13, 3.93126855939e-13, 1.44880106718e-13, 3.40233754798e-13, 3.80110304126e-13, 5.49922737555e-13, 8.7387036626e-13, 9.22479649092e-13, 1.25641847187e-12, 1.46788494988e-12, 2.22909061001e-12, 2.8265189668e-12, 3.55742193515e-12, 6.22877574172e-12, 5.67328172288e-12],
        "stdev": [3.21179068123e-05, 9.51651327341e-06, 3.76531488655e-07, 1.28898392404e-07, 2.10712414628e-07, 0.000975436589215, 6.65597070793e-08, 1.05697516517e-07, 0.000431527907494, 2.57047020114e-07, 0.00203215144575, 0.000213169740164, 0.0149142574519, 2.59998091678e-06, 0.000565810943954, 1.25181270505e-06, 3.40508377121e-05, 2.81462107523e-05, 7.95120431576e-05, 1.44440673466e-05, 2.98998065773e-06, 7.28827444618e-07, 1.74491905369e-08, 4.18940970803e-08, 2.61368544585e-08, 1.37471038997e-08, 8.36498692536e-09],
        "var": [1.03155994857e-09, 9.05640215598e-11, 1.41775954583e-13, 1.66147968999e-14, 4.43997188191e-14, 9.51476579303e-07, 4.43019491941e-15, 1.11719647747e-14, 1.86216340126e-07, 6.60731777451e-14, 4.12963981944e-06, 4.54413395801e-08, 0.000222435075557, 6.75990123253e-12, 3.20142021337e-07, 1.56703502171e-12, 1.15945963941e-09, 7.92209131628e-10, 6.32216545782e-09, 2.08631070753e-10, 8.93998416962e-12, 5.31189458738e-13, 3.04474224992e-16, 1.75511526479e-15, 6.83135142455e-16, 1.88982857586e-16, 6.99730079609e-17]
    },
    "erbbands": {
        "dmean": [0.00040801675641, 0.000501823029481, 0.000435561523773, 0.000311237992719, 0.000339701888151, 0.00401123100892, 0.255151897669, 2.25470614433, 0.207022860646, 0.008873000741, 0.0880909264088, 2.70302271843, 0.583783626556, 0.703131318092, 16.9763965607, 5.0787563324, 134.609664917, 42.4452056885, 10.2152662277, 0.892619550228, 0.123126320541, 0.643566966057, 0.614340960979, 1.12205886841, 0.784305214882, 0.152403622866, 0.0606892891228, 0.00568469334394, 0.00554079236463, 0.00212139543146, 0.000232545789913, 0.00017650576774, 0.000170942686964, 6.90976448823e-05, 5.52692727069e-05, 1.30248163259e-05, 8.63433888298e-06, 3.05648427457e-06, 2.72012403002e-06, 5.03713090438e-06],
        "dmean2": [0.000659333425574, 0.000864089350216, 0.000837947882246, 0.000591941876337, 0.000509127625264, 0.00286823720671, 0.162973999977, 1.29025793076, 0.122822023928, 0.00406684074551, 0.0904899984598, 2.56399440765, 0.522794604301, 0.430407226086, 8.78678035736, 2.58743405342, 110.659187317, 29.2008934021, 11.4312953949, 0.941534996033, 0.118143521249, 0.766345798969, 0.659280180931, 1.34448838234, 0.907649159431, 0.230756789446, 0.0955760851502, 0.00617492757738, 0.00777918100357, 0.00245877006091, 0.000297930557281, 0.000233316313825, 0.000230498539167, 7.77704044594e-05, 5.94290031586e-05, 1.02816866274e-05, 1.17905792649e-05, 4.44883107775e-06, 1.67724579114e-06, 3.43882220477e-06],
        "dvar": [3.13414432185e-07, 4.0845347371e-07, 3.29934550791e-07, 1.28503145902e-07, 1.72643382257e-07, 4.36340487795e-05, 0.190671011806, 14.7997961044, 0.133009120822, 0.000202435359824, 0.0265396032482, 24.0355186462, 1.20470118523, 2.26567363739, 1234.14892578, 78.3027496338, 65723.9140625, 6494.87109375, 548.576049805, 4.06785535812, 0.0442942008376, 1.39453196526, 1.2091755867, 4.13053178787, 1.96464431286, 0.106554113328, 0.0228793118149, 0.000117303570732, 0.000157557034981, 2.4012339054e-05, 1.90625343066e-07, 1.26364099629e-07, 1.14976643317e-07, 3.88275722685e-08, 1.09691704608e-08, 7.3442218973e-10, 2.42291547936e-10, 3.36653899202e-11, 2.11052078591e-11, 8.23365681191e-11],
        "dvar2": [7.94995798969e-07, 1.37567189995e-06, 9.97091433419e-07, 4.08129977814e-07, 5.05031607645e-07, 3.68696310034e-05, 0.151439964771, 7.72960281372, 0.0655939877033, 7.01423487044e-05, 0.0368028283119, 26.3487434387, 1.00861167908, 0.692817509174, 386.527923584, 34.8989486694, 54238.6484375, 4652.53710938, 841.248046875, 5.75926589966, 0.0513203218579, 2.14422488213, 2.17774987221, 5.49607753754, 2.8222618103, 0.23096626997, 0.0684227794409, 0.000180173054105, 0.000240152701735, 4.04810016335e-05, 4.05466835218e-07, 2.24738030852e-07, 2.59340538378e-07, 7.11030736511e-08, 2.0721259375e-08, 4.27807317349e-10, 4.80549211535e-10, 6.46600342713e-11, 1.68690825197e-11, 5.28312775472e-11],
        "max": [0.00334758381359, 0.00292540062219, 0.00266257952899, 0.0018269054126, 0.00286715244874, 0.0720024779439, 4.63616991043, 40.7416114807, 3.7500667572, 0.162880674005, 1.32711040974, 44.0978889465, 10.4908056259, 12.7194194794, 306.156616211, 91.7035522461, 2424.7878418, 764.731933594, 175.585098267, 15.5317182541, 1.70892930031, 7.29313468933, 7.05056285858, 14.4894676208, 12.1093101501, 2.42645263672, 1.055742383, 0.159598752856, 0.0961457118392, 0.0306399315596, 0.00268822233193, 0.00343492277898, 0.00259354966693, 0.00126905052457, 0.000889267656021, 0.000243697999394, 0.000146023186971, 3.94332200813e-05, 4.92415092594e-05, 9.085424972e-05],
        "mean": [0.000641347316559, 0.000642473984044, 0.000577002647333, 0.00045110823703, 0.000889712595381, 0.0122348684818, 0.750570595264, 6.56952905655, 0.605097770691, 0.0262529309839, 0.20616517961, 6.24949455261, 1.34711456299, 2.33166003227, 53.9306030273, 12.5632963181, 281.045501709, 84.9974822998, 17.0174369812, 1.49660384655, 0.258161842823, 1.13399851322, 0.977795183659, 1.72230243683, 1.49924731255, 0.331930190325, 0.111435726285, 0.0241952128708, 0.0129878846928, 0.00425653578714, 0.000442262651632, 0.000494836596772, 0.000330065289745, 0.000169071689015, 0.000118743402709, 4.47831189376e-05, 2.60697615886e-05, 8.56864971865e-06, 6.64082608637e-06, 1.12366078611e-05],
        "median": [0.000274488091236, 0.000420302036218, 0.000442693533842, 0.00034408949432, 0.000553487450816, 0.000993129913695, 0.0018471351359, 0.0173082463443, 0.00207571336068, 0.000306296540657, 0.000276619219221, 0.0014140921412, 0.000420767231844, 0.000363474246114, 0.00562335224822, 0.00095451209927, 0.00733975833282, 0.00222423858941, 0.00149683619384, 0.000252188910963, 0.000239365472225, 0.000673304020893, 0.000313666823786, 0.000974533613771, 0.000263024645392, 0.000119570097013, 5.3137580835e-05, 5.8044155594e-05, 5.06565702381e-05, 4.71955390822e-05, 4.42770688096e-05, 3.97306794184e-05, 3.322242992e-05, 2.60676861217e-05, 1.87136865861e-05, 1.15642014862e-05, 6.88412956151e-06, 2.65514745479e-06, 6.5843886432e-07, 1.08674264254e-07],
        "min": [9.8787783509e-11, 3.45954681569e-10, 4.80901873878e-10, 2.45203107818e-10, 2.4908552998e-10, 7.69539709733e-10, 8.67600269405e-10, 6.42165043363e-10, 1.13357701004e-09, 6.6137434418e-10, 2.84485657254e-09, 6.14298434343e-09, 2.09768575843e-08, 1.80170030006e-08, 2.34660415543e-08, 1.95586657981e-08, 5.90821969126e-09, 2.01016074897e-08, 1.17476961492e-08, 4.74796557626e-09, 2.62624890723e-08, 1.87330435608e-08, 2.74047380344e-08, 4.39585825518e-08, 4.09026341686e-08, 4.77740158544e-08, 6.27361060879e-08, 3.71772657104e-08, 3.71917643349e-08, 7.90291920794e-08, 6.17297928329e-08, 5.80109080772e-08, 4.7590045682e-08, 4.95149663493e-08, 1.95292368943e-08, 2.18219167181e-08, 1.37899327513e-08, 2.39503505917e-09, 7.27535365286e-10, 1.13963359583e-10],
        "stdev": [0.000763361691497, 0.000688126136083, 0.000585790839978, 0.000449114944786, 0.000876111385878, 0.0215897466987, 1.38895428181, 12.3206329346, 1.14023435116, 0.0485255010426, 0.389895766973, 12.2514533997, 2.74301338196, 4.37203550339, 103.130180359, 25.563577652, 615.163757324, 191.696075439, 40.6283531189, 3.59138560295, 0.482109189034, 2.18046236038, 1.92847406864, 3.48986983299, 3.11351823807, 0.653541564941, 0.214460998774, 0.0438695773482, 0.0256616864353, 0.00809153635055, 0.000746790261474, 0.000869222858455, 0.000593013188336, 0.00029726565117, 0.0002159664582, 6.87469291734e-05, 3.77708638553e-05, 1.16604260256e-05, 1.25045389723e-05, 2.36532832787e-05],
        "var": [5.82721042974e-07, 4.73517559385e-07, 3.43150929893e-07, 2.01704224878e-07, 7.67571123106e-07, 0.000466117140604, 1.92919385433, 151.79800415, 1.30013442039, 0.00235472409986, 0.152018710971, 150.098098755, 7.524122715, 19.1146965027, 10635.8339844, 653.496459961, 378426.4375, 36747.3867188, 1650.66320801, 12.8980503082, 0.232429265976, 4.75441646576, 3.71901226044, 12.1791915894, 9.69399642944, 0.427116543055, 0.0459935218096, 0.00192453968339, 0.000658522127196, 6.54729592497e-05, 5.57695727821e-07, 7.55548398956e-07, 3.51664652953e-07, 8.83668676011e-08, 4.66415102096e-08, 4.72614036795e-09, 1.42663802993e-09, 1.35965530501e-10, 1.56363505477e-10, 5.59477797424e-10]
    },
    "gfcc": {
        "mean": [-425.382659912, 73.01612854, -112.678695679, -1.26643896103, -21.050983429, 9.48334407806, -12.5949516296, -4.36723804474, -23.3721122742, 14.9386911392, 12.5369873047, 9.15515327454, -1.52362251282],
        "cov": [[50021.0117188, 11534.3105469, -16520.078125, -5902.21337891, -219.080978394, -2960.72045898, 994.84777832, -2732.78613281, -1370.05297852, 1415.95874023, 3801.18310547, 795.42565918, 1565.63208008], [11534.3105469, 4103.52148438, -3094.41650391, -1147.55334473, 284.060058594, -478.448730469, 207.727767944, -572.479064941, -372.553833008, 340.94519043, 910.373596191, 225.114639282, 298.507141113], [-16520.078125, -3094.41650391, 7233.68847656, 2528.1574707, 299.537994385, 1273.28393555, -525.918518066, 948.371948242, 514.088500977, -500.275024414, -1411.87597656, -297.125946045, -688.597167969], [-5902.21337891, -1147.55334473, 2528.1574707, 974.102294922, 77.6455841064, 424.495056152, -164.741577148, 342.42779541, 188.303344727, -171.529342651, -528.166625977, -111.176383972, -244.319152832], [-219.080978394, 284.060058594, 299.537994385, 77.6455841064, 160.843460083, 94.1039276123, -28.8833236694, 54.1250152588, 9.07530403137, 0.633546173573, 9.34260463715, 12.5092763901, -18.0025863647], [-2960.72045898, -478.448730469, 1273.28393555, 424.495056152, 94.1039276123, 293.004547119, -59.1845779419, 186.184234619, 75.7904968262, -82.8413848877, -238.661651611, -52.3821868896, -120.534301758], [994.84777832, 207.727767944, -525.918518066, -164.741577148, -28.8833236694, -59.1845779419, 94.2325363159, -43.2891082764, -47.3634986877, 32.6594581604, 78.1033706665, 9.28748416901, 49.4402198792], [-2732.78613281, -572.479064941, 948.371948242, 342.42779541, 54.1250152588, 186.184234619, -43.2891082764, 191.784988403, 83.7966003418, -78.5783615112, -201.690856934, -38.4055023193, -87.5618591309], [-1370.05297852, -372.553833008, 514.088500977, 188.303344727, 9.07530403137, 75.7904968262, -47.3634986877, 83.7966003418, 77.0529251099, -33.1150245667, -103.916389465, -13.5175132751, -42.4616508484], [1415.95874023, 340.94519043, -500.275024414, -171.529342651, 0.633546173573, -82.8413848877, 32.6594581604, -78.5783615112, -33.1150245667, 66.2424621582, 119.833770752, 24.9983310699, 47.6502342224], [3801.18310547, 910.373596191, -1411.87597656, -528.166625977, 9.34260463715, -238.661651611, 78.1033706665, -201.690856934, -103.916389465, 119.833770752, 372.060424805, 105.747138977, 147.362365723], [795.42565918, 225.114639282, -297.125946045, -111.176383972, 12.5092763901, -52.3821868896, 9.28748416901, -38.4055023193, -13.5175132751, 24.9983310699, 105.747138977, 52.1460189819, 40.4096717834], [1565.63208008, 298.507141113, -688.597167969, -244.319152832, -18.0025863647, -120.534301758, 49.4402198792, -87.5618591309, -42.4616508484, 47.6502342224, 147.362365723, 40.4096717834, 86.4997177124]],
        "icov": [[0.000380292884074, -0.000553650897928, 0.000499624060467, -0.000645500374958, 0.000566671602428, -0.00036865088623, 0.000359479512554, 0.00166865007486, -0.00146601756569, 0.000811112229712, -0.00244459556416, 0.0030169042293, -0.000141786134918], [-0.000553650897928, 0.00279282336123, -0.00211607967503, 0.00113278604113, -0.00683798734099, 0.00470038456842, -0.00661828136072, 0.00325480685569, 0.00534520065412, -0.00284605310299, 0.0017447269056, -0.00662775989622, 0.00325703737326], [0.000499624060467, -0.00211607967503, 0.00885787419975, -0.00961268972605, 0.00546992896125, -0.0157293528318, 0.0169466752559, -0.00192242953926, -0.00633790064603, 0.00800339970738, -0.00136604811996, 0.00645962310955, 0.00100045697764], [-0.000645500374958, 0.00113278604113, -0.00961268972605, 0.0224799308926, -0.0049219224602, 0.0145739940926, -0.0139027088881, -0.00284073152579, 0.00422784220427, -0.0148230232298, 0.0207978989929, -0.0234155990183, 0.00484835356474], [0.000566671602428, -0.00683798734099, 0.00546992896125, -0.0049219224602, 0.0356621518731, -0.0224103797227, 0.029690021649, -0.0251801069826, -0.00440354086459, 0.0015135591384, -0.0118537293747, 0.0212147980928, -0.0159937236458], [-0.00036865088623, 0.00470038456842, -0.0157293528318, 0.0145739940926, -0.0224103797227, 0.0474863126874, -0.0395276881754, 0.00768436817452, 0.0128089906648, -0.0133668705821, 0.0046095517464, -0.016022708267, 0.0115609057248], [0.000359479512554, -0.00661828136072, 0.0169466752559, -0.0139027088881, 0.029690021649, -0.0395276881754, 0.0704753696918, -0.0326780006289, 0.0055779335089, 0.000737046997529, 0.00375391263515, 0.0174969732761, -0.0225270949304], [0.00166865007486, 0.00325480685569, -0.00192242953926, -0.00284073152579, -0.0251801069826, 0.00768436817452, -0.0326780006289, 0.0582746639848, -0.0196230690926, 0.0165306478739, -0.00901285000145, -0.000572262681089, 0.0152559000999], [-0.00146601756569, 0.00534520065412, -0.00633790064603, 0.00422784220427, -0.00440354086459, 0.0128089906648, 0.0055779335089, -0.0196230690926, 0.060020018369, -0.0290318857878, 0.0186067577451, -0.0312441643327, -0.00819028355181], [0.000811112229712, -0.00284605310299, 0.00800339970738, -0.0148230232298, 0.0015135591384, -0.0133668705821, 0.000737046997529, 0.0165306478739, -0.0290318857878, 0.0657821595669, -0.0331329777837, 0.0377231352031, 0.00332055659965], [-0.00244459556416, 0.0017447269056, -0.00136604811996, 0.0207978989929, -0.0118537293747, 0.0046095517464, 0.00375391263515, -0.00901285000145, 0.0186067577451, -0.0331329777837, 0.0853518173099, -0.0869749560952, 0.00139282748569], [0.0030169042293, -0.00662775989622, 0.00645962310955, -0.0234155990183, 0.0212147980928, -0.016022708267, 0.0174969732761, -0.000572262681089, -0.0312441643327, 0.0377231352031, -0.0869749560952, 0.133803859353, -0.025394147262], [-0.000141786134918, 0.00325703737326, 0.00100045697764, 0.00484835356474, -0.0159937236458, 0.0115609057248, -0.0225270949304, 0.0152559000999, -0.00819028355181, 0.00332055659965, 0.00139282748569, -0.025394147262, 0.0692863613367]]
    },
    "melbands": {
        "dmean": [3.35324671141e-06, 3.19250915481e-07, 4.56529534176e-08, 2.88281203353e-08, 8.34202182887e-06, 4.32506240031e-05, 2.17912497646e-06, 2.32221086804e-09, 6.12243297837e-07, 1.84240416274e-05, 2.24879386224e-06, 1.02965973525e-08, 4.4032902224e-05, 2.19836038013e-05, 1.98660345632e-05, 0.000456977635622, 1.63482491189e-05, 1.47558785102e-05, 4.27146551374e-06, 3.69869006533e-08, 1.22293840832e-07, 8.82932511104e-07, 3.96665967628e-07, 4.78291440231e-07, 1.05151082153e-06, 8.04564422197e-07, 2.22925137905e-07, 5.58352937219e-08, 5.14877172009e-08, 9.06410502211e-09, 3.24896287651e-09, 2.95197843947e-09, 3.41297878848e-09, 5.14037701294e-10, 1.04585659577e-10, 8.78675188165e-11, 1.84851162155e-10, 1.73537378911e-10, 5.75036858408e-11, 6.06100447609e-11],
        "dmean2": [5.20546927874e-06, 5.75031833705e-07, 8.30080111314e-08, 4.50758435022e-08, 5.29762246515e-06, 2.4906172257e-05, 1.30570163037e-06, 3.01084801535e-09, 7.31252214337e-07, 1.72681830009e-05, 1.99168835024e-06, 1.71232805712e-08, 2.44557559199e-05, 1.33180101329e-05, 2.42685637204e-05, 0.000349304958945, 1.20827153296e-05, 1.72995933099e-05, 4.57894702777e-06, 5.18814715633e-08, 1.39512906117e-07, 1.08928156806e-06, 4.61153376818e-07, 5.26606584117e-07, 1.24291182146e-06, 9.71783606474e-07, 3.76630225674e-07, 8.11004667867e-08, 8.25875403621e-08, 1.23425225595e-08, 3.53767615202e-09, 4.20033474668e-09, 4.06303257705e-09, 7.5501410679e-10, 1.42316047835e-10, 1.06589070903e-10, 2.65149235901e-10, 2.58761789773e-10, 7.23277687742e-11, 8.34724581122e-11],
        "dvar": [2.06167583006e-11, 1.851363572e-13, 2.29345584238e-15, 1.20335270899e-15, 2.02735009336e-10, 5.43976819145e-09, 1.45611647739e-11, 3.75965168934e-17, 1.70273040459e-12, 1.11822995308e-09, 2.00144432277e-11, 1.59887537898e-15, 8.64079297003e-09, 1.99794714106e-09, 1.53072965414e-09, 7.49290961721e-07, 1.16027909502e-09, 1.18225196299e-09, 9.67538549279e-11, 5.92049094483e-15, 5.15269860742e-14, 2.76536172433e-12, 5.66526643306e-13, 7.11924009328e-13, 3.54241896233e-12, 2.19425150792e-12, 2.63413097758e-13, 1.46491824069e-14, 1.60397631727e-14, 3.73442003368e-16, 3.8023454586e-17, 4.77739387007e-17, 6.11670681528e-17, 1.35005574661e-18, 3.30023415541e-20, 1.85562816219e-20, 1.38652996553e-19, 1.19525582261e-19, 2.17153328488e-20, 3.01206414016e-20],
        "dvar2": [4.831384251e-11, 6.06141818595e-13, 7.3088838245e-15, 3.38514938601e-15, 1.58923860183e-10, 2.90236612521e-09, 7.16272614137e-12, 3.7240316378e-17, 3.56518222062e-12, 1.17338883054e-09, 1.56714381055e-11, 3.44847780431e-15, 2.47828868538e-09, 8.89617157718e-10, 2.80010947762e-09, 5.71257771753e-07, 8.15542966492e-10, 2.04877381726e-09, 1.36529329509e-10, 1.22651480376e-14, 8.25977808827e-14, 4.41676079391e-12, 1.17163104305e-12, 1.13486910841e-12, 5.23522284551e-12, 3.32928519822e-12, 5.3763834747e-13, 3.20386790286e-14, 4.86960461104e-14, 1.00698474319e-15, 5.68447715195e-17, 7.63599143159e-17, 9.59024202469e-17, 2.65310902287e-18, 8.00596126265e-20, 4.67323538815e-20, 3.27781691458e-19, 3.06211018281e-19, 2.98856380971e-20, 6.26158727726e-20],
        "max": [2.70271157206e-05, 2.01407283384e-06, 2.35760623468e-07, 1.65678613939e-07, 0.0001514145697, 0.000781758571975, 3.95107126678e-05, 5.13987252759e-08, 7.13262033969e-06, 0.000304988207063, 4.15771137341e-05, 3.04988134303e-07, 0.000794180843513, 0.000396624702262, 0.0002805882541, 0.00822992250323, 0.000290271738777, 0.000250615703408, 7.44997742004e-05, 3.9605114921e-07, 1.5843992287e-06, 9.88946612779e-06, 4.09359336118e-06, 5.8923906181e-06, 1.25863252833e-05, 1.22027122416e-05, 3.3911983337e-06, 9.62586568676e-07, 8.43613008783e-07, 1.9027908138e-07, 7.47700852344e-08, 5.59839925529e-08, 4.99301791024e-08, 6.72363853482e-09, 1.04259334499e-09, 8.67790783676e-10, 3.06417069496e-09, 2.41986652938e-09, 9.66742796926e-10, 1.06180519932e-09],
        "mean": [5.39202665095e-06, 4.19896991843e-07, 7.29651077336e-08, 4.28895212679e-08, 2.45046521741e-05, 0.000126080369228, 6.17582054474e-06, 4.13651335407e-09, 1.26133932099e-06, 4.25393882324e-05, 4.88158821099e-06, 2.21061267069e-08, 0.000143285113154, 6.53132956359e-05, 3.89374508813e-05, 0.000935773772653, 2.97996048175e-05, 2.30921723414e-05, 6.86268185746e-06, 5.91771929237e-08, 2.36055811342e-07, 1.54999383994e-06, 6.15202168319e-07, 7.70022495544e-07, 1.39302426305e-06, 1.48462197558e-06, 4.60025262328e-07, 1.3254400244e-07, 7.89339011931e-08, 2.7738447983e-08, 1.02921751122e-08, 7.53714157753e-09, 5.60226132151e-09, 1.00543795511e-09, 1.60614049838e-10, 1.67271224649e-10, 3.76577907746e-10, 2.76859674075e-10, 1.37822850355e-10, 1.26737773054e-10],
        "median": [2.02054843612e-06, 3.18039582226e-07, 6.28199146036e-08, 3.12139647463e-08, 6.26466842846e-08, 3.31822747057e-07, 2.37285835425e-08, 1.5875795123e-09, 2.07944617081e-09, 9.45613543024e-09, 1.67456515321e-09, 6.39805985969e-10, 1.52898280703e-08, 6.81527723145e-09, 1.48704537573e-09, 2.35759731737e-08, 7.00857705205e-10, 2.45480302752e-09, 6.4093774732e-10, 2.44369413593e-10, 2.68237515533e-10, 9.32915300567e-10, 1.8801758761e-10, 4.8035853073e-10, 7.73198283177e-10, 2.14942105781e-10, 1.18573179053e-10, 6.12885298068e-11, 3.55537509156e-11, 3.41470081378e-11, 3.45360788578e-11, 2.90044498835e-11, 2.70176398615e-11, 2.61701858101e-11, 2.49210825587e-11, 2.32255516902e-11, 2.29186426781e-11, 2.34906399887e-11, 2.12540783584e-11, 2.22074841155e-11],
        "min": [8.48146422885e-13, 3.0778548113e-13, 4.18987625627e-14, 3.64189540612e-14, 3.29587092752e-14, 1.50605371815e-14, 1.69877912464e-14, 6.86804129194e-15, 2.70421655039e-14, 4.18544796803e-14, 1.08812854289e-13, 7.5294778008e-14, 7.18549704329e-14, 6.66411641582e-14, 2.89037762095e-14, 1.15554394598e-14, 4.10048988579e-14, 1.94397568111e-14, 8.80062997032e-15, 6.16338526575e-15, 3.89311894083e-14, 1.86068218802e-14, 1.89566702044e-14, 2.97532926573e-14, 3.63081587636e-14, 3.24392510737e-14, 2.9348526105e-14, 2.85873551936e-14, 4.3780032903e-14, 2.46204728967e-14, 2.08012318308e-14, 1.78452765802e-14, 3.21620375189e-14, 4.64414104233e-14, 3.73823794998e-14, 3.38002432846e-14, 3.58429005063e-14, 2.316919375e-14, 5.54744509877e-14, 3.57723867076e-14],
        "stdev": [6.40902999294e-06, 4.29882078379e-07, 6.42665654027e-08, 4.14984278052e-08, 4.53733155155e-05, 0.000236273917835, 1.1709631508e-05, 8.59075477422e-09, 2.28502335631e-06, 8.38991327328e-05, 1.04345936052e-05, 6.37781667479e-08, 0.000272180419415, 0.000127647101181, 7.89333789726e-05, 0.00207592453808, 7.29122548364e-05, 5.57482962904e-05, 1.69295908563e-05, 1.16198400235e-07, 4.34460702081e-07, 2.98672671306e-06, 1.22305766581e-06, 1.49254128701e-06, 2.95447557619e-06, 3.11207645609e-06, 9.61964360613e-07, 2.51355800174e-07, 1.66937510926e-07, 4.6708819923e-08, 2.05107291151e-08, 1.48003564959e-08, 1.17229799201e-08, 1.87229254323e-09, 2.65595934135e-10, 2.64045174614e-10, 7.09493519491e-10, 5.21416354538e-10, 2.35150399153e-10, 2.31205568579e-10],
