{
"lowlevel": {
    "average_loudness": 0.975328326225,
    "barkbands_crest": {
        "dmean": 5.77082967758,
        "dmean2": 10.5814905167,
        "dvar": 18.2152957916,
        "dvar2": 66.258972168,
        "max": 22.9751758575,
        "mean": 11.3817338943,
        "median": 9.8119058609,
        "min": 3.50052165985,
        "stdev": 5.22242736816,
        "var": 27.2737483978
    },
    "barkbands_flatness_db": {
        "dmean": 0.0377864912152,
        "dmean2": 0.0686737820506,
        "dvar": 0.00087722344324,
        "dvar2": 0.00292233237997,
        "max": 0.253051906824,
        "mean": 0.116495236754,
        "median": 0.112348802388,
        "min": 0.0428694337606,
        "stdev": 0.0358035415411,
        "var": 0.00128189346287
    },
    "barkbands_kurtosis": {
        "dmean": 8.42193031311,
        "dmean2": 15.4581756592,
        "dvar": 96.1093063354,
        "dvar2": 296.934448242,
        "max": 69.7701187134,
        "mean": 9.67835044861,
        "median": 6.22338581085,
        "min": -1.7043390274,
        "stdev": 11.4549474716,
        "var": 131.215820312
    },
    "barkbands_skewness": {
        "dmean": 1.13974320889,
        "dmean2": 1.9885777235,
        "dvar": 0.905027985573,
        "dvar2": 2.92158913612,
        "max": 7.41538190842,
        "mean": 2.60348773003,
        "median": 2.54300546646,
        "min": -0.497382551432,
        "stdev": 1.56919813156,
        "var": 2.46238279343
    },
    "barkbands_spread": {
        "dmean": 9.76992702484,
        "dmean2": 17.6003913879,
        "dvar": 64.5941162109,
        "dvar2": 212.768569946,
        "max": 50.9579353333,
        "mean": 25.9043693542,
        "median": 25.8916549683,
        "min": 3.5127120018,
        "stdev": 10.4335832596,
        "var": 108.859657288
    },
    "dissonance": {
        "dmean": 0.0146928848699,
        "dmean2": 0.0245989691466,
        "dvar": 0.000187230180018,
        "dvar2": 0.000471143430332,
        "max": 0.499177932739,
        "mean": 0.477811276913,
        "median": 0.479847699404,
        "min": 0.395915687084,
        "stdev": 0.0147938700393,
        "var": 0.000218858578592
    },
    "dynamic_complexity": 29.3036613464,
    "erbbands_crest": {
        "dmean": 1.6519138813,
        "dmean2": 2.9345767498,
        "dvar": 5.26980018616,
        "dvar2": 14.8855886459,
        "max": 21.1924037933,
        "mean": 5.20326471329,
        "median": 3.76417899132,
        "min": 2.05357694626,
        "stdev": 3.19422960281,
        "var": 10.2031030655
    },
    "erbbands_flatness_db": {
        "dmean": 0.0145409321412,
        "dmean2": 0.020313737914,
        "dvar": 0.000399104552343,
        "dvar2": 0.000756915542297,
        "max": 0.237181127071,
        "mean": 0.0905335247517,
        "median": 0.0479884147644,
        "min": 0.0353248864412,
        "stdev": 0.0625653937459,
        "var": 0.00391442887485
    },
    "erbbands_kurtosis": {
        "dmean": 0.625225782394,
        "dmean2": 1.03103065491,
        "dvar": 1.934491992,
        "dvar2": 4.96781730652,
        "max": 11.784154892,
        "mean": -0.508879959583,
        "median": -0.792314529419,
        "min": -1.76361298561,
        "stdev": 1.42352390289,
        "var": 2.02642035484
    },
    "erbbands_skewness": {
        "dmean": 0.217331081629,
        "dmean2": 0.337390571833,
        "dvar": 0.0650233924389,
        "dvar2": 0.147220641375,
        "max": 1.41107606888,
        "mean": 0.215356349945,
        "median": 0.175086542964,
        "min": -1.04341471195,
        "stdev": 0.391690015793,
        "var": 0.153421059251
    },
    "erbbands_spread": {
        "dmean": 8.5442647934,
        "dmean2": 13.3830184937,
        "dvar": 75.4573516846,
        "dvar2": 159.391372681,
        "max": 95.8692855835,
        "mean": 60.0488319397,
        "median": 65.4824905396,
        "min": 6.70195627213,
        "stdev": 16.9677371979,
        "var": 287.904083252
    },
    "hfc": {
        "dmean": 7.96177530289,
        "dmean2": 14.5310611725,
        "dvar": 1376.16345215,
        "dvar2": 3945.92944336,
        "max": 247.716110229,
        "mean": 5.03237771988,
        "median": 0.00144812266808,
        "min": 0.0002383186511,
        "stdev": 28.6593265533,
        "var": 821.356994629
    },
    "loudness_ebu128": {
        "integrated": -24.9767341614,
        "loudness_range": 2.8079662323,
        "momentary": {
            "dmean": 4.69629001617,
            "dmean2": 6.49924993515,
            "dvar": 72.0734786987,
            "dvar2": 99.370300293,
            "max": -22.1217136383,
            "mean": -46.1643676758,
            "median": -56.843170166,
            "min": -64.8700027466,
            "stdev": 18.2814750671,
            "var": 334.212341309
        },
        "short_term": {
            "dmean": 0.25323587656,
            "dmean2": 0.425807595253,
            "dvar": 0.180876761675,
            "dvar2": 0.245741739869,
            "max": -26.9551315308,
            "mean": -28.6058883667,
            "median": -28.409778595,
            "min": -29.8051319122,
            "stdev": 1.08742153645,
            "var": 1.18248569965
        }
    },
    "melbands_crest": {
        "dmean": 5.00468540192,
        "dmean2": 8.39959430695,
        "dvar": 21.7162399292,
        "dvar2": 61.5774536133,
        "max": 33.5034294128,
        "mean": 16.2095279694,
        "median": 14.5120315552,
        "min": 5.03475284576,
        "stdev": 6.49193286896,
        "var": 42.1451950073
    },
    "melbands_flatness_db": {
        "dmean": 0.0268855635077,
        "dmean2": 0.0440314635634,
        "dvar": 0.000431698863395,
        "dvar2": 0.00110917619895,
        "max": 0.304175853729,
        "mean": 0.1922480762,
        "median": 0.190688043833,
        "min": 0.103686720133,
        "stdev": 0.0354554057121,
        "var": 0.00125708570704
    },
    "melbands_kurtosis": {
        "dmean": 9.63194561005,
        "dmean2": 16.1686553955,
        "dvar": 95.9072875977,
        "dvar2": 240.933364868,
        "max": 72.6680526733,
        "mean": 23.0370368958,
        "median": 22.561706543,
        "min": -1.28505301476,
        "stdev": 16.7855567932,
        "var": 281.754943848
    },
    "melbands_skewness": {
        "dmean": 0.88663649559,
        "dmean2": 1.45500147343,
        "dvar": 0.556634902954,
        "dvar2": 1.31779515743,
        "max": 6.73319768906,
        "mean": 3.79275894165,
        "median": 4.15814828873,
        "min": -0.154783219099,
        "stdev": 1.65608155727,
        "var": 2.74260616302
    },
    "melbands_spread": {
        "dmean": 5.78583145142,
        "dmean2": 9.56153964996,
        "dvar": 45.8171615601,
        "dvar2": 97.4058685303,
        "max": 72.2510910034,
        "mean": 19.5696353912,
        "median": 14.5135536194,
        "min": 3.79496526718,
        "stdev": 13.5764360428,
        "var": 184.319610596
    },
    "pitch_salience": {
        "dmean": 0.131799563766,
        "dmean2": 0.226405367255,
        "dvar": 0.0092955622822,
        "dvar2": 0.0314945317805,
        "max": 0.842824518681,
        "mean": 0.550459325314,
        "median": 0.572345554829,
        "min": 0.166608184576,
        "stdev": 0.135815754533,
        "var": 0.0184459183365
    },
    "silence_rate_20dB": {
        "dmean": 0,
        "dmean2": 0,
        "dvar": 0,
        "dvar2": 0,
        "max": 1,
        "mean": 1,
        "median": 1,
        "min": 1,
        "stdev": 0,
        "var": 0
    },
    "silence_rate_30dB": {
        "dmean": 0,
        "dmean2": 0,
        "dvar": 0,
        "dvar2": 0,
        "max": 1,
        "mean": 1,
        "median": 1,
        "min": 1,
        "stdev": 0,
        "var": 0
    },
    "silence_rate_60dB": {
        "dmean": 0.0500000007451,
        "dmean2": 0.100502513349,
        "dvar": 0.047499909997,
        "dvar2": 0.0904017314315,
        "max": 1,
        "mean": 0.905472636223,
        "median": 1,
        "min": 0,
        "stdev": 0.292560905218,
        "var": 0.0855918824673
    },
    "spectral_centroid": {
        "dmean": 266.187927246,
        "dmean2": 428.923248291,
        "dvar": 120611.953125,
        "dvar2": 272790.3125,
        "max": 3438.90942383,
        "mean": 1510.93066406,
        "median": 1300.46557617,
        "min": 699.279052734,
        "stdev": 608.849304199,
        "var": 370697.46875
    },
    "spectral_complexity": {
        "dmean": 2.04999995232,
        "dmean2": 2.76381897926,
        "dvar": 43.0274658203,
        "dvar2": 75.9291229248,
        "max": 46,
        "mean": 2.43283581734,
        "median": 0,
        "min": 0,
        "stdev": 8.25083827972,
        "var": 68.0763397217
    },
    "spectral_decrease": {
        "dmean": 9.46021705417e-10,
        "dmean2": 1.70357716822e-09,
        "dvar": 1.97856457459e-17,
        "dvar2": 5.69211765383e-17,
        "max": -1.22504355835e-13,
        "mean": -6.38097186201e-10,
        "median": -1.18158347689e-12,
        "min": -3.17753716672e-08,
        "stdev": 3.49001427757e-09,
        "var": 1.21801997783e-17
    },
    "spectral_energy": {
        "dmean": 0.00429260870442,
        "dmean2": 0.00774149503559,
        "dvar": 0.000405818253057,
        "dvar2": 0.00116707000416,
        "max": 0.142396122217,
        "mean": 0.00286477385089,
        "median": 4.61604531665e-06,
        "min": 4.83976748455e-07,
        "stdev": 0.015762437135,
        "var": 0.000248454423854
    },
    "spectral_energyband_high": {
        "dmean": 0.00096433685394,
        "dmean2": 0.00179443007801,
        "dvar": 2.08024030144e-05,
        "dvar2": 6.02353175054e-05,
        "max": 0.0308633446693,
        "mean": 0.000594320707023,
        "median": 8.92673810426e-08,
        "min": 1.54539812058e-08,
        "stdev": 0.00346757215448,
        "var": 1.20240565593e-05
    },
    "spectral_energyband_low": {
        "dmean": 7.71782943048e-05,
        "dmean2": 0.000116757975775,
        "dvar": 6.68961419592e-08,
        "dvar2": 1.32980815692e-07,
        "max": 0.00252118892968,
        "mean": 0.000111543857201,
        "median": 2.28987232731e-06,
        "min": 2.82835600274e-07,
        "stdev": 0.000346971180988,
        "var": 1.20389003655e-07
    },
    "spectral_energyband_middle_high": {
        "dmean": 0.00144346582238,
        "dmean2": 0.00261962926015,
        "dvar": 4.43655007984e-05,
        "dvar2": 0.000125032296637,
        "max": 0.0459975861013,
        "mean": 0.000924437947106,
        "median": 1.32859582891e-07,
        "min": 9.41356415041e-09,
        "stdev": 0.00522539624944,
        "var": 2.73047680821e-05
    },
    "spectral_energyband_middle_low": {
        "dmean": 0.00186584144831,
        "dmean2": 0.00342854880728,
        "dvar": 8.16571264295e-05,
        "dvar2": 0.000237529544393,
        "max": 0.064850486815,
        "mean": 0.00124934676569,
        "median": 5.26129667833e-07,
        "min": 8.26789943176e-08,
        "stdev": 0.00705263065174,
        "var": 4.97395958519e-05
    },
    "spectral_entropy": {
        "dmean": 0.0945693999529,
        "dmean2": 0.149966940284,
        "dvar": 0.00971716362983,
        "dvar2": 0.021365005523,
        "max": 8.3492193222,
        "mean": 7.98304748535,
        "median": 8.15542984009,
        "min": 7.31248760223,
        "stdev": 0.303916245699,
        "var": 0.0923650860786
    },
    "spectral_flux": {
        "dmean": 0.0131905591115,
        "dmean2": 0.0205793213099,
        "dvar": 0.00205754884519,
        "dvar2": 0.00409833202139,
        "max": 0.349532693624,
        "mean": 0.0178113654256,
        "median": 0.00159207521938,
        "min": 0.000407379644457,
        "stdev": 0.0541289672256,
        "var": 0.00292994524352
    },
    "spectral_kurtosis": {
        "dmean": 1.13122653961,
        "dmean2": 1.95529425144,
        "dvar": 4.03381824493,
        "dvar2": 11.3414793015,
        "max": 16.409702301,
        "mean": 3.52731370926,
        "median": 3.15458393097,
        "min": 0.0396289825439,
        "stdev": 2.07267403603,
        "var": 4.29597759247
    },
    "spectral_rms": {
        "dmean": 0.000441134819994,
        "dmean2": 0.000678204465657,
        "dvar": 2.39879159381e-06,
        "dvar2": 6.22894231128e-06,
        "max": 0.0117865623906,
        "mean": 0.000548905110918,
        "median": 6.71078159939e-05,
        "min": 2.17295291804e-05,
        "stdev": 0.00157911540009,
        "var": 2.4936052796e-06
    },
    "spectral_rolloff": {
        "dmean": 461.671722412,
        "dmean2": 817.17956543,
        "dvar": 387624.40625,
        "dvar2": 696276.75,
        "max": 4242.04101562,
        "mean": 876.112426758,
        "median": 387.59765625,
        "min": 21.533203125,
        "stdev": 1129.11950684,
        "var": 1274910.75
    },
    "spectral_skewness": {
        "dmean": 0.207611635327,
        "dmean2": 0.32934525609,
        "dvar": 0.137625604868,
        "dvar2": 0.338736325502,
        "max": 3.1123445034,
        "mean": 1.38593840599,
        "median": 1.52946901321,
        "min": -0.0650008097291,
        "stdev": 0.535649240017,
        "var": 0.286920100451
    },
    "spectral_spread": {
        "dmean": 453418.5625,
        "dmean2": 655780.1875,
        "dvar": 380274573312,
        "dvar2": 776060076032,
        "max": 9292473,
        "mean": 6514946.5,
        "median": 7840798.5,
        "min": 2843087,
        "stdev": 2047917.25,
        "var": 4.19396504781e+12
    },
    "spectral_strongpeak": {
        "dmean": 0.0368504412472,
        "dmean2": 0.0591805912554,
        "dvar": 0.0112695917487,
        "dvar2": 0.0254082288593,
        "max": 0.73069101572,
        "mean": 0.0363774970174,
        "median": 0,
        "min": 0,
        "stdev": 0.122793927789,
        "var": 0.0150783481076
    },
    "zerocrossingrate": {
        "dmean": 0.0122875981033,
        "dmean2": 0.0171241946518,
        "dvar": 0.000101849531347,
        "dvar2": 0.000202007446205,
        "max": 0.1162109375,
        "mean": 0.0686994716525,
        "median": 0.06982421875,
        "min": 0.0166015625,
        "stdev": 0.0190999880433,
        "var": 0.00036480955896
    },
    "barkbands": {
        "dmean": [3.9189344534e-05, 2.46643430728e-05, 2.93398643407e-05, 3.22833366226e-05, 0.000107019368443, 0.000685255159624, 0.000853736244608, 0.000160181880346, 6.58957505948e-05, 6.07521833444e-05, 0.000338649871992, 0.000268345611403, 0.000114499656775, 0.000109418862849, 5.09677265654e-05, 2.52863210335e-05, 1.99006844923e-05, 3.70772067981e-05, 0.000221345500904, 0.000901769672055, 0.000205807315069, 5.46896080778e-05, 5.14796192874e-06, 9.00356735656e-06, 1.0024199355e-06, 2.70866962637e-07, 5.63656250563e-08],
        "dmean2": [4.63521755592e-05, 3.67186075891e-05, 5.26045951119e-05, 5.69812109461e-05, 0.000176019748324, 0.00131480977871, 0.00170123204589, 0.000300974206766, 0.000114243091957, 9.48001106735e-05, 0.000623218424153, 0.00050637795357, 0.000216261149035, 0.00020178729028, 8.80958032212e-05, 4.68985090265e-05, 3.35873119184e-05, 6.44110914436e-05, 0.000402469770052, 0.0016797905555, 0.000366223830497, 0.000102196223452, 9.52477603278e-06, 1.69837330759e-05, 1.88215301478e-06, 5.22597531472e-07, 1.10719106772e-07],
        "dvar": [1.24105374866e-08, 4.93752549957e-09, 1.58488653312e-08, 1.90305229353e-08, 1.96500408833e-07, 1.10857599793e-05, 1.89202037291e-05, 6.23526091204e-07, 9.8665537962e-08, 5.67787132866e-08, 2.72271950053e-06, 1.73333785369e-06, 3.1228941566e-07, 2.97171141028e-07, 5.0011543351e-08, 1.51047245822e-08, 7.34429939087e-09, 2.54024001833e-08, 1.1113858136e-06, 1.86455981748e-05, 8.08225763649e-07, 7.10109731017e-08, 6.98944846445e-10, 2.57211896226e-09, 3.30781721458e-11, 3.7140694166e-12, 2.2567006857e-13],
        "dvar2": [1.50282293276e-08, 1.17297656033e-08, 3.29366436347e-08, 3.88415131169e-08, 3.67273997881e-07, 3.29024114762e-05, 5.66079761484e-05, 1.84080795407e-06, 2.71444918098e-07, 1.39132197319e-07, 7.70935093897e-06, 5.02927650814e-06, 9.05220360892e-07, 8.34360889712e-07, 1.33584293849e-07, 4.36498623912e-08, 2.02223358059e-08, 6.85949004264e-08, 3.13883992931e-06, 5.38108251931e-05, 2.25660596698e-06, 2.04004592774e-07, 2.00798955241e-09, 7.46398853835e-09, 9.62879775912e-11, 1.10212941204e-11, 6.74779351319e-13],
        "max": [0.00136342551559, 0.000619292026386, 0.001024995232, 0.00107659806963, 0.00351382209919, 0.0254066344351, 0.0304450616241, 0.00580277759582, 0.00306404824369, 0.00180773378816, 0.0142149701715, 0.0101282661781, 0.00377088459209, 0.00495097739622, 0.00164586363826, 0.000924364780076, 0.000730315688998, 0.00109484186396, 0.00732998782769, 0.0316497497261, 0.00670312903821, 0.00222292169929, 0.000230409961659, 0.000471383769764, 5.38996500836e-05, 1.91846065718e-05, 4.81792767459e-06],
        "mean": [5.41289809917e-05, 3.06627225655e-05, 2.64805403276e-05, 3.12898191623e-05, 0.000107324303826, 0.000448751758086, 0.000489533063956, 0.000110797140223, 4.36996342614e-05, 4.99455127283e-05, 0.000213098333916, 0.000153246044647, 6.70366134727e-05, 7.02053439454e-05, 3.64547304343e-05, 1.61217540153e-05, 1.5565467038e-05, 2.42981368501e-05, 0.000139966345159, 0.000556291255634, 0.000137519615237, 3.3156509744e-05, 3.08550215777e-06, 5.31230580236e-06, 5.96580434831e-07, 1.63215005955e-07, 4.71201815344e-08],
        "median": [2.53439907283e-06, 4.6813931931e-07, 4.93157870096e-07, 1.99354460051e-07, 1.62978281537e-07, 5.80547450113e-08, 4.21052703814e-08, 2.69974762546e-08, 2.63943444878e-08, 2.53883278845e-08, 2.32148753554e-08, 1.80069310574e-08, 1.61909277097e-08, 1.37586280147e-08, 1.28710029301e-08, 1.03967741083e-08, 9.9637746942e-09, 9.31802635051e-09, 9.75336877929e-09, 9.68144764357e-09, 9.70378533083e-09, 8.90098306172e-09, 8.54171133824e-09, 9.43468503323e-09, 1.37983109383e-08, 1.56857478117e-08, 1.89465456657e-08],
        "min": [4.84889852714e-08, 1.63198627945e-08, 8.05086628475e-08, 3.98086186237e-08, 1.47689860341e-08, 7.26166682341e-09, 3.68104235982e-09, 1.67201608114e-09, 2.41426900693e-09, 2.18678541941e-09, 1.24005450353e-09, 9.85077575066e-10, 1.34484945402e-09, 6.52941201107e-10, 3.83158393902e-10, 4.79289163913e-10, 7.78679620783e-10, 7.71766095475e-10, 1.02986885686e-09, 9.92721460591e-10, 1.14889509018e-09, 1.411455397e-09, 1.30170074719e-09, 1.802026528e-09, 2.27053598145e-09, 2.87951817945e-09, 4.33365698882e-09],
        "stdev": [0.00017201481387, 8.82231033756e-05, 0.000125546241179, 0.000143204204505, 0.000483945739688, 0.00254726712592, 0.00318828993477, 0.000607999507338, 0.000253497215454, 0.000222583388677, 0.00128869374748, 0.000983608537354, 0.000418604060542, 0.000425541045843, 0.000187232712051, 9.37447039178e-05, 7.22912445781e-05, 0.000131472523208, 0.000822805275675, 0.00329776760191, 0.000721509917639, 0.000201817936613, 2.01302973437e-05, 3.81247118639e-05, 4.28416115028e-06, 1.39141241107e-06, 3.38422552204e-07],
        "var": [2.95890938418e-08, 7.78331621376e-09, 1.57618575969e-08, 2.05074446313e-08, 2.34203483274e-07, 6.48856939733e-06, 1.01651921796e-05, 3.69663410993e-07, 6.42608384283e-08, 4.95433667425e-08, 1.6607316411e-06, 9.67485789261e-07, 1.75229359911e-07, 1.8108516997e-07, 3.50560895868e-08, 8.7880698274e-09, 5.22602450204e-09, 1.72850231905e-08, 6.77008529237e-07, 1.0875271073e-05, 5.20576520557e-07, 4.07304803218e-08, 4.05228878231e-10, 1.45349376979e-09, 1.83540370402e-11, 1.93602837754e-12, 1.14529832016e-13]
    },
    "erbbands": {
        "dmean": [0.00153101061005, 0.00347691099159, 0.0263581555337, 0.0828340128064, 0.177111819386, 0.444347143173, 1.12633037567, 7.71958494186, 12.1053514481, 9.57265758514, 2.85786509514, 1.39567112923, 2.08361983299, 4.66451454163, 19.2095317841, 6.45904588699, 3.48338866234, 8.32566928864, 3.26604270935, 1.7171407938, 1.63431501389, 0.947234928608, 1.08583378792, 4.9310297966, 18.5369682312, 42.2900924683, 21.9355964661, 4.20593976974, 2.45975828171, 0.548184514046, 0.098621584475, 0.072410941124, 0.204963222146, 0.0334540009499, 0.00721310963854, 0.00196786411107, 0.00038981216494, 8.34267484606e-05, 1.52798875206e-05, 6.41546557745e-06],
        "dmean2": [0.00217403052375, 0.00555195054039, 0.0446125008166, 0.142711028457, 0.262810468674, 0.765731751919, 1.94574522972, 14.8092069626, 23.8758831024, 19.0415248871, 5.27514791489, 2.46363139153, 3.27920293808, 7.87176847458, 36.4370002747, 11.7520647049, 6.50710964203, 15.5821399689, 5.85702323914, 2.85511541367, 2.97737717628, 1.55826830864, 1.89197421074, 8.37097072601, 33.7973670959, 78.4923477173, 39.8841514587, 7.45709753036, 4.6418132782, 1.01899802685, 0.177255645394, 0.131323888898, 0.3889785707, 0.0634072199464, 0.0135801983997, 0.00375554710627, 0.00076271337457, 0.000163686447195, 2.94405599561e-05, 1.16255350804e-05],
        "dvar": [1.578055344e-05, 0.000156793030328, 0.0110910907388, 0.1388002038, 0.493293225765, 3.70355987549, 24.5548191071, 1390.97167969, 3871.72070312, 2249.83666992, 193.054199219, 44.8479347229, 69.4061126709, 403.810913086, 9609.92480469, 894.479370117, 278.93371582, 1697.94470215, 207.052642822, 54.4276313782, 62.4329147339, 16.0993843079, 21.7448482513, 397.904388428, 7758.81005859, 41528.375, 9845.16210938, 357.349731445, 144.999847412, 6.84959125519, 0.213491350412, 0.135727271438, 1.53709483147, 0.0395423732698, 0.00190316082444, 0.0001878333278, 7.4616132224e-06, 4.29333681495e-07, 1.26795933753e-08, 9.07731445565e-10],
        "dvar2": [3.65937194147e-05, 0.000321432278724, 0.0242291763425, 0.282475799322, 1.05233216286, 6.94004058838, 68.4086380005, 4124.93798828, 11539.453125, 6794.98828125, 558.482543945, 125.624176025, 170.189239502, 1082.77954102, 27855.6699219, 2535.49975586, 801.875793457, 4843.33203125, 570.873718262, 145.278015137, 179.990219116, 43.3998985291, 59.1653709412, 1054.80126953, 22099.4726562, 120427.992188, 28015.0371094, 1012.44744873, 417.123352051, 19.7181663513, 0.595263123512, 0.383579343557, 4.48183965683, 0.115399621427, 0.00554580846801, 0.00055353587959, 2.21871505346e-05, 1.28172644054e-06, 3.77561697462e-08, 2.61274402114e-09],
        "max": [0.0328460037708, 0.105370238423, 0.882229089737, 2.93438816071, 6.81172418594, 14.38194561, 36.079536438, 285.446075439, 431.412994385, 318.869262695, 107.719711304, 62.7441177368, 70.4603424072, 149.881729126, 809.105895996, 224.547622681, 114.726547241, 338.718963623, 106.154380798, 59.7814407349, 61.0163917542, 32.5019035339, 34.4783821106, 136.350204468, 622.445129395, 1507.41748047, 715.567443848, 125.441268921, 95.3775634766, 19.798084259, 3.45759630203, 3.24732875824, 12.1348562241, 1.9051721096, 0.429413050413, 0.138534188271, 0.0263292845339, 0.00660700723529, 0.00113915570546, 0.000218942223],
        "mean": [0.00200609583408, 0.00376510526985, 0.0223454013467, 0.0798483714461, 0.159000322223, 0.447768598795, 0.834056138992, 5.11142778397, 7.05076551437, 5.52265644073, 1.98386859894, 0.912754654884, 1.63182580471, 3.38819503784, 11.2426233292, 3.93983149529, 2.107452631, 5.04707622528, 2.22405099869, 1.22516381741, 1.10173881054, 0.740917623043, 0.714005589485, 3.36259531975, 11.5508031845, 26.0461273193, 13.9349336624, 2.78127408028, 1.49878466129, 0.327637642622, 0.0635378658772, 0.0456663072109, 0.119498685002, 0.0196770522743, 0.00431756163016, 0.00117018993478, 0.000232402031543, 5.45265611436e-05, 1.11163708425e-05, 4.41604879597e-06],
        "median": [3.75965537387e-05, 4.16177426814e-05, 0.000336686440278, 0.000941146747209, 0.000218893372221, 0.000593007018324, 0.000847454124596, 0.00050293939421, 0.000772544939537, 0.000574691803195, 0.000486742559588, 0.000668615859468, 0.000765017175581, 0.000916465534829, 0.000875444558915, 0.000771325139794, 0.000675386516377, 0.000716135546099, 0.000681541161612, 0.000643783481792, 0.000606424116995, 0.000560889893677, 0.000548450392671, 0.000507249555085, 0.000498552457429, 0.000454154767795, 0.000438575429143, 0.000359158351785, 0.000326228298945, 0.000280589680187, 0.000243075832259, 0.000191735278349, 0.000162465687026, 0.000141672950122, 0.000105983192043, 5.99817540206e-05, 2.90347652481e-05, 1.15694656415e-05, 2.99839416584e-06, 2.73492474889e-07],
        "min": [1.40219356126e-06, 6.1169730543e-06, 7.05052443664e-05, 0.000155514659127, 5.92252436036e-05, 3.48177891283e-05, 0.000135277266963, 6.37792836642e-05, 4.78080291941e-05, 4.32593369624e-05, 3.93098853237e-05, 4.10536595155e-05, 8.98658036022e-05, 6.24723106739e-05, 4.50351872132e-05, 4.20507276431e-05, 6.81492456351e-05, 4.32468405052e-05, 2.49862459896e-05, 2.17624037759e-05, 2.84207744699e-05, 4.04677921324e-05, 3.50028603862e-05, 4.97564178659e-05, 5.44951908523e-05, 4.68612342956e-05, 4.97134351463e-05, 4.49807084806e-05, 4.26583028457e-05, 6.3031053287e-05, 3.00706778944e-05, 3.61398779205e-05, 2.84365014522e-05, 2.22478283831e-05, 1.6150128431e-05, 1.07292562461e-05, 5.39159555046e-06, 2.31038984566e-06, 6.58686531096e-07, 5.87329047619e-08],
        "stdev": [0.00561009394005, 0.0135662620887, 0.103279344738, 0.381551206112, 0.728039979935, 2.06354498863, 4.17405033112, 28.7015171051, 45.7667388916, 34.798576355, 10.868686676, 5.29525184631, 7.60816240311, 17.0941314697, 73.4994430542, 23.1816425323, 12.6861972809, 31.4352436066, 11.6055641174, 6.27694559097, 6.0909318924, 3.4590818882, 3.8334376812, 16.9053249359, 68.18334198, 155.244049072, 77.1114578247, 14.9695796967, 9.10717964172, 1.98256158829, 0.367616534233, 0.28722396493, 0.924695014954, 0.148308396339, 0.0324886143208, 0.0100111672655, 0.0019649034366, 0.000468135782285, 8.10206111055e-05, 2.34134859056e-05],
        "var": [3.14731514663e-05, 0.000184043470654, 0.0106666227803, 0.145581319928, 0.530042231083, 4.25821781158, 17.4226970673, 823.777099609, 2094.59448242, 1210.94091797, 118.128341675, 28.0396900177, 57.8841323853, 292.209350586, 5402.16845703, 537.388549805, 160.939590454, 988.174499512, 134.689117432, 39.4000473022, 37.0994491577, 11.9652471542, 14.6952447891, 285.790008545, 4648.96777344, 24100.7148438, 5946.17724609, 224.088302612, 82.9407272339, 3.93055057526, 0.135141909122, 0.0824976041913, 0.855060875416, 0.0219953805208, 0.00105551013257, 0.000100223478512, 3.86084593629e-06, 2.19151104375e-07, 6.56433929436e-09, 5.48191325667e-10]
    },
    "gfcc": {
        "mean": [-384.928131104, 60.3722457886, -81.9745788574, 18.947675705, -43.1623077393, 3.44643521309, -19.07563591, 1.39146971703, -24.9134731293, 7.3194694519, -8.85561084747, 0.955661654472, -3.79634451866],
        "cov": [[21290.5332031, 3603.17504883, -5498.90869141, 1424.82067871, -2497.65039062, -1318.80200195, 686.525756836, -618.101623535, -575.639709473, 1022.59936523, 998.545471191, -537.052612305, 1131.43054199], [3603.17504883, 987.711975098, -1017.36505127, 213.989120483, -444.942962646, -321.524230957, 231.477493286, -95.9021224976, -129.258087158, 263.673736572, 219.948989868, -57.2023162842, 280.342651367], [-5498.90869141, -1017.36505127, 1592.14807129, -306.825286865, 655.586730957, 367.116210938, -228.307281494, 179.530181885, 178.092300415, -284.053955078, -271.796844482, 118.546363831, -310.079345703], [1424.82067871, 213.989120483, -306.825286865, 252.965698242, -148.220825195, -104.030319214, 32.6164970398, -46.8674087524, -8.62359333038, 79.2266769409, 50.1797027588, -79.2223510742, 81.758972168], [-2497.65039062, -444.942962646, 655.586730957, -148.220825195, 329.391479492, 177.516387939, -82.3124771118, 71.9168624878, 68.3436889648, -129.175613403, -127.902130127, 61.4612503052, -137.822280884], [-1318.80200195, -321.524230957, 367.116210938, -104.030319214, 177.516387939, 149.627609253, -70.1455459595, 40.7207260132, 46.0144004822, -102.2213974, -72.3820495605, 35.8111457825, -96.6786422729], [686.525756836, 231.477493286, -228.307281494, 32.6164970398, -82.3124771118, -70.1455459595, 88.0281524658, -11.0470504761, -35.8573379517, 69.6556091309, 44.2762565613, -5.36923694611, 66.6919937134], [-618.101623535, -95.9021224976, 179.530181885, -46.8674087524, 71.9168624878, 40.7207260132, -11.0470504761, 44.3872070312, 26.1447811127, -31.4396877289, -29.4360866547, 18.6144866943, -29.0141487122], [-575.639709473, -129.258087158, 178.092300415, -8.62359333038, 68.3436889648, 46.0144004822, -35.8573379517, 26.1447811127, 54.1301422119, -24.2851047516, -25.3684329987, 11.7762336731, -32.0280761719], [1022.59936523, 263.673736572, -284.053955078, 79.2266769409, -129.175613403, -102.2213974, 69.6556091309, -31.4396877289, -24.2851047516, 116.048973083, 76.5601196289, -17.1305770874, 84.2139816284], [998.545471191, 219.948989868, -271.796844482, 50.1797027588, -127.902130127, -72.3820495605, 44.2762565613, -29.4360866547, -25.3684329987, 76.5601196289, 81.2718048096, -6.6269030571, 68.3304824829], [-537.052612305, -57.2023162842, 118.546363831, -79.2223510742, 61.4612503052, 35.8111457825, -5.36923694611, 18.6144866943, 11.7762336731, -17.1305770874, -6.6269030571, 48.7586708069, -14.0236740112], [1131.43054199, 280.342651367, -310.079345703, 81.758972168, -137.822280884, -96.6786422729, 66.6919937134, -29.0141487122, -32.0280761719, 84.2139816284, 68.3304824829, -14.0236740112, 102.040206909]],
        "icov": [[0.00189012603369, -0.00172508100513, 0.00394297298044, -0.00436871033162, 0.00708911940455, -0.00646673422307, 0.00671185972169, -0.00585566041991, 0.00583753734827, -0.00437908060849, 0.00270497519523, -0.00166318914853, 6.65526895318e-05], [-0.00172508100513, 0.0125777218491, -0.00364786572754, 0.00630134250969, -0.00806446839124, 0.0153297428042, -0.0191379580647, 0.008395511657, -0.00647631334141, 0.010891597718, -0.015650222078, 0.00813669618219, -0.0124578755349], [0.00394297298044, -0.00364786572754, 0.0153107661754, -0.00956650450826, 0.00572078628466, -0.0120641766116, 0.0241375863552, -0.0243330672383, 0.0131250722334, -0.014192212373, 0.0095191905275, -0.00610271748155, 0.00271450937726], [-0.00436871033162, 0.00630134250969, -0.00956650450826, 0.0275085102767, -0.0223097298294, 0.02078897506, -0.0193829871714, 0.0242228172719, -0.0275297090411, 0.0160279497504, -0.0158780645579, 0.0338010489941, -0.0174543876201], [0.00708911940455, -0.00806446839124, 0.00572078628466, -0.0223097298294, 0.0624302588403, -0.0404582172632, 0.0147400619462, -0.014206526801, 0.0248365458101, -0.0248708296567, 0.0359507128596, -0.0300856847316, 0.0112405158579], [-0.00646673422307, 0.0153297428042, -0.0120641766116, 0.02078897506, -0.0404582172632, 0.0671958699822, -0.0372725836933, 0.0276511907578, -0.036203853786, 0.0443328693509, -0.0382350794971, 0.0151832485572, -0.00274869520217], [0.00671185972169, -0.0191379580647, 0.0241375863552, -0.0193829871714, 0.0147400619462, -0.0372725836933, 0.097685188055, -0.0643972977996, 0.0518632791936, -0.0575259849429, 0.0426402799785, -0.0209924057126, 0.00179173075594], [-0.00585566041991, 0.008395511657, -0.0243330672383, 0.0242228172719, -0.014206526801, 0.0276511907578, -0.0643972977996, 0.0986622050405, -0.0552931688726, 0.043843422085, -0.0224460363388, 0.0194950327277, -0.0101655665785], [0.00583753734827, -0.00647631334141, 0.0131250722334, -0.0275297090411, 0.0248365458101, -0.036203853786, 0.0518632791936, -0.0552931688726, 0.0789285600185, -0.0435019023716, 0.0240860451013, -0.0273511800915, 0.00542135629803], [-0.00437908060849, 0.010891597718, -0.014192212373, 0.0160279497504, -0.0248708296567, 0.0443328693509, -0.0575259849429, 0.043843422085, -0.0435019023716, 0.0786568745971, -0.0589753724635, 0.0268358029425, -0.0142506957054], [0.00270497519523, -0.015650222078, 0.0095191905275, -0.0158780645579, 0.0359507128596, -0.0382350794971, 0.0426402799785, -0.0224460363388, 0.0240860451013, -0.0589753724635, 0.101167403162, -0.050145175308, 0.0143279973418], [-0.00166318914853, 0.00813669618219, -0.00610271748155, 0.0338010489941, -0.0300856847316, 0.0151832485572, -0.0209924057126, 0.0194950327277, -0.0273511800915, 0.0268358029425, -0.050145175308, 0.0960882306099, -0.0404749438167], [6.65526895318e-05, -0.0124578755349, 0.00271450937726, -0.0174543876201, 0.0112405158579, -0.00274869520217, 0.00179173075594, -0.0101655665785, 0.00542135629803, -0.0142506957054, 0.0143279973418, -0.0404749438167, 0.0723445340991]]
    },
    "melbands": {
        "dmean": [1.15259344966e-05, 1.04199270936e-05, 1.47779992403e-05, 2.2786343834e-05, 3.34411051881e-05, 0.000163056931342, 0.000188824385987, 8.67657436174e-05, 1.82364728971e-05, 9.18999739952e-06, 9.91718115984e-06, 1.53361997945e-05, 5.75356098125e-05, 3.81526224373e-05, 4.52262293038e-06, 1.43794577525e-05, 1.4424944311e-05, 4.78270749227e-06, 3.9134065446e-06, 1.08621566142e-06, 2.32847082771e-06, 1.11835140615e-06, 4.49763547294e-07, 1.80339429789e-06, 3.69169993064e-06, 9.30062651605e-06, 1.65328237927e-05, 3.46369197359e-05, 1.88383892237e-05, 4.13577936342e-06, 1.83361350992e-06, 1.59865373917e-06, 6.74677778534e-07, 1.59472236305e-07, 4.19460626233e-08, 4.57624089734e-08, 4.26413500065e-08, 1.32537365971e-07, 1.116853241e-07, 9.15353481901e-09],
        "dmean2": [1.52776265168e-05, 1.8167826056e-05, 2.61724162556e-05, 3.66085769201e-05, 5.47455892956e-05, 0.000312366755679, 0.000373239890905, 0.00017192903033, 3.38606041623e-05, 1.5991528926e-05, 1.55362195073e-05, 2.51931596722e-05, 0.000108229658508, 7.12365144864e-05, 8.18426906335e-06, 2.70108885161e-05, 2.69583397312e-05, 8.6432792159e-06, 6.39451172901e-06, 1.94878953153e-06, 4.28976454714e-06, 1.82905421298e-06, 7.57263023843e-07, 3.15769807457e-06, 6.18671401753e-06, 1.6691727069e-05, 2.96521557175e-05, 6.54457981e-05, 3.47555578628e-05, 7.24266465113e-06, 3.35936101692e-06, 2.99968451145e-06, 1.25311385091e-06, 2.98503920249e-07, 7.50368371882e-08, 7.93539456367e-08, 7.83606353139e-08, 2.51613698765e-07, 2.11842973386e-07, 1.73720753338e-08],
        "dvar": [8.60082560727e-10, 1.85227255756e-09, 4.27916635459e-09, 9.00375773938e-09, 2.00845473586e-08, 6.33623699287e-07, 9.3068950946e-07, 1.8340489305e-07, 7.75428077304e-09, 2.07266559471e-09, 1.55422830161e-09, 4.28131485819e-09, 8.46639238716e-08, 3.46519861694e-08, 4.76760519952e-10, 4.94598806355e-09, 5.13859665929e-09, 4.20967538606e-10, 2.67508154517e-10, 3.10217095068e-11, 1.39139852418e-10, 2.2735638025e-11, 3.97288495504e-12, 6.12321235383e-11, 2.11681297491e-10, 1.93239002577e-09, 5.72063241222e-09, 2.92679267488e-08, 7.45001260682e-09, 3.83886200606e-10, 7.45596639984e-11, 6.54155202229e-11, 9.85880127535e-12, 7.40550795599e-13, 3.91576961828e-14, 4.97999875387e-14, 5.70560376831e-14, 5.92133655476e-13, 5.01694605998e-13, 2.47894716398e-15],
        "dvar2": [1.610964806e-09, 3.83309073371e-09, 8.25158252837e-09, 1.75478671594e-08, 5.31055732722e-08, 1.88088984032e-06, 2.7769119697e-06, 5.53633356049e-07, 2.22897185154e-08, 5.74962077948e-09, 3.78683617797e-09, 1.13064002605e-08, 2.43748701223e-07, 1.00111776646e-07, 1.34905520088e-09, 1.42948666237e-08, 1.46148861901e-08, 1.16294018859e-09, 6.95925816974e-10, 8.71553385018e-11, 4.05406846982e-10, 6.11198799905e-11, 1.04943822729e-11, 1.66477304164e-10, 5.51537204796e-10, 5.38620525958e-09, 1.61606639182e-08, 8.5383206283e-08, 2.13198241283e-08, 1.07159403573e-09, 2.14191248071e-10, 1.88698251469e-10, 2.83075368701e-11, 2.16013990549e-12, 1.09689601152e-13, 1.35870169824e-13, 1.63570261394e-13, 1.72376815512e-12, 1.46582680889e-12, 7.21620740864e-15],
        "max": [0.000287281174678, 0.000356599251973, 0.000554071622901, 0.000813582271803, 0.00103405816481, 0.00607388000935, 0.00667257560417, 0.00290541956201, 0.000700013886672, 0.000450318679214, 0.000329499598593, 0.000539964879863, 0.00245938193984, 0.00144493370317, 0.000162311465829, 0.000493877625559, 0.000605433771852, 0.00014776311582, 0.000124609548948, 5.50858021597e-05, 9.25999047467e-05, 4.01908582717e-05, 1.49985917233e-05, 5.23451817571e-05, 0.000100335892057, 0.000316858000588, 0.0005444601411, 0.00129544537049, 0.000583369692322, 0.000168649450643, 6.56276897644e-05, 7.09420783096e-05, 2.09792524402e-05, 7.80047776061e-06, 1.44931607338e-06, 1.92980110114e-06, 2.29781767302e-06, 7.26323060007e-06, 7.06700848241e-06, 4.03698265927e-07],
        "mean": [1.72418112925e-05, 9.67579035205e-06, 1.52647371578e-05, 2.17789074668e-05, 2.68573694484e-05, 0.000106756968307, 0.000109834196337, 5.1172588428e-05, 1.26389813886e-05, 6.05243121754e-06, 7.86543932918e-06, 1.16334385893e-05, 3.45447442669e-05, 2.22089438466e-05, 2.82948940367e-06, 8.45730755827e-06, 8.82514177647e-06, 3.2512400594e-06, 2.79895243693e-06, 7.48917557303e-07, 1.54696431309e-06, 9.09755101475e-07, 3.10085965793e-07, 1.17224465157e-06, 2.56581233771e-06, 6.04161232332e-06, 1.05205108412e-05, 2.10229827644e-05, 1.17402214528e-05, 2.84113366433e-06, 1.16122339477e-06, 9.58665850703e-07, 4.05785868907e-07, 9.26652177213e-08, 2.73099338699e-08, 3.05535543532e-08, 2.6392568131e-08, 7.71835928504e-08, 6.54821548096e-08, 5.29042809561e-09],
        "median": [3.83846554541e-07, 1.4808021831e-07, 1.33301909955e-07, 2.19187974437e-08, 3.4412252603e-08, 1.21057430746e-08, 1.01930304197e-08, 6.65403376843e-09, 3.87271503755e-09, 3.98950072977e-09, 3.72728292675e-09, 3.46944184493e-09, 2.87818502365e-09, 2.2418373824e-09, 1.65608804448e-09, 1.4217365063e-09, 1.33990407658e-09, 1.1413510137e-09, 8.71379968181e-10, 8.12601819167e-10, 7.02799374253e-10, 5.99854832473e-10, 5.11948039517e-10, 4.80581907603e-10, 4.15518314201e-10, 3.75880188086e-10, 3.40364486595e-10, 2.9848440386e-10, 2.75089173662e-10, 2.35572783502e-10, 2.0510698695e-10, 1.9012416641e-10, 1.65690100529e-10, 1.49069770417e-10, 1.39453407155e-10, 1.25112531446e-10, 1.17687068424e-10, 1.12115282336e-10, 1.13916251432e-10, 1.26492621932e-10],
        "min": [1.31583695051e-08, 2.89477775084e-08, 2.35818973238e-08, 2.67202548976e-09, 4.79434936196e-09, 1.61251967334e-09, 7.17743808831e-10, 4.34933089544e-10, 3.04815117591e-10, 3.10937664505e-10, 4.37645114593e-10, 2.33860930621e-10, 1.49064066646e-10, 9.79918368671e-11, 1.14493352299e-10, 1.5995138547e-10, 7.06491046221e-11, 3.96038792039e-11, 3.01049324358e-11, 3.43470946129e-11, 3.24412614827e-11, 4.46559629552e-11, 2.62899060161e-11, 4.21338797185e-11, 3.78362619013e-11, 4.60272028824e-11, 2.78850692537e-11, 3.28146572415e-11, 3.44173960165e-11, 2.40953697966e-11, 2.60076439551e-11, 2.2162469776e-11, 2.9452995598e-11, 3.56377496957e-11, 1.60173124764e-11, 1.82467929655e-11, 2.4287023781e-11, 1.98810534008e-11, 1.77594119966e-11, 2.01841564296e-11],
        "stdev": [4.76953573525e-05, 4.33618079114e-05, 6.96487986716e-05, 0.000100460805697, 0.0001277969277, 0.000609077338595, 0.000709661864676, 0.000315845391015, 6.90422093612e-05, 3.62654755008e-05, 3.62468963431e-05, 5.69817966607e-05, 0.000220942485612, 0.000140231844853, 1.6958143533e-05, 5.28553937329e-05, 5.48976531718e-05, 1.65723613463e-05, 1.41467362482e-05, 4.457886007e-06, 8.95205630513e-06, 4.16195462094e-06, 1.69275574535e-06, 6.40429834675e-06, 1.25671276692e-05, 3.48811372533e-05, 5.95280434936e-05, 0.00012897142733, 6.63005921524e-05, 1.57212016347e-05, 6.67279982736e-06, 6.09026710663e-06, 2.38657094087e-06, 6.40023642973e-07, 1.57202933337e-07, 1.81672348276e-07, 1.82618592248e-07, 5.7465382497e-07, 5.28065640992e-07, 3.6982513052e-08],
        "var": [2.27484697746e-09, 1.88024640302e-09, 4.85095563718e-09, 1.00923740476e-08, 1.63320539315e-08, 3.7097518657e-07, 5.03619958181e-07, 9.97583171625e-08, 4.76682693318e-09, 1.31518473889e-09, 1.31383748325e-09, 3.24692495113e-09, 4.88155791345e-08, 1.96649683204e-08, 2.87578627578e-10, 2.79369283263e-09, 3.01375213674e-09, 2.74643169318e-10, 2.00130134687e-10, 1.98727475448e-11, 8.01393118532e-11, 1.73218678984e-11, 2.86542209231e-12, 4.10150351182e-11, 1.57932708578e-10, 1.21669374575e-09, 3.54358808963e-09, 1.66336278085e-08, 4.39576863798e-09, 2.47156184408e-10, 4.45262576809e-11, 3.70913542935e-11, 5.69572080472e-12, 4.09630256147e-13, 2.47127605245e-14, 3.30048420777e-14, 3.33495506059e-14, 3.30227002427e-13, 2.78853329316e-13, 1.36770621751e-15]
    },
