{
"lowlevel": {
    "average_loudness": 0.99068403244,
    "barkbands_crest": {
        "dmean": 5.22179508209,
        "dmean2": 7.15301847458,
        "dvar": 14.5433044434,
        "dvar2": 21.1012535095,
        "max": 24.4980678558,
        "mean": 15.0845394135,
        "median": 14.043431282,
        "min": 3.59132742882,
        "stdev": 6.55713653564,
        "var": 42.9960403442
    },
    "barkbands_flatness_db": {
        "dmean": 0.0858119353652,
        "dmean2": 0.113364346325,
        "dvar": 0.00662591774017,
        "dvar2": 0.00686101941392,
        "max": 0.639675796032,
        "mean": 0.229861423373,
        "median": 0.204801172018,
        "min": 0.0365934111178,
        "stdev": 0.157275646925,
        "var": 0.0247356295586
    },
    "barkbands_kurtosis": {
        "dmean": 76.9445419312,
        "dmean2": 121.829498291,
        "dvar": 11221.7910156,
        "dvar2": 26875.2558594,
        "max": 506.624145508,
        "mean": 93.1203613281,
        "median": 34.5986747742,
        "min": -1.90888535976,
        "stdev": 131.763916016,
        "var": 17361.7285156
    },
    "barkbands_skewness": {
        "dmean": 3.33898353577,
        "dmean2": 4.83302879333,
        "dvar": 10.6980762482,
        "dvar2": 18.5346317291,
        "max": 14.5825986862,
        "mean": 5.4933180809,
        "median": 5.91422367096,
        "min": -0.929904699326,
        "stdev": 4.70881795883,
        "var": 22.1729679108
    },
    "barkbands_spread": {
        "dmean": 23.2571601868,
        "dmean2": 33.4829216003,
        "dvar": 877.527954102,
        "dvar2": 1360.84020996,
        "max": 127.503578186,
        "mean": 39.2217750549,
        "median": 11.737537384,
        "min": 0.0987204164267,
        "stdev": 42.5374412537,
        "var": 1809.43395996
    },
    "dissonance": {
        "dmean": 0.0107293203473,
        "dmean2": 0.0194563493133,
        "dvar": 8.37676925585e-05,
        "dvar2": 0.000227264870773,
        "max": 0.498484104872,
        "mean": 0.484165966511,
        "median": 0.483156383038,
        "min": 0.449446380138,
        "stdev": 0.0107379136607,
        "var": 0.000115302791528
    },
    "dynamic_complexity": 4.97085094452,
    "erbbands_crest": {
        "dmean": 2.32271790504,
        "dmean2": 2.95929884911,
        "dvar": 5.33679914474,
        "dvar2": 5.69838571548,
        "max": 17.5598239899,
        "mean": 6.10288619995,
        "median": 4.53510284424,
        "min": 2.26334500313,
        "stdev": 4.11873149872,
        "var": 16.9639511108
    },
    "erbbands_flatness_db": {
        "dmean": 0.0188598670065,
        "dmean2": 0.0233904793859,
        "dvar": 0.000328215450281,
        "dvar2": 0.000667556247208,
        "max": 0.180871248245,
        "mean": 0.0688144043088,
        "median": 0.0568518638611,
        "min": 0.031329203397,
        "stdev": 0.0370088145137,
        "var": 0.00136965222191
    },
    "erbbands_kurtosis": {
        "dmean": 1.89501643181,
        "dmean2": 3.46598291397,
        "dvar": 11.7743282318,
        "dvar2": 31.3744220734,
        "max": 13.4156913757,
        "mean": 0.742948770523,
        "median": -0.526046276093,
        "min": -1.68228876591,
        "stdev": 3.36261177063,
        "var": 11.3071575165
    },
    "erbbands_skewness": {
        "dmean": 0.731512248516,
        "dmean2": 0.983283817768,
        "dvar": 0.677641391754,
        "dvar2": 0.967641949654,
        "max": 3.67446017265,
        "mean": -0.0361587554216,
        "median": -0.591335535049,
        "min": -1.23665428162,
        "stdev": 1.28427195549,
        "var": 1.64935433865
    },
    "erbbands_spread": {
        "dmean": 25.7579689026,
        "dmean2": 46.8395881653,
        "dvar": 554.334472656,
        "dvar2": 1349.48535156,
        "max": 156.869491577,
        "mean": 83.3293609619,
        "median": 84.1116333008,
        "min": 27.5005702972,
        "stdev": 34.0492019653,
        "var": 1159.3482666
    },
    "hfc": {
        "dmean": 98.694770813,
        "dmean2": 115.114501953,
        "dvar": 31142.859375,
        "dvar2": 58647.9257812,
        "max": 986.922668457,
        "mean": 114.460289001,
        "median": 0.048936907202,
        "min": 2.96506868835e-06,
        "stdev": 244.715835571,
        "var": 59885.8398438
    },
    "loudness_ebu128": {
        "integrated": -14.1072902679,
        "loudness_range": 0,
        "momentary": {
            "dmean": 0.000123977661133,
            "dmean2": 0,
            "dvar": 0,
            "dvar2": 0,
            "max": -14.1072282791,
            "mean": -14.1072902679,
            "median": -14.1072902679,
            "min": -14.1073522568,
            "stdev": 6.19888305664e-05,
            "var": 3.84261511499e-09
        },
        "short_term": {
            "dmean": 0,
            "dmean2": 0,
            "dvar": 0,
            "dvar2": 0,
            "max": -22.857831955,
            "mean": -22.857831955,
            "median": -22.857831955,
            "min": -22.857831955,
            "stdev": 0,
            "var": 0
        }
    },
    "melbands_crest": {
        "dmean": 5.38211584091,
        "dmean2": 7.99902009964,
        "dvar": 32.5637779236,
        "dvar2": 42.5489654541,
        "max": 38.9378967285,
        "mean": 27.5123329163,
        "median": 32.0813713074,
        "min": 10.9074268341,
        "stdev": 9.44561958313,
        "var": 89.2197341919
    },
    "melbands_flatness_db": {
        "dmean": 0.0963071733713,
        "dmean2": 0.139885395765,
        "dvar": 0.0103738643229,
        "dvar2": 0.0095343561843,
        "max": 0.687664628029,
        "mean": 0.302682489157,
        "median": 0.270927429199,
        "min": 0.0563537068665,
        "stdev": 0.162994131446,
        "var": 0.0265670847148
    },
    "melbands_kurtosis": {
        "dmean": 448.202056885,
        "dmean2": 713.052246094,
        "dvar": 658138.3125,
        "dvar2": 1249389.625,
        "max": 3966.58496094,
        "mean": 497.12286377,
        "median": 103.340507507,
        "min": -0.241847515106,
        "stdev": 969.454528809,
        "var": 939842.125
    },
    "melbands_skewness": {
        "dmean": 7.26055908203,
        "dmean2": 11.2578201294,
        "dvar": 57.9868545532,
        "dvar2": 105.909217834,
        "max": 52.4253463745,
        "mean": 12.628276825,
        "median": 9.0181646347,
        "min": 1.11974823475,
        "stdev": 11.2643890381,
        "var": 126.886459351
    },
    "melbands_spread": {
        "dmean": 20.2974376678,
        "dmean2": 33.4528999329,
        "dvar": 1381.01293945,
        "dvar2": 1661.70568848,
        "max": 153.611618042,
        "mean": 22.1380386353,
        "median": 4.89478588104,
        "min": 0.043721858412,
        "stdev": 37.6053085327,
        "var": 1414.15917969
    },
    "pitch_salience": {
        "dmean": 0.150516241789,
        "dmean2": 0.207266300917,
        "dvar": 0.0209713224322,
        "dvar2": 0.0309005789459,
        "max": 0.754951059818,
        "mean": 0.357483953238,
        "median": 0.279694080353,
        "min": 0.0497611388564,
        "stdev": 0.241486281157,
        "var": 0.0583156272769
    },
    "silence_rate_20dB": {
        "dmean": 0,
        "dmean2": 0,
        "dvar": 0,
        "dvar2": 0,
        "max": 1,
        "mean": 1,
        "median": 1,
        "min": 1,
        "stdev": 0,
        "var": 0
    },
    "silence_rate_30dB": {
        "dmean": 0.10000000149,
        "dmean2": 0.210526317358,
        "dvar": 0.0899999886751,
        "dvar2": 0.166204974055,
        "max": 1,
        "mean": 0.809523820877,
        "median": 1,
        "min": 0,
        "stdev": 0.39267668128,
        "var": 0.15419498086
    },
    "silence_rate_60dB": {
        "dmean": 0.10000000149,
        "dmean2": 0.210526317358,
        "dvar": 0.0899999886751,
        "dvar2": 0.166204959154,
        "max": 1,
        "mean": 0.619047641754,
        "median": 1,
        "min": 0,
        "stdev": 0.485620945692,
        "var": 0.235827714205
    },
    "spectral_centroid": {
        "dmean": 671.067077637,
        "dmean2": 906.122924805,
        "dvar": 670262.3125,
        "dvar2": 735190.5,
        "max": 3872.27954102,
        "mean": 1883.50708008,
        "median": 1713.09753418,
        "min": 156.391098022,
        "stdev": 1050.14123535,
        "var": 1102796.625
    },
    "spectral_complexity": {
        "dmean": 4.40000009537,
        "dmean2": 6.21052646637,
        "dvar": 47.6399993896,
        "dvar2": 55.3240966797,
        "max": 44,
        "mean": 9.09523773193,
        "median": 0,
        "min": 0,
        "stdev": 14.1350793839,
        "var": 199.800460815
    },
    "spectral_decrease": {
        "dmean": 7.46483586056e-09,
        "dmean2": 1.17468461625e-08,
        "dvar": 1.10133963424e-16,
        "dvar2": 3.6663688773e-16,
        "max": -1.54328774332e-17,
        "mean": -8.03618327438e-09,
        "median": -2.94281571334e-10,
        "min": -4.43635101988e-08,
        "stdev": 1.35871021101e-08,
        "var": 1.84609335312e-16
    },
    "spectral_energy": {
        "dmean": 0.027979856357,
        "dmean2": 0.0398867204785,
        "dvar": 0.00144236942288,
        "dvar2": 0.00337097677402,
        "max": 0.222414731979,
        "mean": 0.0407123230398,
        "median": 0.00134847569279,
        "min": 3.27188054428e-10,
        "stdev": 0.0675909742713,
        "var": 0.00456853955984
    },
    "spectral_energyband_high": {
        "dmean": 0.00711535895243,
        "dmean2": 0.00805407017469,
        "dvar": 0.000149861138198,
        "dvar2": 0.000274158839602,
        "max": 0.071153588593,
        "mean": 0.00882907491177,
        "median": 1.05824460661e-06,
        "min": 1.89435953035e-10,
        "stdev": 0.0179601926357,
        "var": 0.000322568550473
    },
    "spectral_energyband_low": {
        "dmean": 0.0226746089756,
        "dmean2": 0.0368385724723,
        "dvar": 0.00107017403934,
        "dvar2": 0.00346236978658,
        "max": 0.141666963696,
        "mean": 0.0245723668486,
        "median": 0.000679221877363,
        "min": 4.18349140052e-11,
        "stdev": 0.041466794908,
        "var": 0.00171949516516
    },
    "spectral_energyband_middle_high": {
        "dmean": 0.000876121805049,
        "dmean2": 0.00145142385736,
        "dvar": 2.89876061288e-06,
        "dvar2": 7.2796628956e-06,
        "max": 0.00812717620283,
        "mean": 0.0010116151534,
        "median": 1.35569280246e-06,
        "min": 3.37931141403e-11,
        "stdev": 0.00192175421398,
        "var": 3.69313920601e-06
    },
    "spectral_energyband_middle_low": {
        "dmean": 0.00390469143167,
        "dmean2": 0.006500298623,
        "dvar": 6.36647091596e-05,
        "dvar2": 0.000143437529914,
        "max": 0.0390452519059,
        "mean": 0.0052911140956,
        "median": 1.93332084564e-06,
        "min": 5.83841872417e-12,
        "stdev": 0.0103274267167,
        "var": 0.000106655737909
    },
    "spectral_entropy": {
        "dmean": 0.304308712482,
        "dmean2": 0.380000829697,
        "dvar": 0.21747520566,
        "dvar2": 0.168617129326,
        "max": 8.95666694641,
        "mean": 8.22921276093,
        "median": 8.43627262115,
        "min": 6.56454563141,
        "stdev": 0.648690640926,
        "var": 0.420799523592
    },
    "spectral_flux": {
        "dmean": 0.0397898256779,
        "dmean2": 0.0518217049539,
        "dvar": 0.00165359920356,
        "dvar2": 0.00222063949332,
        "max": 0.313086539507,
        "mean": 0.100473798811,
        "median": 0.0350010804832,
        "min": 0.000248029478826,
        "stdev": 0.112318471074,
        "var": 0.012615439482
    },
    "spectral_kurtosis": {
        "dmean": 0.842434287071,
        "dmean2": 1.18763577938,
        "dvar": 0.306664198637,
        "dvar2": 0.523970007896,
        "max": 4.9361448288,
        "mean": 2.04047012329,
        "median": 1.98567724228,
        "min": -0.332295656204,
        "stdev": 1.39332997799,
        "var": 1.94136834145
    },
    "spectral_rms": {
        "dmean": 0.00180738291238,
        "dmean2": 0.00218092254363,
        "dvar": 3.25493101627e-06,
        "dvar2": 4.64617414764e-06,
        "max": 0.0147305801511,
        "mean": 0.00388385844417,
        "median": 0.00114698999096,
        "min": 5.64984816265e-07,
        "stdev": 0.00496336398646,
        "var": 2.46349809458e-05
    },
    "spectral_rolloff": {
        "dmean": 3673.56494141,
        "dmean2": 5900.09765625,
        "dvar": 28315680,
        "dvar2": 45730740,
        "max": 18346.2890625,
        "mean": 3823.68188477,
        "median": 64.599609375,
        "min": 21.533203125,
        "stdev": 5728.34326172,
        "var": 32813916
    },
    "spectral_skewness": {
        "dmean": 0.213703155518,
        "dmean2": 0.299894571304,
        "dvar": 0.0238697268069,
        "dvar2": 0.0414588116109,
        "max": 2.01457095146,
        "mean": 1.24575185776,
        "median": 1.18968331814,
        "min": 0.708681821823,
        "stdev": 0.356215178967,
        "var": 0.126889243722
    },
    "spectral_spread": {
        "dmean": 2089397.625,
        "dmean2": 2971566.75,
        "dvar": 3.71121035674e+12,
        "dvar2": 3.27925392998e+12,
        "max": 17237284,
        "mean": 9739921,
        "median": 8668984,
        "min": 4897341,
        "stdev": 3154527.25,
        "var": 9.95104181453e+12
    },
    "spectral_strongpeak": {
        "dmean": 0.122366547585,
        "dmean2": 0.224149778485,
        "dvar": 0.0410155877471,
        "dvar2": 0.129327133298,
        "max": 0.758673608303,
        "mean": 0.124328479171,
        "median": 0,
        "min": 0,
        "stdev": 0.198826953769,
        "var": 0.0395321547985
    },
    "zerocrossingrate": {
        "dmean": 0.03857421875,
        "dmean2": 0.047440379858,
        "dvar": 0.00113012793008,
        "dvar2": 0.00127938576043,
        "max": 0.27001953125,
        "mean": 0.0856352299452,
        "median": 0.07275390625,
        "min": 0.0009765625,
        "stdev": 0.0773304775357,
        "var": 0.00598000269383
    },
    "barkbands": {
        "dmean": [0.00612113438547, 0.014661507681, 0.00657088961452, 0.00109731394332, 0.00167026463896, 0.000663958024234, 0.000480274116853, 0.000265737675363, 0.00036840789835, 0.00010784346523, 5.12916703883e-05, 1.81573104783e-05, 6.38662531856e-05, 7.51116458559e-05, 8.65612310008e-05, 8.26020695968e-05, 8.96490018931e-05, 0.000239328321186, 0.000194804350031, 0.000193101775949, 0.000247222546022, 0.000372297305148, 0.000404933147365, 0.000835835293401, 0.00140920514241, 0.00267437519506, 0.00202174624428],
        "dmean2": [0.0120231015608, 0.0276803094894, 0.0110056428239, 0.00167587026954, 0.00254794652574, 0.00132861372549, 0.00082426291192, 0.000515301944688, 0.000684212718625, 0.000165708348504, 0.00010163080151, 2.382076309e-05, 0.000104015482066, 0.000150483829202, 0.000149653336848, 0.000141530632391, 0.000179338792805, 0.000447674421594, 0.00036878552055, 0.000287768052658, 0.000447876518592, 0.000643257808406, 0.000675740418956, 0.00128156412393, 0.00194435659796, 0.00363077060319, 0.00281332293525],
        "dvar": [0.000183080803254, 0.000548163661733, 0.000173542939592, 4.58994600194e-06, 1.31190827233e-05, 2.24916811931e-06, 7.4375151371e-07, 3.13787325013e-07, 8.73470412444e-07, 5.08398727561e-08, 7.87319009987e-09, 5.50912537811e-10, 9.65322488611e-09, 2.07785060269e-08, 1.53717110152e-08, 2.08798116574e-08, 3.9306829791e-08, 2.96973382774e-07, 1.80601404054e-07, 1.30099039097e-07, 1.75416147385e-07, 3.90233424241e-07, 5.15669682954e-07, 2.28753287956e-06, 7.02080706105e-06, 2.76586742984e-05, 1.75174391188e-05],
        "dvar2": [0.000542558263987, 0.00182749994565, 0.000382551341318, 6.17752448306e-06, 3.08147391479e-05, 6.0696984292e-06, 1.83850158919e-06, 9.56595158641e-07, 2.46794729719e-06, 1.40872288057e-07, 2.33575399022e-08, 1.32363364713e-09, 2.51282763486e-08, 6.19834850113e-08, 4.25843822427e-08, 5.26428500791e-08, 1.10110129015e-07, 8.28666941288e-07, 4.97930329857e-07, 3.1113521004e-07, 5.23960352439e-07, 1.06566290015e-06, 1.27058558519e-06, 6.5288645601e-06, 1.1322534192e-05, 4.2355437472e-05, 3.97248477384e-05],
        "max": [0.0531434416771, 0.0941996052861, 0.0563600957394, 0.0109715815634, 0.0167025607079, 0.00599728571251, 0.00386838940904, 0.00230739824474, 0.00365716707893, 0.00107843370643, 0.00036707878462, 0.000132891756948, 0.000449926097644, 0.00063986092573, 0.000554475642275, 0.000648898421787, 0.000849228235893, 0.00214085890912, 0.00172174547333, 0.0019310178468, 0.00202019931749, 0.00253999046981, 0.0030832067132, 0.00752667989582, 0.0140920514241, 0.0267437528819, 0.0202174615115],
        "mean": [0.00497339526191, 0.0138129573315, 0.00674270652235, 0.0019382579485, 0.00172654364724, 0.000622769177426, 0.00046010222286, 0.000236979176407, 0.000249014177825, 0.000108457716124, 4.30877225881e-05, 3.07556620101e-05, 6.5849199018e-05, 7.44135759305e-05, 8.25708048069e-05, 7.89796758909e-05, 9.46111831581e-05, 0.000176631161594, 0.000166767786141, 0.000239597837208, 0.000279609375866, 0.000397125579184, 0.000553445774131, 0.000878938590176, 0.00183805346023, 0.00302387727425, 0.00177789607551],
        "median": [0.00053013546858, 0.000231081110542, 3.90946843254e-06, 1.60513309311e-06, 5.15350791375e-07, 2.05649413942e-07, 4.78583181973e-08, 2.5005380877e-08, 4.89561706729e-08, 8.85097861669e-08, 1.44380962297e-07, 8.76365433555e-08, 6.2651629662e-08, 9.35603736707e-08, 8.76145236361e-08, 1.46749584928e-07, 1.29807077087e-07, 1.60174991493e-07, 1.17216210072e-07, 3.41497980116e-07, 1.19966884427e-07, 2.52421244795e-07, 2.05111334139e-07, 2.01902892627e-07, 1.17780906805e-07, 8.54597104194e-08, 6.62426336007e-09],
        "min": [5.12750952808e-11, 1.66863432793e-11, 2.50375826842e-12, 1.131029298e-12, 1.23519478066e-12, 6.55656735501e-13, 2.8759395039e-13, 7.53483213323e-13, 1.71721350247e-12, 1.98047242668e-12, 1.1969161556e-12, 1.96505962544e-12, 2.39648622127e-12, 4.05144450974e-13, 2.22493464624e-12, 3.58459551104e-12, 5.53790910698e-12, 6.23629403326e-12, 4.04573293269e-12, 7.00898237019e-12, 1.25355359773e-11, 1.00943177428e-11, 7.68330711554e-12, 2.07829812388e-11, 3.31944922938e-11, 5.00714088247e-11, 6.59019019911e-11],
        "stdev": [0.0119593441486, 0.0247369110584, 0.0143889309838, 0.00354335596785, 0.00403739744797, 0.00142906827386, 0.000944169180002, 0.000534373044502, 0.000776578555815, 0.000239937522565, 8.62846063683e-05, 4.50002771686e-05, 0.00011330403504, 0.000144821722643, 0.000141978001921, 0.000155596440891, 0.000189583486645, 0.000461673655082, 0.000379439006792, 0.000454272085335, 0.000500247697346, 0.000679235265125, 0.000920711667277, 0.00176502612885, 0.00375076476485, 0.00698685087264, 0.00460422225296],
        "var": [0.00014302591444, 0.000611914729234, 0.000207041346584, 1.25553715407e-05, 1.63005788636e-05, 2.04223601941e-06, 8.91455442797e-07, 2.85554563106e-07, 6.03074227001e-07, 5.7570012757e-08, 7.4450334786e-09, 2.0250248145e-09, 1.2837803709e-08, 2.0973331516e-08, 2.01577545766e-08, 2.42102515813e-08, 3.59418983464e-08, 2.1314257026e-07, 1.43973949207e-07, 2.0636313991e-07, 2.5024775141e-07, 4.61360542658e-07, 8.47709941354e-07, 3.11531721309e-06, 1.4068236851e-05, 4.88160876557e-05, 2.11988608498e-05]
    },
    "erbbands": {
        "dmean": [0.684476256371, 2.29365110397, 6.55938196182, 6.07770347595, 7.12015628815, 3.49308133125, 3.38612413406, 6.16731929779, 8.42649078369, 4.58059167862, 3.54220271111, 7.55767154694, 5.68507146835, 1.80925774574, 1.41321861744, 0.951293945312, 3.01581788063, 3.44803309441, 4.53685855865, 3.046697855, 5.72099018097, 6.23726272583, 10.3316202164, 10.5391683578, 9.913438797, 6.83744430542, 5.32049846649, 11.0837373734, 13.3023662567, 12.7108182907, 9.78918075562, 9.31451225281, 16.9330348969, 13.0988941193, 13.1597337723, 7.2286157608, 4.89497852325, 2.13055205345, 0.358554720879, 0.0194021686912],
        "dmean2": [1.25252521038, 4.40640878677, 10.7842922211, 12.04758358, 12.0497570038, 5.88728141785, 5.35024404526, 12.6349916458, 14.7715730667, 6.50644922256, 3.99195551872, 13.828669548, 9.55336284637, 3.05009007454, 2.69539475441, 1.22329282761, 4.70386362076, 6.60986852646, 8.62525177002, 5.58897542953, 10.1308164597, 12.2716789246, 19.1479225159, 20.8475093842, 17.3784751892, 8.59928321838, 7.77172708511, 20.9836196899, 23.2075004578, 21.3317337036, 15.7127609253, 13.8960571289, 27.5754394531, 20.795085907, 17.1282501221, 10.0983419418, 5.95098209381, 2.90830469131, 0.516049265862, 0.029734455049],
        "dvar": [1.26970279217, 13.3509321213, 155.853302002, 151.457687378, 270.721435547, 42.5167274475, 50.9857254028, 161.632339478, 217.6512146, 69.9735183716, 34.4058609009, 354.589447021, 171.265884399, 9.45969867706, 6.91102313995, 1.43406188488, 20.5061225891, 47.2129554749, 42.5990943909, 19.6018829346, 128.496124268, 188.412460327, 506.898498535, 551.994018555, 452.356506348, 112.376670837, 81.9347076416, 395.845001221, 507.96295166, 554.860778809, 297.684295654, 196.504180908, 1091.94152832, 686.812133789, 612.796508789, 205.949066162, 83.1689987183, 18.1069107056, 0.575328350067, 0.00185561459512],
        "dvar2": [4.3988571167, 40.4122314453, 344.434814453, 270.3097229, 678.725280762, 66.7372817993, 93.4163818359, 444.127044678, 569.17590332, 163.543579102, 48.0205345154, 977.074829102, 470.359680176, 25.5767707825, 21.3989582062, 2.73224592209, 53.8926353455, 136.297576904, 102.958961487, 45.0035438538, 342.941070557, 530.889953613, 1387.41711426, 1533.30029297, 1189.26245117, 199.132354736, 113.891471863, 1118.78747559, 1365.98327637, 1488.08618164, 670.973144531, 369.541107178, 3169.64575195, 1070.43615723, 1060.31298828, 285.470947266, 136.06161499, 30.6825408936, 1.3381973505, 0.0044930903241],
        "max": [4.30595111847, 14.987953186, 54.9790802002, 51.865852356, 70.2533416748, 33.9064483643, 33.861240387, 46.5805244446, 59.5428161621, 42.9865837097, 35.4219360352, 75.3646621704, 56.8507080078, 16.3251514435, 11.9470806122, 7.25081682205, 20.4279079437, 31.0282440186, 27.3585891724, 20.4790267944, 49.1188278198, 57.6646003723, 90.931312561, 90.3270721436, 94.0670394897, 67.1358261108, 51.035484314, 93.4244003296, 93.6336517334, 99.8557815552, 73.2917175293, 73.4771347046, 157.839553833, 130.988922119, 131.597320557, 72.2861557007, 48.9497909546, 21.305524826, 3.58554601669, 0.194018051028],
        "mean": [0.56060397625, 2.54769921303, 6.93728113174, 7.72968816757, 6.69105386734, 4.97274208069, 4.82220554352, 4.98426532745, 7.27057123184, 5.74814653397, 4.83000421524, 5.24769735336, 4.71591186523, 2.3562579155, 1.48375844955, 1.44567716122, 3.00206160545, 3.6246316433, 4.79074048996, 3.53354144096, 4.86901855469, 6.00698328018, 8.17578887939, 8.64614868164, 9.35086345673, 10.7221307755, 10.4596176147, 12.2322101593, 14.5100231171, 14.6008853912, 15.104101181, 13.5113115311, 17.4318447113, 17.9316387177, 15.4805488586, 9.52713489532, 5.32893753052, 2.25821352005, 0.304363399744, 0.0150891402736],
        "median": [0.0178264994174, 0.0127572342753, 0.0124941971153, 0.00510647147894, 0.00303457886912, 0.00191379664466, 0.00205170223489, 0.000865387264639, 0.000717176648322, 0.000794036197476, 0.000427932129242, 0.00128067354672, 0.00170443556271, 0.00556499836966, 0.00390679063275, 0.00352414045483, 0.00310544087552, 0.00389782921411, 0.00457900436595, 0.00598380668089, 0.00848637800664, 0.00787883065641, 0.00758794648573, 0.00731273507699, 0.0115521689877, 0.0139463990927, 0.00699178874493, 0.00508400285617, 0.0095481351018, 0.00695495400578, 0.00521167553961, 0.0030789365992, 0.00425754254684, 0.00166902923957, 0.000784099276643, 0.000507317250594, 0.000114081121865, 1.40336696859e-05, 1.75132061031e-06, 2.00476347345e-06],
        "min": [1.04691122438e-09, 2.06505768041e-09, 3.20232440565e-09, 3.28386917658e-09, 4.78105022239e-09, 3.25794480283e-09, 4.24711243951e-09, 6.04998362519e-09, 3.64990415669e-09, 6.63780630461e-09, 3.14685060232e-08, 3.65557291104e-08, 2.70434732386e-08, 8.52939336937e-08, 5.95768838707e-08, 6.79215332866e-08, 9.894831976e-08, 4.66033114321e-08, 8.33733722061e-08, 1.42746387155e-07, 2.10060008499e-07, 3.35894924319e-07, 3.68826192698e-07, 1.85509975381e-07, 2.76444865221e-07, 2.92171506544e-07, 6.27825897936e-07, 3.89623465935e-07, 3.30700885343e-07, 3.43362245303e-07, 2.03552829703e-07, 4.89255342018e-07, 2.71399699159e-07, 3.09629172079e-07, 2.76737722515e-07, 2.38016085063e-07, 8.54406607687e-08, 2.89357231509e-08, 7.1081314168e-09, 1.02770869592e-09],
        "stdev": [1.11126160622, 4.21199083328, 14.0196123123, 15.1196489334, 16.5164546967, 9.78455924988, 9.98972511292, 11.4692077637, 15.1165456772, 11.4754314423, 9.55046844482, 16.0621299744, 12.2858057022, 4.08924484253, 2.80545687675, 2.15784311295, 5.20721292496, 7.0161781311, 7.88500785828, 5.88922977448, 10.9055528641, 12.6875562668, 19.7982788086, 20.0109729767, 20.9245929718, 18.0584087372, 17.1085700989, 21.9841136932, 24.5923080444, 25.5816917419, 24.731710434, 23.108089447, 36.0772972107, 35.8665046692, 33.5874862671, 20.3850269318, 12.3012504578, 5.39540958405, 0.807954490185, 0.0429167896509],
        "var": [1.2349023819, 17.7408676147, 196.549530029, 228.603790283, 272.793273926, 95.7376022339, 99.7946166992, 131.542724609, 228.50994873, 131.685516357, 91.2114562988, 257.992004395, 150.94102478, 16.7219219208, 7.87058782578, 4.6562871933, 27.1150665283, 49.2267532349, 62.1733512878, 34.6830253601, 118.931083679, 160.974090576, 391.971832275, 400.439025879, 437.838623047, 326.106109619, 292.703186035, 483.301239014, 604.781616211, 654.422912598, 611.657531738, 533.983764648, 1301.57128906, 1286.40625, 1128.1192627, 415.549346924, 151.320770264, 29.1104450226, 0.652790427208, 0.00184185092803]
    },
    "gfcc": {
        "mean": [-288.918823242, 18.1641788483, -37.0011024475, 43.700592041, -26.0394458771, 24.3480377197, -16.1360092163, 13.9755935669, -14.1155414581, 10.0500574112, -11.953830719, 5.44444656372, -8.08769226074],
        "cov": [[127526.671875, -4562.765625, 2223.03955078, -383.125183105, -2648.20874023, -1401.62402344, -3205.61181641, -279.82244873, -1175.46069336, 595.756469727, -2011.93725586, -961.069824219, -1988.04589844], [-4562.765625, 1513.46850586, 237.003387451, 513.145874023, 379.60723877, 174.802505493, 311.45123291, 17.54454422, 272.82510376, -104.174194336, 266.88458252, 25.9293937683, 157.469512939], [2223.03955078, 237.003387451, 632.068786621, -15.3640232086, 26.4230537415, -86.3296585083, 17.8389949799, -9.58195018768, 59.1041755676, -81.1504364014, -3.69509124756, -34.1385879517, -47.0529174805], [-383.125183105, 513.145874023, -15.3640232086, 386.996459961, 196.261810303, 146.412414551, 114.195495605, 18.9467811584, 99.9806594849, -44.2092094421, 126.855018616, 21.3738994598, 63.5275878906], [-2648.20874023, 379.60723877, 26.4230537415, 196.261810303, 200.340667725, 77.7083358765, 127.938919067, 7.98310852051, 80.7651062012, -50.0818481445, 107.092483521, 16.7737598419, 74.4691696167], [-1401.62402344, 174.802505493, -86.3296585083, 146.412414551, 77.7083358765, 139.941925049, 86.7287750244, 23.0221138, 20.1331157684, -15.9049959183, 55.2236099243, 58.1968154907, 48.9856376648], [-3205.61181641, 311.45123291, 17.8389949799, 114.195495605, 127.938919067, 86.7287750244, 156.406066895, 24.3610897064, 67.8637008667, -33.5852127075, 81.2304611206, 24.3421669006, 70.891166687], [-279.82244873, 17.54454422, -9.58195018768, 18.9467811584, 7.98310852051, 23.0221138, 24.3610897064, 60.0347709656, 18.1876106262, 2.07352876663, 24.9623470306, 2.72095751762, 11.4132699966], [-1175.46069336, 272.82510376, 59.1041755676, 99.9806594849, 80.7651062012, 20.1331157684, 67.8637008667, 18.1876106262, 129.701263428, -39.5034942627, 68.2757263184, -26.4756011963, 35.1750183105], [595.756469727, -104.174194336, -81.1504364014, -44.2092094421, -50.0818481445, -15.9049959183, -33.5852127075, 2.07352876663, -39.5034942627, 68.0006561279, -37.1882019043, -3.53324460983, -25.2712993622], [-2011.93725586, 266.88458252, -3.69509124756, 126.855018616, 107.092483521, 55.2236099243, 81.2304611206, 24.9623470306, 68.2757263184, -37.1882019043, 110.882263184, 18.423122406, 57.7474594116], [-961.069824219, 25.9293937683, -34.1385879517, 21.3738994598, 16.7737598419, 58.1968154907, 24.3421669006, 2.72095751762, -26.4756011963, -3.53324460983, 18.423122406, 81.9135894775, 17.5642566681], [-1988.04589844, 157.469512939, -47.0529174805, 63.5275878906, 74.4691696167, 48.9856376648, 70.891166687, 11.4132699966, 35.1750183105, -25.2712993622, 57.7474594116, 17.5642566681, 81.8919296265]],
        "icov": [[5.66490925848e-05, 5.07951108375e-06, -0.000281236105366, -0.000680572120473, 0.000466309138574, -0.000121434823086, 0.000968187581748, -0.000282160355709, 0.000186020130059, -2.63624369836e-05, 0.000551437609829, 0.000365159183275, 2.64158061327e-05], [5.07951108375e-06, 0.00252636196092, -0.00101226905826, -0.00233732815832, 0.000447577738669, 0.00117912283167, -0.00242444383912, 0.00203444180079, -0.00215137167834, -0.0022161626257, -0.00170861172955, -0.000990224420093, -0.0011427392019], [-0.000281236105366, -0.00101226905826, 0.0047025331296, 0.0032129981555, -0.00226599909365, 0.00431731715798, -0.00660408241674, -0.000315505662002, -0.000524474773556, 0.00527443317696, -0.000379587261705, -0.00306191039272, 0.00334487529472], [-0.000680572120473, -0.00233732815832, 0.0032129981555, 0.0211299657822, -0.0145432744175, -0.0128116793931, -0.00212905160151, 0.00343349319883, -0.00270775612444, -0.000709782470949, -0.0102550936863, 0.00183784647379, 0.00346169923432], [0.000466309138574, 0.000447577738669, -0.00226599909365, -0.0145432744175, 0.0268791951239, 0.00701720966026, -0.00515369139612, 0.00232094386593, 0.00298161408864, 0.0029119825922, -0.0013808804797, 0.00135089736432, -0.00376086775213], [-0.000121434823086, 0.00117912283167, 0.00431731715798, -0.0128116793931, 0.00701720966026, 0.0357495099306, -0.0191286467016, -0.00467911548913, 0.000598679471295, 0.00577672477812, 0.00592389376834, -0.0180860068649, -0.00212321826257], [0.000968187581748, -0.00242444383912, -0.00660408241674, -0.00212905160151, -0.00515369139612, -0.0191286467016, 0.0446754135191, -0.00835847388953, 0.000327173096593, -0.00381302903406, 0.00866651535034, 0.0106567377225, -0.00507132243365], [-0.000282160355709, 0.00203444180079, -0.000315505662002, 0.00343349319883, 0.00232094386593, -0.00467911548913, -0.00835847388953, 0.0254080165178, -0.00399641832337, -0.00644487747923, -0.0130726136267, 0.00098224368412, -0.000488346850034], [0.000186020130059, -0.00215137167834, -0.000524474773556, -0.00270775612444, 0.00298161408864, 0.000598679471295, 0.000327173096593, -0.00399641832337, 0.0198745056987, 0.00598762184381, -0.00337462476455, 0.0095118638128, 0.00130685290787], [-2.63624369836e-05, -0.0022161626257, 0.00527443317696, -0.000709782470949, 0.0029119825922, 0.00577672477812, -0.00381302903406, -0.00644487747923, 0.00598762184381, 0.0289806500077, 0.0069170249626, -0.000423864432378, 0.00688275974244], [0.000551437609829, -0.00170861172955, -0.000379587261705, -0.0102550936863, -0.0013808804797, 0.00592389376834, 0.00866651535034, -0.0130726136267, -0.00337462476455, 0.0069170249626, 0.0380166843534, -0.0046404749155, -0.00578723987564], [0.000365159183275, -0.000990224420093, -0.00306191039272, 0.00183784647379, 0.00135089736432, -0.0180860068649, 0.0106567377225, 0.00098224368412, 0.0095118638128, -0.000423864432378, -0.0046404749155, 0.0283546671271, 0.000786258140579], [2.64158061327e-05, -0.0011427392019, 0.00334487529472, 0.00346169923432, -0.00376086775213, -0.00212321826257, -0.00507132243365, -0.000488346850034, 0.00130685290787, 0.00688275974244, -0.00578723987564, 0.000786258140579, 0.0289094746113]]
    },
    "melbands": {
        "dmean": [0.00533552188426, 0.00270737847313, 0.000962255697232, 0.000406790932175, 0.000102872494608, 0.000142817705637, 0.000123003483168, 5.38048843737e-05, 3.92299771192e-05, 4.61347735836e-05, 2.70519522019e-05, 6.81876281305e-06, 5.19392506249e-06, 2.55271288552e-06, 5.44374688616e-06, 6.33901572655e-06, 6.22079551249e-06, 7.4146555562e-06, 4.43931367045e-06, 3.89346450902e-06, 8.07670221548e-06, 5.0608427955e-06, 1.23087502288e-05, 8.05329909781e-06, 8.78430637385e-06, 8.00970701675e-06, 6.77491834722e-06, 4.35196125181e-06, 3.77319111067e-06, 7.67837900639e-06, 6.26338669463e-06, 7.3841270023e-06, 6.89038006385e-06, 8.06434036349e-06, 6.23233427177e-06, 7.16086287866e-06, 6.27871941106e-06, 1.10023629531e-05, 1.32881787067e-05, 1.07308678707e-05],
        "dmean2": [0.00977410655469, 0.00497837550938, 0.00193934421986, 0.000703006400727, 0.000151421365445, 0.000292932061711, 0.000216237152927, 8.91871895874e-05, 5.2562172641e-05, 8.41356886667e-05, 4.52272070106e-05, 1.01490686575e-05, 1.06162988232e-05, 3.71766805074e-06, 8.4042776507e-06, 1.14610038509e-05, 1.25964825202e-05, 1.44542500493e-05, 7.90141984908e-06, 7.49615355744e-06, 1.47972741615e-05, 9.97143615677e-06, 2.36586165556e-05, 1.42894450619e-05, 1.74209944817e-05, 1.50047935676e-05, 1.02775611595e-05, 6.25079837846e-06, 4.32227898273e-06, 1.41488117151e-05, 1.14128488349e-05, 1.35616219268e-05, 1.13906289698e-05, 1.41277878356e-05, 1.08093818199e-05, 9.82542314887e-06, 8.77566071722e-06, 1.89689217223e-05, 2.14386236621e-05, 1.74587930815e-05],
        "dvar": [7.17489747331e-05, 2.05171381822e-05, 3.540792477e-06, 7.91680406564e-07, 4.27692619098e-08, 9.0271555564e-08, 4.71723140549e-08, 1.18048122388e-08, 5.36320232669e-09, 1.29859945019e-08, 3.79278652929e-09, 1.06201547556e-10, 1.00583152918e-10, 1.10067501988e-11, 6.89176007929e-11, 1.17615930884e-10, 1.62804575377e-10, 1.14775501603e-10, 4.17021105148e-11, 4.23422893969e-11, 2.88820661831e-10, 1.18668186389e-10, 8.2537132684e-10, 2.55578669339e-10, 3.73833269895e-10, 3.21173476703e-10, 1.87765136772e-10, 4.59099876171e-11, 3.04780471694e-11, 1.74045833301e-10, 1.19730642067e-10, 1.83185452918e-10, 1.25679786023e-10, 2.54044063563e-10, 1.35364858211e-10, 9.72589370152e-11, 8.23126844463e-11, 4.31064156592e-10, 7.3684858215e-10, 5.18209974931e-10],
        "dvar2": [0.00025076881866, 3.88332482544e-05, 6.75053524901e-06, 1.61461218795e-06, 6.42014086338e-08, 2.48287051363e-07, 1.22514805412e-07, 3.00729610103e-08, 1.17063567728e-08, 3.59381111537e-08, 1.03721937705e-08, 2.75785699833e-10, 2.98244373642e-10, 3.57685998875e-11, 1.63722646551e-10, 3.04039265986e-10, 4.72780981031e-10, 2.70035854788e-10, 1.11584790019e-10, 7.94184162878e-11, 7.99639354732e-10, 3.32811167514e-10, 2.32106489584e-09, 7.07089387042e-10, 1.04374175969e-09, 8.97481200468e-10, 4.63198840395e-10, 7.46300521381e-11, 4.30314534006e-11, 5.58235901948e-10, 3.32067151554e-10, 4.91890417287e-10, 3.37575217779e-10, 6.92616575204e-10, 3.32868982378e-10, 2.28796509516e-10, 1.92760737927e-10, 1.29852817388e-09, 1.873799782e-09, 7.60420282298e-10],
        "max": [0.0326434858143, 0.0203401464969, 0.00777263008058, 0.00391874043271, 0.00101937365253, 0.0011201526504, 0.000893063028343, 0.000525952433236, 0.000392298912629, 0.000455483823316, 0.000270519492915, 5.75166886847e-05, 4.30513609899e-05, 1.78493155545e-05, 3.87416694139e-05, 4.95205240441e-05, 5.68320865568e-05, 4.33371715189e-05, 2.90885818686e-05, 2.96230100503e-05, 6.96535571478e-05, 4.83220246679e-05, 0.000111780354928, 6.50383517495e-05, 7.32254702598e-05, 7.31487816665e-05, 6.77491916576e-05, 4.14737769461e-05, 3.77319156541e-05, 5.75383382966e-05, 5.08167577209e-05, 5.53900863451e-05, 4.61131494376e-05, 6.54691830277e-05, 5.02496441186e-05, 5.20556786796e-05, 5.05909156345e-05, 9.73670248641e-05, 0.000129858221044, 0.000107308667793],
        "mean": [0.00459344126284, 0.00342212570831, 0.0013395564165, 0.000426475133281, 0.000168368278537, 0.000117688228784, 0.000106723156932, 6.22509760433e-05, 4.09789572586e-05, 3.17298035952e-05, 2.28728440561e-05, 9.29248290049e-06, 5.25379346072e-06, 3.41863778885e-06, 5.5389600675e-06, 6.56561223877e-06, 6.66944697514e-06, 7.91706315795e-06, 4.80668722957e-06, 5.07619279233e-06, 6.08855452811e-06, 5.51837547391e-06, 9.18850037124e-06, 6.31257717032e-06, 7.06338323653e-06, 6.51332311463e-06, 7.715781976e-06, 6.8987828854e-06, 6.17008208792e-06, 7.46720434108e-06, 6.69132623443e-06, 8.30441604194e-06, 7.43800546843e-06, 8.84971996129e-06, 8.72008331498e-06, 8.63169952936e-06, 8.18949956738e-06, 1.12751240522e-05, 1.42123135447e-05, 1.52660268213e-05],
        "median": [0.000158807495609, 9.88642932498e-06, 8.21699529752e-07, 1.50621048078e-07, 6.46316422603e-08, 2.41658426603e-08, 1.01379464823e-08, 8.36735303267e-09, 4.18311785211e-09, 7.61456853127e-09, 7.77622588544e-09, 2.16221192062e-08, 1.7267522523e-08, 9.24940746216e-09, 8.4270004308e-09, 5.47812817331e-09, 7.97581023448e-09, 7.76277175873e-09, 6.86749368484e-09, 9.89097337367e-09, 9.75269376369e-09, 9.00540353399e-09, 5.86951509618e-09, 7.64507390727e-09, 5.82310111241e-09, 4.21642321058e-09, 1.44416985037e-08, 7.59089324731e-09, 4.67206673349e-09, 2.40664999041e-09, 3.18792214848e-09, 6.22938056694e-09, 4.10522815741e-09, 3.83279008531e-09, 2.94239677068e-09, 2.55523802117e-09, 1.54203771974e-09, 3.14224690712e-09, 2.2114430287e-09, 1.1578362713e-09],
        "min": [9.51434851043e-12, 1.9097061172e-12, 6.32946332065e-13, 2.90113717554e-13, 1.44623354091e-13, 1.27964845209e-13, 5.3425495229e-14, 6.81096617907e-14, 3.27841540807e-13, 1.98120681102e-13, 1.40376059843e-13, 3.61928098169e-13, 1.82273738204e-13, 2.32430828057e-13, 1.81552594681e-13, 2.23199144713e-13, 6.34813246891e-14, 1.00067666013e-13, 1.86944738661e-13, 2.52797023766e-13, 2.33663050931e-13, 3.39736349947e-13, 4.57268391988e-13, 1.88061615976e-13, 1.42127981476e-13, 1.66084539784e-13, 2.60762223446e-13, 1.52682703178e-13, 4.25813301719e-13, 2.4854475574e-13, 2.31156754979e-13, 2.14672721331e-13, 1.43330971549e-13, 2.09422594283e-13, 1.05785016434e-13, 1.53755019784e-13, 3.46381425062e-13, 1.99792981638e-13, 1.54806560366e-13, 3.22620348405e-13],
        "stdev": [0.00864732358605, 0.00585508113727, 0.00248352997005, 0.0010059986962, 0.000327494548401, 0.000271670549409, 0.000222880786168, 0.000130473068566, 9.10646704142e-05, 9.70388573478e-05, 5.85384877922e-05, 1.54909193952e-05, 1.00851966636e-05, 5.32462536285e-06, 9.69450229604e-06, 1.18515554277e-05, 1.28389037855e-05, 1.30201642605e-05, 7.87775479694e-06, 8.70088479132e-06, 1.51243821165e-05, 1.08330577859e-05, 2.39995388256e-05, 1.45362128023e-05, 1.63221775438e-05, 1.58534057846e-05, 1.57723734446e-05, 1.15022430691e-05, 1.03862339529e-05, 1.40654665302e-05, 1.20573631648e-05, 1.40890451803e-05, 1.28314877657e-05, 1.61353491421e-05, 1.47952414409e-05, 1.46737256728e-05, 1.43808401845e-05, 2.28441149375e-05, 3.00295814668e-05, 3.09290880978e-05],
        "var": [7.4776209658e-05, 3.42819730577e-05, 6.16792158326e-06, 1.01203340819e-06, 1.07252674297e-07, 7.38048839821e-08, 4.96758438828e-08, 1.70232219432e-08, 8.29277357894e-09, 9.41654043629e-09, 3.42675443576e-09, 2.39968600546e-10, 1.01711188083e-10, 2.83516352756e-11, 9.39833696978e-11, 1.4045936636e-10, 1.64837449246e-10, 1.69524685956e-10, 6.2059017647e-11, 7.57053933431e-11, 2.2874692418e-10, 1.17355139495e-10, 5.75977876505e-10, 2.11301490194e-10, 2.6641350237e-10, 2.51330484202e-10, 2.4876778415e-10, 1.32301600231e-10, 1.07873848743e-10, 1.97837343729e-10, 1.45379999705e-10, 1.98501187709e-10, 1.6464708763e-10, 2.60349464209e-10, 2.18899162685e-10, 2.15318221586e-10, 2.06808556391e-10, 5.21853560365e-10, 9.01775765172e-10, 9.56608570135e-10]
    },
    "melbands128": {
