{
"lowlevel": {
    "average_loudness": 0.99068403244,
    "barkbands_crest": {
        "dmean": 1.05569887161,
        "dmean2": 1.75209605694,
        "dvar": 0.782418608665,
        "dvar2": 1.59420132637,
        "max": 14.9471216202,
        "mean": 9.75450611115,
        "median": 9.96781253815,
        "min": 3.66904163361,
        "stdev": 2.43045806885,
        "var": 5.9071264267
    },
    "barkbands_flatness_db": {
        "dmean": 0.00871089007705,
        "dmean2": 0.0131942946464,
        "dvar": 5.59314466955e-05,
        "dvar2": 0.000129934749566,
        "max": 0.162226215005,
        "mean": 0.112679958344,
        "median": 0.119997896254,
        "min": 0.047977719456,
        "stdev": 0.0316533967853,
        "var": 0.0010019375477
    },
    "barkbands_kurtosis": {
        "dmean": 0.915432214737,
        "dmean2": 1.33014750481,
        "dvar": 1.20885944366,
        "dvar2": 2.24428701401,
        "max": 10.7396554947,
        "mean": 3.01918959618,
        "median": 2.2683763504,
        "min": -1.6484657526,
        "stdev": 3.86053800583,
        "var": 14.9037542343
    },
    "barkbands_skewness": {
        "dmean": 0.216737091541,
        "dmean2": 0.278656095266,
        "dvar": 0.0397037006915,
        "dvar2": 0.0675307735801,
        "max": 3.26363396645,
        "mean": 1.53040707111,
        "median": 1.80588400364,
        "min": -1.09625160694,
        "stdev": 1.04897272587,
        "var": 1.10034382343
    },
    "barkbands_spread": {
        "dmean": 4.20759391785,
        "dmean2": 5.35639953613,
        "dvar": 26.6212501526,
        "dvar2": 50.0061340332,
        "max": 114.850593567,
        "mean": 38.6295394897,
        "median": 27.0012340546,
        "min": 9.70043182373,
        "stdev": 30.5720100403,
        "var": 934.647827148
    },
    "dissonance": {
        "dmean": 0.0131416898221,
        "dmean2": 0.0205492936075,
        "dvar": 0.000211681282963,
        "dvar2": 0.000374679279048,
        "max": 0.499758481979,
        "mean": 0.442866593599,
        "median": 0.441906750202,
        "min": 0.395556479692,
        "stdev": 0.0270431637764,
        "var": 0.000731332751457
    },
    "dynamic_complexity": 26.6098957062,
    "erbbands_crest": {
        "dmean": 0.976104140282,
        "dmean2": 1.43820035458,
        "dvar": 0.776757955551,
        "dvar2": 1.36000192165,
        "max": 17.2877063751,
        "mean": 9.73427772522,
        "median": 10.0889940262,
        "min": 3.01382613182,
        "stdev": 4.39477777481,
        "var": 19.3140697479
    },
    "erbbands_flatness_db": {
        "dmean": 0.00615526782349,
        "dmean2": 0.009874840267,
        "dvar": 2.81695229205e-05,
        "dvar2": 7.35563517082e-05,
        "max": 0.187584742904,
        "mean": 0.141424655914,
        "median": 0.153534829617,
        "min": 0.0652992129326,
        "stdev": 0.0341382585466,
        "var": 0.00116542063188
    },
    "erbbands_kurtosis": {
        "dmean": 0.454094022512,
        "dmean2": 0.752929151058,
        "dvar": 0.262231498957,
        "dvar2": 0.664524197578,
        "max": 5.22277259827,
        "mean": 0.488774091005,
        "median": -0.205781459808,
        "min": -1.59180939198,
        "stdev": 1.98499584198,
        "var": 3.94020867348
    },
    "erbbands_skewness": {
        "dmean": 0.167803481221,
        "dmean2": 0.22697648406,
        "dvar": 0.020234676078,
        "dvar2": 0.0339200682938,
        "max": 2.19029259682,
        "mean": 0.757657170296,
        "median": 0.831176519394,
        "min": -0.945857942104,
        "stdev": 0.889103412628,
        "var": 0.790504872799
    },
    "erbbands_spread": {
        "dmean": 4.89969158173,
        "dmean2": 8.20418643951,
        "dvar": 23.0389003754,
        "dvar2": 50.0963668823,
        "max": 89.207069397,
        "mean": 51.7499961853,
        "median": 53.4537696838,
        "min": 21.678445816,
        "stdev": 18.6970176697,
        "var": 349.578460693
    },
    "hfc": {
        "dmean": 5.56750154495,
        "dmean2": 3.71760725975,
        "dvar": 752.370544434,
        "dvar2": 489.345031738,
        "max": 367.455078125,
        "mean": 11.4917840958,
        "median": 0.00280814594589,
        "min": 2.61228228737e-06,
        "stdev": 50.1017608643,
        "var": 2510.1862793
    },
    "loudness_ebu128": {
        "integrated": -25.6167011261,
        "loudness_range": 0,
        "momentary": {
            "dmean": 5.26781511307,
            "dmean2": 1.23977053165,
            "dvar": 11.9826383591,
            "dvar2": 5.76211738586,
            "max": -22.7126140594,
            "mean": -62.2626876831,
            "median": -65.1079940796,
            "min": -85.926399231,
            "stdev": 17.9870986938,
            "var": 323.535705566
        },
        "short_term": {
            "dmean": 0,
            "dmean2": 0,
            "dvar": 0,
            "dvar2": 0,
            "max": -31.4617290497,
            "mean": -31.4617290497,
            "median": -31.4617290497,
            "min": -31.4617290497,
            "stdev": 0,
            "var": 0
        }
    },
    "melbands_crest": {
        "dmean": 2.1442463398,
        "dmean2": 3.57704496384,
        "dvar": 3.27731227875,
        "dvar2": 7.64989423752,
        "max": 22.4041099548,
        "mean": 14.5744304657,
        "median": 15.1276092529,
        "min": 5.26306676865,
        "stdev": 3.17559814453,
        "var": 10.0844230652
    },
    "melbands_flatness_db": {
        "dmean": 0.0106873018667,
        "dmean2": 0.0155021483079,
        "dvar": 0.000112186200568,
        "dvar2": 0.000177610912942,
        "max": 0.21158157289,
        "mean": 0.148141384125,
        "median": 0.160596311092,
        "min": 0.0254380013794,
        "stdev": 0.0525938458741,
        "var": 0.00276611279696
    },
    "melbands_kurtosis": {
        "dmean": 2.21387791634,
        "dmean2": 3.24583697319,
        "dvar": 6.85996198654,
        "dvar2": 9.5741815567,
        "max": 37.9376602173,
        "mean": 12.6079597473,
        "median": 13.9048633575,
        "min": -1.25603806973,
        "stdev": 7.31259489059,
        "var": 53.4740409851
    },
    "melbands_skewness": {
        "dmean": 0.309350967407,
        "dmean2": 0.479463279247,
        "dvar": 0.0878318101168,
        "dvar2": 0.162729918957,
        "max": 5.37490320206,
        "mean": 2.79079651833,
        "median": 2.93616819382,
        "min": 0.39445745945,
        "stdev": 0.953169763088,
        "var": 0.908532559872
    },
    "melbands_spread": {
        "dmean": 5.64243459702,
        "dmean2": 7.74314165115,
        "dvar": 77.1049346924,
        "dvar2": 133.377929688,
        "max": 180.849853516,
        "mean": 35.5456199646,
        "median": 18.8988418579,
        "min": 9.34366130829,
        "stdev": 41.0872764587,
        "var": 1688.16430664
    },
    "pitch_salience": {
        "dmean": 0.0398463569582,
        "dmean2": 0.0579578243196,
        "dvar": 0.00395852001384,
        "dvar2": 0.00489558698609,
        "max": 0.824426412582,
        "mean": 0.545737147331,
        "median": 0.542698323727,
        "min": 0.276984244585,
        "stdev": 0.0907099694014,
        "var": 0.00822829920799
    },
    "silence_rate_20dB": {
        "dmean": 0.0151515156031,
        "dmean2": 0.0307692307979,
        "dvar": 0.0149219762534,
        "dvar2": 0.0298225004226,
        "max": 1,
        "mean": 0.970149278641,
        "median": 1,
        "min": 0,
        "stdev": 0.170175507665,
        "var": 0.0289597027004
    },
    "silence_rate_30dB": {
        "dmean": 0.0151515156031,
        "dmean2": 0.0307692307979,
        "dvar": 0.0149219753221,
        "dvar2": 0.0298225004226,
        "max": 1,
        "mean": 0.955223858356,
        "median": 1,
        "min": 0,
        "stdev": 0.20681193471,
        "var": 0.042771179229
    },
    "silence_rate_60dB": {
        "dmean": 0.0151515156031,
        "dmean2": 0.0307692307979,
        "dvar": 0.0149219734594,
        "dvar2": 0.0298225004226,
        "max": 1,
        "mean": 0.895522415638,
        "median": 1,
        "min": 0,
        "stdev": 0.305879414082,
        "var": 0.0935622081161
    },
    "spectral_centroid": {
        "dmean": 144.752090454,
        "dmean2": 165.316314697,
        "dvar": 20954.0859375,
        "dvar2": 27016.7265625,
        "max": 4079.63964844,
        "mean": 1616.56872559,
        "median": 1315.32006836,
        "min": 713.828735352,
        "stdev": 856.543518066,
        "var": 733666.75
    },
    "spectral_complexity": {
        "dmean": 1.18181812763,
        "dmean2": 1.10769236088,
        "dvar": 14.0275278091,
        "dvar2": 9.54225254059,
        "max": 54,
        "mean": 4.0895524025,
        "median": 0,
        "min": 0,
        "stdev": 11.6526041031,
        "var": 135.783172607
    },
    "spectral_decrease": {
        "dmean": 2.53547027818e-09,
        "dmean2": 1.36550104557e-09,
        "dvar": 1.50200408539e-16,
        "dvar2": 4.15257505345e-17,
        "max": -1.15374291571e-17,
        "mean": -4.53381021615e-09,
        "median": -9.73893708733e-13,
        "min": -1.67341084989e-07,
        "stdev": 2.26332890207e-08,
        "var": 5.12265780044e-16
    },
    "spectral_energy": {
        "dmean": 0.0100744338706,
        "dmean2": 0.00544955488294,
        "dvar": 0.00236587575637,
        "dvar2": 0.000680340221152,
        "max": 0.664912581444,
        "mean": 0.0181539617479,
        "median": 3.93040772906e-06,
        "min": 2.80487105764e-10,
        "stdev": 0.0899194702506,
        "var": 0.00808551069349
    },
    "spectral_energyband_high": {
        "dmean": 0.000371426431229,
        "dmean2": 0.000361387210432,
        "dvar": 2.73729096989e-06,
        "dvar2": 3.47874606632e-06,
        "max": 0.0213711708784,
        "mean": 0.000818701577373,
        "median": 7.65169971828e-08,
        "min": 1.88801085876e-10,
        "stdev": 0.00313326553442,
        "var": 9.81735320238e-06
    },
    "spectral_energyband_low": {
        "dmean": 0.000617332640104,
        "dmean2": 0.000742246047594,
        "dvar": 1.64757620951e-05,
        "dvar2": 1.91230010387e-05,
        "max": 0.0370516553521,
        "mean": 0.000736633024644,
        "median": 4.25831245821e-08,
        "min": 3.55478910197e-11,
        "stdev": 0.00455608544871,
        "var": 2.07579159905e-05
    },
    "spectral_energyband_middle_high": {
        "dmean": 0.000487416255055,
        "dmean2": 0.000360712583642,
        "dvar": 5.49743481315e-06,
        "dvar2": 4.03001013183e-06,
        "max": 0.0321694724262,
        "mean": 0.00107094587293,
        "median": 2.8721842682e-07,
        "min": 2.62083132974e-11,
        "stdev": 0.00448913453147,
        "var": 2.01523271244e-05
    },
    "spectral_energyband_middle_low": {
        "dmean": 0.00899379979819,
        "dmean2": 0.00473330682144,
        "dvar": 0.0018738504732,
        "dvar2": 0.000462016119855,
        "max": 0.59357714653,
        "mean": 0.0159742087126,
        "median": 3.65830328519e-06,
        "min": 8.9943608117e-12,
        "stdev": 0.0805792659521,
        "var": 0.00649301800877
    },
    "spectral_entropy": {
        "dmean": 0.0659321174026,
        "dmean2": 0.10250518471,
        "dvar": 0.00249275169335,
        "dvar2": 0.00566417723894,
        "max": 8.79622936249,
        "mean": 8.0045375824,
        "median": 7.91495418549,
        "min": 7.50614213943,
        "stdev": 0.358896940947,
        "var": 0.128807008266
    },
    "spectral_flux": {
        "dmean": 0.0123777957633,
        "dmean2": 0.00903581641614,
        "dvar": 0.00262455246411,
        "dvar2": 0.000975988805294,
        "max": 0.815421700478,
        "mean": 0.0324346683919,
        "median": 0.000523861090187,
        "min": 7.62400086387e-05,
        "stdev": 0.11922878027,
        "var": 0.014215502888
    },
    "spectral_kurtosis": {
        "dmean": 0.375905096531,
        "dmean2": 0.641546964645,
        "dvar": 0.135090857744,
        "dvar2": 0.376149833202,
        "max": 5.07203483582,
        "mean": 2.12815785408,
        "median": 1.86354017258,
        "min": 0.432909011841,
        "stdev": 1.1665636301,
        "var": 1.36087071896
    },
    "spectral_rms": {
        "dmean": 0.000385898572858,
        "dmean2": 0.000138132483698,
        "dvar": 1.83296106115e-06,
        "dvar2": 2.71689600595e-07,
        "max": 0.0254694949836,
        "mean": 0.00125014071818,
        "median": 6.19236961938e-05,
        "min": 5.23111793882e-07,
        "stdev": 0.00401849858463,
        "var": 1.61483294505e-05
    },
    "spectral_rolloff": {
        "dmean": 540.287658691,
        "dmean2": 710.927062988,
        "dvar": 619428.9375,
        "dvar2": 807507.375,
        "max": 18217.0898438,
        "mean": 4540.29248047,
        "median": 882.861328125,
        "min": 473.73046875,
        "stdev": 5844.85253906,
        "var": 34162304
    },
    "spectral_skewness": {
        "dmean": 0.0681342259049,
        "dmean2": 0.115272715688,
        "dvar": 0.00485849520192,
        "dvar2": 0.0107205109671,
        "max": 1.69865143299,
        "mean": 1.11696100235,
        "median": 1.13912665844,
        "min": 0.5294252038,
        "stdev": 0.347219675779,
        "var": 0.120561502874
    },
    "spectral_spread": {
        "dmean": 223288.53125,
        "dmean2": 329576.03125,
        "dvar": 43725570048,
        "dvar2": 74786496512,
        "max": 10499590,
        "mean": 6752595,
        "median": 5399822.5,
        "min": 4674312.5,
        "stdev": 2107638.75,
        "var": 4.44214070477e+12
    },
    "spectral_strongpeak": {
        "dmean": 0.0925794765353,
        "dmean2": 0.0840278789401,
        "dvar": 0.132342591882,
        "dvar2": 0.209319397807,
        "max": 3.51241207123,
        "mean": 0.181217879057,
        "median": 0.0247755423188,
        "min": 0,
        "stdev": 0.534869492054,
        "var": 0.286085367203
    },
    "zerocrossingrate": {
        "dmean": 0.0121552441269,
        "dmean2": 0.0107722356915,
        "dvar": 0.000334783981089,
        "dvar2": 0.000166855403222,
        "max": 0.29052734375,
        "mean": 0.118914701045,
        "median": 0.08544921875,
        "min": 0.0185546875,
        "stdev": 0.0736903399229,
        "var": 0.00543026672676
    },
    "barkbands": {
        "dmean": [5.52392048121e-05, 0.000101635741885, 0.000121861769003, 0.0015027463669, 0.0048800399527, 0.00181634910405, 0.00081567390589, 0.000230020727031, 7.85165830166e-05, 4.25633988925e-05, 2.66611405095e-05, 1.85700919246e-05, 5.26994954271e-05, 6.00829771429e-05, 9.25671047298e-05, 4.46661142632e-05, 2.59821772488e-05, 0.000107752231997, 4.31084044976e-05, 0.000168426689925, 6.80439989083e-05, 7.34337227186e-05, 0.000102931706351, 4.29775864177e-05, 1.38794512168e-05, 1.09289896955e-06, 4.37284825239e-07],
        "dmean2": [4.91637656523e-05, 0.000100174176623, 0.000112320965854, 0.00154945615213, 0.00287722656503, 0.0015291585587, 0.000550509663299, 0.000329733331455, 0.000147125305375, 7.92502469267e-05, 4.64156582893e-05, 2.17955803237e-05, 8.88353679329e-05, 3.0622122722e-05, 8.49459538586e-05, 2.69689280685e-05, 3.31208684656e-05, 0.000107339466922, 5.71750570089e-05, 0.000226221483899, 8.56205515447e-05, 7.1593982284e-05, 0.000110970031528, 5.98538899794e-05, 1.51563326654e-05, 8.49932973779e-07, 4.12486286905e-07],
        "dvar": [1.4981652896e-07, 6.32360183772e-07, 7.74408761117e-07, 4.59013535874e-05, 0.000620829232503, 0.000146117716213, 2.15171803575e-05, 1.51369260948e-06, 1.38543626349e-07, 2.78331881987e-08, 2.29037926402e-08, 6.70588118368e-09, 5.99643783517e-08, 7.12612475695e-08, 3.59766858082e-07, 3.71162265367e-08, 1.22670051894e-08, 5.6345328403e-07, 4.63089335767e-08, 4.59082343696e-07, 5.22491916399e-08, 9.12023381261e-08, 3.42220573657e-07, 3.57019089847e-08, 3.73442299306e-09, 1.95330366465e-11, 1.05778025228e-11],
        "dvar2": [1.22455489304e-07, 6.06762000643e-07, 6.79978995777e-07, 4.99691013829e-05, 0.000207886449061, 9.45433421293e-05, 8.33737612993e-06, 2.43137196776e-06, 3.14655295597e-07, 8.25454620212e-08, 5.61169244406e-08, 1.14769216353e-08, 1.40874490739e-07, 1.84548891724e-08, 2.85074406747e-07, 8.99026009193e-09, 1.80462969013e-08, 5.71867019517e-07, 5.7854840918e-08, 1.05027390873e-06, 7.79066269274e-08, 7.45317834117e-08, 3.87540296742e-07, 6.87010341949e-08, 4.30960689357e-09, 1.0998176328e-11, 1.0168190942e-11],
        "max": [0.00359987886623, 0.00670741125941, 0.00802319869399, 0.0890585407615, 0.321767777205, 0.119394868612, 0.0534277968109, 0.0149996271357, 0.004214621149, 0.00152717519086, 0.001409312943, 0.00100625236519, 0.00223350618035, 0.00396078685299, 0.00610767304897, 0.00283423811197, 0.00140629243106, 0.00709789246321, 0.002767436672, 0.00647760089487, 0.00345462933183, 0.00482018524781, 0.00619558431208, 0.00198528077453, 0.000876230711583, 7.20055904821e-05, 2.88409883069e-05],
        "mean": [6.45731779514e-05, 0.000103368191049, 0.000138542134664, 0.00368690444157, 0.00808404013515, 0.00218572071753, 0.00119072920643, 0.000596666359343, 0.000200371505343, 8.15484672785e-05, 4.92448743898e-05, 5.28801610926e-05, 0.000102688325569, 0.000124161990243, 0.000133456414915, 8.92264433787e-05, 6.51483496767e-05, 0.000155603265739, 0.000114695096272, 0.000249798031291, 0.000185399374459, 0.000211285543628, 0.000178960865014, 7.09835367161e-05, 3.40680016961e-05, 3.39453299603e-06, 5.10514439611e-07],
        "median": [3.46785644645e-09, 1.53245172108e-09, 2.27305108069e-09, 2.11717576803e-07, 3.45287588743e-07, 8.53979855719e-08, 2.16406010622e-06, 6.18789375295e-09, 3.8391635826e-07, 6.73983379329e-07, 3.73454644986e-09, 6.1672267293e-09, 1.8551038039e-08, 1.36618227842e-08, 1.51104853074e-08, 1.68688547575e-08, 1.80609163181e-08, 2.43996733928e-08, 2.74639155862e-08, 2.80180394441e-08, 2.63871129391e-08, 2.00410568141e-08, 9.07103459014e-09, 5.58062041023e-09, 2.89702328793e-09, 2.9158042647e-09, 3.76790332268e-09],
        "min": [2.33344094915e-12, 1.77721205807e-11, 4.00339310314e-12, 2.62462707817e-12, 2.82068379071e-12, 8.5148755451e-13, 4.38901166929e-13, 5.39495477372e-13, 1.11966577503e-12, 2.53874525569e-12, 7.60300080272e-13, 2.61422437517e-12, 2.75537296972e-12, 1.71734078781e-12, 8.41141067388e-13, 5.34222232423e-12, 9.92675342967e-13, 1.64769435075e-12, 6.8112516495e-12, 5.45299829596e-12, 1.29923996908e-11, 6.24749514275e-12, 2.62560858472e-11, 1.32394989069e-11, 2.48592448709e-11, 2.72925935324e-11, 7.4267862693e-11],
        "stdev": [0.000438659626525, 0.000813253922388, 0.00097650004318, 0.0158445145935, 0.0425933487713, 0.0146772470325, 0.00688071362674, 0.00256177200936, 0.000762652140111, 0.000283936911728, 0.00021451653447, 0.000192403065739, 0.000421456788899, 0.000553745951038, 0.000756965309847, 0.000402374658734, 0.00023094160133, 0.000873985060025, 0.000420595431933, 0.00100135034882, 0.000632524199318, 0.000754226406571, 0.000807047181297, 0.000285251880996, 0.000133192515932, 1.33133216877e-05, 3.50288723894e-06],
        "var": [1.92422277223e-07, 6.61381989175e-07, 9.53552387273e-07, 0.000251048622886, 0.0018141932087, 0.000215421590838, 4.7344219638e-05, 6.56267593513e-06, 5.81638289532e-07, 8.0620168319e-08, 4.60173410488e-08, 3.70189390253e-08, 1.77625835818e-07, 3.06634575509e-07, 5.72996498249e-07, 1.61905362006e-07, 5.33340198672e-08, 7.6384986869e-07, 1.76900528004e-07, 1.00270244729e-06, 4.00086861418e-07, 5.68857501548e-07, 6.51325137824e-07, 8.1368639826e-08, 1.77402466051e-08, 1.77244524613e-10, 1.22702186953e-11]
    },
    "erbbands": {
        "dmean": [0.00377985159867, 0.0216071885079, 0.131303697824, 1.97654187679, 12.3234872818, 15.3711910248, 17.8820762634, 12.6011199951, 8.90940475464, 11.6943454742, 6.79680299759, 2.85722494125, 1.52842283249, 2.07740998268, 0.623377382755, 1.05930447578, 2.10122108459, 3.11632514, 6.24599313736, 2.2262802124, 1.9188606739, 1.74831736088, 4.9287071228, 4.02112436295, 3.3196978569, 7.89235448837, 3.42186784744, 2.21631407738, 2.05719232559, 3.15430450439, 2.76094675064, 1.16701376438, 0.595361828804, 0.263197332621, 0.0529450774193, 0.0106704942882, 0.00253234850243, 0.000391682842746, 8.14715967863e-05, 1.60444324138e-05],
        "dmean2": [0.00372427585535, 0.0205473992974, 0.120565734804, 1.31286275387, 11.6555833817, 13.1366910934, 18.0995006561, 9.29393863678, 6.58119726181, 7.33733081818, 9.13693332672, 4.87165021896, 2.05081582069, 3.72835278511, 0.914620041847, 1.28122997284, 3.72653508186, 2.91615366936, 4.33312034607, 1.77147889137, 1.13623416424, 2.25882053375, 4.99740171432, 4.04143381119, 4.71933460236, 10.5562467575, 3.95722055435, 3.37103509903, 2.37854886055, 3.11937046051, 2.73180556297, 1.5213457346, 0.777226150036, 0.31485658884, 0.0218595918268, 0.00945679564029, 0.00268952152692, 0.000249406468356, 7.28209852241e-05, 1.03667325675e-05],
        "dvar": [0.000873586221132, 0.0266117192805, 0.697819113731, 72.1240234375, 3738.38330078, 10776.6640625, 17469.5625, 5968.97851562, 2660.72216797, 4184.43847656, 1115.39648438, 152.950561523, 49.536113739, 61.7153129578, 7.61838102341, 21.2955799103, 113.910842896, 292.794616699, 1241.3848877, 142.557250977, 59.7641334534, 47.3306350708, 1160.87524414, 558.360595703, 182.746353149, 1031.34143066, 168.794219971, 71.2463607788, 66.6193084717, 316.558685303, 292.843139648, 27.8405895233, 6.56665658951, 1.30899083614, 0.0403902605176, 0.00208778283559, 0.000108370797534, 4.22193897975e-06, 3.32511888246e-07, 7.39500682911e-09],
        "dvar2": [0.000852056487929, 0.0247248206288, 0.59221637249, 43.4586982727, 3112.97216797, 8113.95019531, 16136.5097656, 2779.0703125, 1123.78808594, 1669.33178711, 2266.17871094, 399.574157715, 66.6031799316, 198.698410034, 16.716802597, 32.6021080017, 275.60446167, 233.022277832, 620.146179199, 83.4255371094, 20.4890651703, 78.2412643433, 1188.09265137, 537.329589844, 326.926422119, 2222.41650391, 279.916809082, 119.112976074, 78.8465499878, 309.118896484, 281.53994751, 44.2175102234, 12.5606508255, 1.93673539162, 0.011421606876, 0.00163762446027, 0.000192068560864, 1.99544092538e-06, 3.06779071479e-07, 3.75955666598e-09],
        "max": [0.24944446981, 1.42602574825, 8.66409873962, 130.306640625, 812.530212402, 1012.98486328, 1143.52124023, 830.784423828, 582.421630859, 764.358581543, 383.790802002, 134.726333618, 87.1270065308, 63.9241828918, 34.6781311035, 53.8383331299, 96.7701950073, 203.584487915, 412.094665527, 146.749710083, 123.683143616, 84.8906097412, 321.099487305, 265.262115479, 148.534683228, 328.863220215, 174.7318573, 110.117431641, 134.138793945, 208.182067871, 182.211212158, 58.5561790466, 27.6773395538, 14.8347206116, 3.49431705475, 0.704182565212, 0.127400457859, 0.0258236899972, 0.0053738122806, 0.00105871178675],
        "mean": [0.00388895673677, 0.0232970155776, 0.184335932136, 4.91414308548, 31.3083457947, 18.9813613892, 19.3591480255, 16.3441238403, 13.156085968, 17.4331359863, 14.3327856064, 5.65317296982, 3.24338388443, 2.69076275826, 1.6355291605, 2.63558721542, 4.30605125427, 5.56754350662, 9.8094625473, 4.06603097916, 4.5469121933, 4.07804918289, 7.22006654739, 7.73972082138, 6.43189430237, 12.6298551559, 7.72649860382, 7.11634206772, 7.30124092102, 6.52128839493, 4.89206790924, 2.05959773064, 1.00157189369, 0.561254024506, 0.137777462602, 0.0266733802855, 0.00481036957353, 0.000685181759764, 0.000103108053736, 2.6854004318e-05],
        "median": [6.35529531223e-08, 4.52571896403e-07, 6.65190100335e-06, 0.00027585765929, 0.00105847977102, 0.000869174138643, 0.00151583121624, 0.00302710803226, 0.0380846299231, 0.00436810404062, 0.000734867237043, 0.0064941784367, 0.0323380976915, 0.00242624571547, 0.000236261010286, 0.000301416643197, 0.000778884044848, 0.000844884780236, 0.00105008261744, 0.000998441013508, 0.000878866412677, 0.00109273649286, 0.00115528004244, 0.00144114845898, 0.0013664473081, 0.00126638018992, 0.0011432437459, 0.00104247184936, 0.000810092780739, 0.000406370527344, 0.000249689357588, 0.000162047726917, 6.94559857948e-05, 4.10256398027e-05, 1.77581678145e-05, 1.07723517431e-05, 5.63965886613e-06, 2.31270928452e-06, 5.18466549693e-07, 5.73807525939e-08],
        "min": [9.13966624605e-10, 2.67097122197e-09, 4.65604621525e-09, 7.39504724123e-09, 1.03875219537e-08, 9.15989328831e-09, 3.20173421109e-09, 8.8953164834e-09, 9.26208176821e-09, 3.56040108507e-09, 1.61048241409e-08, 2.4419232858e-08, 6.04463465947e-08, 6.90047627927e-08, 3.56171696581e-08, 1.22268247083e-07, 1.33194319574e-07, 1.00439436324e-07, 6.30126564261e-08, 9.82094050528e-08, 2.905284191e-07, 5.88879416341e-08, 7.56990417017e-08, 4.52023726893e-07, 1.14049733213e-07, 1.83910700002e-07, 4.53264362932e-07, 5.42621478417e-07, 2.01925161036e-07, 4.51856180916e-07, 8.11738175344e-07, 3.70112132941e-07, 2.27585189805e-07, 2.03636787433e-07, 1.59102654607e-07, 1.106442582e-07, 4.8462176494e-08, 4.24796198217e-08, 9.12066777659e-09, 1.04063913042e-09],
        "stdev": [0.0302407406271, 0.173056945205, 1.08088421822, 21.633272171, 142.425048828, 124.222564697, 138.624542236, 104.194198608, 74.005027771, 99.9714736938, 62.075843811, 21.7694091797, 13.2863664627, 10.1561660767, 5.82247257233, 9.92892932892, 17.6015110016, 26.550283432, 52.6216201782, 19.1927680969, 19.0134658813, 14.3715553284, 39.5691337585, 34.7416687012, 23.4464263916, 50.5889854431, 27.780040741, 23.6255111694, 24.5350246429, 27.7845802307, 23.278678894, 8.24112319946, 4.04260015488, 2.22011470795, 0.537605166435, 0.107416927814, 0.019991254434, 0.00337935937569, 0.000656132760923, 0.000137642549817],
        "var": [0.000914502423257, 0.02994870767, 1.16831064224, 467.998474121, 20284.8964844, 15431.2460938, 19216.765625, 10856.4306641, 5476.74462891, 9994.29492188, 3853.41015625, 473.907165527, 176.527542114, 103.147705078, 33.9011878967, 98.5836334229, 309.813171387, 704.917541504, 2769.03491211, 368.362335205, 361.511901855, 206.541610718, 1565.71630859, 1206.98364258, 549.734924316, 2559.24560547, 771.730651855, 558.164733887, 601.967468262, 771.982910156, 541.896911621, 67.9161071777, 16.3426151276, 4.92890882492, 0.289019316435, 0.0115383965895, 0.000399650220061, 1.14200702228e-05, 4.30510198157e-07, 1.89454727462e-08]
    },
    "gfcc": {
        "mean": [-410.754119873, 25.5848140717, -108.24432373, 11.0474243164, -89.5315093994, -18.9642505646, -43.5701713562, -5.80068063736, -24.1498413086, -7.30648517609, -24.0548629761, -7.59496974945, -9.24042510986],
        "cov": [[61864.8945312, 6965.01904297, -6667.41162109, 4630.08837891, -5005.58007812, -42.4588356018, -2962.66845703, -1678.36486816, -1680.87255859, -796.66809082, -310.617980957, -907.502441406, -120.227043152], [6965.01904297, 1600.28393555, -910.731445312, 384.965240479, -845.652099609, -361.779907227, -380.877288818, -280.129272461, -188.866424561, -198.01991272, -151.082244873, -142.588684082, 15.1040964127], [-6667.41162109, -910.731445312, 1113.21325684, -576.552490234, 784.012756348, 114.487716675, 381.255279541, 256.444366455, 195.38999939, 117.087478638, 7.38405275345, 53.3574714661, -81.9934158325], [4630.08837891, 384.965240479, -576.552490234, 459.084289551, -372.107696533, 70.066192627, -226.498733521, -140.011413574, -132.763885498, -47.4086074829, 23.2744560242, -46.8904190063, 19.1772518158], [-5005.58007812, -845.652099609, 784.012756348, -372.107696533, 662.92364502, 161.052001953, 298.974365234, 182.911834717, 145.898895264, 111.525978088, 42.2373466492, 55.5487060547, -63.6714248657], [-42.4588356018, -361.779907227, 114.487716675, 70.066192627, 161.052001953, 196.294158936, 35.4940757751, 38.8884391785, -7.67658948898, 47.7244338989, 48.599407196, 8.91178417206, -25.7881259918], [-2962.66845703, -380.877288818, 381.255279541, -226.498733521, 298.974365234, 35.4940757751, 169.987533569, 93.5433349609, 77.6896438599, 44.2662086487, 11.5004053116, 35.9941520691, -17.0490722656], [-1678.36486816, -280.129272461, 256.444366455, -140.011413574, 182.911834717, 38.8884391785, 93.5433349609, 82.2275390625, 50.8748664856, 34.0919837952, 14.0640363693, 26.7077789307, -7.82471895218], [-1680.87255859, -188.866424561, 195.38999939, -132.763885498, 145.898895264, -7.67658948898, 77.6896438599, 50.8748664856, 68.8417816162, 29.9143104553, 13.5450181961, 29.9253997803, 9.32724475861], [-796.66809082, -198.01991272, 117.087478638, -47.4086074829, 111.525978088, 47.7244338989, 44.2662086487, 34.0919837952, 29.9143104553, 39.8512763977, 30.7804336548, 22.6310119629, 3.22390174866], [-310.617980957, -151.082244873, 7.38405275345, 23.2744560242, 42.2373466492, 48.599407196, 11.5004053116, 14.0640363693, 13.5450181961, 30.7804336548, 55.8958892822, 33.4435920715, 25.4809799194], [-907.502441406, -142.588684082, 53.3574714661, -46.8904190063, 55.5487060547, 8.91178417206, 35.9941520691, 26.7077789307, 29.9253997803, 22.6310119629, 33.4435920715, 40.7967987061, 28.2555789948], [-120.227043152, 15.1040964127, -81.9934158325, 19.1772518158, -63.6714248657, -25.7881259918, -17.0490722656, -7.82471895218, 9.32724475861, 3.22390174866, 25.4809799194, 28.2555789948, 49.1252365112]],
        "icov": [[0.0006365236477, -0.00191896071192, 0.000933934003115, -0.00320881512016, -0.000103592275991, -0.00097250303952, 0.00488331448287, -0.00486582517624, 0.00146898650564, -0.00517311878502, 0.00166419753805, -0.0014432790922, 0.0052617136389], [-0.00191896071192, 0.0128334481269, -0.00638146745041, 0.00610207486898, 0.00482772663236, 0.0133611159399, -0.012154773809, 0.0229366198182, -0.00203370884992, 0.0176548380405, -0.0043860594742, 0.00699593033642, -0.011490592733], [0.000933934003115, -0.00638146745041, 0.0174153167754, 0.00359418918379, -0.0135537246242, -0.0070026833564, 0.00652451021597, -0.0265214629471, -0.000977327814326, -0.00614685565233, 0.000203876246815, 0.0149729866534, 0.000580051506404], [-0.00320881512016, 0.00610207486898, 0.00359418918379, 0.0476616211236, -0.000531405967195, -0.0224208366126, -0.0137421013787, 0.0332020074129, -0.0132054109126, 0.048410333693, -0.0326602123678, 0.0301078297198, -0.0353218056262], [-0.000103592275991, 0.00482772663236, -0.0135537246242, -0.000531405967195, 0.0404298193753, -0.00772301154211, -0.025162588805, 0.0230568572879, -0.0228280834854, -0.00592409353703, -0.0116061065346, -0.00950470846146, 0.0353442840278], [-0.00097250303952, 0.0133611159399, -0.0070026833564, -0.0224208366126, -0.00772301154211, 0.0529704913497, -0.00457984907553, -0.00294999661855, 0.0258482862264, -0.0167107731104, 0.00621185312048, -0.00151847267989, 0.000154271241627], [0.00488331448287, -0.012154773809, 0.00652451021597, -0.0137421013787, -0.025162588805, -0.00457984907553, 0.0976812019944, -0.0377309545875, 0.0227548070252, -0.0188577510417, 0.0191104114056, -0.0240780822933, 0.0256698224694], [-0.00486582517624, 0.0229366198182, -0.0265214629471, 0.0332020074129, 0.0230568572879, -0.00294999661855, -0.0377309545875, 0.120545446873, -0.0217862296849, 0.0496058687568, -0.0156276952475, -0.0126932384446, -0.0254586022347], [0.00146898650564, -0.00203370884992, -0.000977327814326, -0.0132054109126, -0.0228280834854, 0.0258482862264, 0.0227548070252, -0.0217862296849, 0.0848552510142, -0.0396632961929, 0.0224085599184, -0.0120478691533, -0.0220491550863], [-0.00517311878502, 0.0176548380405, -0.00614685565233, 0.048410333693, -0.00592409353703, -0.0167107731104, -0.0188577510417, 0.0496058687568, -0.0396632961929, 0.171694159508, -0.0727953389287, 0.0321309529245, -0.0467994920909], [0.00166419753805, -0.0043860594742, 0.000203876246815, -0.0326602123678, -0.0116061065346, 0.00621185312048, 0.0191104114056, -0.0156276952475, 0.0224085599184, -0.0727953389287, 0.113291211426, -0.0738323703408, -0.00490163406357], [-0.0014432790922, 0.00699593033642, 0.0149729866534, 0.0301078297198, -0.00950470846146, -0.00151847267989, -0.0240780822933, -0.0126932384446, -0.0120478691533, 0.0321309529245, -0.0738323703408, 0.183893367648, -0.0832354277372], [0.0052617136389, -0.011490592733, 0.000580051506404, -0.0353218056262, 0.0353442840278, 0.000154271241627, 0.0256698224694, -0.0254586022347, -0.0220491550863, -0.0467994920909, -0.00490163406357, -0.0832354277372, 0.159942820668]]
    },
    "melbands": {
        "dmean": [3.33353382302e-05, 6.34639363852e-05, 0.000721870397683, 0.00107236590702, 0.000629231566563, 0.000289369054371, 0.000147762199049, 0.000111141445814, 5.11801299581e-05, 1.56821151904e-05, 7.61962110118e-06, 8.25207644084e-06, 2.48647074841e-06, 1.52547272592e-06, 7.33121623853e-06, 4.10498932979e-06, 5.76291222387e-06, 1.04924311017e-05, 3.91054800275e-06, 3.43667102243e-06, 1.99579017135e-06, 1.9594283458e-06, 1.40322049447e-06, 7.30418696548e-06, 2.79778032564e-06, 1.72838679191e-06, 4.83237454318e-06, 5.58015517527e-06, 1.46850891269e-06, 3.06120023197e-06, 1.28030296764e-06, 1.22296546579e-06, 2.24836799134e-06, 2.025011554e-06, 2.0173597477e-06, 9.17811632917e-07, 6.06256094215e-07, 5.55792610157e-07, 2.13487922451e-07, 2.07845971545e-07],
        "dmean2": [3.28042988258e-05, 7.12718028808e-05, 0.000667108863126, 0.000580177176744, 0.000629047513939, 0.000221726018935, 0.000100105586171, 6.96524730301e-05, 6.81761084707e-05, 2.73962323263e-05, 8.89445072971e-06, 1.50194582602e-05, 3.97813801101e-06, 1.41682414778e-06, 1.1863778127e-05, 5.53350673727e-06, 5.20816411154e-06, 6.90115803081e-06, 4.03531157644e-06, 2.2934352728e-06, 1.46878028318e-06, 2.42573969444e-06, 1.76203388946e-06, 7.36182482797e-06, 2.57259989667e-06, 2.61222362496e-06, 6.44998135613e-06, 7.27460519556e-06, 1.63830975453e-06, 4.20518017563e-06, 1.78707580289e-06, 1.57885244789e-06, 2.28245494327e-06, 2.17794058699e-06, 1.9155083919e-06, 9.98384280138e-07, 8.88719171144e-07, 7.90955880348e-07, 2.02921768278e-07, 2.62448907051e-07],
        "dvar": [6.7691097172e-08, 2.07922738582e-07, 1.19636461022e-05, 2.75272432191e-05, 2.13520397665e-05, 3.28620444634e-06, 6.93015749675e-07, 3.48742645429e-07, 5.86820654291e-08, 4.66611549399e-09, 1.20932830416e-09, 9.39279987122e-10, 1.77434983373e-10, 2.36849151403e-11, 1.29401478421e-09, 3.67091801401e-10, 1.02026553872e-09, 3.27475579986e-09, 5.63294300093e-10, 2.99240826562e-10, 6.11100683945e-11, 5.7347002147e-11, 3.32942839965e-11, 2.84503998138e-09, 2.20622811686e-10, 5.13513918887e-11, 3.42104317097e-10, 5.31991672936e-10, 3.53985799006e-11, 1.26409882562e-10, 2.48594183433e-11, 1.85036205108e-11, 9.76220562721e-11, 1.13106926602e-10, 1.66247321465e-10, 1.80240666142e-11, 7.23687342691e-12, 5.67533173235e-12, 8.18383067477e-13, 7.85228815563e-13],
        "dvar2": [6.51107399108e-08, 2.16257177499e-07, 1.17634099297e-05, 8.07418746263e-06, 1.93025607587e-05, 1.68227063568e-06, 2.66841311714e-07, 1.49012066686e-07, 1.26245168985e-07, 1.23967316412e-08, 1.31379551682e-09, 3.09810288535e-09, 3.76234349231e-10, 3.38819805545e-11, 3.1758664587e-09, 4.49123349622e-10, 8.01326394129e-10, 1.43306444489e-09, 4.70888439352e-10, 1.03927852435e-10, 3.40593039883e-11, 8.74834649167e-11, 4.79811398946e-11, 2.90155699467e-09, 1.9182919142e-10, 9.55579365636e-11, 7.81133213668e-10, 1.10022124744e-09, 4.05097240475e-11, 2.66012101235e-10, 3.53310505852e-11, 2.8179994796e-11, 7.38181946125e-11, 1.47792139638e-10, 1.51806137105e-10, 2.41227524067e-11, 1.31017679345e-11, 1.34923834258e-11, 6.68265627297e-13, 1.31458179845e-12],
        "max": [0.00219814386219, 0.00412256689742, 0.0454277284443, 0.070775680244, 0.0402304977179, 0.0190787240863, 0.00966552272439, 0.00717330351472, 0.00274624023587, 0.000731049629394, 0.000435487483628, 0.000241871501203, 0.000146018282976, 7.56148947403e-05, 0.000310761504807, 0.000255880004261, 0.000378153577913, 0.000692003930453, 0.000256000377703, 0.000225535710342, 0.000123172299936, 9.32123075472e-05, 7.42591219023e-05, 0.000479360518511, 0.000184547985555, 7.51093830331e-05, 0.000172250860487, 0.000239932764089, 9.22994950088e-05, 0.000123181933304, 5.93506047153e-05, 6.13477823208e-05, 0.000131418259116, 0.000111675173684, 0.000133126493893, 4.96263601235e-05, 2.87186612695e-05, 2.12950963032e-05, 1.36294656841e-05, 1.14306130854e-05],
        "mean": [3.41232043866e-05, 7.62619893067e-05, 0.00183725147508, 0.00185576837976, 0.000681004603393, 0.000369065528503, 0.000220999441808, 0.000173620734131, 0.000101108533272, 3.10308932967e-05, 1.51133363033e-05, 1.06789220808e-05, 6.05862078373e-06, 4.19525940742e-06, 1.10271384983e-05, 9.02851570572e-06, 1.02923495433e-05, 1.69248196471e-05, 6.53641154713e-06, 6.11756013313e-06, 4.81689767184e-06, 4.2105330067e-06, 3.32436297867e-06, 9.53274411586e-06, 5.94505263507e-06, 3.61820002581e-06, 6.93295396559e-06, 8.87413716555e-06, 4.15491513195e-06, 5.43741271031e-06, 3.74927708435e-06, 3.91479943573e-06, 4.54541986983e-06, 3.37243795911e-06, 3.26914141624e-06, 1.81122061349e-06, 1.01336456737e-06, 7.57202201385e-07, 5.28244811449e-07, 4.48799056585e-07],
        "median": [5.10242292862e-10, 3.19111426172e-09, 8.28834885169e-08, 6.03363901064e-08, 5.59519257592e-08, 9.24217857801e-08, 5.10513245899e-07, 1.21215615323e-08, 8.17249734553e-09, 5.67405109564e-08, 1.55245814426e-07, 4.11594713867e-09, 5.36445443622e-10, 5.08399877752e-10, 1.37445177462e-09, 1.57419854929e-09, 1.61257485143e-09, 1.20415766247e-09, 1.15310161419e-09, 1.52330104086e-09, 9.30428067925e-10, 1.11872322517e-09, 9.00930219316e-10, 1.33658539792e-09, 1.13313303185e-09, 1.02652519818e-09, 1.17648157882e-09, 8.20860046602e-10, 8.52917736438e-10, 7.39823091678e-10, 5.59881752071e-10, 5.10251452202e-10, 3.27026294933e-10, 1.88171825344e-10, 1.49942294692e-10, 1.66845787186e-10, 6.76550412915e-11, 5.07092146051e-11, 3.92564904195e-11, 3.12467308972e-11],
        "min": [7.79651083277e-12, 2.72552228182e-12, 1.36099627662e-12, 7.35573060795e-13, 1.53702829002e-13, 1.94877290303e-13, 1.27596473968e-13, 4.66067478664e-14, 1.3596774802e-13, 1.62578311274e-13, 3.14537323054e-13, 2.99897476644e-13, 9.97861800242e-14, 2.21182149202e-13, 3.8971882904e-13, 2.44884055525e-13, 1.77342881591e-13, 1.01878385285e-13, 5.82237708567e-14, 2.86119842012e-13, 3.30815669997e-13, 5.58715705266e-14, 4.45750749679e-14, 7.49341046028e-14, 4.3936290153e-13, 1.09790343863e-13, 3.73708632399e-14, 1.5105581716e-13, 2.87803445355e-13, 3.93737993598e-13, 2.58909538774e-13, 1.07733741091e-13, 1.1673764711e-13, 3.16176257268e-13, 4.57297611237e-13, 4.09897403563e-13, 1.6218455615e-13, 1.27994972477e-13, 2.19443007602e-13, 1.50455250472e-13],
        "stdev": [0.000266502378508, 0.000503170012962, 0.00811016838998, 0.00956177338958, 0.00487832259387, 0.00237747770734, 0.00124654942192, 0.000950445944909, 0.000433104432886, 0.000119241442007, 6.39180580038e-05, 3.99938326154e-05, 2.41132656811e-05, 1.39457515616e-05, 4.69467267976e-05, 3.82131584047e-05, 4.91826795042e-05, 8.9282359113e-05, 3.25607798004e-05, 2.98687591567e-05, 1.97107929125e-05, 1.5080013327e-05, 1.18447669593e-05, 5.84608678764e-05, 2.51096153079e-05, 1.26180675579e-05, 2.70489490504e-05, 3.61449092452e-05, 1.46758866322e-05, 1.98403977265e-05, 1.22803367049e-05, 1.27377643366e-05, 1.83632437256e-05, 1.47548371388e-05, 1.67209509527e-05, 7.05168622517e-06, 4.07912420997e-06, 3.15294505526e-06, 2.04270395443e-06, 1.76401965746e-06],
