{
"lowlevel": {
    "average_loudness": 0.212292730808,
    "barkbands_crest": {
        "dmean": 2.15242338181,
        "dmean2": 3.72163748741,
        "dvar": 3.40104269981,
        "dvar2": 10.8049297333,
        "max": 21.03150177,
        "mean": 8.30263519287,
        "median": 7.86320209503,
        "min": 3.41767001152,
        "stdev": 2.72584843636,
        "var": 7.43024921417
    },
    "barkbands_flatness_db": {
        "dmean": 0.0133754462004,
        "dmean2": 0.0235178675503,
        "dvar": 0.000109645698103,
        "dvar2": 0.000330846756697,
        "max": 0.181740939617,
        "mean": 0.110646426678,
        "median": 0.112179286778,
        "min": 0.0301979891956,
        "stdev": 0.0252433326095,
        "var": 0.000637225806713
    },
    "barkbands_kurtosis": {
        "dmean": 1.62750041485,
        "dmean2": 2.83846473694,
        "dvar": 2.15313386917,
        "dvar2": 6.65910816193,
        "max": 16.6875,
        "mean": 3.8663623333,
        "median": 3.84007310867,
        "min": -1.78953194618,
        "stdev": 2.58437132835,
        "var": 6.67897462845
    },
    "barkbands_skewness": {
        "dmean": 0.352298974991,
        "dmean2": 0.613833963871,
        "dvar": 0.0731975063682,
        "dvar2": 0.227011576295,
        "max": 3.6659655571,
        "mean": 1.46230852604,
        "median": 1.51877760887,
        "min": -0.859908342361,
        "stdev": 0.611277043819,
        "var": 0.373659610748
    },
    "barkbands_spread": {
        "dmean": 2.65853452682,
        "dmean2": 4.42504358292,
        "dvar": 9.17971038818,
        "dvar2": 21.1722335815,
        "max": 129.775894165,
        "mean": 19.2299423218,
        "median": 12.4614696503,
        "min": 4.98597431183,
        "stdev": 23.7188529968,
        "var": 562.583984375
    },
    "dissonance": {
        "dmean": 0.0195706430823,
        "dmean2": 0.0331879146397,
        "dvar": 0.000265452137683,
        "dvar2": 0.000794887309894,
        "max": 0.500000059605,
        "mean": 0.46779102087,
        "median": 0.471216201782,
        "min": 0.37534609437,
        "stdev": 0.0222924873233,
        "var": 0.000496955006383
    },
    "dynamic_complexity": 16.4436130524,
    "erbbands_crest": {
        "dmean": 1.76517438889,
        "dmean2": 2.99324440956,
        "dvar": 2.28552794456,
        "dvar2": 6.68107557297,
        "max": 15.9069604874,
        "mean": 6.86016368866,
        "median": 6.44449043274,
        "min": 2.141903162,
        "stdev": 2.41056275368,
        "var": 5.8108124733
    },
    "erbbands_flatness_db": {
        "dmean": 0.0107804015279,
        "dmean2": 0.0186559855938,
        "dvar": 7.83348077675e-05,
        "dvar2": 0.000228363816859,
        "max": 0.198694556952,
        "mean": 0.135953783989,
        "median": 0.140267118812,
        "min": 0.0424602590501,
        "stdev": 0.0257465839386,
        "var": 0.000662886595819
    },
    "erbbands_kurtosis": {
        "dmean": 0.701830744743,
        "dmean2": 1.19414484501,
        "dvar": 0.561798512936,
        "dvar2": 1.56935691833,
        "max": 8.85691452026,
        "mean": 0.950667202473,
        "median": 0.601781606674,
        "min": -1.49924600124,
        "stdev": 1.27725529671,
        "var": 1.63138115406
    },
    "erbbands_skewness": {
        "dmean": 0.247948974371,
        "dmean2": 0.42391872406,
        "dvar": 0.0383651964366,
        "dvar2": 0.111960232258,
        "max": 2.5080769062,
        "mean": 0.773518562317,
        "median": 0.783527255058,
        "min": -0.901853442192,
        "stdev": 0.524553358555,
        "var": 0.275156199932
    },
    "erbbands_spread": {
        "dmean": 4.05117034912,
        "dmean2": 6.88274812698,
        "dvar": 15.1716394424,
        "dvar2": 40.6673736572,
        "max": 94.2330551147,
        "mean": 29.6125183105,
        "median": 27.2696723938,
        "min": 11.9890050888,
        "stdev": 12.0173692703,
        "var": 144.417175293
    },
    "hfc": {
        "dmean": 2.63449144363,
        "dmean2": 3.8399939537,
        "dvar": 166.518066406,
        "dvar2": 221.783569336,
        "max": 615.886169434,
        "mean": 14.853099823,
        "median": 1.43777155876,
        "min": 1.56580463226e-05,
        "stdev": 54.8166618347,
        "var": 3004.86621094
    },
    "loudness_ebu128": {
        "integrated": -22.5271835327,
        "loudness_range": 20.0668582916,
        "momentary": {
            "dmean": 0.660645246506,
            "dmean2": 0.272467672825,
            "dvar": 0.368226110935,
            "dvar2": 0.0594555027783,
            "max": -15.6732254028,
            "mean": -37.9017486572,
            "median": -32.9474029541,
            "min": -87.4116973877,
            "stdev": 18.5708942413,
            "var": 344.878143311
        },
        "short_term": {
            "dmean": 0.346709370613,
            "dmean2": 0.0655160397291,
            "dvar": 0.0834512040019,
            "dvar2": 0.00744886696339,
            "max": -19.4349079132,
            "mean": -31.4356441498,
            "median": -28.4698181152,
            "min": -57.3343353271,
            "stdev": 10.8576946259,
            "var": 117.889526367
        }
    },
    "melbands_crest": {
        "dmean": 2.50788903236,
        "dmean2": 4.3768658638,
        "dvar": 3.77207970619,
        "dvar2": 11.3131160736,
        "max": 21.720916748,
        "mean": 10.2599525452,
        "median": 9.86407089233,
        "min": 5.06848955154,
        "stdev": 2.65597462654,
        "var": 7.05420064926
    },
    "melbands_flatness_db": {
        "dmean": 0.0166347566992,
        "dmean2": 0.0291548706591,
        "dvar": 0.000166401950992,
        "dvar2": 0.000525000912603,
        "max": 0.280526667833,
        "mean": 0.192649438977,
        "median": 0.202100485563,
        "min": 0.0196866709739,
        "stdev": 0.0452709533274,
        "var": 0.00204945914447
    },
    "melbands_kurtosis": {
        "dmean": 2.68526983261,
        "dmean2": 4.70237541199,
        "dvar": 5.64598560333,
        "dvar2": 16.9274330139,
        "max": 27.9359474182,
        "mean": 6.68875408173,
        "median": 6.21911048889,
        "min": -1.49492108822,
        "stdev": 3.69198083878,
        "var": 13.6307229996
    },
    "melbands_skewness": {
        "dmean": 0.421802639961,
        "dmean2": 0.734778523445,
        "dvar": 0.108699277043,
        "dvar2": 0.326315045357,
        "max": 4.33909082413,
        "mean": 1.88808846474,
        "median": 1.84468388557,
        "min": 0.108309857547,
        "stdev": 0.580746412277,
        "var": 0.337266385555
    },
    "melbands_spread": {
        "dmean": 3.504601717,
        "dmean2": 5.80057382584,
        "dvar": 21.1819229126,
        "dvar2": 50.1135940552,
        "max": 194.644104004,
        "mean": 20.5658302307,
        "median": 13.1920642853,
        "min": 5.78253936768,
        "stdev": 29.4877624512,
        "var": 869.528137207
    },
    "pitch_salience": {
        "dmean": 0.0580938272178,
        "dmean2": 0.100535936654,
        "dvar": 0.00201309844851,
        "dvar2": 0.00607064412907,
        "max": 0.866802096367,
        "mean": 0.690604507923,
        "median": 0.692534983158,
        "min": 0.482673048973,
        "stdev": 0.0648304894567,
        "var": 0.00420299265534
    },
    "silence_rate_20dB": {
        "dmean": 0,
        "dmean2": 0,
        "dvar": 0,
        "dvar2": 0,
        "max": 1,
        "mean": 1,
        "median": 1,
        "min": 1,
        "stdev": 0,
        "var": 0
    },
    "silence_rate_30dB": {
        "dmean": 0.00189214758575,
        "dmean2": 0.00378787890077,
        "dvar": 0.00188856502064,
        "dvar2": 0.00377350486815,
        "max": 1,
        "mean": 0.991493403912,
        "median": 1,
        "min": 0,
        "stdev": 0.091838568449,
        "var": 0.00843432266265
    },
    "silence_rate_60dB": {
        "dmean": 0.0170293282717,
        "dmean2": 0.0340909101069,
        "dvar": 0.0167392659932,
        "dvar2": 0.0386106036603,
        "max": 1,
        "mean": 0.516068041325,
        "median": 1,
        "min": 0,
        "stdev": 0.499742716551,
        "var": 0.249742791057
    },
    "spectral_centroid": {
        "dmean": 107.218528748,
        "dmean2": 178.108016968,
        "dvar": 57796.0585938,
        "dvar2": 70699.7890625,
        "max": 11038.8251953,
        "mean": 869.573669434,
        "median": 683.167114258,
        "min": 421.875732422,
        "stdev": 716.070373535,
        "var": 512756.75
    },
    "spectral_complexity": {
        "dmean": 1.57426679134,
        "dmean2": 2.6875,
        "dvar": 3.50653600693,
        "dvar2": 9.54438877106,
        "max": 57,
        "mean": 11.0784502029,
        "median": 7,
        "min": 0,
        "stdev": 11.3985595703,
        "var": 129.927154541
    },
    "spectral_decrease": {
        "dmean": 1.04402197998e-09,
        "dmean2": 1.80570469688e-09,
        "dvar": 3.43627969773e-18,
        "dvar2": 1.01884514336e-17,
        "max": -1.25679678219e-16,
        "mean": -4.54533877203e-09,
        "median": -7.40131844701e-10,
        "min": -2.58458978664e-08,
        "stdev": 6.01273386636e-09,
        "var": 3.61529709192e-17
    },
    "spectral_energy": {
        "dmean": 0.0041065341793,
        "dmean2": 0.00707367481664,
        "dvar": 5.46130868315e-05,
        "dvar2": 0.000157126036356,
        "max": 0.130123183131,
        "mean": 0.0185023862869,
        "median": 0.00292718340643,
        "min": 1.89457471933e-09,
        "stdev": 0.0253185722977,
        "var": 0.000641030143015
    },
    "spectral_energyband_high": {
        "dmean": 0.000156764799613,
        "dmean2": 0.000209000863833,
        "dvar": 1.77952983904e-06,
        "dvar2": 2.49056711255e-06,
        "max": 0.0618792250752,
        "mean": 0.000774088141043,
        "median": 2.00195390789e-05,
        "min": 1.06066933014e-09,
        "stdev": 0.00548690138385,
        "var": 3.01060845231e-05
    },
    "spectral_energyband_low": {
        "dmean": 0.00194303295575,
        "dmean2": 0.00352059234865,
        "dvar": 1.31538172354e-05,
        "dvar2": 4.1684248572e-05,
        "max": 0.032841887325,
        "mean": 0.00326503184624,
        "median": 0.000632929150015,
        "min": 2.54266774302e-10,
        "stdev": 0.00494143599644,
        "var": 2.44177899731e-05
    },
    "spectral_energyband_middle_high": {
        "dmean": 0.000486310076667,
        "dmean2": 0.000848175783176,
        "dvar": 9.58474288382e-07,
        "dvar2": 2.60169395006e-06,
        "max": 0.0206602606922,
        "mean": 0.00211956165731,
        "median": 0.000331571965944,
        "min": 2.18653775641e-10,
        "stdev": 0.00302980211563,
        "var": 9.17970101e-06
    },
    "spectral_energyband_middle_low": {
        "dmean": 0.00349463778548,
        "dmean2": 0.00593099184334,
        "dvar": 4.02423356718e-05,
        "dvar2": 0.000121516990475,
        "max": 0.0887567251921,
        "mean": 0.0127523904666,
        "median": 0.00192553561646,
        "min": 7.7150522082e-11,
        "stdev": 0.0173641610891,
        "var": 0.000301514111925
    },
    "spectral_entropy": {
        "dmean": 0.108793139458,
        "dmean2": 0.189056351781,
        "dvar": 0.00900623947382,
        "dvar2": 0.024010559544,
        "max": 9.81256008148,
        "mean": 7.54699707031,
        "median": 7.48446655273,
        "min": 6.77747488022,
        "stdev": 0.369768619537,
        "var": 0.136728838086
    },
    "spectral_flux": {
        "dmean": 0.0074630221352,
        "dmean2": 0.0121441809461,
        "dvar": 0.000113729285658,
        "dvar2": 0.000291768228635,
        "max": 0.210287198424,
        "mean": 0.0539689995348,
        "median": 0.0303645916283,
        "min": 4.41928641521e-05,
        "stdev": 0.0542115941644,
        "var": 0.00293889688328
    },
    "spectral_kurtosis": {
        "dmean": 1.16053509712,
        "dmean2": 2.09201717377,
        "dvar": 1.03625285625,
        "dvar2": 3.21078538895,
        "max": 13.2769870758,
        "mean": 6.8117146492,
        "median": 7.01052856445,
        "min": -1.15246367455,
        "stdev": 2.08903479576,
        "var": 4.3640666008
    },
    "spectral_rms": {
        "dmean": 0.000339723308571,
        "dmean2": 0.000582952576224,
        "dvar": 2.34486094541e-07,
        "dvar2": 6.78943422372e-07,
        "max": 0.0112671852112,
        "mean": 0.0030139957089,
        "median": 0.0016899072798,
        "min": 1.35954610414e-06,
        "stdev": 0.00299448776059,
        "var": 8.96695655683e-06
    },
    "spectral_rolloff": {
        "dmean": 221.99331665,
        "dmean2": 368.490234375,
        "dvar": 224568.203125,
        "dvar2": 453645.0625,
        "max": 18367.8222656,
        "mean": 1799.32421875,
        "median": 753.662109375,
        "min": 387.59765625,
        "stdev": 3701.59716797,
        "var": 13701822
    },
    "spectral_skewness": {
        "dmean": 0.146644592285,
        "dmean2": 0.257005900145,
        "dvar": 0.0160394441336,
        "dvar2": 0.0448608137667,
        "max": 2.84860777855,
        "mean": 2.09837675095,
        "median": 2.15372991562,
        "min": 0.00824023224413,
        "stdev": 0.338589698076,
        "var": 0.114642985165
    },
    "spectral_spread": {
        "dmean": 301875.1875,
        "dmean2": 516481.40625,
        "dvar": 906782048256,
        "dvar2": 1.03075073229e+12,
        "max": 39448924,
        "mean": 4492320.5,
        "median": 3907000.5,
        "min": 3009367,
        "stdev": 1990949.625,
        "var": 3.96388021043e+12
    },
    "spectral_strongpeak": {
        "dmean": 0.301533073187,
        "dmean2": 0.516169011593,
        "dvar": 0.254986971617,
        "dvar2": 0.77125030756,
        "max": 3.76830101013,
        "mean": 0.547283053398,
        "median": 0.154282212257,
        "min": 0,
        "stdev": 0.755177021027,
        "var": 0.57029235363
    },
    "zerocrossingrate": {
        "dmean": 0.00585290789604,
        "dmean2": 0.00770152686164,
        "dvar": 7.39272945793e-05,
        "dvar2": 7.9354387708e-05,
        "max": 0.3046875,
        "mean": 0.0578867122531,
        "median": 0.0400390625,
        "min": 0.01953125,
        "stdev": 0.0587265044451,
        "var": 0.00344880227931
    },
    "barkbands": {
        "dmean": [0.000136796064908, 0.00111501384526, 0.00120738742407, 0.000718418916222, 0.0022384445183, 0.00116984650958, 0.000762542127632, 0.00158676400315, 0.000288518815069, 0.000164301251061, 0.000227264143177, 0.000224321192945, 0.000163321965374, 9.61936530075e-05, 6.94755435688e-05, 4.23615529144e-05, 3.50037698809e-05, 2.8851442039e-05, 3.38640202244e-05, 1.71791634784e-05, 2.69556730927e-05, 2.95290010399e-05, 4.68555481348e-05, 2.90150983346e-05, 3.40274382324e-05, 2.93605644401e-05, 7.30709246e-07],
        "dmean2": [0.00023121733102, 0.00195529544726, 0.00228788680397, 0.00129218923394, 0.00392276793718, 0.00201727729291, 0.00136654032394, 0.00261227576993, 0.000495370361023, 0.000276828242932, 0.000396217685193, 0.000395881623263, 0.000285830785288, 0.000166060504853, 0.000119589101814, 7.53120693844e-05, 5.97394973738e-05, 4.7376674047e-05, 5.66725429962e-05, 2.89200215775e-05, 4.67727804789e-05, 4.83467447339e-05, 6.88071668264e-05, 4.37998896814e-05, 4.87735233037e-05, 2.18976929318e-05, 1.0040549796e-06],
        "dvar": [7.81170186315e-08, 4.4324292503e-06, 6.3222701101e-06, 1.9538149445e-06, 1.77189012902e-05, 5.32597096026e-06, 2.13872931454e-06, 9.24789219425e-06, 3.42832549904e-07, 8.91563161076e-08, 1.90374223052e-07, 1.83643592777e-07, 1.52136351517e-07, 1.10476804593e-07, 1.91487803392e-08, 6.37687369576e-09, 1.52666022046e-08, 7.26336235601e-09, 3.46142101648e-08, 4.26597779324e-09, 3.97293966614e-08, 5.33998978369e-08, 1.42651146007e-07, 7.03078271158e-08, 1.25459607148e-07, 6.63237997856e-08, 2.72432510579e-11],
        "dvar2": [2.16919914919e-07, 1.25886617752e-05, 2.22211147047e-05, 6.03181706538e-06, 5.53222307644e-05, 1.57609210873e-05, 6.3828747443e-06, 2.59527132584e-05, 9.94483798422e-07, 2.51244358651e-07, 5.73077159061e-07, 5.37257676569e-07, 4.8037071565e-07, 3.23496806232e-07, 5.32536503783e-08, 1.79677552836e-08, 3.60924445886e-08, 1.61112652108e-08, 1.11569704586e-07, 1.03513349003e-08, 1.06258084998e-07, 1.14676026897e-07, 3.20190792991e-07, 1.00538009917e-07, 1.8935946855e-07, 3.5075530036e-08, 4.47205432408e-11],
        "max": [0.00273404922336, 0.0234295167029, 0.0215594377369, 0.0100536299869, 0.0397901423275, 0.0283965803683, 0.0123155731708, 0.0312875583768, 0.00712671875954, 0.00358219351619, 0.00431093806401, 0.00486408313736, 0.00580115057528, 0.00768832070753, 0.00283229374327, 0.00122793030459, 0.00339496904053, 0.00235381815583, 0.00540218455717, 0.00186727382243, 0.00524203432724, 0.00746022583917, 0.0139117510989, 0.0121075175703, 0.0141445919871, 0.0144112901762, 0.000244687485974],
        "mean": [0.000159721821547, 0.00143920537084, 0.00130511971656, 0.000866074580699, 0.00465765642002, 0.0020099489484, 0.00122785498388, 0.00341094657779, 0.000482848030515, 0.000316945632221, 0.000399633398047, 0.000447070546215, 0.000322893989505, 0.000174283864908, 0.000139635769301, 0.000101745135908, 7.77338354965e-05, 8.23047521408e-05, 8.27234762255e-05, 4.82443902001e-05, 7.23189295968e-05, 0.000102488942503, 0.000173928041477, 0.000132392044179, 0.000132158093038, 0.000133365101647, 3.14256976708e-06],
        "median": [2.46634754149e-05, 0.000259725842625, 0.0002003837144, 0.000113720976515, 0.000485484430101, 0.000395131704863, 0.000194263790036, 0.00024506248883, 7.69859470893e-05, 5.30967445229e-05, 6.70697991154e-05, 6.80537123117e-05, 3.37364654115e-05, 3.28812748194e-05, 2.54180140473e-05, 1.63539789355e-05, 1.05137914943e-05, 9.56136136665e-06, 6.67874155624e-06, 4.37681046606e-06, 4.06002573072e-06, 3.40335554938e-06, 3.11552821586e-06, 2.45128990173e-06, 1.6274226482e-06, 2.2280498797e-06, 1.4547768501e-07],
        "min": [3.02732838797e-10, 1.72719455925e-12, 1.91272583709e-12, 1.21777533803e-12, 2.72857582882e-12, 4.69726167684e-12, 7.35112751921e-12, 3.15608867166e-12, 6.67725033252e-12, 5.0367583368e-12, 1.10154220814e-11, 9.5177156087e-12, 1.34679168859e-11, 1.57280369284e-11, 8.74489543279e-12, 2.44924202447e-11, 1.74209015269e-11, 1.87841478483e-11, 4.64711880088e-11, 1.49495346657e-11, 2.87486163347e-11, 5.41113126529e-11, 8.85308007459e-11, 1.26253729693e-10, 2.70003130964e-10, 1.92208943206e-10, 2.98173929991e-10],
        "stdev": [0.000315883517032, 0.0024889560882, 0.00243047391996, 0.00155028770678, 0.00721321254969, 0.00318218301982, 0.00195593875833, 0.00563145894557, 0.000784369593021, 0.000482087751152, 0.000633221003227, 0.000699937809259, 0.000625197542831, 0.000354091316694, 0.0002326805552, 0.00015263845853, 0.000177644949872, 0.000232666468946, 0.000358874414815, 0.00016759254504, 0.00038820845657, 0.000678500626236, 0.0012980242027, 0.00100727926474, 0.00110267463606, 0.00107185810339, 1.94733383978e-05],
        "var": [9.97824045612e-08, 6.19490219833e-06, 5.90720355831e-06, 2.40339204538e-06, 5.20304383826e-05, 1.01262885437e-05, 3.8256962398e-06, 3.17133308272e-05, 6.15235649093e-07, 2.32408609691e-07, 4.00968815484e-07, 4.89912906687e-07, 3.90871946365e-07, 1.25380651639e-07, 5.4140240735e-08, 2.32985009063e-08, 3.15577288745e-08, 5.41336859783e-08, 1.28790844656e-07, 2.80872622938e-08, 1.50705815827e-07, 4.60363111188e-07, 1.68486678831e-06, 1.01461159829e-06, 1.21589130231e-06, 1.14887984637e-06, 3.79210884915e-10]
    },
    "erbbands": {
        "dmean": [0.0325301326811, 0.270445555449, 1.20560848713, 1.62694168091, 3.44706511497, 8.86881828308, 13.6055450439, 9.40840053558, 10.957110405, 23.2264575958, 19.57081604, 7.52588653564, 5.28833150864, 5.60104560852, 9.8198184967, 8.67902088165, 7.66660261154, 4.69923400879, 3.46380257607, 3.14172935486, 2.22927975655, 1.8084782362, 1.51341474056, 1.64744496346, 1.25960254669, 0.795381963253, 0.854468226433, 1.20625162125, 1.11403310299, 1.47823560238, 1.50378167629, 0.842304170132, 0.681683540344, 0.483981251717, 0.309697747231, 0.125953480601, 0.0682620555162, 0.00889861863106, 0.00026612795773, 1.59497139975e-05],
        "dmean2": [0.0578103289008, 0.466169387102, 2.25554466248, 2.98089027405, 6.19449710846, 15.8778038025, 23.6100158691, 16.4863510132, 19.5096187592, 38.4486618042, 32.8680953979, 12.9719152451, 9.17241382599, 9.42166519165, 16.9906578064, 15.316988945, 13.7246427536, 8.2696056366, 5.76219987869, 5.46966695786, 3.89735794067, 3.0727891922, 2.51789450645, 2.86290431023, 2.16220974922, 1.3716622591, 1.38885080814, 2.00423598289, 1.87446296215, 2.24203848839, 2.01841020584, 1.28363227844, 1.095723629, 0.622855246067, 0.526417851448, 0.141246691346, 0.0679137185216, 0.00953457504511, 0.000325090106344, 2.09743666346e-05],
        "dvar": [0.00447325780988, 0.245113253593, 5.92887926102, 9.13925743103, 45.5336265564, 285.503356934, 836.122741699, 296.50088501, 444.753326416, 1866.49902344, 1481.66149902, 262.038330078, 100.547279358, 107.589859009, 382.945098877, 303.113830566, 357.359039307, 251.304458618, 53.8238563538, 41.4309005737, 19.5019989014, 46.9844551086, 19.6841373444, 68.1230773926, 32.159072876, 8.61699676514, 21.7138786316, 102.615150452, 92.8153610229, 138.044219971, 125.716781616, 52.2880554199, 35.3642730713, 18.49310112, 9.9522228241, 1.68966734409, 0.332769572735, 0.00475417776033, 4.11057453675e-06, 1.02612034425e-08],
        "dvar2": [0.0130061274394, 0.691480517387, 20.4150276184, 29.7827758789, 135.816345215, 920.554016113, 2516.82617188, 873.348388672, 1315.19604492, 5290.85498047, 4211.9140625, 757.589111328, 299.698272705, 303.770111084, 1122.80004883, 890.520812988, 1153.62719727, 740.611022949, 140.534622192, 115.881210327, 54.2119178772, 108.473503113, 43.7870521545, 206.158447266, 90.6424026489, 21.8160762787, 54.4422111511, 262.758270264, 209.578674316, 340.086425781, 247.840621948, 105.298568726, 73.0769577026, 28.6186351776, 22.7627391815, 2.23647499084, 0.311230242252, 0.00545063521713, 5.50103823116e-06, 1.25564758591e-08],
        "max": [0.61585354805, 5.42537117004, 19.7506580353, 21.6447734833, 66.446975708, 178.040054321, 366.488494873, 162.539657593, 184.561096191, 431.553283691, 404.254577637, 199.991729736, 94.7567825317, 100.822303772, 245.211624146, 211.022521973, 310.872070312, 360.459014893, 149.418258667, 139.336517334, 82.6462097168, 198.876968384, 139.531814575, 253.266448975, 163.372940063, 88.6666412354, 132.169631958, 285.30581665, 296.171630859, 388.14352417, 392.217376709, 235.987792969, 242.358917236, 200.047927856, 89.3872299194, 54.8580284119, 32.0136070251, 3.42804718018, 0.107984744012, 0.00528973061591],
        "mean": [0.0396367572248, 0.333599567413, 1.39802157879, 2.27947473526, 4.96297454834, 16.1372756958, 26.8297424316, 16.0824279785, 17.4508991241, 50.5030632019, 44.0138664246, 12.7243452072, 9.99175643921, 11.5184516907, 18.9269561768, 17.8704929352, 15.6571950912, 9.63528823853, 7.90177965164, 6.70501470566, 5.37076663971, 4.46799325943, 4.45577812195, 4.57484436035, 3.53632450104, 2.32213354111, 2.47136330605, 3.23201131821, 3.83972477913, 4.11782979965, 4.92249584198, 2.84199690819, 2.43594622612, 1.71194779873, 0.845190107822, 0.425429493189, 0.281155198812, 0.040340051055, 0.00120503886137, 8.2126534835e-05],
        "median": [0.00670205056667, 0.0522308573127, 0.218831732869, 0.332479774952, 0.641445636749, 1.79796504974, 3.59383964539, 2.8974814415, 3.0226650238, 4.61979103088, 3.95979690552, 1.94143152237, 1.68427276611, 1.81483578682, 3.16000747681, 2.51217746735, 1.73838186264, 1.64924287796, 1.43687677383, 1.21013236046, 0.861056208611, 0.624847531319, 0.524585843086, 0.41681727767, 0.294674754143, 0.209292650223, 0.173655867577, 0.152369171381, 0.122284695506, 0.0983893945813, 0.0883698314428, 0.0566942542791, 0.037474013865, 0.0204235576093, 0.010481913574, 0.00616285856813, 0.0043899747543, 0.000912466610316, 3.91352514271e-05, 5.58356805413e-06],
        "min": [2.90559176719e-09, 7.36080252306e-10, 1.8875874197e-09, 6.10998762696e-09, 9.54923162766e-09, 1.01150536835e-08, 1.90805753419e-08, 4.17650696249e-08, 6.40011563746e-08, 9.55480317089e-08, 5.28089181273e-08, 1.49612716882e-07, 1.49776269609e-07, 3.38946648526e-07, 5.25162249687e-07, 4.6818422561e-07, 7.59001238748e-07, 9.60699139796e-07, 3.48630919689e-07, 1.16623959912e-06, 1.52181962676e-06, 1.04720345462e-06, 1.1720708244e-06, 1.88738670204e-06, 2.04000843951e-06, 7.37334516998e-07, 1.16930709737e-06, 1.59686589996e-06, 1.82908581792e-06, 2.71119074569e-06, 1.98026805265e-06, 2.21854793381e-06, 2.48440801442e-06, 2.07053494705e-06, 2.19951039071e-06, 7.29140424482e-07, 4.55894763718e-07, 1.68571062886e-07, 4.02898940877e-08, 4.33331237559e-09],
        "stdev": [0.0750582441688, 0.5840934515, 2.47211790085, 3.75235056877, 8.50254249573, 26.0013961792, 43.1805076599, 24.8609027863, 27.6749191284, 80.0613250732, 69.7412872314, 20.9170341492, 15.1233825684, 17.0894584656, 29.8975124359, 28.2232551575, 29.9421443939, 18.275604248, 12.6693096161, 11.0125541687, 8.31103420258, 10.3993940353, 11.7534313202, 17.9431591034, 13.7768144608, 8.16459846497, 11.1720151901, 19.3512077332, 25.4230937958, 30.0309200287, 36.5594825745, 21.2218647003, 19.2405719757, 14.3404397964, 7.09557199478, 3.68804645538, 2.28351736069, 0.296379864216, 0.00827765185386, 0.000432034459664],
        "var": [0.00563373975456, 0.34116512537, 6.11136674881, 14.0801353455, 72.2932281494, 676.072631836, 1864.55615234, 618.064453125, 765.901123047, 6409.81591797, 4863.84716797, 437.522277832, 228.716690063, 292.049560547, 893.86126709, 796.552185059, 896.531982422, 333.997741699, 160.511398315, 121.276359558, 69.0732955933, 108.147399902, 138.143157959, 321.956939697, 189.800628662, 66.6606750488, 124.813919067, 374.469207764, 646.333679199, 901.856140137, 1336.5958252, 450.367553711, 370.199645996, 205.648208618, 50.3471412659, 13.6016864777, 5.21445178986, 0.087841026485, 6.85195191181e-05, 1.86653778655e-07]
    },
    "gfcc": {
        "mean": [-157.133300781, 94.8084411621, -95.80078125, 3.90885210037, -56.914730072, 5.5905547142, -39.9003601074, 0.612878978252, -24.0848388672, 5.63890266418, -13.1207933426, 7.31895828247, -14.5042610168],
        "cov": [[55738.1835938, 6374.06054688, -1236.70141602, 825.260314941, -888.470336914, 294.245361328, -523.419494629, 584.747131348, 3.72551107407, 486.73236084, -393.14163208, -98.7645339966, -861.803283691], [6374.06054688, 1751.04736328, -283.480285645, 17.9985809326, -85.8507003784, 24.6081390381, -100.356437683, -1.29691517353, -35.8000679016, 25.2126598358, -33.4946975708, 19.6789512634, -74.9349441528], [-1236.70141602, -283.480285645, 132.770126343, -3.19069385529, 11.7169895172, -21.2816524506, 11.8359861374, 1.62796163559, 14.6238908768, -3.45351052284, 1.75704014301, -13.8100738525, 11.0227842331], [825.260314941, 17.9985809326, -3.19069385529, 61.1851043701, 4.95709228516, 24.327381134, 1.12892830372, 22.5627822876, 4.81715917587, 10.5097045898, -4.1467461586, 0.608174860477, -15.9858093262], [-888.470336914, -85.8507003784, 11.7169895172, 4.95709228516, 55.9987449646, 18.5711193085, 21.6766433716, -6.22075748444, 3.19527959824, -6.48290348053, 11.3025693893, 6.6935172081, 19.0486183167], [294.245361328, 24.6081390381, -21.2816524506, 24.327381134, 18.5711193085, 47.4996948242, 17.5055484772, 15.0558795929, 0.868322908878, 5.56541728973, 2.60662722588, 9.10820770264, -2.92232084274], [-523.419494629, -100.356437683, 11.8359861374, 1.12892830372, 21.6766433716, 17.5055484772, 39.7024841309, 15.7701282501, 10.3354949951, 1.14189791679, 7.38396549225, 2.14883470535, 8.89295387268], [584.747131348, -1.29691517353, 1.62796163559, 22.5627822876, -6.22075748444, 15.0558795929, 15.7701282501, 48.7962722778, 24.9356193542, 17.6158294678, -5.63736152649, -5.52990865707, -13.6452255249], [3.72551107407, -35.8000679016, 14.6238908768, 4.81715917587, 3.19527959824, 0.868322908878, 10.3354949951, 24.9356193542, 35.7561721802, 16.8898944855, -0.363300412893, -5.04673528671, -2.87718510628], [486.73236084, 25.2126598358, -3.45351052284, 10.5097045898, -6.48290348053, 5.56541728973, 1.14189791679, 17.6158294678, 16.8898944855, 30.1980419159, 8.14304637909, 1.62262547016, -5.62116575241], [-393.14163208, -33.4946975708, 1.75704014301, -4.1467461586, 11.3025693893, 2.60662722588, 7.38396549225, -5.63736152649, -0.363300412893, 8.14304637909, 29.8310508728, 17.907327652, 14.2396802902], [-98.7645339966, 19.6789512634, -13.8100738525, 0.608174860477, 6.6935172081, 9.10820770264, 2.14883470535, -5.52990865707, -5.04673528671, 1.62262547016, 17.907327652, 28.4650154114, 17.252872467], [-861.803283691, -74.9349441528, 11.0227842331, -15.9858093262, 19.0486183167, -2.92232084274, 8.89295387268, -13.6452255249, -2.87718510628, -5.62116575241, 14.2396802902, 17.252872467, 39.4674797058]],
        "icov": [[9.89321924862e-05, -0.000199396206881, 0.000207945937291, -0.000768095545936, 0.00067097239662, -2.29167490033e-05, 0.000207184202736, -0.000465707766125, 0.000538767606486, -0.0011031931499, 0.000809379096609, -0.000399194017518, 0.000643901934382], [-0.000199396206881, 0.00148464902304, 0.00137132999953, 0.00210642255843, -0.00153742241673, -0.000134675472509, 0.00159246078692, 0.000549381074961, -0.000751399609726, 0.00130408734549, -0.000436042668298, -0.000694697315339, 9.01741514099e-05], [0.000207945937291, 0.00137132999953, 0.0140030477196, -0.00454964535311, 0.000864383007865, 0.00537165859714, 0.000533007725608, -0.000880802283064, -0.00262641045265, -0.000509037985466, -0.000742178643122, 0.00542164966464, -0.00141960813198], [-0.000768095545936, 0.00210642255843, -0.00454964535311, 0.0360206328332, -0.0145260673016, -0.00979604851454, 0.00971947889775, -0.0108005739748, 0.00436071772128, 0.0014650230296, -0.000159279705258, -0.0068493145518, 0.00702728983015], [0.00067097239662, -0.00153742241673, 0.000864383007865, -0.0145260673016, 0.0444008149207, -0.0168638266623, -0.0101530300453, 0.0135844843462, -0.0128511097282, 0.00745814712718, -0.00945396441966, 0.0131905386224, -0.0123166209087], [-2.29167490033e-05, -0.000134675472509, 0.00537165859714, -0.00979604851454, -0.0168638266623, 0.0496271662414, -0.0188989024609, -0.00693783024326, 0.0129043934867, -0.0113293053582, 0.0143280206248, -0.0218494683504, 0.0111583499238], [0.000207184202736, 0.00159246078692, 0.000533007725608, 0.00971947889775, -0.0101530300453, -0.0188989024609, 0.0593118704855, -0.0267246831208, -0.000601755338721, 0.00921894609928, -0.0143562210724, 0.0103842997923, -0.00585821969435], [-0.000465707766125, 0.000549381074961, -0.000880802283064, -0.0108005739748, 0.0135844843462, -0.00693783024326, -0.0267246831208, 0.0632563084364, -0.0328898429871, -0.00399689516053, 0.00671249534935, -9.0870908025e-06, 0.0021819411777], [0.000538767606486, -0.000751399609726, -0.00262641045265, 0.00436071772128, -0.0128511097282, 0.0129043934867, -0.000601755338721, -0.0328898429871, 0.0693015083671, -0.0379698462784, 0.0169589594007, -0.00548630720004, 0.00468378327787], [-0.0011031931499, 0.00130408734549, -0.000509037985466, 0.0014650230296, 0.00745814712718, -0.0113293053582, 0.00921894609928, -0.00399689516053, -0.0379698462784, 0.0863284468651, -0.0494256354868, 0.021345378831, -0.0107461707667], [0.000809379096609, -0.000436042668298, -0.000742178643122, -0.000159279705258, -0.00945396441966, 0.0143280206248, -0.0143562210724, 0.00671249534935, 0.0169589594007, -0.0494256354868, 0.0928141027689, -0.0585602149367, 0.014476660639], [-0.000399194017518, -0.000694697315339, 0.00542164966464, -0.0068493145518, 0.0131905386224, -0.0218494683504, 0.0103842997923, -9.0870908025e-06, -0.00548630720004, 0.021345378831, -0.0585602149367, 0.102432481945, -0.0456602759659], [0.000643901934382, 9.01741514099e-05, -0.00141960813198, 0.00702728983015, -0.0123166209087, 0.0111583499238, -0.00585821969435, 0.0021819411777, 0.00468378327787, -0.0107461707667, 0.014476660639, -0.0456602759659, 0.0652043148875]]
    },
    "melbands": {
        "dmean": [0.000289071613224, 0.000469612219604, 0.000310157949571, 0.000356860458851, 0.000495241605677, 0.000208608966204, 0.000158455019118, 0.000312538148137, 0.000130248372443, 4.59547518403e-05, 2.66903280135e-05, 2.34178241953e-05, 3.15854304063e-05, 2.65723028861e-05, 2.3651511583e-05, 1.44088762681e-05, 9.20386264625e-06, 6.37404809822e-06, 5.3526478041e-06, 3.60458420801e-06, 2.89694844469e-06, 2.08799588108e-06, 1.83060478776e-06, 1.39036171731e-06, 1.52579525547e-06, 1.38339589739e-06, 7.81270500738e-07, 5.40660721526e-07, 6.53349047752e-07, 6.33603747247e-07, 8.99556823697e-07, 5.85129100727e-07, 7.89335103946e-07, 9.9485203009e-07, 9.6708890851e-07, 1.01255750451e-06, 4.60717075157e-07, 4.61470591517e-07, 4.19258753936e-07, 4.64314524606e-07],
        "dmean2": [0.000511603604537, 0.000859524297994, 0.000567599141505, 0.000629312475212, 0.000875484372955, 0.00036403676495, 0.00028078557807, 0.000510492303874, 0.00022085144883, 7.91301790741e-05, 4.6388071496e-05, 3.91639950976e-05, 5.53527606826e-05, 4.62025527668e-05, 4.19305142714e-05, 2.58144627878e-05, 1.62064479809e-05, 1.07626401586e-05, 9.37332060857e-06, 6.17665546088e-06, 5.06008382217e-06, 3.54517942469e-06, 3.17510944114e-06, 2.26966767514e-06, 2.65733251581e-06, 2.41858106165e-06, 1.23249469652e-06, 8.80494269495e-07, 1.11828819627e-06, 1.07612993361e-06, 1.48543506384e-06, 9.49736261191e-07, 1.30485329919e-06, 1.52849645474e-06, 1.26479358187e-06, 1.80643723979e-06, 6.9580124773e-07, 7.88027648468e-07, 5.88029706705e-07, 6.37392076897e-07],
        "dvar": [3.17031663144e-07, 8.40320694806e-07, 3.4115819858e-07, 4.42258738076e-07, 1.03510296867e-06, 1.46892517705e-07, 9.09805208948e-08, 3.39198010124e-07, 6.50822400416e-08, 9.67990754219e-09, 2.56298737789e-09, 1.81771853125e-09, 3.74218034338e-09, 2.36828046063e-09, 2.55088350443e-09, 1.1890191054e-09, 1.02393460377e-09, 2.1707829978e-10, 1.30860086656e-10, 4.781799956e-11, 3.3852323722e-11, 7.37605046486e-11, 2.37093400468e-11, 2.03792156761e-11, 6.21326462502e-11, 6.41409911295e-11, 1.09320981087e-11, 3.59391639712e-12, 1.08099458204e-11, 1.57224112202e-11, 4.71003583358e-11, 2.49526892204e-11, 3.87134768687e-11, 6.88368598234e-11, 4.80460636554e-11, 9.60069176936e-11, 1.6267350314e-11, 1.57310241222e-11, 1.59981628639e-11, 1.91852731618e-11],
        "dvar2": [9.24461289742e-07, 2.78047195934e-06, 1.08547362743e-06, 1.40789393299e-06, 3.16591740557e-06, 4.35579124769e-07, 2.69498059424e-07, 9.51736353727e-07, 1.85313410839e-07, 2.80930851915e-08, 7.61160556806e-09, 5.09380626568e-09, 1.11118483304e-08, 6.98850355363e-09, 7.61252749726e-09, 3.90806942363e-09, 3.01392399926e-09, 5.7678095633e-10, 3.50141221572e-10, 1.38346778478e-10, 9.61691420942e-11, 1.73409592241e-10, 6.5127549187e-11, 4.50657601514e-11, 1.92866653204e-10, 2.1129549499e-10, 2.51876280249e-11, 8.96548547208e-12, 2.87792047138e-11, 4.21581311527e-11, 1.23982657474e-10, 5.26321729255e-11, 9.07925401528e-11, 1.79951747947e-10, 9.17591072569e-11, 2.75010875184e-10, 2.72970240162e-11, 3.58754519147e-11, 2.27819083043e-11, 3.53244725138e-11],
        "max": [0.0056067421101, 0.00742728030309, 0.00441256538033, 0.00720260152593, 0.0116457957774, 0.00347441621125, 0.00268696714193, 0.0057984595187, 0.00268965656869, 0.00120623433031, 0.000474148604553, 0.000400573277147, 0.00065675273072, 0.000510901969392, 0.000588618335314, 0.000537247513421, 0.000724985264242, 0.000297243415844, 0.000251940422459, 0.000114527698315, 0.000104882172309, 0.00024356727954, 0.000120839336887, 0.00013536195911, 0.000222207352635, 0.000217202556087, 7.27469523554e-05, 6.26946712146e-05, 8.21469948278e-05, 9.46253057919e-05, 0.00017801168724, 0.000160434268764, 0.000190384846064, 0.00025075612939, 0.000242665264523, 0.000290060444968, 0.000124172132928, 0.000152979249833, 0.000177601687028, 0.000180971575901],
        "mean": [0.000373794988263, 0.0006291064783, 0.000474401080282, 0.000682202226017, 0.00102517288178, 0.000359267811291, 0.000255128979916, 0.000681954028551, 0.000297660764772, 7.18697992852e-05, 4.81533279526e-05, 4.47720813099e-05, 5.87999966228e-05, 5.31608711754e-05, 4.39081813965e-05, 2.72076467809e-05, 1.680450805e-05, 1.28891624627e-05, 1.03251959445e-05, 7.63915068092e-06, 5.92108017372e-06, 4.48413584309e-06, 4.29643387179e-06, 3.91217099605e-06, 3.70927523363e-06, 3.03629212794e-06, 1.89381762539e-06, 1.42160570249e-06, 1.52594179781e-06, 1.49350626089e-06, 2.01724901672e-06, 2.1419582481e-06, 2.01841226044e-06, 2.44341799771e-06, 2.81116081169e-06, 2.58744216808e-06, 1.41608165904e-06, 1.6286447817e-06, 1.63366962624e-06, 1.42609042086e-06],
        "median": [6.78290380165e-05, 0.00010655078222, 7.23811535863e-05, 8.46764523885e-05, 0.000121580174891, 6.72702299198e-05, 4.43845856353e-05, 5.47977797396e-05, 2.81995580735e-05, 1.13664436867e-05, 7.67437995819e-06, 6.82366226101e-06, 9.64511127677e-06, 8.9196528279e-06, 4.85480632051e-06, 3.30622742695e-06, 2.9610018828e-06, 2.33364585256e-06, 1.9485617031e-06, 1.28764315832e-06, 9.06217621832e-07, 6.156570862e-07, 5.22435982475e-07, 4.17333410496e-07, 3.28221233303e-07, 2.45404038424e-07, 1.70058342519e-07, 1.30729631564e-07, 1.0446048293e-07, 9.87713804079e-08, 8.27607351539e-08, 7.00185580627e-08, 6.21023446001e-08, 5.17242568776e-08, 5.37823723334e-08, 4.36519300706e-08, 2.99523001956e-08, 2.81859815487e-08, 2.20941274165e-08, 1.61653765929e-08],
        "min": [6.09249178884e-11, 1.22649243192e-12, 1.4291992069e-12, 4.35557622955e-13, 5.31328128196e-13, 8.91842101471e-13, 1.07046131941e-12, 8.76045275818e-13, 4.36489765773e-13, 1.00851000728e-12, 7.82895720908e-13, 1.23482365826e-12, 1.47626778423e-12, 1.34140040655e-12, 1.17249439324e-12, 1.5429669261e-12, 1.71337683624e-12, 3.23280654633e-13, 6.9844054585e-13, 1.87470199954e-12, 1.40304174528e-12, 1.25473264591e-12, 6.61576154103e-13, 9.40515677492e-13, 1.57085000389e-12, 1.48423959755e-12, 5.70960921771e-13, 4.8588054153e-13, 6.26799014167e-13, 8.35376852328e-13, 1.11035150258e-12, 1.28314362174e-12, 7.25495510022e-13, 1.71528394786e-12, 1.28644772786e-12, 7.21117013758e-13, 1.6226843003e-12, 1.86575559689e-12, 1.34602528776e-12, 1.92502025605e-12],
        "stdev": [0.000655687181279, 0.00104285834823, 0.000755910063162, 0.0010720398277, 0.00160704297014, 0.000552230456378, 0.000404063321184, 0.00110399140976, 0.000467106176075, 0.000121898083307, 7.42323682061e-05, 6.78486248944e-05, 9.20236416277e-05, 8.21909561637e-05, 7.70799597376e-05, 5.17437438248e-05, 3.42886305589e-05, 2.15668333112e-05, 1.79925445991e-05, 1.18507423394e-05, 9.52983373281e-06, 1.10815126391e-05, 1.0216188457e-05, 1.16189494292e-05, 1.52565226017e-05, 1.3631973161e-05, 6.65281413603e-06, 5.10050040248e-06, 6.87597457727e-06, 7.38661401556e-06, 1.27210723804e-05, 1.39407911774e-05, 1.42037588375e-05, 1.84415694093e-05, 2.08465753531e-05, 2.00352042157e-05, 1.06245615825e-05, 1.25245396703e-05, 1.35820837386e-05, 1.22828632811e-05],
        "var": [4.29925648859e-07, 1.08755364181e-06, 5.71399993987e-07, 1.14926945116e-06, 2.58258728536e-06, 3.04958462038e-07, 1.63267174003e-07, 1.21879691051e-06, 2.1818819107e-07, 1.4859142361e-08, 5.51044410102e-09, 4.60343585473e-09, 8.46835046531e-09, 6.75535316574e-09, 5.94132032461e-09, 2.67741495641e-09, 1.17571008484e-09, 4.65128324745e-10, 3.23731680352e-10, 1.40440103991e-10, 9.08177283376e-11, 1.22799923008e-10, 1.04370512233e-10, 1.34999983414e-10, 2.32761490637e-10, 1.85830684174e-10, 4.4259935994e-11, 2.60151032661e-11, 4.72790279149e-11, 5.45620666703e-11, 1.61825691736e-10, 1.94345650684e-10, 2.01746772066e-10, 3.40091454998e-10, 4.34579677799e-10, 4.01409377959e-10, 1.12881308467e-10, 1.56864105039e-10, 1.84473006315e-10, 1.50868734172e-10]
    },
    "melbands128": {
