{
"lowlevel": {
    "average_loudness": 0.0117003815249,
    "barkbands_crest": {
        "dmean": 0.617560207844,
        "dmean2": 0.868021249771,
        "dvar": 1.5744035244,
        "dvar2": 4.71562480927,
        "max": 21.3434753418,
        "mean": 14.3791399002,
        "median": 15.3691549301,
        "min": 4.13876008987,
        "stdev": 2.53568530083,
        "var": 6.42969942093
    },
    "barkbands_flatness_db": {
        "dmean": 0.0132056633011,
        "dmean2": 0.0182138551027,
        "dvar": 0.000259194785031,
        "dvar2": 0.000317200087011,
        "max": 0.72143304348,
        "mean": 0.434441000223,
        "median": 0.456742763519,
        "min": 0.0338346213102,
        "stdev": 0.202116936445,
        "var": 0.0408512540162
    },
    "barkbands_kurtosis": {
        "dmean": 14.994717598,
        "dmean2": 24.446352005,
        "dvar": 286.999176025,
        "dvar2": 802.679443359,
        "max": 130.390014648,
        "mean": 37.7923774719,
        "median": 21.3573570251,
        "min": -1.85239934921,
        "stdev": 39.1976928711,
        "var": 1536.45910645
    },
    "barkbands_skewness": {
        "dmean": 0.90561747551,
        "dmean2": 1.47717356682,
        "dvar": 1.20755708218,
        "dvar2": 3.3257830143,
        "max": 4.91578197479,
        "mean": -2.28196787834,
        "median": -1.59296655655,
        "min": -8.15344047546,
        "stdev": 2.51509523392,
        "var": 6.32570409775
    },
    "barkbands_spread": {
        "dmean": 2.23007678986,
        "dmean2": 3.43803024292,
        "dvar": 18.7844486237,
        "dvar2": 46.9981994629,
        "max": 123.403236389,
        "mean": 10.2033042908,
        "median": 0.726704955101,
        "min": 0.243662595749,
        "stdev": 22.5783195496,
        "var": 509.780517578
    },
    "dissonance": {
        "dmean": 0.0914570838213,
        "dmean2": 0.165024057031,
        "dvar": 0.00742201926187,
        "dvar2": 0.0209846459329,
        "max": 0.499991834164,
        "mean": 0.363797903061,
        "median": 0.377808213234,
        "min": 0.134263813496,
        "stdev": 0.119767554104,
        "var": 0.0143442675471
    },
    "dynamic_complexity": 19.497177124,
    "erbbands_crest": {
        "dmean": 0.232503041625,
        "dmean2": 0.247006177902,
        "dvar": 0.389771819115,
        "dvar2": 0.707327365875,
        "max": 26.2727012634,
        "mean": 20.4317550659,
        "median": 21.387430191,
        "min": 2.7428085804,
        "stdev": 3.46375608444,
        "var": 11.9976062775
    },
    "erbbands_flatness_db": {
        "dmean": 0.00995769165456,
        "dmean2": 0.0127780428156,
        "dvar": 0.000126573533635,
        "dvar2": 0.000130561602418,
        "max": 0.728078901768,
        "mean": 0.479500383139,
        "median": 0.514105677605,
        "min": 0.0736900940537,
        "stdev": 0.187333256006,
        "var": 0.0350937470794
    },
    "erbbands_kurtosis": {
        "dmean": 4.72209835052,
        "dmean2": 6.42826461792,
        "dvar": 40.0012817383,
        "dvar2": 73.0844421387,
        "max": 163.700546265,
        "mean": 46.4874801636,
        "median": 23.9927062988,
        "min": -1.85200750828,
        "stdev": 50.5690841675,
        "var": 2557.23242188
    },
    "erbbands_skewness": {
        "dmean": 0.466945707798,
        "dmean2": 0.761522531509,
        "dvar": 0.521878182888,
        "dvar2": 1.4928984642,
        "max": 7.28150033951,
        "mean": 1.89265656471,
        "median": 1.24054777622,
        "min": -1.62767493725,
        "stdev": 1.79580390453,
        "var": 3.22491168976
    },
    "erbbands_spread": {
        "dmean": 0.435973376036,
        "dmean2": 0.495020061731,
        "dvar": 1.79149711132,
        "dvar2": 2.47131299973,
        "max": 48.6498947144,
        "mean": 3.5701944828,
        "median": 0.348855406046,
        "min": 0.299191504717,
        "stdev": 9.04655170441,
        "var": 81.8401031494
    },
    "hfc": {
        "dmean": 4.51613855362,
        "dmean2": 3.45128536224,
        "dvar": 1433.52441406,
        "dvar2": 1552.85131836,
        "max": 1558.2043457,
        "mean": 23.4325485229,
        "median": 0.678357601166,
        "min": 7.49361242924e-06,
        "stdev": 115.867340088,
        "var": 13425.2412109
    },
    "loudness_ebu128": {
        "integrated": -24.177690506,
        "loudness_range": 23.3246974945,
        "momentary": {
            "dmean": 0.760153114796,
            "dmean2": 0.643786072731,
            "dvar": 0.412568449974,
            "dvar2": 0.221342146397,
            "max": -14.692609787,
            "mean": -43.42552948,
            "median": -40.8342971802,
            "min": -85.4172973633,
            "stdev": 17.4510250092,
            "var": 304.538299561
        },
        "short_term": {
            "dmean": 0.54438751936,
            "dmean2": 0.157782644033,
            "dvar": 0.0626440271735,
            "dvar2": 0.0460718683898,
            "max": -21.0695705414,
            "mean": -39.3322906494,
            "median": -39.0033111572,
            "min": -59.1766967773,
            "stdev": 10.3967084885,
            "var": 108.091552734
        }
    },
    "melbands_crest": {
        "dmean": 1.04283666611,
        "dmean2": 1.72128283978,
        "dvar": 4.00245046616,
        "dvar2": 11.5620260239,
        "max": 36.2199401855,
        "mean": 32.4012756348,
        "median": 35.8635826111,
        "min": 8.12203216553,
        "stdev": 6.54998826981,
        "var": 42.9023475647
    },
    "melbands_flatness_db": {
        "dmean": 0.0126176830381,
        "dmean2": 0.0170820876956,
        "dvar": 0.00027579892776,
        "dvar2": 0.000366894033505,
        "max": 0.781727075577,
        "mean": 0.494114041328,
        "median": 0.518445491791,
        "min": 0.0205909013748,
        "stdev": 0.205751672387,
        "var": 0.0423337519169
    },
    "melbands_kurtosis": {
        "dmean": 52.0598564148,
        "dmean2": 87.5436706543,
        "dvar": 4173.46679688,
        "dvar2": 12088.0595703,
        "max": 491.021026611,
        "mean": 161.402450562,
        "median": 106.196975708,
        "min": -1.85914254189,
        "stdev": 164.289611816,
        "var": 26991.078125
    },
    "melbands_skewness": {
        "dmean": 1.77929961681,
        "dmean2": 2.94974303246,
        "dvar": 3.20292425156,
        "dvar2": 9.12050819397,
        "max": 12.5382356644,
        "mean": -6.41205358505,
        "median": -5.67368888855,
        "min": -16.8515491486,
        "stdev": 5.54163885117,
        "var": 30.7097606659
    },
    "melbands_spread": {
        "dmean": 3.14037203789,
        "dmean2": 5.21025848389,
        "dvar": 35.9440422058,
        "dvar2": 105.70198822,
        "max": 186.202774048,
        "mean": 14.4260435104,
        "median": 1.14979171753,
        "min": 0.0986750945449,
        "stdev": 29.6537094116,
        "var": 879.342529297
    },
    "pitch_salience": {
        "dmean": 0.0333983935416,
        "dmean2": 0.0536289736629,
        "dvar": 0.00187019282021,
        "dvar2": 0.00558640016243,
        "max": 0.744482576847,
        "mean": 0.138559222221,
        "median": 0.0532890558243,
        "min": 0.00398434791714,
        "stdev": 0.171743616462,
        "var": 0.0294958706945
    },
    "silence_rate_20dB": {
        "dmean": 0.00232018553652,
        "dmean2": 0.00465116277337,
        "dvar": 0.00231478363276,
        "dvar2": 0.00462947320193,
        "max": 1,
        "mean": 0.993055582047,
        "median": 1,
        "min": 0,
        "stdev": 0.0830430909991,
        "var": 0.00689615542069
    },
    "silence_rate_30dB": {
        "dmean": 0.00232018553652,
        "dmean2": 0.00465116277337,
        "dvar": 0.00231478386559,
        "dvar2": 0.00462947413325,
        "max": 1,
        "mean": 0.981481492519,
        "median": 1,
        "min": 0,
        "stdev": 0.134816527367,
        "var": 0.0181754957885
    },
    "silence_rate_60dB": {
        "dmean": 0.0116009283811,
        "dmean2": 0.0232558138669,
        "dvar": 0.011466274038,
        "dvar2": 0.022714914754,
        "max": 1,
        "mean": 0.650462985039,
        "median": 1,
        "min": 0,
        "stdev": 0.476824611425,
        "var": 0.227361708879
    },
    "spectral_centroid": {
        "dmean": 20.6617088318,
        "dmean2": 29.1603088379,
        "dvar": 4670.57470703,
        "dvar2": 9387.49023438,
        "max": 3936.28540039,
        "mean": 1402.01538086,
        "median": 1257.78881836,
        "min": 1227.94921875,
        "stdev": 485.496673584,
        "var": 235707.015625
    },
    "spectral_complexity": {
        "dmean": 0.0533642694354,
        "dmean2": 0.0604651160538,
        "dvar": 0.76048386097,
        "dvar2": 0.689373075962,
        "max": 21,
        "mean": 0.775462985039,
        "median": 1,
        "min": 0,
        "stdev": 1.10052549839,
        "var": 1.21115624905
    },
    "spectral_decrease": {
        "dmean": 3.77886028025e-10,
        "dmean2": 2.64217508983e-10,
        "dvar": 5.42831362647e-18,
        "dvar2": 7.27986602421e-18,
        "max": -3.34018244501e-17,
        "mean": -3.04325564748e-09,
        "median": -1.27163862773e-10,
        "min": -1.04436942649e-07,
        "stdev": 8.83573125776e-09,
        "var": 7.80701466283e-17
    },
    "spectral_energy": {
        "dmean": 0.00183583830949,
        "dmean2": 0.00130800984334,
        "dvar": 0.000147883140016,
        "dvar2": 0.000189039041288,
        "max": 0.535500526428,
        "mean": 0.0136113120243,
        "median": 0.000541473797057,
        "min": 8.05758793021e-10,
        "stdev": 0.0434062294662,
        "var": 0.00188410072587
    },
    "spectral_energyband_high": {
        "dmean": 2.6991509003e-05,
        "dmean2": 1.31823107949e-05,
        "dvar": 1.22870218888e-07,
        "dvar2": 3.26073639201e-08,
        "max": 0.0116298869252,
        "mean": 4.57398746221e-05,
        "median": 9.2096271942e-08,
        "min": 4.77938355559e-10,
        "stdev": 0.000631805800367,
        "var": 3.99178560428e-07
    },
    "spectral_energyband_low": {
        "dmean": 1.06611946649e-06,
        "dmean2": 1.47479659063e-06,
        "dvar": 8.88232265517e-11,
        "dvar2": 8.51151232828e-11,
        "max": 0.000201384333195,
        "mean": 1.38576479003e-06,
        "median": 7.37108166504e-07,
        "min": 9.73693833894e-11,
        "stdev": 9.66804236668e-06,
        "var": 9.34710434053e-11
    },
    "spectral_energyband_middle_high": {
        "dmean": 0.00183670851402,
        "dmean2": 0.00130174774677,
        "dvar": 0.000146549602505,
        "dvar2": 0.000190591221326,
        "max": 0.529525339603,
        "mean": 0.013562287204,
        "median": 0.000538802472875,
        "min": 8.7664937809e-11,
        "stdev": 0.0429289266467,
        "var": 0.00184289284516
    },
    "spectral_energyband_middle_low": {
        "dmean": 1.46817899349e-06,
        "dmean2": 1.52411644194e-06,
        "dvar": 8.23919710236e-10,
        "dvar2": 8.1767848048e-10,
        "max": 0.000600167433731,
        "mean": 1.6115368453e-06,
        "median": 2.24336602628e-07,
        "min": 2.13823316692e-11,
        "stdev": 2.88321589323e-05,
        "var": 8.31293422987e-10
    },
    "spectral_entropy": {
        "dmean": 0.10096552968,
        "dmean2": 0.125131845474,
        "dvar": 0.0234955120832,
        "dvar2": 0.0209554731846,
        "max": 8.86937618256,
        "mean": 4.62761163712,
        "median": 3.9565486908,
        "min": 2.3016462326,
        "stdev": 2.03648686409,
        "var": 4.14727830887
    },
    "spectral_flux": {
        "dmean": 0.00245840149,
        "dmean2": 0.00228981277905,
        "dvar": 0.000303762411932,
        "dvar2": 0.000193395462702,
        "max": 0.66142064333,
        "mean": 0.00662519410253,
        "median": 0.00146814261097,
        "min": 5.57013445359e-05,
        "stdev": 0.0403048433363,
        "var": 0.00162448047195
    },
    "spectral_kurtosis": {
        "dmean": 14.5127687454,
        "dmean2": 26.1275997162,
        "dvar": 670.983886719,
        "dvar2": 2346.11108398,
        "max": 271.225891113,
        "mean": 53.4739074707,
        "median": 28.313533783,
        "min": 1.66388130188,
        "stdev": 57.1690635681,
        "var": 3268.30175781
    },
    "spectral_rms": {
        "dmean": 0.000104116981674,
        "dmean2": 5.83764740441e-05,
        "dvar": 1.08250574726e-07,
        "dvar2": 1.03012204988e-07,
        "max": 0.0228569358587,
        "mean": 0.00207733316347,
        "median": 0.000726819504052,
        "min": 8.86626253305e-07,
        "stdev": 0.00299399648793,
        "var": 8.96401525097e-06
    },
    "spectral_rolloff": {
        "dmean": 201.592788696,
        "dmean2": 371.372680664,
        "dvar": 1378328.625,
        "dvar2": 4453224,
        "max": 18626.2207031,
        "mean": 1947.56225586,
        "median": 1270.45898438,
        "min": 1248.92578125,
        "stdev": 3006.20043945,
        "var": 9037241
    },
    "spectral_skewness": {
        "dmean": 0.551414370537,
        "dmean2": 0.946170687675,
        "dvar": 0.554301202297,
        "dvar2": 1.93086051941,
        "max": 14.0594987869,
        "mean": 5.53803062439,
        "median": 4.60754203796,
        "min": 0.873950898647,
        "stdev": 3.53740382195,
        "var": 12.5132255554
    },
    "spectral_spread": {
        "dmean": 501906.4375,
        "dmean2": 903986.0625,
        "dvar": 160552075264,
        "dvar2": 475839889408,
        "max": 13505848,
        "mean": 4030845.75,
        "median": 3021448,
        "min": 329946.90625,
        "stdev": 2708673.25,
        "var": 7.33691143782e+12
    },
    "spectral_strongpeak": {
        "dmean": 0.415983736515,
        "dmean2": 0.34676027298,
        "dvar": 12.462138176,
        "dvar2": 17.0459594727,
        "max": 83.6066207886,
        "mean": 3.46326899529,
        "median": 1.14492344856,
        "min": 0,
        "stdev": 6.61778259277,
        "var": 43.7950439453
    },
    "zerocrossingrate": {
        "dmean": 0.00273029645905,
        "dmean2": 0.00341910426505,
        "dvar": 9.95582013275e-05,
        "dvar2": 9.63704296737e-05,
        "max": 0.28515625,
        "mean": 0.0718225538731,
        "median": 0.05712890625,
        "min": 0.056640625,
        "stdev": 0.0440721586347,
        "var": 0.00194235518575
    },
    "barkbands": {
        "dmean": [9.40659560911e-07, 5.69202597944e-07, 2.50758318998e-07, 1.64957668858e-07, 1.66221354903e-07, 1.12413289344e-07, 7.10978156349e-08, 2.60377873929e-07, 6.50687923098e-07, 6.39093059362e-07, 5.35661115464e-07, 0.000515001127496, 0.00029000340146, 9.26509801502e-06, 8.18679018266e-06, 7.26608095647e-06, 6.66218147671e-06, 3.86100182368e-05, 0.00111224420834, 3.09736810777e-06, 1.96334758584e-06, 3.82772395824e-06, 5.15522697242e-06, 1.10928895083e-05, 2.10945609069e-06, 2.03218732509e-07, 1.4580074037e-07],
        "dmean2": [1.60815989148e-06, 8.44161831992e-07, 3.02106400341e-07, 1.99467066864e-07, 1.99307294224e-07, 1.28693599777e-07, 8.0996308327e-08, 2.67539036258e-07, 6.57599571241e-07, 6.46215198685e-07, 5.39707514235e-07, 0.00033105534385, 0.000183973257663, 9.26686334424e-06, 8.18716853246e-06, 6.83003918311e-06, 6.66064397592e-06, 3.86055835406e-05, 0.000892164942343, 3.05326580019e-06, 1.95114444068e-06, 3.85275825465e-06, 3.40645988217e-06, 9.87264502328e-06, 1.15506850307e-06, 1.88668664691e-07, 1.4649472746e-07],
        "dvar": [1.91553587228e-12, 1.671256189e-11, 1.44385935499e-11, 6.29693823126e-12, 6.57909881088e-12, 3.3547747913e-12, 1.27573179885e-12, 2.65471152006e-11, 1.76045497624e-10, 1.69682448647e-10, 1.1772410824e-10, 6.11331824985e-06, 1.1989631048e-06, 3.6651066182e-08, 2.86261183646e-08, 1.99967793435e-08, 1.89319049326e-08, 6.37733080566e-07, 0.000119135096611, 3.97919430739e-09, 1.62260005432e-09, 2.40149455877e-09, 5.34931388074e-09, 2.36880364213e-08, 9.16467124412e-10, 1.46111022586e-11, 8.48684404003e-12],
        "dvar2": [5.02193078789e-12, 1.60550513856e-11, 1.44676432293e-11, 6.24145613665e-12, 6.58884492105e-12, 3.30319127086e-12, 1.20567694283e-12, 2.62408376278e-11, 1.75571612804e-10, 1.69147126861e-10, 1.1621775764e-10, 6.8575586738e-06, 1.49488357692e-06, 3.65935264313e-08, 2.8559190568e-08, 1.75383068068e-08, 1.88936883916e-08, 6.36376455532e-07, 0.000132810586365, 3.87833853921e-09, 1.60307955799e-09, 2.28875163266e-09, 3.23934812307e-09, 1.80856165599e-08, 3.42013445342e-10, 1.23802842977e-11, 8.25361393814e-12],
        "max": [1.22097317217e-05, 8.74021789059e-05, 7.91614002082e-05, 5.25077921338e-05, 5.34775608685e-05, 3.84843551728e-05, 2.42254191107e-05, 0.00010791484965, 0.000276632461464, 0.000271614146186, 0.000227408410865, 0.0680866241455, 0.0485582053661, 0.00399043923244, 0.00352655281313, 0.00313019799069, 0.00286977179348, 0.0166399274021, 0.41259264946, 0.00133396533784, 0.000845258357003, 0.0016489350237, 0.00222026486881, 0.00478017656133, 0.000908187415916, 8.65117763169e-05, 6.1475118855e-05],
        "mean": [8.99721669612e-07, 6.67327185511e-07, 2.61233736865e-07, 1.7135671726e-07, 1.85720352874e-07, 1.26696804159e-07, 8.26698496326e-08, 2.68684033244e-07, 6.61400065383e-07, 6.50380741263e-07, 5.54695247956e-07, 0.00610748492181, 0.00447730068117, 9.30075020733e-06, 8.20844616101e-06, 7.73151350586e-06, 6.69617702442e-06, 3.86406281905e-05, 0.00290503329597, 3.16421665048e-06, 1.98925363293e-06, 8.85853205546e-06, 8.5795245468e-06, 2.02591982088e-05, 3.13765031024e-06, 2.35788846226e-07, 1.57338519102e-07],
        "median": [3.29438080371e-07, 3.35838876708e-07, 5.90646891396e-08, 3.27507727604e-08, 5.23959258203e-08, 3.1450280602e-08, 2.11416093521e-08, 1.43616203374e-08, 1.59670783262e-08, 1.2940012617e-08, 1.07032418484e-08, 0.000316409772495, 0.000222339323955, 9.78151071251e-09, 7.35781746641e-09, 6.45753495121e-09, 6.00758776059e-09, 5.80069192679e-09, 6.57480958566e-09, 7.22196080716e-09, 7.55968976307e-09, 8.4014253332e-09, 8.96983998189e-09, 1.16640386238e-08, 1.48054670746e-08, 1.85900965732e-08, 1.30815323018e-08],
        "min": [9.05615443747e-11, 1.27020633595e-11, 1.37324396646e-12, 9.86991304658e-13, 6.54610740614e-12, 2.68431544354e-12, 4.00822577169e-13, 2.57288266213e-12, 6.36730859011e-12, 1.2059990593e-12, 1.63279697922e-12, 4.70657453983e-12, 2.13547842604e-12, 5.50234944413e-12, 8.08781860928e-12, 6.3692740318e-12, 8.67489153428e-12, 8.15206496058e-12, 3.17503003056e-11, 2.52482808966e-11, 1.70769561686e-11, 2.51238110177e-11, 7.01983818296e-11, 5.51767381785e-11, 5.7053185093e-11, 1.03906758198e-10, 1.61737137572e-10],
        "stdev": [1.42165174566e-06, 4.20517517341e-06, 3.8012085497e-06, 2.52149925473e-06, 2.56752537098e-06, 1.84795601399e-06, 1.16362161862e-06, 5.18529486726e-06, 1.32931372718e-05, 1.30519410959e-05, 1.09275861178e-05, 0.0122744869441, 0.00896597839892, 0.000191765546333, 0.000169473452843, 0.000150701700477, 0.000137909897603, 0.000799653294962, 0.0293214917183, 6.41124206595e-05, 4.06207909691e-05, 0.000107039617433, 0.000115328119136, 0.000281448737951, 4.79181690025e-05, 4.17073897552e-06, 2.95390577776e-06],
        "var": [2.02109357895e-12, 1.76834970278e-11, 1.44491857715e-11, 6.35795843057e-12, 6.59218599847e-12, 3.41494150666e-12, 1.35401531567e-12, 2.68872823311e-11, 1.76707509736e-10, 1.70353162132e-10, 1.19412146837e-10, 0.000150663021486, 8.03887669463e-05, 3.67740220497e-08, 2.87212529315e-08, 2.27110028561e-08, 1.90191382643e-08, 6.39445431716e-07, 0.000859749910887, 4.11040268489e-09, 1.65004865327e-09, 1.14574802978e-08, 1.33005757519e-08, 7.92133860728e-08, 2.29615104708e-09, 1.73950628207e-11, 8.72555933756e-12]
    },
    "erbbands": {
        "dmean": [2.14438205148e-05, 0.000123857200379, 0.000275094964309, 0.000466285069706, 0.000491041573696, 0.00059248378966, 0.000862404995132, 0.000913400319405, 0.001102701528, 0.00196406967007, 0.0082541257143, 0.0156962685287, 0.0149632673711, 0.0319000855088, 0.358858585358, 21.2890605927, 15.7223043442, 0.833025991917, 0.481287449598, 0.362726956606, 0.393370598555, 0.426031649113, 2.34283018112, 54.4515724182, 17.1502246857, 0.458198875189, 0.166339561343, 0.0496080853045, 0.0940437465906, 0.0932924076915, 0.11147826165, 0.211391195655, 0.204850062728, 0.0326192565262, 0.0102030225098, 0.00121954386123, 0.000353364739567, 0.000111467539682, 2.27409127547e-05, 3.96821178583e-06],
        "dmean2": [3.40715996572e-05, 0.000177971582161, 0.000339417718351, 0.000554782222025, 0.000587286136579, 0.000728675164282, 0.000988049549051, 0.00106416840572, 0.00127882196102, 0.00208233203739, 0.00842912402004, 0.0158270224929, 0.0148150930181, 0.0274709518999, 0.220423325896, 13.6398267746, 9.8429889679, 0.643433868885, 0.470617204905, 0.346906393766, 0.380360513926, 0.396815448999, 1.23188567162, 42.0430183411, 14.3066654205, 0.234501555562, 0.142028421164, 0.0448875911534, 0.0663928985596, 0.107102684677, 0.0718414410949, 0.116222091019, 0.202620521188, 0.0196374375373, 0.00582855893299, 0.00100078899413, 0.000331348011969, 0.000109188360511, 2.14238571061e-05, 1.81743473604e-06],
        "dvar": [8.56524895454e-09, 1.05266235551e-06, 1.52674492711e-05, 5.36651095899e-05, 5.80003506911e-05, 7.32806511223e-05, 0.000198965790332, 0.000206693090149, 0.000306740403175, 0.00127465766855, 0.0274648461491, 0.102235257626, 0.086895801127, 0.232108026743, 1.69112205505, 9895.95214844, 3782.95629883, 96.5460357666, 91.0634002686, 51.2309303284, 61.8433647156, 67.3622207642, 791.796203613, 298813.5, 28278.3046875, 20.1852893829, 8.68267917633, 0.860026061535, 1.25746381283, 1.57229149342, 2.40487313271, 8.14897727966, 8.34908294678, 0.183732748032, 0.0216872766614, 0.000428335129982, 4.42988821305e-05, 4.74397211292e-06, 1.78900606329e-07, 1.30524935305e-09],
        "dvar2": [7.75039854517e-09, 1.04626360553e-06, 1.53010441863e-05, 5.35049221071e-05, 5.73816905671e-05, 7.36769434297e-05, 0.000199242495, 0.000202427749173, 0.000296669837553, 0.0012163935462, 0.0273349229246, 0.101856902242, 0.0861982032657, 0.225359782577, 1.92585408688, 11380.2724609, 4445.59667969, 90.4373550415, 90.5297164917, 47.0237388611, 58.1032600403, 63.5329475403, 312.321014404, 277689.4375, 34764.8320312, 5.34813308716, 7.44053316116, 0.767819046974, 0.660395562649, 1.81489050388, 1.45322275162, 2.30915665627, 7.40270376205, 0.0803369507194, 0.00769997294992, 0.000273316167295, 3.79675511795e-05, 4.445869763e-06, 1.62976405704e-07, 2.85400231226e-10],
        "max": [0.00206850795075, 0.0215453598648, 0.0814117789268, 0.152870535851, 0.159518882632, 0.178290069103, 0.293954193592, 0.303072184324, 0.371587604284, 0.761431396008, 3.46130871773, 6.67952632904, 6.25383281708, 11.559094429, 53.5031585693, 2969.54443359, 2418.30664062, 271.01776123, 202.580505371, 155.738098145, 169.397735596, 183.543457031, 1009.70788574, 21314.5703125, 6210.38232422, 197.442459106, 71.6543197632, 21.3475799561, 40.5014076233, 40.1804122925, 48.0236282349, 91.0898895264, 88.2743606567, 14.046872139, 4.38884735107, 0.520663380623, 0.149830326438, 0.0470937825739, 0.0095448223874, 0.00151332048699],
        "mean": [2.47447133006e-05, 0.000135814509122, 0.000296686252113, 0.000499340763781, 0.00052530807443, 0.000647643057164, 0.00094748364063, 0.00102345028426, 0.00124934746418, 0.00218825018965, 0.00861238036305, 0.0169760566205, 0.0239753127098, 0.162752211094, 4.83519172668, 267.916656494, 220.963699341, 6.61784648895, 0.798456847668, 0.41701233387, 0.417279750109, 0.494343340397, 4.82229280472, 153.894790649, 42.9475669861, 1.29037797451, 0.219114884734, 0.0591294914484, 0.200611755252, 0.224787995219, 0.190860837698, 0.337953388691, 0.385270446539, 0.0573677495122, 0.0149563187733, 0.00153878855053, 0.000413566071074, 0.000126847007778, 3.29848990077e-05, 2.01765706151e-05],
        "median": [1.36995477078e-05, 5.8242421801e-05, 8.44429669087e-05, 0.000116893046652, 0.00011931725021, 0.000177361216629, 0.00020275375573, 0.000261928827967, 0.000308896356728, 0.000317031983286, 0.000345603883034, 0.000467686302727, 0.000916620949283, 0.00736165605485, 0.247062444687, 13.7257127762, 11.156129837, 0.306469619274, 0.0170182120055, 0.00225761020556, 0.000747269485146, 0.000474808446597, 0.000369308982044, 0.000374126306269, 0.000362373859389, 0.000351816706825, 0.000326751644025, 0.000304878456518, 0.000304988381686, 0.00029864825774, 0.000265126000158, 0.000239598506596, 0.000213535677176, 0.000159203103976, 0.000114858092275, 7.3964780313e-05, 3.73628063244e-05, 1.27828989207e-05, 2.76414129985e-06, 8.00215445906e-07],
        "min": [2.5695823247e-09, 1.81744008731e-09, 2.56696197631e-09, 3.96048482898e-09, 6.53464926614e-09, 2.59086263554e-08, 2.91479249626e-08, 1.85002040354e-08, 1.03064277113e-08, 1.33141950798e-08, 8.43607210754e-08, 1.50811089838e-07, 4.84036206672e-08, 7.30168494556e-08, 6.25179836788e-08, 2.0821499902e-07, 1.18549330352e-07, 1.74174033418e-07, 3.17754654588e-07, 4.63218015057e-07, 4.29687503356e-07, 5.38539325134e-07, 3.12520199941e-07, 1.47440118781e-06, 1.11914368972e-06, 1.36049709454e-06, 6.54121777188e-07, 9.03007844499e-07, 9.37766515108e-07, 8.28172517231e-07, 1.92138190869e-06, 1.68092765307e-06, 7.77898549131e-07, 5.64433491945e-07, 5.0232341664e-07, 4.84021654756e-07, 1.45575910437e-07, 6.91972701361e-08, 2.01633998387e-08, 2.48842946249e-09],
        "stdev": [0.000100747740362, 0.00103595026303, 0.00390841951594, 0.00734069896862, 0.0076600140892, 0.00855967774987, 0.0141156353056, 0.0145527152345, 0.0178448613733, 0.0365842282772, 0.166313514113, 0.320935845375, 0.300665974617, 0.613625705242, 9.70490169525, 537.615966797, 442.836303711, 17.563369751, 9.74254989624, 7.48969173431, 8.14474487305, 8.85036087036, 56.1590576172, 1555.97241211, 434.20715332, 13.4921712875, 3.49552464485, 1.03195858002, 2.46496963501, 2.69529128075, 2.5180850029, 4.82334804535, 5.30085086823, 0.794524908066, 0.229635462165, 0.025462212041, 0.00721990410239, 0.00226410990581, 0.000460191979073, 9.25462518353e-05],
        "var": [1.01501074212e-08, 1.07319294784e-06, 1.52757438627e-05, 5.3885858506e-05, 5.86758142163e-05, 7.32680782676e-05, 0.000199251167942, 0.000211781531107, 0.000318439095281, 0.00133840565104, 0.0276601873338, 0.102999813855, 0.0904000252485, 0.376536518335, 94.1851196289, 289030.90625, 196104, 308.471954346, 94.9172744751, 56.0954856873, 66.3368759155, 78.3288955688, 3153.83959961, 2421050, 188535.859375, 182.03868103, 12.2186927795, 1.06493842602, 6.07607507706, 7.2645945549, 6.34075260162, 23.2646884918, 28.0990200043, 0.631269812584, 0.0527324452996, 0.000648324203212, 5.2127015806e-05, 5.12619408255e-06, 2.11776651327e-07, 8.56480930622e-09]
    },
    "gfcc": {
        "mean": [-430.709716797, 37.5571861267, -126.057266235, -44.2704277039, -3.09439110756, 70.2642745972, -4.8443107605, -33.1998519897, -44.7496681213, 13.3892688751, 24.1889801025, 9.67839241028, -23.091386795],
        "cov": [[11980.4335938, 1426.49365234, -4050.1237793, -2445.72119141, 1533.35559082, 1741.78552246, 753.480285645, -1240.62316895, -812.637390137, -324.521972656, 1135.01208496, -218.355743408, -70.4604568481], [1426.49365234, 862.370605469, -215.448226929, -637.18762207, 305.506225586, 486.382751465, 76.5928726196, -388.238220215, -125.72517395, 109.982597351, 92.8276824951, 25.9429397583, -13.5766839981], [-4050.1237793, -215.448226929, 1893.31604004, 1108.68811035, -688.934814453, -567.520385742, -350.945343018, 442.962219238, 241.45501709, 232.753067017, -409.701721191, 129.779891968, -86.5074920654], [-2445.72119141, -637.18762207, 1108.68811035, 1212.40856934, -590.625671387, -633.914733887, -197.038467407, 531.739318848, 125.721855164, 41.0050926208, -182.563461304, 46.411190033, -130.414321899], [1533.35559082, 305.506225586, -688.934814453, -590.625671387, 374.393585205, 330.480560303, 155.331130981, -252.282989502, -85.5145797729, -60.2866821289, 131.845733643, -41.9802284241, 56.4391593933], [1741.78552246, 486.382751465, -567.520385742, -633.914733887, 330.480560303, 474.004760742, 119.976722717, -337.455108643, -115.412338257, 16.1940574646, 137.984573364, -9.7662858963, 28.0295753479], [753.480285645, 76.5928726196, -350.945343018, -197.038467407, 155.331130981, 119.976722717, 101.818572998, -73.105140686, -43.7631340027, -38.6199684143, 85.2766342163, -25.9691028595, 6.7644701004], [-1240.62316895, -388.238220215, 442.962219238, 531.739318848, -252.282989502, -337.455108643, -73.105140686, 292.925598145, 99.6621170044, -3.10846233368, -93.1317672729, 8.38481712341, -33.6356430054], [-812.637390137, -125.72517395, 241.45501709, 125.721855164, -85.5145797729, -115.412338257, -43.7631340027, 99.6621170044, 100.532051086, 20.154630661, -85.1073684692, 14.3387804031, 30.6405658722], [-324.521972656, 109.982597351, 232.753067017, 41.0050926208, -60.2866821289, 16.1940574646, -38.6199684143, -3.10846233368, 20.154630661, 80.9830856323, -28.5346851349, 36.5150146484, -10.3219156265], [1135.01208496, 92.8276824951, -409.701721191, -182.563461304, 131.845733643, 137.984573364, 85.2766342163, -93.1317672729, -85.1073684692, -28.5346851349, 149.023101807, -9.55885696411, -12.9968738556], [-218.355743408, 25.9429397583, 129.779891968, 46.411190033, -41.9802284241, -9.7662858963, -25.9691028595, 8.38481712341, 14.3387804031, 36.5150146484, -9.55885696411, 31.1958084106, 2.48043012619], [-70.4604568481, -13.5766839981, -86.5074920654, -130.414321899, 56.4391593933, 28.0295753479, 6.7644701004, -33.6356430054, 30.6405658722, -10.3219156265, -12.9968738556, 2.48043012619, 61.9120597839]],
        "icov": [[0.00234550028108, -0.00615723570809, 0.00951759330928, -0.00477210897952, 0.00179978250526, -0.00557105476037, 0.00946948863566, -0.00568928522989, -0.000682258803863, 0.00104703416582, 0.000764182652347, -0.00170918845106, 0.00206265016459], [-0.00615723570809, 0.0342275314033, -0.0407249219716, 0.0223749447614, -0.0195679198951, 0.0161811243743, -0.0275846328586, 0.0284657645971, 0.00265116733499, -0.00780620332807, -0.0211503431201, 0.0131647372618, 0.0121367769316], [0.00951759330928, -0.0407249219716, 0.0700631439686, -0.039316419512, 0.0125478096306, -0.0206690412015, 0.0488563813269, -0.0283374711871, -0.00799449160695, -0.0138890119269, 0.0506774373353, -0.0389703251421, 0.008006404154], [-0.00477210897952, 0.0223749447614, -0.039316419512, 0.0379452519119, 0.00197403994389, 0.00806054193527, -0.0281707122922, -0.00923558697104, 0.0189333762974, 0.01628825441, -0.0234061293304, 0.00394617114216, 0.00535504706204], [0.00179978250526, -0.0195679198951, 0.0125478096306, 0.00197403994389, 0.0518569387496, -0.0140709485859, -0.022000355646, -0.020085722208, 0.00654932763427, 0.0260115526617, 0.00880005583167, -0.00242404779419, -0.0269231274724], [-0.00557105476037, 0.0161811243743, -0.0206690412015, 0.00806054193527, -0.0140709485859, 0.0342199169099, -0.0252697560936, 0.037277135998, -0.00686098588631, -0.0175942108035, -0.0025878585875, 0.00479292776436, 0.00538159767166], [0.00946948863566, -0.0275846328586, 0.0488563813269, -0.0281707122922, -0.022000355646, -0.0252697560936, 0.102037452161, -0.0356081537902, -0.0117563875392, -0.00911679491401, 0.000255232909694, -0.000482794624986, 0.0190266538411], [-0.00568928522989, 0.0284657645971, -0.0283374711871, -0.00923558697104, -0.020085722208, 0.037277135998, -0.0356081537902, 0.103577420115, -0.048903349787, -0.0185106825083, -0.0232381504029, 0.0309407208115, 0.0173125881702], [-0.000682258803863, 0.00265116733499, -0.00799449160695, 0.0189333762974, 0.00654932763427, -0.00686098588631, -0.0117563875392, -0.048903349787, 0.0719662383199, -0.00448893755674, 0.0182163193822, -0.0115877678618, -0.0317078642547], [0.00104703416582, -0.00780620332807, -0.0138890119269, 0.01628825441, 0.0260115526617, -0.0175942108035, -0.00911679491401, -0.0185106825083, -0.00448893755674, 0.0820449516177, -0.0228390805423, -0.0268590282649, 0.00175797520205], [0.000764182652347, -0.0211503431201, 0.0506774373353, -0.0234061293304, 0.00880005583167, -0.0025878585875, 0.000255232909694, -0.0232381504029, 0.0182163193822, -0.0228390805423, 0.106169357896, -0.0855686441064, 0.0111271440983], [-0.00170918845106, 0.0131647372618, -0.0389703251421, 0.00394617114216, -0.00242404779419, 0.00479292776436, -0.000482794624986, 0.0309407208115, -0.0115877678618, -0.0268590282649, -0.0855686441064, 0.169580519199, -0.0517957024276], [0.00206265016459, 0.0121367769316, 0.008006404154, 0.00535504706204, -0.0269231274724, 0.00538159767166, 0.0190266538411, 0.0173125881702, -0.0317078642547, 0.00175797520205, 0.0111271440983, -0.0517957024276, 0.0934579968452]]
    },
    "melbands": {
        "dmean": [1.98658810291e-07, 1.46196256878e-07, 7.86615572679e-08, 3.64481991255e-08, 2.92005335467e-08, 2.05609396176e-08, 1.57132209466e-08, 2.74969966796e-08, 7.79783277949e-08, 9.63736255244e-08, 7.32674294568e-08, 1.05945971995e-07, 7.0621936743e-08, 9.31477279664e-06, 0.000119121163152, 4.38972620032e-06, 9.2921891337e-07, 7.50295271246e-07, 5.94995810843e-07, 5.05833156694e-07, 4.23729147769e-07, 3.35657233563e-07, 5.89245587435e-07, 2.03599961424e-06, 5.1874339988e-05, 3.4254622733e-05, 7.45520694068e-08, 1.10988970903e-07, 1.23560610632e-07, 3.01934797164e-08, 2.81433969462e-08, 2.22625082813e-08, 1.46145723079e-07, 1.375938119e-08, 1.65279487874e-08, 1.8612396957e-07, 1.25557491515e-07, 1.89131242223e-07, 7.71017951706e-08, 1.04673629764e-08],
        "dmean2": [3.04068521473e-07, 1.87523284012e-07, 9.25319980638e-08, 4.40444765104e-08, 3.35856071842e-08, 2.38678872222e-08, 1.8139349578e-08, 2.87963963785e-08, 7.93826160361e-08, 9.7361144924e-08, 7.42701899981e-08, 1.069464588e-07, 7.11934546871e-08, 5.80121150051e-06, 7.68154495745e-05, 2.97681344819e-06, 9.28892177399e-07, 7.5085216622e-07, 5.94408902543e-07, 4.61544004793e-07, 4.19321793288e-07, 3.35722205591e-07, 5.88440059346e-07, 2.03630906981e-06, 3.99569726142e-05, 2.88636729238e-05, 7.24295503574e-08, 1.09777978707e-07, 1.23076148384e-07, 2.99375315649e-08, 2.78840328605e-08, 2.02076257949e-08, 1.94787943997e-07, 6.57988996622e-09, 1.37644002862e-08, 1.26682436985e-07, 8.3399790185e-08, 2.08411989888e-07, 6.07849628409e-08, 6.60136834085e-09],
        "dvar": [9.60250542276e-13, 3.39246707982e-12, 1.59222797707e-12, 3.12829677527e-13, 2.26661422379e-13, 1.07803556934e-13, 6.22815262362e-14, 2.67560550538e-13, 2.47706694566e-12, 3.85584489684e-12, 2.20653681958e-12, 4.69477234866e-12, 2.03918522693e-12, 1.27966071073e-09, 3.24815601971e-07, 1.27360300084e-09, 3.6827840777e-10, 2.40716585553e-10, 1.50883305849e-10, 9.1741246544e-11, 7.51079198835e-11, 4.8025947802e-11, 1.47979406506e-10, 1.77432935011e-09, 2.72115840971e-07, 1.11145283199e-07, 2.23495289116e-12, 5.14542358374e-12, 6.47028871453e-12, 3.80622318602e-13, 3.30538629236e-13, 1.73936331917e-13, 4.30333676679e-12, 2.91984996294e-14, 5.11030901298e-14, 7.31740796428e-12, 3.04922124876e-12, 7.79161977993e-12, 9.83437832038e-13, 2.42784613214e-14],
        "dvar2": [8.86198720743e-13, 3.39052353901e-12, 1.58299035772e-12, 3.1211280305e-13, 2.27293769743e-13, 1.05735122806e-13, 5.96903237016e-14, 2.58627266738e-13, 2.46908916923e-12, 3.84185305097e-12, 2.19545345445e-12, 4.68452143396e-12, 2.01206369274e-12, 1.43068246139e-09, 3.76883207309e-07, 1.0708720577e-09, 3.67422453573e-10, 2.40390984896e-10, 1.50257195575e-10, 7.51567003077e-11, 7.34718258455e-11, 4.79574331635e-11, 1.47304418663e-10, 1.77138803625e-09, 2.49925420803e-07, 1.47724193766e-07, 2.16946816414e-12, 5.03421653322e-12, 6.41382823588e-12, 3.73293057706e-13, 3.25427320725e-13, 1.52588038775e-13, 6.3354746796e-12, 6.60231519792e-15, 3.97979582232e-14, 4.5953111108e-12, 1.67679639704e-12, 8.12682126455e-12, 5.79188498377e-13, 8.85039908521e-15],
        "max": [2.15916516026e-05, 3.84432314604e-05, 2.63679830823e-05, 1.16778364827e-05, 9.9188346212e-06, 6.91467130309e-06, 5.31714795216e-06, 1.09560796773e-05, 3.28278292727e-05, 4.09566018789e-05, 3.10067043756e-05, 4.51563209936e-05, 2.99524090224e-05, 0.00128621677868, 0.016891522333, 0.00127672264352, 0.000400219316361, 0.00032318526064, 0.000256298662862, 0.00021791018662, 0.000182530187885, 0.000144541292684, 0.000253885693382, 0.000877465645317, 0.0203690584749, 0.0119502749294, 3.20926883433e-05, 4.78036927234e-05, 5.32251906407e-05, 1.29867694341e-05, 1.21074008348e-05, 9.57351676334e-06, 6.13886732026e-05, 5.91186653764e-06, 7.10346193955e-06, 8.01776113803e-05, 5.41007902939e-05, 8.1501508248e-05, 3.32181807607e-05, 4.49969866168e-06],
        "mean": [2.48118851687e-07, 1.64866477803e-07, 8.58748165911e-08, 4.04524378439e-08, 3.27906839459e-08, 2.32550654289e-08, 1.79824404256e-08, 2.94717459326e-08, 7.94628149947e-08, 9.79413030677e-08, 7.47863992956e-08, 1.07724552834e-07, 7.36501135634e-08, 0.000114784023026, 0.00153119314928, 5.24197712366e-05, 9.34016611609e-07, 7.51842492264e-07, 5.97266250679e-07, 5.52502797291e-07, 4.29311256767e-07, 3.37821575158e-07, 5.9125665075e-07, 2.03686090572e-06, 0.000147277125507, 8.13272636151e-05, 7.86202960512e-08, 1.12747045478e-07, 1.24444326843e-07, 3.07187661974e-08, 2.87067560834e-08, 2.59219099519e-08, 3.56976443072e-07, 2.47873490622e-08, 3.06068201894e-08, 3.01146457105e-07, 2.08564671311e-07, 3.5398846876e-07, 1.50240907715e-07, 1.46369236731e-08],
        "median": [1.50771555241e-07, 5.99986691441e-08, 2.06646131318e-08, 1.12870619517e-08, 8.02010191592e-09, 6.03732086546e-09, 4.62770799459e-09, 3.12934900215e-09, 2.49323095503e-09, 2.29086127845e-09, 1.90079285645e-09, 1.67662328465e-09, 1.5127961106e-09, 5.94380890107e-06, 7.80447007855e-05, 2.48216088039e-06, 9.59856194527e-10, 6.6873739879e-10, 5.6004034743e-10, 4.53060061689e-10, 3.82184228709e-10, 3.57509383209e-10, 3.03588709727e-10, 2.71742128799e-10, 2.65577559944e-10, 2.43023434709e-10, 2.49500503591e-10, 2.12726475324e-10, 1.95250607349e-10, 1.81536535804e-10, 1.61827634626e-10, 1.59383076181e-10, 1.59165070013e-10, 1.53418999727e-10, 1.42925671298e-10, 1.34833380572e-10, 1.37072353468e-10, 1.36614303203e-10, 1.36259115102e-10, 1.22249196877e-10],
        "min": [2.22764445779e-11, 2.82867934805e-12, 8.39727430386e-13, 1.32282986648e-12, 1.09537585165e-12, 4.32240777459e-13, 1.31346417575e-13, 2.16145515115e-13, 7.92221431685e-13, 9.33854664605e-13, 2.14893058318e-13, 2.8946501229e-13, 2.05335585774e-13, 3.38621925638e-13, 6.01259439372e-13, 1.49221821423e-13, 3.66862654621e-13, 5.37437390598e-13, 6.52747658442e-13, 3.9248644482e-13, 5.49349736707e-13, 6.48304489519e-13, 1.67908018761e-13, 4.51736087773e-13, 1.32912832216e-12, 1.02385667219e-12, 6.20819151295e-13, 1.00889695903e-12, 4.95137622309e-13, 3.17117236333e-13, 5.76944579351e-13, 5.48930096256e-13, 4.60849999655e-13, 4.51765225706e-13, 8.97204890677e-13, 1.93374743301e-12, 6.24675604213e-13, 4.39240982995e-13, 7.06008439644e-13, 3.71497049702e-13],
        "stdev": [1.04606488094e-06, 1.84524685665e-06, 1.26615100271e-06, 5.60676710393e-07, 4.76264716553e-07, 3.32020789529e-07, 2.55361896961e-07, 5.26412350155e-07, 1.57744568696e-06, 1.96810492525e-06, 1.48995229665e-06, 2.16992430069e-06, 1.43927786667e-06, 0.000230665915296, 0.00307097099721, 0.000115807662951, 1.92329407582e-05, 1.55310935952e-05, 1.23167747006e-05, 1.05125545815e-05, 8.77229831531e-06, 6.94607660989e-06, 1.22008350445e-05, 4.21680524596e-05, 0.00148923578672, 0.000821021094453, 1.54307087996e-06, 2.29741317526e-06, 2.5578349323e-06, 6.2412192392e-07, 5.8186537899e-07, 4.62451907879e-07, 4.24579411629e-06, 3.24948160824e-07, 3.82541401223e-07, 4.12650342696e-06, 3.0266653539e-06, 4.93985407957e-06, 1.98584234568e-06, 2.30711606264e-07],
