{
"lowlevel": {
    "average_loudness": 0.97952324152,
    "barkbands_crest": {
        "dmean": 0.216660112143,
        "dmean2": 0.316196620464,
        "dvar": 0.607565522194,
        "dvar2": 1.68703484535,
        "max": 20.8768177032,
        "mean": 18.2255744934,
        "median": 18.1163387299,
        "min": 6.42840194702,
        "stdev": 1.61721265316,
        "var": 2.61537671089
    },
    "barkbands_flatness_db": {
        "dmean": 0.00640218611807,
        "dmean2": 0.0101968580857,
        "dvar": 0.000119270305731,
        "dvar2": 0.000151527186972,
        "max": 0.413049191236,
        "mean": 0.366716235876,
        "median": 0.369026660919,
        "min": 0.123654715717,
        "stdev": 0.0230608712882,
        "var": 0.000531803758349
    },
    "barkbands_kurtosis": {
        "dmean": 0.184126242995,
        "dmean2": 0.286193996668,
        "dvar": 1.31220841408,
        "dvar2": 3.38999605179,
        "max": 19.2113075256,
        "mean": 0.830792665482,
        "median": 0.812781572342,
        "min": -1.3482670784,
        "stdev": 1.23087465763,
        "var": 1.51505231857
    },
    "barkbands_skewness": {
        "dmean": 0.0483864322305,
        "dmean2": 0.0674524828792,
        "dvar": 0.0498186312616,
        "dvar2": 0.109969124198,
        "max": 2.45637893677,
        "mean": -1.03042984009,
        "median": -1.08615851402,
        "min": -1.90234792233,
        "stdev": 0.289996355772,
        "var": 0.0840978845954
    },
    "barkbands_spread": {
        "dmean": 0.0910544618964,
        "dmean2": 0.121804356575,
        "dvar": 0.144043460488,
        "dvar2": 0.205476254225,
        "max": 10.2808885574,
        "mean": 4.15160226822,
        "median": 3.933634758,
        "min": 3.40575408936,
        "stdev": 0.604892849922,
        "var": 0.365895360708
    },
    "dissonance": {
        "dmean": 0.0121942553669,
        "dmean2": 0.0220620408654,
        "dvar": 0.000441989512183,
        "dvar2": 0.00127539341338,
        "max": 0.455149412155,
        "mean": 0.423771560192,
        "median": 0.433224141598,
        "min": 0.205315977335,
        "stdev": 0.0295404456556,
        "var": 0.000872637960128
    },
    "dynamic_complexity": 0.717449784279,
    "erbbands_crest": {
        "dmean": 0.283854722977,
        "dmean2": 0.428890347481,
        "dvar": 1.51695966721,
        "dvar2": 4.19410037994,
        "max": 29.8914451599,
        "mean": 27.1997184753,
        "median": 27.1068840027,
        "min": 10.3921928406,
        "stdev": 2.06581187248,
        "var": 4.26757860184
    },
    "erbbands_flatness_db": {
        "dmean": 0.00401938846335,
        "dmean2": 0.00603677099571,
        "dvar": 0.00010411850235,
        "dvar2": 0.000133468114655,
        "max": 0.486457377672,
        "mean": 0.453243196011,
        "median": 0.455468654633,
        "min": 0.221415385604,
        "stdev": 0.0221145767719,
        "var": 0.000489054538775
    },
    "erbbands_kurtosis": {
        "dmean": 0.18224452436,
        "dmean2": 0.270098924637,
        "dvar": 0.508560061455,
        "dvar2": 1.24434936047,
        "max": 16.2308616638,
        "mean": 4.04207992554,
        "median": 4.05270910263,
        "min": -1.02393007278,
        "stdev": 1.38634467125,
        "var": 1.92195165157
    },
    "erbbands_skewness": {
        "dmean": 0.0485900714993,
        "dmean2": 0.0702495053411,
        "dvar": 0.0431337282062,
        "dvar2": 0.0893729031086,
        "max": 1.65561282635,
        "mean": -1.40291690826,
        "median": -1.44040155411,
        "min": -1.62533569336,
        "stdev": 0.29310721159,
        "var": 0.0859118402004
    },
    "erbbands_spread": {
        "dmean": 0.128576412797,
        "dmean2": 0.193643897772,
        "dvar": 0.293850839138,
        "dvar2": 0.58013933897,
        "max": 12.9878778458,
        "mean": 4.53229856491,
        "median": 4.2546582222,
        "min": 2.54644393921,
        "stdev": 0.891414642334,
        "var": 0.794620037079
    },
    "hfc": {
        "dmean": 1.19199442863,
        "dmean2": 1.62013149261,
        "dvar": 8.48648929596,
        "dvar2": 10.1425218582,
        "max": 77.2089233398,
        "mean": 57.568862915,
        "median": 57.4961433411,
        "min": 0.000567841751035,
        "stdev": 11.5375671387,
        "var": 133.115463257
    },
    "loudness_ebu128": {
        "integrated": -11.5378055573,
        "loudness_range": 1.09572792053,
        "momentary": {
            "dmean": 0.0825738832355,
            "dmean2": 0.060987200588,
            "dvar": 0.0239940211177,
            "dvar2": 0.0136055545881,
            "max": -10.4998874664,
            "mean": -11.5777540207,
            "median": -11.6348142624,
            "min": -13.735871315,
            "stdev": 0.593908727169,
            "var": 0.352727591991
        },
        "short_term": {
            "dmean": 0.0208964459598,
            "dmean2": 0.00886710267514,
            "dvar": 0.000412055611378,
            "dvar2": 0.000202201263164,
            "max": -10.8926076889,
            "mean": -11.525932312,
            "median": -11.6665477753,
            "min": -12.3412714005,
            "stdev": 0.376408785582,
            "var": 0.141683578491
        }
    },
    "melbands_crest": {
        "dmean": 0.265689194202,
        "dmean2": 0.379235267639,
        "dvar": 1.01850569248,
        "dvar2": 2.30678153038,
        "max": 30.1993427277,
        "mean": 15.5152206421,
        "median": 15.6233472824,
        "min": 10.1240129471,
        "stdev": 1.47160518169,
        "var": 2.16562175751
    },
    "melbands_flatness_db": {
        "dmean": 0.00427278596908,
        "dmean2": 0.00608678720891,
        "dvar": 0.000105277489638,
        "dvar2": 0.000142948178109,
        "max": 0.462427258492,
        "mean": 0.354019701481,
        "median": 0.35528999567,
        "min": 0.160164698958,
        "stdev": 0.0189493652433,
        "var": 0.000359078432666
    },
    "melbands_kurtosis": {
        "dmean": 0.139774888754,
        "dmean2": 0.222436890006,
        "dvar": 0.918872714043,
        "dvar2": 2.50466275215,
        "max": 12.167678833,
        "mean": -0.449072510004,
        "median": -0.432062983513,
        "min": -1.52899873257,
        "stdev": 0.873251497746,
        "var": 0.762568175793
    },
    "melbands_skewness": {
        "dmean": 0.044430475682,
        "dmean2": 0.0647301524878,
        "dvar": 0.0558666996658,
        "dvar2": 0.12777325511,
        "max": 3.34536719322,
        "mean": -0.656341254711,
        "median": -0.71722060442,
        "min": -2.4605512619,
        "stdev": 0.298594623804,
        "var": 0.0891587436199
    },
    "melbands_spread": {
        "dmean": 0.198367387056,
        "dmean2": 0.273012965918,
        "dvar": 0.692525923252,
        "dvar2": 1.24049854279,
        "max": 18.013458252,
        "mean": 11.0268344879,
        "median": 10.7114171982,
        "min": 5.52971887589,
        "stdev": 1.20040249825,
        "var": 1.44096624851
    },
    "pitch_salience": {
        "dmean": 0.00480521889403,
        "dmean2": 0.00661436095834,
        "dvar": 0.000206932192668,
        "dvar2": 0.000511132879183,
        "max": 0.633980691433,
        "mean": 0.478659033775,
        "median": 0.479220509529,
        "min": 0.311459749937,
        "stdev": 0.022562161088,
        "var": 0.00050905108219
    },
    "silence_rate_20dB": {
        "dmean": 0,
        "dmean2": 0,
        "dvar": 0,
        "dvar2": 0,
        "max": 1,
        "mean": 1,
        "median": 1,
        "min": 1,
        "stdev": 0,
        "var": 0
    },
    "silence_rate_30dB": {
        "dmean": 0,
        "dmean2": 0,
        "dvar": 0,
        "dvar2": 0,
        "max": 1,
        "mean": 1,
        "median": 1,
        "min": 1,
        "stdev": 0,
        "var": 0
    },
    "silence_rate_60dB": {
        "dmean": 0.00407331995666,
        "dmean2": 0.0081632649526,
        "dvar": 0.00405670609325,
        "dvar2": 0.00809662602842,
        "max": 1,
        "mean": 0.0142276426777,
        "median": 0,
        "min": 0,
        "stdev": 0.118428073823,
        "var": 0.0140252094716
    },
    "spectral_centroid": {
        "dmean": 7.35236597061,
        "dmean2": 9.85196018219,
        "dvar": 1451.6237793,
        "dvar2": 2018.41650391,
        "max": 1626.1628418,
        "mean": 1240.96582031,
        "median": 1251.28149414,
        "min": 708.726623535,
        "stdev": 69.2330169678,
        "var": 4793.2109375
    },
    "spectral_complexity": {
        "dmean": 0.484725058079,
        "dmean2": 0.82448977232,
        "dvar": 0.486016511917,
        "dvar2": 0.92429548502,
        "max": 13,
        "mean": 9.53252029419,
        "median": 10,
        "min": 0,
        "stdev": 1.54767179489,
        "var": 2.39528799057
    },
    "spectral_decrease": {
        "dmean": 2.23974117031e-10,
        "dmean2": 2.9675936708e-10,
        "dvar": 3.33172892799e-19,
        "dvar2": 3.92135619331e-19,
        "max": -7.74415321908e-14,
        "mean": -1.10857989455e-08,
        "median": -1.08733271276e-08,
        "min": -1.47757122093e-08,
        "stdev": 2.09569273046e-09,
        "var": 4.39192787006e-18
    },
    "spectral_energy": {
        "dmean": 0.000952127156779,
        "dmean2": 0.00126604491379,
        "dvar": 5.96182871959e-06,
        "dvar2": 7.02416582499e-06,
        "max": 0.0627698227763,
        "mean": 0.0470619425178,
        "median": 0.0462819300592,
        "min": 3.43787206702e-07,
        "stdev": 0.00894707534462,
        "var": 8.00501584308e-05
    },
    "spectral_energyband_high": {
        "dmean": 7.80863786076e-07,
        "dmean2": 1.23168319988e-06,
        "dvar": 7.94010256849e-13,
        "dvar2": 1.49972189615e-12,
        "max": 2.23058541451e-05,
        "mean": 1.52129987327e-05,
        "median": 1.58796647156e-05,
        "min": 6.88522705516e-09,
        "stdev": 4.12114923165e-06,
        "var": 1.69838709069e-11
    },
    "spectral_energyband_low": {
        "dmean": 2.6274205922e-08,
        "dmean2": 4.53481128204e-08,
        "dvar": 6.38823566731e-16,
        "dvar2": 1.71937439194e-15,
        "max": 2.22421888907e-07,
        "mean": 4.72263081974e-08,
        "median": 3.91437851022e-08,
        "min": 5.17069276285e-09,
        "stdev": 3.07920799969e-08,
        "var": 9.48152164014e-16
    },
    "spectral_energyband_middle_high": {
        "dmean": 0.000883704109583,
        "dmean2": 0.0012019823771,
        "dvar": 4.67662084702e-06,
        "dvar2": 5.78783783567e-06,
        "max": 0.0561007522047,
        "mean": 0.0407791957259,
        "median": 0.0400824472308,
        "min": 3.19032409379e-07,
        "stdev": 0.00870342832059,
        "var": 7.57496600272e-05
    },
    "spectral_energyband_middle_low": {
        "dmean": 0.00015155535948,
        "dmean2": 0.000180094706593,
        "dvar": 1.77334200657e-07,
        "dvar2": 1.80472866873e-07,
        "max": 0.0120172854513,
        "mean": 0.00632461206988,
        "median": 0.0061911419034,
        "min": 1.45560807852e-08,
        "stdev": 0.00124314427376,
        "var": 1.54540759922e-06
    },
    "spectral_entropy": {
        "dmean": 0.0487586706877,
        "dmean2": 0.0736808255315,
        "dvar": 0.00779811525717,
        "dvar2": 0.0117343412712,
        "max": 7.67257642746,
        "mean": 5.78855037689,
        "median": 5.78658676147,
        "min": 5.21000003815,
        "stdev": 0.172121986747,
        "var": 0.0296259801835
    },
    "spectral_flux": {
        "dmean": 0.00278344633989,
        "dmean2": 0.00439042039216,
        "dvar": 9.0485009423e-05,
        "dvar2": 0.000208590528928,
        "max": 0.155485242605,
        "mean": 0.00751338712871,
        "median": 0.00618970533833,
        "min": 0.00121870019939,
        "stdev": 0.0105069484562,
        "var": 0.000110395958473
    },
    "spectral_kurtosis": {
        "dmean": 9.14599704742,
        "dmean2": 15.9774751663,
        "dvar": 45.6901550293,
        "dvar2": 129.603591919,
        "max": 76.8350601196,
        "mean": 28.5772514343,
        "median": 28.1111469269,
        "min": 11.6773233414,
        "stdev": 8.64810752869,
        "var": 74.7897567749
    },
    "spectral_rms": {
        "dmean": 8.19523484097e-05,
        "dmean2": 0.00010548694263,
        "dvar": 8.86326247951e-08,
        "dvar2": 9.43800557707e-08,
        "max": 0.00782552547753,
        "mean": 0.00670793373138,
        "median": 0.0067196059972,
        "min": 1.83139873116e-05,
        "stdev": 0.000958001823165,
        "var": 9.17767522424e-07
    },
    "spectral_rolloff": {
        "dmean": 6.00824594498,
        "dmean2": 8.61328125,
        "dvar": 3009.47412109,
        "dvar2": 6530.92578125,
        "max": 1894.921875,
        "mean": 1366.04663086,
        "median": 1356.59179688,
        "min": 839.794921875,
        "stdev": 53.3774337769,
        "var": 2849.15039062
    },
    "spectral_skewness": {
        "dmean": 0.601856529713,
        "dmean2": 1.04290270805,
        "dvar": 0.203776538372,
        "dvar2": 0.59378528595,
        "max": 7.89741039276,
        "mean": 3.83164191246,
        "median": 3.78748464584,
        "min": 2.87850856781,
        "stdev": 0.571971476078,
        "var": 0.327151358128
    },
    "spectral_spread": {
        "dmean": 161433.859375,
        "dmean2": 269637.78125,
        "dvar": 28879935488,
        "dvar2": 63397974016,
        "max": 4770494.5,
        "mean": 1612481.75,
        "median": 1559804.25,
        "min": 1086028.25,
        "stdev": 321158.15625,
        "var": 103142555648
    },
    "spectral_strongpeak": {
        "dmean": 0.287782341242,
        "dmean2": 0.480343073606,
        "dvar": 0.64775967598,
        "dvar2": 1.34992432594,
        "max": 11.583147049,
        "mean": 9.44780158997,
        "median": 9.6483259201,
        "min": 0.00967548601329,
        "stdev": 1.58093559742,
        "var": 2.49935746193
    },
    "zerocrossingrate": {
        "dmean": 0.00086916051805,
        "dmean2": 0.00118582590949,
        "dvar": 5.80858386456e-06,
        "dvar2": 7.46687373976e-06,
        "max": 0.07568359375,
        "mean": 0.0610292032361,
        "median": 0.06103515625,
        "min": 0.0263671875,
        "stdev": 0.00363400857896,
        "var": 1.32060185933e-05
    },
    "barkbands": {
        "dmean": [2.18910916061e-08, 1.4334488263e-08, 5.84407899851e-09, 3.03218676834e-08, 6.26817325156e-07, 7.83077723554e-07, 3.94871931348e-05, 0.000125345482957, 6.33446961729e-06, 0.000202484545298, 3.13439591082e-06, 2.9518007068e-05, 0.000724750338122, 0.000118015726912, 1.86862671399e-05, 4.61241579615e-05, 5.40744895261e-06, 3.3120425087e-06, 9.54136112341e-07, 5.12855876877e-07, 4.83726296352e-07, 4.22275888923e-07, 6.60016681309e-08, 1.26042380089e-07, 1.93268746784e-07, 1.23539054542e-08, 2.54476728578e-09],
        "dmean2": [3.71375783459e-08, 2.44969768914e-08, 1.01611865588e-08, 5.09130728688e-08, 9.39780989029e-07, 1.26292263758e-06, 5.0201848353e-05, 0.000152844324475, 9.46301497606e-06, 0.000242948619416, 4.64701815872e-06, 4.30365580542e-05, 0.00101977959275, 0.000142614546348, 2.68848325504e-05, 6.27335757599e-05, 8.30861881695e-06, 4.61207673652e-06, 1.34660660933e-06, 7.17498323866e-07, 8.3431098119e-07, 6.65083064177e-07, 9.21962666212e-08, 2.14399349829e-07, 3.40873157256e-07, 2.08486543585e-08, 4.52475790169e-09],
        "dvar": [7.33141479502e-16, 1.73942345004e-16, 2.63698925796e-17, 9.04320961851e-16, 6.57960123017e-13, 1.28575405531e-12, 1.19919487673e-08, 1.00909275602e-07, 2.50221399156e-10, 2.15399211356e-07, 5.31543871418e-11, 1.11791553792e-09, 2.47101593231e-06, 1.977461217e-08, 7.04809599572e-10, 1.38032008046e-09, 2.45991543107e-11, 1.34356293452e-11, 1.17921395305e-12, 2.01650585878e-13, 2.33369855558e-13, 1.4640297709e-13, 4.06119475682e-15, 1.66746414717e-14, 3.83596623975e-14, 1.23571664676e-16, 4.59862789743e-18],
        "dvar2": [1.91266879281e-15, 4.9412281077e-16, 7.00433447827e-17, 1.88904059699e-15, 1.35561212863e-12, 3.19924317073e-12, 1.32766384553e-08, 1.15743986839e-07, 3.9108091765e-10, 3.27162467784e-07, 7.60030302582e-11, 2.41334396911e-09, 3.08717449116e-06, 2.31781491777e-08, 1.04659292344e-09, 2.55360643742e-09, 5.03256637752e-11, 2.06168884048e-11, 2.37302907359e-12, 3.98702446926e-13, 6.9483736256e-13, 3.69523747538e-13, 7.19466227859e-15, 5.49344573194e-14, 1.32540029299e-13, 3.75615939897e-16, 1.33962082183e-17],
        "max": [2.28338336683e-07, 9.8379331348e-08, 3.53343310167e-08, 7.32248281565e-07, 1.71584197233e-05, 2.07706525543e-05, 0.00329768587835, 0.00834034942091, 0.000345008797012, 0.00929010659456, 0.000181837240234, 0.00114671571646, 0.0425239056349, 0.00448285974562, 0.000690350192599, 0.00166556215845, 0.000137563314638, 0.000125200487673, 2.51642595686e-05, 1.61222596944e-05, 6.25665870757e-06, 8.52913126437e-06, 1.77027709469e-06, 2.16088528759e-06, 2.6062730285e-06, 1.94772354689e-07, 2.54629597407e-08],
        "mean": [2.64028159336e-08, 2.06950510062e-08, 7.7146813382e-09, 1.70211137629e-07, 3.42393104802e-06, 1.2013376363e-05, 0.00110500701703, 0.00509840156883, 4.83653930132e-05, 0.00491795409471, 2.70642613032e-05, 0.000549570831936, 0.031929474324, 0.00180660909973, 0.000461067713331, 0.000959070050158, 5.06645155838e-05, 6.01803694735e-05, 1.12877896754e-05, 1.04571172415e-05, 2.88490082312e-06, 5.37393225386e-06, 7.57854252242e-07, 9.21195351111e-07, 1.18416232908e-06, 9.72338511929e-08, 1.55171857585e-08],
        "median": [1.69470872891e-08, 1.69245382153e-08, 6.39033537198e-09, 1.58900888891e-07, 2.86952126771e-06, 1.2163068277e-05, 0.00103476364166, 0.00506132282317, 4.62960160803e-05, 0.00373329338618, 2.58052041318e-05, 0.000562904344406, 0.0328595787287, 0.00136397685856, 0.000487262179377, 0.000929846428335, 4.85222044517e-05, 6.07530964771e-05, 9.16190219868e-06, 1.13683627205e-05, 2.88410001303e-06, 5.82200027566e-06, 6.82349991621e-07, 9.13703274819e-07, 1.15806437861e-06, 9.33550126092e-08, 1.56750523672e-08],
        "min": [2.85212964357e-10, 9.34137656117e-10, 2.65275135192e-10, 4.82119510981e-10, 4.12302991748e-09, 1.02989083928e-09, 6.75781319792e-10, 6.13732009658e-10, 1.13536191559e-09, 1.17846834513e-08, 9.90156512337e-10, 3.87614074171e-09, 2.04401473525e-07, 4.03823889883e-08, 9.37208355367e-09, 1.08942046495e-08, 2.40353648095e-09, 1.91116167336e-09, 1.21007637244e-09, 5.66317326367e-10, 8.00794874856e-10, 5.04777775134e-10, 3.61193908116e-10, 7.03688107784e-10, 9.4206165091e-10, 1.82933912463e-09, 1.45257261774e-09],
        "stdev": [3.14510302246e-08, 1.50946313227e-08, 5.62676572002e-09, 8.42791720856e-08, 2.10447410609e-06, 3.13629425364e-06, 0.000277399871266, 0.000983536825515, 3.02346052194e-05, 0.00228278548457, 1.39939102155e-05, 0.000167215795955, 0.00650224881247, 0.00119976326823, 0.000112514593638, 0.000468760117656, 2.56238527072e-05, 3.03953002003e-05, 5.84216832067e-06, 3.08797598336e-06, 8.69526616043e-07, 1.83249119345e-06, 3.25862657746e-07, 3.36641420517e-07, 4.95367658004e-07, 3.89447549765e-08, 3.80335407613e-09],
        "var": [9.89167405144e-16, 2.27847918814e-16, 3.16604934554e-17, 7.10297900887e-15, 4.42881105053e-12, 9.83634094315e-12, 7.6950684047e-08, 9.67344590208e-07, 9.14131381702e-10, 5.21110905538e-06, 1.95829519267e-10, 2.79611231946e-08, 4.22792400059e-05, 1.43943202602e-06, 1.26595329775e-08, 2.19736051577e-07, 6.56581844449e-10, 9.23874254877e-10, 3.41309307206e-11, 9.53559540356e-12, 7.56076516499e-13, 3.35802414521e-12, 1.06186462618e-13, 1.13327438254e-13, 2.45389131107e-13, 1.51669380722e-15, 1.44655012874e-17]
    },
    "erbbands": {
        "dmean": [8.94224228887e-07, 2.20451943278e-06, 7.06795253791e-06, 3.8753143599e-05, 0.000790539081208, 0.00233946903609, 0.00920109357685, 0.00345196272247, 0.100971594453, 2.87199664116, 0.838481783867, 0.188336089253, 3.8839738369, 3.36898875237, 0.483034640551, 2.42882108688, 40.6118049622, 4.91902351379, 5.33315706253, 0.804359912872, 2.81561326981, 0.301956951618, 0.158052444458, 0.0303924810141, 0.05776238814, 0.0240836348385, 0.0237849205732, 0.0156749077141, 0.0139154130593, 0.0120570966974, 0.00187702768017, 0.00121024076361, 0.002972017508, 0.00329364743084, 0.000206106516998, 8.71495067258e-05, 1.57735576067e-05, 3.6905489651e-06, 7.01103942902e-07, 1.16906721814e-06],
        "dmean2": [1.58200339229e-06, 3.80974279324e-06, 1.20601644085e-05, 6.32733717794e-05, 0.00130010198336, 0.00359013304114, 0.0145108550787, 0.00500841299072, 0.126245602965, 3.42576360703, 1.07885980606, 0.239830136299, 4.70070075989, 4.05028581619, 0.684743225574, 3.584015131, 57.0352554321, 6.70330142975, 6.38632297516, 1.14465868473, 3.83507943153, 0.450262069702, 0.22879858315, 0.0510016158223, 0.0744301378727, 0.0359292514622, 0.0391687676311, 0.0271860994399, 0.0202801339328, 0.0186831448227, 0.0027533932589, 0.00200125109404, 0.00512990914285, 0.00572172738612, 0.000348886009306, 0.000149717045133, 2.60223623627e-05, 6.59586612528e-06, 1.01720297607e-06, 1.56106409577e-06],
        "dvar": [8.74611635285e-13, 4.39253624793e-12, 4.12611611544e-11, 1.70240599395e-09, 5.59488967156e-07, 1.08916083263e-05, 0.000107346299046, 8.58737985254e-05, 0.0891823917627, 66.7761535645, 4.0958571434, 0.217205747962, 74.2442550659, 62.8182449341, 0.556760668755, 27.2418575287, 7613.08789062, 110.638839722, 44.0930023193, 1.52550709248, 5.14282989502, 0.0912301763892, 0.0285013373941, 0.00116456672549, 0.00407620845363, 0.000506285461597, 0.000526188523509, 0.000250983110163, 0.000215714826481, 0.000135306778247, 3.50850382347e-06, 1.2899884041e-06, 8.5555620899e-06, 9.85762835626e-06, 3.3180409531e-08, 6.77819933514e-09, 1.8294918358e-10, 1.0251776858e-11, 2.10470811786e-12, 8.89721542968e-12],
        "dvar2": [2.38049011926e-12, 1.25201880113e-11, 1.09953761374e-10, 3.10057712838e-09, 1.23506993077e-06, 2.27501750487e-05, 0.000269681331702, 0.000130293876282, 0.0873158872128, 64.7059402466, 5.692735672, 0.252683013678, 109.440734863, 98.9594192505, 0.823952019215, 33.4358825684, 9338.90820312, 149.731689453, 50.2165718079, 1.91952180862, 9.43569564819, 0.149205997586, 0.0483621135354, 0.00303133903071, 0.00682506430894, 0.0011654663831, 0.00112673244439, 0.000830436707474, 0.000379234610591, 0.000350023619831, 7.01784620105e-06, 3.57566295861e-06, 2.89744275506e-05, 3.35635741067e-05, 9.9746870319e-08, 2.13433359875e-08, 4.80180339935e-10, 2.88746682814e-11, 2.50980638182e-12, 1.04816433311e-11],
        "max": [6.92115554557e-06, 1.5155284018e-05, 5.00517598994e-05, 0.00104103598278, 0.0145711796358, 0.0671814382076, 0.210157349706, 0.223915532231, 9.00167560577, 238.6328125, 49.6062927246, 12.2337312698, 182.736282349, 154.416015625, 20.047170639, 145.758636475, 2383.23266602, 270.190673828, 208.026550293, 35.1879272461, 104.214599609, 10.0131950378, 5.88016033173, 0.696439564228, 1.71747267246, 0.732672274113, 0.428791999817, 0.18990200758, 0.36774840951, 0.252437204123, 0.0519419275224, 0.018284926191, 0.0490944087505, 0.0396514162421, 0.00365426321514, 0.00138199003413, 0.000267183466349, 4.79786249343e-05, 3.89537672163e-05, 7.71567574702e-05],
        "mean": [1.41162206546e-06, 4.1480220716e-06, 1.77774400072e-05, 0.000381658523111, 0.00816237833351, 0.010905825533, 0.0920089632273, 0.133257552981, 3.87078309059, 120.591384888, 31.3631629944, 3.77973365784, 102.226867676, 73.0707321167, 9.57557296753, 120.667640686, 1793.48266602, 171.914031982, 87.6633148193, 27.0845851898, 60.5583686829, 6.55451440811, 2.99941396713, 0.394564837217, 0.80222517252, 0.467041373253, 0.206723019481, 0.0995493605733, 0.160926818848, 0.127089038491, 0.0231911763549, 0.0108083793893, 0.0242812074721, 0.0201408751309, 0.00215792097151, 0.000672665832099, 0.000156384834554, 3.26268454955e-05, 2.94154815492e-05, 5.78513572691e-05],
        "median": [1.10469113679e-06, 3.56916029887e-06, 1.59627688845e-05, 0.000384167855373, 0.00838953442872, 0.00841183587909, 0.0907284617424, 0.134989768267, 3.68459892273, 117.220657349, 31.3644390106, 3.95140075684, 82.4629058838, 52.5352783203, 9.61758804321, 128.728469849, 1846.61572266, 158.9347229, 66.1726074219, 29.2815055847, 59.4827423096, 7.03848838806, 2.85352754593, 0.39395314455, 0.71206343174, 0.488314211369, 0.195161730051, 0.0968138203025, 0.157543256879, 0.129561901093, 0.022228885442, 0.0108081372455, 0.0256343409419, 0.0202318895608, 0.00222590425983, 0.000657409313135, 0.000157563801622, 3.4028027585e-05, 2.92132081086e-05, 5.70230695303e-05],
        "min": [6.20806588358e-08, 3.09783359853e-07, 2.40605368163e-06, 4.10865050071e-06, 4.17710361944e-06, 1.22283963719e-05, 2.52336340054e-05, 1.71530718944e-05, 1.37920242196e-05, 1.70131133927e-05, 1.79027574632e-05, 4.74742591905e-05, 0.000266229268163, 0.000210601923754, 8.88815557119e-05, 0.000735867535695, 0.0100111523643, 0.0020778416656, 0.00169802096207, 0.000735309324227, 0.000476790126413, 0.000201336530154, 0.000118798321637, 6.33822492091e-05, 5.78022263653e-05, 3.05987341562e-05, 3.40101978509e-05, 2.38380143855e-05, 2.32184447668e-05, 9.45944611885e-06, 1.04036889752e-05, 1.4306416233e-05, 1.17738545669e-05, 8.91872787179e-06, 7.22615868654e-06, 6.06931052971e-06, 3.2199254747e-06, 1.44445539263e-06, 2.34142504496e-07, 1.67776210702e-08],
        "stdev": [1.00752845356e-06, 2.223901447e-06, 7.17612238077e-06, 0.000112176996481, 0.00192158843856, 0.00887846387923, 0.0284844916314, 0.0215468928218, 0.817725718021, 24.0023422241, 6.03055953979, 1.21399223804, 43.0546226501, 37.4805488586, 2.26924943924, 24.0361385345, 364.747161865, 44.265586853, 52.9344596863, 6.52337121964, 28.8191051483, 2.08978915215, 1.30279660225, 0.121167324483, 0.372172862291, 0.128057077527, 0.0752186626196, 0.0314553380013, 0.0622237287462, 0.0557437688112, 0.0090643921867, 0.00299284420907, 0.00818093493581, 0.007598541677, 0.000692015630193, 0.000282948021777, 4.62690695713e-05, 7.53002132114e-06, 5.5609921219e-06, 1.10569480967e-05],
        "var": [1.01511366587e-12, 4.94573739601e-12, 5.14967339604e-11, 1.25836789877e-08, 3.69250210497e-06, 7.88271136116e-05, 0.000811366247945, 0.000464268610813, 0.668675303459, 576.112426758, 36.3676490784, 1.47377705574, 1853.70068359, 1404.79150391, 5.14949274063, 577.735961914, 133040.484375, 1959.4420166, 2802.05712891, 42.5543708801, 830.54083252, 4.36721897125, 1.69727885723, 0.0146815199405, 0.138512641191, 0.0163986142725, 0.0056578470394, 0.00098943838384, 0.00387179222889, 0.00310736778192, 8.21631983854e-05, 8.95711673365e-06, 6.69276996632e-05, 5.77378341404e-05, 4.78885624489e-07, 8.00595785222e-08, 2.14082684913e-09, 5.6701220108e-11, 3.09246309116e-11, 1.22256108015e-10]
    },
    "gfcc": {
        "mean": [-121.222145081, 59.6229476929, -256.793914795, -94.0679626465, -78.4145126343, -3.06641793251, -44.9391136169, -16.0672397614, -1.7242000103, 8.5928106308, -1.38982343674, -18.2630023956, -9.25085449219],
        "cov": [[1946.9107666, -23.4927997589, -561.500671387, -202.981704712, -207.199432373, -94.4256973267, -98.4942321777, -62.5939865112, 30.5976104736, -52.33411026, 45.6005821228, -35.8175773621, 13.5700130463], [-23.4927997589, 74.9804153442, 22.0320014954, -36.1833953857, -16.2492179871, -2.58990049362, 26.5715675354, -4.33053350449, 4.40271615982, 1.93309128284, 6.51048183441, -20.3246440887, 0.121779806912], [-561.500671387, 22.0320014954, 180.966125488, 57.4887161255, 57.503993988, 33.9293212891, 32.1043281555, 19.5741443634, -6.66668367386, 13.0095586777, -13.7004261017, 13.1503334045, -5.87143421173], [-202.981704712, -36.1833953857, 57.4887161255, 64.5777893066, 37.6737861633, 11.7794628143, -8.26069164276, 12.053855896, -0.170465603471, 4.72737407684, -4.09383296967, 22.1684017181, -0.0572129376233], [-207.199432373, -16.2492179871, 57.503993988, 37.6737861633, 42.8693351746, 19.2155075073, 10.7932081223, 10.2273378372, -5.57131910324, 9.21421527863, -6.32218885422, 7.29205322266, 0.910854995251], [-94.4256973267, -2.58990049362, 33.9293212891, 11.7794628143, 19.2155075073, 17.0813941956, 11.0903501511, 4.65908288956, -1.84308767319, 4.68916893005, -4.17753601074, 1.7725880146, -0.456123590469], [-98.4942321777, 26.5715675354, 32.1043281555, -8.26069164276, 10.7932081223, 11.0903501511, 28.067325592, 5.35429477692, -1.40714323521, 9.30095767975, -2.15957593918, -11.6242113113, 1.13396465778], [-62.5939865112, -4.33053350449, 19.5741443634, 12.053855896, 10.2273378372, 4.65908288956, 5.35429477692, 14.511059761, 4.01775121689, 6.13972949982, -0.77004045248, 5.93899917603, 0.219102576375], [30.5976104736, 4.40271615982, -6.66668367386, -0.170465603471, -5.57131910324, -1.84308767319, -1.40714323521, 4.01775121689, 13.0116653442, 1.29905462265, 5.43106889725, 5.56069564819, -3.26069617271], [-52.33411026, 1.93309128284, 13.0095586777, 4.72737407684, 9.21421527863, 4.68916893005, 9.30095767975, 6.13972949982, 1.29905462265, 8.01915836334, 0.26172593236, -0.816432833672, 1.42654550076], [45.6005821228, 6.51048183441, -13.7004261017, -4.09383296967, -6.32218885422, -4.17753601074, -2.15957593918, -0.77004045248, 5.43106889725, 0.26172593236, 8.6674823761, -0.019749192521, 2.07802391052], [-35.8175773621, -20.3246440887, 13.1503334045, 22.1684017181, 7.29205322266, 1.7725880146, -11.6242113113, 5.93899917603, 5.56069564819, -0.816432833672, -0.019749192521, 19.3497695923, -1.58794891834], [13.5700130463, 0.121779806912, -5.87143421173, -0.0572129376233, 0.910854995251, -0.456123590469, 1.13396465778, 0.219102576375, -3.26069617271, 1.42654550076, 2.07802391052, -1.58794891834, 7.2394733429]],
        "icov": [[0.0377249345183, -0.0938811004162, 0.165165573359, -0.0542871244252, 0.0803336501122, -0.168688192964, 0.0247106850147, -0.0576167888939, 0.112035341561, 0.0151961110532, -0.00195542629808, -0.0868973657489, 0.0704962834716], [-0.0938811004162, 0.329537540674, -0.459654420614, 0.181135520339, -0.201742902398, 0.482705920935, -0.115876585245, 0.17310141027, -0.376143783331, 0.0306648407131, -0.0300334151834, 0.276078283787, -0.238505274057], [0.165165573359, -0.459654420614, 0.770301640034, -0.28218844533, 0.359393239021, -0.775260746479, 0.0846706554294, -0.272202789783, 0.575625002384, 0.0512316077948, -0.00746561400592, -0.439676493406, 0.376429200172], [-0.0542871244252, 0.181135520339, -0.28218844533, 0.188541203737, -0.190229922533, 0.293717890978, 0.0131699182093, 0.0929489061236, -0.251543432474, -0.00457387277856, 0.00646798452362, 0.147617846727, -0.172970399261], [0.0803336501122, -0.201742902398, 0.359393239021, -0.190229922533, 0.320597112179, -0.442278593779, 0.0175933949649, -0.129602596164, 0.329046577215, -0.0364718288183, -0.0319887660444, -0.199467331171, 0.196572825313], [-0.168688192964, 0.482705920935, -0.775260746479, 0.293717890978, -0.442278593779, 0.969964504242, -0.201909556985, 0.297909915447, -0.598823368549, 0.0169313699007, 0.0242791473866, 0.392456293106, -0.372927218676], [0.0247106850147, -0.115876585245, 0.0846706554294, 0.0131699182093, 0.0175933949649, -0.201909556985, 0.312992542982, -0.0709735751152, 0.0102539416403, -0.162797302008, 0.0857070237398, 0.0623901486397, -0.0116265397519], [-0.0576167888939, 0.17310141027, -0.272202789783, 0.0929489061236, -0.129602596164, 0.297909915447, -0.0709735751152, 0.249538347125, -0.260035812855, -0.0833716094494, 0.0455901995301, 0.113702401519, -0.165140584111], [0.112035341561, -0.376143783331, 0.575625002384, -0.251543432474, 0.329046577215, -0.598823368549, 0.0102539416403, -0.260035812855, 0.780891180038, -0.0616219900548, -0.195131510496, -0.459469795227, 0.507407486439], [0.0151961110532, 0.0306648407131, 0.0512316077948, -0.00457387277856, -0.0364718288183, 0.0169313699007, -0.162797302008, -0.0833716094494, -0.0616219900548, 0.442122966051, -0.0526012070477, 0.00270588253625, -0.0529905296862], [-0.00195542629808, -0.0300334151834, -0.00746561400592, 0.00646798452362, -0.0319887660444, 0.0242791473866, 0.0857070237398, 0.0455901995301, -0.195131510496, -0.0526012070477, 0.317690223455, 0.0501521788538, -0.16879580915], [-0.0868973657489, 0.276078283787, -0.439676493406, 0.147617846727, -0.199467331171, 0.392456293106, 0.0623901486397, 0.113702401519, -0.459469795227, 0.00270588253625, 0.0501521788538, 0.461430907249, -0.281237989664], [0.0704962834716, -0.238505274057, 0.376429200172, -0.172970399261, 0.196572825313, -0.372927218676, -0.0116265397519, -0.165140584111, 0.507407486439, -0.0529905296862, -0.16879580915, -0.281237989664, 0.498264789581]]
    },
    "melbands": {
        "dmean": [6.4895306906e-09, 3.0710585186e-09, 2.49369325189e-08, 1.03513855265e-07, 2.58054967617e-07, 7.82437581393e-08, 2.38952338805e-06, 3.3244741644e-05, 4.37715380031e-06, 1.02851015527e-06, 2.30199511861e-05, 1.86832039617e-05, 7.0297073762e-07, 4.38672714154e-06, 3.77385367756e-05, 7.63421703596e-05, 4.39016775999e-06, 1.17595463962e-05, 1.98543352781e-06, 2.15125078284e-06, 2.8729011774e-06, 3.97366392235e-07, 3.37293613484e-07, 7.16436616699e-08, 2.34908856811e-08, 4.84442992388e-08, 2.92789703593e-08, 1.6734784225e-08, 1.99551681845e-08, 1.68549796342e-08, 6.08874328734e-09, 9.50200274019e-09, 1.16857226118e-08, 4.26887147853e-09, 1.13890419318e-09, 1.26380284016e-09, 1.3602677873e-09, 1.990360321e-09, 5.17253262444e-09, 2.32454300253e-09],
        "dmean2": [1.14936211659e-08, 5.25326804279e-09, 4.02250961429e-08, 1.68038951642e-07, 4.02378873332e-07, 1.24209108776e-07, 3.06255310534e-06, 3.97607218474e-05, 5.9432368289e-06, 1.53381313339e-06, 2.76970622508e-05, 2.23544120672e-05, 9.97554593596e-07, 6.50616357234e-06, 5.20734974998e-05, 0.000108512198494, 5.8790787989e-06, 1.41332457133e-05, 2.7664418667e-06, 2.9340940273e-06, 3.9190622374e-06, 5.88019702263e-07, 4.94903645176e-07, 1.17667795507e-07, 4.03282385264e-08, 6.20591436018e-08, 4.03906490476e-08, 2.72394249379e-08, 3.16471577833e-08, 2.94889765939e-08, 1.01712931411e-08, 1.41271945253e-08, 1.70496612384e-08, 6.68671962245e-09, 1.65471147895e-09, 2.11461004263e-09, 2.37404806924e-09, 3.36321170913e-09, 9.0642657824e-09, 3.9482728198e-09],
        "dvar": [4.44802444679e-17, 7.7692045679e-18, 6.67534648451e-16, 1.38584305639e-14, 9.13624644688e-14, 2.02715431653e-14, 4.31383782862e-11, 8.45836467533e-09, 9.29210111633e-11, 7.69267462231e-12, 2.65189825654e-09, 1.90187465776e-09, 1.83567093817e-12, 2.32251162746e-11, 6.05418071231e-09, 2.73632831949e-08, 3.26443906629e-11, 1.89461238365e-10, 8.11465304673e-12, 3.13654679486e-12, 5.33165742458e-12, 1.24880330686e-13, 1.33333583974e-13, 4.10444637669e-15, 7.71708689535e-16, 2.58459631295e-15, 7.74968601712e-16, 2.62836679343e-16, 4.08863835961e-16, 3.20445640017e-16, 3.11790445604e-17, 8.65332101463e-17, 1.11174146353e-16, 1.78870809517e-17, 1.30940995247e-18, 1.32782102835e-18, 1.43108801378e-18, 4.82958954575e-18, 2.75009032486e-17, 5.02419950129e-18],
        "dvar2": [1.15098886749e-16, 2.18228956417e-17, 1.24759556916e-15, 3.29777878453e-14, 2.13546953558e-13, 4.72750602499e-14, 4.88153337197e-11, 8.52890824632e-09, 1.6040513362e-10, 1.20512055196e-11, 3.92753873868e-09, 2.9590045969e-09, 2.71772795241e-12, 5.22646891044e-11, 6.93080481895e-09, 3.61383420966e-08, 4.3743685757e-11, 2.23891974405e-10, 1.10612265874e-11, 5.8142349442e-12, 9.87019320442e-12, 2.42391501835e-13, 2.36276140797e-13, 1.15241941085e-14, 2.11990387369e-15, 4.46220132987e-15, 1.48099528602e-15, 7.44659751156e-16, 7.79212342657e-16, 1.09920778466e-15, 8.80517615497e-17, 1.64196966248e-16, 2.58097291775e-16, 4.69149745003e-17, 2.26023669581e-18, 4.117307629e-18, 4.74907385288e-18, 1.62380318804e-17, 9.67319169652e-17, 1.64241723337e-17],
        "max": [5.24154266657e-08, 1.8365506449e-08, 5.63821629385e-07, 2.38236725636e-06, 6.77142224959e-06, 2.81656866719e-06, 0.000197154353373, 0.00262419879436, 0.000208319441299, 6.24461899861e-05, 0.00107083946932, 0.000853694335092, 2.91068645311e-05, 0.000164066412253, 0.00217606965452, 0.00433124788105, 0.000154228546307, 0.000443719618488, 7.75928856456e-05, 7.77689929237e-05, 0.00010609941819, 1.01952964542e-05, 1.19793512567e-05, 1.38171083108e-06, 4.53987070159e-07, 1.28896215301e-06, 8.80101481471e-07, 3.98015487235e-07, 3.7047439605e-07, 1.72318280534e-07, 9.49794483063e-08, 2.21251482913e-07, 2.64744187461e-07, 8.72602896607e-08, 2.88964976392e-08, 1.96815914677e-08, 1.07255537785e-08, 3.28213971557e-08, 7.5130323296e-08, 2.73581086674e-08],
        "mean": [9.27946874896e-09, 4.45899317469e-09, 2.77892439726e-07, 6.64653782678e-07, 2.44022635343e-06, 1.55536088187e-06, 6.47705091978e-05, 0.0013966539409, 0.000143346915138, 6.20750097369e-06, 0.000593855162151, 0.000415055459598, 5.12929409524e-06, 7.99145855126e-05, 0.0017872613389, 0.00310272607021, 7.35573194106e-05, 0.000172681131517, 5.02055154357e-05, 4.42036034656e-05, 6.18013000349e-05, 3.69330291505e-06, 5.47149329577e-06, 6.93568779297e-07, 1.81611184757e-07, 5.62077389077e-07, 5.13798624979e-07, 2.60403112406e-07, 1.57875632567e-07, 7.00672728726e-08, 4.79988280233e-08, 7.30075271349e-08, 1.38583175158e-07, 3.82959228773e-08, 1.24705312743e-08, 7.64935847997e-09, 6.20448981081e-09, 1.31975781414e-08, 2.92951121139e-08, 1.21557626187e-08],
        "median": [6.84303635978e-09, 3.86740328651e-09, 2.82971313936e-07, 6.17550142579e-07, 2.44632497015e-06, 1.59278420142e-06, 6.06013891229e-05, 0.00136675708927, 0.000146189529914, 5.42622319699e-06, 0.000472172861919, 0.000301466381643, 4.75423803437e-06, 8.18231783342e-05, 0.00188044807874, 0.00313218077645, 5.78237741138e-05, 0.000130406435346, 5.29560275027e-05, 4.30562649854e-05, 6.03868975304e-05, 3.51518838215e-06, 5.097621397e-06, 6.93935476193e-07, 1.67471668533e-07, 4.66619439976e-07, 5.31738805876e-07, 2.66876241994e-07, 1.32280774778e-07, 6.6918850905e-08, 4.73580428206e-08, 6.64075088253e-08, 1.45064717572e-07, 3.73000474951e-08, 1.18613527889e-08, 7.15576131682e-09, 6.26376417401e-09, 1.30704842505e-08, 2.84663084216e-08, 1.19619123495e-08],
        "min": [4.80784911883e-10, 3.06248498783e-10, 7.03724911677e-10, 7.41767203216e-10, 7.10573933027e-10, 1.72564768031e-10, 1.33580174699e-10, 1.71449757169e-10, 1.5223695915e-10, 1.90915755427e-10, 1.46202649987e-09, 1.03829866926e-09, 1.58567964315e-10, 4.37611280546e-10, 7.60452767423e-09, 2.15604281095e-08, 1.9823267472e-09, 1.28777954966e-09, 9.16240916471e-10, 8.20012779901e-10, 5.09058351028e-10, 1.78210890489e-10, 1.55759433129e-10, 5.45880424196e-11, 4.76151409967e-11, 4.3109515957e-11, 2.54207731254e-11, 1.99523713523e-11, 1.65376948247e-11, 3.01267240321e-11, 7.57923585004e-12, 1.28424215706e-11, 9.03765690757e-12, 4.47807242676e-12, 4.95089602995e-12, 8.87942237099e-12, 7.52873197812e-12, 8.29389248252e-12, 9.63636375556e-12, 5.8700527078e-12],
        "stdev": [7.66944552311e-09, 2.93977553412e-09, 6.88675427796e-08, 3.02674607155e-07, 8.10087385616e-07, 3.44176015687e-07, 1.64304383361e-05, 0.000274202990113, 2.81341690425e-05, 5.01478325532e-06, 0.000257065315964, 0.000209797071875, 2.97152018902e-06, 2.49465028901e-05, 0.000352526200004, 0.000661947065964, 3.91260437027e-05, 0.000118463634863, 1.23440950119e-05, 2.1931311494e-05, 2.91183987429e-05, 1.93580876839e-06, 2.89276044896e-06, 2.42245022264e-07, 8.44407139766e-08, 3.08308699459e-07, 1.60658132131e-07, 7.31424947276e-08, 7.45522541479e-08, 2.49227465332e-08, 1.76811774111e-08, 3.74884976395e-08, 5.942357717e-08, 1.72543437316e-08, 4.9574029326e-09, 3.47596129657e-09, 1.97856842021e-09, 5.5057367554e-09, 1.24210774999e-08, 4.7728883068e-09],
