{
"lowlevel": {
    "average_loudness": 0.944211125374,
    "barkbands_crest": {
        "dmean": 0.815589308739,
        "dmean2": 1.17950487137,
        "dvar": 4.60700511932,
        "dvar2": 10.8747014999,
        "max": 25.6249008179,
        "mean": 19.2431564331,
        "median": 19.976940155,
        "min": 5.04920387268,
        "stdev": 3.10182595253,
        "var": 9.62132453918
    },
    "barkbands_flatness_db": {
        "dmean": 0.018052296713,
        "dmean2": 0.0257841739804,
        "dvar": 0.000923920189962,
        "dvar2": 0.00227296678349,
        "max": 0.58944016695,
        "mean": 0.360948860645,
        "median": 0.36756464839,
        "min": 0.0620105490088,
        "stdev": 0.0679372996092,
        "var": 0.00461547635496
    },
    "barkbands_kurtosis": {
        "dmean": 10.2599143982,
        "dmean2": 17.1155796051,
        "dvar": 2092.57177734,
        "dvar2": 5956.51025391,
        "max": 495.154327393,
        "mean": 29.1906757355,
        "median": 18.500202179,
        "min": -1.47324764729,
        "stdev": 58.4618492126,
        "var": 3417.7878418
    },
    "barkbands_skewness": {
        "dmean": 0.489917486906,
        "dmean2": 0.751245319843,
        "dvar": 2.22299456596,
        "dvar2": 6.07658720016,
        "max": 16.0986709595,
        "mean": 3.94242882729,
        "median": 3.99768257141,
        "min": -3.21400761604,
        "stdev": 2.06111454964,
        "var": 4.24819326401
    },
    "barkbands_spread": {
        "dmean": 1.31565892696,
        "dmean2": 1.84775221348,
        "dvar": 45.7127532959,
        "dvar2": 54.1090545654,
        "max": 111.598823547,
        "mean": 5.73424816132,
        "median": 4.54988288879,
        "min": 0.167146220803,
        "stdev": 7.42497873306,
        "var": 55.1303100586
    },
    "dissonance": {
        "dmean": 0.0233338810503,
        "dmean2": 0.0379502512515,
        "dvar": 0.000405717495596,
        "dvar2": 0.00105285958853,
        "max": 0.482295721769,
        "mean": 0.376634627581,
        "median": 0.381777316332,
        "min": 0.0977725982666,
        "stdev": 0.0566132999957,
        "var": 0.00320506584831
    },
    "dynamic_complexity": 5.25387859344,
    "erbbands_crest": {
        "dmean": 0.926621735096,
        "dmean2": 1.3616976738,
        "dvar": 3.29381108284,
        "dvar2": 8.66767883301,
        "max": 29.4739303589,
        "mean": 18.6524791718,
        "median": 19.5681743622,
        "min": 3.66050052643,
        "stdev": 4.28456354141,
        "var": 18.3574829102
    },
    "erbbands_flatness_db": {
        "dmean": 0.0078630996868,
        "dmean2": 0.00926889851689,
        "dvar": 0.000204813681194,
        "dvar2": 0.000280728796497,
        "max": 0.532982707024,
        "mean": 0.290512472391,
        "median": 0.298736989498,
        "min": 0.0568677671254,
        "stdev": 0.0671992376447,
        "var": 0.00451573729515
    },
    "erbbands_kurtosis": {
        "dmean": 2.81436872482,
        "dmean2": 3.0111823082,
        "dvar": 155.221115112,
        "dvar2": 182.150054932,
        "max": 291.019317627,
        "mean": 7.77863025665,
        "median": 1.60920953751,
        "min": -1.49463546276,
        "stdev": 31.1975021362,
        "var": 973.284179688
    },
    "erbbands_skewness": {
        "dmean": 0.246093779802,
        "dmean2": 0.324545532465,
        "dvar": 0.275108754635,
        "dvar2": 0.478425532579,
        "max": 10.4882221222,
        "mean": 1.7885363102,
        "median": 1.62066066265,
        "min": -0.723387002945,
        "stdev": 1.30441248417,
        "var": 1.70149195194
    },
    "erbbands_spread": {
        "dmean": 2.79395627975,
        "dmean2": 3.94456148148,
        "dvar": 27.9285125732,
        "dvar2": 66.4061050415,
        "max": 85.6250686646,
        "mean": 28.7138462067,
        "median": 28.324924469,
        "min": 0.357657849789,
        "stdev": 9.14110946655,
        "var": 83.5598831177
    },
    "hfc": {
        "dmean": 0.672589421272,
        "dmean2": 0.797760784626,
        "dvar": 1.25853574276,
        "dvar2": 3.36438679695,
        "max": 23.6041202545,
        "mean": 12.1600103378,
        "median": 13.2192707062,
        "min": 6.86184785081e-06,
        "stdev": 6.58457756042,
        "var": 43.3566627502
    },
    "loudness_ebu128": {
        "integrated": -18.9060554504,
        "loudness_range": 2.20862388611,
        "momentary": {
            "dmean": 0.986502707005,
            "dmean2": 0.507014811039,
            "dvar": 3.85813093185,
            "dvar2": 0.719267249107,
            "max": -16.8426799774,
            "mean": -20.1988697052,
            "median": -18.9413890839,
            "min": -45.1646270752,
            "stdev": 4.49937391281,
            "var": 20.2443675995
        },
        "short_term": {
            "dmean": 0.119813919067,
            "dmean2": 0.0316736213863,
            "dvar": 0.0068641169928,
            "dvar2": 0.0010876437882,
            "max": -17.7239437103,
            "mean": -18.8152332306,
            "median": -18.7443637848,
            "min": -20.8739356995,
            "stdev": 0.808569073677,
            "var": 0.653783917427
        }
    },
    "melbands_crest": {
        "dmean": 0.99365490675,
        "dmean2": 1.55760920048,
        "dvar": 8.58291721344,
        "dvar2": 22.0395469666,
        "max": 36.7576522827,
        "mean": 28.5107212067,
        "median": 29.6448879242,
        "min": 6.27931594849,
        "stdev": 3.97908210754,
        "var": 15.8330945969
    },
    "melbands_flatness_db": {
        "dmean": 0.0164455268532,
        "dmean2": 0.0218746457249,
        "dvar": 0.00121788214892,
        "dvar2": 0.00272078206763,
        "max": 0.710562050343,
        "mean": 0.384589999914,
        "median": 0.382843136787,
        "min": 0.0645510554314,
        "stdev": 0.0759216398001,
        "var": 0.00576409511268
    },
    "melbands_kurtosis": {
        "dmean": 5.50788068771,
        "dmean2": 7.66427087784,
        "dvar": 233.029846191,
        "dvar2": 427.324371338,
        "max": 170.529098511,
        "mean": 41.6573371887,
        "median": 40.8454093933,
        "min": 0.333777427673,
        "stdev": 22.5873680115,
        "var": 510.189178467
    },
    "melbands_skewness": {
        "dmean": 0.327369242907,
        "dmean2": 0.422141194344,
        "dvar": 0.578074872494,
        "dvar2": 1.08721721172,
        "max": 8.55768489838,
        "mean": 5.08158874512,
        "median": 5.55443000793,
        "min": -2.27312612534,
        "stdev": 1.58639276028,
        "var": 2.51664209366
    },
    "melbands_spread": {
        "dmean": 1.49773681164,
        "dmean2": 2.06177949905,
        "dvar": 78.2568664551,
        "dvar2": 99.134147644,
        "max": 137.418136597,
        "mean": 5.50215911865,
        "median": 4.0903429985,
        "min": 0.226562604308,
        "stdev": 9.20608520508,
        "var": 84.7520065308
    },
    "pitch_salience": {
        "dmean": 0.0270885508507,
        "dmean2": 0.040268920362,
        "dvar": 0.00348449801095,
        "dvar2": 0.00791393686086,
        "max": 0.780933856964,
        "mean": 0.301633536816,
        "median": 0.28088632226,
        "min": 0.0518544614315,
        "stdev": 0.101383790374,
        "var": 0.0102786729112
    },
    "silence_rate_20dB": {
        "dmean": 0,
        "dmean2": 0,
        "dvar": 0,
        "dvar2": 0,
        "max": 1,
        "mean": 1,
        "median": 1,
        "min": 1,
        "stdev": 0,
        "var": 0
    },
    "silence_rate_30dB": {
        "dmean": 0,
        "dmean2": 0,
        "dvar": 0,
        "dvar2": 0,
        "max": 1,
        "mean": 1,
        "median": 1,
        "min": 1,
        "stdev": 0,
        "var": 0
    },
    "silence_rate_60dB": {
        "dmean": 0.00763358781114,
        "dmean2": 0.0153256701306,
        "dvar": 0.00757533730939,
        "dvar2": 0.0150907626376,
        "max": 1,
        "mean": 0.121673002839,
        "median": 0,
        "min": 0,
        "stdev": 0.326907128096,
        "var": 0.10686827451
    },
    "spectral_centroid": {
        "dmean": 68.9353103638,
        "dmean2": 101.272689819,
        "dvar": 76026.1328125,
        "dvar2": 132690.765625,
        "max": 3928.36328125,
        "mean": 531.180358887,
        "median": 468.638244629,
        "min": 238.929321289,
        "stdev": 314.103973389,
        "var": 98661.3046875
    },
    "spectral_complexity": {
        "dmean": 0.69465649128,
        "dmean2": 1.32567048073,
        "dvar": 3.73119783401,
        "dvar2": 12.2578754425,
        "max": 19,
        "mean": 7.5741443634,
        "median": 8,
        "min": 0,
        "stdev": 3.37419581413,
        "var": 11.3851966858
    },
    "spectral_decrease": {
        "dmean": 4.31807201107e-10,
        "dmean2": 4.19209694735e-10,
        "dvar": 2.97715899239e-19,
        "dvar2": 4.56049176926e-19,
        "max": -7.75566659912e-17,
        "mean": -8.12395928307e-09,
        "median": -8.90696760791e-09,
        "min": -1.64748854559e-08,
        "stdev": 4.64797889066e-09,
        "var": 2.16037076686e-17
    },
    "spectral_energy": {
        "dmean": 0.00168664264493,
        "dmean2": 0.00164018152282,
        "dvar": 4.52294125353e-06,
        "dvar2": 6.96433653502e-06,
        "max": 0.064320795238,
        "mean": 0.0317645929754,
        "median": 0.0348031930625,
        "min": 9.15106601607e-10,
        "stdev": 0.0181321315467,
        "var": 0.000328774214722
    },
    "spectral_energyband_high": {
        "dmean": 1.15377488328e-05,
        "dmean2": 1.9043807697e-05,
        "dvar": 2.56974358459e-10,
        "dvar2": 8.25459589571e-10,
        "max": 0.000198050023755,
        "mean": 8.47581541166e-05,
        "median": 8.56161423144e-05,
        "min": 4.81840567446e-10,
        "stdev": 5.41813169548e-05,
        "var": 2.93561508435e-09
    },
    "spectral_energyband_low": {
        "dmean": 1.23941049424e-06,
        "dmean2": 2.13150428863e-06,
        "dvar": 1.44198379366e-12,
        "dvar2": 4.01999961097e-12,
        "max": 1.12232073661e-05,
        "mean": 1.79660639787e-06,
        "median": 1.38169104957e-06,
        "min": 1.6020526572e-10,
        "stdev": 1.50459811721e-06,
        "var": 2.26381565403e-12
    },
    "spectral_energyband_middle_high": {
        "dmean": 0.000164039258379,
        "dmean2": 0.000246857554885,
        "dvar": 1.68009535173e-07,
        "dvar2": 5.68613074847e-07,
        "max": 0.0041523934342,
        "mean": 0.00201408052817,
        "median": 0.002157979412,
        "min": 1.10110413842e-10,
        "stdev": 0.00107523519546,
        "var": 1.15613079288e-06
    },
    "spectral_energyband_middle_low": {
        "dmean": 0.00160358252469,
        "dmean2": 0.0015728023136,
        "dvar": 4.3040449782e-06,
        "dvar2": 6.82238805894e-06,
        "max": 0.060351934284,
        "mean": 0.0296713467687,
        "median": 0.032307446003,
        "min": 2.71155424503e-11,
        "stdev": 0.0171464085579,
        "var": 0.000293999299174
    },
    "spectral_entropy": {
        "dmean": 0.135020941496,
        "dmean2": 0.17950925231,
        "dvar": 0.0405258499086,
        "dvar2": 0.0679450109601,
        "max": 8.99600887299,
        "mean": 5.73997783661,
        "median": 5.63117408752,
        "min": 2.73990345001,
        "stdev": 0.794255137444,
        "var": 0.630841255188
    },
    "spectral_flux": {
        "dmean": 0.00327055063099,
        "dmean2": 0.00485481508076,
        "dvar": 5.59842701477e-05,
        "dvar2": 0.000133303896291,
        "max": 0.111151739955,
        "mean": 0.00990960560739,
        "median": 0.00632605468854,
        "min": 0.000380046607461,
        "stdev": 0.0129240853712,
        "var": 0.000167031990713
    },
    "spectral_kurtosis": {
        "dmean": 3.77135944366,
        "dmean2": 5.29523658752,
        "dvar": 55.9654350281,
        "dvar2": 85.5656204224,
        "max": 182.5987854,
        "mean": 8.9048500061,
        "median": 4.33041286469,
        "min": 1.20721483231,
        "stdev": 21.575750351,
        "var": 465.513000488
    },
    "spectral_rms": {
        "dmean": 0.00017318733444,
        "dmean2": 0.000168847545865,
        "dvar": 7.85869502806e-08,
        "dvar2": 1.32039232881e-07,
        "max": 0.00792161561549,
        "mean": 0.0050947079435,
        "median": 0.0058270348236,
        "min": 9.44874045672e-07,
        "stdev": 0.00224360800348,
        "var": 5.03377668792e-06
    },
    "spectral_rolloff": {
        "dmean": 134.459243774,
        "dmean2": 187.528610229,
        "dvar": 1184183.375,
        "dvar2": 1321925.75,
        "max": 17312.6953125,
        "mean": 441.963592529,
        "median": 301.46484375,
        "min": 21.533203125,
        "stdev": 1095.84741211,
        "var": 1200881.625
    },
    "spectral_skewness": {
        "dmean": 0.302717000246,
        "dmean2": 0.450804591179,
        "dvar": 0.178713396192,
        "dvar2": 0.342173159122,
        "max": 11.5245218277,
        "mean": 1.84167945385,
        "median": 1.50829100609,
        "min": 0.751641094685,
        "stdev": 1.4439022541,
        "var": 2.08485364914
    },
    "spectral_spread": {
        "dmean": 208211.640625,
        "dmean2": 284540.78125,
        "dvar": 393028960256,
        "dvar2": 431182020608,
        "max": 16679859,
        "mean": 3141307.5,
        "median": 2852790,
        "min": 523377.65625,
        "stdev": 1421247.5,
        "var": 2.01994430054e+12
    },
    "spectral_strongpeak": {
        "dmean": 0.0626664683223,
        "dmean2": 0.0752345323563,
        "dvar": 0.0145693821833,
        "dvar2": 0.0283713638783,
        "max": 2.62058186531,
        "mean": 1.37351107597,
        "median": 1.43636119366,
        "min": 0,
        "stdev": 0.687319338322,
        "var": 0.472407847643
    },
    "zerocrossingrate": {
        "dmean": 0.00193262461107,
        "dmean2": 0.00262661627494,
        "dvar": 6.53381284792e-05,
        "dvar2": 0.000125225022202,
        "max": 0.1298828125,
        "mean": 0.0160260219127,
        "median": 0.0126953125,
        "min": 0,
        "stdev": 0.0132484696805,
        "var": 0.000175521941856
    },
    "barkbands": {
        "dmean": [3.45888065567e-06, 3.17836565955e-07, 1.22209101505e-07, 4.37950120613e-08, 0.00125849514734, 0.000251881196164, 1.68419428519e-05, 0.00020892386965, 2.76546302302e-06, 6.6238862928e-05, 1.51547897076e-06, 3.48737626155e-06, 1.54061763169e-05, 3.88389671571e-05, 1.49423049152e-05, 3.9849721361e-05, 8.55385496834e-06, 2.90785174002e-05, 2.15119052882e-05, 5.56293298359e-06, 7.43913915358e-06, 1.78292521014e-06, 6.3240753434e-07, 1.01447490408e-07, 7.92208325606e-08, 8.25734058907e-09, 1.74040992729e-09],
        "dmean2": [6.0759562075e-06, 5.67750248592e-07, 2.19124174805e-07, 7.75463320224e-08, 0.00120235735085, 0.000247666612267, 2.84386242129e-05, 0.000311553420033, 4.91878790854e-06, 7.70792248659e-05, 2.7821185995e-06, 5.85076895732e-06, 2.15515010495e-05, 6.40835132799e-05, 2.01716284209e-05, 6.56386037008e-05, 1.57712420332e-05, 4.79369118693e-05, 3.64508996427e-05, 8.70075018611e-06, 1.24902626339e-05, 2.86289605356e-06, 9.62181729847e-07, 1.58757544e-07, 1.36146326213e-07, 1.39237199548e-08, 3.09916581287e-09],
        "dvar": [1.29066523094e-11, 3.53637285471e-13, 2.14642604228e-14, 4.00110200437e-15, 2.38246002482e-06, 1.9763194814e-07, 1.14401821349e-08, 1.62241889257e-07, 2.64246791115e-10, 1.2603642574e-08, 1.38969488694e-10, 3.94884347443e-10, 6.46069808763e-10, 1.14381899508e-08, 7.02689517684e-10, 5.01434005429e-09, 1.58864676969e-09, 6.20363893589e-09, 1.73447034513e-09, 4.95337486306e-11, 1.20945697901e-10, 4.9201307091e-12, 6.84006616538e-13, 1.17801683122e-14, 1.08579578027e-14, 1.19377594273e-16, 7.45593638067e-18],
        "dvar2": [3.6548389315e-11, 1.11771215113e-12, 6.70542926197e-14, 9.04490326088e-15, 2.97097994917e-06, 4.95836900427e-07, 2.49066509639e-08, 4.17019094812e-07, 9.00597818543e-10, 3.15383879013e-08, 4.36997327213e-10, 1.15371834308e-09, 1.28900679019e-09, 3.78496665121e-08, 1.7590975343e-09, 1.55033177407e-08, 5.54854961976e-09, 2.17238671496e-08, 6.08991923556e-09, 1.16500198377e-10, 3.88644449956e-10, 1.45581498245e-11, 1.44086814962e-12, 3.2480416875e-14, 3.31468861148e-14, 3.34157250549e-16, 2.48138301898e-17],
        "max": [2.24682426051e-05, 7.56639383326e-06, 1.29869238208e-06, 7.29240355213e-07, 0.047777235508, 0.0094394562766, 0.00143940211274, 0.00503466790542, 0.000157960676006, 0.00221689697355, 0.000140004995046, 0.000233044149354, 0.000485895725433, 0.00112634489778, 0.000522860966157, 0.000690188317094, 0.000393375608837, 0.00068800826557, 0.000341819017194, 0.000100200602901, 0.000147926883074, 2.81275151792e-05, 1.64195771504e-05, 1.48925732901e-06, 1.02353112652e-06, 1.14055360712e-07, 2.66395350224e-08],
        "mean": [3.20647291119e-06, 4.27382502721e-07, 1.6600682784e-07, 5.53026744399e-08, 0.0233421996236, 0.00454016914591, 2.00218510145e-05, 0.00175616459455, 2.68262647296e-06, 0.000997798400931, 1.1836594922e-06, 8.01916121418e-06, 0.000167357662576, 0.000319025537465, 8.95291377674e-05, 0.000178611880983, 1.34230158437e-05, 0.000119180323964, 0.000113488356874, 3.16251644108e-05, 4.79221671412e-05, 9.1125639301e-06, 2.62948174168e-06, 3.59309325404e-07, 2.81448080841e-07, 2.74200644412e-08, 6.22211704382e-09],
        "median": [1.66107929545e-06, 3.04598472667e-07, 1.32340929326e-07, 3.81573741493e-08, 0.0257994048297, 0.00502375746146, 1.04159778402e-06, 0.00183620548341, 2.2797665622e-07, 0.00105149531737, 1.06081913032e-07, 5.62295736017e-06, 0.000155956367962, 0.000300612009596, 3.69300832972e-05, 0.000142589909956, 7.61220826462e-06, 9.96981107164e-05, 0.000119556490972, 2.95095196634e-05, 3.3703418012e-05, 8.2909464254e-06, 2.33519972426e-06, 3.18523717624e-07, 2.83341222485e-07, 2.39971686966e-08, 5.39592193149e-09],
        "min": [1.72483055616e-10, 6.95326088374e-11, 1.41649018903e-11, 2.72756275031e-12, 6.29200337665e-12, 2.44459509059e-12, 4.67929688053e-12, 2.89890377328e-12, 5.40307425537e-12, 7.48047630783e-12, 7.93195370496e-12, 3.28521216307e-12, 1.07010429164e-12, 3.72128413154e-12, 1.17009856665e-11, 3.22336775327e-11, 3.92770321475e-12, 7.88743723112e-12, 2.30053927297e-11, 2.56628364392e-11, 2.47763684569e-11, 3.50583971576e-11, 5.16250445171e-11, 5.56255076722e-11, 7.10742367738e-11, 8.93735849217e-11, 1.43566741828e-10],
        "stdev": [3.73781949747e-06, 5.61004014799e-07, 1.44826145743e-07, 7.71518102738e-08, 0.0137702822685, 0.00258573330939, 0.000137845709105, 0.00108431198169, 1.50128680616e-05, 0.00059164990671, 9.11117967917e-06, 1.87917103176e-05, 0.000107266518171, 0.000200223759748, 0.000125024249428, 0.000142475415487, 3.34045471391e-05, 9.93353241938e-05, 6.88882428221e-05, 2.1853540602e-05, 4.02843907068e-05, 5.85014277021e-06, 2.26282099902e-06, 2.65865764959e-07, 1.82860645737e-07, 2.01838368241e-08, 4.5596464382e-09],
        "var": [1.39712946073e-11, 3.14725513446e-13, 2.09746143929e-14, 5.95240164057e-15, 0.00018962068134, 6.68601705911e-06, 1.90014404211e-08, 1.17573256375e-06, 2.25386195818e-10, 3.50049617737e-07, 8.30136029362e-11, 3.53128359887e-10, 1.15061054018e-08, 4.00895530106e-08, 1.56310626664e-08, 2.02992449516e-08, 1.11586384577e-09, 9.86750592347e-09, 4.74558969898e-09, 4.77577200009e-10, 1.62283209093e-09, 3.4224168638e-11, 5.12035899791e-12, 7.06846012928e-14, 3.34380147269e-14, 4.07387272246e-16, 2.07903740595e-17]
    },
    "erbbands": {
        "dmean": [2.50977373071e-05, 4.54477958556e-05, 0.000161808435223, 0.0013732429361, 0.0531742908061, 3.21344232559, 10.852107048, 0.729155063629, 0.310753256083, 1.70319652557, 3.61002874374, 0.177772179246, 1.45308017731, 1.06431794167, 0.0707738175988, 0.158610448241, 0.693870186806, 0.985373198986, 1.44041085243, 1.14103806019, 2.50765919685, 0.693136870861, 1.87092339993, 0.719892442226, 1.25779592991, 0.344874799252, 0.234563216567, 0.352787256241, 0.0621210709214, 0.0370529666543, 0.00726211909205, 0.00273445644416, 0.00140816485509, 0.00138469343074, 0.000247312797001, 6.23787636869e-05, 7.2071966315e-06, 2.71668295682e-06, 8.55875384786e-07, 1.88222782072e-06],
        "dmean2": [4.40380317741e-05, 7.72399653215e-05, 0.000249189557508, 0.00142057088669, 0.0576109327376, 3.32498121262, 9.83189201355, 0.688610315323, 0.521320521832, 2.73959779739, 5.06275177002, 0.247004315257, 1.81960439682, 1.25190973282, 0.105888083577, 0.26667663455, 0.963948369026, 1.66441988945, 2.21823406219, 1.6950417757, 4.06503295898, 1.21426558495, 3.10276436806, 1.19137895107, 2.11956095695, 0.554458856583, 0.387934684753, 0.577566623688, 0.100021839142, 0.0590594261885, 0.0103618111461, 0.00434513669461, 0.00224219122902, 0.00242292601615, 0.000412217865232, 0.000104245278635, 1.23410000015e-05, 4.75429760627e-06, 8.97213283224e-07, 1.83487566119e-06],
        "dvar": [7.43086758792e-10, 1.23497159166e-08, 2.84285128771e-08, 2.71159524345e-06, 0.00425364356488, 15.6187353134, 198.15536499, 1.13733267784, 3.51105546951, 17.3913230896, 40.092502594, 0.201465561986, 6.3214931488, 4.88824558258, 0.0775820538402, 0.988456785679, 1.27879405022, 15.5411872864, 9.3501367569, 6.48557138443, 15.8146753311, 6.06730699539, 30.2350711823, 5.59131860733, 3.42575979233, 0.188309237361, 0.11616024375, 0.243739128113, 0.00574677437544, 0.00220991345122, 0.000156096240971, 1.26476961668e-05, 2.75099068858e-06, 3.11619487547e-06, 1.41078103866e-07, 6.50701759142e-09, 1.62554095184e-10, 2.22239050079e-11, 1.10460284582e-12, 5.59975720307e-12],
        "dvar2": [1.98298133469e-09, 4.17181702517e-08, 7.56862306162e-08, 3.49829997504e-06, 0.00552581856027, 19.7763633728, 325.351409912, 2.29951310158, 7.88298273087, 48.8440322876, 93.2121276855, 0.611426174641, 17.3459644318, 13.6260271072, 0.246180012822, 2.90964078903, 2.7188975811, 53.1859321594, 29.9766101837, 20.3058605194, 44.9657707214, 21.0372142792, 105.96799469, 19.6453418732, 11.3452367783, 0.484138280153, 0.391986340284, 0.735101819038, 0.0172229614109, 0.0059788832441, 0.000413475878304, 3.87961044908e-05, 7.24556230125e-06, 9.29970519792e-06, 4.45175288633e-07, 1.76340826386e-08, 4.67393346248e-10, 7.45549039172e-11, 1.81547431168e-12, 8.70547644388e-12],
        "max": [0.000321381405229, 0.00133280525915, 0.00382960680872, 0.0487224087119, 1.82797193527, 114.609634399, 426.171142578, 27.0415534973, 24.8437519073, 49.3955192566, 89.0924377441, 6.11578798294, 44.7723350525, 33.8796730042, 3.14528870583, 11.7762918472, 20.9779472351, 41.545124054, 30.923078537, 36.6441612244, 47.2876663208, 24.1986122131, 48.6546936035, 23.2292518616, 16.5773334503, 6.04711961746, 4.38113164902, 7.94539022446, 0.940935015678, 0.681626081467, 0.218639239669, 0.0361416600645, 0.0240431595594, 0.0168792214245, 0.00427077058703, 0.000823495036457, 0.000171370935277, 4.95010317536e-05, 3.20052313327e-05, 7.17657821951e-05],
        "mean": [5.78800900257e-05, 0.000223672948778, 0.0016727441689, 0.0239562746137, 0.896485745907, 56.1115837097, 207.265472412, 13.1577367783, 1.05143904686, 10.8209514618, 34.0614700317, 1.81384825706, 20.0720920563, 15.4275856018, 0.580005407333, 0.475784510374, 7.53283309937, 6.25114202499, 14.4543151855, 6.93389034271, 12.4462242126, 2.33682775497, 6.27203512192, 3.17407107353, 7.12393474579, 2.22556900978, 1.48657989502, 2.17759823799, 0.392846763134, 0.167124539614, 0.0327930785716, 0.0114789586514, 0.00550007121637, 0.00460274191573, 0.000938604760449, 0.000229938537814, 3.67806787835e-05, 9.78316984401e-06, 1.59944593179e-05, 3.55433512595e-05],
        "median": [5.44317008462e-05, 0.000234746767092, 0.00178146094549, 0.026130206883, 0.978604912758, 60.8930778503, 228.244064331, 14.4409170151, 0.829474389553, 10.6851453781, 36.1738777161, 1.91192138195, 21.4395751953, 16.09141922, 0.579924345016, 0.390177309513, 7.26605319977, 6.13128376007, 14.0203123093, 3.75691485405, 10.0622501373, 2.01649022102, 4.93186092377, 2.99948692322, 7.02508497238, 2.08148360252, 1.43226850033, 1.3275604248, 0.385846823454, 0.143244490027, 0.0282533895224, 0.0106856366619, 0.00475377263501, 0.00460518850014, 0.000916943827178, 0.000207557794056, 3.68479013559e-05, 8.61499393068e-06, 1.7303169443e-05, 3.89144697692e-05],
        "min": [3.86991949597e-09, 1.00359773825e-08, 1.81308568159e-08, 1.21128032049e-08, 1.24096342091e-08, 2.23089262619e-08, 2.74377960352e-08, 1.84123027935e-08, 6.9472235964e-08, 4.93170837501e-08, 8.46597600912e-08, 1.08216333672e-07, 1.87688002029e-07, 3.64546110632e-07, 2.32779143516e-07, 9.48425693537e-08, 5.90237192455e-08, 1.63226658856e-07, 3.65296500604e-07, 1.14709064292e-06, 1.38254404192e-06, 2.82729729406e-07, 4.0479466179e-07, 9.19252329368e-07, 1.19810988508e-06, 1.34668675855e-06, 8.36711194552e-07, 1.30227647333e-06, 1.1569960634e-06, 9.70275323198e-07, 1.69712450315e-06, 1.17265221888e-06, 9.53476444465e-07, 8.42566123538e-07, 4.72450182087e-07, 2.79676044102e-07, 1.82811191962e-07, 7.17713817266e-08, 1.91118854076e-08, 2.37621988752e-09],
        "stdev": [3.22896921716e-05, 0.000128940635477, 0.000897595658898, 0.0140573391691, 0.53336763382, 33.377407074, 120.637840271, 7.49013376236, 2.38595914841, 7.67121362686, 20.1468238831, 1.05760729313, 11.9603643417, 9.07846355438, 0.38090083003, 0.911731898785, 4.72260093689, 4.34372758865, 8.62839698792, 8.64452648163, 9.78342056274, 2.34816980362, 5.89784479141, 2.45166754723, 4.41198205948, 1.37912666798, 0.99780601263, 2.00409507751, 0.244485616684, 0.126825675368, 0.0283491201699, 0.00776551710442, 0.00413225917146, 0.00302338576876, 0.000643149309326, 0.000158976836246, 2.35836232605e-05, 6.93321408107e-06, 9.02069314179e-06, 2.02141764021e-05],
        "var": [1.04262432021e-09, 1.66256874934e-08, 8.05677927929e-07, 0.000197608780582, 0.284481048584, 1114.0513916, 14553.4892578, 56.1021003723, 5.69280099869, 58.8475189209, 405.89453125, 1.11853325367, 143.050323486, 82.4184951782, 0.145085439086, 0.831255018711, 22.3029613495, 18.8679714203, 74.4492340088, 74.7278442383, 95.7153091431, 5.51390123367, 34.7845726013, 6.01067352295, 19.465587616, 1.90199041367, 0.995616853237, 4.0163974762, 0.0597732178867, 0.0160847529769, 0.000803672592156, 6.03032567597e-05, 1.70755647559e-05, 9.14086103876e-06, 4.13641032537e-07, 2.52736338524e-08, 5.56187262912e-10, 4.80694546667e-11, 8.13729084115e-11, 4.08612921277e-10]
    },
    "gfcc": {
        "mean": [-155.837280273, 118.148742676, -164.45350647, 8.66857433319, -79.8624572754, -52.2176017761, -51.4726600647, -32.7029762268, -24.1306533813, -13.341835022, -16.4037055969, -12.4093694687, 18.3243503571],
        "cov": [[27978.8847656, 1099.97668457, -8919.45800781, -560.662719727, -2367.03710938, -2946.88916016, -954.686645508, -1633.38867188, -315.036132812, -717.260253906, -453.106170654, -1336.30078125, 723.710693359], [1099.97668457, 371.712371826, -165.052932739, -132.968612671, -63.4525871277, -209.779937744, -72.2745666504, -176.276504517, -43.834651947, -71.7696533203, -15.9282836914, -17.8352355957, 112.702842712], [-8919.45800781, -165.052932739, 3081.83447266, 138.390365601, 746.104370117, 905.154907227, 304.095275879, 435.125732422, 65.4625167847, 217.086425781, 145.251419067, 443.040496826, -201.601928711], [-560.662719727, -132.968612671, 138.390365601, 84.1875686646, 36.3575744629, 100.768157959, 44.6514434814, 73.0432662964, 12.7580337524, 32.1409683228, 10.0644235611, 11.6508970261, -52.7527160645], [-2367.03710938, -63.4525871277, 746.104370117, 36.3575744629, 240.561035156, 257.052947998, 80.2244873047, 138.764266968, 27.4627685547, 48.3857383728, 33.5324249268, 122.651268005, -46.5732269287], [-2946.88916016, -209.779937744, 905.154907227, 100.768157959, 257.052947998, 390.76373291, 122.924530029, 212.408340454, 50.244758606, 93.5656356812, 49.1566848755, 135.158843994, -113.272880554], [-954.686645508, -72.2745666504, 304.095275879, 44.6514434814, 80.2244873047, 122.924530029, 99.2977218628, 58.9595565796, 2.39865922928, 39.2145729065, 12.3139724731, 40.3534622192, -46.4829864502], [-1633.38867188, -176.276504517, 435.125732422, 73.0432662964, 138.764266968, 212.408340454, 58.9595565796, 178.120925903, 38.4403076172, 67.3787918091, 37.7630271912, 76.1628799438, -85.9719924927], [-315.036132812, -43.834651947, 65.4625167847, 12.7580337524, 27.4627685547, 50.244758606, 2.39865922928, 38.4403076172, 28.1704502106, 15.3904523849, 4.73381662369, 12.8219366074, -18.9267959595], [-717.260253906, -71.7696533203, 217.086425781, 32.1409683228, 48.3857383728, 93.5656356812, 39.2145729065, 67.3787918091, 15.3904523849, 48.414390564, 15.4328994751, 30.9676513672, -43.1241378784], [-453.106170654, -15.9282836914, 145.251419067, 10.0644235611, 33.5324249268, 49.1566848755, 12.3139724731, 37.7630271912, 4.73381662369, 15.4328994751, 21.9112091064, 27.0092086792, -18.2104053497], [-1336.30078125, -17.8352355957, 443.040496826, 11.6508970261, 122.651268005, 135.158843994, 40.3534622192, 76.1628799438, 12.8219366074, 30.9676513672, 27.0092086792, 80.4946060181, -30.4901599884], [723.710693359, 112.702842712, -201.601928711, -52.7527160645, -46.5732269287, -113.272880554, -46.4829864502, -85.9719924927, -18.9267959595, -43.1241378784, -18.2104053497, -30.4901599884, 69.3384475708]],
        "icov": [[0.00235047913156, -0.00440652528778, 0.00545542314649, -0.00195942772552, 0.00525515666232, -0.00215821596794, 0.00149406783748, 0.00256642932072, 0.0044239894487, -0.000832722580526, 0.00327487289906, 0.00035325231147, 0.0028933538124], [-0.00440652528778, 0.0221541058272, -0.0113483434543, 0.0104699190706, -0.0184182077646, 0.0132379466668, -0.00105715647805, 0.00982979219407, -0.00959433335811, -0.000519566354342, -0.018595572561, -0.00369056547061, -0.00376148382202], [0.00545542314649, -0.0113483434543, 0.0158505551517, -0.00645160768181, 0.00892208423465, -0.00889257900417, 0.00458655133843, 0.00993680022657, 0.0137718776241, -0.0073894476518, 0.00629233662039, -0.00738911423832, 0.00711027299985], [-0.00195942772552, 0.0104699190706, -0.00645160768181, 0.0400984659791, -0.00490145012736, -0.00181726028677, -0.00574572989717, -0.00771112786606, 0.00321235484444, 0.00747241917998, -0.00644459342584, 0.0224602520466, 0.00921670999378], [0.00525515666232, -0.0184182077646, 0.00892208423465, -0.00490145012736, 0.0798571631312, -0.0284591410309, -0.0127035742626, -0.0342202521861, 0.0057536275126, 0.0244048628956, 0.0481826215982, -0.0399939008057, -0.0346830636263], [-0.00215821596794, 0.0132379466668, -0.00889257900417, -0.00181726028677, -0.0284591410309, 0.0368838608265, -0.00300254533067, 0.00714017404243, -0.0195257905871, -0.00268629030325, -0.0167496073991, 0.00741243408993, 0.0136103807017], [0.00149406783748, -0.00105715647805, 0.00458655133843, -0.00574572989717, -0.0127035742626, -0.00300254533067, 0.0298191625625, 0.0175333842635, 0.0192286260426, -0.0177124477923, 0.00176169280894, 0.00362691306509, 0.0196702592075], [0.00256642932072, 0.00982979219407, 0.00993680022657, -0.00771112786606, -0.0342202521861, 0.00714017404243, 0.0175333842635, 0.068409152329, -0.00198552524671, -0.0290531404316, -0.0377212166786, -0.00479087047279, 0.0348889939487], [0.0044239894487, -0.00959433335811, 0.0137718776241, 0.00321235484444, 0.0057536275126, -0.0195257905871, 0.0192286260426, -0.00198552524671, 0.0793106108904, -0.0151921706274, 0.020624211058, 0.00253843562678, 0.0130340922624], [-0.000832722580526, -0.000519566354342, -0.0073894476518, 0.00747241917998, 0.0244048628956, -0.00268629030325, -0.0177124477923, -0.0290531404316, -0.0151921706274, 0.0760386884212, 0.0078411726281, 0.0012404632289, 0.00359241547994], [0.00327487289906, -0.018595572561, 0.00629233662039, -0.00644459342584, 0.0481826215982, -0.0167496073991, 0.00176169280894, -0.0377212166786, 0.020624211058, 0.0078411726281, 0.130944788456, -0.0467595532537, -0.00681727472693], [0.00035325231147, -0.00369056547061, -0.00738911423832, 0.0224602520466, -0.0399939008057, 0.00741243408993, 0.00362691306509, -0.00479087047279, 0.00253843562678, 0.0012404632289, -0.0467595532537, 0.130904302001, 0.0263991672546], [0.0028933538124, -0.00376148382202, 0.00711027299985, 0.00921670999378, -0.0346830636263, 0.0136103807017, 0.0196702592075, 0.0348889939487, 0.0130340922624, 0.00359241547994, -0.00681727472693, 0.0263991672546, 0.0890156403184]]
    },
    "melbands": {
        "dmean": [2.68760970812e-07, 5.98590617074e-08, 2.9330964324e-08, 8.68979113875e-05, 0.000377524906071, 1.72079180629e-05, 3.8574271457e-06, 2.99605726468e-05, 2.33827831835e-05, 3.90938311057e-07, 8.19208435132e-06, 5.75896183364e-06, 1.53277753157e-07, 3.97363095317e-07, 4.43689884833e-07, 1.97086092157e-06, 2.25015605793e-06, 3.21116863233e-06, 1.10755354399e-06, 1.67927044004e-06, 3.05800563183e-06, 5.08940615873e-07, 1.44183218254e-06, 1.32765421768e-06, 5.33098159394e-07, 7.69318660332e-07, 5.92837068325e-07, 2.43742846351e-07, 1.55978497673e-07, 2.10504069287e-07, 1.78378471105e-07, 4.80543533854e-08, 1.37727838023e-08, 2.11484803003e-08, 4.34389058057e-09, 2.68443800522e-09, 1.92574822755e-09, 1.16313969567e-09, 1.2597842769e-09, 1.07857445197e-09],
        "dmean2": [4.64910954179e-07, 1.06962694701e-07, 4.96688414842e-08, 9.14065822144e-05, 0.000350045680534, 1.71934680111e-05, 6.72407486491e-06, 4.69576334581e-05, 3.27222696797e-05, 6.71240456995e-07, 9.94603124127e-06, 6.56335805616e-06, 2.69717361334e-07, 6.61125454826e-07, 6.73927729622e-07, 2.75469346889e-06, 3.95789811591e-06, 5.03331830259e-06, 1.58006844231e-06, 2.83758504338e-06, 4.92591379953e-06, 9.16098599646e-07, 2.35070615417e-06, 2.29926536122e-06, 8.5942701844e-07, 1.29208603994e-06, 9.98014343168e-07, 3.78485395913e-07, 2.50962955306e-07, 3.54380574663e-07, 2.90865898478e-07, 7.53246069962e-08, 2.32379768761e-08, 3.29069571592e-08, 6.05943872856e-09, 4.37264091602e-09, 2.98176550118e-09, 1.77310466309e-09, 2.22601692634e-09, 1.86176152273e-09],
        "dvar": [7.03339025476e-14, 1.03218825089e-14, 8.32927561694e-15, 1.13680584946e-08, 2.28303477456e-07, 9.22496634637e-10, 6.28145868653e-10, 4.29239666033e-09, 1.64321078966e-09, 4.60381949577e-12, 1.87534404672e-10, 1.15512890919e-10, 8.31948876109e-13, 4.33763355095e-12, 2.62911979514e-12, 9.6461467286e-12, 8.38252314783e-11, 4.81153311638e-11, 4.74117793636e-12, 2.29512190503e-11, 2.27676228565e-11, 4.12718210302e-12, 1.32866877223e-11, 2.52412587359e-11, 2.74987541418e-12, 1.58295306116e-12, 6.67941776108e-13, 8.97997225625e-14, 3.60581485189e-14, 1.00780102037e-13, 5.97421756705e-14, 3.02364567676e-15, 3.16460667638e-16, 7.85454234324e-16, 6.43305443049e-17, 1.98915960019e-17, 4.27550674834e-18, 1.5440190537e-18, 3.60329056533e-18, 1.71120352584e-18],
        "dvar2": [1.92381755058e-13, 3.34589872627e-14, 2.2964064393e-14, 1.41074485427e-08, 3.41675189475e-07, 2.12660555832e-09, 1.44157397131e-09, 1.16906306857e-08, 3.82028986223e-09, 1.54875244573e-11, 4.90889495719e-10, 2.99939600934e-10, 2.70008169469e-12, 1.26688520785e-11, 7.56201351537e-12, 1.74242790335e-11, 2.863180526e-10, 1.52319906688e-10, 1.21300079356e-11, 7.78056369333e-11, 6.16806050679e-11, 1.43401982997e-11, 4.48725639979e-11, 8.92902904392e-11, 9.41127818038e-12, 5.4747074929e-12, 2.01948657449e-12, 2.10290999566e-13, 1.14868699405e-13, 3.30495288255e-13, 1.78540260918e-13, 8.37866610809e-15, 8.90888925131e-16, 1.8576904253e-15, 1.47019402776e-16, 6.37551376184e-17, 1.06360736047e-17, 3.68775356409e-18, 1.06785360942e-17, 4.95461706816e-18],
        "max": [2.66541837846e-06, 1.12376062589e-06, 1.25959400066e-06, 0.00305674155243, 0.0146253062412, 0.000612658273894, 0.000322084815707, 0.000771387189161, 0.000578841369133, 2.04040297831e-05, 0.000261784123722, 0.000191969040316, 1.06370562207e-05, 2.44773600571e-05, 1.83660540642e-05, 6.76037234371e-05, 9.53822163865e-05, 7.15885180398e-05, 3.72031245206e-05, 5.24370043422e-05, 5.54053513042e-05, 1.93760224647e-05, 3.24048924085e-05, 4.55430235888e-05, 1.75905825017e-05, 1.10882574518e-05, 8.05474974186e-06, 4.30288855569e-06, 2.77054687103e-06, 3.76262710233e-06, 4.04446473112e-06, 6.20685170816e-07, 2.03535861942e-07, 4.90367540351e-07, 1.60468459853e-07, 4.47435759554e-08, 2.45208369165e-08, 1.9092547987e-08, 2.02399217386e-08, 1.49613033074e-08],
        "mean": [3.4913605873e-07, 9.08929536081e-08, 4.10394385142e-08, 0.00149735424202, 0.00713421450928, 0.000296125042951, 4.63385549665e-06, 0.000218725850573, 0.000221024383791, 4.02774958275e-07, 0.000117345000035, 8.70286094141e-05, 2.64224240709e-07, 1.03076456526e-06, 1.92994070858e-06, 2.29615143326e-05, 1.12063626148e-05, 3.16497498716e-05, 6.51665777696e-06, 7.44964745536e-06, 1.55386896949e-05, 9.35653417855e-07, 4.85277814732e-06, 4.51143841929e-06, 2.27997952607e-06, 4.24051177106e-06, 3.57130579687e-06, 1.32756110816e-06, 9.3945612889e-07, 1.24723487716e-06, 1.05969650122e-06, 2.52979987181e-07, 6.74353728414e-08, 8.4794713473e-08, 1.59659396815e-08, 1.03003916507e-08, 6.43571684833e-09, 4.25845492202e-09, 3.81030629271e-09, 3.57385943062e-09],
        "median": [2.54851528325e-07, 7.25964355297e-08, 2.51135290341e-08, 0.00163871468976, 0.00780723290518, 0.000325873406837, 2.32288257962e-07, 0.000220981062739, 0.000234497914789, 6.1482708702e-08, 0.000124911035527, 9.09724476514e-05, 1.56916826199e-07, 8.09451876194e-07, 1.83437464329e-06, 2.12921731872e-05, 9.91410433926e-06, 2.96560920106e-05, 2.95317749988e-06, 5.17881107953e-06, 1.27794146465e-05, 5.85736017911e-07, 3.90549621443e-06, 3.80949450118e-06, 2.13094040191e-06, 4.48720038548e-06, 3.40268957189e-06, 1.23029417409e-06, 8.83892141701e-07, 8.48633249007e-07, 6.70230861033e-07, 2.44362098556e-07, 5.79911869636e-08, 7.78984272642e-08, 1.13278275649e-08, 8.4063396244e-09, 5.70997160665e-09, 3.42745942739e-09, 3.62821173105e-09, 3.59144647355e-09],
        "min": [3.54310747408e-11, 1.02445170402e-11, 2.12809240716e-12, 1.24820227938e-12, 9.97229751033e-13, 4.68978642813e-13, 1.02546259245e-12, 5.23575215301e-13, 7.90058719401e-13, 6.83818941142e-13, 8.90930179024e-13, 1.41318792606e-12, 9.52619168444e-13, 4.47359082287e-13, 1.19433095683e-13, 1.04037058916e-13, 3.35290172362e-13, 4.55588800193e-13, 9.36710778388e-13, 2.61253453766e-12, 1.2681427089e-12, 2.45001745671e-13, 3.59590341444e-13, 3.04650510548e-13, 8.17803181945e-13, 7.02395661165e-13, 8.34676457725e-13, 1.01723837687e-12, 3.67802549485e-13, 7.69423262083e-13, 7.99050766959e-13, 7.64499900018e-13, 4.48321826711e-13, 5.83297461981e-13, 1.10870904471e-12, 7.31075193872e-13, 7.07934904275e-13, 7.77081578338e-13, 4.2143198653e-13, 8.30145305795e-13],
        "stdev": [3.24734514834e-07, 9.47924121419e-08, 9.61999120364e-08, 0.000893193704542, 0.00417071627453, 0.000167018952197, 3.17872909363e-05, 0.000143593308167, 0.000130772314151, 2.05680362342e-06, 6.98911899235e-05, 5.13820486958e-05, 7.74037744122e-07, 1.9207184323e-06, 2.01156353796e-06, 1.48384870045e-05, 9.09166737983e-06, 1.93218857021e-05, 8.94118693395e-06, 8.13384031062e-06, 1.2256626178e-05, 1.82161090834e-06, 4.61043418909e-06, 4.5642132136e-06, 1.78540835805e-06, 2.56042858382e-06, 2.19808134716e-06, 9.23907350625e-07, 6.4821244905e-07, 1.01686202925e-06, 9.79676315183e-07, 1.63012146004e-07, 5.25005994234e-08, 7.08914100755e-08, 1.92362428209e-08, 8.14056644316e-09, 4.96509322545e-09, 3.52830520356e-09, 2.85100965058e-09, 2.34418884304e-09],
