{
"lowlevel": {
    "average_loudness": 0.539558112621,
    "barkbands_crest": {
        "dmean": 4.28866100311,
        "dmean2": 7.38123273849,
        "dvar": 15.8598251343,
        "dvar2": 37.9774093628,
        "max": 26.8997974396,
        "mean": 21.421836853,
        "median": 23.5729255676,
        "min": 4.01343154907,
        "stdev": 5.54152917862,
        "var": 30.7085437775
    },
    "barkbands_flatness_db": {
        "dmean": 0.0822627916932,
        "dmean2": 0.135708928108,
        "dvar": 0.00371524458751,
        "dvar2": 0.00940630678087,
        "max": 0.560852169991,
        "mean": 0.305236518383,
        "median": 0.318004339933,
        "min": 0.0809542685747,
        "stdev": 0.0994577035308,
        "var": 0.00989183504134
    },
    "barkbands_kurtosis": {
        "dmean": 336.435699463,
        "dmean2": 561.243469238,
        "dvar": 190470.265625,
        "dvar2": 492049.71875,
        "max": 3718.95776367,
        "mean": 359.648376465,
        "median": 174.448913574,
        "min": -1.86702954769,
        "stdev": 500.173034668,
        "var": 250173.078125
    },
    "barkbands_skewness": {
        "dmean": 7.75777578354,
        "dmean2": 12.7193164825,
        "dvar": 43.61926651,
        "dvar2": 110.659484863,
        "max": 48.5191650391,
        "mean": 13.963932991,
        "median": 12.446187973,
        "min": -2.6289896965,
        "stdev": 10.467259407,
        "var": 109.563514709
    },
    "barkbands_spread": {
        "dmean": 10.7169485092,
        "dmean2": 18.9234104156,
        "dvar": 372.546447754,
        "dvar2": 1020.2590332,
        "max": 134.433380127,
        "mean": 12.8059539795,
        "median": 2.2164812088,
        "min": 0.0709559693933,
        "stdev": 24.6645908356,
        "var": 608.342041016
    },
    "dissonance": {
        "dmean": 0.00669912295416,
        "dmean2": 0.0110661564395,
        "dvar": 7.83244031481e-05,
        "dvar2": 0.000134823960252,
        "max": 0.499946653843,
        "mean": 0.488303154707,
        "median": 0.489513248205,
        "min": 0.34801274538,
        "stdev": 0.010491088964,
        "var": 0.000110062945168
    },
    "dynamic_complexity": 13.0096693039,
    "erbbands_crest": {
        "dmean": 1.80210530758,
        "dmean2": 2.98618578911,
        "dvar": 4.22998142242,
        "dvar2": 10.302573204,
        "max": 26.1442661285,
        "mean": 5.07984209061,
        "median": 3.673361063,
        "min": 1.95588159561,
        "stdev": 3.69033145905,
        "var": 13.6185455322
    },
    "erbbands_flatness_db": {
        "dmean": 0.0128232426941,
        "dmean2": 0.0188511814922,
        "dvar": 0.000424049940193,
        "dvar2": 0.000792741542682,
        "max": 0.301438450813,
        "mean": 0.0737922415137,
        "median": 0.0507259294391,
        "min": 0.0335467681289,
        "stdev": 0.0550062693655,
        "var": 0.00302568962798
    },
    "erbbands_kurtosis": {
        "dmean": 0.977148413658,
        "dmean2": 1.63088023663,
        "dvar": 6.68459129333,
        "dvar2": 17.6216907501,
        "max": 36.4129676819,
        "mean": 0.0708590522408,
        "median": -1.04248321056,
        "min": -1.58908760548,
        "stdev": 3.20372629166,
        "var": 10.2638616562
    },
    "erbbands_skewness": {
        "dmean": 0.322109490633,
        "dmean2": 0.514810621738,
        "dvar": 0.112489588559,
        "dvar2": 0.255151212215,
        "max": 0.93553596735,
        "mean": -0.350253760815,
        "median": -0.227511122823,
        "min": -3.98918056488,
        "stdev": 0.571902513504,
        "var": 0.32707247138
    },
    "erbbands_spread": {
        "dmean": 14.3930749893,
        "dmean2": 23.4126491547,
        "dvar": 185.960403442,
        "dvar2": 460.61239624,
        "max": 140.634094238,
        "mean": 86.5086975098,
        "median": 97.3407821655,
        "min": 4.72696876526,
        "stdev": 35.8745689392,
        "var": 1286.98474121
    },
    "hfc": {
        "dmean": 54.5940666199,
        "dmean2": 96.7089233398,
        "dvar": 228347.453125,
        "dvar2": 648601,
        "max": 7638.61035156,
        "mean": 48.3173027039,
        "median": 0.357289075851,
        "min": 0.00529110524803,
        "stdev": 391.148925781,
        "var": 152997.484375
    },
    "loudness_ebu128": {
        "integrated": -37.9629173279,
        "loudness_range": 23.7346687317,
        "momentary": {
            "dmean": 1.5166503191,
            "dmean2": 2.11473584175,
            "dvar": 16.056760788,
            "dvar2": 25.8416042328,
            "max": -31.8218212128,
            "mean": -57.2757377625,
            "median": -61.7726364136,
            "min": -65.3923339844,
            "stdev": 9.65386199951,
            "var": 93.1970596313
        },
        "short_term": {
            "dmean": 0.642053127289,
            "dmean2": 0.743479132652,
            "dvar": 3.15138244629,
            "dvar2": 3.34095454216,
            "max": -38.7209625244,
            "mean": -52.4231491089,
            "median": -49.9391136169,
            "min": -63.3284835815,
            "stdev": 7.87209415436,
            "var": 61.9698638916
        }
    },
    "melbands_crest": {
        "dmean": 4.5838432312,
        "dmean2": 7.863032341,
        "dvar": 30.3608913422,
        "dvar2": 75.6779251099,
        "max": 39.8498649597,
        "mean": 33.9370994568,
        "median": 37.0804290771,
        "min": 3.01074409485,
        "stdev": 7.69859743118,
        "var": 59.2684059143
    },
    "melbands_flatness_db": {
        "dmean": 0.0659249871969,
        "dmean2": 0.107259705663,
        "dvar": 0.00258372747339,
        "dvar2": 0.00634301872924,
        "max": 0.565604805946,
        "mean": 0.330719769001,
        "median": 0.350162118673,
        "min": 0.0262479390949,
        "stdev": 0.101195938885,
        "var": 0.0102406181395
    },
    "melbands_kurtosis": {
        "dmean": 442.726654053,
        "dmean2": 741.107971191,
        "dvar": 445230.71875,
        "dvar2": 1173330.5,
        "max": 7533.87060547,
        "mean": 554.4375,
        "median": 349.705047607,
        "min": -1.81463837624,
        "stdev": 735.296386719,
        "var": 540660.75
    },
    "melbands_skewness": {
        "dmean": 7.81307554245,
        "dmean2": 12.6833372116,
        "dvar": 50.4459991455,
        "dvar2": 130.513748169,
        "max": 78.1712341309,
        "mean": 17.4039669037,
        "median": 16.663690567,
        "min": -1.94593667984,
        "stdev": 11.5911064148,
        "var": 134.353744507
    },
    "melbands_spread": {
        "dmean": 12.4096851349,
        "dmean2": 21.4800434113,
        "dvar": 885.091064453,
        "dvar2": 2369.89379883,
        "max": 206.825714111,
        "mean": 17.531255722,
        "median": 1.83518123627,
        "min": 0.0811100229621,
        "stdev": 41.09998703,
        "var": 1689.20898438
    },
    "pitch_salience": {
        "dmean": 0.110040850937,
        "dmean2": 0.189150780439,
        "dvar": 0.0131451999769,
        "dvar2": 0.0297164954245,
        "max": 0.826386749744,
        "mean": 0.173523172736,
        "median": 0.112891443074,
        "min": 0.0123851979151,
        "stdev": 0.166434437037,
        "var": 0.0277004241943
    },
    "silence_rate_20dB": {
        "dmean": 0.00840336177498,
        "dmean2": 0.0168421044946,
        "dvar": 0.00833270419389,
        "dvar2": 0.0165585055947,
        "max": 1,
        "mean": 0.991614282131,
        "median": 1,
        "min": 0,
        "stdev": 0.0911890119314,
        "var": 0.00831543654203
    },
    "silence_rate_30dB": {
        "dmean": 0.01680672355,
        "dmean2": 0.0336842089891,
        "dvar": 0.0165241155773,
        "dvar2": 0.0367602929473,
        "max": 1,
        "mean": 0.974842786789,
        "median": 1,
        "min": 0,
        "stdev": 0.156603395939,
        "var": 0.0245246253908
    },
    "silence_rate_60dB": {
        "dmean": 0.163865551353,
        "dmean2": 0.326315790415,
        "dvar": 0.13701339066,
        "dvar2": 0.304044693708,
        "max": 1,
        "mean": 0.199161425233,
        "median": 0,
        "min": 0,
        "stdev": 0.399369597435,
        "var": 0.159496068954
    },
    "spectral_centroid": {
        "dmean": 388.602539062,
        "dmean2": 649.244995117,
        "dvar": 150599.03125,
        "dvar2": 376591.03125,
        "max": 5890.1953125,
        "mean": 2032.96362305,
        "median": 1692.19311523,
        "min": 712.475463867,
        "stdev": 937.608337402,
        "var": 879109.4375
    },
    "spectral_complexity": {
        "dmean": 1.69957983494,
        "dmean2": 2.51789474487,
        "dvar": 17.8025817871,
        "dvar2": 25.6475467682,
        "max": 59,
        "mean": 3.58909845352,
        "median": 1,
        "min": 0,
        "stdev": 9.68881988525,
        "var": 93.8732299805
    },
    "spectral_decrease": {
        "dmean": 5.34428545862e-09,
        "dmean2": 8.93491325371e-09,
        "dvar": 9.58051371894e-17,
        "dvar2": 2.42228976542e-16,
        "max": -2.90557400189e-12,
        "mean": -5.61743851435e-09,
        "median": -2.39129760438e-09,
        "min": -1.14792264583e-07,
        "stdev": 1.03888488923e-08,
        "var": 1.0792818375e-16
    },
    "spectral_energy": {
        "dmean": 0.0246956646442,
        "dmean2": 0.041631616652,
        "dvar": 0.00546022318304,
        "dvar2": 0.0149004934356,
        "max": 1.12609624863,
        "mean": 0.0255839992315,
        "median": 0.00917806662619,
        "min": 1.14462236525e-05,
        "stdev": 0.0680192783475,
        "var": 0.00462662195787
    },
    "spectral_energyband_high": {
        "dmean": 0.00640012696385,
        "dmean2": 0.0111679825932,
        "dvar": 0.00300117419101,
        "dvar2": 0.0084261354059,
        "max": 0.874912023544,
        "mean": 0.00551793305203,
        "median": 1.4813767848e-05,
        "min": 4.49573064998e-07,
        "stdev": 0.045441467315,
        "var": 0.00206492701545
    },
    "spectral_energyband_low": {
        "dmean": 0.00527311395854,
        "dmean2": 0.00867990404367,
        "dvar": 5.54213074793e-05,
        "dvar2": 0.000139661409776,
        "max": 0.0842184573412,
        "mean": 0.00626010028645,
        "median": 0.0036774398759,
        "min": 6.93927086104e-06,
        "stdev": 0.00815932825208,
        "var": 6.657463382e-05
    },
    "spectral_energyband_middle_high": {
        "dmean": 0.00241902493872,
        "dmean2": 0.00372450100258,
        "dvar": 0.000261900422629,
        "dvar2": 0.000598599028308,
        "max": 0.242234587669,
        "mean": 0.0029264355544,
        "median": 1.25758733702e-05,
        "min": 4.46796690312e-07,
        "stdev": 0.0185510274023,
        "var": 0.00034414062975
    },
    "spectral_energyband_middle_low": {
        "dmean": 0.000384395185392,
        "dmean2": 0.00073087104829,
        "dvar": 1.2999046703e-05,
        "dvar2": 3.78450422431e-05,
        "max": 0.0446029305458,
        "mean": 0.000299376551993,
        "median": 3.41002596542e-05,
        "min": 1.85053397672e-06,
        "stdev": 0.00285386759788,
        "var": 8.14456052467e-06
    },
    "spectral_entropy": {
        "dmean": 0.115474626422,
        "dmean2": 0.18368512392,
        "dvar": 0.0119487307966,
        "dvar2": 0.0282079055905,
        "max": 8.82866764069,
        "mean": 8.28584575653,
        "median": 8.32415390015,
        "min": 7.39907073975,
        "stdev": 0.210337370634,
        "var": 0.0442418083549
    },
    "spectral_flux": {
        "dmean": 0.0518347360194,
        "dmean2": 0.0874603763223,
        "dvar": 0.00366434804164,
        "dvar2": 0.00786658748984,
        "max": 0.918904304504,
        "mean": 0.0892132744193,
        "median": 0.0676246210933,
        "min": 0.0100620379671,
        "stdev": 0.0869879573584,
        "var": 0.00756690464914
    },
    "spectral_kurtosis": {
        "dmean": 0.562961041927,
        "dmean2": 0.854251205921,
        "dvar": 0.952510416508,
        "dvar2": 2.04297113419,
        "max": 14.6217575073,
        "mean": 1.82249200344,
        "median": 1.23464250565,
        "min": -0.149742841721,
        "stdev": 1.69308006763,
        "var": 2.86651992798
    },
    "spectral_rms": {
        "dmean": 0.00210383767262,
        "dmean2": 0.00342890922911,
        "dvar": 5.20947742189e-06,
        "dvar2": 1.2706459529e-05,
        "max": 0.0331455953419,
        "mean": 0.00385161116719,
        "median": 0.00299235875718,
        "min": 0.000105674254883,
        "stdev": 0.00318199559115,
        "var": 1.01250961961e-05
    },
    "spectral_rolloff": {
        "dmean": 657.937805176,
        "dmean2": 1212.66162109,
        "dvar": 4436605,
        "dvar2": 11304646,
        "max": 14944.0429688,
        "mean": 889.539672852,
        "median": 21.533203125,
        "min": 21.533203125,
        "stdev": 2600.89697266,
        "var": 6764665
    },
    "spectral_skewness": {
        "dmean": 0.10361071676,
        "dmean2": 0.16196641326,
        "dvar": 0.0210738386959,
        "dvar2": 0.0459772050381,
        "max": 2.72032189369,
        "mean": 1.19633221626,
        "median": 1.12795817852,
        "min": 0.657005906105,
        "stdev": 0.251287609339,
        "var": 0.0631454661489
    },
    "spectral_spread": {
        "dmean": 640938.125,
        "dmean2": 965486.9375,
        "dvar": 555245568000,
        "dvar2": 1.1782258688e+12,
        "max": 13482910,
        "mean": 8049384.5,
        "median": 8565696,
        "min": 2458078.75,
        "stdev": 1733258,
        "var": 3.0041833472e+12
    },
    "spectral_strongpeak": {
        "dmean": 0.500652432442,
        "dmean2": 0.86441808939,
        "dvar": 10.7303361893,
        "dvar2": 23.7216320038,
        "max": 46.6937446594,
        "mean": 0.435679703951,
        "median": 0,
        "min": 0,
        "stdev": 3.47928833961,
        "var": 12.1054468155
    },
    "zerocrossingrate": {
        "dmean": 0.0190993882716,
        "dmean2": 0.0256208889186,
        "dvar": 0.000696037954185,
        "dvar2": 0.000950760149863,
        "max": 0.3798828125,
        "mean": 0.0396285802126,
        "median": 0.015625,
        "min": 0,
        "stdev": 0.0611931309104,
        "var": 0.0037445994094
    },
    "barkbands": {
        "dmean": [0.0166511815041, 0.000775923021138, 4.43421340606e-05, 2.30821569858e-05, 1.25968790599e-05, 2.11070073419e-05, 4.0839673602e-05, 6.62231541355e-05, 0.000202834606171, 0.000145363650518, 2.74042558885e-05, 3.5712007957e-05, 4.22947887273e-05, 6.53733004583e-05, 5.69825715502e-05, 0.000123324789456, 0.000317742989864, 0.000330099166604, 0.000545377610251, 0.00226874859072, 0.000925188825931, 0.000850276555866, 0.000847713439725, 0.000369234359823, 0.00131605530623, 0.000779844704084, 8.21009889478e-05],
        "dmean2": [0.0280655473471, 0.00136353529524, 7.9440047557e-05, 4.19603820774e-05, 2.36253363255e-05, 4.05578393838e-05, 7.22096519894e-05, 0.000129764011945, 0.000379977194825, 0.000272813340416, 4.97677028761e-05, 6.35957767372e-05, 7.06820210326e-05, 0.000122607496451, 9.16585559025e-05, 0.000198764551897, 0.00051126856124, 0.000444013858214, 0.000844973314088, 0.00368434586562, 0.00155617925338, 0.00148433272261, 0.00147714768536, 0.000635497330222, 0.00239560287446, 0.00134708650876, 0.000159139963216],
        "dvar": [0.000631755508948, 7.57745112878e-07, 2.15063344911e-09, 3.98421073911e-09, 1.15385594412e-08, 2.83718097904e-08, 1.5659328767e-07, 2.99890075439e-07, 4.16965531258e-06, 2.54331757787e-06, 4.8737600622e-08, 1.42073233178e-07, 1.1701891367e-07, 2.70660706292e-07, 8.85733868472e-08, 4.90465197345e-07, 3.25920768773e-06, 3.28089208779e-06, 1.14064478112e-05, 0.000239226152189, 7.76411106926e-05, 5.37749256182e-05, 8.06847310741e-05, 1.06350134956e-05, 0.000170018727658, 3.60716803698e-05, 1.20638924272e-06],
        "dvar2": [0.00155090948101, 2.14491456063e-06, 6.04181682462e-09, 1.19564020906e-08, 3.43903430178e-08, 8.45443892672e-08, 4.33699682389e-07, 9.10976098112e-07, 1.19827054732e-05, 7.34381319489e-06, 1.2368876412e-07, 4.19339500013e-07, 3.01064488895e-07, 8.57521001763e-07, 2.45070083338e-07, 1.19163712498e-06, 8.05533545645e-06, 6.28972429695e-06, 2.53874768532e-05, 0.000583612767514, 0.000211853228393, 0.00015081645688, 0.00022677751258, 3.00191459246e-05, 0.000498605251778, 0.000104249920696, 3.57742032975e-06],
        "max": [0.298391640186, 0.00702228490263, 0.00043753508362, 0.000939888705034, 0.00168031058274, 0.00232551200315, 0.00642302958295, 0.00657331012189, 0.0283873304725, 0.0253503490239, 0.00302505656146, 0.00584291387349, 0.00626342510805, 0.00800625514239, 0.00422817701474, 0.0109363943338, 0.0218533668667, 0.0344775654376, 0.0589457042515, 0.238641083241, 0.149364069104, 0.118259765208, 0.152957633138, 0.0524039044976, 0.202659189701, 0.0906711444259, 0.0172583758831],
        "mean": [0.0162211302668, 0.000888121896423, 5.35526014573e-05, 2.21628852159e-05, 1.10183209472e-05, 1.69540962816e-05, 3.10723044095e-05, 4.91063328809e-05, 0.000136594346259, 9.03992477106e-05, 3.15953475365e-05, 3.44980835507e-05, 4.87711477035e-05, 6.117556768e-05, 6.90960514476e-05, 0.000167391641298, 0.000386660773074, 0.000413146917708, 0.000602767977398, 0.00220740097575, 0.00077256426448, 0.000728742568754, 0.000672020425554, 0.000328268652083, 0.000882651947904, 0.000604875560384, 4.40838157374e-05],
        "median": [0.00702916271985, 0.000594894285314, 4.30032268923e-05, 1.34395686473e-05, 5.55572933081e-06, 6.41786846245e-06, 1.58318493959e-06, 8.99928750187e-07, 1.33034041028e-06, 8.61537955643e-07, 6.7617759214e-07, 1.22789128909e-06, 1.05912033632e-06, 9.76712726697e-07, 1.17650938591e-06, 1.41878092563e-06, 1.33779712996e-06, 1.11233953248e-06, 1.11845122319e-06, 1.56056523792e-06, 1.5891549765e-06, 1.7408125359e-06, 2.06392132895e-06, 2.50998414231e-06, 3.5932935134e-06, 2.01811485567e-06, 1.88214670516e-07],
        "min": [3.91194134863e-06, 3.83873566534e-06, 8.38287235183e-07, 1.64510396417e-07, 4.22556013291e-07, 1.13054426265e-07, 1.17584590953e-07, 1.01802427821e-07, 1.18270101268e-07, 7.82114213393e-08, 6.19320275064e-08, 4.32838831443e-08, 3.56093465825e-08, 6.37027781636e-08, 2.44123050663e-08, 2.81319856299e-08, 2.47441214185e-08, 5.85357788907e-08, 1.5246552465e-08, 6.03029164381e-08, 1.02493615373e-07, 8.94565488352e-08, 7.51888080686e-08, 5.33174855377e-08, 2.18359161863e-08, 6.33492192037e-08, 1.35498376963e-08],
        "stdev": [0.0272781960666, 0.000919587735552, 4.64802178612e-05, 4.75138440379e-05, 7.6798023656e-05, 0.000123059653561, 0.000334404467139, 0.000455024186522, 0.00159617210738, 0.00122140313033, 0.000243308400968, 0.000310963456286, 0.000368999666534, 0.000461330957478, 0.00035281284363, 0.000901508727111, 0.00220136204734, 0.00233320053667, 0.00404540682212, 0.0162095911801, 0.0074560130015, 0.00619563180953, 0.00727391056716, 0.00273110717535, 0.00967853423208, 0.0046988511458, 0.000791048456449],
        "var": [0.000744100019801, 8.45641579872e-07, 2.16041073919e-09, 2.2575654679e-09, 5.89793636152e-09, 1.51436783113e-08, 1.11826338411e-07, 2.07047023082e-07, 2.54776523434e-06, 1.49182562836e-06, 5.91989746113e-08, 9.66982725004e-08, 1.36160764441e-07, 2.12826265056e-07, 1.24476898122e-07, 8.12717985355e-07, 4.84599513584e-06, 5.44382464795e-06, 1.63653148775e-05, 0.000262750836555, 5.55921324121e-05, 3.83858532587e-05, 5.29097778781e-05, 7.45894658394e-06, 9.36740179895e-05, 2.20792007894e-05, 6.25757650141e-07]
    },
    "erbbands": {
        "dmean": [0.0862650051713, 0.0405316948891, 0.0464846938848, 0.0693936273456, 0.0401714406908, 0.044660653919, 0.102189533412, 0.228455632925, 0.651444554329, 0.462668269873, 2.74661850929, 4.2833147049, 5.05073642731, 2.42793369293, 0.895492374897, 1.783608675, 1.95703673363, 2.46089076996, 3.07123494148, 4.94606399536, 8.49470710754, 19.5508995056, 15.305024147, 24.1916847229, 37.7292709351, 119.247001648, 53.4331588745, 29.1863002777, 31.8550453186, 40.2558937073, 17.7831478119, 10.1168756485, 6.08692598343, 14.0787849426, 9.90149688721, 3.22115325928, 1.24999535084, 0.290449380875, 0.0130148921162, 0.00148944219109],
        "dmean2": [0.146707892418, 0.0717000886798, 0.0820980668068, 0.127165213227, 0.0726091191173, 0.0837164968252, 0.198511227965, 0.436482787132, 1.18901801109, 0.798908352852, 5.29597091675, 7.77743721008, 9.57860088348, 4.32572793961, 1.45349955559, 3.24762034416, 3.44098162651, 4.44614744186, 5.44167232513, 8.19282245636, 13.450958252, 30.8494052887, 22.1443004608, 38.4210968018, 62.0799560547, 171.451919556, 92.824432373, 51.2965736389, 52.5262718201, 73.3841247559, 29.4459152222, 17.5074710846, 10.9081792831, 25.8673019409, 18.0046043396, 5.46909761429, 2.20544958115, 0.531119287014, 0.0245288535953, 0.00288325035945],
        "dvar": [0.0112216295674, 0.00210553407669, 0.00269427802414, 0.0193836595863, 0.0252983104438, 0.13605299592, 1.33411669731, 3.20468664169, 43.7787361145, 14.6958370209, 598.673217773, 1782.20178223, 3051.8034668, 614.716796875, 42.4546012878, 345.313049316, 261.641845703, 372.864501953, 323.769775391, 833.942138672, 2332.91015625, 12346.4179688, 6609.84619141, 31992.1503906, 61136.2265625, 665101.8125, 163951.53125, 95887.4765625, 89147.359375, 156024.984375, 29211.5585938, 7319.73632812, 3857.62451172, 18952.7285156, 10030.9824219, 761.964660645, 68.0172805786, 5.49489545822, 0.0230302829295, 0.00040262719267],
        "dvar2": [0.029746402055, 0.00558067252859, 0.00754321971908, 0.0570511333644, 0.0752298086882, 0.405133515596, 3.99970912933, 9.53918266296, 123.787910461, 40.3296661377, 1771.58837891, 5040.33789062, 8892.74804688, 1661.95935059, 111.365829468, 1017.77874756, 718.349121094, 1071.41040039, 976.009094238, 2446.89331055, 5502.58349609, 29823.4863281, 12527.9765625, 73388.4453125, 144792.828125, 1482389.875, 428298.375, 274393.375, 247508.71875, 450048.09375, 80622.078125, 20790.0644531, 10964.859375, 55500.078125, 29452.1113281, 2198.19067383, 193.676177979, 16.0576896667, 0.0682578459382, 0.00119742972311],
        "max": [0.938063621521, 0.373331099749, 0.53761690855, 2.06820821762, 2.45819783211, 5.77581596375, 17.9694728851, 21.1353416443, 108.423034668, 50.247177124, 331.088989258, 600.012756348, 866.121276855, 417.012695312, 94.4342041016, 288.638671875, 285.194580078, 327.326629639, 271.493011475, 365.543731689, 761.912902832, 1307.95336914, 1365.16052246, 3284.63500977, 3393.60424805, 14211.5283203, 6031.06005859, 5192.75292969, 4871.62451172, 6459.76074219, 2963.97094727, 1325.94677734, 1024.16137695, 2147.05712891, 1555.18249512, 416.859100342, 116.233970642, 34.58543396, 2.38028073311, 0.314472675323],
        "mean": [0.103856757283, 0.0587833598256, 0.0590848103166, 0.0793204829097, 0.0428211838007, 0.0378288254142, 0.06934966892, 0.182493463159, 0.48178678751, 0.389372646809, 1.96050775051, 2.97618365288, 3.09022402763, 1.87748491764, 1.05054938793, 1.72544932365, 2.25247144699, 2.75618338585, 3.27770042419, 5.74549388885, 11.7030687332, 23.2599105835, 20.983549118, 28.3543567657, 43.152961731, 115.275794983, 50.8238296509, 23.441986084, 26.1311397552, 31.028339386, 14.5410013199, 8.83674716949, 4.95657300949, 8.95777702332, 6.6693816185, 2.47444963455, 1.00450110435, 0.216941133142, 0.00803695991635, 0.000840720837004],
        "median": [0.0753080993891, 0.0422836504877, 0.0477437376976, 0.0574259385467, 0.0276917330921, 0.0178076308221, 0.0193039141595, 0.0635414943099, 0.0399865433574, 0.0212808400393, 0.0222143586725, 0.0294920448214, 0.0295140538365, 0.0273606907576, 0.035307187587, 0.0517434291542, 0.048472803086, 0.0490893721581, 0.0579626038671, 0.0684777796268, 0.076247304678, 0.0769641399384, 0.0656795427203, 0.0528189986944, 0.0648163333535, 0.0740731060505, 0.0685082376003, 0.0627439394593, 0.0610937438905, 0.0644817650318, 0.0580038167536, 0.0519725680351, 0.0437316223979, 0.0366486907005, 0.0287382304668, 0.0164701007307, 0.00136323506013, 0.000164028984727, 3.80214769393e-05, 1.48125282067e-05],
        "min": [0.000171113264514, 0.000656317628454, 0.0011894806521, 0.00129176618066, 0.00111378158908, 0.0015160656767, 0.00153473846149, 0.00114106317051, 0.00245269527659, 0.00242861011066, 0.00289514753968, 0.00251453602687, 0.00303206872195, 0.00236859708093, 0.00228318199515, 0.00159492029343, 0.00150473939721, 0.0028777953703, 0.00217180233449, 0.00123200891539, 0.00168509688228, 0.00140084151644, 0.00323934596963, 0.00127271434758, 0.00129377120174, 0.003231220413, 0.00356522086076, 0.00391732528806, 0.00325469812378, 0.00275971088558, 0.0017957953969, 0.00105086970143, 0.000930382637307, 0.000283344706986, 0.000152571243234, 0.000139302836033, 0.000164798490005, 2.92692493531e-05, 1.95365373656e-06, 1.62131456705e-07],
        "stdev": [0.114934355021, 0.0528583675623, 0.0503426007926, 0.111675567925, 0.116117589176, 0.264178991318, 0.822110533714, 1.32847630978, 5.40178203583, 3.45993161201, 19.7794189453, 33.7401847839, 41.8907661438, 21.1226234436, 7.58056259155, 15.4504413605, 16.8051548004, 19.8958759308, 18.7193450928, 31.2715339661, 63.706325531, 133.976074219, 111.400634766, 207.47076416, 276.987060547, 885.614624023, 380.105621338, 248.161331177, 249.732879639, 309.845245361, 144.34072876, 72.2376174927, 49.2860069275, 102.088356018, 74.2108154297, 21.5281505585, 6.74661207199, 1.77767407894, 0.109991408885, 0.0144109129906],
        "var": [0.0132099064067, 0.00279400707223, 0.00253437738866, 0.0124714327976, 0.0134832942858, 0.0697905421257, 0.675865709782, 1.76484918594, 29.1792469025, 11.9711265564, 391.225402832, 1138.40014648, 1754.83630371, 446.165252686, 57.464931488, 238.716125488, 282.413208008, 395.84588623, 350.413879395, 977.908813477, 4058.49609375, 17949.5878906, 12410.1005859, 43044.1171875, 76721.828125, 784313.25, 144480.28125, 61584.046875, 62366.5078125, 96004.0703125, 20834.2480469, 5218.27294922, 2429.1105957, 10422.0322266, 5507.24560547, 463.461242676, 45.5167732239, 3.16012525558, 0.0120981102809, 0.000207674413105]
    },
    "gfcc": {
        "mean": [-173.482116699, 19.3715457916, -59.2006378174, 54.7613868713, -29.2297821045, 31.7471790314, -24.7688541412, 23.0005111694, -14.6384963989, 17.2178783417, -8.72186374664, 9.42223167419, -5.37758922577],
        "cov": [[6570.60253906, -3088.12011719, -1759.15307617, 105.15422821, 138.651885986, -209.81817627, 331.758728027, 433.515899658, -27.0028381348, 287.622131348, -266.637359619, 187.206939697, -274.224945068], [-3088.12011719, 1770.93322754, 878.018615723, -151.585525513, -161.481399536, 79.4904556274, -163.031311035, -230.431625366, 53.7583694458, -150.698806763, 163.916824341, -102.420463562, 163.286911011], [-1759.15307617, 878.018615723, 671.240966797, -71.0728530884, -26.8119659424, 67.7984848022, -111.60243988, -130.572006226, 8.75836753845, -77.9032745361, 70.3605422974, -41.0960960388, 73.4699020386], [105.15422821, -151.585525513, -71.0728530884, 193.94670105, 86.9525375366, -10.1429252625, 16.955488205, 5.32081651688, -32.661945343, -7.73651266098, -20.3183288574, -13.7516136169, -3.16930603981], [138.651885986, -161.481399536, -26.8119659424, 86.9525375366, 147.48374939, 26.7684230804, 37.7037887573, 14.409869194, -12.6154489517, 2.75527262688, -20.2175369263, 13.8449440002, -16.130645752], [-209.81817627, 79.4904556274, 67.7984848022, -10.1429252625, 26.7684230804, 82.6780395508, 10.2988052368, -7.50992393494, 9.67251777649, -12.802315712, 11.8554267883, -9.92239189148, 11.6367769241], [331.758728027, -163.031311035, -111.60243988, 16.955488205, 37.7037887573, 10.2988052368, 81.4571838379, 37.1658210754, 16.1545600891, 16.9716129303, -3.71114516258, 8.56852817535, -7.24241495132], [433.515899658, -230.431625366, -130.572006226, 5.32081651688, 14.409869194, -7.50992393494, 37.1658210754, 70.8101196289, 14.8317651749, 29.3110656738, -13.2075634003, 15.4702939987, -18.609708786], [-27.0028381348, 53.7583694458, 8.75836753845, -32.661945343, -12.6154489517, 9.67251777649, 16.1545600891, 14.8317651749, 54.0791740417, 14.4172372818, 25.1688156128, 0.599083483219, 18.1387901306], [287.622131348, -150.698806763, -77.9032745361, -7.73651266098, 2.75527262688, -12.802315712, 16.9716129303, 29.3110656738, 14.4172372818, 51.9459533691, 1.74571347237, 22.0299663544, -13.3904247284], [-266.637359619, 163.916824341, 70.3605422974, -20.3183288574, -20.2175369263, 11.8554267883, -3.71114516258, -13.2075634003, 25.1688156128, 1.74571347237, 65.8440856934, -0.548766791821, 34.9740028381], [187.206939697, -102.420463562, -41.0960960388, -13.7516136169, 13.8449440002, -9.92239189148, 8.56852817535, 15.4702939987, 0.599083483219, 22.0299663544, -0.548766791821, 47.3077964783, -6.48205327988], [-274.224945068, 163.286911011, 73.4699020386, -3.16930603981, -16.130645752, 11.6367769241, -7.24241495132, -18.609708786, 18.1387901306, -13.3904247284, 34.9740028381, -6.48205327988, 63.2145385742]],
        "icov": [[0.00132068735547, 0.00195721816272, 0.000904439657461, 0.000945392181166, 0.000418586540036, 0.000999228446744, -0.000798947294243, 0.000369449757272, -0.000943693856243, 0.000345433625625, 0.000218290602788, 1.35014042826e-05, -0.00016556668561], [0.00195721816272, 0.00623677344993, -0.0013384623453, 0.00170267012436, 0.00227692560293, 0.00191975932103, -0.0013071395224, 0.004192720633, -0.0041919182986, 0.0042099985294, -0.00246635521762, 0.00161279470194, -0.00104189722333], [0.000904439657461, -0.0013384623453, 0.00633601518348, 0.0016946378164, -0.00274370494299, -0.00105524202809, 0.00314114824869, 0.000817523628939, 0.000230855090194, -0.000732885499019, 0.000566968752537, -0.000442446733359, -0.000384013459552], [0.000945392181166, 0.00170267012436, 0.0016946378164, 0.0108371619135, -0.0066976561211, 0.00384696712717, 0.000203099058126, 4.51072774013e-05, 0.00456410646439, -5.20812754985e-05, -0.00109808996785, 0.00667030224577, -0.00413304567337], [0.000418586540036, 0.00227692560293, -0.00274370494299, -0.0066976561211, 0.0154450498521, -0.00464113475755, -0.005891865585, 0.00183823367115, -0.0022793256212, 0.00227864971384, 0.00168568466324, -0.00669093569741, 0.00296706799418], [0.000999228446744, 0.00191975932103, -0.00105524202809, 0.00384696712717, -0.00464113475755, 0.0177408643067, -0.00354984519072, -8.43415473355e-05, -0.00156713300385, 0.00305540859699, -0.00192213337868, 0.00452785706148, -0.00146190798841], [-0.000798947294243, -0.0013071395224, 0.00314114824869, 0.000203099058126, -0.005891865585, -0.00354984519072, 0.0231760069728, -0.00503415660933, -0.00489307800308, 0.000880673294887, -0.00196477700956, 0.00109219900332, -0.000617113604676], [0.000369449757272, 0.004192720633, 0.000817523628939, 4.51072774013e-05, 0.00183823367115, -8.43415473355e-05, -0.00503415660933, 0.0333359278738, -0.0118116093799, -0.00171611225232, 0.00059465598315, -0.000957191223279, 0.0021448880434], [-0.000943693856243, -0.0041919182986, 0.000230855090194, 0.00456410646439, -0.0022793256212, -0.00156713300385, -0.00489307800308, -0.0118116093799, 0.0376112349331, -0.0124655356631, -0.00525056291372, 0.00549972336739, -0.00760002573952], [0.000345433625625, 0.0042099985294, -0.000732885499019, -5.20812754985e-05, 0.00227864971384, 0.00305540859699, 0.000880673294887, -0.00171611225232, -0.0124655356631, 0.0394025743008, -0.00832943059504, -0.00991126056761, 0.00660301884636], [0.000218290602788, -0.00246635521762, 0.000566968752537, -0.00109808996785, 0.00168568466324, -0.00192213337868, -0.00196477700956, 0.00059465598315, -0.00525056291372, -0.00832943059504, 0.0294295568019, -0.00379269407131, -0.00959123298526], [1.35014042826e-05, 0.00161279470194, -0.000442446733359, 0.00667030224577, -0.00669093569741, 0.00452785706148, 0.00109219900332, -0.000957191223279, 0.00549972336739, -0.00991126056761, -0.00379269407131, 0.0330881811678, -0.00414256053045], [-0.00016556668561, -0.00104189722333, -0.000384013459552, -0.00413304567337, 0.00296706799418, -0.00146190798841, -0.000617113604676, 0.0021448880434, -0.00760002573952, 0.00660301884636, -0.00959123298526, -0.00414256053045, 0.0280793514103]]
    },
    "melbands": {
        "dmean": [0.001092255814, 2.58894015133e-05, 1.0389990166e-05, 2.52385757449e-06, 3.34114224643e-06, 5.22009895576e-06, 9.16242879612e-06, 5.07877075506e-06, 2.78935294773e-05, 2.6087878723e-05, 2.54460828728e-05, 1.10287628559e-05, 3.19678451888e-06, 2.90129628411e-06, 5.17393482369e-06, 3.93769096263e-06, 4.82713312522e-06, 5.65854043089e-06, 5.10296467837e-06, 7.3080805123e-06, 1.11415447464e-05, 2.19666817429e-05, 1.51913118316e-05, 1.4787926375e-05, 2.13091825572e-05, 1.78655809577e-05, 4.78511938127e-05, 8.72321543284e-05, 4.07598126912e-05, 2.03352192329e-05, 1.49165925905e-05, 1.45903632074e-05, 2.29418019444e-05, 2.35662573687e-05, 1.06604647954e-05, 7.80431037128e-06, 4.85359305458e-06, 3.02591502077e-06, 6.54301311442e-06, 1.45771264215e-05],
        "dmean2": [0.00181303569116, 4.57237001683e-05, 1.88565136341e-05, 4.60228238808e-06, 6.45227464702e-06, 9.99721669359e-06, 1.64729390235e-05, 9.18990099308e-06, 5.37772684766e-05, 4.79050904687e-05, 4.82481191284e-05, 1.98747075046e-05, 5.36863535672e-06, 5.16478894497e-06, 9.39417077461e-06, 7.07913204678e-06, 8.74077795743e-06, 1.00176966953e-05, 8.49141906656e-06, 1.19402338896e-05, 1.80251136044e-05, 3.37601959473e-05, 2.48913693213e-05, 1.95253505808e-05, 3.47006680386e-05, 2.87966686301e-05, 7.88327670307e-05, 0.000125385719002, 7.22621480236e-05, 3.44236395904e-05, 2.6489220545e-05, 2.33750233747e-05, 4.23757883254e-05, 4.31727494288e-05, 1.76941084646e-05, 1.29927793751e-05, 8.70934036357e-06, 5.25999894307e-06, 1.1599770005e-05, 2.70856289717e-05],
        "dvar": [2.25620715355e-06, 8.48836723133e-10, 5.67303370946e-10, 2.45409942368e-10, 1.4329211151e-09, 1.77049941374e-09, 8.27036394924e-09, 1.66704450244e-09, 7.19167374541e-08, 6.37300558992e-08, 7.9587984203e-08, 1.34449154032e-08, 5.5813614841e-10, 8.68803140541e-10, 1.89568405418e-09, 1.42413125737e-09, 1.44022427317e-09, 1.29349220224e-09, 7.56747997599e-10, 2.11212469736e-09, 3.72710839969e-09, 1.55218060627e-08, 7.38480609996e-09, 6.23972518099e-09, 2.7262354152e-08, 1.30197017612e-08, 1.16353639612e-07, 3.38470982797e-07, 8.58143067717e-08, 4.19606394075e-08, 2.48694362881e-08, 1.54846979683e-08, 4.68429135481e-08, 6.08047514561e-08, 9.95316540298e-09, 4.32681179774e-09, 1.5753505167e-09, 7.73700048473e-10, 4.33558877688e-09, 2.08180761518e-08],
        "dvar2": [5.70771999264e-06, 2.30992203143e-09, 1.67076830149e-09, 7.30026428197e-10, 4.29371382893e-09, 5.26406651602e-09, 2.31952714813e-08, 4.70791317042e-09, 2.11012292084e-07, 1.80075829803e-07, 2.32049387705e-07, 3.67816959113e-08, 1.45712109045e-09, 2.46548426119e-09, 5.43973266431e-09, 3.91728960381e-09, 4.16819601057e-09, 4.06771594186e-09, 2.20762119696e-09, 5.86997028762e-09, 8.85858675304e-09, 3.85022929095e-08, 1.70325584747e-08, 1.03841601984e-08, 6.53175362686e-08, 3.10999546116e-08, 2.80949194575e-07, 7.55849328016e-07, 2.30652702271e-07, 1.14231085035e-07, 7.22405246734e-08, 3.95957577837e-08, 1.3631719753e-07, 1.74854818624e-07, 2.73276370422e-08, 1.18391803028e-08, 4.52095205716e-09, 2.17139772829e-09, 1.24324417428e-08, 6.11222077396e-08],
        "max": [0.0164697039872, 0.000336875120411, 0.000363269326044, 0.000245300820097, 0.000589419563767, 0.000501399917994, 0.00148963357788, 0.000557445746381, 0.00396449584514, 0.00335652125068, 0.00444849207997, 0.00195195840206, 0.000334460492013, 0.000465158984298, 0.000692327332217, 0.000699983909726, 0.000635170494206, 0.000541324145161, 0.000357564073056, 0.000690485816449, 0.000933119852562, 0.00151374773122, 0.00111204851419, 0.00150576105807, 0.00308275967836, 0.00163285178132, 0.00440725451335, 0.0102462451905, 0.00411399640143, 0.00358031108044, 0.00258414610289, 0.00194444472436, 0.00346836564131, 0.00407022889704, 0.00173944374546, 0.00106761255302, 0.000597977428697, 0.000464205455501, 0.00106202997267, 0.00224766531028],
        "mean": [0.00131668394897, 3.74458177248e-05, 1.25031219795e-05, 2.52030395131e-06, 2.30741056839e-06, 4.12889812651e-06, 6.90591923558e-06, 4.29914007327e-06, 1.97748158826e-05, 1.78032641998e-05, 1.53821056301e-05, 8.06725347502e-06, 3.75309718947e-06, 3.25435780724e-06, 4.9829513955e-06, 5.12085307491e-06, 5.13543636771e-06, 5.20865842191e-06, 5.92198193772e-06, 9.34884792514e-06, 1.45651283674e-05, 2.48464639299e-05, 1.98290526896e-05, 1.90551691048e-05, 2.35305051319e-05, 2.09805912164e-05, 5.00765308971e-05, 8.33241647342e-05, 3.68474647985e-05, 1.72792697413e-05, 1.16072915262e-05, 1.29817281049e-05, 1.73972857738e-05, 1.77068122866e-05, 8.47866431286e-06, 6.55841813568e-06, 4.42437658421e-06, 2.58932413999e-06, 4.56266252513e-06, 9.03587533685e-06],
        "median": [0.000805981457233, 3.00035680993e-05, 9.41098278417e-06, 1.50076414229e-06, 6.92971525496e-07, 1.36245319027e-06, 5.94077789628e-07, 2.17295237803e-07, 1.91808524619e-07, 1.87800878848e-07, 1.44049465689e-07, 1.09960694772e-07, 1.04085657426e-07, 1.4373341628e-07, 1.04299580528e-07, 1.06201184735e-07, 8.80367636569e-08, 9.08522395093e-08, 8.82756978626e-08, 9.75182388174e-08, 9.03749253212e-08, 8.08296292121e-08, 7.0375548944e-08, 4.94407537133e-08, 4.14633092305e-08, 4.61661322504e-08, 4.5776992863e-08, 4.99360375272e-08, 4.37204228376e-08, 3.81548979078e-08, 3.55685187969e-08, 3.34623919684e-08, 3.61442147323e-08, 3.66299985899e-08, 3.41693500161e-08, 3.13727035461e-08, 3.21687849691e-08, 2.95618463042e-08, 3.07215977102e-08, 3.13333785584e-08],
        "min": [1.48524964061e-06, 6.86975170083e-07, 2.32060585859e-07, 1.19298178447e-07, 5.32467581138e-08, 2.14672546406e-08, 4.4335440208e-08, 1.96472065284e-08, 2.33578596465e-08, 1.59046127379e-08, 1.48636685182e-08, 7.41213579403e-09, 8.19321321899e-09, 5.49260192884e-09, 3.3257085974e-09, 3.55762130866e-09, 5.76845371469e-09, 4.07473788044e-09, 1.65912583672e-09, 1.8820249803e-09, 1.92813187638e-09, 1.38633715618e-09, 1.94687377331e-09, 3.2510152348e-09, 7.36145755464e-10, 7.64504626272e-10, 1.50406653798e-09, 2.22571183706e-09, 1.30810273724e-09, 3.92432308871e-09, 1.67819746988e-09, 2.17959050808e-09, 1.22498455823e-09, 1.72649350372e-09, 1.0109699744e-09, 7.33959448773e-10, 6.87841228419e-10, 7.55939977282e-10, 4.12245015902e-10, 1.80014572693e-10],
        "stdev": [0.00164611462969, 2.9781500416e-05, 1.86594261322e-05, 1.12628367788e-05, 2.69478805421e-05, 3.12927222694e-05, 7.51455227146e-05, 3.70671295968e-05, 0.000213181003346, 0.000201743794605, 0.000213250837987, 9.64611754171e-05, 2.73287332675e-05, 2.68066687568e-05, 3.94584603782e-05, 3.98210358981e-05, 3.76468487957e-05, 3.31811825163e-05, 3.10801769956e-05, 5.10483732796e-05, 7.98645269242e-05, 0.000146431935718, 0.000107273895992, 0.000107727501018, 0.000184337070095, 0.000131298351334, 0.000357960700057, 0.000632601906545, 0.000272405042779, 0.000177238602191, 0.000122927434859, 0.000114291688078, 0.000169079910847, 0.000192392923054, 8.5416919319e-05, 5.67627830605e-05, 3.3943393646e-05, 2.28978678933e-05, 5.07023833052e-05, 0.000106333660369],
        "var": [2.70969349003e-06, 8.8693774547e-10, 3.48174183928e-10, 1.26851501525e-10, 7.26188276179e-10, 9.79234360265e-10, 5.64684921045e-09, 1.37397215827e-09, 4.54461392962e-08, 4.07005593672e-08, 4.5475921695e-08, 9.3047578531e-09, 7.46859685208e-10, 7.18597514826e-10, 1.55696999737e-09, 1.5857147817e-09, 1.41728528913e-09, 1.10099096506e-09, 9.65977409173e-10, 2.60593635559e-09, 6.37834318695e-09, 2.14423110378e-08, 1.15076890239e-08, 1.16052145671e-08, 3.39801538018e-08, 1.72392589093e-08, 1.28135866362e-07, 4.00185200533e-07, 7.42045003221e-08, 3.14135242263e-08, 1.51111532176e-08, 1.30625892325e-08, 2.85880155104e-08, 3.70150381457e-08, 7.2960495423e-09, 3.22201354486e-09, 1.15215403884e-09, 5.24312315786e-10, 2.57073162757e-09, 1.13068470142e-08]
    },
    "melbands128": {
