{
"lowlevel": {
    "average_loudness": 0.99068403244,
    "barkbands_crest": {
        "dmean": 3.61047101021,
        "dmean2": 6.3070731163,
        "dvar": 7.41461181641,
        "dvar2": 20.3756484985,
        "max": 25.7888832092,
        "mean": 14.5914106369,
        "median": 15.1107053757,
        "min": 3.20422339439,
        "stdev": 7.10300970078,
        "var": 50.4527435303
    },
    "barkbands_flatness_db": {
        "dmean": 0.0311421807855,
        "dmean2": 0.0500257313251,
        "dvar": 0.000593737815507,
        "dvar2": 0.00146370416041,
        "max": 0.513644814491,
        "mean": 0.222263813019,
        "median": 0.163779467344,
        "min": 0.0168185438961,
        "stdev": 0.180656209588,
        "var": 0.0326366648078
    },
    "barkbands_kurtosis": {
        "dmean": 85.2607116699,
        "dmean2": 142.824279785,
        "dvar": 40801.7695312,
        "dvar2": 111272.921875,
        "max": 1559.86071777,
        "mean": 189.430648804,
        "median": 3.33853054047,
        "min": -1.70526850224,
        "stdev": 326.308868408,
        "var": 106477.484375
    },
    "barkbands_skewness": {
        "dmean": 2.44362926483,
        "dmean2": 4.13453149796,
        "dvar": 16.8309345245,
        "dvar2": 45.7662582397,
        "max": 30.8330154419,
        "mean": 6.61365413666,
        "median": 1.63047087193,
        "min": -0.92187589407,
        "stdev": 8.42876720428,
        "var": 71.0441131592
    },
    "barkbands_spread": {
        "dmean": 7.13207626343,
        "dmean2": 11.5250520706,
        "dvar": 118.496559143,
        "dvar2": 272.394073486,
        "max": 110.711082458,
        "mean": 43.4700508118,
        "median": 18.1010360718,
        "min": 0.166258901358,
        "stdev": 44.0770225525,
        "var": 1942.78393555
    },
    "dissonance": {
        "dmean": 0.0153871122748,
        "dmean2": 0.0246774125844,
        "dvar": 0.000611527939327,
        "dvar2": 0.00120136898477,
        "max": 0.499995559454,
        "mean": 0.471250414848,
        "median": 0.489520549774,
        "min": 0.271548241377,
        "stdev": 0.0444061607122,
        "var": 0.00197190698236
    },
    "dynamic_complexity": 28.2652053833,
    "erbbands_crest": {
        "dmean": 1.58008003235,
        "dmean2": 2.82339787483,
        "dvar": 3.24635577202,
        "dvar2": 9.54954528809,
        "max": 21.0887050629,
        "mean": 8.09488868713,
        "median": 4.82819986343,
        "min": 2.11815595627,
        "stdev": 6.29541873932,
        "var": 39.6322975159
    },
    "erbbands_flatness_db": {
        "dmean": 0.0116105182096,
        "dmean2": 0.0178796127439,
        "dvar": 0.000143314609886,
        "dvar2": 0.000304947636323,
        "max": 0.360105484724,
        "mean": 0.101612761617,
        "median": 0.0601859055459,
        "min": 0.030937442556,
        "stdev": 0.0843623802066,
        "var": 0.00711701158434
    },
    "erbbands_kurtosis": {
        "dmean": 1.14106297493,
        "dmean2": 1.89986622334,
        "dvar": 3.91555786133,
        "dvar2": 9.46782016754,
        "max": 20.1768531799,
        "mean": 1.92934012413,
        "median": -0.5806016922,
        "min": -1.30367064476,
        "stdev": 4.98929691315,
        "var": 24.893081665
    },
    "erbbands_skewness": {
        "dmean": 0.334213644266,
        "dmean2": 0.513755083084,
        "dvar": 0.11430990696,
        "dvar2": 0.265276640654,
        "max": 4.25364494324,
        "mean": 0.695326805115,
        "median": -0.0170168764889,
        "min": -0.799047708511,
        "stdev": 1.24293470383,
        "var": 1.54488670826
    },
    "erbbands_spread": {
        "dmean": 7.13828134537,
        "dmean2": 11.3685216904,
        "dvar": 50.6995887756,
        "dvar2": 137.566207886,
        "max": 129.366317749,
        "mean": 58.3412284851,
        "median": 58.1019668579,
        "min": 4.95973682404,
        "stdev": 30.3004722595,
        "var": 918.118652344
    },
    "hfc": {
        "dmean": 2.90234804153,
        "dmean2": 4.32249927521,
        "dvar": 306.676147461,
        "dvar2": 632.564575195,
        "max": 198.816711426,
        "mean": 5.51492261887,
        "median": 0.0017645576736,
        "min": 1.77093738785e-07,
        "stdev": 28.8304157257,
        "var": 831.192871094
    },
    "loudness_ebu128": {
        "integrated": -26.9262218475,
        "loudness_range": 0,
        "momentary": {
            "dmean": 3.60680127144,
            "dmean2": 1.4481742382,
            "dvar": 14.7550649643,
            "dvar2": 5.03724002838,
            "max": -24.0409145355,
            "mean": -62.9928207397,
            "median": -68.149810791,
            "min": -77.0646286011,
            "stdev": 15.7810525894,
            "var": 249.041625977
        },
        "short_term": {
            "dmean": 0,
            "dmean2": 0,
            "dvar": 0,
            "dvar2": 0,
            "max": -32.7880096436,
            "mean": -32.7880096436,
            "median": -32.7880096436,
            "min": -32.7880096436,
            "stdev": 0,
            "var": 0
        }
    },
    "melbands_crest": {
        "dmean": 3.52835130692,
        "dmean2": 5.61923027039,
        "dvar": 11.3201322556,
        "dvar2": 28.5312786102,
        "max": 38.0171203613,
        "mean": 24.5138244629,
        "median": 26.6125125885,
        "min": 5.54255771637,
        "stdev": 11.1678829193,
        "var": 124.721611023
    },
    "melbands_flatness_db": {
        "dmean": 0.0341313406825,
        "dmean2": 0.0507267527282,
        "dvar": 0.000979557400569,
        "dvar2": 0.00199412065558,
        "max": 0.651914834976,
        "mean": 0.305745691061,
        "median": 0.222370311618,
        "min": 0.038335621357,
        "stdev": 0.22521571815,
        "var": 0.0507221221924
    },
    "melbands_kurtosis": {
        "dmean": 115.666297913,
        "dmean2": 185.194061279,
        "dvar": 40647.515625,
        "dvar2": 118098.085938,
        "max": 1853.75708008,
        "mean": 411.527832031,
        "median": 10.3136615753,
        "min": 0.318631649017,
        "stdev": 597.192932129,
        "var": 356639.40625
    },
    "melbands_skewness": {
        "dmean": 1.59529793262,
        "dmean2": 2.56386613846,
        "dvar": 4.24895572662,
        "dvar2": 9.63759422302,
        "max": 32.3335914612,
        "mean": 9.57339572906,
        "median": 2.67900252342,
        "min": 0.661178946495,
        "stdev": 10.2437124252,
        "var": 104.933639526
    },
    "melbands_spread": {
        "dmean": 7.47715234756,
        "dmean2": 11.6549959183,
        "dvar": 255.824661255,
        "dvar2": 408.607940674,
        "max": 131.363479614,
        "mean": 30.6775016785,
        "median": 9.76170444489,
        "min": 0.0883058980107,
        "stdev": 34.3514328003,
        "var": 1180.02087402
    },
    "pitch_salience": {
        "dmean": 0.0829850584269,
        "dmean2": 0.133935689926,
        "dvar": 0.006723201368,
        "dvar2": 0.0194951761514,
        "max": 0.879060089588,
        "mean": 0.370866686106,
        "median": 0.408776968718,
        "min": 0.0153112160042,
        "stdev": 0.279818683863,
        "var": 0.0782984942198
    },
    "silence_rate_20dB": {
        "dmean": 0.0125000001863,
        "dmean2": 0.0253164563328,
        "dvar": 0.0123437242582,
        "dvar2": 0.0246754791588,
        "max": 1,
        "mean": 0.975308656693,
        "median": 1,
        "min": 0,
        "stdev": 0.155182689428,
        "var": 0.0240816678852
    },
    "silence_rate_30dB": {
        "dmean": 0.0125000001863,
        "dmean2": 0.0253164563328,
        "dvar": 0.0123437251896,
        "dvar2": 0.0246754810214,
        "max": 1,
        "mean": 0.962962985039,
        "median": 1,
        "min": 0,
        "stdev": 0.188852280378,
        "var": 0.0356651842594
    },
    "silence_rate_60dB": {
        "dmean": 0.0125000001863,
        "dmean2": 0.0253164563328,
        "dvar": 0.0123437270522,
        "dvar2": 0.0246754847467,
        "max": 1,
        "mean": 0.864197552204,
        "median": 1,
        "min": 0,
        "stdev": 0.342578530312,
        "var": 0.117360047996
    },
    "spectral_centroid": {
        "dmean": 201.4815979,
        "dmean2": 294.185760498,
        "dvar": 145510.265625,
        "dvar2": 264433.8125,
        "max": 3770.90649414,
        "mean": 1584.1920166,
        "median": 1749.53625488,
        "min": 131.066940308,
        "stdev": 1169.06774902,
        "var": 1366719.375
    },
    "spectral_complexity": {
        "dmean": 0.28749999404,
        "dmean2": 0.329113930464,
        "dvar": 1.05484461784,
        "dvar2": 1.81573987007,
        "max": 19,
        "mean": 1.06172835827,
        "median": 0,
        "min": 0,
        "stdev": 3.24834370613,
        "var": 10.5517368317
    },
    "spectral_decrease": {
        "dmean": 3.28833715812e-09,
        "dmean2": 4.42192948924e-09,
        "dvar": 2.40649948309e-16,
        "dvar2": 5.53620522567e-16,
        "max": -9.2850217258e-19,
        "mean": -4.83530815387e-09,
        "median": -7.36895895866e-13,
        "min": -1.70579184555e-07,
        "stdev": 2.24194920406e-08,
        "var": 5.02633586065e-16
    },
    "spectral_energy": {
        "dmean": 0.0126731563359,
        "dmean2": 0.0170735511929,
        "dvar": 0.00360117177479,
        "dvar2": 0.00828826241195,
        "max": 0.661836445332,
        "mean": 0.0187497362494,
        "median": 2.92662366519e-06,
        "min": 1.95673199865e-11,
        "stdev": 0.0871520340443,
        "var": 0.00759547716007
    },
    "spectral_energyband_high": {
        "dmean": 8.77150341694e-07,
        "dmean2": 1.34378888106e-06,
        "dvar": 4.04274183574e-11,
        "dvar2": 6.50178175188e-11,
        "max": 6.97585710441e-05,
        "mean": 1.84716509466e-06,
        "median": 1.12363139237e-07,
        "min": 1.06155839327e-11,
        "stdev": 1.01803489088e-05,
        "var": 1.0363949976e-10
    },
    "spectral_energyband_low": {
        "dmean": 0.00472128856927,
        "dmean2": 0.00652816705406,
        "dvar": 0.000411759887356,
        "dvar2": 0.00078826706158,
        "max": 0.163345843554,
        "mean": 0.00550445448607,
        "median": 1.43648901485e-06,
        "min": 2.18246861555e-12,
        "stdev": 0.0224009230733,
        "var": 0.000501801376231
    },
    "spectral_energyband_middle_high": {
        "dmean": 0.000280674517853,
        "dmean2": 0.000519407738466,
        "dvar": 5.42249745195e-06,
        "dvar2": 1.01013401945e-05,
        "max": 0.0224530361593,
        "mean": 0.000552834419068,
        "median": 6.84384531269e-08,
        "min": 2.67887253179e-12,
        "stdev": 0.00341633311473,
        "var": 1.16713326861e-05
    },
    "spectral_energyband_middle_low": {
        "dmean": 0.00922864489257,
        "dmean2": 0.0125629575923,
        "dvar": 0.00248073018156,
        "dvar2": 0.00575110083446,
        "max": 0.537134945393,
        "mean": 0.0137726720423,
        "median": 8.4519029997e-08,
        "min": 1.63181274049e-12,
        "stdev": 0.0712990313768,
        "var": 0.00508355209604
    },
    "spectral_entropy": {
        "dmean": 0.123772166669,
        "dmean2": 0.17548635602,
        "dvar": 0.0277103986591,
        "dvar2": 0.0483086854219,
        "max": 8.85329055786,
        "mean": 7.88542413712,
        "median": 8.4988451004,
        "min": 5.17504072189,
        "stdev": 1.03448987007,
        "var": 1.07016921043
    },
    "spectral_flux": {
        "dmean": 0.0127053316683,
        "dmean2": 0.0196256972849,
        "dvar": 0.00146422814578,
        "dvar2": 0.00310623808764,
        "max": 0.602538645267,
        "mean": 0.0333377234638,
        "median": 0.00156629248522,
        "min": 0.00030920014251,
        "stdev": 0.105393052101,
        "var": 0.011107695289
    },
    "spectral_kurtosis": {
        "dmean": 2.51551771164,
        "dmean2": 2.58841633797,
        "dvar": 50.3855514526,
        "dvar2": 51.3777770996,
        "max": 101.897003174,
        "mean": 9.24156856537,
        "median": 2.73292589188,
        "min": 1.79007339478,
        "stdev": 19.7113456726,
        "var": 388.537139893
    },
    "spectral_rms": {
        "dmean": 0.000513932842296,
        "dmean2": 0.000727713457309,
        "dvar": 2.67439600066e-06,
        "dvar2": 5.43902251593e-06,
        "max": 0.0254105105996,
        "mean": 0.0014074385399,
        "median": 5.34344726475e-05,
        "min": 1.38166811325e-07,
        "stdev": 0.00403875438496,
        "var": 1.63115364558e-05
    },
    "spectral_rolloff": {
        "dmean": 1388.08398438,
        "dmean2": 2309.77661133,
        "dvar": 7563448,
        "dvar2": 13951977,
        "max": 18497.0214844,
        "mean": 4859.05957031,
        "median": 322.998046875,
        "min": 43.06640625,
        "stdev": 5900.68798828,
        "var": 34818116
    },
    "spectral_skewness": {
        "dmean": 0.203351303935,
        "dmean2": 0.231389179826,
        "dvar": 0.160231679678,
        "dvar2": 0.126448974013,
        "max": 8.36667728424,
        "mean": 2.04955244064,
        "median": 1.41590869427,
        "min": 1.2434180975,
        "stdev": 1.59920275211,
        "var": 2.55744934082
    },
    "spectral_spread": {
        "dmean": 455948.8125,
        "dmean2": 715202.5,
        "dvar": 498954502144,
        "dvar2": 809365405696,
        "max": 12881631,
        "mean": 7930444.5,
        "median": 8832210,
        "min": 699208.125,
        "stdev": 2556819.5,
        "var": 6.53732557619e+12
    },
    "spectral_strongpeak": {
        "dmean": 0.115650855005,
        "dmean2": 0.125525385141,
        "dvar": 0.301913231611,
        "dvar2": 0.537105619907,
        "max": 4.72783517838,
        "mean": 0.131463006139,
        "median": 0.0016172825126,
        "min": 0,
        "stdev": 0.58953922987,
        "var": 0.347556471825
    },
    "zerocrossingrate": {
        "dmean": 0.0212463382632,
        "dmean2": 0.0280483588576,
        "dvar": 0.000669479370117,
        "dvar2": 0.00114569324069,
        "max": 0.35205078125,
        "mean": 0.122196905315,
        "median": 0.0439453125,
        "min": 0.001953125,
        "stdev": 0.122973836958,
        "var": 0.0151225654408
    },
    "barkbands": {
        "dmean": [0.000581639236771, 0.00254948018119, 0.000896653626114, 0.00259822560474, 0.00440534343943, 0.000912314921152, 0.00146166258492, 0.00126668368466, 0.000363526196452, 0.000542092486285, 6.16266042925e-05, 1.96794480871e-05, 5.21326728631e-05, 1.05426388473e-05, 1.11131794256e-05, 9.79058995654e-07, 2.56391717812e-06, 6.57001237414e-07, 2.99051606589e-07, 3.76778871214e-07, 4.62828978698e-07, 1.98869656742e-07, 1.06743627271e-07, 5.4282413231e-08, 3.21448361262e-08, 1.97718748041e-08, 1.00469916831e-08],
        "dmean2": [0.000732670130674, 0.00328777753748, 0.00136462820228, 0.00385546148755, 0.00511188292876, 0.00113812112249, 0.000914849166293, 0.00212435936555, 0.000174501677975, 0.000876242702361, 8.84683540789e-05, 3.24751345033e-05, 4.55383487861e-05, 6.98772510077e-06, 1.0244429177e-05, 6.81713288486e-07, 2.35984975916e-06, 3.6437333506e-07, 1.83810726639e-07, 2.15237079715e-07, 7.25581628558e-07, 3.6452098584e-07, 1.74657685648e-07, 3.44103341376e-08, 2.94586275373e-08, 1.86551805115e-08, 1.08088320516e-08],
        "dvar": [2.81117559098e-06, 9.63663842413e-05, 1.84025648196e-05, 0.000213190534851, 0.000461202289443, 2.08078490687e-05, 7.604820712e-05, 7.06388236722e-05, 4.61279432784e-06, 1.17750478239e-05, 2.00845448717e-07, 1.64949920389e-08, 1.62805946502e-07, 4.69653960167e-09, 8.12271849782e-09, 4.11200448691e-11, 4.29776270128e-10, 1.64006013631e-11, 3.39861060301e-12, 5.30620079126e-12, 1.18114146935e-11, 2.08368522089e-12, 4.74034331753e-13, 8.9656025117e-14, 2.86311569613e-14, 1.12786401041e-14, 1.83495500221e-15],
        "dvar2": [5.34954779141e-06, 0.000153898799908, 4.80638882436e-05, 0.000539744680282, 0.000969711050857, 4.03471713071e-05, 2.72020988632e-05, 0.000171561798197, 1.99142778001e-06, 3.08170820063e-05, 3.00264645148e-07, 3.89082401853e-08, 1.18462523346e-07, 1.84081816457e-09, 6.75387079596e-09, 1.6953808149e-11, 3.54125867519e-10, 6.74529486086e-12, 1.28215407041e-12, 2.02765061685e-12, 1.92004918909e-11, 4.71061210872e-12, 1.05670496225e-12, 4.70993246303e-14, 2.23385220911e-14, 5.15762300286e-15, 9.2249691247e-16],
        "max": [0.013906693086, 0.0758195817471, 0.0308937430382, 0.0999828204513, 0.220336616039, 0.0565922036767, 0.116893589497, 0.0785345584154, 0.0290813036263, 0.0271455869079, 0.00492929248139, 0.00120334187523, 0.00416987249628, 0.000843060901389, 0.000888738199137, 7.80477421358e-05, 0.000204886542633, 5.2357045206e-05, 2.36231098825e-05, 2.99939165416e-05, 3.6843950511e-05, 1.35844757096e-05, 7.00193186276e-06, 4.13637599195e-06, 2.40693816522e-06, 1.3318275478e-06, 5.49885385226e-07],
        "mean": [0.000524269999005, 0.00331477541476, 0.000730983912945, 0.00172259646934, 0.0055285054259, 0.00160767417401, 0.00225578108802, 0.00178022088949, 0.000574622186832, 0.000478961446788, 0.000112051042379, 2.65966755251e-05, 5.88171533309e-05, 1.4167628251e-05, 1.20292006613e-05, 1.30417822675e-06, 2.78514585261e-06, 9.63352022154e-07, 4.32342062595e-07, 5.59691841318e-07, 8.99643225694e-07, 3.42146819321e-07, 1.89858070598e-07, 1.02576542815e-07, 7.47373647414e-08, 4.75084540597e-08, 3.9875619251e-08],
        "median": [2.03789022635e-06, 6.18561955434e-07, 1.12702203126e-08, 1.19255307851e-08, 2.11582182885e-08, 1.82997226261e-08, 1.1903328101e-08, 1.05787725246e-08, 1.52507375617e-08, 1.05775699311e-08, 9.16074327506e-09, 8.28425683608e-09, 8.02732635918e-09, 7.40071914862e-09, 6.06602501563e-09, 6.04126482173e-09, 6.05496097705e-09, 5.6507816204e-09, 6.85474788042e-09, 7.16054593397e-09, 8.06765765304e-09, 9.77605907337e-09, 1.02869242014e-08, 1.23145618147e-08, 1.51402570481e-08, 2.4263684395e-08, 3.16665236255e-08],
        "min": [1.10321625967e-12, 1.17627695778e-12, 3.61589095254e-13, 1.85360380473e-13, 3.59095430258e-13, 3.75866113407e-13, 3.66479768624e-13, 2.34861826168e-13, 9.1354061902e-14, 3.7173653641e-14, 7.00208129122e-15, 9.54469183269e-14, 6.74717782188e-14, 6.9610367004e-14, 4.74594159545e-13, 4.9379082637e-13, 3.60850604497e-14, 1.59504083119e-13, 9.65021899196e-13, 5.02609835262e-13, 4.0641256094e-13, 4.57884381452e-13, 7.85175039136e-13, 1.12257913468e-12, 2.97733777736e-12, 1.92388401217e-12, 2.92633734085e-12],
        "stdev": [0.00193635304458, 0.0122934672982, 0.00377041264437, 0.0112129803747, 0.0279731545597, 0.00796806253493, 0.0138205643743, 0.0105793811381, 0.00361028057523, 0.0032166026067, 0.00069846707629, 0.000160848925589, 0.000463979667984, 9.81109915301e-05, 9.84175785561e-05, 9.00636496226e-06, 2.26921911235e-05, 6.32372712062e-06, 2.80859399027e-06, 3.605508482e-06, 5.38152426088e-06, 1.95288225768e-06, 9.84911707747e-07, 5.20110404523e-07, 3.22264043007e-07, 1.50799863263e-07, 5.96280358423e-08],
        "var": [3.74946307602e-06, 0.00015112933761, 1.42160106407e-05, 0.000125730919535, 0.000782497343607, 6.34900206933e-05, 0.000191007988178, 0.000111923298391, 1.30341250042e-05, 1.03465317807e-05, 4.87856254949e-07, 2.58723762414e-08, 2.15277125903e-07, 9.62576685026e-09, 9.6860190979e-09, 8.11146080859e-11, 5.14935538654e-10, 3.99895221104e-11, 7.88819964209e-12, 1.29996907336e-11, 2.89608042409e-11, 3.81374879593e-12, 9.70050970973e-13, 2.70514811723e-13, 1.03854113352e-13, 2.27406001609e-14, 3.5555029583e-15]
    },
    "erbbands": {
        "dmean": [0.11822899431, 0.436319172382, 1.08116495609, 5.29598283768, 7.19703531265, 25.4469852448, 12.9400911331, 5.90108680725, 13.7318372726, 29.1954193115, 23.2190876007, 9.16970825195, 20.7380390167, 3.60477519035, 1.9382994175, 0.767005383968, 2.10211253166, 0.893024802208, 0.751887321472, 0.252901613712, 0.0629020035267, 0.144014388323, 0.0539250560105, 0.0165440309793, 0.0179934743792, 0.0164430104196, 0.0187169276178, 0.0197861716151, 0.0072824107483, 0.00361250783317, 0.00243569072336, 0.00134580919985, 0.000841951463372, 0.000521679292433, 0.000137152208481, 9.63596758083e-05, 3.36788943969e-05, 9.35390380619e-06, 5.89463797951e-06, 1.38861669257e-05],
        "dmean2": [0.15498906374, 0.593928873539, 1.64188706875, 7.86223745346, 9.76664829254, 31.1130485535, 14.4190616608, 5.42321252823, 7.42394542694, 16.1637630463, 38.7249755859, 6.13981437683, 33.0966377258, 6.64102125168, 3.72699427605, 1.4837654829, 1.790782094, 0.691674411297, 0.675088346004, 0.223451957107, 0.0497543588281, 0.130759969354, 0.0373385027051, 0.00879308581352, 0.0102653447539, 0.00942482240498, 0.01642601192, 0.035106819123, 0.0131757082418, 0.00607636384666, 0.00407577073202, 0.00104782078415, 0.000577826285735, 0.000506979238708, 0.000167339545442, 8.4511237219e-05, 2.87775637844e-05, 9.23075822357e-06, 8.63310833665e-06, 1.87783716683e-05],
        "dvar": [0.155073150992, 3.45025968552, 31.7520904541, 797.589538574, 1475.24755859, 16665.1054688, 3774.31958008, 920.719543457, 5961.20361328, 27121.78125, 22122.1132812, 3002.18017578, 16907.2773438, 780.451721191, 258.664520264, 41.8872337341, 253.872192383, 39.8342132568, 35.4971084595, 3.88752675056, 0.199986308813, 1.3225748539, 0.126744538546, 0.0101499203593, 0.0120426323265, 0.0100612184033, 0.013612575829, 0.0204039365053, 0.00288112694398, 0.000676678144373, 0.000259007385466, 5.59052496101e-05, 2.35805746343e-05, 8.18453008833e-06, 4.77607841276e-07, 2.78299779666e-07, 2.15116777724e-08, 1.7838412969e-09, 6.96405877409e-10, 4.34386659975e-09],
        "dvar2": [0.236055091023, 6.59133625031, 79.4626541138, 2020.63012695, 3407.41918945, 36191.5742188, 7686.02197266, 637.43157959, 2484.73681641, 6815.99365234, 56894.2773438, 1822.97644043, 44187.328125, 1622.85620117, 515.44934082, 81.6492919922, 173.67010498, 21.2933063507, 27.6905899048, 2.94555616379, 0.113772027194, 1.05465626717, 0.0525123029947, 0.00470700766891, 0.00485554570332, 0.00375562673435, 0.0112510500476, 0.045524623245, 0.00629288237542, 0.00119861587882, 0.000558865140192, 3.76079333364e-05, 8.35192895465e-06, 7.05108368493e-06, 5.35693231996e-07, 1.17578153436e-07, 7.13293735188e-09, 7.64720731183e-10, 1.47004319828e-09, 9.9925063779e-09],
        "max": [3.10473132133, 15.1599330902, 41.3719177246, 198.020385742, 310.965759277, 1219.87438965, 674.313232422, 468.648681641, 1097.66748047, 2335.62817383, 1304.59106445, 733.555908203, 1010.53155518, 264.780731201, 150.410186768, 60.6531867981, 168.134643555, 71.4247817993, 60.1386833191, 20.2162761688, 5.01964521408, 11.5080003738, 4.30541086197, 1.31280505657, 1.42511093616, 1.30789375305, 1.48839843273, 1.35225665569, 0.51247215271, 0.279340326786, 0.165298834443, 0.102993711829, 0.0642533302307, 0.0395514219999, 0.00952347554266, 0.0068715591915, 0.00206205551513, 0.000545348390006, 0.00033064148738, 0.000733058142941],
        "mean": [0.148016154766, 0.518316209316, 0.892403662205, 3.8255712986, 6.6587228775, 27.6974887848, 17.9962978363, 13.1760854721, 23.6840896606, 46.7936935425, 27.1323204041, 15.0913066864, 17.3289356232, 6.44692659378, 3.74029755592, 1.52444839478, 2.41925621033, 1.09791207314, 0.8313549757, 0.285151332617, 0.0774466022849, 0.158271044493, 0.0712798163295, 0.0251428410411, 0.0266953464597, 0.0244312752038, 0.0313738137484, 0.032559722662, 0.0130799533799, 0.00803248398006, 0.00467237876728, 0.00261700619012, 0.00145897571929, 0.0011216304265, 0.000380459765438, 0.000208820827538, 8.78806822584e-05, 2.87679959001e-05, 1.45128124132e-05, 2.12255308725e-05],
        "median": [3.93876180169e-05, 8.21510911919e-05, 7.32179396437e-05, 4.53131615359e-05, 4.2846033466e-05, 7.07121726009e-05, 9.95755981421e-05, 0.000151691390784, 0.000198474124772, 0.000184507502127, 0.000323293468682, 0.000308967282763, 0.000307376263663, 0.000344467582181, 0.000325205619447, 0.000351561990101, 0.000335715187248, 0.000395646056859, 0.00031036339351, 0.000330927810865, 0.00034255918581, 0.000365404965123, 0.000343655148754, 0.000345987413311, 0.000345731561538, 0.000344637170201, 0.000324361695675, 0.000315527635394, 0.000340969854733, 0.000340721046086, 0.000294270779705, 0.000258030806435, 0.00020420110377, 0.000172273939825, 0.000115283328341, 7.62107374612e-05, 4.82925497636e-05, 2.02742085094e-05, 4.77179446534e-06, 4.74387832128e-07],
        "min": [5.04901467857e-11, 2.08193379203e-10, 4.27011398463e-10, 5.60003377004e-10, 7.74670605441e-10, 1.29206767507e-09, 2.02412242523e-09, 3.43481598719e-09, 5.10048536739e-09, 5.23920062889e-09, 4.83685713704e-09, 2.11237471959e-09, 1.53017654103e-09, 4.28214547155e-10, 1.27895172231e-09, 3.91039334247e-09, 3.26477378465e-09, 2.63814481372e-09, 1.52902064343e-08, 3.05954515056e-08, 1.85628632465e-08, 2.98292990308e-09, 9.13766218247e-09, 2.43917188669e-08, 5.46894831643e-08, 2.15711075668e-08, 1.4720519026e-08, 1.81584827175e-08, 2.12405186772e-08, 2.16398916564e-08, 1.98665599527e-08, 2.32620660512e-08, 1.73066361242e-08, 3.34957803716e-08, 2.1262744454e-08, 8.76121752924e-09, 2.97159097329e-09, 1.37510691722e-09, 4.14496187373e-10, 4.52521631278e-11],
        "stdev": [0.513974010944, 2.11676836014, 4.85254192352, 22.6656494141, 36.5461082458, 148.840911865, 88.2092437744, 68.0269393921, 136.746963501, 283.591430664, 165.415130615, 93.4530105591, 118.049163818, 39.3036575317, 22.9813194275, 9.35651874542, 18.761341095, 8.07906150818, 6.67353534698, 2.24684047699, 0.566130340099, 1.27591884136, 0.497029334307, 0.160540297627, 0.171788036823, 0.157205194235, 0.193344593048, 0.193109437823, 0.0747094899416, 0.0426036790013, 0.0238184053451, 0.0133182210848, 0.0075671961531, 0.00531194824725, 0.00135855097324, 0.000794595573097, 0.000242570371483, 6.08479604125e-05, 4.69965743832e-05, 9.69520187937e-05],
        "var": [0.264169275761, 4.48070859909, 23.5471630096, 513.731689453, 1335.61804199, 22153.6191406, 7780.87109375, 4627.6640625, 18699.7324219, 80424.09375, 27362.1640625, 8733.46484375, 13935.6044922, 1544.77746582, 528.141052246, 87.5444412231, 351.987884521, 65.271232605, 44.536075592, 5.0482916832, 0.320503592491, 1.62796902657, 0.247038170695, 0.0257731862366, 0.0295111313462, 0.0247134752572, 0.0373821295798, 0.0372912548482, 0.00558150745928, 0.00181507342495, 0.000567316426896, 0.000177375011845, 5.72624558117e-05, 2.82167966361e-05, 1.84566067674e-06, 6.31382135907e-07, 5.88403885615e-08, 3.70247432713e-09, 2.20867812928e-09, 9.39969346803e-09]
    },
    "gfcc": {
        "mean": [-448.506256104, 37.4955406189, -45.2190856934, 19.7053260803, -30.5703639984, 16.3904399872, -12.1093044281, 11.9643859863, -5.52281761169, 10.2905368805, -4.62088775635, 6.8355050087, -5.06470394135],
        "cov": [[20085.2148438, 8736.77148438, 1668.85412598, 162.21736145, -856.84362793, -419.756256104, 291.480987549, -699.603027344, 229.163574219, -372.397827148, 152.055709839, -358.439666748, 222.4894104], [8736.77148438, 4948.74267578, 1479.72875977, 463.571350098, -234.36177063, -97.4323043823, 238.771697998, -282.480041504, 246.5597229, -100.255661011, 151.563171387, -192.579376221, 126.459007263], [1668.85412598, 1479.72875977, 880.039916992, 479.449127197, 215.251434326, 178.242706299, 205.327728271, 47.3479576111, 190.58164978, 64.9973678589, 115.386306763, 11.9181499481, 47.7350234985], [162.21736145, 463.571350098, 479.449127197, 393.696380615, 316.230651855, 244.908660889, 185.203765869, 114.365921021, 147.156036377, 93.4955596924, 81.4062576294, 54.8796272278, 17.4803504944], [-856.84362793, -234.36177063, 215.251434326, 316.230651855, 418.533111572, 340.623748779, 217.752471924, 203.083175659, 140.241287231, 139.255020142, 67.2135620117, 98.6051177979, 8.08896255493], [-419.756256104, -97.4323043823, 178.242706299, 244.908660889, 340.623748779, 317.096435547, 222.488082886, 189.947769165, 135.665267944, 126.114944458, 64.515411377, 86.6330413818, 9.9291934967], [291.480987549, 238.771697998, 205.327728271, 185.203765869, 217.752471924, 222.488082886, 201.578338623, 135.620925903, 114.83807373, 81.0177688599, 54.2265396118, 49.5873680115, 16.4636211395], [-699.603027344, -282.480041504, 47.3479576111, 114.365921021, 203.083175659, 189.947769165, 135.620925903, 157.521209717, 88.4003295898, 91.9239883423, 39.9104194641, 65.5792007446, 7.29449224472], [229.163574219, 246.5597229, 190.58164978, 147.156036377, 140.241287231, 135.665267944, 114.83807373, 88.4003295898, 106.023597717, 73.3128128052, 55.036857605, 37.862663269, 22.2085819244], [-372.397827148, -100.255661011, 64.9973678589, 93.4955596924, 139.255020142, 126.114944458, 81.0177688599, 91.9239883423, 73.3128128052, 86.2504425049, 48.1043281555, 47.5508956909, 7.42641162872], [152.055709839, 151.563171387, 115.386306763, 81.4062576294, 67.2135620117, 64.515411377, 54.2265396118, 39.9104194641, 55.036857605, 48.1043281555, 54.1740608215, 31.6811256409, 11.8407535553], [-358.439666748, -192.579376221, 11.9181499481, 54.8796272278, 98.6051177979, 86.6330413818, 49.5873680115, 65.5792007446, 37.862663269, 47.5508956909, 31.6811256409, 53.5603256226, 7.30519628525], [222.4894104, 126.459007263, 47.7350234985, 17.4803504944, 8.08896255493, 9.9291934967, 16.4636211395, 7.29449224472, 22.2085819244, 7.42641162872, 11.8407535553, 7.30519628525, 29.1215362549]],
        "icov": [[0.000572345685214, -0.00153424183372, 0.00135254638735, 0.000317705533234, -0.000138708011946, -0.000359490222763, -0.000380426296033, 0.000688318279572, -0.000299477251247, 0.00141652708407, 0.000823046138976, -0.00356916338205, 0.000513479986694], [-0.00153424183372, 0.00681912107393, -0.00620620604604, 0.00129193323664, 0.00114129192661, 0.00160683447029, -0.00687486119568, 0.00942157767713, -0.00827718712389, -0.00090897019254, -0.00578761007637, 0.0148826008663, -0.00266673509032], [0.00135254638735, -0.00620620604604, 0.0182993616909, -0.0250747222453, 0.0142800854519, -0.00211685686372, 0.00096717994893, -0.00882086530328, 0.00758346915245, -0.00215133791789, 0.00319196586497, -0.00938515271991, -0.00408805022016], [0.000317705533234, 0.00129193323664, -0.0250747222453, 0.0695812851191, -0.0577464103699, 0.0147862266749, 0.00153431855142, 0.0192537419498, -0.032644584775, 0.0302505437285, -0.0163666140288, 0.00162520841695, 0.0200339220464], [-0.000138708011946, 0.00114129192661, 0.0142800854519, -0.0577464103699, 0.0802771821618, -0.0516444370151, 0.00780126731843, -0.0111085968092, 0.0275418460369, -0.0279688294977, 0.0176399387419, -0.00109405722469, -0.0197280291468], [-0.000359490222763, 0.00160683447029, -0.00211685686372, 0.0147862266749, -0.0516444370151, 0.091976493597, -0.0524662658572, 0.0137937152758, -0.0173075739294, -0.0150051405653, 0.0137463891879, -0.0180044993758, 0.0155073469505], [-0.000380426296033, -0.00687486119568, 0.00096717994893, 0.00153431855142, 0.00780126731843, -0.0524662658572, 0.0807147473097, -0.0555818267167, 0.0157640315592, 0.0247367862612, -0.0152677381411, 0.0107777817175, -0.000559264561161], [0.000688318279572, 0.00942157767713, -0.00882086530328, 0.0192537419498, -0.0111085968092, 0.0137937152758, -0.0555818267167, 0.0982875302434, -0.0571561716497, -0.00805496610701, 0.0123759806156, -0.0104955164716, 0.00515907490626], [-0.000299477251247, -0.00827718712389, 0.00758346915245, -0.032644584775, 0.0275418460369, -0.0173075739294, 0.0157640315592, -0.0571561716497, 0.120299912989, -0.0554161816835, 0.00405872380361, -0.00150213215966, -0.029832823202], [0.00141652708407, -0.00090897019254, -0.00215133791789, 0.0302505437285, -0.0279688294977, -0.0150051405653, 0.0247367862612, -0.00805496610701, -0.0554161816835, 0.110538743436, -0.0619283020496, 0.0140198534355, 0.0151463653892], [0.000823046138976, -0.00578761007637, 0.00319196586497, -0.0163666140288, 0.0176399387419, 0.0137463891879, -0.0152677381411, 0.0123759806156, 0.00405872380361, -0.0619283020496, 0.106762506068, -0.0667478591204, 0.00541292224079], [-0.00356916338205, 0.0148826008663, -0.00938515271991, 0.00162520841695, -0.00109405722469, -0.0180044993758, 0.0107777817175, -0.0104955164716, -0.00150213215966, 0.0140198534355, -0.0667478591204, 0.1140813604, -0.0238794852048], [0.000513479986694, -0.00266673509032, -0.00408805022016, 0.0200339220464, -0.0197280291468, 0.0155073469505, -0.000559264561161, 0.00515907490626, -0.029832823202, 0.0151463653892, 0.00541292224079, -0.0238794852048, 0.0585657060146]]
    },
    "melbands": {
        "dmean": [0.000816022162326, 0.000581664848141, 0.00093374971766, 0.00107600854244, 0.000594462151639, 0.000120962038636, 0.000241733127041, 0.000296906684525, 0.000155034140334, 5.2839419368e-05, 0.000101545199868, 1.33992671181e-05, 7.36033052817e-06, 2.7530522857e-06, 4.06691879107e-06, 4.21833692599e-06, 1.32486798066e-06, 1.26404472667e-06, 5.67449660593e-07, 1.46360136455e-07, 6.08758199405e-08, 1.65240422234e-07, 8.57080877381e-08, 2.49223823801e-08, 1.17952136947e-08, 1.15064722195e-08, 1.74361716176e-08, 8.3255855543e-09, 1.05491704261e-08, 1.3422543077e-08, 1.03287680631e-08, 5.48082956797e-09, 2.8498154947e-09, 2.46697351436e-09, 1.96552663034e-09, 9.68242153121e-10, 6.84394707573e-10, 6.50737130847e-10, 4.31302632498e-10, 4.3081813117e-10],
        "dmean2": [0.0011111763306, 0.000886663037818, 0.00138631823938, 0.00127617246471, 0.000706804101355, 0.000147117141751, 0.000131929205963, 0.000177525522304, 0.000266297487542, 3.65532359865e-05, 0.000162105861818, 2.14095380215e-05, 1.40295460369e-05, 4.59692000732e-06, 2.75235083791e-06, 3.76199955099e-06, 9.62204012467e-07, 1.13202781904e-06, 5.15399563028e-07, 1.15540686352e-07, 4.92664078422e-08, 1.52116186314e-07, 7.18011463618e-08, 1.76167773702e-08, 6.48663256442e-09, 7.15342185487e-09, 9.46443368122e-09, 4.7591459662e-09, 6.21112938859e-09, 2.58968029243e-08, 1.77316170635e-08, 9.44475164744e-09, 2.3887141154e-09, 4.0946059876e-09, 3.24992899259e-09, 8.34578017805e-10, 5.00933461378e-10, 4.99391639153e-10, 2.65467064997e-10, 5.53169232642e-10],
        "dvar": [8.69391533342e-06, 8.92061598279e-06, 2.61258137471e-05, 2.92917138722e-05, 8.49739353725e-06, 4.76401567084e-07, 1.87960472431e-06, 2.66921711045e-06, 1.01843545508e-06, 1.0025623709e-07, 4.05598569841e-07, 1.01681738585e-08, 3.87296861248e-09, 3.30418886696e-10, 7.11930847608e-10, 1.10474429604e-09, 8.10102818161e-11, 9.98485183423e-11, 2.05911381695e-11, 1.08210879493e-12, 1.9337216019e-13, 1.78548083436e-12, 4.08435085883e-13, 2.35429724489e-14, 5.15811343494e-15, 5.04383979651e-15, 1.1414868413e-14, 2.49155990808e-15, 4.14970631167e-15, 1.23881024931e-14, 4.96023510352e-15, 1.3542949331e-15, 2.6871119694e-16, 2.55895482569e-16, 1.55935033351e-16, 2.771826977e-17, 1.35269399782e-17, 1.61959168067e-17, 4.91370016557e-18, 6.49826140905e-18],
        "dvar2": [1.27992898342e-05, 2.08306864806e-05, 6.55327603454e-05, 6.32119263173e-05, 1.80217903107e-05, 5.57413670776e-07, 5.58724025268e-07, 1.08985193492e-06, 2.61724017037e-06, 6.20491817926e-08, 1.0601604572e-06, 1.65701283805e-08, 7.38561212188e-09, 7.83331344234e-10, 2.85009404966e-10, 8.45788772352e-10, 3.71427368029e-11, 7.74114036761e-11, 1.65604474578e-11, 6.16126182192e-13, 1.16587742607e-13, 1.46947851023e-12, 2.66945618171e-13, 1.5504795798e-14, 2.31092992032e-15, 1.90129652846e-15, 4.96616179305e-15, 8.97780914586e-16, 1.58041143716e-15, 2.48792804256e-14, 1.15850280148e-14, 3.31907319283e-15, 1.93800714815e-16, 5.60952598577e-16, 3.75588226038e-16, 1.93410361667e-17, 7.78901802511e-18, 7.37973071238e-18, 2.21385998758e-18, 8.23386252365e-18],
        "max": [0.0223212018609, 0.0229156240821, 0.0361733026803, 0.0508134998381, 0.0311352424324, 0.00966838747263, 0.0193263441324, 0.0237524546683, 0.00890569295734, 0.00422698259354, 0.00493865180761, 0.00107185600791, 0.000588699476793, 0.000168927479535, 0.000325302360579, 0.000337405712344, 0.000105958191853, 0.000101099845779, 4.53702887171e-05, 1.16869377962e-05, 4.85502414449e-06, 1.32048598971e-05, 6.84622500557e-06, 1.98146699404e-06, 9.34341869652e-07, 9.08330491711e-07, 1.38675795824e-06, 6.60030707422e-07, 8.38349080823e-07, 1.03984041289e-06, 6.62210595692e-07, 3.33937606456e-07, 2.21222208552e-07, 1.6316604956e-07, 1.19976448332e-07, 7.40247187991e-08, 5.11016828852e-08, 4.96673280281e-08, 3.1993099725e-08, 3.22717070844e-08],
        "mean": [0.0010842961492, 0.000566188769881, 0.000684534490574, 0.00118756189477, 0.00079496827675, 0.000295105623081, 0.000397027586587, 0.000524173898157, 0.000188612568309, 8.69992436492e-05, 8.43890229589e-05, 2.59159587586e-05, 1.4632481907e-05, 3.72114823222e-06, 5.39461416338e-06, 4.68148937216e-06, 1.69459156041e-06, 1.40086876854e-06, 6.22979541731e-07, 1.80014993134e-07, 7.38452854421e-08, 1.79406711709e-07, 1.00451565288e-07, 3.95274852849e-08, 1.78116295046e-08, 1.66082383402e-08, 2.59634411748e-08, 1.26347732277e-08, 1.57335922069e-08, 2.63744599494e-08, 1.5461324665e-08, 7.64958763e-09, 5.0579700428e-09, 4.4018095835e-09, 3.06705927322e-09, 1.94312899104e-09, 1.30928889952e-09, 1.04467479112e-09, 8.57048487735e-10, 9.64762825184e-10],
        "median": [3.57758949576e-07, 9.52913907781e-08, 4.80583839391e-09, 3.94343491195e-09, 3.30642691004e-09, 3.35841110477e-09, 2.91523205576e-09, 2.15294759798e-09, 2.87168799851e-09, 2.02951966344e-09, 1.46751510943e-09, 1.37053979277e-09, 1.15985643312e-09, 9.25999277257e-10, 8.9070895104e-10, 7.37275407392e-10, 7.46890826964e-10, 4.68071414961e-10, 4.68007521626e-10, 4.38654723656e-10, 3.84244108753e-10, 3.87771204036e-10, 3.16637327469e-10, 2.90019119831e-10, 2.58516347218e-10, 2.8431429433e-10, 2.25227489437e-10, 2.30423430336e-10, 2.00104280368e-10, 1.9716710209e-10, 1.78448950061e-10, 1.93177168706e-10, 2.02205127642e-10, 1.89304613651e-10, 1.68583397242e-10, 1.63348820581e-10, 1.54140061825e-10, 1.40708583674e-10, 1.41497175088e-10, 1.44559433868e-10],
        "min": [4.41844071096e-13, 2.36529085164e-13, 1.02118088833e-13, 7.31293687715e-14, 6.9687108189e-14, 7.73860616972e-14, 7.78092867915e-14, 5.61465208094e-14, 3.67495984544e-14, 1.13452804212e-14, 7.46215867147e-15, 1.82611960153e-15, 2.15206380887e-15, 1.06985267203e-14, 8.44734353945e-15, 6.03968838578e-15, 4.33121234326e-15, 1.90007057532e-14, 4.16144474837e-14, 4.37041827966e-14, 1.55612319092e-14, 1.96861680128e-15, 6.43813310769e-15, 6.74332331375e-15, 1.91488687564e-14, 4.31430031403e-14, 2.86679452963e-14, 1.19218582895e-14, 8.41584153711e-15, 1.09492018859e-14, 1.00187582162e-14, 1.12757542629e-14, 9.33377537722e-15, 1.53281148896e-14, 1.38101327452e-14, 5.96908141337e-15, 1.91565157698e-14, 1.49520187084e-14, 9.31664921806e-15, 3.58201424251e-14],
        "stdev": [0.00385600840673, 0.00278420932591, 0.00411695986986, 0.00622869096696, 0.00400822190568, 0.00149084604345, 0.00234904093668, 0.00308546237648, 0.001144425245, 0.00054012221517, 0.000576382793952, 0.00015791853366, 9.03802429093e-05, 2.26190495596e-05, 3.77039868908e-05, 3.74651353923e-05, 1.21187249533e-05, 1.1221600289e-05, 5.02989360029e-06, 1.31830449845e-06, 5.45695172605e-07, 1.46250977195e-06, 7.65647882872e-07, 2.50921999623e-07, 1.13753095832e-07, 1.07784991599e-07, 1.68431441239e-07, 7.97333257196e-08, 1.00686804672e-07, 1.59127395705e-07, 9.11690349881e-08, 4.4679257627e-08, 2.85055694604e-08, 2.32970709391e-08, 1.62149298433e-08, 9.85123449482e-09, 6.45558673185e-09, 5.70147751233e-09, 4.02491595608e-09, 4.57663107412e-09],
