{
"lowlevel": {
    "average_loudness": 0.0114649934694,
    "barkbands_crest": {
        "dmean": 3.60311508179,
        "dmean2": 6.20527935028,
        "dvar": 10.1858730316,
        "dvar2": 27.3751907349,
        "max": 26.929359436,
        "mean": 17.8174800873,
        "median": 18.8202629089,
        "min": 4.75117731094,
        "stdev": 6.74501228333,
        "var": 45.4951934814
    },
    "barkbands_flatness_db": {
        "dmean": 0.0598578192294,
        "dmean2": 0.0991042032838,
        "dvar": 0.00316599803045,
        "dvar2": 0.00813538301736,
        "max": 0.810472369194,
        "mean": 0.296172469854,
        "median": 0.275120317936,
        "min": 0.0507542267442,
        "stdev": 0.118777044117,
        "var": 0.0141079863533
    },
    "barkbands_kurtosis": {
        "dmean": 305.184570312,
        "dmean2": 548.801330566,
        "dvar": 781975.6875,
        "dvar2": 2344873.25,
        "max": 9866.86816406,
        "mean": 294.875823975,
        "median": 46.6984176636,
        "min": -1.96130371094,
        "stdev": 824.006347656,
        "var": 678986.4375
    },
    "barkbands_skewness": {
        "dmean": 5.1207613945,
        "dmean2": 8.83280658722,
        "dvar": 61.4393577576,
        "dvar2": 178.551040649,
        "max": 85.6092529297,
        "mean": 8.82675266266,
        "median": 5.67212438583,
        "min": -7.18159580231,
        "stdev": 10.8773050308,
        "var": 118.31577301
    },
    "barkbands_spread": {
        "dmean": 4.54649066925,
        "dmean2": 7.71194076538,
        "dvar": 90.7705688477,
        "dvar2": 180.723373413,
        "max": 117.61264801,
        "mean": 7.18207502365,
        "median": 3.5801076889,
        "min": 0.0165356323123,
        "stdev": 12.7670564651,
        "var": 162.997741699
    },
    "dissonance": {
        "dmean": 0.0191968176514,
        "dmean2": 0.0336651392281,
        "dvar": 0.000827060663141,
        "dvar2": 0.00241937371902,
        "max": 0.499940931797,
        "mean": 0.471208333969,
        "median": 0.480800718069,
        "min": 0.111424848437,
        "stdev": 0.0401147827506,
        "var": 0.00160919572227
    },
    "dynamic_complexity": 15.5932626724,
    "erbbands_crest": {
        "dmean": 2.79358100891,
        "dmean2": 4.47088241577,
        "dvar": 9.82541751862,
        "dvar2": 20.5633850098,
        "max": 35.1274261475,
        "mean": 11.6212320328,
        "median": 7.99350309372,
        "min": 2.09912514687,
        "stdev": 9.38649845123,
        "var": 88.1063461304
    },
    "erbbands_flatness_db": {
        "dmean": 0.0210318323225,
        "dmean2": 0.0313984006643,
        "dvar": 0.00104609015398,
        "dvar2": 0.00168217835017,
        "max": 0.501550614834,
        "mean": 0.139380067587,
        "median": 0.106181234121,
        "min": 0.0308528523892,
        "stdev": 0.106751978397,
        "var": 0.0113959843293
    },
    "erbbands_kurtosis": {
        "dmean": 4.90107536316,
        "dmean2": 7.43833351135,
        "dvar": 213.275985718,
        "dvar2": 479.418060303,
        "max": 219.139755249,
        "mean": 9.73686981201,
        "median": 0.136241436005,
        "min": -1.7459256649,
        "stdev": 26.1512756348,
        "var": 683.889221191
    },
    "erbbands_skewness": {
        "dmean": 0.64234817028,
        "dmean2": 0.94751739502,
        "dvar": 1.02506554127,
        "dvar2": 1.81633174419,
        "max": 9.73213100433,
        "mean": 1.06417524815,
        "median": 0.758037805557,
        "min": -6.87708187103,
        "stdev": 2.10155820847,
        "var": 4.41654682159
    },
    "erbbands_spread": {
        "dmean": 9.91589546204,
        "dmean2": 16.2852993011,
        "dvar": 154.720809937,
        "dvar2": 335.850799561,
        "max": 156.309738159,
        "mean": 48.2880477905,
        "median": 50.1622924805,
        "min": 0.418763041496,
        "stdev": 30.2761230469,
        "var": 916.643615723
    },
    "hfc": {
        "dmean": 4.74651002884,
        "dmean2": 7.17006921768,
        "dvar": 274.606719971,
        "dvar2": 549.734985352,
        "max": 250.995986938,
        "mean": 10.94713974,
        "median": 0.422372698784,
        "min": 6.6443999458e-06,
        "stdev": 27.6538505554,
        "var": 764.735473633
    },
    "loudness_ebu128": {
        "integrated": -43.3652648926,
        "loudness_range": 14.6286392212,
        "momentary": {
            "dmean": 2.11009955406,
            "dmean2": 2.82625150681,
            "dvar": 15.7923412323,
            "dvar2": 22.2525901794,
            "max": -35.7726516724,
            "mean": -56.0525779724,
            "median": -50.8422966003,
            "min": -73.6446914673,
            "stdev": 12.1595945358,
            "var": 147.855743408
        },
        "short_term": {
            "dmean": 0.422997176647,
            "dmean2": 0.526391208172,
            "dvar": 2.05185604095,
            "dvar2": 2.7872338295,
            "max": -38.9042129517,
            "mean": -50.1084022522,
            "median": -48.9039573669,
            "min": -72.6911468506,
            "stdev": 7.10323905945,
            "var": 50.4560050964
        }
    },
    "melbands_crest": {
        "dmean": 3.9153110981,
        "dmean2": 6.66170597076,
        "dvar": 18.8182945251,
        "dvar2": 51.3540649414,
        "max": 39.9795303345,
        "mean": 26.4910125732,
        "median": 29.3214969635,
        "min": 6.90991830826,
        "stdev": 10.8179368973,
        "var": 117.027763367
    },
    "melbands_flatness_db": {
        "dmean": 0.0518621727824,
        "dmean2": 0.0816874429584,
        "dvar": 0.0022871803958,
        "dvar2": 0.00480103353038,
        "max": 0.859768033028,
        "mean": 0.370133936405,
        "median": 0.348995953798,
        "min": 0.0650768727064,
        "stdev": 0.109697937965,
        "var": 0.0120336376131
    },
    "melbands_kurtosis": {
        "dmean": 541.36706543,
        "dmean2": 893.202819824,
        "dvar": 7807883,
        "dvar2": 20675324,
        "max": 61081.9023438,
        "mean": 571.421203613,
        "median": 77.9236831665,
        "min": -1.91753554344,
        "stdev": 2750.58081055,
        "var": 7565694.5
    },
    "melbands_skewness": {
        "dmean": 5.27371168137,
        "dmean2": 8.64322376251,
        "dvar": 110.60269928,
        "dvar2": 277.624237061,
        "max": 194.401992798,
        "mean": 10.6985206604,
        "median": 6.9986577034,
        "min": -7.26098203659,
        "stdev": 15.4914808273,
        "var": 239.985992432
    },
    "melbands_spread": {
        "dmean": 5.11026859283,
        "dmean2": 8.39403438568,
        "dvar": 241.40675354,
        "dvar2": 493.244018555,
        "max": 292.785644531,
        "mean": 8.90853118896,
        "median": 3.07397961617,
        "min": 0.00515778688714,
        "stdev": 20.1071281433,
        "var": 404.296600342
    },
    "pitch_salience": {
        "dmean": 0.0965519249439,
        "dmean2": 0.162670120597,
        "dvar": 0.00875743757933,
        "dvar2": 0.0221858751029,
        "max": 0.864510834217,
        "mean": 0.317550629377,
        "median": 0.249893590808,
        "min": 0.00422906316817,
        "stdev": 0.235894471407,
        "var": 0.055646199733
    },
    "silence_rate_20dB": {
        "dmean": 0.0162107404321,
        "dmean2": 0.0324543602765,
        "dvar": 0.0159483123571,
        "dvar2": 0.0354574956,
        "max": 1,
        "mean": 0.959514141083,
        "median": 1,
        "min": 0,
        "stdev": 0.197098299861,
        "var": 0.0388477407396
    },
    "silence_rate_30dB": {
        "dmean": 0.0293819662184,
        "dmean2": 0.0588235296309,
        "dvar": 0.0285192579031,
        "dvar2": 0.0594199076295,
        "max": 1,
        "mean": 0.91902834177,
        "median": 1,
        "min": 0,
        "stdev": 0.272790104151,
        "var": 0.07441444695
    },
    "silence_rate_60dB": {
        "dmean": 0.0577507615089,
        "dmean2": 0.114604465663,
        "dvar": 0.0544152520597,
        "dvar2": 0.115671098232,
        "max": 1,
        "mean": 0.424089074135,
        "median": 0,
        "min": 0,
        "stdev": 0.494206279516,
        "var": 0.244239836931
    },
    "spectral_centroid": {
        "dmean": 213.60458374,
        "dmean2": 342.096832275,
        "dvar": 134847.796875,
        "dvar2": 263926.5,
        "max": 6156.27880859,
        "mean": 922.187011719,
        "median": 800.526123047,
        "min": 64.7185897827,
        "stdev": 636.897277832,
        "var": 405638.125
    },
    "spectral_complexity": {
        "dmean": 1.34245193005,
        "dmean2": 2.14300203323,
        "dvar": 7.34980773926,
        "dvar2": 17.6093559265,
        "max": 33,
        "mean": 3.64676117897,
        "median": 1,
        "min": 0,
        "stdev": 5.23493432999,
        "var": 27.4045372009
    },
    "spectral_decrease": {
        "dmean": 1.04776551879e-08,
        "dmean2": 1.62523665637e-08,
        "dvar": 3.17931932104e-15,
        "dvar2": 7.35468459002e-15,
        "max": -3.34892342798e-17,
        "mean": -1.77784791333e-08,
        "median": -2.2312043324e-09,
        "min": -1.21158029742e-06,
        "stdev": 8.43082545998e-08,
        "var": 7.10788121205e-15
    },
    "spectral_energy": {
        "dmean": 0.0398919023573,
        "dmean2": 0.0617879591882,
        "dvar": 0.0453911758959,
        "dvar2": 0.104890562594,
        "max": 4.57618951797,
        "mean": 0.0680928900838,
        "median": 0.00872740801424,
        "min": 7.29063309723e-10,
        "stdev": 0.319116413593,
        "var": 0.101835280657
    },
    "spectral_energyband_high": {
        "dmean": 0.000116354465717,
        "dmean2": 0.000196305380086,
        "dvar": 1.02808519387e-06,
        "dvar2": 2.75748448075e-06,
        "max": 0.0222061127424,
        "mean": 0.000110931032395,
        "median": 2.54510496234e-06,
        "min": 4.33917457521e-10,
        "stdev": 0.000840483233333,
        "var": 7.06412095042e-07
    },
    "spectral_energyband_low": {
        "dmean": 0.0188730321825,
        "dmean2": 0.0306223668158,
        "dvar": 0.00961803365499,
        "dvar2": 0.022450748831,
        "max": 2.07840228081,
        "mean": 0.0307488888502,
        "median": 0.00180299114436,
        "min": 1.32426861144e-10,
        "stdev": 0.166899174452,
        "var": 0.0278553329408
    },
    "spectral_energyband_middle_high": {
        "dmean": 0.000872834410984,
        "dmean2": 0.00126518006437,
        "dvar": 1.35042246256e-05,
        "dvar2": 2.17738233914e-05,
        "max": 0.0699754953384,
        "mean": 0.00239758426324,
        "median": 1.51871045091e-05,
        "min": 5.05218575308e-11,
        "stdev": 0.00728797959164,
        "var": 5.31146470166e-05
    },
    "spectral_energyband_middle_low": {
        "dmean": 0.00694395275787,
        "dmean2": 0.00964146479964,
        "dvar": 0.00120157608762,
        "dvar2": 0.00198712595738,
        "max": 0.713144540787,
        "mean": 0.0141187030822,
        "median": 2.54116639553e-05,
        "min": 4.80399713065e-11,
        "stdev": 0.06364582479,
        "var": 0.00405079079792
    },
    "spectral_entropy": {
        "dmean": 0.247113987803,
        "dmean2": 0.361150324345,
        "dvar": 0.10689560324,
        "dvar2": 0.172061637044,
        "max": 8.77804088593,
        "mean": 7.30830097198,
        "median": 7.65854740143,
        "min": 3.93151664734,
        "stdev": 0.933197557926,
        "var": 0.870857656002
    },
    "spectral_flux": {
        "dmean": 0.0438428744674,
        "dmean2": 0.0742935985327,
        "dvar": 0.0111868483946,
        "dvar2": 0.0333158299327,
        "max": 1.69533705711,
        "mean": 0.0864131599665,
        "median": 0.0464094281197,
        "min": 0.00390100805089,
        "stdev": 0.141674563289,
        "var": 0.0200716815889
    },
    "spectral_kurtosis": {
        "dmean": 2.49120640755,
        "dmean2": 3.99790334702,
        "dvar": 40.7053031921,
        "dvar2": 108.531745911,
        "max": 91.4543151855,
        "mean": 7.72145366669,
        "median": 4.65479278564,
        "min": -0.0288517475128,
        "stdev": 9.34784507751,
        "var": 87.3822097778
    },
    "spectral_rms": {
        "dmean": 0.00156221271027,
        "dmean2": 0.00240249978378,
        "dvar": 1.01309997262e-05,
        "dvar2": 2.07950233744e-05,
        "max": 0.0668174773455,
        "mean": 0.00445738527924,
        "median": 0.00291796727106,
        "min": 8.43374948545e-07,
        "stdev": 0.00682376231998,
        "var": 4.65637349407e-05
    },
    "spectral_rolloff": {
        "dmean": 186.947311401,
        "dmean2": 320.310516357,
        "dvar": 895804.1875,
        "dvar2": 1456519.5,
        "max": 18389.3554688,
        "mean": 477.609344482,
        "median": 86.1328125,
        "min": 21.533203125,
        "stdev": 1190.5144043,
        "var": 1417324.625
    },
    "spectral_skewness": {
        "dmean": 0.279064178467,
        "dmean2": 0.427767932415,
        "dvar": 0.239288970828,
        "dvar2": 0.537393271923,
        "max": 8.19073867798,
        "mean": 2.11113286018,
        "median": 1.82551050186,
        "min": -0.1467846632,
        "stdev": 0.865750491619,
        "var": 0.749523878098
    },
    "spectral_spread": {
        "dmean": 579983.8125,
        "dmean2": 870249.75,
        "dvar": 1.1775967232e+12,
        "dvar2": 1.83708994765e+12,
        "max": 26412028,
        "mean": 5759063,
        "median": 6209653.5,
        "min": 881980.5,
        "stdev": 2401364.5,
        "var": 5.76655091302e+12
    },
    "spectral_strongpeak": {
        "dmean": 0.39255669713,
        "dmean2": 0.578553617001,
        "dvar": 1.40881240368,
        "dvar2": 2.14360904694,
        "max": 17.1741733551,
        "mean": 1.14416277409,
        "median": 0,
        "min": 0,
        "stdev": 3.04778647423,
        "var": 9.28900241852
    },
    "zerocrossingrate": {
        "dmean": 0.00897606369108,
        "dmean2": 0.0122268395498,
        "dvar": 0.000250969955232,
        "dvar2": 0.00038270058576,
        "max": 0.30810546875,
        "mean": 0.0270580947399,
        "median": 0.01708984375,
        "min": 0,
        "stdev": 0.0315729267895,
        "var": 0.000996849616058
    },
    "barkbands": {
        "dmean": [0.0343055315316, 0.00866068154573, 0.00242295581847, 0.00151626719162, 0.00310099218041, 0.00289329071529, 0.00152616167907, 0.000360989914043, 0.000289637915557, 8.69377327035e-05, 3.88697444578e-05, 5.96648678766e-05, 6.76922136336e-05, 3.02826192637e-05, 0.000584609981161, 0.000124148456962, 4.4392007112e-05, 2.57229166891e-05, 1.30250473376e-05, 2.24639879889e-05, 2.49920976785e-05, 1.60189447342e-05, 1.01553587228e-05, 3.24810025631e-05, 1.82321182365e-05, 6.01772489972e-06, 1.96280302589e-06],
        "dmean2": [0.0568532645702, 0.0162967797369, 0.00369570753537, 0.00211500865407, 0.00405969843268, 0.00408215820789, 0.0021811153274, 0.000590798736084, 0.000468465586891, 0.000144044242916, 6.43548046355e-05, 0.000107359883259, 0.000128603729536, 5.46865157958e-05, 0.000841548084281, 0.000215086649405, 7.66067387303e-05, 4.57110800198e-05, 2.08198543987e-05, 3.81831669074e-05, 4.22659832111e-05, 2.77109502349e-05, 1.74392735062e-05, 5.78955405217e-05, 3.04296681861e-05, 1.02726808109e-05, 3.31453338731e-06],
        "dvar": [0.0502341240644, 0.00469903694466, 8.1524522102e-05, 4.33805798821e-05, 0.000329228379996, 0.000318582722684, 0.000185861601494, 5.87779413763e-06, 4.0052964323e-06, 1.88555674185e-07, 8.23913666181e-08, 2.52098828923e-07, 4.92200967983e-07, 2.53160088448e-08, 1.11121216833e-05, 3.01354958765e-07, 4.13931786625e-08, 2.27782539497e-08, 2.50326359641e-09, 3.17552952822e-08, 6.89519765729e-08, 3.71624153672e-08, 9.21862142178e-09, 2.05589614666e-07, 2.69375135531e-08, 1.18456566778e-09, 1.00194699759e-10],
        "dvar2": [0.126836001873, 0.0161054730415, 0.000150060252054, 7.31783511583e-05, 0.000421986216679, 0.00057660182938, 0.00036262354115, 1.54524113896e-05, 9.65572962741e-06, 3.98316359451e-07, 2.01721121584e-07, 6.6318852987e-07, 1.45517765304e-06, 6.97251252291e-08, 1.60181170941e-05, 7.92526975602e-07, 1.02577253358e-07, 6.28145286896e-08, 5.6525761849e-09, 8.97149661228e-08, 1.88192274209e-07, 1.01001802477e-07, 2.40290471964e-08, 5.73650822844e-07, 7.10361476308e-08, 3.29455152048e-09, 2.71489969395e-10],
        "max": [4.48519325256, 1.42722296715, 0.170810684562, 0.139998406172, 0.551784753799, 0.412631750107, 0.306446522474, 0.0394980087876, 0.0457679778337, 0.00789336767048, 0.0049829618074, 0.00969506986439, 0.0134346196428, 0.0020522470586, 0.0695571824908, 0.00814020633698, 0.00355504429899, 0.00321753672324, 0.00108104816172, 0.00401124916971, 0.00631233211607, 0.00467990385368, 0.00234460202046, 0.0108436690643, 0.00360313383862, 0.000508415745571, 0.00013005801884],
        "mean": [0.0391849279404, 0.00857591908425, 0.00372572243214, 0.00224065291695, 0.00532524846494, 0.00415740488097, 0.00167338491883, 0.0003614393936, 0.000306162139168, 0.000105471379356, 3.54804287781e-05, 5.75944359298e-05, 4.98391564179e-05, 2.97902970487e-05, 0.00194459478371, 0.000105959472421, 3.89488959627e-05, 2.35219595197e-05, 1.63532276929e-05, 3.35565637215e-05, 2.14624669752e-05, 1.82136027433e-05, 8.09926223155e-06, 2.48593605647e-05, 1.73479002115e-05, 6.40923508399e-06, 3.92130232285e-06],
        "median": [0.000951951078605, 0.000331168121193, 2.09577883652e-05, 5.63586763747e-06, 8.43742145662e-06, 5.43423630006e-06, 2.07686275644e-06, 1.27896237245e-06, 1.33616833864e-06, 5.67139068153e-07, 3.70788711734e-07, 3.9027446519e-07, 3.75469142e-07, 5.05784441884e-07, 1.81870575489e-06, 1.38394625537e-06, 4.37024510802e-07, 3.73181421764e-07, 2.95893983093e-07, 3.52756870825e-07, 2.61228194631e-07, 1.95111908852e-07, 2.30926957556e-07, 2.87279704025e-07, 3.44354049275e-07, 3.07737252569e-07, 3.58947033874e-07],
        "min": [6.10590258909e-11, 7.02074648418e-11, 2.49453235845e-11, 1.21669757602e-11, 1.45161677817e-11, 5.89366619744e-12, 3.27977228709e-12, 7.35337658819e-12, 4.30763801365e-12, 1.99809114566e-12, 5.50964569107e-12, 7.43586962837e-12, 2.42746317838e-12, 1.80657485499e-12, 8.11388369687e-12, 7.29286509654e-12, 3.33825567016e-12, 5.82735595889e-12, 3.37840194188e-12, 8.48575463369e-12, 3.89625796904e-11, 1.61177356184e-11, 1.62181015145e-11, 7.6766206239e-12, 8.83449008393e-11, 1.01367296501e-10, 1.7142096076e-10],
        "stdev": [0.27021241188, 0.0693911612034, 0.0143870916218, 0.0108241867274, 0.0326504334807, 0.0248394720256, 0.0155322160572, 0.00254344125278, 0.00210432009771, 0.000472337298561, 0.000262514222413, 0.000446402496891, 0.000516532629263, 0.000132030327222, 0.00693790521473, 0.000514951301739, 0.000196805849555, 0.000123049365357, 6.02089166932e-05, 0.000147907107021, 0.000218566245167, 0.000156651774887, 8.21832218207e-05, 0.000354165269528, 0.00013968165149, 3.12892298098e-05, 1.12901980174e-05],
        "var": [0.0730147510767, 0.0048151332885, 0.000206988392165, 0.000117163013783, 0.00106605084147, 0.000616999401245, 0.000241249726969, 6.46909302304e-06, 4.42816281065e-06, 2.23102532004e-07, 6.8913720952e-08, 1.99275191903e-07, 2.66805983529e-07, 1.74320060609e-08, 4.81345305161e-05, 2.65174833203e-07, 3.8732544283e-08, 1.51411452265e-08, 3.62511354268e-09, 2.18765130455e-08, 4.77712056579e-08, 2.45397799858e-08, 6.75408173834e-09, 1.25433032849e-07, 1.95109635115e-08, 9.79015979397e-10, 1.27468563482e-10]
    },
    "erbbands": {
        "dmean": [0.615344524384, 0.679525375366, 2.1195204258, 4.31737852097, 5.01822280884, 14.759018898, 17.3828411102, 24.1739959717, 17.7902431488, 18.428276062, 7.5581035614, 5.59451007843, 5.96051979065, 1.54797685146, 1.67805612087, 2.45701551437, 2.76661396027, 1.83568489552, 4.12290716171, 40.1046714783, 4.48516845703, 2.49297523499, 1.72019898891, 0.659292161465, 0.678934335709, 0.972093880177, 1.26297950745, 0.733422219753, 0.590636909008, 0.445561349392, 0.26835206151, 0.327180743217, 0.766831338406, 0.31256043911, 0.0855778679252, 0.0264120064676, 0.0118370335549, 0.00225096615031, 0.000384165468859, 6.05821223871e-05],
        "dmean2": [1.11795699596, 1.22805225849, 3.30407142639, 6.15823030472, 6.73881292343, 19.1279067993, 26.1968746185, 36.0257301331, 26.6921958923, 29.2769603729, 12.192647934, 9.54411506653, 9.60820102692, 2.52286958694, 2.95205044746, 4.34587192535, 5.18278455734, 3.34402632713, 6.10780906677, 56.3204193115, 6.93070840836, 4.18291568756, 3.06685447693, 1.04522049427, 1.13532042503, 1.62800478935, 2.13386535645, 1.29338991642, 0.989385426044, 0.783922851086, 0.454462647438, 0.550824582577, 1.3913640976, 0.535732150078, 0.140067473054, 0.0445037633181, 0.0208722557873, 0.00394308613613, 0.000639454578049, 9.4855298812e-05],
        "dvar": [20.5501842499, 22.3255214691, 58.6104621887, 322.590759277, 509.16619873, 9680.25097656, 16502.3867188, 26909.5097656, 22368.5664062, 26398.7421875, 2797.72900391, 1830.80773926, 1413.09436035, 92.0137252808, 154.558883667, 496.687805176, 671.604431152, 302.806182861, 330.398468018, 48334.9296875, 356.921051025, 126.33731842, 82.0115661621, 4.85257053375, 6.41909122467, 42.5361557007, 207.985305786, 51.7425041199, 42.1371803284, 32.3499755859, 6.38496017456, 9.65459918976, 136.591506958, 9.83103656769, 0.572237074375, 0.0281360149384, 0.00457955943421, 0.000124004975078, 3.15080478686e-06, 6.07990102708e-08],
        "dvar2": [68.4552612305, 69.5947341919, 112.175811768, 581.089050293, 807.407653809, 12746.2480469, 22921.2851562, 60295.78125, 40982.921875, 67404.578125, 7273.1953125, 4661.13574219, 3199.43530273, 186.508682251, 358.471099854, 1371.76391602, 1972.18225098, 881.776000977, 605.736694336, 69010.171875, 667.654785156, 303.158508301, 219.80770874, 9.94420337677, 16.589805603, 117.754699707, 570.506713867, 142.774612427, 111.272987366, 88.8765716553, 16.4577522278, 25.6581115723, 383.062561035, 26.7728157043, 1.47291982174, 0.0760405510664, 0.0129287336022, 0.000342705199728, 7.92970149632e-06, 1.42067463571e-07],
        "max": [98.8115081787, 94.3890151978, 158.531448364, 303.853485107, 691.14642334, 3188.86230469, 3822.50830078, 3231.59375, 3179.86450195, 3453.57226562, 876.536987305, 919.506713867, 976.948181152, 187.757888794, 206.861419678, 466.952331543, 428.556304932, 380.118347168, 315.053009033, 4600.28417969, 289.977081299, 191.933547974, 182.60899353, 37.3057441711, 37.9358139038, 142.787612915, 349.367401123, 165.217285156, 159.041778564, 138.048126221, 61.957775116, 75.5313034058, 278.877197266, 71.9769821167, 14.766125679, 2.43899059296, 0.989020526409, 0.133236572146, 0.0205946434289, 0.00490789394826],
        "mean": [0.654890477657, 0.848543941975, 3.27151441574, 6.9536280632, 8.65917682648, 24.1518917084, 31.9782562256, 30.8378772736, 22.2189311981, 18.1906242371, 8.26787853241, 6.21529436111, 6.58184289932, 2.03256869316, 1.75783002377, 2.28519582748, 2.18453669548, 1.71708869934, 10.6298017502, 131.306518555, 10.7533121109, 2.50822138786, 1.53830945492, 0.823801696301, 0.991922020912, 1.64767217636, 1.1153563261, 0.636013686657, 0.75573939085, 0.410489559174, 0.232209935784, 0.348984897137, 0.512956738472, 0.285285919905, 0.0722655057907, 0.0256007667631, 0.0131287639961, 0.00327943079174, 0.000819078297354, 0.000111703018774],
        "median": [0.0245898161083, 0.0336806625128, 0.028828933835, 0.0232690647244, 0.0202883966267, 0.0345477834344, 0.044634681195, 0.0419208444655, 0.0311013050377, 0.0346032232046, 0.0269545912743, 0.0336839258671, 0.0219253785908, 0.0164102427661, 0.0155286509544, 0.0187293402851, 0.0265051946044, 0.0291952285916, 0.0574210882187, 0.133613556623, 0.0756609737873, 0.0370453000069, 0.0223749969155, 0.0171949714422, 0.0161695536226, 0.0165082141757, 0.0145662045106, 0.00978777743876, 0.00757389282808, 0.00689114257693, 0.00652262941003, 0.00655792932957, 0.00474227312952, 0.00384023389779, 0.00229856045917, 0.00124678318389, 0.000593207601923, 0.000216802654904, 5.83808068768e-05, 1.65661658684e-05],
        "min": [2.90926238655e-09, 1.28063879501e-08, 2.87244183994e-08, 3.81002358552e-08, 3.98133082058e-08, 4.9782663325e-08, 6.15481070554e-08, 4.0981966265e-08, 3.08449301656e-08, 1.03675837693e-07, 1.64110076639e-07, 1.02795517876e-07, 5.88928514844e-08, 9.23334724234e-08, 3.25563235037e-07, 2.55261397797e-07, 1.2417342532e-07, 1.17779372033e-07, 2.45444510938e-07, 4.3574706865e-07, 3.61053395181e-07, 2.12988368276e-07, 3.25290187675e-07, 1.82626038736e-07, 2.37998293073e-07, 4.64280731194e-07, 9.4588540378e-07, 1.61748391747e-06, 6.31381226412e-07, 4.35179828173e-07, 5.09569304086e-07, 2.16335962477e-07, 2.04965758144e-07, 9.14704287425e-07, 6.73240379001e-07, 6.04472006671e-07, 1.0301422293e-07, 7.4028939423e-08, 2.24901803847e-08, 2.90090174104e-09],
        "stdev": [5.10616779327, 5.24314165115, 12.3898487091, 26.3789806366, 36.6428413391, 174.071685791, 225.55418396, 184.968276978, 185.418167114, 156.9324646, 58.1017456055, 43.1198425293, 38.8370170593, 10.628285408, 12.0405368805, 18.6743354797, 19.4303379059, 12.9983949661, 33.0856971741, 463.838500977, 32.9533653259, 11.3427085876, 7.66880464554, 2.82030463219, 2.77877759933, 5.93043756485, 11.7272891998, 6.01859045029, 5.48244571686, 4.53636646271, 2.19433379173, 2.61249780655, 9.05961513519, 2.5554921627, 0.66021579504, 0.150862514973, 0.0601421147585, 0.0111676715314, 0.00231349887326, 0.000362154678442],
        "var": [26.0729503632, 27.4905338287, 153.508346558, 695.850646973, 1342.69775391, 30300.9492188, 50874.6875, 34213.2617188, 34379.8984375, 24627.796875, 3375.81274414, 1859.32067871, 1508.31396484, 112.960456848, 144.974533081, 348.730804443, 377.537994385, 168.958267212, 1094.66345215, 215146.15625, 1085.92431641, 128.657043457, 58.8105659485, 7.95411872864, 7.72160434723, 35.1700897217, 137.529312134, 36.2234306335, 30.0572090149, 20.5786190033, 4.8151011467, 6.82514429092, 82.0766220093, 6.53054046631, 0.435884922743, 0.0227594990283, 0.00361707387492, 0.000124716883874, 5.35227673026e-06, 1.31156014049e-07]
    },
    "gfcc": {
        "mean": [-188.258560181, 79.158164978, -56.8247337341, 31.1502723694, -24.0029277802, 8.23637485504, -28.2770328522, 6.72415542603, -7.04370260239, 7.50764322281, -11.2264175415, 0.0587004050612, 0.367590159178],
        "cov": [[14221.1162109, 2506.16186523, -2060.97094727, 313.133728027, -580.822509766, -995.399414062, -1011.76385498, -697.883361816, -452.724395752, -560.055847168, -521.919616699, -600.417419434, 18.0243320465], [2506.16186523, 2622.45581055, 205.863952637, -300.190856934, -517.530029297, -414.389251709, 258.905761719, -152.559875488, -531.368408203, -356.628204346, 49.8452339172, 12.8412904739, -160.343002319], [-2060.97094727, 205.863952637, 936.543029785, -126.370788574, -95.2469177246, 47.9519882202, 296.265808105, 130.53678894, -144.432983398, 14.459608078, 188.334884644, 130.687911987, -80.6153717041], [313.133728027, -300.190856934, -126.370788574, 290.424438477, 140.263519287, -21.5602111816, -104.163658142, 1.3334069252, 70.9263305664, 6.80729055405, -26.8056545258, -24.7049503326, 32.5153579712], [-580.822509766, -517.530029297, -95.2469177246, 140.263519287, 410.921325684, 136.262771606, -58.1328315735, 52.2418746948, 258.090454102, 75.0449523926, -21.9118080139, -42.3100624084, 87.3795776367], [-995.399414062, -414.389251709, 47.9519882202, -21.5602111816, 136.262771606, 270.357452393, 145.858306885, 59.3915786743, 139.236160278, 78.3228225708, 26.0520496368, 27.0244216919, 24.0496044159], [-1011.76385498, 258.905761719, 296.265808105, -104.163658142, -58.1328315735, 145.858306885, 373.688201904, 85.7928619385, -63.9330482483, 0.59877294302, 125.101806641, 95.2788772583, -48.5447387695], [-697.883361816, -152.559875488, 130.53678894, 1.3334069252, 52.2418746948, 59.3915786743, 85.7928619385, 127.201454163, 39.3715019226, 41.2038040161, 47.7389183044, 45.0065307617, -10.9804811478], [-452.724395752, -531.368408203, -144.432983398, 70.9263305664, 258.090454102, 139.236160278, -63.9330482483, 39.3715019226, 288.600311279, 102.502662659, -35.3525276184, -49.3722648621, 90.3777694702], [-560.055847168, -356.628204346, 14.459608078, 6.80729055405, 75.0449523926, 78.3228225708, 0.59877294302, 41.2038040161, 102.502662659, 111.923217773, 34.9260215759, 8.13034629822, 26.1882724762], [-521.919616699, 49.8452339172, 188.334884644, -26.8056545258, -21.9118080139, 26.0520496368, 125.101806641, 47.7389183044, -35.3525276184, 34.9260215759, 130.201400757, 62.0740470886, -19.3937320709], [-600.417419434, 12.8412904739, 130.687911987, -24.7049503326, -42.3100624084, 27.0244216919, 95.2788772583, 45.0065307617, -49.3722648621, 8.13034629822, 62.0740470886, 104.092735291, -21.3112792969], [18.0243320465, -160.343002319, -80.6153717041, 32.5153579712, 87.3795776367, 24.0496044159, -48.5447387695, -10.9804811478, 90.3777694702, 26.1882724762, -19.3937320709, -21.3112792969, 76.6524734497]],
        "icov": [[0.000276840000879, -0.00030743930256, 0.000472745363368, -0.00039652310079, 0.000350690825144, -0.000267103081569, 0.000560884189326, -0.00010139142978, 0.000272421515547, 0.000223506489419, -0.000430102634709, 0.00100768508855, -0.000244312308496], [-0.00030743930256, 0.00190212274902, -0.000354335003067, 0.00155424512923, -0.000531227327883, 0.00298598618247, -0.00283161620609, 0.00119928899221, -0.000551279052161, 0.00274221692234, -0.000148332386743, -0.000368325738236, 0.000639644626062], [0.000472745363368, -0.000354335003067, 0.00269404053688, -0.000120176307973, 0.000200910420972, -7.39888710086e-05, 0.000222983318963, -0.00117718998808, 0.00137799419463, 0.000584190827794, -0.00222420063801, 0.00167462718673, -0.000122774988995], [-0.00039652310079, 0.00155424512923, -0.000120176307973, 0.00613399967551, -0.00261617149226, 0.00291433720849, -0.00140339939389, 0.000400892662583, -0.000109656939458, 0.00238031730987, -0.000470906612463, -0.00140309031121, 0.000659439072479], [0.000350690825144, -0.000531227327883, 0.000200910420972, -0.00261617149226, 0.00764292571694, -0.00250605633482, 0.00212513888255, -0.00179195101373, -0.00502583663911, 0.00306233623996, -0.00231699738652, 0.00219067395665, -0.00180735206231], [-0.000267103081569, 0.00298598618247, -7.39888710086e-05, 0.00291433720849, -0.00250605633482, 0.0154501525685, -0.0103673096746, 0.00394702283666, -0.00440745986998, -9.44533749134e-05, 0.00373311294243, -0.00215267552994, 0.00257882871665], [0.000560884189326, -0.00283161620609, 0.000222983318963, -0.00140339939389, 0.00212513888255, -0.0103673096746, 0.0130940005183, -0.00445668213069, 0.00168557255529, 0.00176598911639, -0.00625784788281, 0.000715206260793, -0.000716151378583], [-0.00010139142978, 0.00119928899221, -0.00117718998808, 0.000400892662583, -0.00179195101373, 0.00394702283666, -0.00445668213069, 0.0152288656682, -0.00386027968489, -0.00129558495246, 0.000765892560594, -0.00453688763082, 0.0052144038491], [0.000272421515547, -0.000551279052161, 0.00137799419463, -0.000109656939458, -0.00502583663911, -0.00440745986998, 0.00168557255529, -0.00386027968489, 0.017760341987, -0.0081998584792, 0.00254593137652, 0.00497700972483, -0.00820610392839], [0.000223506489419, 0.00274221692234, 0.000584190827794, 0.00238031730987, 0.00306233623996, -9.44533749134e-05, 0.00176598911639, -0.00129558495246, -0.0081998584792, 0.0280095543712, -0.0118642495945, 0.00208264752291, 0.00043584726518], [-0.000430102634709, -0.000148332386743, -0.00222420063801, -0.000470906612463, -0.00231699738652, 0.00373311294243, -0.00625784788281, 0.000765892560594, 0.00254593137652, -0.0118642495945, 0.0206863246858, -0.00655267760158, -0.000268412550213], [0.00100768508855, -0.000368325738236, 0.00167462718673, -0.00140309031121, 0.00219067395665, -0.00215267552994, 0.000715206260793, -0.00453688763082, 0.00497700972483, 0.00208264752291, -0.00655267760158, 0.0212785732001, -0.00299148494378], [-0.000244312308496, 0.000639644626062, -0.000122774988995, 0.000659439072479, -0.00180735206231, 0.00257882871665, -0.000716151378583, 0.0052144038491, -0.00820610392839, 0.00043584726518, -0.000268412550213, -0.00299148494378, 0.0242040622979]]
    },
    "melbands": {
        "dmean": [0.00454848632216, 0.00092330557527, 0.000673890172038, 0.000646885833703, 0.000610027927905, 0.000514197396114, 0.000295476813335, 0.000178477974259, 4.7934565373e-05, 4.03611265938e-05, 2.9377932151e-05, 6.40827056486e-06, 5.68262476008e-06, 6.71985935696e-06, 6.71251018503e-06, 6.19712864136e-06, 3.05005164591e-06, 3.35241429639e-06, 4.14411479142e-05, 3.24695938616e-05, 2.37138374359e-06, 2.49303207056e-06, 2.60949332187e-06, 9.50594539972e-07, 4.79980769796e-07, 5.57727616979e-07, 5.74504383621e-07, 6.46309160857e-07, 9.19336059724e-07, 6.35378910374e-07, 3.25142735846e-07, 3.00211723925e-07, 3.52876952547e-07, 2.22394959337e-07, 1.53217655452e-07, 1.6148328541e-07, 1.86265566526e-07, 5.64483002563e-07, 4.06375306738e-07, 2.3292186313e-07],
        "dmean2": [0.00779619114473, 0.00144866399933, 0.000966120802332, 0.000856511353049, 0.00087593315402, 0.000743276672438, 0.000421171484049, 0.000284694891889, 7.58814567234e-05, 6.86538114678e-05, 4.75315537187e-05, 1.06568859337e-05, 9.27439941734e-06, 1.16645423986e-05, 1.24342859635e-05, 1.18287707664e-05, 5.57130351808e-06, 6.00831981501e-06, 5.64333240618e-05, 4.69462647743e-05, 4.06022854804e-06, 4.19350635639e-06, 4.62870775664e-06, 1.68943495282e-06, 7.42362260553e-07, 9.06316245164e-07, 9.82269966698e-07, 1.09415486804e-06, 1.5789975123e-06, 1.06013408185e-06, 5.7255607544e-07, 5.05518642058e-07, 6.18724186552e-07, 3.8976969563e-07, 2.56931684817e-07, 2.77435759699e-07, 3.09689909272e-07, 1.01613056813e-06, 7.36100048471e-07, 3.91814666045e-07],
        "dvar": [0.000733728054911, 1.17235795187e-05, 7.38288918001e-06, 1.87512014236e-05, 1.33499634103e-05, 1.09165712274e-05, 6.1844616539e-06, 2.19862999984e-06, 1.14166020637e-07, 9.5305338732e-08, 3.56869733764e-08, 1.54474399938e-09, 1.76320003042e-09, 2.95585689258e-09, 4.39450342782e-09, 5.73608538446e-09, 6.41127595458e-10, 3.61252888714e-10, 5.15003009127e-08, 2.81859406925e-08, 1.39412995037e-10, 1.50167073221e-10, 2.00968644504e-10, 1.67608513874e-11, 2.85667518286e-12, 5.32659897093e-12, 5.44314810239e-12, 2.60694330706e-11, 1.22437129879e-10, 4.8986568274e-11, 7.60447000508e-12, 9.90144684992e-12, 2.23679165468e-11, 7.09993131995e-12, 2.35955439215e-12, 1.41309251626e-12, 2.68290402915e-12, 7.64734525704e-11, 2.97071672817e-11, 4.175163687e-12],
        "dvar2": [0.00205984408967, 2.4742239475e-05, 1.27303892441e-05, 2.19269313675e-05, 2.03756590054e-05, 2.28049666475e-05, 1.16659139167e-05, 5.766924005e-06, 2.85763036345e-07, 2.38338984104e-07, 8.10219447089e-08, 3.34101812882e-09, 4.32020552665e-09, 7.64776508788e-09, 1.30430652945e-08, 1.69679523765e-08, 1.85541815245e-09, 9.92444570969e-10, 7.04030966858e-08, 4.29614637198e-08, 3.11294157118e-10, 3.59191482113e-10, 5.22873522257e-10, 4.57265683651e-11, 5.20353161601e-12, 1.28938639279e-11, 1.43041420722e-11, 7.34783831002e-11, 3.4539252014e-10, 1.29908486746e-10, 2.0657017763e-11, 2.56816113514e-11, 6.22473184109e-11, 1.92540341309e-11, 5.92343014916e-12, 3.75994201052e-12, 7.09439364893e-12, 2.12434361768e-10, 8.41529693152e-11, 1.11172451453e-11],
        "max": [0.6305295825, 0.0537860766053, 0.0452318564057, 0.149446859956, 0.112854287028, 0.0624780990183, 0.0550534054637, 0.0307826250792, 0.00596022140235, 0.00597591791302, 0.00491667585447, 0.000681810081005, 0.000794899242464, 0.00106983596925, 0.00117327796761, 0.00161490857136, 0.000532658188604, 0.000356721051503, 0.00488147186115, 0.00334158702753, 0.000208141384064, 0.000253096863162, 0.000292037933832, 5.82291504543e-05, 3.31834125973e-05, 5.0879221817e-05, 4.40477269876e-05, 0.000114721922728, 0.00026295115822, 0.000171751729795, 5.70269221498e-05, 7.67520032241e-05, 0.00011363154772, 6.49668436381e-05, 3.80116107408e-05, 2.76063219644e-05, 3.92849069613e-05, 0.000210333877476, 0.000128139319713, 4.34544708696e-05],
        "mean": [0.00617427332327, 0.00144547119271, 0.00121459143702, 0.0011540974956, 0.00110078637954, 0.000687791616656, 0.000361109676305, 0.000173324588104, 5.70017255086e-05, 4.23423698521e-05, 3.24373140757e-05, 7.86573491496e-06, 5.27224528923e-06, 6.38281699139e-06, 5.66966991755e-06, 4.47309093943e-06, 2.61757031694e-06, 3.11299845634e-06, 0.000137634546263, 0.000100470912002, 2.5256238132e-06, 2.24714995056e-06, 2.1090638711e-06, 9.08860329218e-07, 6.10792596945e-07, 6.66124549298e-07, 1.09994698505e-06, 9.78637899607e-07, 7.56376152822e-07, 5.3454175486e-07, 2.7961283422e-07, 3.58922903843e-07, 4.28429075328e-07, 1.78716206278e-07, 1.20435686313e-07, 1.91888858581e-07, 1.86402346003e-07, 3.658324772e-07, 3.22351468185e-07, 2.12710091319e-07],
        "median": [0.000269249780104, 2.24522482313e-05, 3.79794164473e-06, 1.82513963409e-06, 1.57286740432e-06, 9.4757331226e-07, 4.58855197394e-07, 3.49644949438e-07, 2.1702334152e-07, 2.10397402611e-07, 1.05106195747e-07, 6.52555485203e-08, 5.12175972744e-08, 4.66266314447e-08, 3.7640255357e-08, 3.73391131347e-08, 3.9011652575e-08, 4.81261324126e-08, 1.41209653748e-07, 1.62586218266e-07, 5.11019564442e-08, 2.40075443969e-08, 2.12843733749e-08, 1.53464476682e-08, 1.21497460981e-08, 1.13722276041e-08, 1.2640873237e-08, 1.02570076876e-08, 7.81521158899e-09, 6.18240925121e-09, 4.53850734772e-09, 3.88081211611e-09, 3.81043507858e-09, 3.62502405871e-09, 3.47482664864e-09, 4.15550083233e-09, 3.65143826286e-09, 2.84386736382e-09, 3.36881589291e-09, 3.20281068333e-09],
        "min": [2.56769796397e-11, 1.54423557275e-11, 6.59779869627e-12, 3.13077970666e-12, 2.2240061355e-12, 9.34573815906e-13, 5.22089262014e-13, 1.26586404119e-12, 1.31736527069e-12, 5.71615617253e-13, 2.8125806263e-13, 3.25890383472e-13, 9.33152210017e-13, 9.92513363163e-13, 3.83911381418e-13, 2.16738844754e-13, 2.06888922227e-13, 2.77633628977e-13, 6.85569060289e-13, 5.2773199222e-13, 3.81785450693e-13, 2.07501645532e-13, 2.10105153761e-13, 3.18013708899e-13, 1.19801344951e-13, 1.57197700495e-13, 2.06269178712e-13, 3.26432484559e-13, 2.68109726044e-13, 1.32944143975e-12, 7.70859884171e-13, 3.22512605814e-13, 3.03490603959e-13, 2.22514213544e-13, 3.8473602559e-13, 1.27383319821e-13, 1.29524713979e-13, 4.53907473674e-14, 4.34891136774e-13, 8.61485795894e-13],
        "stdev": [0.0408606156707, 0.00513639254496, 0.00434662401676, 0.00776702631265, 0.00673316512257, 0.00399642437696, 0.00305150775239, 0.00141258572694, 0.000392828223994, 0.000305574998492, 0.000193220723304, 4.11199798691e-05, 3.8575657527e-05, 4.84999436594e-05, 5.19200948474e-05, 5.49734577362e-05, 1.91371218534e-05, 1.59779065143e-05, 0.000485492928419, 0.000346722314134, 1.33200428536e-05, 1.21460989249e-05, 1.22805831779e-05, 3.53835139322e-06, 2.28877161135e-06, 2.57100009549e-06, 2.83319900518e-06, 4.2679789658e-06, 8.69531140779e-06, 5.93007462157e-06, 2.38940106101e-06, 2.68973167294e-06, 3.75417016585e-06, 2.1593261863e-06, 1.3625867723e-06, 1.04387765987e-06, 1.38460438848e-06, 6.85418854118e-06, 4.18259332946e-06, 1.72723378e-06],
        "var": [0.00166959001217, 2.63825295406e-05, 1.88931389857e-05, 6.03266962571e-05, 4.53355132777e-05, 1.59714072652e-05, 9.31169961405e-06, 1.99539840651e-06, 1.54314008682e-07, 9.33760802013e-08, 3.73342494697e-08, 1.69085268009e-09, 1.48808143585e-09, 2.35224462131e-09, 2.69569633282e-09, 3.02208125191e-09, 3.66229407911e-10, 2.552934808e-10, 2.35703382145e-07, 1.20216370192e-07, 1.77423548076e-10, 1.47527712269e-10, 1.50812723421e-10, 1.25199312723e-11, 5.23847588571e-12, 6.61004107352e-12, 8.02701655145e-12, 1.82156460055e-11, 7.56084431175e-11, 3.51657869491e-11, 5.70923690268e-12, 7.23465688399e-12, 1.4093792973e-11, 4.66268993901e-12, 1.85664266079e-12, 1.08968053764e-12, 1.91712943264e-12, 4.6979902607e-11, 1.74940877756e-11, 2.98333645114e-12]
    },
    "melbands128": {
