{
"lowlevel": {
    "average_loudness": 0.842604458332,
    "barkbands_crest": {
        "dmean": 1.67300486565,
        "dmean2": 2.5041115284,
        "dvar": 2.09891200066,
        "dvar2": 5.26688432693,
        "max": 18.7381801605,
        "mean": 8.56700801849,
        "median": 8.48117160797,
        "min": 3.13627076149,
        "stdev": 2.87887239456,
        "var": 8.28790664673
    },
    "barkbands_flatness_db": {
        "dmean": 0.0157373175025,
        "dmean2": 0.0207598078996,
        "dvar": 0.000291477859719,
        "dvar2": 0.000554580008611,
        "max": 0.270326018333,
        "mean": 0.14535599947,
        "median": 0.139250665903,
        "min": 0.0290461461991,
        "stdev": 0.0701638758183,
        "var": 0.00492296926677
    },
    "barkbands_kurtosis": {
        "dmean": 5.11977100372,
        "dmean2": 7.97542667389,
        "dvar": 55.1661376953,
        "dvar2": 130.371582031,
        "max": 68.6477355957,
        "mean": 15.8120908737,
        "median": 2.49091434479,
        "min": -1.92749595642,
        "stdev": 21.8464412689,
        "var": 477.267028809
    },
    "barkbands_skewness": {
        "dmean": 0.603137671947,
        "dmean2": 0.903041064739,
        "dvar": 0.280968368053,
        "dvar2": 0.584149003029,
        "max": 7.04115152359,
        "mean": -1.49302470684,
        "median": -1.27643704414,
        "min": -6.69579219818,
        "stdev": 3.15274739265,
        "var": 9.93981647491
    },
    "barkbands_spread": {
        "dmean": 9.22091579437,
        "dmean2": 14.9453611374,
        "dvar": 175.720230103,
        "dvar2": 374.337890625,
        "max": 129.166671753,
        "mean": 40.6392250061,
        "median": 40.8588752747,
        "min": 2.33881783485,
        "stdev": 33.1796112061,
        "var": 1100.88647461
    },
    "dissonance": {
        "dmean": 0.00988377537578,
        "dmean2": 0.016597468406,
        "dvar": 0.000114455942821,
        "dvar2": 0.000280238804407,
        "max": 0.499861896038,
        "mean": 0.488778710365,
        "median": 0.493374168873,
        "min": 0.432325333357,
        "stdev": 0.0127571402118,
        "var": 0.000162744632689
    },
    "dynamic_complexity": 11.5943813324,
    "erbbands_crest": {
        "dmean": 2.29331111908,
        "dmean2": 3.62241292,
        "dvar": 4.56423044205,
        "dvar2": 10.1461725235,
        "max": 16.1848735809,
        "mean": 7.95093822479,
        "median": 7.63029193878,
        "min": 2.70935750008,
        "stdev": 2.98302674294,
        "var": 8.89844894409
    },
    "erbbands_flatness_db": {
        "dmean": 0.0135174449533,
        "dmean2": 0.0202733036131,
        "dvar": 9.85632868833e-05,
        "dvar2": 0.000212811355595,
        "max": 0.23413823545,
        "mean": 0.140298813581,
        "median": 0.132648795843,
        "min": 0.0388227142394,
        "stdev": 0.0475611276925,
        "var": 0.00226206076331
    },
    "erbbands_kurtosis": {
        "dmean": 1.18784666061,
        "dmean2": 1.75406002998,
        "dvar": 1.85426366329,
        "dvar2": 3.95443034172,
        "max": 16.5677318573,
        "mean": 2.85022377968,
        "median": 1.00506925583,
        "min": -1.73378372192,
        "stdev": 4.30440473557,
        "var": 18.5278987885
    },
    "erbbands_skewness": {
        "dmean": 0.332625448704,
        "dmean2": 0.506045103073,
        "dvar": 0.0675366967916,
        "dvar2": 0.157453581691,
        "max": 0.456415086985,
        "mean": -1.15648019314,
        "median": -1.12388539314,
        "min": -3.07370686531,
        "stdev": 0.986208379269,
        "var": 0.972607016563
    },
    "erbbands_spread": {
        "dmean": 8.66378498077,
        "dmean2": 13.7951517105,
        "dvar": 65.8718643188,
        "dvar2": 144.212097168,
        "max": 128.471130371,
        "mean": 42.9705238342,
        "median": 39.6064338684,
        "min": 10.4870824814,
        "stdev": 26.1871471405,
        "var": 685.766723633
    },
    "hfc": {
        "dmean": 263.234466553,
        "dmean2": 289.76663208,
        "dvar": 363553.84375,
        "dvar2": 441724.46875,
        "max": 9223.20800781,
        "mean": 1004.33117676,
        "median": 79.545463562,
        "min": 0.00295935128815,
        "stdev": 1994.34155273,
        "var": 3977398.25
    },
    "loudness_ebu128": {
        "integrated": -30.8423671722,
        "loudness_range": 0,
        "momentary": {
            "dmean": 3.08156013489,
            "dmean2": 1.43032336235,
            "dvar": 3.8488266468,
            "dvar2": 2.4124417305,
            "max": -27.1275405884,
            "mean": -39.6331481934,
            "median": -39.3543777466,
            "min": -60.9015274048,
            "stdev": 9.74156665802,
            "var": 94.8981246948
        },
        "short_term": {
            "dmean": 0,
            "dmean2": 0,
            "dvar": 0,
            "dvar2": 0,
            "max": -35.1166305542,
            "mean": -35.1166305542,
            "median": -35.1166305542,
            "min": -35.1166305542,
            "stdev": 0,
            "var": 0
        }
    },
    "melbands_crest": {
        "dmean": 3.70297384262,
        "dmean2": 5.91801023483,
        "dvar": 12.4962377548,
        "dvar2": 30.8620738983,
        "max": 30.278673172,
        "mean": 12.8948974609,
        "median": 10.6816368103,
        "min": 3.63065099716,
        "stdev": 6.66741132736,
        "var": 44.4543762207
    },
    "melbands_flatness_db": {
        "dmean": 0.0206535980105,
        "dmean2": 0.0323288813233,
        "dvar": 0.000548604351934,
        "dvar2": 0.00117497972678,
        "max": 0.342272609472,
        "mean": 0.112723648548,
        "median": 0.086871907115,
        "min": 0.019757354632,
        "stdev": 0.0764559730887,
        "var": 0.00584551598877
    },
    "melbands_kurtosis": {
        "dmean": 7.35350036621,
        "dmean2": 10.5498600006,
        "dvar": 581.156005859,
        "dvar2": 1423.33251953,
        "max": 239.569030762,
        "mean": 14.4229431152,
        "median": 0.634255409241,
        "min": -1.54413282871,
        "stdev": 40.5679664612,
        "var": 1645.76000977
    },
    "melbands_skewness": {
        "dmean": 0.734669268131,
        "dmean2": 1.11038839817,
        "dvar": 0.964940011501,
        "dvar2": 2.27135562897,
        "max": 13.6671142578,
        "mean": 1.4664260149,
        "median": 0.890473484993,
        "min": -2.39258003235,
        "stdev": 3.28960704803,
        "var": 10.8215150833
    },
    "melbands_spread": {
        "dmean": 29.7313232422,
        "dmean2": 48.1143379211,
        "dvar": 793.868774414,
        "dvar2": 1859.37890625,
        "max": 237.398773193,
        "mean": 115.824111938,
        "median": 110.189811707,
        "min": 2.45427680016,
        "stdev": 62.1324043274,
        "var": 3860.43579102
    },
    "pitch_salience": {
        "dmean": 0.0414754487574,
        "dmean2": 0.0645893588662,
        "dvar": 0.0015732597094,
        "dvar2": 0.00316249183379,
        "max": 0.821917653084,
        "mean": 0.680795371532,
        "median": 0.714616775513,
        "min": 0.340966761112,
        "stdev": 0.115233957767,
        "var": 0.0132788643241
    },
    "silence_rate_20dB": {
        "dmean": 0.0227272734046,
        "dmean2": 0.045977011323,
        "dvar": 0.0222107488662,
        "dvar2": 0.0438630953431,
        "max": 1,
        "mean": 0.887640476227,
        "median": 1,
        "min": 0,
        "stdev": 0.315808355808,
        "var": 0.0997349247336
    },
    "silence_rate_30dB": {
        "dmean": 0.0227272734046,
        "dmean2": 0.045977011323,
        "dvar": 0.0222107488662,
        "dvar2": 0.043863106519,
        "max": 1,
        "mean": 0.786516845226,
        "median": 1,
        "min": 0,
        "stdev": 0.409765958786,
        "var": 0.167908132076
    },
    "silence_rate_60dB": {
        "dmean": 0.0227272734046,
        "dmean2": 0.045977011323,
        "dvar": 0.0222107488662,
        "dvar2": 0.0438631474972,
        "max": 1,
        "mean": 0.303370773792,
        "median": 0,
        "min": 0,
        "stdev": 0.459713995457,
        "var": 0.211336955428
    },
    "spectral_centroid": {
        "dmean": 382.934967041,
        "dmean2": 576.325195312,
        "dvar": 97072.2421875,
        "dvar2": 197238.375,
        "max": 6833.65722656,
        "mean": 4117.27294922,
        "median": 4083.33325195,
        "min": 682.858703613,
        "stdev": 1566.06750488,
        "var": 2452567.25
    },
    "spectral_complexity": {
        "dmean": 2.90909099579,
        "dmean2": 4.34482765198,
        "dvar": 11.2190132141,
        "dvar2": 24.4787940979,
        "max": 38,
        "mean": 10.8876399994,
        "median": 8,
        "min": 0,
        "stdev": 9.97349262238,
        "var": 99.4705505371
    },
    "spectral_decrease": {
        "dmean": 1.00223729316e-09,
        "dmean2": 1.29530630666e-09,
        "dvar": 5.10718929137e-18,
        "dvar2": 8.99277343871e-18,
        "max": 2.5424217398e-08,
        "mean": 1.50138879107e-09,
        "median": -2.51271059515e-10,
        "min": -3.11081027604e-09,
        "stdev": 5.59193802374e-09,
        "var": 3.12697730387e-17
    },
    "spectral_energy": {
        "dmean": 0.0213177334517,
        "dmean2": 0.0235787257552,
        "dvar": 0.00219772895798,
        "dvar2": 0.00258519570343,
        "max": 0.740614891052,
        "mean": 0.0854291990399,
        "median": 0.0116861835122,
        "min": 6.90059096087e-06,
        "stdev": 0.160480946302,
        "var": 0.0257541332394
    },
    "spectral_energyband_high": {
        "dmean": 0.0207778289914,
        "dmean2": 0.0227432586253,
        "dvar": 0.00214031198993,
        "dvar2": 0.00249796221033,
        "max": 0.729328036308,
        "mean": 0.081484310329,
        "median": 0.00733627472073,
        "min": 1.88210009355e-07,
        "stdev": 0.158051371574,
        "var": 0.0249802339822
    },
    "spectral_energyband_low": {
        "dmean": 0.000324179360177,
        "dmean2": 0.000551994424313,
        "dvar": 7.37331973255e-08,
        "dvar2": 1.97764975951e-07,
        "max": 0.0019381842576,
        "mean": 0.00056114490144,
        "median": 0.000495995685924,
        "min": 4.32495517089e-06,
        "stdev": 0.000346202112269,
        "var": 1.19855897651e-07
    },
    "spectral_energyband_middle_high": {
        "dmean": 0.000821987341624,
        "dmean2": 0.00118505151477,
        "dvar": 1.44147929859e-06,
        "dvar2": 2.81368875221e-06,
        "max": 0.00992874521762,
        "mean": 0.0019710555207,
        "median": 0.00131056935061,
        "min": 1.6264181113e-07,
        "stdev": 0.00222780718468,
        "var": 4.96312441101e-06
    },
    "spectral_energyband_middle_low": {
        "dmean": 0.00025351162185,
        "dmean2": 0.000448629609309,
        "dvar": 2.90370707035e-07,
        "dvar2": 9.5699567737e-07,
        "max": 0.00363398343325,
        "mean": 0.000436031026766,
        "median": 0.000172127154656,
        "min": 1.17575245895e-06,
        "stdev": 0.00058957899455,
        "var": 3.47603361206e-07
    },
    "spectral_entropy": {
        "dmean": 0.0531365275383,
        "dmean2": 0.0837724506855,
        "dvar": 0.00192790850997,
        "dvar2": 0.00432448461652,
        "max": 9.11992073059,
        "mean": 8.74446582794,
        "median": 8.8162946701,
        "min": 7.92928552628,
        "stdev": 0.293303132057,
        "var": 0.0860267207026
    },
    "spectral_flux": {
        "dmean": 0.015664530918,
        "dmean2": 0.0159491561353,
        "dvar": 0.000410713226302,
        "dvar2": 0.000373319431674,
        "max": 0.55791079998,
        "mean": 0.132213503122,
        "median": 0.0707412660122,
        "min": 0.00888242293149,
        "stdev": 0.142810508609,
        "var": 0.0203948393464
    },
    "spectral_kurtosis": {
        "dmean": 0.219763934612,
        "dmean2": 0.350178718567,
        "dvar": 0.0415847189724,
        "dvar2": 0.0849228352308,
        "max": 3.44210290909,
        "mean": 0.329089462757,
        "median": 0.114550828934,
        "min": -0.627339363098,
        "stdev": 0.771130740643,
        "var": 0.594642579556
    },
    "spectral_rms": {
        "dmean": 0.000809529970866,
        "dmean2": 0.000884567794856,
        "dvar": 1.26337306483e-06,
        "dvar2": 1.33122398438e-06,
        "max": 0.0268803108484,
        "mean": 0.00621455162764,
        "median": 0.0033765595872,
        "min": 8.20504938019e-05,
        "stdev": 0.00668766908348,
        "var": 4.47249185527e-05
    },
    "spectral_rolloff": {
        "dmean": 537.351379395,
        "dmean2": 848.210205078,
        "dvar": 466491.53125,
        "dvar2": 869289.5625,
        "max": 16106.8359375,
        "mean": 11046.7763672,
        "median": 12962.9882812,
        "min": 64.599609375,
        "stdev": 4922.17724609,
        "var": 24227828
    },
    "spectral_skewness": {
        "dmean": 0.0818931534886,
        "dmean2": 0.129073873162,
        "dvar": 0.0049177990295,
        "dvar2": 0.0111393257976,
        "max": 1.56522262096,
        "mean": 0.694522500038,
        "median": 0.730411827564,
        "min": 0.253572970629,
        "stdev": 0.258172780275,
        "var": 0.0666531771421
    },
    "spectral_spread": {
        "dmean": 619263.25,
        "dmean2": 1009148.8125,
        "dvar": 184569233408,
        "dvar2": 414070800384,
        "max": 13607653,
        "mean": 10523948,
        "median": 10909298,
        "min": 6754077.5,
        "stdev": 1910221.25,
        "var": 3.64894538957e+12
    },
    "spectral_strongpeak": {
        "dmean": 3.93243861198,
        "dmean2": 6.37345600128,
        "dvar": 57.2729492188,
        "dvar2": 155.464645386,
        "max": 67.7340164185,
        "mean": 8.65874385834,
        "median": 1.3776088953,
        "min": 0,
        "stdev": 15.6136875153,
        "var": 243.787246704
    },
    "zerocrossingrate": {
        "dmean": 0.0207075644284,
        "dmean2": 0.0246104970574,
        "dvar": 0.000739117502235,
        "dvar2": 0.000614289310761,
        "max": 0.57470703125,
        "mean": 0.354958534241,
        "median": 0.38037109375,
        "min": 0.03125,
        "stdev": 0.161939054728,
        "var": 0.0262242592871
    },
    "barkbands": {
        "dmean": [0.000118651238154, 0.000243968781433, 0.000105235238152, 3.72615431843e-05, 5.27643387613e-05, 3.83203005185e-05, 3.15762918035e-05, 3.07489899569e-05, 0.00012299734226, 0.000173080596142, 0.000372875685571, 0.000207416524063, 4.67969548481e-05, 5.40313812962e-05, 4.45177574875e-05, 4.0230457671e-05, 3.24241191265e-05, 4.04670572607e-05, 9.13283292903e-05, 0.000204679614399, 0.000332572846673, 0.000516379601322, 0.00121165020391, 0.00267378939316, 0.006686411798, 0.0101921986789, 0.00308184931055],
        "dmean2": [0.000202648690902, 0.00041211079224, 0.000185775134014, 6.43043604214e-05, 7.69430989749e-05, 6.26731780358e-05, 5.14686325914e-05, 4.49317813036e-05, 0.000219127075979, 0.000293187855277, 0.000474650674732, 0.000313904834911, 7.47243175283e-05, 8.53758465382e-05, 7.66358934925e-05, 6.1015078245e-05, 4.7816974984e-05, 6.14868404227e-05, 0.000148900071508, 0.000330799783114, 0.000470816012239, 0.000820844084956, 0.00198643142357, 0.00402770005167, 0.00971874315292, 0.0110310707241, 0.00423581479117],
        "dvar": [1.04883977059e-08, 4.75480739226e-08, 7.06458358479e-09, 4.95886753882e-09, 2.41607107654e-08, 1.10691127375e-08, 8.02354183094e-09, 5.15210540897e-09, 2.12753832329e-07, 2.23128779453e-07, 8.89311024821e-07, 5.40378152891e-07, 6.11083494917e-09, 5.93377968983e-09, 2.32451768944e-09, 4.28686863785e-09, 1.74129721753e-09, 3.04309533128e-09, 1.84881638887e-08, 1.65369087313e-07, 2.67417419764e-07, 1.14067165669e-06, 1.02568583316e-05, 2.47017960646e-05, 0.000179402952199, 0.000746899866499, 6.05856912443e-05],
        "dvar2": [3.10544265858e-08, 1.2806518157e-07, 1.97212361996e-08, 9.31575350194e-09, 5.2363557046e-08, 2.97734352728e-08, 1.39578677505e-08, 7.6007014016e-09, 6.55728513266e-07, 5.26483802332e-07, 1.49278275785e-06, 1.08073516003e-06, 1.40461260401e-08, 1.35728779327e-08, 5.63985524948e-09, 8.28782997786e-09, 3.55190343804e-09, 7.61466267818e-09, 5.77891938747e-08, 4.18864345875e-07, 8.54700203945e-07, 2.55786130765e-06, 3.0270221032e-05, 5.51256416657e-05, 0.00047555018682, 0.000891720002983, 9.90020489553e-05],
        "max": [0.00065919640474, 0.00145976606291, 0.000433414272266, 0.000563749752473, 0.00159763847478, 0.000984530663118, 0.00100603455212, 0.000782674469519, 0.00325544923544, 0.00354063184932, 0.00894595962018, 0.00632426142693, 0.000895108445548, 0.000510004814714, 0.000347950437572, 0.00054777256446, 0.000463281932753, 0.000521873240359, 0.0011653926922, 0.00342744030058, 0.00618623290211, 0.012732854113, 0.031607478857, 0.0721347033978, 0.158844456077, 0.364062875509, 0.107861854136],
        "mean": [0.000211568796658, 0.000330163515173, 0.000120569835417, 4.74562257295e-05, 7.55878063501e-05, 4.65605626232e-05, 5.73269389861e-05, 4.34275279986e-05, 0.000114428483357, 0.000208030061913, 0.000574552512262, 0.000309214490699, 8.91110757948e-05, 9.32612310862e-05, 7.97180546215e-05, 9.49639943428e-05, 7.311317313e-05, 8.67323615239e-05, 0.000196157969185, 0.000491537037306, 0.00110665429384, 0.00143704633228, 0.00320779369213, 0.0104424990714, 0.0220018122345, 0.0329669266939, 0.0101642506197],
        "median": [0.000181563344086, 0.000275615428109, 0.000104035469121, 2.17780980165e-05, 2.01285693038e-05, 8.90649516805e-06, 7.89014120528e-06, 1.01673613244e-05, 2.03522813536e-05, 1.90117953025e-05, 2.88095361611e-05, 4.76713867101e-05, 3.41946870321e-05, 5.73680335947e-05, 6.03360022069e-05, 6.58508433844e-05, 5.51906305191e-05, 5.05379211972e-05, 0.000107173196739, 0.000240701134317, 0.000545530812815, 0.000662010512315, 0.000715431990102, 0.00158024614211, 0.00150926900096, 0.00163391151, 0.000380563607905],
        "min": [2.51330106948e-06, 1.90382650089e-06, 9.46383295286e-07, 4.2303949499e-07, 3.96321325979e-07, 1.33804746838e-07, 4.83892819148e-08, 1.9994068623e-08, 2.04905568069e-08, 2.33660664151e-08, 2.09484127822e-08, 2.51804834761e-08, 2.33786749959e-08, 1.20646843627e-08, 9.41800770704e-09, 1.03135580076e-08, 8.97841712089e-09, 1.06502362485e-08, 9.91378712456e-09, 1.49644492353e-08, 2.65439812352e-08, 3.83224758593e-08, 1.42924498903e-08, 1.96769303074e-08, 2.39946889025e-08, 2.96484863327e-08, 3.50812321415e-08],
        "stdev": [0.000117525290989, 0.000262235844275, 9.88578831311e-05, 9.48192828218e-05, 0.000208391764318, 0.000121538665553, 0.000174374334165, 0.000114080350613, 0.00041343391058, 0.00057005736744, 0.00162355205975, 0.000986204482615, 0.000141345983138, 0.000107888634375, 7.80443733674e-05, 0.000105229009932, 7.77894820203e-05, 9.81654447969e-05, 0.000219373396249, 0.000670443172567, 0.00147096556611, 0.00215657404624, 0.00535712204874, 0.0177738424391, 0.0408102609217, 0.0724379196763, 0.0219554398209],
        "var": [1.3812193167e-08, 6.87676333655e-08, 9.77288117099e-09, 8.99069707572e-09, 4.34271250072e-08, 1.47716479049e-08, 3.04064080581e-08, 1.30143265054e-08, 1.70927606291e-07, 3.24965412801e-07, 2.63592141891e-06, 9.72599309534e-07, 1.99786853727e-08, 1.16399574424e-08, 6.09092420945e-09, 1.10731450675e-08, 6.05120398234e-09, 9.63645518937e-09, 4.81246900108e-08, 4.49494024224e-07, 2.16373973672e-06, 4.65081120637e-06, 2.86987542495e-05, 0.000315909506753, 0.00166547729168, 0.00524725252762, 0.000482041359646]
    },
    "erbbands": {
        "dmean": [0.00902526918799, 0.0518890023232, 0.121673218906, 0.12473141402, 0.0887262299657, 0.231261730194, 0.270652264357, 0.293053269386, 0.426032423973, 0.527361512184, 0.686865508556, 2.24678087234, 4.36973524094, 11.0644884109, 10.9564523697, 7.75042247772, 2.43814063072, 2.44945883751, 2.8203356266, 1.83884477615, 2.21159005165, 1.77084362507, 2.13942313194, 3.51557517052, 5.51982688904, 9.53672885895, 12.803191185, 15.6247367859, 16.7191295624, 16.7579421997, 36.844329834, 63.6054039001, 47.1235847473, 30.0981769562, 65.7624206543, 64.900642395, 14.4475641251, 3.49126124382, 0.544997990131, 0.0273413434625],
        "dmean2": [0.0154960388318, 0.0901049226522, 0.209998816252, 0.214832663536, 0.121828898787, 0.376926809549, 0.413714796305, 0.508449018002, 0.682568907738, 0.72830748558, 1.04121661186, 4.11469554901, 7.73688077927, 15.3030967712, 16.4642982483, 11.667801857, 3.70946097374, 4.06341505051, 4.56062650681, 2.73162341118, 3.01229119301, 2.74736404419, 3.34720349312, 5.65898799896, 8.81499862671, 14.9818000793, 18.8814620972, 22.6355381012, 26.1037197113, 30.6695842743, 60.5112190247, 93.9040679932, 74.2855300903, 47.9640808105, 89.8726730347, 80.2227935791, 18.0267734528, 4.70899677277, 0.798802852631, 0.0401441007853],
        "dvar": [9.06046698219e-05, 0.00216994690709, 0.00833000708371, 0.0346060059965, 0.0364918895066, 0.71033936739, 0.543249547482, 0.363066464663, 1.32525873184, 1.35922265053, 2.10556006432, 53.7492790222, 181.697799683, 907.756652832, 670.905578613, 562.580932617, 19.2625865936, 12.8295497894, 14.0383214951, 3.94455695152, 15.1353912354, 6.36044025421, 8.89713096619, 31.8380680084, 86.3274459839, 294.429443359, 394.093658447, 809.559020996, 1073.88745117, 644.601989746, 10763.9355469, 15500.0878906, 7793.69335938, 4107.203125, 17851.6542969, 31107.6308594, 1535.97387695, 74.7536239624, 2.26477408409, 0.00520289735869],
        "dvar2": [0.000215279666008, 0.00624043354765, 0.0276622138917, 0.0811602547765, 0.0477435439825, 1.52636373043, 1.18903768063, 1.06756138802, 2.52220845222, 1.5027230978, 4.04761362076, 154.699066162, 542.109436035, 1511.22668457, 1466.08056641, 1598.41687012, 48.0130882263, 33.740234375, 37.9754905701, 8.57122707367, 31.8914279938, 13.5896654129, 23.3305454254, 91.7560272217, 245.238952637, 731.848754883, 968.688232422, 2012.11901855, 2328.15942383, 1994.26599121, 29936.9199219, 34513.2070312, 20074.4453125, 10999.0341797, 39451.6992188, 43134.9804688, 2437.61376953, 142.187133789, 4.05859184265, 0.0121999653056],
        "max": [0.0632506683469, 0.278015583754, 0.495970457792, 1.28348624706, 2.33561611176, 7.55154371262, 6.86894369125, 4.9598903656, 12.1077194214, 14.744764328, 14.9829978943, 46.1423454285, 91.6201477051, 314.075286865, 179.497528076, 208.171340942, 46.4796066284, 22.4742622375, 27.8231430054, 17.417673111, 36.5973587036, 27.1226100922, 26.2179069519, 46.206237793, 79.4841995239, 188.627731323, 222.660995483, 367.730804443, 421.217102051, 272.041168213, 1060.87304688, 1547.96020508, 1164.84460449, 776.029174805, 1771.67626953, 2116.47363281, 516.779663086, 114.139427185, 19.2450447083, 0.85822224617],
        "mean": [0.0115559073165, 0.0660909339786, 0.145629018545, 0.165349289775, 0.171820789576, 0.298985898495, 0.32277327776, 0.380826115608, 0.667584776878, 0.986503064632, 1.07880759239, 2.40905308723, 4.88576984406, 18.3238639832, 16.7652740479, 10.7788143158, 4.42489242554, 4.44232988358, 4.99120044708, 3.9992544651, 5.27118349075, 4.20253133774, 4.4692325592, 7.39469861984, 13.0330181122, 23.4839191437, 38.5671653748, 48.1528320312, 51.3370628357, 50.1773223877, 106.029876709, 206.030715942, 164.938705444, 101.577720642, 240.162612915, 186.80418396, 45.418346405, 11.4696760178, 1.85971570015, 0.0855926275253],
        "median": [0.00762937683612, 0.0506796613336, 0.117596834898, 0.0959254130721, 0.0603737048805, 0.068557575345, 0.0719588026404, 0.0582179501653, 0.112926207483, 0.160464823246, 0.321031540632, 0.529918313026, 0.680736541748, 1.01474690437, 1.50751340389, 2.78960084915, 1.8256456852, 2.56971144676, 3.52187633514, 2.84761667252, 3.61995339394, 3.15703964233, 2.92266273499, 4.31742811203, 7.08892726898, 11.2475242615, 17.2306442261, 21.8237266541, 25.1197166443, 20.1082077026, 23.1543807983, 34.352596283, 27.5666389465, 15.3263835907, 11.8575696945, 8.4484500885, 2.85439538956, 0.446125656366, 0.0684666186571, 0.00428690994158],
        "min": [8.32486184663e-05, 0.00034406335908, 0.00101005658507, 0.00164856470656, 0.00152142171282, 0.00121391669381, 0.000961835263297, 0.00105048215482, 0.000754014530685, 0.000594697659835, 0.000419230549596, 0.000535459374078, 0.000568160787225, 0.000941635342315, 0.00080950697884, 0.00116422586143, 0.00110704207327, 0.000639636768028, 0.00046312820632, 0.000577521976084, 0.000548256619368, 0.000566118163988, 0.000613786280155, 0.000512225669809, 0.000735911773518, 0.000539972272236, 0.000795069849119, 0.0012474518735, 0.00180226343218, 0.000518553773873, 0.000459142116597, 0.000478879985167, 0.000251549412496, 0.000174475746462, 0.00022514462762, 0.000126080660266, 5.38764725206e-05, 1.77681704372e-05, 5.48793695998e-06, 4.88193904857e-07],
        "stdev": [0.0115808453411, 0.0515774860978, 0.104289740324, 0.238519072533, 0.401387900114, 0.978795588017, 0.904824495316, 0.831822454929, 2.01701283455, 2.59465241432, 2.36714601517, 7.59813499451, 14.6289043427, 52.1692695618, 38.4215278625, 28.2458896637, 6.75547885895, 4.93725728989, 5.23752164841, 3.80619168282, 6.11246442795, 4.53715658188, 4.86572599411, 9.12656593323, 14.9212493896, 31.982093811, 49.6949310303, 70.4588317871, 74.6569366455, 69.9386291504, 178.353561401, 356.204742432, 281.618286133, 174.286071777, 456.463623047, 413.538452148, 98.3675537109, 23.7780246735, 4.13632678986, 0.180507645011],
        "var": [0.000134115980472, 0.00266023725271, 0.0108763501048, 0.0568913444877, 0.161112248898, 0.958040833473, 0.818707346916, 0.691928565502, 4.06834125519, 6.73222160339, 5.60337972641, 57.7316551208, 214.004852295, 2721.6328125, 1476.21386719, 797.83026123, 45.6364974976, 24.3765087128, 27.431634903, 14.4870948792, 37.3622207642, 20.5857887268, 23.6752910614, 83.2942047119, 222.643676758, 1022.85430908, 2469.58618164, 4964.44726562, 5573.65869141, 4891.41210938, 31809.9921875, 126881.828125, 79308.8671875, 30375.6367188, 208359.03125, 171014.0625, 9676.17578125, 565.394470215, 17.1091976166, 0.0325830094516]
    },
    "gfcc": {
        "mean": [-11.3987264633, -72.4565811157, -58.9668579102, 26.4692192078, -40.5850563049, 39.1844825745, -19.5184841156, 11.5899219513, -25.5316486359, 9.27104854584, -16.8628997803, 4.03359174728, -10.8763246536],
        "cov": [[12948.9150391, -5489.97314453, -159.751220703, -1879.47033691, -1175.63708496, -387.019165039, -335.892974854, 484.058013916, 60.7863807678, 317.204956055, -118.609519958, -262.576141357, 177.91998291], [-5489.97314453, 3134.55151367, -301.288269043, 879.459777832, 473.071258545, 187.776367188, 68.9450378418, -267.478302002, -95.2341537476, -183.252670288, 67.519317627, 153.311355591, -92.2676773071], [-159.751220703, -301.288269043, 576.640136719, 100.986442566, 86.0358352661, -174.73828125, -130.896987915, -83.4804840088, 84.0385742188, 137.780334473, 29.6507987976, -55.7695884705, -3.78372550011], [-1879.47033691, 879.459777832, 100.986442566, 419.351196289, 240.763519287, 48.4019775391, -8.88416099548, -114.557060242, -5.59605979919, -21.1758441925, 26.1721973419, 24.3202800751, -37.2913780212], [-1175.63708496, 473.071258545, 86.0358352661, 240.763519287, 186.192321777, 57.5434417725, 34.0349082947, -62.4863929749, -0.0391411557794, -20.8511886597, 12.6843929291, 22.0195808411, -13.9811029434], [-387.019165039, 187.776367188, -174.73828125, 48.4019775391, 57.5434417725, 197.417297363, 162.72958374, 76.51927948, -38.1490325928, -99.0248718262, -33.5625038147, 35.9503326416, 15.1796455383], [-335.892974854, 68.9450378418, -130.896987915, -8.88416099548, 34.0349082947, 162.72958374, 255.56060791, 112.657394409, -41.2622642517, -143.554672241, -74.9742355347, 29.0271224976, 32.763256073], [484.058013916, -267.478302002, -83.4804840088, -114.557060242, -62.4863929749, 76.51927948, 112.657394409, 123.526435852, -4.46379947662, -58.0255012512, -53.0992660522, -5.95928192139, 25.5639877319], [60.7863807678, -95.2341537476, 84.0385742188, -5.59605979919, -0.0391411557794, -38.1490325928, -41.2622642517, -4.46379947662, 61.2134017944, 71.7699661255, 27.7609786987, -17.1634502411, -12.6707792282], [317.204956055, -183.252670288, 137.780334473, -21.1758441925, -20.8511886597, -99.0248718262, -143.554672241, -58.0255012512, 71.7699661255, 165.574417114, 87.8519287109, -19.8974170685, -39.7503623962], [-118.609519958, 67.519317627, 29.6507987976, 26.1721973419, 12.6843929291, -33.5625038147, -74.9742355347, -53.0992660522, 27.7609786987, 87.8519287109, 95.6644973755, 23.3144283295, -38.8344078064], [-262.576141357, 153.311355591, -55.7695884705, 24.3202800751, 22.0195808411, 35.9503326416, 29.0271224976, -5.95928192139, -17.1634502411, -19.8974170685, 23.3144283295, 55.3741416931, 20.8455677032], [177.91998291, -92.2676773071, -3.78372550011, -37.2913780212, -13.9811029434, 15.1796455383, 32.763256073, 25.5639877319, -12.6707792282, -39.7503623962, -38.8344078064, 20.8455677032, 86.3060836792]],
        "icov": [[0.000630188151263, 0.000943184306379, 0.000839814369101, 0.000141382595757, 0.000276181963272, 0.000323083775584, 0.000880890118424, -0.00073249777779, 0.00148894672748, -0.00102314527612, 0.000372266920749, 0.000430114741903, -0.000511428515892], [0.000943184306379, 0.00308856158517, 0.00267057097517, -0.00326853874139, 0.00132418703288, 0.0011663796613, 0.000785326235928, 0.00143836718053, -0.000136486269184, 0.000353311304934, 0.0011244135676, -0.00206969352439, 0.000496052147355], [0.000839814369101, 0.00267057097517, 0.00753637263551, -0.00272797304206, -0.00632312474772, 0.00822505075485, -0.000541977118701, -0.00398528389633, 0.00282196747139, -0.00508495001122, 0.000772305880673, 0.00223116832785, -0.00292838714086], [0.000141382595757, -0.00326853874139, -0.00272797304206, 0.019184038043, -0.0157919134945, -0.00262042903341, 0.00544351851568, -0.00258245435543, 0.00278964568861, 0.000527788011823, 2.64546342805e-05, 0.00420044967905, 0.000634887313936], [0.000276181963272, 0.00132418703288, -0.00632312474772, -0.0157919134945, 0.0436573401093, -0.0170195251703, -0.00704876100644, 0.0251237638295, -0.0155715169385, 0.00760994944721, 0.00243576592766, -0.00586401578039, 0.00277667935006], [0.000323083775584, 0.0011663796613, 0.00822505075485, -0.00262042903341, -0.0170195251703, 0.0277237873524, -0.00539955729619, -0.0208702292293, 0.0134438760579, -0.00857579149306, -0.00384070724249, 0.00113763951231, -0.00357136339881], [0.000880890118424, 0.000785326235928, -0.000541977118701, 0.00544351851568, -0.00704876100644, -0.00539955729619, 0.0198267176747, -0.0109585067257, -0.00213156756945, 0.00890445057303, 0.00318299257196, -0.00636855233461, 0.00363774294965], [-0.00073249777779, 0.00143836718053, -0.00398528389633, -0.00258245435543, 0.0251237638295, -0.0208702292293, -0.0109585067257, 0.0527908615768, -0.0297101791948, 0.0145691148937, 0.00885019544512, -0.00515764253214, 0.00559743773192], [0.00148894672748, -0.000136486269184, 0.00282196747139, 0.00278964568861, -0.0155715169385, 0.0134438760579, -0.00213156756945, -0.0297101791948, 0.0638147890568, -0.0381163842976, -0.00247847172432, 0.015400338918, -0.0101854652166], [-0.00102314527612, 0.000353311304934, -0.00508495001122, 0.000527788011823, 0.00760994944721, -0.00857579149306, 0.00890445057303, 0.0145691148937, -0.0381163842976, 0.0549917370081, -0.0295563209802, 0.00786976609379, 0.00206930842251], [0.000372266920749, 0.0011244135676, 0.000772305880673, 2.64546342805e-05, 0.00243576592766, -0.00384070724249, 0.00318299257196, 0.00885019544512, -0.00247847172432, -0.0295563209802, 0.0651167035103, -0.0478376410902, 0.0245977845043], [0.000430114741903, -0.00206969352439, 0.00223116832785, 0.00420044967905, -0.00586401578039, 0.00113763951231, -0.00636855233461, -0.00515764253214, 0.015400338918, 0.00786976609379, -0.0478376410902, 0.0699963867664, -0.030937096104], [-0.000511428515892, 0.000496052147355, -0.00292838714086, 0.000634887313936, 0.00277667935006, -0.00357136339881, 0.00363774294965, 0.00559743773192, -0.0101854652166, 0.00206930842251, 0.0245977845043, -0.030937096104, 0.029354294762]]
    },
    "melbands": {
        "dmean": [7.25618374418e-05, 5.72524186282e-05, 1.86441229744e-05, 1.24162233988e-05, 8.437870747e-06, 6.82353856973e-06, 6.2582676037e-06, 5.76358024773e-06, 6.69103656037e-06, 1.60643903655e-05, 2.12392005778e-05, 4.23383935413e-05, 4.40707190137e-05, 2.91475207632e-05, 7.64283686294e-06, 4.84555175717e-06, 4.76634113511e-06, 5.01936256114e-06, 2.94417350233e-06, 2.86347221845e-06, 3.10726977659e-06, 2.01493730856e-06, 2.13666658055e-06, 2.09505901694e-06, 3.23159861182e-06, 3.50023606188e-06, 5.62853074371e-06, 7.50831213736e-06, 9.04377429833e-06, 8.43697125674e-06, 1.17969493658e-05, 9.51255697146e-06, 1.36459830173e-05, 1.00701872725e-05, 2.00438171305e-05, 2.95894915325e-05, 4.63578253402e-05, 4.28344319516e-05, 2.96529451589e-05, 2.63012243522e-05],
        "dmean2": [0.000122783836559, 0.000100248675153, 2.96431298921e-05, 1.72585841938e-05, 1.38593886732e-05, 1.19827027447e-05, 9.46639647736e-06, 8.54115569382e-06, 1.04606542664e-05, 3.08910930471e-05, 3.87839936593e-05, 5.93561308051e-05, 6.66384003125e-05, 4.14916030422e-05, 1.24899270304e-05, 8.07595461083e-06, 8.0800973592e-06, 8.06446496426e-06, 4.89265403303e-06, 4.42598457084e-06, 4.46367448603e-06, 3.0824642181e-06, 3.54782878276e-06, 3.03865067508e-06, 5.24385677636e-06, 5.62519380765e-06, 9.13194617169e-06, 1.12335455924e-05, 1.36916796691e-05, 1.40343463499e-05, 1.78352402145e-05, 1.48573326442e-05, 2.21589089051e-05, 1.80105271284e-05, 3.32897834596e-05, 4.59015755041e-05, 7.04160920577e-05, 6.96853094269e-05, 4.93135557917e-05, 4.44997713203e-05],
        "dvar": [5.02618346943e-09, 2.2983952519e-09, 6.67204125282e-10, 1.85089621407e-09, 3.9806638541e-10, 2.25433505197e-10, 2.76978884273e-10, 1.63699484523e-10, 2.66166894081e-10, 3.37637118264e-09, 4.66350780215e-09, 1.32385959972e-08, 1.15386109556e-08, 1.1319843729e-08, 1.28843699598e-10, 9.18209466794e-11, 4.6968817724e-11, 4.98724637976e-11, 1.24259881898e-11, 1.24720364245e-11, 3.37885275314e-11, 7.84454706054e-12, 7.17361630168e-12, 8.93537240726e-12, 2.99082009159e-11, 2.03099637802e-11, 1.141799294e-10, 1.91896554202e-10, 1.74434244826e-10, 1.38605807387e-10, 5.8744364928e-10, 3.81784659442e-10, 6.00117566751e-10, 2.92689178449e-10, 2.2476138728e-09, 5.40633271484e-09, 8.69566108008e-09, 6.41461328499e-09, 3.72184905117e-09, 3.82534004473e-09],
        "dvar2": [1.23106760341e-08, 7.32072091836e-09, 1.49913392811e-09, 4.03102573543e-09, 8.58467685827e-10, 6.57950471883e-10, 4.51997439477e-10, 1.9328347256e-10, 5.6571908269e-10, 1.05064659195e-08, 1.37477025319e-08, 2.33312835718e-08, 2.34505268537e-08, 2.59827928062e-08, 3.15431764042e-10, 2.2165813629e-10, 1.17788251375e-10, 1.31043564888e-10, 2.9350213232e-11, 2.74557598878e-11, 7.85343456933e-11, 1.67619407937e-11, 2.12850639891e-11, 2.06716067874e-11, 8.74905148329e-11, 5.2155134378e-11, 3.16517978494e-10, 4.80107897882e-10, 4.6059719927e-10, 3.4457039999e-10, 1.41166578427e-09, 7.13080261505e-10, 1.37848521486e-09, 8.56654247539e-10, 6.05650551933e-09, 1.36426780983e-08, 1.93034299656e-08, 1.69414366979e-08, 9.0356326865e-09, 1.14644329585e-08],
        "max": [0.00046231635497, 0.000242456197157, 0.000240374982241, 0.000435023510363, 0.000186487173778, 0.00013246013259, 0.000193359985133, 0.000144255871419, 0.000146663354826, 0.000381677149562, 0.000457382848253, 0.00115384801757, 0.000887865491677, 0.000952462665737, 8.919154061e-05, 9.62374178926e-05, 3.807664325e-05, 5.32663798367e-05, 2.58831332758e-05, 2.44288439717e-05, 5.50560835109e-05, 2.94211986329e-05, 1.60084309755e-05, 2.63724414253e-05, 4.00037679356e-05, 3.45610897057e-05, 8.71318843565e-05, 0.000144707402796, 0.00013308537018, 0.000138143703225, 0.000276047707302, 0.000239983826759, 0.000229329772992, 0.000174964705366, 0.000473113439512, 0.000848682713695, 0.00106151285581, 0.000994870788418, 0.000694092130288, 0.000659758341499],
        "mean": [0.000103819038486, 7.96192907728e-05, 2.77399631159e-05, 1.76101420948e-05, 1.12625102702e-05, 8.71319207363e-06, 1.06737707029e-05, 1.05638328023e-05, 9.44657858781e-06, 1.62023607118e-05, 2.29263041547e-05, 6.9183530286e-05, 6.77601856296e-05, 4.10124557675e-05, 1.24696634884e-05, 8.57599934534e-06, 8.17589170765e-06, 8.32341993373e-06, 5.62952254768e-06, 5.63104777029e-06, 6.32114597465e-06, 4.37173548562e-06, 3.86549208997e-06, 4.16505690737e-06, 6.02168393016e-06, 7.76427350502e-06, 1.16308547149e-05, 1.63487366081e-05, 2.18547120312e-05, 2.6886966225e-05, 2.87732837023e-05, 2.9252787499e-05, 2.70655546046e-05, 2.73023142654e-05, 4.88462937938e-05, 9.57506563282e-05, 0.000140936594107, 0.000129877182189, 7.40220057196e-05, 8.07672113297e-05],
        "median": [8.1311663962e-05, 6.93286492606e-05, 1.56505484483e-05, 4.72428473586e-06, 2.5816584639e-06, 1.32967659283e-06, 1.53746907472e-06, 1.63045376667e-06, 2.7930223041e-06, 3.01364616462e-06, 3.16777368425e-06, 3.22320170199e-06, 3.42540238307e-06, 5.46728006157e-06, 4.91942364533e-06, 3.69717758986e-06, 4.97248356623e-06, 6.1338305386e-06, 4.06284016208e-06, 4.24095469498e-06, 3.93114623876e-06, 3.015125003e-06, 2.54304245573e-06, 2.15812769966e-06, 3.08158269036e-06, 3.98466318074e-06, 5.44746444575e-06, 8.13804126665e-06, 9.32341208681e-06, 1.27489784063e-05, 9.9150411188e-06, 1.36802354973e-05, 1.31723045342e-05, 1.04723931145e-05, 1.11449171527e-05, 1.60524850799e-05, 1.98315901798e-05, 2.02916180569e-05, 1.57672402565e-05, 1.16895243991e-05],
        "min": [7.57915302074e-07, 4.99915870478e-07, 2.80999103097e-07, 9.30717689585e-08, 2.28377672329e-08, 2.34554597967e-08, 1.14179963262e-08, 6.06081895782e-09, 2.95659252636e-09, 3.43122863455e-09, 2.77040657082e-09, 3.79163855868e-09, 2.88133605864e-09, 2.38547270826e-09, 3.73904418538e-09, 1.62518210001e-09, 1.14484977054e-09, 7.45906392208e-10, 7.65129293256e-10, 5.90962112579e-10, 6.84249545913e-10, 4.87019646833e-10, 7.00220770256e-10, 4.88154960898e-10, 4.11482098395e-10, 3.26503796222e-10, 8.01490540603e-10, 2.30866034623e-10, 4.17769957517e-10, 5.83708081869e-10, 7.4668377037e-10, 1.21830201483e-09, 4.45352227318e-10, 2.33908475922e-10, 2.55272830652e-10, 3.07782521691e-10, 2.6135607567e-10, 1.94863250536e-10, 1.21398613384e-10, 1.55634657939e-10],
        "stdev": [8.77026759554e-05, 5.1477800298e-05, 3.98800693802e-05, 5.46066039533e-05, 2.710771696e-05, 1.96039036382e-05, 3.22230771417e-05, 2.71662265732e-05, 2.29470388149e-05, 5.50523764105e-05, 7.43771379348e-05, 0.000196819426492, 0.000169500213815, 0.00013647810556, 1.84946402442e-05, 1.34737647386e-05, 9.20993625186e-06, 9.35804564506e-06, 5.83217797612e-06, 5.65610844205e-06, 8.13209953776e-06, 5.01039858136e-06, 3.95549341192e-06, 5.05281150254e-06, 7.98183464212e-06, 8.36221715872e-06, 1.47071796164e-05, 2.38359825744e-05, 2.85303158307e-05, 3.44212785421e-05, 4.68365687993e-05, 4.38290335296e-05, 4.13774396293e-05, 3.90660061385e-05, 8.06618263596e-05, 0.000163100237842, 0.000250147597399, 0.000225824085646, 0.000132840767037, 0.000136521572131],
        "var": [7.69175922954e-09, 2.64996380395e-09, 1.59041990688e-09, 2.98188118641e-09, 7.34828309312e-10, 3.84313053603e-10, 1.03832675791e-09, 7.3800388023e-10, 5.26566623638e-10, 3.03076430619e-09, 5.53195889097e-09, 3.87378840117e-08, 2.87303212332e-08, 1.86262738566e-08, 3.42051692526e-10, 1.81542336719e-10, 8.48229264605e-11, 8.75730182814e-11, 3.40143017918e-11, 3.19915621771e-11, 6.61310450845e-11, 2.51040941507e-11, 1.56459272621e-11, 2.55309055147e-11, 6.37096833622e-11, 6.99266824999e-11, 2.16301129785e-10, 5.68154023828e-10, 8.13978939807e-10, 1.18482446076e-09, 2.19366413923e-09, 1.92098403851e-09, 1.7120924678e-09, 1.52615287075e-09, 6.50632969723e-09, 2.66016897399e-08, 6.2573818127e-08, 5.09965190076e-08, 1.76466699031e-08, 1.8638138144e-08]
    },
    "melbands128": {
