{
"lowlevel": {
    "average_loudness": 0.982497215271,
    "barkbands_crest": {
        "dmean": 1.73368382454,
        "dmean2": 2.7853345871,
        "dvar": 2.96195912361,
        "dvar2": 7.67358207703,
        "max": 21.3516292572,
        "mean": 12.697054863,
        "median": 12.5171546936,
        "min": 3.95018458366,
        "stdev": 3.67867732048,
        "var": 13.53266716
    },
    "barkbands_flatness_db": {
        "dmean": 0.0142829259858,
        "dmean2": 0.0214521586895,
        "dvar": 0.000236748441239,
        "dvar2": 0.000480226153741,
        "max": 0.363983482122,
        "mean": 0.269198000431,
        "median": 0.261626273394,
        "min": 0.0468167290092,
        "stdev": 0.0414595268667,
        "var": 0.00171889225021
    },
    "barkbands_kurtosis": {
        "dmean": 0.803656101227,
        "dmean2": 1.29828667641,
        "dvar": 0.742322146893,
        "dvar2": 1.79190182686,
        "max": 7.44901561737,
        "mean": 0.345985651016,
        "median": 0.127110719681,
        "min": -1.76615262032,
        "stdev": 1.4383649826,
        "var": 2.06889367104
    },
    "barkbands_skewness": {
        "dmean": 0.320177555084,
        "dmean2": 0.489059388638,
        "dvar": 0.108027130365,
        "dvar2": 0.242746785283,
        "max": 2.81275820732,
        "mean": 0.529157519341,
        "median": 0.670011281967,
        "min": -1.39992618561,
        "stdev": 0.843565821648,
        "var": 0.711603343487
    },
    "barkbands_spread": {
        "dmean": 1.7375202179,
        "dmean2": 2.82759356499,
        "dvar": 2.75151586533,
        "dvar2": 6.8292593956,
        "max": 23.3085613251,
        "mean": 13.1873178482,
        "median": 13.298874855,
        "min": 4.40030050278,
        "stdev": 2.92545342445,
        "var": 8.55827713013
    },
    "dissonance": {
        "dmean": 0.0230836775154,
        "dmean2": 0.0385187342763,
        "dvar": 0.000648567103781,
        "dvar2": 0.0014793430455,
        "max": 0.487307220697,
        "mean": 0.425404250622,
        "median": 0.427067101002,
        "min": 0,
        "stdev": 0.0334028154612,
        "var": 0.00111574819311
    },
    "dynamic_complexity": 0.848334908485,
    "erbbands_crest": {
        "dmean": 2.66109585762,
        "dmean2": 4.32827472687,
        "dvar": 6.23210477829,
        "dvar2": 17.8675498962,
        "max": 29.9792060852,
        "mean": 13.5340204239,
        "median": 12.437461853,
        "min": 4.95393943787,
        "stdev": 5.23803377151,
        "var": 27.43699646
    },
    "erbbands_flatness_db": {
        "dmean": 0.0131084071472,
        "dmean2": 0.0204177293926,
        "dvar": 0.000193070009118,
        "dvar2": 0.000413552566897,
        "max": 0.40429008007,
        "mean": 0.305529683828,
        "median": 0.30347430706,
        "min": 0.149173110723,
        "stdev": 0.0381392426789,
        "var": 0.00145460187923
    },
    "erbbands_kurtosis": {
        "dmean": 0.718724191189,
        "dmean2": 1.18527555466,
        "dvar": 0.926811158657,
        "dvar2": 2.6131067276,
        "max": 10.7644872665,
        "mean": 0.510610640049,
        "median": -0.45396065712,
        "min": -1.55398845673,
        "stdev": 2.11070632935,
        "var": 4.45508098602
    },
    "erbbands_skewness": {
        "dmean": 0.259177446365,
        "dmean2": 0.40732049942,
        "dvar": 0.0547089241445,
        "dvar2": 0.136038482189,
        "max": 1.15553712845,
        "mean": -0.122278936207,
        "median": -0.0697339847684,
        "min": -1.33959150314,
        "stdev": 0.413992643356,
        "var": 0.171389907598
    },
    "erbbands_spread": {
        "dmean": 3.33996891975,
        "dmean2": 5.13853216171,
        "dvar": 11.4388074875,
        "dvar2": 24.1248149872,
        "max": 40.4098854065,
        "mean": 21.094417572,
        "median": 21.4342937469,
        "min": 4.61229705811,
        "stdev": 8.39441394806,
        "var": 70.4661865234
    },
    "hfc": {
        "dmean": 6.19945955276,
        "dmean2": 9.60089111328,
        "dvar": 37.7119178772,
        "dvar2": 88.275062561,
        "max": 79.9657058716,
        "mean": 31.0438232422,
        "median": 29.9593238831,
        "min": 3.14957396768e-05,
        "stdev": 13.2119569778,
        "var": 174.55581665
    },
    "loudness_ebu128": {
        "integrated": -16.610710144,
        "loudness_range": 0.517570495605,
        "momentary": {
            "dmean": 0.376680850983,
            "dmean2": 0.365480005741,
            "dvar": 0.0907115936279,
            "dvar2": 0.162777855992,
            "max": -15.1940641403,
            "mean": -16.7052459717,
            "median": -16.5261440277,
            "min": -19.2369365692,
            "stdev": 0.931867897511,
            "var": 0.868377804756
        },
        "short_term": {
            "dmean": 0.0546445548534,
            "dmean2": 0.0451986044645,
            "dvar": 0.00116971647367,
            "dvar2": 0.0012657654006,
            "max": -16.2602348328,
            "mean": -16.6269035339,
            "median": -16.6361885071,
            "min": -17.0000934601,
            "stdev": 0.181757897139,
            "var": 0.0330359339714
        }
    },
    "melbands_crest": {
        "dmean": 1.79351186752,
        "dmean2": 2.79328322411,
        "dvar": 3.74763846397,
        "dvar2": 8.50959300995,
        "max": 23.2137985229,
        "mean": 14.7905225754,
        "median": 15.1413536072,
        "min": 3.93726611137,
        "stdev": 3.42189335823,
        "var": 11.7093544006
    },
    "melbands_flatness_db": {
        "dmean": 0.0124768773094,
        "dmean2": 0.0175117217004,
        "dvar": 0.000173540291144,
        "dvar2": 0.000340198952472,
        "max": 0.367536246777,
        "mean": 0.259296953678,
        "median": 0.260680645704,
        "min": 0.0890497714281,
        "stdev": 0.0476901233196,
        "var": 0.00227434770204
    },
    "melbands_kurtosis": {
        "dmean": 1.44724237919,
        "dmean2": 2.23942995071,
        "dvar": 3.10003829002,
        "dvar2": 6.99868249893,
        "max": 21.3226547241,
        "mean": 2.11363720894,
        "median": 1.13175821304,
        "min": -1.53417336941,
        "stdev": 3.11187791824,
        "var": 9.68378353119
    },
    "melbands_skewness": {
        "dmean": 0.392638266087,
        "dmean2": 0.589820683002,
        "dvar": 0.157109543681,
        "dvar2": 0.340792328119,
        "max": 4.24369716644,
        "mean": 1.17269420624,
        "median": 1.34544837475,
        "min": -1.20297455788,
        "stdev": 1.04585790634,
        "var": 1.09381866455
    },
    "melbands_spread": {
        "dmean": 3.50363445282,
        "dmean2": 5.47543334961,
        "dvar": 9.99457836151,
        "dvar2": 25.4403038025,
        "max": 48.7356529236,
        "mean": 21.6284885406,
        "median": 20.9651012421,
        "min": 8.19378185272,
        "stdev": 6.27298593521,
        "var": 39.350353241
    },
    "pitch_salience": {
        "dmean": 0.0486979112029,
        "dmean2": 0.0763952508569,
        "dvar": 0.00179918471258,
        "dvar2": 0.00448299851269,
        "max": 0.971606492996,
        "mean": 0.522439479828,
        "median": 0.51663517952,
        "min": 0.330049097538,
        "stdev": 0.0796392410994,
        "var": 0.00634240917861
    },
    "silence_rate_20dB": {
        "dmean": 0,
        "dmean2": 0,
        "dvar": 0,
        "dvar2": 0,
        "max": 1,
        "mean": 1,
        "median": 1,
        "min": 1,
        "stdev": 0,
        "var": 0
    },
    "silence_rate_30dB": {
        "dmean": 0,
        "dmean2": 0,
        "dvar": 0,
        "dvar2": 0,
        "max": 1,
        "mean": 1,
        "median": 1,
        "min": 1,
        "stdev": 0,
        "var": 0
    },
    "silence_rate_60dB": {
        "dmean": 0.00289855082519,
        "dmean2": 0.00290275760926,
        "dvar": 0.00289015169255,
        "dvar2": 0.00289430981502,
        "max": 1,
        "mean": 0.00289435591549,
        "median": 0,
        "min": 0,
        "stdev": 0.0537215545774,
        "var": 0.00288600544445
    },
    "spectral_centroid": {
        "dmean": 103.806213379,
        "dmean2": 156.523254395,
        "dvar": 12615.8769531,
        "dvar2": 25403.8222656,
        "max": 2501.42944336,
        "mean": 1318.13757324,
        "median": 1063.32897949,
        "min": 679.667663574,
        "stdev": 503.3777771,
        "var": 253389.171875
    },
    "spectral_complexity": {
        "dmean": 1.69710147381,
        "dmean2": 2.65747451782,
        "dvar": 3.25462913513,
        "dvar2": 6.37905740738,
        "max": 29,
        "mean": 15.7033281326,
        "median": 16,
        "min": 0,
        "stdev": 4.0738825798,
        "var": 16.5965194702
    },
    "spectral_decrease": {
        "dmean": 1.32086175331e-09,
        "dmean2": 1.89197923994e-09,
        "dvar": 2.16679589227e-18,
        "dvar2": 3.87657242815e-18,
        "max": -4.06556629386e-15,
        "mean": -7.57304086108e-09,
        "median": -7.44283656928e-09,
        "min": -1.47140859497e-08,
        "stdev": 2.94839508364e-09,
        "var": 8.6930337904e-18
    },
    "spectral_energy": {
        "dmean": 0.00550990412012,
        "dmean2": 0.00795554742217,
        "dvar": 3.62325772585e-05,
        "dvar2": 6.66723935865e-05,
        "max": 0.0594803988934,
        "mean": 0.0313981063664,
        "median": 0.0311510842294,
        "min": 1.82011596905e-08,
        "stdev": 0.0116418637335,
        "var": 0.00013553298777
    },
    "spectral_energyband_high": {
        "dmean": 9.49622626649e-05,
        "dmean2": 0.000141014359542,
        "dvar": 2.57355576849e-08,
        "dvar2": 4.57672726384e-08,
        "max": 0.00184798508417,
        "mean": 0.000431203923654,
        "median": 0.000161570933415,
        "min": 7.93391574661e-10,
        "stdev": 0.000483964162413,
        "var": 2.34221303685e-07
    },
    "spectral_energyband_low": {
        "dmean": 4.45947944172e-06,
        "dmean2": 3.79728589905e-06,
        "dvar": 1.72323433301e-10,
        "dvar2": 1.25959201402e-10,
        "max": 0.000424300873419,
        "mean": 1.93005635083e-05,
        "median": 4.09101545529e-07,
        "min": 1.13722675721e-09,
        "stdev": 6.15729222773e-05,
        "var": 3.79122511163e-09
    },
    "spectral_energyband_middle_high": {
        "dmean": 0.00356794847175,
        "dmean2": 0.00571892596781,
        "dvar": 1.1496683328e-05,
        "dvar2": 3.12041702273e-05,
        "max": 0.0427682809532,
        "mean": 0.0135746253654,
        "median": 0.011945206672,
        "min": 1.42532927683e-08,
        "stdev": 0.00720645999536,
        "var": 5.19330642419e-05
    },
    "spectral_energyband_middle_low": {
        "dmean": 0.00307500734925,
        "dmean2": 0.00388774368912,
        "dvar": 2.10292218981e-05,
        "dvar2": 3.11578442052e-05,
        "max": 0.0448164455593,
        "mean": 0.017507283017,
        "median": 0.0177755001932,
        "min": 2.04731565034e-09,
        "stdev": 0.0121832303703,
        "var": 0.000148431092384
    },
    "spectral_entropy": {
        "dmean": 0.106610625982,
        "dmean2": 0.148442775011,
        "dvar": 0.0178862884641,
        "dvar2": 0.0249424707144,
        "max": 8.92298984528,
        "mean": 6.5034327507,
        "median": 6.52731847763,
        "min": 5.66141462326,
        "stdev": 0.303488433361,
        "var": 0.0921052321792
    },
    "spectral_flux": {
        "dmean": 0.0164827890694,
        "dmean2": 0.0266368016601,
        "dvar": 0.000308973481879,
        "dvar2": 0.000787170196418,
        "max": 0.147008687258,
        "mean": 0.0511736012995,
        "median": 0.0457438156009,
        "min": 0.0128438174725,
        "stdev": 0.0231805387884,
        "var": 0.000537337386049
    },
    "spectral_kurtosis": {
        "dmean": 5.27218866348,
        "dmean2": 9.26726531982,
        "dvar": 23.6659870148,
        "dvar2": 68.1608505249,
        "max": 40.2931861877,
        "mean": 9.54544448853,
        "median": 7.73451709747,
        "min": 1.83448505402,
        "stdev": 6.50424861908,
        "var": 42.3052482605
    },
    "spectral_rms": {
        "dmean": 0.000548319134396,
        "dmean2": 0.000780724396463,
        "dvar": 4.34623444789e-07,
        "dvar2": 8.32412411e-07,
        "max": 0.00761771993712,
        "mean": 0.00541786570102,
        "median": 0.00551283080131,
        "min": 4.21393269789e-06,
        "stdev": 0.00113094295375,
        "var": 1.2790319488e-06
    },
    "spectral_rolloff": {
        "dmean": 205.126968384,
        "dmean2": 365.282928467,
        "dvar": 62368.1679688,
        "dvar2": 157158.28125,
        "max": 2648.58398438,
        "mean": 1591.74328613,
        "median": 1571.92382812,
        "min": 645.99609375,
        "stdev": 403.018066406,
        "var": 162423.5625
    },
    "spectral_skewness": {
        "dmean": 0.456775486469,
        "dmean2": 0.80595433712,
        "dvar": 0.159230187535,
        "dvar2": 0.44990208745,
        "max": 4.27836322784,
        "mean": 1.76308870316,
        "median": 1.62992072105,
        "min": 0.961128532887,
        "stdev": 0.573358058929,
        "var": 0.328739494085
    },
    "spectral_spread": {
        "dmean": 224518.765625,
        "dmean2": 349693.34375,
        "dvar": 756791771136,
        "dvar2": 788536426496,
        "max": 25271008,
        "mean": 2455074.5,
        "median": 2489339.75,
        "min": 1302996.625,
        "stdev": 953968.1875,
        "var": 910055243776
    },
    "spectral_strongpeak": {
        "dmean": 0.701207220554,
        "dmean2": 1.13483965397,
        "dvar": 1.18788385391,
        "dvar2": 3.16294384003,
        "max": 12.5580120087,
        "mean": 3.39788126945,
        "median": 2.00254440308,
        "min": 3.53919022018e-05,
        "stdev": 2.75005197525,
        "var": 7.56278610229
    },
    "zerocrossingrate": {
        "dmean": 0.00441929930821,
        "dmean2": 0.0056488965638,
        "dvar": 1.85611515917e-05,
        "dvar2": 2.42934092967e-05,
        "max": 0.09521484375,
        "mean": 0.0543363057077,
        "median": 0.0478515625,
        "min": 0.00146484375,
        "stdev": 0.0188990570605,
        "var": 0.000357174343662
    },
    "barkbands": {
        "dmean": [2.16846895995e-08, 1.77848050953e-07, 1.39851152881e-07, 2.02824703592e-05, 0.000483608077047, 0.00183028308675, 0.000480874645291, 0.000448420352768, 0.000450704596005, 0.000302088243188, 0.000365735817468, 0.000387591047911, 0.00178307865281, 0.000772186962422, 0.00170687295031, 0.000305121939164, 0.000327607209329, 6.61125814077e-05, 6.41918013571e-05, 7.34606655897e-05, 6.51997252135e-05, 4.77634921481e-06, 9.49086643232e-06, 1.12565419386e-06, 1.8012165981e-07, 1.56717206323e-07, 3.61662344517e-08],
        "dmean2": [3.48985764731e-08, 3.04885674041e-07, 2.14162014345e-07, 1.81170908036e-05, 0.000628739013337, 0.00220191525295, 0.000629016489256, 0.000599711725954, 0.000605856301263, 0.000447323953267, 0.000586987531278, 0.000547390198335, 0.00289643858559, 0.00123746669851, 0.00282721733674, 0.000498394190799, 0.000540999229997, 0.00010499831842, 9.61695623118e-05, 0.000109111111669, 9.96367452899e-05, 7.09174037183e-06, 1.29897225634e-05, 1.61568698331e-06, 2.53417056228e-07, 2.14354884065e-07, 5.23185121892e-08],
        "dvar": [9.63390625548e-15, 2.27309300939e-13, 1.52691864686e-13, 3.47264816902e-09, 2.58718637269e-06, 1.22924311654e-05, 5.33116974566e-07, 7.47938088352e-07, 8.72848829658e-07, 3.43322881236e-07, 5.63841354051e-07, 4.83525639083e-07, 4.04543015975e-06, 1.19097285278e-06, 8.09491757536e-06, 1.23790755424e-07, 1.74094409999e-07, 4.8859627455e-09, 8.13745781869e-09, 6.9567152039e-09, 1.38148577022e-08, 3.37861370825e-11, 4.63117044713e-10, 1.25368595713e-11, 1.05251805806e-13, 1.73688022515e-13, 4.84788168878e-15],
        "dvar2": [2.32751592657e-14, 6.73269057692e-13, 3.61194635399e-13, 3.05427483305e-09, 3.76929438062e-06, 1.64814227901e-05, 8.84156349912e-07, 1.33877392727e-06, 1.7634457663e-06, 8.08287040854e-07, 1.56324620093e-06, 7.53983954382e-07, 1.16282462841e-05, 3.06302490571e-06, 2.32084203162e-05, 3.32315011065e-07, 5.20520757163e-07, 1.09964943817e-08, 1.35638948962e-08, 1.20493082179e-08, 3.05393115241e-08, 6.3349790691e-11, 6.81710021766e-10, 2.69282113968e-11, 1.80668170311e-13, 2.63816854647e-13, 7.52148824723e-15],
        "max": [1.83193833436e-06, 5.10044810653e-06, 7.57292264097e-06, 0.00158169842325, 0.0270827636123, 0.0372211970389, 0.0074140871875, 0.0141730178148, 0.0114557500929, 0.00784589815885, 0.0158445164561, 0.0103479372337, 0.0135872391984, 0.00977392680943, 0.033335275948, 0.00450745876878, 0.00410814862698, 0.000804016017355, 0.00129735656083, 0.000980424229056, 0.00144203600939, 7.29017774574e-05, 0.000250061391853, 4.24975478381e-05, 3.85985094908e-06, 5.82726534049e-06, 8.99723602288e-07],
        "mean": [2.3277641148e-08, 2.78169466128e-07, 3.33415869136e-07, 9.15563796298e-05, 0.00375793641433, 0.00866254512221, 0.00156497955322, 0.00191531097516, 0.00125698593911, 0.000669479893986, 0.00105856591836, 0.0010823366465, 0.00298850750551, 0.00157238240354, 0.00436919042841, 0.000676389085129, 0.000691883731633, 0.000203709845664, 0.000224043265916, 0.00026458161301, 0.000264971080469, 2.31024932873e-05, 5.28086420672e-05, 3.63159597327e-06, 1.12962641197e-06, 1.2494991779e-06, 2.60480078396e-07],
        "median": [1.48072789585e-08, 1.6332897701e-07, 2.93867650214e-08, 1.70021877466e-07, 0.000218910514377, 0.00489917490631, 0.000748787017073, 0.000305395660689, 9.63820129982e-05, 8.75165715115e-05, 7.61504852562e-05, 0.000285467191134, 0.00210194708779, 0.000888734823093, 0.0011865363922, 0.000573872996029, 0.000491856830195, 0.000158867944265, 0.000115040202218, 0.000273992773145, 2.97159494949e-05, 2.1850115445e-05, 2.12138602365e-05, 9.35848902373e-07, 7.01240708167e-07, 2.64923102122e-07, 1.04493388164e-07],
        "min": [3.33408023412e-10, 4.94325969047e-10, 3.20388521269e-10, 3.08207237509e-10, 6.8526107011e-10, 5.0206427904e-10, 2.73813777207e-10, 8.50143011544e-11, 9.68137653379e-11, 5.98582239331e-10, 1.44094614019e-09, 2.66009592131e-09, 2.52831888758e-09, 1.41374056906e-09, 1.17126530697e-09, 1.61296909162e-09, 1.45317358147e-09, 1.02565989035e-09, 2.39868125362e-10, 2.27558361043e-10, 2.76490802475e-10, 8.40654837408e-11, 6.89241927421e-11, 7.58640164578e-11, 8.15480599714e-11, 5.85849146972e-11, 6.51339190916e-11],
        "stdev": [7.54677387249e-08, 4.15450216451e-07, 1.07961147933e-06, 0.000249466393143, 0.00733617087826, 0.00997239444405, 0.00176019058563, 0.00324744428508, 0.00232512759976, 0.00103498576209, 0.00218436797149, 0.00186410767492, 0.00296239624731, 0.00192958628759, 0.00620234152302, 0.000592260214034, 0.000609980314039, 0.000150221181684, 0.000241853005718, 0.000177224050276, 0.000366607971955, 1.77347083081e-05, 6.01486353844e-05, 5.53800509806e-06, 1.06980155579e-06, 1.68081885477e-06, 2.90044141593e-07],
        "var": [5.69538008064e-15, 1.72598887222e-13, 1.16556102877e-12, 6.2233475262e-08, 5.38193999091e-05, 9.94486545096e-05, 3.09827100864e-06, 1.05458948383e-05, 5.40621886103e-06, 1.0711954701e-06, 4.77146295452e-06, 3.47489731212e-06, 8.77579168446e-06, 3.72330327991e-06, 3.846904292e-05, 3.50772154434e-07, 3.72075959376e-07, 2.25664038567e-08, 5.8492879873e-08, 3.1408365686e-08, 1.34401403784e-07, 3.14519882361e-10, 3.61785845726e-09, 3.06695016605e-11, 1.14447546492e-12, 2.8251520047e-12, 8.41255979266e-14]
    },
    "erbbands": {
        "dmean": [6.17664272795e-06, 4.60207847937e-05, 0.000577459693886, 0.0279246158898, 0.152717188001, 1.80071806908, 10.0447006226, 13.7060461044, 9.64482402802, 7.18305540085, 9.11509895325, 12.3255605698, 5.81717920303, 10.1064157486, 16.4190235138, 27.6900310516, 84.4800567627, 40.7209815979, 103.373596191, 29.2233276367, 15.1552057266, 12.1294908524, 7.67202138901, 4.03134822845, 3.15824699402, 4.50452375412, 3.82255291939, 0.616176486015, 0.193002343178, 0.210905700922, 0.254599452019, 0.0859830603004, 0.010358998552, 0.00223769457079, 0.00129665399436, 0.000641337537672, 0.000356689590262, 5.0130784075e-05, 9.10930884856e-06, 6.90265596859e-06],
        "dmean2": [1.01068299045e-05, 7.38843664294e-05, 0.000535857805517, 0.0249958559871, 0.184124037623, 2.32359099388, 12.4134073257, 16.7138957977, 11.8583154678, 10.626077652, 11.8604669571, 16.1617736816, 8.37873077393, 15.2325706482, 26.38139534, 41.4904289246, 136.90927124, 63.8471794128, 171.204589844, 48.6889572144, 24.6355800629, 20.0401134491, 12.483546257, 6.32068729401, 4.68219041824, 6.69788837433, 5.86494541168, 0.945463895798, 0.293027162552, 0.301896572113, 0.353596627712, 0.113341324031, 0.0141051514074, 0.00312853278592, 0.00183431105688, 0.000885973742697, 0.000478017667774, 7.05756319803e-05, 1.263332706e-05, 9.99877283903e-06],
        "dvar": [1.12810642772e-10, 1.38114293335e-08, 2.41427210312e-06, 0.00617038318887, 0.130540043116, 42.0421638489, 492.686004639, 751.899597168, 295.752319336, 266.948364258, 258.722717285, 584.542480469, 118.47277832, 384.923583984, 1249.21984863, 1170.75439453, 9952.83886719, 3003.5222168, 30425.5566406, 897.363830566, 269.914581299, 236.285446167, 106.202217102, 21.6787853241, 19.7763576508, 26.5881824493, 39.493144989, 1.16511881351, 0.0585266835988, 0.147405639291, 0.368890941143, 0.056716427207, 0.00101426616311, 2.61305031017e-05, 5.67375127503e-06, 2.42940427597e-06, 9.92075570139e-07, 1.69966654084e-08, 2.23227006324e-10, 5.73358027722e-11],
        "dvar2": [3.12429387916e-10, 3.89207173157e-08, 2.03441140911e-06, 0.00530584063381, 0.199905946851, 63.4088020325, 730.336914062, 961.778930664, 386.44329834, 730.167175293, 328.753143311, 1078.96838379, 244.267669678, 864.040466309, 3522.68041992, 2005.9317627, 28465.1777344, 7488.69238281, 86959.3359375, 2593.65722656, 796.061889648, 698.957336426, 313.782806396, 45.3996238708, 35.6044120789, 45.6279640198, 90.0699996948, 2.28657364845, 0.116517655551, 0.204159513116, 0.563434541225, 0.0917119830847, 0.00180939713027, 5.49650358153e-05, 8.89864804776e-06, 4.27226768807e-06, 1.29764509893e-06, 2.74749645257e-08, 3.14644088562e-10, 1.04861383465e-10],
        "max": [0.000124461817904, 0.00140305398963, 0.0474562011659, 2.23015284538, 6.58049869537, 119.243461609, 271.497192383, 295.513458252, 224.099777222, 276.894897461, 331.689941406, 313.955444336, 111.226165771, 289.947692871, 777.285339355, 529.692993164, 676.474304199, 514.533691406, 2066.85205078, 325.222625732, 167.422988892, 154.734954834, 103.403175354, 59.1267738342, 53.9397621155, 60.9868392944, 77.3884735107, 13.114192009, 3.25153064728, 7.01200580597, 6.64033460617, 2.80829405785, 0.387935727835, 0.0679719373584, 0.0311572887003, 0.0199321452528, 0.0164945367724, 0.00195001473185, 0.000217301450903, 7.60932816775e-05],
        "mean": [2.02314822673e-05, 0.000154235356604, 0.00289367907681, 0.132672414184, 0.919306993484, 14.9479284286, 53.5531959534, 65.53465271, 34.6768226624, 28.8137359619, 33.9820251465, 36.833026886, 14.8162546158, 20.7313766479, 52.4117774963, 75.2016296387, 144.690460205, 92.1022872925, 270.265960693, 69.4326477051, 35.9196891785, 27.8420677185, 19.0659675598, 12.7802343369, 11.5651283264, 16.9315872192, 14.6819581985, 2.68412804604, 1.0166721344, 1.12291800976, 1.34780752659, 0.397531330585, 0.0415365621448, 0.0116871977225, 0.00826330389827, 0.00421040458605, 0.00308711268008, 0.000323163345456, 6.6415166657e-05, 4.14765963797e-05],
        "median": [1.5020875253e-05, 7.65377481002e-05, 0.000337862526067, 0.0067920088768, 0.242547959089, 1.48039615154, 21.2132320404, 21.0548191071, 11.4943237305, 9.84533119202, 13.3670730591, 4.8340587616, 4.8246216774, 8.73753261566, 13.2309188843, 48.8130187988, 86.8265533447, 54.282459259, 71.8796463013, 62.483997345, 31.9893684387, 20.7596168518, 14.7334184647, 11.3379974365, 7.76370239258, 16.3244819641, 3.45703315735, 0.985038220882, 0.806534409523, 0.838379263878, 0.413429588079, 0.0427071489394, 0.016413172707, 0.00661044148728, 0.00442883605137, 0.00142209185287, 0.000421552103944, 0.0001711652003, 3.57265162165e-05, 4.38789575128e-05],
        "min": [1.81173085423e-08, 1.00006353421e-07, 3.31241011509e-07, 7.78440892191e-07, 1.49071752276e-06, 2.43718091042e-06, 3.45834723703e-06, 4.2181459321e-06, 4.22830680691e-06, 3.12970973937e-06, 1.46887964547e-06, 2.01636089514e-06, 1.07427167677e-05, 3.47967070411e-05, 7.43642594898e-05, 0.000111918743642, 0.000117326067993, 8.4910687292e-05, 5.9579655499e-05, 7.42606935091e-05, 8.92725875019e-05, 8.21284775157e-05, 6.23001978965e-05, 2.64468617388e-05, 9.57229531195e-06, 1.18908719742e-05, 1.04357959572e-05, 8.36740309751e-06, 2.65259427579e-06, 2.81301959149e-06, 2.02260889637e-06, 1.41914517826e-06, 1.45130127294e-06, 9.60937427408e-07, 5.02499688082e-07, 2.39111443534e-07, 1.1408369005e-07, 3.9130348739e-08, 9.40699695917e-09, 9.66488111764e-10],
        "stdev": [1.78432910616e-05, 0.000200491311261, 0.00734277023003, 0.347779929638, 1.52059996128, 31.0800819397, 58.0243988037, 80.3462524414, 43.013053894, 53.8790435791, 52.9147071838, 62.854019165, 22.7199420929, 33.3202056885, 106.072235107, 88.0904006958, 144.476425171, 94.9150238037, 381.065307617, 43.8837394714, 23.0734596252, 23.9815750122, 17.1623516083, 9.55541324615, 11.0431642532, 11.9073371887, 18.6824531555, 3.08168363571, 0.87326413393, 1.0626553297, 1.63539123535, 0.55403637886, 0.0615637078881, 0.0112584168091, 0.00796881783754, 0.00464231101796, 0.00464843027294, 0.000381266523618, 5.92015603615e-05, 1.43616325659e-05],
        "var": [3.18383042153e-10, 4.0196766804e-08, 5.39162756468e-05, 0.120950877666, 2.3122241497, 965.971435547, 3366.83105469, 6455.52001953, 1850.12280273, 2902.95117188, 2799.96630859, 3950.62768555, 516.195739746, 1110.23608398, 11251.3193359, 7759.91845703, 20873.4394531, 9008.86230469, 145210.765625, 1925.78271484, 532.38458252, 575.115966797, 294.546295166, 91.3059234619, 121.951477051, 141.784683228, 349.034088135, 9.49677371979, 0.762590229511, 1.12923634052, 2.67450451851, 0.306956321001, 0.00379009009339, 0.000126751954667, 6.35020624031e-05, 2.15510499402e-05, 2.1607904273e-05, 1.45364154491e-07, 3.50482465272e-09, 2.06256484114e-10]
    },
    "gfcc": {
        "mean": [-53.336643219, 75.8930435181, -224.158508301, -23.0822200775, -78.225692749, -38.5477256775, -57.843547821, -38.2713813782, -20.7705497742, 4.26780891418, 0.514526069164, 2.77045822144, -1.95873463154],
        "cov": [[2267.72460938, -714.856018066, 233.010574341, 523.838012695, -173.077789307, 75.0941085815, -100.705200195, -10.5245018005, -238.584030151, -17.0102405548, -174.54927063, -52.6904220581, -270.547332764], [-714.856018066, 1947.14794922, 344.569793701, -101.136947632, 227.724746704, -272.296417236, 11.4251432419, -283.518493652, -339.023986816, -585.036315918, -89.7825775146, -233.489883423, 32.5914497375], [233.010574341, 344.569793701, 311.107666016, 229.584381104, 48.9924125671, -17.8419837952, -24.8362541199, -67.7534332275, -209.854095459, -200.118728638, -115.690284729, -118.654144287, -122.018707275], [523.838012695, -101.136947632, 229.584381104, 310.414581299, 24.3594684601, 36.7904396057, -35.5187530518, -13.5254001617, -149.042694092, -75.5063095093, -112.146118164, -70.2168655396, -145.220001221], [-173.077789307, 227.724746704, 48.9924125671, 24.3594684601, 94.5580062866, -1.73721802235, -0.902625203133, -35.7541618347, -37.1670074463, -57.5021438599, -11.7732114792, -27.1476364136, -11.2203235626], [75.0941085815, -272.296417236, -17.8419837952, 36.7904396057, -1.73721802235, 103.27822876, 14.4239768982, 46.8049468994, 40.7820358276, 73.4579162598, 14.8716964722, 14.9505805969, -38.2370529175], [-100.705200195, 11.4251432419, -24.8362541199, -35.5187530518, -0.902625203133, 14.4239768982, 35.6334609985, 24.6846504211, 19.4011001587, 1.11774790287, 2.60540676117, 11.1964874268, 14.0783205032], [-10.5245018005, -283.518493652, -67.7534332275, -13.5254001617, -35.7541618347, 46.8049468994, 24.6846504211, 110.769523621, 107.389854431, 96.7011108398, 22.7214241028, 46.5225524902, 13.2422084808], [-238.584030151, -339.023986816, -209.854095459, -149.042694092, -37.1670074463, 40.7820358276, 19.4011001587, 107.389854431, 230.673736572, 200.191574097, 111.346717834, 86.6111755371, 75.3199234009], [-17.0102405548, -585.036315918, -200.118728638, -75.5063095093, -57.5021438599, 73.4579162598, 1.11774790287, 96.7011108398, 200.191574097, 263.176391602, 98.7870941162, 97.1218414307, 41.9783096313], [-174.54927063, -89.7825775146, -115.690284729, -112.146118164, -11.7732114792, 14.8716964722, 2.60540676117, 22.7214241028, 111.346717834, 98.7870941162, 111.424278259, 45.0435333252, 52.6110801697], [-52.6904220581, -233.489883423, -118.654144287, -70.2168655396, -27.1476364136, 14.9505805969, 11.1964874268, 46.5225524902, 86.6111755371, 97.1218414307, 45.0435333252, 91.6174163818, 62.5707435608], [-270.547332764, 32.5914497375, -122.018707275, -145.220001221, -11.2203235626, -38.2370529175, 14.0783205032, 13.2422084808, 75.3199234009, 41.9783096313, 52.6110801697, 62.5707435608, 116.296005249]],
        "icov": [[0.00229924800806, -0.0042221932672, 0.00768251018599, -0.00839558802545, 0.0103748617694, -0.00576078006998, 0.00703004840761, -0.00212640292011, 0.00372799416073, -0.00342682935297, 0.00148779607844, -0.00447022728622, 0.00316156842746], [-0.0042221932672, 0.027765346691, -0.0310197398067, 0.0310652721673, -0.0427966490388, 0.0349356606603, -0.0322698578238, 0.016095193103, -0.0175489280373, 0.0332097709179, -0.0142150856555, 0.0238377712667, -0.00894333422184], [0.00768251018599, -0.0310197398067, 0.0622828155756, -0.0519526228309, 0.0539259985089, -0.039536755532, 0.0421701334417, -0.0238677654415, 0.0288989245892, -0.0253740400076, 0.0091150412336, -0.0181242953986, 0.0129259647802], [-0.00839558802545, 0.0310652721673, -0.0519526228309, 0.0661241859198, -0.062194481492, 0.0407868847251, -0.0271236896515, 0.0047998377122, -0.00919841509312, 0.0234084799886, -0.00791852362454, 0.0217365976423, -0.000634393654764], [0.0103748617694, -0.0427966490388, 0.0539259985089, -0.062194481492, 0.0917712524533, -0.0605766400695, 0.0503724291921, -0.011724980548, 0.0178874637932, -0.0396811664104, 0.0206487588584, -0.0379532873631, 0.0130374878645], [-0.00576078006998, 0.0349356606603, -0.039536755532, 0.0407868847251, -0.0605766400695, 0.0687146261334, -0.0531246736646, 0.0127534037456, -0.014728019014, 0.0315844044089, -0.0229335855693, 0.0270023811609, 0.00196837214753], [0.00703004840761, -0.0322698578238, 0.0421701334417, -0.0271236896515, 0.0503724291921, -0.0531246736646, 0.098256520927, -0.0408706739545, 0.0314058437943, -0.0292894598097, 0.0203954745084, -0.0294078700244, 0.0127536728978], [-0.00212640292011, 0.016095193103, -0.0238677654415, 0.0047998377122, -0.011724980548, 0.0127534037456, -0.0408706739545, 0.0576389208436, -0.0484133996069, 0.0274694599211, 0.00250697042793, 0.00436723884195, -0.00910353846848], [0.00372799416073, -0.0175489280373, 0.0288989245892, -0.00919841509312, 0.0178874637932, -0.014728019014, 0.0314058437943, -0.0484133996069, 0.065459869802, -0.0406149402261, -0.00588186457753, -0.00592776341364, 0.00913475360721], [-0.00342682935297, 0.0332097709179, -0.0253740400076, 0.0234084799886, -0.0396811664104, 0.0315844044089, -0.0292894598097, 0.0274694599211, -0.0406149402261, 0.0694001987576, -0.0200803466141, 0.021116329357, -0.00872048828751], [0.00148779607844, -0.0142150856555, 0.0091150412336, -0.00791852362454, 0.0206487588584, -0.0229335855693, 0.0203954745084, 0.00250697042793, -0.00588186457753, -0.0200803466141, 0.0342311151326, -0.0153210731223, 0.00263296952471], [-0.00447022728622, 0.0238377712667, -0.0181242953986, 0.0217365976423, -0.0379532873631, 0.0270023811609, -0.0294078700244, 0.00436723884195, -0.00592776341364, 0.021116329357, -0.0153210731223, 0.0586000010371, -0.0290546678007], [0.00316156842746, -0.00894333422184, 0.0129259647802, -0.000634393654764, 0.0130374878645, 0.00196837214753, 0.0127536728978, -0.00910353846848, 0.00913475360721, -0.00872048828751, 0.00263296952471, -0.0290546678007, 0.0443003550172]]
    },
    "melbands": {
        "dmean": [5.05630346481e-08, 3.04120646888e-07, 8.59446845425e-06, 5.29755889147e-05, 0.000311561365379, 0.000325767876348, 0.000133627283503, 8.21281137178e-05, 8.49111384014e-05, 6.52061717119e-05, 2.82085165964e-05, 4.06308681704e-05, 5.1796927437e-05, 5.08505036123e-05, 0.000173214139068, 0.000116406852612, 8.14322629594e-05, 0.000163618911756, 7.03899349901e-05, 2.93359371426e-05, 1.83804295375e-05, 1.00863553598e-05, 1.93984760699e-05, 3.53657674168e-06, 3.49508400177e-06, 2.53328289546e-06, 2.43723616222e-06, 2.89070476356e-06, 3.73915577256e-06, 8.26371376661e-07, 1.70995974713e-07, 1.1871073724e-07, 1.05592796729e-07, 1.40712216989e-07, 1.37820464374e-07, 1.68807474665e-07, 2.2422874224e-08, 8.65288285468e-09, 2.14545670119e-09, 2.0554704605e-09],
        "dmean2": [8.60718571971e-08, 2.79801128045e-07, 8.40262237034e-06, 6.88400978106e-05, 0.000384851096896, 0.000392920745071, 0.00016559411597, 0.000120371696539, 0.000111898305477, 8.58264829731e-05, 4.09292588301e-05, 6.08976733929e-05, 8.36042818264e-05, 7.28864324628e-05, 0.000279527070234, 0.000187876765267, 0.000128078623675, 0.000271683005849, 0.00011677769362, 4.83581679873e-05, 3.0008603062e-05, 1.67267189681e-05, 3.16712430504e-05, 5.61558499612e-06, 5.54362986804e-06, 3.79666312256e-06, 3.65190476259e-06, 4.27986105933e-06, 5.77459150009e-06, 1.28131341626e-06, 2.6782237228e-07, 1.84378947665e-07, 1.54223442905e-07, 2.04236314971e-07, 1.95636985723e-07, 2.29267911322e-07, 3.05373220044e-08, 1.16231460012e-08, 3.16545301082e-09, 2.89628387939e-09],
        "dvar": [1.3731226544e-14, 7.21516108578e-13, 4.32129471095e-10, 3.8826783566e-08, 4.34606533872e-07, 3.96577860329e-07, 5.70279610201e-08, 3.57999034861e-08, 1.79787154053e-08, 1.69191487487e-08, 3.13988612888e-09, 7.96831667316e-09, 1.1032626368e-08, 6.93148249908e-09, 3.38529666521e-08, 1.70568483782e-08, 1.61281352717e-08, 6.64853985199e-08, 1.0604356504e-08, 1.26474519746e-09, 3.43530676128e-10, 1.07737298249e-10, 9.10598707549e-10, 1.57344970386e-11, 1.66593423084e-11, 1.27270832762e-11, 8.77840595354e-12, 1.2805158843e-11, 3.72341983634e-11, 2.28383349558e-12, 4.45648258693e-14, 1.82278220702e-14, 1.91912830842e-14, 8.07073388697e-14, 8.72187860671e-14, 1.92445953379e-13, 4.50368138033e-15, 5.95711760238e-16, 5.02260196737e-17, 1.4359896793e-17],
        "dvar2": [4.05325526289e-14, 5.7261248694e-13, 4.38238251244e-10, 5.95073430532e-08, 6.38632059236e-07, 5.0840668564e-07, 7.62203100635e-08, 9.18336766631e-08, 2.83555579017e-08, 3.1257098243e-08, 6.48025544336e-09, 1.81286434753e-08, 3.10724850294e-08, 1.20060654751e-08, 9.89536061979e-08, 4.82824091819e-08, 4.0015979863e-08, 1.89344262935e-07, 3.11554693155e-08, 3.2996028132e-09, 9.96663085395e-10, 3.09615222349e-10, 2.76047673609e-09, 3.41301154005e-11, 3.52747692167e-11, 2.4436222143e-11, 1.59288207624e-11, 2.13994013482e-11, 9.15855655204e-11, 4.81903319333e-12, 8.75429286354e-14, 4.18704174522e-14, 3.72988518869e-14, 1.1129726291e-13, 1.3622881035e-13, 3.09574685765e-13, 7.70733574618e-15, 1.01717751416e-15, 1.16804334649e-16, 2.87895977034e-17],
        "max": [1.29055831621e-06, 2.74350604741e-05, 0.000520379107911, 0.00362269952893, 0.0074465260841, 0.00672728475183, 0.00301627651788, 0.00341368583031, 0.00244876928627, 0.00168576987926, 0.000551313569304, 0.00128924357705, 0.00214429013431, 0.0011555030942, 0.00133224972524, 0.000930782640353, 0.00117416284047, 0.00310411630198, 0.00126615015324, 0.000472880143207, 0.000178552028956, 9.60918259807e-05, 0.00028957502218, 4.93031293445e-05, 5.00585047121e-05, 4.35490583186e-05, 5.18543456565e-05, 4.68505495519e-05, 7.45436336729e-05, 1.70259863808e-05, 2.65157723334e-06, 1.75566162852e-06, 1.71077999767e-06, 5.70864995098e-06, 3.2592174648e-06, 5.36014795216e-06, 8.36438630358e-07, 2.90503777478e-07, 9.22509855172e-08, 4.31870468276e-08],
        "mean": [8.26108248475e-08, 1.26577515402e-06, 3.83589431294e-05, 0.000445672631031, 0.00179055065382, 0.00153605069499, 0.000461158109829, 0.000340372032952, 0.000291316828225, 0.000191436425666, 6.65878906148e-05, 7.82747811172e-05, 0.000145209458424, 0.000157706788741, 0.000318839796819, 0.000198747162358, 0.000167419100762, 0.000416399241658, 0.000176006127731, 5.96681529714e-05, 3.86271349271e-05, 2.33758983086e-05, 3.71734822693e-05, 1.05030949271e-05, 9.87816747511e-06, 7.97936991148e-06, 9.12408540898e-06, 1.04909086076e-05, 1.32283103085e-05, 3.00951842291e-06, 6.34357888885e-07, 5.4653588677e-07, 4.3982785769e-07, 7.29651503661e-07, 7.0497304705e-07, 7.93555898326e-07, 7.14393806334e-08, 3.00156166588e-08, 6.93678980923e-09, 1.05497202085e-08],
        "median": [5.00282837379e-08, 4.14515710645e-08, 4.25176222052e-06, 3.59001969628e-05, 0.000670179491863, 0.000655896088574, 7.28303784854e-05, 9.11572860787e-05, 0.000147212456795, 2.53415928455e-05, 8.46515558806e-06, 1.76846933755e-05, 1.1697865375e-05, 3.21855113725e-05, 0.000248767173616, 0.00013421564654, 8.50259893923e-05, 0.000129924388602, 7.85126685514e-05, 4.10500433645e-05, 3.54287003574e-05, 2.09010158869e-05, 1.94896711037e-05, 9.75578950602e-06, 8.16989904706e-06, 4.65475841338e-06, 8.63520745042e-06, 1.00341421785e-05, 2.95566110253e-06, 4.54487064872e-07, 5.45963246168e-07, 4.55184618886e-07, 3.87503632737e-07, 4.09126613476e-07, 2.61037030214e-07, 5.1575689497e-08, 1.09569988638e-08, 9.88695703086e-09, 4.31860058825e-09, 5.49417267237e-09],
        "min": [1.65433777788e-10, 1.61494206896e-10, 1.5382298213e-10, 1.41015851773e-10, 1.21479243331e-10, 9.50195339078e-11, 6.28701118943e-11, 3.07606926042e-11, 9.98841721139e-12, 1.39802249638e-11, 5.44488239218e-11, 1.30175231705e-10, 2.21511184395e-10, 2.88763429834e-10, 2.94409968626e-10, 2.3349613909e-10, 1.46676532031e-10, 9.33097973888e-11, 9.1961584181e-11, 1.07135945948e-10, 1.03423110354e-10, 8.69747607268e-11, 6.96122881561e-11, 4.4902644103e-11, 1.92210709155e-11, 6.19276244868e-12, 8.42928678246e-12, 7.3381405119e-12, 4.02250975584e-12, 1.00915300422e-11, 2.81417510822e-12, 1.53815621264e-12, 1.50590965479e-12, 1.44604174555e-12, 1.45303354852e-12, 6.26424639157e-13, 9.51882019387e-13, 1.01067971266e-12, 9.13172207122e-13, 7.87725570536e-13],
        "stdev": [1.07676882521e-07, 3.97784333472e-06, 8.44846072141e-05, 0.000949824170675, 0.00188697502017, 0.00182916852646, 0.000610208313446, 0.000673392496537, 0.000399918819312, 0.000340678874636, 0.00011636644922, 0.000152683744091, 0.000292711047223, 0.000228159085964, 0.000256983854342, 0.000194970401935, 0.000233158192714, 0.000563764711842, 0.000214961153688, 5.89091214351e-05, 2.50837219937e-05, 1.50162868522e-05, 4.69565857202e-05, 7.58692431191e-06, 7.99771260063e-06, 8.37620245875e-06, 6.91241621098e-06, 7.79911897553e-06, 1.74598390004e-05, 3.90557988794e-06, 5.14177202149e-07, 4.48502646577e-07, 3.67734088513e-07, 7.93190565673e-07, 8.28837698919e-07, 1.11826125249e-06, 1.17537908295e-07, 4.95907563902e-08, 8.71931238322e-09, 1.07759365875e-08],
        "var": [1.15943106488e-14, 1.5823236818e-11, 7.13764869431e-09, 9.02165936623e-07, 3.5606747133e-06, 3.34585729433e-06, 3.72354207911e-07, 4.53457431604e-07, 1.59935069632e-07, 1.16062103928e-07, 1.35411504232e-08, 2.33123262916e-08, 8.56797512938e-08, 5.2056567057e-08, 6.60406982433e-08, 3.80134572708e-08, 5.43627400873e-08, 3.17830682661e-07, 4.62082958563e-08, 3.47028472625e-09, 6.29193142032e-10, 2.2548887757e-10, 2.20492091252e-09, 5.75614174381e-11, 6.39634040178e-11, 7.01607660858e-11, 4.77815009781e-11, 6.0826253756e-11, 3.04845981791e-10, 1.52535553632e-11, 2.64378200322e-13, 2.01154617594e-13, 1.35228362796e-13, 6.29151244991e-13, 6.8697196369e-13, 1.25050816056e-12, 1.38151598858e-14, 2.45924327181e-15, 7.60264017103e-17, 1.16120818765e-16]
    },
    "melbands128": {
