{
"lowlevel": {
    "average_loudness": 0.980297982693,
    "barkbands_crest": {
        "dmean": 3.33595895767,
        "dmean2": 5.39425706863,
        "dvar": 7.82941675186,
        "dvar2": 17.9840488434,
        "max": 24.4265136719,
        "mean": 11.7197141647,
        "median": 11.0499277115,
        "min": 3.75740718842,
        "stdev": 4.08937358856,
        "var": 16.7229766846
    },
    "barkbands_flatness_db": {
        "dmean": 0.0304965581745,
        "dmean2": 0.0441207922995,
        "dvar": 0.000764754135162,
        "dvar2": 0.00143204024062,
        "max": 0.27850663662,
        "mean": 0.14858110249,
        "median": 0.146506533027,
        "min": 0.0455422326922,
        "stdev": 0.0463219843805,
        "var": 0.00214572623372
    },
    "barkbands_kurtosis": {
        "dmean": 7.20113372803,
        "dmean2": 10.9699172974,
        "dvar": 66.1906356812,
        "dvar2": 129.217895508,
        "max": 83.52394104,
        "mean": 11.5663690567,
        "median": 8.18836975098,
        "min": -1.85352146626,
        "stdev": 13.0060396194,
        "var": 169.157073975
    },
    "barkbands_skewness": {
        "dmean": 0.928175449371,
        "dmean2": 1.4097597599,
        "dvar": 0.712867975235,
        "dvar2": 1.41642105579,
        "max": 7.0874838829,
        "mean": 2.56333327293,
        "median": 2.70771074295,
        "min": -1.09401237965,
        "stdev": 1.35179805756,
        "var": 1.82735812664
    },
    "barkbands_spread": {
        "dmean": 11.5135564804,
        "dmean2": 17.5344390869,
        "dvar": 198.366668701,
        "dvar2": 422.878204346,
        "max": 110.234237671,
        "mean": 22.6481113434,
        "median": 15.3554830551,
        "min": 1.73359870911,
        "stdev": 19.4134616852,
        "var": 376.882507324
    },
    "dissonance": {
        "dmean": 0.0301036424935,
        "dmean2": 0.047174077481,
        "dvar": 0.000735941808671,
        "dvar2": 0.00153273018077,
        "max": 0.5,
        "mean": 0.429010957479,
        "median": 0.437983900309,
        "min": 0.272026956081,
        "stdev": 0.0462479516864,
        "var": 0.00213887309656
    },
    "dynamic_complexity": 1.68618512154,
    "erbbands_crest": {
        "dmean": 2.96647763252,
        "dmean2": 4.71372795105,
        "dvar": 6.15934181213,
        "dvar2": 14.923658371,
        "max": 23.9958248138,
        "mean": 10.2771139145,
        "median": 10.0572071075,
        "min": 4.00938272476,
        "stdev": 3.37202000618,
        "var": 11.3705186844
    },
    "erbbands_flatness_db": {
        "dmean": 0.0215604063123,
        "dmean2": 0.0297193545848,
        "dvar": 0.000385687948437,
        "dvar2": 0.000752413703594,
        "max": 0.260733932257,
        "mean": 0.160187140107,
        "median": 0.156444251537,
        "min": 0.0778407901525,
        "stdev": 0.0338891670108,
        "var": 0.00114847568329
    },
    "erbbands_kurtosis": {
        "dmean": 2.24260807037,
        "dmean2": 3.31424093246,
        "dvar": 7.43313789368,
        "dvar2": 15.2754106522,
        "max": 20.6361522675,
        "mean": 1.95266962051,
        "median": 0.192775964737,
        "min": -1.87967121601,
        "stdev": 4.38801956177,
        "var": 19.2547168732
    },
    "erbbands_skewness": {
        "dmean": 0.729045808315,
        "dmean2": 1.04483664036,
        "dvar": 0.471552908421,
        "dvar2": 0.865246117115,
        "max": 3.96276044846,
        "mean": 1.04416048527,
        "median": 1.11244142056,
        "min": -1.7910323143,
        "stdev": 1.17124891281,
        "var": 1.3718239069
    },
    "erbbands_spread": {
        "dmean": 17.5132312775,
        "dmean2": 24.5628032684,
        "dvar": 271.944122314,
        "dvar2": 552.470703125,
        "max": 118.173522949,
        "mean": 58.6475257874,
        "median": 56.8090400696,
        "min": 7.90518474579,
        "stdev": 31.514749527,
        "var": 993.179382324
    },
    "hfc": {
        "dmean": 24.1685695648,
        "dmean2": 35.4831199646,
        "dvar": 1527.87768555,
        "dvar2": 3464.26806641,
        "max": 251.634170532,
        "mean": 32.0182533264,
        "median": 14.6382951736,
        "min": 2.18893296733e-06,
        "stdev": 44.2022361755,
        "var": 1953.83776855
    },
    "loudness_ebu128": {
        "integrated": -11.2304849625,
        "loudness_range": 1.14444637299,
        "momentary": {
            "dmean": 0.910729050636,
            "dmean2": 1.66386735439,
            "dvar": 0.253836721182,
            "dvar2": 0.614240527153,
            "max": -8.65577030182,
            "mean": -11.3692522049,
            "median": -11.2845783234,
            "min": -14.1705436707,
            "stdev": 1.10483300686,
            "var": 1.22065603733
        },
        "short_term": {
            "dmean": 0.0679331198335,
            "dmean2": 0.0804626643658,
            "dvar": 0.00369141157717,
            "dvar2": 0.00364006520249,
            "max": -10.7339296341,
            "mean": -11.2078866959,
            "median": -11.0725307465,
            "min": -12.0240755081,
            "stdev": 0.38132789731,
            "var": 0.145410954952
        }
    },
    "melbands_crest": {
        "dmean": 3.53786683083,
        "dmean2": 5.76937818527,
        "dvar": 8.31827163696,
        "dvar2": 19.8565578461,
        "max": 27.8007068634,
        "mean": 14.0149974823,
        "median": 13.3006324768,
        "min": 4.21585273743,
        "stdev": 4.08006429672,
        "var": 16.6469230652
    },
    "melbands_flatness_db": {
        "dmean": 0.0385738238692,
        "dmean2": 0.0545593388379,
        "dvar": 0.00133089267183,
        "dvar2": 0.00227523990907,
        "max": 0.364557564259,
        "mean": 0.221940711141,
        "median": 0.223900511861,
        "min": 0.0487588234246,
        "stdev": 0.0637128502131,
        "var": 0.00405932730064
    },
    "melbands_kurtosis": {
        "dmean": 15.097738266,
        "dmean2": 24.4738712311,
        "dvar": 215.737625122,
        "dvar2": 528.999206543,
        "max": 134.739639282,
        "mean": 29.8633384705,
        "median": 27.0675067902,
        "min": -1.42860472202,
        "stdev": 19.493024826,
        "var": 379.978027344
    },
    "melbands_skewness": {
        "dmean": 1.09357953072,
        "dmean2": 1.75162029266,
        "dvar": 0.855784952641,
        "dvar2": 2.015635252,
        "max": 10.7799835205,
        "mean": 4.12779426575,
        "median": 4.07683849335,
        "min": 0.553496003151,
        "stdev": 1.40847361088,
        "var": 1.98379802704
    },
    "melbands_spread": {
        "dmean": 12.5292272568,
        "dmean2": 18.4707241058,
        "dvar": 370.076965332,
        "dvar2": 666.764648438,
        "max": 158.905654907,
        "mean": 20.0821857452,
        "median": 10.4699983597,
        "min": 1.60007810593,
        "stdev": 24.5837726593,
        "var": 604.361877441
    },
    "pitch_salience": {
        "dmean": 0.0832396373153,
        "dmean2": 0.130515739322,
        "dvar": 0.00443452224135,
        "dvar2": 0.010689638555,
        "max": 0.863949656487,
        "mean": 0.613515675068,
        "median": 0.621265828609,
        "min": 0.288391619921,
        "stdev": 0.0981890708208,
        "var": 0.00964109320194
    },
    "silence_rate_20dB": {
        "dmean": 0,
        "dmean2": 0,
        "dvar": 0,
        "dvar2": 0,
        "max": 1,
        "mean": 1,
        "median": 1,
        "min": 1,
        "stdev": 0,
        "var": 0
    },
    "silence_rate_30dB": {
        "dmean": 0.00578034669161,
        "dmean2": 0.0115942033008,
        "dvar": 0.00574691826478,
        "dvar2": 0.0114597994834,
        "max": 1,
        "mean": 0.994236290455,
        "median": 1,
        "min": 0,
        "stdev": 0.0756999850273,
        "var": 0.00573048740625
    },
    "silence_rate_60dB": {
        "dmean": 0.0028901733458,
        "dmean2": 0.00289855082519,
        "dvar": 0.00288181193173,
        "dvar2": 0.00289015169255,
        "max": 1,
        "mean": 0.00288184429519,
        "median": 0,
        "min": 0,
        "stdev": 0.0536052174866,
        "var": 0.00287351943552
    },
    "spectral_centroid": {
        "dmean": 410.957519531,
        "dmean2": 597.387145996,
        "dvar": 281826.84375,
        "dvar2": 528719.8125,
        "max": 3982.48925781,
        "mean": 969.964172363,
        "median": 678.676208496,
        "min": 268.42767334,
        "stdev": 739.03515625,
        "var": 546172.9375
    },
    "spectral_complexity": {
        "dmean": 4.6936416626,
        "dmean2": 6.81739139557,
        "dvar": 38.0217323303,
        "dvar2": 65.4419021606,
        "max": 53,
        "mean": 13.265130043,
        "median": 10,
        "min": 0,
        "stdev": 8.64669895172,
        "var": 74.7653961182
    },
    "spectral_decrease": {
        "dmean": 2.87537105237e-09,
        "dmean2": 4.22918233767e-09,
        "dvar": 1.10792488527e-17,
        "dvar2": 2.2311618763e-17,
        "max": -1.24894619298e-17,
        "mean": -6.80068579229e-09,
        "median": -5.34606714453e-09,
        "min": -3.1435465786e-08,
        "stdev": 4.85927342808e-09,
        "var": 2.36125389473e-17
    },
    "spectral_energy": {
        "dmean": 0.0125195113942,
        "dmean2": 0.0181457456201,
        "dvar": 0.00019450786931,
        "dvar2": 0.000383382081054,
        "max": 0.124187499285,
        "mean": 0.028571523726,
        "median": 0.0221889931709,
        "min": 2.45680781275e-10,
        "stdev": 0.0204792190343,
        "var": 0.000419398449594
    },
    "spectral_energyband_high": {
        "dmean": 0.00317764445208,
        "dmean2": 0.00475046224892,
        "dvar": 2.98191644106e-05,
        "dvar2": 6.73006652505e-05,
        "max": 0.0346960164607,
        "mean": 0.0034594880417,
        "median": 0.00107671902515,
        "min": 1.4367738943e-10,
        "stdev": 0.00606423383579,
        "var": 3.6774934415e-05
    },
    "spectral_energyband_low": {
        "dmean": 0.00284538953565,
        "dmean2": 0.00385284866206,
        "dvar": 3.11322546622e-05,
        "dvar2": 6.73603426549e-05,
        "max": 0.0482017472386,
        "mean": 0.00390384648927,
        "median": 0.00104734383058,
        "min": 3.15056036815e-11,
        "stdev": 0.00689582293853,
        "var": 4.75523738714e-05
    },
    "spectral_energyband_middle_high": {
        "dmean": 0.00118454988115,
        "dmean2": 0.00186602154281,
        "dvar": 5.24077495356e-06,
        "dvar2": 1.32044160637e-05,
        "max": 0.0185607876629,
        "mean": 0.00169621128589,
        "median": 0.000926211010665,
        "min": 2.0383864735e-11,
        "stdev": 0.00235919188708,
        "var": 5.56578652322e-06
    },
    "spectral_energyband_middle_low": {
        "dmean": 0.00883711315691,
        "dmean2": 0.0139619996771,
        "dvar": 0.00011893716146,
        "dvar2": 0.0002685720101,
        "max": 0.10282959789,
        "mean": 0.0207524131984,
        "median": 0.0162802841514,
        "min": 7.24709485131e-12,
        "stdev": 0.0148044992238,
        "var": 0.000219173190999
    },
    "spectral_entropy": {
        "dmean": 0.331620842218,
        "dmean2": 0.450576812029,
        "dvar": 0.113729611039,
        "dvar2": 0.191956117749,
        "max": 8.78358459473,
        "mean": 7.41047477722,
        "median": 7.49156808853,
        "min": 5.84847545624,
        "stdev": 0.597403228283,
        "var": 0.356890588999
    },
    "spectral_flux": {
        "dmean": 0.0313594341278,
        "dmean2": 0.0469998009503,
        "dvar": 0.000851560384035,
        "dvar2": 0.00168398441747,
        "max": 0.270294994116,
        "mean": 0.0882509574294,
        "median": 0.0783400535583,
        "min": 1.56742080435e-05,
        "stdev": 0.0456478595734,
        "var": 0.00208372692578
    },
    "spectral_kurtosis": {
        "dmean": 1.23695230484,
        "dmean2": 1.84517240524,
        "dvar": 2.23623561859,
        "dvar2": 3.9452381134,
        "max": 12.0879230499,
        "mean": 2.41390562057,
        "median": 1.24812650681,
        "min": -0.630981683731,
        "stdev": 2.63941049576,
        "var": 6.96648740768
    },
    "spectral_rms": {
        "dmean": 0.00111458986066,
        "dmean2": 0.00156089081429,
        "dvar": 1.11151166493e-06,
        "dvar2": 1.95098573386e-06,
        "max": 0.0110072037205,
        "mean": 0.00497852964327,
        "median": 0.00465271947905,
        "min": 4.89579974783e-07,
        "stdev": 0.00175752281211,
        "var": 3.08888661493e-06
    },
    "spectral_rolloff": {
        "dmean": 1243.82214355,
        "dmean2": 2253.56005859,
        "dvar": 4825190.5,
        "dvar2": 9543540,
        "max": 18066.3574219,
        "mean": 1806.92651367,
        "median": 538.330078125,
        "min": 258.3984375,
        "stdev": 2439.07128906,
        "var": 5949069
    },
    "spectral_skewness": {
        "dmean": 0.342911988497,
        "dmean2": 0.455157905817,
        "dvar": 0.123334787786,
        "dvar2": 0.21324595809,
        "max": 3.15832185745,
        "mean": 1.28818440437,
        "median": 1.12510383129,
        "min": 0.305373162031,
        "stdev": 0.68728017807,
        "var": 0.472354054451
    },
    "spectral_spread": {
        "dmean": 663312.875,
        "dmean2": 922515.75,
        "dvar": 594314723328,
        "dvar2": 1.18913472922e+12,
        "max": 16571104,
        "mean": 6204637.5,
        "median": 6063043,
        "min": 3712897.25,
        "stdev": 1303802.375,
        "var": 1.69990055526e+12
    },
    "spectral_strongpeak": {
        "dmean": 0.493366479874,
        "dmean2": 0.84247982502,
        "dvar": 0.615102887154,
        "dvar2": 1.78644275665,
        "max": 7.17096090317,
        "mean": 0.968729496002,
        "median": 0.837317049503,
        "min": 0,
        "stdev": 0.736318409443,
        "var": 0.542164802551
    },
    "zerocrossingrate": {
        "dmean": 0.0200407002121,
        "dmean2": 0.0220844652504,
        "dvar": 0.000419694260927,
        "dvar2": 0.000513468752615,
        "max": 0.22412109375,
        "mean": 0.0681328251958,
        "median": 0.056640625,
        "min": 0.01220703125,
        "stdev": 0.0412895493209,
        "var": 0.00170482695103
    },
    "barkbands": {
        "dmean": [7.50827312004e-05, 0.000410897278925, 0.00148706580512, 0.00214513577521, 0.00401910860091, 0.00431089475751, 0.0011048396118, 0.000605750945397, 0.000691738503519, 0.00037549471017, 0.000320073158946, 0.000194271691726, 0.000177599227754, 7.88899124018e-05, 5.81377535127e-05, 6.33940144326e-05, 6.76985073369e-05, 6.54896794003e-05, 7.63212592574e-05, 9.48604792939e-05, 0.000277306302451, 0.00184968404938, 0.000774013402406, 0.000123154270113, 9.41304388107e-05, 5.1245886425e-05, 6.96595161571e-05],
        "dmean2": [0.000135925467475, 0.000622814230155, 0.00206136610359, 0.00348740140907, 0.00655643129721, 0.00607762672007, 0.00188287999481, 0.00102064793464, 0.00116111896932, 0.000654113537166, 0.000547281408217, 0.000311542564305, 0.000290971744107, 0.000125162259792, 9.35406715143e-05, 0.000101950892713, 0.000107634899905, 0.000103846679849, 0.000117067676911, 0.000141705488204, 0.000406762061175, 0.00277836038731, 0.00116949086078, 0.000198901238036, 0.000165509845829, 8.84081819095e-05, 0.000126927028759],
        "dvar": [1.8947472924e-08, 8.34296031371e-07, 9.43757186178e-06, 3.09897841362e-05, 2.69802640105e-05, 4.90177262691e-05, 2.87525494969e-06, 1.02638693988e-06, 1.17591071103e-06, 7.57129669182e-07, 8.15926227915e-07, 2.64270227035e-07, 6.17615327769e-08, 1.28073569527e-08, 1.00358361621e-08, 1.44050842366e-08, 2.61220964859e-08, 2.73468501177e-08, 2.64972825903e-08, 2.78567480194e-08, 2.22082945811e-07, 1.09852799142e-05, 2.06299523597e-06, 7.15720887001e-08, 1.54140010977e-07, 1.48347689688e-08, 2.93789454986e-08],
        "dvar2": [5.31571515694e-08, 2.12290819945e-06, 2.1204161385e-05, 7.6443895523e-05, 7.16207941878e-05, 0.000121506440337, 7.37278332963e-06, 2.49675781561e-06, 3.32068771058e-06, 2.13522207559e-06, 2.29820125242e-06, 6.12566509517e-07, 1.54215570092e-07, 3.26943059292e-08, 2.39539676983e-08, 3.59486556079e-08, 6.88359875767e-08, 6.18111428707e-08, 6.15542532501e-08, 5.61012143407e-08, 4.97311475556e-07, 2.58461313933e-05, 4.41874499302e-06, 1.87600633694e-07, 4.48496138006e-07, 4.05440481188e-08, 8.13829643675e-08],
        "max": [0.00113451411016, 0.006648611743, 0.0235612355173, 0.0403274670243, 0.0485172569752, 0.0706437975168, 0.0163355860859, 0.00753841828555, 0.0108538204804, 0.00636028544977, 0.00759374443442, 0.00558791542426, 0.00214924896136, 0.000822424364742, 0.000686690444127, 0.00114666554146, 0.00182023260277, 0.00158800429199, 0.00150282320101, 0.00138887367211, 0.00323830801062, 0.0241829976439, 0.0102555146441, 0.0022290032357, 0.00508129037917, 0.00116514053661, 0.00117558229249],
        "mean": [0.00020370123093, 0.000497329572681, 0.00199998822063, 0.00259192404337, 0.00682417862117, 0.00768950814381, 0.00198264722712, 0.000703917175997, 0.000874272023793, 0.000428725936217, 0.000263175403234, 0.00019088893896, 0.000285267364234, 0.000116137998702, 6.89759399393e-05, 9.39552264754e-05, 9.00963786989e-05, 6.82969475747e-05, 7.96065141913e-05, 0.000116305396659, 0.000297107588267, 0.00189936696552, 0.000913652183954, 0.000126298240502, 7.04790654709e-05, 3.91461617255e-05, 5.1583036111e-05],
        "median": [0.000192278355826, 8.73255485203e-05, 0.000445921439677, 0.00064297701465, 0.00504945451394, 0.00403811130673, 0.00132227537688, 0.00028481479967, 0.000494464184158, 0.000202796072699, 6.40058424324e-05, 6.21120852884e-05, 0.000188463862287, 7.16945942258e-05, 2.60375763901e-05, 3.73655966541e-05, 3.28928545059e-05, 1.49330026034e-05, 1.80025435839e-05, 3.04435761791e-05, 7.5202275184e-05, 0.000501798989717, 0.000270194956101, 3.18251259159e-05, 8.06605657999e-06, 3.81759264201e-06, 5.14640714755e-06],
        "min": [4.83335871326e-11, 9.52450878583e-12, 5.87947117207e-13, 3.42210417989e-13, 1.44959023084e-12, 7.76071644015e-13, 1.31541457414e-12, 7.24590363838e-13, 2.36474013114e-12, 6.50523959787e-13, 1.35473078068e-12, 1.155654023e-12, 2.28078298435e-12, 1.81363236061e-12, 2.04155334131e-12, 9.48067579304e-13, 1.28252356651e-12, 1.5575273276e-12, 3.97014669404e-12, 9.78477888991e-12, 6.89200823148e-12, 6.59934346753e-12, 1.23508373667e-11, 1.73488341748e-11, 1.57898624731e-11, 2.58409457027e-11, 5.78564626763e-11],
        "stdev": [0.000114628535812, 0.000971114030108, 0.00366907636635, 0.00575317675248, 0.00617577321827, 0.00939792394638, 0.00232401792891, 0.00112357840408, 0.00109736504965, 0.000756716413889, 0.000744373071939, 0.000521294423379, 0.000307216745568, 0.000133734167321, 0.000110323198896, 0.000145754427649, 0.000155806352268, 0.000167923804838, 0.000170549756149, 0.000199929680093, 0.000529759854544, 0.00352833839133, 0.00163255864754, 0.000248706899583, 0.000295155768981, 0.000101372468635, 0.00013866025256],
        "var": [1.31397017711e-08, 9.43062502756e-07, 1.34621213874e-05, 3.30990442308e-05, 3.81401769118e-05, 8.83209722815e-05, 5.40105975233e-06, 1.26242832721e-06, 1.20420997973e-06, 5.72619740069e-07, 5.54091229787e-07, 2.71747893521e-07, 9.43821376609e-08, 1.78848260646e-08, 1.21712089296e-08, 2.12443538317e-08, 2.4275621513e-08, 2.81984053885e-08, 2.90872215203e-08, 3.99718764754e-08, 2.80645480188e-07, 1.24491725728e-05, 2.6652478482e-06, 6.18551183607e-08, 8.71169305583e-08, 1.02763770826e-08, 1.92266664811e-08]
    },
    "erbbands": {
        "dmean": [0.00278281676583, 0.147591099143, 1.52043056488, 4.58359575272, 8.07031154633, 14.7955226898, 32.2629394531, 32.4409141541, 14.9611577988, 14.9319410324, 11.5345849991, 17.4943847656, 10.1523075104, 13.9346370697, 12.6690540314, 6.30188179016, 8.85611629486, 3.72442483902, 3.58393502235, 2.97462391853, 3.83220696449, 3.87087774277, 3.81899261475, 3.50592637062, 3.86434698105, 4.61637592316, 7.52045679092, 15.8368024826, 45.5925636292, 75.7134170532, 15.3618783951, 3.75508284569, 1.80317234993, 1.26548850536, 0.520367026329, 0.238947719336, 0.087205439806, 0.0341751612723, 0.00986219756305, 0.00109600042924],
        "dmean2": [0.00421925866976, 0.216422200203, 2.06394934654, 7.02384662628, 13.2526636124, 23.6534099579, 50.9365882874, 46.4552268982, 24.904718399, 25.3984947205, 19.2928562164, 29.1275806427, 17.9769268036, 24.3794574738, 21.2279987335, 10.2395114899, 14.466758728, 5.79890012741, 6.05957794189, 4.68588352203, 6.20977544785, 6.15967845917, 5.99306774139, 5.39631795883, 5.70153808594, 6.8244934082, 11.8615102768, 23.0887508392, 69.1717758179, 114.495925903, 23.1270828247, 5.76705551147, 3.0331196785, 2.2423684597, 0.886856138706, 0.415190935135, 0.149558082223, 0.0611265227199, 0.0178848151118, 0.00199332647026],
        "dvar": [3.61084930773e-05, 0.102082170546, 9.54257678986, 119.964797974, 425.867370605, 325.017150879, 1664.47827148, 4163.19091797, 482.133026123, 682.888000488, 274.952636719, 794.010681152, 632.945251465, 1141.97180176, 1318.3671875, 231.772781372, 152.220855713, 28.6937465668, 30.3265209198, 29.3466968536, 66.7407684326, 78.9996109009, 93.8983764648, 59.4014472961, 58.3207588196, 68.4484481812, 183.060241699, 787.501281738, 5901.66064453, 20371.3535156, 735.880737305, 54.0841255188, 29.8603820801, 44.2550392151, 1.5968888998, 0.348726838827, 0.0378836616874, 0.00851816218346, 0.000569709343836, 7.91910497355e-06],
        "dvar2": [8.87766218511e-05, 0.251673579216, 21.6099052429, 274.486236572, 1187.34594727, 884.772399902, 3836.1550293, 10661.9541016, 1287.77331543, 1853.01086426, 682.261901855, 2251.8894043, 1807.47802734, 3261.3059082, 3581.08666992, 491.221191406, 372.293151855, 67.4131317139, 75.0475845337, 67.7541122437, 175.113174438, 204.393630981, 215.899139404, 137.038024902, 129.046051025, 141.921554565, 411.937286377, 1822.09289551, 13257.2148438, 47538.609375, 1661.28149414, 132.757263184, 84.2902984619, 130.137130737, 4.41194200516, 0.960839509964, 0.101544708014, 0.0239537395537, 0.00155645795166, 2.21812806558e-05],
        "max": [0.0568162240088, 2.25856661797, 21.7153549194, 85.8251419067, 277.403869629, 140.882629395, 454.644561768, 728.102050781, 213.464874268, 235.549194336, 141.817657471, 296.811584473, 221.703079224, 317.7472229, 355.20703125, 162.175796509, 117.775894165, 56.3204803467, 47.9610328674, 38.7483329773, 86.5534667969, 98.8310317993, 89.944984436, 64.9527435303, 73.1077880859, 74.6329040527, 93.5606460571, 217.901275635, 495.176635742, 1007.70623779, 180.876327515, 57.6692123413, 65.9170837402, 87.6479873657, 13.0481014252, 5.81340646744, 1.71793627739, 0.828218340874, 0.152754202485, 0.0202682390809],
        "mean": [0.00366863841191, 0.186946094036, 2.08687567711, 5.89636850357, 11.8827199936, 25.0025844574, 54.5754394531, 58.7765960693, 27.4886264801, 22.8284606934, 15.3097057343, 22.0690727234, 9.89829158783, 16.0428028107, 11.1132574081, 7.35609865189, 14.3519124985, 6.16448831558, 4.95381259918, 3.56476068497, 5.95428514481, 5.35086965561, 4.07898426056, 3.62080097198, 4.37820863724, 5.63898992538, 8.37054729462, 16.8573379517, 50.2266311646, 78.609046936, 17.5280399323, 4.02891683578, 1.78797531128, 0.961530148983, 0.398531556129, 0.179042369127, 0.0680225789547, 0.0254954788834, 0.00751117616892, 0.000810226192698],
        "median": [0.00114690838382, 0.0358514152467, 0.455248862505, 1.92391932011, 6.9439458847, 18.9069099426, 41.3572998047, 29.1478633881, 19.934835434, 14.160774231, 9.656291008, 12.3199682236, 3.89070916176, 6.9246430397, 3.07909703255, 3.13574266434, 8.96769618988, 4.21725511551, 2.84036850929, 1.18131184578, 2.57420611382, 2.1579208374, 0.997909128666, 0.749001026154, 1.21944391727, 1.4314904213, 2.32354784012, 3.85843014717, 13.5777835846, 20.574672699, 5.3878288269, 1.13313436508, 0.50742405653, 0.134288161993, 0.0462471619248, 0.0150050222874, 0.00755314389244, 0.0031448842492, 0.00086296122754, 9.5084811619e-05],
        "min": [7.39356409429e-10, 8.43124625671e-10, 8.92159512933e-10, 9.73067515453e-10, 2.89778934182e-09, 4.63640104087e-09, 8.45733616472e-09, 5.58048096622e-09, 1.01460413404e-08, 2.55021390672e-08, 2.08661532497e-08, 4.58988616003e-08, 3.73450426139e-08, 3.90421632801e-08, 4.33749356432e-08, 5.44349774145e-08, 1.05276392048e-07, 6.92547104109e-08, 8.21047692057e-08, 1.12933548735e-07, 6.34339798466e-08, 8.23356671731e-08, 8.64464055894e-08, 1.73930544634e-07, 2.1718844323e-07, 4.65113458858e-07, 3.72370436708e-07, 2.65610538008e-07, 2.3970227403e-07, 1.93537204041e-07, 3.78370799581e-07, 3.49222062823e-07, 2.89014195687e-07, 1.81622738182e-07, 1.09236026447e-07, 5.929006619e-08, 5.85992410151e-08, 2.87328063564e-08, 8.81653594575e-09, 7.42750971838e-10],
        "stdev": [0.00630110269412, 0.354045957327, 3.72879481316, 12.1369552612, 20.0181102753, 21.6117095947, 52.6351394653, 79.124206543, 28.832359314, 30.1441955566, 18.0033912659, 28.2024803162, 20.7364177704, 28.7631568909, 31.403459549, 16.1825237274, 15.9582424164, 6.42215633392, 6.24026536942, 6.07704162598, 9.44356060028, 8.73734664917, 9.75106620789, 8.03942775726, 8.49414825439, 9.79091453552, 15.013466835, 30.3632888794, 86.0047988892, 151.731918335, 30.7764568329, 7.53087854385, 4.43904066086, 4.90124034882, 1.04605269432, 0.485254555941, 0.166336283088, 0.0729055851698, 0.0195011068135, 0.00226809410378],
        "var": [3.97038929805e-05, 0.12534853816, 13.9039115906, 147.30569458, 400.724700928, 467.065979004, 2770.45776367, 6260.63964844, 831.304931641, 908.672485352, 324.12210083, 795.379882812, 429.999053955, 827.319152832, 986.177307129, 261.874053955, 254.665496826, 41.2440910339, 38.9409103394, 36.9304351807, 89.1808395386, 76.3412322998, 95.0832901001, 64.6323928833, 72.1505508423, 95.8619995117, 225.404174805, 921.929321289, 7396.82568359, 23022.5742188, 947.190307617, 56.7141342163, 19.7050819397, 24.0221576691, 1.09422636032, 0.235471978784, 0.027667760849, 0.00531522464007, 0.000380293146009, 5.14425073561e-06]
    },
    "gfcc": {
        "mean": [-1.36808371544, 70.809677124, -84.1447601318, 16.4304065704, -91.1358795166, -2.97883820534, -42.9744758606, -31.9210987091, -16.0001850128, -9.74424934387, -19.5270004272, 3.11091923714, -15.4971389771],
        "cov": [[6080.06445312, -970.259765625, -265.053070068, 640.428527832, -168.321380615, 44.2706222534, 261.712982178, 15.3996763229, -61.2204093933, -53.9593505859, -243.922897339, 237.700897217, -80.292640686], [-970.259765625, 1041.53076172, 170.552749634, -131.533584595, 137.363632202, -5.61742162704, -123.32963562, -20.4665775299, 7.54644823074, -8.39948749542, 61.2957687378, -123.870887756, -18.2643604279], [-265.053070068, 170.552749634, 392.238800049, 79.4039764404, 100.023269653, 51.8166885376, 11.4024105072, 20.547328949, -17.3743648529, 0.484651565552, -17.7305240631, -53.4270782471, -36.9930076599], [640.428527832, -131.533584595, 79.4039764404, 409.226379395, 88.6342849731, 73.378616333, 98.2059707642, 3.92400956154, -1.00239133835, 1.23485553265, -78.1380310059, 28.2784729004, -40.4938201904], [-168.321380615, 137.363632202, 100.023269653, 88.6342849731, 205.209182739, 50.9949378967, 6.63704490662, 30.6563148499, -21.3752250671, -9.25780773163, -23.7545471191, -38.1569404602, -31.7451572418], [44.2706222534, -5.61742162704, 51.8166885376, 73.378616333, 50.9949378967, 83.0021209717, 35.7017364502, 5.26620101929, -12.1582422256, -12.3756828308, -17.1066360474, -9.18345928192, -25.6978187561], [261.712982178, -123.32963562, 11.4024105072, 98.2059707642, 6.63704490662, 35.7017364502, 103.774703979, 38.2131996155, -2.60148072243, 2.61139774323, -33.6338806152, 11.5373668671, -22.2197284698], [15.3996763229, -20.4665775299, 20.547328949, 3.92400956154, 30.6563148499, 5.26620101929, 38.2131996155, 75.2521362305, 4.57395601273, 3.74872994423, -17.8755664825, -10.6573457718, -4.56489229202], [-61.2204093933, 7.54644823074, -17.3743648529, -1.00239133835, -21.3752250671, -12.1582422256, -2.60148072243, 4.57395601273, 48.0992546082, 13.3205060959, -5.15013647079, 0.847202181816, 7.8121752739], [-53.9593505859, -8.39948749542, 0.484651565552, 1.23485553265, -9.25780773163, -12.3756828308, 2.61139774323, 3.74872994423, 13.3205060959, 37.6061019897, 8.68665409088, 1.16291451454, 7.88011837006], [-243.922897339, 61.2957687378, -17.7305240631, -78.1380310059, -23.7545471191, -17.1066360474, -33.6338806152, -17.8755664825, -5.15013647079, 8.68665409088, 69.6947402954, 5.36398458481, 12.83776474], [237.700897217, -123.870887756, -53.4270782471, 28.2784729004, -38.1569404602, -9.18345928192, 11.5373668671, -10.6573457718, 0.847202181816, 1.16291451454, 5.36398458481, 60.1829910278, 18.9143848419], [-80.292640686, -18.2643604279, -36.9930076599, -40.4938201904, -31.7451572418, -25.6978187561, -22.2197284698, -4.56489229202, 7.8121752739, 7.88011837006, 12.83776474, 18.9143848419, 52.8540458679]],
        "icov": [[0.000303818960674, 1.23943855215e-05, 0.000157270638738, -0.000342598243151, 0.000409506959841, 0.000146623060573, 0.000123638892546, -0.000256454513874, 0.000664927705657, 6.40578655293e-05, 0.000866568123456, -0.000964871083852, 0.000687472929712], [1.23943855215e-05, 0.00169650826138, -0.000366814871086, 6.02693489782e-06, -0.000934000883717, 0.000394048780436, 0.000862227636389, 0.000491660495754, -0.0011441372335, 0.000914434844162, -0.00159175100271, 0.00269344821572, -0.000155971589265], [0.000157270638738, -0.000366814871086, 0.00354525260627, -0.000897338206414, 1.43515189848e-05, -0.00116194412112, 0.000642602506559, -0.000964223232586, 0.00156027183402, -0.00109521637205, 0.000541089510079, 0.00142095284536, 0.000829311436974], [-0.000342598243151, 6.02693489782e-06, -0.000897338206414, 0.00573615869507, -0.00285894144326, -0.0013210735051, -0.00368436658755, 0.0036853144411, -0.00196510064416, -0.00197007111274, 0.00309639447369, -0.00319052510895, 0.000632099632639], [0.000409506959841, -0.000934000883717, 1.43515189848e-05, -0.00285894144326, 0.00990045070648, -0.00358436792158, 0.00462052226067, -0.00581087078899, 0.00498291896656, -0.000817439286038, 0.0022719099652, 0.000629415560979, 0.00237157638185], [0.000146623060573, 0.000394048780436, -0.00116194412112, -0.0013210735051, -0.00358436792158, 0.0204878933728, -0.00711840204895, 0.00383915100247, 0.00024249884882, 0.00604029139504, -0.00158696516883, 0.00197964441031, 0.00242160400376], [0.000123638892546, 0.000862227636389, 0.000642602506559, -0.00368436658755, 0.00462052226067, -0.00711840204895, 0.0238431412727, -0.0124988080934, 0.00349472719245, -0.00456930790097, 0.00366585562006, -0.00384748820215, 0.0070222443901], [-0.000256454513874, 0.000491660495754, -0.000964223232586, 0.0036853144411, -0.00581087078899, 0.00383915100247, -0.0124988080934, 0.0229325201362, -0.00438364548609, -5.18123806614e-06, 0.00149479077663, 0.00401973444968, -0.00412129983306], [0.000664927705657, -0.0011441372335, 0.00156027183402, -0.00196510064416, 0.00498291896656, 0.00024249884882, 0.00349472719245, -0.00438364548609, 0.02859598957, -0.00960615184158, 0.00720546068624, -0.00195724680088, 0.000558361934964], [6.40578655293e-05, 0.000914434844162, -0.00109521637205, -0.00197007111274, -0.000817439286038, 0.00604029139504, -0.00456930790097, -5.18123806614e-06, -0.00960615184158, 0.0353215672076, -0.0086653009057, 0.00456765620038, -0.00471431203187], [0.000866568123456, -0.00159175100271, 0.000541089510079, 0.00309639447369, 0.0022719099652, -0.00158696516883, 0.00366585562006, 0.00149479077663, 0.00720546068624, -0.0086653009057, 0.0267429500818, -0.0102276047692, 0.00317192357033], [-0.000964871083852, 0.00269344821572, 0.00142095284536, -0.00319052510895, 0.000629415560979, 0.00197964441031, -0.00384748820215, 0.00401973444968, -0.00195724680088, 0.00456765620038, -0.0102276047692, 0.0356908403337, -0.0125944996253], [0.000687472929712, -0.000155971589265, 0.000829311436974, 0.000632099632639, 0.00237157638185, 0.00242160400376, 0.0070222443901, -0.00412129983306, 0.000558361934964, -0.00471431203187, 0.00317192357033, -0.0125944996253, 0.0305301956832]]
    },
    "melbands": {
        "dmean": [6.26948531135e-05, 0.000586450158153, 0.000836411665659, 0.000814177736174, 0.00103681441396, 0.000729219580535, 0.000229273675359, 0.000161999778356, 9.93346184259e-05, 0.000102673664514, 4.90834390803e-05, 5.6370467064e-05, 4.32698579971e-05, 2.80049207504e-05, 1.51341491801e-05, 1.57614704221e-05, 6.96604320183e-06, 6.495321486e-06, 4.29461169915e-06, 3.76639172828e-06, 4.87407169203e-06, 4.35605943494e-06, 3.59538194061e-06, 3.09101733365e-06, 2.85947385237e-06, 3.0351584428e-06, 2.85253008769e-06, 3.12012753056e-06, 4.14051237385e-06, 5.94063340031e-06, 1.0174990166e-05, 2.00399244932e-05, 5.07039912918e-05, 3.55906231562e-05, 9.23807965592e-06, 3.41873032994e-06, 1.7918659978e-06, 1.17824913559e-06, 1.34549497943e-06, 9.57898919296e-07],
        "dmean2": [9.52421833063e-05, 0.000800178269856, 0.00132607202977, 0.00131938513368, 0.00163849629462, 0.0010321335867, 0.000385165214539, 0.000272970442893, 0.000166362820892, 0.000172959655174, 8.74663310242e-05, 9.87921812339e-05, 7.30941901566e-05, 4.55420668004e-05, 2.49366075877e-05, 2.59212574747e-05, 1.11978442874e-05, 1.10641631181e-05, 7.06231685399e-06, 5.98652650297e-06, 7.98179189587e-06, 7.00199552739e-06, 5.71452528675e-06, 4.82968380311e-06, 4.44244733444e-06, 4.6424215725e-06, 4.29842066296e-06, 4.61855825051e-06, 6.59794750391e-06, 9.20332604437e-06, 1.47569044202e-05, 3.0384539059e-05, 7.65213262639e-05, 5.4665353673e-05, 1.44570030898e-05, 5.09379697178e-06, 2.89563104161e-06, 1.93031496565e-06, 2.42603846345e-06, 1.69650445514e-06],
        "dvar": [1.85153474774e-08, 1.39468670568e-06, 4.09356016462e-06, 1.4587219539e-06, 1.55624809395e-06, 1.85754356608e-06, 1.22361697663e-07, 7.62817720101e-08, 1.7420457965e-08, 2.94610256191e-08, 1.60665081239e-08, 1.85762694116e-08, 1.5203930559e-08, 6.22184659349e-09, 6.10091754893e-10, 4.94322305311e-10, 9.87009363129e-11, 9.57443638261e-11, 6.45817357925e-11, 4.86005125033e-11, 1.12536889529e-10, 1.20974327777e-10, 6.71250000028e-11, 5.84920237245e-11, 4.01250387083e-11, 4.16609594045e-11, 2.68383405777e-11, 3.14751454067e-11, 5.88952775438e-11, 1.12835407684e-10, 3.61703222929e-10, 1.15954623681e-09, 8.5463760513e-09, 4.78969930384e-09, 2.78811668197e-10, 4.09007307189e-11, 1.52378040741e-11, 6.63035772119e-12, 7.58037035919e-11, 1.91268598182e-11],
        "dvar2": [4.66225849038e-08, 3.13077384817e-06, 9.77633135335e-06, 3.93890104533e-06, 3.67973711946e-06, 4.68980579171e-06, 3.16679859225e-07, 2.02631412094e-07, 4.55084467887e-08, 8.30820638953e-08, 4.57754474326e-08, 5.28001109501e-08, 4.20595505091e-08, 1.56584043509e-08, 1.30855815073e-09, 1.24929877554e-09, 2.42032921483e-10, 2.48004422554e-10, 1.5200610215e-10, 1.18894907808e-10, 2.95550972584e-10, 3.28824828477e-10, 1.59343260808e-10, 1.29481078637e-10, 9.5632730901e-11, 9.68360183706e-11, 6.00617194868e-11, 6.62291194109e-11, 1.35251518318e-10, 2.55311216613e-10, 8.64486593422e-10, 2.75567790808e-09, 2.03272758625e-08, 1.09309912233e-08, 6.60845655975e-10, 9.47658340689e-11, 3.98894944853e-11, 1.74460723645e-11, 2.24838578311e-10, 5.57884259622e-11],
        "max": [0.00106313149445, 0.00868036132306, 0.0177836827934, 0.0121367564425, 0.0140139283612, 0.0149565152824, 0.00350404554047, 0.00248277909122, 0.0013072550064, 0.00174558430444, 0.00110952090472, 0.0012421895517, 0.0012064591283, 0.000833279802464, 0.000259039428784, 0.000189882237464, 9.01271851035e-05, 8.76582053024e-05, 5.42270790902e-05, 5.25873874722e-05, 0.000112715133582, 0.000130478394567, 7.10657550371e-05, 7.9056051618e-05, 5.41073204658e-05, 5.85399684496e-05, 4.30392974522e-05, 5.12791375513e-05, 6.0634505644e-05, 7.72126149968e-05, 0.000168606711668, 0.000218801927986, 0.000662699050736, 0.000436933769379, 0.000119795855426, 5.12949009135e-05, 3.17353624268e-05, 1.93805917661e-05, 0.000116303213872, 5.59374711884e-05],
        "mean": [8.25649694889e-05, 0.000806180585641, 0.0011503243586, 0.00137151207309, 0.0018134630518, 0.00132406351622, 0.000412876222981, 0.000236575724557, 0.000133051114972, 0.000125847553136, 4.51169034932e-05, 6.56408737996e-05, 3.79167759093e-05, 2.52476911555e-05, 2.32114671235e-05, 2.58702330029e-05, 1.03512684291e-05, 8.68128154252e-06, 5.03467026647e-06, 4.23463870902e-06, 7.79485162639e-06, 5.61988736081e-06, 4.21054664912e-06, 3.06617084789e-06, 2.8663696412e-06, 3.10873519993e-06, 3.42378802998e-06, 3.68834025721e-06, 4.49865819974e-06, 6.54383529763e-06, 1.03508664324e-05, 2.17511460505e-05, 5.05650241394e-05, 3.84291597584e-05, 1.0314623978e-05, 3.75582703782e-06, 1.81076666195e-06, 1.23519384942e-06, 1.06985055481e-06, 7.0629550919e-07],
        "median": [2.21297777898e-05, 0.000188363264897, 0.000409416999901, 0.00108929281123, 0.00136869132984, 0.000654695089906, 0.000282061781036, 0.000138682065881, 8.87867281563e-05, 6.84593978804e-05, 1.43061379276e-05, 2.95718291454e-05, 1.00101588032e-05, 7.3760502346e-06, 1.3664058315e-05, 1.73721618921e-05, 6.41194992568e-06, 5.05748266733e-06, 1.69255361016e-06, 1.27903228986e-06, 3.06255924443e-06, 1.829501457e-06, 1.6000552705e-06, 5.27522104221e-07, 5.17002206379e-07, 7.08775701241e-07, 1.14822194064e-06, 8.8455402647e-07, 1.11529675451e-06, 1.82151143235e-06, 1.98318593903e-06, 5.35907929589e-06, 1.27958892335e-05, 9.48130400502e-06, 3.03116848954e-06, 9.8856924069e-07, 4.33117719467e-07, 3.67438588e-07, 2.14017489952e-07, 8.32311428667e-08],
        "min": [7.17739322836e-12, 6.4717670242e-13, 2.26872584304e-13, 2.68807410142e-13, 2.85747825141e-13, 1.17814056579e-13, 2.00838952131e-13, 2.68679880861e-13, 2.10405166055e-13, 3.05434226088e-13, 1.79595325157e-13, 1.46655745274e-13, 1.63467722973e-13, 1.17586956882e-13, 2.50121402539e-13, 1.64494638613e-13, 1.39375761366e-13, 1.46889797418e-13, 1.62841148985e-13, 8.62488655799e-14, 7.20919838041e-14, 9.05532362961e-14, 7.23612386374e-14, 7.49172926928e-14, 1.50849398619e-13, 1.3956240677e-13, 1.98350803013e-13, 3.41148360646e-13, 2.90706667723e-13, 1.39380775801e-13, 1.58918912101e-13, 1.61789228932e-13, 8.60015048542e-14, 1.020783596e-13, 1.88641379535e-13, 2.87990388915e-13, 1.88008842435e-13, 2.10009025686e-13, 1.68408161223e-13, 1.63569827713e-13],
        "stdev": [0.000144743171404, 0.0014312179992, 0.00219544442371, 0.0013253291836, 0.00160565122496, 0.00173652882222, 0.000472545536468, 0.000317261845339, 0.000141465658089, 0.0001661588758, 0.000104185390228, 0.000116792514746, 0.000104402934085, 7.42302509025e-05, 2.96548932965e-05, 2.72556535492e-05, 1.15758057291e-05, 1.0872364328e-05, 8.73132194101e-06, 7.40973973734e-06, 1.29263316921e-05, 1.02258272818e-05, 8.34529964777e-06, 7.85568317951e-06, 6.46313083053e-06, 6.73779231875e-06, 5.94210632698e-06, 6.54843915981e-06, 8.35609353089e-06, 1.16512064778e-05, 1.98261404876e-05, 3.74312367057e-05, 9.6604861028e-05, 7.43942073314e-05, 1.82764670171e-05, 6.93715446687e-06, 3.6634432945e-06, 2.35916650126e-06, 6.32508272247e-06, 3.2611401366e-06],
        "var": [2.09505852666e-08, 2.04838488571e-06, 4.81997585666e-06, 1.75649756784e-06, 2.57811575466e-06, 3.01553222926e-06, 2.23299281288e-07, 1.00655071833e-07, 2.0012532076e-08, 2.76087739337e-08, 1.08545954447e-08, 1.36404914031e-08, 1.08999724802e-08, 5.51012968586e-09, 8.79412653809e-10, 7.4287065388e-10, 1.33999283891e-10, 1.18208304256e-10, 7.62359758655e-11, 5.4904240876e-11, 1.67090050129e-10, 1.04567535186e-10, 6.96440197179e-11, 6.17117537627e-11, 4.17720615042e-11, 4.53978452053e-11, 3.53086275495e-11, 4.28820555454e-11, 6.98243060593e-11, 1.35750619079e-10, 3.93075877403e-10, 1.4010975713e-09, 9.33249921786e-09, 5.53449819307e-09, 3.3402922095e-10, 4.8124112334e-11, 1.34208174088e-11, 5.565666851e-12, 4.00066715867e-11, 1.06350353871e-11]
    },
    "melbands128": {
