{
"lowlevel": {
    "average_loudness": 0.96241825819,
    "barkbands_crest": {
        "dmean": 3.82863092422,
        "dmean2": 6.61459064484,
        "dvar": 11.1047868729,
        "dvar2": 21.9652690887,
        "max": 25.0376739502,
        "mean": 13.9306850433,
        "median": 13.2666978836,
        "min": 4.11004972458,
        "stdev": 5.05637454987,
        "var": 25.5669250488
    },
    "barkbands_flatness_db": {
        "dmean": 0.0467715486884,
        "dmean2": 0.0675203725696,
        "dvar": 0.00168805592693,
        "dvar2": 0.00300728855655,
        "max": 0.501824438572,
        "mean": 0.267896085978,
        "median": 0.263841480017,
        "min": 0.123543836176,
        "stdev": 0.0680989474058,
        "var": 0.00463746674359
    },
    "barkbands_kurtosis": {
        "dmean": 6.22279691696,
        "dmean2": 9.71775436401,
        "dvar": 125.111213684,
        "dvar2": 283.894958496,
        "max": 102.303924561,
        "mean": 7.2997174263,
        "median": 2.86757278442,
        "min": -1.22612941265,
        "stdev": 13.0422801971,
        "var": 170.101074219
    },
    "barkbands_skewness": {
        "dmean": 0.918356239796,
        "dmean2": 1.44030439854,
        "dvar": 0.776388466358,
        "dvar2": 1.47054457664,
        "max": 6.77114152908,
        "mean": 1.31287634373,
        "median": 1.15189862251,
        "min": -2.84416770935,
        "stdev": 1.48583912849,
        "var": 2.20771789551
    },
    "barkbands_spread": {
        "dmean": 3.68860149384,
        "dmean2": 5.94819450378,
        "dvar": 20.2145843506,
        "dvar2": 40.4631118774,
        "max": 41.3202209473,
        "mean": 8.97152328491,
        "median": 7.56267738342,
        "min": 0.388650894165,
        "stdev": 6.47750234604,
        "var": 41.9580345154
    },
    "dissonance": {
        "dmean": 0.0372370481491,
        "dmean2": 0.0632311105728,
        "dvar": 0.0014053407358,
        "dvar2": 0.00361920963041,
        "max": 0.499999076128,
        "mean": 0.45568972826,
        "median": 0.473459094763,
        "min": 0.1821167171,
        "stdev": 0.0528632253408,
        "var": 0.00279452069663
    },
    "dynamic_complexity": 6.23531770706,
    "erbbands_crest": {
        "dmean": 4.86574983597,
        "dmean2": 8.08696174622,
        "dvar": 15.8330621719,
        "dvar2": 32.7702980042,
        "max": 30.4876670837,
        "mean": 15.4555149078,
        "median": 14.4936676025,
        "min": 5.35914230347,
        "stdev": 5.98654842377,
        "var": 35.8387641907
    },
    "erbbands_flatness_db": {
        "dmean": 0.0416435338557,
        "dmean2": 0.0612302087247,
        "dvar": 0.00161605526228,
        "dvar2": 0.00287467474118,
        "max": 0.499071896076,
        "mean": 0.356794655323,
        "median": 0.357601046562,
        "min": 0.181272357702,
        "stdev": 0.0624093897641,
        "var": 0.00389493210241
    },
    "erbbands_kurtosis": {
        "dmean": 4.75530910492,
        "dmean2": 7.1547908783,
        "dvar": 82.0922698975,
        "dvar2": 195.302398682,
        "max": 64.7908401489,
        "mean": 5.43712043762,
        "median": 1.63223838806,
        "min": -1.53237819672,
        "stdev": 10.2471580505,
        "var": 105.004249573
    },
    "erbbands_skewness": {
        "dmean": 0.817426800728,
        "dmean2": 1.29664838314,
        "dvar": 0.839424788952,
        "dvar2": 1.91693508625,
        "max": 5.87726688385,
        "mean": 1.36595666409,
        "median": 1.13671016693,
        "min": -0.968396067619,
        "stdev": 1.19916689396,
        "var": 1.43800127506
    },
    "erbbands_spread": {
        "dmean": 4.96477174759,
        "dmean2": 7.75685739517,
        "dvar": 26.5370368958,
        "dvar2": 53.5314102173,
        "max": 43.1220359802,
        "mean": 15.0589437485,
        "median": 14.4289484024,
        "min": 0.941689252853,
        "stdev": 9.32757472992,
        "var": 87.00365448
    },
    "hfc": {
        "dmean": 7.55629825592,
        "dmean2": 11.8841114044,
        "dvar": 249.145339966,
        "dvar2": 431.567626953,
        "max": 97.7367858887,
        "mean": 9.49390602112,
        "median": 0.897303342819,
        "min": 3.77573014703e-05,
        "stdev": 20.0724239349,
        "var": 402.90222168
    },
    "loudness_ebu128": {
        "integrated": -12.8076620102,
        "loudness_range": 0.940823554993,
        "momentary": {
            "dmean": 2.04636335373,
            "dmean2": 3.84796190262,
            "dvar": 5.90687990189,
            "dvar2": 7.53043842316,
            "max": -9.0751953125,
            "mean": -15.2406206131,
            "median": -13.720574379,
            "min": -24.6869926453,
            "stdev": 4.78867959976,
            "var": 22.9314517975
        },
        "short_term": {
            "dmean": 0.258250415325,
            "dmean2": 0.455390185118,
            "dvar": 0.0625630989671,
            "dvar2": 0.060536801815,
            "max": -12.532831192,
            "mean": -13.0332021713,
            "median": -12.7916431427,
            "min": -14.0811748505,
            "stdev": 0.457543134689,
            "var": 0.209345728159
        }
    },
    "melbands_crest": {
        "dmean": 4.80522298813,
        "dmean2": 7.94200563431,
        "dvar": 14.6867427826,
        "dvar2": 33.3043136597,
        "max": 31.4118976593,
        "mean": 16.8012466431,
        "median": 16.7206726074,
        "min": 5.85161018372,
        "stdev": 5.83894014359,
        "var": 34.0932235718
    },
    "melbands_flatness_db": {
        "dmean": 0.0459686592221,
        "dmean2": 0.0657713636756,
        "dvar": 0.00177966605406,
        "dvar2": 0.00322397006676,
        "max": 0.567355930805,
        "mean": 0.263162076473,
        "median": 0.258286625147,
        "min": 0.116571985185,
        "stdev": 0.0750678181648,
        "var": 0.00563517771661
    },
    "melbands_kurtosis": {
        "dmean": 8.7405872345,
        "dmean2": 13.8556995392,
        "dvar": 182.863113403,
        "dvar2": 424.094024658,
        "max": 171.998672485,
        "mean": 12.8211688995,
        "median": 6.6924123764,
        "min": -0.953768968582,
        "stdev": 19.7131824493,
        "var": 388.609588623
    },
    "melbands_skewness": {
        "dmean": 0.998388409615,
        "dmean2": 1.49363040924,
        "dvar": 0.951449155807,
        "dvar2": 1.73704993725,
        "max": 11.1172962189,
        "mean": 1.91128802299,
        "median": 1.64641320705,
        "min": -2.31337332726,
        "stdev": 1.93845784664,
        "var": 3.7576186657
    },
    "melbands_spread": {
        "dmean": 6.02308511734,
        "dmean2": 9.30684661865,
        "dvar": 39.0037612915,
        "dvar2": 92.8188858032,
        "max": 58.2141838074,
        "mean": 13.2466535568,
        "median": 12.1085767746,
        "min": 0.62994068861,
        "stdev": 8.86598491669,
        "var": 78.6056900024
    },
    "pitch_salience": {
        "dmean": 0.10436745733,
        "dmean2": 0.165117442608,
        "dvar": 0.00797735527158,
        "dvar2": 0.0184071846306,
        "max": 0.857772350311,
        "mean": 0.577343344688,
        "median": 0.60051292181,
        "min": 0.137347742915,
        "stdev": 0.156174749136,
        "var": 0.0243905503303
    },
    "silence_rate_20dB": {
        "dmean": 0,
        "dmean2": 0,
        "dvar": 0,
        "dvar2": 0,
        "max": 1,
        "mean": 1,
        "median": 1,
        "min": 1,
        "stdev": 0,
        "var": 0
    },
    "silence_rate_30dB": {
        "dmean": 0,
        "dmean2": 0,
        "dvar": 0,
        "dvar2": 0,
        "max": 1,
        "mean": 1,
        "median": 1,
        "min": 1,
        "stdev": 0,
        "var": 0
    },
    "silence_rate_60dB": {
        "dmean": 0.176470592618,
        "dmean2": 0.355029582977,
        "dvar": 0.14532853663,
        "dvar2": 0.264486074448,
        "max": 1,
        "mean": 0.637426912785,
        "median": 1,
        "min": 0,
        "stdev": 0.480742692947,
        "var": 0.231113538146
    },
    "spectral_centroid": {
        "dmean": 249.147994995,
        "dmean2": 358.379516602,
        "dvar": 56411.6835938,
        "dvar2": 120555.859375,
        "max": 2691.48486328,
        "mean": 1521.7454834,
        "median": 1581.99353027,
        "min": 403.783294678,
        "stdev": 507.938934326,
        "var": 258001.96875
    },
    "spectral_complexity": {
        "dmean": 3,
        "dmean2": 4.07100582123,
        "dvar": 16.3294124603,
        "dvar2": 26.9062099457,
        "max": 34,
        "mean": 4.71345043182,
        "median": 2,
        "min": 0,
        "stdev": 6.39670991898,
        "var": 40.9178962708
    },
    "spectral_decrease": {
        "dmean": 1.41293410305e-09,
        "dmean2": 2.23659690768e-09,
        "dvar": 7.61735157823e-18,
        "dvar2": 1.38382014252e-17,
        "max": -1.83737590707e-14,
        "mean": -1.77210535135e-09,
        "median": -2.25623658645e-10,
        "min": -1.7009451625e-08,
        "stdev": 3.45763506715e-09,
        "var": 1.1955240566e-17
    },
    "spectral_energy": {
        "dmean": 0.0060145589523,
        "dmean2": 0.0095187406987,
        "dvar": 0.000138899413287,
        "dvar2": 0.000250310520642,
        "max": 0.0700786486268,
        "mean": 0.00754944561049,
        "median": 0.000912737799808,
        "min": 7.27715701032e-08,
        "stdev": 0.0148054268211,
        "var": 0.000219200650463
    },
    "spectral_energyband_high": {
        "dmean": 0.000214663654333,
        "dmean2": 0.00032401815406,
        "dvar": 2.90192332386e-07,
        "dvar2": 6.01538658884e-07,
        "max": 0.00381267722696,
        "mean": 0.000215150779695,
        "median": 1.27710636662e-05,
        "min": 8.41702263443e-11,
        "stdev": 0.000594372686464,
        "var": 3.53278892362e-07
    },
    "spectral_energyband_low": {
        "dmean": 1.94921972252e-06,
        "dmean2": 3.2456050576e-06,
        "dvar": 7.31455729319e-11,
        "dvar2": 1.67361208225e-10,
        "max": 9.43765262491e-05,
        "mean": 1.64894402133e-06,
        "median": 6.3769007852e-08,
        "min": 2.70206301778e-09,
        "stdev": 8.57480972627e-06,
        "var": 7.35273578134e-11
    },
    "spectral_energyband_middle_high": {
        "dmean": 0.00462745549157,
        "dmean2": 0.00761005235836,
        "dvar": 0.000127380204503,
        "dvar2": 0.000230988240219,
        "max": 0.0641928017139,
        "mean": 0.00568793481216,
        "median": 0.000312879448757,
        "min": 2.21091611685e-09,
        "stdev": 0.0134823713452,
        "var": 0.000181774346856
    },
    "spectral_energyband_middle_low": {
        "dmean": 0.00169650698081,
        "dmean2": 0.00276590464637,
        "dvar": 1.7287555238e-05,
        "dvar2": 4.244813681e-05,
        "max": 0.0323600210249,
        "mean": 0.00169593142346,
        "median": 0.000202307972359,
        "min": 1.29424853057e-08,
        "stdev": 0.00426273047924,
        "var": 1.81708710443e-05
    },
    "spectral_entropy": {
        "dmean": 0.270694971085,
        "dmean2": 0.41321387887,
        "dvar": 0.104068793356,
        "dvar2": 0.184549570084,
        "max": 7.91181182861,
        "mean": 7.19635820389,
        "median": 7.32181787491,
        "min": 4.72985553741,
        "stdev": 0.516754865646,
        "var": 0.267035573721
    },
    "spectral_flux": {
        "dmean": 0.0364743731916,
        "dmean2": 0.0612979233265,
        "dvar": 0.00187489844393,
        "dvar2": 0.00475719990209,
        "max": 0.278779238462,
        "mean": 0.054537974298,
        "median": 0.0327653326094,
        "min": 0.000246233044891,
        "stdev": 0.059295900166,
        "var": 0.00351600372232
    },
    "spectral_kurtosis": {
        "dmean": 4.91901159286,
        "dmean2": 8.28561019897,
        "dvar": 36.9470024109,
        "dvar2": 82.8868103027,
        "max": 52.1361045837,
        "mean": 7.40239429474,
        "median": 4.28598213196,
        "min": -0.151190042496,
        "stdev": 8.3900270462,
        "var": 70.3925552368
    },
    "spectral_rms": {
        "dmean": 0.000968518666923,
        "dmean2": 0.00131203827914,
        "dvar": 1.71915951341e-06,
        "dvar2": 2.52528479905e-06,
        "max": 0.00826857984066,
        "mean": 0.00178827228956,
        "median": 0.000943650316913,
        "min": 8.42595090944e-06,
        "stdev": 0.00204141857103,
        "var": 4.16739021603e-06
    },
    "spectral_rolloff": {
        "dmean": 355.297821045,
        "dmean2": 582.670532227,
        "dvar": 206103.828125,
        "dvar2": 442496.1875,
        "max": 4048.2421875,
        "mean": 1618.39001465,
        "median": 1636.5234375,
        "min": 409.130859375,
        "stdev": 705.84387207,
        "var": 498215.59375
    },
    "spectral_skewness": {
        "dmean": 0.534685194492,
        "dmean2": 0.860895752907,
        "dvar": 0.343668878078,
        "dvar2": 0.838725805283,
        "max": 5.62971496582,
        "mean": 1.64703810215,
        "median": 1.34546208382,
        "min": 0.577930092812,
        "stdev": 0.885254085064,
        "var": 0.783674836159
    },
    "spectral_spread": {
        "dmean": 453523.75,
        "dmean2": 737372.5625,
        "dvar": 552765816832,
        "dvar2": 899141206016,
        "max": 9231179,
        "mean": 2798263.25,
        "median": 2729232,
        "min": 1028097.5,
        "stdev": 820610.9375,
        "var": 673402322944
    },
    "spectral_strongpeak": {
        "dmean": 0.797295510769,
        "dmean2": 1.28200602531,
        "dvar": 2.6459543705,
        "dvar2": 7.24842882156,
        "max": 10.6761083603,
        "mean": 0.904598593712,
        "median": 0.320647925138,
        "min": 0,
        "stdev": 1.65979576111,
        "var": 2.75492191315
    },
    "zerocrossingrate": {
        "dmean": 0.00862821657211,
        "dmean2": 0.010274130851,
        "dvar": 6.67004787829e-05,
        "dvar2": 9.33002447709e-05,
        "max": 0.12353515625,
        "mean": 0.0607439018786,
        "median": 0.06298828125,
        "min": 0.01220703125,
        "stdev": 0.0199035201222,
        "var": 0.000396150106099
    },
    "barkbands": {
        "dmean": [3.70530824512e-06, 5.75086858134e-07, 6.51419398423e-08, 3.53985747381e-08, 4.66475285066e-07, 4.51023224741e-05, 0.000365957035683, 0.00101832463406, 0.000467141333502, 0.000906062836293, 0.000691946945153, 0.00148877711035, 0.00198206910864, 0.000352578761522, 0.000342071638443, 0.000323343760101, 8.29796990729e-05, 3.90668137698e-05, 3.28069836542e-05, 0.000117817930004, 0.00011229707161, 1.49612578753e-05, 5.16543286722e-06, 1.48669005284e-06, 7.08485003997e-07, 2.95451272336e-08, 2.0062262962e-08],
        "dmean2": [6.00399880568e-06, 9.89767272586e-07, 1.12948868036e-07, 6.59021850424e-08, 8.22846288884e-07, 6.60840742057e-05, 0.000564283691347, 0.00158820895012, 0.000808924087323, 0.00168745103292, 0.00119590235408, 0.00235707941465, 0.00334488390945, 0.000606715562753, 0.000596186553594, 0.000477319292258, 0.000135649330332, 5.65899972571e-05, 4.98124645674e-05, 0.000173973967321, 0.000174176995642, 2.18222485273e-05, 8.42038207338e-06, 2.69568795375e-06, 1.23189579426e-06, 4.75383608034e-08, 3.2159405805e-08],
        "dvar": [3.86055215573e-10, 3.38199021739e-12, 4.84755668224e-14, 2.27676899686e-14, 5.11599573469e-12, 2.57650292212e-08, 9.32375257889e-07, 9.28843473957e-06, 2.02595606424e-06, 3.82300022466e-05, 1.3183667761e-05, 1.89560596482e-05, 3.42876992363e-05, 1.24306882299e-06, 9.28216593366e-07, 9.10490314254e-07, 8.6413628253e-08, 7.52093498591e-09, 5.38484767887e-09, 1.2551501527e-07, 9.89570239085e-08, 8.53215220697e-10, 1.56872931312e-10, 2.02096585994e-11, 5.32000658804e-12, 8.71861346411e-15, 3.75439645871e-15],
        "dvar2": [8.74005978702e-10, 8.28470191755e-12, 1.37729590103e-13, 4.84581348843e-14, 1.40533105986e-11, 5.02540800085e-08, 2.34668254961e-06, 2.18727982428e-05, 5.50362801732e-06, 7.53372951294e-05, 3.62389473594e-05, 3.94510643673e-05, 8.92573225428e-05, 2.4084274628e-06, 1.82036740171e-06, 2.03041781788e-06, 2.24644992386e-07, 1.57017812086e-08, 1.08063868964e-08, 2.41958105107e-07, 2.10711888826e-07, 1.85660176122e-09, 3.87968657201e-10, 5.35738710339e-11, 1.45738889706e-11, 2.11262603955e-14, 9.06748854739e-15],
        "max": [0.000215771520743, 1.74382639671e-05, 1.57715464866e-06, 1.47255445881e-06, 2.29628440138e-05, 0.0020270391833, 0.0109133711085, 0.0217236876488, 0.0113611295819, 0.0583027303219, 0.0412372499704, 0.0434353463352, 0.0429758802056, 0.00880140252411, 0.00739662442356, 0.00881815887988, 0.00321597140282, 0.000832484278362, 0.000619675905909, 0.0033207659144, 0.00227499846369, 0.000192520165001, 9.14256597753e-05, 3.00474766846e-05, 1.95296670427e-05, 7.4749362966e-07, 4.94031098697e-07],
        "mean": [2.99457610708e-06, 5.19088700912e-07, 5.0725880385e-08, 3.03337301943e-08, 3.52521936975e-07, 4.99017514812e-05, 0.00036979696597, 0.000849448202644, 0.0003529691312, 0.000918500416446, 0.00066337781027, 0.00125129276421, 0.00169270520564, 0.000353715586243, 0.000335173681378, 0.000290494179353, 8.24707749416e-05, 4.13694797317e-05, 3.75814961444e-05, 0.000121895027405, 0.000111565823318, 1.58927032317e-05, 5.39843995284e-06, 1.32394461616e-06, 5.98576036737e-07, 2.42846063259e-08, 1.71610530231e-08],
        "median": [9.25934671159e-08, 1.55402943847e-08, 5.44577538619e-09, 3.25301030557e-09, 1.8227062526e-08, 5.00166891015e-07, 4.90343290949e-06, 7.17380362403e-06, 8.08057393442e-06, 1.14126532935e-05, 8.08044205769e-06, 1.33412268042e-05, 1.92043735296e-05, 2.13904586417e-05, 1.68557035067e-05, 1.4774527699e-05, 1.30325179271e-05, 6.44191459287e-06, 4.44884744866e-06, 2.96164171232e-06, 3.79855464416e-06, 1.9887813778e-06, 6.3379667381e-07, 8.87263595928e-08, 4.50485053705e-08, 6.95648316729e-10, 8.07735767161e-10],
        "min": [1.05524033955e-09, 1.71588437903e-10, 9.67485952463e-11, 6.03553873546e-11, 8.39903840921e-11, 7.61327945131e-11, 9.64970325867e-10, 1.81507175956e-09, 1.20958210115e-09, 1.95896743271e-09, 1.61695656864e-10, 1.27008695228e-10, 2.73538081075e-10, 5.85234846695e-11, 1.0654147703e-10, 9.46651784739e-11, 3.38777172981e-10, 3.86073360781e-11, 6.28264523739e-11, 5.22668627129e-12, 8.1379052802e-12, 9.88158686821e-12, 8.70274945858e-12, 1.08929575429e-11, 1.01738799677e-11, 9.74089298805e-12, 2.57616671051e-11],
        "stdev": [1.88880694623e-05, 1.99341207008e-06, 1.97535896973e-07, 1.50683845845e-07, 1.85265332675e-06, 0.000208748271689, 0.00118724489585, 0.0029935517814, 0.00118649378419, 0.00622481619939, 0.00370709528215, 0.00459790509194, 0.00584075879306, 0.00115991465282, 0.00105753692333, 0.000950639601797, 0.000281790504232, 0.000102036472526, 8.75590485521e-05, 0.000416864495492, 0.000328659953084, 3.27991365339e-05, 1.27313087432e-05, 4.15854765379e-06, 1.96992050405e-06, 8.94583180866e-08, 5.97378644329e-08],
        "var": [3.5675915e-10, 3.97369203514e-12, 3.90204327996e-14, 2.27056227823e-14, 3.43232452009e-12, 4.35758416018e-08, 1.40955057759e-06, 8.96135225048e-06, 1.40776762692e-06, 3.8748334191e-05, 1.37425549838e-05, 2.11407295865e-05, 3.41144623235e-05, 1.34540209729e-06, 1.11838426164e-06, 9.03715658751e-07, 7.94058934162e-08, 1.04114423749e-08, 7.66658647677e-09, 1.73776015799e-07, 1.08017367495e-07, 1.07578346231e-09, 1.62086233324e-10, 1.72935173126e-11, 3.88058639042e-12, 8.00279100258e-15, 3.56861248722e-15]
    },
    "erbbands": {
        "dmean": [4.06054532505e-05, 7.38055969123e-05, 8.07631295174e-05, 0.000104585764348, 0.000276496371953, 0.00172710756306, 0.0375441126525, 0.456374943256, 3.58109879494, 9.42092895508, 26.2534217834, 11.354092598, 20.805513382, 30.1053256989, 31.4124450684, 57.1930046082, 88.8562850952, 17.4142837524, 24.3080310822, 12.2571191788, 13.3279857635, 4.27832269669, 2.5584871769, 1.24564325809, 2.26393961906, 6.58929157257, 5.11434745789, 3.36201095581, 0.749268054962, 0.241989389062, 0.141084074974, 0.0494863502681, 0.0179779846221, 0.0112511934713, 0.00302911363542, 0.000228231132496, 5.95228957536e-05, 1.58934344654e-05, 6.8673602982e-06, 7.75760327087e-06],
        "dmean2": [6.87491774443e-05, 0.000133040040964, 0.00014201895101, 0.000181230308954, 0.000470183644211, 0.00283948122524, 0.0629233270884, 0.632919371128, 5.88317298889, 16.2373428345, 44.3485336304, 19.2966327667, 35.6901741028, 50.2304382324, 49.8590278625, 90.3542175293, 150.646453857, 23.6812973022, 39.6701545715, 18.1105537415, 21.3227519989, 6.80639266968, 3.80633807182, 1.85175442696, 3.17382383347, 10.1435279846, 7.89791154861, 5.02552223206, 1.10725677013, 0.382188647985, 0.2244104743, 0.0866267159581, 0.0324571616948, 0.0195062793791, 0.00512841437012, 0.000374494789867, 9.755895735e-05, 2.54563747148e-05, 1.05594672277e-05, 1.22353176266e-05],
        "dvar": [2.40842989996e-08, 5.09998017151e-08, 7.37785015303e-08, 1.74671214381e-07, 1.01285286291e-06, 4.94228297612e-05, 0.0382806919515, 2.39653563499, 122.102287292, 882.606872559, 7335.06835938, 954.213806152, 15211.2705078, 18900.6992188, 10424.9833984, 25021.4140625, 81189.953125, 1744.35461426, 3965.72583008, 1441.14916992, 1135.13745117, 116.745643616, 34.9616508484, 4.86828231812, 30.2911930084, 463.708312988, 214.522842407, 77.1406936646, 2.38021254539, 0.226787641644, 0.124305531383, 0.0187704991549, 0.00321594579145, 0.00143658136949, 7.30427273083e-05, 4.30521396311e-07, 3.58967966463e-08, 2.55864618381e-09, 2.48018106053e-10, 2.34310182368e-10],
        "dvar2": [5.60425625906e-08, 1.32020247179e-07, 2.09115526673e-07, 4.08560424603e-07, 2.73361047221e-06, 0.000122375422507, 0.100212320685, 4.08801221848, 303.367248535, 1883.39294434, 18719.2714844, 2559.88549805, 30817.9648438, 42521.5742188, 26068.1328125, 42334.9179688, 195096.5, 2848.21508789, 9159.88671875, 2817.52636719, 2513.70922852, 291.5496521, 73.720161438, 8.16871738434, 46.7435531616, 1053.26464844, 423.476409912, 169.398849487, 5.39152860641, 0.557622969151, 0.301646649837, 0.0501346252859, 0.00864091236144, 0.00397029099986, 0.000194925771211, 1.06453194348e-06, 8.93964866577e-08, 6.05423799982e-09, 5.25923193884e-10, 4.20100981779e-10],
        "max": [0.00167862593662, 0.00170936551876, 0.00183228217065, 0.0043467101641, 0.00959136523306, 0.0792547166348, 2.14181303978, 18.131477356, 112.140052795, 245.637863159, 694.224304199, 240.743972778, 1256.57666016, 1064.11535645, 879.502075195, 1549.60021973, 2366.33178711, 465.191314697, 440.06036377, 429.047485352, 260.94644165, 112.551856995, 57.3467903137, 14.1883974075, 41.4156112671, 199.315612793, 119.349220276, 54.4887504578, 9.70012760162, 3.26338291168, 2.66463398933, 0.822090566158, 0.388050198555, 0.326042503119, 0.0618351474404, 0.00459719169885, 0.00158315780573, 0.000446179910796, 0.000117766292533, 8.92549578566e-05],
        "mean": [3.53763025487e-05, 6.71485977364e-05, 7.02871111571e-05, 8.98638099898e-05, 0.000242715686909, 0.00167493149638, 0.0329160541296, 0.636059463024, 3.89502263069, 9.44161319733, 19.9648418427, 8.73268222809, 19.5665168762, 27.0505523682, 30.1426944733, 55.5295944214, 79.9419326782, 22.4378585815, 23.4868297577, 15.1098861694, 13.476603508, 4.76767206192, 2.73117566109, 1.57679009438, 2.56461143494, 6.1060385704, 5.34442043304, 3.32204461098, 0.780852198601, 0.250315219164, 0.145486146212, 0.04511635378, 0.015953425318, 0.00936565641314, 0.0026660352014, 0.000201601797016, 4.9795700761e-05, 1.38323912324e-05, 7.30140573069e-06, 9.66838706518e-06],
        "median": [1.15341458695e-06, 1.65281369391e-06, 5.33395086677e-06, 1.21533466881e-05, 2.32038000831e-05, 0.000135992333526, 0.00121510506142, 0.0100223291665, 0.0607736632228, 0.21267452836, 0.304395914078, 0.288050204515, 0.730779647827, 0.450434088707, 0.681594133377, 0.935600697994, 0.999382078648, 1.08434188366, 1.1401168108, 0.662815570831, 0.900891840458, 0.762166321278, 0.423217684031, 0.267123967409, 0.23584215343, 0.164419740438, 0.184940308332, 0.164043277502, 0.0865560993552, 0.0351807065308, 0.0155647080392, 0.00316735217348, 0.00152317399625, 0.000769985781517, 0.000162013777299, 1.34395950226e-05, 2.49372192229e-06, 4.51878065633e-07, 7.20312073099e-07, 1.16559010621e-06],
        "min": [2.82439565069e-08, 8.41950438257e-08, 8.71883614195e-08, 2.72348046337e-07, 2.36559117184e-07, 2.66715261432e-07, 2.89818416377e-07, 1.7246788957e-06, 4.99329053127e-06, 7.47655285522e-05, 5.1497543609e-05, 5.44560898561e-05, 0.000162963362527, 2.41185061896e-05, 7.86178497947e-06, 5.14372641192e-06, 1.44728501255e-05, 4.1335424612e-06, 5.22107620782e-06, 4.92133858643e-06, 1.11586978164e-05, 1.52614629769e-05, 2.93689527098e-06, 3.38604559147e-06, 1.326900815e-06, 2.68461377573e-07, 3.63720516816e-07, 2.92883612474e-07, 3.42562913147e-07, 2.42185876687e-07, 2.65588766979e-07, 3.34123114953e-07, 1.18259144699e-07, 1.14076740942e-07, 7.46822692577e-08, 3.57233034265e-08, 1.89674143058e-08, 1.16404468287e-08, 3.85807119585e-09, 4.51364445819e-10],
        "stdev": [0.000161906616995, 0.000237459331402, 0.000254646583926, 0.000400733959395, 0.000892546901014, 0.00679547898471, 0.174365192652, 2.2459397316, 13.4440488815, 30.210439682, 76.760307312, 26.5235843658, 123.179649353, 131.503356934, 114.240684509, 185.080093384, 287.909881592, 62.3520584106, 64.8339385986, 50.416015625, 35.523601532, 11.7520189285, 6.87744188309, 2.90658736229, 7.29475831985, 22.3508281708, 16.1919174194, 9.07647514343, 1.66646933556, 0.491143167019, 0.36954215169, 0.131121352315, 0.0515419840813, 0.0319621674716, 0.0078009548597, 0.000631335424259, 0.000177897411049, 4.92523831781e-05, 1.7852826204e-05, 1.92690404219e-05],
        "var": [2.62137547224e-08, 5.63869306802e-08, 6.48448761353e-08, 1.60587717346e-07, 7.96639938017e-07, 4.61785348307e-05, 0.0304032228887, 5.04424571991, 180.742446899, 912.670715332, 5892.14501953, 703.500549316, 15173.2255859, 17293.1328125, 13050.9345703, 34254.640625, 82892.1015625, 3887.77929688, 4203.43945312, 2541.7746582, 1261.9263916, 138.109939575, 47.2992095947, 8.44825077057, 53.2135009766, 499.559539795, 262.178192139, 82.3823928833, 2.77712011337, 0.241221606731, 0.136561393738, 0.0171928107738, 0.00265657599084, 0.00102158018854, 6.08548944001e-05, 3.98584433015e-07, 3.16474881856e-08, 2.42579711873e-09, 3.18723381021e-10, 3.71295938439e-10]
    },
    "gfcc": {
        "mean": [-287.126037598, 39.1795043945, -248.653625488, -19.7530422211, -84.6352844238, 0.654968202114, -12.8530569077, 1.25954687595, 13.8592920303, 14.2209434509, 5.33377599716, -2.55484199524, 2.32910609245],
        "cov": [[19720.9179688, -2233.38476562, -3706.76464844, -772.880493164, -1362.58911133, -188.544845581, -45.1101799011, -500.009796143, -381.933441162, 196.47253418, 453.29776001, -146.231155396, 1046.22827148], [-2233.38476562, 1461.83728027, 1105.52954102, -207.13381958, -40.4333877563, -496.180236816, -192.34046936, 181.708007812, 265.694946289, 59.2732315063, 187.972366333, 8.69273376465, -136.827514648], [-3706.76464844, 1105.52954102, 1810.49633789, 251.406173706, 25.0570831299, -254.420043945, -333.783508301, 307.772766113, 107.188812256, -124.720481873, 73.7375030518, 88.7983322144, -127.622665405], [-772.880493164, -207.13381958, 251.406173706, 553.683959961, 56.1551933289, 337.325256348, -76.5133972168, 8.8844499588, -25.831735611, -80.127571106, -16.3752040863, 71.3332977295, 77.1502532959], [-1362.58911133, -40.4333877563, 25.0570831299, 56.1551933289, 573.590881348, 414.535675049, 251.852371216, -146.698638916, -34.1758384705, 209.208358765, 0.129947081208, 1.5123898983, -82.2621154785], [-188.544845581, -496.180236816, -254.420043945, 337.325256348, 414.535675049, 787.480957031, 208.834060669, -217.599639893, -79.8173065186, 161.732330322, 28.8693790436, -16.0305213928, 112.596549988], [-45.1101799011, -192.34046936, -333.783508301, -76.5133972168, 251.852371216, 208.834060669, 387.866943359, 36.2665252686, -4.66201925278, 70.7632980347, -124.442253113, -45.5239219666, -58.7633552551], [-500.009796143, 181.708007812, 307.772766113, 8.8844499588, -146.698638916, -217.599639893, 36.2665252686, 535.174987793, 103.070953369, -210.834350586, -154.104751587, -105.358901978, -126.092956543], [-381.933441162, 265.694946289, 107.188812256, -25.831735611, -34.1758384705, -79.8173065186, -4.66201925278, 103.070953369, 211.893890381, 64.8955688477, 40.7107582092, -56.121219635, -88.048034668], [196.47253418, 59.2732315063, -124.720481873, -80.127571106, 209.208358765, 161.732330322, 70.7632980347, -210.834350586, 64.8955688477, 359.522583008, 165.343383789, -27.9091300964, -12.6981010437], [453.29776001, 187.972366333, 73.7375030518, -16.3752040863, 0.129947081208, 28.8693790436, -124.442253113, -154.104751587, 40.7107582092, 165.343383789, 279.987548828, 34.4842071533, 56.9041862488], [-146.231155396, 8.69273376465, 88.7983322144, 71.3332977295, 1.5123898983, -16.0305213928, -45.5239219666, -105.358901978, -56.121219635, -27.9091300964, 34.4842071533, 193.93850708, 89.1721496582], [1046.22827148, -136.827514648, -127.622665405, 77.1502532959, -82.2621154785, 112.596549988, -58.7633552551, -126.092956543, -88.048034668, -12.6981010437, 56.9041862488, 89.1721496582, 236.743408203]],
        "icov": [[0.000196496519493, 0.000221430324018, 0.00022337010887, 6.28210254945e-05, 0.000233488288359, 0.000294749537716, -0.000168557060533, -0.000192408217117, 0.000122582452605, -0.000182993535418, -0.000521579990163, 0.000371397385607, -0.00082256825408], [0.000221430324018, 0.00413935584947, -0.00218121265061, 0.000880837324075, -0.00159045273904, 0.00323400599882, -0.00180661980994, 0.00100325222593, -0.00386541523039, 0.0010227606399, -0.00267312815413, 0.00223204516806, -0.00363485934213], [0.00022337010887, -0.00218121265061, 0.00302527588792, -0.00100927776657, -8.89395141712e-06, -0.000786467455328, 0.00225307489745, -0.00200224039145, 0.00240858108737, -0.000875988625921, 0.000384633021895, -0.00123575108591, 0.000797573535237], [6.28210254945e-05, 0.000880837324075, -0.00100927776657, 0.00560599844903, 0.00136972393375, -0.00406846217811, 0.00197236402892, -0.000782200193498, -0.00147209549323, 0.000609584443737, 0.000819215143565, -0.00268008606508, 0.000642165541649], [0.000233488288359, -0.00159045273904, -8.89395141712e-06, 0.00136972393375, 0.00917116273195, -0.00559931294993, -0.00199058232829, -6.63723258185e-05, 0.0040546413511, -0.00335776829161, 0.00115932757035, -0.00318120210432, 0.00516559602693], [0.000294749537716, 0.00323400599882, -0.000786467455328, -0.00406846217811, -0.00559931294993, 0.010210884735, -0.00378472800367, 0.00193567026872, -0.00280723231845, 0.00120100355707, -0.0038805489894, 0.00661210576072, -0.00777943572029], [-0.000168557060533, -0.00180661980994, 0.00225307489745, 0.00197236402892, -0.00199058232829, -0.00378472800367, 0.00939604174346, -0.00323461717926, 0.000787006458268, -0.00176084495615, 0.0046726455912, -0.00362668000162, 0.00243152678013], [-0.000192408217117, 0.00100325222593, -0.00200224039145, -0.000782200193498, -6.63723258185e-05, 0.00193567026872, -0.00323461717926, 0.0059520364739, -0.00310897827148, 0.00319853820838, -4.71391649626e-05, 0.00330508151092, -0.000189017213415], [0.000122582452605, -0.00386541523039, 0.00240858108737, -0.00147209549323, 0.0040546413511, -0.00280723231845, 0.000787006458268, -0.00310897827148, 0.0124978525564, -0.00444776890799, 0.000557033345103, -0.00155230984092, 0.00514620915055], [-0.000182993535418, 0.0010227606399, -0.000875988625921, 0.000609584443737, -0.00335776829161, 0.00120100355707, -0.00176084495615, 0.00319853820838, -0.00444776890799, 0.00903623364866, -0.00409386819229, 0.00260148127563, -0.00090787129011], [-0.000521579990163, -0.00267312815413, 0.000384633021895, 0.000819215143565, 0.00115932757035, -0.0038805489894, 0.0046726455912, -4.71391649626e-05, 0.000557033345103, -0.00409386819229, 0.0108164818957, -0.00367336976342, 0.00285491184331], [0.000371397385607, 0.00223204516806, -0.00123575108591, -0.00268008606508, -0.00318120210432, 0.00661210576072, -0.00362668000162, 0.00330508151092, -0.00155230984092, 0.00260148127563, -0.00367336976342, 0.0125808538869, -0.00782762467861], [-0.00082256825408, -0.00363485934213, 0.000797573535237, 0.000642165541649, 0.00516559602693, -0.00777943572029, 0.00243152678013, -0.000189017213415, 0.00514620915055, -0.00090787129011, 0.00285491184331, -0.00782762467861, 0.016104131937]]
    },
    "melbands": {
        "dmean": [4.32998234601e-07, 5.46742029428e-08, 1.84947470672e-08, 4.35095941498e-08, 1.00451086382e-06, 1.21033117466e-05, 6.00212588324e-05, 0.000120494150906, 0.000211858263356, 5.87427239225e-05, 0.000114056361781, 0.000134936606628, 9.56060830504e-05, 0.00014756116434, 0.000216387590626, 0.000141978205647, 3.01236941596e-05, 4.48886676168e-05, 2.08660512726e-05, 2.37065687543e-05, 1.53786513692e-05, 5.10652762387e-06, 2.37633639699e-06, 1.81539178357e-06, 9.06389743704e-07, 1.65389667472e-06, 2.7841267638e-06, 4.84827069158e-06, 3.21353513755e-06, 2.74119520327e-06, 1.72307272805e-06, 3.90195737054e-07, 1.88047764027e-07, 1.18721445119e-07, 9.21283387356e-08, 4.66939944488e-08, 2.31282761831e-08, 1.27655273019e-08, 1.04472190898e-08, 9.35883193165e-09],
        "dmean2": [7.19225909052e-07, 9.72912843622e-08, 3.51695206291e-08, 7.10743037757e-08, 1.75956279236e-06, 1.71272040461e-05, 9.59469907684e-05, 0.000202313283808, 0.000368972978322, 9.74054710241e-05, 0.000199320798856, 0.000229740398936, 0.000155733010615, 0.000231461206567, 0.000350016431184, 0.000235071463976, 4.37135713582e-05, 7.20442549209e-05, 3.34342221322e-05, 3.56975688192e-05, 2.59541411651e-05, 8.1974785644e-06, 3.49679839928e-06, 2.56046359937e-06, 1.385738301e-06, 2.52984932558e-06, 4.37600374426e-06, 7.48857655708e-06, 4.84612473883e-06, 4.39657424067e-06, 2.57022134065e-06, 5.88253669775e-07, 2.90158226335e-07, 1.98470516466e-07, 1.46898287312e-07, 7.90666518924e-08, 4.19679473396e-08, 2.30471961515e-08, 1.83676878152e-08, 1.62042947949e-08],
        "dvar": [3.3624730604e-12, 2.97957493368e-14, 5.18985260651e-15, 2.09300469073e-14, 4.00961486235e-11, 1.81613357686e-09, 2.7761142718e-08, 1.36909577009e-07, 5.22693540006e-07, 2.2906116115e-08, 5.13210977715e-07, 4.27500935984e-07, 1.42789900792e-07, 2.61031459559e-07, 4.46754398808e-07, 2.16195147118e-07, 7.54685824944e-09, 1.41681688604e-08, 4.80273731895e-09, 6.37047747887e-09, 1.59248325637e-09, 2.69991556889e-10, 2.89520976637e-11, 1.72868473008e-11, 2.48485260146e-12, 1.78008736224e-11, 9.71414615414e-11, 2.42811049045e-10, 8.65965840702e-11, 6.03292138468e-11, 1.95477019987e-11, 6.36769879447e-13, 1.27308889342e-13, 7.11652213396e-14, 5.59930384393e-14, 1.59462321006e-14, 4.44648421002e-15, 1.60497062807e-15, 1.37317392107e-15, 9.73032380411e-16],
        "dvar2": [7.797403348e-12, 7.91172411873e-14, 1.08804922673e-14, 5.25390820259e-14, 1.06388252374e-10, 3.11693892918e-09, 7.18755117646e-08, 2.83453516658e-07, 1.37661095323e-06, 6.06890111499e-08, 1.03164882148e-06, 9.12212897219e-07, 3.88694701314e-07, 5.89586761635e-07, 9.35129776281e-07, 5.21883862348e-07, 1.37271740641e-08, 3.41680568283e-08, 8.7634459689e-09, 1.46472736162e-08, 3.91842291947e-09, 6.78078426741e-10, 7.32725477515e-11, 3.28737766175e-11, 4.4217164652e-12, 3.83780646152e-11, 1.96791888341e-10, 5.55501367128e-10, 1.62856533814e-10, 1.30985514102e-10, 4.44944497913e-11, 1.4046055985e-12, 2.95073373287e-13, 1.76319516713e-13, 1.33961364137e-13, 4.17656835223e-14, 1.17768953769e-14, 4.21402237039e-15, 3.86924946767e-15, 2.66088010017e-15],
        "max": [2.02718911169e-05, 1.32096579364e-06, 6.55674170957e-07, 1.39557425882e-06, 6.67861822876e-05, 0.000457523332443, 0.00165607046802, 0.00302454666235, 0.00627211015671, 0.00105564773548, 0.00718995416537, 0.00566893117502, 0.00408859364688, 0.00548783130944, 0.00439360365272, 0.00372521276586, 0.000988679588772, 0.00091029756004, 0.000665662868414, 0.000823549868073, 0.000335721677402, 0.000177360285306, 4.22165903728e-05, 4.22777338827e-05, 1.06034876808e-05, 3.88646076317e-05, 7.92287246441e-05, 0.000138526913361, 8.25457100291e-05, 5.28042364749e-05, 3.21482912113e-05, 5.5040004554e-06, 2.18464265345e-06, 1.97988083528e-06, 1.83972622381e-06, 7.60374859965e-07, 3.99566516762e-07, 2.37437618011e-07, 3.18918807807e-07, 2.64731994548e-07],
        "mean": [3.67735452755e-07, 5.06559558744e-08, 1.73875296383e-08, 3.84546332555e-08, 7.20945024568e-07, 1.64612501976e-05, 6.24911481282e-05, 0.000121210556244, 0.000156089503434, 4.4692587835e-05, 0.000108297914267, 0.000121189834317, 9.17808138183e-05, 0.000121567987662, 0.000208895959076, 0.000128126805066, 3.18648490065e-05, 4.01719953516e-05, 2.25597796089e-05, 2.0796807803e-05, 1.41298560266e-05, 5.15256851941e-06, 2.63673678091e-06, 1.91450840248e-06, 1.13004387003e-06, 1.72056059e-06, 2.62226831182e-06, 4.40028452431e-06, 3.39727967003e-06, 2.81089160126e-06, 1.61354410011e-06, 4.22240333364e-07, 1.89267979067e-07, 1.18917078851e-07, 9.38775315262e-08, 4.42106689036e-08, 2.03982999381e-08, 1.14311387023e-08, 8.40795344459e-09, 7.80869857664e-09],
        "median": [1.2123416937e-08, 2.3304274066e-09, 2.19366391718e-09, 2.65315658332e-09, 2.14712816415e-08, 1.64377738088e-07, 8.35543630728e-07, 1.83334873327e-06, 1.34159654408e-06, 1.11392967028e-06, 2.04774551094e-06, 1.13105613764e-06, 1.43429338095e-06, 1.40126780934e-06, 1.71726424014e-06, 2.02880914912e-06, 1.52532311404e-06, 1.86890792975e-06, 9.92518948806e-07, 7.21902665646e-07, 1.17610932193e-06, 8.0451775375e-07, 4.72806590324e-07, 2.62935060391e-07, 2.05094536909e-07, 1.8815805447e-07, 6.93350088454e-08, 9.77516094736e-08, 1.16753426482e-07, 8.31072242136e-08, 8.57216448935e-08, 5.19864968851e-08, 2.5033541462e-08, 1.72558802802e-08, 9.29052035303e-09, 2.7213524767e-09, 1.08209607941e-09, 1.06511155451e-09, 5.73164293804e-10, 5.17038134529e-10],
        "min": [2.11600140188e-10, 6.58854568125e-11, 4.53701590186e-11, 2.23576487185e-11, 1.12298876795e-11, 2.69687293331e-11, 9.78341643809e-11, 9.42329658749e-10, 1.28193025639e-10, 1.51842621809e-10, 7.15065007206e-10, 5.21187884517e-11, 2.5568625342e-11, 1.551046791e-11, 1.55757021864e-11, 3.03176581062e-11, 4.75034855202e-12, 8.10724924694e-12, 7.32002913145e-12, 4.96627218516e-12, 1.73079467425e-11, 2.21362719821e-11, 2.19364869151e-12, 1.85553807562e-12, 2.99003226692e-12, 2.02249805445e-12, 1.73179748536e-13, 1.65458955131e-13, 1.81557012805e-13, 2.41676795763e-13, 1.73298278939e-13, 2.1376914724e-13, 1.65287163297e-13, 1.08418245356e-13, 1.2834077876e-13, 1.92291007336e-13, 2.23550114509e-13, 7.21878272761e-14, 6.81002969944e-14, 1.0500098241e-13],
        "stdev": [1.85140993381e-06, 1.7677974995e-07, 7.32432354766e-08, 1.3894450035e-07, 5.27660176886e-06, 6.07792535448e-05, 0.000205222240766, 0.000381087011192, 0.000622854218818, 0.000133441251819, 0.00071669294266, 0.000635852862615, 0.000422820186941, 0.000504382362124, 0.000723937235307, 0.000474098604172, 0.00011013130279, 0.000116617011372, 8.13618389657e-05, 8.06032912806e-05, 3.80293931812e-05, 1.64141201822e-05, 5.82109760217e-06, 5.05862408318e-06, 2.00774411496e-06, 4.67916515845e-06, 1.06328243419e-05, 1.60749223141e-05, 1.0523371202e-05, 8.19210890768e-06, 4.43205681222e-06, 8.94449726729e-07, 3.92368207258e-07, 2.62288011754e-07, 2.46138256443e-07, 1.27332910438e-07, 6.2070320439e-08, 3.7471703962e-08, 3.07503782437e-08, 2.65355755147e-08],
