{
"lowlevel": {
    "average_loudness": 0.969066202641,
    "barkbands_crest": {
        "dmean": 2.55794620514,
        "dmean2": 4.21951723099,
        "dvar": 4.28470516205,
        "dvar2": 9.82253265381,
        "max": 15.8864459991,
        "mean": 8.61360549927,
        "median": 8.07216930389,
        "min": 3.66268229485,
        "stdev": 3.02747774124,
        "var": 9.16562175751
    },
    "barkbands_flatness_db": {
        "dmean": 0.0340225286782,
        "dmean2": 0.0530453622341,
        "dvar": 0.000732155574951,
        "dvar2": 0.00205692485906,
        "max": 0.253499597311,
        "mean": 0.120081610978,
        "median": 0.105563357472,
        "min": 0.0365624316037,
        "stdev": 0.0489544793963,
        "var": 0.00239654094912
    },
    "barkbands_kurtosis": {
        "dmean": 7.25479030609,
        "dmean2": 11.8688392639,
        "dvar": 116.89238739,
        "dvar2": 293.020233154,
        "max": 71.8631210327,
        "mean": 7.82746171951,
        "median": 2.70513963699,
        "min": -1.83981275558,
        "stdev": 12.5887775421,
        "var": 158.477310181
    },
    "barkbands_skewness": {
        "dmean": 0.991088986397,
        "dmean2": 1.5587246418,
        "dvar": 0.951926767826,
        "dvar2": 1.96587896347,
        "max": 2.79246902466,
        "mean": -0.387857377529,
        "median": 1.07690048218,
        "min": -7.1851234436,
        "stdev": 2.53961372375,
        "var": 6.4496383667
    },
    "barkbands_spread": {
        "dmean": 13.5629863739,
        "dmean2": 22.7779312134,
        "dvar": 274.921936035,
        "dvar2": 655.688720703,
        "max": 107.853034973,
        "mean": 28.0387096405,
        "median": 26.4750041962,
        "min": 2.38275790215,
        "stdev": 19.2703838348,
        "var": 371.347686768
    },
    "dissonance": {
        "dmean": 0.0142092183232,
        "dmean2": 0.021327059716,
        "dvar": 0.00224587623961,
        "dvar2": 0.00260400795378,
        "max": 0.499943763018,
        "mean": 0.483571082354,
        "median": 0.491425067186,
        "min": 0.00656339805573,
        "stdev": 0.0472281388938,
        "var": 0.00223049707711
    },
    "dynamic_complexity": 15.8315477371,
    "erbbands_crest": {
        "dmean": 1.62547910213,
        "dmean2": 2.86960339546,
        "dvar": 2.64574742317,
        "dvar2": 7.15049362183,
        "max": 15.4397468567,
        "mean": 5.97604036331,
        "median": 4.43733501434,
        "min": 2.12378430367,
        "stdev": 3.50477385521,
        "var": 12.2834396362
    },
    "erbbands_flatness_db": {
        "dmean": 0.0257432218641,
        "dmean2": 0.0406037569046,
        "dvar": 0.000650372297969,
        "dvar2": 0.0016490254784,
        "max": 0.310410946608,
        "mean": 0.150131478906,
        "median": 0.114192724228,
        "min": 0.0616499334574,
        "stdev": 0.0602755583823,
        "var": 0.00363314291462
    },
    "erbbands_kurtosis": {
        "dmean": 2.07499527931,
        "dmean2": 3.21963262558,
        "dvar": 12.7460479736,
        "dvar2": 26.7569484711,
        "max": 26.0422706604,
        "mean": 2.44405412674,
        "median": -0.581964492798,
        "min": -1.21919071674,
        "stdev": 5.83990573883,
        "var": 34.1044998169
    },
    "erbbands_skewness": {
        "dmean": 0.44267052412,
        "dmean2": 0.707630038261,
        "dvar": 0.21771620214,
        "dvar2": 0.45074826479,
        "max": 0.633392393589,
        "mean": -0.80090880394,
        "median": -0.201645687222,
        "min": -4.53726005554,
        "stdev": 1.15515136719,
        "var": 1.33437478542
    },
    "erbbands_spread": {
        "dmean": 9.47430706024,
        "dmean2": 15.3621892929,
        "dvar": 81.5148239136,
        "dvar2": 170.815307617,
        "max": 76.8455505371,
        "mean": 41.8031959534,
        "median": 50.9277381897,
        "min": 3.81527066231,
        "stdev": 21.4924125671,
        "var": 461.92376709
    },
    "hfc": {
        "dmean": 140.261642456,
        "dmean2": 238.63885498,
        "dvar": 62787.0507812,
        "dvar2": 183812.1875,
        "max": 1518.95715332,
        "mean": 127.27696991,
        "median": 0.0787988603115,
        "min": 5.10749886828e-10,
        "stdev": 257.841705322,
        "var": 66482.3515625
    },
    "loudness_ebu128": {
        "integrated": -13.6718482971,
        "loudness_range": 0,
        "momentary": {
            "dmean": 3.3015704155,
            "dmean2": 4.43291044235,
            "dvar": 37.8903160095,
            "dvar2": 54.272605896,
            "max": -12.0954427719,
            "mean": -25.3312854767,
            "median": -16.2373466492,
            "min": -45.2611236572,
            "stdev": 14.1106739044,
            "var": 199.111129761
        },
        "short_term": {
            "dmean": 0,
            "dmean2": 0,
            "dvar": 0,
            "dvar2": 0,
            "max": -17.2851638794,
            "mean": -17.2851638794,
            "median": -17.2851638794,
            "min": -17.2851638794,
            "stdev": 0,
            "var": 0
        }
    },
    "melbands_crest": {
        "dmean": 3.32699251175,
        "dmean2": 5.7193903923,
        "dvar": 7.86476755142,
        "dvar2": 19.0867385864,
        "max": 24.3953304291,
        "mean": 10.6295700073,
        "median": 10.2922315598,
        "min": 3.45040225983,
        "stdev": 4.52430868149,
        "var": 20.469367981
    },
    "melbands_flatness_db": {
        "dmean": 0.0306836795062,
        "dmean2": 0.0482551343739,
        "dvar": 0.000442547054263,
        "dvar2": 0.00104977190495,
        "max": 0.21120582521,
        "mean": 0.112695634365,
        "median": 0.115759447217,
        "min": 0.0217800810933,
        "stdev": 0.0500955358148,
        "var": 0.00250956253149
    },
    "melbands_kurtosis": {
        "dmean": 6.05743122101,
        "dmean2": 9.82019233704,
        "dvar": 27.2432765961,
        "dvar2": 72.7327575684,
        "max": 35.6887359619,
        "mean": 8.84117984772,
        "median": 7.41574859619,
        "min": -1.81633770466,
        "stdev": 8.93724441528,
        "var": 79.8743438721
    },
    "melbands_skewness": {
        "dmean": 1.08343279362,
        "dmean2": 1.70186495781,
        "dvar": 0.697775185108,
        "dvar2": 1.5055719614,
        "max": 5.26928806305,
        "mean": 1.40940737724,
        "median": 2.3150331974,
        "min": -3.69247102737,
        "stdev": 2.36386156082,
        "var": 5.58784151077
    },
    "melbands_spread": {
        "dmean": 35.8690681458,
        "dmean2": 61.8415374756,
        "dvar": 2057.60009766,
        "dvar2": 5283.58935547,
        "max": 267.997802734,
        "mean": 65.5346603394,
        "median": 36.5209236145,
        "min": 9.66263771057,
        "stdev": 59.565536499,
        "var": 3548.05297852
    },
    "pitch_salience": {
        "dmean": 0.0926534533501,
        "dmean2": 0.148063316941,
        "dvar": 0.0047243074514,
        "dvar2": 0.0137054817751,
        "max": 0.943029642105,
        "mean": 0.711691021919,
        "median": 0.713744103909,
        "min": 0.398080855608,
        "stdev": 0.104898653924,
        "var": 0.0110037280247
    },
    "silence_rate_20dB": {
        "dmean": 0,
        "dmean2": 0,
        "dvar": 0,
        "dvar2": 0,
        "max": 1,
        "mean": 1,
        "median": 1,
        "min": 1,
        "stdev": 0,
        "var": 0
    },
    "silence_rate_30dB": {
        "dmean": 0.0377358496189,
        "dmean2": 0.0761904790998,
        "dvar": 0.0363118834794,
        "dvar2": 0.108480744064,
        "max": 1,
        "mean": 0.981308400631,
        "median": 1,
        "min": 0,
        "stdev": 0.135433495045,
        "var": 0.0183422323316
    },
    "silence_rate_60dB": {
        "dmean": 0.0566037744284,
        "dmean2": 0.114285714924,
        "dvar": 0.0533997192979,
        "dvar2": 0.120272234082,
        "max": 1,
        "mean": 0.588785052299,
        "median": 1,
        "min": 0,
        "stdev": 0.492054253817,
        "var": 0.242117390037
    },
    "spectral_centroid": {
        "dmean": 563.43170166,
        "dmean2": 896.765380859,
        "dvar": 342672.5,
        "dvar2": 606212.5625,
        "max": 6941.13867188,
        "mean": 3046.27880859,
        "median": 2182.84912109,
        "min": 888.06262207,
        "stdev": 1671.73925781,
        "var": 2794712
    },
    "spectral_complexity": {
        "dmean": 5.92452812195,
        "dmean2": 9.77142810822,
        "dvar": 81.9942703247,
        "dvar2": 210.804779053,
        "max": 53,
        "mean": 7.6355137825,
        "median": 0,
        "min": 0,
        "stdev": 13.2272624969,
        "var": 174.960464478
    },
    "spectral_decrease": {
        "dmean": 2.1891111146e-09,
        "dmean2": 3.79005005158e-09,
        "dvar": 1.74954737973e-17,
        "dvar2": 5.08146910284e-17,
        "max": -5.30636888019e-21,
        "mean": -1.92874849425e-09,
        "median": -3.70731154109e-11,
        "min": -2.19284022052e-08,
        "stdev": 4.05491951128e-09,
        "var": 1.64423719615e-17
    },
    "spectral_energy": {
        "dmean": 0.0207398552448,
        "dmean2": 0.0355015210807,
        "dvar": 0.0014508375898,
        "dvar2": 0.00424876529723,
        "max": 0.220536857843,
        "mean": 0.018823934719,
        "median": 0.000156090885866,
        "min": 6.63539318976e-14,
        "stdev": 0.0383283831179,
        "var": 0.00146906496957
    },
    "spectral_energyband_high": {
        "dmean": 0.0180731676519,
        "dmean2": 0.0310899801552,
        "dvar": 0.00113583181519,
        "dvar2": 0.00323315151036,
        "max": 0.211199328303,
        "mean": 0.0159308984876,
        "median": 4.74853186461e-06,
        "min": 3.57881415204e-14,
        "stdev": 0.0338598750532,
        "var": 0.0011464911513
    },
    "spectral_energyband_low": {
        "dmean": 7.08397856215e-05,
        "dmean2": 0.000123781253933,
        "dvar": 9.15744013952e-09,
        "dvar2": 2.73855640387e-08,
        "max": 0.000488193298224,
        "mean": 7.81974522397e-05,
        "median": 5.31992263859e-05,
        "min": 7.73550467388e-15,
        "stdev": 8.88872673386e-05,
        "var": 7.90094656367e-09
    },
    "spectral_energyband_middle_high": {
        "dmean": 0.00252261129208,
        "dmean2": 0.00460311211646,
        "dvar": 2.84901616396e-05,
        "dvar2": 8.55054167914e-05,
        "max": 0.0292058140039,
        "mean": 0.00233906088397,
        "median": 1.50820733325e-05,
        "min": 1.45157103432e-14,
        "stdev": 0.00543550634757,
        "var": 2.95447316603e-05
    },
    "spectral_energyband_middle_low": {
        "dmean": 0.000667822314426,
        "dmean2": 0.00126601569355,
        "dvar": 2.5510339583e-06,
        "dvar2": 7.95637333795e-06,
        "max": 0.00911509711295,
        "mean": 0.000495890912134,
        "median": 3.95838214899e-05,
        "min": 7.16675593111e-15,
        "stdev": 0.00130860379431,
        "var": 1.71244380454e-06
    },
    "spectral_entropy": {
        "dmean": 0.146031096578,
        "dmean2": 0.235328018665,
        "dvar": 0.0169196464121,
        "dvar2": 0.0298383571208,
        "max": 9.05504322052,
        "mean": 8.26916122437,
        "median": 8.20519542694,
        "min": 7.71098232269,
        "stdev": 0.317112356424,
        "var": 0.100560240448
    },
    "spectral_flux": {
        "dmean": 0.0328108221292,
        "dmean2": 0.0557852908969,
        "dvar": 0.00326984538697,
        "dvar2": 0.00786931812763,
        "max": 0.374683380127,
        "mean": 0.0785150527954,
        "median": 0.00822037551552,
        "min": 3.72825670638e-05,
        "stdev": 0.098582431674,
        "var": 0.00971849635243
    },
    "spectral_kurtosis": {
        "dmean": 0.631296217442,
        "dmean2": 1.03949999809,
        "dvar": 0.414244502783,
        "dvar2": 0.720273971558,
        "max": 6.24139595032,
        "mean": 1.00270831585,
        "median": 1.08848762512,
        "min": -1.2966029644,
        "stdev": 1.23335254192,
        "var": 1.52115857601
    },
    "spectral_rms": {
        "dmean": 0.0016927664401,
        "dmean2": 0.00274966703728,
        "dvar": 6.44764577373e-06,
        "dvar2": 1.90023656614e-05,
        "max": 0.0146682616323,
        "mean": 0.00255829491653,
        "median": 0.000390235567465,
        "min": 8.04584043834e-09,
        "stdev": 0.0034380145371,
        "var": 1.18199432109e-05
    },
    "spectral_rolloff": {
        "dmean": 1023.23339844,
        "dmean2": 1706.04504395,
        "dvar": 3402390.25,
        "dvar2": 6079891.5,
        "max": 17118.8964844,
        "mean": 5211.84130859,
        "median": 2691.65039062,
        "min": 301.46484375,
        "stdev": 4442.23339844,
        "var": 19733438
    },
    "spectral_skewness": {
        "dmean": 0.173949167132,
        "dmean2": 0.261891633272,
        "dvar": 0.0275609605014,
        "dvar2": 0.0478281117976,
        "max": 1.76058721542,
        "mean": 0.786365687847,
        "median": 0.943432152271,
        "min": -0.448631614447,
        "stdev": 0.433650374413,
        "var": 0.188052639365
    },
    "spectral_spread": {
        "dmean": 917817.1875,
        "dmean2": 1230571.25,
        "dvar": 1.21579516723e+12,
        "dvar2": 1.46773626061e+12,
        "max": 18838560,
        "mean": 6422003,
        "median": 5406256.5,
        "min": 4317837.5,
        "stdev": 2272298.5,
        "var": 5.16334026752e+12
    },
    "spectral_strongpeak": {
        "dmean": 1.58179795742,
        "dmean2": 2.72243332863,
        "dvar": 6.84026098251,
        "dvar2": 19.3077907562,
        "max": 16.7941436768,
        "mean": 2.03223896027,
        "median": 0.0259031672031,
        "min": 0,
        "stdev": 3.39058876038,
        "var": 11.4960918427
    },
    "zerocrossingrate": {
        "dmean": 0.0286243371665,
        "dmean2": 0.0346028655767,
        "dvar": 0.00186010776088,
        "dvar2": 0.00256133358926,
        "max": 0.486328125,
        "mean": 0.187928959727,
        "median": 0.107421875,
        "min": 0.04296875,
        "stdev": 0.128544613719,
        "var": 0.0165237169713
    },
    "barkbands": {
        "dmean": [9.95268874249e-06, 3.83590413549e-05, 2.50295306614e-05, 2.99053681374e-05, 6.83667749399e-05, 9.28378212848e-05, 0.000121448247228, 0.000222084810957, 0.000139555661008, 4.89994126838e-05, 3.59984878742e-05, 1.51126778292e-05, 0.000154284018208, 0.000268605857855, 0.00109204556793, 0.00051623955369, 9.13646945264e-05, 0.000129241350805, 0.000291774369543, 0.000240274021053, 0.00151218043175, 0.003615869442, 0.00612631533295, 0.00409043207765, 0.00270308181643, 0.000538083200809, 1.47542723425e-05],
        "dmean2": [1.76984831342e-05, 6.82626850903e-05, 4.34709327237e-05, 5.41479676031e-05, 0.000126902974444, 0.000172102561919, 0.000225710260565, 0.000404554244597, 0.000265994342044, 9.37860531849e-05, 6.68757711537e-05, 2.75231159321e-05, 0.000287532515358, 0.000481171911815, 0.00202037766576, 0.000961654121056, 0.000161443123943, 0.000215336680412, 0.000512476835866, 0.00042821088573, 0.00282092369162, 0.00675619952381, 0.0111858416349, 0.00699008814991, 0.00482036778703, 0.000928407884203, 2.87891562039e-05],
        "dvar": [2.07925066054e-10, 2.740459637e-09, 8.46012593314e-10, 3.75010467124e-09, 2.2687540735e-08, 4.8980712819e-08, 9.35229635957e-08, 2.58380055129e-07, 1.59790289445e-07, 2.29514842687e-08, 5.00111418944e-09, 8.66816618483e-10, 1.88229023479e-07, 3.45396131252e-07, 6.98048461345e-06, 1.30574949253e-06, 4.28871018698e-08, 5.70384024456e-08, 3.27948697532e-07, 3.20222511618e-07, 1.22460996863e-05, 9.44124985836e-05, 0.000203887349926, 5.27560223418e-05, 2.63197052845e-05, 1.84502755474e-06, 3.39894112855e-09],
        "dvar2": [5.3875071071e-10, 8.10569744658e-09, 2.43864284322e-09, 1.11988747165e-08, 6.59591918861e-08, 1.50248112618e-07, 2.82233798998e-07, 8.12834571207e-07, 5.07701884089e-07, 7.44278523257e-08, 1.55419463965e-08, 2.1480717205e-09, 5.8887025034e-07, 1.02353533293e-06, 2.16060652747e-05, 3.73819739252e-06, 1.05615413304e-07, 1.59310971526e-07, 9.30907901875e-07, 9.10729056613e-07, 3.48364665115e-05, 0.000248894153628, 0.000584286870435, 0.000155986330356, 8.30081626191e-05, 5.0597614063e-06, 1.00654711233e-08],
        "max": [9.76072333287e-05, 0.000326140929246, 0.00013423251221, 0.000331495539285, 0.00091042247368, 0.00134168367367, 0.00197819666937, 0.00220469292253, 0.00251913163811, 0.00102576485369, 0.000390453380533, 0.000142973673064, 0.003250106005, 0.00445418478921, 0.0134687414393, 0.00509747955948, 0.00155829102732, 0.00154706602916, 0.00329423742369, 0.00383311836049, 0.0220354553312, 0.0488847866654, 0.0861442536116, 0.0376241579652, 0.0265047214925, 0.0106082074344, 0.000378499826184],
        "mean": [8.98219695955e-06, 3.47881214111e-05, 2.50195662375e-05, 2.3854929168e-05, 4.91206847073e-05, 6.49158464512e-05, 9.27844812395e-05, 0.000154574532644, 9.85635997495e-05, 3.18123420584e-05, 3.09078641294e-05, 1.25824963106e-05, 0.000130887376145, 0.000225752592087, 0.000845536298584, 0.000451179424999, 0.000104078331788, 0.000137868802994, 0.000291967880912, 0.000191454892047, 0.00115066824947, 0.00334941595793, 0.00470243999735, 0.00355372950435, 0.0025070765987, 0.000543790694792, 8.3796094259e-06],
        "median": [4.92098843097e-06, 1.96465935005e-05, 1.32206077978e-05, 7.81709968578e-06, 1.1430086488e-05, 7.1880476753e-06, 4.39941095465e-06, 3.71376358999e-06, 3.02524676954e-06, 1.64072639564e-06, 1.60258093729e-06, 1.41534735576e-06, 1.69404415828e-06, 1.34489550874e-06, 1.72560157807e-06, 1.64595587648e-06, 1.41645909935e-06, 1.4063771232e-06, 1.33123671731e-06, 1.21472771752e-06, 1.25401254536e-06, 1.29096736146e-06, 1.04885111796e-06, 1.03412128283e-06, 6.41661813461e-07, 5.25857650757e-08, 5.00224361932e-10],
        "min": [2.44970356324e-15, 3.4977124414e-15, 2.07986610858e-15, 1.79523805083e-15, 3.05042547042e-15, 1.21079939914e-15, 2.08556637561e-16, 7.80986214937e-17, 5.75169464262e-16, 9.56223435089e-16, 1.31694438002e-15, 2.67341174087e-15, 2.79468293024e-15, 8.22312978903e-16, 6.34049265524e-16, 4.55364435988e-16, 3.66784244993e-16, 2.89609691446e-15, 1.18237699684e-15, 9.44980555022e-16, 2.40145974294e-15, 2.79541751956e-15, 2.03694313749e-15, 1.50969847975e-15, 4.95331145621e-15, 8.70287474492e-15, 1.35637799888e-14],
        "stdev": [1.33803805511e-05, 4.4988879381e-05, 3.01137424685e-05, 4.95283893542e-05, 0.000120612414321, 0.000177199850441, 0.000254293030594, 0.000432461092714, 0.000309735769406, 0.000112773072033, 7.32475018594e-05, 2.84136385744e-05, 0.000409575004596, 0.000636309210677, 0.00234949053265, 0.00109410646837, 0.000247673189733, 0.000287554954411, 0.000607329944614, 0.000495284853969, 0.00302715133876, 0.00958500709385, 0.012359071523, 0.00715819792822, 0.00542344199494, 0.00146091321949, 4.2585292249e-05],
        "var": [1.79034592707e-10, 2.02399941251e-09, 9.06837493986e-10, 2.45306130964e-09, 1.45473553204e-08, 3.13997894352e-08, 6.46649382929e-08, 1.87022607179e-07, 9.5936243838e-08, 1.27177655074e-08, 5.36519673133e-09, 8.07334865627e-10, 1.67751693425e-07, 4.04889419769e-07, 5.52010578758e-06, 1.19706908208e-06, 6.13420070295e-08, 8.26878476801e-08, 3.6884966903e-07, 2.45307091973e-07, 9.16364479053e-06, 9.18723526411e-05, 0.00015274665202, 5.12397964485e-05, 2.94137244055e-05, 2.13426733353e-06, 1.81350723327e-09]
    },
    "erbbands": {
        "dmean": [0.00111052172724, 0.00867096986622, 0.0250155571848, 0.0656302422285, 0.158934503794, 0.234695523977, 0.41029137373, 0.893559575081, 1.48103487492, 2.35908961296, 5.66024160385, 3.4408249855, 2.08991026878, 1.27920901775, 1.33898103237, 0.677487850189, 4.39556789398, 15.4945020676, 32.7261772156, 55.7393188477, 22.8552570343, 5.67612218857, 6.9997677803, 9.92185306549, 15.5979852676, 13.6798028946, 61.7949028015, 53.7937545776, 139.933868408, 164.667648315, 169.798065186, 97.1436462402, 52.9169387817, 37.2602119446, 14.9236879349, 3.91395020485, 0.843093454838, 0.0315646752715, 0.00230923644267, 0.000418623763835],
        "dmean2": [0.00196761102416, 0.0155868744478, 0.0435389392078, 0.117321304977, 0.302468061447, 0.431285649538, 0.754310965538, 1.65756630898, 2.74216485023, 4.42870950699, 10.2693929672, 6.45670557022, 3.97973108292, 2.42188000679, 2.44280385971, 1.17502868176, 7.79532718658, 28.1495628357, 60.1535758972, 104.9713974, 41.4643478394, 9.58336734772, 11.5580244064, 17.2908668518, 27.7501716614, 24.7157039642, 116.478012085, 93.1002578735, 271.022735596, 286.504821777, 307.446685791, 164.007125854, 92.621055603, 67.2120513916, 26.6447753906, 6.48464870453, 1.54613053799, 0.0513708330691, 0.00411227485165, 0.00078034948092],
        "dvar": [2.73191517408e-06, 0.000137027789606, 0.000839060812723, 0.0151955308393, 0.14326621592, 0.243767857552, 0.780288934708, 4.75572729111, 14.9625244141, 28.5665817261, 176.071304321, 86.6192855835, 45.8189735413, 7.13718032837, 6.06336021423, 1.7500846386, 134.798858643, 1280.44104004, 6274.84082031, 17277.8515625, 2396.27246094, 149.311248779, 151.151260376, 312.145782471, 1189.17834473, 1091.53442383, 21124.6855469, 13987.1660156, 148285.421875, 165368.796875, 139169.9375, 31211.9277344, 8616.26269531, 4950.89941406, 855.177429199, 67.5974349976, 13.5903120041, 0.00793976616114, 3.55591073458e-05, 1.94507288143e-06],
        "dvar2": [7.95743380877e-06, 0.000402214471251, 0.00249753077514, 0.0446629524231, 0.420071095228, 0.712152600288, 2.31125640869, 14.7069072723, 46.1961784363, 87.1008682251, 554.588439941, 275.884643555, 148.867218018, 22.3427524567, 18.3651294708, 4.62488222122, 401.627441406, 3934.48828125, 19372.3671875, 52913.046875, 6566.24707031, 359.81918335, 389.727416992, 842.975219727, 3454.49633789, 3166.3996582, 61994.625, 36702.1796875, 407372.34375, 443779.1875, 399359.625, 92614.375, 25664.2714844, 14866.4140625, 2709.87182617, 176.91847229, 39.7858810425, 0.0192976947874, 9.92032655631e-05, 5.78465278522e-06],
        "max": [0.00892219413072, 0.0728291645646, 0.136828348041, 0.659597277641, 2.30406451225, 2.9652261734, 4.46167087555, 13.5918626785, 25.1047267914, 29.5996055603, 57.4018325806, 57.9085655212, 46.0220985413, 14.4159317017, 12.953754425, 6.6166601181, 95.6973114014, 279.6434021, 451.734924316, 637.558410645, 262.749816895, 88.6790313721, 99.0525817871, 84.3589172363, 195.192962646, 219.024032593, 693.406799316, 924.719482422, 1913.0793457, 2752.40869141, 2282.64526367, 946.594970703, 398.66809082, 333.311096191, 163.885894775, 49.6209335327, 30.1275920868, 0.79169934988, 0.0355648770928, 0.00938429497182],
        "mean": [0.00106856843922, 0.0076415813528, 0.0254614483565, 0.0620500966907, 0.112008035183, 0.164888486266, 0.305537849665, 0.614706575871, 1.01229143143, 1.8727619648, 3.89868474007, 2.54799342155, 1.35282111168, 0.915598332882, 1.20133411884, 0.608136415482, 4.06332445145, 13.3505325317, 24.9344654083, 43.4917373657, 20.5373077393, 6.5908498764, 7.65982723236, 10.9037876129, 14.1449155807, 10.8949985504, 45.1958084106, 43.4717903137, 122.316215515, 137.789611816, 131.47618103, 83.5371932983, 46.8299827576, 33.8202896118, 14.3009080887, 4.11694574356, 0.709411263466, 0.0284620821476, 0.00180896266829, 0.000300322921248],
        "median": [0.000591893098317, 0.00429344363511, 0.0145254768431, 0.0222677830607, 0.0278253201395, 0.0381409972906, 0.0535580664873, 0.0520531795919, 0.0657051950693, 0.0825750380754, 0.0696524009109, 0.0742883533239, 0.062738135457, 0.0491769127548, 0.0670267790556, 0.0604006573558, 0.0771933570504, 0.0765089616179, 0.0678524971008, 0.100720532238, 0.0882453322411, 0.074185796082, 0.0789978429675, 0.0592044852674, 0.0702155679464, 0.0545192621648, 0.0484825409949, 0.0534982271492, 0.0395133122802, 0.0320761278272, 0.0282651856542, 0.0232514254749, 0.0164001248777, 0.00893859751523, 0.00437598628923, 0.00104213028681, 0.000115200360597, 3.22562709698e-06, 2.67184645963e-07, 2.06772313049e-07],
        "min": [1.30556196821e-13, 6.97031950388e-13, 2.179958037e-12, 4.67797979173e-12, 7.83526889203e-12, 1.05529942424e-11, 1.13245185798e-11, 9.11465260905e-12, 4.66264310148e-12, 1.26820580947e-12, 3.3497048451e-12, 1.23654740961e-11, 2.46404910365e-11, 3.90520567273e-11, 6.79173800533e-11, 1.15379573951e-10, 1.29418600836e-10, 6.60698856736e-11, 2.42296131076e-11, 4.17772622052e-11, 1.59539569056e-11, 2.76699496649e-11, 1.31849808849e-10, 1.13958655013e-10, 5.81722725546e-11, 3.96625371435e-11, 9.50458253768e-11, 9.42688427319e-11, 1.0532294481e-10, 3.67697781944e-11, 7.14442047189e-11, 2.79620077093e-11, 3.94534023507e-11, 5.61527907506e-11, 3.15677275986e-11, 1.82483993194e-11, 2.53133815992e-11, 6.72888654518e-12, 1.69989185488e-12, 2.02806480919e-13],
        "stdev": [0.00139426125679, 0.0101986769587, 0.0293077789247, 0.106491170824, 0.289626151323, 0.400153517723, 0.737601876259, 1.72841143608, 3.03028321266, 4.72919034958, 11.2108192444, 7.45366716385, 5.0130648613, 2.25618863106, 2.68491125107, 1.32693457603, 11.9038677216, 38.4506645203, 71.2992324829, 116.705436707, 49.2304954529, 15.2506656647, 16.2709674835, 21.4523639679, 32.3581542969, 28.237859726, 119.534866333, 116.124855042, 357.329162598, 387.7394104, 329.717071533, 170.197952271, 93.3558883667, 73.1625061035, 31.4193935394, 9.50636672974, 3.04765105247, 0.0945213958621, 0.00523560959846, 0.00106321531348],
        "var": [1.94396443476e-06, 0.000104013015516, 0.000858945946675, 0.0113403694704, 0.0838833004236, 0.160122841597, 0.544056534767, 2.9874060154, 9.18261623383, 22.3652420044, 125.6824646, 55.5571517944, 25.1308174133, 5.09038734436, 7.20874881744, 1.76075541973, 141.702072144, 1478.45361328, 5083.58105469, 13620.1591797, 2423.6418457, 232.582794189, 264.744354248, 460.203918457, 1047.05004883, 797.376708984, 14288.5839844, 13484.9814453, 127684.132812, 150341.84375, 108713.351562, 28967.3417969, 8715.32226562, 5352.75195312, 987.178283691, 90.3710021973, 9.28817749023, 0.00893429480493, 2.74116100627e-05, 1.13042688099e-06]
    },
    "gfcc": {
        "mean": [-169.379989624, 18.5598983765, -112.934898376, 55.5776901245, -78.0166320801, 31.8347434998, -51.1424560547, 13.7120370865, -15.36967659, 6.11544179916, -14.3366584778, -6.63187456131, -7.72499275208],
        "cov": [[41084.4257812, -9201.55761719, -1523.56970215, -28.388671875, -2557.71289062, 557.242126465, -2267.87768555, 195.388916016, 810.704467773, 923.184692383, -1258.14746094, -450.052856445, -836.450073242], [-9201.55761719, 6185.02880859, -177.538406372, 462.222869873, 555.479675293, -60.1942558289, 612.680236816, -104.41418457, -480.320678711, -457.621429443, 495.023925781, 69.1103286743, 506.595123291], [-1523.56970215, -177.538406372, 438.048706055, -16.3108234406, 91.2518310547, 26.5461788177, 21.9756736755, 55.6104812622, -23.7521076202, -28.2260742188, 44.2810897827, 30.0057830811, -39.1733932495], [-28.388671875, 462.222869873, -16.3108234406, 361.529602051, -34.6733131409, 50.9428977966, 48.7889137268, -6.23088741302, -25.428730011, -99.0761413574, 43.9580993652, -15.5532550812, 34.096622467], [-2557.71289062, 555.479675293, 91.2518310547, -34.6733131409, 240.236419678, -37.4070129395, 158.072891235, -16.7626609802, -57.4275054932, -31.0547542572, 64.13256073, 48.0012245178, 39.8820381165], [557.242126465, -60.1942558289, 26.5461788177, 50.9428977966, -37.4070129395, 111.398223877, -24.6273174286, 51.3452949524, 3.85094475746, -17.0972557068, 7.03030920029, -8.95315647125, -4.58114480972], [-2267.87768555, 612.680236816, 21.9756736755, 48.7889137268, 158.072891235, -24.6273174286, 209.390991211, -32.9400558472, -40.9933166504, -45.6422271729, 74.3383636475, 40.2551193237, 50.1409225464], [195.388916016, -104.41418457, 55.6104812622, -6.23088741302, -16.7626609802, 51.3452949524, -32.9400558472, 108.406837463, 0.570619702339, -4.61291313171, 19.4564247131, -8.60161018372, -21.3978900909], [810.704467773, -480.320678711, -23.7521076202, -25.428730011, -57.4275054932, 3.85094475746, -40.9933166504, 0.570619702339, 96.5018539429, 24.1500167847, -31.1720123291, -25.3678131104, -21.0488986969], [923.184692383, -457.621429443, -28.2260742188, -99.0761413574, -31.0547542572, -17.0972557068, -45.6422271729, -4.61291313171, 24.1500167847, 111.074447632, -53.0097465515, 16.0682621002, -51.4002952576], [-1258.14746094, 495.023925781, 44.2810897827, 43.9580993652, 64.13256073, 7.03030920029, 74.3383636475, 19.4564247131, -31.1720123291, -53.0097465515, 106.557929993, 6.93494319916, 47.9032287598], [-450.052856445, 69.1103286743, 30.0057830811, -15.5532550812, 48.0012245178, -8.95315647125, 40.2551193237, -8.60161018372, -25.3678131104, 16.0682621002, 6.93494319916, 59.0744667053, -1.43479788303], [-836.450073242, 506.595123291, -39.1733932495, 34.096622467, 39.8820381165, -4.58114480972, 50.1409225464, -21.3978900909, -21.0488986969, -51.4002952576, 47.9032287598, -1.43479788303, 92.7217559814]],
        "icov": [[0.000205343560083, -2.8469416975e-06, 0.000450168736279, -0.000255430379184, 0.000836672261357, -0.000679205404595, 0.00110649084672, 0.000139268537168, -0.000339586869814, -0.000687425083015, 0.000450856052339, -0.000244371854933, 0.000497572706081], [-2.8469416975e-06, 0.000811239471659, 0.000539826927707, -0.000242767651798, -0.000476288056234, 0.000199558839086, -0.000462579278974, 0.000115980954433, 0.00272543472238, 0.000832994526718, -0.0013295263052, 0.000494846317451, -0.00187398598064], [0.000450168736279, 0.000539826927707, 0.00471172388643, -0.000519699067809, -0.000337104429491, -0.00196418142878, 0.00348876253702, -6.66084888508e-05, 0.000693574082106, 0.000988972955383, -0.00151143979747, -0.00186621840112, 0.00289697921835], [-0.000255430379184, -0.000242767651798, -0.000519699067809, 0.00502808066085, 0.00150420307182, -0.000929485482629, -0.00320655852556, 0.00103773095179, 0.000614987453446, 0.00462860940024, -0.00062956934562, 8.58188104758e-06, 0.00126502010971], [0.000836672261357, -0.000476288056234, -0.000337104429491, 0.00150420307182, 0.0157257504761, -0.00103776832111, -0.00321284099482, -0.000318615202559, -6.46576700092e-06, -0.00222944677807, 0.00291899219155, -0.00299614970572, 0.00151114072651], [-0.000679205404595, 0.000199558839086, -0.00196418142878, -0.000929485482629, -0.00103776832111, 0.015644190833, -0.0039666229859, -0.00689472490922, 0.00132296956144, 0.00311895785853, -0.000562611734495, -4.36243681179e-05, -0.00361299654469], [0.00110649084672, -0.000462579278974, 0.00348876253702, -0.00320655852556, -0.00321284099482, -0.0039666229859, 0.020190205425, 0.00379699701443, -0.00529948715121, -0.00313631468453, -0.00220774905756, -0.00589759135619, 0.00441385107115], [0.000139268537168, 0.000115980954433, -6.66084888508e-05, 0.00103773095179, -0.000318615202559, -0.00689472490922, 0.00379699701443, 0.015796026215, 0.000590146752074, 0.000452070467873, -0.00619856966659, 0.0011434990447, 0.00520602799952], [-0.000339586869814, 0.00272543472238, 0.000693574082106, 0.000614987453446, -6.46576700092e-06, 0.00132296956144, -0.00529948715121, 0.000590146752074, 0.0239160712808, 0.0018582730554, -0.00338767864741, 0.00794179365039, -0.00648469990119], [-0.000687425083015, 0.000832994526718, 0.000988972955383, 0.00462860940024, -0.00222944677807, 0.00311895785853, -0.00313631468453, 0.000452070467873, 0.0018582730554, 0.0235043428838, -0.000403818354243, -0.00644806725904, 0.00443698838353], [0.000450856052339, -0.0013295263052, -0.00151143979747, -0.00062956934562, 0.00291899219155, -0.000562611734495, -0.00220774905756, -0.00619856966659, -0.00338767864741, -0.000403818354243, 0.0231599546969, -0.000413279543864, -0.00356027833186], [-0.000244371854933, 0.000494846317451, -0.00186621840112, 8.58188104758e-06, -0.00299614970572, -4.36243681179e-05, -0.00589759135619, 0.0011434990447, 0.00794179365039, -0.00644806725904, -0.000413279543864, 0.0272123739123, -0.00209706253372], [0.000497572706081, -0.00187398598064, 0.00289697921835, 0.00126502010971, 0.00151114072651, -0.00361299654469, 0.00441385107115, 0.00520602799952, -0.00648469990119, 0.00443698838353, -0.00356027833186, -0.00209706253372, 0.0270515754819]]
    },
    "melbands": {
        "dmean": [1.03516731542e-05, 1.20374388644e-05, 1.3766552911e-05, 1.41453610922e-05, 1.35798345582e-05, 1.98818142962e-05, 2.34766885114e-05, 2.95986192214e-05, 4.39220602857e-05, 1.98478883249e-05, 1.00929437394e-05, 5.04229728904e-06, 4.92453182233e-06, 1.85831436283e-06, 2.07533048524e-06, 1.96294240595e-05, 2.75986567431e-05, 4.02521982323e-05, 9.26481807255e-05, 4.96200809721e-05, 2.30493005802e-05, 5.57439580007e-06, 5.4701758927e-06, 6.82630388837e-06, 7.5965981523e-06, 1.32521190608e-05, 8.21388039185e-06, 7.54777647671e-06, 3.43237989e-05, 3.69508125004e-05, 3.04267505271e-05, 7.18291703379e-05, 9.29169691517e-05, 0.000109540931589, 0.000129910171381, 3.70852576452e-05, 7.18720839359e-05, 3.08981179842e-05, 4.43162352894e-05, 2.95614172501e-05],
        "dmean2": [1.8484375687e-05, 2.10286834772e-05, 2.50861467066e-05, 2.63903075393e-05, 2.50318553299e-05, 3.70515845134e-05, 4.34004032286e-05, 5.57482417207e-05, 8.03208240541e-05, 3.73011571355e-05, 1.93019113794e-05, 9.58454893407e-06, 9.15321652428e-06, 3.32601371156e-06, 3.73218108507e-06, 3.60786325473e-05, 5.01809590787e-05, 7.34867790015e-05, 0.000172716216184, 9.48045199038e-05, 4.13678644691e-05, 9.61170371738e-06, 8.99965289136e-06, 1.17846675494e-05, 1.34069041451e-05, 2.38669763348e-05, 1.4288310922e-05, 1.38943514685e-05, 6.54363975627e-05, 6.75653063809e-05, 5.32275880687e-05, 0.000139447831316, 0.0001661087299, 0.000199036614504, 0.000236609164858, 6.34373354842e-05, 0.000122767072753, 5.3432846471e-05, 7.8180913988e-05, 5.3100171499e-05],
        "dvar": [2.25953644684e-10, 2.15576584361e-10, 8.12364675529e-10, 1.00730757069e-09, 8.46007430777e-10, 2.38080488657e-09, 3.67406838286e-09, 4.42992043048e-09, 1.06980353465e-08, 3.13362868987e-09, 1.08539421895e-09, 1.21885598836e-10, 9.15744910457e-11, 1.13399827723e-11, 2.02351763817e-11, 2.68065725173e-09, 4.04289135503e-09, 9.58236689996e-09, 5.00629475653e-08, 1.29879085264e-08, 2.27908958372e-09, 1.50905121732e-10, 1.36212471857e-10, 1.53877424691e-10, 1.84241011336e-10, 7.8784589963e-10, 3.61501745205e-10, 4.113969998e-10, 6.72985800421e-09, 7.30883931155e-09, 5.34555866238e-09, 3.79552531626e-08, 6.18213817916e-08, 8.25878672117e-08, 8.87595774657e-08, 4.12111234027e-09, 1.96638527683e-08, 2.84539591888e-09, 7.08037495301e-09, 3.15725445788e-09],
        "dvar2": [6.59737042774e-10, 6.42615460844e-10, 2.40726039102e-09, 2.94386137689e-09, 2.4898243467e-09, 7.33165839151e-09, 1.12588391943e-08, 1.37518503251e-08, 3.37965637698e-08, 9.98041915778e-09, 3.52419093907e-09, 3.81587594855e-10, 2.82784601291e-10, 2.85102393083e-11, 5.59069769646e-11, 8.1929822926e-09, 1.23309931155e-08, 2.93752098202e-08, 1.55321316697e-07, 3.87513878763e-08, 5.9867701907e-09, 3.55732776569e-10, 3.12565084926e-10, 4.38273695114e-10, 4.77333839122e-10, 2.29372631999e-09, 1.03149511155e-09, 1.19354370831e-09, 1.97699492333e-08, 2.10644799381e-08, 1.42280196513e-08, 1.05287234931e-07, 1.66776331412e-07, 2.30434906712e-07, 2.57398596659e-07, 1.19081677852e-08, 5.82984114317e-08, 8.48976355883e-09, 2.14889066541e-08, 9.36919786199e-09],
        "max": [9.00116647244e-05, 7.10770109436e-05, 0.000151784013724, 0.000197942848899, 0.000141856304253, 0.000303897802951, 0.000394563889131, 0.000333086325554, 0.000452942185802, 0.000357058976078, 0.000224552044529, 6.34419702692e-05, 5.44601389265e-05, 1.65827841556e-05, 2.23890747293e-05, 0.000421728444053, 0.000489972648211, 0.000579696556088, 0.00109967123717, 0.000555315520614, 0.000277740648016, 9.0184948931e-05, 0.000105511717265, 7.33224078431e-05, 7.02825491317e-05, 0.000165332399774, 0.000106137376861, 0.00014261007891, 0.000432326429291, 0.000497008499224, 0.000594208948314, 0.00095396884717, 0.00135618064087, 0.00187108560931, 0.0017514541978, 0.000341072765877, 0.000819323235191, 0.000269670970738, 0.000394425936975, 0.000293132005027],
        "mean": [1.00588767964e-05, 1.25801943796e-05, 1.20166951092e-05, 9.94592483039e-06, 1.02091225926e-05, 1.37090237331e-05, 1.65975343407e-05, 2.29483521252e-05, 2.98340582958e-05, 1.4762355022e-05, 6.33634908809e-06, 3.55281031261e-06, 4.36103027823e-06, 1.70451971826e-06, 1.58999080213e-06, 1.78553673322e-05, 2.3590919227e-05, 2.96349280688e-05, 7.31343679945e-05, 3.90307468479e-05, 2.10093985515e-05, 6.22541529083e-06, 6.35014521322e-06, 6.85204713591e-06, 8.64854246174e-06, 1.21366138046e-05, 7.07024673829e-06, 5.92877631789e-06, 2.45180453931e-05, 2.84589968942e-05, 2.39439395955e-05, 6.03792650509e-05, 8.12428697827e-05, 8.63838504301e-05, 9.77226736723e-05, 3.33448042511e-05, 5.90501149418e-05, 2.78339612123e-05, 3.76124517061e-05, 2.66888182523e-05],
        "median": [5.77616310693e-06, 7.17483408152e-06, 4.93824154546e-06, 2.49644699579e-06, 1.8412844156e-06, 1.3065556459e-06, 9.8745260857e-07, 9.19531998989e-07, 5.42853626939e-07, 4.55146562217e-07, 2.89441146606e-07, 1.9577028354e-07, 2.08979798799e-07, 1.86554487414e-07, 1.38614581147e-07, 1.6542939818e-07, 1.24870425111e-07, 1.01276370401e-07, 1.20968167039e-07, 1.20533016457e-07, 9.66290727433e-08, 7.29996330051e-08, 8.72341061608e-08, 6.96532183042e-08, 4.72997463419e-08, 4.64394851463e-08, 5.0223313508e-08, 3.44342829806e-08, 3.33420615561e-08, 3.26227933556e-08, 3.36365992837e-08, 2.29139693886e-08, 2.61420698422e-08, 1.95814937598e-08, 1.94058529246e-08, 1.62936100168e-08, 1.43797294072e-08, 1.2973375263e-08, 1.162156682e-08, 6.34847729941e-09],
        "min": [1.18573008264e-15, 1.07542733467e-15, 8.95801080951e-16, 6.66153190654e-16, 4.19652335792e-16, 2.06258465122e-16, 6.35247446568e-17, 1.1303113705e-17, 3.34688922542e-17, 8.45914731415e-17, 1.24386179499e-16, 1.51442463243e-16, 2.00490064872e-16, 2.80678925451e-16, 3.24523441914e-16, 2.51194846758e-16, 1.03721295356e-16, 3.18494810643e-17, 5.49423189763e-17, 4.84716026817e-17, 1.09877841837e-17, 1.75730931173e-17, 7.27714989395e-17, 1.53499535695e-16, 8.8173211516e-17, 3.06272125214e-17, 4.44081507144e-17, 2.09060982816e-17, 4.81251463539e-17, 7.25428132786e-17, 5.33837419574e-17, 7.18092430416e-17, 3.52888020984e-17, 1.22315627312e-17, 4.05381398965e-17, 3.77194723284e-17, 9.28845576611e-18, 1.84307023959e-17, 5.49864705687e-17, 4.38932374006e-17],
        "stdev": [1.26797431221e-05, 1.44036057463e-05, 2.31283902394e-05, 2.49809727393e-05, 2.43361282628e-05, 3.86581268685e-05, 4.83155199618e-05, 5.84806221013e-05, 8.64615212777e-05, 4.42177224613e-05, 2.42729765887e-05, 9.08234778763e-06, 1.01680798252e-05, 3.51422477252e-06, 4.0150798668e-06, 5.40071378055e-05, 6.79676304571e-05, 8.74236429809e-05, 0.000199515066925, 0.000101641082438, 5.02362054249e-05, 1.46482580021e-05, 1.65659239428e-05, 1.34948213599e-05, 1.71326919371e-05, 2.71256194537e-05, 1.74992528628e-05, 1.66187492141e-05, 6.62239908706e-05, 7.40526011214e-05, 6.89188454999e-05, 0.00017925753491, 0.000237881729845, 0.000252035271842, 0.000256467668805, 6.42467275611e-05, 0.00012895144755, 5.46133851458e-05, 8.15183884697e-05, 5.96883255639e-05],
        "var": [1.60775878721e-10, 2.07463865531e-10, 5.34922439677e-10, 6.24048979159e-10, 5.92247140219e-10, 1.49445078534e-09, 2.33438957054e-09, 3.41998318554e-09, 7.47559436576e-09, 1.95520688528e-09, 5.89177373556e-10, 8.24890364348e-11, 1.03389845296e-10, 1.2349775716e-11, 1.61208667943e-11, 2.91677082487e-09, 4.61959892561e-09, 7.64289342925e-09, 3.98062631746e-08, 1.03309103494e-08, 2.52367637898e-09, 2.14571471702e-10, 2.74429839964e-10, 1.82110215796e-10, 2.93529145434e-10, 7.35799199347e-10, 3.06223824076e-10, 2.76182854364e-10, 4.38561675864e-09, 5.4837876462e-09, 4.74980677012e-09, 3.21332649378e-08, 5.65877193992e-08, 6.35217745071e-08, 6.57756658029e-08, 4.12764178392e-09, 1.66284745973e-08, 2.98262192722e-09, 6.6452479075e-09, 3.56269636015e-09]
    },
    "melbands128": {
