{
"lowlevel": {
    "average_loudness": 0.251534938812,
    "barkbands_crest": {
        "dmean": 1.19270610809,
        "dmean2": 1.76919877529,
        "dvar": 0.808601558208,
        "dvar2": 1.87284111977,
        "max": 11.5695838928,
        "mean": 6.73070287704,
        "median": 6.78026008606,
        "min": 3.34644603729,
        "stdev": 1.76208603382,
        "var": 3.10494709015
    },
    "barkbands_flatness_db": {
        "dmean": 0.0116404350847,
        "dmean2": 0.0181780867279,
        "dvar": 8.71585289133e-05,
        "dvar2": 0.000159867107868,
        "max": 0.189437389374,
        "mean": 0.153211042285,
        "median": 0.154181018472,
        "min": 0.0546896867454,
        "stdev": 0.0179849695414,
        "var": 0.000323459127685
    },
    "barkbands_kurtosis": {
        "dmean": 1.22939109802,
        "dmean2": 2.05588769913,
        "dvar": 1.42285001278,
        "dvar2": 3.37008261681,
        "max": 9.26576900482,
        "mean": 3.6492292881,
        "median": 3.62390756607,
        "min": -0.646819114685,
        "stdev": 2.42654776573,
        "var": 5.88813447952
    },
    "barkbands_skewness": {
        "dmean": 0.326309353113,
        "dmean2": 0.559333205223,
        "dvar": 0.0595291703939,
        "dvar2": 0.181120336056,
        "max": -0.310077220201,
        "mean": -1.24636483192,
        "median": -1.23141074181,
        "min": -2.19835400581,
        "stdev": 0.466617763042,
        "var": 0.217732146382
    },
    "barkbands_spread": {
        "dmean": 2.07619667053,
        "dmean2": 3.04615187645,
        "dvar": 36.9583091736,
        "dvar2": 37.8937835693,
        "max": 79.3164596558,
        "mean": 11.4134778976,
        "median": 10.1404237747,
        "min": 6.57522583008,
        "stdev": 6.76941633224,
        "var": 45.8249969482
    },
    "dissonance": {
        "dmean": 0.00241135782562,
        "dmean2": 0.00363266258501,
        "dvar": 3.43161227647e-05,
        "dvar2": 2.60318120127e-05,
        "max": 0.499996215105,
        "mean": 0.497127622366,
        "median": 0.498660683632,
        "min": 0.417104423046,
        "stdev": 0.0074501899071,
        "var": 5.55053302378e-05
    },
    "dynamic_complexity": 11.6384878159,
    "erbbands_crest": {
        "dmean": 1.56270265579,
        "dmean2": 2.61959409714,
        "dvar": 1.88199710846,
        "dvar2": 4.66723155975,
        "max": 16.346031189,
        "mean": 9.33103084564,
        "median": 9.53751564026,
        "min": 3.40939235687,
        "stdev": 2.96781945229,
        "var": 8.80795288086
    },
    "erbbands_flatness_db": {
        "dmean": 0.0127661004663,
        "dmean2": 0.0202427655458,
        "dvar": 0.000237965796259,
        "dvar2": 0.000273211975582,
        "max": 0.298234760761,
        "mean": 0.25029489398,
        "median": 0.253873407841,
        "min": 0.0912700071931,
        "stdev": 0.032075997442,
        "var": 0.00102886953391
    },
    "erbbands_kurtosis": {
        "dmean": 1.08846461773,
        "dmean2": 1.90131020546,
        "dvar": 0.69521433115,
        "dvar2": 2.26430678368,
        "max": 4.85521554947,
        "mean": 1.32937312126,
        "median": 1.02517223358,
        "min": -0.861816883087,
        "stdev": 1.25654363632,
        "var": 1.57890176773
    },
    "erbbands_skewness": {
        "dmean": 0.260619014502,
        "dmean2": 0.441619694233,
        "dvar": 0.0400042384863,
        "dvar2": 0.130404472351,
        "max": 0.158730715513,
        "mean": -0.335064560175,
        "median": -0.331385672092,
        "min": -1.07952129841,
        "stdev": 0.245657756925,
        "var": 0.0603477321565
    },
    "erbbands_spread": {
        "dmean": 2.1463162899,
        "dmean2": 3.57249307632,
        "dvar": 8.13639450073,
        "dvar2": 12.7869253159,
        "max": 51.0994033813,
        "mean": 13.8450040817,
        "median": 11.6029748917,
        "min": 7.11147403717,
        "stdev": 6.81099033356,
        "var": 46.3895874023
    },
    "hfc": {
        "dmean": 19.7410469055,
        "dmean2": 18.7597045898,
        "dvar": 6663.28515625,
        "dvar2": 5609.14111328,
        "max": 1164.63464355,
        "mean": 50.9029655457,
        "median": 0.759609997272,
        "min": 5.4863015464e-08,
        "stdev": 170.53503418,
        "var": 29082.1992188
    },
    "loudness_ebu128": {
        "integrated": -27.5306472778,
        "loudness_range": 4.38990974426,
        "momentary": {
            "dmean": 1.12685596943,
            "dmean2": 0.269646316767,
            "dvar": 0.374415487051,
            "dvar2": 0.0722180530429,
            "max": -20.5101604462,
            "mean": -40.2201156616,
            "median": -42.9824752808,
            "min": -49.7707519531,
            "stdev": 9.00042915344,
            "var": 81.0077285767
        },
        "short_term": {
            "dmean": 2.19495487213,
            "dmean2": 0.306970596313,
            "dvar": 0.0235577374697,
            "dvar2": 0,
            "max": -28.4469280243,
            "mean": -30.6930446625,
            "median": -30.7953681946,
            "min": -32.8368377686,
            "stdev": 1.79363322258,
            "var": 3.21711993217
        }
    },
    "melbands_crest": {
        "dmean": 1.94292545319,
        "dmean2": 3.19963908195,
        "dvar": 2.61735701561,
        "dvar2": 6.86472988129,
        "max": 15.5627908707,
        "mean": 9.28803062439,
        "median": 9.31131458282,
        "min": 3.04509449005,
        "stdev": 2.81801176071,
        "var": 7.94118976593
    },
    "melbands_flatness_db": {
        "dmean": 0.0110695827752,
        "dmean2": 0.0182676892728,
        "dvar": 6.16616380285e-05,
        "dvar2": 0.000182803109055,
        "max": 0.121615558863,
        "mean": 0.0884184390306,
        "median": 0.0875266045332,
        "min": 0.023968251422,
        "stdev": 0.0167707726359,
        "var": 0.000281258835457
    },
    "melbands_kurtosis": {
        "dmean": 0.549190580845,
        "dmean2": 0.919674992561,
        "dvar": 0.246380269527,
        "dvar2": 0.545531332493,
        "max": 3.61635971069,
        "mean": 1.04611134529,
        "median": 1.16920852661,
        "min": -1.27854013443,
        "stdev": 1.14497876167,
        "var": 1.31097626686
    },
    "melbands_skewness": {
        "dmean": 0.231893897057,
        "dmean2": 0.376139163971,
        "dvar": 0.0662351101637,
        "dvar2": 0.120382152498,
        "max": 0.981862783432,
        "mean": -0.762998342514,
        "median": -0.858384072781,
        "min": -1.55401992798,
        "stdev": 0.491375535727,
        "var": 0.241449922323
    },
    "melbands_spread": {
        "dmean": 7.98856687546,
        "dmean2": 13.3178939819,
        "dvar": 100.164459229,
        "dvar2": 156.029632568,
        "max": 138.310256958,
        "mean": 47.4051971436,
        "median": 42.4546470642,
        "min": 28.8481655121,
        "stdev": 15.9810466766,
        "var": 255.393844604
    },
    "pitch_salience": {
        "dmean": 0.0442753843963,
        "dmean2": 0.0747589617968,
        "dvar": 0.00133724394254,
        "dvar2": 0.00319750769995,
        "max": 0.874745130539,
        "mean": 0.584737539291,
        "median": 0.573138952255,
        "min": 0.475402086973,
        "stdev": 0.0614423975348,
        "var": 0.0037751684431
    },
    "silence_rate_20dB": {
        "dmean": 0,
        "dmean2": 0,
        "dvar": 0,
        "dvar2": 0,
        "max": 1,
        "mean": 1,
        "median": 1,
        "min": 1,
        "stdev": 0,
        "var": 0
    },
    "silence_rate_30dB": {
        "dmean": 0.0147058824077,
        "dmean2": 0.0296296291053,
        "dvar": 0.0144896013662,
        "dvar2": 0.0435664691031,
        "max": 1,
        "mean": 0.992700755596,
        "median": 1,
        "min": 0,
        "stdev": 0.0851234272122,
        "var": 0.00724599836394
    },
    "silence_rate_60dB": {
        "dmean": 0.00735294120386,
        "dmean2": 0.0148148145527,
        "dvar": 0.00729887187481,
        "dvar2": 0.0145953260362,
        "max": 1,
        "mean": 0.781021893024,
        "median": 1,
        "min": 0,
        "stdev": 0.413553059101,
        "var": 0.171026140451
    },
    "spectral_centroid": {
        "dmean": 99.6320800781,
        "dmean2": 153.480270386,
        "dvar": 12424.9082031,
        "dvar2": 21316.2265625,
        "max": 4135.66308594,
        "mean": 3328.69799805,
        "median": 3211.5390625,
        "min": 2893.47363281,
        "stdev": 314.271606445,
        "var": 98766.6484375
    },
    "spectral_complexity": {
        "dmean": 1.34558820724,
        "dmean2": 2.09629631042,
        "dvar": 13.6525812149,
        "dvar2": 18.6648368835,
        "max": 44,
        "mean": 6.75912427902,
        "median": 1,
        "min": 0,
        "stdev": 10.974770546,
        "var": 120.445587158
    },
    "spectral_decrease": {
        "dmean": 1.71906169855e-10,
        "dmean2": 2.3856008835e-10,
        "dvar": 3.39111791103e-19,
        "dvar2": 9.13657175717e-19,
        "max": 1.5232808348e-09,
        "mean": -4.81252648843e-10,
        "median": -4.37719478719e-11,
        "min": -5.29961807771e-09,
        "stdev": 1.03270114682e-09,
        "var": 1.06647176285e-18
    },
    "spectral_energy": {
        "dmean": 0.00189626018982,
        "dmean2": 0.00184919242747,
        "dvar": 5.09174024046e-05,
        "dvar2": 3.21565748891e-05,
        "max": 0.109707683325,
        "mean": 0.00643340358511,
        "median": 0.000239917033468,
        "min": 7.00606413162e-12,
        "stdev": 0.017836548388,
        "var": 0.000318142439937
    },
    "spectral_energyband_high": {
        "dmean": 0.00148405041546,
        "dmean2": 0.00131745124236,
        "dvar": 3.43579085893e-05,
        "dvar2": 2.10126872844e-05,
        "max": 0.0906165838242,
        "mean": 0.00448006391525,
        "median": 5.28457203472e-05,
        "min": 3.55275661321e-12,
        "stdev": 0.0138175357133,
        "var": 0.000190924300114
    },
    "spectral_energyband_low": {
        "dmean": 1.23068878111e-06,
        "dmean2": 1.89179536392e-06,
        "dvar": 2.16561543004e-11,
        "dvar2": 4.98642828417e-11,
        "max": 5.38149761269e-05,
        "mean": 2.30835325965e-06,
        "median": 1.32899015171e-06,
        "min": 8.97510256219e-13,
        "stdev": 5.03102455696e-06,
        "var": 2.53112062559e-11
    },
    "spectral_energyband_middle_high": {
        "dmean": 0.000487578101456,
        "dmean2": 0.000626493245363,
        "dvar": 1.83874817594e-06,
        "dvar2": 2.96846815218e-06,
        "max": 0.0199912916869,
        "mean": 0.00173065240961,
        "median": 0.000180878370884,
        "min": 1.53473219376e-12,
        "stdev": 0.00357108912431,
        "var": 1.27526773213e-05
    },
    "spectral_energyband_middle_low": {
        "dmean": 5.87462673138e-05,
        "dmean2": 6.85085251462e-05,
        "dvar": 4.86497029328e-08,
        "dvar2": 5.61871651428e-08,
        "max": 0.00274861161597,
        "mean": 0.000115260918392,
        "median": 5.4080173868e-06,
        "min": 3.54835247556e-13,
        "stdev": 0.000377440243028,
        "var": 1.42461132668e-07
    },
    "spectral_entropy": {
        "dmean": 0.08369063586,
        "dmean2": 0.121737614274,
        "dvar": 0.0169216189533,
        "dvar2": 0.0143362153322,
        "max": 9.2555770874,
        "mean": 7.77483797073,
        "median": 7.65662622452,
        "min": 7.37652206421,
        "stdev": 0.341002613306,
        "var": 0.116282790899
    },
    "spectral_flux": {
        "dmean": 0.00405411887914,
        "dmean2": 0.00529983453453,
        "dvar": 0.000131221415359,
        "dvar2": 0.000124053200125,
        "max": 0.213823795319,
        "mean": 0.0272358581424,
        "median": 0.00734195113182,
        "min": 0.00158350891434,
        "stdev": 0.0441772118211,
        "var": 0.00195162615273
    },
    "spectral_kurtosis": {
        "dmean": 1.42250001431,
        "dmean2": 2.4216697216,
        "dvar": 3.63802886009,
        "dvar2": 10.5301799774,
        "max": 15.0095081329,
        "mean": 4.03297710419,
        "median": 3.68143987656,
        "min": 0.938537836075,
        "stdev": 2.01341772079,
        "var": 4.05385112762
    },
    "spectral_rms": {
        "dmean": 0.000191873143194,
        "dmean2": 0.000219562891289,
        "dvar": 3.04883144508e-07,
        "dvar2": 1.96106597627e-07,
        "max": 0.0103456210345,
        "mean": 0.00144173577428,
        "median": 0.000483803043608,
        "min": 8.26751715977e-08,
        "stdev": 0.00204887590371,
        "var": 4.19789284933e-06
    },
    "spectral_rolloff": {
        "dmean": 735.137145996,
        "dmean2": 1202.03076172,
        "dvar": 2741584.5,
        "dvar2": 5804398,
        "max": 18497.0214844,
        "mean": 6124.703125,
        "median": 4780.37109375,
        "min": 3466.84570312,
        "stdev": 3419.94042969,
        "var": 11695993
    },
    "spectral_skewness": {
        "dmean": 0.173680797219,
        "dmean2": 0.300121843815,
        "dvar": 0.0313435792923,
        "dvar2": 0.093373939395,
        "max": 2.2701997757,
        "mean": 1.21745049953,
        "median": 1.18815767765,
        "min": 0.858568668365,
        "stdev": 0.201613873243,
        "var": 0.0406481511891
    },
    "spectral_spread": {
        "dmean": 412299.0625,
        "dmean2": 535691.75,
        "dvar": 3.93713994957e+12,
        "dvar2": 3.90048828621e+12,
        "max": 25819470,
        "mean": 3791091.5,
        "median": 2785880.5,
        "min": 1924263.75,
        "stdev": 2651194.75,
        "var": 7.02883351757e+12
    },
    "spectral_strongpeak": {
        "dmean": 0.884288311005,
        "dmean2": 1.19766831398,
        "dvar": 3.96558523178,
        "dvar2": 4.96371269226,
        "max": 23.1281852722,
        "mean": 2.00835990906,
        "median": 0.784593641758,
        "min": 0,
        "stdev": 3.53014874458,
        "var": 12.4619503021
    },
    "zerocrossingrate": {
        "dmean": 0.0121459960938,
        "dmean2": 0.0129159437492,
        "dvar": 0.000564020883758,
        "dvar2": 0.000491211889312,
        "max": 0.49267578125,
        "mean": 0.194621071219,
        "median": 0.15869140625,
        "min": 0.0263671875,
        "stdev": 0.080274194479,
        "var": 0.00644394615665
    },
    "barkbands": {
        "dmean": [1.09616371535e-09, 2.4553798994e-07, 6.44462261334e-07, 8.28080487736e-07, 1.00842316897e-06, 1.77823051217e-06, 5.2545096878e-06, 3.04624009004e-05, 2.80544936686e-05, 1.28406318254e-05, 4.92048957312e-06, 1.8836621166e-05, 3.32531926688e-05, 0.000152092703502, 3.88935113733e-05, 3.7346911995e-05, 0.000120735057862, 0.000149392755702, 0.000266901071882, 7.48708698666e-05, 0.000148541003, 0.000142728327774, 0.000241339323111, 0.000263827503659, 0.000284916168312, 0.000448934442829, 0.000449319370091],
        "dmean2": [1.83123871622e-09, 3.86122735563e-07, 9.59227804742e-07, 1.50269306687e-06, 1.33411867864e-06, 1.99108944798e-06, 6.566346201e-06, 3.88281150663e-05, 3.60229714715e-05, 1.93090654648e-05, 6.86412704454e-06, 3.25994151353e-05, 4.23939018219e-05, 0.000258661340922, 5.00723836012e-05, 4.98595909448e-05, 0.000159238959895, 0.000230351390201, 0.000339011050528, 0.000113949303341, 0.000199035581318, 0.000130492422613, 0.000367600150639, 0.000243061062065, 0.000289537536446, 0.00036397142685, 0.000587994290981],
        "dvar": [1.44268281122e-18, 4.37642868993e-13, 5.33131958719e-12, 1.95067503816e-11, 2.74865911282e-11, 1.32038380229e-10, 7.13756387327e-10, 1.09473168308e-08, 7.65912488987e-09, 3.84077392113e-09, 3.18525122944e-10, 3.5090583772e-09, 1.45600989043e-08, 1.73790382973e-07, 2.48410145787e-08, 1.72709118118e-08, 1.19643630114e-07, 1.481164702e-07, 5.27659778982e-07, 3.94104553436e-08, 1.49246915271e-07, 1.818601163e-07, 8.67520327574e-07, 6.8660767738e-07, 1.12097268357e-06, 3.67662914869e-06, 3.65304435945e-06],
        "dvar2": [3.34017247749e-18, 7.09550799192e-13, 1.10762735789e-11, 6.03670585742e-11, 5.72317887526e-11, 2.44470083066e-10, 1.0227235725e-09, 1.54384363071e-08, 1.21899725869e-08, 9.45903533278e-09, 6.08432526583e-10, 1.00678798631e-08, 1.68743223838e-08, 3.79445083354e-07, 4.7903636613e-08, 4.06217104398e-08, 2.52636027653e-07, 3.67249384681e-07, 9.06487400698e-07, 8.84799291612e-08, 2.71526488405e-07, 1.08780390917e-07, 1.99303394766e-06, 6.59703573547e-07, 1.42124315516e-06, 2.60420733866e-06, 6.80736502545e-06],
        "max": [9.30333143856e-09, 7.08528659743e-06, 2.60397318925e-05, 3.89502456528e-05, 6.26603432465e-05, 0.000125546415802, 0.000317538389936, 0.00128312828019, 0.000887042435352, 0.000644032785203, 0.000196230452275, 0.000477399036754, 0.00166075699963, 0.0033216336742, 0.00164828530978, 0.00130625546444, 0.00285921385512, 0.00428451271728, 0.0105925798416, 0.00240544509143, 0.00567328371108, 0.0077788606286, 0.0126105425879, 0.0136557519436, 0.016682388261, 0.0268665868789, 0.0245115514845],
        "mean": [3.91691212798e-09, 5.83113546782e-07, 1.08360325157e-06, 8.42741883389e-07, 1.18567868412e-06, 1.67121606864e-06, 7.59654176363e-06, 4.37785274698e-05, 4.71414532512e-05, 2.00572139875e-05, 7.13561439625e-06, 3.0140787203e-05, 6.96561255609e-05, 0.000244156573899, 5.60810985917e-05, 7.86571690696e-05, 0.000250300654443, 0.000335130054737, 0.000615556200501, 0.000187060431927, 0.000443918688688, 0.000529003911652, 0.000635731441434, 0.000723928387742, 0.000710548716597, 0.000784707139246, 0.000538848165888],
        "median": [3.77970454934e-09, 3.01150464566e-07, 6.47582226065e-07, 4.09189880202e-07, 2.37662291624e-07, 1.40024649653e-08, 1.09309063134e-07, 1.1537933915e-06, 2.77930053016e-06, 4.28841133271e-07, 4.84784436594e-07, 1.04683363134e-06, 1.89416016383e-06, 1.99248079298e-05, 3.71540568267e-06, 8.32687874208e-06, 6.13306765445e-05, 4.20415381086e-05, 3.29833383148e-05, 1.30476646518e-05, 2.22980015678e-05, 1.46838337969e-05, 6.75741648593e-06, 2.80253175333e-06, 3.32429124228e-07, 2.14658015807e-08, 2.98416469313e-09],
        "min": [4.22506647724e-13, 4.78498642618e-13, 1.64320326009e-13, 7.97220769217e-14, 1.15740804527e-13, 6.22772707427e-14, 1.5191945873e-14, 5.04677730677e-15, 5.0973087513e-14, 1.07189823966e-13, 3.47048134859e-14, 1.60174370783e-14, 2.99669795882e-15, 8.96753374682e-14, 1.64137787021e-13, 3.61678054043e-14, 7.65972775116e-14, 1.61037280516e-13, 6.63791883872e-13, 2.76702922727e-13, 3.10157092067e-13, 1.94583945853e-13, 3.69382638626e-13, 1.80432247919e-13, 1.01414558175e-12, 9.35202327905e-13, 4.94920890295e-13],
        "stdev": [1.11054554441e-09, 9.66147467807e-07, 2.60137971964e-06, 3.35904792337e-06, 5.97653388468e-06, 1.17436884466e-05, 3.50376685674e-05, 0.000162605167134, 0.00013868213864, 7.02670004102e-05, 2.29649176617e-05, 8.27307158033e-05, 0.000230309946346, 0.000575084297452, 0.000181106268428, 0.000181424649782, 0.000512118334882, 0.000735402340069, 0.00143520440906, 0.000404805439757, 0.000959552242421, 0.00133636523969, 0.00167708250228, 0.0021225574892, 0.00235587428324, 0.00353556592017, 0.00262660859153],
        "var": [1.23331130067e-18, 9.33440933056e-13, 6.76717622911e-12, 1.12832026708e-11, 3.57189590405e-11, 1.37914207832e-10, 1.22763821331e-09, 2.64404391714e-08, 1.92327345161e-08, 4.93745133667e-09, 5.27387467031e-10, 6.84437173604e-09, 5.30426689238e-08, 3.30721917408e-07, 3.2799480465e-08, 3.2914901027e-08, 2.62265189122e-07, 5.40816643024e-07, 2.05981177714e-06, 1.63867454717e-07, 9.20740546917e-07, 1.78587197297e-06, 2.8126057714e-06, 4.50525021733e-06, 5.55014321435e-06, 1.25002270579e-05, 6.89907255946e-06]
    },
    "erbbands": {
        "dmean": [2.11967471841e-06, 7.3109898949e-05, 0.000511157268193, 0.00212661456317, 0.00133745023049, 0.00342226680368, 0.0170666202903, 0.00934687722474, 0.0318587906659, 0.211957529187, 0.893819153309, 0.744849979877, 0.562627434731, 0.139728263021, 0.523207783699, 0.44308373332, 0.878629207611, 8.35917377472, 1.82853674889, 2.1729183197, 2.27175331116, 5.33488559723, 6.64187145233, 6.99625301361, 13.2807483673, 3.56643462181, 5.82763910294, 8.01114559174, 4.74493503571, 8.90283489227, 4.99732351303, 5.84098148346, 4.91726827621, 2.52734851837, 2.77766919136, 1.66380155087, 1.13006091118, 0.225653082132, 0.0607699938118, 0.00775472121313],
        "dmean2": [3.35669597007e-06, 0.000110543784103, 0.000778723217081, 0.00383098958991, 0.00230856053531, 0.00417338078842, 0.0255744792521, 0.0131001817062, 0.0476406030357, 0.265530258417, 1.16046321392, 1.03915011883, 0.779734671116, 0.209846958518, 0.917894899845, 0.744496464729, 1.07987928391, 13.9214906693, 3.10419845581, 2.98972678185, 3.28880047798, 6.79993438721, 10.2125854492, 9.5634431839, 17.2812728882, 4.79940795898, 9.31099700928, 11.7281684875, 7.13686704636, 11.2971906662, 7.22337913513, 7.18559598923, 6.18977117538, 2.99697518349, 3.1347951889, 1.74350404739, 1.07765305042, 0.224734082818, 0.071698024869, 0.0123871667311],
        "dvar": [2.45380122471e-11, 4.51041088922e-08, 3.95733150071e-06, 0.000102180965769, 6.43191306153e-05, 0.000289998512017, 0.0144012169912, 0.00436479179189, 0.0237939264625, 1.08975493908, 8.11161613464, 5.12169408798, 6.79993963242, 0.344319134951, 2.88453555107, 2.17569160461, 8.68678283691, 457.35949707, 27.1706943512, 70.1616897583, 72.9159622192, 248.902084351, 338.501403809, 294.427246094, 1299.30383301, 87.3732376099, 332.642822266, 400.411132812, 207.686355591, 1109.35021973, 333.312255859, 352.816253662, 270.178924561, 116.328521729, 124.126060486, 45.560874939, 26.3659152985, 1.02088499069, 0.063320055604, 0.00150461180601],
        "dvar2": [5.60614124567e-11, 6.10123578326e-08, 6.32181127003e-06, 0.000306429748889, 0.000174673405127, 0.000544220267329, 0.0354796759784, 0.00638266280293, 0.0483874380589, 1.772362113, 13.1820707321, 8.07995605469, 16.9798126221, 0.810319721699, 8.20583724976, 5.4286775589, 8.08431053162, 958.527954102, 64.4742202759, 120.005462646, 155.147232056, 471.889129639, 643.69140625, 504.956085205, 2142.82250977, 195.879089355, 790.631408691, 683.258605957, 388.193359375, 2031.16137695, 716.025085449, 501.703521729, 435.601959229, 142.153533936, 185.545150757, 67.1775512695, 28.9151821136, 0.648941516876, 0.109055757523, 0.00367131805979],
        "max": [4.81227471028e-05, 0.00239614001475, 0.022388054058, 0.0940348207951, 0.0841148421168, 0.20248284936, 1.20478355885, 0.649364709854, 1.83861243725, 12.3907365799, 36.2964935303, 22.5336685181, 26.7171344757, 6.92415571213, 12.0190620422, 16.8125782013, 41.0050163269, 195.158203125, 43.4667129517, 87.1051025391, 88.5061721802, 130.596405029, 208.750137329, 269.023620605, 499.467651367, 107.230140686, 225.929748535, 258.976531982, 228.531036377, 519.312805176, 262.307495117, 279.587524414, 245.687911987, 142.786300659, 161.184143066, 99.4726791382, 68.6186904907, 12.7980499268, 3.30988311768, 0.442428022623],
        "mean": [8.26453288028e-06, 0.00016907331883, 0.000872326025274, 0.00283176405355, 0.00182663311716, 0.00438624201342, 0.0139071717858, 0.0112872077152, 0.0438387803733, 0.328751385212, 1.24716103077, 1.19225096703, 0.847218036652, 0.242946177721, 0.768506109715, 0.893473565578, 2.29097938538, 14.2610397339, 3.49266672134, 3.98529195786, 5.30114746094, 11.6941843033, 17.0355796814, 24.4861507416, 27.7729568481, 9.01963233948, 14.1603507996, 21.6935348511, 15.4866456985, 25.6752510071, 13.8020238876, 13.3657970428, 12.7624397278, 7.44220733643, 5.7674946785, 2.93739938736, 1.69491422176, 0.392949223518, 0.0725527629256, 0.00795313809067],
        "median": [5.31853447683e-06, 8.34309103084e-05, 0.000432228931459, 0.00163804856129, 0.0005584936589, 0.00113378313836, 0.000195122294826, 0.000146901715198, 0.00127384462394, 0.00472938967869, 0.0498395711184, 0.0553247481585, 0.0235568210483, 0.0143491560593, 0.0280731916428, 0.0427089817822, 0.120760530233, 1.14988434315, 0.284549802542, 0.307925820351, 0.584207594395, 2.43405866623, 3.74447321892, 1.19976806641, 1.56510365009, 0.619492292404, 0.904900670052, 0.846187055111, 0.558319926262, 0.25485393405, 0.145068570971, 0.087662011385, 0.0308340899646, 0.00643146364018, 0.00214613298886, 0.000230361765716, 4.07522129535e-05, 3.69176291315e-06, 7.5798141097e-07, 4.7049030627e-07],
        "min": [1.99725080224e-11, 8.67369856494e-11, 1.9045828803e-10, 2.49301634891e-10, 2.79420014904e-10, 4.08098999038e-10, 5.59239765607e-10, 4.64653704402e-10, 2.75776790293e-10, 1.25623886293e-10, 2.58486038129e-10, 1.10791098518e-09, 2.58387644614e-09, 3.1076181628e-09, 1.0241507642e-09, 5.53061152431e-10, 2.27097465832e-10, 2.43483677664e-09, 9.9098960149e-09, 4.18316092876e-09, 2.05196726277e-09, 4.75374672959e-09, 1.0742670753e-08, 1.69989871068e-08, 3.63240957313e-08, 1.24639001342e-08, 1.51881529575e-08, 7.56444062944e-09, 3.80086673246e-09, 9.07420449892e-09, 1.26923325183e-08, 6.15527628867e-09, 2.88532842063e-09, 7.95833887679e-09, 9.39841182657e-09, 2.4091832973e-09, 2.39689645909e-09, 4.02552574608e-10, 8.19952231113e-11, 7.5395410401e-12],
        "stdev": [9.32696002565e-06, 0.000306901754811, 0.0024358490482, 0.00811314024031, 0.00813166052103, 0.0200370363891, 0.105817988515, 0.0744450464845, 0.197357922792, 1.39985406399, 4.29985046387, 3.56540703773, 2.9577665329, 0.749851703644, 2.19700169563, 2.44312143326, 6.62487459183, 33.8872947693, 8.10375499725, 10.8056716919, 12.220240593, 24.0846996307, 34.0335235596, 52.3636054993, 66.4748306274, 19.3909835815, 32.2059669495, 47.8407020569, 37.484462738, 72.0224609375, 35.0643386841, 37.4555168152, 37.9019203186, 23.8510112762, 20.8126506805, 11.8835840225, 8.2947435379, 1.81442642212, 0.352099835873, 0.0430701300502],
        "var": [8.69921842894e-11, 9.41886852956e-08, 5.93336017118e-06, 6.58230492263e-05, 6.61239100737e-05, 0.000401482859161, 0.0111974459141, 0.00554206548259, 0.0389501489699, 1.9595913887, 18.4887123108, 12.7121276855, 8.74838256836, 0.56227761507, 4.826816082, 5.96884250641, 43.888961792, 1148.34863281, 65.6708450317, 116.762550354, 149.334289551, 580.072753906, 1158.28063965, 2741.94702148, 4418.90283203, 376.010223389, 1037.22424316, 2288.73291016, 1405.08496094, 5187.23535156, 1229.50793457, 1402.91577148, 1436.55566406, 568.870727539, 433.166412354, 141.219558716, 68.802772522, 3.29214310646, 0.12397429347, 0.00185503601097]
    },
    "gfcc": {
        "mean": [-210.520782471, -45.5132827759, -187.488174438, 54.1736373901, -51.6573638916, 17.210100174, -23.9774093628, 15.921751976, -8.77903366089, -6.65748500824, -22.4244041443, -21.5338420868, -30.0381031036],
        "cov": [[23243.40625, -7704.44580078, 1423.92602539, -3505.08300781, -1324.22265625, -60.2866363525, -295.169036865, 875.514343262, 92.143989563, 1391.90808105, 43.8736076355, 573.428161621, -421.90536499], [-7704.44580078, 3808.38110352, -1063.36877441, 1685.53894043, 496.046081543, 57.8535575867, 86.7336425781, -443.682067871, -11.5499420166, -687.219299316, -64.203163147, -350.23059082, 95.2364730835], [1423.92602539, -1063.36877441, 572.632446289, -598.390197754, -81.929649353, -86.2378845215, -20.0406551361, 88.8257598877, -11.3347387314, 183.787384033, 28.9799957275, 130.96925354, 30.368013382], [-3505.08300781, 1685.53894043, -598.390197754, 927.859741211, 208.24760437, 94.3415298462, 34.9980583191, -145.911514282, -8.20595550537, -302.806243896, -53.7357673645, -177.450424194, 11.5730886459], [-1324.22265625, 496.046081543, -81.929649353, 208.24760437, 143.207824707, -12.0476779938, 33.3673706055, -85.0412597656, -3.49315071106, -97.5794143677, 6.33629465103, -30.0336456299, 32.9038391113], [-60.2866363525, 57.8535575867, -86.2378845215, 94.3415298462, -12.0476779938, 81.6198654175, -3.35088920593, 30.7149620056, -11.9880037308, 10.1420106888, -17.9177684784, -11.7172288895, -13.5824365616], [-295.169036865, 86.7336425781, -20.0406551361, 34.9980583191, 33.3673706055, -3.35088920593, 40.8395652771, -8.97360229492, 6.45503425598, -20.0634307861, 13.3653249741, 6.01115560532, 13.4954738617], [875.514343262, -443.682067871, 88.8257598877, -145.911514282, -85.0412597656, 30.7149620056, -8.97360229492, 115.875976562, 8.01556015015, 99.9170532227, -9.03444290161, 36.4390678406, -30.1284427643], [92.143989563, -11.5499420166, -11.3347387314, -8.20595550537, -3.49315071106, -11.9880037308, 6.45503425598, 8.01556015015, 25.5450325012, 8.87236499786, 5.51845598221, -2.70105600357, -5.82831954956], [1391.90808105, -687.219299316, 183.787384033, -302.806243896, -97.5794143677, 10.1420106888, -20.0634307861, 99.9170532227, 8.87236499786, 165.670333862, 15.789068222, 63.9796218872, -26.3406734467], [43.8736076355, -64.203163147, 28.9799957275, -53.7357673645, 6.33629465103, -17.9177684784, 13.3653249741, -9.03444290161, 5.51845598221, 15.789068222, 31.0324821472, 15.4186792374, 8.89935779572], [573.428161621, -350.23059082, 130.96925354, -177.450424194, -30.0336456299, -11.7172288895, 6.01115560532, 36.4390678406, -2.70105600357, 63.9796218872, 15.4186792374, 62.7824478149, 12.0860977173], [-421.90536499, 95.2364730835, 30.368013382, 11.5730886459, 32.9038391113, -13.5824365616, 13.4954738617, -30.1284427643, -5.82831954956, -26.3406734467, 8.89935779572, 12.0860977173, 45.3008346558]],
        "icov": [[0.000302308792016, 0.000461612158688, 0.00107691728044, 0.0010711401701, 0.000373615999706, -5.85984307691e-05, 0.000111913963337, 0.000585835601669, -0.000414054229623, 9.15287309908e-05, 0.00128932402004, -0.000151269006892, 0.000703863624949], [0.000461612158688, 0.00372183485888, 0.00182739272714, -0.00170274951961, -0.000299217703287, -7.9891680798e-05, 0.000159702045494, 0.00380524923094, -0.0023874884937, 0.00281034596264, 0.00160172721371, 0.00242439005524, -0.0012732463656], [0.00107691728044, 0.00182739272714, 0.0147564448416, 0.0095939906314, -0.00610334752128, 0.0081871021539, 0.00337244872935, -0.0059463637881, 0.00816377159208, -0.00349503057078, 0.00965108163655, 0.00141114660073, -0.00748110935092], [0.0010711401701, -0.00170274951961, 0.0095939906314, 0.0182590764016, -0.00677463784814, -0.00495476648211, 0.00362174282782, -0.00889444258064, 0.00126434711274, 0.00607106368989, 0.00602567056194, 0.00535357464105, -1.90557111637e-05], [0.000373615999706, -0.000299217703287, -0.00610334752128, -0.00677463784814, 0.0264411494136, -0.000973468238954, -0.0142336711287, 0.0171007886529, -0.00367743615061, -0.00349250598811, 0.00181293906644, -0.00553521374241, 0.00466408254579], [-5.85984307691e-05, -7.9891680798e-05, 0.0081871021539, -0.00495476648211, -0.000973468238954, 0.0385567545891, -0.00692420452833, -0.00985136348754, 0.0279613565654, -0.0215052291751, 0.0130004193634, 0.00383419310674, -0.00930587854236], [0.000111913963337, 0.000159702045494, 0.00337244872935, 0.00362174282782, -0.0142336711287, -0.00692420452833, 0.0543248355389, -0.0169687122107, -0.0148238549009, 0.0195137821138, -0.0254759863019, -0.0139744617045, -0.00351389800198], [0.000585835601669, 0.00380524923094, -0.0059463637881, -0.00889444258064, 0.0171007886529, -0.00985136348754, -0.0169687122107, 0.0472175143659, -0.0165263395756, -0.0130380839109, 0.0202578939497, -0.0114217158407, 0.0141586139798], [-0.000414054229623, -0.0023874884937, 0.00816377159208, 0.00126434711274, -0.00367743615061, 0.0279613565654, -0.0148238549009, -0.0165263395756, 0.0723646581173, -0.0203038081527, -0.000112313275167, 0.0166708212346, -0.00707438867539], [9.15287309908e-05, 0.00281034596264, -0.00349503057078, 0.00607106368989, -0.00349250598811, -0.0215052291751, 0.0195137821138, -0.0130380839109, -0.0203038081527, 0.0497125834227, -0.0251753497869, -0.00811312813312, 0.0107443965971], [0.00128932402004, 0.00160172721371, 0.00965108163655, 0.00602567056194, 0.00181293906644, 0.0130004193634, -0.0254759863019, 0.0202578939497, -0.000112313275167, -0.0251753497869, 0.0751174241304, -0.00398110738024, -0.00407248595729], [-0.000151269006892, 0.00242439005524, 0.00141114660073, 0.00535357464105, -0.00553521374241, 0.00383419310674, -0.0139744617045, -0.0114217158407, 0.0166708212346, -0.00811312813312, -0.00398110738024, 0.0640154108405, -0.0259520895779], [0.000703863624949, -0.0012732463656, -0.00748110935092, -1.90557111637e-05, 0.00466408254579, -0.00930587854236, -0.00351389800198, 0.0141586139798, -0.00707438867539, 0.0107443965971, -0.00407248595729, -0.0259520895779, 0.053673427552]]
    },
    "melbands": {
        "dmean": [4.18188506046e-08, 2.21416669888e-07, 3.26712864762e-07, 1.39492087214e-07, 4.8383100193e-07, 2.29981409916e-07, 6.9846447559e-07, 2.62752973867e-06, 7.73426017986e-06, 4.00786711907e-06, 2.70823557003e-06, 5.60742762445e-07, 1.26108341192e-06, 2.50885136666e-06, 8.07981052731e-07, 3.87201134799e-06, 1.71836054506e-05, 3.53234281647e-06, 3.63392427971e-06, 1.59073624673e-06, 3.42727935276e-06, 4.66837036583e-06, 1.08271087811e-05, 6.71695215715e-06, 5.25187306266e-06, 1.79045509867e-05, 1.22755318444e-06, 2.70887903753e-06, 4.19985690314e-06, 2.91987021228e-06, 6.07552374277e-06, 3.4756558307e-06, 3.58017132385e-06, 6.22139032203e-06, 3.01490990751e-06, 3.11208191306e-06, 3.99478813051e-06, 4.03081639888e-06, 4.12757481172e-06, 1.7011991531e-06],
        "dmean2": [6.93481254643e-08, 3.26318769339e-07, 5.98821713993e-07, 1.97190132667e-07, 7.10114420599e-07, 2.85906622821e-07, 9.52158757173e-07, 3.59545811079e-06, 9.92677632894e-06, 5.7377083067e-06, 3.80540700462e-06, 8.308106203e-07, 2.04336424758e-06, 4.40182157035e-06, 1.119073886e-06, 5.406094715e-06, 2.87624352495e-05, 5.97620964982e-06, 4.64463801109e-06, 2.03960394174e-06, 5.06844207848e-06, 6.33013496554e-06, 1.60872496053e-05, 1.02230196717e-05, 7.11345455784e-06, 2.35241168411e-05, 1.96380415218e-06, 3.84807435694e-06, 6.71340467306e-06, 4.72546207675e-06, 7.9613419075e-06, 5.40016662853e-06, 4.67949166705e-06, 9.37313052418e-06, 5.02645616507e-06, 3.98007341573e-06, 4.92508797834e-06, 5.28552527612e-06, 5.98850556344e-06, 2.08699179893e-06],
        "dvar": [1.14245516937e-14, 6.54124866252e-13, 2.86770130212e-12, 4.5275306941e-13, 1.07585442291e-11, 2.31775904892e-12, 1.2618869491e-11, 1.51052892416e-10, 5.7120685959e-10, 1.61325161563e-10, 1.66725966366e-10, 6.05346241883e-12, 1.71709816504e-11, 5.87541404418e-11, 6.83504945351e-12, 2.35717945163e-10, 1.78062675715e-09, 9.09883904332e-11, 2.44316483711e-10, 2.23931741206e-11, 1.58743587719e-10, 1.99126118372e-10, 8.49412040704e-10, 3.14271220159e-10, 1.51198498166e-10, 2.5282049787e-09, 1.0913408198e-11, 4.82775208699e-11, 1.62566016204e-10, 5.66344748876e-11, 2.12663622823e-10, 1.01525302054e-10, 1.30162811085e-10, 6.11900863312e-10, 1.416980977e-10, 1.00127149627e-10, 1.60458424325e-10, 1.70344724437e-10, 2.17740714348e-10, 6.92080281972e-11],
        "dvar2": [2.15200578711e-14, 1.06762829914e-12, 8.60938143693e-12, 7.78580325211e-13, 2.58730085967e-11, 3.41688114434e-12, 2.52756964664e-11, 2.49885223624e-10, 8.08750399983e-10, 2.63609217788e-10, 4.20463025508e-10, 1.39079312303e-11, 4.35926329756e-11, 1.82146145389e-10, 1.29474556076e-11, 2.94141239143e-10, 3.73554787103e-09, 2.53180809651e-10, 4.87146212258e-10, 3.90034012032e-11, 3.55939944185e-10, 3.14680087543e-10, 2.04626537936e-09, 7.81295972363e-10, 3.08512604352e-10, 4.15143830423e-09, 2.29919781131e-11, 1.12758261062e-10, 3.93100718643e-10, 1.33670935432e-10, 3.75847741818e-10, 2.74378908482e-10, 2.21258691924e-10, 1.38914901804e-09, 3.85933701663e-10, 1.59306706715e-10, 2.29178800937e-10, 3.38895467245e-10, 4.71935879265e-10, 7.30433213914e-11],
        "max": [1.03241211491e-06, 9.59942190093e-06, 1.59486644407e-05, 7.71683517087e-06, 3.40415572282e-05, 1.61414536706e-05, 4.20490796387e-05, 0.000148533697939, 0.000308112677885, 0.000118224241305, 0.000131385706482, 2.8439633752e-05, 3.45328226103e-05, 5.84115878155e-05, 3.71764617739e-05, 0.000173670559889, 0.000396231509512, 7.52905762056e-05, 0.00016340467846, 5.01128415635e-05, 0.000124820609926, 0.000128678104375, 0.000238852662733, 0.000204775191378, 0.000185167460586, 0.000682135287207, 2.69690299319e-05, 7.31226755306e-05, 0.000162211159477, 9.56649164436e-05, 0.000195621163584, 0.000124144091387, 0.000157837916049, 0.000343117135344, 0.000146742822835, 0.000130025859107, 0.000185512457392, 0.000167246354977, 0.000168979415321, 9.54402275966e-05],
        "mean": [1.25197530565e-07, 4.18718173023e-07, 4.25964714168e-07, 2.03930738962e-07, 4.19251705353e-07, 2.54865682336e-07, 9.19730553051e-07, 4.22421908297e-06, 1.14196118375e-05, 6.59172974338e-06, 3.98658494305e-06, 8.93315529993e-07, 1.85115641216e-06, 3.54307280759e-06, 1.2710855799e-06, 9.67104915617e-06, 2.94456804113e-05, 5.13717122885e-06, 5.01920703755e-06, 3.79519724447e-06, 7.06386936145e-06, 9.78706248134e-06, 1.83969350473e-05, 1.61237421707e-05, 1.78762547876e-05, 3.45691441908e-05, 3.35339132107e-06, 6.47894466965e-06, 9.11315328267e-06, 8.33153990243e-06, 1.44821069625e-05, 8.18279841042e-06, 1.05128310679e-05, 1.5724081095e-05, 7.39626648283e-06, 8.00057568995e-06, 8.2591041064e-06, 9.11278220883e-06, 8.19651995698e-06, 5.33867341801e-06],
        "median": [7.32347658072e-08, 2.21366377673e-07, 2.23509232455e-07, 6.4756385143e-08, 1.24119710065e-08, 2.63341948248e-09, 2.04405790072e-08, 5.82943329164e-08, 4.87753368361e-07, 3.23618223774e-07, 1.01247806583e-07, 6.06943828529e-08, 9.99023654913e-08, 1.09923682601e-07, 7.16789827493e-08, 4.0121082634e-07, 2.46114746005e-06, 4.27379973189e-07, 2.9863912232e-07, 4.30463956036e-07, 7.00428586242e-07, 1.39696271617e-06, 5.55074348085e-06, 1.85649685136e-06, 9.10315918645e-07, 1.79388860033e-06, 2.95980015608e-07, 4.25586136998e-07, 5.67881954794e-07, 6.00381156346e-07, 4.38828237748e-07, 3.06356184865e-07, 2.32097420394e-07, 1.3425552936e-07, 9.54415853016e-08, 6.19958484549e-08, 5.30723873737e-08, 1.83856805336e-08, 1.57453534655e-08, 2.11460871036e-09],
        "min": [1.75953137694e-13, 1.03082561204e-13, 4.36282852564e-14, 2.40397759072e-14, 1.98916183953e-14, 1.05608296563e-14, 3.93856683243e-15, 1.08049195642e-15, 2.73929544582e-15, 7.50609765857e-15, 1.33426679671e-14, 1.33944386209e-14, 3.92774344543e-15, 2.19756853638e-15, 4.63584520164e-16, 4.2203768645e-16, 5.00707009627e-15, 1.63065226469e-14, 1.06233567814e-14, 2.69387309226e-15, 2.09860650078e-15, 3.01987532135e-15, 1.10466725082e-14, 6.9274199956e-15, 1.32114371526e-14, 3.00413583983e-14, 1.91376099944e-14, 5.60102315141e-15, 8.03814531077e-15, 9.42387681291e-15, 3.04826532465e-15, 1.81487227454e-15, 4.26011282118e-15, 4.7133021295e-15, 8.00524570406e-15, 6.45160686078e-15, 2.2603847115e-15, 1.04477797687e-15, 5.03449363497e-15, 6.40737141214e-15],
        "stdev": [1.69667998762e-07, 1.00663430658e-06, 1.38706172947e-06, 8.29702514693e-07, 3.01827867588e-06, 1.71322244569e-06, 4.33227523899e-06, 1.76028024725e-05, 3.77014221158e-05, 1.9712773792e-05, 1.42417893585e-05, 2.95380527859e-06, 5.3099129218e-06, 9.88200281427e-06, 4.21473623646e-06, 2.94931378448e-05, 6.85645354679e-05, 1.24709386e-05, 1.73246480699e-05, 8.17089949123e-06, 1.68842052517e-05, 2.14148203668e-05, 3.7652804167e-05, 3.54508083547e-05, 3.80965066142e-05, 8.75058540259e-05, 6.54293717162e-06, 1.40474476211e-05, 2.15216350625e-05, 1.66699592228e-05, 3.34365286108e-05, 1.99829191843e-05, 2.81120264845e-05, 4.47898019047e-05, 1.8872835426e-05, 1.99562127818e-05, 2.47248026426e-05, 2.75959610008e-05, 2.55404866039e-05, 1.76403900696e-05],
