{
"lowlevel": {
    "average_loudness": 0.861857056618,
    "barkbands_crest": {
        "dmean": 2.83973097801,
        "dmean2": 4.9557261467,
        "dvar": 6.62561750412,
        "dvar2": 18.6795539856,
        "max": 22.7767620087,
        "mean": 7.39593362808,
        "median": 6.54899168015,
        "min": 2.30030083656,
        "stdev": 4.03447771072,
        "var": 16.2770118713
    },
    "barkbands_flatness_db": {
        "dmean": 0.0249283835292,
        "dmean2": 0.0418894030154,
        "dvar": 0.000566738075577,
        "dvar2": 0.00140273943543,
        "max": 0.22775387764,
        "mean": 0.0840447321534,
        "median": 0.0764941498637,
        "min": 0.0156952943653,
        "stdev": 0.0464846566319,
        "var": 0.00216082343832
    },
    "barkbands_kurtosis": {
        "dmean": 2.81108474731,
        "dmean2": 4.99729299545,
        "dvar": 14.4719104767,
        "dvar2": 38.3369064331,
        "max": 34.8092727661,
        "mean": 2.28645062447,
        "median": 0.287416934967,
        "min": -1.84597444534,
        "stdev": 4.99309206009,
        "var": 24.9309692383
    },
    "barkbands_skewness": {
        "dmean": 0.731516480446,
        "dmean2": 1.24627256393,
        "dvar": 0.486534565687,
        "dvar2": 1.36071491241,
        "max": 5.72670555115,
        "mean": 1.12116265297,
        "median": 0.854980051517,
        "min": -1.45341789722,
        "stdev": 1.16321873665,
        "var": 1.35307776928
    },
    "barkbands_spread": {
        "dmean": 11.3040752411,
        "dmean2": 19.0300369263,
        "dvar": 249.414031982,
        "dvar2": 522.723815918,
        "max": 132.780380249,
        "mean": 37.1034584045,
        "median": 26.5024356842,
        "min": 3.72672963142,
        "stdev": 31.753036499,
        "var": 1008.25531006
    },
    "dissonance": {
        "dmean": 0.0178721155971,
        "dmean2": 0.0311345569789,
        "dvar": 0.000557712162845,
        "dvar2": 0.00132204545662,
        "max": 0.5,
        "mean": 0.480358749628,
        "median": 0.487034350634,
        "min": 0.286783099174,
        "stdev": 0.023536099121,
        "var": 0.000553947931621
    },
    "dynamic_complexity": 18.5078125,
    "erbbands_crest": {
        "dmean": 2.20968580246,
        "dmean2": 3.8002243042,
        "dvar": 6.85006761551,
        "dvar2": 18.1164188385,
        "max": 17.4181499481,
        "mean": 5.79004621506,
        "median": 4.94609880447,
        "min": 2.33007526398,
        "stdev": 2.89592814445,
        "var": 8.38640022278
    },
    "erbbands_flatness_db": {
        "dmean": 0.0228780787438,
        "dmean2": 0.0365135036409,
        "dvar": 0.000388468994061,
        "dvar2": 0.000907118723262,
        "max": 0.287631422281,
        "mean": 0.122707404196,
        "median": 0.109441421926,
        "min": 0.0536776706576,
        "stdev": 0.0454309135675,
        "var": 0.0020639677532
    },
    "erbbands_kurtosis": {
        "dmean": 0.85652834177,
        "dmean2": 1.49768447876,
        "dvar": 1.03468501568,
        "dvar2": 2.98444604874,
        "max": 5.75644207001,
        "mean": 0.0649431794882,
        "median": -0.102201461792,
        "min": -1.45439612865,
        "stdev": 1.00248908997,
        "var": 1.00498425961
    },
    "erbbands_skewness": {
        "dmean": 0.430033922195,
        "dmean2": 0.742973089218,
        "dvar": 0.257261067629,
        "dvar2": 0.699126303196,
        "max": 2.51813030243,
        "mean": 0.291395276785,
        "median": 0.301952183247,
        "min": -1.29176950455,
        "stdev": 0.679018080235,
        "var": 0.461065530777
    },
    "erbbands_spread": {
        "dmean": 10.9780569077,
        "dmean2": 18.4645862579,
        "dvar": 121.937339783,
        "dvar2": 315.383972168,
        "max": 92.0402679443,
        "mean": 40.0153083801,
        "median": 36.5414543152,
        "min": 10.6872625351,
        "stdev": 15.4796104431,
        "var": 239.618331909
    },
    "hfc": {
        "dmean": 21.2783737183,
        "dmean2": 39.4379272461,
        "dvar": 2061.24926758,
        "dvar2": 6067.26757812,
        "max": 227.83821106,
        "mean": 16.1002922058,
        "median": 0.102702237666,
        "min": 3.7528508301e-08,
        "stdev": 40.9710617065,
        "var": 1678.62780762
    },
    "loudness_ebu128": {
        "integrated": -18.9652576447,
        "loudness_range": 4.81233596802,
        "momentary": {
            "dmean": 5.01339530945,
            "dmean2": 6.31992006302,
            "dvar": 71.8211364746,
            "dvar2": 133.069168091,
            "max": -14.9171867371,
            "mean": -31.0560741425,
            "median": -23.7407150269,
            "min": -78.2139663696,
            "stdev": 18.5238342285,
            "var": 343.132446289
        },
        "short_term": {
            "dmean": 0.237232282758,
            "dmean2": 0.226258426905,
            "dvar": 0.0873557403684,
            "dvar2": 0.0883439555764,
            "max": -18.7726802826,
            "mean": -21.2152576447,
            "median": -20.9757575989,
            "min": -24.4184341431,
            "stdev": 1.87822210789,
            "var": 3.52771806717
        }
    },
    "melbands_crest": {
        "dmean": 3.67328715324,
        "dmean2": 6.50521945953,
        "dvar": 10.9601840973,
        "dvar2": 29.5954151154,
        "max": 37.8258209229,
        "mean": 10.6492900848,
        "median": 9.91659545898,
        "min": 2.90242147446,
        "stdev": 5.09296798706,
        "var": 25.9383220673
    },
    "melbands_flatness_db": {
        "dmean": 0.0351127274334,
        "dmean2": 0.0593400858343,
        "dvar": 0.00128460256383,
        "dvar2": 0.00338879763149,
        "max": 0.32309371233,
        "mean": 0.128154322505,
        "median": 0.104818373919,
        "min": 0.0200036503375,
        "stdev": 0.074631460011,
        "var": 0.00556985521689
    },
    "melbands_kurtosis": {
        "dmean": 7.22386837006,
        "dmean2": 12.444065094,
        "dvar": 119.518440247,
        "dvar2": 310.308044434,
        "max": 142.2631073,
        "mean": 9.75273513794,
        "median": 4.18151903152,
        "min": -1.40978085995,
        "stdev": 17.3872203827,
        "var": 302.315429688
    },
    "melbands_skewness": {
        "dmean": 0.830829560757,
        "dmean2": 1.38214921951,
        "dvar": 0.709501028061,
        "dvar2": 1.80793964863,
        "max": 9.70093727112,
        "mean": 2.16681408882,
        "median": 1.92861568928,
        "min": -0.434584289789,
        "stdev": 1.55867087841,
        "var": 2.42945504189
    },
    "melbands_spread": {
        "dmean": 17.1085014343,
        "dmean2": 29.494096756,
        "dvar": 548.457641602,
        "dvar2": 1219.85107422,
        "max": 190.250198364,
        "mean": 44.5779304504,
        "median": 30.266872406,
        "min": 2.78670406342,
        "stdev": 46.9410934448,
        "var": 2203.46630859
    },
    "pitch_salience": {
        "dmean": 0.0807831659913,
        "dmean2": 0.142653003335,
        "dvar": 0.00639447849244,
        "dvar2": 0.0183650515974,
        "max": 0.948249399662,
        "mean": 0.727192282677,
        "median": 0.752377688885,
        "min": 0.159706816077,
        "stdev": 0.112293422222,
        "var": 0.0126098133624
    },
    "silence_rate_20dB": {
        "dmean": 0,
        "dmean2": 0,
        "dvar": 0,
        "dvar2": 0,
        "max": 1,
        "mean": 1,
        "median": 1,
        "min": 1,
        "stdev": 0,
        "var": 0
    },
    "silence_rate_30dB": {
        "dmean": 0.00598802417517,
        "dmean2": 0.0120120123029,
        "dvar": 0.005952172447,
        "dvar2": 0.0178737640381,
        "max": 1,
        "mean": 0.997014939785,
        "median": 1,
        "min": 0,
        "stdev": 0.0545541793108,
        "var": 0.00297615863383
    },
    "silence_rate_60dB": {
        "dmean": 0.20958083868,
        "dmean2": 0.420420408249,
        "dvar": 0.165655821562,
        "dvar2": 0.297719836235,
        "max": 1,
        "mean": 0.695522367954,
        "median": 1,
        "min": 0,
        "stdev": 0.460185140371,
        "var": 0.211770355701
    },
    "spectral_centroid": {
        "dmean": 480.736846924,
        "dmean2": 808.083435059,
        "dvar": 444935.34375,
        "dvar2": 947133.1875,
        "max": 10809.8105469,
        "mean": 1841.12255859,
        "median": 1790.35876465,
        "min": 324.450775146,
        "stdev": 1093.25085449,
        "var": 1195197.375
    },
    "spectral_complexity": {
        "dmean": 6.44311380386,
        "dmean2": 10.0240240097,
        "dvar": 104.055458069,
        "dvar2": 230.786575317,
        "max": 60,
        "mean": 8.7104473114,
        "median": 0,
        "min": 0,
        "stdev": 13.8937101364,
        "var": 193.035186768
    },
    "spectral_decrease": {
        "dmean": 2.34315167269e-09,
        "dmean2": 4.35534630583e-09,
        "dvar": 3.45796899377e-17,
        "dvar2": 1.00012938791e-16,
        "max": -3.06604988897e-19,
        "mean": -1.80725234777e-09,
        "median": -3.28279278761e-11,
        "min": -4.14650997982e-08,
        "stdev": 5.30164889767e-09,
        "var": 2.81074814093e-17
    },
    "spectral_energy": {
        "dmean": 0.010637874715,
        "dmean2": 0.0198726654053,
        "dvar": 0.000647208304144,
        "dvar2": 0.00186382932588,
        "max": 0.173343867064,
        "mean": 0.00828133802861,
        "median": 0.000134101239382,
        "min": 4.56114616562e-12,
        "stdev": 0.0231984145939,
        "var": 0.000538166437764
    },
    "spectral_energyband_high": {
        "dmean": 0.00165034644306,
        "dmean2": 0.0030507594347,
        "dvar": 1.2450516806e-05,
        "dvar2": 3.60144185834e-05,
        "max": 0.0161796156317,
        "mean": 0.00122185237706,
        "median": 3.94535618398e-06,
        "min": 2.78856668659e-12,
        "stdev": 0.00312156742439,
        "var": 9.74418344413e-06
    },
    "spectral_energyband_low": {
        "dmean": 0.00298409722745,
        "dmean2": 0.00564977852628,
        "dvar": 0.000121295728604,
        "dvar2": 0.000357598328264,
        "max": 0.0782317295671,
        "mean": 0.00186139182188,
        "median": 6.55958547213e-06,
        "min": 6.92218418002e-13,
        "stdev": 0.00879963021725,
        "var": 7.74334839662e-05
    },
    "spectral_energyband_middle_high": {
        "dmean": 0.00266347755678,
        "dmean2": 0.00481733679771,
        "dvar": 3.46582091879e-05,
        "dvar2": 0.000106124170998,
        "max": 0.038804885,
        "mean": 0.00230256980285,
        "median": 2.42934675043e-05,
        "min": 4.70595513512e-13,
        "stdev": 0.00572600821033,
        "var": 3.27871712216e-05
    },
    "spectral_energyband_middle_low": {
        "dmean": 0.00460996339098,
        "dmean2": 0.0086906068027,
        "dvar": 0.000128558007418,
        "dvar2": 0.000374902854674,
        "max": 0.0722461491823,
        "mean": 0.00330836768262,
        "median": 9.24783671508e-05,
        "min": 2.08538061494e-13,
        "stdev": 0.00975505914539,
        "var": 9.51611727942e-05
    },
    "spectral_entropy": {
        "dmean": 0.198351785541,
        "dmean2": 0.331255346537,
        "dvar": 0.0542059913278,
        "dvar2": 0.132830843329,
        "max": 9.7732257843,
        "mean": 8.06016349792,
        "median": 8.1499786377,
        "min": 6.70895528793,
        "stdev": 0.455778539181,
        "var": 0.207734063268
    },
    "spectral_flux": {
        "dmean": 0.030620938167,
        "dmean2": 0.0510050356388,
        "dvar": 0.00314442906529,
        "dvar2": 0.00667129456997,
        "max": 0.373915582895,
        "mean": 0.0516478084028,
        "median": 0.0150097571313,
        "min": 2.11436126847e-05,
        "stdev": 0.0763502269983,
        "var": 0.00582935661077
    },
    "spectral_kurtosis": {
        "dmean": 1.3275680542,
        "dmean2": 2.2637462616,
        "dvar": 3.15291213989,
        "dvar2": 8.46274375916,
        "max": 24.3760700226,
        "mean": 4.37060880661,
        "median": 3.42355251312,
        "min": -1.15233516693,
        "stdev": 3.33106327057,
        "var": 11.0959825516
    },
    "spectral_rms": {
        "dmean": 0.00122411816847,
        "dmean2": 0.00205340981483,
        "dvar": 4.4591911319e-06,
        "dvar2": 1.17729259728e-05,
        "max": 0.0130044594407,
        "mean": 0.00150171376299,
        "median": 0.00036170493695,
        "min": 6.67075568117e-08,
        "stdev": 0.00241334084421,
        "var": 5.82421353101e-06
    },
    "spectral_rolloff": {
        "dmean": 1617.24609375,
        "dmean2": 2831.52050781,
        "dvar": 6284482.5,
        "dvar2": 13702033,
        "max": 18281.6894531,
        "mean": 4067.46044922,
        "median": 2196.38671875,
        "min": 43.06640625,
        "stdev": 4965.05322266,
        "var": 24651752
    },
    "spectral_skewness": {
        "dmean": 0.230937927961,
        "dmean2": 0.390957027674,
        "dvar": 0.0670831725001,
        "dvar2": 0.179698228836,
        "max": 3.4141266346,
        "mean": 1.585968256,
        "median": 1.48474907875,
        "min": 0.00822042673826,
        "stdev": 0.436258405447,
        "var": 0.190321400762
    },
    "spectral_spread": {
        "dmean": 962952.6875,
        "dmean2": 1517698.25,
        "dvar": 3.80272299213e+12,
        "dvar2": 5.47969354957e+12,
        "max": 38969928,
        "mean": 5978900.5,
        "median": 5492489.5,
        "min": 1983907,
        "stdev": 2899009.25,
        "var": 8.40425432678e+12
    },
    "spectral_strongpeak": {
        "dmean": 0.0602710843086,
        "dmean2": 0.102965824306,
        "dvar": 0.00853436440229,
        "dvar2": 0.0241901874542,
        "max": 0.543744325638,
        "mean": 0.0840203464031,
        "median": 0.047408439219,
        "min": 0,
        "stdev": 0.113137468696,
        "var": 0.012800087221
    },
    "zerocrossingrate": {
        "dmean": 0.02107065171,
        "dmean2": 0.0250870995224,
        "dvar": 0.000820558925625,
        "dvar2": 0.00113108265214,
        "max": 0.48583984375,
        "mean": 0.108803637326,
        "median": 0.10107421875,
        "min": 0.017578125,
        "stdev": 0.067257411778,
        "var": 0.00452355900779
    },
    "barkbands": {
        "dmean": [8.18077296572e-06, 0.00087891088333, 0.00149328261614, 0.00123929581605, 0.0015655127354, 0.000780287082307, 0.000437372596934, 0.000347797642462, 0.000318384059938, 0.000340937287547, 0.000263238034677, 0.000276811566437, 0.000263363064732, 0.000277532526525, 0.000232447317103, 0.000267750991043, 0.000322062405758, 0.000310956616886, 0.000229059980484, 0.000238441803958, 0.000275176251307, 0.000243633243372, 0.000216185493628, 0.000231018653722, 0.00021836522501, 0.000236363979639, 0.000133117107907],
        "dmean2": [1.36280568768e-05, 0.00162067532074, 0.00286408793181, 0.00239504897036, 0.00300847040489, 0.00142448174302, 0.000778561516199, 0.000619314203504, 0.000570779317059, 0.000593279255554, 0.000472654937766, 0.000515538849868, 0.000482447241666, 0.000511894817464, 0.000427585240686, 0.000497978297062, 0.00060383870732, 0.000574234698433, 0.000426058657467, 0.000441243551904, 0.00050313124666, 0.000451100175269, 0.000392960995669, 0.000428946485044, 0.000400606455514, 0.000445881683845, 0.000256290659308],
        "dvar": [8.84770257059e-10, 1.07956602733e-05, 3.40732258337e-05, 1.91851941054e-05, 1.63011227414e-05, 3.75386957785e-06, 1.05253877791e-06, 5.27056613464e-07, 5.70633119423e-07, 7.67272752e-07, 7.17652540061e-07, 4.92050844514e-07, 4.91099740429e-07, 5.00571047723e-07, 3.16318534033e-07, 4.69309952678e-07, 8.66904997565e-07, 5.68980908611e-07, 2.73934375628e-07, 3.6937223058e-07, 3.45561488757e-07, 3.61508625701e-07, 2.02401125193e-07, 2.63931269728e-07, 2.27223083016e-07, 3.06666578354e-07, 1.09228963652e-07],
        "dvar2": [2.08911576927e-09, 3.03895303659e-05, 0.000103684178612, 5.71147247683e-05, 4.81504175696e-05, 1.11570134322e-05, 3.07384379994e-06, 1.58131422268e-06, 1.48972878833e-06, 2.13127850657e-06, 2.03597596737e-06, 1.61502009632e-06, 1.46210743424e-06, 1.61469699833e-06, 9.71837380348e-07, 1.43969009514e-06, 2.63637866738e-06, 1.68849010151e-06, 7.86034149769e-07, 1.07613323053e-06, 9.81578182291e-07, 1.01714852008e-06, 5.8584640783e-07, 7.52392224967e-07, 6.55437190744e-07, 9.08129266008e-07, 3.46693639131e-07],
        "max": [0.000246846815571, 0.0346236899495, 0.0433065667748, 0.0354352220893, 0.0265589337796, 0.0170277766883, 0.00840768590569, 0.00488121854141, 0.00662459479645, 0.00989274866879, 0.0108096590266, 0.00531968707219, 0.00566878169775, 0.00580055033788, 0.00373813183978, 0.00431982334703, 0.0066937552765, 0.00500402506441, 0.00355604663491, 0.00505096046254, 0.00352216674946, 0.00470465328544, 0.00239608227275, 0.00327398208901, 0.00263058487326, 0.00290491431952, 0.00207024603151],
        "mean": [7.4694671639e-06, 0.000605850189459, 0.000871911353897, 0.000712820503395, 0.000989673077129, 0.00056741310982, 0.000373571878299, 0.000278777588392, 0.000310533563606, 0.000310353934765, 0.000236979787587, 0.000206580822123, 0.000229352182942, 0.000228187302127, 0.000181945608347, 0.000194414431462, 0.000232034566579, 0.000249553559115, 0.000181529729161, 0.00018151733093, 0.000211350881727, 0.000175078675966, 0.000168507525814, 0.0001721669978, 0.000157284288434, 0.000158885639394, 8.46026887302e-05],
        "median": [3.18683532896e-08, 1.0277126421e-06, 2.75175352726e-06, 4.31533453593e-06, 1.57807862706e-05, 6.65362131258e-06, 7.41336452847e-06, 5.10032487e-06, 6.69111432217e-06, 4.84056636196e-06, 4.47945785709e-06, 3.80086453333e-06, 2.12820896195e-06, 2.37463223129e-06, 1.40933821058e-06, 1.2056466403e-06, 1.18504249258e-06, 1.06200718619e-06, 9.63148181654e-07, 7.70880603795e-07, 9.80174604592e-07, 5.92969968238e-07, 5.5181112657e-07, 5.76090940285e-07, 2.816911433e-07, 1.25767783743e-07, 2.08907682264e-08],
        "min": [3.65569824846e-13, 3.57375777192e-13, 1.15085797337e-13, 7.63332675064e-14, 6.54523771336e-14, 2.85878227558e-14, 2.4319378095e-14, 5.48689266155e-15, 4.4766631469e-15, 2.456487196e-14, 2.97570568718e-14, 2.9466683813e-14, 1.90649074625e-14, 5.14236717715e-14, 6.87429849372e-14, 5.87460107144e-14, 7.06133895388e-14, 5.53584057799e-15, 4.4612198728e-14, 2.61634165938e-13, 2.73069463092e-13, 1.67990052207e-13, 2.45795950867e-13, 3.23724093322e-13, 2.1722887703e-13, 8.05182472346e-13, 5.78363745785e-13],
        "stdev": [2.90916505037e-05, 0.00287709245458, 0.00443618418649, 0.00327775999904, 0.00331915542483, 0.00177611829713, 0.000967527914327, 0.00066889973823, 0.000766557292081, 0.00084512057947, 0.000797678832896, 0.000579334504437, 0.00066401012009, 0.000662956736051, 0.000505871721543, 0.000555975129828, 0.00073888793122, 0.000698410498444, 0.000485030002892, 0.000506136799231, 0.000522532034665, 0.000486625271151, 0.000429397827247, 0.000452419684734, 0.000422245706432, 0.000460419541923, 0.000268128642347],
        "var": [8.46324121895e-10, 8.2776614363e-06, 1.96797318495e-05, 1.07437108454e-05, 1.10167929961e-05, 3.15459624289e-06, 9.36110268412e-07, 4.47426856454e-07, 5.87610088587e-07, 7.142288041e-07, 6.36291531464e-07, 3.35628499215e-07, 4.40909445842e-07, 4.39511637751e-07, 2.55906201119e-07, 3.09108315832e-07, 5.45955401776e-07, 4.87777185754e-07, 2.35254105974e-07, 2.56174445212e-07, 2.73039717058e-07, 2.36804140741e-07, 1.84382500379e-07, 2.04683573202e-07, 1.7829142962e-07, 2.11986147747e-07, 7.18929626942e-08]
    },
    "erbbands": {
        "dmean": [0.0108303511515, 0.263398617506, 1.48419070244, 3.28511786461, 4.758456707, 5.31204652786, 5.28833389282, 6.68292856216, 6.3405456543, 7.16591024399, 8.07064914703, 6.85929918289, 8.98761367798, 11.6826658249, 10.2642831802, 10.4020261765, 12.1723527908, 14.1073942184, 11.1473789215, 13.3192033768, 16.0799293518, 18.7608833313, 17.2491645813, 12.2899875641, 12.7318124771, 10.914809227, 10.435997963, 11.2940101624, 9.42172145844, 6.71322536469, 6.41801691055, 5.30347490311, 3.49179434776, 2.31854724884, 1.6377248764, 0.949633657932, 0.420564293861, 0.140405535698, 0.0215851794928, 0.00137053162325],
        "dmean2": [0.0197323244065, 0.49590587616, 2.84683799744, 6.32399940491, 9.12984371185, 10.2312097549, 10.0852565765, 11.9958086014, 11.1878728867, 12.9339570999, 14.3214206696, 12.0632772446, 15.741268158, 20.6941509247, 19.027879715, 19.3921089172, 22.3846702576, 25.9024353027, 20.3914909363, 24.5391597748, 30.1094303131, 35.1093254089, 31.9351654053, 22.674905777, 23.6996555328, 20.0804843903, 18.9334812164, 20.8007926941, 17.5281581879, 11.9989776611, 11.671374321, 9.86975097656, 6.43887996674, 4.18446826935, 3.0476436615, 1.77130901814, 0.798187553883, 0.268892288208, 0.0413283742964, 0.00264915614389],
        "dvar": [0.00133097113576, 0.996168851852, 32.6083908081, 145.833633423, 200.691482544, 181.349990845, 209.403259277, 248.734603882, 237.11831665, 285.518890381, 266.132659912, 242.10748291, 458.678100586, 1127.41430664, 801.487487793, 650.036132812, 1060.72570801, 1368.24182129, 633.829406738, 1151.35180664, 1851.76794434, 2930.11791992, 1867.36035156, 838.12689209, 1020.19067383, 734.007141113, 516.425170898, 657.102172852, 589.018371582, 188.755874634, 190.053268433, 150.336929321, 56.4432945251, 23.2631130219, 14.9447822571, 4.83394289017, 1.14670920372, 0.116511940956, 0.00277455896139, 1.20476152006e-05],
        "dvar2": [0.00331270741299, 2.86909937859, 99.0194396973, 435.957641602, 598.075683594, 530.268798828, 617.000366211, 746.708435059, 705.54498291, 848.556762695, 764.734924316, 640.735534668, 1132.09106445, 3244.18701172, 2378.93261719, 2071.23193359, 3168.39941406, 4460.60498047, 1922.09289551, 3671.20166016, 5802.43652344, 8823.1953125, 5447.53955078, 2549.58935547, 2916.68408203, 2108.21386719, 1529.62963867, 1858.01855469, 1676.98962402, 535.367126465, 542.521362305, 433.804748535, 160.477661133, 65.5862350464, 43.5880050659, 14.392663002, 3.40989851952, 0.349174588919, 0.00879409071058, 3.91745961679e-05],
        "max": [0.283382356167, 10.066532135, 42.8004341125, 95.3748779297, 103.225341797, 93.1398925781, 125.378013611, 132.063354492, 131.459197998, 120.037132263, 99.9688034058, 120.338272095, 222.498260498, 421.214630127, 348.658355713, 186.652679443, 290.119689941, 327.706512451, 175.992782593, 267.789733887, 273.720977783, 418.058502197, 268.40838623, 172.546020508, 233.759109497, 242.318069458, 137.473175049, 168.324264526, 200.850570679, 67.2931213379, 83.5026779175, 83.0916213989, 41.3268661499, 25.9623641968, 22.8469142914, 11.3893451691, 7.88667154312, 2.18138122559, 0.32236969471, 0.0232700314373],
        "mean": [0.0094070089981, 0.171302333474, 0.867297291756, 1.89908885956, 2.78993272781, 3.40762805939, 3.7142367363, 4.92661046982, 5.15877246857, 5.92055416107, 6.42474222183, 6.6424703598, 8.42516422272, 10.7549848557, 8.8883600235, 8.27391815186, 10.5301733017, 11.5887899399, 9.62214660645, 10.3951911926, 11.419002533, 13.5632867813, 13.9195928574, 9.98159503937, 9.42442798615, 8.59563446045, 8.4193239212, 8.11528491974, 6.5959610939, 5.00423669815, 5.03340005875, 3.91566061974, 2.6477432251, 1.69578015804, 1.17182505131, 0.659941732883, 0.278186738491, 0.0892139971256, 0.0137132108212, 0.000887452741154],
        "median": [1.78832688107e-05, 0.000325384084135, 0.00215381663293, 0.0103837354109, 0.0316534340382, 0.0582337267697, 0.0557536780834, 0.0630585029721, 0.0870635360479, 0.110848300159, 0.141707152128, 0.143968388438, 0.2060200423, 0.154969289899, 0.178734838963, 0.15626116097, 0.0940495505929, 0.104155130684, 0.0994153469801, 0.0707180649042, 0.0727269053459, 0.0667333677411, 0.0649282708764, 0.057003300637, 0.0487349294126, 0.0424551740289, 0.0465714149177, 0.0295406188816, 0.0240508951247, 0.0192331001163, 0.018676539883, 0.0122755272314, 0.0087419077754, 0.00363658601418, 0.00186698464677, 0.000714539375622, 0.000174965462065, 3.36642988259e-05, 3.7100528516e-06, 5.60291141483e-07],
        "min": [1.58388215737e-11, 6.18342599346e-11, 1.31490748845e-10, 2.12848086378e-10, 2.62622312786e-10, 1.89241566861e-10, 1.81045303749e-10, 2.47139059217e-10, 3.33845229239e-10, 2.63341987106e-10, 1.11139493442e-10, 8.52709777788e-11, 4.30711855071e-10, 1.23934640328e-09, 1.06553055268e-09, 1.19652132646e-09, 9.61152157863e-10, 2.07836547972e-09, 4.34322622311e-09, 2.18188778156e-09, 4.63997329447e-09, 3.12716164075e-09, 4.59610488557e-10, 1.7455612511e-09, 3.81568376895e-09, 1.00331556396e-08, 1.54251580398e-08, 8.46106029684e-09, 6.46454711983e-09, 4.838957679e-09, 8.25619039801e-09, 5.54120926921e-09, 5.57872992246e-09, 1.76109427041e-09, 1.99939997891e-09, 3.65270724778e-09, 1.34819500008e-09, 2.36086178385e-10, 8.40930311496e-11, 1.06554244594e-11],
        "stdev": [0.0373931415379, 0.840745151043, 4.39013624191, 9.06098461151, 10.8650197983, 11.2673845291, 13.0216035843, 14.455575943, 14.2072639465, 15.3342971802, 15.1628732681, 15.6944551468, 21.7759609222, 32.4874191284, 26.9405422211, 21.8491516113, 30.663482666, 33.4179077148, 24.6368370056, 29.966758728, 34.0483322144, 42.9626731873, 39.7235946655, 27.3677845001, 26.6799373627, 23.160861969, 21.1443767548, 21.3545436859, 19.2337360382, 12.2700958252, 13.0917205811, 10.644733429, 6.80411243439, 4.39732933044, 3.32637834549, 1.89310121536, 0.860954940319, 0.272989332676, 0.0430657975376, 0.00285118306056],
        "var": [0.00139824708458, 0.706852436066, 19.2732982635, 82.1014480591, 118.048660278, 126.953956604, 169.562164307, 208.963668823, 201.846343994, 235.140655518, 229.912734985, 246.315933228, 474.192504883, 1055.43249512, 725.792785645, 477.385406494, 940.249145508, 1116.7565918, 606.973754883, 898.006652832, 1159.28894043, 1845.79138184, 1577.96398926, 748.995666504, 711.819091797, 536.425537109, 447.084686279, 456.01651001, 369.93661499, 150.555252075, 171.393157959, 113.31035614, 46.2959442139, 19.3365039825, 11.0647935867, 3.58383202553, 0.741243422031, 0.0745231732726, 0.00185466289986, 8.12924463389e-06]
    },
    "gfcc": {
        "mean": [-292.979095459, 38.4175186157, -112.416221619, 6.45739412308, -58.4248466492, 2.48002791405, -36.4577217102, -0.0675074234605, -25.9936218262, -1.44959688187, -18.3116798401, -1.14368271828, -12.7904281616],
        "cov": [[103557.085938, 2141.62011719, -3855.36425781, 743.895324707, -3718.53588867, -0.163524508476, -1296.90124512, 395.542388916, -1055.83557129, -47.9277534485, -981.297424316, -339.585723877, -938.355834961], [2141.62011719, 3363.46923828, -579.12512207, 104.093238831, 41.1072158813, -97.340133667, -118.495918274, -193.882400513, -137.857299805, -213.449172974, -86.1619567871, -168.969421387, -41.6402702332], [-3855.36425781, -579.12512207, 1325.5357666, 170.717041016, 400.795227051, -65.7478637695, -124.980491638, -96.1037368774, -30.4516544342, -16.4692783356, 38.5799598694, 70.4145050049, 16.8373355865], [743.895324707, 104.093238831, 170.717041016, 224.927886963, 83.6414794922, 55.5552062988, -13.5001153946, -5.80038118362, 3.26787638664, 3.4860291481, 7.30912160873, 7.27864551544, 20.1782016754], [-3718.53588867, 41.1072158813, 400.795227051, 83.6414794922, 458.311431885, 64.9669647217, 85.4103164673, -12.3346509933, 67.0083236694, -1.33101081848, 48.5385932922, 22.0254936218, 51.0719490051], [-0.163524508476, -97.340133667, -65.7478637695, 55.5552062988, 64.9669647217, 129.502212524, 63.8984489441, 57.7772369385, 46.395198822, 42.8216056824, 22.8471393585, 6.98075580597, 25.9654808044], [-1296.90124512, -118.495918274, -124.980491638, -13.5001153946, 85.4103164673, 63.8984489441, 160.29069519, 68.4106140137, 78.4610519409, 33.0638847351, 31.2179107666, 11.3871488571, 36.653175354], [395.542388916, -193.882400513, -96.1037368774, -5.80038118362, -12.3346509933, 57.7772369385, 68.4106140137, 94.8330230713, 58.4844818115, 47.4690551758, 17.7266788483, 18.9035243988, 17.5322284698], [-1055.83557129, -137.857299805, -30.4516544342, 3.26787638664, 67.0083236694, 46.395198822, 78.4610519409, 58.4844818115, 86.7920837402, 44.9913787842, 32.1071434021, 19.5987052917, 32.2938690186], [-47.9277534485, -213.449172974, -16.4692783356, 3.4860291481, -1.33101081848, 42.8216056824, 33.0638847351, 47.4690551758, 44.9913787842, 85.0357437134, 36.5468025208, 25.5083236694, 19.6892662048], [-981.297424316, -86.1619567871, 38.5799598694, 7.30912160873, 48.5385932922, 22.8471393585, 31.2179107666, 17.7266788483, 32.1071434021, 36.5468025208, 55.0413856506, 27.232049942, 25.4794921875], [-339.585723877, -168.969421387, 70.4145050049, 7.27864551544, 22.0254936218, 6.98075580597, 11.3871488571, 18.9035243988, 19.5987052917, 25.5083236694, 27.232049942, 48.8985443115, 23.4876613617], [-938.355834961, -41.6402702332, 16.8373355865, 20.1782016754, 51.0719490051, 25.9654808044, 36.653175354, 17.5322284698, 32.2938690186, 19.6892662048, 25.4794921875, 23.4876613617, 51.9978790283]],
        "icov": [[2.74285230262e-05, -9.04240823729e-06, 7.94461739133e-05, -0.000204400916118, 4.55753179267e-05, 2.45248793362e-05, 0.000139580690302, -0.000373566668713, 0.000332378578605, -0.00015837464889, 0.000308251415845, -0.000207020144444, 0.000307892303681], [-9.04240823729e-06, 0.000605751469266, 0.000652520277072, -0.000583025626838, -0.000799713889137, 0.000814230297692, 0.000748759601265, 0.000183466894669, 0.000288549228571, 0.000758333131671, -0.000801935733762, 0.00138726271689, -0.000573938887101], [7.94461739133e-05, 0.000652520277072, 0.00286485860124, -0.00226694089361, -0.00293074781075, 0.00276170903817, 0.00316576100886, -0.00169085303787, 0.00227680918761, -0.000471902429126, 7.63706339058e-05, -0.00137359334622, 0.00109401147347], [-0.000204400916118, -0.000583025626838, -0.00226694089361, 0.0086114006117, 0.000803076778539, -0.00544294016436, -0.000703723111656, 0.00398741755635, -0.00330288195983, 0.00126829813235, -0.000821816909593, 0.000622452585958, -0.00398981152102], [4.55753179267e-05, -0.000799713889137, -0.00293074781075, 0.000803076778539, 0.00741426972672, -0.00491298083216, -0.00435221474618, 0.00447235768661, -0.00484537053853, 0.00204388750717, -0.000199878253625, -0.000838809588458, 0.000262574059889], [2.45248793362e-05, 0.000814230297692, 0.00276170903817, -0.00544294016436, -0.00491298083216, 0.018681300804, 0.0007652954082, -0.00973244290799, 0.0051576369442, -0.00456952070817, -0.00171182991471, 0.00543657969683, -0.00253839720972], [0.000139580690302, 0.000748759601265, 0.00316576100886, -0.000703723111656, -0.00435221474618, 0.0007652954082, 0.0181617420167, -0.00858986657113, -0.00396801857278, 0.00266403611749, -0.00212307134643, 0.00252996641211, -0.00229370547459], [-0.000373566668713, 0.000183466894669, -0.00169085303787, 0.00398741755635, 0.00447235768661, -0.00973244290799, -0.00858986657113, 0.0372431203723, -0.0194166060537, -0.00185336277355, 0.00253888708539, -0.0061191204004, 0.000651203037705], [0.000332378578605, 0.000288549228571, 0.00227680918761, -0.00330288195983, -0.00484537053853, 0.0051576369442, -0.00396801857278, -0.0194166060537, 0.0409452654421, -0.00977815687656, -0.000329794653226, 0.00106804200914, -0.00374678242952], [-0.00015837464889, 0.000758333131671, -0.000471902429126, 0.00126829813235, 0.00204388750717, -0.00456952070817, 0.00266403611749, -0.00185336277355, -0.00977815687656, 0.0272999312729, -0.0142843695357, -0.000162730779266, -0.000760199036449], [0.000308251415845, -0.000801935733762, 7.63706339058e-05, -0.000821816909593, -0.000199878253625, -0.00171182991471, -0.00212307134643, 0.00253888708539, -0.000329794653226, -0.0142843695357, 0.0416655763984, -0.0160886775702, -0.000629217131063], [-0.000207020144444, 0.00138726271689, -0.00137359334622, 0.000622452585958, -0.000838809588458, 0.00543657969683, 0.00252996641211, -0.0061191204004, 0.00106804200914, -0.000162730779266, -0.0160886775702, 0.0435820110142, -0.0164370816201], [0.000307892303681, -0.000573938887101, 0.00109401147347, -0.00398981152102, 0.000262574059889, -0.00253839720972, -0.00229370547459, 0.000651203037705, -0.00374678242952, -0.000760199036449, -0.000629217131063, -0.0164370816201, 0.038276989013]]
    },
    "melbands": {
        "dmean": [0.000165840276168, 0.000646676402539, 0.000607507536188, 0.000362038059393, 0.000198509471375, 0.000150042818859, 9.46606960497e-05, 7.78319954406e-05, 6.86535058776e-05, 4.0871942474e-05, 4.60563787783e-05, 4.89970698254e-05, 3.43990977854e-05, 3.43500250892e-05, 2.45930805249e-05, 2.6130981496e-05, 2.71936914942e-05, 1.85852077266e-05, 1.82953335752e-05, 1.65803903656e-05, 2.00829144887e-05, 1.96937889996e-05, 1.80906808964e-05, 1.33941684908e-05, 9.53485505306e-06, 8.80265179148e-06, 9.07391950022e-06, 6.96565757607e-06, 6.5423828346e-06, 6.81047049511e-06, 6.31745797364e-06, 5.73754050492e-06, 4.03645117331e-06, 3.61538036486e-06, 3.7397419419e-06, 3.22099140249e-06, 3.31942464982e-06, 2.49582080869e-06, 2.16629860006e-06, 1.92711513591e-06],
        "dmean2": [0.00029669443029, 0.00123725517187, 0.00117271055933, 0.000695254944731, 0.000378988566808, 0.000269251235295, 0.000166420926689, 0.000141213458846, 0.00012026346667, 7.25204081391e-05, 8.10024357634e-05, 8.72743257787e-05, 6.20903301751e-05, 6.43070379738e-05, 4.60500632471e-05, 4.73613326903e-05, 5.02872171637e-05, 3.38942518283e-05, 3.38548452419e-05, 3.05805515382e-05, 3.75786657969e-05, 3.6853729398e-05, 3.37644814863e-05, 2.47306033998e-05, 1.76545418071e-05, 1.62889555213e-05, 1.69645390997e-05, 1.25890310301e-05, 1.19634605653e-05, 1.23138306662e-05, 1.16435276141e-05, 1.0804298654e-05, 7.31260342945e-06, 6.46747366773e-06, 6.79067261444e-06, 5.92122296439e-06, 6.19137244939e-06, 4.61853005618e-06, 3.9241176637e-06, 3.53650216312e-06],
        "dvar": [3.48424464391e-07, 6.01344800089e-06, 4.57765554529e-06, 9.03923421447e-07, 2.82691814846e-07, 1.32637183015e-07, 4.86779647701e-08, 3.35711440869e-08, 2.01527168286e-08, 9.19232423513e-09, 1.2192661103e-08, 1.94368396933e-08, 1.19063710002e-08, 7.43125783131e-09, 3.54436324734e-09, 4.93031260262e-09, 5.3238520259e-09, 1.78364145675e-09, 2.07236250382e-09, 1.73966896444e-09, 3.0829570008e-09, 3.18397286314e-09, 2.69675060061e-09, 1.12011711018e-09, 5.27045906917e-10, 4.35537772514e-10, 6.79473421972e-10, 3.0075866797e-10, 2.49675113917e-10, 2.30204633134e-10, 2.27369512107e-10, 2.54079118855e-10, 7.81798584204e-11, 5.60174649722e-11, 6.79606371179e-11, 5.39567522606e-11, 6.38147659715e-11, 3.03417187208e-11, 2.27236458816e-11, 1.67603396439e-11],
        "dvar2": [9.39647122777e-07, 1.80098013516e-05, 1.3682179997e-05, 2.66781216851e-06, 8.37306174617e-07, 3.98839517857e-07, 1.42566676686e-07, 1.00834974148e-07, 5.83945372057e-08, 2.35576091967e-08, 3.03029636939e-08, 5.63279520804e-08, 3.43042856343e-08, 2.40102782101e-08, 1.14831433251e-08, 1.47071288481e-08, 1.73428134076e-08, 5.36577138277e-09, 6.38604635839e-09, 5.46994272099e-09, 9.69048485899e-09, 9.66050883733e-09, 7.89409337898e-09, 3.30394023251e-09, 1.61766811058e-09, 1.22098930966e-09, 1.95146410142e-09, 8.7816187655e-10, 7.72413188965e-10, 6.63260057987e-10, 6.40572817012e-10, 7.29299842739e-10, 2.15621742683e-10, 1.62762414657e-10, 1.92719923353e-10, 1.59928445487e-10, 1.83052309422e-10, 8.70116131924e-11, 6.37088853894e-11, 4.78911459101e-11],
        "max": [0.00601925700903, 0.0179471671581, 0.0167270228267, 0.0056485789828, 0.0043152817525, 0.00315390201285, 0.00186090101488, 0.00132614676841, 0.000979924108833, 0.000776608125307, 0.00114721269347, 0.00170867296401, 0.00141274940688, 0.00057522644056, 0.00047062736121, 0.000578110164497, 0.000656152726151, 0.000360896316124, 0.000308244576445, 0.000289425312076, 0.000386067840736, 0.000404099555453, 0.000446142250439, 0.000253707752563, 0.00013844879868, 0.000131892578793, 0.000201363014639, 0.000164617100381, 0.000112616151455, 0.000126231447211, 9.03822001419e-05, 0.000140385949635, 5.19376444572e-05, 4.12456211052e-05, 5.31363621121e-05, 4.03409721912e-05, 5.84145673201e-05, 3.14274548145e-05, 3.59869700333e-05, 2.45252122113e-05],
        "mean": [0.000126763334265, 0.000386291067116, 0.000353985815309, 0.000222550559556, 0.000137831244501, 0.000110618639155, 7.90382109699e-05, 6.38736819383e-05, 5.42156958545e-05, 4.10526699852e-05, 4.28474668297e-05, 4.44727666036e-05, 3.11238909489e-05, 2.55678151007e-05, 2.05245069083e-05, 2.22366252274e-05, 2.20091915253e-05, 1.57307677e-05, 1.42839962791e-05, 1.25235601445e-05, 1.3838635823e-05, 1.40193888001e-05, 1.35383552333e-05, 1.12836678454e-05, 7.65207187214e-06, 6.96155848345e-06, 6.38736401015e-06, 5.54534290131e-06, 5.25509130966e-06, 5.12737506142e-06, 4.43705766884e-06, 3.90234390579e-06, 3.02670696328e-06, 2.66742245003e-06, 2.90276398118e-06, 2.56981775237e-06, 2.36803543885e-06, 1.87486284631e-06, 1.60938918725e-06, 1.37114284371e-06],
        "median": [2.03241071972e-07, 9.68437007032e-07, 2.4174612463e-06, 3.32529248226e-06, 2.2623617042e-06, 1.38793620863e-06, 1.62299693329e-06, 1.05205504042e-06, 1.12035422717e-06, 8.5297364194e-07, 9.90252033262e-07, 6.59420891225e-07, 6.41514645849e-07, 4.34873271615e-07, 2.95078535828e-07, 1.84333572406e-07, 2.02209662348e-07, 1.58656021654e-07, 1.01901456162e-07, 7.52845679131e-08, 7.98461670115e-08, 7.47403916534e-08, 6.24677127803e-08, 5.32859623092e-08, 4.03949762529e-08, 4.05867695008e-08, 2.59868411234e-08, 2.8408425834e-08, 2.62017856301e-08, 2.35358044165e-08, 1.57333897022e-08, 1.64402695901e-08, 1.12925260254e-08, 8.69599858788e-09, 1.12154028287e-08, 7.89313681082e-09, 7.03924518675e-09, 6.27754825899e-09, 4.29672386559e-09, 2.68159539019e-09],
        "min": [1.37878437508e-13, 7.22333231098e-14, 3.84297018578e-14, 1.62943965233e-14, 6.42116703775e-15, 5.56563199729e-15, 5.14841744879e-15, 2.45128687957e-15, 7.9056253121e-16, 5.7553236494e-16, 2.19595070345e-15, 4.95132219933e-15, 3.79800171483e-15, 3.54124188808e-15, 2.06540746793e-15, 2.28897715567e-15, 3.92166556051e-15, 7.09659492154e-15, 4.25865126583e-15, 2.33078818426e-15, 6.69806337876e-15, 4.4082444841e-15, 3.31963594034e-16, 2.96428761952e-16, 1.59499003886e-15, 1.35201704975e-15, 4.56862847859e-15, 7.54745234816e-15, 1.18706873351e-14, 6.44988357225e-15, 3.94699692784e-15, 3.39606192323e-15, 3.36699048193e-15, 2.57876682044e-15, 6.17275895586e-15, 2.16882044991e-15, 4.31963001474e-15, 5.83694046195e-15, 1.46230275118e-15, 1.13955905784e-15],
        "stdev": [0.000555258768145, 0.00192252430134, 0.00161233230028, 0.000762039970141, 0.000474224449135, 0.000332513824105, 0.000209334830288, 0.000164900964592, 0.000131283333758, 9.82047786238e-05, 0.000111868837848, 0.000133826601086, 0.000102672587673, 7.22717813915e-05, 5.37232263014e-05, 6.56664269627e-05, 6.52339513181e-05, 4.19741627411e-05, 4.08098821936e-05, 3.5561122786e-05, 4.32029082731e-05, 4.45594596385e-05, 4.2736344767e-05, 3.19262326229e-05, 2.14764731936e-05, 1.90706141439e-05, 2.04158186534e-05, 1.50458481585e-05, 1.41904893098e-05, 1.3278172446e-05, 1.2255422007e-05, 1.23147219711e-05, 7.61113687986e-06, 6.68744041832e-06, 7.63647676649e-06, 6.95001699569e-06, 6.6991933636e-06, 4.90086677019e-06, 4.33599370808e-06, 3.62072296411e-06],
        "var": [3.08312309016e-07, 3.69609961126e-06, 2.59961552729e-06, 5.80704920594e-07, 2.24888836442e-07, 1.10565437694e-07, 4.38210712161e-08, 2.71923301653e-08, 1.72353136207e-08, 9.64417790073e-09, 1.25146373264e-08, 1.79095582808e-08, 1.05416608775e-08, 5.22320986462e-09, 2.88618506872e-09, 4.31207958229e-09, 4.255467978e-09, 1.76183023726e-09, 1.6654463364e-09, 1.26459342997e-09, 1.86649118383e-09, 1.98554550579e-09, 1.82639514623e-09, 1.01928432361e-09, 4.61238880423e-10, 3.63688301697e-10, 4.16805673309e-10, 2.26377541712e-10, 2.01369976249e-10, 1.76309855604e-10, 1.5019537003e-10, 1.51652371216e-10, 5.7929404329e-11, 4.47218581612e-11, 5.83157758194e-11, 4.83027333409e-11, 4.4879194111e-11, 2.40184937911e-11, 1.8800842827e-11, 1.31096340381e-11]
    },
    "melbands128": {
