{
"lowlevel": {
    "average_loudness": 0.99068403244,
    "barkbands_crest": {
        "dmean": 0.698233604431,
        "dmean2": 1.02780258656,
        "dvar": 1.78619086742,
        "dvar2": 5.08353042603,
        "max": 14.1723251343,
        "mean": 10.0837364197,
        "median": 9.78875255585,
        "min": 6.41199493408,
        "stdev": 1.59106564522,
        "var": 2.53148984909
    },
    "barkbands_flatness_db": {
        "dmean": 0.0227869059891,
        "dmean2": 0.0313252136111,
        "dvar": 0.000604627013672,
        "dvar2": 0.000518187822308,
        "max": 0.480876892805,
        "mean": 0.397531956434,
        "median": 0.415088653564,
        "min": 0.0580027848482,
        "stdev": 0.0753149017692,
        "var": 0.00567233469337
    },
    "barkbands_kurtosis": {
        "dmean": 0.192617595196,
        "dmean2": 0.194967150688,
        "dvar": 0.342850655317,
        "dvar2": 0.409017920494,
        "max": 4.42359638214,
        "mean": 0.280187517405,
        "median": 0.276895880699,
        "min": -1.43996441364,
        "stdev": 0.624091625214,
        "var": 0.389490365982
    },
    "barkbands_skewness": {
        "dmean": 0.089848510921,
        "dmean2": 0.0736020803452,
        "dvar": 0.0273824334145,
        "dvar2": 0.0273785106838,
        "max": 1.13900279999,
        "mean": 0.0936926454306,
        "median": 0.100437998772,
        "min": -0.591704547405,
        "stdev": 0.265652060509,
        "var": 0.070571012795
    },
    "barkbands_spread": {
        "dmean": 2.0031979084,
        "dmean2": 2.0639154911,
        "dvar": 165.87461853,
        "dvar2": 158.8934021,
        "max": 114.527069092,
        "mean": 8.28468132019,
        "median": 6.72595071793,
        "min": 4.92132329941,
        "stdev": 13.2145929337,
        "var": 174.625473022
    },
    "dissonance": {
        "dmean": 0.0393751077354,
        "dmean2": 0.0655533224344,
        "dvar": 0.00220372783951,
        "dvar2": 0.005570624955,
        "max": 0.481971412897,
        "mean": 0.425028830767,
        "median": 0.437296241522,
        "min": 0.189398661256,
        "stdev": 0.0469093434513,
        "var": 0.00220048637129
    },
    "dynamic_complexity": 1.06977593899,
    "erbbands_crest": {
        "dmean": 0.78009802103,
        "dmean2": 0.905379056931,
        "dvar": 2.32945179939,
        "dvar2": 4.63718700409,
        "max": 17.6779117584,
        "mean": 12.1105279922,
        "median": 12.1003961563,
        "min": 3.40046691895,
        "stdev": 2.122787714,
        "var": 4.50622749329
    },
    "erbbands_flatness_db": {
        "dmean": 0.0131442630664,
        "dmean2": 0.0116411671042,
        "dvar": 0.000813420687336,
        "dvar2": 0.000382525933674,
        "max": 0.464072674513,
        "mean": 0.408265173435,
        "median": 0.420431256294,
        "min": 0.0587956979871,
        "stdev": 0.0598156526685,
        "var": 0.00357791222632
    },
    "erbbands_kurtosis": {
        "dmean": 0.20062610507,
        "dmean2": 0.229585170746,
        "dvar": 0.23767259717,
        "dvar2": 0.423819690943,
        "max": 3.2758641243,
        "mean": 0.723550319672,
        "median": 0.732652306557,
        "min": -0.964340209961,
        "stdev": 0.544006645679,
        "var": 0.295943260193
    },
    "erbbands_skewness": {
        "dmean": 0.0827198177576,
        "dmean2": 0.0722810998559,
        "dvar": 0.0190144181252,
        "dvar2": 0.0148458778858,
        "max": 0.942854762077,
        "mean": -0.176476091146,
        "median": -0.132806688547,
        "min": -0.781496584415,
        "stdev": 0.262056440115,
        "var": 0.0686735808849
    },
    "erbbands_spread": {
        "dmean": 1.0042746067,
        "dmean2": 1.11658012867,
        "dvar": 17.0322647095,
        "dvar2": 19.5209255219,
        "max": 46.0220336914,
        "mean": 10.4955511093,
        "median": 10.067325592,
        "min": 7.78926897049,
        "stdev": 4.67214250565,
        "var": 21.8289165497
    },
    "hfc": {
        "dmean": 3.79660081863,
        "dmean2": 4.1973900795,
        "dvar": 45.6660842896,
        "dvar2": 86.6226119995,
        "max": 65.0275497437,
        "mean": 38.5109405518,
        "median": 40.2602043152,
        "min": 3.66926258266e-07,
        "stdev": 17.2757816315,
        "var": 298.452606201
    },
    "loudness_ebu128": {
        "integrated": -11.2260322571,
        "loudness_range": 0,
        "momentary": {
            "dmean": 0.504686415195,
            "dmean2": 0.430946052074,
            "dvar": 0.122791200876,
            "dvar2": 0.0640685409307,
            "max": -10.1161346436,
            "mean": -11.3077688217,
            "median": -11.3036432266,
            "min": -12.7698564529,
            "stdev": 0.847633719444,
            "var": 0.718482911587
        },
        "short_term": {
            "dmean": 0,
            "dmean2": 0,
            "dvar": 0,
            "dvar2": 0,
            "max": -14.548248291,
            "mean": -14.548248291,
            "median": -14.548248291,
            "min": -14.548248291,
            "stdev": 0,
            "var": 0
        }
    },
    "melbands_crest": {
        "dmean": 0.880216002464,
        "dmean2": 1.34509062767,
        "dvar": 3.7456715107,
        "dvar2": 12.0726795197,
        "max": 20.7156009674,
        "mean": 13.0995092392,
        "median": 12.5886898041,
        "min": 8.70924568176,
        "stdev": 2.29627299309,
        "var": 5.27286958694
    },
    "melbands_flatness_db": {
        "dmean": 0.0193249564618,
        "dmean2": 0.0205754134804,
        "dvar": 0.000697947456501,
        "dvar2": 0.000561105611268,
        "max": 0.462553709745,
        "mean": 0.385955899954,
        "median": 0.394842535257,
        "min": 0.0722056254745,
        "stdev": 0.0652117058635,
        "var": 0.00425256649032
    },
    "melbands_kurtosis": {
        "dmean": 0.211818695068,
        "dmean2": 0.216026693583,
        "dvar": 0.224156916142,
        "dvar2": 0.349963068962,
        "max": 2.92640018463,
        "mean": -0.218699604273,
        "median": -0.24928188324,
        "min": -1.02775073051,
        "stdev": 0.58270072937,
        "var": 0.33954012394
    },
    "melbands_skewness": {
        "dmean": 0.0952242016792,
        "dmean2": 0.124140098691,
        "dvar": 0.0511953644454,
        "dvar2": 0.120982423425,
        "max": 1.81543815136,
        "mean": 0.128886237741,
        "median": 0.0343328639865,
        "min": -0.269144326448,
        "stdev": 0.338444560766,
        "var": 0.114544712007
    },
    "melbands_spread": {
        "dmean": 2.0397901535,
        "dmean2": 2.11253190041,
        "dvar": 124.899017334,
        "dvar2": 112.057815552,
        "max": 108.302505493,
        "mean": 16.5388526917,
        "median": 15.3167362213,
        "min": 11.2864170074,
        "stdev": 11.5054397583,
        "var": 132.375152588
    },
    "pitch_salience": {
        "dmean": 0.0217322781682,
        "dmean2": 0.0334931276739,
        "dvar": 0.00300969812088,
        "dvar2": 0.00918302498758,
        "max": 0.858631908894,
        "mean": 0.785142302513,
        "median": 0.801508426666,
        "min": 0.484158486128,
        "stdev": 0.0549483597279,
        "var": 0.00301932240836
    },
    "silence_rate_20dB": {
        "dmean": 0,
        "dmean2": 0,
        "dvar": 0,
        "dvar2": 0,
        "max": 1,
        "mean": 1,
        "median": 1,
        "min": 1,
        "stdev": 0,
        "var": 0
    },
    "silence_rate_30dB": {
        "dmean": 0,
        "dmean2": 0,
        "dvar": 0,
        "dvar2": 0,
        "max": 1,
        "mean": 1,
        "median": 1,
        "min": 1,
        "stdev": 0,
        "var": 0
    },
    "silence_rate_60dB": {
        "dmean": 0.0307692307979,
        "dmean2": 0.046875,
        "dvar": 0.0298225004226,
        "dvar2": 0.044677734375,
        "max": 1,
        "mean": 0.0606060624123,
        "median": 0,
        "min": 0,
        "stdev": 0.238606259227,
        "var": 0.0569329485297
    },
    "spectral_centroid": {
        "dmean": 106.371406555,
        "dmean2": 115.678543091,
        "dvar": 131765.5625,
        "dvar2": 128225.671875,
        "max": 3790.2409668,
        "mean": 1280.27355957,
        "median": 1226.59399414,
        "min": 715.829101562,
        "stdev": 345.816467285,
        "var": 119589.023438
    },
    "spectral_complexity": {
        "dmean": 0.800000011921,
        "dmean2": 1.125,
        "dvar": 4.89845991135,
        "dvar2": 9.296875,
        "max": 16,
        "mean": 7.92424249649,
        "median": 8,
        "min": 0,
        "stdev": 2.35687613487,
        "var": 5.55486536026
    },
    "spectral_decrease": {
        "dmean": 6.3115457305e-10,
        "dmean2": 6.30123508927e-10,
        "dvar": 1.56211652474e-18,
        "dvar2": 2.51804676566e-18,
        "max": -2.38222577703e-18,
        "mean": -8.10619216196e-09,
        "median": -8.65342464351e-09,
        "min": -1.25494672432e-08,
        "stdev": 3.40441475011e-09,
        "var": 1.15900403256e-17
    },
    "spectral_energy": {
        "dmean": 0.00271774153225,
        "dmean2": 0.00275580212474,
        "dvar": 2.83486060653e-05,
        "dvar2": 4.66215460619e-05,
        "max": 0.0532626770437,
        "mean": 0.0340876057744,
        "median": 0.0363221392035,
        "min": 4.22723731019e-11,
        "stdev": 0.0143981734291,
        "var": 0.000207307384699
    },
    "spectral_energyband_high": {
        "dmean": 1.07919622678e-05,
        "dmean2": 1.37785418701e-05,
        "dvar": 5.25618937264e-10,
        "dvar2": 1.35437816517e-09,
        "max": 0.000157487069373,
        "mean": 2.52935860772e-05,
        "median": 1.23992194858e-05,
        "min": 2.27785394713e-11,
        "stdev": 3.06011970679e-05,
        "var": 9.36433153242e-10
    },
    "spectral_energyband_low": {
        "dmean": 7.64175354107e-08,
        "dmean2": 1.22024772509e-07,
        "dvar": 2.19223527813e-14,
        "dvar2": 4.99032137499e-14,
        "max": 9.18181967791e-07,
        "mean": 9.53522700797e-08,
        "median": 6.95776876114e-08,
        "min": 7.58114838267e-12,
        "stdev": 1.25004049778e-07,
        "var": 1.5626012989e-14
    },
    "spectral_energyband_middle_high": {
        "dmean": 0.00247155246325,
        "dmean2": 0.00277854362503,
        "dvar": 2.22079979721e-05,
        "dvar2": 3.94154703827e-05,
        "max": 0.0452580265701,
        "mean": 0.0285182669759,
        "median": 0.0299248024821,
        "min": 3.74836143027e-12,
        "stdev": 0.0122172161937,
        "var": 0.000149260362377
    },
    "spectral_energyband_middle_low": {
        "dmean": 0.000491752580274,
        "dmean2": 0.000410455977544,
        "dvar": 5.80039909437e-07,
        "dvar2": 5.04736590301e-07,
        "max": 0.00966629106551,
        "mean": 0.0057807341218,
        "median": 0.00581299420446,
        "min": 1.93784484986e-12,
        "stdev": 0.00251595675945,
        "var": 6.33003810435e-06
    },
    "spectral_entropy": {
        "dmean": 0.168877482414,
        "dmean2": 0.178959459066,
        "dvar": 0.0811943933368,
        "dvar2": 0.0877967625856,
        "max": 8.96216011047,
        "mean": 5.6147441864,
        "median": 5.44023036957,
        "min": 5.02579689026,
        "stdev": 0.684743583202,
        "var": 0.468873739243
    },
    "spectral_flux": {
        "dmean": 0.00980815943331,
        "dmean2": 0.0126245217398,
        "dvar": 0.00032312356052,
        "dvar2": 0.00047312679817,
        "max": 0.148615196347,
        "mean": 0.0178968254477,
        "median": 0.00951517187059,
        "min": 0.00126675446518,
        "stdev": 0.0246368888766,
        "var": 0.000606976274867
    },
    "spectral_kurtosis": {
        "dmean": 15.8217964172,
        "dmean2": 28.1139907837,
        "dvar": 111.936103821,
        "dvar2": 275.196105957,
        "max": 56.8404197693,
        "mean": 26.3831195831,
        "median": 26.7384185791,
        "min": 3.08983898163,
        "stdev": 13.900097847,
        "var": 193.212722778
    },
    "spectral_rms": {
        "dmean": 0.000305701571051,
        "dmean2": 0.000256180705037,
        "dvar": 3.95765198391e-07,
        "dvar2": 3.86842543776e-07,
        "max": 0.00720857735723,
        "mean": 0.00550193106756,
        "median": 0.00595283415169,
        "min": 2.03079636663e-07,
        "stdev": 0.00172770395875,
        "var": 2.9849609291e-06
    },
    "spectral_rolloff": {
        "dmean": 337.574371338,
        "dmean2": 401.728820801,
        "dvar": 4464587,
        "dvar2": 4483155,
        "max": 18497.0214844,
        "mean": 1709.60620117,
        "median": 1345.82519531,
        "min": 1205.859375,
        "stdev": 2090.74755859,
        "var": 4371225.5
    },
    "spectral_skewness": {
        "dmean": 1.17716836929,
        "dmean2": 2.06752300262,
        "dvar": 0.667415082455,
        "dvar2": 1.633441329,
        "max": 5.57288742065,
        "mean": 3.06700539589,
        "median": 3.02164840698,
        "min": 1.51550984383,
        "stdev": 1.01640307903,
        "var": 1.03307533264
    },
    "spectral_spread": {
        "dmean": 450428.0625,
        "dmean2": 612524.6875,
        "dvar": 1.92362328883e+12,
        "dvar2": 1.58256909517e+12,
        "max": 14331248,
        "mean": 1822319.125,
        "median": 1516596.25,
        "min": 1070645.125,
        "stdev": 1615502.5,
        "var": 2.60984851661e+12
    },
    "spectral_strongpeak": {
        "dmean": 0.55364048481,
        "dmean2": 0.887538790703,
        "dvar": 1.08131670952,
        "dvar2": 2.17711639404,
        "max": 7.67069768906,
        "mean": 5.42167806625,
        "median": 5.54925251007,
        "min": 0,
        "stdev": 2.11603236198,
        "var": 4.47759342194
    },
    "zerocrossingrate": {
        "dmean": 0.00878155045211,
        "dmean2": 0.00727844238281,
        "dvar": 0.00157900946215,
        "dvar2": 0.0010110118892,
        "max": 0.47802734375,
        "mean": 0.0538736991584,
        "median": 0.03955078125,
        "min": 0.0224609375,
        "stdev": 0.0557262897491,
        "var": 0.00310541922227
    },
    "barkbands": {
        "dmean": [5.85363135741e-09, 5.96241491735e-08, 1.12488587334e-08, 7.32091143263e-09, 6.20788966899e-08, 4.07118677686e-05, 0.000457940244814, 2.82705559584e-06, 6.67378571961e-06, 0.000624671985861, 9.21825812839e-06, 0.00126822164748, 0.000236964668147, 0.000497019966133, 1.56972673722e-05, 0.000236771069467, 0.000135219524964, 9.05428969418e-05, 3.98580341425e-05, 1.99715032068e-05, 3.24527741213e-06, 1.97393842427e-06, 4.05876818377e-07, 1.19739397064e-07, 4.50219594939e-08, 1.75447922857e-08, 8.4283628965e-09],
        "dmean2": [9.69897051561e-09, 9.64889679267e-08, 1.7435118238e-08, 1.24545946889e-08, 9.71319735754e-08, 3.55699994543e-05, 0.000348075438524, 4.13810357713e-06, 1.26984405142e-05, 0.000637606543023, 1.26758550323e-05, 0.00143101683352, 0.000241257977905, 0.000569538562559, 2.64997288468e-05, 0.000286372873234, 0.000163393589901, 0.000109357381007, 4.70497470815e-05, 2.34756789723e-05, 4.12720419263e-06, 2.39993028117e-06, 5.59372040243e-07, 1.44027467286e-07, 5.70293536839e-08, 2.37265229686e-08, 1.31048825125e-08],
        "dvar": [2.66780901497e-17, 1.18882971501e-14, 1.17827608683e-15, 1.22679024299e-16, 2.67954502174e-14, 4.21099910497e-09, 4.39409774344e-07, 1.70950073541e-10, 1.01268526898e-09, 1.84961743344e-06, 1.22995280627e-09, 3.70655698134e-06, 7.94844936536e-08, 4.98422082273e-07, 2.49174125777e-09, 1.14663215811e-07, 4.68712784141e-08, 2.03270911214e-08, 3.29548344169e-09, 1.27103916281e-09, 4.7439354528e-11, 1.35235702844e-11, 5.26973755431e-13, 3.4432509334e-14, 2.19288359715e-15, 3.49761847369e-16, 1.18983750422e-16],
        "dvar2": [7.1268505149e-17, 2.64162386491e-14, 2.74472217415e-15, 3.16532162513e-16, 6.65061538827e-14, 6.10876726981e-09, 3.23201305719e-07, 4.17808676545e-10, 3.02201375035e-09, 2.66297115559e-06, 2.53541876383e-09, 7.23647963241e-06, 6.27883522952e-08, 9.82523147286e-07, 6.66088695311e-09, 2.46470420961e-07, 1.15202155371e-07, 5.1307264215e-08, 7.98507571176e-09, 3.19736237486e-09, 1.234352065e-10, 3.38187776394e-11, 1.33385978044e-12, 6.94869034816e-14, 3.0660364994e-15, 6.57270091438e-16, 2.34388548414e-16],
        "max": [3.46737962786e-08, 6.16186980551e-07, 2.23144411393e-07, 6.92594710472e-08, 9.13400640457e-07, 0.000742959207855, 0.00863092578948, 8.61313164933e-05, 0.000186102523003, 0.0141531042755, 0.000229182915064, 0.0205508135259, 0.00357405282557, 0.00666835159063, 0.000318887439789, 0.00294900126755, 0.00176392379217, 0.00114001450129, 0.000458005262772, 0.000239683227846, 4.81016249978e-05, 2.44291240961e-05, 4.72942474516e-06, 1.58460670718e-06, 5.34866501312e-07, 1.82516785685e-07, 9.15640541166e-08],
        "mean": [6.26525231695e-09, 8.01020902941e-08, 8.54811421647e-09, 5.67033708876e-09, 5.013988158e-08, 0.000449035316706, 0.00508485781029, 1.96900782612e-06, 4.42232612841e-06, 0.00849027652293, 6.60789919493e-06, 0.0125621762127, 0.00196724594571, 0.00310727069154, 1.2509656699e-05, 0.00123074988369, 0.000576553400606, 0.000377561664209, 0.000149633458932, 5.35502804269e-05, 7.53714857638e-06, 4.32610249845e-06, 7.62192030379e-07, 3.19368666624e-07, 1.31353260713e-07, 4.91916374301e-08, 2.28462671004e-08],
        "median": [4.18983825412e-09, 5.82203689703e-08, 3.27171534309e-09, 2.37331354569e-09, 1.22127978841e-08, 0.000448561972007, 0.00519511895254, 8.10220797121e-08, 2.98927659514e-07, 0.00872018840164, 7.6530534443e-07, 0.012656532228, 0.00213674060069, 0.00319519359618, 2.3058169063e-06, 0.00113233970478, 0.000508046010509, 0.000337632372975, 0.000111429464596, 3.33737007168e-05, 3.74229057343e-06, 1.33476646624e-06, 2.92328877549e-07, 1.68945433643e-07, 9.09766129098e-08, 4.33514699694e-08, 1.25350556601e-08],
        "min": [6.20406850893e-12, 3.72560446035e-12, 7.32516044349e-13, 4.53312111156e-13, 6.46082742427e-13, 1.40362683499e-13, 1.73745566545e-13, 2.4229134866e-13, 1.58504584241e-13, 3.61651111619e-13, 2.90829263883e-13, 1.08872383765e-13, 3.82700110751e-13, 1.93035501863e-13, 2.59751394656e-13, 6.62935201526e-13, 6.6259796044e-13, 3.40918292945e-13, 2.54702617504e-13, 6.6131540348e-13, 1.55394783413e-12, 1.02428135418e-12, 1.41750727909e-12, 2.24911018629e-12, 2.72883603734e-12, 4.88897724388e-12, 9.50476589795e-12],
        "stdev": [5.75249359258e-09, 9.51628607027e-08, 2.72585172212e-08, 9.29418941809e-09, 1.50074924932e-07, 0.000189674203284, 0.00228978390805, 1.06631478047e-05, 2.30190235015e-05, 0.00397008657455, 3.00900555885e-05, 0.00550196506083, 0.000878115126397, 0.00167449458968, 4.37185808551e-05, 0.000820325687528, 0.000436765694758, 0.000281751475995, 0.000131103224703, 5.83887594985e-05, 8.69744872034e-06, 5.83117480346e-06, 1.04128116618e-06, 3.9934019469e-07, 1.29407354166e-07, 4.00357222929e-08, 2.20446754184e-08],
        "var": [3.30911850429e-17, 9.05596974634e-15, 7.43026724573e-16, 8.63819618257e-17, 2.25224840947e-14, 3.59763028257e-08, 5.24311053596e-06, 1.13702713911e-10, 5.29875421318e-10, 1.57615886565e-05, 9.05411468022e-10, 3.02716216538e-05, 7.71086206441e-07, 2.8039321478e-06, 1.91131444005e-09, 6.72934220347e-07, 1.90764268382e-07, 7.93838950131e-08, 1.7188053647e-08, 3.40924710684e-09, 7.56456078332e-11, 3.40025993473e-11, 1.08426635725e-12, 1.59472587045e-13, 1.67462648837e-14, 1.60285908081e-15, 4.85967736372e-16]
    },
    "erbbands": {
        "dmean": [2.34480444306e-06, 1.12367570182e-05, 1.26137456391e-05, 2.38032043853e-05, 6.75531919114e-05, 0.000684662605636, 0.0211434457451, 0.886038720608, 8.16966915131, 0.766486644745, 0.0654179230332, 0.336227238178, 14.3533906937, 8.83444976807, 1.20042836666, 44.4320068359, 17.2520923615, 9.92622566223, 18.0106258392, 9.25955677032, 5.97670507431, 9.51842880249, 6.12356567383, 2.88571119308, 1.39407813549, 0.573868751526, 0.21813172102, 0.0992253124714, 0.0685338973999, 0.0336542017758, 0.00996781140566, 0.00405367277563, 0.00107885175385, 0.000595733756199, 0.00028932094574, 9.87653256743e-05, 2.84967118205e-05, 9.81578978099e-06, 2.68875032816e-06, 3.43512533618e-06],
        "dmean2": [3.83067663279e-06, 1.82398161996e-05, 1.96449200303e-05, 3.55233460141e-05, 7.64215656091e-05, 0.000704485282768, 0.02514818497, 0.675795733929, 6.21109056473, 0.705107629299, 0.0853627771139, 0.355046868324, 15.6620759964, 8.50640487671, 1.11455047131, 50.8145523071, 17.2708930969, 12.207947731, 19.6845874786, 11.1202068329, 7.36931180954, 11.5141983032, 7.45616912842, 3.47743940353, 1.59855723381, 0.696673989296, 0.280025869608, 0.122936762869, 0.082657828927, 0.0436084680259, 0.0135329561308, 0.00463771261275, 0.0013543512905, 0.000787701457739, 0.000391304813093, 0.000128418774693, 3.88660009776e-05, 1.56069290824e-05, 3.21664629155e-06, 3.54927442459e-06],
        "dvar": [1.25281295754e-11, 5.21767573591e-10, 9.99684890424e-10, 2.96524471644e-09, 1.13922871137e-08, 1.61615230354e-06, 0.00241443375126, 2.03715777397, 141.649169922, 1.11857938766, 0.0457334704697, 0.413602203131, 1009.96405029, 305.528381348, 3.39641356468, 4621.80566406, 1084.73278809, 202.863006592, 669.350097656, 161.669219971, 74.6140136719, 233.983932495, 96.294708252, 18.31042099, 4.70196199417, 1.22581410408, 0.224876433611, 0.0371262393892, 0.0159052088857, 0.00373828690499, 0.000302413041936, 3.57548087777e-05, 3.32099784828e-06, 3.68600524325e-07, 9.52878522753e-08, 1.18723191278e-08, 8.68323468683e-10, 1.3291356904e-10, 1.44648893557e-11, 4.35984928715e-11],
        "dvar2": [2.88223021838e-11, 1.15778087117e-09, 2.35051134112e-09, 7.06757496971e-09, 1.8118447187e-08, 3.45223702425e-06, 0.00591747462749, 1.94545328617, 104.710540771, 1.46746492386, 0.112156040967, 0.663547039032, 1645.58081055, 358.863220215, 4.62198448181, 8762.53515625, 1559.42504883, 467.188201904, 1144.58862305, 353.114776611, 160.174331665, 575.041931152, 243.654312134, 44.8552131653, 11.5976724625, 3.12806534767, 0.586133420467, 0.0952429175377, 0.040084194392, 0.00907438341528, 0.000752561551053, 7.4438728916e-05, 6.79055347064e-06, 5.13920156209e-07, 1.55553124159e-07, 2.50242031541e-08, 1.52009371757e-09, 3.32406213666e-10, 2.52797730665e-11, 7.37935754169e-11],
        "max": [2.05078467843e-05, 0.000128384199343, 0.000206786906347, 0.0003686073469, 0.000841436558403, 0.0103099895641, 0.36892002821, 18.2078933716, 154.781097412, 11.9341897964, 1.4813709259, 6.38345479965, 312.285888672, 199.63218689, 17.9852638245, 722.857666016, 362.727203369, 113.501853943, 271.124420166, 112.467658997, 75.4668579102, 124.158599854, 77.6174850464, 33.1376800537, 16.2716560364, 7.61373853683, 3.29523038864, 1.32728421688, 0.850477337837, 0.401668608189, 0.1142058447, 0.0549780800939, 0.013877959922, 0.00672859372571, 0.00350387603976, 0.0010005722288, 0.00029327836819, 0.000112459521915, 4.4098131184e-05, 6.58436620142e-05],
        "mean": [3.5937107441e-06, 1.82105632121e-05, 2.19128851313e-05, 7.56222507334e-05, 0.000510328332894, 0.00639265077189, 0.180091530085, 10.9094667435, 91.23777771, 7.05231428146, 0.388406693935, 3.934633255, 192.170654297, 113.058563232, 12.2723722458, 447.079162598, 242.240829468, 56.4486083984, 121.895729065, 45.585735321, 31.9791660309, 41.3508148193, 25.0074234009, 11.3390207291, 4.72741699219, 1.50708818436, 0.519910633564, 0.227146819234, 0.152928173542, 0.0704210922122, 0.0198721289635, 0.0109498891979, 0.00286569213495, 0.00161325105, 0.000863074848894, 0.000265351758571, 9.60160105024e-05, 3.34814139933e-05, 2.33294067584e-05, 4.16072289227e-05],
        "median": [3.13324608214e-06, 1.42899643834e-05, 1.73470016307e-05, 6.84524566168e-05, 0.000506062759086, 0.00657977536321, 0.183077901602, 11.2475500107, 93.19921875, 7.12351703644, 0.355259299278, 3.99238157272, 196.68939209, 114.908233643, 13.5127325058, 460.24230957, 254.120544434, 57.9946212769, 125.621246338, 41.6728172302, 29.8413925171, 36.4848556519, 21.9722099304, 9.47115325928, 3.34291267395, 0.915498495102, 0.289579033852, 0.0963098108768, 0.0506506338716, 0.0228711143136, 0.00842793378979, 0.00594193954021, 0.00184088794049, 0.00115926889703, 0.000600392580964, 0.000199260102818, 8.84267210495e-05, 2.65161179414e-05, 2.37459425989e-05, 4.41993688582e-05],
        "min": [1.98060179368e-10, 5.41886924221e-10, 8.87449447262e-10, 1.25804711093e-09, 1.93530658166e-09, 2.16637041639e-09, 1.27527755023e-09, 1.29971322593e-09, 2.44957321094e-09, 3.05812752899e-09, 6.16614226345e-09, 3.47911788268e-09, 9.55136414404e-09, 9.46807077185e-09, 1.08665281218e-08, 5.35552580061e-09, 1.55203032648e-08, 1.2657355164e-08, 9.61874047078e-09, 3.51881688232e-08, 2.09739994261e-08, 3.65065027097e-08, 2.30418137903e-08, 1.13692051329e-08, 1.7719836265e-08, 3.02422442644e-08, 5.66138211866e-08, 5.76557717125e-08, 5.05153714414e-08, 2.05401065045e-08, 4.29394226842e-08, 5.00106480672e-08, 3.91888121953e-08, 2.94108044585e-08, 2.07444248446e-08, 2.44799451821e-08, 7.63844809626e-09, 4.40715286487e-09, 1.12923637108e-09, 1.41357869854e-10],
        "stdev": [3.08763583234e-06, 1.95044467546e-05, 2.49592503678e-05, 4.58898175566e-05, 0.0001994704362, 0.00257561332546, 0.0753839090466, 4.7969956398, 41.1083488464, 3.05755257607, 0.192497372627, 1.71044814587, 89.1198730469, 52.8283042908, 4.47228527069, 193.089645386, 103.482818604, 28.4046401978, 65.5804748535, 29.9530162811, 20.9477558136, 31.1878376007, 18.9197120667, 9.3090133667, 4.40845775604, 1.6616692543, 0.602510988712, 0.265444546938, 0.201273798943, 0.0966341048479, 0.0265900138766, 0.013506279327, 0.00334841036238, 0.00154246704187, 0.000868721515872, 0.000216438682401, 6.80017692503e-05, 2.50948978646e-05, 1.12065554276e-05, 1.77175534191e-05],
        "var": [9.53349465344e-12, 3.80423470503e-10, 6.22964180241e-10, 2.105875474e-09, 3.97884569736e-08, 6.63378341415e-06, 0.00568273384124, 23.0111675262, 1689.89648438, 9.34862709045, 0.0370552390814, 2.92563271523, 7942.35205078, 2790.82983398, 20.001335144, 37283.6132812, 10708.6943359, 806.823608398, 4300.79833984, 897.183166504, 438.808502197, 972.681213379, 357.955505371, 86.6577377319, 19.4344997406, 2.76114463806, 0.363019526005, 0.0704608112574, 0.0405111424625, 0.00933815073222, 0.000707028841134, 0.000182419578778, 1.12118514153e-05, 2.37920448853e-06, 7.54677046189e-07, 4.68457024283e-08, 4.62424054604e-09, 6.29753915682e-10, 1.25586888111e-10, 3.13911702188e-10]
    },
    "gfcc": {
        "mean": [-149.896514893, 74.7897262573, -270.840332031, -76.7345809937, -59.9353408813, -33.0478057861, -34.0899276733, -11.6317443848, -6.982899189, 9.57112503052, 24.7655067444, 22.6220207214, 10.1337165833],
        "cov": [[17243.0039062, 839.295654297, -4775.09716797, -1301.67297363, -744.482910156, -1090.78393555, -304.846740723, -424.91696167, 197.844238281, 35.0301971436, 806.156738281, 477.256317139, 532.89666748], [839.295654297, 657.238647461, -237.692825317, -320.428588867, 87.4528961182, -119.900283813, 19.4739322662, -16.1371173859, -11.8467102051, 41.0437736511, 99.2280502319, 26.15625, 34.9674263], [-4775.09716797, -237.692825317, 1527.73864746, 408.514129639, 152.298492432, 387.215148926, 40.2892875671, 164.925125122, -71.0447692871, 11.4208755493, -254.507904053, -141.878692627, -201.461303711], [-1301.67297363, -320.428588867, 408.514129639, 308.977111816, -32.3080635071, 138.822174072, 26.368768692, 33.141872406, 1.10096621513, -7.48631954193, -95.1519470215, -39.0348472595, -60.8200149536], [-744.482910156, 87.4528961182, 152.298492432, -32.3080635071, 93.2411499023, -2.99224185944, 32.9005126953, 20.0701446533, -19.2206287384, 6.73040819168, -17.9209537506, -17.7341804504, -0.759858131409], [-1090.78393555, -119.900283813, 387.215148926, 138.822174072, -2.99224185944, 141.515380859, -15.8052530289, 36.6870117188, -3.29101252556, -7.15801620483, -59.9504508972, -36.6277885437, -60.763168335], [-304.846740723, 19.4739322662, 40.2892875671, 26.368768692, 32.9005126953, -15.8052530289, 62.8625335693, 7.51969003677, -0.0500867404044, 9.37020969391, -21.9198760986, -11.4168586731, 5.51435899734], [-424.91696167, -16.1371173859, 164.925125122, 33.141872406, 20.0701446533, 36.6870117188, 7.51969003677, 35.4172897339, -13.2423591614, 11.1700401306, -29.5814800262, -16.7694625854, -16.0883293152], [197.844238281, -11.8467102051, -71.0447692871, 1.10096621513, -19.2206287384, -3.29101252556, -0.0500867404044, -13.2423591614, 18.9956703186, -6.61527013779, 14.2970676422, 6.88817501068, 10.1199836731], [35.0301971436, 41.0437736511, 11.4208755493, -7.48631954193, 6.73040819168, -7.15801620483, 9.37020969391, 11.1700401306, -6.61527013779, 17.4711589813, -4.56326580048, 0.171382263303, 4.17308425903], [806.156738281, 99.2280502319, -254.507904053, -95.1519470215, -17.9209537506, -59.9504508972, -21.9198760986, -29.5814800262, 14.2970676422, -4.56326580048, 64.661277771, 27.805606842, 35.5460624695], [477.256317139, 26.15625, -141.878692627, -39.0348472595, -17.7341804504, -36.6277885437, -11.4168586731, -16.7694625854, 6.88817501068, 0.171382263303, 27.805606842, 21.6566028595, 18.0929794312], [532.89666748, 34.9674263, -201.461303711, -60.8200149536, -0.759858131409, -60.763168335, 5.51435899734, -16.0883293152, 10.1199836731, 4.17308425903, 35.5460624695, 18.0929794312, 49.0491676331]],
        "icov": [[0.0109292967245, -0.00541122769937, 0.0366333834827, 0.00674665952101, 0.0438418239355, -0.00537137687206, 0.00886957440525, -0.056450471282, 0.00960708223283, -0.0189893003553, 0.00310897454619, -0.0209750849754, 0.0235765594989], [-0.00541122769937, 0.0161362104118, -0.0233536809683, 0.00973281264305, -0.0215184874833, 0.00206209719181, -0.020089590922, 0.0438673086464, -0.00379421957768, -0.0291005577892, -0.0388493686914, 0.0193823501468, 0.00656577758491], [0.0366333834827, -0.0233536809683, 0.141449466348, 0.0128152724355, 0.122088558972, -0.0457149744034, 0.0375636518002, -0.205978572369, 0.0386591926217, -0.054874394089, 0.0394562333822, -0.0817761644721, 0.0872521921992], [0.00674665952101, 0.00973281264305, 0.0128152724355, 0.0307890325785, 0.0438296422362, -0.0113055258989, -0.0238967593759, -0.0134663591161, 0.0168789122254, -0.0370562151074, -0.0272095426917, -0.014212529175, 0.0201511979103], [0.0438418239355, -0.0215184874833, 0.122088558972, 0.0438296422362, 0.242542490363, 0.00481603015214, 0.00724954437464, -0.214188173413, 0.0683482810855, -0.0475698560476, -0.0127302668989, -0.0706871896982, 0.0587254799902], [-0.00537137687206, 0.00206209719181, -0.0457149744034, -0.0113055258989, 0.00481603015214, 0.114795938134, 0.0390242524445, 0.0184097718447, -0.0899987593293, 0.0036391725298, -0.0180975664407, 0.0800207480788, 0.000896613753866], [0.00886957440525, -0.020089590922, 0.0375636518002, -0.0238967593759, 0.00724954437464, 0.0390242524445, 0.0927507057786, -0.0667645037174, -0.0665233582258, -0.0108949020505, 0.0676393732429, 0.0216669924557, 0.0163843408227], [-0.056450471282, 0.0438673086464, -0.205978572369, -0.0134663591161, -0.214188173413, 0.0184097718447, -0.0667645037174, 0.41079685092, -0.0193542465568, 0.00851878896356, -0.0577884688973, 0.141547009349, -0.126013413072], [0.00960708223283, -0.00379421957768, 0.0386591926217, 0.0168789122254, 0.0683482810855, -0.0899987593293, -0.0665233582258, -0.0193542465568, 0.211026698351, 0.0370219871402, -0.0274356380105, -0.0772169157863, -0.0295823402703], [-0.0189893003553, -0.0291005577892, -0.054874394089, -0.0370562151074, -0.0475698560476, 0.0036391725298, -0.0108949020505, 0.00851878896356, 0.0370219871402, 0.273202747107, 0.0977356806397, -0.0413057617843, -0.122965224087], [0.00310897454619, -0.0388493686914, 0.0394562333822, -0.0272095426917, -0.0127302668989, -0.0180975664407, 0.0676393732429, -0.0577884688973, -0.0274356380105, 0.0977356806397, 0.194043517113, -0.0647477954626, -0.0463318824768], [-0.0209750849754, 0.0193823501468, -0.0817761644721, -0.014212529175, -0.0706871896982, 0.0800207480788, 0.0216669924557, 0.141547009349, -0.0772169157863, -0.0413057617843, -0.0647477954626, 0.249391570687, -0.0230352580547], [0.0235765594989, 0.00656577758491, 0.0872521921992, 0.0201511979103, 0.0587254799902, 0.000896613753866, 0.0163843408227, -0.126013413072, -0.0295823402703, -0.122965224087, -0.0463318824768, -0.0230352580547, 0.16040430963]]
    },
    "melbands": {
        "dmean": [1.86587598705e-08, 9.13534847768e-09, 4.47966153061e-09, 6.36206021198e-09, 3.39757690426e-07, 2.97297247016e-05, 0.000106051717012, 2.05853848456e-06, 3.84534388331e-07, 9.89913814919e-07, 7.97738030087e-05, 4.92707913509e-05, 1.18924788239e-06, 4.18491072196e-05, 0.000161881791428, 4.3292106966e-06, 2.46874278673e-05, 4.21187687607e-05, 1.06706784209e-06, 2.54156857409e-05, 1.57032525294e-06, 1.24832577058e-05, 2.16975672629e-06, 6.4655037022e-06, 1.87050329714e-06, 1.41288501254e-06, 9.02286728888e-07, 2.92572991611e-07, 1.34289834364e-07, 7.7262413356e-08, 4.99202030824e-08, 4.02616997519e-08, 2.86397714433e-08, 1.51845220842e-08, 6.65496235897e-09, 2.96892754825e-09, 2.16256013097e-09, 8.63605686963e-10, 4.51147591507e-10, 5.39686573209e-10],
        "dmean2": [3.0168433085e-08, 1.45881102753e-08, 7.19493842283e-09, 9.6417176465e-09, 5.7034526435e-07, 2.30111527344e-05, 8.08186814538e-05, 2.99089947475e-06, 5.99254860845e-07, 1.73880050625e-06, 8.49981224746e-05, 4.695043026e-05, 1.54331439717e-06, 5.04515228386e-05, 0.000179533424671, 6.16654460828e-06, 3.05274988932e-05, 4.61549316242e-05, 1.54484041559e-06, 3.04359491565e-05, 1.97953909264e-06, 1.52738630277e-05, 2.64540835815e-06, 7.72789280745e-06, 2.2298879685e-06, 1.65007600117e-06, 1.0060753084e-06, 3.85605147812e-07, 1.73101312839e-07, 9.66230615518e-08, 6.13664710158e-08, 4.90036242695e-08, 3.57841152265e-08, 2.03275263289e-08, 9.4264507311e-09, 3.3998548421e-09, 2.63527555333e-09, 1.18814114103e-09, 5.48784906407e-10, 7.64524554775e-10],
        "dvar": [9.47317836561e-16, 4.55385664751e-16, 1.01590200166e-16, 1.656565496e-16, 1.50001257075e-12, 2.35653696556e-09, 2.3289713269e-08, 4.60756571785e-11, 2.33993900645e-12, 1.6302141928e-11, 3.1729662453e-08, 1.02321964235e-08, 1.89357054342e-11, 3.0344267099e-09, 8.72412115882e-08, 6.81847564521e-11, 1.19940324339e-09, 3.75225228666e-09, 6.98514249914e-12, 1.31631983091e-09, 5.2044657646e-12, 4.06148087384e-10, 1.09882797306e-11, 1.04919177513e-10, 6.99088226544e-12, 4.17170074526e-12, 2.1915544466e-12, 4.13616894641e-13, 8.48765841139e-14, 2.55693039577e-14, 8.95427751179e-15, 5.51071292209e-15, 2.7338807877e-15, 7.41652678314e-16, 1.40498016706e-16, 1.76284133023e-17, 1.00673538463e-17, 2.63345789985e-18, 2.36858050225e-19, 3.44560714141e-19],
        "dvar2": [2.10815891484e-15, 1.05680722115e-15, 2.40557542309e-16, 2.64415972274e-16, 4.06343968889e-12, 2.34557817613e-09, 1.68511427034e-08, 1.11069139996e-10, 5.86510224068e-12, 4.79336154102e-11, 4.96503353986e-08, 1.20397869452e-08, 3.39360935186e-11, 5.79243319976e-09, 1.50341406879e-07, 2.01370142783e-10, 2.74681122292e-09, 6.61941745861e-09, 1.74739996778e-11, 2.88355073153e-09, 1.09912764654e-11, 1.00787722612e-09, 2.66134145971e-11, 2.64336497136e-10, 1.70099559438e-11, 1.00707229014e-11, 5.40434147087e-12, 1.07403777712e-12, 2.21052776778e-13, 6.6504439488e-14, 2.27960757367e-14, 1.39383692983e-14, 6.58992607052e-15, 1.8354600456e-15, 3.55267640935e-16, 3.67483093497e-17, 2.08225811639e-17, 5.73269748032e-18, 3.35209592413e-19, 4.88589945236e-19],
        "max": [1.80787282034e-07, 1.30174001356e-07, 6.66396857696e-08, 8.81311095213e-08, 7.88510169514e-06, 0.000613370968495, 0.0019910952542, 4.35357505921e-05, 9.82322944765e-06, 2.32718393818e-05, 0.00176610832568, 0.00114756042603, 2.87615112029e-05, 0.000545823422726, 0.0030845166184, 5.09961355419e-05, 0.000279221334495, 0.000626408029348, 1.79397084139e-05, 0.000313408556394, 1.79945291165e-05, 0.00016150517331, 2.79348550976e-05, 8.17275431473e-05, 2.08442288567e-05, 1.66786248883e-05, 1.03500669866e-05, 4.38519737145e-06, 2.02754404199e-06, 1.12043244371e-06, 6.42552834051e-07, 4.96260781802e-07, 3.50554699935e-07, 1.76850065259e-07, 7.55678186692e-08, 3.91077961126e-08, 2.81274754599e-08, 1.16318723542e-08, 4.6791783781e-09, 6.44870867816e-09],
        "mean": [2.45104754271e-08, 1.07035837971e-08, 3.53428397659e-09, 6.39464259322e-09, 2.39044993577e-07, 0.00036716402974, 0.00117303978186, 6.15932094661e-06, 2.67207298066e-07, 6.58250883134e-07, 0.00109026953578, 0.000653850729577, 9.61513023867e-07, 0.000313449330861, 0.00201020529494, 2.18834902626e-05, 0.000130917513161, 0.000282961002085, 1.49602533384e-06, 0.00012938134023, 8.80909919942e-06, 5.16666150361e-05, 9.44973453443e-06, 2.80871572613e-05, 6.62116099193e-06, 5.44373824596e-06, 2.56787984654e-06, 6.55359258417e-07, 3.21621939747e-07, 1.82934414283e-07, 1.10943510379e-07, 8.787986161e-08, 6.49548255183e-08, 2.9182016803e-08, 1.21305676615e-08, 7.95860444214e-09, 5.59199575534e-09, 2.09723793887e-09, 1.20758480993e-09, 1.34169919619e-09],
        "median": [1.90996161109e-08, 7.29847737801e-09, 1.16032672359e-09, 2.23789653475e-09, 1.09441042895e-08, 0.000379299250199, 0.00119820644613, 5.2378932196e-06, 1.32910722428e-08, 4.36805116522e-08, 0.00111670792103, 0.000667479936965, 1.07405782046e-07, 0.000297783029964, 0.00215116911568, 2.3127096938e-05, 0.000134765083203, 0.00029170938069, 8.11165421055e-07, 0.00011861785606, 8.67715334607e-06, 4.60583323729e-05, 8.37475636217e-06, 2.53126199823e-05, 4.87864781462e-06, 4.04815546062e-06, 1.66739050655e-06, 3.41914983437e-07, 1.81248339004e-07, 9.10262087928e-08, 4.20955998948e-08, 2.75805120964e-08, 2.17008082615e-08, 8.69625615962e-09, 4.89733675835e-09, 4.49220483034e-09, 3.11085979199e-09, 1.07686182194e-09, 1.02667241375e-09, 9.31639654311e-10],
        "min": [1.7000780124e-12, 5.29017693367e-13, 2.38212444562e-13, 1.50446061858e-13, 5.55993612424e-14, 2.97032262339e-14, 3.71195079069e-14, 3.63030630134e-14, 5.12421492228e-14, 1.89144506942e-14, 4.91781908165e-14, 3.87014164748e-14, 4.04801517827e-14, 1.19400406988e-14, 2.20657825643e-14, 4.10929631794e-14, 2.07129184816e-14, 1.46961148085e-14, 2.26920431501e-14, 6.74723203199e-14, 1.32274257465e-14, 3.21435857532e-14, 4.10897681711e-14, 1.3353024639e-14, 7.53502383372e-15, 1.26816324437e-14, 1.52188561097e-14, 1.93097575825e-14, 3.8502231595e-14, 3.6009715175e-14, 2.91065355683e-14, 3.26457339894e-14, 1.33492028263e-14, 1.13534381956e-14, 2.14700642925e-14, 2.95518004598e-14, 3.45310836403e-14, 2.66173581521e-14, 2.75796231556e-14, 2.17823467054e-14],
        "stdev": [2.70960338611e-08, 1.76453447409e-08, 8.26747292848e-09, 1.38976199437e-08, 1.04150069546e-06, 0.000162310796441, 0.000528030330315, 5.22947948411e-06, 1.27359362523e-06, 3.0336520922e-06, 0.000507351127453, 0.000307860900648, 4.13058296544e-06, 0.000135309048346, 0.000872498436365, 9.3166681836e-06, 6.99735246599e-05, 0.000153165630763, 2.46024205808e-06, 8.70826115715e-05, 5.19125615028e-06, 3.97486146539e-05, 6.84313636157e-06, 2.07922093978e-05, 5.86200758335e-06, 4.76375498693e-06, 2.69260431196e-06, 8.14282600459e-07, 3.72568308649e-07, 2.07400702834e-07, 1.34503849836e-07, 1.17110232623e-07, 8.68493117423e-08, 4.09089722098e-08, 1.70269309763e-08, 9.4973886533e-09, 7.01272684367e-09, 2.69772160166e-09, 1.08059505788e-09, 1.40663070081e-09],
