{
"lowlevel": {
    "average_loudness": 0.962328493595,
    "barkbands_crest": {
        "dmean": 2.02338027954,
        "dmean2": 3.08807563782,
        "dvar": 8.43077087402,
        "dvar2": 17.5165920258,
        "max": 26.7393302917,
        "mean": 16.6999454498,
        "median": 15.6717529297,
        "min": 5.33456754684,
        "stdev": 5.11045455933,
        "var": 26.1167449951
    },
    "barkbands_flatness_db": {
        "dmean": 0.0354061722755,
        "dmean2": 0.0488375835121,
        "dvar": 0.00191286671907,
        "dvar2": 0.00373514019884,
        "max": 0.468091398478,
        "mean": 0.286877006292,
        "median": 0.291764378548,
        "min": 0.06212644279,
        "stdev": 0.0774405673146,
        "var": 0.00599704124033
    },
    "barkbands_kurtosis": {
        "dmean": 23.0317878723,
        "dmean2": 38.0843658447,
        "dvar": 4265.9609375,
        "dvar2": 10563.15625,
        "max": 768.633972168,
        "mean": 43.6283493042,
        "median": 23.5545158386,
        "min": -1.92150199413,
        "stdev": 68.946762085,
        "var": 4753.65576172
    },
    "barkbands_skewness": {
        "dmean": 1.23182809353,
        "dmean2": 1.85894346237,
        "dvar": 4.84168863297,
        "dvar2": 10.5616016388,
        "max": 25.9414958954,
        "mean": 4.697514534,
        "median": 4.05174350739,
        "min": -2.16726970673,
        "stdev": 3.05816650391,
        "var": 9.35238265991
    },
    "barkbands_spread": {
        "dmean": 4.9477519989,
        "dmean2": 7.26090049744,
        "dvar": 93.5866851807,
        "dvar2": 177.587112427,
        "max": 99.956741333,
        "mean": 9.39415454865,
        "median": 4.95938587189,
        "min": 0.345506489277,
        "stdev": 12.1417455673,
        "var": 147.421981812
    },
    "dissonance": {
        "dmean": 0.0393763668835,
        "dmean2": 0.0644260272384,
        "dvar": 0.00130984489806,
        "dvar2": 0.00272516952828,
        "max": 0.496032506227,
        "mean": 0.379777938128,
        "median": 0.384437859058,
        "min": 0.205810457468,
        "stdev": 0.0608910992742,
        "var": 0.00370772602037
    },
    "dynamic_complexity": 2.74919557571,
    "erbbands_crest": {
        "dmean": 2.44154763222,
        "dmean2": 3.63008594513,
        "dvar": 9.13510894775,
        "dvar2": 18.8790817261,
        "max": 29.8151607513,
        "mean": 15.3161020279,
        "median": 14.8647966385,
        "min": 2.87063646317,
        "stdev": 5.15738153458,
        "var": 26.5985851288
    },
    "erbbands_flatness_db": {
        "dmean": 0.0271541513503,
        "dmean2": 0.0379868745804,
        "dvar": 0.00120006594807,
        "dvar2": 0.00232509966008,
        "max": 0.402484238148,
        "mean": 0.259331047535,
        "median": 0.256922602654,
        "min": 0.0812517181039,
        "stdev": 0.0583302304149,
        "var": 0.00340241589583
    },
    "erbbands_kurtosis": {
        "dmean": 4.0287194252,
        "dmean2": 6.3612408638,
        "dvar": 74.1780090332,
        "dvar2": 170.999725342,
        "max": 89.7348098755,
        "mean": 6.62353515625,
        "median": 4.11005115509,
        "min": -1.81232213974,
        "stdev": 9.66491699219,
        "var": 93.4106216431
    },
    "erbbands_skewness": {
        "dmean": 0.636064052582,
        "dmean2": 0.95036894083,
        "dvar": 0.892870008945,
        "dvar2": 1.88638913631,
        "max": 8.59391784668,
        "mean": 2.03768634796,
        "median": 2.04017925262,
        "min": -2.81567192078,
        "stdev": 1.31845021248,
        "var": 1.7383108139
    },
    "erbbands_spread": {
        "dmean": 12.6019325256,
        "dmean2": 18.7281589508,
        "dvar": 362.310119629,
        "dvar2": 742.527954102,
        "max": 122.876937866,
        "mean": 32.3363075256,
        "median": 23.5621147156,
        "min": 3.05907773972,
        "stdev": 26.2563800812,
        "var": 689.397460938
    },
    "hfc": {
        "dmean": 4.41252088547,
        "dmean2": 6.0852098465,
        "dvar": 46.9173355103,
        "dvar2": 108.191970825,
        "max": 66.2416305542,
        "mean": 9.63917732239,
        "median": 6.21447467804,
        "min": 3.90003879147e-06,
        "stdev": 9.98489189148,
        "var": 99.698059082
    },
    "loudness_ebu128": {
        "integrated": -15.9205579758,
        "loudness_range": 2.25010585785,
        "momentary": {
            "dmean": 0.893845379353,
            "dmean2": 1.28054225445,
            "dvar": 0.641648352146,
            "dvar2": 1.13872873783,
            "max": -11.1052780151,
            "mean": -16.4215259552,
            "median": -16.6485691071,
            "min": -19.6290817261,
            "stdev": 2.00979590416,
            "var": 4.03927993774
        },
        "short_term": {
            "dmean": 0.15234939754,
            "dmean2": 0.154135018587,
            "dvar": 0.0228934530169,
            "dvar2": 0.020498489961,
            "max": -14.878074646,
            "mean": -16.6867656708,
            "median": -16.7825584412,
            "min": -18.101934433,
            "stdev": 0.757521748543,
            "var": 0.573839187622
        }
    },
    "melbands_crest": {
        "dmean": 2.20892834663,
        "dmean2": 3.44463133812,
        "dvar": 8.63481140137,
        "dvar2": 18.8770427704,
        "max": 31.9315509796,
        "mean": 20.879650116,
        "median": 20.7273387909,
        "min": 9.05954170227,
        "stdev": 5.62636613846,
        "var": 31.6559963226
    },
    "melbands_flatness_db": {
        "dmean": 0.0400816015899,
        "dmean2": 0.0546261258423,
        "dvar": 0.00258839293383,
        "dvar2": 0.00468575535342,
        "max": 0.573121488094,
        "mean": 0.348937362432,
        "median": 0.349541634321,
        "min": 0.042067065835,
        "stdev": 0.096443772316,
        "var": 0.00930140167475
    },
    "melbands_kurtosis": {
        "dmean": 21.602596283,
        "dmean2": 33.0519218445,
        "dvar": 1314.79602051,
        "dvar2": 3018.31567383,
        "max": 300.496734619,
        "mean": 54.1194839478,
        "median": 39.5545158386,
        "min": -1.78921401501,
        "stdev": 49.9329338074,
        "var": 2493.29785156
    },
    "melbands_skewness": {
        "dmean": 1.10038602352,
        "dmean2": 1.65346693993,
        "dvar": 2.06848454475,
        "dvar2": 4.91462564468,
        "max": 15.150976181,
        "mean": 5.21630954742,
        "median": 4.83990287781,
        "min": -0.230113044381,
        "stdev": 2.39050316811,
        "var": 5.71450567245
    },
    "melbands_spread": {
        "dmean": 5.0383348465,
        "dmean2": 7.68470907211,
        "dvar": 221.288314819,
        "dvar2": 483.471343994,
        "max": 155.244232178,
        "mean": 8.62425613403,
        "median": 4.32381439209,
        "min": 0.401344448328,
        "stdev": 15.2180404663,
        "var": 231.588745117
    },
    "pitch_salience": {
        "dmean": 0.0667196437716,
        "dmean2": 0.106554321945,
        "dvar": 0.00812406465411,
        "dvar2": 0.0182555057108,
        "max": 0.853554010391,
        "mean": 0.394871383905,
        "median": 0.415521383286,
        "min": 0.0867047831416,
        "stdev": 0.135397851467,
        "var": 0.0183325782418
    },
    "silence_rate_20dB": {
        "dmean": 0,
        "dmean2": 0,
        "dvar": 0,
        "dvar2": 0,
        "max": 1,
        "mean": 1,
        "median": 1,
        "min": 1,
        "stdev": 0,
        "var": 0
    },
    "silence_rate_30dB": {
        "dmean": 0.0173410400748,
        "dmean2": 0.0347826071084,
        "dvar": 0.0170402806252,
        "dvar2": 0.0393702052534,
        "max": 1,
        "mean": 0.982708930969,
        "median": 1,
        "min": 0,
        "stdev": 0.130353674293,
        "var": 0.0169920809567
    },
    "silence_rate_60dB": {
        "dmean": 0.0317919068038,
        "dmean2": 0.0608695633709,
        "dvar": 0.0307813044637,
        "dvar2": 0.0687590539455,
        "max": 1,
        "mean": 0.048991356045,
        "median": 0,
        "min": 0,
        "stdev": 0.215849772096,
        "var": 0.0465911254287
    },
    "spectral_centroid": {
        "dmean": 181.527069092,
        "dmean2": 259.03112793,
        "dvar": 423998.65625,
        "dvar2": 622041.0625,
        "max": 10602.9775391,
        "mean": 591.788879395,
        "median": 454.590789795,
        "min": 210.139755249,
        "stdev": 688.688476562,
        "var": 474291.78125
    },
    "spectral_complexity": {
        "dmean": 1.39595377445,
        "dmean2": 2.10724639893,
        "dvar": 2.75362491608,
        "dvar2": 4.72762203217,
        "max": 20,
        "mean": 6.63688755035,
        "median": 6,
        "min": 0,
        "stdev": 2.91782164574,
        "var": 8.51368331909
    },
    "spectral_decrease": {
        "dmean": 2.06237560363e-09,
        "dmean2": 2.69470468162e-09,
        "dvar": 1.9131953032e-17,
        "dvar2": 3.71031102754e-17,
        "max": -1.98591109649e-17,
        "mean": -5.31521893166e-09,
        "median": -3.38134475975e-09,
        "min": -5.24399546009e-08,
        "stdev": 6.49904174921e-09,
        "var": 4.2237546069e-17
    },
    "spectral_energy": {
        "dmean": 0.00815068930387,
        "dmean2": 0.0106439627707,
        "dvar": 0.000283981557004,
        "dvar2": 0.000549353659153,
        "max": 0.20224763453,
        "mean": 0.0209350977093,
        "median": 0.013586204499,
        "min": 4.28698299082e-10,
        "stdev": 0.0252231862396,
        "var": 0.0006362090935
    },
    "spectral_energyband_high": {
        "dmean": 0.000395229231799,
        "dmean2": 0.000628993788268,
        "dvar": 7.5172954439e-07,
        "dvar2": 1.98245743377e-06,
        "max": 0.00646447995678,
        "mean": 0.000407047686167,
        "median": 7.98200126155e-05,
        "min": 2.3327381693e-10,
        "stdev": 0.000838119536638,
        "var": 7.02444367562e-07
    },
    "spectral_energyband_low": {
        "dmean": 8.08810946182e-05,
        "dmean2": 0.00011318140605,
        "dvar": 3.19245110347e-08,
        "dvar2": 6.88348933409e-08,
        "max": 0.00211718468927,
        "mean": 0.000102130929008,
        "median": 2.6365805752e-05,
        "min": 4.46490552863e-11,
        "stdev": 0.000220749745495,
        "var": 4.8730452562e-08
    },
    "spectral_energyband_middle_high": {
        "dmean": 0.000234178922256,
        "dmean2": 0.000293171673547,
        "dvar": 2.1380712667e-07,
        "dvar2": 3.67451292504e-07,
        "max": 0.00705568445846,
        "mean": 0.000734494708013,
        "median": 0.000383261736715,
        "min": 5.85097040262e-11,
        "stdev": 0.000996332615614,
        "var": 9.92678565126e-07
    },
    "spectral_energyband_middle_low": {
        "dmean": 0.00769809540361,
        "dmean2": 0.0101080071181,
        "dvar": 0.000282154447632,
        "dvar2": 0.000549243413843,
        "max": 0.201493114233,
        "mean": 0.0197506900877,
        "median": 0.0122835347429,
        "min": 1.0532219194e-11,
        "stdev": 0.0247931387275,
        "var": 0.000614699732978
    },
    "spectral_entropy": {
        "dmean": 0.447341024876,
        "dmean2": 0.649982690811,
        "dvar": 0.283814221621,
        "dvar2": 0.574209868908,
        "max": 9.80804729462,
        "mean": 5.81530714035,
        "median": 5.68980264664,
        "min": 4.32147455215,
        "stdev": 0.838238358498,
        "var": 0.70264351368
    },
    "spectral_flux": {
        "dmean": 0.0265089385211,
        "dmean2": 0.0398334823549,
        "dvar": 0.00156523566693,
        "dvar2": 0.00371183268726,
        "max": 0.3408870399,
        "mean": 0.0428925454617,
        "median": 0.0256387982517,
        "min": 2.07050306926e-05,
        "stdev": 0.0464776866138,
        "var": 0.00216017547064
    },
    "spectral_kurtosis": {
        "dmean": 8.24668693542,
        "dmean2": 12.4356060028,
        "dvar": 99.5502166748,
        "dvar2": 189.808792114,
        "max": 100.035072327,
        "mean": 16.9925079346,
        "median": 10.0877923965,
        "min": -1.18367230892,
        "stdev": 19.7021255493,
        "var": 388.17376709
    },
    "spectral_rms": {
        "dmean": 0.000741545518395,
        "dmean2": 0.000900672981516,
        "dvar": 1.27480427636e-06,
        "dvar2": 2.28259023061e-06,
        "max": 0.0140468776226,
        "mean": 0.00404562195763,
        "median": 0.00364071875811,
        "min": 6.46716500796e-07,
        "stdev": 0.00201430520974,
        "var": 4.05742503062e-06
    },
    "spectral_rolloff": {
        "dmean": 420.830596924,
        "dmean2": 694.679443359,
        "dvar": 2067322.875,
        "dvar2": 3733375.75,
        "max": 18367.8222656,
        "mean": 816.462646484,
        "median": 452.197265625,
        "min": 215.33203125,
        "stdev": 1484.69396973,
        "var": 2204316.25
    },
    "spectral_skewness": {
        "dmean": 0.792153060436,
        "dmean2": 1.18192386627,
        "dvar": 0.721516013145,
        "dvar2": 1.29895997047,
        "max": 8.67603302002,
        "mean": 2.93021965027,
        "median": 2.62798857689,
        "min": -0.0624498948455,
        "stdev": 1.72896945477,
        "var": 2.98933553696
    },
    "spectral_spread": {
        "dmean": 964733.25,
        "dmean2": 1369570.5,
        "dvar": 5.24927998362e+12,
        "dvar2": 6.16130831974e+12,
        "max": 40689372,
        "mean": 3943779.5,
        "median": 3540280.75,
        "min": 985984.625,
        "stdev": 2606620,
        "var": 6.79446786867e+12
    },
    "spectral_strongpeak": {
        "dmean": 0.287587851286,
        "dmean2": 0.44357290864,
        "dvar": 0.566379904747,
        "dvar2": 1.48639273643,
        "max": 9.2555475235,
        "mean": 1.09312033653,
        "median": 0.942274272442,
        "min": 0,
        "stdev": 0.877214372158,
        "var": 0.769505023956
    },
    "zerocrossingrate": {
        "dmean": 0.0100323455408,
        "dmean2": 0.0119579369202,
        "dvar": 0.000202338822419,
        "dvar2": 0.000278836465441,
        "max": 0.162109375,
        "mean": 0.0380549803376,
        "median": 0.02783203125,
        "min": 0.00537109375,
        "stdev": 0.0287799146026,
        "var": 0.000828283431474
    },
    "barkbands": {
        "dmean": [5.33579395778e-07, 1.46116890392e-05, 4.42524979007e-05, 0.000473842490464, 0.005438989494, 0.000893520133104, 0.0014668982476, 4.19676252932e-05, 5.18791093782e-05, 9.39310120884e-05, 1.22771352835e-05, 2.09907939279e-05, 3.34312826453e-05, 6.8605535489e-05, 2.43194863287e-05, 2.46938707278e-05, 8.57761369844e-06, 1.01698624349e-05, 6.87223382556e-06, 8.69853283803e-06, 2.54400983977e-05, 0.000215690146433, 0.00015278099454, 7.6299002103e-06, 1.44927366819e-06, 1.65498192928e-06, 1.53421763116e-06],
        "dmean2": [8.92853790901e-07, 2.02918581635e-05, 6.10660717939e-05, 0.00060492818011, 0.00779907545075, 0.00135434779804, 0.00157599884551, 6.70720110065e-05, 7.46359073673e-05, 0.000120230019093, 1.70174025698e-05, 3.17010526487e-05, 4.12198751292e-05, 7.69778125687e-05, 3.17062695103e-05, 3.44527870766e-05, 1.22751544041e-05, 1.52837073983e-05, 1.05517165139e-05, 1.3759083231e-05, 4.03743761126e-05, 0.000360244128387, 0.000239884728217, 1.27896191771e-05, 2.31803142015e-06, 2.77100321e-06, 2.48955075222e-06],
        "dvar": [1.70985430675e-11, 7.9971740341e-10, 9.44837630357e-09, 3.55972611032e-06, 0.000215673528146, 2.83433837467e-06, 3.47343084286e-05, 1.89620159574e-08, 2.00817211748e-08, 3.2758570967e-08, 1.00093489053e-09, 1.87899651394e-09, 4.32213340673e-08, 4.82794817458e-08, 2.22099405534e-09, 2.17814521974e-09, 5.83182613312e-10, 1.16379761383e-09, 2.49017445553e-10, 3.89120347055e-10, 4.28062474356e-09, 3.75438361289e-07, 1.06292937119e-07, 2.60080512682e-10, 1.24094337237e-11, 1.73826907729e-11, 1.35144421695e-11],
        "dvar2": [4.39450455192e-11, 1.57630775099e-09, 1.67066733781e-08, 5.43215764992e-06, 0.000465209624963, 5.73438182982e-06, 4.31342741649e-05, 4.94610894464e-08, 3.65287569082e-08, 3.8431323901e-08, 1.66368252508e-09, 4.0605816487e-09, 5.81297570079e-08, 5.71706273433e-08, 3.86203913294e-09, 3.71372288477e-09, 1.05629349711e-09, 2.7128430613e-09, 6.14084949557e-10, 9.72395497456e-10, 1.07797237803e-08, 1.03345360003e-06, 2.7161570415e-07, 7.17021331198e-10, 3.16805609524e-11, 3.99980291943e-11, 3.66789931761e-11],
        "max": [6.16249526502e-05, 0.000381314486731, 0.00124924280681, 0.0284580998123, 0.142709955573, 0.0303034335375, 0.115684606135, 0.00126321846619, 0.0021375392098, 0.00332392309792, 0.00042888711323, 0.000417277216911, 0.00382032315247, 0.00485869590193, 0.000670592940878, 0.00076639954932, 0.000393172376789, 0.000406092382036, 0.000145843208884, 0.000163794466062, 0.000591314048506, 0.0052283895202, 0.00265953340568, 0.000112089328468, 3.03893157252e-05, 3.1270144973e-05, 2.85372079816e-05],
        "mean": [4.16564461148e-07, 1.88940321095e-05, 5.88850234635e-05, 0.00068404560443, 0.0102972202003, 0.00327687570825, 0.00521885883063, 6.44205720164e-05, 0.000130470682052, 0.00024803756969, 2.46939889621e-05, 3.46289743902e-05, 8.1669051724e-05, 0.000237197309616, 5.67464558117e-05, 5.21915098943e-05, 1.42827748277e-05, 1.72379805008e-05, 8.19941033114e-06, 9.71497775026e-06, 2.88943319902e-05, 0.000200193186174, 0.000158402792295, 7.07201525074e-06, 1.34038702981e-06, 1.4329939404e-06, 3.1396605209e-06],
        "median": [7.00672160292e-08, 5.36470270163e-06, 1.23744794109e-05, 6.53048391541e-06, 0.00409683119506, 0.00234423135407, 0.00106248888187, 1.02049762063e-05, 2.58795971604e-05, 0.000109809509013, 1.502402597e-06, 2.00940412469e-05, 8.0071076809e-06, 5.2502608014e-05, 2.15496129385e-05, 2.58776854025e-05, 3.40737187798e-06, 3.87692261938e-06, 2.27675809583e-06, 1.88330636774e-06, 6.3207862695e-06, 2.48674568866e-05, 2.56754083239e-05, 9.3185934702e-07, 1.15589003258e-07, 1.4561818773e-07, 2.24167911256e-06],
        "min": [4.35829219936e-11, 1.44342550065e-11, 9.15223626052e-13, 1.24968590164e-12, 2.3649565379e-12, 1.08039889968e-12, 1.71544657819e-12, 6.06890026515e-13, 2.46958920327e-12, 3.17390796804e-12, 3.50553006762e-12, 1.40142129672e-12, 8.03722019493e-12, 4.58833275194e-12, 7.84442649726e-12, 1.08883726688e-11, 5.05053898009e-12, 5.02783361819e-12, 3.51267192417e-12, 1.1256000472e-11, 1.25924522545e-11, 1.71949312427e-11, 7.58981332644e-12, 2.97497790291e-11, 3.09008270361e-11, 6.09110609173e-11, 7.82779535635e-11],
        "stdev": [3.54246662937e-06, 3.76417046937e-05, 0.00013377040159, 0.00291025475599, 0.0182661581784, 0.00356286717579, 0.012938532047, 0.000146991573274, 0.000280635693343, 0.000372856942704, 7.02143806848e-05, 5.12107108079e-05, 0.000439157010987, 0.000587545975577, 8.98469661479e-05, 9.31331087486e-05, 3.89612469007e-05, 4.23965466325e-05, 1.74323959072e-05, 2.13245712075e-05, 6.78480282659e-05, 0.000525370996911, 0.000338043813827, 1.48247081597e-05, 3.34824449055e-06, 4.08097503168e-06, 3.41567056239e-06],
        "var": [1.25490702899e-11, 1.41689804334e-09, 1.78945196438e-08, 8.46958300826e-06, 0.000333652511472, 1.2694022189e-05, 0.000167405611137, 2.16065210168e-08, 7.87563863014e-08, 1.39022290568e-07, 4.93005902769e-09, 2.62253707639e-09, 1.92858877313e-07, 3.45210253272e-07, 8.07247690915e-09, 8.67377636382e-09, 1.51797863168e-09, 1.7974671751e-09, 3.03888442188e-10, 4.54737331124e-10, 4.6033550305e-09, 2.76014702649e-07, 1.14273611018e-07, 2.19771978394e-10, 1.12107415365e-11, 1.66543567132e-11, 1.16668055425e-11]
    },
    "erbbands": {
        "dmean": [0.000139839510666, 0.00536029692739, 0.0570990629494, 0.807978093624, 15.7886333466, 15.0648298264, 8.46752548218, 6.18513393402, 23.400680542, 7.17234992981, 0.899267673492, 1.05984246731, 1.75824201107, 3.0440659523, 0.721619009972, 0.914503335953, 1.75411760807, 3.66008114815, 1.70620572567, 0.602069675922, 1.65986359119, 0.451036304235, 0.387548863888, 0.470802515745, 0.399153530598, 0.440263956785, 1.0564353466, 1.02709162235, 5.40148305893, 9.19124507904, 3.66605877876, 0.457451939583, 0.0671406388283, 0.0212894305587, 0.00969532411546, 0.00477345148101, 0.00387698318809, 0.00152771943249, 0.000226940072025, 1.97748377104e-05],
        "dmean2": [0.000211848833715, 0.00727466447279, 0.0729916095734, 1.07876479626, 22.6707744598, 21.003030777, 11.7983522415, 9.70784473419, 27.6461963654, 7.45105075836, 1.22206711769, 1.43312585354, 2.6511631012, 3.54499554634, 1.00174331665, 1.31094992161, 2.1116631031, 4.22566890717, 2.0575094223, 0.843408048153, 2.2616584301, 0.66535615921, 0.581120491028, 0.702350735664, 0.604255139828, 0.675786554813, 1.66355264187, 1.63192045689, 9.03757286072, 15.0966672897, 5.83577013016, 0.761134684086, 0.110100872815, 0.0349136777222, 0.0157987531275, 0.00779395643622, 0.00656443974003, 0.00239945622161, 0.000390893605072, 3.07618902298e-05],
        "dvar": [8.86142146328e-08, 0.00011267872469, 0.0131229264662, 8.57754325867, 2600.19506836, 1490.0012207, 457.769744873, 81.4030151367, 7683.45507812, 945.356750488, 6.18580579758, 12.0957231522, 11.2348270416, 45.243637085, 1.80630850792, 4.22707605362, 125.815063477, 119.230445862, 11.8559484482, 0.990516781807, 10.7262601852, 1.26239967346, 1.99935388565, 1.4194688797, 0.771345198154, 0.897200942039, 5.16683769226, 6.40104389191, 220.311309814, 475.377655029, 91.2871322632, 0.997153162956, 0.0191913209856, 0.0028449005913, 0.000555566686671, 0.000129229956656, 0.000107614636363, 9.97165989247e-06, 4.35771767116e-07, 1.5827846811e-09],
        "dvar2": [1.88062841744e-07, 0.000207606892218, 0.0217337235808, 13.4361047745, 5002.51074219, 3412.51293945, 969.365783691, 179.363983154, 11107.5546875, 1009.37786865, 12.0251541138, 17.2798137665, 28.6876869202, 45.8997955322, 3.29834914207, 9.18341445923, 169.496459961, 153.960678101, 17.1790332794, 2.37878322601, 16.2863006592, 2.88185238838, 4.63084220886, 3.38113617897, 1.81970393658, 2.17518901825, 12.84516716, 16.3227996826, 600.146362305, 1267.2677002, 234.402404785, 2.61279821396, 0.0493279434741, 0.00734036229551, 0.00136730179656, 0.000300790794427, 0.000252790487139, 2.47766001849e-05, 1.20235517898e-06, 4.00826039026e-09],
        "max": [0.00292157195508, 0.1481051296, 1.52360332012, 42.967048645, 636.579406738, 393.44543457, 205.827804565, 179.485168457, 1703.03356934, 569.182067871, 32.8368644714, 61.8943138123, 35.5142059326, 125.189552307, 15.5262727737, 27.5425872803, 208.428039551, 234.654083252, 54.6774978638, 10.7450714111, 52.9228401184, 13.8165645599, 16.9604377747, 12.6467552185, 8.54800224304, 9.4749174118, 16.9782028198, 20.6334285736, 139.244476318, 163.664779663, 82.7660980225, 7.46605205536, 1.06169223785, 0.477901399136, 0.203672617674, 0.0727944374084, 0.0800622180104, 0.0253977924585, 0.00557901430875, 0.000293259130558],
        "mean": [0.000215349631617, 0.00732458243147, 0.081448674202, 1.20796787739, 22.8652858734, 33.8439102173, 32.7528152466, 19.3736228943, 82.0330276489, 26.7583255768, 2.40143251419, 2.74149489403, 5.63965797424, 6.87458992004, 1.49372959137, 1.78021323681, 4.6027712822, 12.3480854034, 4.98440933228, 1.57456302643, 3.65929579735, 0.811737656593, 0.602676272392, 0.766411244869, 0.480278998613, 0.559389412403, 1.25081729889, 1.19757127762, 5.52712917328, 9.00231170654, 3.37024593353, 0.39521586895, 0.0614353902638, 0.0190036166459, 0.00917759165168, 0.00440538581461, 0.00360752898268, 0.00411270977929, 0.000289623014396, 3.73027578462e-05],
        "median": [0.000115453840408, 0.0020379498601, 0.0217040404677, 0.072989359498, 2.7717730999, 13.3331289291, 22.5940284729, 14.9534645081, 28.4961490631, 5.09782361984, 1.00515711308, 0.930193006992, 4.4243516922, 1.66235244274, 0.506331801414, 0.957957088947, 0.668399393559, 3.29113483429, 1.97687959671, 1.1375426054, 1.45491468906, 0.301102429628, 0.167528554797, 0.204839363694, 0.13180424273, 0.153424948454, 0.284467428923, 0.261327981949, 0.943068504333, 1.46854996681, 0.379452317953, 0.047017082572, 0.00790142081678, 0.00157129520085, 0.000810174562503, 0.00051802204689, 0.000708129082341, 0.00318523007445, 0.000150669831783, 2.32345100812e-05],
        "min": [1.1157380575e-09, 1.27318844356e-09, 8.52396320195e-10, 3.41038131069e-09, 7.42512273888e-09, 7.45450545736e-09, 4.39098446492e-09, 1.00468176001e-08, 1.62479363297e-08, 2.6422650734e-08, 1.29001493931e-08, 4.7651329993e-08, 1.10647349061e-07, 9.06195154471e-08, 1.39429289447e-07, 1.10648109342e-07, 3.62089821238e-07, 1.81445912517e-07, 4.90596164582e-07, 3.95277794496e-07, 4.92315052725e-07, 2.64236831526e-07, 3.16602950079e-07, 1.45913332972e-07, 3.24904419813e-07, 5.94598304815e-07, 4.58704477069e-07, 5.47000809092e-07, 6.03618786954e-07, 4.37982009771e-07, 2.30838537618e-07, 5.03607907376e-07, 5.21362267136e-07, 2.80141165376e-07, 2.90343621145e-07, 2.34812858935e-07, 8.8426837408e-08, 4.18016412596e-08, 1.25999601863e-08, 1.18296916707e-09],
        "stdev": [0.000349825597368, 0.0145623898134, 0.166089206934, 4.34005355835, 66.1580810547, 51.3899345398, 38.9856910706, 19.5413703918, 182.602508545, 70.4512481689, 4.13737201691, 7.22557878494, 5.50120687485, 13.4803123474, 2.60917115211, 3.06467533112, 23.794008255, 28.4520988464, 8.23145294189, 1.5924038887, 6.75547504425, 1.61759412289, 1.79623222351, 1.4696637392, 1.04578614235, 1.08003652096, 2.49343156815, 2.71461749077, 13.2845087051, 20.2975692749, 9.04115772247, 0.915459752083, 0.134829029441, 0.0500039868057, 0.0234334096313, 0.0112928142771, 0.00995264202356, 0.00363151798956, 0.000542463269085, 4.2453455535e-05],
        "var": [1.22377954881e-07, 0.000212063197978, 0.0275856256485, 18.8360652924, 4376.89208984, 2640.92553711, 1519.88415527, 381.865142822, 33343.6757812, 4963.37841797, 17.1178455353, 52.2089881897, 30.2632751465, 181.718811035, 6.80777359009, 9.39223480225, 566.154846191, 809.521911621, 67.7568130493, 2.53575015068, 45.6364402771, 2.61661076546, 3.22645020485, 2.15991139412, 1.09366858006, 1.16647899151, 6.21720123291, 7.36914777756, 176.478164673, 411.99130249, 81.7425384521, 0.838066518307, 0.0181788653135, 0.00250039878301, 0.000549124670215, 0.000127527644509, 9.90550834103e-05, 1.31879232868e-05, 2.94266413903e-07, 1.80229597913e-09]
    },
    "gfcc": {
        "mean": [-110.399742126, 98.7498168945, -102.924591064, -4.98963594437, -81.3609085083, -25.8694896698, -50.9014472961, -51.415802002, -7.41698217392, -7.64098739624, -22.0094413757, 11.8853569031, -13.1664943695],
        "cov": [[5392.17431641, -624.087646484, -581.291320801, 1205.57519531, -813.563598633, 353.497894287, 118.929977417, -24.7520217896, 113.205123901, -171.246856689, -13.652176857, -149.209991455, -295.411956787], [-624.087646484, 1238.54016113, 422.419250488, -549.843688965, 422.42755127, -298.819976807, -84.9365158081, -181.507156372, -127.908973694, -10.7509765625, -55.2317008972, -101.096496582, 30.0014629364], [-581.291320801, 422.419250488, 802.715209961, -66.8151245117, 218.255706787, -55.6196784973, -119.891784668, -100.823120117, -215.147506714, -158.437179565, -181.551498413, -72.4323425293, 5.7876958847], [1205.57519531, -549.843688965, -66.8151245117, 856.720031738, -302.967407227, 175.173706055, 92.8461227417, -9.06277275085, -12.0564279556, -179.393768311, -92.0119247437, -84.0537261963, -92.8505172729], [-813.563598633, 422.42755127, 218.255706787, -302.967407227, 389.478088379, -99.5417251587, -53.2724151611, -6.20422792435, -58.3756713867, 18.3187713623, -68.1396255493, -50.1382522583, 33.5741462708], [353.497894287, -298.819976807, -55.6196784973, 175.173706055, -99.5417251587, 222.244171143, 19.5386371613, 48.3515167236, 35.2540779114, -24.7325115204, -0.327921301126, -15.4249925613, -11.6075305939], [118.929977417, -84.9365158081, -119.891784668, 92.8461227417, -53.2724151611, 19.5386371613, 110.31640625, 25.1981201172, 45.9145545959, 25.0113945007, 9.18968200684, -8.60839939117, -14.7165527344], [-24.7520217896, -181.507156372, -100.823120117, -9.06277275085, -6.20422792435, 48.3515167236, 25.1981201172, 157.117126465, 82.3600158691, 48.9310302734, 23.3812122345, 1.30773818493, -19.8643798828], [113.205123901, -127.908973694, -215.147506714, -12.0564279556, -58.3756713867, 35.2540779114, 45.9145545959, 82.3600158691, 198.133758545, 103.500045776, 52.762752533, 7.52980470657, -30.5344104767], [-171.246856689, -10.7509765625, -158.437179565, -179.393768311, 18.3187713623, -24.7325115204, 25.0113945007, 48.9310302734, 103.500045776, 234.810241699, 108.242828369, 16.7194099426, 7.00051879883], [-13.652176857, -55.2317008972, -181.551498413, -92.0119247437, -68.1396255493, -0.327921301126, 9.18968200684, 23.3812122345, 52.762752533, 108.242828369, 151.105056763, 69.7171859741, 1.77052462101], [-149.209991455, -101.096496582, -72.4323425293, -84.0537261963, -50.1382522583, -15.4249925613, -8.60839939117, 1.30773818493, 7.52980470657, 16.7194099426, 69.7171859741, 133.193740845, 48.3943634033], [-295.411956787, 30.0014629364, 5.7876958847, -92.8505172729, 33.5741462708, -11.6075305939, -14.7165527344, -19.8643798828, -30.5344104767, 7.00051879883, 1.77052462101, 48.3943634033, 110.115325928]],
        "icov": [[0.000590034935158, -0.00108796637505, 0.00085476617096, -0.000863410357852, 0.0013018778991, -0.00111604097765, 0.00100876006763, -0.000586758367717, 0.000735891168006, -0.000985744758509, 0.00172332325019, -0.00112498551607, 0.00135419110302], [-0.00108796637505, 0.00614671874791, -0.00302003556862, 0.00368292676285, -0.0042402385734, 0.00511567573994, -0.00356044829823, 0.00477675674483, -0.00321593601257, 0.00501727918163, -0.00764450943097, 0.00770358275622, -0.00358470575884], [0.00085476617096, -0.00302003556862, 0.00446448242292, -0.00173530017491, 0.00197884021327, -0.00299413595349, 0.00365824415348, -0.00174124236219, 0.00370990973897, -0.00294183590449, 0.00686797173694, -0.00408426020294, 0.00357421860099], [-0.000863410357852, 0.00368292676285, -0.00173530017491, 0.00524864904583, -0.000839149346575, 0.00209452910349, -0.00382854021154, 0.00292888982221, -0.00141407677438, 0.00428947014734, -0.0033993225079, 0.00568294152617, -0.00141722615808], [0.0013018778991, -0.0042402385734, 0.00197884021327, -0.000839149346575, 0.00928842928261, -0.00287802657112, 0.00312546640635, -0.00402611074969, 0.00333827664144, -0.00413487898186, 0.00802746135741, -0.00262723257765, 0.00260641612113], [-0.00111604097765, 0.00511567573994, -0.00299413595349, 0.00209452910349, -0.00287802657112, 0.0107487151399, -0.00259086862206, 0.00174486392643, -0.00376342819072, 0.00516718346626, -0.00790987629443, 0.00789706129581, -0.00520084472373], [0.00100876006763, -0.00356044829823, 0.00365824415348, -0.00382854021154, 0.00312546640635, -0.00259086862206, 0.0151443602517, -0.00315681286156, 0.00140392454341, -0.00484425295144, 0.00667546410114, -0.00412756111473, 0.00288817007095], [-0.000586758367717, 0.00477675674483, -0.00174124236219, 0.00292888982221, -0.00402611074969, 0.00174486392643, -0.00315681286156, 0.0129247410223, -0.00507442327216, 0.00325128319673, -0.0051145683974, 0.00505187781528, -0.000745029596146], [0.000735891168006, -0.00321593601257, 0.00370990973897, -0.00141407677438, 0.00333827664144, -0.00376342819072, 0.00140392454341, -0.00507442327216, 0.0124464705586, -0.00665228720754, 0.00747077306733, -0.00526742637157, 0.00538982823491], [-0.000985744758509, 0.00501727918163, -0.00294183590449, 0.00428947014734, -0.00413487898186, 0.00516718346626, -0.00484425295144, 0.00325128319673, -0.00665228720754, 0.0146805085242, -0.0142384944484, 0.0105597218499, -0.00568530755118], [0.00172332325019, -0.00764450943097, 0.00686797173694, -0.0033993225079, 0.00802746135741, -0.00790987629443, 0.00667546410114, -0.0051145683974, 0.00747077306733, -0.0142384944484, 0.0297953430563, -0.0177236888558, 0.0104539189488], [-0.00112498551607, 0.00770358275622, -0.00408426020294, 0.00568294152617, -0.00262723257765, 0.00789706129581, -0.00412756111473, 0.00505187781528, -0.00526742637157, 0.0105597218499, -0.0177236888558, 0.0253540780395, -0.011106941849], [0.00135419110302, -0.00358470575884, 0.00357421860099, -0.00141722615808, 0.00260641612113, -0.00520084472373, 0.00288817007095, -0.000745029596146, 0.00538982823491, -0.00568530755118, 0.0104539189488, -0.011106941849, 0.0177860893309]]
    },
    "melbands": {
        "dmean": [2.31276976592e-06, 1.81383584277e-05, 0.00054766132962, 0.00132618902717, 0.000292077631457, 0.000145034762681, 0.00035271680099, 5.61381748412e-05, 6.4770820245e-06, 6.96721872373e-06, 8.82024687598e-06, 1.32459645101e-05, 2.23423489842e-06, 2.56781345342e-06, 2.79435494122e-06, 3.17703529618e-06, 7.78014509706e-06, 2.76617515738e-06, 1.40631686918e-06, 8.34604804822e-07, 2.13197199628e-06, 4.14840855001e-07, 5.3205394579e-07, 3.15193972256e-07, 3.91742617012e-07, 2.96918756248e-07, 2.24326683451e-07, 2.85543450218e-07, 6.22342383849e-07, 7.63477146393e-07, 5.65740663205e-07, 1.5956960624e-06, 7.28186842025e-06, 4.31148009739e-06, 2.58276986642e-06, 5.9800197505e-07, 1.45142308838e-07, 4.60407783009e-08, 1.69720770771e-08, 1.72444956092e-08],
        "dmean2": [3.31911928697e-06, 2.45579740294e-05, 0.000756164372433, 0.00191804359201, 0.000400640274165, 0.00022744294256, 0.000405765284086, 6.20063801762e-05, 8.96380970516e-06, 9.76887440629e-06, 1.33890280267e-05, 1.56259866344e-05, 3.03134402202e-06, 3.86507190342e-06, 3.48062849298e-06, 4.27021268479e-06, 8.80964489625e-06, 3.22778896589e-06, 1.83075792393e-06, 1.28866383875e-06, 2.88954106509e-06, 6.07246249729e-07, 8.33287572277e-07, 4.72080245117e-07, 5.86152225424e-07, 4.49788188917e-07, 3.55959912213e-07, 4.46048119329e-07, 9.32961427225e-07, 1.24743974084e-06, 8.65039851305e-07, 2.54104088526e-06, 1.23813433675e-05, 7.00880036675e-06, 4.08249752581e-06, 1.02643821265e-06, 2.4694341505e-07, 7.6142740113e-08, 2.95802298211e-08, 2.80061627222e-08],
        "dvar": [1.93878281485e-11, 1.45359990711e-09, 3.6605213154e-06, 1.39703315654e-05, 3.74213641408e-07, 4.46255867814e-08, 1.83460861081e-06, 6.27799039421e-08, 2.87397800003e-10, 4.09512840305e-10, 2.82887074876e-10, 8.71548000436e-10, 2.55659209081e-11, 3.09710590507e-11, 2.36974856405e-10, 3.13556236531e-10, 6.10303807491e-10, 4.21516710425e-11, 5.77695747142e-12, 2.5382326449e-12, 1.82909382085e-11, 1.16412326827e-12, 5.58074073065e-12, 6.0989695282e-13, 1.02596306017e-12, 4.20289806647e-13, 3.27559594032e-13, 3.82038720321e-13, 1.3962332809e-12, 7.10906550641e-12, 1.94171870423e-12, 1.42219196489e-11, 5.32491217786e-10, 9.19046991288e-11, 4.97892074791e-11, 2.58973962067e-12, 9.49950702952e-14, 1.09545170176e-14, 1.8471935695e-15, 2.13446754642e-15],
        "dvar2": [4.08183591094e-11, 2.55628873624e-09, 6.37497805656e-06, 3.06693436869e-05, 7.97074562797e-07, 9.55732701868e-08, 2.47458342528e-06, 6.99832938267e-08, 5.26549470692e-10, 6.56210918937e-10, 7.14627967913e-10, 8.92121543306e-10, 4.19645047878e-11, 6.57378040891e-11, 3.05710595727e-10, 4.87740403621e-10, 7.39649286263e-10, 5.34354505088e-11, 1.00574132356e-11, 6.74731711475e-12, 2.67863335679e-11, 2.22898197295e-12, 1.38819979817e-11, 1.36785287957e-12, 2.47058558507e-12, 9.83841263666e-13, 8.50835190063e-13, 9.28216054366e-13, 3.33733301411e-12, 1.84774001655e-11, 4.89386612831e-12, 3.43982273221e-11, 1.4991846653e-09, 2.32613511786e-10, 1.29124835824e-10, 6.80916044035e-12, 2.55316980665e-13, 2.77765312107e-14, 5.05515319207e-15, 5.5062706578e-15],
        "max": [5.16490690643e-05, 0.00050676142564, 0.0264498498291, 0.0335100665689, 0.00566174648702, 0.00449878210202, 0.0265237633139, 0.00441783620045, 0.000245264818659, 0.000332643394358, 0.00017258162552, 0.000548403535504, 6.91329696565e-05, 5.92886972299e-05, 0.000290481344564, 0.00030463168514, 0.000538033724297, 0.000128769403091, 3.13736272801e-05, 1.69638369698e-05, 6.83166799718e-05, 1.59875289683e-05, 3.07921764033e-05, 7.82438382885e-06, 1.03985594251e-05, 6.77823982187e-06, 5.18437445862e-06, 5.68648874832e-06, 8.71070915309e-06, 2.40733079409e-05, 1.37714559969e-05, 4.26298756793e-05, 0.000222544462304, 7.65575096011e-05, 6.6371554567e-05, 1.39021440191e-05, 1.80626693691e-06, 9.67386313278e-07, 3.30058441023e-07, 4.43819089924e-07],
        "mean": [3.01095155919e-06, 2.44386228587e-05, 0.00077563454397, 0.00234967959113, 0.0010903790826, 0.000481329741888, 0.00126010947861, 0.00021259013738, 1.39541070894e-05, 1.79745820788e-05, 2.78836887446e-05, 2.90107054752e-05, 4.68659254693e-06, 4.21934964834e-06, 6.84815904606e-06, 7.60437478675e-06, 2.67957821052e-05, 8.56426049722e-06, 3.68829228137e-06, 1.59707781222e-06, 4.6841605581e-06, 6.68329846576e-07, 6.65620405016e-07, 5.61458705306e-07, 6.24925064585e-07, 3.46963048514e-07, 2.37641671674e-07, 3.56063566187e-07, 7.95667631337e-07, 6.66475159505e-07, 7.07577839876e-07, 1.91390654436e-06, 6.40462803858e-06, 4.56750376543e-06, 2.43188878812e-06, 4.26561371114e-07, 1.40123418646e-07, 4.28754454163e-08, 1.27485337842e-08, 1.518443149e-08],
        "median": [1.0617453654e-06, 5.58811234441e-06, 4.22489392804e-05, 0.000692871515639, 0.000920734601095, 0.000396520801587, 0.000404467689805, 4.39101095253e-05, 3.18883644468e-06, 5.91853859078e-06, 2.21235968638e-05, 6.35445439912e-06, 8.54776658343e-07, 2.37647941503e-06, 1.16009869089e-06, 1.27216776491e-06, 5.55024371351e-06, 2.55106579061e-06, 1.53753569521e-06, 9.09677964955e-07, 1.78224763658e-06, 1.61903827234e-07, 1.08139531108e-07, 1.49673013539e-07, 1.56859258027e-07, 9.61666231092e-08, 5.41343929683e-08, 8.11451883465e-08, 1.79031275138e-07, 7.95007650822e-08, 1.30380499286e-07, 3.06851802634e-07, 7.35044579869e-07, 7.76774129463e-07, 2.14500673223e-07, 2.25145253552e-08, 1.83717112634e-08, 4.45696057838e-09, 1.17876053363e-09, 1.00799990577e-09],
        "min": [1.0416193949e-11, 7.70307103694e-13, 6.76718230064e-13, 5.86332252282e-13, 1.7897589335e-13, 2.21399084504e-13, 2.92958501425e-13, 2.68900841264e-13, 8.10563842066e-14, 3.66509096293e-13, 5.63873112699e-13, 3.53344550884e-13, 5.13680461015e-13, 2.09872375555e-13, 6.57005483004e-13, 6.32967148747e-13, 2.81790487212e-13, 8.12235912209e-13, 5.2661867922e-13, 7.10959232025e-13, 5.55887638438e-13, 2.69358455896e-13, 2.3467103369e-13, 3.04055635921e-13, 8.706738401e-14, 1.37972817307e-13, 3.79222532283e-13, 3.81483364863e-13, 2.75937177838e-13, 2.59105833577e-13, 3.09917456282e-13, 3.49556267178e-13, 3.15002771046e-13, 2.05907827681e-13, 1.03658895974e-13, 2.06478714335e-13, 3.52099046533e-13, 4.09058420817e-13, 2.385612324e-13, 2.26687090865e-13],
        "stdev": [5.55646738576e-06, 5.30682555109e-05, 0.00264455634169, 0.00463654240593, 0.00112126406748, 0.00047593266936, 0.00289761531167, 0.000572816235945, 3.15971337841e-05, 4.08659288951e-05, 2.73134937743e-05, 5.89058581681e-05, 1.11860999823e-05, 6.55555140838e-06, 3.34082615154e-05, 3.51674825652e-05, 6.51432128507e-05, 1.70271941897e-05, 4.96466282129e-06, 2.19966000259e-06, 8.88527574716e-06, 1.65430662946e-06, 2.62134108198e-06, 1.04212131191e-06, 1.24122448142e-06, 7.52718506192e-07, 5.94396112774e-07, 7.1494025633e-07, 1.5016364614e-06, 2.41562133851e-06, 1.62014589478e-06, 4.25357075073e-06, 1.88367794181e-05, 9.96165726974e-06, 6.75749606671e-06, 1.38558425533e-06, 2.86641125058e-07, 1.03807138885e-07, 3.60551091205e-08, 4.3631352753e-08],
