{
"lowlevel": {
    "average_loudness": 0.0359315797687,
    "barkbands_crest": {
        "dmean": 1.34491848946,
        "dmean2": 2.26965641975,
        "dvar": 1.18487203121,
        "dvar2": 3.35847449303,
        "max": 15.7591686249,
        "mean": 8.03071784973,
        "median": 7.46928882599,
        "min": 3.97994661331,
        "stdev": 2.55918097496,
        "var": 6.54940700531
    },
    "barkbands_flatness_db": {
        "dmean": 0.012014365755,
        "dmean2": 0.0206197611988,
        "dvar": 9.74705762928e-05,
        "dvar2": 0.000224041519687,
        "max": 0.317596137524,
        "mean": 0.137790083885,
        "median": 0.130964279175,
        "min": 0.0466945394874,
        "stdev": 0.0582117922604,
        "var": 0.00338861276396
    },
    "barkbands_kurtosis": {
        "dmean": 0.493167191744,
        "dmean2": 0.76166176796,
        "dvar": 0.4485899508,
        "dvar2": 0.658155739307,
        "max": 10.3060302734,
        "mean": -0.0318037904799,
        "median": -0.0875086784363,
        "min": -1.65022432804,
        "stdev": 1.39157414436,
        "var": 1.93647861481
    },
    "barkbands_skewness": {
        "dmean": 0.247015371919,
        "dmean2": 0.41169410944,
        "dvar": 0.0493489317596,
        "dvar2": 0.125197634101,
        "max": 1.11537063122,
        "mean": -0.163701668382,
        "median": -0.0733129829168,
        "min": -2.22257137299,
        "stdev": 0.569765508175,
        "var": 0.324632704258
    },
    "barkbands_spread": {
        "dmean": 5.87059354782,
        "dmean2": 9.79839134216,
        "dvar": 40.5693702698,
        "dvar2": 112.315361023,
        "max": 107.422065735,
        "mean": 39.5603523254,
        "median": 25.963104248,
        "min": 5.71827697754,
        "stdev": 30.3143482208,
        "var": 918.959655762
    },
    "dissonance": {
        "dmean": 0.0140252076089,
        "dmean2": 0.0222116690129,
        "dvar": 0.001340739429,
        "dvar2": 0.00158933619969,
        "max": 0.499999791384,
        "mean": 0.47496342659,
        "median": 0.480800271034,
        "min": 0,
        "stdev": 0.0395030938089,
        "var": 0.0015604943037
    },
    "dynamic_complexity": 30.016544342,
    "erbbands_crest": {
        "dmean": 2.50817131996,
        "dmean2": 4.45904350281,
        "dvar": 4.5137014389,
        "dvar2": 12.782781601,
        "max": 22.6711463928,
        "mean": 11.9639968872,
        "median": 12.3711128235,
        "min": 2.56991219521,
        "stdev": 4.54199314117,
        "var": 20.6297035217
    },
    "erbbands_flatness_db": {
        "dmean": 0.0145053807646,
        "dmean2": 0.0242751855403,
        "dvar": 0.000126005907077,
        "dvar2": 0.000287897302769,
        "max": 0.356061458588,
        "mean": 0.197657287121,
        "median": 0.200566828251,
        "min": 0.055155493319,
        "stdev": 0.077579125762,
        "var": 0.00601852079853
    },
    "erbbands_kurtosis": {
        "dmean": 0.506685078144,
        "dmean2": 0.841172277927,
        "dvar": 0.227732554078,
        "dvar2": 0.554468989372,
        "max": 3.02433919907,
        "mean": 0.178411006927,
        "median": 0.157256126404,
        "min": -1.26288485527,
        "stdev": 0.793765127659,
        "var": 0.63006311655
    },
    "erbbands_skewness": {
        "dmean": 0.252221107483,
        "dmean2": 0.434844434261,
        "dvar": 0.0459431223571,
        "dvar2": 0.128133431077,
        "max": 1.09934926033,
        "mean": 0.0117237726226,
        "median": 0.00320256175473,
        "min": -1.23791980743,
        "stdev": 0.564074337482,
        "var": 0.318179875612
    },
    "erbbands_spread": {
        "dmean": 4.9177942276,
        "dmean2": 8.32652187347,
        "dvar": 18.8143959045,
        "dvar2": 48.6245155334,
        "max": 71.9644775391,
        "mean": 28.9576644897,
        "median": 25.6500816345,
        "min": 9.79501438141,
        "stdev": 15.4044895172,
        "var": 237.298309326
    },
    "hfc": {
        "dmean": 28.8478660583,
        "dmean2": 20.585226059,
        "dvar": 60269.2578125,
        "dvar2": 26111.421875,
        "max": 5184.53222656,
        "mean": 66.0414199829,
        "median": 0.00482005672529,
        "min": 6.65598420824e-09,
        "stdev": 423.291320801,
        "var": 179175.546875
    },
    "loudness_ebu128": {
        "integrated": -31.3457717896,
        "loudness_range": 25.1076278687,
        "momentary": {
            "dmean": 1.52487969398,
            "dmean2": 0.339047908783,
            "dvar": 1.39407253265,
            "dvar2": 0.129192218184,
            "max": -25.0064907074,
            "mean": -65.2753295898,
            "median": -71.9790039062,
            "min": -81.3612518311,
            "stdev": 16.9000930786,
            "var": 285.61315918
        },
        "short_term": {
            "dmean": 2.89977836609,
            "dmean2": 0.499431967735,
            "dvar": 0.564974486828,
            "dvar2": 0.275708466768,
            "max": -33.5429229736,
            "mean": -52.301235199,
            "median": -52.0658187866,
            "min": -68.3402633667,
            "stdev": 10.7045793533,
            "var": 114.588020325
        }
    },
    "melbands_crest": {
        "dmean": 2.86035823822,
        "dmean2": 4.52799701691,
        "dvar": 5.73824739456,
        "dvar2": 13.5249834061,
        "max": 27.3494548798,
        "mean": 13.7569141388,
        "median": 14.528553009,
        "min": 2.41826701164,
        "stdev": 6.14064359665,
        "var": 37.7075042725
    },
    "melbands_flatness_db": {
        "dmean": 0.0118684582412,
        "dmean2": 0.0206553507596,
        "dvar": 0.000120248150779,
        "dvar2": 0.000267547584372,
        "max": 0.181585118175,
        "mean": 0.124808900058,
        "median": 0.122511804104,
        "min": 0.0421369709074,
        "stdev": 0.0274848099798,
        "var": 0.000755414774176
    },
    "melbands_kurtosis": {
        "dmean": 0.835120618343,
        "dmean2": 1.45526576042,
        "dvar": 0.694707691669,
        "dvar2": 2.021723032,
        "max": 5.86055469513,
        "mean": 0.802979528904,
        "median": 0.399810671806,
        "min": -1.36820459366,
        "stdev": 1.4783872366,
        "var": 2.18562889099
    },
    "melbands_skewness": {
        "dmean": 0.313349425793,
        "dmean2": 0.521600067616,
        "dvar": 0.0726996660233,
        "dvar2": 0.200585901737,
        "max": 2.21519994736,
        "mean": 0.49382007122,
        "median": 0.563367366791,
        "min": -1.8794220686,
        "stdev": 0.728204250336,
        "var": 0.530281424522
    },
    "melbands_spread": {
        "dmean": 7.37279891968,
        "dmean2": 12.0254030228,
        "dvar": 90.0802383423,
        "dvar2": 224.184020996,
        "max": 139.289398193,
        "mean": 45.1923789978,
        "median": 44.4462509155,
        "min": 23.2207622528,
        "stdev": 11.9808149338,
        "var": 143.539932251
    },
    "pitch_salience": {
        "dmean": 0.0338403880596,
        "dmean2": 0.0536934547126,
        "dvar": 0.00152541988064,
        "dvar2": 0.00194674090017,
        "max": 0.986823379993,
        "mean": 0.520007789135,
        "median": 0.491303831339,
        "min": 0.368611305952,
        "stdev": 0.0963138416409,
        "var": 0.00927635561675
    },
    "silence_rate_20dB": {
        "dmean": 0.011049724184,
        "dmean2": 0.0166666675359,
        "dvar": 0.0109276007861,
        "dvar2": 0.0275002159178,
        "max": 1,
        "mean": 0.994505465031,
        "median": 1,
        "min": 0,
        "stdev": 0.0739212110639,
        "var": 0.00546434568241
    },
    "silence_rate_30dB": {
        "dmean": 0.00552486209199,
        "dmean2": 0.0111111113802,
        "dvar": 0.00549433100969,
        "dvar2": 0.0109876962379,
        "max": 1,
        "mean": 0.978021979332,
        "median": 1,
        "min": 0,
        "stdev": 0.146611705422,
        "var": 0.0214949920774
    },
    "silence_rate_60dB": {
        "dmean": 0.00552486209199,
        "dmean2": 0.0111111113802,
        "dvar": 0.00549433194101,
        "dvar2": 0.0109876906499,
        "max": 1,
        "mean": 0.846153855324,
        "median": 1,
        "min": 0,
        "stdev": 0.36080083251,
        "var": 0.130177244544
    },
    "spectral_centroid": {
        "dmean": 119.912010193,
        "dmean2": 197.843551636,
        "dvar": 19121.3867188,
        "dvar2": 51081.5,
        "max": 4672.22509766,
        "mean": 2665.14672852,
        "median": 2311.79223633,
        "min": 1684.13769531,
        "stdev": 741.472839355,
        "var": 549782
    },
    "spectral_complexity": {
        "dmean": 0.68508285284,
        "dmean2": 1.14999997616,
        "dvar": 2.90082502365,
        "dvar2": 8.59417533875,
        "max": 35,
        "mean": 4.01648330688,
        "median": 0,
        "min": 0,
        "stdev": 9.13179206848,
        "var": 83.3896179199
    },
    "spectral_decrease": {
        "dmean": 2.3960980422e-10,
        "dmean2": 3.10656972369e-10,
        "dvar": 3.68904272507e-18,
        "dvar2": 4.46067857308e-18,
        "max": 1.19236007734e-08,
        "mean": -5.45731737578e-10,
        "median": -4.64956794854e-13,
        "min": -1.33241844225e-08,
        "stdev": 2.27475349668e-09,
        "var": 5.17450318167e-18
    },
    "spectral_energy": {
        "dmean": 0.00239175651222,
        "dmean2": 0.00187935866416,
        "dvar": 0.000265880313236,
        "dvar2": 9.40094832913e-05,
        "max": 0.425249576569,
        "mean": 0.00804987084121,
        "median": 2.29349279834e-06,
        "min": 6.43868584751e-13,
        "stdev": 0.0391821078956,
        "var": 0.00153523765039
    },
    "spectral_energyband_high": {
        "dmean": 0.00221715378575,
        "dmean2": 0.00170834723394,
        "dvar": 0.000273714045761,
        "dvar2": 0.000109337837785,
        "max": 0.386156320572,
        "mean": 0.00602610036731,
        "median": 2.12368149732e-07,
        "min": 3.90319720989e-13,
        "stdev": 0.0332471765578,
        "var": 0.00110537465662
    },
    "spectral_energyband_low": {
        "dmean": 4.78944230053e-07,
        "dmean2": 4.95068775308e-07,
        "dvar": 3.64993209268e-11,
        "dvar2": 3.63223270905e-11,
        "max": 8.21952780825e-05,
        "mean": 5.01768454342e-07,
        "median": 3.99869541923e-08,
        "min": 1.99672533553e-14,
        "stdev": 6.07250331086e-06,
        "var": 3.6875297954e-11
    },
    "spectral_energyband_middle_high": {
        "dmean": 0.00060310261324,
        "dmean2": 0.000930134556256,
        "dvar": 9.32256625674e-06,
        "dvar2": 2.3728418455e-05,
        "max": 0.0509652197361,
        "mean": 0.00186202826444,
        "median": 9.72295197244e-07,
        "min": 1.08536796087e-13,
        "stdev": 0.00638694129884,
        "var": 4.07930201618e-05
    },
    "spectral_energyband_middle_low": {
        "dmean": 3.80059245799e-05,
        "dmean2": 5.9372283431e-05,
        "dvar": 6.35259880255e-08,
        "dvar2": 1.66209304098e-07,
        "max": 0.0031466644723,
        "mean": 4.85787131765e-05,
        "median": 9.51236074798e-07,
        "min": 8.24789455484e-14,
        "stdev": 0.000257956795394,
        "var": 6.65417019263e-08
    },
    "spectral_entropy": {
        "dmean": 0.0964916720986,
        "dmean2": 0.157943964005,
        "dvar": 0.00976196397096,
        "dvar2": 0.0191164724529,
        "max": 9.25219726562,
        "mean": 7.86449193954,
        "median": 7.8942117691,
        "min": 7.0249710083,
        "stdev": 0.452791184187,
        "var": 0.20501986146
    },
    "spectral_flux": {
        "dmean": 0.00423078937456,
        "dmean2": 0.00328863761388,
        "dvar": 0.000489527417812,
        "dvar2": 0.000136332295369,
        "max": 0.652111649513,
        "mean": 0.0201964806765,
        "median": 0.000516571803018,
        "min": 0.000209217803786,
        "stdev": 0.0666479766369,
        "var": 0.00444195233285
    },
    "spectral_kurtosis": {
        "dmean": 0.769936084747,
        "dmean2": 1.41001904011,
        "dvar": 1.04141497612,
        "dvar2": 3.48103117943,
        "max": 13.6002254486,
        "mean": 4.96612024307,
        "median": 3.84897756577,
        "min": 1.20975446701,
        "stdev": 2.91376376152,
        "var": 8.4900188446
    },
    "spectral_rms": {
        "dmean": 0.000120314733067,
        "dmean2": 0.00011253420962,
        "dvar": 2.74601148931e-07,
        "dvar2": 1.26240507825e-07,
        "max": 0.0203685443848,
        "mean": 0.00099943310488,
        "median": 4.72975843877e-05,
        "min": 2.50632083976e-08,
        "stdev": 0.00261814147234,
        "var": 6.85466466166e-06
    },
    "spectral_rolloff": {
        "dmean": 555.342407227,
        "dmean2": 882.621887207,
        "dvar": 1116497,
        "dvar2": 2462338.75,
        "max": 18540.0878906,
        "mean": 8522.29492188,
        "median": 6761.42578125,
        "min": 2196.38671875,
        "stdev": 5412.42578125,
        "var": 29294352
    },
    "spectral_skewness": {
        "dmean": 0.106352292001,
        "dmean2": 0.191765576601,
        "dvar": 0.00939821638167,
        "dvar2": 0.0281032156199,
        "max": 2.31848526001,
        "mean": 1.58141422272,
        "median": 1.51124298573,
        "min": 0.983898997307,
        "stdev": 0.289049476385,
        "var": 0.0835495963693
    },
    "spectral_spread": {
        "dmean": 358677.9375,
        "dmean2": 508268.625,
        "dvar": 877621936128,
        "dvar2": 818538807296,
        "max": 23023782,
        "mean": 6281931.5,
        "median": 5864780,
        "min": 1872397.875,
        "stdev": 3077886.75,
        "var": 9.47338713498e+12
    },
    "spectral_strongpeak": {
        "dmean": 0.789299726486,
        "dmean2": 1.36235463619,
        "dvar": 5.53852033615,
        "dvar2": 16.3962516785,
        "max": 28.5692443848,
        "mean": 1.61021828651,
        "median": 0.0330255404115,
        "min": 0,
        "stdev": 4.73611593246,
        "var": 22.4307937622
    },
    "zerocrossingrate": {
        "dmean": 0.0135450838134,
        "dmean2": 0.0164035372436,
        "dvar": 0.000468286860269,
        "dvar2": 0.000574445177335,
        "max": 0.41650390625,
        "mean": 0.220000207424,
        "median": 0.2119140625,
        "min": 0.0029296875,
        "stdev": 0.0802320241928,
        "var": 0.00643717776984
    },
    "barkbands": {
        "dmean": [1.56768223292e-07, 1.9026877851e-07, 1.46046090777e-07, 1.6539281944e-07, 7.45479019315e-06, 1.81652394531e-05, 4.79716391055e-07, 1.25872958279e-07, 1.4580824427e-05, 1.27679459183e-06, 1.79822643531e-06, 5.84052713748e-06, 2.48638989433e-05, 2.46479430643e-05, 7.3167930168e-06, 2.6626212275e-05, 4.4677482947e-05, 8.38546475279e-05, 0.000540666282177, 3.71659989469e-05, 0.000185987344594, 0.000390766828787, 0.000338249956258, 0.000457913352875, 0.000247561983997, 0.000311633426463, 0.000781014794484],
        "dmean2": [1.78421984742e-07, 2.01201373784e-07, 1.48202573769e-07, 1.68794741739e-07, 1.16775636343e-05, 2.88936844299e-05, 7.23348193787e-07, 1.43713450029e-07, 2.12613849726e-05, 1.35690788738e-06, 2.19163257498e-06, 8.78302671481e-06, 4.51603336842e-05, 4.42213022325e-05, 1.08720323624e-05, 4.71127023047e-05, 6.79206495988e-05, 0.000127539489768, 0.000824588467367, 6.43513412797e-05, 0.000281917920802, 0.000677376927342, 0.000309896626277, 0.000385597639252, 0.000319357088301, 0.000185804921784, 0.000626288587227],
        "dvar": [3.02720283736e-12, 5.17224978125e-12, 3.57301840025e-12, 4.71470085195e-12, 4.5226791201e-09, 2.81879550812e-08, 4.49309296366e-12, 1.16304567973e-12, 1.49079815159e-09, 2.11520800875e-11, 2.38665864849e-10, 3.63537616677e-10, 6.70762068111e-09, 8.72095018423e-09, 3.17045750764e-10, 8.0688531412e-09, 1.62828879269e-08, 7.37609724411e-08, 8.8549877546e-06, 1.85395041541e-08, 6.58919873331e-07, 2.17718434214e-06, 3.15054853672e-06, 1.43861998367e-05, 2.63562401415e-06, 6.72289525028e-06, 7.19821109669e-05],
        "dvar2": [3.03904796294e-12, 5.09976999866e-12, 3.55691040857e-12, 4.75785296578e-12, 1.16456613242e-08, 7.28510514136e-08, 1.12725627444e-11, 9.5218266865e-13, 3.28838800634e-09, 2.47670842168e-11, 2.38484815229e-10, 8.3071349799e-10, 1.72985910041e-08, 2.85381887011e-08, 6.67075839011e-10, 2.29932286544e-08, 4.15253396113e-08, 1.24776349253e-07, 2.34866674873e-05, 5.13904083732e-08, 1.09108907509e-06, 6.01823148827e-06, 2.1468633804e-06, 8.9335571829e-06, 3.0941237128e-06, 2.08521510103e-06, 4.18417075707e-05],
        "max": [2.35855513893e-05, 3.10735049425e-05, 2.57426509052e-05, 2.93429948215e-05, 0.000786236021668, 0.0020192055963, 2.48113683483e-05, 1.73348307726e-05, 0.000381834397558, 7.70638289396e-05, 0.000211748236325, 0.000172896572622, 0.000695453840308, 0.00093981763348, 0.000212570172152, 0.00082742451923, 0.00180456216913, 0.00484223756939, 0.0441789068282, 0.00207996927202, 0.0247848611325, 0.0197786148638, 0.0427853167057, 0.0804292112589, 0.0416351743042, 0.0560858175159, 0.140672966838],
        "mean": [1.61186292758e-07, 1.99349543095e-07, 1.48339253769e-07, 1.65756915749e-07, 6.41302085569e-06, 1.68756250787e-05, 6.44456690679e-07, 1.9020276909e-07, 2.2956968678e-05, 2.14861756831e-06, 2.6505497317e-06, 7.20653360986e-06, 3.77086253138e-05, 3.58814977517e-05, 1.99074038392e-05, 6.05321438343e-05, 0.000125105376355, 0.000342400977388, 0.00118198094424, 0.000117865340144, 0.000956292031333, 0.000806761963759, 0.000764004013035, 0.00114896590821, 0.000798964814749, 0.000568245595787, 0.000965278886724],
        "median": [2.39375061994e-08, 2.02387759884e-08, 3.12695336291e-09, 2.31556285257e-09, 4.44790870802e-09, 2.58654564433e-09, 1.65678404329e-09, 1.29268928895e-09, 9.40103518587e-07, 1.86868209795e-09, 2.47204479109e-08, 2.30378738308e-09, 1.37381457321e-08, 1.61676013022e-07, 7.68442109944e-09, 6.69932944675e-07, 7.01209899034e-08, 3.00993932001e-08, 4.15961700639e-08, 2.80558243304e-08, 6.75866971278e-08, 9.18712927955e-09, 7.27758919794e-09, 8.53830250946e-09, 1.11964046923e-08, 1.70266822863e-08, 6.54115837051e-08],
        "min": [5.71916942448e-15, 8.5687055731e-15, 5.69726049378e-15, 5.67831321378e-15, 1.40751566489e-14, 1.3832210659e-14, 1.35036567431e-14, 1.30936182578e-14, 1.74982759809e-14, 1.63589167169e-14, 1.50627665722e-14, 1.72718589919e-14, 1.62596359852e-14, 1.42812160481e-14, 1.22876079632e-14, 8.93162276858e-15, 5.23693705046e-15, 2.64412578848e-15, 1.63595678735e-15, 2.27640210454e-15, 5.84419445211e-15, 1.47543669583e-14, 1.19306547267e-14, 1.42803131109e-14, 4.05452073012e-14, 1.91479983453e-13, 1.13314400723e-13],
        "stdev": [1.74130366304e-06, 2.29512920669e-06, 1.90251034837e-06, 2.16874673242e-06, 6.13375013927e-05, 0.000160916039022, 2.74200988315e-06, 1.30701982926e-06, 5.97486687184e-05, 8.32296427689e-06, 1.58626899065e-05, 2.27154669119e-05, 0.000110732340545, 0.000107325184217, 4.61016243207e-05, 0.000146072823554, 0.000321402214468, 0.000937789562158, 0.00504711829126, 0.000306615576847, 0.0035065212287, 0.00276444409974, 0.00404502218589, 0.00679473765194, 0.00414539175108, 0.00460119685158, 0.0106125436723],
        "var": [3.03213834249e-12, 5.26761837275e-12, 3.6195454186e-12, 4.70346201223e-12, 3.7622887028e-09, 2.58939714115e-08, 7.51861854026e-12, 1.70830081851e-12, 3.56990326189e-09, 6.9271741121e-11, 2.51624915348e-10, 5.15992470973e-10, 1.22616512499e-08, 1.15186953309e-08, 2.12535988808e-09, 2.13372697289e-08, 1.0329937794e-07, 8.79449316926e-07, 2.54734022747e-05, 9.40131101856e-08, 1.22956907944e-05, 7.64215110394e-06, 1.63622062246e-05, 4.61684576294e-05, 1.71842712007e-05, 2.11710121221e-05, 0.000112626090413]
    },
    "erbbands": {
        "dmean": [7.37774598747e-06, 3.77801916329e-05, 0.000144773264765, 0.000401158118621, 0.00101700692903, 0.0188029091805, 0.211747691035, 0.0589397437871, 0.00748284487054, 0.00360571173951, 0.0326495394111, 0.457022130489, 0.0654276907444, 0.0432391576469, 0.0731265693903, 0.283461004496, 0.680983841419, 0.95675522089, 1.00150430202, 0.51587420702, 2.23913192749, 2.64523935318, 3.82566666603, 3.36277675629, 35.9556617737, 5.92692041397, 6.29530954361, 11.1605672836, 19.7943477631, 5.52543115616, 10.3008317947, 12.3671751022, 6.28820848465, 2.79748082161, 2.16204881668, 1.12207841873, 0.683638751507, 0.192997023463, 0.12896797061, 0.0124369971454],
        "dmean2": [8.03767397883e-06, 3.89958222513e-05, 0.000145891754073, 0.000400122080464, 0.000788799021393, 0.0295845009387, 0.332628935575, 0.0956110432744, 0.0101469559595, 0.00554235139862, 0.0436233133078, 0.685294747353, 0.088929221034, 0.0459976568818, 0.093148201704, 0.41447070241, 1.20486855507, 1.48337304592, 1.76155853271, 0.824716627598, 3.70376324654, 4.0513548851, 5.97869062424, 5.60888195038, 54.2516479492, 8.63021278381, 7.03349113464, 14.8067789078, 34.537902832, 6.68768119812, 14.0254259109, 10.6986675262, 4.25942564011, 2.46612715721, 2.87759160995, 0.952250599861, 0.478347748518, 0.168298155069, 0.110462963581, 0.00927763525397],
        "dvar": [7.18195725113e-09, 2.13135649574e-07, 3.46745855495e-06, 2.68259464065e-05, 0.000108745218313, 0.0291817542166, 3.81402993202, 0.290810167789, 0.00119165785145, 0.000161159870913, 0.0125453080982, 1.50335812569, 0.0337817817926, 0.121454931796, 0.258990138769, 0.887509226799, 5.50582647324, 9.13354587555, 12.6296005249, 1.82631671429, 54.5281944275, 52.8863945007, 148.945724487, 143.70413208, 38916.8398438, 939.18560791, 505.988037109, 2070.75317383, 4685.08203125, 804.064025879, 2378.31030273, 10248.2626953, 2313.97924805, 287.240478516, 232.752868652, 64.8622589111, 42.7103347778, 4.79624700546, 2.18552708626, 0.0164996329695],
        "dvar2": [7.15789516548e-09, 2.07931776686e-07, 3.40819792655e-06, 2.60704146058e-05, 5.69842559344e-05, 0.0750802904367, 9.90925693512, 0.703200161457, 0.00123588414863, 0.000343394000083, 0.0359066948295, 3.26304864883, 0.0563221201301, 0.100951939821, 0.267457783222, 1.81899297237, 12.6169815063, 23.8012123108, 41.0966949463, 4.95630311966, 147.324401855, 130.840606689, 278.458740234, 375.864135742, 102992.109375, 2450.67456055, 634.226013184, 3709.88134766, 14557.5888672, 1599.35864258, 4407.24365234, 5059.23242188, 1018.50860596, 165.341934204, 310.130523682, 45.1263198853, 17.1841487885, 3.39568138123, 1.51380872726, 0.00796171277761],
        "max": [0.00115301669575, 0.00633861683309, 0.0255340822041, 0.0713633447886, 0.181122198701, 2.04790234566, 22.2120876312, 7.38672590256, 0.739887773991, 0.208618432283, 1.62975466251, 11.2244977951, 2.10526132584, 5.3445186615, 7.04761791229, 9.60551261902, 20.4353179932, 28.0464420319, 42.6959342957, 15.5767621994, 87.4219055176, 103.808769226, 219.778015137, 212.526412964, 2922.98925781, 496.167663574, 770.133422852, 1027.45959473, 759.210266113, 621.838012695, 969.418151855, 2183.94091797, 1129.8996582, 491.073242188, 351.393463135, 201.249481201, 121.910545349, 34.4322814941, 23.2425746918, 2.23761701584],
        "mean": [7.69362486608e-06, 3.94983726437e-05, 0.00014890395687, 0.00041324403719, 0.00133712927345, 0.0174451209605, 0.170850008726, 0.0741186067462, 0.0125709343702, 0.00728963362053, 0.0652241185308, 0.675886690617, 0.148342266679, 0.0745290517807, 0.113970987499, 0.355899125338, 1.09688949585, 1.77830183506, 1.99547386169, 1.38829624653, 4.75294065475, 7.79341888428, 15.5420513153, 13.4947748184, 75.7384796143, 16.3151416779, 29.9596366882, 35.9793777466, 35.9805374146, 16.2277183533, 22.876958847, 28.6235466003, 17.4550170898, 9.75701522827, 5.74736118317, 2.80157279968, 0.993775427341, 0.23795196414, 0.151180461049, 0.0161076504737],
        "median": [9.37469508244e-07, 2.84682846541e-06, 4.1341263568e-06, 7.00489908922e-06, 1.10241708171e-05, 1.09985248855e-05, 1.98847446882e-05, 1.87146943063e-05, 2.68151052296e-05, 5.47596901015e-05, 0.00166650535539, 0.0298456531018, 0.00325055816211, 0.000891799805686, 0.000453808170278, 0.000127485647681, 0.000887000467628, 0.0073133027181, 0.00289265764877, 0.00492785312235, 0.0425579622388, 0.00560061167926, 0.00362745113671, 0.0012365616858, 0.00242219981737, 0.00195241824258, 0.00422990787774, 0.000874699093401, 0.000290612340905, 0.000391299603507, 0.000202258743229, 0.00017348624533, 0.000148217470269, 0.000113435373351, 8.81937303348e-05, 6.12078729318e-05, 4.0088329115e-05, 7.81464477768e-05, 5.56959275855e-06, 4.04640104534e-07],
        "min": [3.1244673732e-13, 1.74101716117e-12, 5.86689464371e-12, 1.42007508183e-11, 2.85442329495e-11, 5.04950699309e-11, 8.14567024943e-11, 1.22579627004e-10, 1.7456087964e-10, 2.37502240097e-10, 3.10740877474e-10, 3.92527593762e-10, 4.79669748366e-10, 5.67196678514e-10, 6.47851383651e-10, 7.12155279192e-10, 7.48688777641e-10, 7.45552397596e-10, 6.93439194954e-10, 5.90401560974e-10, 4.47653580871e-10, 2.92935398161e-10, 1.65143843045e-10, 9.571742704e-11, 8.53864340344e-11, 1.082843884e-10, 1.6605576636e-10, 3.1244717924e-10, 5.03626529369e-10, 4.97485330708e-10, 3.14014786396e-10, 3.11569825495e-10, 2.1918412918e-10, 2.57103921486e-10, 4.02102406927e-10, 2.2940029043e-10, 5.18634080127e-10, 1.02273821356e-10, 1.65742454483e-11, 2.0664793661e-12],
        "stdev": [8.51422810229e-05, 0.000468289566925, 0.0018871279899, 0.00527486205101, 0.0137968556955, 0.161960586905, 1.71592414379, 0.642788469791, 0.06607632339, 0.0265974272043, 0.224107697606, 1.74751746655, 0.386856973171, 0.404339820147, 0.544243276119, 1.15517568588, 3.18638014793, 4.86555051804, 5.30438661575, 3.18540644646, 12.7847909927, 19.1674118042, 41.6752586365, 37.7207832336, 330.967071533, 57.8589439392, 105.097450256, 132.9087677, 119.736999512, 66.7952880859, 102.0859375, 181.735397339, 99.1972351074, 48.9775695801, 33.1087226868, 19.0005226135, 9.47991752625, 2.57156848907, 1.73660516739, 0.170934870839],
        "var": [7.24920790063e-09, 2.19295117176e-07, 3.56125224243e-06, 2.78241677734e-05, 0.000190353224752, 0.0262312293053, 2.94439554214, 0.4131770432, 0.00436608027667, 0.000707423139829, 0.050224263221, 3.05381727219, 0.149658322334, 0.163490697742, 0.296200752258, 1.33443081379, 10.1530189514, 23.673582077, 28.1365184784, 10.1468143463, 163.450881958, 367.389648438, 1736.82714844, 1422.85754395, 109539.210938, 3347.65722656, 11045.4736328, 17664.7421875, 14336.9482422, 4461.61035156, 10421.5380859, 33027.7539062, 9840.09082031, 2398.80249023, 1096.1875, 361.019866943, 89.8688278198, 6.61296463013, 3.01579737663, 0.0292187314481]
    },
    "gfcc": {
        "mean": [-392.690490723, -58.0298805237, -141.927963257, 1.92291021347, -40.7083091736, 1.95667648315, -14.4093084335, 20.5178623199, -1.92220234871, 1.23868489265, -30.4054718018, -6.51058864594, -4.66315364838],
        "cov": [[37206.0742188, -9672.81054688, -8321.39355469, 1541.90612793, -4410.99804688, -1445.44763184, -2196.59106445, -1305.28222656, -1409.90966797, 205.35383606, 1799.68322754, 694.777709961, 154.287567139], [-9672.81054688, 3068.640625, 1815.99157715, -269.226104736, 1329.25610352, 395.328948975, 818.018127441, 458.166748047, 478.259368896, -62.56300354, -592.298828125, -253.147705078, -68.9193191528], [-8321.39355469, 1815.99157715, 3701.42919922, -672.466552734, 988.992858887, 334.29800415, 76.9239730835, 177.101150513, 113.938201904, -82.9168319702, -357.476623535, -100.225616455, 51.8938293457], [1541.90612793, -269.226104736, -672.466552734, 258.659973145, -193.13671875, -52.0117950439, 5.24883508682, -31.671497345, -4.84927272797, 9.42233085632, 90.3430099487, 18.7412757874, -28.6578121185], [-4410.99804688, 1329.25610352, 988.992858887, -193.13671875, 700.652709961, 172.948776245, 349.51776123, 201.761138916, 204.675537109, -13.5398349762, -298.295684814, -124.309112549, -25.5554542542], [-1445.44763184, 395.328948975, 334.29800415, -52.0117950439, 172.948776245, 137.65713501, 91.9019622803, 68.9238586426, 67.0994491577, 0.0793533548713, -47.2785835266, -5.83151197433, 15.8373365402], [-2196.59106445, 818.018127441, 76.9239730835, 5.24883508682, 349.51776123, 91.9019622803, 367.703979492, 154.147583008, 150.461929321, -11.5037698746, -156.262695312, -73.3858566284, -50.4734344482], [-1305.28222656, 458.166748047, 177.101150513, -31.671497345, 201.761138916, 68.9238586426, 154.147583008, 130.541091919, 92.4781036377, 5.28880882263, -100.227264404, -47.7589302063, -6.84947919846], [-1409.90966797, 478.259368896, 113.938201904, -4.84927272797, 204.675537109, 67.0994491577, 150.461929321, 92.4781036377, 132.649414062, 15.0095386505, -81.0973892212, -40.7401695251, -14.7912006378], [205.35383606, -62.56300354, -82.9168319702, 9.42233085632, -13.5398349762, 0.0793533548713, -11.5037698746, 5.28880882263, 15.0095386505, 39.1696586609, 22.3305149078, 6.5535402298, 11.9755859375], [1799.68322754, -592.298828125, -357.476623535, 90.3430099487, -298.295684814, -47.2785835266, -156.262695312, -100.227264404, -81.0973892212, 22.3305149078, 187.124679565, 90.7910461426, 20.6267280579], [694.777709961, -253.147705078, -100.225616455, 18.7412757874, -124.309112549, -5.83151197433, -73.3858566284, -47.7589302063, -40.7401695251, 6.5535402298, 90.7910461426, 77.9576339722, 27.457069397], [154.287567139, -68.9193191528, 51.8938293457, -28.6578121185, -25.5554542542, 15.8373365402, -50.4734344482, -6.84947919846, -14.7912006378, 11.9755859375, 20.6267280579, 27.457069397, 51.6742477417]],
        "icov": [[0.000305045221467, 0.000801565300208, 0.000205626158277, -0.000653065275401, -6.33763629594e-05, 0.000409660016885, 2.50094381045e-05, -0.000433081499068, 0.000430231040809, 0.000178278394742, 0.000293156539556, 0.000105384016933, -0.000691463588737], [0.000801565300208, 0.00690170144662, -0.000681171310134, -0.00338156335056, -0.00217531784438, -0.000656138872728, -0.00422735000029, -0.000631750619505, -0.00522375479341, 0.0050604538992, 0.00418742140755, 0.00077429250814, -0.00421808799729], [0.000205626158277, -0.000681171310134, 0.00163642270491, 0.00132319971453, -0.0024204258807, -9.46049840422e-05, 0.00320059177466, -0.00150426360779, 0.00266600237228, 0.00171872507781, -0.00304037053138, 0.00053731049411, 0.00061971967807], [-0.000653065275401, -0.00338156335056, 0.00132319971453, 0.0113133639097, 0.00100679439493, -0.000346182117937, 0.000688246102072, 0.000374762370484, -0.00148519221693, 0.00177474808879, -0.00780251156539, 0.00286649749614, 0.00446615414694], [-6.33763629594e-05, -0.00217531784438, -0.0024204258807, 0.00100679439493, 0.0182746946812, -0.00248036859557, -0.00675550103188, 0.00581666268408, -0.0036988502834, -0.0127421235666, 0.0163980964571, -0.00431936280802, 0.00189116876572], [0.000409660016885, -0.000656138872728, -9.46049840422e-05, -0.000346182117937, -0.00248036859557, 0.0179090127349, 0.000186583580216, -0.00563581986353, -0.0012255939655, 0.00410512741655, -0.00832193810493, -0.00046776299132, -0.00720730330795], [2.50094381045e-05, -0.00422735000029, 0.00320059177466, 0.000688246102072, -0.00675550103188, 0.000186583580216, 0.0175923109055, -0.00865314528346, 0.00515860272571, 0.00301780598238, -0.00612111575902, -0.00308106746525, 0.00895079225302], [-0.000433081499068, -0.000631750619505, -0.00150426360779, 0.000374762370484, 0.00581666268408, -0.00563581986353, -0.00865314528346, 0.0272792782634, -0.00834681279957, -0.00857638102025, 0.0113410176709, 0.00173317524604, -0.00391274830326], [0.000430231040809, -0.00522375479341, 0.00266600237228, -0.00148519221693, -0.0036988502834, -0.0012255939655, 0.00515860272571, -0.00834681279957, 0.0340236015618, -0.0151580758393, -0.00519201206043, -0.000355782482075, 0.00623940909281], [0.000178278394742, 0.0050604538992, 0.00171872507781, 0.00177474808879, -0.0127421235666, 0.00410512741655, 0.00301780598238, -0.00857638102025, -0.0151580758393, 0.0545862913132, -0.0224149916321, 0.0131950443611, -0.0153268212453], [0.000293156539556, 0.00418742140755, -0.00304037053138, -0.00780251156539, 0.0163980964571, -0.00832193810493, -0.00612111575902, 0.0113410176709, -0.00519201206043, -0.0224149916321, 0.0522647723556, -0.0287643726915, 0.00775033095852], [0.000105384016933, 0.00077429250814, 0.00053731049411, 0.00286649749614, -0.00431936280802, -0.00046776299132, -0.00308106746525, 0.00173317524604, -0.000355782482075, 0.0131950443611, -0.0287643726915, 0.0442570671439, -0.0181982815266], [-0.000691463588737, -0.00421808799729, 0.00061971967807, 0.00446615414694, 0.00189116876572, -0.00720730330795, 0.00895079225302, -0.00391274830326, 0.00623940909281, -0.0153268212453, 0.00775033095852, -0.0181982815266, 0.0409275740385]]
    },
    "melbands": {
        "dmean": [6.50685194614e-08, 6.78576910218e-08, 8.40048315354e-08, 3.59443333764e-07, 5.89136516282e-06, 1.80761765023e-06, 1.28119850729e-07, 3.42257138186e-08, 4.71952859016e-07, 2.84059342448e-06, 2.35071723864e-07, 1.59037256253e-07, 2.29050343137e-07, 7.0005029329e-07, 4.70452761192e-07, 2.83521967503e-06, 1.76833202659e-06, 2.17396586777e-06, 5.38732820132e-07, 1.14830584153e-06, 3.10089149025e-06, 3.51791595676e-06, 1.42228407185e-06, 6.39093923382e-06, 1.57458794092e-06, 1.80318565981e-05, 2.24968425755e-05, 1.11935139557e-06, 3.59856539944e-06, 6.30951535641e-06, 6.47280239718e-06, 1.09678812805e-05, 8.13423503132e-06, 1.43910096995e-06, 6.07540323472e-06, 9.59072167461e-06, 7.64844207879e-06, 5.2154318837e-06, 2.35799075199e-06, 2.94116171062e-06],
        "dmean2": [6.96800910305e-08, 6.86855514687e-08, 8.40172091898e-08, 5.89690500874e-07, 9.25176209421e-06, 2.91579249279e-06, 1.93963728634e-07, 5.29036654484e-08, 6.67159838486e-07, 4.29596002505e-06, 2.91909088901e-07, 1.66057333217e-07, 2.79020412108e-07, 1.0654732705e-06, 6.28830889582e-07, 5.13040504302e-06, 2.78558945865e-06, 3.91661933463e-06, 8.70037695222e-07, 1.93512346414e-06, 4.93347852171e-06, 5.32619469595e-06, 2.23652273235e-06, 9.82539040706e-06, 2.77257572634e-06, 2.87269285764e-05, 3.30995571858e-05, 1.99687178792e-06, 5.10216523253e-06, 6.72339047014e-06, 7.8058528743e-06, 1.89781767403e-05, 1.24690022858e-05, 1.851752927e-06, 1.01225195976e-05, 6.00258545091e-06, 7.95641062723e-06, 4.06502704209e-06, 2.48652690971e-06, 3.38135419042e-06],
        "dvar": [5.9601331032e-13, 7.6103251305e-13, 1.19023985546e-12, 1.12665345803e-11, 2.94268653889e-09, 2.75245493064e-10, 3.78590984517e-13, 1.6576929445e-14, 3.28189862439e-12, 5.9101341876e-11, 5.08157914619e-13, 1.65475847001e-12, 4.04294262998e-12, 5.17894581387e-12, 4.87850992242e-12, 8.36845662211e-11, 3.32930974456e-11, 6.83712114702e-11, 1.80456799677e-12, 1.00827722907e-11, 1.19264070841e-10, 1.01105374073e-10, 1.94466352743e-11, 4.58234949985e-10, 2.54007318651e-11, 8.63138893692e-09, 1.64365836497e-08, 1.30027100198e-11, 1.2379862413e-10, 1.02836406057e-09, 7.59937002215e-10, 1.44876743935e-09, 1.35942579416e-09, 6.58814322541e-11, 7.56474494157e-10, 5.00464780728e-09, 3.95960686461e-09, 2.06736650021e-09, 1.74556064048e-10, 3.40966033185e-10],
        "dvar2": [5.92817678627e-13, 7.51349828708e-13, 1.17381484307e-12, 2.80022914578e-11, 7.63400187509e-09, 6.91756374405e-10, 8.25142634341e-13, 3.81519428137e-14, 9.6080764872e-12, 1.26754690077e-10, 7.81788913121e-13, 1.32245559989e-12, 4.05123504188e-12, 1.28276781558e-11, 5.31471524776e-12, 2.19643844779e-10, 9.15490669384e-11, 2.23464649562e-10, 3.94901255793e-12, 3.09865431924e-11, 3.22945337139e-10, 2.54964105384e-10, 5.0331492446e-11, 7.87557685733e-10, 7.3998016048e-11, 2.34229418083e-08, 4.2498712105e-08, 3.51754562977e-11, 2.43155717783e-10, 8.97577456804e-10, 1.20040410945e-09, 4.57188198411e-09, 3.11591175084e-09, 1.08808309585e-10, 2.20101670223e-09, 1.65000557661e-09, 3.27080917906e-09, 1.20528065306e-09, 2.04133737691e-10, 3.54230672572e-10],
        "max": [1.05077924673e-05, 1.19220494526e-05, 1.50001314978e-05, 4.48099162895e-05, 0.000619687431026, 0.000215010586544, 8.36219805933e-06, 1.87292312148e-06, 2.59083844867e-05, 7.02172255842e-05, 9.69925258687e-06, 2.02024039027e-05, 2.7675918318e-05, 1.71028605109e-05, 3.16038895107e-05, 7.57270172471e-05, 4.99159723404e-05, 9.29393718252e-05, 1.59097708092e-05, 3.25356741087e-05, 0.000132989764097, 0.000132287459564, 5.34128339496e-05, 0.000365199812222, 7.00069867889e-05, 0.00140263931826, 0.00185821892228, 5.63487337786e-05, 0.000319517333992, 0.000871157797519, 0.000494390027598, 0.000430434534792, 0.000592916388996, 0.000203980016522, 0.000310967792757, 0.00157848757226, 0.00124100793619, 0.000926331093069, 0.000388159154681, 0.000445494253654],
        "mean": [6.87984780257e-08, 7.01911062606e-08, 8.71263807767e-08, 4.45529963145e-07, 4.80744665765e-06, 2.00441922971e-06, 1.56735836754e-07, 5.60674493499e-08, 8.66697121182e-07, 4.19435718868e-06, 5.13470752139e-07, 2.66978020136e-07, 3.46247560401e-07, 7.94694642536e-07, 7.26147845853e-07, 4.30417185271e-06, 3.18692832479e-06, 3.68379141946e-06, 1.41405553222e-06, 2.5796234695e-06, 5.92982178205e-06, 8.98283360584e-06, 4.89031071993e-06, 2.26397987717e-05, 6.12598023508e-06, 4.12198496633e-05, 4.4217085815e-05, 4.33987588622e-06, 1.80371152965e-05, 2.16165717575e-05, 1.70533348864e-05, 1.87517180166e-05, 1.65017245308e-05, 5.65481923331e-06, 1.12051766337e-05, 1.94523072423e-05, 1.68243750522e-05, 1.2107873772e-05, 9.66154129856e-06, 8.28411248222e-06],
        "median": [8.87691165019e-09, 3.03167180249e-09, 1.34676803043e-09, 9.45376998907e-10, 6.69526212249e-10, 4.03838962271e-10, 3.93464483217e-10, 2.55495097301e-10, 2.10250679089e-08, 1.84441574902e-07, 3.64884567006e-09, 2.42498821024e-09, 2.49078935255e-09, 2.6571000955e-10, 2.08610351216e-10, 5.17741272077e-09, 1.43661198493e-08, 5.67287372633e-09, 6.44970132857e-10, 2.828734047e-08, 4.44367316277e-08, 2.94457858097e-09, 3.89157017722e-09, 1.69968350505e-09, 6.20345108615e-10, 2.56513787988e-09, 6.11299399988e-10, 1.34158550935e-09, 2.7101310085e-09, 1.39513156583e-09, 3.06943026551e-10, 1.37751754448e-10, 1.88596638306e-10, 2.01453825843e-10, 1.18288018269e-10, 1.02435442073e-10, 1.08570735735e-10, 1.05441003151e-10, 9.75803465808e-11, 9.7143973421e-11],
        "min": [2.85737035636e-15, 2.8507836164e-15, 2.83882605228e-15, 2.82043654348e-15, 2.79418529838e-15, 2.75925450667e-15, 2.71349397521e-15, 2.6551295935e-15, 2.58364869484e-15, 2.49603033622e-15, 2.39095229922e-15, 2.26804930089e-15, 2.12416233183e-15, 1.95975471907e-15, 1.77644133094e-15, 1.57412708797e-15, 1.35596369389e-15, 1.12965576038e-15, 9.03026589628e-16, 6.84686377419e-16, 4.86592264352e-16, 3.20596888338e-16, 1.95339747211e-16, 1.13974079935e-16, 7.26304083968e-17, 6.03837016429e-17, 6.34226639517e-17, 7.26436366691e-17, 9.06371840374e-17, 1.30271933517e-16, 1.98940338686e-16, 2.7563614127e-16, 3.0910066601e-16, 2.6354686353e-16, 1.82029894994e-16, 1.61914583032e-16, 2.04949785984e-16, 1.74672527109e-16, 9.35716635087e-17, 2.56276620925e-16],
        "stdev": [7.75997193614e-07, 8.81018536347e-07, 1.10872224468e-06, 3.8647663132e-06, 4.7944689868e-05, 1.79842299985e-05, 7.60664363497e-07, 2.17527329482e-07, 3.1701347325e-06, 1.08175108835e-05, 1.48277013068e-06, 1.52703114509e-06, 2.07209200198e-06, 2.53173425335e-06, 2.77767071566e-06, 1.24452908494e-05, 8.79855360836e-06, 1.04756591099e-05, 3.26710369336e-06, 5.97847565587e-06, 1.74378237716e-05, 2.32189831877e-05, 1.14557497e-05, 6.59295692458e-05, 1.50303440023e-05, 0.000167285834323, 0.000201853152248, 1.07763917185e-05, 5.86898349866e-05, 9.13229305297e-05, 6.27281260677e-05, 6.26110704616e-05, 6.4405525336e-05, 2.32281090575e-05, 4.33730747318e-05, 0.00013480821508, 0.000103506084997, 7.60186740081e-05, 4.65752564196e-05, 4.24967365689e-05],
