{
"lowlevel": {
    "average_loudness": 0.99068403244,
    "barkbands_crest": {
        "dmean": 1.8122344017,
        "dmean2": 2.94598054886,
        "dvar": 2.64530801773,
        "dvar2": 5.65249872208,
        "max": 16.5947818756,
        "mean": 6.19833660126,
        "median": 5.40464019775,
        "min": 2.65187311172,
        "stdev": 2.65295100212,
        "var": 7.03814888
    },
    "barkbands_flatness_db": {
        "dmean": 0.0226885266602,
        "dmean2": 0.0360186211765,
        "dvar": 0.00125536252744,
        "dvar2": 0.00350836245343,
        "max": 0.278313189745,
        "mean": 0.0736350864172,
        "median": 0.0678474232554,
        "min": 0.0229774415493,
        "stdev": 0.0367440655828,
        "var": 0.00135012634564
    },
    "barkbands_kurtosis": {
        "dmean": 4.71217298508,
        "dmean2": 8.69883155823,
        "dvar": 196.754119873,
        "dvar2": 597.849182129,
        "max": 73.9882202148,
        "mean": 1.78062224388,
        "median": -0.783239841461,
        "min": -1.81567883492,
        "stdev": 10.3690786362,
        "var": 107.517799377
    },
    "barkbands_skewness": {
        "dmean": 0.991458296776,
        "dmean2": 1.56535100937,
        "dvar": 1.34970450401,
        "dvar2": 3.57541966438,
        "max": 7.33758544922,
        "mean": -0.494098633528,
        "median": -0.782130599022,
        "min": -3.00890088081,
        "stdev": 1.56508922577,
        "var": 2.44950437546
    },
    "barkbands_spread": {
        "dmean": 19.2090148926,
        "dmean2": 31.0489006042,
        "dvar": 226.329101562,
        "dvar2": 415.271575928,
        "max": 109.101593018,
        "mean": 62.2564125061,
        "median": 65.8738708496,
        "min": 2.18335747719,
        "stdev": 24.122045517,
        "var": 581.87310791
    },
    "dissonance": {
        "dmean": 0.00731105916202,
        "dmean2": 0.0120351873338,
        "dvar": 8.66550253704e-05,
        "dvar2": 0.000194361957256,
        "max": 0.499534606934,
        "mean": 0.491639554501,
        "median": 0.494777023792,
        "min": 0.433675915003,
        "stdev": 0.0103557854891,
        "var": 0.000107242289232
    },
    "dynamic_complexity": 4.12915658951,
    "erbbands_crest": {
        "dmean": 2.14308285713,
        "dmean2": 3.71800541878,
        "dvar": 2.66242432594,
        "dvar2": 5.69057941437,
        "max": 11.310508728,
        "mean": 6.75506496429,
        "median": 6.70846891403,
        "min": 2.48551774025,
        "stdev": 2.14758563042,
        "var": 4.61212396622
    },
    "erbbands_flatness_db": {
        "dmean": 0.0207500681281,
        "dmean2": 0.0347885228693,
        "dvar": 0.000295544276014,
        "dvar2": 0.000775009393692,
        "max": 0.181976035237,
        "mean": 0.10750708729,
        "median": 0.105662435293,
        "min": 0.0588437393308,
        "stdev": 0.0228902678937,
        "var": 0.000523964350577
    },
    "erbbands_kurtosis": {
        "dmean": 1.71854543686,
        "dmean2": 2.848269701,
        "dvar": 1.23853242397,
        "dvar2": 3.45644664764,
        "max": 7.37303733826,
        "mean": 2.36910271645,
        "median": 2.59721517563,
        "min": -1.45938098431,
        "stdev": 1.85434651375,
        "var": 3.438601017
    },
    "erbbands_skewness": {
        "dmean": 0.506741464138,
        "dmean2": 0.839379429817,
        "dvar": 0.251658946276,
        "dvar2": 0.893384099007,
        "max": 0.733081459999,
        "mean": -1.24984109402,
        "median": -1.43167066574,
        "min": -2.39704036713,
        "stdev": 0.658712387085,
        "var": 0.433902025223
    },
    "erbbands_spread": {
        "dmean": 14.5792045593,
        "dmean2": 25.3918704987,
        "dvar": 279.564239502,
        "dvar2": 576.659179688,
        "max": 108.247253418,
        "mean": 38.75548172,
        "median": 35.1727180481,
        "min": 14.5937547684,
        "stdev": 19.055021286,
        "var": 363.09387207
    },
    "hfc": {
        "dmean": 47.6123275757,
        "dmean2": 86.7398605347,
        "dvar": 3356.78295898,
        "dvar2": 8437.74707031,
        "max": 416.605438232,
        "mean": 111.286437988,
        "median": 101.465591431,
        "min": 8.22726997285e-06,
        "stdev": 86.1279983521,
        "var": 7418.03222656
    },
    "loudness_ebu128": {
        "integrated": -22.1345176697,
        "loudness_range": 0,
        "momentary": {
            "dmean": 0.757895946503,
            "dmean2": 0.639260709286,
            "dvar": 0.216523870826,
            "dvar2": 0.0791891366243,
            "max": -20.4645233154,
            "mean": -22.4185295105,
            "median": -22.2729930878,
            "min": -25.4395809174,
            "stdev": 1.61779534817,
            "var": 2.61726164818
        },
        "short_term": {
            "dmean": 0,
            "dmean2": 0,
            "dvar": 0,
            "dvar2": 0,
            "max": -26.7703914642,
            "mean": -26.7703914642,
            "median": -26.7703914642,
            "min": -26.7703914642,
            "stdev": 0,
            "var": 0
        }
    },
    "melbands_crest": {
        "dmean": 3.75093436241,
        "dmean2": 6.1551451683,
        "dvar": 7.28214216232,
        "dvar2": 18.2634963989,
        "max": 28.9481315613,
        "mean": 12.219830513,
        "median": 11.3469581604,
        "min": 2.77092218399,
        "stdev": 5.29328346252,
        "var": 28.0188522339
    },
    "melbands_flatness_db": {
        "dmean": 0.0365033000708,
        "dmean2": 0.0545899122953,
        "dvar": 0.00197198218666,
        "dvar2": 0.00425808038563,
        "max": 0.392637759447,
        "mean": 0.0911122262478,
        "median": 0.0716363638639,
        "min": 0.0127799017355,
        "stdev": 0.0662020221353,
        "var": 0.00438270764425
    },
    "melbands_kurtosis": {
        "dmean": 9.28323459625,
        "dmean2": 17.6899261475,
        "dvar": 953.495727539,
        "dvar2": 2822.36450195,
        "max": 170.421524048,
        "mean": 5.69800662994,
        "median": 0.119185447693,
        "min": -1.7385944128,
        "stdev": 23.6280117035,
        "var": 558.282897949
    },
    "melbands_skewness": {
        "dmean": 1.10827374458,
        "dmean2": 1.91305935383,
        "dvar": 2.23028659821,
        "dvar2": 5.68167972565,
        "max": 10.5699071884,
        "mean": 1.66143739223,
        "median": 1.22814762592,
        "min": -0.167673513293,
        "stdev": 1.68993842602,
        "var": 2.85589194298
    },
    "melbands_spread": {
        "dmean": 44.7532577515,
        "dmean2": 73.1501312256,
        "dvar": 1091.99890137,
        "dvar2": 2606.64208984,
        "max": 227.527816772,
        "mean": 126.238327026,
        "median": 143.006103516,
        "min": 1.42179465294,
        "stdev": 59.3219070435,
        "var": 3519.08862305
    },
    "pitch_salience": {
        "dmean": 0.0608454011381,
        "dmean2": 0.0922759398818,
        "dvar": 0.00480441516265,
        "dvar2": 0.0109985843301,
        "max": 0.821223855019,
        "mean": 0.724355041981,
        "median": 0.75472420454,
        "min": 0.268415927887,
        "stdev": 0.0974756777287,
        "var": 0.00950150750577
    },
    "silence_rate_20dB": {
        "dmean": 0,
        "dmean2": 0,
        "dvar": 0,
        "dvar2": 0,
        "max": 1,
        "mean": 1,
        "median": 1,
        "min": 1,
        "stdev": 0,
        "var": 0
    },
    "silence_rate_30dB": {
        "dmean": 0,
        "dmean2": 0,
        "dvar": 0,
        "dvar2": 0,
        "max": 1,
        "mean": 1,
        "median": 1,
        "min": 1,
        "stdev": 0,
        "var": 0
    },
    "silence_rate_60dB": {
        "dmean": 0.0384615398943,
        "dmean2": 0.0784313753247,
        "dvar": 0.0369822233915,
        "dvar2": 0.0722798556089,
        "max": 1,
        "mean": 0.150943398476,
        "median": 0,
        "min": 0,
        "stdev": 0.357993811369,
        "var": 0.128159567714
    },
    "spectral_centroid": {
        "dmean": 598.287963867,
        "dmean2": 996.727355957,
        "dvar": 329030.34375,
        "dvar2": 753927.9375,
        "max": 4672.55078125,
        "mean": 3369.3972168,
        "median": 3727.09692383,
        "min": 591.353088379,
        "stdev": 938.313293457,
        "var": 880431.875
    },
    "spectral_complexity": {
        "dmean": 5.5,
        "dmean2": 8.78431415558,
        "dvar": 32.25,
        "dvar2": 52.6005439758,
        "max": 55,
        "mean": 21.9622650146,
        "median": 22,
        "min": 0,
        "stdev": 14.9375572205,
        "var": 223.130615234
    },
    "spectral_decrease": {
        "dmean": 1.47123835337e-09,
        "dmean2": 2.07831662991e-09,
        "dvar": 3.5905048346e-18,
        "dvar2": 7.60561719406e-18,
        "max": -4.62116327516e-17,
        "mean": -3.16084780572e-09,
        "median": -1.90641724629e-09,
        "min": -1.545170214e-08,
        "stdev": 3.60188456838e-09,
        "var": 1.29735718648e-17
    },
    "spectral_energy": {
        "dmean": 0.00881377141923,
        "dmean2": 0.0134664559737,
        "dvar": 0.000105654318759,
        "dvar2": 0.000223726296099,
        "max": 0.0961055681109,
        "mean": 0.0220237765461,
        "median": 0.0173015706241,
        "min": 9.20650722325e-10,
        "stdev": 0.0201571825892,
        "var": 0.000406312028645
    },
    "spectral_energyband_high": {
        "dmean": 0.00527454447001,
        "dmean2": 0.00925735849887,
        "dvar": 4.03905542044e-05,
        "dvar2": 0.000108044099761,
        "max": 0.0468928031623,
        "mean": 0.0121061215177,
        "median": 0.0105635430664,
        "min": 5.32775656925e-10,
        "stdev": 0.00954994373024,
        "var": 9.12014220376e-05
    },
    "spectral_energyband_low": {
        "dmean": 0.00306940916926,
        "dmean2": 0.0045288358815,
        "dvar": 1.7235028281e-05,
        "dvar2": 4.81260358356e-05,
        "max": 0.0254461430013,
        "mean": 0.00427573313937,
        "median": 0.00148098147474,
        "min": 1.20539161985e-10,
        "stdev": 0.00627874257043,
        "var": 3.94226080971e-05
    },
    "spectral_energyband_middle_high": {
        "dmean": 0.00120396714192,
        "dmean2": 0.00200391747057,
        "dvar": 2.78015295407e-06,
        "dvar2": 5.9809422055e-06,
        "max": 0.0110945673659,
        "mean": 0.00278375856578,
        "median": 0.0023658410646,
        "min": 1.12998527202e-10,
        "stdev": 0.00259376899339,
        "var": 6.7276378104e-06
    },
    "spectral_energyband_middle_low": {
        "dmean": 0.00235037296079,
        "dmean2": 0.00402267789468,
        "dvar": 1.64147731994e-05,
        "dvar2": 3.82498801628e-05,
        "max": 0.0224967617542,
        "mean": 0.00344689679332,
        "median": 0.00157632492483,
        "min": 2.78343008364e-11,
        "stdev": 0.0052202353254,
        "var": 2.72508550552e-05
    },
    "spectral_entropy": {
        "dmean": 0.14888612926,
        "dmean2": 0.230419874191,
        "dvar": 0.0405422002077,
        "dvar2": 0.0657482370734,
        "max": 8.93209266663,
        "mean": 8.53335666656,
        "median": 8.60275650024,
        "min": 7.46222257614,
        "stdev": 0.278543353081,
        "var": 0.0775863975286
    },
    "spectral_flux": {
        "dmean": 0.0162141099572,
        "dmean2": 0.0273748189211,
        "dvar": 0.000369052257156,
        "dvar2": 0.000706788385287,
        "max": 0.206999316812,
        "mean": 0.093566082418,
        "median": 0.0930689796805,
        "min": 0.00264624739066,
        "stdev": 0.0482120253146,
        "var": 0.00232439930551
    },
    "spectral_kurtosis": {
        "dmean": 0.838610231876,
        "dmean2": 1.26081371307,
        "dvar": 0.894667744637,
        "dvar2": 1.74322557449,
        "max": 7.28780078888,
        "mean": 1.61236917973,
        "median": 1.40324926376,
        "min": -0.0537288188934,
        "stdev": 1.31288254261,
        "var": 1.72366070747
    },
    "spectral_rms": {
        "dmean": 0.000880696810782,
        "dmean2": 0.00131321011577,
        "dvar": 5.84007977977e-07,
        "dvar2": 1.06383595266e-06,
        "max": 0.00968305394053,
        "mean": 0.00403520558029,
        "median": 0.00410847691819,
        "min": 9.47731962242e-07,
        "stdev": 0.00228116870858,
        "var": 5.20373032487e-06
    },
    "spectral_rolloff": {
        "dmean": 1859.72338867,
        "dmean2": 2440.0078125,
        "dvar": 4285748.5,
        "dvar2": 3576936.75,
        "max": 17420.3613281,
        "mean": 9582.27441406,
        "median": 9926.80664062,
        "min": 86.1328125,
        "stdev": 3555.015625,
        "var": 12638136
    },
    "spectral_skewness": {
        "dmean": 0.191904217005,
        "dmean2": 0.309317022562,
        "dvar": 0.0501583144069,
        "dvar2": 0.121668368578,
        "max": 1.94189870358,
        "mean": 0.978629231453,
        "median": 0.929357051849,
        "min": 0.443418174982,
        "stdev": 0.313314437866,
        "var": 0.0981659293175
    },
    "spectral_spread": {
        "dmean": 1269404,
        "dmean2": 1772235.25,
        "dvar": 2.46218856858e+12,
        "dvar2": 2.52165121638e+12,
        "max": 15580111,
        "mean": 7905490.5,
        "median": 7696033,
        "min": 2171149,
        "stdev": 2004793,
        "var": 4.01919521587e+12
    },
    "spectral_strongpeak": {
        "dmean": 0.445637583733,
        "dmean2": 0.85324126482,
        "dvar": 0.875031709671,
        "dvar2": 2.53876543045,
        "max": 3.87646579742,
        "mean": 0.335788160563,
        "median": 0.127478092909,
        "min": 0,
        "stdev": 0.706971406937,
        "var": 0.499808549881
    },
    "zerocrossingrate": {
        "dmean": 0.0340388379991,
        "dmean2": 0.0347349867225,
        "dvar": 0.000914723379537,
        "dvar2": 0.000779554073233,
        "max": 0.3974609375,
        "mean": 0.221172973514,
        "median": 0.22998046875,
        "min": 0.015625,
        "stdev": 0.0855411142111,
        "var": 0.00731728225946
    },
    "barkbands": {
        "dmean": [0.000261189008597, 0.0015000354033, 0.00110267987475, 0.00077500048792, 0.00122988293879, 0.00047163196723, 0.000232714781305, 0.000124667029013, 7.3121060268e-05, 5.9541878727e-05, 6.57807613607e-05, 8.40567154228e-05, 0.000139227762702, 0.000203430565307, 0.000207377001061, 0.00017656107957, 0.000236319974647, 0.000236145788222, 0.0003454243124, 0.000554576108698, 0.000913415802643, 0.00103190925438, 0.00208389968611, 0.00130656547844, 0.000884488283191, 0.000876617326867, 0.000409561384004],
        "dmean2": [0.000460959679913, 0.00246771983802, 0.00180853006896, 0.00129622966051, 0.00211229571141, 0.000740487070289, 0.000410552660469, 0.000221650465392, 0.00010677886894, 0.000102453712316, 0.000102440491901, 0.000143728335388, 0.000243316637352, 0.000350231828634, 0.00032280216692, 0.000285441579763, 0.000399590353481, 0.000391400448279, 0.000608475471381, 0.000898049329408, 0.00154308101628, 0.00174038438126, 0.00381211214699, 0.00222137197852, 0.00163581268862, 0.00150722975377, 0.000686476763804],
        "dvar": [5.32452361313e-07, 6.54048835713e-06, 2.69420024779e-06, 1.19150013234e-06, 4.55494819107e-06, 1.29507191104e-06, 2.4194767434e-07, 7.70532153638e-08, 1.39762468265e-08, 8.10890021796e-09, 9.02233399103e-09, 1.33956312709e-08, 3.20826920586e-08, 2.58884625737e-07, 9.16653135619e-08, 4.39079599346e-08, 8.98294985063e-08, 7.51129221044e-08, 3.00157154243e-07, 6.37149753402e-07, 1.50321113779e-06, 1.39949599998e-06, 8.77003549249e-06, 2.60648130279e-06, 1.2825611293e-06, 1.52597488068e-06, 4.46808968491e-07],
        "dvar2": [1.40776137414e-06, 1.86805027624e-05, 7.04462036083e-06, 2.85495298158e-06, 1.37904680741e-05, 3.13456121148e-06, 6.5478786837e-07, 1.77827459424e-07, 2.5188079178e-08, 2.5599483422e-08, 2.44954740936e-08, 3.51177646962e-08, 9.46178460026e-08, 7.65843765294e-07, 2.03717775094e-07, 9.53895948896e-08, 1.82715652386e-07, 1.70477491679e-07, 8.02187287263e-07, 1.37082122365e-06, 3.29113709086e-06, 3.80181950277e-06, 2.88312094199e-05, 6.91316290613e-06, 3.519656957e-06, 3.95427468902e-06, 1.16392595828e-06],
        "max": [0.00443564215675, 0.0174426734447, 0.00915588159114, 0.00591688742861, 0.0110093951225, 0.00747371604666, 0.0026338940952, 0.00164175347891, 0.000798500259407, 0.000573620491195, 0.000656789983623, 0.000761608942412, 0.0008614519611, 0.00292891077697, 0.00209739268757, 0.00106191611849, 0.00175900547765, 0.00188316113781, 0.00305669475347, 0.00554609484971, 0.00682807527483, 0.00711347348988, 0.0194738805294, 0.0102067515254, 0.0057936408557, 0.00806667562574, 0.00389726343565],
        "mean": [0.000214722735109, 0.00208849110641, 0.00141281948891, 0.000981405843049, 0.00139968621079, 0.000496062333696, 0.000278474326478, 0.000161245450727, 0.000104967795778, 7.37328518881e-05, 0.000100874705822, 0.000104107944935, 0.000171803767444, 0.000225340510951, 0.00023994690855, 0.000277693587122, 0.000378411379643, 0.000426854268881, 0.000494214822538, 0.000719868869055, 0.00123972469009, 0.00168550887611, 0.00307111046277, 0.00217687082477, 0.00145428942051, 0.00141962431371, 0.000623220752459],
        "median": [7.03840196365e-05, 0.000534164137207, 0.000331370683853, 0.000361656886525, 0.000296662939945, 6.89236621838e-05, 4.44631441496e-05, 4.28524108429e-05, 3.73312650481e-05, 3.38697682309e-05, 6.1094542616e-05, 6.32405572105e-05, 0.000114640082757, 0.000133319932502, 0.000149577681441, 0.000150161868078, 0.000267853611149, 0.000313470722176, 0.000320139632095, 0.000403311016271, 0.000818813859951, 0.00143438088708, 0.00212553795427, 0.00172059854958, 0.000991575652733, 0.00108976243064, 0.000418795738369],
        "min": [1.22748977649e-10, 5.85594142621e-11, 3.37427438421e-12, 5.0390455697e-12, 9.49170343018e-12, 2.09152313524e-12, 2.7003659725e-12, 2.06748775543e-13, 6.11240788886e-12, 4.89150907279e-12, 6.3111529891e-12, 5.49527784388e-12, 3.26034490204e-12, 8.14006587829e-12, 2.25465895953e-11, 7.7730591061e-12, 2.12529282367e-11, 4.99289108322e-12, 1.62360940664e-11, 2.0642319451e-11, 1.87038995403e-11, 3.36822202074e-11, 4.43496767089e-11, 5.96898155902e-11, 9.05952118879e-11, 1.04023505088e-10, 1.82293402595e-10],
        "stdev": [0.000622467661742, 0.00370350736193, 0.00215265271254, 0.00128951342776, 0.00243772193789, 0.00123188854195, 0.000553673075046, 0.000331410701619, 0.000166330253705, 0.000108141655801, 0.000136613627546, 0.000139364245115, 0.00019461743068, 0.000423176243203, 0.00036485484452, 0.000289965712, 0.000364499370335, 0.000403469923185, 0.000615704862867, 0.000936812662985, 0.00143890222535, 0.00155588169582, 0.00338672450744, 0.00210586842149, 0.00138695933856, 0.00148340011947, 0.000777936656959],
        "var": [3.87465973972e-07, 1.37159668157e-05, 4.63391415906e-06, 1.66284485204e-06, 5.94248831476e-06, 1.51754932176e-06, 3.06553886276e-07, 1.0983305998e-07, 2.76657523557e-08, 1.16946177187e-08, 1.86632842514e-08, 1.94223943595e-08, 3.78759459352e-08, 1.79078128326e-07, 1.33119058887e-07, 8.40801135382e-08, 1.32859796054e-07, 1.62787969771e-07, 3.79092483627e-07, 8.77617992501e-07, 2.07043945011e-06, 2.42076794166e-06, 1.1469902347e-05, 4.43468206868e-06, 1.92365632756e-06, 2.20047581934e-06, 6.05185448421e-07]
    },
    "erbbands": {
        "dmean": [0.0612611398101, 0.28170633316, 1.1641740799, 2.3740632534, 3.64101529121, 3.93777632713, 4.21200847626, 2.75544071198, 3.73082685471, 2.87561964989, 2.34892368317, 1.76757419109, 1.8737334013, 1.52462685108, 2.9539604187, 3.74515390396, 6.29863643646, 8.39727783203, 10.0849761963, 8.35426235199, 9.83262729645, 12.4712228775, 14.6587133408, 13.5768938065, 20.9724445343, 26.5161933899, 34.3627853394, 43.2807273865, 35.4115715027, 50.7756538391, 57.4905586243, 38.1322174072, 16.6392345428, 8.83076667786, 7.58362531662, 4.3379945755, 1.50532960892, 0.600014150143, 0.0644952356815, 0.00236053252593],
        "dmean2": [0.108618997037, 0.46508666873, 1.9563781023, 3.86191034317, 6.37468290329, 6.96803855896, 6.91803503036, 4.47974300385, 6.74817037582, 4.77869415283, 4.20115470886, 2.89669060707, 3.20137047768, 2.77040362358, 5.14017724991, 6.43615484238, 11.2689876556, 14.2086553574, 16.0832462311, 12.5740327835, 15.5482149124, 20.6499557495, 26.9033966064, 19.5173835754, 36.8931655884, 41.1681251526, 59.0422706604, 74.2473754883, 57.6474189758, 97.0051956177, 102.178215027, 64.5073394775, 28.9934062958, 15.1411895752, 14.2749061584, 7.18973779678, 2.57657217979, 1.07477021217, 0.11221075803, 0.00380423781462],
        "dvar": [0.0160263497382, 0.193513303995, 3.08327078819, 12.7260150909, 38.2399482727, 61.1906318665, 116.375473022, 41.6908988953, 58.318901062, 33.2373390198, 22.9556083679, 8.88746070862, 11.2238674164, 3.21513271332, 22.2761821747, 22.2245483398, 65.041847229, 461.652038574, 312.224639893, 95.0698318481, 176.971130371, 244.401367188, 335.537597656, 274.156921387, 930.744262695, 1409.06323242, 1876.42333984, 3696.42675781, 1807.06982422, 3957.41381836, 6961.01123047, 2155.76123047, 633.268981934, 111.676620483, 93.1008224487, 42.0939941406, 4.74270439148, 0.835444867611, 0.0110373366624, 1.07495425254e-05],
        "dvar2": [0.0483661293983, 0.453162133694, 8.45358181, 32.6345176697, 123.570800781, 170.499984741, 277.455871582, 98.2806549072, 153.358795166, 80.6720352173, 60.9807243347, 18.0885639191, 29.4703025818, 8.44515705109, 58.6119499207, 61.7149353027, 195.540496826, 1396.39672852, 605.878051758, 187.276077271, 416.474853516, 522.382629395, 889.570068359, 649.448547363, 2276.74414062, 3129.78564453, 4396.28466797, 8837.46386719, 5153.39257812, 11379.9814453, 22892.1953125, 6033.27441406, 1754.19042969, 323.328277588, 253.833847046, 111.828315735, 11.2136459351, 1.95973169804, 0.0278109293431, 2.15125091927e-05],
        "max": [0.727822124958, 3.44037413597, 9.97171115875, 20.9069747925, 33.8020744324, 43.0926551819, 71.1024551392, 43.325012207, 37.9385643005, 33.449798584, 27.7888755798, 18.0214576721, 20.4650421143, 13.7581043243, 30.2729244232, 29.3661651611, 36.273601532, 126.91582489, 106.233818054, 78.7667007446, 72.8988876343, 97.0963058472, 109.495788574, 121.869255066, 155.441818237, 267.770355225, 226.265167236, 354.8125, 275.206298828, 347.181976318, 538.854614258, 262.444396973, 145.368835449, 58.3267974854, 50.5611877441, 36.1855697632, 14.6520051956, 4.58907365799, 0.61113089323, 0.0215783622116],
        "mean": [0.0651353597641, 0.456537932158, 1.47687137127, 2.83428072929, 4.14426994324, 4.52245855331, 4.59523487091, 3.40497946739, 4.17045450211, 3.66589593887, 3.0011844635, 2.42492103577, 2.51594638824, 2.70243883133, 4.23884010315, 4.74816179276, 7.7489156723, 10.2928800583, 12.6094799042, 13.4859685898, 15.8782234192, 21.0770454407, 23.3276805878, 23.198797226, 27.755235672, 34.1009140015, 41.8818588257, 56.2440109253, 57.4400558472, 78.2391967773, 86.2723846436, 60.331035614, 28.6614513397, 13.9592237473, 11.8730154037, 6.7343120575, 2.32485079765, 0.794271171093, 0.0994969308376, 0.00451330747455],
        "median": [0.018781427294, 0.104594677687, 0.369680166245, 1.17767119408, 1.32279467583, 0.924912929535, 0.750928044319, 0.627365469933, 0.66475713253, 1.02252781391, 1.03420352936, 0.840423583984, 1.22970056534, 1.54457366467, 2.41491222382, 3.12570357323, 4.5033864975, 7.36681699753, 6.40534830093, 9.56746196747, 9.76920890808, 15.5375003815, 17.3252620697, 16.5374298096, 17.9074993134, 19.8682994843, 29.4369812012, 39.3459320068, 43.7249832153, 56.7424888611, 60.9883079529, 48.4145927429, 20.371263504, 7.07104921341, 9.97609043121, 5.35880708694, 1.44962084293, 0.480699896812, 0.0707238465548, 0.00352563010529],
        "min": [3.54146112436e-09, 7.09532477217e-09, 5.40727773668e-09, 1.05223341151e-08, 2.95536519701e-08, 3.01420612914e-08, 1.59445381342e-08, 1.91360793877e-08, 4.60787781265e-08, 1.66131286505e-08, 1.81254158349e-08, 1.48717830939e-07, 1.84618201615e-07, 1.35769326448e-07, 2.49282436471e-07, 2.53401424288e-07, 1.67071121382e-07, 4.1903751935e-07, 1.02158207937e-06, 7.48954960272e-07, 4.24083282269e-07, 1.26909162645e-06, 3.53911588036e-07, 4.84734755446e-07, 1.08361996354e-06, 9.88440319816e-07, 1.0090810747e-06, 4.98121437431e-07, 1.36171922804e-06, 9.3693722647e-07, 1.25161182041e-06, 8.74271165685e-07, 1.27344378598e-06, 8.52981258959e-07, 7.82931124377e-07, 4.27048775009e-07, 1.67548023455e-07, 1.11225425314e-07, 3.23895612553e-08, 2.08707429117e-09],
        "stdev": [0.121944211423, 0.838213682175, 2.3594789505, 3.99748015404, 6.43700218201, 8.70017147064, 11.3323259354, 7.51285123825, 8.77391147614, 6.90527486801, 5.45722007751, 3.87068009377, 3.93304657936, 3.20279860497, 6.01003026962, 5.70451879501, 8.73155593872, 17.7623195648, 20.9922637939, 14.5538187027, 16.5358772278, 19.3704166412, 22.2821369171, 25.5046653748, 35.5069389343, 44.9212684631, 48.4563560486, 68.5862731934, 57.3242378235, 76.2130889893, 94.6878356934, 58.904384613, 29.9211940765, 14.4286155701, 10.8677549362, 6.97335863113, 2.75649809837, 1.05923116207, 0.121618956327, 0.00485905585811],
        "var": [0.014870390296, 0.702602148056, 5.56714105606, 15.979847908, 41.4349975586, 75.6929855347, 128.421600342, 56.4429321289, 76.9815216064, 47.6828193665, 29.7812519073, 14.9821643829, 15.4688549042, 10.2579193115, 36.120464325, 32.5415344238, 76.2400741577, 315.499969482, 440.675109863, 211.81362915, 273.435241699, 375.21307373, 496.493652344, 650.487915039, 1260.74267578, 2017.92028809, 2348.01831055, 4704.07714844, 3286.06811523, 5808.43457031, 8965.78613281, 3469.72631836, 895.277832031, 208.184951782, 118.108093262, 48.6277275085, 7.59828233719, 1.12197065353, 0.0147911710665, 2.36104224314e-05]
    },
    "gfcc": {
        "mean": [1.32697689533, -25.5548114777, -72.1980819702, 45.4538536072, -43.1616897583, 20.1987991333, -34.4356651306, 2.74287366867, -20.1551475525, 1.66435849667, -19.4810218811, 4.42163276672, -17.1931438446],
        "cov": [[33481.6640625, -3741.95849609, 397.277618408, 966.903320312, -947.637023926, 56.3782958984, -457.5987854, -480.282531738, -362.666473389, -231.956069946, -200.603897095, -130.357498169, -446.418914795], [-3741.95849609, 2250.79467773, -230.542907715, -35.0213088989, -35.3953170776, -109.969963074, -57.046962738, 130.571075439, 88.9978790283, 110.326301575, 146.839248657, 7.78965759277, 52.6282691956], [397.277618408, -230.542907715, 293.601593018, 15.8253240585, -8.70810890198, 26.6260986328, -44.1649703979, -58.8575973511, -46.8097190857, -38.9136924744, -37.6537475586, 10.7658395767, -48.3403663635], [966.903320312, -35.0213088989, 15.8253240585, 237.133850098, -16.0010261536, 39.0046272278, 5.54466676712, -15.9225730896, 0.775006353855, -7.75330114365, -1.38319730759, 3.8796505928, -15.5397939682], [-947.637023926, -35.3953170776, -8.70810890198, -16.0010261536, 321.870574951, 64.497795105, 115.001899719, 7.68195819855, 38.8076820374, -27.6234760284, -41.899307251, -5.4991402626, 12.4502868652], [56.3782958984, -109.969963074, 26.6260986328, 39.0046272278, 64.497795105, 114.768600464, 45.6625595093, 13.2630577087, 1.8355653286, -10.8408098221, -19.2514820099, 17.0831890106, -9.77810573578], [-457.5987854, -57.046962738, -44.1649703979, 5.54466676712, 115.001899719, 45.6625595093, 123.545333862, 43.8857650757, 41.5403823853, 10.2323551178, -13.3309259415, -1.90405654907, 7.45281457901], [-480.282531738, 130.571075439, -58.8575973511, -15.9225730896, 7.68195819855, 13.2630577087, 43.8857650757, 73.5061798096, 21.7273483276, 26.0549926758, 19.9734287262, 7.77207660675, 12.4861240387], [-362.666473389, 88.9978790283, -46.8097190857, 0.775006353855, 38.8076820374, 1.8355653286, 41.5403823853, 21.7273483276, 74.979385376, 18.2394618988, -1.80618667603, 3.26840567589, 1.85493290424], [-231.956069946, 110.326301575, -38.9136924744, -7.75330114365, -27.6234760284, -10.8408098221, 10.2323551178, 26.0549926758, 18.2394618988, 65.8669281006, 20.4820785522, 1.81596899033, 2.29750561714], [-200.603897095, 146.839248657, -37.6537475586, -1.38319730759, -41.899307251, -19.2514820099, -13.3309259415, 19.9734287262, -1.80618667603, 20.4820785522, 79.3702774048, 13.2484369278, 29.8986434937], [-130.357498169, 7.78965759277, 10.7658395767, 3.8796505928, -5.4991402626, 17.0831890106, -1.90405654907, 7.77207660675, 3.26840567589, 1.81596899033, 13.2484369278, 51.7131614685, 13.1102380753], [-446.418914795, 52.6282691956, -48.3403663635, -15.5397939682, 12.4502868652, -9.77810573578, 7.45281457901, 12.4861240387, 1.85493290424, 2.29750561714, 29.8986434937, 13.1102380753, 75.404045105]],
        "icov": [[5.37461746717e-05, 8.84201435838e-05, 8.87225469342e-05, -0.000185893455637, 0.000101973200799, -8.16712417873e-06, 0.000122902187286, 7.41100666346e-05, 4.59993789264e-05, 5.73283723497e-05, -5.02251823491e-05, 7.23829944036e-05, 0.000237188112806], [8.84201435838e-05, 0.000835171085782, 0.000307425973006, -0.000461322022602, -0.000379000179237, 0.00037935868022, 0.00167775014415, -0.00135569262784, -0.000675581162795, -0.000359877361916, -0.000838319538161, 0.000305916706566, 0.000519819092005], [8.87225469342e-05, 0.000307425973006, 0.00536459125578, -0.000111240035039, -5.28561540705e-05, -0.000886611407623, 0.000926297041588, 0.00256871711463, 0.00201163184829, 0.00088454951765, 0.000414507114328, -0.00207761093043, 0.00322421314195], [-0.000185893455637, -0.000461322022602, -0.000111240035039, 0.00553793366998, 0.000703705241904, -0.00221337284893, -0.00177620060276, 0.00235859653912, -0.000583893619478, 0.000363012775779, -0.000699222669937, -0.000199043104658, -1.16491901281e-05], [0.000101973200799, -0.000379000179237, -5.28561540705e-05, 0.000703705241904, 0.00650617806241, -0.00189455598593, -0.00634340429679, 0.00386235560291, -0.00063039152883, 0.00264840829186, 0.00150532252155, 0.00062201381661, -0.00112336943857], [-8.16712417873e-06, 0.00037935868022, -0.000886611407623, -0.00221337284893, -0.00189455598593, 0.0139979775995, -0.00309392204508, -0.00362125667743, 0.00237968633883, 0.000899926933926, 0.00158321869094, -0.0051876460202, 0.00188402843196], [0.000122902187286, 0.00167775014415, 0.000926297041588, -0.00177620060276, -0.00634340429679, -0.00309392204508, 0.0237820055336, -0.0124815218151, -0.00652194162831, -0.0024722465314, 0.000750108680222, 0.00353771913797, -0.000529916200321], [7.41100666346e-05, -0.00135569262784, 0.00256871711463, 0.00235859653912, 0.00386235560291, -0.00362125667743, -0.0124815218151, 0.0286439470947, 0.00109128165059, -0.00332670356147, -0.00309696956538, -0.00281252269633, 0.000692505738698], [4.59993789264e-05, -0.000675581162795, 0.00201163184829, -0.000583893619478, -0.00063039152883, 0.00237968633883, -0.00652194162831, 0.00109128165059, 0.0201106350869, -0.00312226219103, 0.00226019206457, -0.00369669659995, 0.00213668704964], [5.73283723497e-05, -0.000359877361916, 0.00088454951765, 0.000363012775779, 0.00264840829186, 0.000899926933926, -0.0024722465314, -0.00332670356147, -0.00312226219103, 0.0212854687124, -0.00319875986315, 4.24865975219e-05, 0.00239630928263], [-5.02251823491e-05, -0.000838319538161, 0.000414507114328, -0.000699222669937, 0.00150532252155, 0.00158321869094, 0.000750108680222, -0.00309696956538, 0.00226019206457, -0.00319875986315, 0.0202194582671, -0.00344873336144, -0.00657095527276], [7.23829944036e-05, 0.000305916706566, -0.00207761093043, -0.000199043104658, 0.00062201381661, -0.0051876460202, 0.00353771913797, -0.00281252269633, -0.00369669659995, 4.24865975219e-05, -0.00344873336144, 0.0245428942144, -0.00462735863402], [0.000237188112806, 0.000519819092005, 0.00322421314195, -1.16491901281e-05, -0.00112336943857, 0.00188402843196, -0.000529916200321, 0.000692505738698, 0.00213668704964, 0.00239630928263, -0.00657095527276, -0.00462735863402, 0.020019846037]]
    },
    "melbands": {
        "dmean": [0.000481103750644, 0.000471792242024, 0.000406872917665, 0.000274951540632, 0.000154434179422, 6.91592940711e-05, 5.45529946976e-05, 3.17949888995e-05, 1.72216732608e-05, 1.15391867439e-05, 9.3387097877e-06, 6.3529896579e-06, 1.03139300336e-05, 9.39311485126e-06, 1.16993851407e-05, 1.30422040456e-05, 1.77614529093e-05, 1.78540249181e-05, 1.4768096662e-05, 1.21741868497e-05, 1.22259953059e-05, 1.31787219289e-05, 1.60008457897e-05, 1.19540909509e-05, 1.15188850032e-05, 1.49753504957e-05, 1.78581103683e-05, 1.85092212632e-05, 2.29572306125e-05, 2.10444814002e-05, 2.74514804914e-05, 2.07968605537e-05, 2.45752435148e-05, 3.26978224621e-05, 3.63158578693e-05, 3.35504264513e-05, 2.30097048188e-05, 1.55391062435e-05, 5.96457857682e-06, 8.06144907983e-06],
        "dmean2": [0.000826247036457, 0.000785925309174, 0.00064990419196, 0.000473940919619, 0.000244369846769, 0.000107777690573, 9.72960187937e-05, 5.29129429196e-05, 2.9642633308e-05, 1.83333704626e-05, 1.58161055879e-05, 1.15018456199e-05, 1.76017529157e-05, 1.5693862224e-05, 2.08651708817e-05, 2.25192161452e-05, 3.08978960675e-05, 2.59971184278e-05, 2.32913153013e-05, 2.03372837859e-05, 1.87402492884e-05, 2.09271383937e-05, 2.90545613097e-05, 1.91628314496e-05, 1.76561497938e-05, 2.78963179881e-05, 2.81205684587e-05, 2.94477576972e-05, 4.00984354201e-05, 3.63827093679e-05, 4.5989818318e-05, 3.41412087437e-05, 4.39591094619e-05, 6.2311788497e-05, 6.45214604447e-05, 5.57066414331e-05, 3.93036170863e-05, 2.72966590273e-05, 9.91826163954e-06, 1.43730439959e-05],
        "dvar": [8.03170223662e-07, 4.89506248869e-07, 3.15061043921e-07, 2.21632362241e-07, 1.23912030858e-07, 2.7250392165e-08, 1.26639587705e-08, 4.21728074684e-09, 1.02539943203e-09, 3.8395850388e-10, 2.57450671892e-10, 4.97198913985e-11, 2.75187317378e-10, 1.80371412251e-10, 1.46845174909e-10, 3.39031164254e-10, 2.23517293563e-09, 1.05321729116e-09, 4.3078945966e-10, 2.16797857444e-10, 3.02903757632e-10, 2.54962800872e-10, 3.46400297335e-10, 2.04641498192e-10, 2.12850612136e-10, 6.1938482121e-10, 5.34480681935e-10, 7.26296245368e-10, 9.63037427582e-10, 7.37996386224e-10, 1.38969180608e-09, 5.96954985443e-10, 7.29444005199e-10, 1.87385884587e-09, 2.77514944358e-09, 2.34725683335e-09, 8.04719790803e-10, 6.30882679431e-10, 6.85665274558e-11, 1.1409881373e-10],
        "dvar2": [2.34861317949e-06, 1.31515184876e-06, 8.51359061471e-07, 6.80795324115e-07, 2.98117697639e-07, 6.52613607599e-08, 3.43302382078e-08, 9.89371784499e-09, 2.69458544366e-09, 7.84188547431e-10, 6.84086398639e-10, 1.33090399812e-10, 7.43288874894e-10, 4.39361741433e-10, 4.58715898599e-10, 1.02712138794e-09, 6.75667832795e-09, 2.39949549119e-09, 9.15693687542e-10, 4.13990092207e-10, 7.35207117408e-10, 5.36375222016e-10, 9.285960334e-10, 5.22995702301e-10, 5.23533161267e-10, 1.64594815555e-09, 1.31155908356e-09, 1.61025870415e-09, 2.43227593621e-09, 1.5609848969e-09, 3.46671980012e-09, 1.54585200196e-09, 2.02006145145e-09, 5.59752733054e-09, 9.8197503462e-09, 6.72396938128e-09, 2.16019557797e-09, 1.79768255837e-09, 1.75153627713e-10, 3.32817134963e-10],
        "max": [0.00551537098363, 0.00454679271206, 0.00320298154838, 0.00251786666922, 0.00228921836242, 0.00111603864934, 0.000592740369029, 0.000395505136112, 0.000187596859178, 0.000126129365526, 9.66035804595e-05, 5.01258291479e-05, 0.000107492742245, 8.89961957e-05, 5.63597568544e-05, 9.34988929657e-05, 0.000270977063337, 0.000209543301025, 0.000154574358021, 8.66485279403e-05, 9.44750281633e-05, 9.90521293716e-05, 9.14043266675e-05, 0.00010027159442, 0.000101964993519, 0.00012858719856, 0.000142705117469, 0.000187644705875, 0.0001573128975, 0.000137291281135, 0.000233999860939, 0.000147777624079, 0.000156374939252, 0.000243578397203, 0.000311907118885, 0.000312688323902, 0.000151481217472, 0.000137872193591, 4.94771629747e-05, 5.26611256646e-05],
        "mean": [0.00058976089349, 0.000717360235285, 0.000516656786203, 0.00032072616159, 0.000164767450769, 8.10875790194e-05, 6.14620585111e-05, 3.99346026825e-05, 2.21310310735e-05, 1.53753007908e-05, 1.23499603433e-05, 1.0311195183e-05, 1.44348596223e-05, 1.18760917758e-05, 1.43040815601e-05, 1.72018444573e-05, 1.98437137442e-05, 2.04163916351e-05, 1.8438533516e-05, 1.9100454665e-05, 1.82560415851e-05, 2.11755977944e-05, 2.2194975827e-05, 2.03306153708e-05, 1.81571085704e-05, 1.97488534468e-05, 2.02285464184e-05, 2.30901641771e-05, 2.5640189051e-05, 2.72177658189e-05, 3.38885583915e-05, 3.07576920022e-05, 3.54109033651e-05, 4.6915254643e-05, 5.08337834617e-05, 4.72373321827e-05, 3.26841509377e-05, 2.22078615479e-05, 1.28147876239e-05, 1.10573964776e-05],
        "median": [0.000145968821016, 0.000183983633178, 0.000241960427957, 6.88088184688e-05, 3.07965528918e-05, 1.39914573083e-05, 1.04961136458e-05, 1.07003779704e-05, 8.11378049548e-06, 5.1020160754e-06, 5.96833206146e-06, 5.62565492146e-06, 8.61116404849e-06, 6.58029830447e-06, 9.3343842309e-06, 1.1534443729e-05, 1.19426340461e-05, 1.00243814813e-05, 1.19625037769e-05, 1.12384741442e-05, 1.05342496681e-05, 1.52374414029e-05, 1.64942593983e-05, 1.51098556671e-05, 1.17254730867e-05, 1.22249875858e-05, 1.1115250345e-05, 1.27106168293e-05, 1.65102046594e-05, 1.78641967068e-05, 2.28907720157e-05, 2.09096706385e-05, 2.72775887424e-05, 3.20600847772e-05, 3.87101390515e-05, 3.00550655083e-05, 2.57367446466e-05, 1.76468874997e-05, 7.05040110915e-06, 5.96533300268e-06],
        "min": [2.98471837523e-11, 4.66898264842e-12, 2.41035945543e-12, 2.28544223477e-12, 6.76791684761e-13, 4.62587216796e-13, 6.56667808237e-13, 1.3203277176e-13, 2.29231943757e-13, 9.76471616239e-13, 9.14911484247e-13, 5.1247547872e-13, 9.23869813117e-13, 6.23417875482e-13, 6.13352576194e-13, 2.95518221439e-13, 7.95345668665e-13, 1.40026195933e-12, 1.62947173116e-12, 7.1094177637e-13, 3.75114761302e-13, 1.566860682e-12, 4.43803414157e-13, 2.47863226254e-13, 3.98301454752e-13, 5.60577788616e-13, 9.08482219574e-13, 5.58761045245e-13, 6.08503861448e-13, 5.52074282557e-13, 1.79369092821e-13, 6.49690913047e-13, 8.51074636113e-13, 4.59774037419e-13, 6.39815511769e-13, 8.8443526591e-13, 3.91530232714e-13, 8.20496665402e-13, 1.02863952165e-12, 5.7197828288e-13],
        "stdev": [0.00105978839565, 0.00110806163866, 0.000676109921187, 0.000534057733603, 0.000383897306165, 0.000187885656487, 0.000126467406517, 7.83888390288e-05, 3.79743032681e-05, 2.53353609878e-05, 1.90925293282e-05, 1.2201770005e-05, 2.08465262403e-05, 1.65878573171e-05, 1.48898197949e-05, 1.96065593627e-05, 3.77723990823e-05, 3.61926213372e-05, 2.61563454842e-05, 2.02651972359e-05, 2.04302723432e-05, 2.01164421014e-05, 2.14439733099e-05, 1.99872101803e-05, 2.07471239264e-05, 2.64254886133e-05, 2.7549223887e-05, 3.11504372803e-05, 3.21208572132e-05, 3.11322328344e-05, 4.26066399086e-05, 3.33935095114e-05, 3.25521323248e-05, 5.05436837557e-05, 5.75818085053e-05, 5.50917284272e-05, 3.36504381266e-05, 2.59044518316e-05, 1.33792636916e-05, 1.22578949231e-05],
        "var": [1.12315137812e-06, 1.22780056699e-06, 4.5712465635e-07, 2.85217680585e-07, 1.47377136273e-07, 3.53010172205e-08, 1.59940043432e-08, 6.14480955008e-09, 1.44204770347e-09, 6.41880493202e-10, 3.64524688212e-10, 1.48883197437e-10, 4.34577623887e-10, 2.75156980534e-10, 2.21706722425e-10, 3.84417192523e-10, 1.42675404824e-09, 1.30990573943e-09, 6.84154399799e-10, 4.10678241414e-10, 4.17396034402e-10, 4.04671240961e-10, 4.5984402397e-10, 3.99488581104e-10, 4.30443125587e-10, 6.98306468205e-10, 7.58959783909e-10, 9.70349689489e-10, 1.03174957466e-09, 9.69215818714e-10, 1.81532566756e-09, 1.11512643564e-09, 1.05964126362e-09, 2.55466381383e-09, 3.31566463174e-09, 3.03509839483e-09, 1.13235210097e-09, 6.71040667477e-10, 1.79004686074e-10, 1.50255988207e-10]
    },
    "melbands128": {
