{
"lowlevel": {
    "average_loudness": 0.973639130592,
    "barkbands_crest": {
        "dmean": 3.38571858406,
        "dmean2": 5.71013212204,
        "dvar": 11.5957927704,
        "dvar2": 32.2250366211,
        "max": 25.6546115875,
        "mean": 9.21777915955,
        "median": 7.36112165451,
        "min": 2.73289561272,
        "stdev": 5.4120965004,
        "var": 29.2907867432
    },
    "barkbands_flatness_db": {
        "dmean": 0.0369852595031,
        "dmean2": 0.0568285621703,
        "dvar": 0.00146146933548,
        "dvar2": 0.00352979497984,
        "max": 0.537352383137,
        "mean": 0.129240572453,
        "median": 0.0937673151493,
        "min": 0.0217546429485,
        "stdev": 0.101377747953,
        "var": 0.010277448222
    },
    "barkbands_kurtosis": {
        "dmean": 17.2506828308,
        "dmean2": 30.0593776703,
        "dvar": 3477.01513672,
        "dvar2": 8952.29199219,
        "max": 569.949645996,
        "mean": 17.2759952545,
        "median": 0.526582717896,
        "min": -1.80770254135,
        "stdev": 66.997795105,
        "var": 4488.70410156
    },
    "barkbands_skewness": {
        "dmean": 1.32385444641,
        "dmean2": 2.10291361809,
        "dvar": 3.2635872364,
        "dvar2": 8.29019260406,
        "max": 14.7595872879,
        "mean": 1.06587171555,
        "median": 0.530028164387,
        "min": -2.86856508255,
        "stdev": 2.85024046898,
        "var": 8.12387084961
    },
    "barkbands_spread": {
        "dmean": 11.2525615692,
        "dmean2": 17.5351390839,
        "dvar": 142.75881958,
        "dvar2": 344.283447266,
        "max": 109.342857361,
        "mean": 31.1110172272,
        "median": 32.4400024414,
        "min": 0.143927037716,
        "stdev": 18.4669570923,
        "var": 341.028533936
    },
    "dissonance": {
        "dmean": 0.0273314490914,
        "dmean2": 0.0513623505831,
        "dvar": 0.00265598995611,
        "dvar2": 0.00827564764768,
        "max": 0.500000119209,
        "mean": 0.478787720203,
        "median": 0.4921400249,
        "min": 0.211479693651,
        "stdev": 0.0408588051796,
        "var": 0.00166944181547
    },
    "dynamic_complexity": 6.1669921875,
    "erbbands_crest": {
        "dmean": 3.10582566261,
        "dmean2": 5.31210231781,
        "dvar": 9.68907260895,
        "dvar2": 24.2694892883,
        "max": 26.0325813293,
        "mean": 8.80671024323,
        "median": 8.04915046692,
        "min": 2.66336226463,
        "stdev": 4.50061321259,
        "var": 20.2555179596
    },
    "erbbands_flatness_db": {
        "dmean": 0.0338812656701,
        "dmean2": 0.057316660881,
        "dvar": 0.00130325078499,
        "dvar2": 0.00385279534385,
        "max": 0.324040710926,
        "mean": 0.163657292724,
        "median": 0.155887901783,
        "min": 0.0702250674367,
        "stdev": 0.0493433699012,
        "var": 0.00243476824835
    },
    "erbbands_kurtosis": {
        "dmean": 3.54417967796,
        "dmean2": 5.80024814606,
        "dvar": 48.7365608215,
        "dvar2": 103.557510376,
        "max": 63.0385665894,
        "mean": 3.84387588501,
        "median": 0.908494472504,
        "min": -1.73108208179,
        "stdev": 9.27239131927,
        "var": 85.9772338867
    },
    "erbbands_skewness": {
        "dmean": 0.652428507805,
        "dmean2": 1.04962921143,
        "dvar": 0.637090444565,
        "dvar2": 1.33980619907,
        "max": 6.69369649887,
        "mean": -0.173327431083,
        "median": -0.484294682741,
        "min": -3.45506644249,
        "stdev": 1.62777197361,
        "var": 2.64964151382
    },
    "erbbands_spread": {
        "dmean": 13.5005884171,
        "dmean2": 21.9990978241,
        "dvar": 187.08404541,
        "dvar2": 434.155151367,
        "max": 112.002037048,
        "mean": 35.219203949,
        "median": 35.6909370422,
        "min": 3.34566020966,
        "stdev": 20.1945590973,
        "var": 407.820251465
    },
    "hfc": {
        "dmean": 13.394824028,
        "dmean2": 22.7915039062,
        "dvar": 491.254699707,
        "dvar2": 1232.74279785,
        "max": 156.804962158,
        "mean": 16.6154747009,
        "median": 2.69481086731,
        "min": 1.22887606162e-16,
        "stdev": 29.7079849243,
        "var": 882.564331055
    },
    "loudness_ebu128": {
        "integrated": -14.0032958984,
        "loudness_range": 1.15922737122,
        "momentary": {
            "dmean": 1.31172645092,
            "dmean2": 1.99790871143,
            "dvar": 2.56280374527,
            "dvar2": 3.83470535278,
            "max": -8.79331874847,
            "mean": -15.0036382675,
            "median": -14.9984722137,
            "min": -20.709569931,
            "stdev": 2.95979046822,
            "var": 8.7603597641
        },
        "short_term": {
            "dmean": 0.227625772357,
            "dmean2": 0.298083752394,
            "dvar": 0.0687350332737,
            "dvar2": 0.10419229418,
            "max": -13.7371206284,
            "mean": -14.3603496552,
            "median": -14.2385520935,
            "min": -15.732170105,
            "stdev": 0.523860871792,
            "var": 0.274430185556
        }
    },
    "melbands_crest": {
        "dmean": 3.70439982414,
        "dmean2": 6.03103590012,
        "dvar": 12.3568887711,
        "dvar2": 30.7696151733,
        "max": 32.3696517944,
        "mean": 11.6210727692,
        "median": 10.1183490753,
        "min": 2.28510117531,
        "stdev": 6.2953338623,
        "var": 39.6312294006
    },
    "melbands_flatness_db": {
        "dmean": 0.0419610217214,
        "dmean2": 0.0625350549817,
        "dvar": 0.00218757987022,
        "dvar2": 0.00410414999351,
        "max": 0.68800765276,
        "mean": 0.161743372679,
        "median": 0.112142324448,
        "min": 0.0051525910385,
        "stdev": 0.138658210635,
        "var": 0.0192261002958
    },
    "melbands_kurtosis": {
        "dmean": 18.6631584167,
        "dmean2": 30.5467681885,
        "dvar": 2178.69311523,
        "dvar2": 5410.67382812,
        "max": 461.115447998,
        "mean": 20.6265926361,
        "median": 3.43610048294,
        "min": -1.63562119007,
        "stdev": 53.2598304749,
        "var": 2836.60961914
    },
    "melbands_skewness": {
        "dmean": 1.43213403225,
        "dmean2": 2.33926057816,
        "dvar": 2.87639164925,
        "dvar2": 6.51727151871,
        "max": 17.0467472076,
        "mean": 2.10739088058,
        "median": 1.66430795193,
        "min": -2.64913797379,
        "stdev": 2.58676838875,
        "var": 6.69137048721
    },
    "melbands_spread": {
        "dmean": 19.7423458099,
        "dmean2": 31.3963775635,
        "dvar": 505.807952881,
        "dvar2": 1119.1932373,
        "max": 153.735336304,
        "mean": 49.4461288452,
        "median": 44.2935066223,
        "min": 0.21794462204,
        "stdev": 35.5219535828,
        "var": 1261.80908203
    },
    "pitch_salience": {
        "dmean": 0.115432493389,
        "dmean2": 0.20193400979,
        "dvar": 0.0130631159991,
        "dvar2": 0.034080285579,
        "max": 0.979179978371,
        "mean": 0.733191728592,
        "median": 0.779505491257,
        "min": 0.115777403116,
        "stdev": 0.199333772063,
        "var": 0.0397339500487
    },
    "silence_rate_20dB": {
        "dmean": 0,
        "dmean2": 0,
        "dvar": 0,
        "dvar2": 0,
        "max": 1,
        "mean": 1,
        "median": 1,
        "min": 1,
        "stdev": 0,
        "var": 0
    },
    "silence_rate_30dB": {
        "dmean": 0,
        "dmean2": 0,
        "dvar": 0,
        "dvar2": 0,
        "max": 1,
        "mean": 1,
        "median": 1,
        "min": 1,
        "stdev": 0,
        "var": 0
    },
    "silence_rate_60dB": {
        "dmean": 0.139344260097,
        "dmean2": 0.279835402966,
        "dvar": 0.119927428663,
        "dvar2": 0.226219132543,
        "max": 1,
        "mean": 0.440816313028,
        "median": 0,
        "min": 0,
        "stdev": 0.496485590935,
        "var": 0.246497943997
    },
    "spectral_centroid": {
        "dmean": 493.422332764,
        "dmean2": 738.383544922,
        "dvar": 469729.125,
        "dvar2": 657463.5625,
        "max": 10962.3828125,
        "mean": 2232.77539062,
        "median": 2387.16064453,
        "min": 108.503158569,
        "stdev": 1120.21520996,
        "var": 1254882
    },
    "spectral_complexity": {
        "dmean": 6.90983629227,
        "dmean2": 11.3827161789,
        "dvar": 110.07384491,
        "dvar2": 214.071655273,
        "max": 84,
        "mean": 12.6040821075,
        "median": 2,
        "min": 0,
        "stdev": 17.8872451782,
        "var": 319.953521729
    },
    "spectral_decrease": {
        "dmean": 1.43007605757e-09,
        "dmean2": 2.43279241197e-09,
        "dvar": 5.05815485184e-18,
        "dvar2": 1.32240620066e-17,
        "max": 8.34066754173e-29,
        "mean": -1.80120596216e-09,
        "median": -5.61379276398e-10,
        "min": -1.28899992902e-08,
        "stdev": 2.68769673184e-09,
        "var": 7.22371369551e-18
    },
    "spectral_energy": {
        "dmean": 0.00656200526282,
        "dmean2": 0.0111945085227,
        "dvar": 0.000100161283626,
        "dvar2": 0.00025744814775,
        "max": 0.0549753196537,
        "mean": 0.00830523483455,
        "median": 0.0025705776643,
        "min": 1.08314753336e-20,
        "stdev": 0.0123530719429,
        "var": 0.000152598382556
    },
    "spectral_energyband_high": {
        "dmean": 0.00110548047815,
        "dmean2": 0.00191122014076,
        "dvar": 3.85570638173e-06,
        "dvar2": 1.06405395854e-05,
        "max": 0.0138544915244,
        "mean": 0.00112298550084,
        "median": 8.97804638953e-05,
        "min": 7.58910020022e-21,
        "stdev": 0.00212845182978,
        "var": 4.53030679637e-06
    },
    "spectral_energyband_low": {
        "dmean": 0.00166146119591,
        "dmean2": 0.00283091678284,
        "dvar": 2.55751911027e-05,
        "dvar2": 7.35805660952e-05,
        "max": 0.0426623150706,
        "mean": 0.00179981102701,
        "median": 0.000166833851836,
        "min": 9.42610526737e-23,
        "stdev": 0.00524618756026,
        "var": 2.75224847428e-05
    },
    "spectral_energyband_middle_high": {
        "dmean": 0.00275582796894,
        "dmean2": 0.00465541100129,
        "dvar": 2.62572211795e-05,
        "dvar2": 6.55862750136e-05,
        "max": 0.0447338707745,
        "mean": 0.00354730035178,
        "median": 0.000452253269032,
        "min": 1.58981316747e-21,
        "stdev": 0.00720491120592,
        "var": 5.19107452419e-05
    },
    "spectral_energyband_middle_low": {
        "dmean": 0.00164642138407,
        "dmean2": 0.00290606264025,
        "dvar": 1.38020459417e-05,
        "dvar2": 3.51086018782e-05,
        "max": 0.0266587529331,
        "mean": 0.00193957705051,
        "median": 0.000192951294594,
        "min": 3.52519673733e-22,
        "stdev": 0.00411576125771,
        "var": 1.69394897966e-05
    },
    "spectral_entropy": {
        "dmean": 0.231483280659,
        "dmean2": 0.366739451885,
        "dvar": 0.0890030860901,
        "dvar2": 0.181579515338,
        "max": 9.76757717133,
        "mean": 7.79390382767,
        "median": 7.94557142258,
        "min": 4.74668312073,
        "stdev": 0.632166385651,
        "var": 0.399634361267
    },
    "spectral_flux": {
        "dmean": 0.0275654848665,
        "dmean2": 0.0457384325564,
        "dvar": 0.00135426479392,
        "dvar2": 0.00279033835977,
        "max": 0.222452282906,
        "mean": 0.0562314838171,
        "median": 0.0466429181397,
        "min": 1.04074374119e-10,
        "stdev": 0.0474094077945,
        "var": 0.0022476518061
    },
    "spectral_kurtosis": {
        "dmean": 2.21713781357,
        "dmean2": 3.75229454041,
        "dvar": 9.42585086823,
        "dvar2": 22.0144004822,
        "max": 30.6137275696,
        "mean": 4.02089881897,
        "median": 2.66304636002,
        "min": -1.17390573025,
        "stdev": 4.13794469833,
        "var": 17.122587204
    },
    "spectral_rms": {
        "dmean": 0.00110786373261,
        "dmean2": 0.00184394116513,
        "dvar": 1.83918677976e-06,
        "dvar2": 4.92955496156e-06,
        "max": 0.00732355518267,
        "mean": 0.00209947139956,
        "median": 0.00158362893853,
        "min": 3.25073735291e-12,
        "stdev": 0.00192220846657,
        "var": 3.69488520846e-06
    },
    "spectral_rolloff": {
        "dmean": 1178.67797852,
        "dmean2": 1918.40441895,
        "dvar": 3862973,
        "dvar2": 7553891,
        "max": 19207.6171875,
        "mean": 2961.03491211,
        "median": 2928.515625,
        "min": 64.599609375,
        "stdev": 2490.67285156,
        "var": 6203451.5
    },
    "spectral_skewness": {
        "dmean": 0.384813964367,
        "dmean2": 0.631407797337,
        "dvar": 0.183154240251,
        "dvar2": 0.413946688175,
        "max": 4.71490335464,
        "mean": 1.29702687263,
        "median": 1.12884020805,
        "min": -0.0440152511001,
        "stdev": 0.689739584923,
        "var": 0.47574070096
    },
    "spectral_spread": {
        "dmean": 1197778,
        "dmean2": 1972541.5,
        "dvar": 7.5043003433e+12,
        "dvar2": 1.27185536942e+13,
        "max": 41615364,
        "mean": 4480917,
        "median": 4017352.25,
        "min": 1594427.875,
        "stdev": 2983906.25,
        "var": 8.90369579418e+12
    },
    "spectral_strongpeak": {
        "dmean": 0.312258452177,
        "dmean2": 0.546784758568,
        "dvar": 0.757566213608,
        "dvar2": 1.88329648972,
        "max": 9.35238265991,
        "mean": 0.351296782494,
        "median": 0.0522632263601,
        "min": 0,
        "stdev": 1.13744747639,
        "var": 1.29378664494
    },
    "zerocrossingrate": {
        "dmean": 0.0208440069109,
        "dmean2": 0.0239277910441,
        "dvar": 0.00094162451569,
        "dvar2": 0.000738233153243,
        "max": 0.51220703125,
        "mean": 0.0961395874619,
        "median": 0.09375,
        "min": 0.0029296875,
        "stdev": 0.0616666637361,
        "var": 0.00380277726799
    },
    "barkbands": {
        "dmean": [0.000120787190099, 0.00125388475135, 0.000394028320443, 0.000248769792961, 0.000771501974668, 0.000394078408135, 0.000145180747495, 0.000106381507067, 0.000147347847815, 0.000120235796203, 0.000115013877803, 0.000160987183335, 0.000150391730131, 0.000163907810929, 0.000226156131248, 0.000200729729841, 0.000545788905583, 0.000830773438793, 0.000632339681033, 0.000469316524686, 0.000394119066186, 0.000138134768349, 0.000121120043332, 0.000169304592418, 7.8133023635e-05, 2.0681625756e-05, 4.65948687633e-06],
        "dmean2": [0.000217698587221, 0.00217173853889, 0.000703197147232, 0.000446585967438, 0.00130887900013, 0.000724027282558, 0.00023817033798, 0.000174918226548, 0.000247155898251, 0.000215679450775, 0.000198330977582, 0.000282509456156, 0.000267487805104, 0.000294454133837, 0.000401606404921, 0.000350684887962, 0.000907508947421, 0.00128558266442, 0.00101742742117, 0.000827052164823, 0.000711586384568, 0.000250220648013, 0.000222934468184, 0.000303682259982, 0.000133107139845, 3.50600894308e-05, 6.35187325315e-06],
        "dvar": [1.20094341582e-07, 2.07910270547e-05, 1.0491634157e-06, 2.3080032463e-07, 4.05252467317e-06, 1.37881681894e-06, 1.86099555322e-07, 6.06494694466e-08, 1.23723907564e-07, 6.39861355012e-08, 5.05915096483e-08, 1.27581586185e-07, 1.45339711821e-07, 4.66200816618e-07, 1.24610880903e-06, 2.79964268657e-07, 4.05386390412e-06, 3.34794594892e-06, 1.87246928363e-06, 1.07349103473e-06, 7.8961500094e-07, 9.14829385579e-08, 6.74860416439e-08, 2.33303069308e-07, 2.74704774483e-08, 3.34825989157e-09, 3.54425572224e-10],
        "dvar2": [3.54476497932e-07, 6.13508818788e-05, 3.04501668325e-06, 6.46929606773e-07, 1.05754252218e-05, 3.67974098481e-06, 3.77350943381e-07, 1.47735860878e-07, 3.03807667024e-07, 1.78397144168e-07, 1.36242420012e-07, 3.6135148207e-07, 4.08017825748e-07, 1.35953416702e-06, 3.67496477338e-06, 7.35403091312e-07, 1.17970921565e-05, 6.96198776495e-06, 3.85554176319e-06, 2.93331345347e-06, 2.26767747336e-06, 2.6359793992e-07, 1.95418436988e-07, 6.64448577936e-07, 7.27348847818e-08, 7.70451258347e-09, 4.58168836204e-10],
        "max": [0.00282496470027, 0.0364310704172, 0.00714304670691, 0.00298892427236, 0.016194742173, 0.00946645624936, 0.0051231966354, 0.00215986161493, 0.00301202456467, 0.0018564555794, 0.00143781967927, 0.00231454544701, 0.00318479770795, 0.00755390850827, 0.0123893050477, 0.00448033725843, 0.0209915526211, 0.0259607490152, 0.0163500122726, 0.00745474360883, 0.00702626118436, 0.00221261754632, 0.00171207275707, 0.00398046337068, 0.00140869943425, 0.000597828591708, 0.000336847995641],
        "mean": [0.000120118471386, 0.00125627079979, 0.00034720703843, 0.000236769905314, 0.000823919312097, 0.000405873812269, 0.000168678059708, 0.000111769542855, 0.000154150751769, 0.000124312049593, 0.000117943556688, 0.000160946365213, 0.000128466330352, 0.000132249479066, 0.00018834284856, 0.000241211077082, 0.000610340794083, 0.0010704199085, 0.000631718779914, 0.000412018067436, 0.000357875454938, 0.00013334088726, 0.000120283293654, 0.000153054163093, 6.82945465087e-05, 2.28717708524e-05, 6.2353587964e-06],
        "median": [1.37847964652e-05, 5.41847839486e-05, 4.54349028587e-05, 4.10262437072e-05, 4.99853522342e-05, 2.08020701393e-05, 1.00452525658e-05, 5.76691445531e-06, 7.75146509113e-06, 5.57503517484e-06, 6.15932003711e-06, 6.59340548737e-06, 5.44336580788e-06, 5.20700041307e-06, 8.60676664161e-06, 1.41354566949e-05, 2.26413212658e-05, 3.18503989547e-05, 3.26849258272e-05, 2.22692142415e-05, 2.02135870495e-05, 1.12934158096e-05, 3.91535968447e-06, 6.19672255198e-06, 1.41995940339e-06, 8.18018719428e-08, 4.99696017897e-09],
        "min": [1.98598020586e-23, 4.63318456911e-23, 2.03209023018e-23, 3.39986049723e-23, 6.1809662683e-23, 7.11153436e-23, 6.61557372236e-23, 4.66411959174e-23, 5.1836027994e-23, 6.42745753328e-23, 9.64789571969e-23, 1.78089249482e-22, 6.61845527347e-23, 9.01305454196e-23, 2.09539896839e-22, 1.74164117431e-22, 1.6645120348e-22, 2.44530522799e-22, 1.48469289539e-22, 3.46293226163e-22, 2.76878338508e-22, 6.23662677916e-22, 5.49269030342e-22, 8.78314753134e-22, 9.21085201072e-22, 1.89121316518e-21, 2.5785330054e-21],
        "stdev": [0.000301405409118, 0.00449558207765, 0.000927273824345, 0.000455027271528, 0.00217228732072, 0.00115970789921, 0.000474253873108, 0.000264836562565, 0.000385890569305, 0.000265255890554, 0.000231042053201, 0.000335879420163, 0.000327640620526, 0.000529727083631, 0.000846684444696, 0.000560444779694, 0.00180761422962, 0.00339057249948, 0.00165406544693, 0.00101100374013, 0.000860725413077, 0.000271791912382, 0.000244002105319, 0.000432712375186, 0.000161766598467, 8.27028270578e-05, 3.56098207703e-05],
        "var": [9.08452264525e-08, 2.02102564799e-05, 8.59836745803e-07, 2.0704982262e-07, 4.71883231512e-06, 1.34492233883e-06, 2.2491673235e-07, 7.01384124113e-08, 1.48911524889e-07, 7.03606914954e-08, 5.3380428966e-08, 1.12814987574e-07, 1.07348384404e-07, 2.80610805703e-07, 7.16874524187e-07, 3.14098343779e-07, 3.26746908286e-06, 1.14959821076e-05, 2.73593263955e-06, 1.02212845832e-06, 7.40848236092e-07, 7.38708365589e-08, 5.95370259759e-08, 1.87240004834e-07, 2.61684345304e-08, 6.83975809324e-09, 1.26805932421e-09]
    },
    "erbbands": {
        "dmean": [0.0358483232558, 0.290961384773, 0.479865342379, 0.662705421448, 1.34815967083, 2.82908034325, 3.84663939476, 2.95311522484, 2.15639066696, 2.42989206314, 2.57089829445, 3.22064423561, 3.60585331917, 4.07741641998, 5.19464492798, 6.63935375214, 6.86987686157, 8.02270317078, 10.8679103851, 10.1605148315, 15.098359108, 31.0443401337, 45.6129875183, 37.626033783, 25.590461731, 22.3469409943, 22.955280304, 10.1295957565, 5.22945404053, 4.43786764145, 3.38835525513, 3.17923474312, 2.91994094849, 0.980428814888, 0.567526578903, 0.16056907177, 0.0245748218149, 0.0060076918453, 0.000724910467397, 7.60685361456e-05],
        "dmean2": [0.060744497925, 0.518095016479, 0.869846224785, 1.20399808884, 2.29804444313, 4.83630371094, 6.96468544006, 5.43554735184, 3.45288133621, 3.89029359818, 4.19187402725, 5.34240913391, 6.22841119766, 7.07328748703, 8.9927520752, 11.5994319916, 12.163819313, 14.2769727707, 20.0012836456, 17.2751541138, 26.1505317688, 51.1894569397, 70.2589111328, 61.1565933228, 41.9290084839, 39.3416137695, 41.0114593506, 18.3680782318, 9.52660369873, 8.07626056671, 6.15028429031, 5.56469678879, 5.25697422028, 1.70802509785, 1.02468490601, 0.280164897442, 0.0383811630309, 0.00897952541709, 0.00124646199401, 0.000109706670628],
        "dvar": [0.0139152519405, 1.20910155773, 1.98886084557, 1.97211158276, 8.26907920837, 57.862537384, 161.810165405, 76.0489730835, 35.6266098022, 53.1052360535, 31.6306991577, 59.2345657349, 62.9233283997, 70.1183853149, 101.903762817, 218.693786621, 267.579803467, 882.520446777, 3277.88330078, 1181.36132812, 2999.92626953, 11196.0195312, 10693.7460938, 5100.37353516, 3720.71166992, 2521.17211914, 2729.73364258, 451.527587891, 123.56678772, 104.289985657, 52.1322517395, 45.274230957, 107.583869934, 4.17180347443, 1.69843554497, 0.196132391691, 0.00647611450404, 0.000446654623374, 9.17052420846e-06, 1.3557300349e-07],
        "dvar2": [0.0371163189411, 3.60731315613, 5.49779129028, 5.61232995987, 20.3492126465, 151.769195557, 427.107543945, 204.944671631, 85.4503173828, 125.953079224, 74.3626937866, 145.786697388, 178.378387451, 187.180648804, 279.180541992, 619.583984375, 742.008911133, 2557.66772461, 9676.19433594, 3360.33129883, 8548.43164062, 32669.1621094, 22927.2285156, 9873.66015625, 8049.31689453, 6751.88378906, 8079.39550781, 1273.84216309, 355.846954346, 303.065765381, 147.516525269, 117.510559082, 313.824157715, 11.2574853897, 4.3179397583, 0.540907740593, 0.00868351105601, 0.000737249094527, 2.21435402636e-05, 1.78763073677e-07],
        "max": [1.38889241219, 9.30415248871, 12.0311336517, 9.72719478607, 23.0708255768, 64.7566223145, 92.1573638916, 80.8923492432, 69.4999084473, 90.1599502563, 40.5819854736, 67.0782089233, 74.7537918091, 59.2588424683, 60.0283737183, 101.476364136, 120.698783875, 313.177124023, 645.249145508, 353.5418396, 570.109680176, 1080.98693848, 1501.8404541, 932.229187012, 592.738769531, 382.809997559, 410.214416504, 128.41317749, 80.4365463257, 75.8945541382, 41.6008682251, 56.4870223999, 86.5371322632, 14.1598777771, 9.80791282654, 3.95090532303, 1.25651097298, 0.352426499128, 0.0382851473987, 0.0061501422897],
        "mean": [0.0371203944087, 0.270185530186, 0.453535199165, 0.64741063118, 1.475720644, 2.97803640366, 3.90926194191, 3.10887765884, 2.41296553612, 2.51570510864, 2.71197319031, 3.39345049858, 3.78679513931, 4.23904037476, 5.36474180222, 6.57712173462, 6.04850578308, 6.54602909088, 8.67823219299, 9.97117710114, 17.7492790222, 35.4305801392, 57.2808570862, 44.0395965576, 25.1188659668, 19.9526233673, 20.0536251068, 9.13035583496, 4.8887629509, 4.12608242035, 3.4120464325, 3.23263096809, 2.38158774376, 0.89972871542, 0.451260000467, 0.142989575863, 0.0347504541278, 0.00679485313594, 0.000743944314308, 0.000110297944047],
        "median": [0.00149907148443, 0.011878262274, 0.0456558950245, 0.110153235495, 0.174686253071, 0.172722920775, 0.148570403457, 0.161732256413, 0.13666588068, 0.151416242123, 0.147129237652, 0.174524620175, 0.184560194612, 0.191792860627, 0.25909280777, 0.285693883896, 0.261210471392, 0.268174290657, 0.376151531935, 0.580391943455, 1.04128539562, 1.44071960449, 1.8278440237, 1.85902917385, 1.47927641869, 1.18228507042, 1.00004959106, 0.706468522549, 0.392787694931, 0.275589764118, 0.111625775695, 0.13195669651, 0.0963513329625, 0.0291604604572, 0.0046966271475, 0.000825641734991, 0.000129280408146, 3.01769723592e-05, 5.20070443599e-06, 4.37758490079e-06],
        "min": [2.44913982405e-21, 6.47616463284e-21, 2.30579875391e-20, 6.41979009305e-20, 6.53651497101e-20, 1.3293676493e-19, 8.27405036993e-19, 4.50645567876e-19, 1.05487024457e-18, 1.09758461063e-18, 7.66423627874e-19, 8.96156205304e-19, 2.11223092316e-18, 4.37228977514e-18, 1.85707320795e-18, 7.89610234567e-18, 4.3682254232e-18, 4.4636514602e-18, 9.7873217761e-18, 1.15273094295e-17, 7.67043506686e-18, 8.59999499664e-18, 1.1531511507e-17, 9.27980180254e-18, 1.02177055032e-17, 1.73745565354e-17, 1.24193939416e-17, 1.09648481197e-17, 2.50252013061e-17, 1.84510361497e-17, 1.63447464513e-17, 1.77452343659e-17, 1.47092631421e-17, 8.58096984256e-18, 8.19073001779e-18, 5.99889702274e-18, 3.61997976137e-18, 1.364733136e-18, 3.72579286042e-19, 3.88142934837e-20],
        "stdev": [0.141125187278, 0.992010176182, 1.31943035126, 1.29924726486, 3.12022304535, 8.33310985565, 12.7808523178, 8.44594955444, 6.10029363632, 7.29827260971, 6.29769897461, 8.43358898163, 8.69210624695, 8.64622116089, 10.3553285599, 13.807346344, 14.5200557709, 23.4528656006, 42.8514022827, 29.5372638702, 48.9078826904, 99.3435516357, 183.018966675, 117.34526825, 66.8731994629, 49.3157043457, 50.7263717651, 19.9488773346, 9.8997297287, 9.06977176666, 7.02780818939, 7.36132907867, 8.43818664551, 2.05639100075, 1.20792806149, 0.420748531818, 0.157959207892, 0.0348732843995, 0.0040617720224, 0.000648461806122],
        "var": [0.019916318357, 0.984084188938, 1.7408965826, 1.68804335594, 9.73579216003, 69.4407196045, 163.350189209, 71.3340682983, 37.2135810852, 53.2647857666, 39.6610107422, 71.1254196167, 75.5527191162, 74.7571334839, 107.232833862, 190.642822266, 210.83203125, 550.036865234, 1836.24267578, 872.450012207, 2391.98095703, 9869.14160156, 33495.9414062, 13769.9121094, 4472.02441406, 2432.03857422, 2573.16479492, 397.957702637, 98.0046463013, 82.2607650757, 49.3900909424, 54.189163208, 71.2029876709, 4.22874355316, 1.45909023285, 0.177029326558, 0.0249511115253, 0.00121614604723, 1.64979937836e-05, 4.20502743737e-07]
    },
    "gfcc": {
        "mean": [-151.236450195, 66.8318786621, -124.8565979, 59.3472099304, -58.7965202332, 13.919301033, -38.2710456848, 9.55671977997, -23.9159164429, -4.68012094498, -8.73531723022, -2.77173709869, -5.22782802582],
        "cov": [[30714.0195312, -2662.92089844, -3095.43774414, -70.0825958252, -1401.57189941, -981.417480469, -901.917236328, 44.8853607178, -949.269958496, -426.435089111, -208.962799072, 388.874267578, -274.151885986], [-2662.92089844, 2165.32836914, 759.831665039, 278.630432129, 384.260131836, 47.3920440674, 331.621795654, -178.429168701, 274.131652832, 14.6925725937, 140.903640747, -215.277786255, 63.5176582336], [-3095.43774414, 759.831665039, 1764.22033691, 42.180847168, 660.88104248, -24.6506233215, 403.858428955, -16.0650882721, -34.0733909607, 171.578186035, -3.57459998131, -5.2573928833, -8.46506309509], [-70.0825958252, 278.630432129, 42.180847168, 642.208190918, 167.16607666, -125.784301758, 113.343330383, -10.9564580917, 94.0417251587, -115.750984192, 98.3310470581, -6.44064426422, 18.2912540436], [-1401.57189941, 384.260131836, 660.88104248, 167.16607666, 642.125305176, -76.0447540283, 232.775161743, 28.6646709442, 113.210441589, 15.3265132904, 8.88169765472, -2.92031121254, -56.9257888794], [-981.417480469, 47.3920440674, -24.6506233215, -125.784301758, -76.0447540283, 283.236968994, -31.4042205811, 2.81644535065, 10.7650709152, 50.3369407654, -5.37626266479, -58.0204467773, 43.8967170715], [-901.917236328, 331.621795654, 403.858428955, 113.343330383, 232.775161743, -31.4042205811, 236.130172729, -15.4409742355, 38.4611587524, 16.5034370422, 29.3495121002, -38.6912460327, -4.51759147644], [44.8853607178, -178.429168701, -16.0650882721, -10.9564580917, 28.6646709442, 2.81644535065, -15.4409742355, 141.522567749, -16.3277072906, 15.2900791168, -22.3655071259, 12.7873897552, -7.49201011658], [-949.269958496, 274.131652832, -34.0733909607, 94.0417251587, 113.210441589, 10.7650709152, 38.4611587524, -16.3277072906, 240.903778076, -71.2024688721, 39.3156890869, -23.0134773254, -1.95463991165], [-426.435089111, 14.6925725937, 171.578186035, -115.750984192, 15.3265132904, 50.3369407654, 16.5034370422, 15.2900791168, -71.2024688721, 153.684448242, -32.6920089722, 4.20764636993, 8.08481216431], [-208.962799072, 140.903640747, -3.57459998131, 98.3310470581, 8.88169765472, -5.37626266479, 29.3495121002, -22.3655071259, 39.3156890869, -32.6920089722, 95.4271011353, -21.04180336, 16.3750610352], [388.874267578, -215.277786255, -5.2573928833, -6.44064426422, -2.92031121254, -58.0204467773, -38.6912460327, 12.7873897552, -23.0134773254, 4.20764636993, -21.04180336, 129.769683838, -13.7397603989], [-274.151885986, 63.5176582336, -8.46506309509, 18.2912540436, -56.9257888794, 43.8967170715, -4.51759147644, -7.49201011658, -1.95463991165, 8.08481216431, 16.3750610352, -13.7397603989, 69.704788208]],
        "icov": [[6.04482775088e-05, -2.24227824219e-05, 0.000101194054878, 4.31241141996e-06, 3.02399848806e-06, 0.000157747039339, 3.32335548592e-05, 4.15348586102e-06, 0.000291913747787, 0.000145609214087, 5.57498970011e-05, -6.29288115306e-05, 0.00014086025476], [-2.24227824219e-05, 0.00102248217445, -0.000375988398446, -0.000193872256204, 3.07194932248e-06, 0.000100165059848, -0.000232318692724, 0.000928175461013, -0.00112274300773, -0.00060363142984, -0.000432509026723, 0.00131031987257, -0.000592149503063], [0.000101194054878, -0.000375988398446, 0.00173853093293, 0.000336738303304, -0.00121137441602, 0.00010306553304, -0.0014199053403, 0.000114715941891, 0.00150621053763, -0.000354694930138, 0.000189635480638, -0.000991526292637, -0.00042712726281], [4.31241141996e-06, -0.000193872256204, 0.000336738303304, 0.0025827086065, -0.000673490401823, 0.000790761550888, -0.000840978173073, -0.000381290767109, 0.000285649410216, 0.00142776290886, -0.00155642314348, -0.000471299921628, -0.00147155486047], [3.02399848806e-06, 3.07194932248e-06, -0.00121137441602, -0.000673490401823, 0.00418744515628, 0.000225961688557, -0.00149040087126, -0.00112628692295, -0.00188400468323, -0.000254089274677, 0.000628479232546, -0.000141551776323, 0.00289962044917], [0.000157747039339, 0.000100165059848, 0.00010306553304, 0.000790761550888, 0.000225961688557, 0.00565361510962, 0.000896694662515, -0.000159336806973, -0.000463781878352, -0.00117749278434, 7.76969973231e-05, 0.00226194411516, -0.00244950992055], [3.32335548592e-05, -0.000232318692724, -0.0014199053403, -0.000840978173073, -0.00149040087126, 0.000896694662515, 0.00972809456289, 0.000472894433187, -7.50890249037e-05, -0.000506182084791, -0.00107434904203, 0.00247508846223, 8.69652358233e-05], [4.15348586102e-06, 0.000928175461013, 0.000114715941891, -0.000381290767109, -0.00112628692295, -0.000159336806973, 0.000472894433187, 0.00865212269127, -0.000254421232967, -0.00114004930947, 0.000995291629806, 0.000802542839665, -0.000524858944118], [0.000291913747787, -0.00112274300773, 0.00150621053763, 0.000285649410216, -0.00188400468323, -0.000463781878352, -7.50890249037e-05, -0.000254421232967, 0.00862904079258, 0.00371107389219, -0.000557856517844, -0.00152159505524, 0.000643063569441], [0.000145609214087, -0.00060363142984, -0.000354694930138, 0.00142776290886, -0.000254089274677, -0.00117749278434, -0.000506182084791, -0.00114004930947, 0.00371107389219, 0.0111783696339, 0.00168474274687, -0.00146717240568, -0.000793769140728], [5.57498970011e-05, -0.000432509026723, 0.000189635480638, -0.00155642314348, 0.000628479232546, 7.76969973231e-05, -0.00107434904203, 0.000995291629806, -0.000557856517844, 0.00168474274687, 0.0146580655128, 0.000690793269314, -0.00197184761055], [-6.29288115306e-05, 0.00131031987257, -0.000991526292637, -0.000471299921628, -0.000141551776323, 0.00226194411516, 0.00247508846223, 0.000802542839665, -0.00152159505524, -0.00146717240568, 0.000690793269314, 0.0115087274462, -0.000497898494359], [0.00014086025476, -0.000592149503063, -0.00042712726281, -0.00147155486047, 0.00289962044917, -0.00244950992055, 8.69652358233e-05, -0.000524858944118, 0.000643063569441, -0.000793769140728, -0.00197184761055, -0.000497898494359, 0.0201091170311]]
    },
    "melbands": {
        "dmean": [0.000343720748788, 0.00027785563725, 0.000129741660203, 0.000147330545587, 0.000138845833135, 6.62342790747e-05, 3.23520216625e-05, 2.58300315181e-05, 2.23551214731e-05, 2.0284051061e-05, 1.79759299499e-05, 1.63294498634e-05, 1.66832141986e-05, 1.70487128344e-05, 1.68428468896e-05, 1.49969555423e-05, 1.49544557644e-05, 1.67010657606e-05, 1.74555134436e-05, 1.17983281598e-05, 1.97886020032e-05, 3.19221799145e-05, 3.85180537705e-05, 4.18937197537e-05, 3.10341492877e-05, 2.22081853281e-05, 1.43825918713e-05, 1.55171401275e-05, 1.66227255249e-05, 9.27927703742e-06, 4.87005763716e-06, 3.08160747409e-06, 2.58509021478e-06, 2.55025338447e-06, 2.09371319215e-06, 1.78045331722e-06, 2.09424456443e-06, 2.42677856477e-06, 1.23908444039e-06, 7.59818590268e-07],
        "dmean2": [0.00059123110259, 0.000495195505209, 0.000228375851293, 0.000248393218499, 0.000248767755693, 0.000122213852592, 5.07397635374e-05, 4.18872950831e-05, 3.64434890798e-05, 3.39634498232e-05, 3.11883559334e-05, 2.84953694063e-05, 2.87974889943e-05, 2.97907881759e-05, 2.97567639791e-05, 2.66601055046e-05, 2.67932282441e-05, 3.08456001221e-05, 3.10280083795e-05, 1.99974729185e-05, 3.43765532307e-05, 5.4031417676e-05, 6.113814743e-05, 6.58963181195e-05, 5.06502037751e-05, 3.62738137483e-05, 2.46540403168e-05, 2.80447966361e-05, 3.00633892039e-05, 1.69233699125e-05, 8.91886156751e-06, 5.62947525395e-06, 4.65329685539e-06, 4.71868224849e-06, 3.87294176107e-06, 3.06505853587e-06, 3.65043479178e-06, 4.37527887698e-06, 2.1556950287e-06, 1.35624497943e-06],
        "dvar": [1.41944792631e-06, 8.37957713884e-07, 6.60937189423e-08, 1.30932761522e-07, 1.99765310072e-07, 3.723083708e-08, 8.22685297663e-09, 5.4683373385e-09, 2.53395904259e-09, 2.18875850777e-09, 1.56924029326e-09, 1.13525833179e-09, 1.05630271197e-09, 1.29003341343e-09, 1.39853362224e-09, 1.91020688156e-09, 3.1956794988e-09, 7.83546383332e-09, 7.18926784771e-09, 6.81185718943e-10, 6.50070752783e-09, 1.83739636839e-08, 7.83884246403e-09, 9.0542604525e-09, 3.75269060271e-09, 2.89682411392e-09, 1.47068568435e-09, 1.30499633322e-09, 1.4967623807e-09, 4.84290441083e-10, 1.24019280956e-10, 4.55023553558e-11, 3.63879100462e-11, 3.63690848271e-11, 2.15132703318e-11, 1.39448426764e-11, 2.3593777973e-11, 8.06871791603e-11, 1.10793440394e-11, 3.03350703931e-12],
        "dvar2": [4.14914939029e-06, 2.33883747569e-06, 1.83132954135e-07, 3.36888376751e-07, 5.29701082996e-07, 9.94924675979e-08, 1.92505815733e-08, 1.3276846289e-08, 6.15750606059e-09, 5.28461674421e-09, 4.51438131321e-09, 3.03402369894e-09, 2.88417645322e-09, 3.64709973333e-09, 3.84465437264e-09, 5.43076961179e-09, 9.28187571247e-09, 2.31332375478e-08, 2.12106634478e-08, 1.71579139785e-09, 1.87774507054e-08, 5.39728262083e-08, 1.96418579179e-08, 1.76155463549e-08, 7.34678717862e-09, 6.11839245934e-09, 3.78938036505e-09, 3.51137097176e-09, 4.4901238283e-09, 1.39514744202e-09, 3.52606666087e-10, 1.31942651249e-10, 1.03043053257e-10, 1.0828608149e-10, 6.1224685044e-11, 3.82782486263e-11, 6.18452650203e-11, 2.37234010214e-10, 3.01063340924e-11, 8.51359260867e-12],
        "max": [0.0111377406865, 0.00858778133988, 0.00160732446238, 0.0030434387736, 0.00340289832093, 0.00171296775807, 0.00107423902955, 0.000879597268067, 0.000342138984706, 0.000385758350603, 0.000372987502487, 0.00023380080529, 0.000199586371309, 0.000222054266487, 0.000265536276856, 0.000401811790653, 0.000599917897489, 0.00100091507193, 0.000933607807383, 0.000216358079342, 0.0008577578119, 0.00145590410102, 0.00102334772237, 0.00141296593938, 0.000775429070927, 0.00061787822051, 0.000361875776434, 0.000227040553, 0.00027208897518, 0.000180809263838, 8.64941539476e-05, 4.78735346405e-05, 4.94047271786e-05, 3.93190675823e-05, 2.76725149888e-05, 2.62311332335e-05, 3.79268640245e-05, 7.97871543909e-05, 2.70514410659e-05, 1.47416485561e-05],
        "mean": [0.000344326341292, 0.000280795618892, 0.000132624190883, 0.000160752228112, 0.000142231365317, 7.00713135302e-05, 3.63057770301e-05, 2.64478294412e-05, 2.27761338465e-05, 2.14953251998e-05, 1.87693894986e-05, 1.68418810063e-05, 1.71559022419e-05, 1.73556691152e-05, 1.61039843078e-05, 1.23958197946e-05, 1.20362128655e-05, 1.31958095153e-05, 1.45767471622e-05, 1.2929785953e-05, 2.27991695283e-05, 3.52716124326e-05, 4.51056148449e-05, 5.31632722414e-05, 3.43474675901e-05, 2.15511754504e-05, 1.26614377223e-05, 1.35673990371e-05, 1.40823940455e-05, 8.41199926072e-06, 4.18058789364e-06, 2.71032286037e-06, 2.46382592195e-06, 2.2117219487e-06, 1.91940762306e-06, 1.89772651993e-06, 2.01720717996e-06, 1.86134514024e-06, 1.02480760233e-06, 6.70306405937e-07],
        "median": [1.73071748577e-05, 2.61351469817e-05, 2.27628988796e-05, 1.19923242892e-05, 5.66203243579e-06, 3.68531141248e-06, 2.13937619264e-06, 1.61460991421e-06, 1.26469524275e-06, 1.08047925096e-06, 9.07702940367e-07, 7.4152723073e-07, 8.47366436574e-07, 7.23291066151e-07, 6.96078529927e-07, 5.40883434041e-07, 4.9143676506e-07, 5.50452114112e-07, 7.23931634639e-07, 8.78236903645e-07, 9.78102548288e-07, 1.12381337658e-06, 1.57816680257e-06, 1.41409930166e-06, 1.14524834771e-06, 1.20872812204e-06, 6.3509020265e-07, 7.0739469038e-07, 5.86405292324e-07, 4.22384886178e-07, 2.56771102158e-07, 2.1800013883e-07, 2.10039530657e-07, 8.89866527132e-08, 5.28201589134e-08, 5.0284249653e-08, 7.90730112499e-08, 7.17523604976e-08, 2.85828409829e-08, 1.16226530622e-08],
        "min": [1.74255713649e-23, 1.02906889309e-23, 1.19236538817e-23, 5.50331061157e-24, 2.47681198544e-23, 1.22050516106e-23, 1.45876758128e-23, 1.19416864531e-23, 5.47394368665e-24, 6.60879819604e-24, 1.03108877144e-23, 1.68713713354e-23, 7.55847707426e-24, 1.23596091835e-23, 2.05705704674e-23, 6.36181018535e-24, 8.40904741266e-24, 1.41016822749e-23, 1.67375032175e-23, 1.51363553936e-23, 8.0086713154e-24, 1.03853364623e-23, 7.87626574563e-24, 1.17578763401e-23, 6.7068891053e-24, 6.78704210644e-24, 8.89625895177e-24, 1.21005811832e-23, 8.22480263735e-24, 6.21910721975e-24, 5.54407815429e-24, 1.36801576056e-23, 1.2944162214e-23, 9.23296766309e-24, 8.9120416919e-24, 1.10261613078e-23, 9.9711915868e-24, 9.71252804028e-24, 1.07512038392e-23, 5.67526887827e-24],
        "stdev": [0.00124264089391, 0.000863834808115, 0.000253148347838, 0.000397539784899, 0.000455397821497, 0.000188921578228, 9.39570963965e-05, 7.36383008189e-05, 5.42720408703e-05, 5.31735167897e-05, 4.30269319622e-05, 3.46381348209e-05, 3.33703246724e-05, 3.47686691384e-05, 3.48320754711e-05, 3.61971106031e-05, 4.44180732302e-05, 6.62652309984e-05, 6.44381143502e-05, 2.8931102861e-05, 6.87476640451e-05, 0.000113513699034, 0.000128457773826, 0.00017856307386, 9.27483197302e-05, 6.01938372711e-05, 3.53444338543e-05, 3.52240385837e-05, 3.66401618521e-05, 2.09842346521e-05, 9.67114920059e-06, 5.77709124627e-06, 5.53380232304e-06, 5.12553515364e-06, 4.30108821092e-06, 3.90901459468e-06, 5.18429715157e-06, 7.13314466338e-06, 3.06775200443e-06, 1.65643427863e-06],
        "var": [1.54415647557e-06, 7.46210616853e-07, 6.40840909227e-08, 1.58037877895e-07, 2.073871741e-07, 3.56913609778e-08, 8.82793571577e-09, 5.42259925851e-09, 2.94545454693e-09, 2.82742296243e-09, 1.85131687758e-09, 1.19980037017e-09, 1.11357845167e-09, 1.20886023414e-09, 1.21327337066e-09, 1.31023092376e-09, 1.97296512461e-09, 4.39108127637e-09, 4.15227052741e-09, 8.37008740096e-10, 4.72624162029e-09, 1.28853603343e-08, 1.65014011344e-08, 3.18847739322e-08, 8.60225135568e-09, 3.62329810599e-09, 1.24922894251e-09, 1.24073284979e-09, 1.34250133232e-09, 4.40338071561e-10, 9.35311203487e-11, 3.33747855741e-11, 3.0622969438e-11, 2.62711120219e-11, 1.84993582952e-11, 1.52803967396e-11, 2.68769364403e-11, 5.08817536715e-11, 9.41110297331e-12, 2.74377439172e-12]
    },
    "melbands128": {
