{
"lowlevel": {
    "average_loudness": 0.739314854145,
    "barkbands_crest": {
        "dmean": 2.03794121742,
        "dmean2": 3.03511071205,
        "dvar": 4.00784826279,
        "dvar2": 8.91361522675,
        "max": 26.43567276,
        "mean": 20.0888404846,
        "median": 21.8304271698,
        "min": 3.76642823219,
        "stdev": 5.84698390961,
        "var": 34.1872215271
    },
    "barkbands_flatness_db": {
        "dmean": 0.0246777199209,
        "dmean2": 0.0328045189381,
        "dvar": 0.000442806544015,
        "dvar2": 0.00072756659938,
        "max": 0.553707659245,
        "mean": 0.340644448996,
        "median": 0.35429045558,
        "min": 0.0500209257007,
        "stdev": 0.120556823909,
        "var": 0.0145339472219
    },
    "barkbands_kurtosis": {
        "dmean": 18.8119983673,
        "dmean2": 29.4858703613,
        "dvar": 682.638427734,
        "dvar2": 1965.91015625,
        "max": 249.313552856,
        "mean": 34.9714241028,
        "median": 13.6611404419,
        "min": -0.697101831436,
        "stdev": 43.619102478,
        "var": 1902.62597656
    },
    "barkbands_skewness": {
        "dmean": 1.00850403309,
        "dmean2": 1.53000032902,
        "dvar": 0.925527572632,
        "dvar2": 2.01092672348,
        "max": 8.42433166504,
        "mean": 1.60920667648,
        "median": 1.40831947327,
        "min": -2.02036571503,
        "stdev": 1.82640349865,
        "var": 3.33574962616
    },
    "barkbands_spread": {
        "dmean": 2.44145870209,
        "dmean2": 3.66906023026,
        "dvar": 31.4111251831,
        "dvar2": 76.0104675293,
        "max": 69.8908004761,
        "mean": 7.15024137497,
        "median": 2.59096813202,
        "min": 0.227747261524,
        "stdev": 11.0895118713,
        "var": 122.977264404
    },
    "dissonance": {
        "dmean": 0.0552392564714,
        "dmean2": 0.093504615128,
        "dvar": 0.00275596999563,
        "dvar2": 0.00911559443921,
        "max": 0.493163347244,
        "mean": 0.263732105494,
        "median": 0.236822813749,
        "min": 0.0630576089025,
        "stdev": 0.105123005807,
        "var": 0.0110508464277
    },
    "dynamic_complexity": 14.3621320724,
    "erbbands_crest": {
        "dmean": 2.18319129944,
        "dmean2": 3.234603405,
        "dvar": 7.5555973053,
        "dvar2": 17.759262085,
        "max": 34.3767738342,
        "mean": 27.058380127,
        "median": 30.9626789093,
        "min": 4.82998991013,
        "stdev": 8.13851547241,
        "var": 66.2354278564
    },
    "erbbands_flatness_db": {
        "dmean": 0.0208441559225,
        "dmean2": 0.026588363573,
        "dvar": 0.000363044033293,
        "dvar2": 0.000576022954192,
        "max": 0.566269338131,
        "mean": 0.352452963591,
        "median": 0.373980224133,
        "min": 0.0575094968081,
        "stdev": 0.138109520078,
        "var": 0.0190742406994
    },
    "erbbands_kurtosis": {
        "dmean": 24.7638607025,
        "dmean2": 31.7892894745,
        "dvar": 1412.09216309,
        "dvar2": 2277.95776367,
        "max": 360.525634766,
        "mean": 53.7856864929,
        "median": 22.7323112488,
        "min": -1.10792398453,
        "stdev": 76.9819717407,
        "var": 5926.22412109
    },
    "erbbands_skewness": {
        "dmean": 1.2580922842,
        "dmean2": 1.58834886551,
        "dvar": 1.87428617477,
        "dvar2": 3.15084004402,
        "max": 14.9960203171,
        "mean": 3.5730638504,
        "median": 2.95964193344,
        "min": -1.22912299633,
        "stdev": 3.28769135475,
        "var": 10.8089151382
    },
    "erbbands_spread": {
        "dmean": 2.92129516602,
        "dmean2": 3.83594036102,
        "dvar": 39.6022949219,
        "dvar2": 58.5675430298,
        "max": 90.8609085083,
        "mean": 10.3395681381,
        "median": 2.98475193977,
        "min": 0.570400118828,
        "stdev": 19.2982254028,
        "var": 372.421539307
    },
    "hfc": {
        "dmean": 3.6906452179,
        "dmean2": 3.5354373455,
        "dvar": 273.823608398,
        "dvar2": 430.678894043,
        "max": 172.594894409,
        "mean": 7.68869256973,
        "median": 0.307812482119,
        "min": 4.00746648666e-05,
        "stdev": 21.9060745239,
        "var": 479.876098633
    },
    "loudness_ebu128": {
        "integrated": -20.0670166016,
        "loudness_range": 0,
        "momentary": {
            "dmean": 1.57796323299,
            "dmean2": 0.863974988461,
            "dvar": 0.596223890781,
            "dvar2": 0.478411316872,
            "max": -13.7841749191,
            "mean": -32.8394737244,
            "median": -33.6374893188,
            "min": -50.077331543,
            "stdev": 10.5369768143,
            "var": 111.027885437
        },
        "short_term": {
            "dmean": 0,
            "dmean2": 0,
            "dvar": 0,
            "dvar2": 0,
            "max": -21.6754550934,
            "mean": -21.6754550934,
            "median": -21.6754550934,
            "min": -21.6754550934,
            "stdev": 0,
            "var": 0
        }
    },
    "melbands_crest": {
        "dmean": 2.66697764397,
        "dmean2": 3.87181854248,
        "dvar": 5.6202454567,
        "dvar2": 10.827252388,
        "max": 32.8212280273,
        "mean": 22.7806663513,
        "median": 24.592672348,
        "min": 7.94601011276,
        "stdev": 6.54629802704,
        "var": 42.854019165
    },
    "melbands_flatness_db": {
        "dmean": 0.0253372974694,
        "dmean2": 0.0342987403274,
        "dvar": 0.000560484011658,
        "dvar2": 0.00100880803075,
        "max": 0.616665422916,
        "mean": 0.420846819878,
        "median": 0.430585294962,
        "min": 0.117816254497,
        "stdev": 0.110098093748,
        "var": 0.0121215898544
    },
    "melbands_kurtosis": {
        "dmean": 10.7965250015,
        "dmean2": 16.7968711853,
        "dvar": 288.073944092,
        "dvar2": 528.306945801,
        "max": 124.999053955,
        "mean": 18.0535755157,
        "median": 9.33717918396,
        "min": -1.02930510044,
        "stdev": 21.8534393311,
        "var": 477.572784424
    },
    "melbands_skewness": {
        "dmean": 0.862269341946,
        "dmean2": 1.19728505611,
        "dvar": 0.955052435398,
        "dvar2": 1.64665770531,
        "max": 8.3977022171,
        "mean": 0.4504378438,
        "median": 0.069715179503,
        "min": -3.779109478,
        "stdev": 2.50170135498,
        "var": 6.25851011276
    },
    "melbands_spread": {
        "dmean": 2.44329071045,
        "dmean2": 3.69652891159,
        "dvar": 18.1841773987,
        "dvar2": 42.4052581787,
        "max": 39.7356681824,
        "mean": 6.26774644852,
        "median": 4.3404507637,
        "min": 0.480016440153,
        "stdev": 6.15236997604,
        "var": 37.8516540527
    },
    "pitch_salience": {
        "dmean": 0.0542009584606,
        "dmean2": 0.0756106004119,
        "dvar": 0.00258291698992,
        "dvar2": 0.00349929882213,
        "max": 0.89320397377,
        "mean": 0.315628707409,
        "median": 0.314685612917,
        "min": 0.104217909276,
        "stdev": 0.141000404954,
        "var": 0.019881112501
    },
    "silence_rate_20dB": {
        "dmean": 0,
        "dmean2": 0,
        "dvar": 0,
        "dvar2": 0,
        "max": 1,
        "mean": 1,
        "median": 1,
        "min": 1,
        "stdev": 0,
        "var": 0
    },
    "silence_rate_30dB": {
        "dmean": 0.0172413792461,
        "dmean2": 0.0260869562626,
        "dvar": 0.016944155097,
        "dvar2": 0.0254063475877,
        "max": 1,
        "mean": 0.982905983925,
        "median": 1,
        "min": 0,
        "stdev": 0.129621714354,
        "var": 0.0168017875403
    },
    "silence_rate_60dB": {
        "dmean": 0.0258620698005,
        "dmean2": 0.0521739125252,
        "dvar": 0.0251931678504,
        "dvar2": 0.0494518950582,
        "max": 1,
        "mean": 0.709401726723,
        "median": 1,
        "min": 0,
        "stdev": 0.454038858414,
        "var": 0.206151291728
    },
    "spectral_centroid": {
        "dmean": 70.1496429443,
        "dmean2": 103.877334595,
        "dvar": 21059.6796875,
        "dvar2": 52485.4296875,
        "max": 1714.91760254,
        "mean": 726.99017334,
        "median": 683.528808594,
        "min": 329.447784424,
        "stdev": 186.409835815,
        "var": 34748.6289062
    },
    "spectral_complexity": {
        "dmean": 0.465517252684,
        "dmean2": 0.791304349899,
        "dvar": 0.92122477293,
        "dvar2": 1.79992091656,
        "max": 13,
        "mean": 2.23076915741,
        "median": 1,
        "min": 0,
        "stdev": 2.5964615345,
        "var": 6.74161195755
    },
    "spectral_decrease": {
        "dmean": 1.21886734039e-09,
        "dmean2": 1.17464693528e-09,
        "dvar": 2.76826745339e-17,
        "dvar2": 4.40551067203e-17,
        "max": -6.59746805188e-15,
        "mean": -2.38689623622e-09,
        "median": -1.09903940115e-10,
        "min": -5.43348548376e-08,
        "stdev": 6.8265646469e-09,
        "var": 4.66019859001e-17
    },
    "spectral_energy": {
        "dmean": 0.00493179773912,
        "dmean2": 0.00475230114534,
        "dvar": 0.000456165493233,
        "dvar2": 0.000725359364878,
        "max": 0.220726251602,
        "mean": 0.00970603432506,
        "median": 0.00044155845535,
        "min": 2.85352665941e-08,
        "stdev": 0.0277443658561,
        "var": 0.00076974980766
    },
    "spectral_energyband_high": {
        "dmean": 2.54978886005e-07,
        "dmean2": 3.36601942763e-07,
        "dvar": 2.01351262052e-12,
        "dvar2": 4.58599911518e-12,
        "max": 1.49925872392e-05,
        "mean": 7.70848828324e-07,
        "median": 5.66391690882e-07,
        "min": 2.15281059646e-09,
        "stdev": 1.41367820561e-06,
        "var": 1.99848622894e-12
    },
    "spectral_energyband_low": {
        "dmean": 4.45067007604e-06,
        "dmean2": 7.28414534024e-06,
        "dvar": 1.92531650345e-11,
        "dvar2": 4.7869697789e-11,
        "max": 3.17057347274e-05,
        "mean": 6.83702592141e-06,
        "median": 5.57227303943e-06,
        "min": 8.27094392974e-09,
        "stdev": 5.14798739459e-06,
        "var": 2.65017747331e-11
    },
    "spectral_energyband_middle_high": {
        "dmean": 0.000878980965354,
        "dmean2": 0.00086743402062,
        "dvar": 2.19999164983e-05,
        "dvar2": 3.09479146381e-05,
        "max": 0.0499814227223,
        "mean": 0.0022896847222,
        "median": 4.55583267467e-06,
        "min": 3.15318327004e-09,
        "stdev": 0.00729168392718,
        "var": 5.316865645e-05
    },
    "spectral_energyband_middle_low": {
        "dmean": 0.00425063725561,
        "dmean2": 0.0041351816617,
        "dvar": 0.000288231996819,
        "dvar2": 0.000470450671855,
        "max": 0.171511843801,
        "mean": 0.00744212372229,
        "median": 0.000401700090151,
        "min": 1.63429341171e-08,
        "stdev": 0.0217122361064,
        "var": 0.000471421168186
    },
    "spectral_entropy": {
        "dmean": 0.226445063949,
        "dmean2": 0.29443231225,
        "dvar": 0.0326720178127,
        "dvar2": 0.0629183575511,
        "max": 8.34705257416,
        "mean": 5.57875108719,
        "median": 5.24469041824,
        "min": 3.63928365707,
        "stdev": 1.22622156143,
        "var": 1.50361943245
    },
    "spectral_flux": {
        "dmean": 0.0105449957773,
        "dmean2": 0.0167660266161,
        "dvar": 0.00123171578161,
        "dvar2": 0.00296538113616,
        "max": 0.381141930819,
        "mean": 0.0178015865386,
        "median": 0.00555206183344,
        "min": 0.0010615142528,
        "stdev": 0.0405069515109,
        "var": 0.00164081319235
    },
    "spectral_kurtosis": {
        "dmean": 7.04147052765,
        "dmean2": 10.255604744,
        "dvar": 168.202545166,
        "dvar2": 414.27142334,
        "max": 151.996795654,
        "mean": 33.7174568176,
        "median": 13.3207645416,
        "min": 2.12820339203,
        "stdev": 39.5538406372,
        "var": 1564.50622559
    },
    "spectral_rms": {
        "dmean": 0.000381710677175,
        "dmean2": 0.000382237252779,
        "dvar": 1.25482893054e-06,
        "dvar2": 1.75525053692e-06,
        "max": 0.0146745592356,
        "mean": 0.0017813219456,
        "median": 0.000656344986055,
        "min": 5.27629481439e-06,
        "stdev": 0.00250922143459,
        "var": 6.29619262327e-06
    },
    "spectral_rolloff": {
        "dmean": 120.474555969,
        "dmean2": 208.029464722,
        "dvar": 221102.671875,
        "dvar2": 604636.25,
        "max": 4220.5078125,
        "mean": 808.507324219,
        "median": 689.0625,
        "min": 236.865234375,
        "stdev": 397.655975342,
        "var": 158130.28125
    },
    "spectral_skewness": {
        "dmean": 0.423863232136,
        "dmean2": 0.634778559208,
        "dvar": 0.332137852907,
        "dvar2": 0.853815019131,
        "max": 10.7549962997,
        "mean": 4.25807762146,
        "median": 3.32127952576,
        "min": 1.36060392857,
        "stdev": 2.55900192261,
        "var": 6.54849052429
    },
    "spectral_spread": {
        "dmean": 421603.8125,
        "dmean2": 625066.875,
        "dvar": 127334096896,
        "dvar2": 268288131072,
        "max": 10549069,
        "mean": 4965844,
        "median": 4815822.5,
        "min": 643647.5625,
        "stdev": 3186955.75,
        "var": 1.01566864425e+13
    },
    "spectral_strongpeak": {
        "dmean": 0.344271928072,
        "dmean2": 0.367096722126,
        "dvar": 1.00900673866,
        "dvar2": 1.33783853054,
        "max": 10.461815834,
        "mean": 1.39000439644,
        "median": 0.49904948473,
        "min": 0,
        "stdev": 1.95780527592,
        "var": 3.83300161362
    },
    "zerocrossingrate": {
        "dmean": 0.0052069304511,
        "dmean2": 0.00558763602749,
        "dvar": 9.69703469309e-05,
        "dvar2": 9.59362805588e-05,
        "max": 0.16796875,
        "mean": 0.0483356714249,
        "median": 0.03515625,
        "min": 0.01904296875,
        "stdev": 0.0297603104264,
        "var": 0.000885676068719
    },
    "barkbands": {
        "dmean": [6.56764825635e-07, 2.11908377423e-06, 2.24437371799e-06, 1.1620973055e-06, 7.23950051906e-06, 0.000141674347105, 0.000116008872283, 4.03758240282e-05, 0.00395641289651, 0.000106765932287, 5.97190819462e-07, 0.000686606159434, 4.08597361456e-06, 0.000132909757667, 2.95797472063e-05, 3.55787346962e-06, 1.03209547575e-08, 6.54835252689e-09, 6.90069823506e-09, 1.07430091489e-08, 1.7898079463e-08, 9.99598892548e-09, 6.38235135852e-08, 1.62605672926e-07, 1.71140328575e-08, 1.60070232624e-08, 2.42826114771e-08],
        "dmean2": [1.00352542631e-06, 3.39838516084e-06, 3.71400756194e-06, 1.72002705767e-06, 9.23574407352e-06, 0.000152667562361, 0.000147621060023, 6.58006028971e-05, 0.00386642408557, 0.000102906655229, 8.1187079104e-07, 0.000701711280271, 4.6116174417e-06, 0.000174715270987, 3.80772544304e-05, 2.52192148764e-06, 1.5522639174e-08, 1.08099147411e-08, 1.18948015881e-08, 1.76169088206e-08, 2.50874627739e-08, 1.71545355698e-08, 7.73087407424e-08, 2.29856425449e-07, 2.35851729258e-08, 2.61257380174e-08, 4.03061761745e-08],
        "dvar": [4.20113406953e-13, 6.27386207222e-12, 5.9743143592e-12, 3.29389857404e-12, 2.44381209713e-10, 6.97642690284e-07, 5.41017982414e-07, 6.57652847735e-08, 0.000233125902014, 1.27616814893e-07, 1.22782391893e-11, 1.30118241941e-05, 6.31444452281e-10, 4.75689802215e-07, 1.97612290975e-08, 2.60405697006e-10, 1.57221999329e-15, 5.94543145939e-17, 3.10035797002e-17, 4.19944588628e-16, 3.35890957585e-15, 6.90542948505e-17, 1.18598653034e-13, 1.07019818354e-12, 4.61761546443e-16, 2.46872490568e-16, 3.69441387349e-16],
        "dvar2": [9.49176934967e-13, 1.5729601649e-11, 1.54060063318e-11, 6.59433922398e-12, 3.33014921194e-10, 1.2149049553e-06, 1.17417926049e-06, 1.66231203025e-07, 0.000368150911527, 1.17213296846e-07, 2.70349836268e-11, 1.75578443304e-05, 1.182899112e-09, 1.02863646134e-06, 3.6752254573e-08, 2.9078528474e-10, 1.8730975311e-15, 8.70224047606e-17, 8.60800938416e-17, 1.1828310065e-15, 3.44808435751e-15, 1.87799671672e-16, 2.4839245244e-13, 2.59889137121e-12, 4.11110934961e-16, 5.01994923223e-16, 8.20382908454e-16],
        "max": [4.98487270306e-06, 1.45381691254e-05, 1.45957365021e-05, 1.90367627511e-05, 0.000136120914249, 0.00827363226563, 0.00696608843282, 0.00264524156228, 0.152627840638, 0.00406991085038, 3.79898046958e-05, 0.0382073670626, 0.000245617411565, 0.0067987088114, 0.00142387906089, 0.000208833473152, 4.42238871301e-07, 1.07028547802e-07, 5.67664102391e-08, 2.11256548255e-07, 6.5529479798e-07, 8.37995628444e-08, 3.56035093318e-06, 1.02027743196e-05, 3.16271467682e-07, 1.62210511689e-07, 2.22606573175e-07],
        "mean": [1.67038865584e-06, 2.57122837866e-06, 2.66860183729e-06, 1.49228674218e-06, 1.00081906567e-05, 0.000129970067064, 9.89123873296e-05, 4.4452601287e-05, 0.00712090404704, 0.000228896533372, 5.93374466007e-07, 0.00178563699592, 3.61401248483e-06, 0.00021242944058, 5.57870262128e-05, 5.57024122827e-06, 1.77006320712e-08, 1.78009837981e-08, 2.05695087629e-08, 2.80335417102e-08, 4.74423984542e-08, 4.04760136519e-08, 1.00740805919e-07, 1.96155824028e-07, 9.2137590002e-08, 1.22771012911e-07, 1.72784325514e-07],
        "median": [1.51238293711e-06, 1.48491824348e-06, 1.87270291008e-06, 6.40370274141e-07, 3.37563892572e-06, 5.50252991616e-07, 4.15204119975e-08, 2.08773244026e-07, 0.000393914233427, 1.83412922183e-07, 6.5156120499e-09, 4.32772139902e-06, 1.08035607127e-08, 1.64848117379e-08, 1.66938551871e-08, 1.2758717638e-08, 1.32334978531e-08, 1.67875384705e-08, 2.01403320688e-08, 2.63232635689e-08, 3.21340216658e-08, 3.82095848295e-08, 4.6341799731e-08, 6.34162518054e-08, 8.7357825862e-08, 1.2419637585e-07, 1.75981114126e-07],
        "min": [3.36827565839e-10, 3.04066682943e-09, 2.98426949819e-09, 2.61662069789e-09, 3.21369642009e-09, 2.82896128745e-09, 1.85370752082e-09, 1.37594347027e-09, 2.63171684445e-09, 9.05649555349e-10, 4.22227253161e-10, 3.66102398397e-10, 1.7599006974e-10, 3.12181391848e-10, 3.36223715536e-10, 1.50386703091e-10, 1.67882874269e-10, 2.27544177944e-10, 2.51108384086e-10, 1.06986731974e-10, 2.39782138589e-10, 1.427133689e-10, 1.259866933e-10, 2.84183288013e-10, 2.35941682858e-10, 4.90022245003e-10, 5.60552659845e-10],
        "stdev": [7.37044274501e-07, 2.71604267255e-06, 2.74123090094e-06, 2.42214355239e-06, 1.90659302461e-05, 0.000851175282151, 0.000672160007525, 0.000272246223176, 0.0201746635139, 0.000595999124926, 3.81664222004e-06, 0.00591499172151, 2.45462269959e-05, 0.000767969060689, 0.000167409190908, 2.51918481808e-05, 3.98341555297e-08, 9.8264338888e-09, 6.98355950846e-09, 1.94801828002e-08, 8.48770653761e-08, 1.05552553364e-08, 3.52954742766e-07, 9.76701130639e-07, 3.60752459017e-08, 1.81682082712e-08, 2.64932822347e-08],
        "var": [5.43234294353e-13, 7.37688816282e-12, 7.5143467837e-12, 5.86677885092e-12, 3.63509722323e-10, 7.24499386706e-07, 4.51799081702e-07, 7.41179988495e-08, 0.000407017039834, 3.55214922365e-07, 1.45667592572e-11, 3.49871261278e-05, 6.02517258308e-10, 5.89776504967e-07, 2.80258358742e-08, 6.3462923805e-10, 1.58675984322e-15, 9.65587979891e-17, 4.87701023863e-17, 3.79477510164e-16, 7.20411601332e-15, 1.11413406691e-16, 1.24577052233e-13, 9.53945039281e-13, 1.30142345417e-15, 3.30083789696e-16, 7.01893957621e-16]
    },
    "erbbands": {
        "dmean": [5.47300660401e-05, 0.000515457824804, 0.00205775396898, 0.00412192055956, 0.00383871840313, 0.0289949569851, 0.186448305845, 1.31995654106, 1.79709112644, 1.6949608326, 11.2997570038, 124.01839447, 11.1628837585, 1.20404052734, 2.18559789658, 35.3473434448, 3.02932405472, 4.78368330002, 4.13916969299, 0.255859017372, 0.24089512229, 0.0126932431012, 0.000732411979698, 0.000377249787562, 0.000345912761986, 0.000484628690174, 0.000377602875233, 0.000873683660757, 0.000456200970802, 0.00101032969542, 0.00222120666876, 0.00114311580546, 0.00425811531022, 0.000347384746419, 0.000127426712424, 6.96200295351e-05, 4.580237146e-05, 1.65589426615e-05, 5.80066125622e-06, 5.92917012909e-06],
        "dmean2": [8.95415505511e-05, 0.000832432648167, 0.00349287851714, 0.00637479964644, 0.00574599020183, 0.0371674112976, 0.21765139699, 1.40851080418, 2.00149154663, 2.31893134117, 11.7629966736, 120.298301697, 10.4706020355, 1.11303210258, 2.23061966896, 36.0955505371, 3.15209293365, 6.30128002167, 5.32280015945, 0.298008859158, 0.172960489988, 0.00947400089353, 0.000846919720061, 0.00061531906249, 0.000588694645558, 0.000827190175187, 0.000579113024287, 0.00115506944712, 0.000739974668249, 0.00116115307901, 0.002818148816, 0.00158198433928, 0.00609813584015, 0.00049863406457, 0.000198203662876, 0.000118105803267, 7.90957201389e-05, 2.86786053039e-05, 8.26572431833e-06, 5.81455287829e-06],
        "dvar": [4.44440306779e-09, 4.42803269607e-07, 5.07821732754e-06, 3.53875038854e-05, 1.76981229743e-05, 0.00280101504177, 0.972554981709, 61.4626045227, 114.643417358, 120.548042297, 2182.08374023, 229338.65625, 1835.95080566, 20.033082962, 133.62878418, 34542.921875, 255.446975708, 624.859313965, 493.560546875, 1.70240545273, 1.195084095, 0.00316299451515, 4.56608722743e-06, 1.58984065024e-07, 1.27658921656e-07, 9.73587930275e-07, 1.4265070547e-07, 1.03418942672e-05, 3.65018166804e-07, 1.80565712071e-05, 0.000157780828886, 3.3915926906e-05, 0.000785590091255, 1.41941416132e-06, 2.08468922125e-08, 4.79540984699e-09, 1.44726408635e-09, 2.63860655547e-10, 1.38554515083e-10, 6.15025641526e-10],
        "dvar2": [1.11526361479e-08, 1.16313424314e-06, 1.31436390802e-05, 7.78554895078e-05, 3.77411597583e-05, 0.00473008072004, 1.82919597626, 107.23286438, 215.668182373, 281.376281738, 3971.55957031, 355369.96875, 2572.09350586, 17.8579711914, 195.318862915, 46017.9570312, 361.969665527, 1386.1529541, 965.096374512, 3.04758024216, 1.2565895319, 0.00331480032764, 3.95393726649e-06, 2.71871215318e-07, 3.73970237888e-07, 2.71054432233e-06, 2.75787357396e-07, 1.02298563434e-05, 5.63765979678e-07, 3.06368237943e-05, 0.000348695873981, 7.53763961256e-05, 0.00195161916781, 3.32091667588e-06, 3.50308582142e-08, 1.08610462846e-08, 3.16380277532e-09, 5.69994551558e-10, 2.20068255286e-10, 9.73416680594e-10],
        "max": [0.000373396818759, 0.00410774955526, 0.0119879767299, 0.0529229752719, 0.0342561863363, 0.42440572381, 9.79119586945, 78.3929519653, 106.521316528, 100.440933228, 492.579589844, 4744.89550781, 449.490264893, 48.0773963928, 124.762840271, 1963.14758301, 169.374557495, 241.556838989, 227.860031128, 13.6576023102, 14.1610984802, 0.744115829468, 0.0330553874373, 0.00647813174874, 0.0034232547041, 0.0102059692144, 0.00629974948242, 0.0362015925348, 0.00726577732712, 0.0455447174609, 0.12648075819, 0.0603812672198, 0.27373957634, 0.0137851350009, 0.00163192243781, 0.000618589227088, 0.000344399624737, 0.000143927230965, 0.000136212678626, 0.000258745480096],
        "mean": [6.26177643426e-05, 0.0006348406896, 0.00263937981799, 0.0052032917738, 0.00657679932192, 0.037379834801, 0.188897296786, 1.23602330685, 1.67063593864, 1.53055143356, 20.5180969238, 222.871047974, 22.7273254395, 2.94470095634, 5.50933408737, 92.4661102295, 7.50842666626, 6.92058706284, 8.43529129028, 0.521025419235, 0.388743340969, 0.0217744000256, 0.00203328719363, 0.00118643185124, 0.00121000292711, 0.00134017749224, 0.00143605459016, 0.00215521454811, 0.00150158233009, 0.00214920006692, 0.00317838578485, 0.00206811353564, 0.00466917315498, 0.00110784836579, 0.000680713390466, 0.000433425360825, 0.000237581407418, 9.89728723653e-05, 2.88558094326e-05, 1.38014247568e-05],
        "median": [3.72341128241e-05, 0.000372131878976, 0.00202273833565, 0.00238426821306, 0.0051409532316, 0.00862356647849, 0.0159881617874, 0.00296600349247, 0.00215393770486, 0.0219192691147, 1.21965408325, 12.4054059982, 0.931573748589, 0.0380059070885, 0.0141672752798, 0.224623307586, 0.0520451255143, 0.00477987481281, 0.00131374644116, 0.000880531792063, 0.000940137775615, 0.000924136373214, 0.000953727751039, 0.000966011954006, 0.00110528338701, 0.00120316119865, 0.00128015654627, 0.00132713199127, 0.00140661827754, 0.0013767251512, 0.0013538331259, 0.00126959837507, 0.00111858814489, 0.000906583562028, 0.000679585325997, 0.000433466455434, 0.000236057501752, 9.65145227383e-05, 2.56267285295e-05, 3.07522259391e-06],
        "min": [7.19598247656e-08, 7.63896309763e-07, 3.46615524904e-06, 7.33478054826e-06, 7.94043080532e-06, 1.05136105049e-05, 2.60647593677e-05, 3.22164414683e-05, 3.13252494379e-05, 2.99934890791e-05, 3.77060532628e-05, 6.05625173193e-05, 3.87263862649e-05, 2.29655925068e-05, 1.75187924469e-05, 1.3977605704e-05, 8.86894213181e-06, 1.18733551062e-05, 2.09966910916e-05, 1.26914665088e-05, 7.73282226874e-06, 9.33839601203e-06, 9.42646056501e-06, 1.89448310266e-05, 7.21937431081e-06, 4.94880623592e-06, 1.19510104923e-05, 6.23616915618e-06, 5.37533878742e-06, 4.61016907138e-06, 3.55868564839e-06, 3.87832096749e-06, 5.45901366422e-06, 2.95337690659e-06, 1.37216090934e-06, 1.70428711499e-06, 6.56624649764e-07, 5.32101921635e-07, 7.07738649908e-08, 7.06740577172e-09],
        "stdev": [6.92304674885e-05, 0.000703449535649, 0.00249084178358, 0.00741568021476, 0.00623858161271, 0.0671947896481, 0.989471197128, 8.07454395294, 10.7450771332, 9.50086307526, 58.9838256836, 632.898193359, 61.8331642151, 7.42054080963, 18.3253917694, 306.07824707, 25.0450820923, 26.0650348663, 27.2544307709, 1.65338218212, 1.72530162334, 0.0912175402045, 0.00434844987467, 0.000849904259667, 0.000506591575686, 0.000948653207161, 0.000766635930631, 0.004628486, 0.000785612384789, 0.00477196509019, 0.0123179778457, 0.00576706742868, 0.0262575913221, 0.00133208069019, 0.000163258606335, 7.37560912967e-05, 4.42186137661e-05, 1.81538980542e-05, 1.49637226059e-05, 3.22740888805e-05],
        "var": [4.79285722221e-09, 4.94841287946e-07, 6.20429273113e-06, 5.49923097424e-05, 3.89199012716e-05, 0.00451513938606, 0.979053199291, 65.1982574463, 115.456680298, 90.2663955688, 3479.09155273, 400560.125, 3823.34008789, 55.0644226074, 335.820007324, 93683.8984375, 627.256103516, 679.386047363, 742.804016113, 2.73367261887, 2.97666549683, 0.00832063984126, 1.89090169442e-05, 7.22337233583e-07, 2.56635047435e-07, 8.99942904198e-07, 5.87730653479e-07, 2.14228839468e-05, 6.17186856289e-07, 2.27716500376e-05, 0.000151732587256, 3.32590680046e-05, 0.000689461128786, 1.77443894245e-06, 2.66533746185e-08, 5.43996048208e-09, 1.95528593316e-09, 3.29563987211e-10, 2.23912985375e-10, 1.04161690384e-09]
    },
    "gfcc": {
        "mean": [-315.495849609, 80.5355453491, -71.7408370972, -54.7175064087, -68.411315918, 17.4849224091, -6.00282049179, 13.2786283493, -10.2471036911, -6.12026309967, -33.310710907, -22.0451068878, -13.7681789398],
        "cov": [[6281.17773438, 2356.83544922, -3442.15844727, -3922.47387695, -169.122695923, 1195.97631836, -69.5581817627, -775.260681152, 698.754089355, 586.702575684, 533.992492676, -106.426452637, 154.858459473], [2356.83544922, 1121.73608398, -1395.04638672, -1722.35327148, -140.97718811, 490.486785889, 63.1812705994, -279.091094971, 228.868148804, 208.168548584, 203.001419067, -32.4139480591, 51.6279640198], [-3442.15844727, -1395.04638672, 2584.43139648, 2730.08496094, -77.2735443115, -965.206604004, -4.79827833176, 567.100891113, -471.701782227, -537.72052002, -419.800048828, 83.8264770508, -48.1592788696], [-3922.47387695, -1722.35327148, 2730.08496094, 3216.57714844, 183.389678955, -1027.70666504, -242.937454224, 464.137237549, -437.954467773, -452.465789795, -351.893005371, 123.108421326, -24.8386154175], [-169.122695923, -140.97718811, -77.2735443115, 183.389678955, 334.282989502, 107.967269897, -142.090072632, -151.943740845, 29.7601089478, 158.541656494, 85.6990280151, -4.01626014709, -20.52602005], [1195.97631836, 490.486785889, -965.206604004, -1027.70666504, 107.967269897, 555.242431641, 177.59223938, -199.685409546, 94.5879440308, 235.607574463, 179.334533691, -75.8957214355, -84.0933914185], [-69.5581817627, 63.1812705994, -4.79827833176, -242.937454224, -142.090072632, 177.59223938, 426.147399902, 215.018417358, -88.5446853638, -60.6957206726, -81.8971328735, -77.0198059082, -117.508056641], [-775.260681152, -279.091094971, 567.100891113, 464.137237549, -151.943740845, -199.685409546, 215.018417358, 338.79989624, -57.30651474, -174.942962646, -179.659362793, -17.010055542, -22.3925533295], [698.754089355, 228.868148804, -471.701782227, -437.954467773, 29.7601089478, 94.5879440308, -88.5446853638, -57.30651474, 229.691543579, 130.021820068, 64.9474487305, -12.0496902466, 76.17578125], [586.702575684, 208.168548584, -537.72052002, -452.465789795, 158.541656494, 235.607574463, -60.6957206726, -174.942962646, 130.021820068, 220.724517822, 155.616516113, -7.10092782974, 4.26333522797], [533.992492676, 203.001419067, -419.800048828, -351.893005371, 85.6990280151, 179.334533691, -81.8971328735, -179.659362793, 64.9474487305, 155.616516113, 190.465042114, 48.2836036682, -0.978929460049], [-106.426452637, -32.4139480591, 83.8264770508, 123.108421326, -4.01626014709, -75.8957214355, -77.0198059082, -17.010055542, -12.0496902466, -7.10092782974, 48.2836036682, 90.4442214966, 46.518497467], [154.858459473, 51.6279640198, -48.1592788696, -24.8386154175, -20.52602005, -84.0933914185, -117.508056641, -22.3925533295, 76.17578125, 4.26333522797, -0.978929460049, 46.518497467, 124.414642334]],
        "icov": [[0.00148117332719, -0.000908953428734, -0.00179664930329, 0.00169608346187, 0.000101492601971, -0.00224301801063, 0.00082149147056, 0.00181825808249, -0.00360409589484, 0.00308359903283, -0.00131456309464, 0.000578783394303, -0.000345191045199], [-0.000908953428734, 0.014567761682, -0.01835039258, 0.0225268788636, -0.0104542849585, -0.00287643959746, 0.00738857267424, -0.00320243998431, -0.00284260022454, 0.0123087475076, -0.014430151321, 0.00426075188443, -0.00517452927306], [-0.00179664930329, -0.01835039258, 0.0531209670007, -0.0524492673576, 0.0215214621276, 0.0211422294378, -0.0256172791123, 0.00618686759844, 0.0167715921998, -0.0250360891223, 0.0263958480209, -0.0063616707921, 0.0078770313412], [0.00169608346187, 0.0225268788636, -0.0524492673576, 0.0597998611629, -0.0304123163223, -0.0138752050698, 0.0302461124957, -0.0177198518068, -0.00708379223943, 0.0314721800387, -0.0377914868295, 0.0141643723473, -0.0111754862592], [0.000101492601971, -0.0104542849585, 0.0215214621276, -0.0304123163223, 0.0378266572952, -0.0161263793707, 0.00602888548747, 0.0026834574528, 0.00745943002403, -0.0401085838675, 0.0402891151607, -0.0181818958372, 0.0119111277163], [-0.00224301801063, -0.00287643959746, 0.0211422294378, -0.0138752050698, -0.0161263793707, 0.0527995489538, -0.0503061600029, 0.0278015527874, -0.00578735442832, 0.0124811679125, -0.0190800148994, 0.0130156157538, -0.00198401231319], [0.00082149147056, 0.00738857267424, -0.0256172791123, 0.0302461124957, 0.00602888548747, -0.0503061600029, 0.0862915962934, -0.0751033946872, 0.041964404285, -0.0221141837537, 0.0022952160798, 0.0063805244863, -0.000293628923828], [0.00181825808249, -0.00320243998431, 0.00618686759844, -0.0177198518068, 0.0026834574528, 0.0278015527874, -0.0751033946872, 0.0925961658359, -0.0630999132991, 0.0240318886936, 0.0145988278091, -0.0228401068598, 0.00935426540673], [-0.00360409589484, -0.00284260022454, 0.0167715921998, -0.00708379223943, 0.00745943002403, -0.00578735442832, 0.041964404285, -0.0630999132991, 0.0665948316455, -0.0393483936787, 0.00257406174205, 0.0175396557897, -0.00962343718857], [0.00308359903283, 0.0123087475076, -0.0250360891223, 0.0314721800387, -0.0401085838675, 0.0124811679125, -0.0221141837537, 0.0240318886936, -0.0393483936787, 0.0836078822613, -0.0604885593057, 0.0243446808308, -0.015447399579], [-0.00131456309464, -0.014430151321, 0.0263958480209, -0.0377914868295, 0.0402891151607, -0.0190800148994, 0.0022952160798, 0.0145988278091, 0.00257406174205, -0.0604885593057, 0.090830847621, -0.0586014389992, 0.0319652110338], [0.000578783394303, 0.00426075188443, -0.0063616707921, 0.0141643723473, -0.0181818958372, 0.0130156157538, 0.0063805244863, -0.0228401068598, 0.0175396557897, 0.0243446808308, -0.0586014389992, 0.0618805401027, -0.0295813772827], [-0.000345191045199, -0.00517452927306, 0.0078770313412, -0.0111754862592, 0.0119111277163, -0.00198401231319, -0.000293628923828, 0.00935426540673, -0.00962343718857, -0.015447399579, 0.0319652110338, -0.0295813772827, 0.0311963744462]]
    },
    "melbands": {
        "dmean": [5.06940637024e-07, 9.21892706174e-07, 5.86003920944e-07, 9.21281241517e-07, 4.55924737253e-06, 3.0252196666e-05, 2.83881163341e-05, 1.29813006424e-05, 0.00018576887669, 0.000715879490599, 1.68151000253e-05, 6.07382116868e-06, 2.0796294109e-07, 6.89192966092e-05, 4.59195362055e-05, 2.35324279174e-07, 1.12354664452e-05, 8.97865811567e-06, 9.88421675174e-07, 1.23454412915e-07, 2.61067981455e-07, 6.3640032133e-10, 3.84218185046e-10, 3.37152444851e-10, 3.23177984374e-10, 2.88862489484e-10, 4.09467432183e-10, 3.41299211115e-10, 2.55496901413e-10, 3.69087205243e-10, 6.1988003619e-10, 2.60386351369e-10, 2.13286971418e-10, 7.80391473665e-10, 1.69276037632e-09, 3.6686101379e-10, 7.31299576451e-10, 4.14971612628e-09, 6.18054774026e-10, 1.86139118008e-10],
        "dmean2": [8.08772881555e-07, 1.52448501467e-06, 9.05339391011e-07, 1.23675260966e-06, 5.39344955541e-06, 3.19872851833e-05, 3.27383277181e-05, 1.86936886166e-05, 0.000187449244549, 0.000709589046892, 1.7689062588e-05, 5.39520124221e-06, 3.10787783064e-07, 6.91885143169e-05, 4.82367649965e-05, 2.74248549204e-07, 1.49241413965e-05, 1.17325607789e-05, 1.2124528439e-06, 8.63824638486e-08, 1.85975054023e-07, 9.167881454e-10, 6.27979501733e-10, 5.5444693281e-10, 5.37308919579e-10, 4.9841941685e-10, 7.09487135708e-10, 5.67934199669e-10, 4.25437796103e-10, 5.49730538868e-10, 8.67324989606e-10, 4.5434897511e-10, 3.54938078928e-10, 8.93991269901e-10, 2.13028994445e-09, 5.43014411214e-10, 9.68315760908e-10, 5.91430859842e-09, 9.39024746849e-10, 2.7703542238e-10],
        "dvar": [3.28949785163e-13, 9.35431636664e-13, 6.13451509642e-13, 1.74464501006e-12, 4.74173034171e-10, 3.19254169767e-08, 2.96502804531e-08, 7.76023156845e-09, 5.83179087243e-07, 7.54656957724e-06, 3.28256510862e-09, 3.66587038503e-10, 1.95027566145e-12, 1.31658751457e-07, 5.80103538539e-08, 2.00152329606e-12, 3.40032313417e-09, 2.32197217009e-09, 2.3062352375e-11, 3.09806596609e-13, 1.40704071658e-12, 6.68423270385e-18, 5.75830357997e-19, 1.09979892143e-19, 5.32421683671e-20, 4.80416773936e-20, 7.73864892966e-19, 2.69250985849e-19, 5.06607380081e-20, 5.88142114234e-19, 6.12279709797e-18, 4.04575814746e-20, 3.50424015892e-20, 1.07601010657e-17, 9.27625551382e-17, 1.48609904003e-18, 1.24002819336e-17, 7.4702037904e-16, 9.83350244252e-18, 4.77615862834e-20],
        "dvar2": [7.75763730598e-13, 2.50704448521e-12, 1.29396114049e-12, 3.07693822678e-12, 9.03958907728e-10, 5.48033227687e-08, 5.79946046741e-08, 1.86965873894e-08, 9.93832145468e-07, 1.17651898108e-05, 3.49047968307e-09, 3.12120856938e-10, 4.78532664883e-12, 1.79928647981e-07, 7.7122251696e-08, 3.8681596988e-12, 7.58706431014e-09, 4.61015581266e-09, 4.36549615901e-11, 3.42255358169e-13, 1.58079669146e-12, 7.81789738184e-18, 9.50410464694e-19, 2.00642312323e-19, 1.44103884145e-19, 1.51821750679e-19, 2.22434863775e-18, 7.33826869777e-19, 1.20772014197e-19, 6.38680885107e-19, 6.87517824927e-18, 1.12110399208e-19, 8.43209240249e-20, 1.76743218263e-17, 2.04547008582e-16, 3.37162891541e-18, 2.46667889098e-17, 1.83801617928e-15, 2.5106534667e-17, 7.09662998304e-20],
        "max": [3.32284707838e-06, 5.01477779835e-06, 7.26272719476e-06, 1.25308197312e-05, 0.000219578738324, 0.00178624526598, 0.0016876088921, 0.000808143580798, 0.00786643847823, 0.027192376554, 0.000683769700117, 0.000224114875891, 1.4072616068e-05, 0.00385383982211, 0.0025387390051, 1.39899739224e-05, 0.000561863475014, 0.000491733662784, 4.8588419304e-05, 7.25547806724e-06, 1.53160290211e-05, 2.86929289217e-08, 8.55812132272e-09, 4.49702275418e-09, 2.23559282198e-09, 2.06961292548e-09, 8.54619752744e-09, 5.4382267578e-09, 1.78697501241e-09, 1.08841184954e-08, 2.48271785352e-08, 2.0171904147e-09, 1.52956836086e-09, 3.50984379338e-08, 9.69129771988e-08, 1.3635169438e-08, 3.65860408635e-08, 2.67169724566e-07, 3.29996794335e-08, 2.88251134073e-09],
        "mean": [6.84181827637e-07, 1.23873337543e-06, 8.49464015573e-07, 1.3088375681e-06, 4.91374294143e-06, 2.85395999526e-05, 2.54015303653e-05, 1.07265850602e-05, 0.000346109387465, 0.00127516454086, 4.16425937146e-05, 1.32587802e-05, 1.95157198846e-07, 0.000178258487722, 0.000119790085591, 2.12407357481e-07, 1.60804647749e-05, 1.78730788321e-05, 1.85148007859e-06, 1.96314402956e-07, 4.06681976983e-07, 1.05410336015e-09, 8.8499502171e-10, 8.46897107998e-10, 7.91938625788e-10, 7.85771059331e-10, 9.03593144752e-10, 8.50068182512e-10, 8.04358746276e-10, 1.08364084372e-09, 1.30515720453e-09, 7.98476396113e-10, 7.80642717135e-10, 1.37498978869e-09, 2.18259299523e-09, 9.56713153144e-10, 1.26244048548e-09, 4.2270862366e-09, 1.26930266298e-09, 7.92107601733e-10],
        "median": [4.62069777996e-07, 9.65350409388e-07, 4.57947862742e-07, 5.06718834004e-07, 5.53647282686e-07, 5.30838448753e-08, 7.60146079415e-09, 2.02315781905e-08, 2.21142036025e-05, 7.09236701368e-05, 2.83640645193e-07, 1.89310860321e-08, 1.01074215664e-09, 4.12055982224e-07, 3.08359517476e-07, 1.09951725502e-09, 5.31590815811e-09, 1.46443834836e-09, 1.32062050184e-09, 8.90441609336e-10, 8.99893159989e-10, 7.95596144521e-10, 7.9646889084e-10, 7.91376408849e-10, 7.3661327038e-10, 7.56875895291e-10, 7.88252185746e-10, 7.79324882405e-10, 7.79361075676e-10, 7.8283596272e-10, 7.75056629987e-10, 7.76519903933e-10, 7.72810704319e-10, 7.59617702073e-10, 7.51808171273e-10, 7.73206110249e-10, 7.73343500349e-10, 7.68453523037e-10, 7.47290007652e-10, 7.72851671549e-10],
        "min": [7.58683116331e-10, 1.5730725611e-09, 1.27611776701e-09, 6.11524442196e-10, 8.40110148115e-10, 6.50585307849e-10, 3.57376656046e-10, 3.1084942953e-10, 3.35067529278e-10, 3.80283193824e-10, 1.85931728347e-10, 9.38839769815e-11, 5.86212120512e-11, 4.70073771575e-11, 2.48729301044e-11, 1.60543158628e-11, 2.31881024798e-11, 3.52706717999e-11, 2.33998653787e-11, 1.29299019408e-11, 7.84400322473e-12, 1.07234837329e-11, 5.80447538992e-12, 1.218811857e-11, 1.6555201654e-11, 6.24977326835e-12, 2.66625545427e-12, 3.43533643372e-12, 7.2757147529e-12, 6.34403120314e-12, 2.70021266631e-12, 2.53798111e-12, 3.55843566419e-12, 2.34983365231e-12, 2.39457954333e-12, 1.17242186012e-12, 3.20293075916e-12, 3.72829805223e-12, 4.88134055746e-12, 1.56550261036e-12],
        "stdev": [6.41088831799e-07, 1.08830943191e-06, 1.03433558252e-06, 1.9321992113e-06, 2.22397993639e-05, 0.000185181954294, 0.000167739053722, 7.62803174439e-05, 0.000973714399152, 0.0036349769216, 0.000107027037302, 3.33237258019e-05, 1.38270547723e-06, 0.000592388911173, 0.000395633804146, 1.38777693337e-06, 6.07886431681e-05, 5.88186449022e-05, 5.65290019949e-06, 8.80329366737e-07, 1.84349494248e-06, 2.58924925944e-09, 7.69293462266e-10, 4.42865633055e-10, 3.15921261373e-10, 2.75023587237e-10, 7.98490773501e-10, 5.24228438437e-10, 2.62744576096e-10, 1.55070045693e-09, 3.16820059076e-09, 2.67322830538e-10, 2.24127785775e-10, 3.75346642656e-09, 9.48160128189e-09, 1.2857954701e-09, 3.55389451201e-09, 2.56512961982e-08, 3.22636273253e-09, 3.21731669084e-10],
