{
"lowlevel": {
    "average_loudness": 0.510443925858,
    "barkbands_crest": {
        "dmean": 2.82529878616,
        "dmean2": 4.71235609055,
        "dvar": 5.8112859726,
        "dvar2": 15.7907476425,
        "max": 24.1606235504,
        "mean": 11.2926445007,
        "median": 10.5483856201,
        "min": 2.81630158424,
        "stdev": 4.33597278595,
        "var": 18.8006591797
    },
    "barkbands_flatness_db": {
        "dmean": 0.0197643730789,
        "dmean2": 0.0324140116572,
        "dvar": 0.000330872455379,
        "dvar2": 0.000896318873856,
        "max": 0.315026462078,
        "mean": 0.189116969705,
        "median": 0.210960581899,
        "min": 0.018202604726,
        "stdev": 0.0675601586699,
        "var": 0.00456437515095
    },
    "barkbands_kurtosis": {
        "dmean": 2.21791291237,
        "dmean2": 3.7318110466,
        "dvar": 11.9380264282,
        "dvar2": 32.0796966553,
        "max": 42.239528656,
        "mean": 3.23727703094,
        "median": 1.93892145157,
        "min": -1.8080534935,
        "stdev": 5.06364202499,
        "var": 25.6404724121
    },
    "barkbands_skewness": {
        "dmean": 0.464180976152,
        "dmean2": 0.754764854908,
        "dvar": 0.218497291207,
        "dvar2": 0.576588571072,
        "max": 5.37235021591,
        "mean": 1.35440278053,
        "median": 1.3437461853,
        "min": -1.1554684639,
        "stdev": 0.94728243351,
        "var": 0.897343993187
    },
    "barkbands_spread": {
        "dmean": 3.57649254799,
        "dmean2": 5.87709379196,
        "dvar": 38.8421783447,
        "dvar2": 88.6436309814,
        "max": 124.69355011,
        "mean": 19.024936676,
        "median": 7.55406761169,
        "min": 1.88419318199,
        "stdev": 29.2462177277,
        "var": 855.341247559
    },
    "dissonance": {
        "dmean": 0.0243769735098,
        "dmean2": 0.0422589331865,
        "dvar": 0.000622011313681,
        "dvar2": 0.00179508107249,
        "max": 0.499998480082,
        "mean": 0.468647867441,
        "median": 0.479347616434,
        "min": 0.305162459612,
        "stdev": 0.0313817188144,
        "var": 0.000984812271781
    },
    "dynamic_complexity": 15.3412723541,
    "erbbands_crest": {
        "dmean": 2.92242670059,
        "dmean2": 4.85311508179,
        "dvar": 8.13053703308,
        "dvar2": 24.2404499054,
        "max": 26.9023227692,
        "mean": 11.2813243866,
        "median": 10.7606573105,
        "min": 2.2792634964,
        "stdev": 5.03760194778,
        "var": 25.3774318695
    },
    "erbbands_flatness_db": {
        "dmean": 0.0174785926938,
        "dmean2": 0.0281123090535,
        "dvar": 0.000293036515359,
        "dvar2": 0.00075236329576,
        "max": 0.376381576061,
        "mean": 0.261722236872,
        "median": 0.299066543579,
        "min": 0.0334527604282,
        "stdev": 0.0917571932077,
        "var": 0.00841938238591
    },
    "erbbands_kurtosis": {
        "dmean": 1.38120663166,
        "dmean2": 2.34393000603,
        "dvar": 4.19855976105,
        "dvar2": 11.6871986389,
        "max": 24.4275875092,
        "mean": 1.69590556622,
        "median": 0.841709375381,
        "min": -1.43362784386,
        "stdev": 3.03665304184,
        "var": 9.22126102448
    },
    "erbbands_skewness": {
        "dmean": 0.382592231035,
        "dmean2": 0.629902780056,
        "dvar": 0.141003757715,
        "dvar2": 0.380996465683,
        "max": 4.25810861588,
        "mean": 0.91228312254,
        "median": 0.948538959026,
        "min": -1.21465933323,
        "stdev": 0.861525475979,
        "var": 0.74222612381
    },
    "erbbands_spread": {
        "dmean": 3.83838868141,
        "dmean2": 6.07683420181,
        "dvar": 27.2912902832,
        "dvar2": 64.176322937,
        "max": 96.3199768066,
        "mean": 20.8337268829,
        "median": 12.8266391754,
        "min": 4.47260713577,
        "stdev": 19.0308551788,
        "var": 362.173431396
    },
    "hfc": {
        "dmean": 3.46700644493,
        "dmean2": 5.4559264183,
        "dvar": 30.9887752533,
        "dvar2": 78.4189834595,
        "max": 78.8320999146,
        "mean": 14.537322998,
        "median": 8.04128170013,
        "min": 1.61484507544e-07,
        "stdev": 17.8245620728,
        "var": 317.715026855
    },
    "loudness_ebu128": {
        "integrated": -26.072675705,
        "loudness_range": 15.1890621185,
        "momentary": {
            "dmean": 1.13809978962,
            "dmean2": 0.864387989044,
            "dvar": 2.8955578804,
            "dvar2": 1.61520767212,
            "max": -21.5579376221,
            "mean": -37.7579841614,
            "median": -29.6102790833,
            "min": -86.4273605347,
            "stdev": 18.8669376373,
            "var": 355.961364746
        },
        "short_term": {
            "dmean": 0.272956073284,
            "dmean2": 0.0798838436604,
            "dvar": 0.039945024997,
            "dvar2": 0.00395046360791,
            "max": -24.0095291138,
            "mean": -30.1108570099,
            "median": -27.5879917145,
            "min": -43.3145599365,
            "stdev": 5.65074586868,
            "var": 31.9309310913
        }
    },
    "melbands_crest": {
        "dmean": 3.40417408943,
        "dmean2": 5.49519777298,
        "dvar": 8.07072639465,
        "dvar2": 23.6354312897,
        "max": 29.9171714783,
        "mean": 14.2462015152,
        "median": 13.2420892715,
        "min": 5.03791809082,
        "stdev": 5.12154197693,
        "var": 26.2301902771
    },
    "melbands_flatness_db": {
        "dmean": 0.0215108841658,
        "dmean2": 0.0346668995917,
        "dvar": 0.000398510863306,
        "dvar2": 0.00106206734199,
        "max": 0.365576386452,
        "mean": 0.202010348439,
        "median": 0.212937667966,
        "min": 0.017874205485,
        "stdev": 0.0618138536811,
        "var": 0.00382095272653
    },
    "melbands_kurtosis": {
        "dmean": 4.03957176208,
        "dmean2": 6.77789497375,
        "dvar": 46.1096458435,
        "dvar2": 133.522857666,
        "max": 75.6744918823,
        "mean": 7.43076133728,
        "median": 5.20297622681,
        "min": -1.40463173389,
        "stdev": 8.59158229828,
        "var": 73.815284729
    },
    "melbands_skewness": {
        "dmean": 0.5476526618,
        "dmean2": 0.887015461922,
        "dvar": 0.336193978786,
        "dvar2": 0.90861338377,
        "max": 7.39996337891,
        "mean": 1.95097792149,
        "median": 1.82704651356,
        "min": 0.110441207886,
        "stdev": 1.06636488438,
        "var": 1.13713395596
    },
    "melbands_spread": {
        "dmean": 4.89471435547,
        "dmean2": 7.6962313652,
        "dvar": 61.5486221313,
        "dvar2": 115.576576233,
        "max": 179.960418701,
        "mean": 21.552318573,
        "median": 11.3145771027,
        "min": 2.45646476746,
        "stdev": 31.5585899353,
        "var": 995.944641113
    },
    "pitch_salience": {
        "dmean": 0.0719611868262,
        "dmean2": 0.118325702846,
        "dvar": 0.00368329253979,
        "dvar2": 0.0104106357321,
        "max": 0.880658626556,
        "mean": 0.564578056335,
        "median": 0.57084017992,
        "min": 0.229922950268,
        "stdev": 0.102808773518,
        "var": 0.0105696441606
    },
    "silence_rate_20dB": {
        "dmean": 0,
        "dmean2": 0,
        "dvar": 0,
        "dvar2": 0,
        "max": 1,
        "mean": 1,
        "median": 1,
        "min": 1,
        "stdev": 0,
        "var": 0
    },
    "silence_rate_30dB": {
        "dmean": 0,
        "dmean2": 0,
        "dvar": 0,
        "dvar2": 0,
        "max": 1,
        "mean": 1,
        "median": 1,
        "min": 1,
        "stdev": 0,
        "var": 0
    },
    "silence_rate_60dB": {
        "dmean": 0.0318181812763,
        "dmean2": 0.0637813210487,
        "dvar": 0.0308059230447,
        "dvar2": 0.0779361277819,
        "max": 1,
        "mean": 0.403628110886,
        "median": 0,
        "min": 0,
        "stdev": 0.490624338388,
        "var": 0.240712240338
    },
    "spectral_centroid": {
        "dmean": 176.605728149,
        "dmean2": 284.518463135,
        "dvar": 38464.9335938,
        "dvar2": 83777.1875,
        "max": 4009.16699219,
        "mean": 1528.2479248,
        "median": 1408.12695312,
        "min": 504.928894043,
        "stdev": 647.206237793,
        "var": 418875.9375
    },
    "spectral_complexity": {
        "dmean": 1.46363639832,
        "dmean2": 2.38724374771,
        "dvar": 2.73958063126,
        "dvar2": 7.22136116028,
        "max": 31,
        "mean": 10.9614515305,
        "median": 11,
        "min": 0,
        "stdev": 8.85693740845,
        "var": 78.4453353882
    },
    "spectral_decrease": {
        "dmean": 8.84590178885e-10,
        "dmean2": 1.41741218762e-09,
        "dvar": 2.16700971846e-18,
        "dvar2": 5.68683941434e-18,
        "max": -4.70263345175e-19,
        "mean": -3.05060332551e-09,
        "median": -1.49883494505e-09,
        "min": -1.99284517777e-08,
        "stdev": 3.82635212404e-09,
        "var": 1.46409694564e-17
    },
    "spectral_energy": {
        "dmean": 0.00364707736298,
        "dmean2": 0.00582325924188,
        "dvar": 3.65366577171e-05,
        "dvar2": 9.56778603722e-05,
        "max": 0.0823647305369,
        "mean": 0.0128322336823,
        "median": 0.00646577076986,
        "min": 1.64220026466e-11,
        "stdev": 0.0160370711237,
        "var": 0.000257187668467
    },
    "spectral_energyband_high": {
        "dmean": 2.44682541961e-05,
        "dmean2": 3.94895250793e-05,
        "dvar": 1.79210546403e-09,
        "dvar2": 4.87799578508e-09,
        "max": 0.000808856624644,
        "mean": 0.000107339692477,
        "median": 5.55587830604e-05,
        "min": 1.00023062749e-11,
        "stdev": 0.000127795705339,
        "var": 1.63317412927e-08
    },
    "spectral_energyband_low": {
        "dmean": 6.72052976824e-07,
        "dmean2": 1.18691787065e-06,
        "dvar": 3.2280753591e-12,
        "dvar2": 9.09429389434e-12,
        "max": 2.96704511129e-05,
        "mean": 9.62396256909e-07,
        "median": 2.12439786651e-07,
        "min": 1.78766452596e-12,
        "stdev": 2.57157398664e-06,
        "var": 6.61299270552e-12
    },
    "spectral_energyband_middle_high": {
        "dmean": 0.00255124992691,
        "dmean2": 0.00406535947695,
        "dvar": 1.61534080689e-05,
        "dvar2": 4.80036724184e-05,
        "max": 0.0505542047322,
        "mean": 0.00868194643408,
        "median": 0.00403657276183,
        "min": 1.17063748018e-12,
        "stdev": 0.0112747382373,
        "var": 0.000127119725221
    },
    "spectral_energyband_middle_low": {
        "dmean": 0.00198318180628,
        "dmean2": 0.00331256492063,
        "dvar": 2.0750117983e-05,
        "dvar2": 5.06560209033e-05,
        "max": 0.06014239043,
        "mean": 0.00469661736861,
        "median": 0.00219549937174,
        "min": 9.90368160744e-13,
        "stdev": 0.0075728869997,
        "var": 5.73486140638e-05
    },
    "spectral_entropy": {
        "dmean": 0.141914829612,
        "dmean2": 0.222233831882,
        "dvar": 0.020091785118,
        "dvar2": 0.0525911413133,
        "max": 8.83674526215,
        "mean": 7.42325019836,
        "median": 7.31187868118,
        "min": 6.10096168518,
        "stdev": 0.519711852074,
        "var": 0.270100384951
    },
    "spectral_flux": {
        "dmean": 0.010710936971,
        "dmean2": 0.0177297219634,
        "dvar": 0.000214281884837,
        "dvar2": 0.000593088509049,
        "max": 0.181254059076,
        "mean": 0.0463004074991,
        "median": 0.04797725752,
        "min": 5.88917682762e-05,
        "stdev": 0.0365496501327,
        "var": 0.00133587699383
    },
    "spectral_kurtosis": {
        "dmean": 2.36554169655,
        "dmean2": 4.14218235016,
        "dvar": 6.58319664001,
        "dvar2": 20.3995075226,
        "max": 22.7349910736,
        "mean": 7.63189792633,
        "median": 7.38175582886,
        "min": 1.25698137283,
        "stdev": 4.034678936,
        "var": 16.2786331177
    },
    "spectral_rms": {
        "dmean": 0.000400996243116,
        "dmean2": 0.000635036791209,
        "dvar": 2.70130584568e-07,
        "dvar2": 7.14028658422e-07,
        "max": 0.0089641418308,
        "mean": 0.00271895900369,
        "median": 0.00251158699393,
        "min": 1.26575926629e-07,
        "stdev": 0.00226418231614,
        "var": 5.12652195539e-06
    },
    "spectral_rolloff": {
        "dmean": 486.014068604,
        "dmean2": 815.612731934,
        "dvar": 1062176.5,
        "dvar2": 2628024.25,
        "max": 19293.75,
        "mean": 2824.21948242,
        "median": 1571.92382812,
        "min": 301.46484375,
        "stdev": 3943.03637695,
        "var": 15547536
    },
    "spectral_skewness": {
        "dmean": 0.242853701115,
        "dmean2": 0.422771215439,
        "dvar": 0.0550675354898,
        "dvar2": 0.154646247625,
        "max": 3.46673226357,
        "mean": 1.94865047932,
        "median": 1.96627867222,
        "min": 0.958493888378,
        "stdev": 0.485308200121,
        "var": 0.235524058342
    },
    "spectral_spread": {
        "dmean": 337492.625,
        "dmean2": 516889.125,
        "dvar": 198502678528,
        "dvar2": 456820850688,
        "max": 10765325,
        "mean": 3860708.5,
        "median": 2796713.5,
        "min": 1897937.75,
        "stdev": 2327698,
        "var": 5.41817831424e+12
    },
    "spectral_strongpeak": {
        "dmean": 0.617919147015,
        "dmean2": 1.03699934483,
        "dvar": 0.667485296726,
        "dvar2": 1.71911275387,
        "max": 7.50279903412,
        "mean": 1.61979579926,
        "median": 1.11972868443,
        "min": 0,
        "stdev": 1.67261898518,
        "var": 2.79765439034
    },
    "zerocrossingrate": {
        "dmean": 0.00816650409251,
        "dmean2": 0.00961546972394,
        "dvar": 0.000237868953263,
        "dvar2": 0.000232489823247,
        "max": 0.2900390625,
        "mean": 0.07895873487,
        "median": 0.05859375,
        "min": 0.02783203125,
        "stdev": 0.0589653775096,
        "var": 0.00347691588104
    },
    "barkbands": {
        "dmean": [7.78586155548e-08, 2.93242294447e-07, 3.25765057596e-07, 3.30575602447e-07, 3.9295073293e-06, 2.87995753752e-05, 8.51149452501e-05, 0.000109540298581, 0.00135880243033, 0.00157004047651, 0.00111027667299, 0.000349214038579, 0.000422173732659, 0.000492587802, 0.000184642587556, 0.000151349348016, 0.000118514166388, 4.92313956784e-05, 3.9236718294e-05, 3.14291173709e-05, 1.16527653518e-05, 7.28400664229e-06, 3.43099782185e-06, 1.69409736372e-06, 1.16964019981e-06, 6.1597114609e-07, 3.09737373527e-07],
        "dmean2": [1.2958183504e-07, 5.34015327958e-07, 5.86805867897e-07, 5.85936675179e-07, 6.25133043286e-06, 5.01738577441e-05, 0.000122829267639, 0.00016826261708, 0.00226102420129, 0.00264023710042, 0.00180766929407, 0.000534778577276, 0.000680731842294, 0.000763007672504, 0.00029517893563, 0.000247537362156, 0.000192240884644, 7.29142484488e-05, 6.16083561908e-05, 5.12172919116e-05, 1.79412490979e-05, 1.22402079796e-05, 5.51453376829e-06, 2.79018968286e-06, 1.94259951058e-06, 1.15177260795e-06, 5.72360647766e-07],
        "dvar": [9.41774937657e-14, 1.1172770608e-12, 7.20317577287e-13, 4.2338327939e-13, 3.97798252671e-11, 2.24066520893e-09, 5.10210540483e-08, 4.0720923522e-08, 1.07016294351e-05, 9.69229404291e-06, 7.44250974094e-06, 9.98771952254e-07, 7.73696626766e-07, 1.31988508656e-06, 1.37218506779e-07, 1.05584604171e-07, 5.86843640349e-08, 5.75006797732e-09, 6.65601662675e-09, 3.12753578591e-09, 4.19345225211e-10, 1.82627940548e-10, 4.28137282571e-11, 7.71800765659e-12, 5.37352844512e-12, 9.69998300432e-12, 1.76206651267e-12],
        "dvar2": [2.08464389956e-13, 3.17891698208e-12, 2.11351140582e-12, 1.22197933196e-12, 9.85284492883e-11, 6.22422291485e-09, 1.09252354719e-07, 8.14039466945e-08, 2.34854142036e-05, 2.76815389952e-05, 2.29423258133e-05, 2.39324231188e-06, 2.08575374927e-06, 2.89147556032e-06, 3.49418428414e-07, 3.12164360139e-07, 1.52387954699e-07, 1.28623893758e-08, 1.68080802609e-08, 7.41493666467e-09, 1.03050257216e-09, 5.091886357e-10, 1.04309193227e-10, 2.10644331838e-11, 1.49436123198e-11, 2.84787263216e-11, 5.17790931659e-12],
        "max": [6.01146484769e-06, 1.64813936863e-05, 1.0746789485e-05, 7.65496224631e-06, 5.81115964451e-05, 0.000403595389798, 0.00291899801232, 0.00225860183127, 0.0518350228667, 0.0385104566813, 0.0312403589487, 0.0236113648862, 0.0140355480835, 0.0180017501116, 0.00499451812357, 0.00496319215745, 0.00309513229877, 0.00113738293294, 0.00114247645251, 0.00115864316467, 0.000261029577814, 0.000218669971218, 8.33852973301e-05, 3.87196487281e-05, 2.51928231592e-05, 4.3740383262e-05, 1.63847635122e-05],
        "mean": [8.31369817433e-08, 3.97961741783e-07, 3.55679532049e-07, 3.78865934181e-07, 6.08388563705e-06, 4.52137282991e-05, 0.000187328754691, 0.000177410576725, 0.00283767865039, 0.00343128875829, 0.0020958178211, 0.000720847514458, 0.000801519257948, 0.000980874407105, 0.000465267919935, 0.000388031912735, 0.000296525395242, 0.000133688823553, 9.86542800092e-05, 8.86388370418e-05, 3.42925850418e-05, 2.03828240046e-05, 1.09741922643e-05, 6.02877025813e-06, 3.11826624966e-06, 9.18270529837e-07, 4.58955526028e-07],
        "median": [2.51774849858e-08, 4.5302691376e-08, 6.24672438221e-08, 1.10047913893e-07, 2.33838295571e-06, 2.10787329706e-05, 1.41470973176e-05, 4.78497859149e-05, 0.00107780424878, 0.000741186318919, 0.000408537918702, 0.000125377555378, 0.000267904921202, 0.000194311316591, 0.00013876419689, 0.000112503832497, 8.84784240043e-05, 5.77117680223e-05, 3.74737937818e-05, 2.70861892204e-05, 1.73281805473e-05, 7.08812149242e-06, 4.65236234959e-06, 2.53313942267e-06, 1.5310974959e-06, 2.64035833197e-07, 8.40976213112e-08],
        "min": [9.13280735759e-13, 9.36766614799e-13, 2.97897774157e-13, 2.0585897082e-13, 3.68817362718e-13, 9.66401980142e-14, 1.24680037887e-13, 1.15912731887e-13, 7.14850677567e-14, 2.59328572749e-14, 4.23855354569e-14, 2.18208562114e-13, 7.87432592004e-14, 9.53252843956e-14, 1.55895844736e-13, 1.20164132551e-13, 1.55354882062e-13, 1.15565611009e-13, 5.75183211607e-14, 2.67480997204e-13, 7.2071374476e-13, 1.00316044534e-12, 3.64302690662e-13, 1.89740801196e-12, 1.2562958486e-12, 2.35404599459e-12, 3.1903735296e-12],
        "stdev": [3.2444614817e-07, 1.38563359542e-06, 9.98645532491e-07, 7.17253669791e-07, 8.82249787537e-06, 5.95565652475e-05, 0.000463317584945, 0.000337036704877, 0.00522445328534, 0.00652458192781, 0.00423966627568, 0.00211771647446, 0.00155804003589, 0.00178857985884, 0.00079698569607, 0.000783998286352, 0.000512952101417, 0.000187629237189, 0.000158459108206, 0.000152010514284, 4.47246820841e-05, 3.1322830182e-05, 1.56742607942e-05, 8.13795941212e-06, 4.30830959885e-06, 2.52836343861e-06, 1.13999067253e-06],
        "var": [1.05265310899e-13, 1.91998045067e-12, 9.9729296002e-13, 5.14452792432e-13, 7.78364664389e-11, 3.54698426186e-09, 2.14663174347e-07, 1.13593749518e-07, 2.72949127975e-05, 4.25701691711e-05, 1.79747712536e-05, 4.48472292192e-06, 2.42748865276e-06, 3.19901778312e-06, 6.35186211184e-07, 6.14653288267e-07, 2.63119858346e-07, 3.52047315744e-08, 2.51092906467e-08, 2.31071979329e-08, 2.00029703912e-09, 9.81119741006e-10, 2.45682474365e-10, 6.62263854867e-11, 1.85615325193e-11, 6.39262124139e-12, 1.29957860879e-12]
    },
    "erbbands": {
        "dmean": [8.10329765955e-06, 7.39220049581e-05, 0.000320870021824, 0.000745923025534, 0.00291299307719, 0.0154159571975, 0.053929567337, 0.351696997881, 1.34746909142, 1.03227007389, 3.41974687576, 21.9699192047, 62.7119026184, 39.4043693542, 30.9931106567, 11.7528772354, 16.9459037781, 25.5182476044, 12.6997661591, 10.0305757523, 6.63696336746, 5.97672605515, 2.72967576981, 2.03005170822, 1.79123997688, 1.32328534126, 0.652241766453, 0.383607238531, 0.244146004319, 0.192022323608, 0.0807038992643, 0.0439485087991, 0.0270499512553, 0.0160667672753, 0.00717987539247, 0.00303072505631, 0.0011284352513, 0.00029745590291, 5.38868589501e-05, 6.84623819325e-06],
        "dmean2": [1.38490941026e-05, 0.000133939523948, 0.000584626395721, 0.00128329521976, 0.00495735183358, 0.025029156357, 0.0893425121903, 0.59287828207, 1.92263114452, 1.52792799473, 5.47064733505, 35.9874801636, 103.573265076, 63.3164978027, 49.5978775024, 18.4785881042, 28.1055450439, 40.2884483337, 19.6641731262, 16.5454711914, 10.8624782562, 9.48992538452, 4.10161685944, 3.21157598495, 2.68355345726, 2.20600914955, 1.05155789852, 0.612039625645, 0.404925197363, 0.301482588053, 0.133555561304, 0.0716775804758, 0.0421812273562, 0.0254298280925, 0.0127092953771, 0.00550978258252, 0.00210035406053, 0.000548667158, 9.75307048066e-05, 1.18876841952e-05],
        "dvar": [7.41813832583e-10, 7.52759632405e-08, 7.94831350959e-07, 2.471949756e-06, 2.75823695119e-05, 0.000746689329389, 0.00858560018241, 0.315791487694, 14.0599555969, 4.44675636292, 32.7408409119, 1299.94445801, 20679.9179688, 4145.29980469, 5424.28466797, 505.100006104, 1166.40820312, 3896.89892578, 988.417175293, 520.698486328, 174.827056885, 152.283447266, 19.9275226593, 13.2258863449, 12.5594711304, 4.93996620178, 1.17252922058, 0.426886916161, 0.178508222103, 0.157260164618, 0.0252421032637, 0.00598375871778, 0.00250714179128, 0.00105579977389, 0.000228737975704, 0.000124415731989, 4.39085815742e-05, 1.48885362705e-06, 4.27680291182e-08, 3.54456658469e-10],
        "dvar2": [1.86385640255e-09, 2.25312490443e-07, 2.49543268183e-06, 6.8994522735e-06, 7.30580359232e-05, 0.00197785627097, 0.0201386064291, 0.856100082397, 29.6504821777, 8.53097629547, 72.8045959473, 3209.17114258, 54547.0898438, 11469.3876953, 16907.0625, 1324.26452637, 3150.95239258, 9406.3984375, 1768.16088867, 1459.45092773, 484.864044189, 369.530975342, 46.7818984985, 33.1512107849, 26.1797409058, 13.295671463, 3.07482767105, 1.02184772491, 0.481397390366, 0.441463649273, 0.0685221478343, 0.0165136214346, 0.00680279126391, 0.00259577878751, 0.000660162011627, 0.000361842830898, 0.000129642139655, 4.34492903878e-06, 1.25528927697e-07, 1.06442632486e-09],
        "max": [0.000446500460384, 0.00386247830465, 0.0108174467459, 0.0145959118381, 0.0579180531204, 0.24571762979, 0.866804242134, 4.46608352661, 49.8958091736, 27.179485321, 81.0630111694, 529.941223145, 1602.72949219, 842.374328613, 833.755859375, 365.495117188, 531.32623291, 1066.50854492, 540.754516602, 333.051696777, 149.09753418, 175.649353027, 67.9939117432, 48.3226852417, 55.2323150635, 32.6970100403, 11.5030708313, 6.79382276535, 7.30173158646, 7.05411672592, 1.99667835236, 0.931697845459, 0.78045964241, 0.415307402611, 0.169386610389, 0.157440274954, 0.092235699296, 0.0159531086683, 0.00243127834983, 0.000212969054701],
        "mean": [9.7354341051e-06, 9.88318424788e-05, 0.000354694086127, 0.000947378983255, 0.00389322591946, 0.0235796812922, 0.0983210131526, 0.605126261711, 3.06662011147, 1.86966145039, 6.96097183228, 54.0438804626, 129.017959595, 91.1728668213, 60.9238471985, 26.1347064972, 35.4817695618, 50.8272209167, 35.5149116516, 24.7172336578, 16.7912502289, 16.3646011353, 8.72979068756, 5.67752742767, 5.31114721298, 3.95586800575, 1.86734211445, 1.10308420658, 0.743737518787, 0.556996703148, 0.265504300594, 0.144157886505, 0.0937077105045, 0.0422002598643, 0.0188594143838, 0.00583549961448, 0.00136921496596, 0.000418707699282, 9.26936918404e-05, 1.94828626263e-05],
        "median": [1.85653652807e-06, 9.29412726691e-06, 6.06954235991e-05, 0.000313502037898, 0.0017990230117, 0.0092665636912, 0.0519411973655, 0.215260744095, 0.257410228252, 0.605817317963, 4.27194738388, 24.9694538116, 29.5318012238, 33.0645904541, 14.6720914841, 7.41925573349, 14.3817386627, 14.7604513168, 8.37693977356, 9.00449943542, 7.05339336395, 5.85753917694, 3.52197027206, 2.68732666969, 1.81152582169, 1.2189552784, 0.985558986664, 0.438954412937, 0.266895502806, 0.188218787313, 0.117893502116, 0.0645506009459, 0.0335030481219, 0.0184126831591, 0.00708106532693, 0.00182903150562, 0.000352809467586, 9.83843056019e-05, 2.20427937165e-05, 1.02921549114e-05],
        "min": [4.0815149871e-11, 1.64120356194e-10, 3.45041578642e-10, 5.58331159084e-10, 9.53515377766e-10, 1.29268640237e-09, 1.06811492984e-09, 7.35652427863e-10, 1.26186794347e-09, 2.73106492976e-09, 2.09750750102e-09, 1.72838976464e-09, 9.93897297796e-10, 8.45145509132e-10, 4.14098888513e-09, 8.55734150207e-09, 4.31917257515e-09, 3.10998427011e-09, 9.749215657e-09, 4.90683405019e-09, 8.12560063679e-09, 1.00777075573e-08, 7.81286502161e-09, 2.67567079604e-09, 3.44101747096e-09, 1.27889858703e-08, 2.57167087625e-08, 2.68274025217e-08, 3.60016407797e-08, 2.62941401985e-08, 1.15985052673e-08, 4.30454178968e-08, 2.62222830116e-08, 9.52833900669e-09, 1.07535917948e-08, 9.01450913915e-09, 4.63002303164e-09, 1.23383325779e-09, 3.8233088917e-10, 4.74877116796e-11],
        "stdev": [3.28647438437e-05, 0.000349111185642, 0.00099272665102, 0.00187365815509, 0.00576078565791, 0.0351334773004, 0.136269852519, 0.821093797684, 7.84593057632, 3.18071627617, 9.58697795868, 80.0895233154, 242.903060913, 138.405349731, 115.070556641, 48.6509971619, 64.0494995117, 92.9690628052, 67.1972961426, 44.9261741638, 25.4587974548, 29.0589962006, 13.4202213287, 7.87271118164, 8.6865568161, 5.80588150024, 2.30288958549, 1.44439744949, 1.10009169579, 0.962207019329, 0.353398025036, 0.179045781493, 0.145984575152, 0.0625164583325, 0.0280884578824, 0.0115514108911, 0.0050069661811, 0.00103955355007, 0.000201356699108, 2.64388090727e-05],
        "var": [1.08009134969e-09, 1.21878628079e-07, 9.85506176221e-07, 3.51059475179e-06, 3.31866540364e-05, 0.0012343613198, 0.0185694713145, 0.674195051193, 61.5586242676, 10.1169557571, 91.9101486206, 6414.33154297, 59001.8984375, 19156.0410156, 13241.2324219, 2366.91967773, 4102.33837891, 8643.24609375, 4515.4765625, 2018.36096191, 648.150390625, 844.425231934, 180.102340698, 61.9795799255, 75.4562683105, 33.7082595825, 5.30330085754, 2.08628416061, 1.21020185947, 0.925842404366, 0.124890170991, 0.032057389617, 0.0213114954531, 0.00390830729157, 0.000788961420767, 0.000133435096359, 2.50697103183e-05, 1.08067160909e-06, 4.05445206297e-08, 6.99010627159e-10]
    },
    "gfcc": {
        "mean": [-224.464828491, 25.8619194031, -196.681015015, -35.4306716919, -78.5672683716, -2.40130925179, -30.6480121613, 5.81817007065, -16.6908435822, -4.63896179199, -15.1885786057, -3.26487374306, -0.833578288555],
        "cov": [[50337.8632812, 2108.00415039, -13960.0390625, -4900.39501953, -3307.77661133, 225.931442261, 983.537475586, 630.758361816, 99.8758239746, -254.768890381, 255.901519775, 32.0322380066, 754.865783691], [2108.00415039, 1079.38684082, -589.113830566, -405.182952881, -272.903839111, -148.856155396, -78.2437438965, -8.30907726288, 35.7693786621, -60.0611076355, -17.5801467896, -86.0830001831, -9.1799325943], [-13960.0390625, -589.113830566, 4219.28662109, 1438.20837402, 985.847961426, -25.7383747101, -265.836730957, -122.930709839, -18.5442028046, 90.6607589722, -87.0540924072, -24.3298187256, -231.206787109], [-4900.39501953, -405.182952881, 1438.20837402, 660.440429688, 374.554473877, 1.30973160267, -87.7991638184, -44.8082923889, -11.4040794373, 22.2732391357, -20.0625762939, 21.3506183624, -36.4279708862], [-3307.77661133, -272.903839111, 985.847961426, 374.554473877, 435.58026123, 72.1432418823, 12.1891908646, 6.77468824387, 3.37019658089, 9.51659488678, -49.6090316772, 30.8851909637, -44.3740768433], [225.931442261, -148.856155396, -25.7383747101, 1.30973160267, 72.1432418823, 174.705169678, 104.99810791, 19.550485611, -21.5426177979, -10.8923587799, -5.22172451019, -6.90563154221, 13.4035224915], [983.537475586, -78.2437438965, -265.836730957, -87.7991638184, 12.1891908646, 104.99810791, 199.769851685, 73.6019821167, -24.645111084, -37.1647262573, -28.4036216736, -1.7922629118, 20.7743492126], [630.758361816, -8.30907726288, -122.930709839, -44.8082923889, 6.77468824387, 19.550485611, 73.6019821167, 113.949996948, 38.1278762817, -4.53585672379, -10.1238832474, -9.80300521851, 4.82549095154], [99.8758239746, 35.7693786621, -18.5442028046, -11.4040794373, 3.37019658089, -21.5426177979, -24.645111084, 38.1278762817, 88.1312866211, 42.9922714233, 20.599111557, 7.66318702698, -10.368596077], [-254.768890381, -60.0611076355, 90.6607589722, 22.2732391357, 9.51659488678, -10.8923587799, -37.1647262573, -4.53585672379, 42.9922714233, 82.6577606201, 43.501865387, 18.7874507904, -15.1554851532], [255.901519775, -17.5801467896, -87.0540924072, -20.0625762939, -49.6090316772, -5.22172451019, -28.4036216736, -10.1238832474, 20.599111557, 43.501865387, 81.8084487915, 31.0558166504, 0.0537904202938], [32.0322380066, -86.0830001831, -24.3298187256, 21.3506183624, 30.8851909637, -6.90563154221, -1.7922629118, -9.80300521851, 7.66318702698, 18.7874507904, 31.0558166504, 79.8556518555, 25.9355068207], [754.865783691, -9.1799325943, -231.206787109, -36.4279708862, -44.3740768433, 13.4035224915, 20.7743492126, 4.82549095154, -10.368596077, -15.1554851532, 0.0537904202938, 25.9355068207, 86.2322692871]],
        "icov": [[0.00032692780951, -0.000155815825565, 0.000989757711068, 1.37044307849e-05, 0.000382439844543, -0.000674115261063, 0.000417336996179, -0.00114707055036, 0.000591110496316, -0.000681572826579, 0.000603022461291, -0.000519610708579, 0.000153486311319], [-0.000155815825565, 0.00220042513683, -0.00112828204874, 0.00261383713223, -0.000403545389418, 0.00199531042017, -0.000125727718114, 0.00169202021789, -0.00250741839409, 0.00335654010996, -0.00163408485241, 0.0024511909578, -0.00135271099862], [0.000989757711068, -0.00112828204874, 0.00479186000302, -0.00320580485277, -0.000175612905878, -0.00220037670806, 0.0019619432278, -0.00381958694197, 0.00344403134659, -0.00424615340307, 0.00275164050981, -0.00112402264494, 0.00270632631145], [1.37044307849e-05, 0.00261383713223, -0.00320580485277, 0.0107355639338, -0.00203633285128, 0.00257154973224, 0.000229040975682, 0.00168178742751, -0.00286513357423, 0.00537631241605, -0.00419369246811, 0.00267950817943, -0.00570177054033], [0.000382439844543, -0.000403545389418, -0.000175612905878, -0.00203633285128, 0.00987413711846, -0.00547489663586, 0.000578115927055, -0.00312934350222, -0.000847587070893, -0.00107137567829, 0.00747983390465, -0.00847316998988, 0.00349961500615], [-0.000674115261063, 0.00199531042017, -0.00220037670806, 0.00257154973224, -0.00547489663586, 0.0144727248698, -0.0076366988942, 0.00648056576028, -0.00232413783669, 0.00293353619054, -0.00789269525558, 0.00922537129372, -0.00482319155708], [0.000417336996179, -0.000125727718114, 0.0019619432278, 0.000229040975682, 0.000578115927055, -0.0076366988942, 0.0146127641201, -0.0106064602733, 0.00666122278199, -0.00062564201653, 0.00491126207635, -0.00479931617156, 0.00237947329879], [-0.00114707055036, 0.00169202021789, -0.00381958694197, 0.00168178742751, -0.00312934350222, 0.00648056576028, -0.0106064602733, 0.0232781730592, -0.0146315470338, 0.00692740036175, -0.00500165252015, 0.00795105006546, -0.0036043333821], [0.000591110496316, -0.00250741839409, 0.00344403134659, -0.00286513357423, -0.000847587070893, -0.00232413783669, 0.00666122278199, -0.0146315470338, 0.0271761380136, -0.0152962338179, 0.00324325659312, -0.00405803881586, 0.00351930153556], [-0.000681572826579, 0.00335654010996, -0.00424615340307, 0.00537631241605, -0.00107137567829, 0.00293353619054, -0.00062564201653, 0.00692740036175, -0.0152962338179, 0.0304933805019, -0.0135358339176, 0.00264546158724, -0.00130132341292], [0.000603022461291, -0.00163408485241, 0.00275164050981, -0.00419369246811, 0.00747983390465, -0.00789269525558, 0.00491126207635, -0.00500165252015, 0.00324325659312, -0.0135358339176, 0.0289619695395, -0.0147022940218, 0.00674081407487], [-0.000519610708579, 0.0024511909578, -0.00112402264494, 0.00267950817943, -0.00847316998988, 0.00922537129372, -0.00479931617156, 0.00795105006546, -0.00405803881586, 0.00264546158724, -0.0147022940218, 0.0282017011195, -0.0106509858742], [0.000153486311319, -0.00135271099862, 0.00270632631145, -0.00570177054033, 0.00349961500615, -0.00482319155708, 0.00237947329879, -0.0036043333821, 0.00351930153556, -0.00130132341292, 0.00674081407487, -0.0106509858742, 0.0205292347819]]
    },
    "melbands": {
        "dmean": [7.95081476213e-08, 1.39795304221e-07, 1.6661103075e-07, 5.68115353872e-07, 1.61784373631e-06, 8.07270134828e-06, 1.90105547517e-05, 1.30462485686e-05, 3.52232600562e-05, 0.000179345035576, 0.000317249097861, 0.00016606823192, 0.000140987467603, 4.12607369071e-05, 3.32301642629e-05, 4.64521217509e-05, 5.00202768308e-05, 2.50337834586e-05, 1.33152307171e-05, 1.35170985232e-05, 8.00712587079e-06, 6.41985525363e-06, 5.04090849063e-06, 2.44019952333e-06, 1.82884446076e-06, 1.79796597877e-06, 1.4446690102e-06, 8.77995546489e-07, 5.6705988527e-07, 3.26507802129e-07, 2.34383293218e-07, 1.59050486559e-07, 1.48634981656e-07, 1.02920303391e-07, 6.00499063808e-08, 4.24711075198e-08, 2.70241997669e-08, 2.11123172278e-08, 1.88403923573e-08, 1.38132723038e-08],
        "dmean2": [1.36931390671e-07, 2.52889321928e-07, 2.871622371e-07, 9.42316660257e-07, 2.63114156951e-06, 1.33358707899e-05, 2.73024088528e-05, 1.92776897165e-05, 5.7951452618e-05, 0.000293608987704, 0.000523254158907, 0.000263513444224, 0.000229024342843, 6.31645016256e-05, 5.35895524081e-05, 7.61675473768e-05, 7.87595345173e-05, 3.68254222849e-05, 2.30400946748e-05, 2.22717590077e-05, 1.28693636725e-05, 1.03494066934e-05, 7.68188783695e-06, 3.76410116587e-06, 2.94587061944e-06, 2.80164908872e-06, 2.35894867728e-06, 1.47724108501e-06, 9.34532693009e-07, 5.23182450252e-07, 3.74045697527e-07, 2.57056967712e-07, 2.46243473612e-07, 1.60344143296e-07, 9.76750129666e-08, 6.98760018736e-08, 4.38043628037e-08, 3.38342580619e-08, 2.99722024977e-08, 2.24760174916e-08],
        "dvar": [6.97150806051e-14, 1.64080012598e-13, 8.26559957631e-14, 1.01193912191e-12, 7.31869686382e-12, 1.62777902268e-10, 2.74205191886e-09, 7.79501796444e-10, 3.55620000114e-09, 1.18786886105e-07, 5.10267057052e-07, 7.58657137112e-08, 1.29629825096e-07, 1.38240485725e-08, 4.33312052905e-09, 1.25442358723e-08, 1.47312011478e-08, 4.42378134125e-09, 8.14714740116e-10, 9.68825020209e-10, 2.74850309179e-10, 1.47990827926e-10, 1.32852798207e-10, 1.65458168e-11, 1.13316257419e-11, 1.49506795832e-11, 1.12196614846e-11, 2.08332201317e-12, 9.68856939121e-13, 4.10557140585e-13, 1.73681869668e-13, 8.24433498358e-14, 9.67646576473e-14, 4.3466823836e-14, 1.39916281889e-14, 6.51160051037e-15, 2.04604789464e-15, 1.68740006285e-15, 1.32892047298e-15, 9.59343904467e-16],
        "dvar2": [1.80817885079e-13, 5.1275986495e-13, 2.30604082921e-13, 2.73300045789e-12, 1.75621843457e-11, 4.15328910153e-10, 5.8333124997e-09, 1.50779888575e-09, 8.92775720018e-09, 2.74575143067e-07, 1.3488715922e-06, 2.04004891202e-07, 4.12672932271e-07, 3.4346204103e-08, 1.05015596219e-08, 3.12510763933e-08, 3.53715847723e-08, 7.72984432018e-09, 2.40858488709e-09, 2.81135736913e-09, 7.22042370338e-10, 3.73774566853e-10, 3.15660331207e-10, 3.80792480881e-11, 2.89803146758e-11, 3.7750313292e-11, 2.57147046712e-11, 6.23889698584e-12, 2.63824248906e-12, 1.06934871114e-12, 4.5333154548e-13, 2.15518141528e-13, 2.79019889875e-13, 1.11658275128e-13, 3.67526545493e-14, 1.7813983795e-14, 5.67079240824e-15, 4.38023945728e-15, 3.52519421362e-15, 2.3030201149e-15],
        "max": [4.43934095529e-06, 5.50427967028e-06, 2.91523815577e-06, 8.13392489363e-06, 2.58833624684e-05, 0.000104651422589, 0.000699821102899, 0.00037350403727, 0.000828495831229, 0.00543296290562, 0.0079696783796, 0.00403147935867, 0.00426623877138, 0.00274940696545, 0.000904508575331, 0.0018962387694, 0.00207393895835, 0.00111155991908, 0.000440401694505, 0.000485888769617, 0.000225238196435, 0.000164491240866, 0.000148897801409, 5.75281592319e-05, 3.98126649088e-05, 5.34112368769e-05, 7.56850276957e-05, 1.95737829927e-05, 9.59304816206e-06, 8.57346731209e-06, 4.11702058045e-06, 3.86837564292e-06, 5.03189403389e-06, 3.13935424856e-06, 1.66070788055e-06, 8.45641125125e-07, 5.22529035152e-07, 6.51169386856e-07, 4.43363035174e-07, 3.36367207865e-07],
        "mean": [1.05169661424e-07, 1.70852800352e-07, 2.23567326429e-07, 8.50333094604e-07, 2.91603441838e-06, 1.43128154377e-05, 4.32708693552e-05, 2.13871044252e-05, 6.31019065622e-05, 0.000412904104451, 0.000653974246234, 0.000374270195607, 0.000261185166892, 8.5215557192e-05, 6.17767509539e-05, 9.03347245185e-05, 9.29768139031e-05, 6.26481196377e-05, 3.01275103993e-05, 3.27003290295e-05, 1.67441357917e-05, 1.65175260918e-05, 1.21420462165e-05, 6.62936690787e-06, 4.18158379034e-06, 4.25217240263e-06, 3.76809157387e-06, 2.26308270612e-06, 1.29886450395e-06, 7.99290376108e-07, 5.70186557525e-07, 4.21531552774e-07, 3.80184076221e-07, 2.73038722298e-07, 1.57546097057e-07, 1.10288148392e-07, 7.7564813239e-08, 6.8030558964e-08, 5.09571655982e-08, 3.03800398171e-08],
        "median": [1.88142017521e-08, 2.66880473276e-08, 8.23378485393e-08, 3.42789689967e-07, 1.4662588228e-06, 5.30393208464e-06, 3.76652428713e-06, 6.77984098729e-06, 3.67497632396e-05, 0.000187414043467, 0.000135110880365, 0.000105312887172, 5.30831930519e-05, 1.56455480465e-05, 1.57763843163e-05, 3.04804580082e-05, 2.14668962144e-05, 1.0783700418e-05, 1.03171114461e-05, 9.50194953475e-06, 7.06350147084e-06, 5.74570185563e-06, 2.55873078459e-06, 2.65116545961e-06, 1.76178707534e-06, 1.22768233268e-06, 6.97179643794e-07, 7.80246125487e-07, 6.22878246759e-07, 3.16083003327e-07, 2.24476607968e-07, 1.41963013789e-07, 1.11375172196e-07, 9.1716358952e-08, 6.72262601142e-08, 5.21339735826e-08, 3.93080803462e-08, 2.0343581042e-08, 1.88953173108e-08, 1.3620539363e-08],
        "min": [3.56175782227e-13, 1.90239588405e-13, 1.07620645251e-13, 8.24829028863e-14, 4.22460155779e-14, 1.67853469839e-14, 2.11409767459e-14, 3.02244056063e-14, 1.55073385909e-14, 1.05559914041e-14, 4.76940916841e-15, 3.03850157586e-15, 9.01609905848e-15, 2.48248060427e-14, 1.62662614769e-14, 5.97063106014e-15, 5.68429284287e-15, 1.63700806112e-14, 9.59624462955e-15, 5.39579384455e-15, 1.02681696086e-14, 1.09048783458e-14, 9.3366002321e-15, 3.50980044859e-15, 2.03997022149e-15, 2.16474643319e-15, 4.7969068225e-15, 8.73261407169e-15, 1.59302367304e-14, 1.48771969001e-14, 1.56560098138e-14, 1.60714828625e-14, 2.57171992984e-14, 9.32830354438e-15, 5.30533707854e-15, 6.81093051898e-15, 3.81549040409e-14, 1.87758337523e-14, 1.18444979234e-14, 6.48209835282e-15],
        "stdev": [3.51487926764e-07, 4.96115546866e-07, 3.53371007122e-07, 1.241919108e-06, 4.02073874284e-06, 2.03848430829e-05, 0.000109511674964, 4.10692009609e-05, 8.70773656061e-05, 0.000668644148391, 0.00123539601918, 0.00059688888723, 0.000511454825755, 0.00025553337764, 0.000120767006592, 0.000192335442989, 0.000176000583451, 0.000131139226141, 5.34796672582e-05, 7.25030113244e-05, 2.53081707342e-05, 2.76887021755e-05, 2.42399000854e-05, 9.72056659521e-06, 6.06104686085e-06, 7.5654165812e-06, 8.41021574161e-06, 3.19393552672e-06, 1.70786654508e-06, 1.17736533412e-06, 7.94504444457e-07, 6.3385851945e-07, 7.14982036243e-07, 4.55284720147e-07, 2.28942937497e-07, 1.44987609474e-07, 1.00400185943e-07, 1.12014035381e-07, 8.41751841563e-08, 4.77944510635e-08],
