{
"lowlevel": {
    "average_loudness": 0.99068403244,
    "barkbands_crest": {
        "dmean": 3.19377446175,
        "dmean2": 5.37836933136,
        "dvar": 6.43293523788,
        "dvar2": 17.5552425385,
        "max": 18.5397224426,
        "mean": 11.066075325,
        "median": 11.5486545563,
        "min": 2.40637469292,
        "stdev": 4.41805076599,
        "var": 19.5191745758
    },
    "barkbands_flatness_db": {
        "dmean": 0.035343196243,
        "dmean2": 0.0608418472111,
        "dvar": 0.00100854388438,
        "dvar2": 0.00256916251965,
        "max": 0.193045318127,
        "mean": 0.105179108679,
        "median": 0.104012668133,
        "min": 0.0264153126627,
        "stdev": 0.0466065332294,
        "var": 0.00217216880992
    },
    "barkbands_kurtosis": {
        "dmean": 7.84858369827,
        "dmean2": 14.1817979813,
        "dvar": 79.946105957,
        "dvar2": 211.314361572,
        "max": 45.1240615845,
        "mean": 9.74554157257,
        "median": 6.99757575989,
        "min": -1.73043119907,
        "stdev": 10.5273723602,
        "var": 110.825576782
    },
    "barkbands_skewness": {
        "dmean": 1.15538358688,
        "dmean2": 1.96059203148,
        "dvar": 1.14637517929,
        "dvar2": 2.9337015152,
        "max": 6.36202764511,
        "mean": 2.59826779366,
        "median": 2.74465274811,
        "min": -1.38141179085,
        "stdev": 1.86673176289,
        "var": 3.48468756676
    },
    "barkbands_spread": {
        "dmean": 14.1881103516,
        "dmean2": 25.5326404572,
        "dvar": 224.503982544,
        "dvar2": 478.06729126,
        "max": 103.871246338,
        "mean": 38.1637573242,
        "median": 30.7935752869,
        "min": 7.54962825775,
        "stdev": 24.7120456696,
        "var": 610.685180664
    },
    "dissonance": {
        "dmean": 0.0104923294857,
        "dmean2": 0.018357783556,
        "dvar": 0.000184898875887,
        "dvar2": 0.000571281590965,
        "max": 0.499998658895,
        "mean": 0.485934853554,
        "median": 0.489389955997,
        "min": 0.430674105883,
        "stdev": 0.0129454201087,
        "var": 0.000167583901202
    },
    "dynamic_complexity": 25.360244751,
    "erbbands_crest": {
        "dmean": 1.48865532875,
        "dmean2": 2.64855623245,
        "dvar": 1.52666783333,
        "dvar2": 4.2761092186,
        "max": 9.28103637695,
        "mean": 4.99474191666,
        "median": 4.81970882416,
        "min": 2.64608836174,
        "stdev": 1.50623333454,
        "var": 2.26873898506
    },
    "erbbands_flatness_db": {
        "dmean": 0.0108884517103,
        "dmean2": 0.0184702239931,
        "dvar": 0.000128277461044,
        "dvar2": 0.000275938218692,
        "max": 0.117850027978,
        "mean": 0.0576177053154,
        "median": 0.0491318404675,
        "min": 0.0329765342176,
        "stdev": 0.0214123912156,
        "var": 0.000458490510937
    },
    "erbbands_kurtosis": {
        "dmean": 0.588050305843,
        "dmean2": 0.987841963768,
        "dvar": 0.980152666569,
        "dvar2": 2.17691421509,
        "max": 6.41586112976,
        "mean": -0.491995036602,
        "median": -0.995277941227,
        "min": -1.5244795084,
        "stdev": 1.277733922,
        "var": 1.63260412216
    },
    "erbbands_skewness": {
        "dmean": 0.3627178967,
        "dmean2": 0.613057017326,
        "dvar": 0.101870521903,
        "dvar2": 0.247292324901,
        "max": 1.46640717983,
        "mean": -0.10443738848,
        "median": -0.022047508508,
        "min": -2.11826252937,
        "stdev": 0.583890259266,
        "var": 0.340927839279
    },
    "erbbands_spread": {
        "dmean": 14.5873003006,
        "dmean2": 24.5342750549,
        "dvar": 164.704666138,
        "dvar2": 376.586791992,
        "max": 129.650482178,
        "mean": 81.7447509766,
        "median": 89.7638015747,
        "min": 24.1092567444,
        "stdev": 27.1225547791,
        "var": 735.632995605
    },
    "hfc": {
        "dmean": 16.3338813782,
        "dmean2": 25.4603881836,
        "dvar": 1632.38562012,
        "dvar2": 4065.65551758,
        "max": 368.698059082,
        "mean": 33.64245224,
        "median": 0.00439887214452,
        "min": 0.000917992205359,
        "stdev": 72.8337478638,
        "var": 5304.75439453
    },
    "loudness_ebu128": {
        "integrated": -30.0823078156,
        "loudness_range": 0,
        "momentary": {
            "dmean": 3.28761720657,
            "dmean2": 4.21327972412,
            "dvar": 46.4919013977,
            "dvar2": 61.8390884399,
            "max": -27.290845871,
            "mean": -50.4705123901,
            "median": -55.0036125183,
            "min": -69.7712936401,
            "stdev": 19.2665538788,
            "var": 371.200073242
        },
        "short_term": {
            "dmean": 0,
            "dmean2": 0,
            "dvar": 0,
            "dvar2": 0,
            "max": -35.8046264648,
            "mean": -35.8046264648,
            "median": -35.8046264648,
            "min": -35.8046264648,
            "stdev": 0,
            "var": 0
        }
    },
    "melbands_crest": {
        "dmean": 4.69924068451,
        "dmean2": 8.18057441711,
        "dvar": 11.491648674,
        "dvar2": 36.7171211243,
        "max": 25.0314712524,
        "mean": 18.1679267883,
        "median": 18.9476089478,
        "min": 6.53397750854,
        "stdev": 4.54986715317,
        "var": 20.7012901306
    },
    "melbands_flatness_db": {
        "dmean": 0.0489436127245,
        "dmean2": 0.0806055888534,
        "dvar": 0.0019684585277,
        "dvar2": 0.00500224204734,
        "max": 0.317015528679,
        "mean": 0.198893636465,
        "median": 0.21191778779,
        "min": 0.040500048548,
        "stdev": 0.0777654871345,
        "var": 0.00604747096077
    },
    "melbands_kurtosis": {
        "dmean": 38.3989028931,
        "dmean2": 66.9458389282,
        "dvar": 1604.83190918,
        "dvar2": 4486.73828125,
        "max": 192.401351929,
        "mean": 61.7365531921,
        "median": 49.0609893799,
        "min": -1.35292756557,
        "stdev": 53.5970039368,
        "var": 2872.63867188
    },
    "melbands_skewness": {
        "dmean": 2.00907325745,
        "dmean2": 3.36902093887,
        "dvar": 3.17336010933,
        "dvar2": 8.72196578979,
        "max": 12.0549707413,
        "mean": 6.0914516449,
        "median": 6.36349153519,
        "min": 0.588367402554,
        "stdev": 3.15196442604,
        "var": 9.93488025665
    },
    "melbands_spread": {
        "dmean": 15.187713623,
        "dmean2": 24.0227737427,
        "dvar": 400.054412842,
        "dvar2": 959.405395508,
        "max": 181.322937012,
        "mean": 27.29347229,
        "median": 9.63401603699,
        "min": 2.43970370293,
        "stdev": 35.8026618958,
        "var": 1281.83056641
    },
    "pitch_salience": {
        "dmean": 0.0992017090321,
        "dmean2": 0.176747784019,
        "dvar": 0.00971528142691,
        "dvar2": 0.0265767611563,
        "max": 0.933803915977,
        "mean": 0.587292671204,
        "median": 0.554923295975,
        "min": 0.308058738708,
        "stdev": 0.126865595579,
        "var": 0.0160948783159
    },
    "silence_rate_20dB": {
        "dmean": 0,
        "dmean2": 0,
        "dvar": 0,
        "dvar2": 0,
        "max": 1,
        "mean": 1,
        "median": 1,
        "min": 1,
        "stdev": 0,
        "var": 0
    },
    "silence_rate_30dB": {
        "dmean": 0,
        "dmean2": 0,
        "dvar": 0,
        "dvar2": 0,
        "max": 1,
        "mean": 1,
        "median": 1,
        "min": 1,
        "stdev": 0,
        "var": 0
    },
    "silence_rate_60dB": {
        "dmean": 0.0246913582087,
        "dmean2": 0.0500000007451,
        "dvar": 0.0240816716105,
        "dvar2": 0.0475000441074,
        "max": 1,
        "mean": 0.743902444839,
        "median": 1,
        "min": 0,
        "stdev": 0.436476439238,
        "var": 0.190511673689
    },
    "spectral_centroid": {
        "dmean": 430.426025391,
        "dmean2": 713.398376465,
        "dvar": 189291.859375,
        "dvar2": 403553.6875,
        "max": 4207.03417969,
        "mean": 1556.3885498,
        "median": 1147.23266602,
        "min": 503.818572998,
        "stdev": 965.276184082,
        "var": 931758.0625
    },
    "spectral_complexity": {
        "dmean": 2.44444441795,
        "dmean2": 3.40000009537,
        "dvar": 28.098783493,
        "dvar2": 40.1650352478,
        "max": 59,
        "mean": 10,
        "median": 0,
        "min": 0,
        "stdev": 18.6945934296,
        "var": 349.487792969
    },
    "spectral_decrease": {
        "dmean": 9.25917287287e-10,
        "dmean2": 1.70148073408e-09,
        "dvar": 6.16151700886e-18,
        "dvar2": 1.8481837047e-17,
        "max": -2.79469454306e-13,
        "mean": -1.68308056381e-09,
        "median": -2.05573058576e-12,
        "min": -1.64308300299e-08,
        "stdev": 3.35857963663e-09,
        "var": 1.12800576998e-17
    },
    "spectral_energy": {
        "dmean": 0.00444219121709,
        "dmean2": 0.00777411228046,
        "dvar": 0.000107926302007,
        "dvar2": 0.000324031832861,
        "max": 0.0654163211584,
        "mean": 0.00940381363034,
        "median": 8.34976708575e-06,
        "min": 1.13804821922e-06,
        "stdev": 0.0179583802819,
        "var": 0.000322503416101
    },
    "spectral_energyband_high": {
        "dmean": 0.00176622299477,
        "dmean2": 0.00276322290301,
        "dvar": 2.23594033741e-05,
        "dvar2": 5.16752843396e-05,
        "max": 0.0458982549608,
        "mean": 0.00342079345137,
        "median": 2.85323665139e-07,
        "min": 5.50743308736e-08,
        "stdev": 0.00785010866821,
        "var": 6.16242105025e-05
    },
    "spectral_energyband_low": {
        "dmean": 0.00256513780914,
        "dmean2": 0.00487911235541,
        "dvar": 5.75846534048e-05,
        "dvar2": 0.000170893108589,
        "max": 0.0490214787424,
        "mean": 0.00334153231233,
        "median": 6.58519138597e-06,
        "min": 6.59968861783e-07,
        "stdev": 0.00796905718744,
        "var": 6.3505867729e-05
    },
    "spectral_energyband_middle_high": {
        "dmean": 0.000567189010326,
        "dmean2": 0.00088449055329,
        "dvar": 1.604732347e-06,
        "dvar2": 3.03930687551e-06,
        "max": 0.0123000228778,
        "mean": 0.00149906566367,
        "median": 2.56745749994e-07,
        "min": 5.01812031928e-08,
        "stdev": 0.00302214780822,
        "var": 9.13337771635e-06
    },
    "spectral_energyband_middle_low": {
        "dmean": 0.00114832189865,
        "dmean2": 0.00218557240441,
        "dvar": 6.5161184466e-06,
        "dvar2": 1.88057638297e-05,
        "max": 0.0133022777736,
        "mean": 0.00156429316849,
        "median": 7.89428156622e-07,
        "min": 2.67927021014e-07,
        "stdev": 0.00315519119613,
        "var": 9.95523168967e-06
    },
    "spectral_entropy": {
        "dmean": 0.168394222856,
        "dmean2": 0.284763246775,
        "dvar": 0.0324276685715,
        "dvar2": 0.0766938477755,
        "max": 8.86306190491,
        "mean": 8.25975513458,
        "median": 8.23290634155,
        "min": 7.57916402817,
        "stdev": 0.231303095818,
        "var": 0.0535011216998
    },
    "spectral_flux": {
        "dmean": 0.00915811210871,
        "dmean2": 0.014273581095,
        "dvar": 0.000681833189446,
        "dvar2": 0.00154494855087,
        "max": 0.235671535134,
        "mean": 0.0381130836904,
        "median": 0.00187511672266,
        "min": 0.000696700357366,
        "stdev": 0.0589840747416,
        "var": 0.00347912125289
    },
    "spectral_kurtosis": {
        "dmean": 0.775962233543,
        "dmean2": 1.24758708477,
        "dvar": 0.682704389095,
        "dvar2": 1.73903405666,
        "max": 6.26004505157,
        "mean": 2.43381905556,
        "median": 2.54445242882,
        "min": 0.267043590546,
        "stdev": 1.08654761314,
        "var": 1.18058562279
    },
    "spectral_rms": {
        "dmean": 0.000484659860376,
        "dmean2": 0.00082205486251,
        "dvar": 1.01519287909e-06,
        "dvar2": 2.76390460385e-06,
        "max": 0.00798879191279,
        "mean": 0.0015903620515,
        "median": 9.02488245629e-05,
        "min": 3.33210300596e-05,
        "stdev": 0.00257782801054,
        "var": 6.64519666316e-06
    },
    "spectral_rolloff": {
        "dmean": 1393.27783203,
        "dmean2": 2473.89599609,
        "dvar": 6149405.5,
        "dvar2": 14900952,
        "max": 13070.6542969,
        "mean": 2596.06518555,
        "median": 279.931640625,
        "min": 107.666015625,
        "stdev": 3907.05102539,
        "var": 15265047
    },
    "spectral_skewness": {
        "dmean": 0.161920785904,
        "dmean2": 0.256778240204,
        "dvar": 0.0286372974515,
        "dvar2": 0.0697618126869,
        "max": 1.94747650623,
        "mean": 1.34993684292,
        "median": 1.40491259098,
        "min": 0.697799086571,
        "stdev": 0.259448468685,
        "var": 0.0673135146499
    },
    "spectral_spread": {
        "dmean": 962475.875,
        "dmean2": 1552472.625,
        "dvar": 1.20459886592e+12,
        "dvar2": 3.6791713792e+12,
        "max": 11976921,
        "mean": 8585535,
        "median": 8849614,
        "min": 5232254,
        "stdev": 1327037.125,
        "var": 1.7610276864e+12
    },
    "spectral_strongpeak": {
        "dmean": 0.0472732149065,
        "dmean2": 0.0910244956613,
        "dvar": 0.00891265831888,
        "dvar2": 0.0287103615701,
        "max": 0.628995418549,
        "mean": 0.0757369399071,
        "median": 0.00857180263847,
        "min": 0,
        "stdev": 0.135974362493,
        "var": 0.0184890255332
    },
    "zerocrossingrate": {
        "dmean": 0.0163966044784,
        "dmean2": 0.0227966308594,
        "dvar": 0.000244381226366,
        "dvar2": 0.000331351388013,
        "max": 0.14208984375,
        "mean": 0.0852527171373,
        "median": 0.083740234375,
        "min": 0.02783203125,
        "stdev": 0.0230258535594,
        "var": 0.00053018995095
    },
    "barkbands": {
        "dmean": [1.81709692697e-05, 0.00143575051334, 0.00130321457982, 0.000808350450825, 0.00031673477497, 0.000104760692921, 0.000121513658087, 8.11727732071e-05, 6.97086870787e-05, 6.64244435029e-05, 6.21785075055e-05, 8.29075652291e-05, 5.91575189901e-05, 7.22171462257e-05, 9.07896683202e-05, 0.000101809506305, 5.20418507222e-05, 8.74067773111e-05, 0.000206936063478, 0.000275606900686, 0.000462272466393, 0.000406323437346, 0.000276704406133, 0.000329944276018, 0.000452235719422, 0.000488303077873, 5.95216552028e-05],
        "dmean2": [3.05472349282e-05, 0.00275317486376, 0.00240017077886, 0.0015819252003, 0.000602506217547, 0.00017968598695, 0.000188663121662, 0.000146538339322, 0.000118625248433, 0.000105966973933, 9.42356637097e-05, 0.00012629867706, 7.88694160292e-05, 0.000121179517009, 0.00016866203805, 0.000195151631488, 8.14618761069e-05, 0.000149037237861, 0.000369042420061, 0.00043780595297, 0.000733601744287, 0.000587595743127, 0.000466162891826, 0.000535227416549, 0.000736780348234, 0.000820702407509, 0.000107728956209],
        "dvar": [5.35604360863e-09, 1.90092014236e-05, 9.32530019782e-06, 3.69282201973e-06, 4.55960986301e-07, 5.97716933726e-08, 8.84656827793e-08, 4.62817908442e-08, 2.44775026914e-08, 2.29644889771e-08, 1.91905478175e-08, 5.51694050444e-08, 1.48990570992e-08, 3.79699294228e-08, 5.18360430135e-08, 9.05922448169e-08, 1.71662453141e-08, 4.36867644282e-08, 2.51857471767e-07, 4.3598515731e-07, 1.72869852122e-06, 9.60330794442e-07, 5.39181087333e-07, 1.10114854124e-06, 1.48069136685e-06, 2.12296640711e-06, 2.42837518982e-08],
        "dvar2": [1.428585783e-08, 5.7260174799e-05, 2.92420991173e-05, 1.06265606519e-05, 1.33785738399e-06, 1.52743453441e-07, 2.28207071018e-07, 1.22178136053e-07, 6.66089619017e-08, 5.33411466108e-08, 4.28997743995e-08, 1.41467708659e-07, 2.2383323639e-08, 1.15816966684e-07, 1.57835046366e-07, 2.66759400347e-07, 3.01088896038e-08, 9.55066425945e-08, 5.51820505734e-07, 1.05193396394e-06, 3.59489899893e-06, 2.06786398849e-06, 1.53031999162e-06, 3.20070694215e-06, 4.7128182814e-06, 5.53313066121e-06, 4.43754082369e-08],
        "max": [0.000539930653758, 0.0270514115691, 0.0174525678158, 0.00780754443258, 0.00435476843268, 0.00147401355207, 0.00202061631717, 0.00141046091449, 0.00100541824941, 0.00109099142719, 0.00124580354895, 0.00160577695351, 0.00143553351518, 0.00155336491298, 0.00132528657559, 0.00195577531122, 0.000999591778964, 0.00132357748225, 0.00338650867343, 0.00455088773742, 0.0102737806737, 0.00851813517511, 0.00548643385991, 0.00856693647802, 0.00779018178582, 0.0105162393302, 0.000934300303925],
        "mean": [1.57580925588e-05, 0.00137578428257, 0.00154647463933, 0.000678649055772, 0.000404355174396, 0.000142365825013, 0.000141370663187, 9.14400952752e-05, 7.83525465522e-05, 0.000101275036286, 0.000117121380754, 0.000113142879854, 0.000130965912831, 0.00010395017307, 0.000136947346618, 0.000116450028145, 0.000116755334602, 0.000146796068293, 0.0002739210031, 0.000325756234815, 0.000569678784814, 0.000543393136468, 0.000366240274161, 0.000488347723149, 0.000568838382605, 0.000594117445871, 0.000109891676402],
        "median": [1.22878498132e-06, 2.09753466152e-06, 3.81074301004e-06, 4.61035483568e-07, 2.17088370391e-07, 6.35856736153e-08, 5.20037097829e-08, 4.21243413484e-08, 4.93944156688e-08, 2.4260966569e-08, 3.09920196173e-08, 3.53458062818e-08, 2.20079758861e-08, 2.82943997121e-08, 3.00926359387e-08, 1.96429432719e-08, 2.38112818352e-08, 1.9257260675e-08, 2.10234141207e-08, 3.30699450046e-08, 4.12589500343e-08, 3.37332437539e-08, 3.01413649595e-08, 3.22982955936e-08, 4.88194231707e-08, 5.62935795756e-08, 5.69417863971e-08],
        "min": [1.77501711107e-08, 1.20288603966e-07, 2.91048195322e-07, 5.78608734259e-08, 3.66633514659e-08, 4.69055949637e-09, 3.34636496291e-09, 2.04222505573e-09, 8.8129121778e-09, 4.34757163603e-09, 3.32897420741e-09, 3.57213214564e-09, 3.18378989839e-09, 3.14208858931e-09, 4.65305305397e-09, 1.46845247073e-09, 1.5515281282e-09, 2.64364841129e-09, 2.2803130495e-09, 4.07807254632e-09, 7.54340323539e-09, 5.25411403274e-09, 4.80057193997e-09, 6.61968213578e-09, 8.22635115583e-09, 1.24845707106e-08, 9.50872536265e-09],
        "stdev": [6.17462646915e-05, 0.00392580637708, 0.00355343264528, 0.00172138086054, 0.000895760196727, 0.000302802684018, 0.000350764254108, 0.00023028824944, 0.000179518843652, 0.000222353686695, 0.00024854237563, 0.000292144104606, 0.000310421455652, 0.000244450784521, 0.00028864108026, 0.000292371842079, 0.000255481194472, 0.00033207051456, 0.000677978037857, 0.000824249756988, 0.00162871368229, 0.00140392337926, 0.000860811793245, 0.0012013243977, 0.00142924441025, 0.00158747006208, 0.000244346825639],
        "var": [3.81260090165e-09, 1.54119570652e-05, 1.26268841996e-05, 2.96315192827e-06, 8.02386296073e-07, 9.1689457804e-08, 1.23035562183e-07, 5.30326786929e-08, 3.22270174991e-08, 4.94411622753e-08, 6.17733064701e-08, 8.53481836316e-08, 9.6361482349e-08, 5.97561822246e-08, 8.33136724054e-08, 8.54812896023e-08, 6.52706475535e-08, 1.10270832465e-07, 4.59654216911e-07, 6.7938765369e-07, 2.65270841737e-06, 1.97100098376e-06, 7.40996938475e-07, 1.44318039474e-06, 2.0427396521e-06, 2.52006111623e-06, 5.97053642082e-08]
    },
    "erbbands": {
        "dmean": [0.0268836375326, 0.379441797733, 1.58981347084, 2.16948103905, 1.64995622635, 0.846052587032, 0.68725913763, 0.888536036015, 1.78907930851, 1.40569281578, 1.57040536404, 1.60788881779, 1.95825755596, 2.18222117424, 2.64984488487, 2.83820605278, 2.5781443119, 3.19045186043, 4.49928855896, 4.84935331345, 6.06880378723, 3.22650742531, 4.74014902115, 7.50517225266, 11.4292392731, 11.9237413406, 15.1049594879, 20.4930458069, 15.1691093445, 9.41424942017, 8.01884555817, 6.64257383347, 6.44308519363, 5.21820688248, 3.2149014473, 2.12707328796, 1.00109374523, 0.127907365561, 0.0112290941179, 0.000504808558617],
        "dmean2": [0.0508870892227, 0.726315140724, 2.9655020237, 4.10129642487, 3.17493391037, 1.54499328136, 1.09524226189, 1.51039302349, 2.85985946655, 2.19462442398, 2.59586620331, 2.73353147507, 3.09719824791, 3.08821797371, 3.82693862915, 4.03904104233, 3.63843107224, 5.09946298599, 8.38729763031, 8.6247549057, 11.0433797836, 5.02169322968, 6.77571201324, 13.5495281219, 20.5655879974, 19.3215560913, 25.1846122742, 31.4734535217, 23.7510490417, 13.0883407593, 13.4832935333, 11.3209533691, 11.2275104523, 9.09293937683, 5.69800424576, 3.66755485535, 1.68075847626, 0.220877096057, 0.0203395448625, 0.00076233613072],
        "dvar": [0.00799701269716, 1.22123873234, 14.0670995712, 24.1099128723, 14.761724472, 3.02829933167, 2.70046234131, 4.54682016373, 20.1228370667, 13.5985679626, 14.17902565, 13.5252189636, 26.6970386505, 21.321893692, 48.9257049561, 51.3559379578, 29.2014579773, 82.4328842163, 130.217300415, 120.095718384, 311.055541992, 61.0947265625, 106.25994873, 360.778045654, 789.516601562, 848.095581055, 1820.96447754, 3166.56103516, 1438.94128418, 494.658233643, 487.263549805, 382.151580811, 402.786010742, 219.172012329, 92.9915542603, 52.0434761047, 8.15745639801, 0.0993670448661, 0.000850214273669, 1.2804977132e-06],
        "dvar2": [0.0246824584901, 3.65324473381, 44.6763153076, 69.7895355225, 45.4445571899, 8.97587776184, 5.70571565628, 11.8179798126, 50.9844436646, 34.4211502075, 34.63123703, 36.0916213989, 72.1114883423, 40.3560409546, 112.841270447, 117.606887817, 45.305015564, 210.641204834, 416.588775635, 378.255554199, 877.638366699, 119.896583557, 211.956665039, 818.39654541, 1784.95532227, 2007.42907715, 3784.26123047, 6724.91796875, 3137.23779297, 1027.5625, 1451.4621582, 1039.15710449, 1204.07873535, 648.887573242, 284.828338623, 147.068618774, 21.2220973969, 0.198119923472, 0.00154821586329, 2.31801095651e-06],
        "max": [0.543221175671, 6.87518358231, 20.6630573273, 22.427444458, 24.4387874603, 9.08214473724, 9.68968105316, 13.99147892, 33.4489021301, 26.0740623474, 25.4448795319, 23.5701885223, 35.3594360352, 41.801448822, 59.0042114258, 64.1753005981, 61.1925201416, 91.6692962646, 75.5846481323, 63.8502082825, 121.285346985, 60.6049728394, 76.9165267944, 118.729125977, 191.569656372, 193.91645813, 301.647064209, 452.418457031, 301.71105957, 204.11567688, 159.858551025, 147.436965942, 163.635681152, 116.398544312, 67.9422912598, 53.048625946, 18.9411087036, 2.51823306084, 0.177716463804, 0.00798969063908],
        "mean": [0.0224980879575, 0.38038662076, 1.69819438457, 2.14550685883, 1.92391431332, 1.06320214272, 0.911884605885, 1.27696990967, 1.99843990803, 1.95891964436, 1.96209812164, 1.8108792305, 2.63184285164, 4.02992010117, 4.65500450134, 4.38703489304, 5.7463760376, 5.93238639832, 6.09471797943, 6.95357084274, 7.05548620224, 6.54852199554, 7.79126739502, 10.449467659, 15.4644727707, 14.8147954941, 19.1163597107, 24.7059364319, 19.9096126556, 14.1642427444, 10.0755290985, 8.65116882324, 9.1287689209, 6.33222770691, 4.12855100632, 2.50667786598, 1.15115451813, 0.207723587751, 0.0184099096805, 0.000748161925003],
        "median": [8.93810793059e-05, 0.000419613003032, 0.00335430540144, 0.0034421919845, 0.000732761691324, 0.000907036126591, 0.000655821466353, 0.000474396016216, 0.000730516389012, 0.000943525112234, 0.00110817747191, 0.00114625587594, 0.00112664431799, 0.000778524903581, 0.00139137753285, 0.00133606325835, 0.00104330736212, 0.00127514265478, 0.00199028360657, 0.00145665276796, 0.0010670768097, 0.00148124690168, 0.00112113426439, 0.000873160548508, 0.00127236614935, 0.00137225305662, 0.00155193556566, 0.00155564746819, 0.00123044895008, 0.000996979768388, 0.000813946011476, 0.000699018710293, 0.000607103924267, 0.000506644020788, 0.00037102951319, 0.000218940433115, 0.000113599686301, 4.13175548601e-05, 8.45698741614e-06, 7.59954446039e-07],
        "min": [3.88706121157e-06, 3.55632328137e-05, 0.00026367107057, 0.000835870450828, 0.000217151187826, 0.000120847857033, 4.19033312937e-05, 5.32576923433e-05, 4.52343592769e-05, 7.56245062803e-05, 0.000107759165985, 0.00017080330872, 0.00013597830548, 0.000123249017633, 9.39010787988e-05, 0.000166696088854, 0.000143906130688, 0.000223763141548, 0.000289960211376, 0.000136335074785, 8.60250220285e-05, 7.79511537985e-05, 0.000126252591144, 0.000165440811543, 0.000148488557898, 0.000184995369636, 0.000234538078075, 0.000295758072753, 0.000187349898624, 0.000137587456265, 0.000124872240121, 0.000101180332422, 0.000129241088871, 9.74993163254e-05, 6.32378214505e-05, 2.71574081125e-05, 2.78928582702e-05, 8.18745502329e-06, 1.33579419526e-06, 1.42075975873e-07],
        "stdev": [0.0734092593193, 1.04273366928, 4.10514116287, 4.93236541748, 4.44493246078, 2.25797247887, 2.09190487862, 2.70892596245, 5.06961536407, 4.56153440475, 4.66506242752, 4.24870300293, 6.12725019455, 8.43859577179, 10.6021299362, 10.7575206757, 13.3036994934, 14.362159729, 13.3951120377, 14.7141065598, 17.9597702026, 14.4245195389, 17.8506565094, 25.5076980591, 37.2191963196, 37.3096160889, 52.9643516541, 70.4863357544, 52.2408485413, 33.7812004089, 24.196264267, 21.3649559021, 22.9255695343, 16.6206874847, 10.6280879974, 7.12337446213, 3.07923388481, 0.49397701025, 0.0426282025874, 0.00173894956242],
        "var": [0.00538891972974, 1.08729350567, 16.8521823883, 24.3282299042, 19.7574234009, 5.09844017029, 4.37606620789, 7.33827972412, 25.7009983063, 20.807598114, 21.7628059387, 18.0514755249, 37.5431938171, 71.2098999023, 112.405151367, 115.724243164, 176.988418579, 206.271621704, 179.429031372, 216.504928589, 322.553375244, 208.066757202, 318.645965576, 650.64263916, 1385.26855469, 1392.00732422, 2805.22265625, 4968.32324219, 2729.10644531, 1141.16943359, 585.45916748, 456.461303711, 525.581726074, 276.247253418, 112.956245422, 50.7424659729, 9.48168087006, 0.244013279676, 0.00181716366205, 3.02394550999e-06]
    },
    "gfcc": {
        "mean": [-272.663879395, 22.2759380341, -53.8117485046, 30.0902881622, -30.9102630615, 19.7567405701, -23.0867786407, 7.99502849579, -22.5423221588, 3.8592543602, -19.9565258026, -3.03440761566, -16.4717178345],
        "cov": [[54746.0234375, -3481.66870117, -3337.27392578, 613.615844727, -2440.52905273, 204.026809692, -1126.89294434, 83.5936355591, -1116.5769043, 501.316589355, -42.3409385681, 453.191253662, -266.793701172], [-3481.66870117, 497.947479248, 202.476882935, -62.65990448, 176.901062012, -8.80809307098, 56.5044670105, -27.915014267, 55.2253494263, -11.6593055725, 39.0483932495, -16.7914199829, 9.48542499542], [-3337.27392578, 202.476882935, 486.000152588, 23.9543685913, 178.285705566, -31.4502716064, 62.4881134033, -0.464163780212, 64.140586853, -52.7233085632, -45.7104644775, -24.3926239014, 25.3406181335], [613.615844727, -62.65990448, 23.9543685913, 135.272735596, 18.6973190308, 18.2574043274, -10.6281375885, -10.6191997528, 4.67690706253, 23.0582847595, -19.0173740387, 12.6078023911, -0.473546624184], [-2440.52905273, 176.901062012, 178.285705566, 18.6973190308, 214.773696899, 29.5052089691, 67.8974685669, -10.0332555771, 78.4211120605, 1.51897120476, -16.5269432068, -12.4828042984, 1.24079203606], [204.026809692, -8.80809307098, -31.4502716064, 18.2574043274, 29.5052089691, 71.1375427246, 12.0024576187, 14.1782855988, 14.9055490494, 21.483297348, 4.62552833557, 4.42893123627, -9.77798366547], [-1126.89294434, 56.5044670105, 62.4881134033, -10.6281375885, 67.8974685669, 12.0024576187, 64.8873443604, 17.9222946167, 29.4978122711, -1.50260031223, 11.4807415009, -10.0080623627, 1.14482724667], [83.5936355591, -27.915014267, -0.464163780212, -10.6191997528, -10.0332555771, 14.1782855988, 17.9222946167, 42.4069595337, 6.5016450882, -0.489070981741, 11.8718147278, 0.222460836172, 4.68170690536], [-1116.5769043, 55.2253494263, 64.140586853, 4.67690706253, 78.4211120605, 14.9055490494, 29.4978122711, 6.5016450882, 61.0927810669, 4.60225391388, -2.64170098305, -4.95788955688, -3.82437062263], [501.316589355, -11.6593055725, -52.7233085632, 23.0582847595, 1.51897120476, 21.483297348, -1.50260031223, -0.489070981741, 4.60225391388, 62.8466377258, 8.28789615631, 16.7743721008, -1.436019063], [-42.3409385681, 39.0483932495, -45.7104644775, -19.0173740387, -16.5269432068, 4.62552833557, 11.4807415009, 11.8718147278, -2.64170098305, 8.28789615631, 57.3867797852, 5.75740242004, 2.07736802101], [453.191253662, -16.7914199829, -24.3926239014, 12.6078023911, -12.4828042984, 4.42893123627, -10.0080623627, 0.222460836172, -4.95788955688, 16.7743721008, 5.75740242004, 36.7154388428, 9.37337875366], [-266.793701172, 9.48542499542, 25.3406181335, -0.473546624184, 1.24079203606, -9.77798366547, 1.14482724667, 4.68170690536, -3.82437062263, -1.436019063, 2.07736802101, 9.37337875366, 33.8937530518]],
        "icov": [[0.000138398070703, 0.000321829633322, 0.000304451561533, -0.000390968983993, 0.000235729807173, -0.000167625548784, 0.000978016643785, -0.000854811107274, 0.0013590042945, -0.000473531254102, 0.000226619435125, -0.000776189612225, 0.00112834293395], [0.000321829633322, 0.00549250980839, -0.000823581474833, 0.00171045633033, -0.00334975728765, -0.000153272500029, 0.00384279503487, 0.00160181953106, 0.00394181720912, -0.00189898756798, -0.00516366725788, -0.00106504361611, 0.00233849370852], [0.000304451561533, -0.000823581474833, 0.00549261085689, -0.00281910528429, -0.0016278072726, 0.00250724074431, 0.000855621125083, -0.00496622594073, 0.00230710743926, 0.00187193334568, 0.00437734276056, -0.00143980304711, 0.000390540488297], [-0.000390968983993, 0.00171045633033, -0.00281910528429, 0.0118131497875, -0.00279543548822, -0.00198379927315, -0.000291738222586, 0.00612838473171, -0.00312031176873, -0.00225997529924, -0.00139021361247, 0.000466831435915, -0.00308178411797], [0.000235729807173, -0.00334975728765, -0.0016278072726, -0.00279543548822, 0.0218370445073, -0.00789404567331, -0.0120027037337, 0.00940836779773, -0.011910924688, -0.000568020273931, 0.00736095802858, -0.00167219212744, -0.00135668402072], [-0.000167625548784, -0.000153272500029, 0.00250724074431, -0.00198379927315, -0.00789404567331, 0.0231257881969, 0.00123471138068, -0.0108740441501, 0.000171312669409, -0.00334001658484, -0.000470202910947, -0.00044840874034, 0.00527267344296], [0.000978016643785, 0.00384279503487, 0.000855621125083, -0.000291738222586, -0.0120027037337, 0.00123471138068, 0.0426109395921, -0.0212599989027, 0.0110073080286, -0.0052005155012, -0.00813707057387, 0.000545097631402, 0.00964180752635], [-0.000854811107274, 0.00160181953106, -0.00496622594073, 0.00612838473171, 0.00940836779773, -0.0108740441501, -0.0212599989027, 0.0492411330342, -0.0179848689586, 0.00469955522567, -0.00742248538882, 0.00488555757329, -0.0156696587801], [0.0013590042945, 0.00394181720912, 0.00230710743926, -0.00312031176873, -0.011910924688, 0.000171312669409, 0.0110073080286, -0.0179848689586, 0.0483959838748, -0.00781466346234, 0.000702251272742, -0.00784683506936, 0.0176802501082], [-0.000473531254102, -0.00189898756798, 0.00187193334568, -0.00225997529924, -0.000568020273931, -0.00334001658484, -0.0052005155012, 0.00469955522567, -0.00781466346234, 0.0248903613538, -0.00140333094168, -0.00534787354991, -0.00430554104969], [0.000226619435125, -0.00516366725788, 0.00437734276056, -0.00139021361247, 0.00736095802858, -0.000470202910947, -0.00813707057387, -0.00742248538882, 0.000702251272742, -0.00140333094168, 0.0302238203585, -0.00552495894954, 0.000527049822267], [-0.000776189612225, -0.00106504361611, -0.00143980304711, 0.000466831435915, -0.00167219212744, -0.00044840874034, 0.000545097631402, 0.00488555757329, -0.00784683506936, -0.00534787354991, -0.00552495894954, 0.0416043996811, -0.0177692119032], [0.00112834293395, 0.00233849370852, 0.000390540488297, -0.00308178411797, -0.00135668402072, 0.00527267344296, 0.00964180752635, -0.0156696587801, 0.0176802501082, -0.00430554104969, 0.000527049822267, -0.0177692119032, 0.0475000478327]]
    },
    "melbands": {
        "dmean": [0.000335206481395, 0.000624132051598, 0.000337673671311, 7.95242303866e-05, 2.27331220231e-05, 2.00683207368e-05, 2.62833400484e-05, 1.64144421433e-05, 1.16590954349e-05, 1.02120393422e-05, 1.00220549939e-05, 8.64646335685e-06, 9.51609490585e-06, 9.46527325141e-06, 5.49911555936e-06, 6.49220783089e-06, 6.13279871686e-06, 7.29313660486e-06, 7.0585992944e-06, 6.18360763838e-06, 7.29636030883e-06, 2.765359568e-06, 4.96457141708e-06, 4.46071408078e-06, 6.14188184045e-06, 8.9679242592e-06, 7.83610812505e-06, 8.14572558738e-06, 8.54413428897e-06, 1.2449312635e-05, 1.16519877338e-05, 1.00195275081e-05, 5.76697811994e-06, 4.83784833705e-06, 4.81319966639e-06, 4.13332372773e-06, 4.15726208303e-06, 4.3340596676e-06, 4.71406247016e-06, 4.57667829323e-06],
        "dmean2": [0.000646073196549, 0.00120839942247, 0.000642654893454, 0.000153944012709, 3.77861069865e-05, 3.35001932399e-05, 4.1482544475e-05, 2.69653774012e-05, 1.80230545084e-05, 1.77030015038e-05, 1.59562277986e-05, 1.28711526486e-05, 1.32691302497e-05, 1.52129305206e-05, 7.28574605091e-06, 8.88222530193e-06, 1.01801479104e-05, 1.33854236992e-05, 1.28466363094e-05, 1.12083107524e-05, 1.28957781271e-05, 4.42842110715e-06, 7.34823061066e-06, 7.23397397451e-06, 1.12483348857e-05, 1.60710660566e-05, 1.40231904879e-05, 1.31458655233e-05, 1.43731540447e-05, 1.98642901523e-05, 1.76657777047e-05, 1.53795772349e-05, 8.52910670801e-06, 7.37088112146e-06, 8.14284703665e-06, 7.18961518942e-06, 7.06897753844e-06, 7.45076977182e-06, 8.64754656504e-06, 7.7870381574e-06],
        "dvar": [1.07506718905e-06, 2.75854222309e-06, 5.8883267684e-07, 3.10390610991e-08, 3.19747672783e-09, 2.07644945682e-09, 4.18247569911e-09, 1.95375982059e-09, 5.98804617002e-10, 5.64868429809e-10, 7.07755520857e-10, 3.60295820956e-10, 4.78614203825e-10, 8.11688605218e-10, 1.56950466512e-10, 1.93877330856e-10, 3.1240063314e-10, 3.30450361519e-10, 2.97941921135e-10, 2.2633514507e-10, 4.56853943565e-10, 4.56976331775e-11, 1.51506404644e-10, 9.27041360343e-11, 2.52587090133e-10, 5.2845788856e-10, 3.6439221085e-10, 4.22026191771e-10, 5.79004955092e-10, 1.27075650003e-09, 9.75520886293e-10, 6.11147632501e-10, 2.14852732827e-10, 1.40870010101e-10, 1.79477710471e-10, 1.37135872103e-10, 1.46075207486e-10, 1.79606773898e-10, 2.15417822469e-10, 1.56799073725e-10],
        "dvar2": [3.30849752572e-06, 8.26608811622e-06, 1.73023238403e-06, 8.78044659203e-08, 7.09150338452e-09, 5.39838485025e-09, 1.06517674681e-08, 4.98660757131e-09, 1.40717193453e-09, 1.51972856521e-09, 1.96309835054e-09, 7.05738301132e-10, 1.03355135561e-09, 2.17776041644e-09, 2.89293811129e-10, 3.22711246614e-10, 8.33722757498e-10, 1.08059206028e-09, 9.14100684035e-10, 7.20294157652e-10, 1.2623698753e-09, 8.54538731443e-11, 2.84280210483e-10, 2.31725194588e-10, 5.91459492494e-10, 1.15308318449e-09, 8.98462360066e-10, 9.70639790765e-10, 1.17274923106e-09, 2.81772338795e-09, 2.05932160213e-09, 1.4789868219e-09, 3.73042041701e-10, 3.2220665025e-10, 5.55309354056e-10, 3.79995451771e-10, 3.90619592228e-10, 5.25498866644e-10, 6.66044552844e-10, 4.58826809879e-10],
        "max": [0.00624678749591, 0.0102144982666, 0.00391179462895, 0.00116868014447, 0.000344377796864, 0.000300905114273, 0.000468424230348, 0.000320084975101, 0.000168651269632, 0.000153722343384, 0.000181724040885, 0.000167882230016, 0.000177186215296, 0.000200894777663, 0.000147709957673, 0.000150875392137, 0.000168487167684, 0.000119864540466, 0.00011069921311, 9.012468945e-05, 0.000148963110405, 5.26920193806e-05, 9.01487510419e-05, 6.95183480275e-05, 9.09168375074e-05, 0.000158787457622, 0.000112949353934, 0.000136625851155, 0.000159447648912, 0.00027907936601, 0.000252202822594, 0.000191671453649, 0.000126573024318, 0.000103558639239, 9.45536230574e-05, 8.2300080976e-05, 9.27561777644e-05, 0.000112547437311, 0.000111431370897, 9.6322146419e-05],
        "mean": [0.000291054195259, 0.000751159852371, 0.000367498374544, 0.000104673228634, 3.24603897752e-05, 2.87889124593e-05, 3.01668133034e-05, 2.15116815525e-05, 1.51703998199e-05, 1.11451345219e-05, 1.31436208903e-05, 1.59900610015e-05, 1.63470176631e-05, 1.22346827993e-05, 1.12449097287e-05, 1.40878628372e-05, 1.03280362964e-05, 9.10421567824e-06, 1.06362876977e-05, 7.86536929809e-06, 8.35425453261e-06, 6.46071339361e-06, 7.3770115705e-06, 6.82120253259e-06, 8.18742319098e-06, 1.20194272313e-05, 1.03453621705e-05, 9.6508911156e-06, 1.09326283564e-05, 1.430282191e-05, 1.42357166624e-05, 1.18593661682e-05, 9.24060896068e-06, 7.18040973879e-06, 5.73008992433e-06, 5.42930365555e-06, 5.15444344273e-06, 6.47359138384e-06, 5.71721147935e-06, 5.31635168954e-06],
        "median": [7.53740380333e-07, 1.30318039737e-06, 5.38627887181e-07, 5.187094132e-08, 2.72633506881e-08, 1.0628156133e-08, 1.07351070255e-08, 1.02475627983e-08, 8.46439007773e-09, 7.06079728019e-09, 4.92512963746e-09, 2.93044255528e-09, 4.60059590424e-09, 3.8703955596e-09, 2.735446758e-09, 1.89103688264e-09, 2.42963382746e-09, 3.18680792866e-09, 2.10686001978e-09, 1.5356805827e-09, 1.26841137593e-09, 1.49039836028e-09, 1.18562881735e-09, 8.22211410068e-10, 6.73834543718e-10, 9.83817249889e-10, 1.0602245748e-09, 8.68501492945e-10, 9.19545606326e-10, 1.14305565013e-09, 9.10315434144e-10, 6.38669339637e-10, 6.35148600381e-10, 4.8591625168e-10, 4.7497633604e-10, 3.94665411463e-10, 4.36420399819e-10, 3.82978815328e-10, 4.52237525206e-10, 4.43724695876e-10],
        "min": [3.93904642237e-08, 1.17607790173e-07, 1.41772574125e-07, 6.87519730036e-09, 2.39513520128e-09, 1.11999365338e-09, 4.79274175902e-10, 7.7212458649e-10, 6.86277867867e-10, 1.10463449499e-09, 4.53771686892e-10, 4.84881912399e-10, 3.74299091721e-10, 3.26044385934e-10, 3.68196501066e-10, 3.60057428317e-10, 3.66619734571e-10, 4.80960715699e-10, 3.11610098835e-10, 1.10498395156e-10, 9.78580272371e-11, 8.63640756132e-11, 7.87128140445e-11, 1.32661603924e-10, 1.3576297031e-10, 7.39333247401e-11, 1.31315777696e-10, 1.13026796256e-10, 9.63541052501e-11, 1.46114190192e-10, 1.65037275512e-10, 1.12034992394e-10, 8.24325954718e-11, 7.39602060151e-11, 6.15800604953e-11, 8.58805526693e-11, 5.22651574797e-11, 7.40688899104e-11, 9.81633732633e-11, 8.49772821554e-11],
        "stdev": [0.000881481042597, 0.00181134289596, 0.00081950367894, 0.000231525860727, 7.27630394977e-05, 6.01715000812e-05, 7.51591360313e-05, 5.16137806699e-05, 3.43447682098e-05, 2.66051829385e-05, 3.07247428282e-05, 3.36049961334e-05, 3.64959414583e-05, 3.21134502883e-05, 2.63756010099e-05, 3.37569144904e-05, 2.53938978858e-05, 2.0560093617e-05, 2.22751732508e-05, 1.75231962203e-05, 2.183878496e-05, 1.39113872137e-05, 1.86248453247e-05, 1.5340405298e-05, 2.03521485673e-05, 3.03489723592e-05, 2.41067991738e-05, 2.55325448961e-05, 3.01313157252e-05, 4.17704795836e-05, 4.0139984776e-05, 3.18418860843e-05, 2.31184130826e-05, 1.68658516486e-05, 1.39831990964e-05, 1.31172091642e-05, 1.30232492666e-05, 1.6051084458e-05, 1.50705918713e-05, 1.41979144246e-05],
        "var": [7.77008835939e-07, 3.28096325575e-06, 6.71586292356e-07, 5.3604221506e-08, 5.29445998154e-09, 3.62060958992e-09, 5.64889601762e-09, 2.66398236803e-09, 1.17956311385e-09, 7.07835789981e-10, 9.44009870274e-10, 1.12929576801e-09, 1.33195365848e-09, 1.03127362205e-09, 6.95672297546e-10, 1.13952935976e-09, 6.44850006726e-10, 4.22717416626e-10, 4.96183316656e-10, 3.07062431038e-10, 4.76932493498e-10, 1.9352669467e-10, 3.46884854174e-10, 2.35328034837e-10, 4.14209971877e-10, 9.21060172576e-10, 5.81137804545e-10, 6.51910803118e-10, 9.07896147151e-10, 1.74477299275e-09, 1.61121826991e-09, 1.01390562612e-09, 5.34461030988e-10, 2.84456930233e-10, 1.95529856195e-10, 1.72061170867e-10, 1.69605010591e-10, 2.57637328138e-10, 2.27122751162e-10, 2.01580779846e-10]
    },
    "melbands128": {
