{
"lowlevel": {
    "average_loudness": 0.446317315102,
    "barkbands_crest": {
        "dmean": 3.75962471962,
        "dmean2": 6.17549562454,
        "dvar": 13.0398035049,
        "dvar2": 34.544921875,
        "max": 26.2963924408,
        "mean": 14.3191699982,
        "median": 13.0965108871,
        "min": 4.05669641495,
        "stdev": 5.42956590652,
        "var": 29.4801883698
    },
    "barkbands_flatness_db": {
        "dmean": 0.0425112806261,
        "dmean2": 0.06849655509,
        "dvar": 0.00195707124658,
        "dvar2": 0.00489443074912,
        "max": 0.50507581234,
        "mean": 0.244503185153,
        "median": 0.22773642838,
        "min": 0.0590685158968,
        "stdev": 0.06789752841,
        "var": 0.00461007468402
    },
    "barkbands_kurtosis": {
        "dmean": 22.6857967377,
        "dmean2": 37.8883972168,
        "dvar": 3322.8215332,
        "dvar2": 8400.41796875,
        "max": 513.211730957,
        "mean": 29.1822471619,
        "median": 14.6095428467,
        "min": -1.01940214634,
        "stdev": 67.1893310547,
        "var": 4514.40576172
    },
    "barkbands_skewness": {
        "dmean": 1.26798176765,
        "dmean2": 2.04571580887,
        "dvar": 3.53384256363,
        "dvar2": 8.76976966858,
        "max": 17.8515052795,
        "mean": 3.00838875771,
        "median": 2.79074215889,
        "min": -1.06586682796,
        "stdev": 2.88393521309,
        "var": 8.31708240509
    },
    "barkbands_spread": {
        "dmean": 2.48139810562,
        "dmean2": 3.78593158722,
        "dvar": 57.8974151611,
        "dvar2": 76.6077194214,
        "max": 97.862701416,
        "mean": 5.96385574341,
        "median": 4.76188564301,
        "min": 0.166776493192,
        "stdev": 7.69513559341,
        "var": 59.2151107788
    },
    "dissonance": {
        "dmean": 0.0313093103468,
        "dmean2": 0.0532904341817,
        "dvar": 0.000894160591997,
        "dvar2": 0.00239344406873,
        "max": 0.494896054268,
        "mean": 0.436616510153,
        "median": 0.448121994734,
        "min": 0.230746120214,
        "stdev": 0.0439137555659,
        "var": 0.00192841805983
    },
    "dynamic_complexity": 25.9723796844,
    "erbbands_crest": {
        "dmean": 2.84808373451,
        "dmean2": 4.64388847351,
        "dvar": 5.82941246033,
        "dvar2": 14.8111829758,
        "max": 23.0738353729,
        "mean": 12.7983665466,
        "median": 12.5979137421,
        "min": 3.72377824783,
        "stdev": 3.79020929337,
        "var": 14.3656864166
    },
    "erbbands_flatness_db": {
        "dmean": 0.0177724640816,
        "dmean2": 0.0265527758747,
        "dvar": 0.000367588625522,
        "dvar2": 0.000731216860004,
        "max": 0.409580111504,
        "mean": 0.180989354849,
        "median": 0.15193913877,
        "min": 0.0593578070402,
        "stdev": 0.0681941509247,
        "var": 0.00465044239536
    },
    "erbbands_kurtosis": {
        "dmean": 1.43446791172,
        "dmean2": 2.33023548126,
        "dvar": 2.40137791634,
        "dvar2": 6.72897386551,
        "max": 11.5058698654,
        "mean": 2.93270564079,
        "median": 2.64200615883,
        "min": -1.20491456985,
        "stdev": 2.05725669861,
        "var": 4.23230552673
    },
    "erbbands_skewness": {
        "dmean": 0.342182934284,
        "dmean2": 0.54493200779,
        "dvar": 0.135607346892,
        "dvar2": 0.312433212996,
        "max": 2.92642474174,
        "mean": 1.10745787621,
        "median": 1.29724919796,
        "min": -0.882438540459,
        "stdev": 0.781022250652,
        "var": 0.609995722771
    },
    "erbbands_spread": {
        "dmean": 4.64940881729,
        "dmean2": 7.55117607117,
        "dvar": 31.0389766693,
        "dvar2": 82.7046737671,
        "max": 74.2842788696,
        "mean": 20.9148159027,
        "median": 20.1490573883,
        "min": 4.19261217117,
        "stdev": 9.45225334167,
        "var": 89.3451004028
    },
    "hfc": {
        "dmean": 1.12512493134,
        "dmean2": 1.02786970139,
        "dvar": 7.97142124176,
        "dvar2": 6.97216558456,
        "max": 81.4088973999,
        "mean": 8.61165332794,
        "median": 0.00413795327768,
        "min": 6.96045177051e-08,
        "stdev": 18.4663200378,
        "var": 341.005004883
    },
    "loudness_ebu128": {
        "integrated": -4.26312589645,
        "loudness_range": 8.59584236145,
        "momentary": {
            "dmean": 2.03999781609,
            "dmean2": 1.8612651825,
            "dvar": 20.3521080017,
            "dvar2": 14.7142572403,
            "max": -1.86671745777,
            "mean": -27.326171875,
            "median": -37.2894134521,
            "min": -40.3200531006,
            "stdev": 15.5550174713,
            "var": 241.958557129
        },
        "short_term": {
            "dmean": 0.865371823311,
            "dmean2": 0.271278560162,
            "dvar": 1.06388056278,
            "dvar2": 0.12209661305,
            "max": -7.88566589355,
            "mean": -10.4686985016,
            "median": -8.67013645172,
            "min": -20.0008716583,
            "stdev": 3.61127829552,
            "var": 13.0413312912
        }
    },
    "melbands_crest": {
        "dmean": 3.96925163269,
        "dmean2": 6.43719244003,
        "dvar": 18.2246208191,
        "dvar2": 47.6248245239,
        "max": 39.1257400513,
        "mean": 18.9059181213,
        "median": 17.7998886108,
        "min": 4.46214818954,
        "stdev": 7.39850187302,
        "var": 54.737827301
    },
    "melbands_flatness_db": {
        "dmean": 0.0328860580921,
        "dmean2": 0.0488123707473,
        "dvar": 0.00163830630481,
        "dvar2": 0.00335799762979,
        "max": 0.544225633144,
        "mean": 0.324449568987,
        "median": 0.336026370525,
        "min": 0.0576658174396,
        "stdev": 0.0748727172613,
        "var": 0.00560592394322
    },
    "melbands_kurtosis": {
        "dmean": 12.8971557617,
        "dmean2": 18.0918807983,
        "dvar": 885.063171387,
        "dvar2": 1668.0168457,
        "max": 315.125213623,
        "mean": 21.2078590393,
        "median": 13.8464641571,
        "min": -0.863988399506,
        "stdev": 40.727848053,
        "var": 1658.75756836
    },
    "melbands_skewness": {
        "dmean": 0.867600440979,
        "dmean2": 1.24208068848,
        "dvar": 1.49367785454,
        "dvar2": 2.97005486488,
        "max": 13.4541130066,
        "mean": 2.73802065849,
        "median": 2.6313149929,
        "min": -0.683488309383,
        "stdev": 2.1481153965,
        "var": 4.61439990997
    },
    "melbands_spread": {
        "dmean": 2.69753146172,
        "dmean2": 3.68743658066,
        "dvar": 126.27256012,
        "dvar2": 141.012649536,
        "max": 152.129241943,
        "mean": 8.43137550354,
        "median": 4.85815238953,
        "min": 0.334161072969,
        "stdev": 12.7005672455,
        "var": 161.304412842
    },
    "pitch_salience": {
        "dmean": 0.0954031199217,
        "dmean2": 0.156228616834,
        "dvar": 0.00861677061766,
        "dvar2": 0.0213763788342,
        "max": 0.874751389027,
        "mean": 0.492718875408,
        "median": 0.498039245605,
        "min": 0.0389278307557,
        "stdev": 0.189644232392,
        "var": 0.0359649322927
    },
    "silence_rate_20dB": {
        "dmean": 0,
        "dmean2": 0,
        "dvar": 0,
        "dvar2": 0,
        "max": 1,
        "mean": 1,
        "median": 1,
        "min": 1,
        "stdev": 0,
        "var": 0
    },
    "silence_rate_30dB": {
        "dmean": 0,
        "dmean2": 0,
        "dvar": 0,
        "dvar2": 0,
        "max": 1,
        "mean": 1,
        "median": 1,
        "min": 1,
        "stdev": 0,
        "var": 0
    },
    "silence_rate_60dB": {
        "dmean": 0.0105820102617,
        "dmean2": 0.021276595071,
        "dvar": 0.0104700084776,
        "dvar2": 0.0208239313215,
        "max": 1,
        "mean": 0.75789475441,
        "median": 1,
        "min": 0,
        "stdev": 0.428358018398,
        "var": 0.183490589261
    },
    "spectral_centroid": {
        "dmean": 93.8284988403,
        "dmean2": 126.771881104,
        "dvar": 77353.53125,
        "dvar2": 113986.679688,
        "max": 3914.93115234,
        "mean": 597.738464355,
        "median": 406.004943848,
        "min": 270.342010498,
        "stdev": 487.702789307,
        "var": 237854.015625
    },
    "spectral_complexity": {
        "dmean": 0.708994686604,
        "dmean2": 0.957446813583,
        "dvar": 3.98410463333,
        "dvar2": 8.81736755371,
        "max": 28,
        "mean": 3.41052627563,
        "median": 0,
        "min": 0,
        "stdev": 7.10818529129,
        "var": 50.5262985229
    },
    "spectral_decrease": {
        "dmean": 2.37055486352e-10,
        "dmean2": 2.63942784295e-10,
        "dvar": 4.05015079963e-19,
        "dvar2": 4.57727216196e-19,
        "max": -6.59372756431e-19,
        "mean": -2.12180273351e-09,
        "median": -1.47360665337e-11,
        "min": -1.46979601823e-08,
        "stdev": 4.0919143629e-09,
        "var": 1.67437634895e-17
    },
    "spectral_energy": {
        "dmean": 0.00096310407389,
        "dmean2": 0.00107064167969,
        "dvar": 6.57375085211e-06,
        "dvar2": 7.30809733795e-06,
        "max": 0.0601356290281,
        "mean": 0.00878926366568,
        "median": 5.59453983442e-05,
        "min": 8.80196610042e-12,
        "stdev": 0.0169356055558,
        "var": 0.000286814756691
    },
    "spectral_energyband_high": {
        "dmean": 2.03971358133e-05,
        "dmean2": 2.30542518693e-05,
        "dvar": 4.91875873365e-09,
        "dvar2": 5.68028557524e-09,
        "max": 0.00134948140476,
        "mean": 7.76411470724e-05,
        "median": 2.76489870998e-08,
        "min": 5.10118466565e-12,
        "stdev": 0.000247894233325,
        "var": 6.14515442976e-08
    },
    "spectral_energyband_low": {
        "dmean": 3.59796213161e-05,
        "dmean2": 6.02079926466e-05,
        "dvar": 3.67246233424e-09,
        "dvar2": 9.37701472026e-09,
        "max": 0.000591471500229,
        "mean": 4.72863976029e-05,
        "median": 2.09807840292e-05,
        "min": 1.33950500431e-12,
        "stdev": 6.83813195792e-05,
        "var": 4.67600536069e-09
    },
    "spectral_energyband_middle_high": {
        "dmean": 0.000594228273258,
        "dmean2": 0.000551052042283,
        "dvar": 2.39873975261e-06,
        "dvar2": 2.10753864849e-06,
        "max": 0.0415964499116,
        "mean": 0.00456719193608,
        "median": 3.71532962617e-07,
        "min": 1.12871138217e-12,
        "stdev": 0.0101757589728,
        "var": 0.00010354607366
    },
    "spectral_energyband_middle_low": {
        "dmean": 0.000618577876594,
        "dmean2": 0.000813551829197,
        "dvar": 5.21434276379e-06,
        "dvar2": 6.75377486914e-06,
        "max": 0.0347159840167,
        "mean": 0.00407369807363,
        "median": 5.46005594515e-06,
        "min": 2.40013765156e-13,
        "stdev": 0.00905754417181,
        "var": 8.20390996523e-05
    },
    "spectral_entropy": {
        "dmean": 0.202195987105,
        "dmean2": 0.299364745617,
        "dvar": 0.0586307533085,
        "dvar2": 0.117636352777,
        "max": 9.0139093399,
        "mean": 6.94304895401,
        "median": 6.99255275726,
        "min": 4.39887857437,
        "stdev": 0.528739213943,
        "var": 0.279565185308
    },
    "spectral_flux": {
        "dmean": 0.00889789219946,
        "dmean2": 0.0142114749178,
        "dvar": 0.000291618693154,
        "dvar2": 0.000644365733024,
        "max": 0.234376177192,
        "mean": 0.0285682510585,
        "median": 0.00470528844744,
        "min": 0.00118968263268,
        "stdev": 0.0495266839862,
        "var": 0.00245289248414
    },
    "spectral_kurtosis": {
        "dmean": 2.99539589882,
        "dmean2": 5.10050439835,
        "dvar": 34.4622116089,
        "dvar2": 83.0761489868,
        "max": 70.779510498,
        "mean": 11.7164926529,
        "median": 10.010269165,
        "min": 0.731680393219,
        "stdev": 8.36763095856,
        "var": 70.017250061
    },
    "spectral_rms": {
        "dmean": 0.00017749107792,
        "dmean2": 0.000248750147875,
        "dvar": 1.42728609376e-07,
        "dvar2": 1.74531336938e-07,
        "max": 0.00765956286341,
        "mean": 0.00157239416149,
        "median": 0.000233624508837,
        "min": 9.26676051449e-08,
        "stdev": 0.00247031752951,
        "var": 6.10246888755e-06
    },
    "spectral_rolloff": {
        "dmean": 207.8125,
        "dmean2": 285.314941406,
        "dvar": 1488597.875,
        "dvar2": 1505376,
        "max": 16882.03125,
        "mean": 574.936584473,
        "median": 301.46484375,
        "min": 21.533203125,
        "stdev": 1322.73974609,
        "var": 1749640.375
    },
    "spectral_skewness": {
        "dmean": 0.29230222106,
        "dmean2": 0.48549720645,
        "dvar": 0.183569133282,
        "dvar2": 0.415493488312,
        "max": 6.9205327034,
        "mean": 2.68227314949,
        "median": 2.66204738617,
        "min": 0.925335407257,
        "stdev": 0.733666777611,
        "var": 0.538266897202
    },
    "spectral_spread": {
        "dmean": 462456.15625,
        "dmean2": 701410.625,
        "dvar": 955258109952,
        "dvar2": 1.25521651302e+12,
        "max": 17766872,
        "mean": 3963470.75,
        "median": 4084264.5,
        "min": 1490784.5,
        "stdev": 1396233.375,
        "var": 1.94946767258e+12
    },
    "spectral_strongpeak": {
        "dmean": 0.280085146427,
        "dmean2": 0.445689678192,
        "dvar": 0.529084682465,
        "dvar2": 1.17837572098,
        "max": 9.28204059601,
        "mean": 0.759078979492,
        "median": 0.00182948086876,
        "min": 0,
        "stdev": 1.68208682537,
        "var": 2.82941603661
    },
    "zerocrossingrate": {
        "dmean": 0.00706070195884,
        "dmean2": 0.00751641439274,
        "dvar": 0.000787864846643,
        "dvar2": 0.000508629076649,
        "max": 0.494140625,
        "mean": 0.0253263767809,
        "median": 0.0185546875,
        "min": 0.00048828125,
        "stdev": 0.0382211394608,
        "var": 0.00146085536107
    },
    "barkbands": {
        "dmean": [9.48706074269e-05, 6.80371113049e-06, 2.55790178016e-06, 4.8082442845e-06, 0.000356829550583, 0.000313361233566, 6.30194263067e-05, 0.000165569697856, 0.000271919969236, 0.000198751906282, 0.000311063689878, 0.000137123279274, 0.000335364573402, 0.000294670317089, 0.000311456271447, 0.000148379898746, 5.6004650105e-05, 1.82058502105e-05, 1.40049660331e-05, 1.67033176695e-05, 1.18457583085e-05, 9.04922490008e-06, 2.06841264117e-06, 9.81861717264e-07, 3.64765156746e-07, 2.13854661979e-07, 1.8022541326e-07],
        "dmean2": [0.000156227921252, 1.18709667731e-05, 4.17483806814e-06, 7.54294615035e-06, 0.000355336233042, 0.000336011435138, 6.20286082267e-05, 0.000166410129168, 0.000319779443089, 0.000242822148721, 0.000245799659751, 0.000158046474098, 0.000392729853047, 0.000374162365915, 0.000343973835697, 0.000150737992954, 5.50144686713e-05, 2.48360083788e-05, 1.80372771865e-05, 2.21392783715e-05, 1.3277479411e-05, 1.38764626172e-05, 2.98851591651e-06, 1.33597438889e-06, 5.5094955087e-07, 3.0181109878e-07, 2.81379499256e-07],
        "dvar": [2.59154404603e-08, 1.42872796927e-10, 1.36993741004e-11, 2.7067389996e-10, 2.92268555313e-06, 9.42916130953e-07, 4.78772825829e-08, 2.63975181269e-07, 1.09764152967e-06, 3.08578876229e-07, 1.53485336796e-06, 1.68121857769e-07, 1.56389035055e-06, 1.21686400689e-06, 1.60678393968e-06, 3.98628998255e-07, 3.95300361333e-08, 3.54116669321e-09, 3.59433438568e-09, 6.66507427027e-09, 1.9441721566e-09, 1.32967115096e-09, 1.02749031505e-10, 1.07175527134e-11, 1.04108963204e-12, 4.85938166876e-13, 3.42254301072e-13],
        "dvar2": [6.53872049838e-08, 3.97029104038e-10, 4.48266007647e-11, 4.69350391885e-10, 3.1944116472e-06, 9.53948983806e-07, 4.90256155672e-08, 2.74446051662e-07, 2.20286483454e-06, 3.99848573807e-07, 9.88904503174e-07, 1.96773100924e-07, 1.8507258801e-06, 2.18706009036e-06, 1.3312721876e-06, 5.65633342831e-07, 4.51774333499e-08, 6.88198120713e-09, 6.27333784919e-09, 9.73293268203e-09, 2.11134243422e-09, 3.37016126117e-09, 1.68748418017e-10, 2.19139741076e-11, 2.21065917308e-12, 8.27074791033e-13, 8.46629678256e-13],
        "max": [0.00143628160004, 9.18498190003e-05, 3.83451952075e-05, 0.000239046203205, 0.0303266718984, 0.0152458352968, 0.00465918332338, 0.012069741264, 0.0137661378831, 0.0102102160454, 0.0259315185249, 0.00632165605202, 0.0184743888676, 0.0138432700187, 0.020244019106, 0.0105733918026, 0.00310843461193, 0.000826676434372, 0.000918693665881, 0.0012174306903, 0.000901580380742, 0.000580133870244, 0.000144181438372, 5.21864058101e-05, 1.86366705748e-05, 1.23143718156e-05, 8.8373417384e-06],
        "mean": [0.000101532285044, 7.74981435825e-06, 5.79937750445e-06, 6.01026613367e-06, 0.00126906612422, 0.00122521875892, 0.000252984493272, 0.000557278399356, 0.000679890392348, 0.000640862155706, 0.000829048512969, 0.000385556108085, 0.000808717450127, 0.000682952755596, 0.000764109950978, 0.000315763289109, 0.000101870355138, 3.40447513736e-05, 2.75179409073e-05, 3.13111231662e-05, 3.51104135916e-05, 1.76067132998e-05, 4.10703660236e-06, 2.2559286208e-06, 1.44615307818e-06, 8.74120360095e-07, 4.94418145536e-07],
        "median": [2.62111552729e-05, 4.38241841039e-06, 5.07244612891e-06, 4.25524774528e-07, 1.12432144306e-06, 3.23496101373e-06, 4.78938204651e-07, 1.31255575297e-07, 1.7474151548e-07, 1.73993754515e-07, 7.00279656485e-08, 4.41868834855e-08, 4.1451055921e-08, 2.7875781683e-08, 2.27046808021e-08, 1.78909367321e-08, 1.15184741745e-08, 8.08572409028e-09, 6.5543899197e-09, 5.78910874793e-09, 5.3262678712e-09, 3.33334559954e-09, 2.66290856032e-09, 3.22047077894e-09, 3.72131792048e-09, 3.69846575587e-09, 4.29607904806e-09],
        "min": [1.1599351037e-12, 6.57659690595e-13, 1.05260445542e-13, 6.77990378683e-14, 4.76322201625e-14, 5.34326103057e-14, 1.47086424258e-14, 1.88285310601e-14, 1.13775701642e-14, 8.47180940851e-14, 3.04646038214e-14, 4.93112834094e-14, 1.45325402103e-13, 4.95722203792e-14, 7.33136560358e-14, 8.18786702393e-14, 4.16387031191e-14, 2.72476296083e-13, 1.94098819591e-13, 4.67192582364e-13, 2.87495802989e-13, 4.91530806942e-13, 5.50603291259e-13, 5.36848723028e-13, 4.41552854393e-13, 1.05699173372e-12, 1.49286431741e-12],
        "stdev": [0.000184913151315, 1.12167899715e-05, 4.90139109388e-06, 2.46619947575e-05, 0.0049962811172, 0.003354185028, 0.000886987254489, 0.00200680666603, 0.00215573213063, 0.00175847660284, 0.00376998074353, 0.00108579581138, 0.0027159943711, 0.00224529113621, 0.00288459518924, 0.00122623622883, 0.000391625799239, 0.000102044381492, 0.000109183733002, 0.000129870997625, 0.000129002888571, 6.74520342727e-05, 1.55405996338e-05, 7.48327602196e-06, 3.63904609912e-06, 2.52939071288e-06, 1.47509058479e-06],
        "var": [3.41928760861e-08, 1.25816385088e-10, 2.40236337767e-11, 6.08213979181e-10, 2.4962822863e-05, 1.12505576908e-05, 7.86746397807e-07, 4.02727300752e-06, 4.64718095827e-06, 3.0922399219e-06, 1.42127555591e-05, 1.17895262974e-06, 7.37662503525e-06, 5.04133276991e-06, 8.32088880998e-06, 1.50365542595e-06, 1.53370763201e-07, 1.04130553069e-08, 1.19210881167e-08, 1.68664744393e-08, 1.66417457592e-08, 4.54977655551e-09, 2.41510228483e-10, 5.59994169091e-11, 1.3242656971e-11, 6.39781717188e-12, 2.17589227886e-12]
    },
    "erbbands": {
        "dmean": [0.000584695371799, 0.000898404163308, 0.00244665751234, 0.00862145237625, 0.0457167699933, 1.03827428818, 3.55902671814, 2.03402495384, 0.892991781235, 1.19345796108, 4.80500125885, 6.18855476379, 5.16740083694, 10.7663106918, 7.68846988678, 5.11632061005, 16.1881542206, 15.9007549286, 10.9289293289, 13.7621097565, 4.67921447754, 3.24642968178, 1.07727813721, 0.622146070004, 0.741851508617, 0.672477662563, 0.463054805994, 0.518937587738, 0.283693820238, 0.0975796356797, 0.0549282208085, 0.0205476172268, 0.015532891266, 0.00500980531797, 0.00297906948254, 0.000870100979228, 0.000558137951884, 0.000187597732292, 2.58674499491e-05, 3.25833480019e-06],
        "dmean2": [0.000999937416054, 0.00159978552256, 0.00399468978867, 0.0126792751253, 0.0659368559718, 1.07179450989, 4.42228746414, 1.85030138493, 1.04009485245, 1.0260103941, 4.69689416885, 7.294069767, 5.2294254303, 7.45738697052, 5.90247154236, 6.41417169571, 17.2750148773, 17.5942440033, 13.7854623795, 12.5592699051, 5.41430425644, 2.97835016251, 1.35945737362, 0.673016488552, 0.677914083004, 0.850177466869, 0.536409676075, 0.395918011665, 0.317289620638, 0.118961505592, 0.0734806954861, 0.0290971845388, 0.0241846814752, 0.00796501152217, 0.00472744274884, 0.00114379497245, 0.000855945283547, 0.00029249425279, 3.78015392926e-05, 4.93294646731e-06],
        "dvar": [1.16702653941e-06, 2.17054594032e-06, 9.56909116212e-06, 0.000640348938759, 0.0185022838414, 25.4838485718, 192.171661377, 40.8646240234, 8.75032329559, 10.4023065567, 204.00050354, 482.42767334, 263.226776123, 1233.79150391, 723.526733398, 192.416381836, 3574.24145508, 3292.86108398, 1547.62036133, 3386.58178711, 296.565185547, 135.268173218, 13.1705999374, 4.51330518723, 7.85286664963, 10.8246612549, 3.39979743958, 4.02850866318, 1.12707304955, 0.109231084585, 0.0706288143992, 0.00450121844187, 0.00345941330306, 0.00020383213996, 7.98683540779e-05, 6.31160401099e-06, 3.76703360416e-06, 4.2803989686e-07, 7.300951399e-09, 7.9356465843e-11],
        "dvar2": [3.1327722354e-06, 6.17820069237e-06, 2.77349918179e-05, 0.00097760069184, 0.0322248972952, 28.894487381, 260.374389648, 37.7739067078, 13.822016716, 6.87745714188, 222.597885132, 919.752258301, 366.766418457, 645.911499023, 486.030822754, 273.866668701, 3527.70605469, 5673.90283203, 2573.68261719, 1965.4855957, 494.223571777, 159.97756958, 24.4328689575, 5.08489656448, 8.98049259186, 12.9952726364, 3.81189131737, 2.39679384232, 1.34755933285, 0.176088094711, 0.133621543646, 0.00840274430811, 0.0077656772919, 0.000395891285734, 0.000185413620784, 1.09297143354e-05, 9.49458808464e-06, 9.80054096544e-07, 1.57306629944e-08, 2.14421230771e-10],
        "max": [0.010177235119, 0.0117068700492, 0.0281189382076, 0.382468640804, 1.58289825916, 88.988494873, 204.194976807, 117.356842041, 66.4227905273, 63.4869728088, 332.237335205, 287.58392334, 180.262313843, 822.938476562, 619.286132812, 282.823883057, 982.53326416, 821.070007324, 585.354980469, 1084.76501465, 294.445068359, 178.553604126, 57.854839325, 35.7734413147, 53.7484817505, 50.1833534241, 34.574546814, 42.4307289124, 21.2041835785, 5.21555900574, 4.02561044693, 1.14813446999, 0.916546225548, 0.259620606899, 0.110627375543, 0.043169438839, 0.0294211897999, 0.00921893678606, 0.00136007892434, 0.000169512000866],
        "mean": [0.000675888848491, 0.00105253653601, 0.00545925972983, 0.0156217785552, 0.103999190032, 3.56432890892, 15.8756742477, 7.17043352127, 4.55611085892, 3.5620405674, 16.7113800049, 14.9890556335, 13.4472761154, 35.932598114, 20.9138317108, 19.0641899109, 39.0574378967, 36.7786903381, 35.5913581848, 34.8861961365, 13.3877725601, 6.26087713242, 2.27224612236, 1.36900413036, 1.53747963905, 1.43719053268, 1.27974522114, 1.42094194889, 0.725043058395, 0.238644495606, 0.0976435020566, 0.0540082082152, 0.0332917422056, 0.0183052774519, 0.00917404145002, 0.0035577788949, 0.0016016283771, 0.000520766305272, 7.79191104812e-05, 1.6423065972e-05],
        "median": [0.000333703676006, 0.00075097347144, 0.00463263923302, 0.00581862218678, 0.0017205865588, 0.0054160351865, 0.0050037195906, 0.037707567215, 0.012760553509, 0.00363305862993, 0.00311431032605, 0.00367837259546, 0.00640768976882, 0.00322895077989, 0.00282276421785, 0.00174316216726, 0.00195113604423, 0.00152638729196, 0.00130419130437, 0.00119549408555, 0.000832776830066, 0.000631874194369, 0.000491514685564, 0.000328169378918, 0.000331932329573, 0.000279745785519, 0.000236668100115, 0.000172090774868, 0.000109872577013, 9.95780719677e-05, 7.75355292717e-05, 6.43341918476e-05, 5.47382078366e-05, 4.2300154746e-05, 2.64998234343e-05, 1.44070199894e-05, 6.8974959504e-06, 2.67345831162e-06, 6.58140493215e-07, 1.20708932627e-07],
        "min": [3.61492086265e-11, 9.16333120493e-11, 1.30328164927e-10, 1.8963848547e-10, 1.84822004923e-10, 1.35704600335e-10, 3.25882570928e-10, 4.37571617828e-10, 1.79060058447e-10, 4.74934758188e-10, 2.53212534274e-10, 2.07110287254e-10, 2.07504657901e-09, 1.87095472448e-09, 2.06931005664e-09, 1.88446125371e-09, 5.88797677281e-09, 4.41576331056e-09, 2.56297827406e-09, 4.21877199841e-09, 4.24919299746e-09, 2.24411245142e-09, 1.1002071254e-08, 1.39037421576e-08, 9.18677578454e-09, 1.96531928509e-08, 1.39143754296e-08, 1.38239437675e-08, 2.02136121175e-08, 1.54864654434e-08, 1.52331320891e-08, 1.6319217977e-08, 5.49699530339e-09, 5.96339022607e-09, 2.89845059065e-09, 3.23430526805e-09, 1.76633441207e-09, 9.84795356374e-10, 2.37457775665e-10, 1.82564102724e-11],
        "stdev": [0.00110228371341, 0.00127504824195, 0.00441976962611, 0.0398660115898, 0.275060296059, 14.0122394562, 45.0806274414, 20.6943569183, 13.3016996384, 10.3370084763, 55.6374015808, 47.2937812805, 34.423789978, 128.464767456, 81.8020401001, 47.9670524597, 129.306884766, 122.585044861, 101.854156494, 149.221862793, 42.6524009705, 22.9900417328, 6.83911132812, 4.53509473801, 6.05082082748, 5.83332204819, 4.3378739357, 5.74529218674, 2.78904628754, 0.717124700546, 0.377843767405, 0.175966203213, 0.110324800014, 0.0471375137568, 0.0235850643367, 0.00932863075286, 0.00489253969863, 0.00166498869658, 0.000228609322221, 3.49201909557e-05],
        "var": [1.21502944239e-06, 1.62574804108e-06, 1.95343654923e-05, 0.00158929883037, 0.075658172369, 196.342849731, 2032.26293945, 428.256378174, 176.935211182, 106.853752136, 3095.52050781, 2236.7019043, 1184.99731445, 16503.1953125, 6691.57421875, 2300.83813477, 16720.2695312, 15027.09375, 10374.2695312, 22267.1640625, 1819.22717285, 528.542053223, 46.7734413147, 20.5670852661, 36.6124343872, 34.0276451111, 18.817150116, 33.0083808899, 7.77877902985, 0.514267802238, 0.142765909433, 0.030964102596, 0.0121715618297, 0.00222194520757, 0.000556255225092, 8.70233488968e-05, 2.39369437622e-05, 2.7721873721e-06, 5.22622229937e-08, 1.21941978737e-09]
    },
    "gfcc": {
        "mean": [-342.782073975, 112.570426941, -82.6620178223, -0.816530644894, -44.9230537415, 2.5738697052, -29.3100452423, -0.722561955452, -17.2967033386, 6.50337028503, -7.88356876373, 5.59066915512, 0.347796082497],
        "cov": [[33132.4140625, -2088.89453125, -9355.796875, -3583.1472168, -2365.49853516, -877.793395996, -1172.92871094, -1410.60766602, -507.542358398, 14.1369218826, -367.090484619, -152.976455688, 601.617370605], [-2088.89453125, 943.015869141, 936.271179199, 76.185005188, 85.4040679932, -72.978263855, 39.8561782837, 120.861000061, -53.3922157288, -129.229476929, 63.4312477112, -20.9320068359, 34.1678848267], [-9355.796875, 936.271179199, 2977.38818359, 1061.85925293, 676.800170898, 223.717285156, 343.037658691, 427.865539551, 136.070465088, -22.9174098969, 110.359931946, 25.1169013977, -172.628189087], [-3583.1472168, 76.185005188, 1061.85925293, 577.660522461, 326.170166016, 170.288085938, 169.296676636, 181.857452393, 115.250053406, 56.0683555603, 15.734667778, 25.2336120605, -116.018486023], [-2365.49853516, 85.4040679932, 676.800170898, 326.170166016, 273.683776855, 106.243888855, 85.8515396118, 122.595932007, 85.3512878418, 53.4098243713, 21.0170669556, 17.466135025, -72.6390380859], [-877.793395996, -72.978263855, 223.717285156, 170.288085938, 106.243888855, 106.318359375, 61.6754608154, 52.9295806885, 51.3767089844, 44.6241989136, -4.19919252396, 11.3252382278, -48.4218215942], [-1172.92871094, 39.8561782837, 343.037658691, 169.296676636, 85.8515396118, 61.6754608154, 104.424468994, 69.424659729, 22.2516460419, 10.9702939987, 29.7042484283, 20.8467826843, -32.0427513123], [-1410.60766602, 120.861000061, 427.865539551, 181.857452393, 122.595932007, 52.9295806885, 69.424659729, 128.229049683, 40.9949417114, 8.99890613556, 29.5120887756, 10.4851264954, -35.8893318176], [-507.542358398, -53.3922157288, 136.070465088, 115.250053406, 85.3512878418, 51.3767089844, 22.2516460419, 40.9949417114, 82.914276123, 52.4107818604, -7.12900400162, 1.15458869934, -27.8927154541], [14.1369218826, -129.229476929, -22.9174098969, 56.0683555603, 53.4098243713, 44.6241989136, 10.9702939987, 8.99890613556, 52.4107818604, 82.5283737183, 4.80435276031, 9.4140253067, -20.7498054504], [-367.090484619, 63.4312477112, 110.359931946, 15.734667778, 21.0170669556, -4.19919252396, 29.7042484283, 29.5120887756, -7.12900400162, 4.80435276031, 56.198097229, 21.6888198853, 11.0817461014], [-152.976455688, -20.9320068359, 25.1169013977, 25.2336120605, 17.466135025, 11.3252382278, 20.8467826843, 10.4851264954, 1.15458869934, 9.4140253067, 21.6888198853, 40.6053009033, 9.51268100739], [601.617370605, 34.1678848267, -172.628189087, -116.018486023, -72.6390380859, -48.4218215942, -32.0427513123, -35.8893318176, -27.8927154541, -20.7498054504, 11.0817461014, 9.51268100739, 72.2345809937]],
        "icov": [[0.000532571226358, -0.00106754654553, 0.00191603926942, -0.000694698421285, 0.00111851620022, 0.000403935380746, 8.44809983391e-06, 0.000278557999991, 0.00020629131177, -0.00175857159775, 0.000663750222884, -4.88338191644e-05, 0.000549383112229], [-0.00106754654553, 0.00593133969232, -0.00618510786444, 0.00484464550391, -0.00227627018467, 0.000299880659441, 0.000454870285466, -0.0023942340631, -0.00070949329529, 0.00573223596439, -0.00154638686217, 0.00124439934734, -0.00254431576468], [0.00191603926942, -0.00618510786444, 0.0104218870401, -0.00760882021859, 0.00141922710463, 0.00231633358635, -0.00123333954252, 0.00128964567557, 0.0017635866534, -0.00503859436139, 0.000379506644094, 0.00188330176752, 0.00165426288731], [-0.000694698421285, 0.00484464550391, -0.00760882021859, 0.0179127193987, -0.00465328618884, -0.00282892747782, -0.00615836447105, -0.00271703768522, -0.00416758749634, 0.00234620878473, 0.00668474985287, -0.0043642767705, 0.00203726161271], [0.00111851620022, -0.00227627018467, 0.00141922710463, -0.00465328618884, 0.0205633826554, -0.00404557073489, 0.00766098499298, -0.00186189787928, -0.00357103347778, -0.00791467353702, -0.0017705418868, -0.0044809137471, 0.00532802334055], [0.000403935380746, 0.000299880659441, 0.00231633358635, -0.00282892747782, -0.00404557073489, 0.0315959006548, -0.0130092538893, -0.00259228446521, 0.000119155200082, -0.00904678367078, 0.0118135688826, -0.00276728277095, 0.00353828747757], [8.44809983391e-06, 0.000454870285466, -0.00123333954252, -0.00615836447105, 0.00766098499298, -0.0130092538893, 0.0322418436408, -0.00289015448652, 0.00115878740326, 0.0040964265354, -0.0147907789797, -0.00445050047711, 0.00320475758053], [0.000278557999991, -0.0023942340631, 0.00128964567557, -0.00271703768522, -0.00186189787928, -0.00259228446521, -0.00289015448652, 0.0223266705871, -0.0079255849123, 0.0052914628759, -0.00956990383565, 0.00123968650587, 0.0034958824981], [0.00020629131177, -0.00070949329529, 0.0017635866534, -0.00416758749634, -0.00357103347778, 0.000119155200082, 0.00115878740326, -0.0079255849123, 0.0338955670595, -0.0187480263412, 0.0101004950702, 0.00406579580158, -0.00517847761512], [-0.00175857159775, 0.00573223596439, -0.00503859436139, 0.00234620878473, -0.00791467353702, -0.00904678367078, 0.0040964265354, 0.0052914628759, -0.0187480263412, 0.0404040552676, -0.0177466757596, 0.00084236683324, 0.00106340716593], [0.000663750222884, -0.00154638686217, 0.000379506644094, 0.00668474985287, -0.0017705418868, 0.0118135688826, -0.0147907789797, -0.00956990383565, 0.0101004950702, -0.0177466757596, 0.0448215566576, -0.0142056513578, -0.00453337701038], [-4.88338191644e-05, 0.00124439934734, 0.00188330176752, -0.0043642767705, -0.0044809137471, -0.00276728277095, -0.00445050047711, 0.00123968650587, 0.00406579580158, 0.00084236683324, -0.0142056513578, 0.0413524545729, -0.0118645410985], [0.000549383112229, -0.00254431576468, 0.00165426288731, 0.00203726161271, 0.00532802334055, 0.00353828747757, 0.00320475758053, 0.0034958824981, -0.00517847761512, 0.00106340716593, -0.00453337701038, -0.0118645410985, 0.0291491933167]]
    },
    "melbands": {
        "dmean": [7.32649778001e-06, 1.08526705844e-06, 1.91572644326e-06, 3.00623578369e-05, 0.000114570684673, 4.62246971438e-05, 1.26495679069e-05, 1.83241863851e-05, 4.20094074798e-05, 4.17456467403e-05, 2.80562016997e-05, 4.1390187107e-05, 3.51965063601e-05, 1.56285786943e-05, 2.30722798733e-05, 3.38449535775e-05, 3.52551724063e-05, 1.88305093616e-05, 2.74952762993e-05, 1.23619183796e-05, 6.08338223174e-06, 4.01641500503e-06, 1.62662263392e-06, 5.83127757636e-07, 5.52876485926e-07, 4.63143152274e-07, 5.99655834321e-07, 5.08268783506e-07, 3.09791744257e-07, 2.88540491056e-07, 3.35620057967e-07, 1.99250834498e-07, 8.27162409678e-08, 5.57219408392e-08, 4.00325568251e-08, 1.44606877583e-08, 1.4906817114e-08, 1.23765859783e-08, 7.95154520006e-09, 3.9090748416e-09],
        "dmean2": [1.2318422705e-05, 1.77902779797e-06, 2.89926288133e-06, 3.23411732097e-05, 0.000136009562993, 4.27600098192e-05, 1.42797716762e-05, 1.38127898026e-05, 4.31566222687e-05, 5.09859019076e-05, 2.75837555819e-05, 3.20011859003e-05, 2.96110792988e-05, 1.74162578332e-05, 2.4254733944e-05, 3.80715719075e-05, 4.06495273637e-05, 2.39961791522e-05, 2.89324580081e-05, 1.06254237835e-05, 8.2648030002e-06, 3.83360611522e-06, 2.26552492677e-06, 7.57759949011e-07, 6.56335828353e-07, 4.61455783807e-07, 6.71724819767e-07, 6.53550273455e-07, 4.00804111678e-07, 3.0758013736e-07, 2.80683934761e-07, 2.22716266762e-07, 1.20518308222e-07, 7.63276801763e-08, 5.45854241807e-08, 2.46485569733e-08, 2.05295371813e-08, 1.8944730229e-08, 1.2418250428e-08, 6.35031494056e-09],
        "dvar": [1.60340699051e-10, 2.21006871658e-12, 3.6189787278e-11, 2.02941574656e-08, 2.25521390007e-07, 1.83189623471e-08, 1.90870674821e-09, 3.11600700797e-09, 1.64822768767e-08, 2.66730975085e-08, 7.72465291732e-09, 1.8093079035e-08, 2.05719850044e-08, 2.44116127313e-09, 4.85223861091e-09, 1.76951733266e-08, 1.66606035634e-08, 4.38948211112e-09, 1.20989263053e-08, 2.74617684148e-09, 5.85015980104e-10, 1.9923283856e-10, 4.46202276516e-11, 3.30453763311e-12, 4.07735564062e-12, 2.62837841769e-12, 6.40429809878e-12, 6.24574350572e-12, 1.85336750287e-12, 1.61588537689e-12, 1.9902354504e-12, 6.49857825972e-13, 7.90841865736e-14, 5.83591877081e-14, 4.18621571869e-14, 4.41186343237e-15, 2.56138782195e-15, 2.5266270721e-15, 6.16309642752e-16, 1.37028278586e-16],
        "dvar2": [4.15732587244e-10, 6.18932812987e-12, 6.31924859662e-11, 2.28947456549e-08, 2.88425354711e-07, 1.49164609553e-08, 2.73140998708e-09, 1.77996861694e-09, 2.06840766737e-08, 5.79389975996e-08, 1.13077822661e-08, 1.0179282306e-08, 1.24786412314e-08, 2.53538612327e-09, 5.79484504826e-09, 1.55576795891e-08, 3.04522060901e-08, 8.19651102546e-09, 1.09558966344e-08, 1.98224592296e-09, 1.1329724936e-09, 2.15338247234e-10, 9.31882834787e-11, 5.68619066763e-12, 4.87383310793e-12, 3.28731638265e-12, 6.84194367828e-12, 8.58899496664e-12, 2.29616391005e-12, 1.95032748632e-12, 1.54979468928e-12, 7.94590901323e-13, 1.51322490237e-13, 1.04863464917e-13, 8.39437975511e-14, 7.68291578631e-15, 4.86519504222e-15, 4.93504434367e-15, 1.70736717052e-15, 2.64212552017e-16],
        "max": [0.000125898543047, 1.06335101009e-05, 8.00009511295e-05, 0.00248477840796, 0.00786132179201, 0.00257975724526, 0.000910559669137, 0.00120348553173, 0.00272184377536, 0.0020124821458, 0.000955446332227, 0.00302622420713, 0.0028968595434, 0.000914189615287, 0.000999658717774, 0.00219515501522, 0.00173885584809, 0.000794394291006, 0.0018624215154, 0.00101715535857, 0.000407426065067, 0.000209056903259, 9.79839460342e-05, 2.01280508918e-05, 3.33544448949e-05, 3.10483919748e-05, 4.34119101556e-05, 3.74077935703e-05, 2.1804800781e-05, 2.1986752472e-05, 2.78002589766e-05, 1.48545705088e-05, 3.81107452085e-06, 3.56592249773e-06, 2.89183390123e-06, 9.37230311138e-07, 9.02083911569e-07, 7.66738594393e-07, 3.54088967924e-07, 1.70831540913e-07],
        "mean": [8.4036937551e-06, 2.27272744269e-06, 3.27057091454e-06, 9.62306075962e-05, 0.000512114027515, 0.000173286389327, 6.40223661321e-05, 5.10619865963e-05, 0.00014961278066, 8.73787066666e-05, 6.49934008834e-05, 0.000143064040458, 9.25305357669e-05, 4.00868702854e-05, 7.12853070581e-05, 7.66418597777e-05, 6.88562577125e-05, 5.44141912542e-05, 5.6230393966e-05, 3.09703100356e-05, 1.30198814077e-05, 6.97254381521e-06, 3.06870697386e-06, 1.21201810543e-06, 1.09417408112e-06, 9.76782644102e-07, 1.18743957955e-06, 9.17552199553e-07, 7.64302967582e-07, 8.22581341708e-07, 8.37975619561e-07, 4.77553498968e-07, 1.83265541409e-07, 1.09336141918e-07, 6.01696825697e-08, 3.38440919734e-08, 3.32422409599e-08, 2.570642188e-08, 1.69239058323e-08, 1.46812935142e-08],
        "median": [3.66890571968e-06, 1.79728931471e-06, 8.16519673208e-07, 2.50851655892e-07, 1.91035269381e-07, 7.44652538742e-07, 1.76603649038e-07, 3.23383133605e-08, 2.45814675282e-08, 2.50347120812e-08, 3.28060529853e-08, 1.31427784211e-08, 1.03886845793e-08, 5.37725508565e-09, 4.20171542004e-09, 3.95872312708e-09, 2.64595545474e-09, 2.21053220173e-09, 1.73706582451e-09, 1.38095357372e-09, 9.2398533269e-10, 7.05415004187e-10, 4.8155629484e-10, 3.7805286679e-10, 2.53863374766e-10, 2.47312725854e-10, 2.31194507982e-10, 1.74421477261e-10, 1.51569923279e-10, 1.34227545745e-10, 8.61290622156e-11, 6.28460825047e-11, 6.34117758302e-11, 5.08899866691e-11, 4.34810937255e-11, 4.40152428394e-11, 4.05939622194e-11, 3.95798047115e-11, 3.81654916004e-11, 3.58950091872e-11],
        "min": [3.08532767477e-13, 8.25493848083e-14, 3.28370888965e-14, 1.04950694064e-14, 1.03655783975e-14, 9.69752944125e-15, 2.78558600814e-15, 5.28601117481e-15, 1.62683964234e-15, 1.53120295221e-15, 1.08547424657e-14, 8.04865360151e-15, 5.39079507962e-15, 6.01326900464e-15, 7.33368664326e-15, 1.54577143186e-14, 6.77285384691e-15, 3.02224108437e-15, 6.70360509182e-15, 5.72089228949e-15, 4.57438067934e-15, 2.1052502037e-15, 2.78357663423e-15, 1.69548924867e-14, 1.06992331458e-14, 7.19451743596e-15, 7.20725850555e-15, 1.59806995653e-14, 1.07472353499e-14, 8.41428214946e-15, 7.32165623431e-15, 1.0976971861e-14, 1.01215744634e-14, 9.61120407843e-15, 1.02531203742e-14, 7.05460580428e-15, 1.06063847822e-14, 3.51515030869e-15, 2.99589518334e-15, 5.63688779695e-15],
        "stdev": [1.38310460898e-05, 1.90344940165e-06, 9.3187791208e-06, 0.000387245352613, 0.00151508767158, 0.000483996613184, 0.0002000961249, 0.000180758244824, 0.000485701777507, 0.000292595213978, 0.000181522438652, 0.000495349173434, 0.000412994035287, 0.000124426209368, 0.000192023420823, 0.000280224398011, 0.000244511698838, 0.000154448556714, 0.000234893843299, 0.000133935420308, 4.73913496535e-05, 2.72164197668e-05, 1.01561927295e-05, 3.52604183718e-06, 3.90727154809e-06, 3.68543192053e-06, 4.87877878186e-06, 3.94904145651e-06, 2.68013582172e-06, 3.07449477077e-06, 3.60072453987e-06, 1.95288043869e-06, 5.76414265652e-07, 3.8158052007e-07, 2.57479058519e-07, 1.16282642182e-07, 1.16238375369e-07, 9.26343730612e-08, 4.66284753031e-08, 3.76170348204e-08],
