{
"lowlevel": {
    "average_loudness": 0.040257319808,
    "barkbands_crest": {
        "dmean": 2.83338189125,
        "dmean2": 4.81998300552,
        "dvar": 9.80302047729,
        "dvar2": 29.6002693176,
        "max": 26.998790741,
        "mean": 17.6523323059,
        "median": 17.0782108307,
        "min": 4.38606643677,
        "stdev": 7.33866262436,
        "var": 53.8559684753
    },
    "barkbands_flatness_db": {
        "dmean": 0.0275551006198,
        "dmean2": 0.0407872721553,
        "dvar": 0.00114401779138,
        "dvar2": 0.00172902981285,
        "max": 0.754302978516,
        "mean": 0.251586556435,
        "median": 0.155393049121,
        "min": 0.0282357018441,
        "stdev": 0.213600233197,
        "var": 0.0456250607967
    },
    "barkbands_kurtosis": {
        "dmean": 673.493286133,
        "dmean2": 1120.56359863,
        "dvar": 6073330.5,
        "dvar2": 17687868,
        "max": 29719.5019531,
        "mean": 1174.40722656,
        "median": 7.30460453033,
        "min": -1.84293282032,
        "stdev": 4091.64013672,
        "var": 16741519
    },
    "barkbands_skewness": {
        "dmean": 4.29370832443,
        "dmean2": 6.00421237946,
        "dvar": 81.6754989624,
        "dvar2": 195.251678467,
        "max": 17.7541465759,
        "mean": -10.5618066788,
        "median": 0.599536776543,
        "min": -160.855575562,
        "stdev": 29.5119457245,
        "var": 870.95489502
    },
    "barkbands_spread": {
        "dmean": 10.0998334885,
        "dmean2": 17.0828800201,
        "dvar": 142.983947754,
        "dvar2": 367.674865723,
        "max": 124.458686829,
        "mean": 32.5299949646,
        "median": 25.9748764038,
        "min": 0.00619967048988,
        "stdev": 32.007610321,
        "var": 1024.48706055
    },
    "dissonance": {
        "dmean": 0.00698841875419,
        "dmean2": 0.0107215885073,
        "dvar": 0.000509060220793,
        "dvar2": 0.000568585237488,
        "max": 0.500000178814,
        "mean": 0.490821510553,
        "median": 0.495050162077,
        "min": 0.197723388672,
        "stdev": 0.0229183789343,
        "var": 0.00052525207866
    },
    "dynamic_complexity": 34.9806365967,
    "erbbands_crest": {
        "dmean": 0.693607628345,
        "dmean2": 0.939263343811,
        "dvar": 1.18631923199,
        "dvar2": 1.66479706764,
        "max": 20.9053611755,
        "mean": 11.6185913086,
        "median": 10.8441467285,
        "min": 2.1755566597,
        "stdev": 8.08120727539,
        "var": 65.3059158325
    },
    "erbbands_flatness_db": {
        "dmean": 0.0138910226524,
        "dmean2": 0.0145700583234,
        "dvar": 0.000540220469702,
        "dvar2": 0.000320455990732,
        "max": 0.722751259804,
        "mean": 0.237921237946,
        "median": 0.0951059162617,
        "min": 0.02742806077,
        "stdev": 0.237005829811,
        "var": 0.056171759963
    },
    "erbbands_kurtosis": {
        "dmean": 6.21226263046,
        "dmean2": 7.24102306366,
        "dvar": 133.043716431,
        "dvar2": 200.755401611,
        "max": 186.717086792,
        "mean": 23.2865829468,
        "median": 0.870063066483,
        "min": -1.30258023739,
        "stdev": 41.8076210022,
        "var": 1747.8770752
    },
    "erbbands_skewness": {
        "dmean": 0.498691499233,
        "dmean2": 0.737967431545,
        "dvar": 0.805265009403,
        "dvar2": 1.83396041393,
        "max": 7.10744142532,
        "mean": -0.832756221294,
        "median": -0.410395860672,
        "min": -6.47143793106,
        "stdev": 1.49779140949,
        "var": 2.24337911606
    },
    "erbbands_spread": {
        "dmean": 5.98606777191,
        "dmean2": 9.54441642761,
        "dvar": 66.6577453613,
        "dvar2": 161.799179077,
        "max": 103.036125183,
        "mean": 37.5053596497,
        "median": 34.2234687805,
        "min": 0.300864040852,
        "stdev": 36.2031669617,
        "var": 1310.66931152
    },
    "hfc": {
        "dmean": 1.34706413746,
        "dmean2": 0.872423946857,
        "dvar": 46.990688324,
        "dvar2": 27.4891052246,
        "max": 190.739532471,
        "mean": 8.04982471466,
        "median": 0.00160748045892,
        "min": 4.2841264758e-08,
        "stdev": 29.2102565765,
        "var": 853.239135742
    },
    "loudness_ebu128": {
        "integrated": -17.9826583862,
        "loudness_range": 22.7747173309,
        "momentary": {
            "dmean": 1.65439987183,
            "dmean2": 0.572982430458,
            "dvar": 1.02927529812,
            "dvar2": 0.198086842895,
            "max": -11.4329204559,
            "mean": -52.0757369995,
            "median": -59.1385955811,
            "min": -85.9429397583,
            "stdev": 18.731086731,
            "var": 350.853637695
        },
        "short_term": {
            "dmean": 2.03721094131,
            "dmean2": 0.471528202295,
            "dvar": 0.448152393103,
            "dvar2": 0.132757008076,
            "max": -19.7959442139,
            "mean": -42.7903518677,
            "median": -43.1235809326,
            "min": -60.5401611328,
            "stdev": 12.7625608444,
            "var": 162.882949829
        }
    },
    "melbands_crest": {
        "dmean": 3.64857435226,
        "dmean2": 6.09856987,
        "dvar": 13.3025093079,
        "dvar2": 36.4594154358,
        "max": 34.2788314819,
        "mean": 24.2380275726,
        "median": 23.7470283508,
        "min": 7.48845052719,
        "stdev": 7.5387635231,
        "var": 56.8329544067
    },
    "melbands_flatness_db": {
        "dmean": 0.0289966575801,
        "dmean2": 0.0437339283526,
        "dvar": 0.0013043791987,
        "dvar2": 0.00228778412566,
        "max": 0.766551733017,
        "mean": 0.305525958538,
        "median": 0.243793949485,
        "min": 0.0176478214562,
        "stdev": 0.195685207844,
        "var": 0.0382926985621
    },
    "melbands_kurtosis": {
        "dmean": 34.7960624695,
        "dmean2": 55.9864768982,
        "dvar": 2887.79272461,
        "dvar2": 7093.84130859,
        "max": 697.170227051,
        "mean": 100.838058472,
        "median": 28.1606731415,
        "min": -1.92372941971,
        "stdev": 173.618988037,
        "var": 30143.5507812
    },
    "melbands_skewness": {
        "dmean": 1.74880492687,
        "dmean2": 2.78624153137,
        "dvar": 3.24720621109,
        "dvar2": 8.41782188416,
        "max": 11.628528595,
        "mean": -0.361709952354,
        "median": 1.97764849663,
        "min": -19.7336997986,
        "stdev": 7.59304475784,
        "var": 57.6543273926
    },
    "melbands_spread": {
        "dmean": 8.93473529816,
        "dmean2": 14.5180969238,
        "dvar": 120.91973877,
        "dvar2": 248.863342285,
        "max": 187.782791138,
        "mean": 31.6083068848,
        "median": 16.1595573425,
        "min": 0.142430394888,
        "stdev": 41.2648010254,
        "var": 1702.78381348
    },
    "pitch_salience": {
        "dmean": 0.0786769688129,
        "dmean2": 0.129024013877,
        "dvar": 0.00730627216399,
        "dvar2": 0.0186085049063,
        "max": 0.83868008852,
        "mean": 0.338705837727,
        "median": 0.372036844492,
        "min": 0.00408447440714,
        "stdev": 0.219891041517,
        "var": 0.0483520701528
    },
    "silence_rate_20dB": {
        "dmean": 0,
        "dmean2": 0,
        "dvar": 0,
        "dvar2": 0,
        "max": 1,
        "mean": 1,
        "median": 1,
        "min": 1,
        "stdev": 0,
        "var": 0
    },
    "silence_rate_30dB": {
        "dmean": 0,
        "dmean2": 0,
        "dvar": 0,
        "dvar2": 0,
        "max": 1,
        "mean": 1,
        "median": 1,
        "min": 1,
        "stdev": 0,
        "var": 0
    },
    "silence_rate_60dB": {
        "dmean": 0.00462962966412,
        "dmean2": 0.00930232554674,
        "dvar": 0.00460821809247,
        "dvar2": 0.00921580381691,
        "max": 1,
        "mean": 0.894009232521,
        "median": 1,
        "min": 0,
        "stdev": 0.307826161385,
        "var": 0.0947569385171
    },
    "spectral_centroid": {
        "dmean": 155.212265015,
        "dmean2": 266.773620605,
        "dvar": 46035.8398438,
        "dvar2": 126422.523438,
        "max": 3978.41772461,
        "mean": 2058.64526367,
        "median": 2089.63867188,
        "min": 849.030883789,
        "stdev": 574.023254395,
        "var": 329502.71875
    },
    "spectral_complexity": {
        "dmean": 0.0462962947786,
        "dmean2": 0.0511627905071,
        "dvar": 0.377486824989,
        "dvar2": 0.383428126574,
        "max": 10,
        "mean": 0.317972362041,
        "median": 0,
        "min": 0,
        "stdev": 0.794740200043,
        "var": 0.63161200285
    },
    "spectral_decrease": {
        "dmean": 1.37521341537e-10,
        "dmean2": 8.83612488733e-11,
        "dvar": 4.75175505544e-19,
        "dvar2": 2.59912478625e-19,
        "max": -3.12245068205e-19,
        "mean": -8.22326151617e-10,
        "median": -8.30583594524e-13,
        "min": -1.94351201799e-08,
        "stdev": 2.97779378933e-09,
        "var": 8.86725622538e-18
    },
    "spectral_energy": {
        "dmean": 0.000641210994218,
        "dmean2": 0.000412615045207,
        "dvar": 1.03890179162e-05,
        "dvar2": 5.75648846279e-06,
        "max": 0.090653039515,
        "mean": 0.00383378262632,
        "median": 3.41133568327e-06,
        "min": 5.06431572025e-12,
        "stdev": 0.013888261281,
        "var": 0.000192883802811
    },
    "spectral_energyband_high": {
        "dmean": 4.66712435809e-06,
        "dmean2": 2.08187543649e-06,
        "dvar": 1.60842283936e-09,
        "dvar2": 3.58793161848e-10,
        "max": 0.00100698985625,
        "mean": 8.64288722369e-06,
        "median": 6.65686457069e-08,
        "min": 2.75397933625e-12,
        "stdev": 7.90561389294e-05,
        "var": 6.24987306352e-09
    },
    "spectral_energyband_low": {
        "dmean": 3.37610072165e-06,
        "dmean2": 3.77714036404e-06,
        "dvar": 1.48500423069e-09,
        "dvar2": 1.38955824625e-09,
        "max": 0.000589346454944,
        "mean": 3.96583982365e-06,
        "median": 8.85909969384e-07,
        "min": 7.82661695869e-13,
        "stdev": 3.98666888941e-05,
        "var": 1.58935298256e-09
    },
    "spectral_energyband_middle_high": {
        "dmean": 0.000655583920889,
        "dmean2": 0.000425581209129,
        "dvar": 1.14732110887e-05,
        "dvar2": 6.55470785205e-06,
        "max": 0.0904594361782,
        "mean": 0.00381156569347,
        "median": 2.22585285314e-07,
        "min": 6.41521287047e-13,
        "stdev": 0.0138158807531,
        "var": 0.000190878548892
    },
    "spectral_energyband_middle_low": {
        "dmean": 1.006281218e-05,
        "dmean2": 1.01399846244e-05,
        "dvar": 2.14790727426e-08,
        "dvar2": 2.15326725339e-08,
        "max": 0.00216146348976,
        "mean": 1.01173673102e-05,
        "median": 1.54018934495e-07,
        "min": 4.36738400436e-13,
        "stdev": 0.000146380683873,
        "var": 2.14273061516e-08
    },
    "spectral_entropy": {
        "dmean": 0.13987839222,
        "dmean2": 0.155311048031,
        "dvar": 0.0892613828182,
        "dvar2": 0.0677481815219,
        "max": 8.88180732727,
        "mean": 6.65842199326,
        "median": 8.12820243835,
        "min": 2.22851395607,
        "stdev": 2.32545804977,
        "var": 5.40775489807
    },
    "spectral_flux": {
        "dmean": 0.00184809358325,
        "dmean2": 0.002342203632,
        "dvar": 0.000122998491861,
        "dvar2": 0.000163601114764,
        "max": 0.214713796973,
        "mean": 0.00407509179786,
        "median": 0.000894690339919,
        "min": 2.05100368476e-05,
        "stdev": 0.0191592928022,
        "var": 0.000367078522686
    },
    "spectral_kurtosis": {
        "dmean": 8.85440826416,
        "dmean2": 13.9061603546,
        "dvar": 691.850891113,
        "dvar2": 1738.7355957,
        "max": 343.912353516,
        "mean": 30.004442215,
        "median": 3.01138830185,
        "min": 1.53791093826,
        "stdev": 58.3230400085,
        "var": 3401.5769043
    },
    "spectral_rms": {
        "dmean": 6.90323358867e-05,
        "dmean2": 4.86953285872e-05,
        "dvar": 4.44160299651e-08,
        "dvar2": 2.32223200669e-08,
        "max": 0.00940436031669,
        "mean": 0.000739001377951,
        "median": 5.76899692533e-05,
        "min": 7.02907954064e-08,
        "stdev": 0.00178721977863,
        "var": 3.19415448757e-06
    },
    "spectral_rolloff": {
        "dmean": 536.236633301,
        "dmean2": 960.080566406,
        "dvar": 1281636.125,
        "dvar2": 2998600.25,
        "max": 18475.4882812,
        "mean": 2853.09838867,
        "median": 2110.25390625,
        "min": 64.599609375,
        "stdev": 4486.23193359,
        "var": 20126278
    },
    "spectral_skewness": {
        "dmean": 0.342887759209,
        "dmean2": 0.486488193274,
        "dvar": 0.433030813932,
        "dvar2": 0.883251607418,
        "max": 15.7631254196,
        "mean": 3.36924386024,
        "median": 1.54999542236,
        "min": 1.08109331131,
        "stdev": 3.44015407562,
        "var": 11.8346605301
    },
    "spectral_spread": {
        "dmean": 407613.15625,
        "dmean2": 589608.5625,
        "dvar": 168392310784,
        "dvar2": 254848679936,
        "max": 14711923,
        "mean": 6361322,
        "median": 7755164.5,
        "min": 315500.5,
        "stdev": 3191345,
        "var": 1.01846834217e+13
    },
    "spectral_strongpeak": {
        "dmean": 0.238487333059,
        "dmean2": 0.175341829658,
        "dvar": 1.73877155781,
        "dvar2": 1.48029530048,
        "max": 25.6326160431,
        "mean": 1.89373278618,
        "median": 0.00229327217676,
        "min": 0,
        "stdev": 4.76186227798,
        "var": 22.6753330231
    },
    "zerocrossingrate": {
        "dmean": 0.0149197047576,
        "dmean2": 0.0198696404696,
        "dvar": 0.000772349652834,
        "dvar2": 0.00128759758081,
        "max": 0.5087890625,
        "mean": 0.114849597216,
        "median": 0.09521484375,
        "min": 0.0400390625,
        "stdev": 0.0577528774738,
        "var": 0.00333539489657
    },
    "barkbands": {
        "dmean": [5.98802898821e-07, 1.45434682963e-06, 1.22410972381e-06, 1.19100786833e-06, 2.12744384953e-06, 8.08951597264e-07, 3.97216922465e-07, 2.01575971914e-06, 3.12380302603e-06, 1.62104959145e-06, 1.28215265249e-06, 1.60904357926e-06, 1.06156358015e-06, 1.03163722542e-06, 4.23625806434e-06, 0.000675342627801, 5.19053673997e-06, 2.29432612286e-06, 1.23728682411e-06, 6.32945386769e-07, 3.00203140569e-07, 1.39591554671e-06, 9.49940044848e-07, 1.17755132578e-06, 8.06205207482e-07, 2.85159398317e-08, 1.85871951164e-09],
        "dmean2": [1.04668606582e-06, 1.77875824647e-06, 1.27974374209e-06, 1.22181586448e-06, 2.15837212636e-06, 8.22493348096e-07, 4.05680054882e-07, 2.02328078558e-06, 3.1389263313e-06, 1.62998605902e-06, 1.28984891035e-06, 1.61710136126e-06, 1.06722859528e-06, 1.03402203422e-06, 4.24927884524e-06, 0.000445417914307, 5.21176252732e-06, 2.30455225392e-06, 1.24304074234e-06, 6.36163861145e-07, 3.01603876096e-07, 1.36351025048e-06, 1.04830905912e-06, 6.37664925307e-07, 8.38102437228e-07, 1.62268687376e-08, 3.10244407942e-09],
        "dvar": [8.54683403044e-13, 1.71935868321e-10, 2.86761142609e-10, 2.87388807196e-10, 9.43211508897e-10, 1.36242864213e-10, 3.23892093701e-11, 8.649330141e-10, 2.08710670968e-09, 5.61980906255e-10, 3.51536466603e-10, 5.5406601529e-10, 2.40449243849e-10, 2.26335394871e-10, 3.84090181882e-09, 1.31424740175e-05, 5.77848258132e-09, 1.12858655754e-09, 3.27758487018e-10, 8.53236717391e-11, 1.90119916338e-11, 1.59635527019e-10, 5.84255976932e-11, 1.33336064412e-10, 7.28712298836e-11, 7.54446486295e-14, 3.22523655855e-18],
        "dvar2": [2.2498170861e-12, 1.51212237176e-10, 2.87090851092e-10, 2.88292556494e-10, 9.46387634926e-10, 1.36830102804e-10, 3.25098246934e-11, 8.64382398991e-10, 2.09287698283e-09, 5.6391280534e-10, 3.52964379946e-10, 5.55987256234e-10, 2.40960279507e-10, 2.26071425469e-10, 3.84922493879e-09, 7.95597134129e-06, 5.79678260948e-09, 1.13274645219e-09, 3.28818333672e-10, 8.55227000329e-11, 1.89980167015e-11, 1.43939235531e-10, 8.63123045258e-11, 4.11567377401e-11, 7.30491084289e-11, 3.58409794356e-14, 1.01355854935e-17],
        "max": [7.29345902073e-06, 0.000206843891647, 0.000250016688369, 0.000249940843787, 0.000452744629001, 0.000172026746441, 8.3902181359e-05, 0.000434406218119, 0.000673655362334, 0.000349453417584, 0.000276306091109, 0.000347016961314, 0.000228758930461, 0.000222474031034, 0.000914721284062, 0.0904580503702, 0.00112084532157, 0.000495238869917, 0.00026694056578, 0.000136333663249, 6.44903193461e-05, 0.000301165971905, 0.000162198441103, 0.000254073151154, 0.000173845910467, 5.81898393648e-06, 2.11361292912e-08],
        "mean": [6.5680831085e-07, 1.80972915587e-06, 1.24597681861e-06, 1.19729031667e-06, 2.13596081267e-06, 8.1284559883e-07, 4.00191453309e-07, 2.01512330023e-06, 3.11701273858e-06, 1.61834282153e-06, 1.27991302179e-06, 1.60604417943e-06, 1.06147751922e-06, 1.03600177681e-06, 4.23669052907e-06, 0.00379179418087, 5.17939497513e-06, 2.29015245168e-06, 1.23629365589e-06, 6.36351614958e-07, 3.04338556134e-07, 3.1055647014e-06, 1.73495607214e-06, 1.8046829382e-06, 1.41902569339e-06, 5.07420061524e-08, 1.01252828344e-08],
        "median": [2.21647084686e-07, 5.81877600325e-07, 7.42701544709e-08, 3.3740860772e-08, 4.13046379322e-08, 1.63051545599e-08, 1.08175486346e-08, 7.56938778324e-09, 8.92497276084e-09, 6.58767529416e-09, 5.7312887769e-09, 5.17526554944e-09, 5.25501731019e-09, 4.4184904624e-09, 4.26501722828e-09, 1.61933897402e-07, 4.15239309604e-09, 4.26277857457e-09, 4.10919431815e-09, 4.89243223711e-09, 5.14529530093e-09, 5.46428990944e-09, 8.96334650946e-09, 7.90633336578e-09, 9.8590673403e-09, 1.22870202901e-08, 1.15677361023e-08],
        "min": [4.12419339131e-13, 4.1604938353e-13, 1.2590286886e-13, 7.16330274719e-14, 1.50535115514e-13, 1.21073263177e-13, 7.61521989673e-14, 1.38785543726e-14, 1.92929329671e-15, 8.669918387e-15, 1.5671878129e-14, 9.48117452604e-14, 1.42973638842e-14, 2.57743960452e-14, 1.44674074424e-14, 5.31019557482e-14, 3.21420306007e-14, 1.51349907e-13, 1.29929297573e-13, 2.1320895353e-13, 1.47712097003e-13, 1.60146879482e-13, 1.69228604112e-13, 2.42660600815e-13, 2.91741159225e-13, 6.42592099323e-13, 1.06118672877e-12],
        "stdev": [1.12186501156e-06, 1.40010188261e-05, 1.69269824255e-05, 1.69249306055e-05, 3.06600741169e-05, 1.16496439659e-05, 5.68160430703e-06, 2.94205965474e-05, 4.56243906228e-05, 2.36671621678e-05, 1.87131699931e-05, 2.35022453126e-05, 1.54928638949e-05, 1.50670666699e-05, 6.19507700321e-05, 0.0137633932754, 7.59115428082e-05, 3.35409604304e-05, 1.80788956641e-05, 9.23305651668e-06, 4.36734126197e-06, 2.69805623248e-05, 1.36379294418e-05, 1.89483307622e-05, 1.44050618474e-05, 4.39444733047e-07, 5.30802157783e-09],
        "var": [1.25858102152e-12, 1.96028526744e-10, 2.86522722215e-10, 2.8645330552e-10, 9.40040045805e-10, 1.35714203764e-10, 3.22806295583e-11, 8.6557144785e-10, 2.08158512649e-09, 5.60134549854e-10, 3.50182743913e-10, 5.52355494676e-10, 2.40028830145e-10, 2.27016502818e-10, 3.83789755531e-09, 0.000189430997125, 5.76256198315e-09, 1.12499598526e-09, 3.26846438803e-10, 8.52493353687e-11, 1.90736679923e-11, 7.27950699719e-10, 1.85993109802e-10, 3.59039270537e-10, 2.07505804206e-10, 1.93111667065e-13, 2.81750951525e-17]
    },
    "erbbands": {
        "dmean": [3.93510636059e-05, 0.000355900847353, 0.00124238163698, 0.00301435240544, 0.00535342516378, 0.0074687441811, 0.00750760035589, 0.00629843119532, 0.00551545806229, 0.013337531127, 0.0620975457132, 0.0716264173388, 0.0498980917037, 0.0544676147401, 0.0577812194824, 0.0630426630378, 0.0507061779499, 0.0474988892674, 0.223162770271, 18.0378799438, 19.2442264557, 0.491784602404, 0.147364243865, 0.0942919924855, 0.0477983616292, 0.0298467986286, 0.0103410268202, 0.0522505752742, 0.0341839939356, 0.00400011846796, 0.0263763088733, 0.0357513763011, 0.014845202677, 0.0111544076353, 0.000650609727018, 0.000101763245766, 8.51754739415e-05, 5.5041300584e-06, 6.86053226673e-07, 8.89683803962e-07],
        "dmean2": [4.98834779137e-05, 0.000429742707638, 0.0013113101013, 0.00310204573907, 0.0054460442625, 0.00758535880595, 0.00761549407616, 0.00642137974501, 0.00563701754436, 0.013463113457, 0.0622955486178, 0.0719711333513, 0.0501881577075, 0.0547802448273, 0.0580887459219, 0.0633146613836, 0.0507657267153, 0.0452906228602, 0.143107309937, 11.8595666885, 12.4745607376, 0.358840703964, 0.141054317355, 0.0939186960459, 0.0478115938604, 0.0299202129245, 0.00971491914243, 0.0326287895441, 0.0241758543998, 0.0030714108143, 0.021271314472, 0.0188950113952, 0.00859381444752, 0.014397719875, 0.000405052152928, 8.71164447744e-05, 9.36459910008e-05, 4.92007438879e-06, 7.72717328346e-07, 6.01884153184e-07],
        "dvar": [5.40461115861e-08, 1.30700236696e-05, 0.000283522676909, 0.00181691243779, 0.00593346357346, 0.0115590076894, 0.0117840394378, 0.0082040913403, 0.00622305786237, 0.0376056618989, 0.821961343288, 1.09767055511, 0.532184660435, 0.634390592575, 0.714733660221, 0.849524021149, 0.540842473507, 0.357771039009, 0.899567008018, 8880.69433594, 10215.1982422, 5.80369901657, 3.54965853691, 1.82255756855, 0.481143802404, 0.18839636445, 0.0196326449513, 0.198416590691, 0.0857824385166, 0.00195486750454, 0.0453247129917, 0.10386672616, 0.0220888536423, 0.0160255357623, 4.38534516434e-05, 1.25159988329e-06, 7.89277351032e-07, 1.94553329003e-09, 3.50771928864e-12, 1.88371835491e-11],
        "dvar2": [3.15420294328e-08, 1.276662897e-05, 0.000283730652882, 0.00182322692126, 0.0059522613883, 0.0115952789783, 0.01182880532, 0.00824143365026, 0.00624326150864, 0.0377239994705, 0.821357548237, 1.10081315041, 0.534067571163, 0.636703372002, 0.717592418194, 0.852464616299, 0.542846977711, 0.365711987019, 0.358147859573, 5102.13085938, 6054.87109375, 5.7902674675, 3.63292121887, 1.83531463146, 0.482826530933, 0.188928410411, 0.0177990440279, 0.0868059918284, 0.0452446900308, 0.00132230238523, 0.0310934092849, 0.0253197010607, 0.00701439846307, 0.0210474338382, 1.56391251949e-05, 7.29985913495e-07, 8.42931171974e-07, 1.30118260611e-09, 4.06835372682e-12, 1.09565898021e-11],
        "max": [0.00424415711313, 0.0543656721711, 0.248848170042, 0.628396630287, 1.13561177254, 1.5850982666, 1.60010910034, 1.33490645885, 1.16320693493, 2.85932922363, 13.392083168, 15.4482584, 10.7532300949, 11.7403459549, 12.4611167908, 13.5994491577, 10.9323730469, 10.0355491638, 42.3575935364, 2455.6472168, 2629.12939453, 93.1576004028, 31.1627407074, 20.295009613, 10.3106479645, 6.42938661575, 2.21911120415, 11.2748241425, 7.37111520767, 0.85280752182, 5.68070840836, 7.71569013596, 3.20185208321, 2.40579652786, 0.137987464666, 0.0204851478338, 0.0176289454103, 0.000966159452219, 7.74199070293e-05, 0.000125250415294],
        "mean": [5.01393005834e-05, 0.000423177290941, 0.00129519600887, 0.00305036525242, 0.00537257408723, 0.00748102134094, 0.0075329663232, 0.00632398854941, 0.00555494381115, 0.0133674945682, 0.0620676875114, 0.0714772045612, 0.0498063005507, 0.0543824769557, 0.0577680654824, 0.0633898600936, 0.0543187260628, 0.0984326228499, 1.85935437679, 102.806045532, 111.011154175, 3.27720499039, 0.291449159384, 0.110903441906, 0.0511626563966, 0.0309477951378, 0.0118246339262, 0.104976892471, 0.0704236105084, 0.00593101698905, 0.0612442083657, 0.061597827822, 0.0221161730587, 0.0205030106008, 0.000976072973572, 0.000159324845299, 0.000160399329616, 1.57503764058e-05, 4.62520165456e-06, 5.42103452972e-06],
        "median": [1.90066039067e-05, 0.000112824782263, 0.000125096077682, 0.000112997855467, 0.000110477252747, 0.000119692347653, 0.00012961847824, 0.000138019677252, 0.000152019812958, 0.000161565476446, 0.000180780043593, 0.000200281574507, 0.000206826021895, 0.000243430957198, 0.000256188737694, 0.000251440011198, 0.000272081728326, 0.000324862921843, 0.000419423246058, 0.0044034528546, 0.00499021122232, 0.000590666022617, 0.000329905684339, 0.000258546468103, 0.00025542176445, 0.00024302546808, 0.000250529032201, 0.000209943638765, 0.000200957147172, 0.000217117805732, 0.000292110053124, 0.000168143582414, 0.000138750110636, 0.000107372303319, 7.59750037105e-05, 4.76307650388e-05, 2.34448125411e-05, 9.24962114368e-06, 2.12544273381e-06, 1.62362141509e-07],
        "min": [1.82461649956e-11, 7.24299578647e-11, 1.47596157518e-10, 2.08963540915e-10, 3.03558206349e-10, 5.41788558461e-10, 8.71298311278e-10, 9.9520180985e-10, 1.14309905985e-09, 7.70440655717e-10, 2.02480185396e-10, 4.68143718235e-11, 1.61987548375e-10, 4.40499331456e-10, 1.23687338149e-09, 3.97096711069e-09, 1.05424835528e-09, 1.05748476642e-09, 6.98256452658e-10, 2.26886531784e-09, 2.65974597902e-09, 1.82353221412e-09, 4.64888039176e-09, 9.06817465562e-09, 8.7662526127e-09, 7.14105929944e-09, 9.926239386e-09, 3.81501408242e-09, 3.14517722977e-09, 8.71074146147e-09, 4.75288253199e-09, 5.23661736196e-09, 3.55052609535e-09, 2.59758392573e-09, 3.015226957e-09, 2.86219026258e-09, 9.44347378073e-10, 4.92729856916e-10, 1.07249702175e-10, 1.85852080253e-11],
        "stdev": [0.000293011049507, 0.00367519375868, 0.0168444272131, 0.0425496846437, 0.0769031569362, 0.10734347254, 0.108361184597, 0.0903987064958, 0.0787684395909, 0.193643152714, 0.906995415688, 1.04625821114, 0.728275835514, 0.795129716396, 0.843941688538, 0.921014308929, 0.740293562412, 0.703902840614, 6.79716253281, 373.599151611, 401.804901123, 12.2879705429, 2.17212629318, 1.37486493587, 0.698192000389, 0.435380071402, 0.150620251894, 0.936777174473, 0.623232066631, 0.059897210449, 0.483777403831, 0.584953129292, 0.235481902957, 0.207338050008, 0.0100489864126, 0.00141564465594, 0.00145154923666, 7.55676082917e-05, 1.10293694888e-05, 1.92517272808e-05],
        "var": [8.58554685124e-08, 1.35070486067e-05, 0.000283734756522, 0.00181047571823, 0.00591409532353, 0.0115226209164, 0.0117421457544, 0.00817192625254, 0.0062044672668, 0.0374976731837, 0.82264071703, 1.09465634823, 0.530385732651, 0.632231235504, 0.712237596512, 0.848267316818, 0.548034548759, 0.495479226112, 46.2014160156, 139576.328125, 161447.171875, 150.994216919, 4.71813297272, 1.89025354385, 0.487472087145, 0.189555794001, 0.0226864609867, 0.877551496029, 0.388418197632, 0.00358767574653, 0.234040573239, 0.342170149088, 0.0554517284036, 0.0429890677333, 0.000100982120784, 2.00404974748e-06, 2.1069952254e-06, 5.71046365749e-09, 1.21646984153e-10, 3.70628971957e-10]
    },
    "gfcc": {
        "mean": [-506.416259766, 15.1522512436, -87.8909606934, 26.8334732056, 0.852749109268, 13.8780698776, -44.3370666504, 9.14804553986, 8.06590938568, 2.58808135986, -24.4743003845, 3.56507611275, 2.91785120964],
        "cov": [[19491.1640625, 1823.32177734, -3864.72827148, 896.650817871, 3610.51416016, 157.388198853, -2179.14990234, 92.6572875977, 2290.58178711, -311.153259277, -1180.84509277, -279.023162842, 1005.78637695], [1823.32177734, 832.99597168, 336.675231934, 45.3520050049, 55.8490066528, 49.7533187866, -13.202922821, 87.5700302124, -21.3310775757, 6.41831445694, -117.432929993, 27.8256568909, 30.2558269501], [-3864.72827148, 336.675231934, 2286.24267578, -154.988372803, -1867.09680176, 204.963485718, 1109.49658203, 54.4514083862, -1097.96765137, 122.420806885, 409.734436035, 144.990020752, -452.21887207], [896.650817871, 45.3520050049, -154.988372803, 104.018112183, 150.716293335, 31.8173809052, -67.819694519, -10.3738527298, 103.066688538, -15.4582471848, -27.2237892151, -13.6186990738, 32.7632789612], [3610.51416016, 55.8490066528, -1867.09680176, 150.716293335, 1844.09863281, -183.833068848, -1012.69830322, 0.0758035480976, 1003.94165039, -88.5518875122, -424.326141357, -107.720451355, 431.985076904], [157.388198853, 49.7533187866, 204.963485718, 31.8173809052, -183.833068848, 86.8684387207, 104.450035095, 13.0232830048, -66.1989974976, 5.99100255966, 20.8431434631, 16.6877288818, -27.7043228149], [-2179.14990234, -13.202922821, 1109.49658203, -67.819694519, -1012.69830322, 104.450035095, 674.012512207, 3.95266103745, -608.650085449, 62.2662696838, 302.1512146, 53.068145752, -285.368225098], [92.6572875977, 87.5700302124, 54.4514083862, -10.3738527298, 0.0758035480976, 13.0232830048, 3.95266103745, 49.7756690979, 8.62058448792, 13.9930610657, -25.2013683319, 7.43019533157, 7.90476799011], [2290.58178711, -21.3310775757, -1097.96765137, 103.066688538, 1003.94165039, -66.1989974976, -608.650085449, 8.62058448792, 637.237060547, -42.9957427979, -265.929534912, -52.5729064941, 270.744476318], [-311.153259277, 6.41831445694, 122.420806885, -15.4582471848, -88.5518875122, 5.99100255966, 62.2662696838, 13.9930610657, -42.9957427979, 33.6095466614, 33.3379135132, 13.0805797577, -19.9868068695], [-1180.84509277, -117.432929993, 409.734436035, -27.2237892151, -424.326141357, 20.8431434631, 302.1512146, -25.2013683319, -265.929534912, 33.3379135132, 191.23890686, 20.705997467, -136.325302124], [-279.023162842, 27.8256568909, 144.990020752, -13.6186990738, -107.720451355, 16.6877288818, 53.068145752, 7.43019533157, -52.5729064941, 13.0805797577, 20.705997467, 35.5658378601, -3.31776475906], [1005.78637695, 30.2558269501, -452.21887207, 32.7632789612, 431.985076904, -27.7043228149, -285.368225098, 7.90476799011, 270.744476318, -19.9868068695, -136.325302124, -3.31776475906, 151.183837891]],
        "icov": [[0.000805119343568, -0.00312303984538, 0.00374454446137, -0.00205610925332, 0.00190881185699, -0.0031275250949, -0.00104745151475, 0.000858439074364, 0.000183294410817, -0.000926492502913, 0.000648003362585, 0.0014836556511, -0.000968162959907], [-0.00312303984538, 0.015423589386, -0.0174638070166, 0.00523085379973, -0.00975363142788, 0.0122294574976, 0.00593341048807, -0.0065663154237, 0.00131252012216, 0.0045454017818, -0.00101319735404, -0.00497519457713, 0.00320019409992], [0.00374454446137, -0.0174638070166, 0.0294283274561, -0.0103781418875, 0.0116882612929, -0.0166049804538, -0.0118372514844, 0.00677897362038, 0.00979277305305, -0.0183879900724, 0.0155519824475, -0.00894687045366, 0.00357895204797], [-0.00205610925332, 0.00523085379973, -0.0103781418875, 0.0299133062363, -0.00655501754954, -0.00723348231986, 0.0018997262232, 0.00610236125067, -0.0087305791676, 0.00978476833552, -0.0112998224795, 0.00328627321869, 0.00258904602379], [0.00190881185699, -0.00975363142788, 0.0116882612929, -0.00655501754954, 0.0130513021722, 0.000778103712946, -0.00428887736052, 0.00127471308224, -0.00737547921017, -0.000256423780229, 0.000661465281155, 0.00601259246469, -0.00577353406698], [-0.0031275250949, 0.0122294574976, -0.0166049804538, -0.00723348231986, 0.000778103712946, 0.0540928281844, -0.0140400035307, -0.00674255564809, -0.0181190893054, 0.0147457728162, 0.00827677175403, -0.00747932167724, -0.00650463812053], [-0.00104745151475, 0.00593341048807, -0.0118372514844, 0.0018997262232, -0.00428887736052, -0.0140400035307, 0.0454642176628, -0.0161711201072, 0.0138730285689, 0.00162981019821, -0.0302557833493, 0.00413604546338, 0.0144855417311], [0.000858439074364, -0.0065663154237, 0.00677897362038, 0.00610236125067, 0.00127471308224, -0.00674255564809, -0.0161711201072, 0.0448895134032, -0.00556482747197, -0.021726295352, 0.0212296601385, -0.00397036550567, 0.00295840855688], [0.000183294410817, 0.00131252012216, 0.00979277305305, -0.0087305791676, -0.00737547921017, -0.0181190893054, 0.0138730285689, -0.00556482747197, 0.043388299644, -0.0283086020499, 0.00902805291116, -0.0068922014907, 0.000479065318359], [-0.000926492502913, 0.0045454017818, -0.0183879900724, 0.00978476833552, -0.000256423780229, 0.0147457728162, 0.00162981019821, -0.021726295352, -0.0283086020499, 0.080035045743, -0.0328860767186, 0.00900327134877, -0.0124008581042], [0.000648003362585, -0.00101319735404, 0.0155519824475, -0.0112998224795, 0.000661465281155, 0.00827677175403, -0.0302557833493, 0.0212296601385, 0.00902805291116, -0.0328860767186, 0.0604226626456, -0.030933810398, 0.0195566508919], [0.0014836556511, -0.00497519457713, -0.00894687045366, 0.00328627321869, 0.00601259246469, -0.00747932167724, 0.00413604546338, -0.00397036550567, -0.0068922014907, 0.00900327134877, -0.030933810398, 0.0967536866665, -0.0591219738126], [-0.000968162959907, 0.00320019409992, 0.00357895204797, 0.00258904602379, -0.00577353406698, -0.00650463812053, 0.0144855417311, 0.00295840855688, 0.000479065318359, -0.0124008581042, 0.0195566508919, -0.0591219738126, 0.0788916498423]]
    },
    "melbands": {
        "dmean": [3.90877374912e-07, 5.97388236656e-07, 5.83874566473e-07, 4.64589788862e-07, 2.83422707525e-07, 1.424285756e-07, 8.2044387284e-08, 1.86272430369e-07, 5.60837406738e-07, 4.28822062304e-07, 2.42753429802e-07, 2.20577533128e-07, 1.83157069955e-07, 1.87651167494e-07, 1.41584052926e-07, 9.29981425202e-08, 8.05130682124e-08, 1.14432538112e-07, 6.52698645354e-07, 6.56460251776e-05, 1.01544937934e-05, 3.21377825685e-07, 1.52021925715e-07, 1.06478651674e-07, 7.34122806989e-08, 3.92772072644e-08, 2.89610131432e-08, 1.66588076667e-08, 7.12314829343e-09, 1.7633985383e-09, 5.05714297105e-08, 2.98490547834e-08, 2.08910622135e-09, 1.17784182407e-09, 6.3982898979e-09, 4.03113133984e-08, 1.43768428273e-08, 8.2063831286e-09, 1.98382288374e-08, 4.71999639373e-09],
        "dmean2": [4.88574755764e-07, 6.50206914088e-07, 5.97253915657e-07, 4.71285659387e-07, 2.87386143327e-07, 1.4506768764e-07, 8.38890485966e-08, 1.87661285622e-07, 5.62642810564e-07, 4.31000785284e-07, 2.44186708187e-07, 2.21839741243e-07, 1.841941355e-07, 1.88579249993e-07, 1.4229173928e-07, 9.3486058006e-08, 8.07116293799e-08, 1.14798766049e-07, 6.55483802348e-07, 4.37249582319e-05, 6.31440207144e-06, 3.22677578879e-07, 1.52665052155e-07, 1.06954686885e-07, 7.37643190973e-08, 3.94635648604e-08, 2.90804837988e-08, 1.67715281663e-08, 7.17811987627e-09, 1.79760162311e-09, 3.64392249708e-08, 2.60594603674e-08, 2.12104378505e-09, 1.20769849676e-09, 5.19246690089e-09, 2.48006752912e-08, 7.74136843518e-09, 6.23339690975e-09, 1.63978128853e-08, 8.64627924813e-09],
        "dvar": [8.18372106193e-12, 5.88151680136e-11, 6.92658777557e-11, 4.4928245152e-11, 1.67734853784e-11, 4.20375019516e-12, 1.37881318776e-12, 7.35911765554e-12, 6.70826311167e-11, 3.93447774361e-11, 1.25928911396e-11, 1.04022918751e-11, 7.18021952659e-12, 7.53378436025e-12, 4.28763448357e-12, 1.84315952258e-12, 1.37551331002e-12, 2.79430341713e-12, 9.03075808578e-11, 1.27780324988e-07, 2.5334319087e-09, 2.21535498279e-11, 4.95519640945e-12, 2.43057245337e-12, 1.1548839142e-12, 3.2986181603e-13, 1.78942188215e-13, 5.90000528359e-14, 1.06924145305e-14, 6.25261139878e-16, 1.8895711276e-13, 6.92175198993e-14, 9.0143385005e-16, 2.78602821228e-16, 2.30996324397e-15, 1.23479880292e-13, 1.97301959384e-14, 8.7599402016e-15, 4.04410900113e-14, 4.10853754582e-15],
        "dvar2": [6.17719330548e-12, 5.87322482315e-11, 6.94862570261e-11, 4.50800161089e-11, 1.68309272769e-11, 4.22200425662e-12, 1.38372505728e-12, 7.3759297281e-12, 6.70545147186e-11, 3.94700279405e-11, 1.26370875569e-11, 1.04392111275e-11, 7.21002684639e-12, 7.55887626797e-12, 4.30109810615e-12, 1.84651100833e-12, 1.37323377496e-12, 2.79682743978e-12, 9.09649855441e-11, 7.84858826819e-08, 1.3989923664e-09, 2.22267742406e-11, 4.97183891279e-12, 2.43940414743e-12, 1.159109809e-12, 3.30819437599e-13, 1.79233567549e-13, 5.921852635e-14, 1.07052995957e-14, 6.23479723711e-16, 1.03499098127e-13, 5.18793856616e-14, 9.01644125979e-16, 2.78656819578e-16, 1.55735371803e-15, 6.25074468639e-14, 6.03788166451e-15, 4.79072941121e-15, 2.99942633664e-14, 7.60889611815e-15],
        "max": [4.80468515889e-05, 0.000113595007861, 0.00012270679872, 9.88089959719e-05, 6.03785374551e-05, 3.02191128867e-05, 1.73118769453e-05, 4.00144963351e-05, 0.000120964738016, 9.24734922592e-05, 5.23086528119e-05, 4.75413289678e-05, 3.94870694436e-05, 4.04669553973e-05, 3.05329231196e-05, 2.00331960514e-05, 1.7351072529e-05, 2.46884319495e-05, 0.000140447518788, 0.00868156924844, 0.00145739107393, 6.93979818607e-05, 3.28207715938e-05, 2.29827619478e-05, 1.58415041369e-05, 8.46988405101e-06, 6.24365611657e-06, 3.58356942343e-06, 1.52750885718e-06, 3.70445008002e-07, 1.09162474473e-05, 6.43895464236e-06, 4.43722996124e-07, 2.46815659466e-07, 1.36987716814e-06, 8.7018497652e-06, 3.10031100526e-06, 1.76798073426e-06, 4.28140174336e-06, 1.01545049347e-06],
        "mean": [5.15378360433e-07, 6.51237371585e-07, 5.9070265479e-07, 4.66310837055e-07, 2.84496309177e-07, 1.43108962902e-07, 8.27248030077e-08, 1.86514640177e-07, 5.60387093174e-07, 4.27850437745e-07, 2.42284585283e-07, 2.20156010755e-07, 1.82856354058e-07, 1.87305715826e-07, 1.41419093325e-07, 9.30552701561e-08, 8.09294675719e-08, 1.14725530409e-07, 6.63527657707e-07, 0.000362372142263, 6.24863532721e-05, 3.20683142263e-07, 1.51734653286e-07, 1.06275408029e-07, 7.32748546284e-08, 3.92622538925e-08, 2.9012639402e-08, 1.67721694311e-08, 7.23328907881e-09, 1.85251303186e-09, 1.04452254845e-07, 6.44594351229e-08, 2.17295981209e-09, 1.27265942229e-09, 1.78790440231e-08, 7.90403547057e-08, 2.21119051957e-08, 1.06530873012e-08, 3.35151781883e-08, 9.46346023767e-09],
        "median": [2.06468797614e-07, 8.86229116759e-08, 2.02293968243e-08, 8.62483418018e-09, 5.1876964946e-09, 3.02607383595e-09, 2.46661313597e-09, 1.70750957817e-09, 1.43775624739e-09, 1.24831756043e-09, 1.01403230257e-09, 8.98245866576e-10, 8.34818825179e-10, 6.01419081203e-10, 5.29409571737e-10, 5.1882131924e-10, 4.48202364112e-10, 3.3979671854e-10, 3.82535669807e-10, 1.50597543325e-08, 2.80854584034e-09, 2.40428676967e-10, 1.99610258877e-10, 2.03613167993e-10, 1.69673428085e-10, 1.56736665313e-10, 1.5336214243e-10, 1.4576646834e-10, 1.46815615221e-10, 1.27186164378e-10, 1.1028175595e-10, 1.06479158823e-10, 1.04237798948e-10, 1.17196127802e-10, 1.79395193145e-10, 1.17196294336e-10, 9.23511891959e-11, 9.21147741417e-11, 8.78479164412e-11, 8.77120459597e-11],
        "min": [1.59053732641e-13, 8.20284866507e-14, 3.8476393702e-14, 2.96567037963e-14, 3.01276168455e-14, 2.26332251823e-14, 1.71284986655e-14, 7.15273584177e-15, 1.17056829877e-15, 2.58313867512e-16, 8.20938350309e-16, 1.66031321975e-15, 2.75781688e-15, 9.78177025599e-15, 7.24129652454e-15, 7.13506832268e-16, 2.29203303879e-15, 1.30678157284e-15, 1.41545897046e-15, 3.67168453844e-15, 3.29839013056e-15, 1.87275300045e-15, 1.78489217865e-15, 7.61493207493e-15, 7.36520473923e-15, 4.72089747394e-15, 7.62841345132e-15, 4.17032563471e-15, 7.59812101203e-15, 3.14721698409e-15, 2.11103501521e-15, 1.01070004145e-15, 4.45772221965e-15, 4.2290749929e-15, 2.61268159614e-15, 2.97194998544e-15, 3.15429034448e-15, 2.29447482302e-15, 2.30045064046e-15, 2.16290307774e-15],
        "stdev": [3.26853910337e-06, 7.68588233768e-06, 8.30897715787e-06, 6.69138307785e-06, 4.08888672609e-06, 2.04641582968e-06, 1.17229865282e-06, 2.7099529234e-06, 8.19250635686e-06, 6.26291193839e-06, 3.54266694558e-06, 3.21979769069e-06, 2.67431300927e-06, 2.74068474937e-06, 2.06788058676e-06, 1.35675668389e-06, 1.17509625852e-06, 1.672035296e-06, 9.51138554228e-06, 0.00131756428163, 0.000225041119847, 4.70011536891e-06, 2.22284734264e-06, 1.55654765877e-06, 1.07289201878e-06, 5.73631439238e-07, 4.22853986493e-07, 2.42690362029e-07, 1.03442211241e-07, 2.50802063562e-08, 9.25456276946e-07, 5.64075946841e-07, 3.00439992884e-08, 1.67075686619e-08, 1.33239851152e-07, 6.79381685131e-07, 2.31575626231e-07, 1.23271490793e-07, 3.4368042634e-07, 9.54042889134e-08],
