{
"lowlevel": {
    "average_loudness": 0.99068403244,
    "barkbands_crest": {
        "dmean": 0.352757960558,
        "dmean2": 0.339319288731,
        "dvar": 5.69289398193,
        "dvar2": 4.97953462601,
        "max": 26.9511585236,
        "mean": 26.5077972412,
        "median": 26.9147644043,
        "min": 4.24759578705,
        "stdev": 2.54570484161,
        "var": 6.48061323166
    },
    "barkbands_flatness_db": {
        "dmean": 0.0246840659529,
        "dmean2": 0.0229671709239,
        "dvar": 0.00276152440347,
        "dvar2": 0.00163607602008,
        "max": 0.847864806652,
        "mean": 0.699471950531,
        "median": 0.700746655464,
        "min": 0.0473544374108,
        "stdev": 0.105423755944,
        "var": 0.0111141689122
    },
    "barkbands_kurtosis": {
        "dmean": 34.9221343994,
        "dmean2": 38.0151748657,
        "dvar": 4128.76660156,
        "dvar2": 5140.81542969,
        "max": 835.955322266,
        "mean": 455.582946777,
        "median": 533.869689941,
        "min": -0.769345283508,
        "stdev": 248.470367432,
        "var": 61737.5234375
    },
    "barkbands_skewness": {
        "dmean": 0.914327144623,
        "dmean2": 1.07660877705,
        "dvar": 4.41386508942,
        "dvar2": 5.91596746445,
        "max": 25.7906341553,
        "mean": 17.8275222778,
        "median": 19.9760017395,
        "min": -0.893287181854,
        "stdev": 5.67425251007,
        "var": 32.19713974
    },
    "barkbands_spread": {
        "dmean": 1.00835442543,
        "dmean2": 1.01863741875,
        "dvar": 78.3515319824,
        "dvar2": 78.7837371826,
        "max": 80.478553772,
        "mean": 1.06642079353,
        "median": 0.0456081330776,
        "min": 0.0267529431731,
        "stdev": 8.82427787781,
        "var": 77.8678817749
    },
    "dissonance": {
        "dmean": 0.0297978930175,
        "dmean2": 0.0466351807117,
        "dvar": 0.00155418389477,
        "dvar2": 0.00381399993785,
        "max": 0.328946560621,
        "mean": 0.107347741723,
        "median": 0.0968536883593,
        "min": 0.0454779043794,
        "stdev": 0.0439287312329,
        "var": 0.00192973332014
    },
    "dynamic_complexity": 3.7163476944,
    "erbbands_crest": {
        "dmean": 0.535837888718,
        "dmean2": 0.459437042475,
        "dvar": 7.12713241577,
        "dvar2": 4.41479635239,
        "max": 31.5743255615,
        "mean": 30.5826931,
        "median": 31.4305763245,
        "min": 4.10600137711,
        "stdev": 3.42639946938,
        "var": 11.7402133942
    },
    "erbbands_flatness_db": {
        "dmean": 0.0155918924138,
        "dmean2": 0.0135524868965,
        "dvar": 0.00162284204271,
        "dvar2": 0.000952283095103,
        "max": 0.640218853951,
        "mean": 0.560261726379,
        "median": 0.567235291004,
        "min": 0.0745622813702,
        "stdev": 0.0720351114869,
        "var": 0.00518905743957
    },
    "erbbands_kurtosis": {
        "dmean": 2.56543946266,
        "dmean2": 3.00017428398,
        "dvar": 73.2629241943,
        "dvar2": 124.630493164,
        "max": 75.1021118164,
        "mean": 38.6581573486,
        "median": 44.8619537354,
        "min": 0.0456836223602,
        "stdev": 15.418053627,
        "var": 237.716369629
    },
    "erbbands_skewness": {
        "dmean": 0.172529742122,
        "dmean2": 0.209304615855,
        "dvar": 0.664449930191,
        "dvar2": 0.94162529707,
        "max": 6.57518625259,
        "mean": 4.84722423553,
        "median": 5.17182731628,
        "min": -0.715278089046,
        "stdev": 0.903509020805,
        "var": 0.816328585148
    },
    "erbbands_spread": {
        "dmean": 0.701416313648,
        "dmean2": 0.69983792305,
        "dvar": 25.493730545,
        "dvar2": 24.3427791595,
        "max": 47.5802192688,
        "mean": 1.64448583126,
        "median": 0.719290852547,
        "min": 0.520685970783,
        "stdev": 5.18282604218,
        "var": 26.8616847992
    },
    "hfc": {
        "dmean": 0.683771789074,
        "dmean2": 0.349611938,
        "dvar": 0.499191939831,
        "dvar2": 0.372196048498,
        "max": 15.665810585,
        "mean": 3.46494531631,
        "median": 1.91585826874,
        "min": 1.47383716342e-09,
        "stdev": 3.89957070351,
        "var": 15.2066516876
    },
    "loudness_ebu128": {
        "integrated": -23.5717735291,
        "loudness_range": 0,
        "momentary": {
            "dmean": 0.78138846159,
            "dmean2": 0.577717661858,
            "dvar": 0.241422086954,
            "dvar2": 0.0587701387703,
            "max": -19.2162055969,
            "mean": -24.9207820892,
            "median": -25.5731391907,
            "min": -30.9370326996,
            "stdev": 3.46397185326,
            "var": 11.9991016388
        },
        "short_term": {
            "dmean": 0,
            "dmean2": 0,
            "dvar": 0,
            "dvar2": 0,
            "max": -25.3669033051,
            "mean": -25.3669033051,
            "median": -25.3669033051,
            "min": -25.3669033051,
            "stdev": 0,
            "var": 0
        }
    },
    "melbands_crest": {
        "dmean": 0.446533024311,
        "dmean2": 0.42635601759,
        "dvar": 5.13942718506,
        "dvar2": 3.3192024231,
        "max": 30.5093994141,
        "mean": 29.8569545746,
        "median": 30.3183345795,
        "min": 7.47898340225,
        "stdev": 2.73499178886,
        "var": 7.48017978668
    },
    "melbands_flatness_db": {
        "dmean": 0.0246358253062,
        "dmean2": 0.0236887522042,
        "dvar": 0.00356380036101,
        "dvar2": 0.00180666742381,
        "max": 0.926604926586,
        "mean": 0.781873464584,
        "median": 0.783941090107,
        "min": 0.0603094436228,
        "stdev": 0.107175499201,
        "var": 0.011486588046
    },
    "melbands_kurtosis": {
        "dmean": 2.08993124962,
        "dmean2": 2.33307504654,
        "dvar": 38.9430007935,
        "dvar2": 80.8634796143,
        "max": 51.4993019104,
        "mean": 34.0446968079,
        "median": 32.7971611023,
        "min": 0.408304691315,
        "stdev": 8.21236515045,
        "var": 67.4429397583
    },
    "melbands_skewness": {
        "dmean": 0.126502349973,
        "dmean2": 0.0941062420607,
        "dvar": 0.0387641936541,
        "dvar2": 0.0295586641878,
        "max": 5.25270462036,
        "mean": 3.37996792793,
        "median": 3.09739995003,
        "min": 1.3117980957,
        "stdev": 0.960507452488,
        "var": 0.922574579716
    },
    "melbands_spread": {
        "dmean": 1.59500730038,
        "dmean2": 1.61240291595,
        "dvar": 197.620071411,
        "dvar2": 199.085021973,
        "max": 127.891555786,
        "mean": 1.88092899323,
        "median": 0.27152723074,
        "min": 0.245901361108,
        "stdev": 14.0018978119,
        "var": 196.053131104
    },
    "pitch_salience": {
        "dmean": 0.0196025874466,
        "dmean2": 0.0159701947123,
        "dvar": 0.00847795326263,
        "dvar2": 0.005635404028,
        "max": 0.93258202076,
        "mean": 0.0743408799171,
        "median": 0.0453751757741,
        "min": 0.0352946966887,
        "stdev": 0.119654208422,
        "var": 0.0143171288073
    },
    "silence_rate_20dB": {
        "dmean": 0,
        "dmean2": 0,
        "dvar": 0,
        "dvar2": 0,
        "max": 1,
        "mean": 1,
        "median": 1,
        "min": 1,
        "stdev": 0,
        "var": 0
    },
    "silence_rate_30dB": {
        "dmean": 0,
        "dmean2": 0,
        "dvar": 0,
        "dvar2": 0,
        "max": 1,
        "mean": 1,
        "median": 1,
        "min": 1,
        "stdev": 0,
        "var": 0
    },
    "silence_rate_60dB": {
        "dmean": 0.0864197537303,
        "dmean2": 0.17499999702,
        "dvar": 0.0789513811469,
        "dvar2": 0.144375011325,
        "max": 1,
        "mean": 0.207317069173,
        "median": 0,
        "min": 0,
        "stdev": 0.405384659767,
        "var": 0.164336711168
    },
    "spectral_centroid": {
        "dmean": 0.821917295456,
        "dmean2": 0.957894325256,
        "dvar": 14.2433958054,
        "dvar2": 16.0375022888,
        "max": 269.830413818,
        "mean": 236.189239502,
        "median": 235.102600098,
        "min": 218.536392212,
        "stdev": 4.54012537003,
        "var": 20.612739563
    },
    "spectral_complexity": {
        "dmean": 0.111111111939,
        "dmean2": 0.20000000298,
        "dvar": 0.0987655296922,
        "dvar2": 0.159999981523,
        "max": 4,
        "mean": 1.52439022064,
        "median": 1,
        "min": 0,
        "stdev": 0.900211930275,
        "var": 0.810381472111
    },
    "spectral_decrease": {
        "dmean": 7.52436946083e-10,
        "dmean2": 3.89807297552e-10,
        "dvar": 5.98548615026e-19,
        "dvar2": 4.59442685389e-19,
        "max": -1.07730338924e-20,
        "mean": -3.79062248257e-09,
        "median": -2.10439643489e-09,
        "min": -1.71070837496e-08,
        "stdev": 4.24657642384e-09,
        "var": 1.80334125107e-17
    },
    "spectral_energy": {
        "dmean": 0.0029018886853,
        "dmean2": 0.00150293041952,
        "dvar": 8.90446699486e-06,
        "dvar2": 6.83074904373e-06,
        "max": 0.0659870058298,
        "mean": 0.0146209569648,
        "median": 0.00811624340713,
        "min": 1.74341471164e-13,
        "stdev": 0.0163812469691,
        "var": 0.000268345262157
    },
    "spectral_energyband_high": {
        "dmean": 2.49191955959e-08,
        "dmean2": 2.28483596487e-08,
        "dvar": 2.79175655846e-14,
        "dvar2": 1.97110970395e-14,
        "max": 1.80969004759e-06,
        "mean": 3.44500499239e-08,
        "median": 5.62313129393e-09,
        "min": 9.99683598705e-14,
        "stdev": 2.0033922965e-07,
        "var": 4.01358091727e-14
    },
    "spectral_energyband_low": {
        "dmean": 6.37647735857e-06,
        "dmean2": 6.41650603939e-06,
        "dvar": 2.43725173377e-09,
        "dvar2": 2.30905317089e-09,
        "max": 0.000478944100905,
        "mean": 7.11939901521e-06,
        "median": 2.47176842549e-07,
        "min": 1.93805593725e-14,
        "stdev": 5.25908071722e-05,
        "var": 2.76579292802e-09
    },
    "spectral_energyband_middle_high": {
        "dmean": 1.68240819676e-06,
        "dmean2": 1.00753527477e-06,
        "dvar": 1.00517762516e-11,
        "dvar2": 5.71831514432e-12,
        "max": 5.92381002207e-05,
        "mean": 9.69057418843e-06,
        "median": 1.26334361994e-06,
        "min": 2.51783982525e-14,
        "stdev": 1.61767638929e-05,
        "var": 2.61687671532e-10
    },
    "spectral_energyband_middle_low": {
        "dmean": 0.00290430523455,
        "dmean2": 0.00150633207522,
        "dvar": 8.93216383702e-06,
        "dvar2": 6.94075924912e-06,
        "max": 0.0659332573414,
        "mean": 0.014606166631,
        "median": 0.00811209343374,
        "min": 1.43919249483e-14,
        "stdev": 0.0163674652576,
        "var": 0.000267893919954
    },
    "spectral_entropy": {
        "dmean": 0.129498109221,
        "dmean2": 0.105168007314,
        "dvar": 0.195089414716,
        "dvar2": 0.10499342531,
        "max": 7.76396942139,
        "mean": 2.88051581383,
        "median": 2.70322418213,
        "min": 2.37126660347,
        "stdev": 0.718723893166,
        "var": 0.516564011574
    },
    "spectral_flux": {
        "dmean": 0.0055458326824,
        "dmean2": 0.00598256196827,
        "dvar": 5.81122767471e-05,
        "dvar2": 0.000102107413113,
        "max": 0.106324650347,
        "mean": 0.0145263588056,
        "median": 0.0104073490947,
        "min": 0.000662130711135,
        "stdev": 0.0153469722718,
        "var": 0.000235529543716
    },
    "spectral_kurtosis": {
        "dmean": 73.4245147705,
        "dmean2": 94.3671722412,
        "dvar": 6343.29882812,
        "dvar2": 9534.92089844,
        "max": 864.915222168,
        "mean": 276.807128906,
        "median": 236.004699707,
        "min": 3.0476641655,
        "stdev": 138.454391479,
        "var": 19169.6171875
    },
    "spectral_rms": {
        "dmean": 0.000393410533434,
        "dmean2": 0.000200793001568,
        "dvar": 8.25178645414e-08,
        "dvar2": 1.10795383534e-07,
        "max": 0.00802356284112,
        "mean": 0.00327706616372,
        "median": 0.00281393597834,
        "min": 1.30418271738e-08,
        "stdev": 0.00187754852232,
        "var": 3.5251882764e-06
    },
    "spectral_rolloff": {
        "dmean": 213.471130371,
        "dmean2": 216.408691406,
        "dvar": 3599810.25,
        "dvar2": 3634893.25,
        "max": 17441.8945312,
        "mean": 447.733032227,
        "median": 236.865234375,
        "min": 236.865234375,
        "stdev": 1888.24890137,
        "var": 3565483.75
    },
    "spectral_skewness": {
        "dmean": 1.6975864172,
        "dmean2": 2.35409855843,
        "dvar": 2.46397590637,
        "dvar2": 2.73670053482,
        "max": 23.7794418335,
        "mean": 14.3908538818,
        "median": 13.9413280487,
        "min": 1.99113273621,
        "stdev": 3.55405879021,
        "var": 12.6313343048
    },
    "spectral_spread": {
        "dmean": 563346.75,
        "dmean2": 535769.125,
        "dvar": 6.66415661056e+12,
        "dvar2": 5.52330225254e+12,
        "max": 26899400,
        "mean": 1121267.125,
        "median": 828455.5,
        "min": 110908.398438,
        "stdev": 2895877.25,
        "var": 8.3861045248e+12
    },
    "spectral_strongpeak": {
        "dmean": 0.131514206529,
        "dmean2": 0.0754364281893,
        "dvar": 0.0195152126253,
        "dvar2": 0.0315405651927,
        "max": 2.49667620659,
        "mean": 1.01601493359,
        "median": 0.873257040977,
        "min": 0,
        "stdev": 0.594724178314,
        "var": 0.353696852922
    },
    "zerocrossingrate": {
        "dmean": 0.00603419169784,
        "dmean2": 0.00596313457936,
        "dvar": 0.00241614156403,
        "dvar2": 0.00230147060938,
        "max": 0.48095703125,
        "mean": 0.0167802013457,
        "median": 0.0107421875,
        "min": 0.0078125,
        "stdev": 0.051666136831,
        "var": 0.00266938982531
    },
    "barkbands": {
        "dmean": [3.4106724911e-07, 1.65632616245e-06, 2.37303811446e-06, 7.30330157239e-06, 0.00290978956036, 1.34201600304e-05, 5.34094670002e-06, 6.26564030881e-07, 1.35216896524e-05, 1.65592538792e-07, 1.52234406414e-06, 1.87146191877e-08, 1.15932436984e-08, 3.9235160898e-08, 1.64057894381e-07, 1.18127921667e-07, 2.26243201951e-08, 2.43826003832e-09, 2.71698419319e-09, 2.59239190115e-08, 7.91277532386e-09, 8.69103067291e-10, 5.82510539804e-10, 8.88680296018e-10, 3.40104888696e-10, 3.80746295603e-10, 3.76587122597e-10],
        "dmean2": [4.00045507831e-07, 1.71521719494e-06, 2.37086942434e-06, 7.73225110606e-06, 0.00152255943976, 1.3489322555e-05, 4.58455588159e-06, 5.46255762401e-07, 7.40342056815e-06, 1.70727588511e-07, 9.5874543149e-07, 1.82420532013e-08, 1.43332901104e-08, 3.74513398071e-08, 1.67411485563e-07, 1.21629767591e-07, 2.33915873338e-08, 2.73710143439e-09, 2.98625346673e-09, 1.89788202931e-08, 8.184561473e-09, 1.03801744977e-09, 7.52366946521e-10, 1.03927388917e-09, 5.02257457846e-10, 5.82556614059e-10, 5.95498428346e-10],
        "dvar": [3.64382569257e-12, 1.50993731407e-10, 2.86236673253e-10, 3.42683392773e-09, 9.04804983293e-06, 1.23816459308e-08, 1.87034193688e-10, 1.90063364353e-11, 5.2814880247e-10, 4.09390240892e-13, 7.61091623752e-12, 1.478047929e-15, 3.90851283291e-15, 6.97106760338e-14, 2.03240809599e-12, 1.05057661789e-12, 3.7369040425e-14, 2.56778514416e-16, 3.36622434063e-16, 2.53857807171e-14, 4.25632277226e-15, 1.62452912175e-17, 4.41067840018e-18, 2.0351561362e-17, 9.98808698936e-19, 1.24767312066e-18, 1.08328958547e-18],
        "dvar2": [3.40005280874e-12, 1.39157810275e-10, 2.58735172176e-10, 3.52284379446e-09, 7.54700522521e-06, 1.19446523783e-08, 1.70044520131e-10, 1.18523784537e-11, 2.98126273668e-10, 3.58502832455e-13, 5.24644520536e-12, 1.83073021363e-15, 3.93315090376e-15, 5.34806912839e-14, 2.06203760664e-12, 1.07179098496e-12, 3.79520396501e-14, 2.69074812302e-16, 3.42324818682e-16, 1.05276623871e-14, 4.28178627672e-15, 1.81343881025e-17, 6.48262769547e-18, 1.9666945328e-17, 2.42785119846e-18, 3.12441275446e-18, 2.67546564688e-18],
        "max": [1.81444320333e-05, 0.00012060366862, 0.00017392411246, 0.000531893922016, 0.0653871446848, 0.00104315928183, 0.000154255089001, 4.79371992697e-05, 0.000481376220705, 7.45952957004e-06, 5.50920740352e-05, 7.30408032723e-07, 6.86243424752e-07, 2.73568593911e-06, 1.3007036614e-05, 9.35737625696e-06, 1.76597711743e-06, 1.46258386735e-07, 1.70009613498e-07, 1.99908527065e-06, 6.0048580508e-07, 3.76565942872e-08, 1.79542052337e-08, 4.48645671725e-08, 6.87693990642e-09, 7.50659800985e-09, 7.15962222841e-09],
        "mean": [4.64531780153e-07, 1.86755619325e-06, 2.77617755273e-06, 7.1076246968e-06, 0.0144873419777, 1.40193506013e-05, 2.40211975324e-05, 7.66801463215e-07, 7.28323866497e-05, 5.82949667205e-07, 8.64015237312e-06, 1.01536365094e-07, 2.21417391089e-08, 5.18571567909e-08, 1.70936218069e-07, 1.23197565927e-07, 2.41839828163e-08, 3.09728531711e-09, 3.32537575254e-09, 3.67370631693e-08, 8.79130546139e-09, 1.42571721096e-09, 1.04386999045e-09, 1.45620027148e-09, 8.11463618522e-10, 8.89359752509e-10, 9.97553262216e-10],
        "median": [1.05263090688e-07, 1.82470678567e-08, 1.22132391311e-07, 1.75852647999e-08, 0.0080720577389, 1.64929389257e-07, 4.44886063633e-06, 2.6418060628e-08, 1.39364501592e-05, 6.59406893533e-08, 1.17589672755e-06, 2.22992513343e-09, 2.3376465208e-09, 2.59149901538e-09, 2.06735339958e-09, 1.46569090198e-09, 1.06765729591e-09, 9.97587568108e-10, 8.86932804978e-10, 9.70481250917e-10, 9.03768337945e-10, 6.90670576287e-10, 5.61633184404e-10, 5.9652904838e-10, 6.36053765213e-10, 7.11831094069e-10, 8.34596725063e-10],
        "min": [6.28304645724e-15, 8.86479949234e-15, 5.12933676111e-15, 4.28554837356e-15, 6.78160877945e-15, 2.43339267329e-15, 5.02304143189e-16, 9.90578032639e-17, 1.80103080327e-16, 6.4365059574e-16, 1.50692529388e-15, 2.92980755521e-15, 3.18949705717e-15, 2.6705640161e-15, 5.5828390481e-15, 3.4408123679e-15, 9.68974986715e-16, 6.99153276641e-16, 3.11019190342e-15, 3.68280099884e-15, 3.46124280258e-15, 9.95474963041e-15, 1.03842470037e-14, 1.42884276866e-14, 1.37480096548e-14, 2.56813799691e-14, 2.27421688659e-14],
        "stdev": [1.99375722332e-06, 1.32545073939e-05, 1.92059851543e-05, 5.83540968364e-05, 0.0162239745259, 0.000114425645734, 3.94681810576e-05, 5.33888487553e-06, 0.000122362398542, 1.1355263041e-06, 1.46260299516e-05, 2.18687915776e-07, 7.85517570989e-08, 3.02164210098e-07, 1.42650435464e-06, 1.02621095266e-06, 1.93575019125e-07, 1.5986381996e-08, 1.85912121253e-08, 2.30131462331e-07, 6.5768269053e-08, 4.16899625932e-09, 2.12739759142e-09, 4.92990137602e-09, 7.80632392061e-10, 8.19308232369e-10, 7.59015961194e-10],
        "var": [3.97506767086e-12, 1.75681968972e-10, 3.6886985133e-10, 3.40520056596e-09, 0.000263217370957, 1.30932287234e-08, 1.55773738353e-09, 2.85036907272e-11, 1.49725583043e-08, 1.28941995969e-12, 2.13920756109e-10, 4.7824405162e-14, 6.17037836976e-15, 9.13032128201e-14, 2.03491455457e-12, 1.0531089889e-12, 3.74712874661e-14, 2.55564398565e-16, 3.45633170556e-16, 5.29604876935e-14, 4.32546522471e-15, 1.73805304338e-17, 4.52582028709e-18, 2.43039295905e-17, 6.09386955798e-19, 6.71265959278e-19, 5.76105240454e-19]
    },
    "erbbands": {
        "dmean": [5.00978057971e-05, 0.000462186784716, 0.00309706665576, 0.045135229826, 2.36396145821, 17.3601894379, 1.97788619995, 0.153604194522, 0.0599503219128, 0.067924708128, 0.0249181706458, 0.386434525251, 0.0839814171195, 0.0589143559337, 0.0127514656633, 0.00125213537831, 0.000538778665941, 0.00170837435871, 0.00592037849128, 0.0083273164928, 0.00521727697924, 0.00131248089019, 0.000217242632061, 8.33274098113e-05, 0.000303075794363, 0.0015020314604, 0.000554677913897, 0.000178741334821, 4.02175573981e-05, 1.84009604709e-05, 1.75951590791e-05, 2.63795718638e-05, 1.00620536614e-05, 4.88139585286e-06, 3.01818363369e-06, 2.19795424528e-06, 1.21256982766e-06, 2.72950160252e-07, 1.32213801862e-06, 3.18115462505e-06],
        "dmean2": [5.23468588653e-05, 0.000448945065727, 0.00254810485058, 0.0281671881676, 1.39304673672, 8.95611858368, 0.829973399639, 0.10717843473, 0.0533648952842, 0.0548590496182, 0.0150571614504, 0.214192390442, 0.0423394888639, 0.0373896770179, 0.00780885899439, 0.000950485642534, 0.000591247400735, 0.00167586398311, 0.00606408482417, 0.00856948085129, 0.0053717745468, 0.00135664537083, 0.000233245969866, 9.72157067736e-05, 0.000280834006844, 0.00105107785203, 0.000525597133674, 0.000185812736163, 4.59360235254e-05, 2.35182233155e-05, 2.16711650864e-05, 2.95051468129e-05, 1.20867507576e-05, 5.78031904297e-06, 3.29760882778e-06, 2.1492412543e-06, 1.13637975119e-06, 3.72323228248e-07, 6.50133642921e-07, 1.64283153481e-06],
        "dvar": [9.21916480934e-08, 9.32419334276e-06, 0.000253591511864, 0.0101353488863, 6.13148593903, 330.630828857, 4.15503931046, 0.504905819893, 0.0586979463696, 0.0244990251958, 0.0080106081441, 0.452544987202, 0.0201061498374, 0.0119587518275, 0.000532737001777, 5.4502547755e-06, 6.4088221734e-06, 0.00016425094509, 0.00246024085209, 0.00524973403662, 0.0020579949487, 0.000125632272102, 2.58576278611e-06, 2.12776257058e-07, 4.24925519837e-06, 8.07454489404e-05, 1.82244384632e-05, 1.9879582851e-06, 4.56136213245e-08, 3.47627082675e-09, 4.36079217181e-09, 2.39347599518e-08, 1.04585851091e-09, 1.55141594016e-10, 3.95885581261e-11, 1.85434098632e-11, 3.9764858073e-12, 4.83316294972e-13, 1.78890680481e-12, 1.06859928892e-11],
        "dvar2": [8.29950437264e-08, 8.5545307229e-06, 0.000223767317948, 0.00780217116699, 4.63392734528, 290.443054199, 2.11070132256, 0.437004238367, 0.0566891543567, 0.0203258711845, 0.00395674584433, 0.290711730719, 0.00809380691499, 0.00862201116979, 0.000286025548121, 5.70185693505e-06, 5.9089129536e-06, 0.000146715872688, 0.00238661002368, 0.00534069444984, 0.00209866208024, 0.000128304527607, 2.65609332928e-06, 2.27563504041e-07, 3.07599043481e-06, 3.04609075101e-05, 1.536203672e-05, 1.976924068e-06, 4.66639065166e-08, 5.90000492906e-09, 5.61715918224e-09, 2.291455381e-08, 1.36159283848e-09, 3.79864362188e-10, 9.23528961638e-11, 4.48965933875e-11, 9.14525746798e-12, 1.18654771338e-12, 1.30960867151e-12, 8.16962209688e-12],
        "max": [0.00298793008551, 0.0308173261583, 0.173215031624, 1.13764238358, 54.818397522, 386.001617432, 43.4963760376, 7.2856221199, 2.56077218056, 1.99433100224, 1.16907691956, 13.4282188416, 3.15980172157, 2.12599444389, 0.509056091309, 0.0515759214759, 0.0305196978152, 0.126389697194, 0.462255269289, 0.662062287331, 0.413968145847, 0.102360606194, 0.01473719161, 0.00426981132478, 0.0220316760242, 0.115848645568, 0.0428289808333, 0.0130844563246, 0.00203140685335, 0.000470018247142, 0.000615142227616, 0.00151585286949, 0.000306121626636, 8.585274918e-05, 4.55529989267e-05, 3.417823973e-05, 2.03787130886e-05, 4.82241102873e-06, 3.00624978991e-05, 7.23564444343e-05],
        "mean": [8.57099221321e-05, 0.000808299519122, 0.00778504041955, 0.188139751554, 11.9123630524, 85.9131164551, 9.92227268219, 0.460310459137, 0.217432528734, 0.318358838558, 0.0916131436825, 2.03955125809, 0.477920293808, 0.330653965473, 0.081139780581, 0.00747892772779, 0.00140109425411, 0.00228459201753, 0.00649711862206, 0.00877683237195, 0.00545415002853, 0.00141259247903, 0.000263788271695, 0.000118645126349, 0.000390735571273, 0.00218627834693, 0.00065502722282, 0.000209902078495, 6.576062151e-05, 3.76563330065e-05, 3.68943183275e-05, 4.53877837572e-05, 2.42498081207e-05, 1.69024933712e-05, 1.31378128572e-05, 9.69045049715e-06, 5.55312226425e-06, 1.03148670405e-06, 6.75896717439e-06, 1.60413492267e-05],
        "median": [2.43769027293e-05, 0.000200466311071, 0.00310869095847, 0.096882365644, 6.57952165604, 46.9753341675, 5.44544029236, 0.205804139376, 0.0520436987281, 0.0631953477859, 0.0155878029764, 0.392382383347, 0.0891842097044, 0.0453421398997, 0.0111324312165, 0.000538779771887, 0.00018605736841, 0.000148575127241, 0.000138584844535, 0.000113499016152, 9.0994493803e-05, 6.61976519041e-05, 6.31154689472e-05, 5.02309339936e-05, 4.90071251988e-05, 5.00498572364e-05, 4.13681846112e-05, 3.45857115462e-05, 3.2425756217e-05, 2.40047120315e-05, 1.94663589355e-05, 1.89891125046e-05, 1.58326292876e-05, 1.31289334604e-05, 1.03331985883e-05, 6.68005532134e-06, 3.86368355976e-06, 8.43949351292e-07, 3.79205516765e-06, 8.90920455277e-06],
        "min": [3.32782466948e-13, 1.75827353979e-12, 5.40060791226e-12, 1.12755256521e-11, 1.8162376117e-11, 2.32550038254e-11, 2.35484999556e-11, 1.81883518663e-11, 1.00191825322e-11, 3.93848235275e-12, 2.24231765968e-12, 3.91049042106e-12, 1.22589056961e-11, 3.66789168482e-11, 7.82392345355e-11, 1.25492352621e-10, 1.47022102825e-10, 1.3373029073e-10, 2.20672508044e-10, 3.06163122632e-10, 1.22394552826e-10, 6.30538815605e-11, 5.36770454473e-11, 6.89009613253e-11, 1.61735666526e-10, 1.58439025788e-10, 1.99837785209e-10, 1.52155607558e-10, 4.26943147502e-10, 2.52848381121e-10, 3.38438249647e-10, 4.27129887015e-10, 1.54968080035e-10, 1.60207666577e-10, 7.99273217056e-11, 7.34471025665e-11, 6.72235322963e-11, 1.39348732206e-11, 3.16259995622e-12, 3.15102083965e-13],
        "stdev": [0.000327586836647, 0.00337850465439, 0.0194800160825, 0.22288325429, 13.3097715378, 96.4142608643, 10.9386100769, 0.864825189114, 0.388554662466, 0.514621436596, 0.176070362329, 3.43650722504, 0.79424893856, 0.561074793339, 0.13575643301, 0.0144786797464, 0.00377041706815, 0.0138793056831, 0.0506783053279, 0.0726042464375, 0.0453978404403, 0.0112192062661, 0.0016108622076, 0.000468317070045, 0.00243695802055, 0.0134825026616, 0.00470989849418, 0.0014317081077, 0.000222305272473, 5.9745136241e-05, 7.1292372013e-05, 0.000165646968526, 3.63492581528e-05, 1.42439366755e-05, 1.03794145616e-05, 8.00400630396e-06, 4.73338695883e-06, 7.35787864414e-07, 7.43217060517e-06, 1.79602029675e-05],
        "var": [1.07313134379e-07, 1.1414294022e-05, 0.00037947105011, 0.0496769472957, 177.150024414, 9295.70898438, 119.653198242, 0.747922599316, 0.150974720716, 0.264835208654, 0.0310007706285, 11.8095817566, 0.630831420422, 0.314804911613, 0.0184298083186, 0.00020963215502, 1.4216044292e-05, 0.000192635125131, 0.00256829080172, 0.00527137611061, 0.00206096377224, 0.000125870588818, 2.59487705989e-06, 2.19320881456e-07, 5.93876393395e-06, 0.000181777882972, 2.21831451199e-05, 2.04978800866e-06, 4.94196363832e-08, 3.56948137714e-09, 5.08260189491e-09, 2.74389204691e-08, 1.32126865005e-09, 2.02889732792e-10, 1.07732253674e-10, 6.40641220628e-11, 2.2404952893e-11, 5.41383778085e-13, 5.52371585971e-11, 3.22568916022e-10]
    },
    "gfcc": {
        "mean": [-415.211456299, 201.379455566, 8.36088180542, -39.8637237549, -77.6002349854, -46.5409812927, -32.2992897034, -33.7257804871, -44.9954376221, -51.8749389648, -33.366985321, -15.3369960785, 17.9360179901],
        "cov": [[12516.7480469, 2896.15771484, -557.094543457, -873.259765625, -529.063049316, -402.689453125, -164.594970703, -355.60836792, -351.406188965, -327.871337891, -282.980133057, -345.188964844, 341.695678711], [2896.15771484, 852.775268555, 54.3118247986, -392.780975342, -200.312561035, -119.864402771, -14.1216182709, -87.4562683105, -115.479217529, -143.599609375, -96.3586654663, -83.2570266724, 115.515144348], [-557.094543457, 54.3118247986, 430.144714355, -125.694046021, -122.540908813, -61.0535125732, -7.80784034729, 7.10364198685, -84.9259414673, -137.13861084, -28.3340263367, 61.665599823, -14.3122406006], [-873.259765625, -392.780975342, -125.694046021, 350.231719971, 95.1597518921, 11.1009140015, -40.3800239563, 28.762840271, 44.1306915283, 75.7813720703, 43.4447097778, 33.4415664673, -62.8217964172], [-529.063049316, -200.312561035, -122.540908813, 95.1597518921, 100.102233887, 62.0595703125, 22.0232505798, 20.2086658478, 68.8297195435, 83.4300689697, 38.7115058899, -2.09981131554, -14.933385849], [-402.689453125, -119.864402771, -61.0535125732, 11.1009140015, 62.0595703125, 61.9324111938, 26.2074985504, 17.7037296295, 47.1051025391, 58.9269371033, 25.820734024, -1.4478058815, -8.21746730804], [-164.594970703, -14.1216182709, -7.80784034729, -40.3800239563, 22.0232505798, 26.2074985504, 33.0671882629, 5.63254356384, 19.1143455505, 21.5033550262, 11.8261556625, -11.0031242371, 9.93239879608], [-355.60836792, -87.4562683105, 7.10364198685, 28.762840271, 20.2086658478, 17.7037296295, 5.63254356384, 14.9704065323, 15.0409851074, 16.8863639832, 10.4611473083, 10.2363471985, -10.3971071243], [-351.406188965, -115.479217529, -84.9259414673, 44.1306915283, 68.8297195435, 47.1051025391, 19.1143455505, 15.0409851074, 58.3104400635, 59.6791801453, 25.0926437378, -4.15212583542, -2.73157572746], [-327.871337891, -143.599609375, -137.13861084, 75.7813720703, 83.4300689697, 58.9269371033, 21.5033550262, 16.8863639832, 59.6791801453, 84.8994979858, 31.6291904449, -12.6489305496, -6.50509166718], [-282.980133057, -96.3586654663, -28.3340263367, 43.4447097778, 38.7115058899, 25.820734024, 11.8261556625, 10.4611473083, 25.0926437378, 31.6291904449, 19.8912525177, 2.93460488319, -10.203458786], [-345.188964844, -83.2570266724, 61.665599823, 33.4415664673, -2.09981131554, -1.4478058815, -11.0031242371, 10.2363471985, -4.15212583542, -12.6489305496, 2.93460488319, 25.530714035, -20.3893566132], [341.695678711, 115.515144348, -14.3122406006, -62.8217964172, -14.933385849, -8.21746730804, 9.93239879608, -10.3971071243, -2.73157572746, -6.50509166718, -10.203458786, -20.3893566132, 25.5946807861]],
        "icov": [[0.00650082761422, -0.0346504673362, 0.013055736199, -0.00738857500255, -0.0144918393344, -0.0066838003695, 0.00642816489562, 0.0162633638829, 0.0227378122509, 0.0023941595573, -0.0347447954118, -0.0282912664115, 0.0189210101962], [-0.0346504673362, 0.211187392473, -0.0637809708714, 0.0721720904112, 0.112615533173, 0.0738046690822, 0.0291967894882, -0.0513704121113, -0.107902996242, -0.0556804351509, 0.0891465693712, 0.125780463219, -0.181793227792], [0.013055736199, -0.0637809708714, 0.0526510514319, -0.00216328795068, 0.00416699703783, 0.00660575879738, 0.00324621074833, 0.0538031160831, 0.0733802914619, -0.0206841286272, -0.146292209625, -0.195806145668, -0.0488875135779], [-0.00738857500255, 0.0721720904112, -0.00216328795068, 0.108438372612, 0.0509751699865, 0.198602154851, 0.104690663517, 0.01864875108, 0.00669637555256, -0.189035072923, -0.163603961468, -0.091778382659, -0.0873509123921], [-0.0144918393344, 0.112615533173, 0.00416699703783, 0.0509751699865, 0.288760572672, 0.0678251981735, 0.00596976419911, 0.113312236965, -0.119483523071, -0.148101955652, -0.164452880621, -0.137608990073, -0.178951337934], [-0.0066838003695, 0.0738046690822, 0.00660575879738, 0.198602154851, 0.0678251981735, 0.521657168865, 0.0705427005887, 0.0802916362882, 0.00182711635716, -0.494239717722, -0.231799945235, -0.322324633598, -0.0150100337341], [0.00642816489562, 0.0291967894882, 0.00324621074833, 0.104690663517, 0.00596976419911, 0.0705427005887, 0.391692847013, -0.0599244497716, 0.0744268000126, -0.036415990442, -0.442638635635, 0.138481587172, -0.176480904222], [0.0162633638829, -0.0513704121113, 0.0538031160831, 0.01864875108, 0.113312236965, 0.0802916362882, -0.0599244497716, 0.548359930515, 0.105710282922, -0.335885256529, -0.184923216701, -0.653196334839, -0.239671170712], [0.0227378122509, -0.107902996242, 0.0733802914619, 0.00669637555256, -0.119483523071, 0.00182711635716, 0.0744268000126, 0.105710282922, 0.327283412218, -0.120262086391, -0.274687021971, -0.442076176405, -0.271471470594], [0.0023941595573, -0.0556804351509, -0.0206841286272, -0.189035072923, -0.148101955652, -0.494239717722, -0.036415990442, -0.335885256529, -0.120262086391, 0.743585586548, 0.265654057264, 0.749481081963, 0.255495131016], [-0.0347447954118, 0.0891465693712, -0.146292209625, -0.163603961468, -0.164452880621, -0.231799945235, -0.442638635635, -0.184923216701, -0.274687021971, 0.265654057264, 1.20695996284, 0.584113359451, 0.489105224609], [-0.0282912664115, 0.125780463219, -0.195806145668, -0.091778382659, -0.137608990073, -0.322324633598, 0.138481587172, -0.653196334839, -0.442076176405, 0.749481081963, 0.584113359451, 1.82520067692, 0.802565336227], [0.0189210101962, -0.181793227792, -0.0488875135779, -0.0873509123921, -0.178951337934, -0.0150100337341, -0.176480904222, -0.239671170712, -0.271471470594, 0.255495131016, 0.489105224609, 0.802565336227, 1.09739756584]]
    },
    "melbands": {
        "dmean": [4.39717553036e-07, 1.04546461444e-06, 3.19379250868e-05, 0.000744422373828, 0.00019924013759, 2.04325533559e-06, 9.71281565398e-07, 6.02898580837e-07, 1.50471620941e-07, 2.65586368187e-06, 3.49938687805e-07, 2.07684635711e-07, 9.77714407213e-08, 2.23917062669e-09, 1.42027689609e-09, 1.57347934682e-09, 3.12975156902e-09, 7.90106913229e-09, 1.30621096162e-08, 9.68943147939e-09, 5.20776088919e-09, 1.48465484351e-09, 3.13076231606e-10, 8.47350523081e-11, 5.74638045481e-11, 1.12816721243e-10, 4.98603991428e-10, 1.09127507031e-09, 3.61319890674e-10, 2.08806250068e-10, 6.65376850839e-11, 2.08624333087e-11, 1.48271499245e-11, 8.08676476477e-12, 8.10796482037e-12, 1.57875327395e-11, 1.63282304344e-11, 7.04803793453e-12, 4.4532376918e-12, 3.37930876858e-12],
        "dmean2": [4.70358088478e-07, 1.06220431917e-06, 1.90083919733e-05, 0.00039869119064, 9.79210744845e-05, 2.03502850127e-06, 8.92365392247e-07, 4.88072544158e-07, 1.13825208814e-07, 1.46982972637e-06, 1.91059442045e-07, 1.34322391432e-07, 6.10941768286e-08, 2.31367613956e-09, 1.28237043207e-09, 1.90815985235e-09, 3.04374370153e-09, 8.05271227478e-09, 1.33661597346e-08, 9.99056659623e-09, 5.37879785156e-09, 1.54220314297e-09, 3.3429420343e-10, 9.84472087184e-11, 6.97636809432e-11, 1.22802809588e-10, 4.00535216105e-10, 7.4880013301e-10, 3.51645462748e-10, 2.18812343245e-10, 7.08881078837e-11, 2.46223423594e-11, 1.84059434361e-11, 1.12349582762e-11, 1.11674645226e-11, 1.82108772506e-11, 1.87959144776e-11, 8.94115510797e-12, 6.47751427149e-12, 5.04068531706e-12],
        "dvar": [1.0051664362e-11, 5.78481360036e-11, 1.45631595672e-09, 6.0674415181e-07, 4.10254976657e-08, 2.84601980871e-10, 1.1642910594e-11, 2.05142500209e-12, 4.61882864854e-13, 2.11039848791e-11, 3.49905434488e-13, 1.5113668509e-13, 2.93804694115e-14, 2.15993467724e-17, 1.72769459144e-17, 8.44336404632e-17, 5.03308247808e-16, 4.03325113989e-15, 1.29555120768e-14, 7.06425520362e-15, 2.03836424702e-15, 1.60016924828e-16, 5.92062960677e-18, 2.45738583733e-19, 8.28685822774e-20, 5.97962816056e-19, 1.01084233637e-17, 4.19917179171e-17, 8.24042372027e-18, 2.98553491988e-18, 2.48531197179e-19, 1.05452312598e-20, 3.61586697089e-21, 5.55082064311e-22, 5.91957941616e-22, 7.40805508261e-21, 9.89838652208e-21, 5.98372579845e-22, 1.7718120116e-22, 9.5995833535e-23],
        "dvar2": [9.25742295321e-12, 5.34913953409e-11, 9.26999199624e-10, 5.19227739915e-07, 3.02710319033e-08, 2.68489647182e-10, 1.12624215509e-11, 1.63907017299e-12, 2.56560777397e-13, 1.31706841613e-11, 1.73743533666e-13, 1.10669198144e-13, 1.74617078745e-14, 2.67433629719e-17, 1.45007077486e-17, 8.44321912427e-17, 4.2327829855e-16, 3.75761857204e-15, 1.31499925356e-14, 7.20755157895e-15, 2.07845241059e-15, 1.63409569715e-16, 6.0235809194e-18, 2.64499427766e-19, 9.55267979443e-20, 5.93572244762e-19, 5.17939223268e-18, 1.54214606864e-17, 7.42493116977e-18, 3.02155574042e-18, 2.50970552806e-19, 1.08290374126e-20, 4.53728154979e-21, 1.33992616553e-21, 1.11009980806e-21, 7.04165526873e-21, 9.70150138042e-21, 7.1807708515e-22, 4.39403551657e-22, 2.35007646386e-22],
        "max": [3.06935144181e-05, 7.71124468883e-05, 0.000703140627593, 0.0166864451021, 0.00451823789626, 0.000159703500685, 3.70160123566e-05, 1.73361895577e-05, 8.30951103126e-06, 9.27922446863e-05, 1.2590674487e-05, 7.48983802623e-06, 3.70421571461e-06, 8.75962200553e-08, 6.98638729091e-08, 9.84593100384e-08, 2.25290378353e-07, 6.03318426329e-07, 1.03917466276e-06, 7.67479207298e-07, 4.11887100427e-07, 1.15463819839e-07, 2.23147171852e-08, 4.52738246892e-09, 2.58652166352e-09, 7.22075421677e-09, 3.77716382616e-08, 8.4355043839e-08, 2.79182419405e-08, 1.58601469735e-08, 4.59787852236e-09, 9.79259451306e-10, 5.43498968053e-10, 1.50514919972e-10, 1.78531370243e-10, 8.57813153843e-10, 9.52799950049e-10, 2.32920044363e-10, 8.96348620327e-11, 6.67759181283e-11],
        "mean": [4.79756693039e-07, 1.21654181839e-06, 0.000152303415234, 0.00368574913591, 0.00101881450973, 2.17678939407e-06, 3.83369979318e-06, 2.77038930108e-06, 4.28925233109e-07, 1.40579049912e-05, 1.8838595679e-06, 1.16544890716e-06, 5.85140924159e-07, 1.23336212354e-08, 5.49980683218e-09, 2.95659430272e-09, 4.06257960606e-09, 8.94001406238e-09, 1.36974023235e-08, 1.01427675148e-08, 5.40615641142e-09, 1.57556645508e-09, 3.61362245682e-10, 1.1409938272e-10, 7.95209315063e-11, 1.36955169427e-10, 6.73644751092e-10, 1.60484736611e-09, 4.09720035677e-10, 2.3016011319e-10, 7.90108325988e-11, 3.35853150846e-11, 2.40616138125e-11, 1.57069617729e-11, 1.57024514919e-11, 2.44160767993e-11, 2.34186819242e-11, 1.22001679592e-11, 8.76597579247e-12, 7.57146949304e-12],
        "median": [1.37353382001e-08, 4.31436575354e-08, 8.18486441858e-05, 0.00201002694666, 0.000566742615774, 3.36002621282e-08, 6.68256120662e-07, 5.22043137607e-07, 6.56919070252e-08, 2.70093937615e-06, 3.51391065578e-07, 1.56919838901e-07, 7.99066839363e-08, 3.18275794609e-10, 2.62631305592e-10, 2.30635052723e-10, 2.25915411378e-10, 2.0009291446e-10, 1.46780851362e-10, 1.24203702878e-10, 8.73940364521e-11, 6.19082285436e-11, 6.08355171794e-11, 4.35251834574e-11, 3.575660254e-11, 3.39165293073e-11, 3.04703762222e-11, 2.80137284897e-11, 2.40898308246e-11, 2.2120482529e-11, 1.58950214102e-11, 1.63348570781e-11, 1.26120841201e-11, 1.03043155605e-11, 9.32386546443e-12, 8.46515045561e-12, 7.85823836558e-12, 6.74364080203e-12, 6.18739781633e-12, 5.71684973666e-12],
        "min": [3.01739245603e-15, 2.67469880743e-15, 2.14004547014e-15, 1.50178750966e-15, 8.82159985912e-16, 4.12154426612e-16, 1.39732166572e-16, 3.55271161416e-17, 1.77187794755e-17, 2.60483757474e-17, 6.17601963566e-17, 1.37290077941e-16, 2.31815421139e-16, 3.122725397e-16, 3.48395583225e-16, 3.00621522101e-16, 2.36037536274e-16, 3.18932548006e-16, 4.47495129331e-16, 3.44618822132e-16, 9.17511382422e-17, 4.8585505452e-17, 8.5322581689e-17, 1.96033715349e-17, 5.0263388385e-17, 1.53999073375e-16, 5.57441845534e-17, 1.25756149412e-16, 1.72249959941e-16, 5.71330803589e-17, 8.59239022896e-17, 2.49173429099e-16, 1.86029862504e-16, 1.26592012113e-16, 1.53149525799e-16, 2.97511164179e-16, 2.32405644285e-16, 1.03084875828e-16, 1.09827403672e-16, 1.47367374498e-16],
        "stdev": [3.36953212354e-06, 8.50285414344e-06, 0.000169395469129, 0.00413533719257, 0.00113301817328, 1.75210025191e-05, 6.7027553996e-06, 4.521529263e-06, 1.04009279767e-06, 2.36822961597e-05, 3.12713586936e-06, 1.97945587388e-06, 9.84070879895e-07, 2.64183945831e-08, 1.23817835984e-08, 1.11915472445e-08, 2.47825227007e-08, 6.61623715814e-08, 1.13966244442e-07, 8.4166700276e-08, 4.51713084715e-08, 1.26571544357e-08, 2.44147679851e-09, 4.95771368403e-10, 2.85486884133e-10, 7.89723730854e-10, 4.27250101964e-09, 9.86442838524e-09, 3.0642819393e-09, 1.73720227092e-09, 5.02798358504e-10, 1.07523039083e-10, 6.11761821756e-11, 2.07633875371e-11, 2.41893831354e-11, 9.42567621176e-11, 1.04074526774e-10, 2.63554421343e-11, 1.06404069583e-11, 7.64529151792e-12],
