{
"lowlevel": {
    "average_loudness": 0.99068403244,
    "barkbands_crest": {
        "dmean": 0.879780948162,
        "dmean2": 1.10701143742,
        "dvar": 2.24191188812,
        "dvar2": 2.3517229557,
        "max": 17.4033374786,
        "mean": 6.14669895172,
        "median": 5.5650138855,
        "min": 3.30619430542,
        "stdev": 2.43083453178,
        "var": 5.90895605087
    },
    "barkbands_flatness_db": {
        "dmean": 0.0108131039888,
        "dmean2": 0.0145291881636,
        "dvar": 8.81623418536e-05,
        "dvar2": 0.000264905218501,
        "max": 0.21486236155,
        "mean": 0.114292018116,
        "median": 0.0944260954857,
        "min": 0.0539286695421,
        "stdev": 0.0491647645831,
        "var": 0.00241717416793
    },
    "barkbands_kurtosis": {
        "dmean": 1.56647109985,
        "dmean2": 1.72083890438,
        "dvar": 27.5345516205,
        "dvar2": 24.8689956665,
        "max": 40.8319587708,
        "mean": 2.68082356453,
        "median": 2.27872538567,
        "min": -1.60305285454,
        "stdev": 6.74594688416,
        "var": 45.5077972412
    },
    "barkbands_skewness": {
        "dmean": 0.251661241055,
        "dmean2": 0.270857691765,
        "dvar": 0.292248815298,
        "dvar2": 0.241622552276,
        "max": -0.476871460676,
        "mean": -1.32281780243,
        "median": -1.25226807594,
        "min": -5.78735017776,
        "stdev": 0.863950967789,
        "var": 0.746411263943
    },
    "barkbands_spread": {
        "dmean": 5.37724494934,
        "dmean2": 4.30454683304,
        "dvar": 52.9058418274,
        "dvar2": 26.6198310852,
        "max": 125.022331238,
        "mean": 49.9580497742,
        "median": 21.0774612427,
        "min": 6.78656435013,
        "stdev": 44.069316864,
        "var": 1942.10461426
    },
    "dissonance": {
        "dmean": 0.0082358783111,
        "dmean2": 0.00954300351441,
        "dvar": 0.0014307142701,
        "dvar2": 0.0015247433912,
        "max": 0.5,
        "mean": 0.491166263819,
        "median": 0.498271644115,
        "min": 0.26402592659,
        "stdev": 0.0374518856406,
        "var": 0.00140264385846
    },
    "dynamic_complexity": 30.5723152161,
    "erbbands_crest": {
        "dmean": 0.704451084137,
        "dmean2": 1.14746034145,
        "dvar": 0.347541153431,
        "dvar2": 0.82594537735,
        "max": 7.05670785904,
        "mean": 4.74812173843,
        "median": 4.57851171494,
        "min": 2.97074222565,
        "stdev": 1.11582183838,
        "var": 1.24505841732
    },
    "erbbands_flatness_db": {
        "dmean": 0.00920121464878,
        "dmean2": 0.0102971810848,
        "dvar": 9.09630398382e-05,
        "dvar2": 7.0298287028e-05,
        "max": 0.210360273719,
        "mean": 0.150526300073,
        "median": 0.169601798058,
        "min": 0.0858846157789,
        "stdev": 0.0438264161348,
        "var": 0.00192075478844
    },
    "erbbands_kurtosis": {
        "dmean": 0.473242938519,
        "dmean2": 0.705461621284,
        "dvar": 0.319831371307,
        "dvar2": 0.363022476435,
        "max": 3.88440084457,
        "mean": 0.614555239677,
        "median": 0.349586009979,
        "min": -0.34787940979,
        "stdev": 0.843359470367,
        "var": 0.711255192757
    },
    "erbbands_skewness": {
        "dmean": 0.134656488895,
        "dmean2": 0.216293305159,
        "dvar": 0.0383087322116,
        "dvar2": 0.0431096963584,
        "max": -0.250867247581,
        "mean": -0.560089111328,
        "median": -0.52640235424,
        "min": -1.67184352875,
        "stdev": 0.233152270317,
        "var": 0.0543599836528
    },
    "erbbands_spread": {
        "dmean": 2.45680403709,
        "dmean2": 3.40149140358,
        "dvar": 5.01540708542,
        "dvar2": 11.0657110214,
        "max": 40.9700737,
        "mean": 24.3037033081,
        "median": 19.8322639465,
        "min": 13.1558170319,
        "stdev": 8.31770896912,
        "var": 69.1842880249
    },
    "hfc": {
        "dmean": 68.1703796387,
        "dmean2": 31.3167209625,
        "dvar": 41312.4101562,
        "dvar2": 13212.8310547,
        "max": 2522.30395508,
        "mean": 160.307662964,
        "median": 0.00104312237818,
        "min": 4.08279277053e-08,
        "stdev": 480.375854492,
        "var": 230760.953125
    },
    "loudness_ebu128": {
        "integrated": -27.2311153412,
        "loudness_range": 0,
        "momentary": {
            "dmean": 12.3753013611,
            "dmean2": 3.90872097015,
            "dvar": 15.5750713348,
            "dvar2": 5.72243213654,
            "max": -24.501865387,
            "mean": -58.1158332825,
            "median": -60.2573394775,
            "min": -86.3783721924,
            "stdev": 22.6408481598,
            "var": 512.607971191
        },
        "short_term": {
            "dmean": 0,
            "dmean2": 0,
            "dvar": 0,
            "dvar2": 0,
            "max": -33.2524795532,
            "mean": -33.2524795532,
            "median": -33.2524795532,
            "min": -33.2524795532,
            "stdev": 0,
            "var": 0
        }
    },
    "melbands_crest": {
        "dmean": 1.21177136898,
        "dmean2": 1.67485785484,
        "dvar": 1.80593907833,
        "dvar2": 3.8928103447,
        "max": 16.1391239166,
        "mean": 6.35302495956,
        "median": 3.98683142662,
        "min": 2.45380616188,
        "stdev": 4.11866855621,
        "var": 16.963432312
    },
    "melbands_flatness_db": {
        "dmean": 0.00583776971325,
        "dmean2": 0.00830550119281,
        "dvar": 1.69199829543e-05,
        "dvar2": 4.6999357437e-05,
        "max": 0.0740357786417,
        "mean": 0.0408717505634,
        "median": 0.039742603898,
        "min": 0.0230469405651,
        "stdev": 0.0133756194264,
        "var": 0.000178907182999
    },
    "melbands_kurtosis": {
        "dmean": 0.355929225683,
        "dmean2": 0.573774158955,
        "dvar": 0.163761094213,
        "dvar2": 0.276013225317,
        "max": 1.39645433426,
        "mean": -0.2974357903,
        "median": -0.0397289991379,
        "min": -1.61579489708,
        "stdev": 0.879558682442,
        "var": 0.773623466492
    },
    "melbands_skewness": {
        "dmean": 0.176507145166,
        "dmean2": 0.271473973989,
        "dvar": 0.0229155868292,
        "dvar2": 0.0514764264226,
        "max": 0.797645807266,
        "mean": -0.323664486408,
        "median": -0.602806448936,
        "min": -1.06861436367,
        "stdev": 0.562431097031,
        "var": 0.316328734159
    },
    "melbands_spread": {
        "dmean": 11.968006134,
        "dmean2": 14.1416215897,
        "dvar": 401.875274658,
        "dvar2": 266.222290039,
        "max": 218.582962036,
        "mean": 107.854736328,
        "median": 85.4545440674,
        "min": 50.9826469421,
        "stdev": 51.4003334045,
        "var": 2641.99414062
    },
    "pitch_salience": {
        "dmean": 0.0296233668923,
        "dmean2": 0.0418279320002,
        "dvar": 0.00165734672919,
        "dvar2": 0.00116323074326,
        "max": 0.908314406872,
        "mean": 0.711940705776,
        "median": 0.73573577404,
        "min": 0.569535791874,
        "stdev": 0.0781271606684,
        "var": 0.00610385369509
    },
    "silence_rate_20dB": {
        "dmean": 0,
        "dmean2": 0,
        "dvar": 0,
        "dvar2": 0,
        "max": 1,
        "mean": 1,
        "median": 1,
        "min": 1,
        "stdev": 0,
        "var": 0
    },
    "silence_rate_30dB": {
        "dmean": 0.0540540553629,
        "dmean2": 0.0833333358169,
        "dvar": 0.0511321909726,
        "dvar2": 0.131944641471,
        "max": 1,
        "mean": 0.973684191704,
        "median": 1,
        "min": 0,
        "stdev": 0.160072773695,
        "var": 0.0256232935935
    },
    "silence_rate_60dB": {
        "dmean": 0.0270270276815,
        "dmean2": 0.0555555559695,
        "dvar": 0.0262965634465,
        "dvar2": 0.0524691566825,
        "max": 1,
        "mean": 0.815789461136,
        "median": 1,
        "min": 0,
        "stdev": 0.38765591383,
        "var": 0.150277107954
    },
    "spectral_centroid": {
        "dmean": 107.441627502,
        "dmean2": 162.048522949,
        "dvar": 11819.5839844,
        "dvar2": 27468.8535156,
        "max": 4801.01269531,
        "mean": 3952.23852539,
        "median": 3881.52294922,
        "min": 3520.42089844,
        "stdev": 285.454956055,
        "var": 81484.5390625
    },
    "spectral_complexity": {
        "dmean": 1.64864861965,
        "dmean2": 1.16666662693,
        "dvar": 20.0657196045,
        "dvar2": 18.0277557373,
        "max": 37,
        "mean": 4.21052646637,
        "median": 0,
        "min": 0,
        "stdev": 10.0659866333,
        "var": 101.32408905
    },
    "spectral_decrease": {
        "dmean": 5.11956976812e-10,
        "dmean2": 4.44297237889e-10,
        "dvar": 6.46392307387e-18,
        "dvar2": 5.7702357637e-18,
        "max": 1.8865938145e-08,
        "mean": 6.67015054301e-10,
        "median": -3.06208974938e-15,
        "min": -3.82375971164e-11,
        "stdev": 3.05562619651e-09,
        "var": 9.33685079503e-18
    },
    "spectral_energy": {
        "dmean": 0.00425880542025,
        "dmean2": 0.00119661004283,
        "dvar": 0.000108326385089,
        "dvar2": 6.74083685226e-06,
        "max": 0.157575830817,
        "mean": 0.0120229050517,
        "median": 2.32505982467e-07,
        "min": 4.59415448392e-12,
        "stdev": 0.033431366086,
        "var": 0.00111765612382
    },
    "spectral_energyband_high": {
        "dmean": 0.00386799196713,
        "dmean2": 0.00117086386308,
        "dvar": 9.1962479928e-05,
        "dvar2": 7.7827644418e-06,
        "max": 0.143115714192,
        "mean": 0.0107617620379,
        "median": 1.17769232588e-07,
        "min": 2.9918780127e-12,
        "stdev": 0.0300584062934,
        "var": 0.000903507811017
    },
    "spectral_energyband_low": {
        "dmean": 1.0078601008e-05,
        "dmean2": 9.42144652072e-06,
        "dvar": 2.74728684246e-09,
        "dvar2": 2.14220219341e-09,
        "max": 0.000366749532986,
        "mean": 1.11287572508e-05,
        "median": 1.81335313432e-09,
        "min": 3.41404964195e-13,
        "stdev": 5.8905712649e-05,
        "var": 3.46988304756e-09
    },
    "spectral_energyband_middle_high": {
        "dmean": 0.000427506165579,
        "dmean2": 0.000482753501274,
        "dvar": 1.67754319591e-06,
        "dvar2": 3.36027096637e-06,
        "max": 0.00908371713012,
        "mean": 0.000655174721032,
        "median": 1.04792484024e-07,
        "min": 5.12157970114e-13,
        "stdev": 0.00174539955333,
        "var": 3.04641957882e-06
    },
    "spectral_energyband_middle_low": {
        "dmean": 3.00406754832e-05,
        "dmean2": 2.41540528805e-05,
        "dvar": 1.19590284342e-08,
        "dvar2": 7.75700215172e-09,
        "max": 0.00111150054727,
        "mean": 5.88380571571e-05,
        "median": 3.00593971936e-09,
        "min": 3.86125918565e-13,
        "stdev": 0.000213411898585,
        "var": 4.5544638283e-08
    },
    "spectral_entropy": {
        "dmean": 0.0700502917171,
        "dmean2": 0.0957079231739,
        "dvar": 0.00405859388411,
        "dvar2": 0.00596143258736,
        "max": 9.02717590332,
        "mean": 8.54324531555,
        "median": 8.59586048126,
        "min": 8.08186340332,
        "stdev": 0.239675834775,
        "var": 0.0574445091188
    },
    "spectral_flux": {
        "dmean": 0.0107279177755,
        "dmean2": 0.0046241604723,
        "dvar": 0.000582840119023,
        "dvar2": 0.000130345768412,
        "max": 0.396958231926,
        "mean": 0.0395392440259,
        "median": 0.000313227355946,
        "min": 7.55157452659e-05,
        "stdev": 0.0862040221691,
        "var": 0.00743113365024
    },
    "spectral_kurtosis": {
        "dmean": 0.437351077795,
        "dmean2": 0.478858053684,
        "dvar": 0.112012952566,
        "dvar2": 0.149517163634,
        "max": 6.41642093658,
        "mean": 3.02010798454,
        "median": 2.51356768608,
        "min": 0.517106771469,
        "stdev": 1.36511826515,
        "var": 1.86354804039
    },
    "spectral_rms": {
        "dmean": 0.000335131044267,
        "dmean2": 5.93946970184e-05,
        "dvar": 3.75138711206e-07,
        "dvar2": 1.4124763581e-08,
        "max": 0.0123988920823,
        "mean": 0.00144844793249,
        "median": 1.49951119965e-05,
        "min": 6.69485018534e-08,
        "stdev": 0.00310349161737,
        "var": 9.63165985013e-06
    },
    "spectral_rolloff": {
        "dmean": 909.050476074,
        "dmean2": 1098.19335938,
        "dvar": 860240.5625,
        "dvar2": 839593.5625,
        "max": 19702.8808594,
        "mean": 14474.2792969,
        "median": 16817.4316406,
        "min": 6330.76171875,
        "stdev": 4426.94824219,
        "var": 19597870
    },
    "spectral_skewness": {
        "dmean": 0.0797423198819,
        "dmean2": 0.0905193910003,
        "dvar": 0.00619329186156,
        "dvar2": 0.00541391270235,
        "max": 1.7828772068,
        "mean": 1.38056302071,
        "median": 1.34571480751,
        "min": 0.849387824535,
        "stdev": 0.190085366368,
        "var": 0.0361324474216
    },
    "spectral_spread": {
        "dmean": 646879.4375,
        "dmean2": 591084.625,
        "dvar": 687932637184,
        "dvar2": 564958330880,
        "max": 14671112,
        "mean": 7787521,
        "median": 8180792,
        "min": 4018483.5,
        "stdev": 2493576.5,
        "var": 6.21792355942e+12
    },
    "spectral_strongpeak": {
        "dmean": 0.781495511532,
        "dmean2": 1.15498161316,
        "dvar": 3.67943811417,
        "dvar2": 9.62168502808,
        "max": 16.8540592194,
        "mean": 1.77091753483,
        "median": 0.00188308116049,
        "min": 0,
        "stdev": 3.99169921875,
        "var": 15.9336624146
    },
    "zerocrossingrate": {
        "dmean": 0.0283994935453,
        "dmean2": 0.0215250644833,
        "dvar": 0.00220927037299,
        "dvar2": 0.00258565554395,
        "max": 0.56591796875,
        "mean": 0.318230867386,
        "median": 0.277099609375,
        "min": 0.0263671875,
        "stdev": 0.116460181773,
        "var": 0.01356297452
    },
    "barkbands": {
        "dmean": [1.8217535569e-07, 5.32760623173e-06, 4.16137527282e-06, 9.10151300104e-07, 1.31945880639e-05, 1.0283224583e-05, 4.06471872338e-06, 5.69900464598e-07, 3.75974127564e-06, 3.94090056943e-06, 2.58635395767e-06, 9.39133042266e-06, 1.19258247651e-05, 3.56324890163e-05, 2.05914202525e-05, 2.19331286644e-05, 8.46857583383e-05, 0.000188113044715, 7.22902113921e-05, 6.98853618815e-05, 0.000333992094966, 0.000269323412795, 0.000209406847716, 0.00022004955099, 0.000472673680633, 0.000903447624296, 0.00267807021737],
        "dmean2": [2.2617685147e-07, 5.22515074408e-06, 4.20767355536e-06, 1.63016034094e-06, 1.97020035557e-05, 7.09108917363e-06, 4.0749132495e-06, 9.19304284253e-07, 2.01583748094e-06, 3.80754022444e-06, 3.4827107811e-06, 1.33963949338e-05, 1.31250490085e-05, 3.32506970153e-05, 3.01296986436e-05, 2.77659655694e-05, 9.16379649425e-05, 0.000287419097731, 8.14063314465e-05, 5.12768747285e-05, 0.000312905933242, 0.000260381581029, 0.000147225378896, 0.000142045173561, 0.000283781992039, 0.00084309122758, 0.00180312350858],
        "dvar": [6.99354365651e-13, 9.09258224269e-10, 5.02775654443e-10, 1.8379620742e-11, 2.67898414563e-09, 1.68810587731e-09, 4.42990977234e-10, 2.63024758224e-12, 1.75270228886e-10, 3.65370428357e-10, 1.0171202075e-10, 5.50264833699e-10, 1.32284538878e-09, 1.19923644348e-08, 3.15301207365e-09, 4.58560744931e-09, 7.58830083214e-08, 3.55160040044e-07, 4.16225773847e-08, 3.47290445291e-08, 9.99514782052e-07, 6.43090402264e-07, 2.76731014992e-07, 2.28175167649e-07, 1.54837789523e-06, 5.91471598455e-06, 0.000113578025775],
        "dvar2": [8.86789990398e-13, 8.39508906836e-10, 4.52203413603e-10, 4.06213049309e-11, 4.56022020145e-09, 1.08931008658e-09, 3.88284876474e-10, 6.69584223137e-12, 4.46554043743e-11, 2.87960627565e-10, 1.45722198197e-10, 1.3886126693e-09, 1.37799371913e-09, 1.94235365569e-08, 5.63236479678e-09, 8.02146971068e-09, 1.57739094675e-07, 8.78959042439e-07, 5.87450728062e-08, 5.13066105157e-08, 1.55522047862e-06, 8.16500801193e-07, 3.2536109984e-07, 2.17916365841e-07, 5.96725612922e-07, 9.54893857852e-06, 8.15512030385e-05],
        "max": [6.68578013574e-06, 0.000196984241484, 0.000147942104377, 2.86680296995e-05, 0.0004294073442, 0.000371762813302, 0.000143301847856, 1.37572596941e-05, 0.000138696923386, 0.000143672397826, 9.55203504418e-05, 0.000127165505546, 0.000241569141508, 0.000720434472896, 0.000373379560187, 0.000450204854133, 0.00170086300932, 0.00324914860539, 0.00168661656789, 0.00156718655489, 0.0068070339039, 0.00557875121012, 0.00501784961671, 0.0067022764124, 0.0174889266491, 0.0282877497375, 0.0990886092186],
        "mean": [3.13072035851e-07, 5.57612020202e-06, 4.27129407399e-06, 1.54008648678e-06, 2.65428407147e-05, 1.64742032212e-05, 4.54644396086e-06, 1.18212324196e-06, 6.72561509418e-06, 5.44669319424e-06, 6.22713378107e-06, 1.18606058095e-05, 2.16968091991e-05, 4.84886586491e-05, 3.18704042002e-05, 3.74749361072e-05, 9.771000623e-05, 0.00019676136435, 0.000144988618558, 0.000146385238622, 0.000521190173458, 0.000516763015185, 0.0005186884664, 0.000696854665875, 0.00152796413749, 0.00229627778754, 0.00493522593752],
        "median": [5.83333559234e-09, 1.74158590327e-10, 9.8126895498e-11, 1.36305577936e-10, 7.20908777119e-10, 1.32893140936e-09, 2.5480623167e-10, 1.89808530004e-10, 2.17607112885e-10, 5.79694181546e-10, 5.11580167117e-10, 3.63346885912e-09, 5.02777952605e-09, 9.97848026429e-09, 6.8546297527e-09, 6.54989307236e-09, 1.61471795934e-08, 2.58742200998e-08, 2.01710044223e-08, 2.10919886001e-08, 4.54795348048e-08, 2.47521541041e-08, 1.70788627685e-08, 8.86141471312e-09, 3.47560091818e-09, 2.9041715699e-09, 4.11436840153e-09],
        "min": [1.50803170949e-13, 1.79942188537e-13, 6.77890903134e-14, 3.12006517356e-14, 2.8380538547e-14, 4.66320199414e-14, 3.11654727633e-14, 8.1068195234e-14, 1.49134543148e-13, 3.44900872456e-14, 6.57244458104e-15, 4.15177773075e-15, 2.47545616004e-14, 3.77206573539e-14, 7.56582533982e-15, 3.98053172455e-14, 1.04827848875e-13, 8.69624264634e-14, 6.86286490419e-14, 3.55408411035e-13, 2.00500396451e-13, 2.55416456214e-13, 2.22544720282e-13, 1.53418740927e-13, 7.85515858089e-13, 6.09240847875e-13, 6.17499595294e-13],
        "stdev": [1.31039200824e-06, 3.15166544169e-05, 2.36741925619e-05, 5.9579911067e-06, 9.2373447842e-05, 6.70222070767e-05, 2.29399502132e-05, 2.90996763397e-06, 2.46187300945e-05, 2.32314414461e-05, 2.04056650546e-05, 3.12717274937e-05, 5.71074233449e-05, 0.000140174699482, 8.49396674312e-05, 9.86962113529e-05, 0.000304513756419, 0.000570460164454, 0.000368647801224, 0.000355454394594, 0.00143644632772, 0.00133938132785, 0.00124510005116, 0.00170152960345, 0.00420617219061, 0.00632056221366, 0.0170047488064],
        "var": [1.71712719998e-12, 9.93299442698e-10, 5.60467394717e-10, 3.54976568973e-11, 8.53285353486e-09, 4.49197656849e-09, 5.26241328291e-10, 8.46791213538e-12, 6.06081851373e-10, 5.39699840374e-10, 4.16391143787e-10, 9.77920855405e-10, 3.26125793038e-09, 1.96489455817e-08, 7.21474702203e-09, 9.74094227502e-09, 9.27286265551e-08, 3.25424792891e-07, 1.3590120318e-07, 1.263478282e-07, 2.06337813324e-06, 1.79394226052e-06, 1.550274078e-06, 2.89520289698e-06, 1.76918838406e-05, 3.99495074817e-05, 0.000289161456749]
    },
    "erbbands": {
        "dmean": [0.000119698524941, 0.00133342342451, 0.00458651594818, 0.00363194267265, 0.00415657274425, 0.0322947055101, 0.145594850183, 0.0554693825543, 0.0700538232923, 0.0204120632261, 0.00923358276486, 0.0665482580662, 0.119808569551, 0.151518955827, 0.121696598828, 0.426074206829, 0.520012199879, 1.11804258823, 1.89456915855, 0.580924212933, 1.90139377117, 4.96508407593, 10.8182382584, 6.73188018799, 3.38319396973, 4.15474939346, 9.29832649231, 16.8186378479, 9.97285938263, 8.35856628418, 6.17027711868, 3.78583264351, 4.36143159866, 4.78766489029, 3.127866745, 3.9493894577, 1.8709154129, 0.659779250622, 0.285745680332, 0.053852211684],
        "dmean2": [0.000105078164779, 0.00135826214682, 0.00468947412446, 0.00259850616567, 0.00484759174287, 0.0287395324558, 0.262054681778, 0.0392263047397, 0.068045437336, 0.0228978320956, 0.0137772895396, 0.0374497696757, 0.0904756635427, 0.107581190765, 0.211690664291, 0.546638965607, 0.53699952364, 1.50587034225, 2.72812461853, 0.5446819067, 2.64445853233, 5.34882164001, 16.958978653, 8.87359714508, 3.95381546021, 3.32124781609, 7.62093353271, 17.0604934692, 11.8343877792, 8.15982151031, 4.37954139709, 3.29485702515, 2.55622577667, 3.79233503342, 1.28955042362, 3.12947463989, 1.91123175621, 0.429488688707, 0.186372101307, 0.0454986058176],
        "dvar": [3.74868108111e-07, 6.05661662121e-05, 0.000653380877338, 0.000202215233003, 0.000225220181164, 0.0102137932554, 0.499862313271, 0.0576983578503, 0.130540803075, 0.00979099236429, 0.000947691907641, 0.0518596842885, 0.253439843655, 0.405858486891, 0.159617856145, 1.35996484756, 2.08154940605, 11.6239528656, 41.4264755249, 2.02509903908, 34.5757980347, 257.368255615, 1288.26196289, 416.032043457, 75.2181091309, 130.148101807, 570.627563477, 2629.93237305, 782.716186523, 634.339782715, 234.001190186, 81.8273391724, 91.8312225342, 188.656738281, 56.7306861877, 108.320091248, 25.9243927002, 3.78923988342, 0.928904056549, 0.0542048960924],
        "dvar2": [2.67745377869e-07, 6.00959683652e-05, 0.000617949466687, 0.000129002379254, 0.000258837477304, 0.00570751074702, 0.965813338757, 0.023729512468, 0.108155816793, 0.00974143669009, 0.00174740096554, 0.0186347328126, 0.157634556293, 0.214245215058, 0.38624432683, 2.74782085419, 2.19519972801, 25.0959033966, 54.9554786682, 1.93467032909, 76.1845703125, 542.797119141, 3289.88623047, 944.638366699, 140.207199097, 184.495178223, 512.445556641, 5080.24023438, 1249.33972168, 779.819213867, 336.979125977, 65.4265213013, 87.1019821167, 135.430480957, 10.4880113602, 167.8019104, 50.9218215942, 1.44774723053, 0.36837875843, 0.0459442473948],
        "max": [0.00441540731117, 0.0491257347167, 0.164772897959, 0.130466803908, 0.13958543539, 1.12044382095, 5.05049991608, 2.0463142395, 2.50044608116, 0.754884898663, 0.274996995926, 2.45651721954, 4.41306877136, 5.59236764908, 3.21893167496, 6.84305477142, 10.7651405334, 23.2297973633, 37.3156738281, 12.1590051651, 36.1649208069, 100.503059387, 191.155899048, 115.292770386, 86.068862915, 91.2488098145, 189.213180542, 344.85333252, 187.224319458, 171.833557129, 149.521728516, 126.789100647, 134.766235352, 177.14352417, 115.731025696, 103.621383667, 55.1325263977, 24.4118328094, 10.5725879669, 1.99253153801],
        "mean": [0.000136259317514, 0.00134852959309, 0.00463021267205, 0.0057186530903, 0.00769672403112, 0.0683637186885, 0.29577305913, 0.0765053406358, 0.0780776888132, 0.0368730351329, 0.0256926380098, 0.128241106868, 0.197824835777, 0.235326483846, 0.257477849722, 0.60108423233, 0.942744076252, 1.62003481388, 2.93624806404, 1.14792871475, 2.54367160797, 5.98694467545, 10.9302330017, 6.77868175507, 7.89521694183, 8.16650104523, 15.0891962051, 24.5629501343, 18.3212623596, 14.5637226105, 14.6208896637, 14.3294143677, 13.3345050812, 16.0243740082, 9.91507911682, 7.91292524338, 4.3750872612, 1.66318738461, 0.602160990238, 0.0901270285249],
        "median": [2.02036254393e-08, 2.88212511634e-08, 1.20755430544e-07, 3.65163543847e-07, 4.88808836963e-07, 3.76565253646e-06, 1.47935315908e-05, 5.90255422139e-06, 4.58978183815e-06, 3.89878186979e-06, 2.89666832032e-06, 5.8607529354e-06, 7.23529274183e-06, 2.9695667763e-05, 4.43092540081e-05, 0.000177712296136, 0.000247564079473, 0.00049705139827, 0.000369747285731, 0.00052533095004, 0.000315924815368, 0.00105888932012, 0.00129437015858, 0.000923718849663, 0.00108245899901, 0.0011207270436, 0.00176586955786, 0.00139937154017, 0.0011028200388, 0.000714005553164, 0.00038683519233, 0.000239490444073, 0.000110714245238, 3.88756161556e-05, 2.59994540102e-05, 1.16875271488e-05, 5.99034729021e-06, 2.27747887038e-06, 6.0106373212e-07, 6.31409378116e-08],
        "min": [7.33163096206e-12, 3.32754379606e-11, 7.73558231359e-11, 1.00913701007e-10, 8.29919605261e-11, 9.13952316606e-11, 2.34220393081e-10, 4.15893625094e-10, 4.29265178958e-10, 7.94755816713e-10, 2.34672814514e-09, 3.42160300093e-09, 1.96318716839e-09, 5.60103186054e-10, 2.06492850596e-10, 2.18770890292e-10, 9.85439618795e-10, 2.02359995427e-09, 1.01152108911e-09, 4.45062153798e-10, 3.46421935582e-09, 5.98188032441e-09, 3.45765527321e-09, 5.13605336039e-09, 4.74551775653e-09, 1.65498388327e-08, 1.17686749235e-08, 6.76988909376e-09, 7.38861194449e-09, 1.14759108882e-08, 4.4649195452e-09, 3.10822212413e-09, 3.23523030588e-09, 9.98947680131e-09, 5.04157382508e-09, 1.18290643947e-09, 1.41574540979e-09, 4.00171479287e-10, 7.58346510588e-11, 1.1137095586e-11],
        "stdev": [0.000711673987098, 0.00785680208355, 0.026354515925, 0.0235450323671, 0.0252574253827, 0.231239527464, 1.09500861168, 0.341815203428, 0.400884836912, 0.125054582953, 0.0683862790465, 0.462780475616, 0.737297773361, 0.932515859604, 0.737186908722, 1.6075387001, 2.41503143311, 4.41333723068, 8.47670173645, 2.86164617538, 7.11809968948, 18.0982990265, 32.8846321106, 20.1191654205, 19.331445694, 20.3745956421, 41.1887283325, 67.8294067383, 46.6137084961, 38.5078086853, 35.342628479, 34.6870002747, 33.2874565125, 43.7510643005, 26.8333396912, 22.0126895905, 11.9286499023, 4.75493764877, 1.91557049751, 0.334289193153],
        "var": [5.06479864271e-07, 6.17293408141e-05, 0.000694560469128, 0.000554368540179, 0.000637937511783, 0.0534717217088, 1.19904386997, 0.116837643087, 0.160708650947, 0.015638647601, 0.00467668334022, 0.214165762067, 0.543608009815, 0.869585812092, 0.543444514275, 2.58418083191, 5.8323764801, 19.4775466919, 71.8544692993, 8.18901824951, 50.6673431396, 327.548461914, 1081.39892578, 404.780853271, 373.704803467, 415.124176025, 1696.51123047, 4600.82861328, 2172.83764648, 1482.85119629, 1249.10144043, 1203.18786621, 1108.0546875, 1914.15563965, 720.028137207, 484.558502197, 142.292678833, 22.6094322205, 3.66941022873, 0.111749269068]
    },
    "gfcc": {
        "mean": [-454.151062012, -102.630027771, -106.162643433, 18.1352233887, -41.0779037476, 1.22405946255, -32.4863853455, -5.91390419006, -23.0811748505, 3.72439002991, -8.73634624481, 6.70048141479, -4.84083652496],
        "cov": [[94581.9609375, -10073.015625, -1230.79748535, -519.003234863, -596.338195801, -1016.50189209, -2533.22607422, -2519.55078125, -2127.90551758, -1346.7668457, -662.567565918, -147.854309082, -562.670959473], [-10073.015625, 1266.65185547, 141.839706421, 121.332427979, 77.131477356, 106.015068054, 269.314697266, 261.425109863, 205.826339722, 133.399612427, 92.7728729248, 40.3235015869, 101.237632751], [-1230.79748535, 141.839706421, 776.299560547, -290.675689697, 69.2444763184, -9.62276172638, 197.348937988, 265.698944092, 151.184204102, 14.6736478806, -37.7830924988, -44.3720283508, 40.1154060364], [-519.003234863, 121.332427979, -290.675689697, 212.883712769, -10.2003536224, 8.49641895294, -57.3919296265, -85.3272171021, -58.1830329895, -5.20914459229, 21.9764881134, 10.1799163818, -2.04416894913], [-596.338195801, 77.131477356, 69.2444763184, -10.2003536224, 28.7126960754, -1.9890743494, 37.2504272461, 32.2304153442, 15.5128240585, 4.04802513123, 4.45932912827, 8.1927690506, 14.6707649231], [-1016.50189209, 106.015068054, -9.62276172638, 8.49641895294, -1.9890743494, 57.2870979309, 25.5245666504, 30.7759189606, 18.0121040344, 5.15621566772, -5.31772375107, -12.8868436813, -11.1657094955], [-2533.22607422, 269.314697266, 197.348937988, -57.3919296265, 37.2504272461, 25.5245666504, 133.344070435, 131.108215332, 88.7628707886, 32.8311386108, 7.35871744156, -3.65728592873, 21.8389892578], [-2519.55078125, 261.425109863, 265.698944092, -85.3272171021, 32.2304153442, 30.7759189606, 131.108215332, 162.162307739, 104.920822144, 36.1808242798, -3.21905636787, -18.3552341461, 18.7122898102], [-2127.90551758, 205.826339722, 151.184204102, -58.1830329895, 15.5128240585, 18.0121040344, 88.7628707886, 104.920822144, 87.9955978394, 42.7767448425, 11.4545030594, -4.28326368332, 15.3490867615], [-1346.7668457, 133.399612427, 14.6736478806, -5.20914459229, 4.04802513123, 5.15621566772, 32.8311386108, 36.1808242798, 42.7767448425, 42.6363449097, 26.5282001495, 12.5684833527, 10.7668476105], [-662.567565918, 92.7728729248, -37.7830924988, 21.9764881134, 4.45932912827, -5.31772375107, 7.35871744156, -3.21905636787, 11.4545030594, 26.5282001495, 41.5615730286, 32.0782165527, 17.1354312897], [-147.854309082, 40.3235015869, -44.3720283508, 10.1799163818, 8.1927690506, -12.8868436813, -3.65728592873, -18.3552341461, -4.28326368332, 12.5684833527, 32.0782165527, 43.8189811707, 20.4262580872], [-562.670959473, 101.237632751, 40.1154060364, -2.04416894913, 14.6707649231, -11.1657094955, 21.8389892578, 18.7122898102, 15.3490867615, 10.7668476105, 17.1354312897, 20.4262580872, 32.8599624634]],
        "icov": [[0.000188492485904, 0.00122533575632, -0.000536628533155, -0.000247992255026, 0.00121548923198, -6.86153944116e-05, 0.000351659138687, -0.000188484846149, 0.0020089847967, 0.000894378987141, -0.000752091989852, -0.000159080431331, -0.00134056119714], [0.00122533575632, 0.0133940568194, -0.00395928043872, -0.00839153956622, 0.00819234549999, -0.00724473595619, -0.00229682214558, -0.00261247926392, 0.00828575156629, 0.00113138044253, -0.00402079615742, -0.00264389859512, -0.0195782091469], [-0.000536628533155, -0.00395928043872, 0.0109390290454, 0.00956578552723, -0.0130035225302, 0.00630839075893, 0.00419318862259, -0.0146693792194, -0.00403181184083, 0.00797868333757, -0.00797172728926, 0.0126435952261, -0.000667611020617], [-0.000247992255026, -0.00839153956622, 0.00956578552723, 0.0250736568123, -0.0128906769678, 0.00847341306508, 0.00643578637391, -0.00601994013414, 0.0141342841089, 0.00713069923222, -0.0176027584821, 0.0236405078322, 0.00481938524172], [0.00121548923198, 0.00819234549999, -0.0130035225302, -0.0128906769678, 0.106442518532, 0.00389843713492, -0.0356545560062, -0.00367400445975, 0.0483546517789, -0.00904086325318, 0.016892824322, -0.033962868154, -0.0170848593116], [-6.86153944116e-05, -0.00724473595619, 0.00630839075893, 0.00847341306508, 0.00389843713492, 0.0386082455516, 0.00338550796732, -0.0169267747551, 0.00790114607662, 0.0141254942864, -0.00540772965178, 0.00373719003983, 0.0249164029956], [0.000351659138687, -0.00229682214558, 0.00419318862259, 0.00643578637391, -0.0356545560062, 0.00338550796732, 0.0644341930747, -0.0328949652612, -0.0226281490177, 0.0287615172565, -0.0165653452277, 0.0025115350727, 0.00957958772779], [-0.000188484846149, -0.00261247926392, -0.0146693792194, -0.00601994013414, -0.00367400445975, -0.0169267747551, -0.0328949652612, 0.0946623459458, -0.0509525053203, -0.00963222794235, 0.0225439853966, 0.00218831258826, 4.00583157898e-05], [0.0020089847967, 0.00828575156629, -0.00403181184083, 0.0141342841089, 0.0483546517789, 0.00790114607662, -0.0226281490177, -0.0509525053203, 0.16807846725, -0.0682075247169, -0.00402281247079, 0.0104393763468, -0.0207286141813], [0.000894378987141, 0.00113138044253, 0.00797868333757, 0.00713069923222, -0.00904086325318, 0.0141254942864, 0.0287615172565, -0.00963222794235, -0.0682075247169, 0.137980177999, -0.0733613297343, 0.0133979087695, 0.0143155297264], [-0.000752091989852, -0.00402079615742, -0.00797172728926, -0.0176027584821, 0.016892824322, -0.00540772965178, -0.0165653452277, 0.0225439853966, -0.00402281247079, -0.0733613297343, 0.130633383989, -0.0751732438803, 0.00146244862117], [-0.000159080431331, -0.00264389859512, 0.0126435952261, 0.0236405078322, -0.033962868154, 0.00373719003983, 0.0025115350727, 0.00218831258826, 0.0104393763468, 0.0133979087695, -0.0751732438803, 0.107767432928, -0.0320810303092], [-0.00134056119714, -0.0195782091469, -0.000667611020617, 0.00481938524172, -0.0170848593116, 0.0249164029956, 0.00957958772779, 4.00583157898e-05, -0.0207286141813, 0.0143155297264, 0.00146244862117, -0.0320810303092, 0.102786391973]]
    },
    "melbands": {
        "dmean": [1.28692715862e-06, 2.14707301893e-06, 6.26011285476e-07, 9.9587157365e-07, 4.61999343315e-06, 1.41695238653e-06, 9.92469608718e-07, 1.82721748843e-07, 9.4624070357e-08, 5.40481039479e-07, 6.0071141661e-07, 6.16238878592e-07, 3.36083729735e-07, 1.00171291706e-06, 1.60312595199e-06, 9.96763333205e-07, 2.28292651627e-06, 3.55398083229e-06, 1.15447505777e-06, 8.43189468469e-07, 2.93047583e-06, 4.14538226323e-06, 9.94921174424e-06, 8.89895818545e-06, 5.36191555511e-06, 2.10184043681e-06, 1.84283589988e-06, 3.17136687045e-06, 5.53236304768e-06, 8.51375443744e-06, 1.02525482362e-05, 4.54741393696e-06, 6.36457480141e-06, 4.52273980045e-06, 4.43905537395e-06, 2.42013902607e-06, 2.66384608949e-06, 2.48133756031e-06, 4.52524318462e-06, 4.21170989284e-06],
        "dmean2": [1.20550475913e-06, 2.16911621465e-06, 4.06757976634e-07, 5.06537162437e-07, 8.09354514786e-06, 9.94296328827e-07, 9.6771555036e-07, 2.18916795802e-07, 1.17877021921e-07, 2.59872024344e-07, 4.62841256876e-07, 4.58723349084e-07, 6.24111351044e-07, 1.43523038787e-06, 1.59171156611e-06, 8.14535667359e-07, 3.37200617651e-06, 4.99022553413e-06, 1.65143751474e-06, 7.77727677814e-07, 4.28810199082e-06, 4.07135848945e-06, 1.57847134687e-05, 1.3013564967e-05, 7.09583082426e-06, 2.30157729675e-06, 1.87581201772e-06, 3.15778720505e-06, 5.39466782357e-06, 8.63436071086e-06, 1.04473083411e-05, 4.51298728876e-06, 9.2288128144e-06, 6.22482230028e-06, 3.87492218579e-06, 2.52141785495e-06, 2.12206259675e-06, 2.40153508457e-06, 4.28270050179e-06, 3.84307440982e-06],
        "dvar": [4.91205617847e-11, 1.4267309556e-10, 5.72090768855e-12, 7.79888653657e-12, 4.71721439688e-10, 3.71343962524e-11, 2.57863938535e-11, 5.19395290666e-13, 7.82442483743e-14, 3.45340227768e-12, 6.46414735975e-12, 7.20072135599e-12, 2.12967859493e-12, 5.85081982862e-12, 2.59534199687e-11, 5.65534945263e-12, 4.96752292078e-11, 1.46996317896e-10, 1.02931847074e-11, 4.21285966182e-12, 8.06343256055e-11, 1.72471037452e-10, 1.25856003397e-09, 7.22700510547e-10, 2.7213301057e-10, 2.8419365819e-11, 2.07207515035e-11, 8.68813423982e-11, 2.13913026181e-10, 7.18398951438e-10, 9.47145251118e-10, 1.64106422895e-10, 4.33006436262e-10, 2.01389724341e-10, 1.50638113094e-10, 4.78295007766e-11, 3.5578873181e-11, 3.92415822059e-11, 1.84125589775e-10, 1.40626579825e-10],
        "dvar2": [4.15246725893e-11, 1.32861541213e-10, 2.19244934707e-12, 1.93319405623e-12, 8.85562734254e-10, 1.51018988981e-11, 2.13875514521e-11, 6.63127267941e-13, 1.17208326378e-13, 7.78525898262e-13, 4.12766262142e-12, 4.23286189086e-12, 4.22332915168e-12, 1.64316407703e-11, 4.02368242891e-11, 4.51806344073e-12, 1.14764975301e-10, 1.94706181733e-10, 1.69059748839e-11, 6.84491048911e-12, 1.99228245013e-10, 3.24633875337e-10, 3.26429905328e-09, 1.69852598653e-09, 6.24282292527e-10, 5.56689139231e-11, 2.91208758496e-11, 1.53044285578e-10, 3.75671022068e-10, 1.18280818473e-09, 1.84116266677e-09, 1.77147338465e-10, 7.90016774221e-10, 2.978474134e-10, 2.57960403038e-10, 6.22539381157e-11, 3.37841005171e-11, 4.63662962191e-11, 1.54559864907e-10, 1.0768942682e-10],
        "max": [4.75540145999e-05, 7.75994340074e-05, 2.27229320444e-05, 3.46394226654e-05, 0.000159156305017, 5.20936991961e-05, 3.5151890188e-05, 5.80487539992e-06, 2.410838988e-06, 1.99472360691e-05, 2.21218779188e-05, 2.26883385039e-05, 1.1867734429e-05, 1.48413428178e-05, 3.10370014631e-05, 2.12180366361e-05, 4.66632955067e-05, 6.93389883963e-05, 2.31940211961e-05, 1.73175631062e-05, 5.10497411597e-05, 8.24468952487e-05, 0.000195525994059, 0.000144964520587, 9.07475696295e-05, 5.19230197824e-05, 5.10588797624e-05, 6.6060165409e-05, 0.000114888527605, 0.000165165940416, 0.000215465261135, 9.31210670387e-05, 0.000124840153148, 9.07586072572e-05, 9.81153207249e-05, 7.37911614124e-05, 8.38071791804e-05, 6.58025528537e-05, 0.00015874626115, 0.000155833200552],
        "mean": [1.3930713294e-06, 2.19684307012e-06, 9.85790734376e-07, 2.13271232496e-06, 9.42834594753e-06, 1.96538940145e-06, 1.10464577574e-06, 3.54296076921e-07, 1.88382401234e-07, 9.91049432741e-07, 9.86374629974e-07, 9.15205589536e-07, 8.35000776078e-07, 1.26011548218e-06, 2.0448885607e-06, 1.97736085283e-06, 3.14697967951e-06, 5.2619093367e-06, 2.04773164114e-06, 1.45934575357e-06, 3.2340612961e-06, 5.05912112203e-06, 1.03169659269e-05, 9.24638061406e-06, 5.00146416016e-06, 4.6582822506e-06, 5.20627145306e-06, 5.40182509212e-06, 8.15342536953e-06, 1.16431765491e-05, 1.56049118232e-05, 1.01744954009e-05, 9.56125950324e-06, 8.00098041509e-06, 8.35529954202e-06, 8.74138913787e-06, 8.85852659849e-06, 7.36627271181e-06, 1.36587141242e-05, 1.36826802191e-05],
        "median": [3.31896343742e-10, 5.29779692338e-11, 6.16138112752e-11, 1.23126647766e-10, 3.84457132796e-10, 1.57352020302e-10, 6.27491253402e-11, 4.43776335124e-11, 2.26281979265e-11, 3.63174351703e-11, 3.72850292307e-11, 1.15427264968e-10, 7.97151789023e-11, 4.83330375722e-10, 4.47862608111e-10, 4.38465735941e-10, 1.05854613963e-09, 6.07658090512e-10, 5.33099231426e-10, 5.88293858073e-10, 3.08518544045e-10, 1.08547970612e-09, 1.0703986586e-09, 1.24941568203e-09, 6.30064778129e-10, 1.06917041887e-09, 5.55906154442e-10, 7.46772421678e-10, 1.06979802794e-09, 1.16764575786e-09, 7.09636405194e-10, 5.82682624373e-10, 5.2910303916e-10, 3.79424880403e-10, 2.51529103101e-10, 1.35673847157e-10, 1.49628559543e-10, 8.35132935029e-11, 4.45713015107e-11, 2.9366072074e-11],
        "min": [6.49807017548e-14, 4.10991634605e-14, 1.68404363127e-14, 5.73078817541e-15, 7.44362728465e-15, 9.26551976826e-15, 6.48679980919e-15, 1.01376757127e-14, 2.11109612864e-14, 2.1300860991e-14, 9.26544861749e-15, 2.25560066942e-15, 7.88823096114e-16, 4.40115328308e-16, 8.22473862223e-16, 3.16758727944e-15, 3.81602318782e-15, 1.90775197831e-15, 3.45788654041e-16, 1.1816303373e-15, 4.65447103263e-15, 7.11448552794e-15, 2.23820578906e-15, 4.88244105654e-15, 4.03974068281e-15, 2.62626885164e-15, 5.27483415156e-15, 1.298713944e-14, 8.66183261049e-15, 6.33592248898e-15, 2.48731500247e-15, 2.63131653273e-15, 7.87198201047e-15, 5.91215487008e-15, 1.8035207625e-15, 2.65884870341e-15, 1.8595092168e-15, 1.8607626138e-15, 2.94301406941e-15, 1.1185314014e-14],
        "stdev": [7.62127729104e-06, 1.24128837342e-05, 3.97016083298e-06, 6.93436732035e-06, 3.45631160599e-05, 8.73530825629e-06, 5.63543972021e-06, 1.02428646187e-06, 5.2548983831e-07, 3.61556544703e-06, 3.6893889046e-06, 3.74853334506e-06, 2.65685525846e-06, 3.28094256474e-06, 6.10060942563e-06, 4.83569465359e-06, 8.68064307724e-06, 1.54735935212e-05, 5.34763285032e-06, 3.67929851564e-06, 9.55181349127e-06, 1.53742039402e-05, 3.29806716763e-05, 2.61865297944e-05, 1.5532839825e-05, 1.13689447971e-05, 1.25465812744e-05, 1.37396255013e-05, 2.26508091146e-05, 3.34969736286e-05, 4.26856786362e-05, 2.52844874922e-05, 2.65794005827e-05, 2.10415291804e-05, 2.09042900678e-05, 2.08733472391e-05, 2.16688131331e-05, 1.74753204192e-05, 3.83800907002e-05, 3.73334842152e-05],
