{
"lowlevel": {
    "average_loudness": 0.65781211853,
    "barkbands_crest": {
        "dmean": 1.91494429111,
        "dmean2": 3.18303012848,
        "dvar": 4.32436466217,
        "dvar2": 11.3937110901,
        "max": 23.869222641,
        "mean": 9.54509067535,
        "median": 8.10791397095,
        "min": 3.83510994911,
        "stdev": 4.29111909866,
        "var": 18.4137020111
    },
    "barkbands_flatness_db": {
        "dmean": 0.0130846165121,
        "dmean2": 0.0203043632209,
        "dvar": 0.000157744594617,
        "dvar2": 0.000405636965297,
        "max": 0.296167224646,
        "mean": 0.109852157533,
        "median": 0.0876172184944,
        "min": 0.0494336672127,
        "stdev": 0.0532680861652,
        "var": 0.00283748889342
    },
    "barkbands_kurtosis": {
        "dmean": 1.52670037746,
        "dmean2": 2.51553106308,
        "dvar": 14.3479137421,
        "dvar2": 31.6853656769,
        "max": 38.7227210999,
        "mean": 2.21005535126,
        "median": -1.18483793736,
        "min": -1.79568135738,
        "stdev": 7.91641807556,
        "var": 62.6696739197
    },
    "barkbands_skewness": {
        "dmean": 0.287853896618,
        "dmean2": 0.467058420181,
        "dvar": 0.152415558696,
        "dvar2": 0.374642521143,
        "max": 4.60310411453,
        "mean": 0.425005018711,
        "median": -0.448473662138,
        "min": -0.805072844028,
        "stdev": 1.41369795799,
        "var": 1.99854195118
    },
    "barkbands_spread": {
        "dmean": 5.42364168167,
        "dmean2": 9.4275932312,
        "dvar": 28.5452518463,
        "dvar2": 86.978225708,
        "max": 129.615432739,
        "mean": 72.6422576904,
        "median": 100.055923462,
        "min": 2.05649185181,
        "stdev": 48.0933837891,
        "var": 2312.97363281
    },
    "dissonance": {
        "dmean": 0.0189526099712,
        "dmean2": 0.031912535429,
        "dvar": 0.000763540738262,
        "dvar2": 0.00232063070871,
        "max": 0.499651253223,
        "mean": 0.473673135042,
        "median": 0.492113113403,
        "min": 0.312831580639,
        "stdev": 0.041553620249,
        "var": 0.00172670336906
    },
    "dynamic_complexity": 45.1047172546,
    "erbbands_crest": {
        "dmean": 1.96008348465,
        "dmean2": 3.17183017731,
        "dvar": 6.68546152115,
        "dvar2": 15.5170602798,
        "max": 30.9881191254,
        "mean": 8.38722133636,
        "median": 4.68659305573,
        "min": 2.75027370453,
        "stdev": 7.10531806946,
        "var": 50.4855422974
    },
    "erbbands_flatness_db": {
        "dmean": 0.011753979139,
        "dmean2": 0.0182432960719,
        "dvar": 0.000143288591062,
        "dvar2": 0.000347284629242,
        "max": 0.323515534401,
        "mean": 0.144855678082,
        "median": 0.105924710631,
        "min": 0.066683717072,
        "stdev": 0.0663048252463,
        "var": 0.00439632963389
    },
    "erbbands_kurtosis": {
        "dmean": 1.17125761509,
        "dmean2": 1.78455114365,
        "dvar": 7.23964452744,
        "dvar2": 12.1348438263,
        "max": 33.6575279236,
        "mean": 1.76854741573,
        "median": 0.146636843681,
        "min": -0.942558526993,
        "stdev": 5.81853294373,
        "var": 33.8553276062
    },
    "erbbands_skewness": {
        "dmean": 0.300561159849,
        "dmean2": 0.47761452198,
        "dvar": 0.106522716582,
        "dvar2": 0.223778188229,
        "max": 4.86841392517,
        "mean": 0.308530688286,
        "median": -0.126314550638,
        "min": -0.937107920647,
        "stdev": 1.27942121029,
        "var": 1.63691878319
    },
    "erbbands_spread": {
        "dmean": 3.91014122963,
        "dmean2": 6.24047327042,
        "dvar": 10.1212244034,
        "dvar2": 29.6001491547,
        "max": 50.5189437866,
        "mean": 31.2548789978,
        "median": 34.4558258057,
        "min": 4.52843618393,
        "stdev": 9.4461555481,
        "var": 89.229850769
    },
    "hfc": {
        "dmean": 10.9096288681,
        "dmean2": 11.3580493927,
        "dvar": 3617.05541992,
        "dvar2": 6972.00488281,
        "max": 827.735534668,
        "mean": 16.9430713654,
        "median": 0.000392611138523,
        "min": 1.46393967952e-05,
        "stdev": 93.2315597534,
        "var": 8692.12402344
    },
    "loudness_ebu128": {
        "integrated": -24.7648525238,
        "loudness_range": 0,
        "momentary": {
            "dmean": 2.85294675827,
            "dmean2": 0.927391052246,
            "dvar": 18.3661689758,
            "dvar2": 2.64126706123,
            "max": -21.9107208252,
            "mean": -76.1451950073,
            "median": -85.7438659668,
            "min": -87.2542190552,
            "stdev": 17.2361946106,
            "var": 297.086395264
        },
        "short_term": {
            "dmean": 0,
            "dmean2": 0,
            "dvar": 0,
            "dvar2": 0,
            "max": -30.6613292694,
            "mean": -30.6613292694,
            "median": -30.6613292694,
            "min": -30.6613292694,
            "stdev": 0,
            "var": 0
        }
    },
    "melbands_crest": {
        "dmean": 2.75513648987,
        "dmean2": 4.47133636475,
        "dvar": 4.87808895111,
        "dvar2": 12.6942777634,
        "max": 26.0331325531,
        "mean": 13.3367986679,
        "median": 12.527513504,
        "min": 4.98496627808,
        "stdev": 4.24852800369,
        "var": 18.0499897003
    },
    "melbands_flatness_db": {
        "dmean": 0.012674738653,
        "dmean2": 0.0190679002553,
        "dvar": 0.000194393578568,
        "dvar2": 0.000477178720757,
        "max": 0.323459655046,
        "mean": 0.100728437304,
        "median": 0.0372537896037,
        "min": 0.0178918279707,
        "stdev": 0.0925755128264,
        "var": 0.00857022590935
    },
    "melbands_kurtosis": {
        "dmean": 2.35051631927,
        "dmean2": 3.85603427887,
        "dvar": 24.3171405792,
        "dvar2": 61.2328796387,
        "max": 41.8514175415,
        "mean": 3.79582262039,
        "median": -0.633284211159,
        "min": -1.43424224854,
        "stdev": 8.74428367615,
        "var": 76.4625015259
    },
    "melbands_skewness": {
        "dmean": 0.368700176477,
        "dmean2": 0.560392200947,
        "dvar": 0.19324798882,
        "dvar2": 0.465517342091,
        "max": 4.56904411316,
        "mean": 1.11519002914,
        "median": 0.577170729637,
        "min": 0.194764614105,
        "stdev": 0.994246125221,
        "var": 0.988525390625
    },
    "melbands_spread": {
        "dmean": 8.85361003876,
        "dmean2": 14.7121515274,
        "dvar": 90.2914352417,
        "dvar2": 206.398574829,
        "max": 190.020980835,
        "mean": 99.1987075806,
        "median": 113.561523438,
        "min": 3.14797568321,
        "stdev": 72.9839706421,
        "var": 5326.65966797
    },
    "pitch_salience": {
        "dmean": 0.0372583940625,
        "dmean2": 0.0634148493409,
        "dvar": 0.001593038789,
        "dvar2": 0.00302766473033,
        "max": 0.727703511715,
        "mean": 0.549888551235,
        "median": 0.580736458302,
        "min": 0.236485645175,
        "stdev": 0.0877553969622,
        "var": 0.00770100904629
    },
    "silence_rate_20dB": {
        "dmean": 0.00869565177709,
        "dmean2": 0.0175438597798,
        "dvar": 0.00862006098032,
        "dvar2": 0.017236083746,
        "max": 1,
        "mean": 0.97413790226,
        "median": 1,
        "min": 0,
        "stdev": 0.158723473549,
        "var": 0.0251931399107
    },
    "silence_rate_30dB": {
        "dmean": 0.00869565177709,
        "dmean2": 0.0175438597798,
        "dvar": 0.00862006098032,
        "dvar2": 0.017236083746,
        "max": 1,
        "mean": 0.956896543503,
        "median": 1,
        "min": 0,
        "stdev": 0.203089624643,
        "var": 0.0412453971803
    },
    "silence_rate_60dB": {
        "dmean": 0.00869565177709,
        "dmean2": 0.0175438597798,
        "dvar": 0.008620060049,
        "dvar2": 0.017236083746,
        "max": 1,
        "mean": 0.922413766384,
        "median": 1,
        "min": 0,
        "stdev": 0.267519295216,
        "var": 0.0715665668249
    },
    "spectral_centroid": {
        "dmean": 128.869766235,
        "dmean2": 208.851791382,
        "dvar": 10679.8398438,
        "dvar2": 29107.6660156,
        "max": 4130.33349609,
        "mean": 2698.82299805,
        "median": 3246.40039062,
        "min": 618.346679688,
        "stdev": 1249.01818848,
        "var": 1560046.375
    },
    "spectral_complexity": {
        "dmean": 0.713043451309,
        "dmean2": 0.657894730568,
        "dvar": 7.87416982651,
        "dvar2": 11.3479099274,
        "max": 53,
        "mean": 1.90517246723,
        "median": 0,
        "min": 0,
        "stdev": 7.45444536209,
        "var": 55.5687561035
    },
    "spectral_decrease": {
        "dmean": 3.15478909663e-09,
        "dmean2": 2.81442136263e-09,
        "dvar": 2.70125053747e-16,
        "dvar2": 4.54423541202e-16,
        "max": -1.16379865263e-16,
        "mean": -5.40490718848e-09,
        "median": -5.22036823898e-15,
        "min": -2.38031276467e-07,
        "stdev": 2.81651058032e-08,
        "var": 7.93273142521e-16
    },
    "spectral_energy": {
        "dmean": 0.0128964334726,
        "dmean2": 0.0116316499189,
        "dvar": 0.00454452261329,
        "dvar2": 0.00773164629936,
        "max": 0.973462164402,
        "mean": 0.0219360720366,
        "median": 5.40164784013e-08,
        "min": 1.76708092603e-09,
        "stdev": 0.114716567099,
        "var": 0.0131598915905
    },
    "spectral_energyband_high": {
        "dmean": 0.000167231395608,
        "dmean2": 0.000172376356204,
        "dvar": 9.24351638787e-07,
        "dvar2": 1.26288136926e-06,
        "max": 0.016579227522,
        "mean": 0.000372198497644,
        "median": 2.52428016267e-08,
        "min": 9.63228496964e-10,
        "stdev": 0.00213420880027,
        "var": 4.55484723716e-06
    },
    "spectral_energyband_low": {
        "dmean": 7.12830978955e-06,
        "dmean2": 1.00908237073e-05,
        "dvar": 1.32518307439e-09,
        "dvar2": 2.0127888245e-09,
        "max": 0.000505535921548,
        "mean": 1.29282207126e-05,
        "median": 3.36741612372e-09,
        "min": 3.5394293052e-10,
        "stdev": 6.49500798318e-05,
        "var": 4.2185130944e-09
    },
    "spectral_energyband_middle_high": {
        "dmean": 0.00298364274204,
        "dmean2": 0.00390245462768,
        "dvar": 0.000381827703677,
        "dvar2": 0.000873941520695,
        "max": 0.196485161781,
        "mean": 0.00274508167058,
        "median": 1.18875496113e-08,
        "min": 1.32292982125e-10,
        "stdev": 0.0191848706454,
        "var": 0.000368059292668
    },
    "spectral_energyband_middle_low": {
        "dmean": 0.00977515988052,
        "dmean2": 0.00816939026117,
        "dvar": 0.00238615530543,
        "dvar2": 0.00355429085903,
        "max": 0.762034535408,
        "mean": 0.0188609361649,
        "median": 3.16385362353e-09,
        "min": 5.62779128854e-11,
        "stdev": 0.0951470062137,
        "var": 0.00905295275152
    },
    "spectral_entropy": {
        "dmean": 0.0910470560193,
        "dmean2": 0.139510780573,
        "dvar": 0.00803477689624,
        "dvar2": 0.0178133118898,
        "max": 8.83662509918,
        "mean": 8.18448734283,
        "median": 8.62642288208,
        "min": 6.51183700562,
        "stdev": 0.705160677433,
        "var": 0.497251540422
    },
    "spectral_flux": {
        "dmean": 0.00656210770831,
        "dmean2": 0.00626006023958,
        "dvar": 0.000868928676937,
        "dvar2": 0.000821390305646,
        "max": 0.681162774563,
        "mean": 0.0249058585614,
        "median": 0.000135333481012,
        "min": 0.000109726483061,
        "stdev": 0.105588600039,
        "var": 0.0111489519477
    },
    "spectral_kurtosis": {
        "dmean": 0.517899334431,
        "dmean2": 0.838046312332,
        "dvar": 0.469466775656,
        "dvar2": 1.12747812271,
        "max": 9.18298149109,
        "mean": 3.38653278351,
        "median": 2.42821788788,
        "min": 1.49139499664,
        "stdev": 1.83240735531,
        "var": 3.35771679878
    },
    "spectral_rms": {
        "dmean": 0.000354019139195,
        "dmean2": 0.00026122154668,
        "dvar": 2.03532249543e-06,
        "dvar2": 2.67305631496e-06,
        "max": 0.0308175142854,
        "mean": 0.00113117217552,
        "median": 7.25925929146e-06,
        "min": 1.31300475914e-06,
        "stdev": 0.00448570260778,
        "var": 2.01215298148e-05
    },
    "spectral_rolloff": {
        "dmean": 646.932189941,
        "dmean2": 1146.92663574,
        "dvar": 932014.1875,
        "dvar2": 2656262,
        "max": 18540.0878906,
        "mean": 11143.2470703,
        "median": 16677.4648438,
        "min": 581.396484375,
        "stdev": 7538.72900391,
        "var": 56832436
    },
    "spectral_skewness": {
        "dmean": 0.0867425650358,
        "dmean2": 0.136381521821,
        "dvar": 0.00758266821504,
        "dvar2": 0.0151238134131,
        "max": 2.35357737541,
        "mean": 1.47312998772,
        "median": 1.35799646378,
        "min": 0.99256259203,
        "stdev": 0.280531078577,
        "var": 0.0786976888776
    },
    "spectral_spread": {
        "dmean": 348150.78125,
        "dmean2": 603183.9375,
        "dvar": 76003540992,
        "dvar2": 210721652736,
        "max": 10174563,
        "mean": 7584467,
        "median": 8809072,
        "min": 3636551,
        "stdev": 2385815.75,
        "var": 5.69211722138e+12
    },
    "spectral_strongpeak": {
        "dmean": 0.437337338924,
        "dmean2": 0.47162258625,
        "dvar": 6.20430374146,
        "dvar2": 12.5342788696,
        "max": 26.8161087036,
        "mean": 0.690774559975,
        "median": 0,
        "min": 0,
        "stdev": 3.09571576118,
        "var": 9.58345603943
    },
    "zerocrossingrate": {
        "dmean": 0.0101859718561,
        "dmean2": 0.0118429623544,
        "dvar": 0.000236398802372,
        "dvar2": 0.000147086757352,
        "max": 0.29296875,
        "mean": 0.189112171531,
        "median": 0.24853515625,
        "min": 0.02734375,
        "stdev": 0.098533205688,
        "var": 0.00970879290253
    },
    "barkbands": {
        "dmean": [6.53073811918e-07, 1.42748797316e-06, 3.1420859159e-06, 5.83598830417e-06, 0.000264627538854, 3.33654643327e-05, 0.00536472676322, 0.00329910614528, 0.000860221742187, 4.92826402478e-05, 1.59461869771e-05, 1.38291607072e-05, 0.00188442727085, 0.000172102576471, 0.000443833763711, 3.646474579e-05, 4.1768529627e-05, 0.000353727460606, 4.9599675549e-05, 3.09996758006e-05, 4.86436802021e-05, 0.000105729493953, 2.1630898118e-05, 2.11968722397e-06, 9.7038991953e-07, 3.67841295201e-07, 2.01843050718e-07],
        "dmean2": [6.97689813478e-07, 1.78196717115e-06, 2.92370236821e-06, 9.7524098237e-06, 0.00021098718571, 4.26471524406e-05, 0.00568726984784, 0.00220975582488, 0.00155140820425, 4.72968931717e-05, 2.60363758571e-05, 1.46972188304e-05, 0.00275598047301, 0.000208842451684, 0.000501244794577, 5.40798100701e-05, 6.2972510932e-05, 0.000479406240629, 6.46991175017e-05, 1.39400772241e-05, 4.76173627248e-05, 9.9408593087e-05, 1.13030328066e-05, 2.07174093703e-06, 1.3612998373e-06, 5.92140963818e-07, 2.99833089912e-07],
        "dvar": [4.21579368637e-11, 1.08620799855e-10, 1.47824169572e-10, 1.06340436457e-09, 1.77911726951e-06, 3.41253247882e-08, 0.0011562036816, 0.000226657095482, 5.56034319743e-05, 6.50424141213e-08, 6.64912702675e-09, 4.92375029637e-09, 0.000177981186425, 1.07611538169e-06, 7.73311421653e-06, 6.5844218966e-08, 1.13816405189e-07, 5.84134613746e-06, 1.06229151697e-07, 3.49349740247e-08, 7.81424773777e-08, 3.1615755347e-07, 2.06809662728e-08, 2.24341198396e-10, 5.93095364487e-11, 7.61335786081e-12, 1.75253268928e-12],
        "dvar2": [4.2410040757e-11, 1.2912033942e-10, 1.50798026843e-10, 2.68363642419e-09, 1.25746862523e-06, 5.63419888522e-08, 0.00191790098324, 0.000121717050206, 0.00012661414803, 8.51237302868e-08, 1.95345659648e-08, 6.94941171275e-09, 0.000440323143266, 1.83674580967e-06, 1.50514124471e-05, 1.57500181786e-07, 1.83200612014e-07, 1.38479672387e-05, 1.85519340334e-07, 7.94242183133e-09, 9.84931034509e-08, 5.16236582371e-07, 8.72756711345e-09, 1.91030691266e-10, 8.34693147933e-11, 1.71739254762e-11, 4.07571372485e-12],
        "max": [7.30156898499e-05, 0.000152310414705, 0.000213036386413, 0.000364767067367, 0.0180665701628, 0.00246018497273, 0.31013700366, 0.347578495741, 0.0821775719523, 0.00334297958761, 0.000949392560869, 0.00147816655226, 0.120579279959, 0.0117324246094, 0.0274279937148, 0.00291941757314, 0.00473992712796, 0.0216048397124, 0.00489807967097, 0.0035620550625, 0.00485706469044, 0.0085851624608, 0.00248750578612, 0.000243719943683, 0.000111103836389, 3.2586605812e-05, 1.53039454744e-05],
        "mean": [7.09930191078e-07, 2.67571363111e-06, 5.69112307858e-06, 1.08998474388e-05, 0.000658613280393, 5.56385930395e-05, 0.00441631535068, 0.0123205492273, 0.00133454520255, 9.69292013906e-05, 2.68091207545e-05, 5.21908477822e-05, 0.00143741548527, 0.000229605662753, 0.000387314648833, 4.51687556051e-05, 9.71177287283e-05, 0.000258938438492, 0.000100345328974, 6.0874146584e-05, 0.000109950022306, 0.00018227599503, 3.84713493986e-05, 4.09406356994e-06, 2.12999952964e-06, 5.80692812946e-07, 2.75210197742e-07],
        "median": [1.2432736618e-08, 1.98410982089e-10, 8.93232918187e-11, 8.59823323651e-11, 2.29090246773e-10, 2.10965925285e-10, 3.82308990021e-10, 1.59816870848e-09, 4.40374015032e-10, 2.84546830542e-10, 3.56070201102e-10, 4.1235462267e-10, 1.95980009998e-09, 1.31228961031e-09, 1.07929531978e-09, 7.29507010355e-10, 9.01681618259e-10, 1.94867011416e-09, 1.29422406125e-09, 1.35988764693e-09, 1.8250877476e-09, 1.9673453977e-09, 2.1298018904e-09, 2.70643996103e-09, 3.97305477406e-09, 5.45027933896e-09, 7.64495666772e-09],
        "min": [2.91256546658e-10, 1.53953811505e-11, 2.25978849348e-12, 3.94204981158e-12, 2.05274200415e-11, 3.21467722234e-12, 6.81207520947e-12, 3.83205446541e-12, 8.86183487703e-12, 5.4247517936e-12, 1.47477377532e-11, 2.07037182537e-11, 1.32303768635e-11, 1.11478812292e-11, 3.61099279818e-12, 1.06084351373e-11, 8.90667227471e-12, 2.92244839439e-11, 7.25806133944e-12, 3.9766426263e-11, 4.9692618076e-11, 6.63137392221e-11, 6.48669451486e-11, 1.01777045125e-10, 1.21305424039e-10, 2.10532966061e-10, 3.34802296997e-10],
        "stdev": [6.75422234053e-06, 1.77816764335e-05, 2.56788825936e-05, 4.45011464763e-05, 0.00297787599266, 0.000302220607409, 0.0325475037098, 0.0565658062696, 0.00977757107466, 0.000443141325377, 0.0001318907307, 0.000232385908021, 0.0114072766155, 0.00139446684625, 0.00273655354977, 0.000311276788125, 0.000622021616437, 0.00204078550451, 0.000606996472925, 0.000396412389819, 0.000631322851405, 0.00102275365498, 0.000266665709205, 2.82710716419e-05, 1.40321571962e-05, 3.73080342797e-06, 1.63538220477e-06],
        "var": [4.56195220488e-11, 3.16187992455e-10, 6.59404975067e-10, 1.98035210452e-09, 8.86774523678e-06, 9.13372915079e-08, 0.00105934008025, 0.00319969048724, 9.56008952926e-05, 1.96374244865e-07, 1.739516442e-08, 5.40032125684e-08, 0.000130125961732, 1.94453764379e-06, 7.48872525946e-06, 9.68932312162e-08, 3.86910897987e-07, 4.16480588683e-06, 3.68444716514e-07, 1.57142793e-07, 3.98568516857e-07, 1.04602509055e-06, 7.11105982987e-08, 7.99253496719e-10, 1.96901439597e-10, 1.39188938153e-11, 2.67447500778e-12]
    },
    "erbbands": {
        "dmean": [4.17885821662e-05, 0.000376211537514, 0.0025641315151, 0.0124308299273, 0.147907808423, 1.74867880344, 0.390448004007, 2.07595562935, 62.6808204651, 74.9111099243, 78.0532913208, 18.2070655823, 2.66082286835, 0.643023908138, 0.740814089775, 1.27578759193, 41.2137069702, 58.704536438, 19.1882953644, 8.68552017212, 3.34717178345, 4.94920921326, 20.055141449, 3.34716367722, 2.39873957634, 1.56023323536, 1.4687962532, 2.59921646118, 3.39144802094, 2.8414516449, 0.539176166058, 0.088844448328, 0.0308126658201, 0.016127128154, 0.0061659635976, 0.0021447155159, 0.000627391447779, 0.000186048448086, 3.41561026289e-05, 1.76462526724e-05],
        "dmean2": [3.47898021573e-05, 0.000629879999906, 0.00340995611623, 0.0216717608273, 0.0991319641471, 1.4371535778, 0.43366920948, 2.65617108345, 66.1927261353, 80.7534332275, 52.9442367554, 24.6704025269, 2.79962158203, 0.886652588844, 1.05582988262, 0.878929615021, 58.4858283997, 75.4627685547, 22.4018497467, 9.71057510376, 4.702937603, 7.14199304581, 27.586145401, 4.81531715393, 2.57578372955, 0.747570157051, 0.901236832142, 2.89120340347, 2.75243020058, 3.54712986946, 0.495986402035, 0.0628698319197, 0.0330247059464, 0.0125917727128, 0.00914806779474, 0.00340769300237, 0.00100750010461, 0.000289456744213, 4.68596190331e-05, 1.75473742274e-05],
        "dvar": [1.24828147818e-07, 8.71656720847e-06, 0.000155511268531, 0.00407097116113, 0.347637563944, 81.5822525024, 3.35296487808, 177.564346313, 157223.671875, 193966.375, 145917.515625, 15248.7871094, 191.809524536, 11.6248092651, 22.364315033, 29.3669929504, 80830.1484375, 149450.75, 14329.8466797, 2942.14428711, 504.96685791, 1153.8182373, 18977.0527344, 519.15447998, 190.191436768, 84.9424667358, 68.0338592529, 222.934249878, 294.632751465, 303.47946167, 13.383389473, 0.332284361124, 0.0503037683666, 0.0113986851647, 0.00193248922005, 0.000258418294834, 2.20500096475e-05, 1.61932359788e-06, 4.35676028587e-08, 9.00279406579e-09],
        "dvar2": [7.61346683475e-08, 1.59032169904e-05, 0.000182630188647, 0.0106637720019, 0.168276548386, 58.4347381592, 5.80178499222, 267.600402832, 262672, 370852.5, 106600.203125, 30348.0703125, 378.916412354, 25.9345111847, 34.0196800232, 33.633026123, 197644.515625, 331156.53125, 29002.6230469, 5668.28271484, 1202.05554199, 2730.64355469, 45697.2851562, 1144.86010742, 326.223449707, 20.2805767059, 31.8153381348, 395.455749512, 379.006317139, 664.816589355, 10.6268854141, 0.165343537927, 0.0496226623654, 0.00680667441338, 0.00410992465913, 0.000592229538597, 5.05205207446e-05, 3.63182493857e-06, 9.68378088828e-08, 1.65607900726e-08],
        "max": [0.00473386002705, 0.0377368330956, 0.204406708479, 0.833839476109, 11.1512002945, 113.016235352, 33.8717193604, 121.358276367, 3590.39135742, 5139.99804688, 8369.24707031, 1864.78015137, 199.73576355, 48.738609314, 66.7556915283, 110.487792969, 2753.32714844, 3692.94702148, 1245.03308105, 537.404785156, 255.506072998, 405.597625732, 1243.89013672, 295.445922852, 207.162948608, 179.344299316, 168.894271851, 229.819580078, 305.39666748, 219.038284302, 62.0036239624, 10.2161254883, 3.54138088226, 1.84887599945, 0.562974452972, 0.188628315926, 0.0550391897559, 0.0153412949294, 0.00259199249558, 0.00133920309599],
        "mean": [5.55377228011e-05, 0.00079247955, 0.00616432027891, 0.0294190514833, 0.485242664814, 3.7837870121, 1.00980091095, 2.05992102623, 50.5575180054, 90.3486633301, 309.781555176, 42.5882987976, 4.87807607651, 1.54235672951, 1.18547296524, 3.6143682003, 36.3024749756, 47.5003738403, 18.1109695435, 7.67159223557, 3.96348309517, 6.64521980286, 15.0400934219, 5.32326793671, 4.16308355331, 3.18625283241, 3.73495292664, 4.70113945007, 7.31178951263, 3.79857182503, 1.08010149002, 0.170194894075, 0.0602428801358, 0.0310109294951, 0.0101328082383, 0.00322108133696, 0.000977744581178, 0.000284816138446, 5.05979405716e-05, 2.89891631837e-05],
        "median": [3.34999015195e-08, 2.95670261607e-08, 8.81644268702e-08, 2.04754584843e-07, 4.28499845384e-07, 8.57856093717e-07, 1.28424608192e-06, 2.77727940556e-06, 4.50263087259e-06, 1.01797686511e-05, 3.75975796487e-05, 1.04703658508e-05, 9.48983142735e-06, 1.11001136247e-05, 1.5949470253e-05, 1.73945591087e-05, 6.13114461885e-05, 0.000122247918625, 4.78528127132e-05, 4.25860598625e-05, 4.15177819377e-05, 5.78012040933e-05, 0.000103721919004, 6.83793186909e-05, 6.91402237862e-05, 6.18807971478e-05, 7.46990699554e-05, 7.27476290194e-05, 6.80971861584e-05, 6.94545160513e-05, 6.1367660237e-05, 5.39755965292e-05, 4.83113835799e-05, 4.07211300626e-05, 2.92847980745e-05, 1.96315122594e-05, 1.04989467218e-05, 4.28446355727e-06, 1.06968002456e-06, 1.16611424517e-07],
        "min": [9.69773950033e-09, 4.35903180218e-09, 6.66312471864e-09, 1.81899952878e-08, 2.59413823755e-08, 4.23933279592e-08, 7.0078584713e-08, 1.83919581787e-08, 8.36303186702e-08, 7.37409919793e-08, 1.28151100398e-07, 1.92287870959e-07, 1.85055313295e-07, 3.51008452526e-07, 5.99536349455e-07, 8.75624493801e-07, 5.94334721882e-07, 7.13185784207e-07, 2.27846172152e-07, 3.45998074636e-07, 5.92509195485e-07, 4.76823544204e-07, 1.55429233928e-06, 7.32249134217e-07, 5.21320885127e-07, 1.96872315428e-06, 1.84260841252e-06, 2.37687481786e-06, 1.73000319137e-06, 3.26341637447e-06, 1.57728686645e-06, 1.43305908296e-06, 2.12443205783e-06, 1.32529146413e-06, 9.05022716324e-07, 7.54322968533e-07, 4.01392242111e-07, 1.85311861856e-07, 3.9842799282e-08, 5.03859087786e-09],
        "stdev": [0.000446660909802, 0.00480559840798, 0.0284708812833, 0.111943148077, 1.95284414291, 17.7949619293, 4.73650932312, 13.998418808, 375.472869873, 543.470214844, 1407.46557617, 236.90965271, 23.5870952606, 6.82664394379, 6.89685821533, 16.1171531677, 266.124328613, 355.603942871, 124.683868408, 53.8241691589, 26.6629219055, 44.096912384, 117.625587463, 33.7733001709, 24.5321388245, 20.2988624573, 21.7276000977, 27.4610099792, 39.4934539795, 23.603931427, 7.22232580185, 1.15223777294, 0.415857225657, 0.2092628479, 0.0654935911298, 0.0212927814573, 0.0062464736402, 0.00173083331902, 0.000280121690594, 0.000153636254254],
        "var": [1.99505961973e-07, 2.30937748711e-05, 0.000810591038316, 0.0125312684104, 3.81360030174, 316.660675049, 22.4345226288, 195.955718994, 140979.875, 295359.90625, 1980959.25, 56126.1835938, 556.351074219, 46.6030693054, 47.5666542053, 259.762634277, 70822.1640625, 126454.15625, 15546.0664062, 2897.04101562, 710.911437988, 1944.5378418, 13835.7783203, 1140.63586426, 601.825805664, 412.043823242, 472.088592529, 754.107055664, 1559.73291016, 557.145568848, 52.1619873047, 1.32765197754, 0.172937244177, 0.04379093647, 0.00428941007704, 0.000453382526757, 3.90184322896e-05, 2.99578391605e-06, 7.84681617461e-08, 2.36041000079e-08]
    },
    "gfcc": {
        "mean": [-538.695739746, -31.6958084106, -109.038665771, -6.65639448166, -53.0127296448, -5.71926450729, -27.3487434387, 3.85556292534, -7.11549663544, 14.8453035355, -10.8947067261, -3.78970122337, -21.5721511841],
        "cov": [[42030.1367188, 11789.1982422, -4857.31835938, -793.654602051, -3823.33227539, -2664.59887695, -600.653991699, -1861.18395996, 491.24987793, 241.993484497, -1301.39538574, -1625.34375, -2333.97631836], [11789.1982422, 4057.07739258, -1507.4473877, -354.357269287, -1113.3885498, -932.1796875, -180.61328125, -542.416381836, 181.919052124, 194.206542969, -431.040740967, -558.366760254, -883.981872559], [-4857.31835938, -1507.4473877, 918.293212891, 270.440673828, 475.943847656, 455.919830322, 166.062774658, 171.286834717, -196.074615479, -168.097106934, 113.727584839, 288.333129883, 418.377960205], [-793.654602051, -354.357269287, 270.440673828, 170.910202026, 104.703208923, 134.797576904, 48.3736381531, 4.89182519913, -85.8654174805, -97.6138153076, 10.7428913116, 92.6526947021, 150.132476807], [-3823.33227539, -1113.3885498, 475.943847656, 104.703208923, 386.450927734, 283.223144531, 60.4050254822, 171.291946411, -54.7963867188, -26.8445968628, 122.037239075, 154.752792358, 219.258468628], [-2664.59887695, -932.1796875, 455.919830322, 134.797576904, 283.223144531, 292.01675415, 91.1946411133, 109.258590698, -87.0367507935, -82.7224731445, 81.6691665649, 148.761779785, 225.823120117], [-600.653991699, -180.61328125, 166.062774658, 48.3736381531, 60.4050254822, 91.1946411133, 65.409614563, 19.7331523895, -50.3981513977, -48.6229667664, -2.14473247528, 41.8414421082, 61.2814064026], [-1861.18395996, -542.416381836, 171.286834717, 4.89182519913, 171.291946411, 109.258590698, 19.7331523895, 123.741958618, 15.0560455322, 20.7488498688, 72.354675293, 57.7057609558, 77.0744628906], [491.24987793, 181.919052124, -196.074615479, -85.8654174805, -54.7963867188, -87.0367507935, -50.3981513977, 15.0560455322, 88.8711471558, 82.6241607666, 10.6518115997, -59.1016120911, -94.7801971436], [241.993484497, 194.206542969, -168.097106934, -97.6138153076, -26.8445968628, -82.7224731445, -48.6229667664, 20.7488498688, 82.6241607666, 114.068588257, 22.1061096191, -54.5772171021, -106.863456726], [-1301.39538574, -431.040740967, 113.727584839, 10.7428913116, 122.037239075, 81.6691665649, -2.14473247528, 72.354675293, 10.6518115997, 22.1061096191, 77.2607345581, 58.337020874, 73.0970611572], [-1625.34375, -558.366760254, 288.333129883, 92.6526947021, 154.752792358, 148.761779785, 41.8414421082, 57.7057609558, -59.1016120911, -54.5772171021, 58.337020874, 121.964302063, 164.421157837], [-2333.97631836, -883.981872559, 418.377960205, 150.132476807, 219.258468628, 225.823120117, 61.2814064026, 77.0744628906, -94.7801971436, -106.863456726, 73.0970611572, 164.421157837, 267.382629395]],
        "icov": [[0.000933201692533, -0.00141666596755, 0.00193510705139, -0.00237710238434, 0.00809908658266, -0.00692627718672, 0.00464849593118, -0.00152597180568, 0.00187455513515, -0.000511748192366, 0.000694633286912, -6.34528332739e-05, 0.00066102296114], [-0.00141666596755, 0.0153829474002, -0.000924012216274, -0.00670281145722, -0.00135548424441, 0.0198618024588, -0.0162339881063, 0.0148197282106, 0.00419692648575, -0.016715021804, 0.0235100593418, -0.0187491588295, 0.0273953732103], [0.00193510705139, -0.000924012216274, 0.0219708681107, -0.0108421510085, 0.0124078132212, -0.0169213395566, 0.000966333667748, -0.0107323089615, 0.0224142912775, -0.0144161200151, 0.0190292093903, -0.0179113149643, 0.000530663353857], [-0.00237710238434, -0.00670281145722, -0.0108421510085, 0.0332548804581, -0.0308704450727, 0.00776026025414, 0.000581109779887, 0.00297147431411, -0.0154359126464, 0.0239579342306, -0.0182853210717, 0.0117614986375, -0.0249765198678], [0.00809908658266, -0.00135548424441, 0.0124078132212, -0.0308704450727, 0.110670931637, -0.0733877569437, 0.0576310120523, -0.0279080457985, 0.0420169569552, -0.0313018448651, 0.0268520694226, -0.0125888474286, 0.0329833365977], [-0.00692627718672, 0.0198618024588, -0.0169213395566, 0.00776026025414, -0.0733877569437, 0.100848309696, -0.0778020694852, 0.0373795330524, -0.0268517117947, 0.00665885023773, -0.0140636237338, -0.000279326719465, 0.00654675718397], [0.00464849593118, -0.0162339881063, 0.000966333667748, 0.000581109779887, 0.0576310120523, -0.0778020694852, 0.108689747751, -0.0467953681946, 0.0343577340245, 0.00631603552029, 0.014984649606, 0.00110547232907, 0.00202394882217], [-0.00152597180568, 0.0148197282106, -0.0107323089615, 0.00297147431411, -0.0279080457985, 0.0373795330524, -0.0467953681946, 0.0760485827923, -0.0474809594452, 0.00208305777051, -0.00326538318768, -0.00769301503897, 0.0205434542149], [0.00187455513515, 0.00419692648575, 0.0224142912775, -0.0154359126464, 0.0420169569552, -0.0268517117947, 0.0343577340245, -0.0474809594452, 0.109404541552, -0.051845934242, 0.0235668215901, -0.00699838576838, 0.0137898623943], [-0.000511748192366, -0.016715021804, -0.0144161200151, 0.0239579342306, -0.0313018448651, 0.00665885023773, 0.00631603552029, 0.00208305777051, -0.051845934242, 0.0898252204061, -0.0698043480515, 0.0238412935287, -0.0106822540984], [0.000694633286912, 0.0235100593418, 0.0190292093903, -0.0182853210717, 0.0268520694226, -0.0140636237338, 0.014984649606, -0.00326538318768, 0.0235668215901, -0.0698043480515, 0.14346306026, -0.0792951658368, 0.0416425615549], [-6.34528332739e-05, -0.0187491588295, -0.0179113149643, 0.0117614986375, -0.0125888474286, -0.000279326719465, 0.00110547232907, -0.00769301503897, -0.00699838576838, 0.0238412935287, -0.0792951658368, 0.114200480282, -0.0700939148664], [0.00066102296114, 0.0273953732103, 0.000530663353857, -0.0249765198678, 0.0329833365977, 0.00654675718397, 0.00202394882217, 0.0205434542149, 0.0137898623943, -0.0106822540984, 0.0416425615549, -0.0700939148664, 0.106649935246]]
    },
    "melbands": {
        "dmean": [4.05971064765e-07, 1.13723967843e-06, 3.37002006745e-06, 6.21898288955e-05, 2.82196433545e-05, 3.46353081113e-05, 0.00105225935113, 0.000824721471872, 0.000523751601577, 8.41247601784e-05, 9.82462279353e-06, 2.63560491476e-06, 2.33285641116e-06, 1.77126935341e-06, 6.19944148639e-06, 0.000202265990083, 8.82779931999e-05, 2.08159053727e-05, 3.49296497006e-05, 2.14300030166e-06, 3.55941392627e-06, 3.3844914924e-06, 1.74219167093e-05, 1.36228190968e-05, 1.53873668296e-06, 1.29207796817e-06, 1.44212822306e-06, 1.07671837668e-06, 8.05667411896e-07, 1.17319541459e-06, 1.62225103395e-06, 1.74587944457e-06, 2.14382703234e-06, 1.05933065697e-06, 3.9805198071e-07, 1.11964240546e-07, 2.58817536292e-08, 2.05416235133e-08, 1.89068352086e-08, 1.22482521903e-08],
        "dmean2": [2.39051416884e-07, 1.66912548138e-06, 4.70148142995e-06, 4.59087714262e-05, 2.71050321317e-05, 5.06907599629e-05, 0.00110987666994, 0.000750444247387, 0.000312329968438, 0.000149820058141, 9.38631819736e-06, 3.53893392457e-06, 3.63041976925e-06, 1.3574924651e-06, 6.64933486405e-06, 0.000290543684969, 0.000110439737909, 2.49216391239e-05, 3.85812563763e-05, 3.00142687593e-06, 5.03937553731e-06, 4.67948166261e-06, 2.5278854082e-05, 1.76597313839e-05, 2.45657815867e-06, 8.86370571607e-07, 1.70354712736e-06, 4.98098131629e-07, 4.36113197111e-07, 6.87299007041e-07, 1.99078431251e-06, 1.35638492793e-06, 1.9256624455e-06, 1.57947954449e-06, 2.90038286721e-07, 6.15439645912e-08, 4.0823191938e-08, 2.11022097574e-08, 2.04799306402e-08, 7.28214910595e-09],
        "dvar": [8.19092450116e-12, 3.56007341662e-11, 1.62218308231e-10, 9.16345967994e-08, 2.04546939386e-08, 5.16067366618e-08, 4.44913639512e-05, 1.90598893823e-05, 6.37489756627e-06, 5.15615965924e-07, 2.6744375603e-09, 1.89345594759e-10, 1.63254298968e-10, 1.57091534225e-10, 7.96663568448e-10, 2.00942758966e-06, 3.29964734647e-07, 1.67464602185e-08, 4.80778901135e-08, 2.09026490561e-10, 5.73958602867e-10, 5.11232445266e-10, 1.48508405573e-08, 8.21823498143e-09, 1.62252933311e-10, 5.5935398674e-11, 7.67008054292e-11, 4.25733649723e-11, 2.01477584616e-11, 4.08137412755e-11, 9.68055496875e-11, 7.94693755246e-11, 1.35088149e-10, 5.64874015618e-11, 7.11628369079e-12, 5.47741648045e-13, 4.4814321118e-14, 2.23122335766e-14, 1.84994943355e-14, 6.31890220893e-15],
        "dvar2": [2.82447676359e-12, 4.99391604458e-11, 2.99018143579e-10, 5.72445024716e-08, 2.30239880494e-08, 9.06639172626e-08, 7.42047341191e-05, 3.25777691614e-05, 3.0868839076e-06, 1.19010269373e-06, 4.42408154555e-09, 4.1882586288e-10, 3.79474035528e-10, 1.1304797376e-10, 1.29841271068e-09, 4.90674756293e-06, 7.11224004135e-07, 3.47524498068e-08, 9.10551776201e-08, 4.94341290125e-10, 1.36397249051e-09, 1.10036413314e-09, 3.73482578198e-08, 1.86468014363e-08, 2.58284310606e-10, 3.07411769651e-11, 1.44051701123e-10, 8.44179327136e-12, 8.56368274904e-12, 1.56794421197e-11, 2.05448602575e-10, 7.92412108153e-11, 2.14881876182e-10, 1.330735383e-10, 4.04028373258e-12, 1.43014831748e-13, 7.83621282555e-14, 2.07258069349e-14, 1.87116828651e-14, 2.46112664956e-15],
        "max": [4.52446038253e-05, 8.7399588665e-05, 0.000201729912078, 0.00411982275546, 0.00208818609826, 0.00200773775578, 0.0602514036, 0.0616908483207, 0.0602168142796, 0.00808708462864, 0.000657797732856, 0.000185953307664, 0.000166330006323, 0.000203630523174, 0.000513578823302, 0.0130097493529, 0.00552073353902, 0.00141962477937, 0.0021096856799, 0.000156704671099, 0.000281676533632, 0.000299852137687, 0.0011612958042, 0.000827768526506, 0.000176907647983, 0.000148567152792, 0.000121924262203, 0.000123636418721, 9.26329012145e-05, 0.000134894653456, 0.000128160667373, 0.000169855440618, 0.000158625975018, 9.18062578421e-05, 4.57745954918e-05, 1.28743786263e-05, 2.78770221485e-06, 2.36153005062e-06, 2.16860848923e-06, 1.40204747368e-06],
        "mean": [6.27834083389e-07, 2.43304953074e-06, 1.14469567052e-05, 0.000147316983202, 6.90576125635e-05, 3.60440681106e-05, 0.000846022740006, 0.001353795873, 0.00219145487063, 0.000136663657031, 1.69107024703e-05, 5.59905402042e-06, 3.50171990249e-06, 3.56817395186e-06, 1.77375350177e-05, 0.000155759975314, 7.21224932931e-05, 2.1408091925e-05, 2.95090976579e-05, 2.28732756113e-06, 4.55370945929e-06, 5.42271027371e-06, 1.48282197188e-05, 1.03894299173e-05, 3.491504458e-06, 3.35061622536e-06, 2.27414875553e-06, 2.06758863897e-06, 1.95863049157e-06, 3.04907553073e-06, 2.29337979363e-06, 4.28751536674e-06, 3.23083077092e-06, 1.56864689416e-06, 7.38265441669e-07, 1.89775150261e-07, 5.24996188744e-08, 3.90151591034e-08, 3.79414437646e-08, 2.24480949385e-08],
        "median": [6.12760731045e-10, 4.46676168275e-11, 4.01841754316e-11, 4.05638682366e-11, 4.61350679881e-11, 5.99598148909e-11, 6.97739227506e-11, 1.40108952218e-10, 2.60687360587e-10, 6.07789235607e-11, 4.27549488868e-11, 4.10311541688e-11, 4.93224072695e-11, 4.59584106882e-11, 5.16541323603e-11, 2.51794612938e-10, 1.96939103914e-10, 6.36286578981e-11, 8.28456192536e-11, 5.54992302115e-11, 4.40715242078e-11, 5.46937529988e-11, 1.19493040462e-10, 7.56751467046e-11, 4.72093822368e-11, 4.94702889764e-11, 4.84566622938e-11, 4.13676454203e-11, 4.76271522221e-11, 4.71282943226e-11, 4.18241240252e-11, 3.88236838511e-11, 4.20283113867e-11, 3.78511492982e-11, 3.65521571344e-11, 3.40823896883e-11, 3.25770244114e-11, 3.31265119502e-11, 3.35646926919e-11, 3.34426167314e-11],
        "min": [8.24918675035e-11, 3.96277975712e-12, 4.50047204364e-12, 4.14350671829e-12, 2.89393595893e-12, 4.7550982249e-13, 1.32171443928e-12, 7.26275214014e-13, 1.15840789652e-12, 1.23646123722e-12, 8.58951202266e-13, 1.25687860727e-12, 2.07053905271e-12, 1.85539300937e-12, 2.26497379879e-12, 1.22962490884e-12, 1.32918459225e-12, 3.82290932851e-13, 2.86074359731e-13, 6.82197679423e-13, 6.34809641919e-13, 3.4989380642e-13, 8.69048214468e-13, 1.87889309146e-12, 4.14444222213e-13, 2.2692903058e-13, 5.43412645611e-13, 1.57574821247e-12, 1.35039115307e-12, 7.24286190919e-13, 1.7363329741e-12, 8.8325245555e-13, 1.3171497313e-12, 1.88379975681e-12, 1.01116066475e-12, 4.66143183081e-13, 1.05451552438e-12, 1.47702791838e-12, 1.4109964282e-12, 9.75162333695e-13],
        "stdev": [4.57241139884e-06, 1.18911893878e-05, 4.11745968449e-05, 0.000665625208057, 0.000320466293488, 0.000241328991251, 0.00630177138373, 0.00719195744023, 0.0100311255082, 0.00095674028853, 7.99422123237e-05, 2.49171207543e-05, 1.90324008145e-05, 2.07179691643e-05, 7.59105023462e-05, 0.00123518123291, 0.000534601102117, 0.000144078832818, 0.000211200138438, 1.59258834174e-05, 3.00507854263e-05, 3.44675645465e-05, 0.000111961286166, 7.89512560004e-05, 2.2623096811e-05, 1.94491294678e-05, 1.39732637763e-05, 1.34778438223e-05, 1.15460097732e-05, 1.74724682438e-05, 1.40457013913e-05, 2.30544410442e-05, 1.83662414202e-05, 1.03075708466e-05, 5.09581059305e-06, 1.32182628931e-06, 3.53926651542e-07, 2.73507595239e-07, 2.56874102433e-07, 1.53482389464e-07],
