{
"lowlevel": {
    "average_loudness": 0.99068403244,
    "barkbands_crest": {
        "dmean": 3.73604631424,
        "dmean2": 6.33112382889,
        "dvar": 7.8360080719,
        "dvar2": 18.37682724,
        "max": 22.8961868286,
        "mean": 14.2865505219,
        "median": 14.281493187,
        "min": 4.51480007172,
        "stdev": 4.86271047592,
        "var": 23.6459541321
    },
    "barkbands_flatness_db": {
        "dmean": 0.0542389154434,
        "dmean2": 0.0868504568934,
        "dvar": 0.00194959214423,
        "dvar2": 0.00614032289013,
        "max": 0.336254298687,
        "mean": 0.175030916929,
        "median": 0.183938503265,
        "min": 0.0473275594413,
        "stdev": 0.0817442014813,
        "var": 0.00668211467564
    },
    "barkbands_kurtosis": {
        "dmean": 28.9255981445,
        "dmean2": 52.059715271,
        "dvar": 1418.78320312,
        "dvar2": 5032.29052734,
        "max": 157.288085938,
        "mean": 32.4587440491,
        "median": 16.9241123199,
        "min": -1.18937289715,
        "stdev": 37.8098945618,
        "var": 1429.5880127
    },
    "barkbands_skewness": {
        "dmean": 1.88155508041,
        "dmean2": 3.19382405281,
        "dvar": 3.79993867874,
        "dvar2": 12.8693313599,
        "max": 10.4353752136,
        "mean": 3.93763661385,
        "median": 3.27703619003,
        "min": -1.10760390759,
        "stdev": 2.61843132973,
        "var": 6.85618305206
    },
    "barkbands_spread": {
        "dmean": 11.9293985367,
        "dmean2": 21.1764545441,
        "dvar": 442.612731934,
        "dvar2": 1115.44702148,
        "max": 103.178276062,
        "mean": 17.5984897614,
        "median": 6.78032112122,
        "min": 1.2349435091,
        "stdev": 24.9758358002,
        "var": 623.792358398
    },
    "dissonance": {
        "dmean": 0.0233186352998,
        "dmean2": 0.0316378809512,
        "dvar": 0.00191136694048,
        "dvar2": 0.00268396432512,
        "max": 0.495876789093,
        "mean": 0.465586781502,
        "median": 0.473607450724,
        "min": 0.221476659179,
        "stdev": 0.0438182093203,
        "var": 0.00192003557459
    },
    "dynamic_complexity": 22.84856987,
    "erbbands_crest": {
        "dmean": 2.82633018494,
        "dmean2": 4.75588226318,
        "dvar": 6.12181806564,
        "dvar2": 16.1738433838,
        "max": 18.2965965271,
        "mean": 7.98338937759,
        "median": 6.97621393204,
        "min": 3.05479860306,
        "stdev": 3.64028763771,
        "var": 13.2516937256
    },
    "erbbands_flatness_db": {
        "dmean": 0.0205004028976,
        "dmean2": 0.0354246608913,
        "dvar": 0.000341906939866,
        "dvar2": 0.000916099990718,
        "max": 0.178362980485,
        "mean": 0.0926401391625,
        "median": 0.0898467227817,
        "min": 0.0579223819077,
        "stdev": 0.0260761976242,
        "var": 0.000679968041368
    },
    "erbbands_kurtosis": {
        "dmean": 1.38678336143,
        "dmean2": 2.35055303574,
        "dvar": 4.67742538452,
        "dvar2": 9.19159507751,
        "max": 12.1085186005,
        "mean": 0.924495398998,
        "median": 0.147952318192,
        "min": -1.26019716263,
        "stdev": 2.85932421684,
        "var": 8.17573451996
    },
    "erbbands_skewness": {
        "dmean": 0.464816510677,
        "dmean2": 0.80694437027,
        "dvar": 0.244751900434,
        "dvar2": 0.489512741566,
        "max": 3.35950636864,
        "mean": 1.03644108772,
        "median": 0.976702511311,
        "min": -0.616551399231,
        "stdev": 0.764424979687,
        "var": 0.584345519543
    },
    "erbbands_spread": {
        "dmean": 15.108997345,
        "dmean2": 27.9278507233,
        "dvar": 127.7838974,
        "dvar2": 250.240982056,
        "max": 93.9032211304,
        "mean": 54.5475463867,
        "median": 55.4540519714,
        "min": 17.6189994812,
        "stdev": 16.2119674683,
        "var": 262.827911377
    },
    "hfc": {
        "dmean": 7.11954498291,
        "dmean2": 12.1971130371,
        "dvar": 600.306396484,
        "dvar2": 1641.86914062,
        "max": 128.117126465,
        "mean": 5.68851184845,
        "median": 0.0274451225996,
        "min": 4.36638281087e-08,
        "stdev": 21.6726207733,
        "var": 469.702484131
    },
    "loudness_ebu128": {
        "integrated": -22.359796524,
        "loudness_range": 0,
        "momentary": {
            "dmean": 6.95404338837,
            "dmean2": 5.15063476562,
            "dvar": 16.1649112701,
            "dvar2": 22.4053726196,
            "max": -20.0481128693,
            "mean": -37.2447547913,
            "median": -39.0209197998,
            "min": -54.8183288574,
            "stdev": 13.1176242828,
            "var": 172.072067261
        },
        "short_term": {
            "dmean": 0,
            "dmean2": 0,
            "dvar": 0,
            "dvar2": 0,
            "max": -28.7936954498,
            "mean": -28.7936954498,
            "median": -28.7936954498,
            "min": -28.7936954498,
            "stdev": 0,
            "var": 0
        }
    },
    "melbands_crest": {
        "dmean": 4.87612104416,
        "dmean2": 8.8434715271,
        "dvar": 17.9767456055,
        "dvar2": 48.9551315308,
        "max": 34.8706436157,
        "mean": 20.2449092865,
        "median": 18.0122451782,
        "min": 9.56415176392,
        "stdev": 7.02677249908,
        "var": 49.3755340576
    },
    "melbands_flatness_db": {
        "dmean": 0.0533317178488,
        "dmean2": 0.0863272771239,
        "dvar": 0.00195036001969,
        "dvar2": 0.00471789715812,
        "max": 0.389686226845,
        "mean": 0.24987231195,
        "median": 0.269350498915,
        "min": 0.0414246469736,
        "stdev": 0.0869118720293,
        "var": 0.00755367334932
    },
    "melbands_kurtosis": {
        "dmean": 25.9753170013,
        "dmean2": 47.591632843,
        "dvar": 1243.28051758,
        "dvar2": 4346.53076172,
        "max": 171.234222412,
        "mean": 43.4602508545,
        "median": 32.5617637634,
        "min": -0.645262241364,
        "stdev": 37.4406280518,
        "var": 1401.80053711
    },
    "melbands_skewness": {
        "dmean": 1.50763106346,
        "dmean2": 2.69155550003,
        "dvar": 2.30454349518,
        "dvar2": 7.23910140991,
        "max": 10.418756485,
        "mean": 4.4379491806,
        "median": 4.16384077072,
        "min": 0.895379304886,
        "stdev": 2.07155609131,
        "var": 4.29134464264
    },
    "melbands_spread": {
        "dmean": 8.81390571594,
        "dmean2": 15.3188581467,
        "dvar": 517.405273438,
        "dvar2": 877.31451416,
        "max": 159.908691406,
        "mean": 16.8725185394,
        "median": 5.62115573883,
        "min": 1.63055205345,
        "stdev": 33.5596504211,
        "var": 1126.25012207
    },
    "pitch_salience": {
        "dmean": 0.107958234847,
        "dmean2": 0.165366739035,
        "dvar": 0.00636413879693,
        "dvar2": 0.0182501971722,
        "max": 0.863589286804,
        "mean": 0.464792519808,
        "median": 0.446659624577,
        "min": 0.124448053539,
        "stdev": 0.174923360348,
        "var": 0.0305981822312
    },
    "silence_rate_20dB": {
        "dmean": 0,
        "dmean2": 0,
        "dvar": 0,
        "dvar2": 0,
        "max": 1,
        "mean": 1,
        "median": 1,
        "min": 1,
        "stdev": 0,
        "var": 0
    },
    "silence_rate_30dB": {
        "dmean": 0,
        "dmean2": 0,
        "dvar": 0,
        "dvar2": 0,
        "max": 1,
        "mean": 1,
        "median": 1,
        "min": 1,
        "stdev": 0,
        "var": 0
    },
    "silence_rate_60dB": {
        "dmean": 0.0555555559695,
        "dmean2": 0.114285714924,
        "dvar": 0.0524691566825,
        "dvar2": 0.101224534214,
        "max": 1,
        "mean": 0.837837815285,
        "median": 1,
        "min": 0,
        "stdev": 0.368599563837,
        "var": 0.135865628719
    },
    "spectral_centroid": {
        "dmean": 316.274139404,
        "dmean2": 552.743286133,
        "dvar": 301933.5,
        "dvar2": 618844.25,
        "max": 3700.33447266,
        "mean": 921.067016602,
        "median": 677.050720215,
        "min": 318.010375977,
        "stdev": 744.483459473,
        "var": 554255.625
    },
    "spectral_complexity": {
        "dmean": 2.33333325386,
        "dmean2": 2.97142863274,
        "dvar": 30.6666698456,
        "dvar2": 58.0848731995,
        "max": 41,
        "mean": 3.94594597816,
        "median": 0,
        "min": 0,
        "stdev": 8.66164779663,
        "var": 75.0241470337
    },
    "spectral_decrease": {
        "dmean": 1.17853604653e-09,
        "dmean2": 1.79727321914e-09,
        "dvar": 1.3741336094e-17,
        "dvar2": 2.33254791506e-17,
        "max": -2.31199436901e-19,
        "mean": -1.62600866105e-09,
        "median": -6.51258838524e-11,
        "min": -2.07112123007e-08,
        "stdev": 4.77858996817e-09,
        "var": 2.28349213427e-17
    },
    "spectral_energy": {
        "dmean": 0.00509259104729,
        "dmean2": 0.00756956078112,
        "dvar": 0.00024950466468,
        "dvar2": 0.000458823778899,
        "max": 0.0897895693779,
        "mean": 0.00665290653706,
        "median": 0.000250660290476,
        "min": 4.83303891699e-12,
        "stdev": 0.0197774488479,
        "var": 0.000391147506889
    },
    "spectral_energyband_high": {
        "dmean": 0.000531885598321,
        "dmean2": 0.00102695485111,
        "dvar": 3.9622955228e-06,
        "dvar2": 1.15467773867e-05,
        "max": 0.00953957997262,
        "mean": 0.000344027590472,
        "median": 8.05646664048e-07,
        "min": 2.83977810885e-12,
        "stdev": 0.00155091646593,
        "var": 2.40534177465e-06
    },
    "spectral_energyband_low": {
        "dmean": 0.00137047166936,
        "dmean2": 0.00257266033441,
        "dvar": 1.67494745256e-05,
        "dvar2": 4.15888462157e-05,
        "max": 0.0229451842606,
        "mean": 0.00160289672203,
        "median": 0.000113855894597,
        "min": 5.26618462379e-13,
        "stdev": 0.00455348566175,
        "var": 2.07342309295e-05
    },
    "spectral_energyband_middle_high": {
        "dmean": 0.00112089130562,
        "dmean2": 0.00163108424749,
        "dvar": 1.38199575304e-05,
        "dvar2": 3.2398802432e-05,
        "max": 0.0201712530106,
        "mean": 0.000984547659755,
        "median": 1.89563456843e-06,
        "min": 7.53838397954e-13,
        "stdev": 0.00368752842769,
        "var": 1.35978662001e-05
    },
    "spectral_energyband_middle_low": {
        "dmean": 0.00288191693835,
        "dmean2": 0.00367845222354,
        "dvar": 6.2166400312e-05,
        "dvar2": 9.36717551667e-05,
        "max": 0.0517936199903,
        "mean": 0.00366505701095,
        "median": 3.50864320353e-05,
        "min": 1.49689166769e-13,
        "stdev": 0.0108696492389,
        "var": 0.00011814928439
    },
    "spectral_entropy": {
        "dmean": 0.255042493343,
        "dmean2": 0.43602848053,
        "dvar": 0.0729372873902,
        "dvar2": 0.136066988111,
        "max": 8.79020881653,
        "mean": 7.76829481125,
        "median": 7.7089548111,
        "min": 6.83339166641,
        "stdev": 0.431799888611,
        "var": 0.186451151967
    },
    "spectral_flux": {
        "dmean": 0.0162871945649,
        "dmean2": 0.0233372990042,
        "dvar": 0.00129719357938,
        "dvar2": 0.00291451928206,
        "max": 0.254262417555,
        "mean": 0.0322441458702,
        "median": 0.0125405285507,
        "min": 3.83838523703e-05,
        "stdev": 0.0556282475591,
        "var": 0.00309450202622
    },
    "spectral_kurtosis": {
        "dmean": 1.09918999672,
        "dmean2": 1.96809840202,
        "dvar": 0.789243280888,
        "dvar2": 1.37591040134,
        "max": 6.79319000244,
        "mean": 3.53991699219,
        "median": 3.31674909592,
        "min": 1.22782230377,
        "stdev": 1.30652689934,
        "var": 1.70701241493
    },
    "spectral_rms": {
        "dmean": 0.000581323052756,
        "dmean2": 0.000791398400906,
        "dvar": 1.74705508016e-06,
        "dvar2": 2.98421150546e-06,
        "max": 0.00935946498066,
        "mean": 0.00128654623404,
        "median": 0.000494516571052,
        "min": 6.86670205141e-08,
        "stdev": 0.00219896319322,
        "var": 4.83543954033e-06
    },
    "spectral_rolloff": {
        "dmean": 1218.42041016,
        "dmean2": 2435.09741211,
        "dvar": 13670524,
        "dvar2": 31361712,
        "max": 18453.9550781,
        "mean": 1602.18664551,
        "median": 279.931640625,
        "min": 43.06640625,
        "stdev": 4396.61279297,
        "var": 19330206
    },
    "spectral_skewness": {
        "dmean": 0.214465290308,
        "dmean2": 0.37664976716,
        "dvar": 0.0286151468754,
        "dvar2": 0.0517123714089,
        "max": 2.33704924583,
        "mean": 1.62256002426,
        "median": 1.5622985363,
        "min": 1.1897354126,
        "stdev": 0.263061821461,
        "var": 0.0692015215755
    },
    "spectral_spread": {
        "dmean": 990667.5625,
        "dmean2": 1647077.375,
        "dvar": 960594968576,
        "dvar2": 2.24091570176e+12,
        "max": 10579872,
        "mean": 6602585.5,
        "median": 6267551.5,
        "min": 4781197,
        "stdev": 1423272.625,
        "var": 2.02570504602e+12
    },
    "spectral_strongpeak": {
        "dmean": 0.107499457896,
        "dmean2": 0.195199474692,
        "dvar": 0.0830085799098,
        "dvar2": 0.23368088901,
        "max": 1.529099226,
        "mean": 0.101370774209,
        "median": 0,
        "min": 0,
        "stdev": 0.274741292,
        "var": 0.0754827782512
    },
    "zerocrossingrate": {
        "dmean": 0.0240342877805,
        "dmean2": 0.0293945316225,
        "dvar": 0.00278994906694,
        "dvar2": 0.00266682473011,
        "max": 0.48046875,
        "mean": 0.0554265193641,
        "median": 0.02294921875,
        "min": 0.0078125,
        "stdev": 0.0818019211292,
        "var": 0.0066915540956
    },
    "barkbands": {
        "dmean": [0.000478324160213, 0.0010082462104, 0.000367608503439, 0.00015811243793, 0.00185011967551, 0.000514261424541, 0.000213457329664, 0.000180127666681, 0.000197812070837, 0.000105134575278, 0.000164687691722, 0.000244075170485, 0.000320293591358, 0.000152545064338, 6.66908090352e-05, 2.8820724765e-05, 3.60272606486e-05, 1.09390857688e-05, 2.7243506338e-05, 3.51236813003e-05, 2.19070516323e-05, 3.6741625081e-05, 0.000117671741464, 0.000189335289178, 9.80968470685e-05, 4.58813083242e-05, 2.42152982537e-05],
        "dmean2": [0.000776994798798, 0.0019566854462, 0.000536825566087, 0.000294751866022, 0.00212703016587, 0.000834795355331, 0.000353261217242, 0.00036589812953, 0.000332259747665, 0.000164724726346, 0.000299859937513, 0.000366167543689, 0.000507514050696, 0.000308503134875, 0.000105605649878, 4.39478899352e-05, 7.09314190317e-05, 1.2335842257e-05, 4.44726138085e-05, 6.6438842623e-05, 3.47573404724e-05, 6.2379433075e-05, 0.000227248237934, 0.000367864617147, 0.000191278348211, 8.66811096785e-05, 4.79173504573e-05],
        "dvar": [1.35357868203e-06, 1.00310271591e-05, 1.42474630138e-06, 2.18816410325e-07, 2.39506553044e-05, 2.4993603347e-06, 3.46419341213e-07, 3.28437465669e-07, 4.40624660314e-07, 1.20636187262e-07, 3.54126882485e-07, 6.65676680001e-07, 1.19184949199e-06, 3.30090927037e-07, 4.96754495316e-08, 8.61151594478e-09, 1.6056567631e-08, 7.34955152293e-10, 8.17946510523e-09, 1.61508584284e-08, 5.13522646628e-09, 1.51531978076e-08, 2.03319871162e-07, 5.27429676822e-07, 1.21470733916e-07, 2.38378152773e-08, 8.02836463976e-09],
        "dvar2": [3.19833520734e-06, 3.0172719562e-05, 2.58670911535e-06, 6.77727712173e-07, 3.46735214407e-05, 4.981321581e-06, 6.43194823624e-07, 9.61319642556e-07, 7.44880708226e-07, 2.58061277236e-07, 6.50532172131e-07, 1.54394319907e-06, 2.9586758501e-06, 9.84583948593e-07, 1.25937802409e-07, 1.95777207779e-08, 4.72189860545e-08, 9.57794399348e-10, 2.15703064299e-08, 4.74758010682e-08, 1.34368951521e-08, 4.11131750866e-08, 5.93178754116e-07, 1.54186079726e-06, 3.66059452972e-07, 6.9119124646e-08, 2.39704753824e-08],
        "max": [0.00635756598786, 0.0158247612417, 0.00654380675405, 0.00231763045304, 0.0332150906324, 0.00895024836063, 0.00376045634039, 0.00287913274951, 0.00355544360355, 0.00189021672122, 0.00296274805441, 0.0043928171508, 0.00576026458293, 0.00274572521448, 0.00119982240722, 0.000516334024724, 0.000642803322989, 0.000193839165149, 0.000487498968141, 0.000631763949059, 0.000393162219552, 0.000660885532852, 0.00211284705438, 0.00336912251078, 0.00165302073583, 0.000766340061091, 0.00041899678763],
        "mean": [0.000414659734815, 0.000818771484774, 0.000440432399046, 0.000139057156048, 0.00230186199769, 0.000521613867022, 0.000304980261717, 0.000144438832649, 0.000222499482334, 9.7716016171e-05, 0.000169718812685, 0.000206756682019, 0.000242479902226, 0.000104708757135, 5.80647974857e-05, 3.06562578771e-05, 3.04301283904e-05, 1.73948119482e-05, 2.42066016654e-05, 2.75336260529e-05, 2.12453342101e-05, 3.06332149194e-05, 6.89226799295e-05, 0.0001075856635, 6.1421051214e-05, 3.06132169499e-05, 1.41713971971e-05],
        "median": [9.34635318117e-05, 3.5372468119e-05, 2.01599368665e-06, 7.88873148849e-06, 1.390997204e-05, 6.65165589453e-06, 1.35253071676e-06, 1.11078418286e-06, 4.80981839246e-07, 1.86787474377e-07, 2.49659990459e-07, 2.67288953637e-07, 1.06063225758e-07, 8.25100343604e-08, 1.14002006057e-07, 1.15501649134e-07, 1.02775402411e-07, 1.63753369975e-07, 1.43491476479e-07, 1.50282261302e-07, 1.28411656419e-07, 7.84180116398e-08, 1.29092427414e-07, 1.13733300111e-07, 1.20027920048e-07, 5.40436744245e-08, 2.5113394031e-08],
        "min": [3.13181663762e-13, 2.90084986197e-13, 6.73364630114e-14, 2.90305025028e-14, 2.57275771461e-14, 3.15850352871e-14, 2.57041583791e-14, 1.21934856621e-14, 1.38649434002e-14, 5.51097728107e-14, 6.89046462574e-14, 4.67811282334e-14, 2.27830720869e-14, 2.45501945731e-14, 1.92716478762e-14, 6.0496868474e-14, 9.50287822065e-14, 2.66477866249e-13, 8.2725201743e-14, 1.32515051991e-13, 1.90891559829e-13, 1.44119796392e-13, 1.28464174519e-13, 6.37534241978e-13, 4.48844710314e-13, 4.67096522051e-13, 7.42983474224e-13],
        "stdev": [0.00114350672811, 0.00266408501193, 0.00145375030115, 0.000415568851167, 0.00687771383673, 0.00174205261283, 0.000847945979331, 0.000500255904626, 0.000767737976275, 0.000359203870175, 0.000632682000287, 0.000798375287559, 0.00100415281486, 0.000450938794529, 0.000213078645174, 9.85504302662e-05, 0.000108071893919, 4.52216372651e-05, 8.5198211309e-05, 0.000103902100818, 6.99995289324e-05, 0.000110813933134, 0.000342370098224, 0.000546496594325, 0.00026877343771, 0.000125708203996, 6.79438526276e-05],
        "var": [1.30760770389e-06, 7.09734877091e-06, 2.11338988265e-06, 1.7269746877e-07, 4.73029467685e-05, 3.03474712382e-06, 7.1901240517e-07, 2.50255993706e-07, 5.89421631503e-07, 1.29027426965e-07, 4.00286523927e-07, 6.3740310452e-07, 1.00832278349e-06, 2.03345791761e-07, 4.54025084196e-08, 9.7121866105e-09, 1.16795346727e-08, 2.04499639445e-09, 7.25873539054e-09, 1.0795647043e-08, 4.89993423614e-09, 1.22797274571e-08, 1.17217290097e-07, 2.98658505926e-07, 7.22391533259e-08, 1.58025521557e-08, 4.61636684435e-09]
    },
    "erbbands": {
        "dmean": [0.0369158945978, 0.190219059587, 0.358561903238, 0.57671046257, 1.61283290386, 7.29194736481, 9.33084774017, 3.26355481148, 4.12118816376, 1.9174529314, 4.51771688461, 3.99326610565, 3.49510860443, 4.65224266052, 6.54364061356, 10.7295570374, 15.6020746231, 8.60919380188, 5.36141824722, 1.9968765974, 1.33913838863, 1.9011592865, 0.812751054764, 1.10090732574, 1.85501122475, 1.40105390549, 0.8342897892, 0.89641559124, 1.2690513134, 2.96547698975, 3.40463018417, 4.14068889618, 2.48936414719, 1.19573056698, 0.673599362373, 0.236182287335, 0.065291069448, 0.0310743488371, 0.00357642280869, 0.000164102995768],
        "dmean2": [0.0744949057698, 0.347770094872, 0.553463637829, 1.13236165047, 2.87461256981, 7.55695533752, 17.6561355591, 5.41073894501, 7.01836395264, 3.39324069023, 6.85103845596, 6.42135953903, 4.81096982956, 7.27582025528, 12.4086351395, 16.1565990448, 25.3435001373, 14.8819303513, 9.53702449799, 3.154317379, 1.95613384247, 3.28584933281, 1.08202469349, 1.80028295517, 3.2256000042, 2.6103618145, 1.33549058437, 1.4019806385, 2.17821645737, 5.59184122086, 6.53044319153, 8.04526233673, 4.80970478058, 2.32601904869, 1.31066894531, 0.444437235594, 0.123431175947, 0.0612246654928, 0.00704026641324, 0.000319919519825],
        "dvar": [0.0107695478946, 0.399537473917, 1.28965449333, 2.50390124321, 24.6266880035, 357.420196533, 953.92590332, 113.675834656, 115.948699951, 29.5737991333, 198.010971069, 174.470672607, 116.367904663, 244.408035278, 610.897460938, 1282.0065918, 2871.11547852, 912.092346191, 364.397064209, 37.503578186, 17.1804695129, 41.0500144958, 5.97221088409, 12.6907043457, 42.205745697, 24.4942951202, 7.39344549179, 8.44272899628, 18.0966110229, 123.430908203, 167.668441772, 255.424285889, 88.968963623, 20.1712989807, 5.39775466919, 0.611279904842, 0.0458268262446, 0.0117310322821, 0.000167234582477, 3.58251043053e-07],
        "dvar2": [0.0332828946412, 1.14814376831, 1.94581449032, 7.33858823776, 44.6225357056, 544.781677246, 1844.52404785, 212.750473022, 257.469146729, 67.9347000122, 421.261352539, 321.631347656, 255.734619141, 539.82623291, 1126.50695801, 2943.11450195, 7291.85595703, 2508.15380859, 1039.30944824, 75.538848877, 41.4655838013, 116.192398071, 12.6075677872, 33.2256240845, 118.363769531, 72.5026473999, 19.2488708496, 21.9723701477, 49.0066299438, 357.371551514, 487.080871582, 745.442382812, 259.844177246, 59.3875846863, 16.4243736267, 1.80149638653, 0.132239282131, 0.0353045873344, 0.000501023314428, 1.05896515379e-06],
        "max": [0.504907548428, 3.29380130768, 6.36596012115, 6.94154119492, 26.3829479218, 130.442733765, 163.197341919, 57.5066986084, 66.9120330811, 30.1663742065, 77.8605422974, 71.7682418823, 62.5803070068, 83.7020645142, 117.749168396, 193.106246948, 280.480834961, 154.946563721, 96.0653381348, 33.8497810364, 24.0186576843, 34.0518379211, 14.5882492065, 19.5163459778, 33.28490448, 25.1070899963, 14.9945697784, 16.0770511627, 22.5614471436, 53.3569564819, 61.0347557068, 74.0903167725, 44.0953330994, 21.1472187042, 11.1058521271, 3.88635659218, 1.07031583786, 0.512749314308, 0.0608848929405, 0.00285256747156],
        "mean": [0.0297708678991, 0.169141814113, 0.496293604374, 0.539234578609, 2.01371693611, 8.48556232452, 10.647810936, 3.65420150757, 5.13698863983, 2.51876592636, 4.6728811264, 4.45740365982, 3.1306848526, 4.18927240372, 7.07430362701, 9.13314151764, 11.4194450378, 6.37621831894, 3.91098403931, 2.16055011749, 1.56125581264, 1.7207531929, 1.20749497414, 1.05925393105, 1.43845403194, 1.18124389648, 0.82587146759, 0.873828291893, 1.04411244392, 1.87161278725, 2.00205779076, 2.3426668644, 1.45072293282, 0.737041890621, 0.429485529661, 0.159211277962, 0.0443895682693, 0.0185956247151, 0.00212537730113, 0.000102515921753],
        "median": [0.0022991457954, 0.00265169283375, 0.00680232094601, 0.0180683881044, 0.0151879955083, 0.0630060657859, 0.0650812983513, 0.0304816383868, 0.0178548488766, 0.0237767864019, 0.0167311970145, 0.0129587203264, 0.00565330125391, 0.00855602137744, 0.0124622136354, 0.0112579045817, 0.00662051560357, 0.00483956327662, 0.00413563800976, 0.00576424505562, 0.00742325559258, 0.00559144979343, 0.00954634975642, 0.00647134101018, 0.00909267179668, 0.00799362175167, 0.00497676618397, 0.00532463565469, 0.00282303267159, 0.00246007484384, 0.00401656050235, 0.00231166672893, 0.00164314976428, 0.0011557926191, 0.000888264039531, 0.000280562264379, 9.8729324236e-05, 2.36057403527e-05, 4.15357180827e-06, 6.18918932105e-07],
        "min": [1.32792310134e-11, 4.84263185108e-11, 8.35275251743e-11, 9.29164939434e-11, 8.66849578229e-11, 7.58630311348e-11, 1.87589166423e-10, 2.64042510079e-10, 2.95130531125e-10, 4.34365099444e-10, 2.0907661713e-10, 3.04218705782e-10, 1.18529808191e-09, 2.12570272495e-09, 2.80006573483e-09, 1.93360261136e-09, 1.21574372791e-09, 1.05330089095e-09, 1.23648102868e-09, 1.11503628553e-09, 4.40224301457e-09, 6.33917185411e-09, 1.36909674708e-08, 9.01087116034e-09, 2.25790386388e-09, 5.21164844614e-09, 7.06170988352e-09, 8.68158700484e-09, 6.49575726541e-09, 4.40693526116e-09, 3.58920915211e-09, 6.67458710524e-09, 1.38842368713e-08, 4.6394825759e-09, 3.20167492518e-09, 2.13162709706e-09, 8.65759353097e-10, 2.93249285965e-10, 1.07040903918e-10, 1.26740406364e-11],
        "stdev": [0.0895660594106, 0.555375039577, 1.53899669647, 1.61120557785, 6.01786613464, 25.9545764923, 34.6874504089, 12.1564598083, 14.4245347977, 6.91509580612, 15.6191539764, 15.1277666092, 11.3583984375, 15.696144104, 26.1872596741, 35.251789093, 48.2038383484, 26.1346969604, 16.0015182495, 6.94790554047, 4.65082216263, 5.86233139038, 3.31152009964, 3.4673063755, 5.56428527832, 4.16311979294, 2.68177485466, 2.85979819298, 3.79550909996, 8.66663742065, 9.89224433899, 12.0265617371, 7.15093564987, 3.4313120842, 1.81180846691, 0.640927314758, 0.175726071, 0.0834265351295, 0.0098860906437, 0.000463175936602],
        "var": [0.00802207924426, 0.308441460133, 2.36851096153, 2.59598326683, 36.2147102356, 673.640014648, 1203.21911621, 147.779525757, 208.067199707, 47.8185501099, 243.957962036, 228.849319458, 129.013214111, 246.368927002, 685.772583008, 1242.6887207, 2323.61010742, 683.022338867, 256.048583984, 48.2733917236, 21.6301460266, 34.3669319153, 10.9661655426, 12.0222139359, 30.961271286, 17.3315658569, 7.1919169426, 8.17844581604, 14.4058885574, 75.1106033325, 97.8565063477, 144.638183594, 51.1358833313, 11.7739028931, 3.2826499939, 0.410787820816, 0.0308796521276, 0.00695998687297, 9.77347954176e-05, 2.14531951315e-07]
    },
    "gfcc": {
        "mean": [-317.778747559, 71.7961578369, -59.625328064, 30.5411510468, -46.6524620056, 9.05331134796, -32.4147720337, 4.59207391739, -23.3558101654, 4.92362117767, -6.62907266617, 7.65029001236, -3.63840842247],
        "cov": [[69471.6875, 3277.95605469, -2189.85205078, -1042.13952637, -2245.08105469, 918.545349121, -2105.84057617, -576.94128418, -1118.94580078, 71.966468811, -774.907592773, -391.557983398, -866.393310547], [3277.95605469, 1486.79968262, 121.069717407, 305.476593018, -120.72215271, -156.126525879, -88.1143798828, -112.911018372, -71.6012039185, 25.5544548035, 7.36601781845, -45.3037796021, 14.5327825546], [-2189.85205078, 121.069717407, 175.658416748, 103.400726318, 90.6319503784, -56.3641242981, 85.6585998535, 9.84075260162, 26.8167495728, 3.5974855423, 43.9660491943, 11.5909767151, 31.7276306152], [-1042.13952637, 305.476593018, 103.400726318, 215.623184204, 44.3892974854, -70.6805953979, 46.7850189209, 17.0673656464, 4.09775876999, -11.7251739502, 41.6877479553, -6.31157255173, 47.2590789795], [-2245.08105469, -120.72215271, 90.6319503784, 44.3892974854, 111.043777466, -13.8355140686, 103.154876709, 23.9806442261, 38.2852058411, 3.0771946907, 26.1659011841, 19.0462799072, 26.0609111786], [918.545349121, -156.126525879, -56.3641242981, -70.6805953979, -13.8355140686, 96.7378005981, -8.14938735962, 8.40341091156, 1.94135010242, 4.23773288727, -9.11881542206, -2.71541595459, -37.2233047485], [-2105.84057617, -88.1143798828, 85.6585998535, 46.7850189209, 103.154876709, -8.14938735962, 138.600479126, 18.6199378967, 36.7804908752, -0.0586056187749, 29.8699607849, 25.4932308197, 22.4687824249], [-576.94128418, -112.911018372, 9.84075260162, 17.0673656464, 23.9806442261, 8.40341091156, 18.6199378967, 37.8050842285, 11.8911151886, -6.93507766724, 5.90198755264, -2.04201436043, 9.07493972778], [-1118.94580078, -71.6012039185, 26.8167495728, 4.09775876999, 38.2852058411, 1.94135010242, 36.7804908752, 11.8911151886, 41.4340248108, 9.14496707916, 8.29052352905, 8.19675445557, 3.74477005005], [71.966468811, 25.5544548035, 3.5974855423, -11.7251739502, 3.0771946907, 4.23773288727, -0.0586056187749, -6.93507766724, 9.14496707916, 26.2190437317, 4.7021689415, 9.4935131073, -4.7951335907], [-774.907592773, 7.36601781845, 43.9660491943, 41.6877479553, 26.1659011841, -9.11881542206, 29.8699607849, 5.90198755264, 8.29052352905, 4.7021689415, 43.0145759583, 15.3426866531, 23.6243438721], [-391.557983398, -45.3037796021, 11.5909767151, -6.31157255173, 19.0462799072, -2.71541595459, 25.4932308197, -2.04201436043, 8.19675445557, 9.4935131073, 15.3426866531, 29.5813064575, 12.6753740311], [-866.393310547, 14.5327825546, 31.7276306152, 47.2590789795, 26.0609111786, -37.2233047485, 22.4687824249, 9.07493972778, 3.74477005005, -4.7951335907, 23.6243438721, 12.6753740311, 45.1276359558]],
        "icov": [[0.000139765470522, -0.00030495368992, 0.000448820297606, -0.000132665372803, 0.000966332270764, -0.00121897563804, 0.00027592011611, -0.000427607446909, 0.00211037369445, -0.000747223326471, 0.000997006776743, -0.000882331340108, 0.000461375893792], [-0.00030495368992, 0.00464298017323, -0.00522246770561, -0.00661223521456, 0.00672853505239, 0.00162114831619, -0.00298092351295, 0.0107979746535, -0.00297914887778, -0.00647717900574, 0.00380108715035, 0.00546859391034, -0.00395629974082], [0.000448820297606, -0.00522246770561, 0.0242524929345, 0.00425428431481, -0.0201075300574, 0.00693581067026, 0.00376990577206, -0.00964570976794, 0.00581146264449, 0.00602811947465, -0.0172489956021, -0.00246833451092, 0.0160693973303], [-0.000132665372803, -0.00661223521456, 0.00425428431481, 0.0220914781094, -0.0138843785971, 0.0073175765574, 0.00094219238963, -0.0198208913207, -0.00304426671937, 0.0145087745041, -0.0178633928299, 0.0035425091628, 0.00117798766587], [0.000966332270764, 0.00672853505239, -0.0201075300574, -0.0138843785971, 0.0748874694109, -0.016205990687, -0.0276604406536, 0.0084765246138, 0.00735421990976, -0.0295314416289, 0.0314025133848, 0.00262836762704, -0.0204101819545], [-0.00121897563804, 0.00162114831619, 0.00693581067026, 0.0073175765574, -0.016205990687, 0.0385159514844, -0.00335889053531, -0.00927735026926, -0.0166162326932, 0.00963349640369, -0.0280616711825, 0.00755288871005, 0.0231735017151], [0.00027592011611, -0.00298092351295, 0.00376990577206, 0.00094219238963, -0.0276604406536, -0.00335889053531, 0.0302610676736, -0.00262485886924, -0.000327632646076, 0.0143293663859, -0.00472830422223, -0.0173692684621, 0.0101880067959], [-0.000427607446909, 0.0107979746535, -0.00964570976794, -0.0198208913207, 0.0084765246138, -0.00927735026926, -0.00262485886924, 0.0682082250714, -0.0121845128015, -0.00709032453597, 0.0125863654539, 0.0191290490329, -0.0208094082773], [0.00211037369445, -0.00297914887778, 0.00581146264449, -0.00304426671937, 0.00735421990976, -0.0166162326932, -0.000327632646076, -0.0121845128015, 0.0747226625681, -0.0298283845186, 0.0164040792733, -0.0103841274977, 0.0101976888254], [-0.000747223326471, -0.00647717900574, 0.00602811947465, 0.0145087745041, -0.0295314416289, 0.00963349640369, 0.0143293663859, -0.00709032453597, -0.0298283845186, 0.0794319733977, -0.0264932699502, -0.0236565265805, 0.0190289020538], [0.000997006776743, 0.00380108715035, -0.0172489956021, -0.0178633928299, 0.0314025133848, -0.0280616711825, -0.00472830422223, 0.0125863654539, 0.0164040792733, -0.0264932699502, 0.075190000236, -0.0175021942705, -0.031329061836], [-0.000882331340108, 0.00546859391034, -0.00246833451092, 0.0035425091628, 0.00262836762704, 0.00755288871005, -0.0173692684621, 0.0191290490329, -0.0103841274977, -0.0236565265805, -0.0175021942705, 0.0780158117414, -0.0255642868578], [0.000461375893792, -0.00395629974082, 0.0160693973303, 0.00117798766587, -0.0204101819545, 0.0231735017151, 0.0101880067959, -0.0208094082773, 0.0101976888254, 0.0190289020538, -0.031329061836, -0.0255642868578, 0.0745302140713]]
    },
    "melbands": {
        "dmean": [0.000287855189526, 0.000173523862031, 8.66693080752e-05, 0.000315967976348, 0.000350567890564, 7.11092361598e-05, 5.92525611864e-05, 2.89930030704e-05, 3.63003746315e-05, 2.43910853897e-05, 1.73112184711e-05, 1.83282663784e-05, 2.53232938121e-05, 3.13115560857e-05, 3.38195022778e-05, 2.64750997303e-05, 1.48416711454e-05, 8.76069316291e-06, 4.27167287853e-06, 2.24972518481e-06, 1.33667390401e-06, 1.85474186765e-06, 1.67070436419e-06, 3.61785964742e-07, 9.22725519104e-07, 1.14154875064e-06, 1.75790637513e-06, 7.37029040465e-07, 4.24491702233e-07, 5.39699783531e-07, 5.41548786259e-07, 6.88606576205e-07, 7.96729239028e-07, 2.0949755708e-06, 2.02937144422e-06, 1.62582762187e-06, 3.09635220219e-06, 2.12909685615e-06, 9.45406782193e-07, 1.01849707335e-06],
        "dmean2": [0.000557975145057, 0.000317990430631, 0.000166860336321, 0.000407101295423, 0.000624764186796, 0.000119300268125, 0.000100340344943, 5.61177002965e-05, 6.42228333163e-05, 3.77886171918e-05, 2.46602503466e-05, 2.82252840407e-05, 4.24555910286e-05, 5.08595840074e-05, 5.21765941812e-05, 4.00983844884e-05, 2.65074449999e-05, 1.64164284797e-05, 6.14190594206e-06, 3.81942845706e-06, 2.15926070268e-06, 3.36872358275e-06, 2.53257212535e-06, 5.23140442965e-07, 1.50523499087e-06, 1.96505266103e-06, 3.3359203826e-06, 1.37786321375e-06, 6.10093195519e-07, 8.88749468686e-07, 8.68980691848e-07, 1.16425769647e-06, 1.38456925924e-06, 4.05253604185e-06, 3.8901030166e-06, 3.11919779961e-06, 6.04243359703e-06, 4.12104418501e-06, 1.85155033705e-06, 1.97456756723e-06],
        "dvar": [8.07369474387e-07, 2.96050785664e-07, 7.41381853686e-08, 7.24808899122e-07, 1.3404639958e-06, 5.1298169268e-08, 2.34664323528e-08, 6.85720413784e-09, 1.53356083388e-08, 6.23067508698e-09, 2.88266743809e-09, 3.79309694765e-09, 7.46194395163e-09, 1.1553517254e-08, 1.27138397588e-08, 8.11836198267e-09, 2.79361023203e-09, 1.00084140975e-09, 1.91014246087e-10, 4.81052662982e-11, 1.65704429345e-11, 3.96207372466e-11, 2.86057653259e-11, 1.06527926671e-12, 8.86199620631e-12, 1.54337497643e-11, 4.12784112447e-11, 6.25986762426e-12, 1.72227954554e-12, 3.17294758176e-12, 3.1768524443e-12, 5.15176052859e-12, 7.40106153446e-12, 6.48032599804e-11, 5.96769925143e-11, 3.8319278306e-11, 1.44052381135e-10, 6.64003574347e-11, 1.21969621902e-11, 1.48425507995e-11],
        "dvar2": [2.30368459597e-06, 6.15740816556e-07, 1.68609631146e-07, 1.12787267881e-06, 2.45307569458e-06, 8.61493631987e-08, 5.33961603821e-08, 2.04681782634e-08, 2.59912855682e-08, 1.19754135497e-08, 6.54453824467e-09, 8.60027782323e-09, 1.46031169379e-08, 2.93087065728e-08, 3.0892646663e-08, 1.93445579555e-08, 7.99678634422e-09, 2.91847723766e-09, 4.39862229973e-10, 9.7846848679e-11, 4.17465610691e-11, 1.13739351271e-10, 7.4491801616e-11, 2.19922409277e-12, 2.2936328184e-11, 4.30968143117e-11, 1.18599699506e-10, 1.8806206592e-11, 4.02574154568e-12, 8.60271923142e-12, 8.49525224472e-12, 1.36526579972e-11, 2.04606800253e-11, 1.89754809088e-10, 1.73446645935e-10, 1.11169032313e-10, 4.21203572021e-10, 1.93839597151e-10, 3.60657302634e-11, 4.35326774628e-11],
        "max": [0.00472042756155, 0.00304488395341, 0.00153125100769, 0.00567235657945, 0.00630027474836, 0.00123357621487, 0.000941171194427, 0.000419016956585, 0.000632952956948, 0.000438418413978, 0.000309644936351, 0.000329755421262, 0.00045566141489, 0.00056360475719, 0.000607938156463, 0.000475953478599, 0.000265770533588, 0.000156440102728, 7.63628268032e-05, 3.68509281543e-05, 2.38656266447e-05, 3.31129340339e-05, 3.00285300909e-05, 6.40857160761e-06, 1.62512951647e-05, 2.04162042792e-05, 3.15023789881e-05, 1.29401196318e-05, 7.41626672607e-06, 9.67120195128e-06, 9.7183528851e-06, 1.22103519971e-05, 1.43296938404e-05, 3.76955358661e-05, 3.64244951925e-05, 2.90809202852e-05, 5.54096150154e-05, 3.79549055651e-05, 1.63955319294e-05, 1.81423019967e-05],
        "mean": [0.00027506769402, 0.000237078915234, 0.000118816271424, 0.000377811229555, 0.000420083844801, 8.37087500258e-05, 7.2274444392e-05, 2.56951498159e-05, 4.27828890679e-05, 2.63275833277e-05, 1.505632099e-05, 1.61134812515e-05, 2.40564459091e-05, 2.38254615397e-05, 2.67749037448e-05, 2.09445861401e-05, 1.07796531665e-05, 6.30037675364e-06, 4.2177089199e-06, 2.25623898586e-06, 1.68436270087e-06, 1.64530388247e-06, 1.79266953637e-06, 6.36360027784e-07, 8.70557130384e-07, 9.26117991185e-07, 1.23876918678e-06, 6.6694809675e-07, 4.57520428654e-07, 5.24575284544e-07, 5.00172575357e-07, 5.8565603922e-07, 6.35302114915e-07, 1.24203847918e-06, 1.19537764931e-06, 9.46528132317e-07, 1.73340333731e-06, 1.21990058233e-06, 5.819054536e-07, 6.27306803835e-07],
        "median": [2.51005258178e-05, 3.69654162569e-06, 3.06510628434e-06, 2.65781341113e-06, 2.43920203502e-06, 8.17685418042e-07, 2.69238142891e-07, 2.57898790323e-07, 1.39922093467e-07, 6.75982434473e-08, 2.72938649459e-08, 3.06887777413e-08, 3.97410993003e-08, 2.71364495319e-08, 2.11397548355e-08, 1.15718794547e-08, 9.32701471612e-09, 6.07198780145e-09, 8.6381559683e-09, 6.00441163456e-09, 8.94675267205e-09, 5.93200377708e-09, 6.9213612619e-09, 7.96413157644e-09, 5.04664487977e-09, 5.11778708301e-09, 6.4722160964e-09, 4.86672524502e-09, 3.53326257141e-09, 2.76968536994e-09, 3.13075876335e-09, 1.56891966085e-09, 9.9157959621e-10, 1.6172555517e-09, 2.99046321039e-09, 1.45470835378e-09, 1.43277267828e-09, 1.36631905789e-09, 7.60435103775e-10, 1.10819342591e-09],
        "min": [1.14621474204e-13, 4.92076235173e-14, 1.59497811687e-14, 5.50873171203e-15, 5.89337953777e-15, 5.89969035674e-15, 4.80043556175e-15, 4.42460789009e-15, 1.50847367011e-15, 2.0277280543e-15, 6.1733332442e-15, 8.48414203881e-15, 9.75877500553e-15, 5.58269081733e-15, 4.76637086123e-15, 1.33418827676e-15, 2.1850053437e-15, 2.05676540252e-15, 1.38818175671e-15, 2.15000361298e-15, 5.78729755497e-15, 6.17725500675e-15, 9.65211492275e-15, 1.28617861871e-14, 7.00658115376e-15, 1.86459649668e-15, 1.09461612493e-15, 4.43431531118e-15, 5.37279690004e-15, 4.18065562502e-15, 4.88439854968e-15, 4.22308774051e-15, 1.90762534688e-15, 2.79475217518e-15, 2.57115157073e-15, 1.51812645757e-15, 4.7512661462e-15, 1.23520349832e-14, 5.07576404477e-15, 3.20894853353e-15],
        "stdev": [0.000820754852612, 0.000692529778462, 0.000333616044372, 0.00114037864842, 0.00135506293736, 0.000270947872195, 0.000203313800739, 7.88139004726e-05, 0.000144237390487, 8.95069460967e-05, 5.5269953009e-05, 6.08945811109e-05, 9.04194530449e-05, 9.72566849669e-05, 0.000106889448944, 8.53267629282e-05, 4.43605094915e-05, 2.58919299085e-05, 1.45868543768e-05, 7.41120538805e-06, 4.7506878218e-06, 5.63174626222e-06, 5.65538130104e-06, 1.55563407134e-06, 2.89242871077e-06, 3.44613044945e-06, 5.15962119607e-06, 2.17354818233e-06, 1.42680391946e-06, 1.69680731688e-06, 1.69148756868e-06, 2.07876405511e-06, 2.37891686083e-06, 6.10957931713e-06, 5.90208537687e-06, 4.72305509902e-06, 8.99287351785e-06, 6.15599537923e-06, 2.65744188255e-06, 2.94533083434e-06],
        "var": [6.73638510307e-07, 4.79597531466e-07, 1.11299669925e-07, 1.30046339564e-06, 1.83619545169e-06, 7.34127496571e-08, 4.13364986684e-08, 6.2116312094e-09, 2.08044248495e-08, 8.0114928025e-09, 3.05476755003e-09, 3.70815000927e-09, 8.17567791245e-09, 9.45886302617e-09, 1.14253539962e-08, 7.28065652211e-09, 1.96785476803e-09, 6.70392075186e-10, 2.12776324338e-10, 5.49259630833e-11, 2.25690334477e-11, 3.17165634034e-11, 3.19833395879e-11, 2.41999736222e-12, 8.3661437153e-12, 1.18758145679e-11, 2.66216926975e-11, 4.72431165369e-12, 2.0357695564e-12, 2.87915503071e-12, 2.86113038643e-12, 4.32126036343e-12, 5.65924564155e-12, 3.73269574971e-11, 3.48346108903e-11, 2.23072515321e-11, 8.08717814937e-11, 3.78962763947e-11, 7.06199725434e-12, 8.67497393364e-12]
    },
    "melbands128": {
