{
"lowlevel": {
    "average_loudness": 0.99068403244,
    "barkbands_crest": {
        "dmean": 1.51449024677,
        "dmean2": 2.6352596283,
        "dvar": 0.874907910824,
        "dvar2": 2.13978433609,
        "max": 7.67888784409,
        "mean": 5.24317026138,
        "median": 4.74615478516,
        "min": 3.17929506302,
        "stdev": 1.40162718296,
        "var": 1.96455860138
    },
    "barkbands_flatness_db": {
        "dmean": 0.00766525696963,
        "dmean2": 0.013050721027,
        "dvar": 5.27220690856e-05,
        "dvar2": 0.000121562632557,
        "max": 0.109844431281,
        "mean": 0.0870502591133,
        "median": 0.0876301154494,
        "min": 0.0541771873832,
        "stdev": 0.0115444939584,
        "var": 0.000133275330882
    },
    "barkbands_kurtosis": {
        "dmean": 0.828130781651,
        "dmean2": 1.30515754223,
        "dvar": 0.690233886242,
        "dvar2": 2.00324296951,
        "max": 1.87020111084,
        "mean": -0.61810529232,
        "median": -0.688535928726,
        "min": -1.73853850365,
        "stdev": 1.0197108984,
        "var": 1.03981041908
    },
    "barkbands_skewness": {
        "dmean": 0.386334240437,
        "dmean2": 0.548569858074,
        "dvar": 0.100358366966,
        "dvar2": 0.29909697175,
        "max": 0.333432018757,
        "mean": -0.785814225674,
        "median": -0.883613824844,
        "min": -1.69456779957,
        "stdev": 0.513203620911,
        "var": 0.263377964497
    },
    "barkbands_spread": {
        "dmean": 17.6759300232,
        "dmean2": 27.9783496857,
        "dvar": 117.701072693,
        "dvar2": 240.409484863,
        "max": 107.172592163,
        "mean": 66.3056716919,
        "median": 63.8351287842,
        "min": 34.8145370483,
        "stdev": 21.0074996948,
        "var": 441.315032959
    },
    "dissonance": {
        "dmean": 0.0186809618026,
        "dmean2": 0.0253385417163,
        "dvar": 0.00156732602045,
        "dvar2": 0.001889254665,
        "max": 0.496410936117,
        "mean": 0.464194685221,
        "median": 0.470686495304,
        "min": 0.275633901358,
        "stdev": 0.0428566969931,
        "var": 0.00183669652324
    },
    "dynamic_complexity": 7.22823524475,
    "erbbands_crest": {
        "dmean": 1.62195444107,
        "dmean2": 2.51693177223,
        "dvar": 3.175542593,
        "dvar2": 7.96274471283,
        "max": 11.9827251434,
        "mean": 5.87058401108,
        "median": 5.55849885941,
        "min": 3.8352227211,
        "stdev": 1.89213109016,
        "var": 3.58016014099
    },
    "erbbands_flatness_db": {
        "dmean": 0.0123596135527,
        "dmean2": 0.0153510514647,
        "dvar": 0.000198686248041,
        "dvar2": 0.000186826859135,
        "max": 0.167433097959,
        "mean": 0.129506960511,
        "median": 0.136358246207,
        "min": 0.0741043388844,
        "stdev": 0.0215339958668,
        "var": 0.000463712960482
    },
    "erbbands_kurtosis": {
        "dmean": 0.647106349468,
        "dmean2": 1.17425084114,
        "dvar": 0.364891141653,
        "dvar2": 0.943438410759,
        "max": 1.41856861115,
        "mean": -0.0149558726698,
        "median": 0.0738914012909,
        "min": -1.57502317429,
        "stdev": 0.769686281681,
        "var": 0.592417001724
    },
    "erbbands_skewness": {
        "dmean": 0.23755517602,
        "dmean2": 0.417438328266,
        "dvar": 0.0529221780598,
        "dvar2": 0.140450298786,
        "max": -0.320669323206,
        "mean": -0.940139591694,
        "median": -0.903780221939,
        "min": -1.46913683414,
        "stdev": 0.253651916981,
        "var": 0.0643392875791
    },
    "erbbands_spread": {
        "dmean": 11.0164890289,
        "dmean2": 18.5943813324,
        "dvar": 73.1783752441,
        "dvar2": 194.306610107,
        "max": 82.2849273682,
        "mean": 53.1572380066,
        "median": 51.034942627,
        "min": 27.2893848419,
        "stdev": 15.8588523865,
        "var": 251.503204346
    },
    "hfc": {
        "dmean": 12.5004339218,
        "dmean2": 17.3877334595,
        "dvar": 1194.86218262,
        "dvar2": 2387.99291992,
        "max": 233.051269531,
        "mean": 24.1406879425,
        "median": 0.356007277966,
        "min": 2.05991045732e-06,
        "stdev": 60.3881187439,
        "var": 3646.72485352
    },
    "loudness_ebu128": {
        "integrated": -26.5843811035,
        "loudness_range": 0,
        "momentary": {
            "dmean": 17.2619400024,
            "dmean2": 0,
            "dvar": 0,
            "dvar2": 0,
            "max": -26.5843811035,
            "mean": -35.2153511047,
            "median": -35.2153511047,
            "min": -43.846321106,
            "stdev": 8.63097000122,
            "var": 74.4936447144
        },
        "short_term": {
            "dmean": 0,
            "dmean2": 0,
            "dvar": 0,
            "dvar2": 0,
            "max": -35.3338088989,
            "mean": -35.3338088989,
            "median": -35.3338088989,
            "min": -35.3338088989,
            "stdev": 0,
            "var": 0
        }
    },
    "melbands_crest": {
        "dmean": 5.88217449188,
        "dmean2": 9.41898155212,
        "dvar": 11.4727926254,
        "dvar2": 30.251159668,
        "max": 27.3973083496,
        "mean": 12.6959838867,
        "median": 11.4380235672,
        "min": 5.3917517662,
        "stdev": 5.56989574432,
        "var": 31.0237369537
    },
    "melbands_flatness_db": {
        "dmean": 0.0187683552504,
        "dmean2": 0.0291580930352,
        "dvar": 0.000208465513424,
        "dvar2": 0.0005504071014,
        "max": 0.13628976047,
        "mean": 0.075394615531,
        "median": 0.0648961961269,
        "min": 0.042959433049,
        "stdev": 0.0243564527482,
        "var": 0.000593236763962
    },
    "melbands_kurtosis": {
        "dmean": 1.23850119114,
        "dmean2": 1.70657861233,
        "dvar": 1.48492431641,
        "dvar2": 4.11290502548,
        "max": 6.41644573212,
        "mean": 0.374680221081,
        "median": -0.523242712021,
        "min": -1.33436381817,
        "stdev": 1.92117989063,
        "var": 3.69093227386
    },
    "melbands_skewness": {
        "dmean": 0.483796715736,
        "dmean2": 0.635289847851,
        "dvar": 0.105139039457,
        "dvar2": 0.399388939142,
        "max": 2.62033390999,
        "mean": 1.11812746525,
        "median": 0.956121087074,
        "min": -0.0611694939435,
        "stdev": 0.635134279728,
        "var": 0.403395533562
    },
    "melbands_spread": {
        "dmean": 19.2265205383,
        "dmean2": 34.3285675049,
        "dvar": 328.071472168,
        "dvar2": 634.135009766,
        "max": 171.07699585,
        "mean": 125.964599609,
        "median": 139.582260132,
        "min": 70.7057342529,
        "stdev": 28.6032485962,
        "var": 818.145874023
    },
    "pitch_salience": {
        "dmean": 0.0633352026343,
        "dmean2": 0.0973812490702,
        "dvar": 0.00592232355848,
        "dvar2": 0.00747757870704,
        "max": 0.917454123497,
        "mean": 0.575339198112,
        "median": 0.540357291698,
        "min": 0.460325807333,
        "stdev": 0.108788564801,
        "var": 0.011834952049
    },
    "silence_rate_20dB": {
        "dmean": 0,
        "dmean2": 0,
        "dvar": 0,
        "dvar2": 0,
        "max": 1,
        "mean": 1,
        "median": 1,
        "min": 1,
        "stdev": 0,
        "var": 0
    },
    "silence_rate_30dB": {
        "dmean": 0,
        "dmean2": 0,
        "dvar": 0,
        "dvar2": 0,
        "max": 1,
        "mean": 1,
        "median": 1,
        "min": 1,
        "stdev": 0,
        "var": 0
    },
    "silence_rate_60dB": {
        "dmean": 0.0454545468092,
        "dmean2": 0.095238097012,
        "dvar": 0.0433884449303,
        "dvar2": 0.0861677825451,
        "max": 1,
        "mean": 0.826086938381,
        "median": 1,
        "min": 0,
        "stdev": 0.379034727812,
        "var": 0.143667325377
    },
    "spectral_centroid": {
        "dmean": 327.388793945,
        "dmean2": 547.137451172,
        "dvar": 70032.4453125,
        "dvar2": 208631.671875,
        "max": 4169.078125,
        "mean": 3720.83081055,
        "median": 3755.11645508,
        "min": 2928.34008789,
        "stdev": 339.765380859,
        "var": 115440.507812
    },
    "spectral_complexity": {
        "dmean": 1.5,
        "dmean2": 2.42857146263,
        "dvar": 16.8863639832,
        "dvar2": 44.3401298523,
        "max": 22,
        "mean": 1.9565217495,
        "median": 0,
        "min": 0,
        "stdev": 4.93856525421,
        "var": 24.3894290924
    },
    "spectral_decrease": {
        "dmean": 3.59712704068e-10,
        "dmean2": 6.17593642893e-10,
        "dvar": 1.38939935168e-18,
        "dvar2": 3.58327693041e-18,
        "max": -1.31121328892e-17,
        "mean": -4.53357185126e-10,
        "median": -1.42285965996e-11,
        "min": -5.75442360429e-09,
        "stdev": 1.34547584185e-09,
        "var": 1.81030524329e-18
    },
    "spectral_energy": {
        "dmean": 0.00248898123391,
        "dmean2": 0.00390115915798,
        "dvar": 5.65301597817e-05,
        "dvar2": 0.000133644833113,
        "max": 0.0428569577634,
        "mean": 0.00390070583671,
        "median": 8.59929568833e-05,
        "min": 2.36328179248e-10,
        "stdev": 0.0104816649109,
        "var": 0.000109865308332
    },
    "spectral_energyband_high": {
        "dmean": 0.00119487801567,
        "dmean2": 0.0017577779945,
        "dvar": 1.30190628624e-05,
        "dvar2": 2.41811540036e-05,
        "max": 0.0237634219229,
        "mean": 0.00248484336771,
        "median": 4.29796418757e-05,
        "min": 1.36920932925e-10,
        "stdev": 0.00635124836117,
        "var": 4.03383564844e-05
    },
    "spectral_energyband_low": {
        "dmean": 2.7153217161e-05,
        "dmean2": 4.34191424574e-05,
        "dvar": 1.19282206335e-09,
        "dvar2": 3.10602854547e-09,
        "max": 0.000148977575009,
        "mean": 4.0286413423e-05,
        "median": 1.36306889544e-05,
        "min": 3.02370524452e-11,
        "stdev": 5.17132575624e-05,
        "var": 2.67426103484e-09
    },
    "spectral_energyband_middle_high": {
        "dmean": 0.000189676924492,
        "dmean2": 9.59169919952e-05,
        "dvar": 2.9331965834e-07,
        "dvar2": 1.17303613933e-07,
        "max": 0.00416763918474,
        "mean": 0.000311622512527,
        "median": 6.28166344541e-06,
        "min": 2.98327369752e-11,
        "stdev": 0.000933499541134,
        "var": 8.71421377724e-07
    },
    "spectral_energyband_middle_low": {
        "dmean": 0.00128008623142,
        "dmean2": 0.00206466275267,
        "dvar": 1.56249461725e-05,
        "dvar2": 4.21191325586e-05,
        "max": 0.0169095396996,
        "mean": 0.00107440608554,
        "median": 2.35809184232e-05,
        "min": 1.13542534749e-11,
        "stdev": 0.00356858433224,
        "var": 1.27347939269e-05
    },
    "spectral_entropy": {
        "dmean": 0.104361057281,
        "dmean2": 0.150537669659,
        "dvar": 0.0122024770826,
        "dvar2": 0.015723766759,
        "max": 8.81747341156,
        "mean": 8.42760944366,
        "median": 8.34701347351,
        "min": 8.17624473572,
        "stdev": 0.180655628443,
        "var": 0.0326364561915
    },
    "spectral_flux": {
        "dmean": 0.00979900173843,
        "dmean2": 0.0139401527122,
        "dvar": 0.000481735711219,
        "dvar2": 0.00099078763742,
        "max": 0.175944074988,
        "mean": 0.0284110885113,
        "median": 0.00463585928082,
        "min": 0.00116232340224,
        "stdev": 0.0499783307314,
        "var": 0.00249783345498
    },
    "spectral_kurtosis": {
        "dmean": 0.264657884836,
        "dmean2": 0.333949416876,
        "dvar": 0.0677736923099,
        "dvar2": 0.0639910846949,
        "max": 2.46971464157,
        "mean": 0.671365141869,
        "median": 0.463519334793,
        "min": 0.242071628571,
        "stdev": 0.492645680904,
        "var": 0.24269977212
    },
    "spectral_rms": {
        "dmean": 0.000338015437592,
        "dmean2": 0.000417986622779,
        "dvar": 6.06251660429e-07,
        "dvar2": 1.22957192161e-06,
        "max": 0.00646619405597,
        "mean": 0.000999531941488,
        "median": 0.000289647316094,
        "min": 4.80170854189e-07,
        "stdev": 0.00167526188307,
        "var": 2.80650237983e-06
    },
    "spectral_rolloff": {
        "dmean": 1391.82800293,
        "dmean2": 1999.51171875,
        "dvar": 5437374,
        "dvar2": 7565970.5,
        "max": 18432.421875,
        "mean": 11089.5996094,
        "median": 10077.5390625,
        "min": 6976.7578125,
        "stdev": 2395.1862793,
        "var": 5736917
    },
    "spectral_skewness": {
        "dmean": 0.0813964381814,
        "dmean2": 0.11083715409,
        "dvar": 0.0107167419046,
        "dvar2": 0.0106466384605,
        "max": 1.30459582806,
        "mean": 0.773775279522,
        "median": 0.754186213017,
        "min": 0.635821223259,
        "stdev": 0.130091577768,
        "var": 0.0169238168746
    },
    "spectral_spread": {
        "dmean": 846493.8125,
        "dmean2": 1151863.75,
        "dvar": 871314292736,
        "dvar2": 1.04984267981e+12,
        "max": 11449622,
        "mean": 8820120,
        "median": 8409882,
        "min": 5971356,
        "stdev": 1515233.75,
        "var": 2.2959334359e+12
    },
    "spectral_strongpeak": {
        "dmean": 0.732393980026,
        "dmean2": 1.45433652401,
        "dvar": 2.47287511826,
        "dvar2": 7.96795368195,
        "max": 5.85216093063,
        "mean": 0.432481050491,
        "median": 0.0227374713868,
        "min": 0,
        "stdev": 1.21732676029,
        "var": 1.48188447952
    },
    "zerocrossingrate": {
        "dmean": 0.040283203125,
        "dmean2": 0.0299944188446,
        "dvar": 0.00239328364842,
        "dvar2": 0.000828506133985,
        "max": 0.4404296875,
        "mean": 0.2744140625,
        "median": 0.27197265625,
        "min": 0.0712890625,
        "stdev": 0.0833392068744,
        "var": 0.00694542331621
    },
    "barkbands": {
        "dmean": [1.75715413206e-05, 1.25642573039e-05, 5.08144921696e-06, 4.75039951198e-06, 6.61934027448e-05, 1.24651596707e-05, 2.58547497651e-05, 0.000261276931269, 0.000910782662686, 5.56470113224e-05, 2.20483125304e-05, 2.95012196148e-05, 9.94930360321e-06, 1.49282213897e-05, 7.6280553003e-06, 4.81877623315e-06, 1.55481920956e-05, 2.57700339716e-05, 2.09307254408e-05, 3.76548487111e-05, 0.000203275951208, 0.000351209775545, 0.000146169855725, 6.29894057056e-05, 0.000373205344658, 0.000214610627154, 6.72515307087e-05],
        "dmean2": [2.91080013994e-05, 1.86446213775e-05, 8.85134613782e-06, 4.61343825009e-06, 0.000103406717244, 1.41884156619e-05, 3.67994143744e-05, 0.000411503424402, 0.00148784264456, 3.07974441967e-05, 1.65370911418e-05, 4.61915515189e-05, 5.53920608581e-06, 9.06016339286e-06, 5.76428783461e-06, 7.22121603758e-06, 9.56946951192e-06, 1.72136187757e-05, 2.19190169446e-05, 2.73838304565e-05, 0.000114243921416, 0.000547731062397, 0.000231570651522, 7.81231647125e-05, 0.000546753813978, 0.000217934139073, 8.59109277371e-05],
        "dvar": [7.23451520912e-10, 2.85625106899e-10, 2.90095336641e-10, 2.28109739431e-10, 3.91356280716e-08, 6.51832421372e-10, 4.96138063966e-09, 6.47112699426e-07, 8.09666744317e-06, 2.73388689465e-08, 4.75703343383e-09, 8.20245826816e-09, 7.06579295073e-10, 1.98898075787e-09, 6.00365590575e-10, 1.73829936556e-10, 1.88269222434e-09, 6.288878307e-09, 2.98650482122e-09, 1.50045487146e-08, 3.62248528063e-07, 1.10002019937e-06, 2.60973052946e-07, 2.16375681816e-08, 1.08417054889e-06, 2.20231726189e-07, 2.76584781744e-08],
        "dvar2": [1.46334688811e-09, 7.21731008291e-10, 7.10060510389e-10, 2.11805031847e-10, 1.05115866234e-07, 1.04399633383e-09, 1.22609291608e-08, 1.71764679635e-06, 2.19602334255e-05, 1.03962989328e-08, 2.59418864168e-09, 2.16970619249e-08, 3.13245041017e-10, 6.74474420759e-10, 2.60254262585e-10, 3.24611754143e-10, 5.01537533726e-10, 2.37176922546e-09, 3.23070725727e-09, 6.85342982365e-09, 1.42836526607e-07, 2.60661067841e-06, 4.2989606186e-07, 4.13713543423e-08, 2.50701441473e-06, 3.27457343019e-07, 6.24503684321e-08],
        "max": [0.000118555792142, 7.73819774622e-05, 8.53227902553e-05, 0.000103890495666, 0.000892486539669, 0.000177958281711, 0.000282989873085, 0.00313639827073, 0.0120967486873, 0.00122346705757, 0.000483632000396, 0.000357971061021, 0.000210529979086, 0.00032755691791, 0.000166539321071, 6.42662489554e-05, 0.000340684782714, 0.000561663066037, 0.000408979743952, 0.000825713388622, 0.0044579571113, 0.00579366832972, 0.00320948893204, 0.00107843556907, 0.00636462541297, 0.00404303567484, 0.00108362582978],
        "mean": [2.20800084207e-05, 1.44903142427e-05, 6.73515160088e-06, 7.74653926783e-06, 6.11282375758e-05, 2.02574865398e-05, 2.16674761759e-05, 0.000169585604453, 0.000762062787544, 8.42419103719e-05, 3.40450351359e-05, 1.96779037651e-05, 1.75539280463e-05, 2.24873019761e-05, 1.08686444946e-05, 6.88244517733e-06, 2.53671387327e-05, 3.71011810785e-05, 3.54663061444e-05, 5.35957624379e-05, 0.000316460267641, 0.000493196013849, 0.000332734925905, 0.000122567420476, 0.000604846747592, 0.000488267047331, 0.000105604871351],
        "median": [4.83597978018e-06, 6.75158526064e-06, 3.35692575959e-08, 1.05439559306e-08, 1.17848117043e-07, 1.99673081624e-06, 1.46154343383e-06, 1.48724768678e-06, 1.06936204247e-05, 3.45517833011e-07, 3.55454062628e-07, 1.17895289975e-07, 2.47248249252e-06, 2.75450673826e-07, 3.00505064388e-07, 1.86792135537e-07, 5.28721557203e-07, 7.68400241213e-07, 9.20583488551e-07, 2.09994618672e-06, 7.95116193331e-06, 7.78571029514e-06, 4.64177446702e-06, 6.29590158496e-06, 1.21940302051e-05, 2.07689527087e-06, 2.30229062481e-07],
        "min": [2.2189677179e-11, 1.57602333961e-11, 3.19276397855e-12, 1.52944302188e-12, 4.66186421064e-12, 1.12378650222e-12, 5.35248061151e-13, 9.40283658227e-13, 2.52472110059e-12, 6.60175961207e-13, 4.11390713162e-12, 5.03607745783e-12, 4.99119517418e-13, 6.01166740086e-13, 3.12538189773e-12, 2.94115448142e-12, 2.56627705197e-12, 8.5532996701e-13, 7.57855323635e-12, 5.32866068978e-12, 4.07509269384e-12, 9.61870340321e-12, 2.06202537684e-11, 1.35317521077e-11, 2.29642155986e-11, 2.22247133891e-11, 4.40021317993e-11],
        "stdev": [3.59723126167e-05, 2.14583542402e-05, 2.06291151699e-05, 2.4813998607e-05, 0.00019011060067, 4.5164320909e-05, 5.89630835748e-05, 0.000642290047836, 0.00256197433919, 0.000270229909802, 0.000101902493043, 7.34657078283e-05, 4.77236790175e-05, 7.14050984243e-05, 3.5021934309e-05, 1.68535225384e-05, 7.46546647861e-05, 0.000120802666061, 9.6516982012e-05, 0.000173111649929, 0.000987048260868, 0.00138534256257, 0.000889936869498, 0.000271444238024, 0.0015615450684, 0.00110148580279, 0.000261275854427],
        "var": [1.29400734572e-09, 4.6046100266e-10, 4.25560420236e-10, 6.15734518927e-10, 3.61420404715e-08, 2.03981587177e-09, 3.47664519396e-09, 4.12536479644e-07, 6.56371230434e-06, 7.30241964675e-08, 1.03841175658e-08, 5.3972097902e-09, 2.27754970439e-09, 5.09868858245e-09, 1.22653576184e-09, 2.84041207221e-10, 5.57331913953e-09, 1.45932839146e-08, 9.31552790462e-09, 2.9967644366e-08, 9.7426436696e-07, 1.9191741103e-06, 7.91987645243e-07, 7.36819814051e-08, 2.43842282543e-06, 1.21327104807e-06, 6.82650735939e-08]
    },
    "erbbands": {
        "dmean": [0.000986712868325, 0.000677430594806, 0.00521165551618, 0.0104670617729, 0.127858385444, 0.210945025086, 0.168620109558, 0.156241551042, 0.482615351677, 0.438068270683, 16.947807312, 15.0361413956, 2.23215579987, 1.43799412251, 0.689156115055, 0.971975326538, 0.398946285248, 0.755845308304, 0.6140204072, 0.208490520716, 0.345833837986, 0.9512129426, 1.70178043842, 0.707972884178, 1.56541967392, 1.92496752739, 2.71875023842, 13.4201049805, 12.8506917953, 3.21489810944, 4.52547883987, 2.48329734802, 1.41733050346, 2.42291092873, 2.55491542816, 1.3866866827, 0.38805320859, 0.0798247307539, 0.0112311281264, 0.000788495817687],
        "dmean2": [0.00144451879896, 0.00110583659261, 0.00902939774096, 0.0111179603264, 0.211755305529, 0.339503914118, 0.199875995517, 0.190760686994, 0.702574670315, 0.610754668713, 26.6922512054, 25.3315811157, 3.4476082325, 1.03563082218, 0.56029856205, 1.53061926365, 0.287227660418, 0.394935369492, 0.424517720938, 0.153956055641, 0.553882300854, 0.601616203785, 1.14323031902, 0.630105793476, 1.03887081146, 1.3342654705, 1.77678573132, 12.4391832352, 20.823179245, 4.55640792847, 6.92907571793, 3.51254630089, 1.71679341793, 3.39277911186, 4.13682174683, 2.14941525459, 0.408098489046, 0.0813519731164, 0.0136266723275, 0.00103050353937],
        "dvar": [1.84655573321e-06, 1.09151687866e-06, 0.000296126381727, 0.00113554624841, 0.165671899915, 0.408667266369, 0.150225415826, 0.11573446542, 1.71913790703, 1.48080062866, 2734.68847656, 2316.68188477, 63.942615509, 22.1690235138, 3.41556167603, 8.89575386047, 1.22990274429, 4.58443784714, 3.77777791023, 0.305132627487, 0.920373678207, 7.70936584473, 28.502199173, 3.27641749382, 18.9687213898, 37.4864463806, 59.9862670898, 1686.78552246, 1613.87072754, 91.8308486938, 218.195556641, 44.9564170837, 11.1322317123, 42.0696868896, 75.4860305786, 18.7156543732, 0.699205160141, 0.0307903345674, 0.000723760051187, 4.07632114729e-06],
        "dvar2": [4.41454676547e-06, 2.74023204838e-06, 0.000753841595724, 0.00116266612895, 0.451179355383, 1.10411369801, 0.305188149214, 0.242417424917, 4.31171941757, 3.64334154129, 7283.92089844, 6248.49902344, 101.34488678, 9.61388206482, 2.01199603081, 23.6195411682, 0.737686693668, 1.67623007298, 1.41970133781, 0.161539301276, 2.33522152901, 2.36296153069, 10.9510297775, 2.90349054337, 12.0171041489, 15.2575817108, 21.6671047211, 1393.61743164, 3855.52270508, 118.254508972, 376.654266357, 102.424034119, 24.1994285583, 92.5349731445, 139.258422852, 38.1494865417, 0.784640729427, 0.0425953194499, 0.00149116455577, 8.88870454219e-06],
        "max": [0.00605814671144, 0.00556564563885, 0.083330065012, 0.230189874768, 1.71975433826, 2.91469597816, 2.51846003532, 1.95139694214, 5.26091814041, 5.37887096405, 202.589187622, 214.736221313, 48.8311958313, 31.6258125305, 15.0121221542, 11.8703842163, 8.525639534, 16.518283844, 13.4733057022, 4.49731206894, 4.88887119293, 20.8728561401, 37.1552505493, 13.8777303696, 32.4820823669, 42.2233085632, 59.1180458069, 294.640075684, 214.791854858, 70.4153518677, 96.0482635498, 41.441493988, 20.8065376282, 42.0806541443, 53.4661750793, 27.5893211365, 5.76419639587, 1.10217225552, 0.189222797751, 0.0126695279032],
        "mean": [0.00109171599615, 0.00100919674151, 0.00631643133238, 0.0178381614387, 0.106637373567, 0.204361766577, 0.240220323205, 0.189420223236, 0.39728346467, 0.366040199995, 10.9982271194, 14.5288734436, 4.3217792511, 1.9567450285, 1.30997288227, 0.669252097607, 0.710557878017, 1.23867940903, 0.86405736208, 0.391304790974, 0.501093626022, 1.4723662138, 2.40277957916, 1.15927481651, 2.4921438694, 2.77951407433, 4.5773396492, 22.9132938385, 17.8331394196, 7.87621212006, 10.3002500534, 4.03674316406, 2.07108855247, 4.21786212921, 5.49986076355, 2.89998555183, 0.753243982792, 0.125578761101, 0.0194547083229, 0.00117375783157],
        "median": [0.000113630725536, 0.000241053436184, 5.39087850484e-05, 3.06980073219e-05, 7.88079851191e-05, 0.000355214695446, 0.00554642081261, 0.0302944332361, 0.0257379803807, 0.0109390951693, 0.173180252314, 0.168461561203, 0.0380315706134, 0.00917367078364, 0.0126194376498, 0.00932025630027, 0.0778422728181, 0.0516285337508, 0.0109038352966, 0.0206756107509, 0.0113102924079, 0.0291524287313, 0.0519152358174, 0.0202442836016, 0.056572381407, 0.127788051963, 0.261492013931, 0.261619031429, 0.276051014662, 0.175106316805, 0.131053984165, 0.0953951478004, 0.130886673927, 0.166265368462, 0.0594277791679, 0.0183483306319, 0.00403471291065, 0.000621910847258, 3.88464104617e-05, 2.07368839256e-06],
        "min": [7.90203180667e-10, 2.42672548723e-09, 3.96919208612e-09, 4.61175808653e-09, 9.31871557697e-09, 1.74245577966e-08, 1.54674903996e-08, 7.31085325612e-09, 5.27065058264e-09, 1.31817730065e-08, 3.13643511163e-08, 6.18020052912e-08, 1.75468972685e-08, 6.81692498006e-08, 2.28098684829e-07, 1.628928743e-07, 3.24934603668e-08, 3.04925222849e-08, 7.70091901359e-08, 1.92997674731e-07, 1.85804793773e-07, 1.32311924972e-07, 4.93211658181e-08, 2.48510559686e-07, 3.56710444294e-07, 2.39874339059e-07, 2.05351710747e-07, 2.15968640305e-07, 4.35748290784e-07, 2.62389789896e-07, 6.90901515554e-07, 3.07949221678e-07, 2.45812145749e-07, 2.42053488364e-07, 1.48631400521e-07, 1.25788417904e-07, 3.66444936617e-08, 1.25737065204e-08, 5.9078191228e-09, 7.29265758892e-10],
        "stdev": [0.00176187325269, 0.00152524886653, 0.019545936957, 0.0559527017176, 0.366648495197, 0.627875089645, 0.601020336151, 0.435778051615, 1.08639144897, 1.11406159401, 41.4053611755, 47.2103385925, 12.8375082016, 6.66524839401, 3.61848187447, 2.438331604, 1.97177314758, 3.69123458862, 2.87156510353, 1.05896782875, 1.19769656658, 4.51514530182, 7.9358997345, 3.20299887657, 7.28870487213, 8.92143344879, 12.7486915588, 70.3612518311, 51.7044677734, 19.4126148224, 26.5561885834, 10.0168542862, 4.81616353989, 10.4706115723, 14.6417999268, 7.36436986923, 1.61785972118, 0.284987986088, 0.047173961997, 0.00303678028286],
        "var": [3.10419750349e-06, 2.32638399211e-06, 0.000382043624995, 0.003130704863, 0.134431123734, 0.3942271173, 0.361225455999, 0.189902499318, 1.18024647236, 1.24113321304, 1714.40393066, 2228.81616211, 164.801620483, 44.4255371094, 13.0934114456, 5.94546127319, 3.88788938522, 13.625213623, 8.24588680267, 1.12141275406, 1.43447709084, 20.3865356445, 62.9785041809, 10.2592020035, 53.1252212524, 79.5919799805, 162.529144287, 4950.70605469, 2673.35205078, 376.849639893, 705.231201172, 100.337371826, 23.195432663, 109.633705139, 214.38230896, 54.2339401245, 2.61747026443, 0.0812181532383, 0.00222538271919, 9.22203435039e-06]
    },
    "gfcc": {
        "mean": [-242.553863525, -49.1409912109, -91.1558380127, 15.8353538513, -85.9692611694, 18.1240558624, -26.0663814545, 22.5249443054, -11.1921758652, 29.3494873047, -8.83977794647, 11.8257455826, -7.24046802521],
        "cov": [[43838.7265625, -1213.80749512, 883.465576172, -2423.80175781, -2127.29760742, -1494.34020996, -67.6732711792, -45.4391860962, -498.091796875, -991.158752441, -1979.25817871, -261.342498779, -311.119415283], [-1213.80749512, 153.200897217, -72.5563049316, 145.000106812, 13.4297790527, 85.7169265747, 9.48222446442, 39.9662857056, 19.2029056549, 105.772758484, 105.027732849, -0.0708824396133, 28.3275375366], [883.465576172, -72.5563049316, 468.528442383, -216.722839355, 117.31728363, -131.318618774, 99.2367935181, -31.2408447266, -58.844669342, -262.193481445, -185.709594727, -20.1100349426, 23.0734977722], [-2423.80175781, 145.000106812, -216.722839355, 303.699920654, 93.3339080811, 186.411575317, 0.716855049133, 54.6821403503, 68.4208984375, 209.283432007, 214.951156616, 31.6411991119, 3.22623825073], [-2127.29760742, 13.4297790527, 117.31728363, 93.3339080811, 247.053268433, 66.8468475342, 72.6555938721, -37.0615921021, -19.451965332, -83.5980224609, 19.2448043823, -11.3820638657, -19.77252388], [-1494.34020996, 85.7169265747, -131.318618774, 186.411575317, 66.8468475342, 126.072677612, 7.98619508743, 36.166103363, 50.9483299255, 134.733627319, 138.046691895, 24.1152210236, 1.66852152348], [-67.6732711792, 9.48222446442, 99.2367935181, 0.716855049133, 72.6555938721, 7.98619508743, 61.433303833, -1.1575012207, -17.122303009, -64.7954788208, -45.642993927, -26.0108966827, -2.15677380562], [-45.4391860962, 39.9662857056, -31.2408447266, 54.6821403503, -37.0615921021, 36.166103363, -1.1575012207, 93.1215744019, 71.7113037109, 127.804412842, 97.3559875488, 60.4376602173, 51.2562217712], [-498.091796875, 19.2029056549, -58.844669342, 68.4208984375, -19.451965332, 50.9483299255, -17.122303009, 71.7113037109, 101.024688721, 152.241256714, 119.132003784, 70.5749206543, 43.0823707581], [-991.158752441, 105.772758484, -262.193481445, 209.283432007, -83.5980224609, 134.733627319, -64.7954788208, 127.804412842, 152.241256714, 357.509857178, 282.951141357, 117.297798157, 54.6752700806], [-1979.25817871, 105.027732849, -185.709594727, 214.951156616, 19.2448043823, 138.046691895, -45.642993927, 97.3559875488, 119.132003784, 282.951141357, 280.945587158, 111.016235352, 46.1478538513], [-261.342498779, -0.0708824396133, -20.1100349426, 31.6411991119, -11.3820638657, 24.1152210236, -26.0108966827, 60.4376602173, 70.5749206543, 117.297798157, 111.016235352, 83.1152648926, 37.4723968506], [-311.119415283, 28.3275375366, 23.0734977722, 3.22623825073, -19.77252388, 1.66852152348, -2.15677380562, 51.2562217712, 43.0823707581, 54.6752700806, 46.1478538513, 37.4723968506, 70.1430206299]],
        "icov": [[0.000529728305992, 0.00208657118492, -0.00138019083533, -0.000255059741903, 0.00565508008003, -0.00274634663947, -0.00540920440108, 0.000631611270364, 0.00641684327275, -0.00508161075413, 0.00744864437729, -0.00860240962356, 0.00271911197342], [0.00208657118492, 0.0533565692604, -0.0251300707459, -0.0161679759622, 0.0430849194527, -0.033826071769, -0.0183526817709, 0.00186090997886, 0.0490748360753, -0.0242655668408, 0.0019782751333, 0.00973377469927, -0.00998660549521], [-0.00138019083533, -0.0251300707459, 0.029767986387, -0.000464620039565, -0.0178556963801, 0.0486789532006, -0.0312971286476, 0.0137123856694, -0.0360824503005, 0.0311222653836, -0.0222013872117, -0.0161407142878, -0.00178530649282], [-0.000255059741903, -0.0161679759622, -0.000464620039565, 0.0805495083332, -0.0503736138344, -0.078777179122, 0.0765138715506, -0.0531908497214, 0.0162079390138, -0.0350845269859, 0.0237126294523, 0.0479477979243, 0.0069184359163], [0.00565508008003, 0.0430849194527, -0.0178556963801, -0.0503736138344, 0.139660999179, -0.015496911481, -0.147078543901, 0.0690476074815, 0.0458353944123, 0.0161560196429, 0.0115049853921, -0.125838831067, 0.0195446293801], [-0.00274634663947, -0.033826071769, 0.0486789532006, -0.078777179122, -0.015496911481, 0.227320358157, -0.11648119241, 0.0637053996325, -0.0883004814386, 0.0562466979027, -0.0779665634036, -0.0183032881469, 0.000645149557386], [-0.00540920440108, -0.0183526817709, -0.0312971286476, 0.0765138715506, -0.147078543901, -0.11648119241, 0.312509924173, -0.146965935826, -0.0168123897165, -0.0303672309965, 0.0176955107599, 0.206979691982, -0.0197104681283], [0.000631611270364, 0.00186090997886, 0.0137123856694, -0.0531908497214, 0.0690476074815, 0.0637053996325, -0.146965935826, 0.125967502594, -0.0205690357834, 0.0307305119932, -0.0305795092136, -0.0983179435134, -0.0173115190119], [0.00641684327275, 0.0490748360753, -0.0360824503005, 0.0162079390138, 0.0458353944123, -0.0883004814386, -0.0168123897165, -0.0205690357834, 0.164680346847, -0.128439232707, 0.12710827589, -0.0862792655826, 0.0107363825664], [-0.00508161075413, -0.0242655668408, 0.0311222653836, -0.0350845269859, 0.0161560196429, 0.0562466979027, -0.0303672309965, 0.0307305119932, -0.128439232707, 0.174428477883, -0.15812921524, 0.0403001308441, -0.0161073449999], [0.00744864437729, 0.0019782751333, -0.0222013872117, 0.0237126294523, 0.0115049853921, -0.0779665634036, 0.0176955107599, -0.0305795092136, 0.12710827589, -0.15812921524, 0.232423946261, -0.152284145355, 0.0400678999722], [-0.00860240962356, 0.00973377469927, -0.0161407142878, 0.0479477979243, -0.125838831067, -0.0183032881469, 0.206979691982, -0.0983179435134, -0.0862792655826, 0.0403001308441, -0.152284145355, 0.329555779696, -0.0500996373594], [0.00271911197342, -0.00998660549521, -0.00178530649282, 0.0069184359163, 0.0195446293801, 0.000645149557386, -0.0197104681283, -0.0173115190119, 0.0107363825664, -0.0161073449999, 0.0400678999722, -0.0500996373594, 0.0545221753418]]
    },
    "melbands": {
        "dmean": [6.59976194584e-06, 1.68417136592e-06, 4.38849656348e-06, 1.21934463095e-05, 7.32200169296e-06, 3.56167061e-06, 6.35324659015e-06, 1.84082011856e-06, 0.000186306235264, 8.30149801914e-05, 1.05275603346e-05, 6.05735795034e-06, 2.72760871667e-06, 3.83136693927e-06, 7.04391084128e-07, 1.23702204746e-06, 1.42002613757e-06, 1.08207495941e-06, 4.66065131377e-07, 1.7828095622e-07, 6.27503084161e-07, 6.59411284687e-07, 2.11519090954e-06, 9.08651543341e-07, 5.02512818912e-07, 7.80733046213e-07, 1.56053181399e-06, 1.1283616459e-06, 9.7370639196e-07, 3.83953329219e-06, 9.50500270847e-06, 1.15209177238e-05, 1.57932697675e-06, 2.25464623327e-06, 2.98255349662e-06, 4.14426267525e-06, 9.27228768433e-07, 8.0143837522e-07, 1.88198725937e-06, 1.58253612881e-06],
        "dmean2": [9.88202009466e-06, 3.00382157548e-06, 7.86573946243e-06, 1.97309109353e-05, 9.68432686932e-06, 4.40757639808e-06, 9.18010391615e-06, 2.11814017348e-06, 0.000293818273349, 0.000141172029544, 1.40812262543e-05, 4.53080792795e-06, 1.67798191342e-06, 6.09046901445e-06, 1.15483544505e-06, 6.53879510537e-07, 7.6562639606e-07, 7.70199619637e-07, 3.23021737358e-07, 2.93475892477e-07, 9.80201548373e-07, 4.02404850774e-07, 1.4118644458e-06, 6.36165225387e-07, 4.92219442094e-07, 7.95253413344e-07, 9.6795065474e-07, 8.27818325888e-07, 7.20989476122e-07, 2.02939372684e-06, 9.15330656426e-06, 1.86388788279e-05, 1.81423763479e-06, 1.80921449555e-06, 2.40685517383e-06, 5.82287884754e-06, 1.37400354561e-06, 9.56692588261e-07, 2.43380850407e-06, 2.1675498374e-06],
        "dvar": [8.62036483862e-11, 3.18047289893e-11, 2.34229691198e-10, 1.43259437646e-09, 3.39022254714e-10, 5.97637841993e-11, 2.97069674415e-10, 1.91966997853e-11, 3.30525153913e-07, 7.18995991633e-08, 1.22967847016e-09, 4.08613393121e-10, 5.55032686478e-11, 1.38099143232e-10, 4.51196502035e-12, 1.14192266754e-11, 1.63862187708e-11, 1.22329958663e-11, 1.86226967007e-12, 2.74062239916e-13, 2.79561703648e-12, 3.26183546319e-12, 4.51117442013e-11, 7.48049192034e-12, 1.6429083571e-12, 3.43216275712e-12, 2.34122513043e-11, 1.35166626156e-11, 7.83424367046e-12, 1.23061547064e-10, 8.65103877423e-10, 1.2702102703e-09, 1.15415203436e-11, 3.65945503067e-11, 6.08758737863e-11, 1.27244714765e-10, 7.29077302003e-12, 3.49306087527e-12, 2.15408923337e-11, 1.80140138917e-11],
        "dvar2": [1.95732721697e-10, 7.56154305837e-11, 5.89529036699e-10, 3.88475429602e-09, 8.00558508374e-10, 1.26385443777e-10, 7.45660200252e-10, 3.8078470932e-11, 8.81748292159e-07, 1.92819868516e-07, 1.6758703314e-09, 1.85426909938e-10, 1.45395596604e-11, 3.68027330833e-10, 1.15814250551e-11, 4.60106518857e-12, 5.79182665369e-12, 4.86895983601e-12, 6.53174075157e-13, 6.12430028565e-13, 7.31659524633e-12, 1.32169102052e-12, 1.73211653354e-11, 2.95455955708e-12, 1.64216622071e-12, 3.85607301298e-12, 9.31682075239e-12, 6.31737847798e-12, 3.81662193169e-12, 5.1986262517e-11, 7.56590567974e-10, 3.17746429168e-09, 1.86627276133e-11, 2.05690395272e-11, 4.39580004341e-11, 3.19077347877e-10, 1.39328175733e-11, 7.73529677811e-12, 4.92643877081e-11, 3.55338015956e-11],
        "max": [4.18380950578e-05, 2.88513510895e-05, 7.35985231586e-05, 0.000166881640325, 0.000105943188828, 4.45576515631e-05, 6.90911911079e-05, 2.68783114734e-05, 0.00223333691247, 0.001217788551, 0.000230121106142, 0.00013314485841, 5.97625075898e-05, 4.79864502267e-05, 1.05575672933e-05, 2.63679448835e-05, 3.11105177389e-05, 2.37281437876e-05, 1.00362385638e-05, 3.07977529701e-06, 7.95641244622e-06, 1.44539963003e-05, 4.62542084279e-05, 1.97838635358e-05, 9.76263436314e-06, 1.45388894452e-05, 3.42341081705e-05, 2.47257285082e-05, 2.12076774915e-05, 8.38909472805e-05, 0.000208842393477, 0.000180351315066, 2.86078047793e-05, 4.94250416523e-05, 6.54136019875e-05, 5.64290385228e-05, 1.79184371518e-05, 1.15317470772e-05, 2.69771317107e-05, 2.96102225548e-05],
        "mean": [8.19603064883e-06, 2.47270645559e-06, 5.62039940633e-06, 1.11164335976e-05, 9.19862668525e-06, 4.33845661973e-06, 5.27592828803e-06, 2.51170718002e-06, 0.000122095370898, 8.46790353535e-05, 1.9643424821e-05, 8.03849070508e-06, 4.61564331999e-06, 2.79825644611e-06, 8.3704452436e-07, 2.12206600736e-06, 2.30165687753e-06, 1.47744458445e-06, 7.24131211882e-07, 2.97672357874e-07, 7.00992984548e-07, 1.12594545953e-06, 2.93104449156e-06, 1.36610401569e-06, 8.34366574054e-07, 1.33900380206e-06, 2.29976330957e-06, 1.6002970824e-06, 1.75553896042e-06, 6.20936816631e-06, 1.62491523952e-05, 1.38470750244e-05, 3.5829468743e-06, 4.31513126387e-06, 6.07487436355e-06, 4.38633333033e-06, 1.94135236598e-06, 1.13529256396e-06, 2.509843398e-06, 3.18909292218e-06],
        "median": [2.22312928599e-06, 6.22287146257e-08, 6.86287116025e-09, 1.03299138132e-08, 1.36161702358e-07, 7.72561236317e-07, 3.8511146272e-07, 8.28216855098e-08, 1.87359876236e-06, 9.96673179543e-07, 1.63547895227e-07, 3.25578461968e-08, 5.09881310506e-08, 1.82370847313e-08, 2.73185349897e-08, 3.08050061903e-07, 6.25215932359e-08, 1.42776697132e-08, 2.23559464274e-08, 1.58303876674e-08, 1.6062053021e-08, 2.03144612243e-08, 7.75161055344e-08, 2.65876991534e-08, 1.09045918961e-08, 4.96788921112e-08, 3.52325244535e-08, 8.67525074e-08, 1.92902518847e-07, 1.80976954312e-07, 1.46309758975e-07, 1.48556750901e-07, 1.11136337466e-07, 7.64148424537e-08, 7.69070922502e-08, 6.89613699478e-08, 4.86030522495e-08, 7.5632890173e-08, 1.09752797073e-07, 1.46974173276e-07],
        "min": [6.78232296714e-12, 2.36791554246e-12, 9.19715150392e-13, 9.88626715215e-13, 6.11156253643e-13, 1.66356240849e-13, 8.92358628939e-14, 1.49302960403e-13, 3.0998898652e-13, 3.70302042068e-13, 7.16170693712e-14, 2.32101013756e-13, 6.74252862744e-13, 7.18728407952e-13, 1.22023566381e-13, 5.34037332585e-14, 5.39216634125e-14, 8.49914146765e-14, 2.79908230925e-13, 1.94559280253e-13, 2.2472708373e-13, 1.41627052967e-13, 7.55501143959e-14, 3.22448807293e-14, 2.07451989072e-13, 3.38844024454e-13, 1.55969963507e-13, 1.72438628589e-13, 1.35398135303e-13, 9.76228375481e-14, 1.46052833998e-13, 2.62923607582e-13, 1.35888547051e-13, 1.61719257235e-13, 4.33886406621e-13, 2.82652211098e-13, 1.60563579034e-13, 1.47544533557e-13, 2.20946375887e-13, 1.98230361704e-13],
        "stdev": [1.26454087876e-05, 7.12773862688e-06, 1.77767233254e-05, 3.57913995686e-05, 2.41032776103e-05, 9.93254889181e-06, 1.42725439218e-05, 6.29916939943e-06, 0.000456667912658, 0.000271737022558, 5.85047710047e-05, 2.79545038211e-05, 1.31335782498e-05, 9.9436911114e-06, 2.39241830968e-06, 5.90862782701e-06, 6.93275751473e-06, 5.02703551319e-06, 2.16648595597e-06, 7.69446330651e-07, 1.7955057956e-06, 3.18757793139e-06, 9.8868040368e-06, 4.28272005593e-06, 2.28538078773e-06, 3.41145573657e-06, 7.42939482734e-06, 5.17679063705e-06, 4.53207439932e-06, 1.87531222764e-05, 5.02006623719e-05, 4.17891023972e-05, 7.67159963289e-06, 1.17641138786e-05, 1.60649051395e-05, 1.217465433e-05, 4.7003218242e-06, 2.65023140855e-06, 6.08797427049e-06, 7.73546071287e-06],
        "var": [1.59906352049e-10, 5.08046590908e-11, 3.16011883328e-10, 1.28102428665e-09, 5.80967995933e-10, 9.86555351301e-11, 2.03705510793e-10, 3.96795339641e-11, 2.08545586133e-07, 7.38410079748e-08, 3.422808037e-09, 7.81454290166e-10, 1.72490868811e-10, 9.88769968679e-11, 5.72366589888e-12, 3.49118824128e-11, 4.80631298649e-11, 2.52710873061e-11, 4.69366125827e-12, 5.92047678244e-13, 3.2238408991e-12, 1.01606527012e-11, 9.77488992526e-11, 1.83416927479e-11, 5.22296572311e-12, 1.16380308168e-11, 5.51959068729e-11, 2.67991601133e-11, 2.0539700149e-11, 3.51679574351e-10, 2.52010656787e-09, 1.74632919236e-09, 5.88534360135e-11, 1.38394365412e-10, 2.58081195303e-10, 1.48222198404e-10, 2.20930270606e-11, 7.02372708605e-12, 3.7063428715e-11, 5.98373572913e-11]
    },
    "melbands128": {
