{
"lowlevel": {
    "average_loudness": 0.916531980038,
    "barkbands_crest": {
        "dmean": 1.31285572052,
        "dmean2": 1.80221378803,
        "dvar": 4.24980020523,
        "dvar2": 8.30602073669,
        "max": 26.5999698639,
        "mean": 17.8440151215,
        "median": 16.5646057129,
        "min": 4.16621828079,
        "stdev": 5.30345344543,
        "var": 28.1266174316
    },
    "barkbands_flatness_db": {
        "dmean": 0.0177760850638,
        "dmean2": 0.0264704823494,
        "dvar": 0.000442950695287,
        "dvar2": 0.000852322438732,
        "max": 0.430057138205,
        "mean": 0.325205296278,
        "median": 0.327531278133,
        "min": 0.0528127551079,
        "stdev": 0.0603923983872,
        "var": 0.00364724174142
    },
    "barkbands_kurtosis": {
        "dmean": 4.0822634697,
        "dmean2": 6.06264734268,
        "dvar": 111.927604675,
        "dvar2": 251.867111206,
        "max": 129.380905151,
        "mean": 7.24365282059,
        "median": 0.56511759758,
        "min": -1.82049739361,
        "stdev": 16.0053424835,
        "var": 256.17098999
    },
    "barkbands_skewness": {
        "dmean": 0.454669684172,
        "dmean2": 0.614570617676,
        "dvar": 0.565747261047,
        "dvar2": 1.22810828686,
        "max": 9.09408378601,
        "mean": 1.61948227882,
        "median": 1.15178787708,
        "min": -1.28089463711,
        "stdev": 1.71248674393,
        "var": 2.93261098862
    },
    "barkbands_spread": {
        "dmean": 1.45344650745,
        "dmean2": 1.94295477867,
        "dvar": 11.4539890289,
        "dvar2": 10.4852323532,
        "max": 81.1468048096,
        "mean": 10.3850860596,
        "median": 9.42335605621,
        "min": 0.610453903675,
        "stdev": 7.09420871735,
        "var": 50.327796936
    },
    "dissonance": {
        "dmean": 0.0304518863559,
        "dmean2": 0.0511433593929,
        "dvar": 0.000829032040201,
        "dvar2": 0.00234618037939,
        "max": 0.498205691576,
        "mean": 0.395669907331,
        "median": 0.400136947632,
        "min": 0.215912461281,
        "stdev": 0.0445410497487,
        "var": 0.00198390497826
    },
    "dynamic_complexity": 4.07351589203,
    "erbbands_crest": {
        "dmean": 1.62390756607,
        "dmean2": 2.13630080223,
        "dvar": 5.66041946411,
        "dvar2": 12.7773513794,
        "max": 31.5733261108,
        "mean": 17.1900806427,
        "median": 17.0635890961,
        "min": 3.27314352989,
        "stdev": 5.32982158661,
        "var": 28.406999588
    },
    "erbbands_flatness_db": {
        "dmean": 0.011521531269,
        "dmean2": 0.0166975408792,
        "dvar": 0.000231142665143,
        "dvar2": 0.00047936939518,
        "max": 0.46524605155,
        "mean": 0.336648523808,
        "median": 0.344739019871,
        "min": 0.0497532375157,
        "stdev": 0.0674275904894,
        "var": 0.00454647978768
    },
    "erbbands_kurtosis": {
        "dmean": 1.58358061314,
        "dmean2": 2.06359291077,
        "dvar": 18.561712265,
        "dvar2": 33.1591835022,
        "max": 56.3420410156,
        "mean": 1.43128705025,
        "median": -0.628844261169,
        "min": -1.89446163177,
        "stdev": 7.09214067459,
        "var": 50.2984619141
    },
    "erbbands_skewness": {
        "dmean": 0.331328511238,
        "dmean2": 0.410282403231,
        "dvar": 0.338392287493,
        "dvar2": 0.545070648193,
        "max": 6.70158720016,
        "mean": 0.555324137211,
        "median": 0.167449042201,
        "min": -1.76205825806,
        "stdev": 1.37955486774,
        "var": 1.90317165852
    },
    "erbbands_spread": {
        "dmean": 2.69286894798,
        "dmean2": 3.71028137207,
        "dvar": 19.4927253723,
        "dvar2": 40.9758262634,
        "max": 90.1844100952,
        "mean": 21.9658336639,
        "median": 19.4696655273,
        "min": 2.04115080833,
        "stdev": 12.3129692078,
        "var": 151.609222412
    },
    "hfc": {
        "dmean": 2.06785488129,
        "dmean2": 2.33209872246,
        "dvar": 21.7653312683,
        "dvar2": 19.9210853577,
        "max": 94.9530487061,
        "mean": 15.0990667343,
        "median": 10.6544008255,
        "min": 2.2058372906e-08,
        "stdev": 15.1934642792,
        "var": 230.841369629
    },
    "loudness_ebu128": {
        "integrated": -14.8243379593,
        "loudness_range": 2.15264701843,
        "momentary": {
            "dmean": 0.825899243355,
            "dmean2": 0.655346393585,
            "dvar": 0.932118058205,
            "dvar2": 0.534643292427,
            "max": -9.73676967621,
            "mean": -16.408657074,
            "median": -15.5322227478,
            "min": -41.8197937012,
            "stdev": 4.70939731598,
            "var": 22.1784229279
        },
        "short_term": {
            "dmean": 0.124693147838,
            "dmean2": 0.071645192802,
            "dvar": 0.00850013829768,
            "dvar2": 0.00669478205964,
            "max": -13.3290843964,
            "mean": -15.2529067993,
            "median": -15.3202867508,
            "min": -16.4647312164,
            "stdev": 0.622520565987,
            "var": 0.387531846762
        }
    },
    "melbands_crest": {
        "dmean": 1.55087244511,
        "dmean2": 2.16965675354,
        "dvar": 6.12883138657,
        "dvar2": 12.0094852448,
        "max": 34.7837028503,
        "mean": 21.5817604065,
        "median": 21.5977458954,
        "min": 8.99616718292,
        "stdev": 5.5044798851,
        "var": 30.2992973328
    },
    "melbands_flatness_db": {
        "dmean": 0.0173059906811,
        "dmean2": 0.0243677143008,
        "dvar": 0.000531516736373,
        "dvar2": 0.0010040855268,
        "max": 0.497263938189,
        "mean": 0.374731779099,
        "median": 0.370997369289,
        "min": 0.0498347431421,
        "stdev": 0.0556255578995,
        "var": 0.00309420260601
    },
    "melbands_kurtosis": {
        "dmean": 5.59728860855,
        "dmean2": 8.30097389221,
        "dvar": 192.974258423,
        "dvar2": 495.176422119,
        "max": 196.495880127,
        "mean": 13.4214639664,
        "median": 3.59721469879,
        "min": -1.86511218548,
        "stdev": 23.8448219299,
        "var": 568.575500488
    },
    "melbands_skewness": {
        "dmean": 0.512316584587,
        "dmean2": 0.717835605145,
        "dvar": 0.675889015198,
        "dvar2": 1.52280199528,
        "max": 10.2956352234,
        "mean": 2.37994360924,
        "median": 1.83741903305,
        "min": -0.587483108044,
        "stdev": 1.92802751064,
        "var": 3.71728992462
    },
    "melbands_spread": {
        "dmean": 2.27208256721,
        "dmean2": 2.93618869781,
        "dvar": 47.8426856995,
        "dvar2": 43.6246986389,
        "max": 151.309265137,
        "mean": 14.7758274078,
        "median": 15.2073373795,
        "min": 1.0096578598,
        "stdev": 11.379617691,
        "var": 129.495697021
    },
    "pitch_salience": {
        "dmean": 0.0401563197374,
        "dmean2": 0.0549569912255,
        "dvar": 0.00378828169778,
        "dvar2": 0.00673291273415,
        "max": 0.844997644424,
        "mean": 0.412757068872,
        "median": 0.444153040648,
        "min": 0.073486559093,
        "stdev": 0.169310703874,
        "var": 0.028666112572
    },
    "silence_rate_20dB": {
        "dmean": 0,
        "dmean2": 0,
        "dvar": 0,
        "dvar2": 0,
        "max": 1,
        "mean": 1,
        "median": 1,
        "min": 1,
        "stdev": 0,
        "var": 0
    },
    "silence_rate_30dB": {
        "dmean": 0,
        "dmean2": 0,
        "dvar": 0,
        "dvar2": 0,
        "max": 1,
        "mean": 1,
        "median": 1,
        "min": 1,
        "stdev": 0,
        "var": 0
    },
    "silence_rate_60dB": {
        "dmean": 0.030973451212,
        "dmean2": 0.0598669610918,
        "dvar": 0.0300141312182,
        "dvar2": 0.0607173778117,
        "max": 1,
        "mean": 0.0949227362871,
        "median": 0,
        "min": 0,
        "stdev": 0.293108105659,
        "var": 0.0859123691916
    },
    "spectral_centroid": {
        "dmean": 85.0246734619,
        "dmean2": 103.295143127,
        "dvar": 32709.3808594,
        "dvar2": 33396.9570312,
        "max": 3889.52246094,
        "mean": 959.249328613,
        "median": 932.144775391,
        "min": 317.248687744,
        "stdev": 462.284057617,
        "var": 213706.546875
    },
    "spectral_complexity": {
        "dmean": 0.623893797398,
        "dmean2": 0.895787119865,
        "dvar": 1.10633218288,
        "dvar2": 1.71641123295,
        "max": 11,
        "mean": 5.72847700119,
        "median": 6,
        "min": 0,
        "stdev": 2.21155071259,
        "var": 4.89095687866
    },
    "spectral_decrease": {
        "dmean": 7.21264492576e-10,
        "dmean2": 8.65850502407e-10,
        "dvar": 1.95490592694e-18,
        "dvar2": 2.77924207217e-18,
        "max": -1.66731719994e-19,
        "mean": -4.75089478869e-09,
        "median": -3.40438721658e-09,
        "min": -1.81675119393e-08,
        "stdev": 4.04953137689e-09,
        "var": 1.63987034426e-17
    },
    "spectral_energy": {
        "dmean": 0.00289848563261,
        "dmean2": 0.00346152647398,
        "dvar": 3.16475598083e-05,
        "dvar2": 4.37372873421e-05,
        "max": 0.0771805346012,
        "mean": 0.0193004403263,
        "median": 0.0143433799967,
        "min": 2.63004375223e-12,
        "stdev": 0.016455700621,
        "var": 0.000270790071227
    },
    "spectral_energyband_high": {
        "dmean": 1.71658859927e-06,
        "dmean2": 2.30206865126e-06,
        "dvar": 6.54126058874e-12,
        "dvar2": 1.06907191433e-11,
        "max": 3.4969067201e-05,
        "mean": 6.50219135423e-06,
        "median": 3.5909467897e-06,
        "min": 1.5822335846e-12,
        "stdev": 6.8598501457e-06,
        "var": 4.70575418909e-11
    },
    "spectral_energyband_low": {
        "dmean": 4.55664376204e-05,
        "dmean2": 7.25892969058e-05,
        "dvar": 1.19628218442e-09,
        "dvar2": 2.97339353139e-09,
        "max": 0.000296814570902,
        "mean": 0.000100229168311,
        "median": 9.54172210186e-05,
        "min": 3.23270164977e-13,
        "stdev": 4.36255068053e-05,
        "var": 1.90318494298e-09
    },
    "spectral_energyband_middle_high": {
        "dmean": 0.000982326222584,
        "dmean2": 0.000997383380309,
        "dvar": 5.89745422985e-06,
        "dvar2": 5.07501817992e-06,
        "max": 0.0518579408526,
        "mean": 0.00621759425849,
        "median": 0.00339211057872,
        "min": 3.92704477877e-13,
        "stdev": 0.00767980376258,
        "var": 5.89793853578e-05
    },
    "spectral_energyband_middle_low": {
        "dmean": 0.00244506564923,
        "dmean2": 0.00307605718262,
        "dvar": 2.34399740293e-05,
        "dvar2": 3.98887095798e-05,
        "max": 0.0545626953244,
        "mean": 0.0129901468754,
        "median": 0.00719631416723,
        "min": 9.56317341397e-14,
        "stdev": 0.0127125252038,
        "var": 0.000161608288181
    },
    "spectral_entropy": {
        "dmean": 0.161263003945,
        "dmean2": 0.227211713791,
        "dvar": 0.0423266328871,
        "dvar2": 0.0796914249659,
        "max": 8.93161582947,
        "mean": 5.46036481857,
        "median": 5.34490966797,
        "min": 4.56660223007,
        "stdev": 0.640793383121,
        "var": 0.410616159439
    },
    "spectral_flux": {
        "dmean": 0.0103173097596,
        "dmean2": 0.0157485771924,
        "dvar": 0.000280324922642,
        "dvar2": 0.000582522072364,
        "max": 0.125595718622,
        "mean": 0.0209410283715,
        "median": 0.00976577401161,
        "min": 0.0013818530133,
        "stdev": 0.0236723646522,
        "var": 0.000560380867682
    },
    "spectral_kurtosis": {
        "dmean": 9.14220905304,
        "dmean2": 15.4441928864,
        "dvar": 60.8522491455,
        "dvar2": 196.94770813,
        "max": 54.0885734558,
        "mean": 21.8821182251,
        "median": 20.3782291412,
        "min": 2.71206140518,
        "stdev": 10.9686746597,
        "var": 120.311820984
    },
    "spectral_rms": {
        "dmean": 0.000348844070686,
        "dmean2": 0.000401743338443,
        "dvar": 3.7719479451e-07,
        "dvar2": 4.8392445251e-07,
        "max": 0.00867744721472,
        "mean": 0.00392660824582,
        "median": 0.00374079425819,
        "min": 5.06546768975e-08,
        "stdev": 0.00184700847603,
        "var": 3.41144050253e-06
    },
    "spectral_rolloff": {
        "dmean": 142.871856689,
        "dmean2": 201.342605591,
        "dvar": 587998.75,
        "dvar2": 578661.6875,
        "max": 16300.6347656,
        "mean": 1323.31872559,
        "median": 1378.125,
        "min": 64.599609375,
        "stdev": 1072.97302246,
        "var": 1151271.125
    },
    "spectral_skewness": {
        "dmean": 0.745163857937,
        "dmean2": 1.24895834923,
        "dvar": 0.382692724466,
        "dvar2": 1.20446550846,
        "max": 5.68639469147,
        "mean": 2.97742724419,
        "median": 2.86086750031,
        "min": 1.4552989006,
        "stdev": 0.902136921883,
        "var": 0.813851058483
    },
    "spectral_spread": {
        "dmean": 296580.75,
        "dmean2": 483237.1875,
        "dvar": 195861331968,
        "dvar2": 335232598016,
        "max": 13954021,
        "mean": 2305511.25,
        "median": 2035427,
        "min": 1233435.75,
        "stdev": 1227190.625,
        "var": 1.50599696384e+12
    },
    "spectral_strongpeak": {
        "dmean": 0.319965720177,
        "dmean2": 0.461250722408,
        "dvar": 0.636657416821,
        "dvar2": 1.23020350933,
        "max": 12.4226779938,
        "mean": 2.20577073097,
        "median": 1.91323459148,
        "min": 0,
        "stdev": 1.8161842823,
        "var": 3.2985253334
    },
    "zerocrossingrate": {
        "dmean": 0.00489469524473,
        "dmean2": 0.00512641156092,
        "dvar": 0.00030464871088,
        "dvar2": 0.000287734088488,
        "max": 0.4833984375,
        "mean": 0.040047686547,
        "median": 0.0400390625,
        "min": 0.01171875,
        "stdev": 0.0278848651797,
        "var": 0.000777565757744
    },
    "barkbands": {
        "dmean": [1.78311220225e-05, 3.50564951077e-05, 1.11879189717e-05, 3.64468405678e-06, 0.000153504341142, 0.000871344760526, 0.00101488770451, 0.000470191938803, 1.17554181998e-05, 0.000163577540661, 7.29720486561e-05, 1.66635018104e-05, 0.000153560307808, 0.000540587410796, 3.48622415913e-05, 8.0616264313e-05, 8.91987219802e-05, 5.48061325389e-05, 8.67274502525e-06, 2.24917266678e-06, 1.08416452349e-06, 3.59272775086e-07, 1.06331100369e-07, 6.40403570173e-08, 4.60081928111e-08, 2.88374089052e-08, 5.15166842519e-09],
        "dmean2": [2.82596411125e-05, 5.68589821341e-05, 1.91078943317e-05, 6.66741470923e-06, 0.00018318547518, 0.00106517085806, 0.00139852543361, 0.000527492025867, 1.71572846739e-05, 0.000156833964866, 9.28933877731e-05, 2.45772389462e-05, 0.000185674434761, 0.000564212619793, 4.59912771476e-05, 9.89434920484e-05, 0.000117411662359, 6.85623526806e-05, 1.14478643809e-05, 3.44523755302e-06, 1.44510045175e-06, 5.14007695074e-07, 1.58667560868e-07, 9.75948424298e-08, 7.36398391155e-08, 4.58471127729e-08, 9.2471381663e-09],
        "dvar": [3.04068437096e-10, 6.45189346393e-10, 1.48787454579e-10, 2.49164161525e-11, 4.20216679231e-07, 9.46322597883e-06, 1.32173581733e-05, 4.01063243771e-06, 2.78510237095e-09, 1.96303403754e-07, 4.5171375973e-08, 4.00029209757e-09, 9.98848221911e-08, 5.5828436416e-06, 7.65408625369e-09, 3.97616766179e-08, 5.12063600411e-08, 1.74397616348e-08, 2.30559890624e-10, 1.95162861566e-11, 3.24323684228e-12, 3.80063493698e-13, 2.11117134516e-14, 1.56199414568e-14, 1.10036906683e-14, 4.57126952732e-15, 3.97444614222e-16],
        "dvar2": [6.95369928305e-10, 1.62545243931e-09, 3.95629667915e-10, 7.63137331106e-11, 7.98613257302e-07, 1.33005405587e-05, 2.71630215138e-05, 4.5374331421e-06, 6.94363633258e-09, 1.65889403547e-07, 7.4765040381e-08, 9.11948827564e-09, 1.60740100341e-07, 5.05237858306e-06, 1.08515170183e-08, 5.11914350909e-08, 7.5752417672e-08, 2.17106261857e-08, 4.15165041234e-10, 5.16815305829e-11, 5.87957764073e-12, 7.45513405783e-13, 4.12379548911e-14, 3.59303956217e-14, 2.6470018465e-14, 1.08292340685e-14, 1.15682000112e-15],
        "max": [0.00015361153055, 0.000161458505318, 0.000135327049065, 4.01602992497e-05, 0.0165419504046, 0.0545037426054, 0.0539232604206, 0.0387420132756, 0.00100788974669, 0.00775314914063, 0.0039630504325, 0.00101534917485, 0.00465801544487, 0.051370844245, 0.00143884134013, 0.00332866702229, 0.00438425270841, 0.00211819191463, 0.000185234792298, 6.32002411294e-05, 2.02662940865e-05, 6.89418038746e-06, 1.75064405994e-06, 1.37825202273e-06, 1.21393668451e-06, 9.62678996075e-07, 3.01907277844e-07],
        "mean": [3.44782165485e-05, 5.44212489331e-05, 1.6855656213e-05, 3.85274506698e-06, 0.000527468218934, 0.00587178999558, 0.00308907497674, 0.00337845343165, 3.6422348785e-05, 0.00108395714778, 0.000245526985964, 2.45832652581e-05, 0.000781660724897, 0.00296825100668, 8.75867917784e-05, 0.000473074062029, 0.000326830544509, 0.000262429763097, 2.38617194555e-05, 5.70688825974e-06, 2.68799999503e-06, 8.14048746633e-07, 3.18096567753e-07, 1.64978473549e-07, 1.2030844232e-07, 1.05374631687e-07, 1.0526898464e-08],
        "median": [2.99357852782e-05, 5.04603995068e-05, 1.22404326248e-05, 2.24720133701e-06, 5.59736781724e-06, 4.47048932983e-06, 0.000288694573101, 8.49027799177e-07, 1.86937984381e-06, 6.45484033157e-06, 9.64275532169e-05, 1.96788437279e-06, 0.000309917842969, 7.05379488863e-06, 3.04414606944e-05, 0.000128732528538, 0.000174196698936, 5.5402128055e-05, 8.24659218779e-06, 2.14997635339e-06, 1.03098898308e-06, 4.02420113232e-07, 2.60422353904e-07, 1.06870231775e-07, 9.19319447235e-08, 9.12417092991e-08, 7.42286943023e-09],
        "min": [1.88621877449e-13, 1.8077455765e-13, 4.21192960609e-14, 1.29076885966e-14, 4.96361010629e-15, 9.49246361175e-15, 7.03866887938e-15, 2.72999142417e-14, 2.6827884803e-14, 1.68787103435e-14, 4.36778028025e-14, 4.35728791373e-14, 1.88301150117e-14, 6.06655203571e-15, 2.08465531756e-14, 1.43779217997e-14, 2.45764221013e-14, 3.19837269191e-14, 1.2140271156e-13, 8.88617724868e-14, 1.42008854762e-13, 7.98970874812e-14, 1.27534728655e-13, 2.13681123577e-13, 2.85970655793e-13, 3.91960796502e-13, 3.6800475319e-13],
        "stdev": [2.13892853935e-05, 2.96282687486e-05, 1.54690678755e-05, 4.71510838906e-06, 0.00181889208034, 0.0119197480381, 0.00616683345288, 0.00871525052935, 0.000101389894553, 0.00217681517825, 0.000375903531676, 7.45938596083e-05, 0.00104304065462, 0.00764509476721, 0.000167591031641, 0.00082623626804, 0.000485887139803, 0.000487707467983, 3.46865053871e-05, 7.78896719567e-06, 3.73272905563e-06, 1.08651840947e-06, 2.63963158886e-07, 1.68497678033e-07, 1.15159856762e-07, 6.88764316692e-08, 1.78098851222e-08],
        "var": [4.5750156441e-10, 8.77834305246e-10, 2.39292086146e-10, 2.22322472931e-11, 3.30836837747e-06, 0.000142080403748, 3.80298370146e-05, 7.59555841796e-05, 1.02799111446e-08, 4.73852423966e-06, 1.413034596e-07, 5.56424373244e-09, 1.08793369691e-06, 5.84474764764e-05, 2.80867542557e-08, 6.82666325247e-07, 2.36086322047e-07, 2.3785857195e-07, 1.20315357677e-09, 6.06680122806e-11, 1.39332668667e-11, 1.18052236823e-12, 6.96765507704e-14, 2.83914669661e-14, 1.32617932613e-14, 4.74396302813e-15, 3.17192001179e-16]
    },
    "erbbands": {
        "dmean": [0.00216657738201, 0.00428764894605, 0.00982950814068, 0.015364180319, 0.0360517092049, 0.719515621662, 3.96544146538, 7.99855422974, 14.3362159729, 14.2463302612, 3.74897050858, 0.29604819417, 1.74521911144, 6.23796224594, 2.49232721329, 1.41848373413, 7.62825107574, 28.8359031677, 7.13103342056, 1.26983201504, 5.58940839767, 4.21123409271, 3.26107335091, 1.44142234325, 0.366548299789, 0.0947768092155, 0.0328170992434, 0.0420856922865, 0.0190112441778, 0.00367176975124, 0.00320173054934, 0.00202468270436, 0.000732664891984, 0.000493025174364, 0.000362056685844, 0.000172151994775, 4.91742139275e-05, 9.98441191769e-06, 1.92866104953e-06, 3.34957667292e-06],
        "dmean2": [0.0033611881081, 0.00738782947883, 0.0166290439665, 0.0277525223792, 0.0483219251037, 0.799271285534, 4.75255584717, 10.0464572906, 18.5387229919, 18.4141712189, 4.37925481796, 0.396342098713, 2.05665540695, 5.92617702484, 3.09032464027, 1.79997003078, 8.99918270111, 29.6231632233, 8.14074325562, 1.49055373669, 6.9314084053, 5.49018526077, 4.17000722885, 1.78327393532, 0.458283394575, 0.140097662807, 0.0441712252796, 0.0558821558952, 0.0259911920875, 0.00506554404274, 0.00481435516849, 0.00294735748321, 0.00122745207045, 0.00082581222523, 0.000573465775233, 0.000270094111329, 7.95266169007e-05, 1.7070742615e-05, 2.58978911916e-06, 3.97959320253e-06],
        "dvar": [2.06186837204e-06, 1.24315947687e-05, 0.000104131373519, 0.000355857162504, 0.0118011469021, 9.45752811432, 166.003616333, 708.913513184, 2670.05053711, 1559.14404297, 238.896606445, 0.528824329376, 27.3593902588, 238.070449829, 39.6929588318, 10.4202070236, 219.744766235, 15388.7587891, 485.668762207, 4.29984426498, 177.454071045, 138.44694519, 50.0577926636, 21.186630249, 0.463136523962, 0.027773283422, 0.00264491117559, 0.0059548811987, 0.00120294175576, 2.41580382863e-05, 1.96519158635e-05, 1.45938292917e-05, 5.13743088959e-06, 1.65585163359e-06, 6.45859529413e-07, 1.51874814946e-07, 1.26770514086e-08, 8.86588302773e-10, 1.94457470959e-11, 4.24077370442e-11],
        "dvar2": [5.33172487849e-06, 3.54890798917e-05, 0.000276495382423, 0.00104212295264, 0.0217839051038, 16.018491745, 194.751754761, 1170.6151123, 4905.92236328, 2306.93530273, 287.183898926, 0.940416395664, 44.3531188965, 193.128204346, 72.9432601929, 21.1508960724, 352.104705811, 13785.8408203, 455.871520996, 5.49660491943, 233.754959106, 195.09854126, 66.1552734375, 26.1105537415, 0.715837955475, 0.0625255033374, 0.00410404335707, 0.0114807914943, 0.00215627555735, 4.42550408479e-05, 3.95432107325e-05, 2.99610910588e-05, 1.35786403916e-05, 4.36743493992e-06, 1.36605069656e-06, 3.50175128006e-07, 2.86506551817e-08, 2.39418440628e-09, 4.38794556246e-11, 5.63056823388e-11],
        "max": [0.0104731488973, 0.0236226227134, 0.107531167567, 0.194725885987, 2.89725232124, 83.7712554932, 251.321746826, 401.460266113, 732.441589355, 682.704101562, 294.26852417, 13.3523550034, 114.277252197, 279.637512207, 91.7298049927, 43.233921051, 215.086746216, 2698.58837891, 473.114135742, 33.1007766724, 216.700637817, 233.615097046, 144.452285767, 76.838180542, 9.64765548706, 2.1683344841, 0.830767095089, 0.959629714489, 0.389934808016, 0.0574686303735, 0.0696117207408, 0.0413316711783, 0.0365868061781, 0.0185101106763, 0.0130157396197, 0.00508189899847, 0.00198243395425, 0.00051772914594, 7.67042729422e-05, 9.4975810498e-05],
        "mean": [0.00278311269358, 0.00827711913735, 0.0160936098546, 0.0214506387711, 0.0938223972917, 2.66444277763, 26.4118824005, 49.3288764954, 39.2097816467, 82.6598815918, 25.3386154175, 1.66945946217, 10.303396225, 39.4921798706, 8.66399097443, 5.44827651978, 40.4922599792, 157.821868896, 33.8109436035, 7.63205242157, 31.3523807526, 16.8408203125, 18.1860256195, 3.8976483345, 1.11945998669, 0.297449737787, 0.111394405365, 0.0994281023741, 0.0448241271079, 0.0111110266298, 0.0094245839864, 0.00539188180119, 0.00178091402631, 0.00119519291911, 0.000957674579695, 0.000515340187121, 0.000191542800167, 3.66094718629e-05, 1.14336799015e-05, 2.26403153647e-05],
        "median": [0.00247814785689, 0.00767249288037, 0.012455323711, 0.0160914603621, 0.0173944849521, 0.0686720237136, 0.120732210577, 2.03973698616, 10.2483997345, 11.1109275818, 0.595304965973, 0.642493605614, 0.526463747025, 4.52117156982, 5.16211891174, 2.82665491104, 24.4971618652, 7.97616672516, 5.17569446564, 6.97440624237, 9.17374515533, 9.22223377228, 5.63289737701, 1.7294511795, 0.462062239647, 0.145863831043, 0.0572363808751, 0.03131538257, 0.0213529448956, 0.00850006565452, 0.00756077980623, 0.00310691306368, 0.00135133671574, 0.000924457213841, 0.000697780749761, 0.000407628424, 0.000171439227415, 3.3483011066e-05, 8.97005065781e-06, 1.66271165654e-05],
        "min": [8.15543726301e-12, 3.05474742723e-11, 5.27797597294e-11, 4.84935251677e-11, 2.50326495643e-11, 1.20576161902e-11, 5.01294873667e-11, 8.11127762179e-11, 8.62097060406e-11, 2.56373755558e-10, 6.63434140957e-10, 5.80793191318e-10, 6.52749243546e-10, 7.80355946528e-10, 2.14152984235e-09, 1.57827440006e-09, 9.60138746287e-10, 3.43214012766e-10, 9.44088029975e-10, 9.92371518294e-10, 7.26306736976e-10, 1.39261291388e-09, 2.00636773862e-09, 5.47530953909e-09, 4.68679539622e-09, 4.67570782092e-09, 2.58367838235e-09, 7.67568053561e-09, 3.41187433861e-09, 1.66969227333e-09, 4.35362501605e-09, 3.46892425895e-09, 4.5022692241e-09, 2.63523691757e-09, 2.69389532903e-09, 1.59967983304e-09, 6.48581133245e-10, 2.24921622993e-10, 3.79640173465e-11, 5.76606384167e-12],
        "stdev": [0.00180729886051, 0.00385301699862, 0.0131460269913, 0.0193118564785, 0.269012212753, 8.63496017456, 54.156085968, 90.2813796997, 85.9213790894, 154.230300903, 63.6274299622, 2.30787849426, 20.4634113312, 75.7864074707, 10.5912284851, 6.85385322571, 47.9705696106, 398.354553223, 70.5061569214, 7.2412276268, 53.8693885803, 25.9729537964, 32.0397949219, 7.73989152908, 1.6969909668, 0.374908208847, 0.136908397079, 0.150727048516, 0.061713475734, 0.00954335555434, 0.00868368055671, 0.00588925043121, 0.00203614286147, 0.00119177100714, 0.00102861749474, 0.000434674991993, 0.000117135212349, 2.51360434049e-05, 8.96583696886e-06, 1.92596635316e-05],
        "var": [3.26632925862e-06, 1.48457393152e-05, 0.000172818035935, 0.000372947833966, 0.0723675638437, 74.562538147, 2932.88183594, 8150.72705078, 7382.48339844, 23786.9863281, 4048.44995117, 5.32630300522, 418.751220703, 5743.57910156, 112.174125671, 46.9753036499, 2301.17553711, 158686.34375, 4971.11767578, 52.4353752136, 2901.91113281, 674.594299316, 1026.54833984, 59.9059181213, 2.87977814674, 0.140556156635, 0.0187439080328, 0.0227186437696, 0.00380855309777, 9.10756352823e-05, 7.54063148634e-05, 3.46832712239e-05, 4.14587793784e-06, 1.42031819905e-06, 1.05805406747e-06, 1.88942337331e-07, 1.37206574991e-08, 6.31820651353e-10, 8.03862323928e-11, 3.70934616356e-10]
    },
    "gfcc": {
        "mean": [-147.955032349, 124.069854736, -168.275726318, -12.9694013596, -25.1309089661, -14.6244049072, -40.0023460388, 2.96959233284, -3.87720632553, 13.1410713196, 12.1222715378, 16.7847957611, -5.07370853424],
        "cov": [[5409.23193359, 762.145751953, -2198.64477539, -514.331604004, 221.206237793, -434.27444458, -144.741134644, -224.209457397, 246.00428772, 14.2826137543, 169.09197998, -52.2023735046, 15.3115949631], [762.145751953, 330.980163574, -132.729598999, -102.872741699, -13.0107402802, -77.3349380493, -88.6645202637, -170.409057617, -113.152786255, -111.631698608, 28.7696418762, 122.496101379, 149.341934204], [-2198.64477539, -132.729598999, 1667.72473145, 478.546081543, -242.77166748, 176.682525635, -160.256164551, -289.038482666, -405.842468262, -66.7274093628, -130.401412964, 132.560623169, 256.49810791], [-514.331604004, -102.872741699, 478.546081543, 395.341644287, -27.0797195435, 0.977950394154, -130.988128662, -234.014175415, -240.86756897, -75.0441970825, -98.1106567383, 88.1423034668, 194.2525177], [221.206237793, -13.0107402802, -242.77166748, -27.0797195435, 141.170547485, 5.38123321533, -7.19872093201, 37.5898208618, 33.7471084595, 2.83940649033, 47.1361541748, 6.44318151474, -23.3502922058], [-434.27444458, -77.3349380493, 176.682525635, 0.977950394154, 5.38123321533, 190.836181641, 117.100730896, 57.0160827637, -52.8710212708, -49.9599914551, -73.5424957275, -19.7163181305, -21.6001529694], [-144.741134644, -88.6645202637, -160.256164551, -130.988128662, -7.19872093201, 117.100730896, 278.623596191, 265.283782959, 150.735443115, 19.0818252563, -63.8421669006, -149.119415283, -212.418197632], [-224.209457397, -170.409057617, -289.038482666, -234.014175415, 37.5898208618, 57.0160827637, 265.283782959, 667.31427002, 435.226470947, 143.913314819, 36.1810417175, -183.503921509, -456.858184814], [246.00428772, -113.152786255, -405.842468262, -240.86756897, 33.7471084595, -52.8710212708, 150.735443115, 435.226470947, 489.389434814, 295.55557251, 82.288734436, -301.689300537, -416.289642334], [14.2826137543, -111.631698608, -66.7274093628, -75.0441970825, 2.83940649033, -49.9599914551, 19.0818252563, 143.913314819, 295.55557251, 380.368896484, 122.810890198, -303.860931396, -278.589599609], [169.09197998, 28.7696418762, -130.401412964, -98.1106567383, 47.1361541748, -73.5424957275, -63.8421669006, 36.1810417175, 82.288734436, 122.810890198, 240.074493408, 78.8062133789, -51.5180130005], [-52.2023735046, 122.496101379, 132.560623169, 88.1423034668, 6.44318151474, -19.7163181305, -149.119415283, -183.503921509, -301.689300537, -303.860931396, 78.8062133789, 564.099609375, 396.039123535], [15.3115949631, 149.341934204, 256.49810791, 194.2525177, -23.3502922058, -21.6001529694, -212.418197632, -456.858184814, -416.289642334, -278.589599609, -51.5180130005, 396.039123535, 542.635559082]],
        "icov": [[0.00116049754433, -0.00269394926727, 0.00212904484943, -0.00178136152681, 0.00153586198576, -0.00161733315326, 0.00111746101175, 0.00054495013319, -0.000897147459909, -0.000354775489541, -2.65840972133e-05, -0.000111656525405, 0.000446508696768], [-0.00269394926727, 0.0131786558777, -0.00527854822576, 0.0088931908831, -0.00376545079052, 0.00727565167472, -0.00176123692654, -6.12472504145e-05, 0.00432656891644, 0.00199873023666, 0.000882167485543, 0.000238717722823, -0.000598000362515], [0.00212904484943, -0.00527854822576, 0.00648367311805, -0.0058131320402, 0.00745184905827, -0.00701212370768, 0.00459927134216, -0.000444180594059, -0.000439187220763, -0.00124900217634, -0.00127905793488, 0.000398681208026, 0.000486294215079], [-0.00178136152681, 0.0088931908831, -0.0058131320402, 0.0144089031965, -0.00830186530948, 0.0105056734756, -0.00206953240559, -3.15608631354e-05, 0.00834588892758, -0.00450556864962, 0.00818365905434, -0.00344589003362, 0.00179808412213], [0.00153586198576, -0.00376545079052, 0.00745184905827, -0.00830186530948, 0.0198578722775, -0.0124697079882, 0.00794972945005, -0.00182184064761, -0.0031503692735, 0.00439369026572, -0.00835718680173, 0.00451513612643, -0.00187117408495], [-0.00161733315326, 0.00727565167472, -0.00701212370768, 0.0105056734756, -0.0124697079882, 0.0222346875817, -0.010343382135, -0.00113203225192, 0.0099585596472, -0.00488756271079, 0.00770439766347, -0.00297519983724, 0.000976860988885], [0.00111746101175, -0.00176123692654, 0.00459927134216, -0.00206953240559, 0.00794972945005, -0.010343382135, 0.0146723398939, -0.00265517062508, -0.000688804779202, 0.00235842471011, -0.000813155900687, 0.0023701612372, 0.00133384356741], [0.00054495013319, -6.12472504145e-05, -0.000444180594059, -3.15608631354e-05, -0.00182184064761, -0.00113203225192, -0.00265517062508, 0.0123715139925, -0.010153205134, 0.00330089312047, 0.00240398058668, -0.006245163735, 0.00816752854735], [-0.000897147459909, 0.00432656891644, -0.000439187220763, 0.00834588892758, -0.0031503692735, 0.0099585596472, -0.000688804779202, -0.010153205134, 0.0255495533347, -0.0144711695611, 0.00788043532521, -0.00174056249671, 0.00168714812025], [-0.000354775489541, 0.00199873023666, -0.00124900217634, -0.00450556864962, 0.00439369026572, -0.00488756271079, 0.00235842471011, 0.00330089312047, -0.0144711695611, 0.0230827350169, -0.0163675285876, 0.0118744457141, -0.00411141291261], [-2.65840972133e-05, 0.000882167485543, -0.00127905793488, 0.00818365905434, -0.00835718680173, 0.00770439766347, -0.000813155900687, 0.00240398058668, 0.00788043532521, -0.0163675285876, 0.0227928068489, -0.0148664182052, 0.00974228139967], [-0.000111656525405, 0.000238717722823, 0.000398681208026, -0.00344589003362, 0.00451513612643, -0.00297519983724, 0.0023701612372, -0.006245163735, -0.00174056249671, 0.0118744457141, -0.0148664182052, 0.0165759455413, -0.0120199369267], [0.000446508696768, -0.000598000362515, 0.000486294215079, 0.00179808412213, -0.00187117408495, 0.000976860988885, 0.00133384356741, 0.00816752854735, 0.00168714812025, -0.00411141291261, 0.00974228139967, -0.0120199369267, 0.0173593685031]]
    },
    "melbands": {
        "dmean": [1.35277305162e-05, 4.30908630733e-06, 2.31169974541e-06, 2.12147824641e-05, 0.000125670907437, 0.000170841914951, 0.000221139911446, 0.000155985777383, 2.02523824555e-05, 1.68634971942e-06, 9.58823966357e-06, 2.69227075478e-05, 9.25923995965e-06, 2.56157932199e-06, 1.03425782072e-05, 1.36857988764e-05, 6.41562583041e-05, 1.36781854962e-05, 1.44873831687e-06, 3.57066710421e-06, 7.16405929779e-06, 4.91011769554e-06, 3.90411469198e-06, 2.11558131014e-06, 1.15779459975e-06, 2.94402411782e-07, 1.81891351758e-07, 5.00887651356e-08, 2.00572873865e-08, 3.27840901093e-08, 2.71649138739e-08, 1.28195924987e-08, 4.36078151367e-09, 1.82208337307e-09, 2.16297713074e-09, 1.90781035414e-09, 9.98824800647e-10, 5.21174936541e-10, 5.59093438213e-10, 4.00218858054e-10],
        "dmean2": [2.12815357372e-05, 7.41656685932e-06, 4.10178381571e-06, 2.36545638472e-05, 0.000152320310008, 0.000212172904867, 0.000295297475532, 0.000196551933186, 2.40070658037e-05, 2.39520522882e-06, 1.10939345177e-05, 2.52829322562e-05, 1.19750548038e-05, 3.33496041094e-06, 1.25326569105e-05, 1.67491252796e-05, 6.57155760564e-05, 1.60114232131e-05, 1.96007863451e-06, 4.20467267759e-06, 9.17318448046e-06, 6.41052702122e-06, 5.16216323376e-06, 2.63892775365e-06, 1.46147453961e-06, 3.90608562384e-07, 2.53183202403e-07, 7.45841077787e-08, 2.76974283508e-08, 4.59645370654e-08, 3.70509845027e-08, 1.76791452589e-08, 6.15592288256e-09, 2.74545119971e-09, 3.26705107412e-09, 2.77485123767e-09, 1.51414192295e-09, 8.88151663325e-10, 9.53111145563e-10, 6.80591305535e-10],
        "dvar": [9.00687302519e-11, 1.63671541598e-11, 7.58936490042e-12, 9.13116249279e-09, 1.488013055e-07, 3.36987369565e-07, 6.61274896174e-07, 2.21088356511e-07, 8.00001931367e-09, 4.38826058824e-11, 7.57542251151e-10, 4.84695661385e-09, 7.7609735305e-10, 4.97376410891e-11, 6.6635680307e-10, 1.03732189505e-09, 8.03695385798e-08, 1.8681203251e-09, 1.21898879879e-11, 5.39984168491e-11, 2.65297894764e-10, 2.86005996664e-10, 4.82382397915e-11, 2.55546139805e-11, 1.49061613747e-11, 4.14703048377e-13, 1.2241981517e-13, 6.44722515934e-15, 9.83810662907e-16, 3.19440455431e-15, 3.0885614348e-15, 5.60836502124e-16, 4.94254081024e-17, 6.42355624638e-18, 8.9758054828e-18, 9.87775412374e-18, 3.90077407851e-18, 1.79873257293e-18, 5.05500453448e-18, 5.52560216402e-19],
        "dvar2": [2.24301868745e-10, 4.38411321135e-11, 2.23333070787e-11, 1.53785126855e-08, 1.85205649927e-07, 5.23630944826e-07, 1.27600219457e-06, 2.88291317929e-07, 9.97475435582e-09, 9.68335273077e-11, 1.148535822e-09, 3.91684640277e-09, 1.34356892278e-09, 1.11458224594e-10, 1.11018527704e-09, 1.58497426295e-09, 7.21052728636e-08, 1.85540005582e-09, 2.05828010885e-11, 5.71332252342e-11, 4.01380539916e-10, 4.07094358224e-10, 6.87885651218e-11, 3.26676359574e-11, 1.85815252074e-11, 7.80990831901e-13, 2.5773003523e-13, 1.34018510062e-14, 1.66273785156e-15, 7.19526621309e-15, 6.13642801869e-15, 1.02615680456e-15, 8.86093871617e-17, 1.43157567811e-17, 1.84640179222e-17, 1.81052713449e-17, 9.08231987592e-18, 4.66292547362e-18, 1.39954195084e-17, 1.38474677093e-18],
        "max": [7.43878481444e-05, 4.16828115704e-05, 2.82226064883e-05, 0.00261287763715, 0.00729490770027, 0.00941341556609, 0.0117203593254, 0.00867242831737, 0.00167665397748, 0.000147003142047, 0.000551015196834, 0.00125495926477, 0.000501594797242, 9.32134789764e-05, 0.00037636604975, 0.000633674964774, 0.00615860149264, 0.000912920047995, 3.74854462279e-05, 0.000129249237943, 0.00023292232072, 0.00034194678301, 0.000117694107757, 7.28537270334e-05, 6.38538404019e-05, 7.18384580978e-06, 5.59787031307e-06, 1.34942513341e-06, 6.52371113574e-07, 5.82743609812e-07, 6.57931025216e-07, 2.52539990697e-07, 8.51049506423e-08, 2.76266440835e-08, 5.12521047824e-08, 3.94578272278e-08, 2.49173179867e-08, 2.1658706828e-08, 3.43428396832e-08, 9.19633258434e-09],
        "mean": [2.24700506806e-05, 8.6733198259e-06, 3.37263509209e-06, 6.80010343785e-05, 0.000810274505056, 0.00109079608228, 0.000609805458225, 0.00095309590688, 0.000136017959449, 6.6945153776e-06, 5.7611385273e-05, 0.000173257416463, 2.95742174785e-05, 6.27416557109e-06, 5.09608653374e-05, 6.94412228768e-05, 0.000351250491804, 6.46836633678e-05, 3.81062045562e-06, 2.30964269576e-05, 3.58548531949e-05, 1.73115204234e-05, 1.98447305593e-05, 9.40079371503e-06, 2.65929611487e-06, 7.36346123631e-07, 5.06589856286e-07, 1.42499018807e-07, 6.73282229968e-08, 6.94234785215e-08, 5.67827349585e-08, 2.77139342586e-08, 9.85967130163e-09, 4.80075534881e-09, 5.87068571534e-09, 4.50986314959e-09, 2.53062615307e-09, 1.14970699627e-09, 1.06589015392e-09, 9.49636258518e-10],
        "median": [2.04196167033e-05, 7.55738028602e-06, 2.57878923549e-06, 1.05208846435e-06, 1.20768891065e-06, 3.22844207403e-05, 6.99841621099e-05, 8.66896443767e-05, 4.94015012009e-07, 2.56426687884e-07, 6.8849925583e-07, 9.27704058995e-06, 1.21095736176e-05, 5.46035892057e-07, 7.83470295573e-06, 2.50203174801e-05, 3.22275127473e-06, 8.29215059639e-06, 1.43876729908e-06, 5.71219652556e-06, 8.69793166203e-06, 7.11223901817e-06, 8.22089077701e-06, 2.01208899853e-06, 5.78243657401e-07, 2.60754831061e-07, 1.84118007951e-07, 5.72652112396e-08, 3.00252906982e-08, 2.23606608785e-08, 1.42428335792e-08, 1.31726842767e-08, 5.5898943252e-09, 3.27177285264e-09, 3.94397092762e-09, 2.33220287527e-09, 1.47433498743e-09, 8.80435113704e-10, 7.66937957586e-10, 7.61799734406e-10],
        "min": [7.05888255834e-14, 3.10009620242e-14, 7.71593482466e-15, 1.08600021167e-15, 1.49766722376e-15, 1.82164430296e-15, 1.32077508652e-15, 3.48813059295e-15, 5.3862596417e-15, 3.68045598813e-15, 3.18062121068e-15, 2.72576578855e-15, 6.75898452943e-15, 5.85281809454e-15, 2.16784572674e-15, 1.97057683552e-15, 4.10311865254e-16, 1.40147795052e-15, 1.56584204695e-15, 1.11711109655e-15, 8.00963089951e-16, 1.11675407216e-15, 2.27117358191e-15, 1.32020238637e-15, 4.95420168783e-15, 4.16378103464e-15, 3.25269609119e-15, 2.98270942145e-15, 9.77648180578e-16, 2.88003844033e-15, 4.95121759076e-15, 1.72022873055e-15, 1.41449112944e-15, 7.61940705587e-16, 2.7858691289e-15, 1.97945649367e-15, 2.12843328371e-15, 3.67407910058e-15, 2.04940468621e-15, 2.27789881175e-15],
        "stdev": [1.17583849715e-05, 5.10600511916e-06, 2.95638074022e-06, 0.000266269489657, 0.00158305990044, 0.00208969274536, 0.00136260490399, 0.0019563017413, 0.000355739204679, 1.79225771717e-05, 0.000111302135338, 0.000343633262673, 4.71312705486e-05, 1.11263098006e-05, 8.77333732205e-05, 0.000103293481516, 0.000912637682632, 0.000141354918014, 5.79430025027e-06, 3.35798104061e-05, 5.85681482335e-05, 3.74544797523e-05, 2.63739457296e-05, 1.70972562046e-05, 6.53168535791e-06, 1.13490489184e-06, 8.77851960013e-07, 2.19804192625e-07, 1.03279553798e-07, 1.04010119628e-07, 9.990176153e-08, 4.23743813371e-08, 1.25678623064e-08, 4.31008784219e-09, 6.08007777458e-09, 5.37025979241e-09, 2.75519451698e-09, 1.25019994357e-09, 1.85749160497e-09, 7.66859409307e-10],
