{
"lowlevel": {
    "average_loudness": 0.451159536839,
    "barkbands_crest": {
        "dmean": 2.2904958725,
        "dmean2": 3.77520394325,
        "dvar": 4.78281402588,
        "dvar2": 11.9583826065,
        "max": 24.2596740723,
        "mean": 8.68111419678,
        "median": 7.96872615814,
        "min": 3.45923924446,
        "stdev": 3.15784955025,
        "var": 9.97201347351
    },
    "barkbands_flatness_db": {
        "dmean": 0.0236671511084,
        "dmean2": 0.0368772819638,
        "dvar": 0.000690218934324,
        "dvar2": 0.00150006462354,
        "max": 0.431170523167,
        "mean": 0.247903302312,
        "median": 0.233465760946,
        "min": 0.0661261454225,
        "stdev": 0.0555045194924,
        "var": 0.00308075174689
    },
    "barkbands_kurtosis": {
        "dmean": 1.20393574238,
        "dmean2": 1.96214044094,
        "dvar": 3.30403447151,
        "dvar2": 7.94940090179,
        "max": 21.6618881226,
        "mean": 0.870254874229,
        "median": 0.32465171814,
        "min": -1.71849417686,
        "stdev": 2.33755469322,
        "var": 5.46416187286
    },
    "barkbands_skewness": {
        "dmean": 0.393121182919,
        "dmean2": 0.619550526142,
        "dvar": 0.214240595698,
        "dvar2": 0.455712527037,
        "max": 2.69509577751,
        "mean": 0.436576068401,
        "median": 0.708000659943,
        "min": -4.5108332634,
        "stdev": 1.00904643536,
        "var": 1.01817476749
    },
    "barkbands_spread": {
        "dmean": 2.22405838966,
        "dmean2": 3.53061366081,
        "dvar": 21.62408638,
        "dvar2": 38.0404396057,
        "max": 124.644432068,
        "mean": 10.466714859,
        "median": 9.90097236633,
        "min": 1.12812900543,
        "stdev": 8.73442268372,
        "var": 76.290145874
    },
    "dissonance": {
        "dmean": 0.00725548854098,
        "dmean2": 0.0130322258919,
        "dvar": 0.000106006133137,
        "dvar2": 0.000299528532196,
        "max": 0.500000059605,
        "mean": 0.493893742561,
        "median": 0.498079568148,
        "min": 0.419750571251,
        "stdev": 0.00975153967738,
        "var": 9.509253141e-05
    },
    "dynamic_complexity": 13.85542202,
    "erbbands_crest": {
        "dmean": 2.69790029526,
        "dmean2": 4.46221017838,
        "dvar": 7.74942970276,
        "dvar2": 19.2873668671,
        "max": 30.9153804779,
        "mean": 10.2300281525,
        "median": 9.34725761414,
        "min": 2.88215732574,
        "stdev": 4.05884170532,
        "var": 16.4741954803
    },
    "erbbands_flatness_db": {
        "dmean": 0.0229538101703,
        "dmean2": 0.0356196835637,
        "dvar": 0.000690451299306,
        "dvar2": 0.00145070103463,
        "max": 0.53589951992,
        "mean": 0.362390965223,
        "median": 0.349584698677,
        "min": 0.0823990181088,
        "stdev": 0.058306157589,
        "var": 0.00339960795827
    },
    "erbbands_kurtosis": {
        "dmean": 1.19083738327,
        "dmean2": 1.89917612076,
        "dvar": 3.01813387871,
        "dvar2": 6.85404205322,
        "max": 17.1440658569,
        "mean": 0.912145256996,
        "median": 0.334601640701,
        "min": -1.6825594902,
        "stdev": 2.42631864548,
        "var": 5.88702249527
    },
    "erbbands_skewness": {
        "dmean": 0.371554553509,
        "dmean2": 0.581463575363,
        "dvar": 0.185640141368,
        "dvar2": 0.396994173527,
        "max": 2.79896378517,
        "mean": 0.477843284607,
        "median": 0.729906916618,
        "min": -3.39394044876,
        "stdev": 0.976978898048,
        "var": 0.954487800598
    },
    "erbbands_spread": {
        "dmean": 3.03686475754,
        "dmean2": 4.8033041954,
        "dvar": 9.69116401672,
        "dvar2": 20.983839035,
        "max": 43.635925293,
        "mean": 15.6222190857,
        "median": 15.8149185181,
        "min": 1.67492425442,
        "stdev": 7.01375198364,
        "var": 49.1927185059
    },
    "hfc": {
        "dmean": 8.72273921967,
        "dmean2": 13.9531011581,
        "dvar": 320.277709961,
        "dvar2": 703.737548828,
        "max": 124.54776001,
        "mean": 12.1699323654,
        "median": 0.25685107708,
        "min": 4.28755674875e-06,
        "stdev": 23.3990840912,
        "var": 547.517150879
    },
    "loudness_ebu128": {
        "integrated": -19.9256401062,
        "loudness_range": 6.28939437866,
        "momentary": {
            "dmean": 2.6681098938,
            "dmean2": 3.21430468559,
            "dvar": 18.194475174,
            "dvar2": 20.1993675232,
            "max": -14.3520698547,
            "mean": -30.5487804413,
            "median": -24.6648597717,
            "min": -57.3725891113,
            "stdev": 12.8699522018,
            "var": 165.635665894
        },
        "short_term": {
            "dmean": 0.203196465969,
            "dmean2": 0.216739729047,
            "dvar": 0.0585460066795,
            "dvar2": 0.0551406666636,
            "max": -18.4650745392,
            "mean": -22.1556186676,
            "median": -22.4170913696,
            "min": -26.017534256,
            "stdev": 2.07749581337,
            "var": 4.31598901749
        }
    },
    "melbands_crest": {
        "dmean": 2.7387804985,
        "dmean2": 4.51975011826,
        "dvar": 6.96315908432,
        "dvar2": 18.1408786774,
        "max": 31.2738189697,
        "mean": 10.0332040787,
        "median": 9.31363773346,
        "min": 2.89729619026,
        "stdev": 3.53459906578,
        "var": 12.493391037
    },
    "melbands_flatness_db": {
        "dmean": 0.0210591927171,
        "dmean2": 0.0327665694058,
        "dvar": 0.000462593889097,
        "dvar2": 0.0010067387484,
        "max": 0.353206813335,
        "mean": 0.196149066091,
        "median": 0.184871017933,
        "min": 0.0216577965766,
        "stdev": 0.0500578023493,
        "var": 0.00250578369014
    },
    "melbands_kurtosis": {
        "dmean": 1.57564520836,
        "dmean2": 2.55682349205,
        "dvar": 3.27131342888,
        "dvar2": 7.73502206802,
        "max": 18.8069458008,
        "mean": 2.7126352787,
        "median": 2.35939145088,
        "min": -1.70333325863,
        "stdev": 2.97930002213,
        "var": 8.87622928619
    },
    "melbands_skewness": {
        "dmean": 0.411512076855,
        "dmean2": 0.644889116287,
        "dvar": 0.20280200243,
        "dvar2": 0.432804495096,
        "max": 3.21750855446,
        "mean": 1.10933125019,
        "median": 1.31483435631,
        "min": -2.86179590225,
        "stdev": 0.983449757099,
        "var": 0.967173397541
    },
    "melbands_spread": {
        "dmean": 5.42909097672,
        "dmean2": 8.76919460297,
        "dvar": 80.5767288208,
        "dvar2": 169.877319336,
        "max": 168.459945679,
        "mean": 23.1554794312,
        "median": 19.2676048279,
        "min": 4.0620932579,
        "stdev": 16.353094101,
        "var": 267.423675537
    },
    "pitch_salience": {
        "dmean": 0.0582279674709,
        "dmean2": 0.0973041728139,
        "dvar": 0.00324170477688,
        "dvar2": 0.00807290431112,
        "max": 0.94655585289,
        "mean": 0.741911113262,
        "median": 0.757723629475,
        "min": 0.238883629441,
        "stdev": 0.0813848599792,
        "var": 0.00662349537015
    },
    "silence_rate_20dB": {
        "dmean": 0,
        "dmean2": 0,
        "dvar": 0,
        "dvar2": 0,
        "max": 1,
        "mean": 1,
        "median": 1,
        "min": 1,
        "stdev": 0,
        "var": 0
    },
    "silence_rate_30dB": {
        "dmean": 0,
        "dmean2": 0,
        "dvar": 0,
        "dvar2": 0,
        "max": 1,
        "mean": 1,
        "median": 1,
        "min": 1,
        "stdev": 0,
        "var": 0
    },
    "silence_rate_60dB": {
        "dmean": 0.114494517446,
        "dmean2": 0.229268297553,
        "dvar": 0.101384460926,
        "dvar2": 0.198656648397,
        "max": 1,
        "mean": 0.672749400139,
        "median": 1,
        "min": 0,
        "stdev": 0.469208329916,
        "var": 0.220156461
    },
    "spectral_centroid": {
        "dmean": 251.166503906,
        "dmean2": 386.39956665,
        "dvar": 147661.109375,
        "dvar2": 233869.4375,
        "max": 11429.1494141,
        "mean": 2713.89404297,
        "median": 2573.19287109,
        "min": 1541.26342773,
        "stdev": 666.512939453,
        "var": 444239.5
    },
    "spectral_complexity": {
        "dmean": 3.97563958168,
        "dmean2": 5.72682905197,
        "dvar": 43.6049079895,
        "dvar2": 76.4328384399,
        "max": 44,
        "mean": 7.42579078674,
        "median": 0,
        "min": 0,
        "stdev": 11.164232254,
        "var": 124.640075684
    },
    "spectral_decrease": {
        "dmean": 9.04663344237e-10,
        "dmean2": 1.43435485711e-09,
        "dvar": 3.78126219643e-18,
        "dvar2": 7.90203819375e-18,
        "max": -3.35534466564e-17,
        "mean": -1.23386412199e-09,
        "median": -2.6723788113e-11,
        "min": -1.49590846377e-08,
        "stdev": 2.62439026066e-09,
        "var": 6.88742383106e-18
    },
    "spectral_energy": {
        "dmean": 0.00419582659379,
        "dmean2": 0.00666249543428,
        "dvar": 7.86161908763e-05,
        "dvar2": 0.000165330784512,
        "max": 0.0672196522355,
        "mean": 0.00576073536649,
        "median": 0.000127443126985,
        "min": 5.15532561085e-10,
        "stdev": 0.0119361039251,
        "var": 0.000142470584251
    },
    "spectral_energyband_high": {
        "dmean": 0.000460637296783,
        "dmean2": 0.00074491900159,
        "dvar": 1.19868741422e-06,
        "dvar2": 2.81308689409e-06,
        "max": 0.0101745901629,
        "mean": 0.000610218150541,
        "median": 9.25331369217e-06,
        "min": 3.06714265097e-10,
        "stdev": 0.00132835668046,
        "var": 1.76453136191e-06
    },
    "spectral_energyband_low": {
        "dmean": 7.34016452952e-07,
        "dmean2": 1.23457937207e-06,
        "dvar": 8.11808866658e-12,
        "dvar2": 1.95269824615e-11,
        "max": 3.52482384187e-05,
        "mean": 7.00048815361e-07,
        "median": 3.13446768541e-10,
        "min": 6.36149813382e-11,
        "stdev": 3.04469654111e-06,
        "var": 9.27017750757e-12
    },
    "spectral_energyband_middle_high": {
        "dmean": 0.00369597389363,
        "dmean2": 0.00582823297009,
        "dvar": 6.33701129118e-05,
        "dvar2": 0.000133239445859,
        "max": 0.0620276257396,
        "mean": 0.00489814532921,
        "median": 0.000102687263279,
        "min": 5.20535177462e-11,
        "stdev": 0.0106721492484,
        "var": 0.000113894762762
    },
    "spectral_energyband_middle_low": {
        "dmean": 0.000252986123087,
        "dmean2": 0.000405169295846,
        "dvar": 1.48152957991e-06,
        "dvar2": 3.17622811963e-06,
        "max": 0.0189980920404,
        "mean": 0.000276771752397,
        "median": 6.98789392573e-07,
        "min": 1.73710958812e-11,
        "stdev": 0.00149340985809,
        "var": 2.2302731395e-06
    },
    "spectral_entropy": {
        "dmean": 0.0997571051121,
        "dmean2": 0.156234070659,
        "dvar": 0.0171978715807,
        "dvar2": 0.0355359837413,
        "max": 9.79488945007,
        "mean": 7.68368148804,
        "median": 7.70020771027,
        "min": 6.2218708992,
        "stdev": 0.306803375483,
        "var": 0.0941283106804
    },
    "spectral_flux": {
        "dmean": 0.0203016493469,
        "dmean2": 0.0333450324833,
        "dvar": 0.000995994661935,
        "dvar2": 0.00230331672356,
        "max": 0.219956859946,
        "mean": 0.0381820462644,
        "median": 0.00982062611729,
        "min": 2.42613186856e-05,
        "stdev": 0.049903716892,
        "var": 0.00249038101174
    },
    "spectral_kurtosis": {
        "dmean": 3.28391003609,
        "dmean2": 5.84171390533,
        "dvar": 17.7226295471,
        "dvar2": 52.9112052917,
        "max": 34.5796699524,
        "mean": 4.85060834885,
        "median": 3.0116713047,
        "min": -1.21547842026,
        "stdev": 5.03051376343,
        "var": 25.3060684204
    },
    "spectral_rms": {
        "dmean": 0.000633126008324,
        "dmean2": 0.000934406823944,
        "dvar": 1.17868216876e-06,
        "dvar2": 2.2375388653e-06,
        "max": 0.00809815712273,
        "mean": 0.00142109114677,
        "median": 0.000352607341483,
        "min": 7.09195774107e-07,
        "stdev": 0.00189755973406,
        "var": 3.60073272532e-06
    },
    "spectral_rolloff": {
        "dmean": 563.324707031,
        "dmean2": 945.255310059,
        "dvar": 807555.1875,
        "dvar2": 1671861.25,
        "max": 18367.8222656,
        "mean": 3476.87963867,
        "median": 3273.046875,
        "min": 1313.52539062,
        "stdev": 1612.20739746,
        "var": 2599212.75
    },
    "spectral_skewness": {
        "dmean": 0.366762310266,
        "dmean2": 0.638087451458,
        "dvar": 0.183644935489,
        "dvar2": 0.526984333992,
        "max": 3.74962282181,
        "mean": 1.04080748558,
        "median": 0.93564581871,
        "min": -0.272092103958,
        "stdev": 0.565725386143,
        "var": 0.320045232773
    },
    "spectral_spread": {
        "dmean": 293014.90625,
        "dmean2": 443594.65625,
        "dvar": 1.47936024986e+12,
        "dvar2": 1.49204579123e+12,
        "max": 41448952,
        "mean": 2623115.75,
        "median": 2609071,
        "min": 943818.25,
        "stdev": 1619057.375,
        "var": 2.62134693888e+12
    },
    "spectral_strongpeak": {
        "dmean": 0.641904115677,
        "dmean2": 1.01453483105,
        "dvar": 1.43151247501,
        "dvar2": 3.56165289879,
        "max": 9.09542274475,
        "mean": 0.886337339878,
        "median": 0.178512781858,
        "min": 0,
        "stdev": 1.49404227734,
        "var": 2.23216247559
    },
    "zerocrossingrate": {
        "dmean": 0.00909654330462,
        "dmean2": 0.01072730124,
        "dvar": 0.000169911858393,
        "dvar2": 0.000216634987737,
        "max": 0.3115234375,
        "mean": 0.113773092628,
        "median": 0.105224609375,
        "min": 0.06103515625,
        "stdev": 0.0321160294116,
        "var": 0.00103143928573
    },
    "barkbands": {
        "dmean": [4.97205121519e-07, 3.63139122328e-07, 1.73429171468e-07, 1.80670923555e-07, 8.23008349471e-07, 1.41511532092e-06, 4.54266546512e-06, 3.99939526687e-05, 0.000188871286809, 0.000151483764057, 0.000396948569687, 0.000374497205485, 0.00074746547034, 0.000765583536122, 0.000840590510052, 0.000423074467108, 0.000178409638465, 0.000264042289928, 0.000389998807805, 0.000229890152696, 0.000274553371128, 7.37866794225e-05, 9.07757475943e-06, 2.64895015789e-06, 1.27258465454e-06, 2.08479818298e-07, 2.46885125676e-08],
        "dmean2": [8.94787262951e-07, 5.97300527261e-07, 3.0581773558e-07, 3.1780871268e-07, 1.37074380291e-06, 2.37170547734e-06, 7.43745476939e-06, 6.85541526764e-05, 0.000290572526865, 0.00026100044488, 0.000654356088489, 0.000601626990829, 0.00120311079081, 0.00122118217405, 0.00132865342312, 0.000681751756929, 0.000277231505606, 0.000418890325818, 0.000651451584417, 0.000375481380615, 0.000441315525677, 0.00011982779688, 1.42673125083e-05, 4.31367016063e-06, 2.11174892684e-06, 3.47187466332e-07, 3.97379480432e-08],
        "dvar": [8.24382662828e-12, 2.05696831096e-12, 5.69206791076e-13, 4.1925073439e-13, 7.3204203116e-12, 4.72622739556e-11, 4.69765282229e-10, 7.7267898746e-08, 1.0777106354e-06, 5.37419680313e-07, 2.4905743885e-06, 1.65444589584e-06, 5.63682442589e-06, 6.69023074806e-06, 5.13338272867e-06, 1.74576337031e-06, 5.36477728019e-07, 1.27021883145e-06, 1.95287248062e-06, 4.21744346113e-07, 5.30973863988e-07, 3.59224188173e-08, 5.50011369782e-10, 7.05380753807e-11, 1.60438450719e-11, 7.37318084192e-13, 3.41425237929e-15],
        "dvar2": [2.5070818685e-11, 4.93921830519e-12, 1.47341297149e-12, 1.04520678137e-12, 1.75179402234e-11, 1.10836957667e-10, 1.05789221827e-09, 2.07588939816e-07, 2.15422073779e-06, 1.44209036534e-06, 5.89922046856e-06, 3.95438564738e-06, 1.20135910038e-05, 1.55136531248e-05, 1.13218193292e-05, 4.12786221204e-06, 1.19619141969e-06, 3.23912354361e-06, 5.23592143509e-06, 1.04375203591e-06, 1.24278165003e-06, 8.61184616952e-08, 1.26181476379e-09, 1.66925417933e-10, 4.1491012015e-11, 2.01098014109e-12, 7.89844331974e-15],
        "max": [4.28301864304e-05, 2.31451576838e-05, 9.38562152442e-06, 7.30128977011e-06, 3.67750508303e-05, 0.000123555131722, 0.000361641257768, 0.00387460179627, 0.0188887454569, 0.0111888442189, 0.0207848399878, 0.0219787061214, 0.0326331555843, 0.0368861556053, 0.0238743275404, 0.0169271472842, 0.0146555444226, 0.0135270766914, 0.0209067370743, 0.0119982678443, 0.00720441015437, 0.00182009732816, 0.000423791789217, 0.000109210603114, 4.05056671298e-05, 1.16457958939e-05, 4.91020784921e-07],
        "mean": [4.35859703884e-07, 3.08924143155e-07, 1.28727961624e-07, 1.42259935387e-07, 6.73501801884e-07, 1.24069936192e-06, 3.87627324017e-06, 2.80632411886e-05, 0.000209958918276, 0.000128995845444, 0.000352160190232, 0.000378537981305, 0.000898582627997, 0.000850303913467, 0.00089520518668, 0.000451242754934, 0.000205303469556, 0.000257338862866, 0.000372017966583, 0.000273601093795, 0.000343257561326, 9.36107171583e-05, 1.15675611596e-05, 2.81913526123e-06, 1.14966974252e-06, 1.88444332139e-07, 3.29424274526e-08],
        "median": [6.93960500175e-10, 2.48382616558e-11, 2.28725875046e-11, 8.3861029232e-11, 8.43887737467e-10, 4.88878670879e-09, 2.50039100536e-08, 5.97917875211e-08, 3.84986293511e-07, 1.44434056892e-06, 4.7884182095e-06, 8.69568521011e-06, 8.02290469437e-06, 5.74202385906e-06, 6.11556970398e-06, 4.78031506645e-06, 2.43101771957e-06, 3.60348099093e-06, 5.6450548982e-06, 3.08399694404e-06, 4.25111693403e-06, 2.03956165024e-06, 3.90307860698e-07, 3.12277634862e-08, 4.7706247841e-09, 1.04361597142e-09, 1.04752373442e-09],
        "min": [3.06056777144e-11, 4.57321572105e-13, 3.1006165517e-13, 1.95539073757e-13, 2.20882210092e-12, 2.05460908703e-12, 1.13438306058e-12, 5.36035571399e-13, 3.00660023137e-13, 1.11695971482e-12, 1.01620057855e-12, 2.79080296199e-12, 2.8409614071e-12, 3.89205681572e-12, 3.02353780034e-12, 4.3154373304e-12, 1.00901127731e-11, 4.45435008323e-12, 1.31674332896e-11, 9.37772342419e-12, 1.42805342204e-11, 1.92857969178e-11, 2.84177542609e-11, 4.35902494655e-11, 5.1023577724e-11, 5.32304790524e-11, 8.69330787912e-11],
        "stdev": [2.72854572358e-06, 1.43322029089e-06, 6.53966878872e-07, 5.88172042626e-07, 2.56167209045e-06, 6.76058289173e-06, 2.16233038373e-05, 0.000229781187954, 0.00131072069053, 0.000670593406539, 0.00154157669749, 0.00129491800908, 0.00291078723967, 0.00299730873667, 0.0026795451995, 0.00147729471792, 0.000818178697955, 0.00106480915565, 0.00127954804339, 0.000806941243354, 0.000841838424094, 0.000230554287555, 3.1347379263e-05, 8.91450054041e-06, 3.65986852557e-06, 7.34025491056e-07, 7.29825160306e-08],
        "var": [7.44496131411e-12, 2.05412054553e-12, 4.27672654235e-13, 3.45946361835e-13, 6.56216357295e-12, 4.57054810665e-11, 4.67567262685e-10, 5.27993968547e-08, 1.71798876636e-06, 4.49695534144e-07, 2.37645872403e-06, 1.67681264429e-06, 8.47268256621e-06, 8.98385951587e-06, 7.17996272215e-06, 2.18239961214e-06, 6.69416408527e-07, 1.13381861411e-06, 1.6372432583e-06, 6.51154209663e-07, 7.08691914042e-07, 5.3155282842e-08, 9.82658177051e-10, 7.94683208127e-11, 1.33946369621e-11, 5.38793402255e-13, 5.32644725716e-15]
    },
    "erbbands": {
        "dmean": [1.77501533472e-05, 5.82604698138e-05, 0.000181118652108, 0.000428222672781, 0.00118244148325, 0.00314818322659, 0.00701132463291, 0.0136042293161, 0.0286424476653, 0.283699899912, 1.35008788109, 4.10480880737, 4.57805490494, 8.78757953644, 14.2445487976, 19.0521583557, 30.5321063995, 41.046497345, 37.9350395203, 37.5140037537, 16.7863407135, 10.2738027573, 12.9972610474, 21.4384555817, 13.7956447601, 11.0575752258, 11.6800355911, 9.97030448914, 2.96614909172, 0.776317596436, 0.198977008462, 0.0713513419032, 0.0389893054962, 0.0182107798755, 0.00701754586771, 0.00169423827901, 0.000251796125667, 4.00093813369e-05, 7.31757972972e-06, 6.05840386925e-06],
        "dmean2": [2.9179487683e-05, 9.83689678833e-05, 0.00031252761255, 0.000761606846936, 0.00198526564054, 0.00532396929339, 0.0116616180167, 0.0229575298727, 0.0485203377903, 0.469923406839, 2.31925368309, 6.67230319977, 7.53050279617, 14.4143266678, 23.6838989258, 29.8848819733, 49.0585517883, 62.7043647766, 62.8211402893, 58.1082954407, 27.0700149536, 15.7909946442, 20.2523612976, 36.5853614807, 22.6278877258, 17.8787403107, 18.5870418549, 16.3468589783, 4.76391792297, 1.22084450722, 0.313438862562, 0.11344563216, 0.0643434375525, 0.0300425738096, 0.0117371538654, 0.00285744387656, 0.000412892346503, 6.46517510177e-05, 1.14075501187e-05, 9.66940478975e-06],
        "dvar": [6.28562535354e-09, 4.76797836768e-08, 5.75497892896e-07, 2.91627634397e-06, 1.28300771394e-05, 0.000140479241963, 0.000801538059022, 0.00465327734128, 0.014267954044, 2.93601512909, 80.2171325684, 622.414306641, 579.208312988, 2286.85913086, 1907.35205078, 4313.75927734, 10274.7597656, 20204.1269531, 10784.0458984, 10666.6748047, 2337.22387695, 1814.20446777, 2763.62792969, 8668.640625, 1664.75061035, 1093.83984375, 1054.57214355, 880.666320801, 55.7383537292, 3.92141151428, 0.281216949224, 0.0674717649817, 0.0123922079802, 0.00242337654345, 0.000768872385379, 5.33532474947e-05, 8.43351699586e-07, 1.14739169277e-08, 2.45840486857e-10, 1.56991183942e-10],
        "dvar2": [1.52829855438e-08, 1.19478841043e-07, 1.49704953856e-06, 7.18137516742e-06, 3.2338033634e-05, 0.000336740049534, 0.00201755552553, 0.0108890924603, 0.0354092009366, 7.85970687866, 215.866775513, 1345.7902832, 1537.43457031, 4781.60449219, 4770.21826172, 10026.9931641, 21751.7382812, 44273.2734375, 25508.6953125, 23749.6855469, 5447.15966797, 3934.01855469, 7002.35253906, 23688.0722656, 4083.36962891, 2696.21704102, 2422.83007812, 2258.40014648, 134.287445068, 8.97221279144, 0.669479370117, 0.170731201768, 0.0278121381998, 0.00602521374822, 0.00205569574609, 0.000146224803757, 2.21545724344e-06, 2.76594693815e-08, 5.62632662682e-10, 3.34466149221e-10],
        "max": [0.00147876993287, 0.00232939887792, 0.0082137780264, 0.0214353241026, 0.0315666683018, 0.178747296333, 0.40152618289, 1.19251596928, 1.26592612267, 28.4818534851, 149.461364746, 491.130859375, 451.687896729, 765.172546387, 503.788085938, 1239.87438965, 1594.0645752, 2350.9128418, 1001.39819336, 1156.60424805, 512.596801758, 902.958374023, 725.776916504, 1436.33129883, 402.493011475, 713.842529297, 353.558532715, 447.966888428, 70.3201217651, 26.6812362671, 9.17790222168, 4.4309425354, 1.62407946587, 0.44636926055, 0.327242851257, 0.0952177271247, 0.0105533571914, 0.0011646860512, 0.000136775823194, 9.32631737669e-05],
        "mean": [1.51030699271e-05, 4.93450097565e-05, 0.000136595015647, 0.000342198851286, 0.000941983540542, 0.00260285916738, 0.00569598888978, 0.0120314834639, 0.0266106761992, 0.216262236238, 1.02822995186, 4.60552883148, 4.37890577316, 8.55473899841, 13.4894123077, 19.3156642914, 37.9075508118, 49.6300849915, 41.0369186401, 40.257270813, 19.4759693146, 12.4259366989, 13.9805860519, 18.5645580292, 15.5704202652, 13.3040313721, 14.0564088821, 12.3524780273, 3.96265220642, 1.01185691357, 0.25154325366, 0.0833538472652, 0.040080640465, 0.0171656738967, 0.00611923215911, 0.00147238734644, 0.000239941728069, 5.00521164213e-05, 1.05951821752e-05, 8.45684098749e-06],
        "median": [3.00633296035e-09, 5.33439159511e-09, 2.62924828576e-08, 1.78904812742e-07, 1.16432431696e-06, 3.34500691679e-06, 1.5071245798e-05, 5.00101887155e-05, 0.000220806745347, 0.000761335599236, 0.00208896817639, 0.00862525589764, 0.0273744761944, 0.111910127103, 0.290045499802, 0.37839487195, 0.406121253967, 0.394345015287, 0.285149276257, 0.384165406227, 0.226664572954, 0.171543717384, 0.197144001722, 0.355899304152, 0.203002765775, 0.158161520958, 0.14077731967, 0.171256631613, 0.0847791135311, 0.0343481600285, 0.00779023114592, 0.00144406151958, 0.000254668178968, 8.24222443043e-05, 2.17241868086e-05, 5.06987998961e-06, 2.08059827855e-06, 9.787355566e-07, 2.95739624789e-07, 1.89722413779e-07],
        "min": [8.73758732034e-10, 2.01370614628e-10, 6.80753287075e-10, 4.30298641163e-09, 5.43187805846e-09, 5.7924971486e-09, 1.31879795973e-08, 1.90058422334e-08, 1.7333446678e-08, 3.12142063308e-08, 7.04542690855e-09, 6.03979355418e-09, 3.65544430281e-08, 1.95195113406e-08, 6.55642153902e-08, 1.22874183717e-07, 9.90001751688e-08, 1.61146218147e-07, 1.88315368632e-07, 1.29514091896e-07, 3.29072690874e-07, 5.14147700414e-07, 2.64607422196e-07, 8.53954986724e-07, 3.37808614859e-07, 5.24152710568e-07, 4.2228182906e-07, 6.74268108014e-07, 7.87423289239e-07, 6.69879625548e-07, 8.88223155471e-07, 7.19087836387e-07, 6.47675506116e-07, 4.22314485604e-07, 4.60055190388e-07, 1.90826739299e-07, 1.02720200346e-07, 4.63425671171e-08, 1.05444097898e-08, 1.43630762839e-09],
        "stdev": [7.93958752183e-05, 0.000207696502912, 0.000661386642605, 0.00155075965449, 0.00325698591769, 0.0110409278423, 0.0273816231638, 0.0659479945898, 0.114363707602, 1.44352030754, 7.57337522507, 30.1201763153, 23.0466346741, 49.1014785767, 43.2896728516, 68.0336456299, 122.903152466, 179.317581177, 116.261314392, 123.209915161, 58.4967308044, 48.4929084778, 52.2311935425, 78.9703826904, 42.5918159485, 41.2043418884, 36.0632820129, 32.2430648804, 9.32482719421, 2.61343073845, 0.657343566418, 0.273499935865, 0.123081155121, 0.0482127778232, 0.0238089114428, 0.00614983541891, 0.000828722142614, 0.000117785559269, 2.06463373615e-05, 1.67526304722e-05],
        "var": [6.30370466936e-09, 4.31378381904e-08, 4.37432305489e-07, 2.40485564973e-06, 1.06079578472e-05, 0.000121902077808, 0.000749753264245, 0.00434913812205, 0.0130790583789, 2.08375096321, 57.356010437, 907.224975586, 531.147338867, 2410.95532227, 1873.99584961, 4628.57714844, 15105.1845703, 32154.7929688, 13516.6923828, 15180.6835938, 3421.86767578, 2351.56225586, 2728.09741211, 6236.32128906, 1814.06274414, 1697.79785156, 1300.5604248, 1039.61523438, 86.9524002075, 6.8300204277, 0.432100564241, 0.0748022124171, 0.0151489712298, 0.00232447194867, 0.000566864269786, 3.78204749722e-05, 6.8678042453e-07, 1.38734383981e-08, 4.26271240528e-10, 2.8065061386e-10]
    },
    "gfcc": {
        "mean": [-334.804870605, -44.0212783813, -285.847900391, -9.33421897888, -72.3161087036, 11.5989770889, -1.99626898766, -14.33735466, -13.7296772003, 0.966876029968, -8.00086593628, 2.05402851105, -3.87468838692],
        "cov": [[26936.9648438, 1527.6105957, 180.674667358, 2234.17456055, 1876.25415039, 514.644470215, 207.561294556, 519.958679199, -322.075744629, 198.286895752, -439.099578857, -1108.19128418, 355.031707764], [1527.6105957, 1189.56481934, 317.646514893, -178.144119263, 87.3743209839, 44.9606361389, -95.3984375, 58.3924026489, -58.026008606, 25.0882740021, 2.88350081444, -121.858955383, 61.2910995483], [180.674667358, 317.646514893, 909.47064209, 219.591003418, -64.7363128662, -38.2491874695, -139.839233398, 157.046173096, -126.687736511, 77.3766403198, 0.310257226229, -10.5507144928, -21.9097137451], [2234.17456055, -178.144119263, 219.591003418, 540.857788086, 277.602355957, 1.34685277939, 2.43096494675, 58.198890686, -56.212978363, 4.82718420029, -31.8491439819, -56.7999572754, -11.3992757797], [1876.25415039, 87.3743209839, -64.7363128662, 277.602355957, 652.883239746, 190.096832275, -5.33199262619, -51.2584228516, -12.8532314301, -5.71739912033, -24.3374347687, -76.3110733032, 38.4336662292], [514.644470215, 44.9606361389, -38.2491874695, 1.34685277939, 190.096832275, 239.011169434, -23.9680347443, -88.9683380127, 4.180560112, 8.38943481445, -8.98292732239, -28.7838020325, 30.0256595612], [207.561294556, -95.3984375, -139.839233398, 2.43096494675, -5.33199262619, -23.9680347443, 211.048034668, 51.7558250427, 13.9258756638, -23.4127120972, -2.87978053093, -12.7011175156, -31.7542514801], [519.958679199, 58.3924026489, 157.046173096, 58.198890686, -51.2584228516, -88.9683380127, 51.7558250427, 228.235733032, -11.9212350845, -5.8463435173, -15.068731308, -40.5370483398, -21.3272686005], [-322.075744629, -58.026008606, -126.687736511, -56.212978363, -12.8532314301, 4.180560112, 13.9258756638, -11.9212350845, 123.4034729, 0.380484163761, -23.0542449951, -1.11411798, -4.43876457214], [198.286895752, 25.0882740021, 77.3766403198, 4.82718420029, -5.71739912033, 8.38943481445, -23.4127120972, -5.8463435173, 0.380484163761, 86.7281036377, 6.49556446075, -13.0909223557, 3.01033854485], [-439.099578857, 2.88350081444, 0.310257226229, -31.8491439819, -24.3374347687, -8.98292732239, -2.87978053093, -15.068731308, -23.0542449951, 6.49556446075, 86.0547180176, 43.3754234314, -17.8359088898], [-1108.19128418, -121.858955383, -10.5507144928, -56.7999572754, -76.3110733032, -28.7838020325, -12.7011175156, -40.5370483398, -1.11411798, -13.0909223557, 43.3754234314, 121.861076355, -5.56393909454], [355.031707764, 61.2910995483, -21.9097137451, -11.3992757797, 38.4336662292, 30.0256595612, -31.7542514801, -21.3272686005, -4.43876457214, 3.01033854485, -17.8359088898, -5.56393909454, 75.3443527222]],
        "icov": [[0.000212437196751, -0.000483818992507, 0.000619734404609, -0.00124585104641, 0.000264176545897, -0.000499481160659, -8.44366441015e-05, -0.000508627737872, 0.000452543434221, -0.000743810727727, 0.0003450383374, 0.000566745933611, -0.000551087839995], [-0.000483818992507, 0.00283243693411, -0.0025495775044, 0.00444481614977, -0.00146250589751, 0.00180868443567, 0.000215053136344, 0.001420479035, -0.000997843453661, 0.00254452414811, -0.00199638679624, 0.00125946034677, -0.00011530379561], [0.000619734404609, -0.0025495775044, 0.00491682440042, -0.00555341783911, 0.00191677757539, -0.0027074276004, 0.00150084891357, -0.00359817803837, 0.0032175197266, -0.00456880964339, 0.00260768947192, -0.000928452180233, 0.000379391160095], [-0.00124585104641, 0.00444481614977, -0.00555341783911, 0.0120760425925, -0.00413547921926, 0.00480110291392, 9.62292324402e-05, 0.0034113151487, -0.00195542676374, 0.00534326443449, -0.00212672911584, -0.000607266207226, 0.00279241520911], [0.000264176545897, -0.00146250589751, 0.00191677757539, -0.00413547921926, 0.00387228024192, -0.00318025005981, 8.61246080603e-05, -0.000886658381205, 0.000547620991711, -0.00109349575359, 0.000380956218578, 0.000278733059531, -0.000859278312419], [-0.000499481160659, 0.00180868443567, -0.0027074276004, 0.00480110291392, -0.00318025005981, 0.00859174877405, -0.000293496181257, 0.00410759449005, -0.00151899084449, 0.00226062745787, -0.0014628599165, 0.00137645646464, -0.000365725281881], [-8.44366441015e-05, 0.000215053136344, 0.00150084891357, 9.62292324402e-05, 8.61246080603e-05, -0.000293496181257, 0.00687985541299, -0.00228675710969, 0.00067137228325, 0.000321280735079, 0.000415874179453, -0.000403113313951, 0.00309460703284], [-0.000508627737872, 0.001420479035, -0.00359817803837, 0.0034113151487, -0.000886658381205, 0.00410759449005, -0.00228675710969, 0.00903954915702, -0.00215246295556, 0.00374327856116, -0.00152243918274, 0.00221111625433, 0.000647855689749], [0.000452543434221, -0.000997843453661, 0.0032175197266, -0.00195542676374, 0.000547620991711, -0.00151899084449, 0.00067137228325, -0.00215246295556, 0.0120828039944, -0.0038187392056, 0.00519564235583, -0.00026268066722, 0.00139368651435], [-0.000743810727727, 0.00254452414811, -0.00456880964339, 0.00534326443449, -0.00109349575359, 0.00226062745787, 0.000321280735079, 0.00374327856116, -0.0038187392056, 0.017095701769, -0.00491628935561, 0.00254935561679, -0.000116829556646], [0.0003450383374, -0.00199638679624, 0.00260768947192, -0.00212672911584, 0.000380956218578, -0.0014628599165, 0.000415874179453, -0.00152243918274, 0.00519564235583, -0.00491628935561, 0.0187359638512, -0.00711634475738, 0.00497993268073], [0.000566745933611, 0.00125946034677, -0.000928452180233, -0.000607266207226, 0.000278733059531, 0.00137645646464, -0.000403113313951, 0.00221111625433, -0.00026268066722, 0.00254935561679, -0.00711634475738, 0.0180362295359, -0.00476174568757], [-0.000551087839995, -0.00011530379561, 0.000379391160095, 0.00279241520911, -0.000859278312419, -0.000365725281881, 0.00309460703284, 0.000647855689749, 0.00139368651435, -0.000116829556646, 0.00497993268073, -0.00476174568757, 0.0194814912975]]
    },
    "melbands": {
        "dmean": [1.40676178262e-07, 8.77313368619e-08, 9.17789222399e-08, 1.50279518607e-07, 2.33466195709e-07, 2.91149888199e-07, 5.41642123153e-07, 3.84422946809e-06, 1.32957384267e-05, 2.87707844109e-05, 2.32040692936e-05, 3.24038592225e-05, 5.26995281689e-05, 3.49238107447e-05, 7.9515055404e-05, 7.16351569281e-05, 7.64064388932e-05, 5.76972961426e-05, 6.61067315377e-05, 3.89662272937e-05, 1.61557600222e-05, 1.0370333257e-05, 1.00787101474e-05, 1.49361003423e-05, 1.86734978342e-05, 1.29754826048e-05, 8.10279470898e-06, 7.48209868107e-06, 8.39970925881e-06, 6.32376077192e-06, 5.83264636589e-06, 1.88568640169e-06, 8.22669449008e-07, 2.98058154158e-07, 1.21291606092e-07, 6.27922460694e-08, 3.80271458766e-08, 2.91777961792e-08, 2.14368434115e-08, 1.32781332596e-08],
        "dmean2": [2.32614084439e-07, 1.48139378098e-07, 1.59743919426e-07, 2.51777578342e-07, 3.85013748883e-07, 4.90924492169e-07, 9.17031115932e-07, 6.50969195704e-06, 2.28643166338e-05, 4.39628493041e-05, 3.86561914638e-05, 5.46670489712e-05, 8.75435434864e-05, 5.59895634069e-05, 0.000126835380797, 0.000107863044832, 0.000116964023618, 9.4196308055e-05, 0.000103592326923, 6.10272327322e-05, 2.63866804744e-05, 1.63131899171e-05, 1.51295025717e-05, 2.40899662458e-05, 3.2111442124e-05, 2.14364317799e-05, 1.26681979964e-05, 1.22885367091e-05, 1.36512135214e-05, 1.01786372397e-05, 9.60506349656e-06, 3.10532436743e-06, 1.31338288156e-06, 4.76584062881e-07, 1.9529078088e-07, 9.96036106926e-08, 6.19272739755e-08, 4.86683582324e-08, 3.59569405362e-08, 2.17558895343e-08],
        "dvar": [3.30924171529e-13, 1.20396585496e-13, 9.63077477468e-14, 2.41487629589e-13, 8.3021735103e-13, 2.05147249015e-12, 5.40865052398e-12, 6.61441512673e-10, 7.25346405162e-09, 2.87079107153e-08, 1.48774050857e-08, 3.39623511536e-08, 3.15883070812e-08, 9.35283051007e-09, 1.05569846198e-07, 4.8803524777e-08, 6.99510707136e-08, 2.51536160789e-08, 3.29160201318e-08, 1.37657494292e-08, 2.54088994289e-09, 2.05854799873e-09, 1.23363197435e-09, 5.33188204699e-09, 7.52369011536e-09, 1.58011492779e-09, 5.98401384e-10, 5.19108589447e-10, 6.54004461698e-10, 2.67521588215e-10, 3.69080682683e-10, 2.38826215748e-11, 6.8463750294e-12, 5.91277623651e-13, 1.13023895527e-13, 6.05854952253e-14, 1.79361750739e-14, 8.77353084524e-15, 3.14508966085e-15, 1.39043994654e-15],
        "dvar2": [8.06074716524e-13, 3.06993715388e-13, 2.38791001946e-13, 5.76816751915e-13, 2.06400239781e-12, 4.77116740213e-12, 1.3088806948e-11, 1.81839887592e-09, 1.9721641209e-08, 5.6898954881e-08, 3.98306454485e-08, 7.08186220777e-08, 7.80444224802e-08, 2.10453059424e-08, 2.46444017193e-07, 1.01609252567e-07, 1.53829432747e-07, 6.14467765558e-08, 7.06083937985e-08, 3.26785247751e-08, 6.05899819206e-09, 4.6573198631e-09, 2.1698640662e-09, 1.39216664863e-08, 2.0819829416e-08, 3.90891496949e-09, 1.29585153719e-09, 1.34478306268e-09, 1.56689894393e-09, 6.48188003272e-10, 9.59676671464e-10, 5.81205639172e-11, 1.63849680351e-11, 1.36617442619e-12, 2.66678877332e-13, 1.5708682727e-13, 4.5102491891e-14, 1.94305292342e-14, 7.70986668063e-15, 3.47426656942e-15],
        "max": [8.70359599503e-06, 3.86207284464e-06, 3.4699430671e-06, 6.31858711131e-06, 1.26171480588e-05, 2.50930934271e-05, 2.70023301709e-05, 0.000463411270175, 0.00146825180855, 0.00324895931408, 0.00224002660252, 0.00288675306365, 0.00183854601346, 0.00122813391499, 0.00604470819235, 0.00324867223389, 0.00397292571142, 0.00136198475957, 0.00183682737406, 0.00150028837379, 0.000546193099581, 0.000937388918828, 0.000754262378905, 0.000981987919658, 0.00143615831621, 0.000336610130034, 0.000391247071093, 0.000419784482801, 0.000319646584103, 0.000145708530908, 0.000327415851643, 4.41981901531e-05, 2.93661851174e-05, 1.06467905425e-05, 5.92120022702e-06, 4.20272135671e-06, 2.10512939702e-06, 1.50731705162e-06, 4.94320147482e-07, 3.12148557668e-07],
        "mean": [1.28845258018e-07, 6.93528434681e-08, 7.39871381938e-08, 1.23536977981e-07, 1.90612340134e-07, 2.56973009982e-07, 4.76573774222e-07, 2.78132210951e-06, 9.66698553384e-06, 3.24862194248e-05, 2.1300631488e-05, 3.12637275783e-05, 4.70710838272e-05, 3.67759312212e-05, 7.6645585068e-05, 8.99828519323e-05, 8.97569188965e-05, 5.91017269471e-05, 7.07696235622e-05, 3.98885240429e-05, 1.83448573807e-05, 1.20475951917e-05, 1.20525728562e-05, 1.31912302095e-05, 1.54504723469e-05, 1.31411152324e-05, 8.90316005098e-06, 8.64433695824e-06, 9.36405558605e-06, 7.50150138629e-06, 7.05530283085e-06, 2.43720114668e-06, 9.34896092986e-07, 3.86194130897e-07, 1.43832252775e-07, 7.38832781622e-08, 4.05627211819e-08, 2.99566487172e-08, 1.98538092633e-08, 1.23545893516e-08],
        "median": [4.36704075679e-11, 1.10106559287e-11, 5.56958021369e-11, 1.59291885238e-10, 4.50599779711e-10, 1.11880393838e-09, 3.83199072473e-09, 8.70230110195e-09, 1.88790814093e-08, 5.71319276332e-08, 1.25787664729e-07, 3.50974573848e-07, 8.21248477223e-07, 9.81367065833e-07, 1.05287767838e-06, 7.85988959251e-07, 6.3365502001e-07, 4.04645788876e-07, 5.17828084412e-07, 4.2380963805e-07, 1.76976215016e-07, 1.53436076289e-07, 1.61303276514e-07, 1.81226866403e-07, 2.74840942893e-07, 1.68518766941e-07, 1.00662440161e-07, 8.13337948102e-08, 7.15407253438e-08, 9.91307729237e-08, 8.81630626282e-08, 4.84325575201e-08, 2.22504041858e-08, 1.29826336348e-08, 4.57482673966e-09, 1.2410434902e-09, 4.57988785785e-10, 1.71016811823e-10, 9.31850499541e-11, 5.05796238226e-11],
        "min": [1.28141221592e-11, 3.66684222049e-13, 6.96550889884e-13, 4.47794416564e-13, 4.66627225141e-13, 4.26538578763e-13, 2.60409478269e-13, 3.96851496977e-13, 3.40462961914e-14, 4.36622072319e-14, 1.9082099182e-13, 7.67215135281e-14, 1.63216133859e-13, 3.50291302041e-13, 2.29062889533e-13, 2.87877930044e-13, 2.74557801624e-13, 3.0015771227e-13, 1.61586401811e-13, 2.23363780813e-13, 4.42321228472e-13, 5.7321134601e-13, 2.56451191663e-13, 3.04513819759e-13, 6.96768055579e-13, 2.52044533248e-13, 2.33845413736e-13, 3.66585315706e-13, 1.67917126059e-13, 3.83180710469e-13, 4.1474210676e-13, 4.78510297792e-13, 3.15861079696e-13, 3.87943773243e-13, 5.53156858426e-13, 4.21281228218e-13, 4.45972658759e-13, 4.38633341888e-13, 4.08751618707e-13, 3.52295314232e-13],
        "stdev": [6.09287269526e-07, 3.13291934617e-07, 2.84171875364e-07, 4.62617350649e-07, 8.77462809967e-07, 1.39762846629e-06, 2.24236737267e-06, 2.08240526263e-05, 7.12117980584e-05, 0.000213576597162, 0.000115230010124, 0.00018864122103, 0.000173435662873, 0.0001044820674, 0.000332575349603, 0.000297668913845, 0.000328646507114, 0.00017087017477, 0.000216325352085, 0.000132646993734, 5.8571145928e-05, 4.95826207043e-05, 4.65958764835e-05, 6.55631374684e-05, 7.20456519048e-05, 3.9939666749e-05, 2.91121614282e-05, 2.72299021162e-05, 2.6690062441e-05, 1.85567459994e-05, 2.02234750759e-05, 5.98694578002e-06, 2.98144323096e-06, 1.02452906958e-06, 3.9361088966e-07, 2.68358292033e-07, 1.34372129423e-07, 1.02138379532e-07, 5.63038966561e-08, 3.58074920825e-08],
