{
"lowlevel": {
    "average_loudness": 0.99068403244,
    "barkbands_crest": {
        "dmean": 2.69669699669,
        "dmean2": 3.71957278252,
        "dvar": 4.70181179047,
        "dvar2": 9.75883960724,
        "max": 18.808511734,
        "mean": 8.65886306763,
        "median": 7.2941699028,
        "min": 4.79031038284,
        "stdev": 3.57138252258,
        "var": 12.75477314
    },
    "barkbands_flatness_db": {
        "dmean": 0.032079435885,
        "dmean2": 0.0385588556528,
        "dvar": 0.00252061872743,
        "dvar2": 0.00440327916294,
        "max": 0.326250106096,
        "mean": 0.104146905243,
        "median": 0.0849672928452,
        "min": 0.0451990514994,
        "stdev": 0.0625835955143,
        "var": 0.00391670688987
    },
    "barkbands_kurtosis": {
        "dmean": 8.8044424057,
        "dmean2": 11.126537323,
        "dvar": 588.051391602,
        "dvar2": 640.392333984,
        "max": 137.666931152,
        "mean": 8.71531486511,
        "median": 2.18532943726,
        "min": -0.913081884384,
        "stdev": 25.6952724457,
        "var": 660.247009277
    },
    "barkbands_skewness": {
        "dmean": 0.802204012871,
        "dmean2": 1.07000291348,
        "dvar": 2.66366362572,
        "dvar2": 3.22901749611,
        "max": 10.3957204819,
        "mean": 1.66115343571,
        "median": 1.13567888737,
        "min": 0.470118761063,
        "stdev": 1.8619581461,
        "var": 3.4668879509
    },
    "barkbands_spread": {
        "dmean": 5.79125547409,
        "dmean2": 9.01810836792,
        "dvar": 13.7963342667,
        "dvar2": 33.7335166931,
        "max": 35.7168502808,
        "mean": 18.0337848663,
        "median": 18.2007579803,
        "min": 2.22155570984,
        "stdev": 7.63775348663,
        "var": 58.3352813721
    },
    "dissonance": {
        "dmean": 0.0329626277089,
        "dmean2": 0.0558651164174,
        "dvar": 0.000836446764879,
        "dvar2": 0.00159568630625,
        "max": 0.499952554703,
        "mean": 0.463531374931,
        "median": 0.473510086536,
        "min": 0.318203747272,
        "stdev": 0.0361279733479,
        "var": 0.00130523042753
    },
    "dynamic_complexity": 2.18212389946,
    "erbbands_crest": {
        "dmean": 2.78687095642,
        "dmean2": 4.83776664734,
        "dvar": 4.27418041229,
        "dvar2": 11.1522951126,
        "max": 14.0277786255,
        "mean": 6.47956132889,
        "median": 5.93444347382,
        "min": 2.937271595,
        "stdev": 2.4208574295,
        "var": 5.86055088043
    },
    "erbbands_flatness_db": {
        "dmean": 0.0209662932903,
        "dmean2": 0.0320337228477,
        "dvar": 0.000974453228991,
        "dvar2": 0.0014621228911,
        "max": 0.20304775238,
        "mean": 0.145949929953,
        "median": 0.147748887539,
        "min": 0.0495265722275,
        "stdev": 0.0294858217239,
        "var": 0.000869413721375
    },
    "erbbands_kurtosis": {
        "dmean": 1.57866978645,
        "dmean2": 2.31564450264,
        "dvar": 3.28147482872,
        "dvar2": 9.22655773163,
        "max": 6.10345458984,
        "mean": 0.551236629486,
        "median": 0.00101184844971,
        "min": -1.06293189526,
        "stdev": 1.73016095161,
        "var": 2.99345684052
    },
    "erbbands_skewness": {
        "dmean": 0.446485310793,
        "dmean2": 0.711014151573,
        "dvar": 0.181629374623,
        "dvar2": 0.517764627934,
        "max": 2.40719604492,
        "mean": 0.859770178795,
        "median": 0.899098694324,
        "min": -0.20777541399,
        "stdev": 0.478532165289,
        "var": 0.228993028402
    },
    "erbbands_spread": {
        "dmean": 10.375371933,
        "dmean2": 15.7627763748,
        "dvar": 141.344985962,
        "dvar2": 287.551208496,
        "max": 74.4921798706,
        "mean": 34.3742790222,
        "median": 32.3725090027,
        "min": 15.9111766815,
        "stdev": 12.092089653,
        "var": 146.218643188
    },
    "hfc": {
        "dmean": 12.5756292343,
        "dmean2": 21.6376991272,
        "dvar": 167.293502808,
        "dvar2": 455.625274658,
        "max": 70.1763305664,
        "mean": 26.6643447876,
        "median": 23.1626167297,
        "min": 0.00130079162773,
        "stdev": 16.8901805878,
        "var": 285.27822876
    },
    "loudness_ebu128": {
        "integrated": -17.4366550446,
        "loudness_range": 0,
        "momentary": {
            "dmean": 0.740169525146,
            "dmean2": 0.582390785217,
            "dvar": 0.244855716825,
            "dvar2": 0.0843136236072,
            "max": -16.7065925598,
            "mean": -17.5256519318,
            "median": -17.2344551086,
            "min": -18.9271011353,
            "stdev": 0.90006262064,
            "var": 0.810112774372
        },
        "short_term": {
            "dmean": 0,
            "dmean2": 0,
            "dvar": 0,
            "dvar2": 0,
            "max": -24.0898094177,
            "mean": -24.0898094177,
            "median": -24.0898094177,
            "min": -24.0898094177,
            "stdev": 0,
            "var": 0
        }
    },
    "melbands_crest": {
        "dmean": 4.8457326889,
        "dmean2": 6.62491464615,
        "dvar": 28.8173961639,
        "dvar2": 58.5932044983,
        "max": 34.2427177429,
        "mean": 12.3425283432,
        "median": 10.1300592422,
        "min": 6.46134090424,
        "stdev": 6.53374767303,
        "var": 42.6898612976
    },
    "melbands_flatness_db": {
        "dmean": 0.0387566275895,
        "dmean2": 0.0483217462897,
        "dvar": 0.00270809046924,
        "dvar2": 0.00480492506176,
        "max": 0.414654672146,
        "mean": 0.165094971657,
        "median": 0.144213631749,
        "min": 0.0948918014765,
        "stdev": 0.0719638988376,
        "var": 0.00517880311236
    },
    "melbands_kurtosis": {
        "dmean": 9.46115589142,
        "dmean2": 11.0959329605,
        "dvar": 890.15637207,
        "dvar2": 730.590637207,
        "max": 189.408309937,
        "mean": 14.4809789658,
        "median": 6.64813041687,
        "min": 1.97523450851,
        "stdev": 33.4783325195,
        "var": 1120.79882812
    },
    "melbands_skewness": {
        "dmean": 0.694381594658,
        "dmean2": 0.967365801334,
        "dvar": 1.95672047138,
        "dvar2": 1.83298051357,
        "max": 10.7742013931,
        "mean": 2.41657042503,
        "median": 2.00403499603,
        "min": 1.32498407364,
        "stdev": 1.68751764297,
        "var": 2.84771585464
    },
    "melbands_spread": {
        "dmean": 5.78443002701,
        "dmean2": 9.06752872467,
        "dvar": 23.2232780457,
        "dvar2": 55.9797325134,
        "max": 43.3082580566,
        "mean": 18.4314517975,
        "median": 17.2553062439,
        "min": 1.6087076664,
        "stdev": 8.97634506226,
        "var": 80.5747756958
    },
    "pitch_salience": {
        "dmean": 0.0935962200165,
        "dmean2": 0.119125641882,
        "dvar": 0.0179910752922,
        "dvar2": 0.0292549747974,
        "max": 0.808539628983,
        "mean": 0.697632849216,
        "median": 0.741027116776,
        "min": 0.200185164809,
        "stdev": 0.148964270949,
        "var": 0.0221903547645
    },
    "silence_rate_20dB": {
        "dmean": 0,
        "dmean2": 0,
        "dvar": 0,
        "dvar2": 0,
        "max": 1,
        "mean": 1,
        "median": 1,
        "min": 1,
        "stdev": 0,
        "var": 0
    },
    "silence_rate_30dB": {
        "dmean": 0,
        "dmean2": 0,
        "dvar": 0,
        "dvar2": 0,
        "max": 1,
        "mean": 1,
        "median": 1,
        "min": 1,
        "stdev": 0,
        "var": 0
    },
    "silence_rate_60dB": {
        "dmean": 0.0714285746217,
        "dmean2": 0.111111111939,
        "dvar": 0.066326521337,
        "dvar2": 0.098765425384,
        "max": 1,
        "mean": 0.103448279202,
        "median": 0,
        "min": 0,
        "stdev": 0.304543465376,
        "var": 0.092746719718
    },
    "spectral_centroid": {
        "dmean": 305.124908447,
        "dmean2": 480.597442627,
        "dvar": 44554.8359375,
        "dvar2": 124033.3125,
        "max": 2199.07128906,
        "mean": 1185.20080566,
        "median": 1153.8894043,
        "min": 427.938781738,
        "stdev": 405.647644043,
        "var": 164550
    },
    "spectral_complexity": {
        "dmean": 6.35714292526,
        "dmean2": 9.48148155212,
        "dvar": 36.7295875549,
        "dvar2": 56.7681846619,
        "max": 46,
        "mean": 27.9310340881,
        "median": 30,
        "min": 0,
        "stdev": 13.0751962662,
        "var": 170.960754395
    },
    "spectral_decrease": {
        "dmean": 2.92211943531e-09,
        "dmean2": 4.69088456967e-09,
        "dvar": 8.66746315613e-18,
        "dvar2": 2.14055962576e-17,
        "max": -1.01879236384e-12,
        "mean": -7.18770776231e-09,
        "median": -7.36625027642e-09,
        "min": -1.58344644063e-08,
        "stdev": 3.91285759349e-09,
        "var": 1.53104547026e-17
    },
    "spectral_energy": {
        "dmean": 0.0120391901582,
        "dmean2": 0.0194233097136,
        "dvar": 0.000146783262608,
        "dvar2": 0.000368427223293,
        "max": 0.0661279633641,
        "mean": 0.029546584934,
        "median": 0.0312012284994,
        "min": 3.96314771933e-06,
        "stdev": 0.0160939563066,
        "var": 0.000259015447227
    },
    "spectral_energyband_high": {
        "dmean": 0.000694691610988,
        "dmean2": 0.00117622083053,
        "dvar": 4.47986025165e-07,
        "dvar2": 1.34289484777e-06,
        "max": 0.00322371721268,
        "mean": 0.000997355091386,
        "median": 0.000630182214081,
        "min": 5.54276375908e-08,
        "stdev": 0.000934657291509,
        "var": 8.73584212968e-07
    },
    "spectral_energyband_low": {
        "dmean": 0.00044065626571,
        "dmean2": 0.000752558873501,
        "dvar": 8.11622840047e-08,
        "dvar2": 2.02837114216e-07,
        "max": 0.00165697769262,
        "mean": 0.00101671961602,
        "median": 0.00106091541238,
        "min": 1.70548651113e-06,
        "stdev": 0.00040883893962,
        "var": 1.67149266872e-07
    },
    "spectral_energyband_middle_high": {
        "dmean": 0.00451632076874,
        "dmean2": 0.00807831995189,
        "dvar": 2.29707839026e-05,
        "dvar2": 6.3000828959e-05,
        "max": 0.0234925355762,
        "mean": 0.00714770890772,
        "median": 0.00615122774616,
        "min": 1.68427007452e-07,
        "stdev": 0.00526735698804,
        "var": 2.77450471913e-05
    },
    "spectral_energyband_middle_low": {
        "dmean": 0.00786308851093,
        "dmean2": 0.012719059363,
        "dvar": 8.16440078779e-05,
        "dvar2": 0.000166407655342,
        "max": 0.043161790818,
        "mean": 0.0197226088494,
        "median": 0.018555726856,
        "min": 1.19911464935e-06,
        "stdev": 0.0118132187054,
        "var": 0.000139552139444
    },
    "spectral_entropy": {
        "dmean": 0.237148016691,
        "dmean2": 0.361138671637,
        "dvar": 0.0746083855629,
        "dvar2": 0.143875896931,
        "max": 8.17600727081,
        "mean": 7.83574008942,
        "median": 7.92368364334,
        "min": 6.91533279419,
        "stdev": 0.297041803598,
        "var": 0.0882338359952
    },
    "spectral_flux": {
        "dmean": 0.0273486673832,
        "dmean2": 0.0422055162489,
        "dvar": 0.00132363836747,
        "dvar2": 0.00187798158731,
        "max": 0.214361906052,
        "mean": 0.10906894505,
        "median": 0.103881053627,
        "min": 0.022137388587,
        "stdev": 0.0437124371529,
        "var": 0.00191077729687
    },
    "spectral_kurtosis": {
        "dmean": 1.78871560097,
        "dmean2": 3.16173648834,
        "dvar": 2.91508865356,
        "dvar2": 6.17665815353,
        "max": 14.890625,
        "mean": 4.70817041397,
        "median": 4.00357294083,
        "min": 1.97700405121,
        "stdev": 2.55891156197,
        "var": 6.54802799225
    },
    "spectral_rms": {
        "dmean": 0.00118622113951,
        "dmean2": 0.00177278171759,
        "dvar": 1.49943230099e-06,
        "dvar2": 2.70057375928e-06,
        "max": 0.00803212821484,
        "mean": 0.00501577882096,
        "median": 0.00551726575941,
        "min": 6.21810759185e-05,
        "stdev": 0.00191517628264,
        "var": 3.66790004591e-06
    },
    "spectral_rolloff": {
        "dmean": 506.030273438,
        "dmean2": 828.629577637,
        "dvar": 174525.375,
        "dvar2": 418113.59375,
        "max": 3165.38085938,
        "mean": 1259.32116699,
        "median": 1098.19335938,
        "min": 43.06640625,
        "stdev": 729.999145508,
        "var": 532898.75
    },
    "spectral_skewness": {
        "dmean": 0.360330283642,
        "dmean2": 0.604292154312,
        "dvar": 0.0627060458064,
        "dvar2": 0.151326104999,
        "max": 3.18736100197,
        "mean": 1.67845308781,
        "median": 1.53067326546,
        "min": 1.10851287842,
        "stdev": 0.45113030076,
        "var": 0.203518554568
    },
    "spectral_spread": {
        "dmean": 791641.5625,
        "dmean2": 1159159,
        "dvar": 1.59677428531e+12,
        "dvar2": 1.93042002739e+12,
        "max": 9810733,
        "mean": 4704121.5,
        "median": 4225408.5,
        "min": 3651842.75,
        "stdev": 1280101.5,
        "var": 1.63865991578e+12
    },
    "spectral_strongpeak": {
        "dmean": 0.496786892414,
        "dmean2": 0.80813896656,
        "dvar": 0.231484785676,
        "dvar2": 0.653310716152,
        "max": 2.69231009483,
        "mean": 0.624730527401,
        "median": 0.55798882246,
        "min": 0,
        "stdev": 0.558869302273,
        "var": 0.312334895134
    },
    "zerocrossingrate": {
        "dmean": 0.00519670778885,
        "dmean2": 0.00529875559732,
        "dvar": 2.05076448765e-05,
        "dvar2": 2.66093429673e-05,
        "max": 0.048828125,
        "mean": 0.0286233834922,
        "median": 0.02734375,
        "min": 0.0087890625,
        "stdev": 0.00815884210169,
        "var": 6.65667030262e-05
    },
    "barkbands": {
        "dmean": [0.000310559815262, 0.000346626329701, 0.000147465383634, 0.000135480673634, 0.00138670019805, 0.0039967270568, 0.00523601798341, 0.00247598998249, 0.00134473945946, 0.00128504168242, 0.000848330149893, 0.0005258199526, 0.000509820587467, 0.000414377340348, 0.000577170110773, 0.000437362818047, 0.000299502833514, 0.000319511658745, 0.000276950799162, 0.000232256119489, 0.000262965244474, 0.000268542848062, 9.86601298791e-05, 4.15512804466e-05, 4.20920587203e-05, 1.23875224745e-05, 5.42788939129e-06],
        "dmean2": [0.000431441527326, 0.000517335429322, 0.00027838171809, 0.000255142222159, 0.0022936000023, 0.00664319191128, 0.00870804581791, 0.00321388035081, 0.00232900190167, 0.00229498557746, 0.0015226835385, 0.000945080711972, 0.000931572518311, 0.000752120220568, 0.0010022255592, 0.000758674519602, 0.000511616934091, 0.000566472124774, 0.000507492513862, 0.000422151089879, 0.000457463553175, 0.000481978466269, 0.000176975896466, 7.9468722106e-05, 7.83217037679e-05, 2.03835788852e-05, 9.64499940892e-06],
        "dvar": [1.22115338286e-07, 6.12721393622e-08, 2.43985862625e-08, 3.13832480003e-08, 8.37062725623e-06, 1.96684177354e-05, 2.84661327896e-05, 5.12533142683e-06, 1.21751440929e-06, 1.51473591359e-06, 1.06764616703e-06, 3.76718332973e-07, 2.81161220528e-07, 1.62138761084e-07, 2.90869877517e-07, 1.55515934352e-07, 1.02614102104e-07, 1.41088676742e-07, 1.04503023124e-07, 6.64757777713e-08, 1.08626942108e-07, 6.90665800107e-08, 1.91876541322e-08, 3.16596771022e-09, 1.72400671516e-09, 1.24526250422e-10, 6.45795986132e-11],
        "dvar2": [2.33103776281e-07, 1.91035510966e-07, 6.19013817982e-08, 1.19479693694e-07, 2.2330250431e-05, 5.67301831325e-05, 8.04814917501e-05, 1.34721694849e-05, 2.30338878282e-06, 3.9875717448e-06, 2.94224651043e-06, 1.04394257505e-06, 7.74010459281e-07, 4.27542715897e-07, 7.24422022813e-07, 3.19927607961e-07, 2.57279168636e-07, 4.03151403816e-07, 2.82875390667e-07, 1.72851500224e-07, 3.17246531267e-07, 1.91715557207e-07, 4.26212203308e-08, 9.76799974239e-09, 4.43701253516e-09, 2.91163898547e-10, 2.03232999874e-10],
        "max": [0.00217417953536, 0.00121847901028, 0.000793419778347, 0.000608006492257, 0.0144292572513, 0.0171107538044, 0.0204328168184, 0.0129753416404, 0.00671642180532, 0.00514426687732, 0.00465864874423, 0.00309015763924, 0.00253397342749, 0.00171118520666, 0.00245389528573, 0.00181798776612, 0.00140874646604, 0.00174599722959, 0.00131140672602, 0.00109705049545, 0.00146134453826, 0.00114137958735, 0.000614592572674, 0.000255385908531, 0.000208520228625, 6.92254398018e-05, 4.06587751058e-05],
        "mean": [0.0013051268179, 0.000473699532449, 0.000173475084011, 0.000116040508146, 0.00153170863632, 0.00564544508234, 0.00625021895394, 0.0033702685032, 0.00223336811177, 0.00169615354389, 0.00108037237078, 0.000793679093476, 0.000683046411723, 0.000543562520761, 0.00067518663127, 0.000619420548901, 0.000421647157054, 0.000453780026874, 0.000340503378538, 0.000276411883533, 0.000287230068352, 0.000287661503535, 0.000136129106977, 5.28454766027e-05, 6.77243224345e-05, 2.41342095251e-05, 7.7242802945e-06],
        "median": [0.00130024179816, 0.000427839549957, 0.000123385005281, 6.29613350611e-05, 0.000969476590399, 0.00410251878202, 0.00483765359968, 0.00184165115934, 0.00231075659394, 0.00141539296601, 0.000905246182811, 0.000629446352832, 0.000549350981601, 0.000426583574153, 0.000494615640491, 0.000365513347788, 0.000262503541308, 0.000309062073939, 0.000195955231902, 0.000202551324037, 0.000172732849023, 0.000181428156793, 7.31507025193e-05, 3.8432139263e-05, 5.55348997295e-05, 1.92852112377e-05, 4.62567322757e-06],
        "min": [1.79275377832e-06, 4.04241632168e-07, 3.47088644048e-07, 1.739459492e-07, 4.00926836619e-07, 2.19237364263e-07, 1.30416964339e-07, 6.9697890126e-08, 5.9345381942e-08, 3.11200025749e-08, 2.2523455101e-08, 1.9838998e-08, 1.44986866957e-08, 2.07969499399e-08, 1.37819213819e-08, 1.38530786842e-08, 1.29039783303e-08, 1.03214663483e-08, 9.58648271876e-09, 8.84908413212e-09, 8.39072011871e-09, 6.33999386324e-09, 4.12698586416e-09, 6.5081584566e-09, 5.69308955534e-09, 5.790064872e-09, 1.37943585443e-08],
        "stdev": [0.000425444188295, 0.000332018942572, 0.000203149131266, 0.000155831017764, 0.00255853822455, 0.00483577232808, 0.00613357312977, 0.00346375466324, 0.00167791254353, 0.00138823280577, 0.0010178021621, 0.000663689745124, 0.000550175376702, 0.000436579226516, 0.00061450706562, 0.000540993874893, 0.000386776635423, 0.000408878171584, 0.000340991391568, 0.000260945031187, 0.000335245247697, 0.000321656494634, 0.00017196535191, 5.68069481233e-05, 5.30303877895e-05, 1.95836328203e-05, 8.1233201854e-06],
        "var": [1.81002747013e-07, 1.10236584305e-07, 4.12695690954e-08, 2.42833042563e-08, 6.54611812934e-06, 2.33846931224e-05, 3.76207208319e-05, 1.199759663e-05, 2.81539064417e-06, 1.9271903966e-06, 1.03592128653e-06, 4.40484114961e-07, 3.02692939158e-07, 1.90601411987e-07, 3.77618960101e-07, 2.92674371849e-07, 1.49596161236e-07, 1.67181354982e-07, 1.16275138851e-07, 6.80923051277e-08, 1.12389372475e-07, 1.0346289514e-07, 2.95720816723e-08, 3.22702953248e-09, 2.81222201082e-09, 3.83518689029e-10, 6.59883328535e-11]
    },
    "erbbands": {
        "dmean": [0.0142347738147, 0.0643232613802, 0.133549526334, 0.28813996911, 0.473924249411, 4.46365499496, 21.4060840607, 32.9361610413, 63.5897483826, 79.3029632568, 38.7369422913, 26.308675766, 42.950340271, 51.838684082, 26.388879776, 18.7259864807, 23.2817382812, 21.7856941223, 28.3373317719, 23.4241695404, 24.3188533783, 16.2329444885, 17.4619007111, 14.9006242752, 13.5315752029, 10.9937677383, 10.0049591064, 11.600692749, 10.0567522049, 5.68614053726, 2.84586310387, 1.43402647972, 0.50115531683, 0.541334271431, 0.265824496746, 0.0741039887071, 0.0185387115926, 0.00867340061814, 0.000819721142761, 5.1145467296e-05],
        "dmean2": [0.0205306839198, 0.102617964149, 0.236956909299, 0.515713095665, 0.872600615025, 6.42568254471, 36.319896698, 55.0817947388, 101.315475464, 142.085906982, 60.7053718567, 39.8336982727, 78.1428909302, 92.1123123169, 44.4740028381, 33.2983703613, 42.1267623901, 39.4558982849, 48.7456932068, 42.7812271118, 43.7959213257, 25.8234024048, 31.1634559631, 27.1347332001, 24.1135597229, 20.3602409363, 17.1525745392, 20.4153156281, 17.6476783752, 10.1531066895, 4.95279932022, 2.68028092384, 0.858798205853, 0.965024113655, 0.500054180622, 0.118330188096, 0.0315344668925, 0.0154823223129, 0.00145351805259, 8.61227672431e-05],
        "dvar": [9.56869407673e-05, 0.0024448025506, 0.0146658290178, 0.120829477906, 0.259294062853, 55.8099479675, 594.201477051, 1628.046875, 3608.57373047, 8861.31347656, 1212.9510498, 456.319152832, 2161.02856445, 4366.26220703, 779.62487793, 361.780975342, 629.319763184, 464.686187744, 625.245666504, 506.188995361, 590.111450195, 291.200012207, 453.323394775, 266.989379883, 226.966064453, 170.325759888, 109.910148621, 230.722610474, 105.309814453, 45.1968345642, 14.2020492554, 4.93051958084, 0.208355173469, 0.248343259096, 0.0727765113115, 0.00570801785216, 0.000305829162244, 9.54725619522e-05, 1.45084948144e-06, 2.48750398057e-09],
        "dvar2": [0.000331717805238, 0.00706772692502, 0.0389576666057, 0.441110938787, 0.86313945055, 138.779647827, 1468.10046387, 3935.48852539, 9265.17578125, 26378.8613281, 2136.75268555, 1025.4276123, 6672.64648438, 11621.1669922, 2330.23217773, 1008.9364624, 1749.27758789, 1250.30688477, 1567.78527832, 1136.22607422, 1191.28881836, 722.705566406, 1252.14172363, 768.675109863, 596.920959473, 435.573577881, 297.02230835, 706.125732422, 320.759246826, 108.034286499, 35.8056945801, 15.3512945175, 0.701514303684, 0.657480895519, 0.192422300577, 0.0140497218817, 0.000690401764587, 0.00031001548632, 4.58029717265e-06, 7.42761852024e-09],
        "max": [0.0577016845345, 0.257494777441, 0.763271510601, 1.4754960537, 2.47370004654, 41.8606567383, 111.875495911, 173.074569702, 280.560516357, 451.465820312, 176.981155396, 128.840988159, 237.359893799, 296.625183105, 151.992294312, 94.6902542114, 120.252616882, 90.3896255493, 117.294700623, 105.701141357, 100.449813843, 76.4821166992, 98.7753067017, 71.3126296997, 63.4281463623, 55.7741470337, 41.7737503052, 66.6444244385, 42.3989906311, 32.6253433228, 17.2995986938, 9.97506999969, 2.48296666145, 2.74521064758, 1.20456016064, 0.438858151436, 0.0918808579445, 0.050635766238, 0.00608213339001, 0.000268380885245],
        "mean": [0.0200973134488, 0.0938067212701, 0.178155124187, 0.331585347652, 0.690587818623, 5.64044332504, 25.2162361145, 53.0833244324, 71.8105316162, 108.091453552, 57.6881599426, 47.7734107971, 58.7562408447, 52.394744873, 42.4845848083, 29.5744781494, 32.3737487793, 29.4527263641, 32.6909332275, 31.860042572, 33.4196434021, 24.7798652649, 25.0632648468, 19.4474086761, 16.5105285645, 13.2866077423, 11.3822774887, 11.381193161, 10.4225549698, 6.96123218536, 3.70517301559, 1.74646520615, 0.711178183556, 0.880740523338, 0.385685294867, 0.125171720982, 0.0397901795805, 0.0119717288762, 0.00116800679825, 9.57795346039e-05],
        "median": [0.018830711022, 0.0806836411357, 0.1199182868, 0.211090192199, 0.65057682991, 3.56268906593, 20.0802631378, 35.4898834229, 45.3367767334, 85.4337615967, 48.8586120605, 45.6819229126, 42.3592414856, 34.2275161743, 39.6493873596, 27.8764781952, 29.0948028564, 25.0581531525, 25.3470211029, 21.6672096252, 20.1155757904, 16.9276123047, 17.5358905792, 12.5561246872, 10.3121175766, 9.35557842255, 7.43454504013, 7.02205085754, 7.01351881027, 3.84826993942, 1.87477314472, 1.10606074333, 0.471553891897, 0.747739374638, 0.301020950079, 0.0827687606215, 0.0373799242079, 0.00827574171126, 0.00072279269807, 6.87558203936e-05],
        "min": [3.28058886225e-05, 3.30695875164e-05, 0.000298243248835, 0.00083743117284, 0.00124073727056, 0.0012250872096, 0.00151124352124, 0.00183413724881, 0.00175634061452, 0.00188564625569, 0.00165131129324, 0.00133638433181, 0.001088101184, 0.00101675838232, 0.000858857703861, 0.00078872469021, 0.000760828959756, 0.000957836222369, 0.000816855346784, 0.000730213942006, 0.000765047676396, 0.000696208269801, 0.00064225360984, 0.000489987723995, 0.000400339195039, 0.000423479184974, 0.000352210452547, 0.000321922765579, 0.000219019173528, 0.000198854715563, 0.000112231384264, 0.000148451188579, 9.3302296591e-05, 6.52209928376e-05, 3.79420416721e-05, 1.95395168703e-05, 1.35515056172e-05, 1.74756187334e-05, 1.15535976875e-06, 7.88864866763e-08],
        "stdev": [0.0127598512918, 0.0635072365403, 0.179565310478, 0.372639685869, 0.540780007839, 7.70624732971, 25.3406658173, 45.8963737488, 72.4145278931, 99.2599639893, 48.7058334351, 35.1026878357, 51.6885566711, 63.2974472046, 32.7062911987, 22.1224575043, 25.9346847534, 23.0948467255, 29.7802410126, 26.2837238312, 30.28099823, 22.1521244049, 23.0045547485, 17.717124939, 16.1509609222, 12.8365430832, 11.6809167862, 14.8159275055, 12.0420246124, 8.13085079193, 4.63721895218, 2.11921930313, 0.628349065781, 0.686875343323, 0.318671643734, 0.112674422562, 0.0290200319141, 0.0107708983123, 0.00125193782151, 7.27886363165e-05],
        "var": [0.000162813812494, 0.00403316877782, 0.0322437025607, 0.138860344887, 0.292443037033, 59.3862457275, 642.149353027, 2106.47705078, 5243.86425781, 9852.54003906, 2372.25830078, 1232.19873047, 2671.70678711, 4006.56689453, 1069.70153809, 489.403137207, 672.607910156, 533.371948242, 886.862731934, 690.83416748, 916.938842773, 490.716583252, 529.209533691, 313.89654541, 260.853546143, 164.77684021, 136.443817139, 219.51171875, 145.010345459, 66.1107406616, 21.5037975311, 4.49109077454, 0.394822537899, 0.471797734499, 0.101551614702, 0.0126955248415, 0.000842162233312, 0.000116012248327, 1.5673483631e-06, 5.29818589001e-09]
    },
    "gfcc": {
        "mean": [8.09833049774, 71.5143356323, -125.114433289, 2.07470536232, -72.470993042, -3.34231042862, -35.0981483459, 9.14646244049, -13.7762308121, 14.0951824188, -8.94874858856, 14.2406749725, -4.17587089539],
        "cov": [[17802.6503906, -918.808898926, -3755.23388672, -386.946472168, -1484.79626465, -343.23916626, -902.831970215, -69.2471694946, -48.1432495117, 197.958221436, 43.2474441528, -15.8746509552, -129.267288208], [-918.808898926, 323.213928223, 252.438873291, -79.4951858521, 56.8106994629, 11.6111917496, 75.0368652344, 22.714635849, 6.30400943756, 1.90357303619, 47.1697769165, 48.0561256409, 83.3608627319], [-3755.23388672, 252.438873291, 967.318054199, 86.3213577271, 326.59677124, 95.0515289307, 228.768356323, 43.1669540405, 35.9960594177, -17.9262371063, 16.5432510376, 29.0938529968, 32.90076828], [-386.946472168, -79.4951858521, 86.3213577271, 99.4637680054, 51.055606842, 5.71259450912, 34.9109535217, 2.3485751152, 11.1099224091, -5.07847118378, -12.3766870499, -4.12650680542, -24.3086872101], [-1484.79626465, 56.8106994629, 326.59677124, 51.055606842, 199.704177856, 30.8551578522, 117.733009338, 2.07322692871, 2.86733031273, -2.74689269066, -25.5298614502, 2.64228820801, 7.49157047272], [-343.23916626, 11.6111917496, 95.0515289307, 5.71259450912, 30.8551578522, 44.983165741, 31.5030632019, 14.6280126572, 13.319814682, -16.6923046112, -2.58690786362, 4.98339033127, -6.02188205719], [-902.831970215, 75.0368652344, 228.768356323, 34.9109535217, 117.733009338, 31.5030632019, 129.977264404, 7.74456548691, 16.5797328949, -13.1827545166, -11.0682888031, 30.1706485748, 15.3009786606], [-69.2471694946, 22.714635849, 43.1669540405, 2.3485751152, 2.07322692871, 14.6280126572, 7.74456548691, 32.639339447, 15.1274290085, 14.9650602341, 16.7697658539, -1.64561140537, 3.57578325272], [-48.1432495117, 6.30400943756, 35.9960594177, 11.1099224091, 2.86733031273, 13.319814682, 16.5797328949, 15.1274290085, 39.9209785461, 10.5389280319, 13.6010847092, 8.7505531311, -11.0382299423], [197.958221436, 1.90357303619, -17.9262371063, -5.07847118378, -2.74689269066, -16.6923046112, -13.1827545166, 14.9650602341, 10.5389280319, 54.7884483337, 20.6274013519, -2.80945158005, 10.1419591904], [43.2474441528, 47.1697769165, 16.5432510376, -12.3766870499, -25.5298614502, -2.58690786362, -11.0682888031, 16.7697658539, 13.6010847092, 20.6274013519, 47.2844429016, 14.4430236816, 15.1480588913], [-15.8746509552, 48.0561256409, 29.0938529968, -4.12650680542, 2.64228820801, 4.98339033127, 30.1706485748, -1.64561140537, 8.7505531311, -2.80945158005, 14.4430236816, 55.2823600769, 30.9444141388], [-129.267288208, 83.3608627319, 32.90076828, -24.3086872101, 7.49157047272, -6.02188205719, 15.3009786606, 3.57578325272, -11.0382299423, 10.1419591904, 15.1480588913, 30.9444141388, 55.0297622681]],
        "icov": [[0.000581371190492, -0.000225675830734, 0.00176688644569, 0.000148184975842, 0.00200611469336, -0.000608692644164, -0.000719306699466, -0.000871251686476, 0.00123491510749, -0.00267495168373, 0.00103032053448, -0.00210310867988, 0.0022732205689], [-0.000225675830734, 0.0156360175461, -0.00405382737517, 0.014318767935, -0.00172084558289, 0.0121133485809, -0.00616962369531, -0.00631448067725, -0.00738859875128, 0.0121611449867, -0.00931181199849, 0.00463963067159, -0.0155507149175], [0.00176688644569, -0.00405382737517, 0.00963731482625, -0.00333047634922, 0.000951715977862, -0.00665893917903, -0.00155223568436, -0.00221206410788, 0.00417259894311, -0.00776443304494, 3.02608605125e-05, -0.00559576833621, 0.00818161014467], [0.000148184975842, 0.014318767935, -0.00333047634922, 0.0286770239472, -0.00368544715457, 0.0182403791696, -0.00723027344793, -0.0129638575017, -0.00579668302089, 0.0111364591867, -0.00575143611059, -0.00258811749518, -0.00150965049397], [0.00200611469336, -0.00172084558289, 0.000951715977862, -0.00368544715457, 0.0311236586422, -0.008454808034, -0.0153705561534, 0.00772378686816, 0.0102080209181, -0.0223714057356, 0.0135348951444, -0.000813183782157, 0.00663399370387], [-0.000608692644164, 0.0121133485809, -0.00665893917903, 0.0182403791696, -0.008454808034, 0.0628796368837, -0.00332265021279, -0.0366639606655, -0.0146656287834, 0.0326851606369, -0.00114580825903, -0.00477311899886, -0.00236889277585], [-0.000719306699466, -0.00616962369531, -0.00155223568436, -0.00723027344793, -0.0153705561534, -0.00332265021279, 0.0307449437678, -0.0035920185037, -0.00760264275596, 0.00591196119785, 0.00843037106097, -0.0112149612978, 0.000175346038304], [-0.000871251686476, -0.00631448067725, -0.00221206410788, -0.0129638575017, 0.00772378686816, -0.0366639606655, -0.0035920185037, 0.0774045959115, -0.0104074841365, -0.0206466075033, -0.0124881295487, 0.0247477460653, -0.0147408647463], [0.00123491510749, -0.00738859875128, 0.00417259894311, -0.00579668302089, 0.0102080209181, -0.0146656287834, -0.00760264275596, -0.0104074841365, 0.0602815821767, -0.025838483125, -0.0015818401007, -0.0237022936344, 0.0394511409104], [-0.00267495168373, 0.0121611449867, -0.00776443304494, 0.0111364591867, -0.0223714057356, 0.0326851606369, 0.00591196119785, -0.0206466075033, -0.025838483125, 0.0607775039971, -0.0205291733146, 0.0165619663894, -0.0288702677935], [0.00103032053448, -0.00931181199849, 3.02608605125e-05, -0.00575143611059, 0.0135348951444, -0.00114580825903, 0.00843037106097, -0.0124881295487, -0.0015818401007, -0.0205291733146, 0.0534634888172, -0.0173559803516, 0.00897576473653], [-0.00210310867988, 0.00463963067159, -0.00559576833621, -0.00258811749518, -0.000813183782157, -0.00477311899886, -0.0112149612978, 0.0247477460653, -0.0237022936344, 0.0165619663894, -0.0173559803516, 0.0572139285505, -0.0438694171607], [0.0022732205689, -0.0155507149175, 0.00818161014467, -0.00150965049397, 0.00663399370387, -0.00236889277585, 0.000175346038304, -0.0147408647463, 0.0394511409104, -0.0288702677935, 0.00897576473653, -0.0438694171607, 0.0766890048981]]
    },
    "melbands": {
        "dmean": [0.000110499277071, 5.90565687162e-05, 5.08078919665e-05, 0.000140424570418, 0.0006192229921, 0.000754744745791, 0.000987968640402, 0.000759632792324, 0.000291213247692, 0.000188710502698, 0.000216872576857, 0.0002089208283, 0.000101744102722, 6.70733861625e-05, 5.32868070877e-05, 4.56427442259e-05, 4.08039231843e-05, 4.16591465182e-05, 4.46344201919e-05, 2.69437205134e-05, 2.76139599009e-05, 1.75728346221e-05, 1.58118928084e-05, 1.4951509911e-05, 1.18308425954e-05, 1.01140594779e-05, 8.89224338607e-06, 7.11390384822e-06, 6.15109001956e-06, 6.52396329315e-06, 6.67618496664e-06, 5.84246163271e-06, 4.87425995743e-06, 2.53057805821e-06, 1.58196633038e-06, 1.58517741511e-06, 6.17991304352e-07, 3.30910268076e-07, 3.58588437166e-07, 5.13378608957e-07],
        "dmean2": [0.000159643648658, 0.000107692241727, 8.76905396581e-05, 0.00020873232279, 0.000999266281724, 0.00126243906561, 0.00159584637731, 0.0012652524747, 0.00043261051178, 0.000328022200847, 0.000397140305722, 0.000373254501028, 0.00018213520525, 0.000117598305224, 0.000101747587905, 8.14878876554e-05, 7.43878554204e-05, 7.15279384167e-05, 8.37469415274e-05, 4.60560695501e-05, 4.95838903589e-05, 2.92721688311e-05, 2.90132011287e-05, 2.55226423178e-05, 2.18899713218e-05, 1.78834870894e-05, 1.60083091032e-05, 1.29179024952e-05, 1.0769529581e-05, 1.14650738396e-05, 1.16544970297e-05, 1.02662879726e-05, 8.56882888911e-06, 4.45868681709e-06, 2.78507241092e-06, 2.79757136923e-06, 1.19661444842e-06, 5.82326777021e-07, 5.81647952913e-07, 9.43901397932e-07],
        "dvar": [5.58720936183e-09, 1.86101822841e-09, 3.72478381472e-09, 4.13566283441e-08, 6.66175708375e-07, 7.98695793947e-07, 9.74535623754e-07, 7.29637406494e-07, 6.00065703793e-08, 2.7043709494e-08, 5.67120466144e-08, 6.87933052745e-08, 1.12552811515e-08, 5.26741272822e-09, 3.42737571657e-09, 3.56385743139e-09, 1.50554924083e-09, 1.33805000413e-09, 2.3123472026e-09, 5.29870980426e-10, 8.57242388186e-10, 3.28114285741e-10, 3.99095839709e-10, 2.51472814794e-10, 1.73015060612e-10, 1.35906147447e-10, 9.34610791536e-11, 6.9358921384e-11, 4.10984059285e-11, 7.77960890153e-11, 7.63810750759e-11, 3.61836359486e-11, 2.42326991806e-11, 1.08535402887e-11, 4.90436467479e-12, 5.20859397279e-12, 9.8948258441e-13, 1.11009292036e-13, 8.57445489394e-14, 2.76156457727e-13],
        "dvar2": [1.86307449468e-08, 5.02434227556e-09, 1.47012952922e-08, 1.01390554619e-07, 1.68716235294e-06, 2.09731615541e-06, 2.54362180385e-06, 2.12337931771e-06, 1.36809916285e-07, 5.34645074879e-08, 1.7378749817e-07, 1.80591712251e-07, 3.15683053032e-08, 1.40529401449e-08, 1.04358592878e-08, 1.00435153527e-08, 4.08510203442e-09, 3.35067751323e-09, 5.33057775698e-09, 1.34085964554e-09, 1.86221271736e-09, 8.31332891416e-10, 9.83184644809e-10, 7.41989303332e-10, 4.98302954455e-10, 3.66525088058e-10, 2.45687414857e-10, 1.87776613703e-10, 1.02332836649e-10, 2.35754776812e-10, 2.35443914365e-10, 1.12713456624e-10, 6.44583483811e-11, 2.51208272933e-11, 1.19124588666e-11, 1.60658587128e-11, 3.17625006158e-12, 3.69930458878e-13, 2.74288187649e-13, 7.11925689841e-13],
        "max": [0.000414020731114, 0.000261758483248, 0.000287068716716, 0.00115862803068, 0.00409926520661, 0.00369760557078, 0.00425491668284, 0.00456424476579, 0.00127634266391, 0.000921635422856, 0.00121476780623, 0.00120845495258, 0.000541519606486, 0.000380555546144, 0.000297734164633, 0.000290581898298, 0.000166726080352, 0.00017834774917, 0.000222517177463, 0.000117467010568, 0.000127378239995, 8.05492018117e-05, 8.89849688974e-05, 7.7144257375e-05, 5.51859884581e-05, 4.84250267618e-05, 3.86631472793e-05, 3.60346930393e-05, 2.63720648945e-05, 3.81772188121e-05, 3.79402808903e-05, 2.60334909399e-05, 2.21921582124e-05, 1.60965901159e-05, 9.52107257035e-06, 1.09862749014e-05, 4.18301988248e-06, 1.62905826073e-06, 1.70317355241e-06, 2.62904836745e-06],
        "mean": [0.000200320690055, 9.97468887363e-05, 6.28335183137e-05, 0.000184473377885, 0.000787809549365, 0.00116758409422, 0.00115981663112, 0.00111803133041, 0.000411426561186, 0.000311613315716, 0.000291897624265, 0.000211134116398, 0.000146955469972, 9.60154429777e-05, 7.61550109019e-05, 6.13021329627e-05, 5.36321131221e-05, 4.8452810006e-05, 5.08238699695e-05, 4.03404774261e-05, 3.75933086616e-05, 2.50630346272e-05, 2.39712135226e-05, 2.08577330341e-05, 1.51355234266e-05, 1.23459331007e-05, 1.08251342681e-05, 8.21294997877e-06, 6.86166549713e-06, 7.05705770088e-06, 6.36647882857e-06, 5.82948769079e-06, 5.53973359274e-06, 3.04218724523e-06, 1.98317593458e-06, 1.93475034393e-06, 7.09320772785e-07, 4.31696520309e-07, 5.59570139558e-07, 8.44887438234e-07],
        "median": [0.000189874597709, 9.07554713194e-05, 4.36076297774e-05, 0.000144688325236, 0.000665553787258, 0.000851464166772, 0.000795754953288, 0.000991517910734, 0.000324217777234, 0.000322291074554, 0.000217571840039, 0.000133756737341, 0.000135841750307, 7.7926008089e-05, 6.46667540423e-05, 5.20182256878e-05, 4.53493412351e-05, 3.79208104277e-05, 3.31354276568e-05, 2.4918708732e-05, 2.29939014389e-05, 1.67892740137e-05, 1.48477201947e-05, 1.50715522977e-05, 9.56654821493e-06, 8.09896027931e-06, 7.26145844965e-06, 5.56379018235e-06, 4.66336086902e-06, 3.95748929805e-06, 3.85149724025e-06, 3.99449663746e-06, 3.25459041051e-06, 1.73013120275e-06, 8.86972543412e-07, 1.16683156648e-06, 4.5126350301e-07, 3.12252012691e-07, 4.75118014265e-07, 6.5856903575e-07],
        "min": [2.88271195359e-07, 1.17379187259e-07, 1.55608717023e-07, 8.99273828736e-08, 5.24677403746e-08, 4.09203160245e-08, 2.80114118567e-08, 1.94972198386e-08, 1.29637873769e-08, 8.06214206506e-09, 5.27997379152e-09, 4.06054612156e-09, 3.02986946643e-09, 2.14525552877e-09, 2.03004923982e-09, 1.39503630869e-09, 1.86757587173e-09, 1.35424826908e-09, 1.11820230853e-09, 9.82809500449e-10, 8.37440339296e-10, 7.24528603779e-10, 6.89180323921e-10, 4.67149763317e-10, 3.89556109592e-10, 3.59698992813e-10, 2.462235138e-10, 2.91313112522e-10, 2.43633002661e-10, 1.89343776769e-10, 1.77006562185e-10, 1.12316052292e-10, 1.34526681461e-10, 9.56570725408e-11, 5.62208335442e-11, 8.38926705882e-11, 9.11599268294e-11, 6.50713441464e-11, 5.71841636543e-11, 5.57826805581e-11],
        "stdev": [9.97616516543e-05, 6.88682339387e-05, 6.68002685416e-05, 0.000216399261262, 0.000833096622955, 0.00097841816023, 0.00116191606503, 0.00101665058173, 0.000344154657796, 0.000237858475884, 0.000261925801169, 0.000254392682109, 0.000117593372124, 8.15618113847e-05, 6.13684314885e-05, 5.45380244148e-05, 4.22976700065e-05, 4.39709074271e-05, 4.85234231746e-05, 3.33654352289e-05, 3.43979227182e-05, 2.25387138926e-05, 2.23961142183e-05, 1.83520714927e-05, 1.40150950756e-05, 1.24028965729e-05, 1.01195973912e-05, 8.1001817307e-06, 7.00323334968e-06, 8.41748169478e-06, 8.59172087075e-06, 6.90366050549e-06, 6.10053757555e-06, 3.86642022931e-06, 2.64198820332e-06, 2.35292395701e-06, 8.84182441041e-07, 4.08725753687e-07, 4.44907271913e-07, 6.71585326018e-07],
        "var": [9.9523864705e-09, 4.74283412544e-09, 4.46227632622e-09, 4.68286387445e-08, 6.94050015682e-07, 9.57302177085e-07, 1.35004904678e-06, 1.03357831449e-06, 1.18442429198e-07, 5.65766562488e-08, 6.86051322418e-08, 6.47156355171e-08, 1.38282008066e-08, 6.65232935404e-09, 3.76608433328e-09, 2.97439628483e-09, 1.78909298487e-09, 1.93344074084e-09, 2.35452257691e-09, 1.11325215713e-09, 1.18321696885e-09, 5.07993591636e-10, 5.0158593945e-10, 3.36798533507e-10, 1.96422891841e-10, 1.53831850036e-10, 1.02406257085e-10, 6.56129456322e-11, 4.90452747859e-11, 7.08539962813e-11, 7.38176603177e-11, 4.76605283017e-11, 3.72165596951e-11, 1.4949206803e-11, 6.98010226008e-12, 5.53625114502e-12, 7.8177855899e-13, 1.6705673032e-13, 1.97942492475e-13, 4.51026829816e-13]
    },
    "melbands128": {
