{
"lowlevel": {
    "average_loudness": 0.209469050169,
    "barkbands_crest": {
        "dmean": 1.46100866795,
        "dmean2": 2.3997862339,
        "dvar": 1.40648508072,
        "dvar2": 3.95935416222,
        "max": 11.5056304932,
        "mean": 6.30066204071,
        "median": 5.94011735916,
        "min": 2.32752418518,
        "stdev": 1.77678275108,
        "var": 3.15695714951
    },
    "barkbands_flatness_db": {
        "dmean": 0.0112930545583,
        "dmean2": 0.0185731668025,
        "dvar": 0.000123192599858,
        "dvar2": 0.000341014878359,
        "max": 0.260080963373,
        "mean": 0.183574214578,
        "median": 0.188063845038,
        "min": 0.0310929398984,
        "stdev": 0.0415882617235,
        "var": 0.00172958360054
    },
    "barkbands_kurtosis": {
        "dmean": 0.8965472579,
        "dmean2": 1.37973701954,
        "dvar": 0.709115684032,
        "dvar2": 1.66485106945,
        "max": 7.03473567963,
        "mean": 2.42613554001,
        "median": 1.70980358124,
        "min": -0.68363904953,
        "stdev": 1.94932329655,
        "var": 3.79986143112
    },
    "barkbands_skewness": {
        "dmean": 0.205439940095,
        "dmean2": 0.317593514919,
        "dvar": 0.0264511108398,
        "dvar2": 0.0643240883946,
        "max": -0.636781036854,
        "mean": -1.41488242149,
        "median": -1.36940205097,
        "min": -2.32997012138,
        "stdev": 0.437588095665,
        "var": 0.191483348608
    },
    "barkbands_spread": {
        "dmean": 2.5209004879,
        "dmean2": 4.10271215439,
        "dvar": 9.49144172668,
        "dvar2": 20.0187454224,
        "max": 48.330909729,
        "mean": 15.0649795532,
        "median": 13.8465414047,
        "min": 8.26537895203,
        "stdev": 5.24123048782,
        "var": 27.470495224
    },
    "dissonance": {
        "dmean": 0.00473357830197,
        "dmean2": 0.00770621700212,
        "dvar": 3.29575450451e-05,
        "dvar2": 5.20192734257e-05,
        "max": 0.5,
        "mean": 0.493936955929,
        "median": 0.495664685965,
        "min": 0.43649315834,
        "stdev": 0.00665099313483,
        "var": 4.42357086285e-05
    },
    "dynamic_complexity": 18.3486976624,
    "erbbands_crest": {
        "dmean": 1.80392873287,
        "dmean2": 2.7806122303,
        "dvar": 2.05208444595,
        "dvar2": 5.27383899689,
        "max": 13.7477331161,
        "mean": 7.6772480011,
        "median": 7.28857088089,
        "min": 3.88293647766,
        "stdev": 1.95602536201,
        "var": 3.82603502274
    },
    "erbbands_flatness_db": {
        "dmean": 0.010907875374,
        "dmean2": 0.0170766208321,
        "dvar": 8.40751090436e-05,
        "dvar2": 0.000214221843635,
        "max": 0.325478196144,
        "mean": 0.262584477663,
        "median": 0.267858326435,
        "min": 0.0981897339225,
        "stdev": 0.03431333974,
        "var": 0.00117740535643
    },
    "erbbands_kurtosis": {
        "dmean": 0.843071997166,
        "dmean2": 1.35469126701,
        "dvar": 0.633178651333,
        "dvar2": 1.54450130463,
        "max": 6.98259544373,
        "mean": 2.41493749619,
        "median": 1.91681909561,
        "min": -0.152809143066,
        "stdev": 1.71648943424,
        "var": 2.94633579254
    },
    "erbbands_skewness": {
        "dmean": 0.244555011392,
        "dmean2": 0.388770133257,
        "dvar": 0.0367122814059,
        "dvar2": 0.0924089923501,
        "max": -0.245305687189,
        "mean": -1.0762578249,
        "median": -1.08855867386,
        "min": -2.08239936829,
        "stdev": 0.433857887983,
        "var": 0.188232675195
    },
    "erbbands_spread": {
        "dmean": 2.15925931931,
        "dmean2": 3.48479366302,
        "dvar": 4.42709445953,
        "dvar2": 9.18705177307,
        "max": 32.092338562,
        "mean": 17.1919536591,
        "median": 16.3342018127,
        "min": 10.3657331467,
        "stdev": 3.84084606171,
        "var": 14.7520990372
    },
    "hfc": {
        "dmean": 12.3084859848,
        "dmean2": 16.4715042114,
        "dvar": 2674.20605469,
        "dvar2": 5994.45898438,
        "max": 644.804016113,
        "mean": 38.1846923828,
        "median": 0.312746822834,
        "min": 7.63118066516e-07,
        "stdev": 106.011688232,
        "var": 11238.4785156
    },
    "loudness_ebu128": {
        "integrated": -17.0990505219,
        "loudness_range": 6.41971588135,
        "momentary": {
            "dmean": 1.67937219143,
            "dmean2": 0.287178903818,
            "dvar": 0.673393130302,
            "dvar2": 0.0669570416212,
            "max": -10.7831773758,
            "mean": -35.0214042664,
            "median": -36.907497406,
            "min": -59.4849700928,
            "stdev": 12.3666162491,
            "var": 152.933197021
        },
        "short_term": {
            "dmean": 2.13990521431,
            "dmean2": 0.202286720276,
            "dvar": 0.0328237488866,
            "dvar2": 0.024947123602,
            "max": -18.9319648743,
            "mean": -22.0406799316,
            "median": -21.9395370483,
            "min": -25.3516807556,
            "stdev": 2.406645298,
            "var": 5.79194116592
        }
    },
    "melbands_crest": {
        "dmean": 1.41322875023,
        "dmean2": 2.31035876274,
        "dvar": 1.36513411999,
        "dvar2": 3.78595113754,
        "max": 10.0510816574,
        "mean": 5.48865461349,
        "median": 5.17050552368,
        "min": 2.73921561241,
        "stdev": 1.51226997375,
        "var": 2.28696036339
    },
    "melbands_flatness_db": {
        "dmean": 0.00824078638107,
        "dmean2": 0.0129418950528,
        "dvar": 3.87147665606e-05,
        "dvar2": 0.000109130131023,
        "max": 0.111324004829,
        "mean": 0.0883263200521,
        "median": 0.091127730906,
        "min": 0.0132417399436,
        "stdev": 0.0145717384294,
        "var": 0.000212335551623
    },
    "melbands_kurtosis": {
        "dmean": 0.381332337856,
        "dmean2": 0.605490148067,
        "dvar": 0.128943368793,
        "dvar2": 0.301338523626,
        "max": 0.89953660965,
        "mean": -0.566572844982,
        "median": -0.592220783234,
        "min": -1.64799427986,
        "stdev": 0.56563270092,
        "var": 0.319940328598
    },
    "melbands_skewness": {
        "dmean": 0.183728590608,
        "dmean2": 0.276986330748,
        "dvar": 0.0257567372173,
        "dvar2": 0.0651133731008,
        "max": 0.341517478228,
        "mean": -0.509981811047,
        "median": -0.452469915152,
        "min": -1.25526571274,
        "stdev": 0.34301930666,
        "var": 0.117662250996
    },
    "melbands_spread": {
        "dmean": 9.44383811951,
        "dmean2": 14.6128501892,
        "dvar": 81.8532714844,
        "dvar2": 197.525527954,
        "max": 146.547821045,
        "mean": 68.6696624756,
        "median": 64.7585525513,
        "min": 39.5314598083,
        "stdev": 20.1526660919,
        "var": 406.129943848
    },
    "pitch_salience": {
        "dmean": 0.0394329018891,
        "dmean2": 0.0560485087335,
        "dvar": 0.000754299690016,
        "dvar2": 0.00194197206292,
        "max": 0.821557879448,
        "mean": 0.621299743652,
        "median": 0.622480392456,
        "min": 0.507801115513,
        "stdev": 0.0495005212724,
        "var": 0.00245030177757
    },
    "silence_rate_20dB": {
        "dmean": 0,
        "dmean2": 0,
        "dvar": 0,
        "dvar2": 0,
        "max": 1,
        "mean": 1,
        "median": 1,
        "min": 1,
        "stdev": 0,
        "var": 0
    },
    "silence_rate_30dB": {
        "dmean": 0,
        "dmean2": 0,
        "dvar": 0,
        "dvar2": 0,
        "max": 1,
        "mean": 1,
        "median": 1,
        "min": 1,
        "stdev": 0,
        "var": 0
    },
    "silence_rate_60dB": {
        "dmean": 0.00714285718277,
        "dmean2": 0.0143884895369,
        "dvar": 0.00709183793515,
        "dvar2": 0.0141814909875,
        "max": 1,
        "mean": 0.815602838993,
        "median": 1,
        "min": 0,
        "stdev": 0.38780772686,
        "var": 0.150394827127
    },
    "spectral_centroid": {
        "dmean": 118.035324097,
        "dmean2": 185.78125,
        "dvar": 6976.38671875,
        "dvar2": 18101.5859375,
        "max": 4500.65039062,
        "mean": 3775.36352539,
        "median": 3713.15795898,
        "min": 3133.80322266,
        "stdev": 363.737579346,
        "var": 132305.015625
    },
    "spectral_complexity": {
        "dmean": 0.842857122421,
        "dmean2": 1.30935251713,
        "dvar": 5.20386838913,
        "dvar2": 8.3143491745,
        "max": 35,
        "mean": 4.40425539017,
        "median": 0,
        "min": 0,
        "stdev": 9.15351963043,
        "var": 83.7869186401
    },
    "spectral_decrease": {
        "dmean": 9.87583001488e-11,
        "dmean2": 1.0075276724e-10,
        "dvar": 1.16021360843e-19,
        "dvar2": 1.10597485868e-19,
        "max": -1.43878885849e-17,
        "mean": -4.19002221808e-10,
        "median": -1.68138055562e-11,
        "min": -4.93361174136e-09,
        "stdev": 9.8134367299e-10,
        "var": 9.63035308793e-19
    },
    "spectral_energy": {
        "dmean": 0.00119373027701,
        "dmean2": 0.00145392725244,
        "dvar": 2.77850231214e-05,
        "dvar2": 4.90072343382e-05,
        "max": 0.0723273605108,
        "mean": 0.00504487846047,
        "median": 9.07675130293e-05,
        "min": 1.23520305095e-10,
        "stdev": 0.0130789624527,
        "var": 0.000171059247805
    },
    "spectral_energyband_high": {
        "dmean": 0.00117172754835,
        "dmean2": 0.00150350655895,
        "dvar": 2.4223483706e-05,
        "dvar2": 5.00007372466e-05,
        "max": 0.063986800611,
        "mean": 0.00421525258571,
        "median": 3.5335400753e-05,
        "min": 6.2284330471e-11,
        "stdev": 0.011139633134,
        "var": 0.000124091428006
    },
    "spectral_energyband_low": {
        "dmean": 2.65587418724e-09,
        "dmean2": 4.36329994358e-09,
        "dvar": 3.60212275174e-17,
        "dvar2": 6.1975011853e-17,
        "max": 7.29636298047e-08,
        "mean": 3.70375508041e-09,
        "median": 7.53120510399e-10,
        "min": 4.59490431814e-12,
        "stdev": 7.84693821032e-09,
        "var": 6.15744380608e-17
    },
    "spectral_energyband_middle_high": {
        "dmean": 0.000187312005437,
        "dmean2": 0.000233910177485,
        "dvar": 3.24603547597e-07,
        "dvar2": 5.37072708084e-07,
        "max": 0.0074703716673,
        "mean": 0.000632595387287,
        "median": 4.82504765387e-05,
        "min": 4.41269139284e-11,
        "stdev": 0.00145155948121,
        "var": 2.10702501136e-06
    },
    "spectral_energyband_middle_low": {
        "dmean": 0.000104438986455,
        "dmean2": 0.000135647918796,
        "dvar": 1.89938603512e-07,
        "dvar2": 4.01336905043e-07,
        "max": 0.00544862775132,
        "mean": 0.000201687813387,
        "median": 5.06035257786e-06,
        "min": 8.47299574253e-12,
        "stdev": 0.000667382089887,
        "var": 4.45398882221e-07
    },
    "spectral_entropy": {
        "dmean": 0.0680084228516,
        "dmean2": 0.103250920773,
        "dvar": 0.00304702948779,
        "dvar2": 0.00754438899457,
        "max": 8.54363059998,
        "mean": 7.88474559784,
        "median": 7.78607368469,
        "min": 7.58893728256,
        "stdev": 0.230123475194,
        "var": 0.052956815809
    },
    "spectral_flux": {
        "dmean": 0.00239643617533,
        "dmean2": 0.00316863902844,
        "dvar": 4.10867978644e-05,
        "dvar2": 7.49979590182e-05,
        "max": 0.188315555453,
        "mean": 0.0236938595772,
        "median": 0.00491539435461,
        "min": 8.64678659127e-05,
        "stdev": 0.0408988818526,
        "var": 0.00167271844111
    },
    "spectral_kurtosis": {
        "dmean": 1.09552443027,
        "dmean2": 1.96429526806,
        "dvar": 1.13341653347,
        "dvar2": 3.76742577553,
        "max": 7.28001117706,
        "mean": 3.32199048996,
        "median": 2.99976062775,
        "min": 0.736679553986,
        "stdev": 1.29839944839,
        "var": 1.68584120274
    },
    "spectral_rms": {
        "dmean": 0.000119284595712,
        "dmean2": 0.000142925753607,
        "dvar": 1.65486312653e-07,
        "dvar2": 2.63531234168e-07,
        "max": 0.00840019527823,
        "mean": 0.00116892007645,
        "median": 0.000297579681501,
        "min": 3.47142076862e-07,
        "stdev": 0.00188559223898,
        "var": 3.55545807906e-06
    },
    "spectral_rolloff": {
        "dmean": 444.199066162,
        "dmean2": 643.672302246,
        "dvar": 369613.96875,
        "dvar2": 566780.1875,
        "max": 14534.9121094,
        "mean": 6793.34570312,
        "median": 5232.56835938,
        "min": 4500.43945312,
        "stdev": 2863.50805664,
        "var": 8199678
    },
    "spectral_skewness": {
        "dmean": 0.143023267388,
        "dmean2": 0.245594516397,
        "dvar": 0.0143156731501,
        "dvar2": 0.0482602603734,
        "max": 1.53533434868,
        "mean": 0.862561047077,
        "median": 0.816160619259,
        "min": 0.34180650115,
        "stdev": 0.274029433727,
        "var": 0.0750921368599
    },
    "spectral_spread": {
        "dmean": 246839.203125,
        "dmean2": 355356.53125,
        "dvar": 60461559808,
        "dvar2": 99785285632,
        "max": 8343393,
        "mean": 3751438,
        "median": 2860973,
        "min": 2341186.5,
        "stdev": 1598826.375,
        "var": 2.55624583578e+12
    },
    "spectral_strongpeak": {
        "dmean": 0.672499060631,
        "dmean2": 1.08312618732,
        "dvar": 3.25614547729,
        "dvar2": 7.79517126083,
        "max": 19.0289134979,
        "mean": 1.49535655975,
        "median": 0.43809530139,
        "min": 0,
        "stdev": 2.70405459404,
        "var": 7.31191110611
    },
    "zerocrossingrate": {
        "dmean": 0.0099225724116,
        "dmean2": 0.0115185193717,
        "dvar": 0.000390496163163,
        "dvar2": 0.00048711404088,
        "max": 0.41748046875,
        "mean": 0.214500918984,
        "median": 0.181640625,
        "min": 0.07470703125,
        "stdev": 0.0719100981951,
        "var": 0.00517106195912
    },
    "barkbands": {
        "dmean": [4.81724615753e-09, 9.73138347682e-10, 5.1449611238e-10, 3.01074165598e-09, 1.17295519431e-06, 2.48925935011e-05, 7.56783483666e-05, 1.51867316163e-05, 1.38040022648e-05, 2.88182718577e-06, 1.53730597958e-05, 1.12859902401e-06, 2.38189750235e-05, 1.14432159535e-05, 1.1947373423e-05, 3.02087282762e-05, 6.2906430685e-05, 1.63238637469e-05, 0.000136543574627, 0.000166609141161, 0.000289461109787, 0.00011484814604, 0.000174798784428, 0.000238013482885, 0.000184583826922, 0.000535961939022, 1.62901898193e-07],
        "dmean2": [8.86493367602e-09, 1.66866997997e-09, 7.87886256237e-10, 4.6870312076e-09, 1.70739951955e-06, 4.53197244497e-05, 0.000113329399028, 1.7829832359e-05, 1.83586107596e-05, 4.17915907747e-06, 2.60485430772e-05, 1.60190461429e-06, 3.72518188669e-05, 1.17752488222e-05, 2.05839132832e-05, 3.82208709198e-05, 0.000109498505481, 2.69771317107e-05, 0.000226682124776, 0.00024443079019, 0.000429585023085, 0.000152593565872, 0.000260538887233, 0.000383452599635, 0.000271482422249, 0.000821973604616, 2.67387832764e-07],
        "dvar": [1.16118780592e-16, 5.96994321976e-18, 3.61555558586e-18, 1.14469766263e-16, 1.91203840955e-11, 2.00523064819e-08, 8.60270219505e-08, 3.73347530669e-09, 1.31809352322e-09, 1.13518069944e-10, 4.33408864353e-09, 1.98281651514e-11, 7.59282947627e-09, 2.24052709719e-09, 2.21005436174e-09, 5.4410542738e-09, 4.69149021853e-08, 2.06200390096e-09, 1.57166326176e-07, 2.43770642783e-07, 1.25908366044e-06, 1.11666629721e-07, 3.18189933068e-07, 8.03101727342e-07, 5.63596813663e-07, 5.74344312554e-06, 1.74146211774e-12],
        "dvar2": [3.28140696115e-16, 1.20522448637e-17, 4.69426486549e-18, 2.14644170709e-16, 3.77388190143e-11, 5.80691903451e-08, 1.89059562672e-07, 6.10315931127e-09, 2.6244113549e-09, 1.78791939587e-10, 1.20682184246e-08, 4.74670372452e-11, 1.82444530594e-08, 2.1271246986e-09, 7.10995173847e-09, 1.1549878387e-08, 1.26035715198e-07, 4.36694636008e-09, 4.20662189526e-07, 6.22242453119e-07, 2.30959085457e-06, 1.79993506322e-07, 8.46419254685e-07, 1.63916229212e-06, 1.4571758129e-06, 1.34071296998e-05, 4.55766934609e-12],
        "max": [9.19369540497e-08, 2.55561065643e-08, 2.51686991248e-08, 1.08789400599e-07, 5.16663130838e-05, 0.00140536576509, 0.00291866227053, 0.000836549559608, 0.00038562741247, 0.000164689845406, 0.000590387789998, 5.78120525461e-05, 0.000955858151428, 0.000619939470198, 0.000432385160821, 0.0009213105659, 0.00219210260548, 0.000463941105409, 0.00405053794384, 0.00513183232397, 0.0132185313851, 0.00567636918277, 0.00548406178132, 0.0110737383366, 0.00933921523392, 0.026235576719, 1.38973364301e-05],
        "mean": [4.80178252715e-09, 1.10815778775e-09, 6.16534989728e-10, 6.07652639317e-09, 1.83720453606e-06, 2.57604006038e-05, 0.000122928788187, 2.26606207434e-05, 2.70728560281e-05, 5.50115146325e-06, 1.84598975466e-05, 2.70075338449e-06, 3.56538876076e-05, 1.99914993573e-05, 1.39707562994e-05, 7.78454195824e-05, 9.07120484044e-05, 3.8458412746e-05, 0.000273668818409, 0.000379617355065, 0.000881181680597, 0.000438013899839, 0.000410596287111, 0.000639954349026, 0.000428621628089, 0.00108950294089, 1.55077643171e-07],
        "median": [9.02728669594e-10, 2.21185639249e-10, 6.70613564679e-11, 2.2953133838e-10, 2.04553387562e-08, 2.63144841028e-07, 3.08544531435e-06, 5.31823900474e-07, 1.07830817342e-06, 2.75504760339e-07, 2.51895994552e-06, 6.76360457419e-07, 1.4935899344e-06, 5.04001604895e-07, 1.97830445359e-06, 7.51946527089e-06, 7.31941781851e-06, 7.46325122236e-06, 6.30990598438e-06, 1.68331280292e-05, 1.5346427972e-05, 6.93209176461e-06, 2.74810054179e-06, 7.79069750934e-07, 1.04750334629e-07, 1.895682189e-08, 2.55353005407e-09],
        "min": [3.85994231369e-12, 2.51411673598e-12, 1.60996311226e-13, 5.09417378072e-13, 3.09508993955e-12, 6.212508806e-13, 1.78559196509e-12, 1.79014864998e-12, 3.70702031354e-13, 1.9226989792e-12, 2.66183516201e-12, 1.52600154735e-12, 2.67830657825e-12, 2.79377801275e-12, 2.68218780519e-12, 3.71770713173e-12, 3.77193545495e-12, 1.05990225277e-11, 8.55331864363e-12, 4.8118431982e-12, 1.05686605301e-11, 3.6160258815e-12, 7.24315789638e-12, 9.27758304209e-12, 1.37747053347e-11, 1.00063585889e-11, 6.8474041541e-12],
        "stdev": [1.12074687308e-08, 2.68787281321e-09, 2.34069919003e-09, 1.80079453571e-08, 6.43262910671e-06, 0.000126137034385, 0.000422290584538, 9.20255115489e-05, 6.65108818794e-05, 2.07563916774e-05, 6.27067056485e-05, 6.85772738507e-06, 0.000124998405227, 8.04500014056e-05, 4.27258455602e-05, 0.0001568087755, 0.000260435539531, 7.7869874076e-05, 0.000720531155821, 0.000897668825928, 0.00216304091737, 0.00106408819556, 0.00102547416463, 0.00184569484554, 0.00131438858807, 0.00361177744344, 1.27749581225e-06],
        "var": [1.25607349546e-16, 7.22465999013e-18, 5.47887255987e-18, 3.242860874e-16, 4.1378719895e-11, 1.59105510988e-08, 1.7832934418e-07, 8.46869419036e-09, 4.42369740838e-09, 4.30827762354e-10, 3.9321310652e-09, 4.70284262921e-11, 1.56246020566e-08, 6.47220232963e-09, 1.82549775296e-09, 2.45889939521e-08, 6.7826668726e-08, 6.063717084e-09, 5.1916515531e-07, 8.0580929307e-07, 4.67874588139e-06, 1.13228372811e-06, 1.05159722352e-06, 3.40658948517e-06, 1.72761735939e-06, 1.30449370772e-05, 1.63199553697e-12]
    },
    "erbbands": {
        "dmean": [5.84942689841e-08, 1.48901150965e-07, 4.7762586064e-07, 1.1645606719e-05, 0.000437708717072, 0.00517303775996, 0.0171762816608, 0.243010029197, 1.18099486828, 0.795742988586, 0.352666765451, 0.338057041168, 0.102698802948, 0.408039838076, 0.293030887842, 0.0659379586577, 0.67156714201, 0.858722150326, 0.624803066254, 0.629536807537, 2.11137270927, 3.43966388702, 0.860800862312, 2.56128001213, 8.79362869263, 6.42587089539, 7.56609153748, 14.0459976196, 6.01250600815, 3.50664973259, 5.64556646347, 3.45853877068, 5.15961170197, 1.5227022171, 1.70764625072, 1.23013150692, 1.35861420631, 0.195061579347, 0.00315717933699, 0.000112357534817],
        "dmean2": [1.05990416444e-07, 2.42383833893e-07, 8.22350557428e-07, 1.57798986038e-05, 0.000618359947111, 0.00828545447439, 0.0251431278884, 0.424031406641, 1.82111954689, 1.23717784882, 0.417223662138, 0.445054769516, 0.168364316225, 0.703479409218, 0.468420445919, 0.0997606813908, 1.11559474468, 0.912949323654, 1.09994792938, 1.01928031445, 2.91802334785, 5.99857997894, 1.30828666687, 4.17614221573, 14.0205020905, 9.54133892059, 10.4780254364, 20.6934375763, 7.28935194016, 6.05384588242, 8.62162780762, 5.68243455887, 8.26712417603, 2.31747913361, 2.50828289986, 1.69720888138, 2.0517334938, 0.302067250013, 0.00478620268404, 0.00017215005937],
        "dvar": [1.15960978883e-14, 1.84382931557e-13, 1.89360961807e-12, 1.85812898401e-09, 2.97656401926e-06, 0.000521277077496, 0.00435381475836, 1.53027045727, 23.0442028046, 7.19983625412, 2.50299525261, 0.846332132816, 0.0565848052502, 3.2802901268, 1.13387739658, 0.0661104544997, 7.03408908844, 13.2573480606, 7.14678525925, 2.65859174728, 29.9666843414, 136.876617432, 4.64849376678, 111.070533752, 586.497192383, 383.9715271, 794.85925293, 2537.11303711, 312.1824646, 125.178459167, 310.98840332, 185.561248779, 337.909423828, 38.8654289246, 46.2992019653, 25.1706161499, 34.7033729553, 0.66391402483, 0.000173917840584, 2.2963132551e-07],
        "dvar2": [3.52043291437e-14, 4.468813286e-13, 3.90754659532e-12, 3.1313718285e-09, 5.38139420314e-06, 0.00128850003239, 0.00935428123921, 4.22222900391, 56.5827026367, 18.0639343262, 4.21557426453, 1.38308334351, 0.173940420151, 9.15135955811, 2.87843561172, 0.170360907912, 16.5522613525, 13.9338788986, 20.6348686218, 8.32076072693, 69.6149215698, 366.051574707, 9.39143180847, 320.135681152, 1636.87390137, 997.579040527, 1110.97363281, 4928.04345703, 518.643066406, 331.184814453, 846.758789062, 327.985992432, 822.163208008, 91.9245758057, 119.869758606, 52.3618812561, 84.7951049805, 1.60175943375, 0.000411473389249, 5.57416001357e-07],
        "max": [1.12877489755e-06, 5.3627068155e-06, 2.65450271399e-05, 0.000536503212061, 0.0184871274978, 0.249361306429, 0.664118289948, 13.2940425873, 41.6286735535, 28.9659748077, 20.5991954803, 10.9903011322, 3.24076795578, 17.7480678558, 9.39093112946, 3.4642636776, 30.1012172699, 50.8345451355, 29.399438858, 16.8321933746, 58.108165741, 110.821792603, 24.3828086853, 140.957336426, 231.988876343, 235.616592407, 335.285491943, 550.999145508, 294.919555664, 121.953529358, 166.921035767, 195.786346436, 192.249542236, 74.9862823486, 81.9602127075, 57.6153907776, 63.2194786072, 8.58250045776, 0.141676232219, 0.00520077906549],
        "mean": [9.13048907591e-08, 2.40504419935e-07, 1.36961034514e-06, 2.80472977465e-05, 0.000947200751398, 0.00682662101462, 0.0298823844641, 0.290367007256, 1.63823831081, 1.15459597111, 0.526892244816, 0.672610938549, 0.282391488552, 0.52103805542, 0.491618663073, 0.151094645262, 1.10984253883, 1.659719944, 0.901517927647, 1.70836102962, 4.86465835571, 5.1598315239, 1.98526585102, 6.47397136688, 15.4843349457, 16.3293476105, 25.0019626617, 39.6347885132, 19.4249305725, 11.075925827, 12.7029056549, 11.862528801, 10.9425592422, 4.60922384262, 3.33797121048, 2.88109183311, 2.55922675133, 0.305471092463, 0.00511810276657, 0.000206574724871],
        "median": [1.32958177801e-08, 3.65066021857e-08, 1.13327736528e-07, 1.0149760783e-06, 2.10933558265e-05, 8.23743321234e-05, 0.000339037302183, 0.00324794626795, 0.0410467199981, 0.0307591091841, 0.00965419691056, 0.0253850799054, 0.016364177689, 0.0274490267038, 0.118291176856, 0.0296631753445, 0.0522992350161, 0.0488985851407, 0.100545309484, 0.160576656461, 0.524738907814, 0.461375594139, 0.378995031118, 0.306178063154, 0.464834213257, 0.807409405708, 0.711866915226, 0.548690438271, 0.323712229729, 0.140440315008, 0.0469708964229, 0.0251199752092, 0.00750921992585, 0.00195741001517, 0.00056456704624, 0.000206385098863, 2.64359441644e-05, 1.86681631931e-06, 4.92744277381e-07, 2.29532162166e-07],
        "min": [1.31866309538e-10, 3.63921642821e-10, 3.33838207078e-10, 8.09896649745e-10, 6.31279606367e-09, 1.14452554101e-08, 7.41356753764e-09, 5.2429580677e-09, 1.81702475288e-08, 3.67893129294e-08, 3.38526007226e-08, 8.80560868666e-09, 3.26177307386e-08, 9.49889695789e-08, 1.01924300111e-07, 5.63310784685e-08, 1.26381507926e-07, 1.12575278877e-07, 1.56736717827e-07, 1.27413301243e-07, 2.66518668468e-07, 1.84436075301e-07, 6.26686301075e-07, 3.34520336764e-07, 5.18494289281e-07, 2.75368307712e-07, 4.93409743285e-07, 2.57213969235e-07, 1.08220895356e-07, 2.57235541312e-07, 1.69352176727e-07, 1.12231802518e-07, 2.03239068242e-07, 1.58509010362e-07, 9.09488022671e-08, 4.22007531142e-08, 2.0367938447e-08, 4.36131264436e-09, 9.79391123757e-10, 8.65594748656e-11],
        "stdev": [1.79355637897e-07, 6.32679018508e-07, 3.95647884943e-06, 8.74051984283e-05, 0.00311473221518, 0.0261334162205, 0.102465681732, 1.26145780087, 5.95806789398, 3.94772458076, 2.18827986717, 1.70248997211, 0.640475213528, 2.14848732948, 1.2147217989, 0.41830560565, 3.97429490089, 6.41231155396, 3.00087094307, 3.4684305191, 9.96584224701, 14.1691112518, 4.01125431061, 17.5134487152, 39.0965118408, 38.1063537598, 58.924571991, 98.5929641724, 50.0946540833, 25.4664859772, 32.2723388672, 32.5974960327, 32.4673538208, 12.8243904114, 11.0479478836, 8.96912097931, 8.50368785858, 1.1022824049, 0.0181783121079, 0.000696550123394],
        "var": [3.21684444761e-14, 4.00282725802e-13, 1.56537231094e-11, 7.63966934159e-09, 9.70155724644e-06, 0.000682955433149, 0.0104992156848, 1.59127569199, 35.4985733032, 15.5845298767, 4.7885684967, 2.89847207069, 0.410208523273, 4.61599731445, 1.47554910183, 0.174979567528, 15.7950201035, 41.1177368164, 9.00522708893, 12.0300102234, 99.3180160522, 200.763717651, 16.0901603699, 306.720916748, 1528.53723145, 1452.09423828, 3472.10498047, 9720.57226562, 2509.47436523, 648.541931152, 1041.50378418, 1062.59680176, 1054.12915039, 164.464996338, 122.057151794, 80.4451370239, 72.312713623, 1.21502661705, 0.00033045100281, 4.85182113152e-07]
    },
    "gfcc": {
        "mean": [-295.217895508, -80.7404022217, -219.085647583, 5.53637123108, -114.404914856, -24.5161361694, -46.8395652771, 1.09429991245, -13.7580814362, 14.4219741821, -10.1855669022, 10.0308494568, -2.97450494766],
        "cov": [[34189.9921875, -7591.75537109, 2301.05078125, -2312.29980469, -2979.85717773, -1263.57983398, -2178.37036133, 163.001327515, -1109.99865723, 1099.82702637, -911.489257812, 144.806228638, -491.865631104], [-7591.75537109, 2201.16015625, -1092.86914062, 677.021911621, 532.573242188, 272.262115479, 541.39654541, -102.852455139, 334.006072998, -299.63873291, 309.472106934, -69.0367126465, 164.023376465], [2301.05078125, -1092.86914062, 1328.34423828, -408.9012146, 135.779541016, -62.4343070984, -190.811813354, 91.9699020386, -243.376205444, 142.883514404, -231.627731323, 55.3715934753, -162.836349487], [-2312.29980469, 677.021911621, -408.9012146, 272.511474609, 133.187225342, 95.797492981, 158.532836914, -22.2232990265, 112.444374084, -97.301399231, 108.535675049, -34.7710151672, 62.2196578979], [-2979.85717773, 532.573242188, 135.779541016, 133.187225342, 432.477050781, 134.633605957, 191.031494141, 6.6207947731, 68.329498291, -72.6553726196, 23.413942337, 12.9450569153, 3.9048409462], [-1263.57983398, 272.262115479, -62.4343070984, 95.797492981, 134.633605957, 98.9604492188, 86.1633071899, 5.04333877563, 41.2878227234, -38.8938179016, 31.7345733643, -10.2483692169, 15.7464666367], [-2178.37036133, 541.39654541, -190.811813354, 158.532836914, 191.031494141, 86.1633071899, 181.150192261, -7.10958051682, 81.4071273804, -76.2954788208, 69.3913040161, -7.58238792419, 28.841381073], [163.001327515, -102.852455139, 91.9699020386, -22.2232990265, 6.6207947731, 5.04333877563, -7.10958051682, 42.279624939, -2.83932638168, 16.1601314545, -19.8178596497, 7.50020503998, -5.64268541336], [-1109.99865723, 334.006072998, -243.376205444, 112.444374084, 68.329498291, 41.2878227234, 81.4071273804, -2.83932638168, 92.7627563477, -30.9555072784, 57.229511261, -0.961380302906, 43.7371444702], [1099.82702637, -299.63873291, 142.883514404, -97.301399231, -72.6553726196, -38.8938179016, -76.2954788208, 16.1601314545, -30.9555072784, 73.5421676636, -25.4277896881, 18.2944259644, -20.0460128784], [-911.489257812, 309.472106934, -231.627731323, 108.535675049, 23.413942337, 31.7345733643, 69.3913040161, -19.8178596497, 57.229511261, -25.4277896881, 88.5921859741, -6.66576862335, 38.2407684326], [144.806228638, -69.0367126465, 55.3715934753, -34.7710151672, 12.9450569153, -10.2483692169, -7.58238792419, 7.50020503998, -0.961380302906, 18.2944259644, -6.66576862335, 29.3986186981, 5.34299945831], [-491.865631104, 164.023376465, -162.836349487, 62.2196578979, 3.9048409462, 15.7464666367, 28.841381073, -5.64268541336, 43.7371444702, -20.0460128784, 38.2407684326, 5.34299945831, 54.3419685364]],
        "icov": [[0.000330748822307, 0.000408433523262, -1.90646878764e-05, 0.00011454273772, 0.00133322610054, -1.39701578519e-05, 0.000682631798554, 0.000460824987385, -0.00020327148377, -0.00072126154555, 0.000578580074944, -0.000588585971855, 0.000714693509508], [0.000408433523262, 0.00904002785683, 0.00188553065527, -0.00333801610395, -0.00378504605033, 0.00234299059957, -0.00693474337459, 0.00748299527913, -0.00488736806437, 0.00574694899842, -0.00558842206374, 0.00561507232487, -0.000632535899058], [-1.90646878764e-05, 0.00188553065527, 0.00808279588819, 0.00383499357849, -0.0105974748731, 0.00307830865495, 0.00156668887939, -0.00856366753578, 0.0141408359632, -0.0037346414756, -0.00170467491262, 0.00454231817275, 0.00010835154535], [0.00011454273772, -0.00333801610395, 0.00383499357849, 0.0270927622914, -0.00502699567005, -0.00262408680283, 0.00551034882665, -0.0116501487792, 0.00129490334075, 0.0066539645195, -0.0110229393467, 0.0162127856165, -0.00385406217538], [0.00133322610054, -0.00378504605033, -0.0105974748731, -0.00502699567005, 0.0279841944575, -0.0113766705617, -0.00292464368977, 0.012482136488, -0.016925631091, -0.00116110593081, 0.0129358712584, -0.01996159181, 0.00768025731668], [-1.39701578519e-05, 0.00234299059957, 0.00307830865495, -0.00262408680283, -0.0113766705617, 0.0271080099046, -0.0036149804946, -0.00825872737914, 0.00640096981078, -0.00220246007666, -0.00421402417123, 0.0138929104432, -0.00531101459637], [0.000682631798554, -0.00693474337459, 0.00156668887939, 0.00551034882665, -0.00292464368977, -0.0036149804946, 0.0404579788446, -0.0165520552546, 0.000540217442904, 0.0109112383798, -0.00943753588945, -0.0130476783961, 0.0150763411075], [0.000460824987385, 0.00748299527913, -0.00856366753578, -0.0116501487792, 0.012482136488, -0.00825872737914, -0.0165520552546, 0.0543773919344, -0.0263737663627, -0.0027706453111, 0.0124042304233, -0.00466759456322, -0.00287516228855], [-0.00020327148377, -0.00488736806437, 0.0141408359632, 0.00129490334075, -0.016925631091, 0.00640096981078, 0.000540217442904, -0.0263737663627, 0.0670725405216, -0.0251819994301, 0.00227047852241, 0.00206688209437, -0.0149349449202], [-0.00072126154555, 0.00574694899842, -0.0037346414756, 0.0066539645195, -0.00116110593081, -0.00220246007666, 0.0109112383798, -0.0027706453111, -0.0251819994301, 0.060563236475, -0.0271724890918, -0.0121607249603, 0.0148845734075], [0.000578580074944, -0.00558842206374, -0.00170467491262, -0.0110229393467, 0.0129358712584, -0.00421402417123, -0.00943753588945, 0.0124042304233, 0.00227047852241, -0.0271724890918, 0.0476821213961, -0.00926237739623, -0.00828847754747], [-0.000588585971855, 0.00561507232487, 0.00454231817275, 0.0162127856165, -0.01996159181, 0.0138929104432, -0.0130476783961, -0.00466759456322, 0.00206688209437, -0.0121607249603, -0.00926237739623, 0.0833856984973, -0.0312088951468], [0.000714693509508, -0.000632535899058, 0.00010835154535, -0.00385406217538, 0.00768025731668, -0.00531101459637, 0.0150763411075, -0.00287516228855, -0.0149349449202, 0.0148845734075, -0.00828847754747, -0.0312088951468, 0.0506167598069]]
    },
    "melbands": {
        "dmean": [4.80687600835e-10, 2.11621983826e-10, 1.28451915771e-08, 1.5901376571e-07, 4.92583126288e-07, 6.07770289207e-06, 1.80563438335e-05, 7.1422396104e-06, 2.67644668384e-06, 2.15047430174e-06, 4.91854734719e-07, 1.5241988649e-06, 1.54485667281e-06, 1.50646272346e-07, 2.22899188884e-07, 2.69707402367e-06, 1.5652218508e-06, 9.63783008956e-07, 6.80197956626e-07, 1.67411474195e-06, 2.45663818532e-06, 4.84518204757e-06, 8.64675087087e-07, 8.33009380585e-07, 2.36081427829e-06, 6.69562314215e-06, 3.3851479202e-06, 5.86682290304e-06, 5.44181830264e-06, 1.07085361378e-05, 7.2853281381e-06, 4.28970542998e-06, 1.62794094649e-06, 2.96478469863e-06, 3.98159181714e-06, 2.57727401731e-06, 2.15642444346e-06, 5.1388369684e-06, 2.00419344765e-06, 1.13861381124e-06],
        "dmean2": [8.23823897989e-10, 3.34742789043e-10, 1.98048244471e-08, 2.35739662457e-07, 7.09211178673e-07, 1.0611171092e-05, 2.69576248684e-05, 1.1601746337e-05, 3.22225309901e-06, 2.82894120573e-06, 8.22084814445e-07, 2.62695493802e-06, 2.59033777184e-06, 2.10694196312e-07, 3.23567149962e-07, 4.43009002993e-06, 1.62084722888e-06, 1.68970643699e-06, 1.16965861707e-06, 2.43613135353e-06, 3.53095038008e-06, 8.38007053972e-06, 1.35145535296e-06, 1.37436688874e-06, 4.11659084421e-06, 1.04817527244e-05, 5.89633555137e-06, 8.76017293194e-06, 7.93020080891e-06, 1.60241579579e-05, 1.02578469523e-05, 5.82750317335e-06, 2.42336659539e-06, 5.20434332429e-06, 6.46195576337e-06, 3.77133346774e-06, 3.19307787322e-06, 7.97496250016e-06, 3.19075638799e-06, 1.74566343958e-06],
        "dvar": [7.60029263245e-19, 7.14317970126e-19, 2.2081469191e-15, 4.4298394705e-13, 2.99698568913e-12, 8.55947090983e-10, 5.15873121998e-09, 6.62983223876e-10, 1.5218055982e-10, 3.13551407061e-11, 1.41761071198e-12, 4.51923116984e-11, 3.66642237404e-11, 2.24105903648e-13, 9.41284268412e-13, 1.01275883513e-10, 4.68609769044e-11, 1.51367651052e-11, 6.17145440654e-12, 1.53747153897e-11, 4.34516762848e-11, 2.8006499897e-10, 4.4435579348e-12, 7.51954488259e-12, 1.08642581043e-10, 3.13877257518e-10, 1.01947138231e-10, 3.24849425137e-10, 2.76608597138e-10, 1.52559720412e-09, 5.86926673929e-10, 1.59759289131e-10, 2.42456402177e-11, 8.3616162605e-11, 1.6536431946e-10, 6.41820416258e-11, 7.07866820715e-11, 3.15144133012e-10, 6.01909772024e-11, 1.60040869446e-11],
        "dvar2": [1.80205101475e-18, 1.01328725479e-18, 4.72453039825e-15, 9.82255617989e-13, 5.31749861157e-12, 2.37869279829e-09, 1.20220526867e-08, 1.67192615308e-09, 2.10607115081e-10, 5.58494257785e-11, 4.61197659923e-12, 1.25462890077e-10, 9.83450473835e-11, 4.74643761794e-13, 1.93150421872e-12, 2.4531168763e-10, 4.17202210279e-11, 4.18737405861e-11, 2.03422174938e-11, 3.77515588235e-11, 1.09157946571e-10, 7.56207430008e-10, 1.10923570676e-11, 1.49838318836e-11, 3.26912191762e-10, 7.99631749704e-10, 3.0134811313e-10, 8.93985219186e-10, 4.39545677633e-10, 2.82501577686e-09, 1.27021981822e-09, 2.89127638498e-10, 4.90039953061e-11, 2.46953985039e-10, 4.83738105128e-10, 1.40517181224e-10, 1.14531092943e-10, 7.85135068071e-10, 1.55254545331e-10, 3.46699856324e-11],
        "max": [8.61960991472e-09, 1.06892823482e-08, 4.70364881267e-07, 7.83573159424e-06, 1.91837352759e-05, 0.000304131710436, 0.000682150712237, 0.000277253886452, 0.000155481116963, 7.18259034329e-05, 1.5505900592e-05, 6.59234574414e-05, 5.27245538251e-05, 6.33893478152e-06, 1.53592645802e-05, 0.000109274456918, 9.40641766647e-05, 4.4311855163e-05, 2.18575678446e-05, 4.99381349073e-05, 6.17118712398e-05, 0.000161960560945, 2.31535577768e-05, 2.80624317384e-05, 0.000126777042169, 0.000182167947059, 0.000103102429421, 0.000209106918192, 0.000194806838408, 0.000396301038563, 0.000257059844444, 0.000191020779312, 6.80863013258e-05, 7.57801317377e-05, 0.000103963786387, 0.000101864039607, 0.000126640457893, 0.000189544807654, 9.02714236872e-05, 4.5928201871e-05],
        "mean": [6.57869203557e-10, 2.68211314269e-10, 2.10309583082e-08, 2.43965075697e-07, 8.2075496266e-07, 6.79252525515e-06, 2.58727231994e-05, 1.05045883174e-05, 4.02327987103e-06, 4.28022258347e-06, 1.18704656416e-06, 1.88603905826e-06, 2.15140335058e-06, 4.0098871068e-07, 4.52223929415e-07, 4.05156015404e-06, 2.98836630463e-06, 1.4392498997e-06, 9.43181021285e-07, 4.75090519103e-06, 5.18538126926e-06, 6.55007806927e-06, 1.75399782165e-06, 1.81090592832e-06, 4.89390777147e-06, 1.24949601741e-05, 6.6989186962e-06, 1.3113633031e-05, 1.55318666657e-05, 2.25573912758e-05, 2.17477918341e-05, 1.18361003842e-05, 5.98914448346e-06, 6.3675806814e-06, 7.74805266701e-06, 7.10613903721e-06, 6.98934081811e-06, 9.47823900788e-06, 4.27384156865e-06, 3.43265082847e-06],
        "median": [1.35074521013e-10, 4.10409276008e-11, 5.89856719024e-10, 3.87342113939e-09, 7.96901655775e-09, 6.3254702809e-08, 6.34583727788e-07, 2.88502832291e-07, 7.43949755133e-08, 1.55913113531e-07, 7.86161677979e-08, 6.55542393702e-08, 3.82741689009e-07, 1.23849034139e-07, 3.47899273834e-08, 1.76347100478e-07, 7.25149575942e-08, 1.56998780199e-07, 1.00677603143e-07, 4.42033240233e-07, 5.12085534865e-07, 5.33844058737e-07, 3.65398960867e-07, 2.58889400584e-07, 2.07243928685e-07, 3.00137202203e-07, 3.25869791595e-07, 6.28725217666e-07, 4.84891245378e-07, 3.98261249757e-07, 2.86048646103e-07, 1.7917545847e-07, 1.02702450988e-07, 8.35594349269e-08, 2.99704296935e-08, 2.06874748443e-08, 1.33975888161e-08, 5.8161009342e-09, 3.44870221269e-09, 1.04450192939e-09],
        "min": [1.12422820619e-12, 2.62828252001e-13, 2.98993794133e-13, 6.81431527958e-13, 3.16991794142e-13, 1.21202229026e-13, 3.04158553812e-13, 4.12779511093e-13, 2.42634092072e-13, 4.32071879089e-14, 1.67084309713e-13, 3.76979643248e-13, 3.60809228632e-13, 1.95706962463e-13, 1.79314110218e-13, 2.72831968606e-13, 2.10649287727e-13, 2.66028247608e-13, 2.23294324112e-13, 1.16965058515e-13, 3.94956257369e-13, 1.76041595038e-13, 3.09197302093e-13, 6.60521388019e-13, 2.02243942622e-13, 3.6254744866e-13, 3.10192545478e-13, 1.34470071796e-13, 2.86221811226e-13, 2.47611067934e-13, 1.21332428154e-13, 5.56644608066e-14, 7.02791164565e-14, 1.80467552252e-13, 1.10505381972e-13, 5.50619154492e-14, 6.26987814423e-14, 1.33973805357e-13, 1.48831644166e-13, 1.34669456576e-13],
        "stdev": [1.19393350761e-09, 9.86104198297e-10, 7.11241909812e-08, 8.84424707692e-07, 2.80580434264e-06, 2.91448923235e-05, 9.32401962928e-05, 3.6517780245e-05, 1.71748160938e-05, 1.06495617729e-05, 2.72781880994e-06, 8.07116703072e-06, 6.17672321823e-06, 8.54482266277e-07, 1.81273594535e-06, 1.41818482007e-05, 1.20039348985e-05, 4.64581580673e-06, 2.52922632171e-06, 9.27303699427e-06, 1.09150360004e-05, 1.92636816791e-05, 3.46935848938e-06, 4.34803496319e-06, 1.43731822391e-05, 3.21744591929e-05, 1.60387862707e-05, 3.18615457218e-05, 3.50306399923e-05, 6.02510299359e-05, 5.26267904206e-05, 3.14372700814e-05, 1.39966487041e-05, 1.51387775986e-05, 2.00153772312e-05, 1.83226475201e-05, 2.01008388103e-05, 2.88597802864e-05, 1.25746955746e-05, 9.35706975724e-06],
