{
"lowlevel": {
    "average_loudness": 0.99068403244,
    "barkbands_crest": {
        "dmean": 2.95697069168,
        "dmean2": 4.33649969101,
        "dvar": 8.30156517029,
        "dvar2": 19.1049747467,
        "max": 26.1889476776,
        "mean": 11.369931221,
        "median": 8.81184577942,
        "min": 3.49533057213,
        "stdev": 6.98928976059,
        "var": 48.8501739502
    },
    "barkbands_flatness_db": {
        "dmean": 0.030876763165,
        "dmean2": 0.0396754331887,
        "dvar": 0.00114884180948,
        "dvar2": 0.00188986654393,
        "max": 0.366477608681,
        "mean": 0.124640621245,
        "median": 0.0837572365999,
        "min": 0.0296306312084,
        "stdev": 0.0821126252413,
        "var": 0.00674248347059
    },
    "barkbands_kurtosis": {
        "dmean": 14.2084980011,
        "dmean2": 21.8810997009,
        "dvar": 1089.45288086,
        "dvar2": 3496.57177734,
        "max": 197.085205078,
        "mean": 14.5220661163,
        "median": 0.0705082416534,
        "min": -1.8225505352,
        "stdev": 38.4810523987,
        "var": 1480.79138184
    },
    "barkbands_skewness": {
        "dmean": 1.13561117649,
        "dmean2": 1.59099519253,
        "dvar": 2.43162059784,
        "dvar2": 6.97995519638,
        "max": 12.8440713882,
        "mean": 1.60632359982,
        "median": 0.464923918247,
        "min": -1.50087916851,
        "stdev": 3.2664077282,
        "var": 10.6694192886
    },
    "barkbands_spread": {
        "dmean": 10.7934036255,
        "dmean2": 15.4767847061,
        "dvar": 136.228546143,
        "dvar2": 213.675201416,
        "max": 124.560096741,
        "mean": 43.5843963623,
        "median": 30.321685791,
        "min": 0.690059542656,
        "stdev": 35.5785598755,
        "var": 1265.8338623
    },
    "dissonance": {
        "dmean": 0.0163116846234,
        "dmean2": 0.0250086132437,
        "dvar": 0.000901537598111,
        "dvar2": 0.00173095671926,
        "max": 0.499932378531,
        "mean": 0.479252874851,
        "median": 0.490696489811,
        "min": 0.319170713425,
        "stdev": 0.033022813499,
        "var": 0.00109050632454
    },
    "dynamic_complexity": 15.9295330048,
    "erbbands_crest": {
        "dmean": 3.1508872509,
        "dmean2": 5.16506624222,
        "dvar": 12.7533550262,
        "dvar2": 33.7935409546,
        "max": 27.7647418976,
        "mean": 9.74179267883,
        "median": 7.4617023468,
        "min": 2.94474005699,
        "stdev": 6.53563642502,
        "var": 42.7145462036
    },
    "erbbands_flatness_db": {
        "dmean": 0.0310404505581,
        "dmean2": 0.0425557009876,
        "dvar": 0.00101786747109,
        "dvar2": 0.00212045945227,
        "max": 0.327603846788,
        "mean": 0.143880978227,
        "median": 0.150090932846,
        "min": 0.0475748591125,
        "stdev": 0.0699897781014,
        "var": 0.00489856954664
    },
    "erbbands_kurtosis": {
        "dmean": 2.47448182106,
        "dmean2": 3.97199940681,
        "dvar": 16.7898483276,
        "dvar2": 52.3001785278,
        "max": 21.3572540283,
        "mean": 1.4035936594,
        "median": 0.0710566043854,
        "min": -1.71822082996,
        "stdev": 4.49586248398,
        "var": 20.2127799988
    },
    "erbbands_skewness": {
        "dmean": 0.696456551552,
        "dmean2": 1.09471797943,
        "dvar": 0.492595046759,
        "dvar2": 1.3246024847,
        "max": 4.54436588287,
        "mean": 0.166285425425,
        "median": -0.293260216713,
        "min": -1.99994361401,
        "stdev": 1.3868200779,
        "var": 1.92326998711
    },
    "erbbands_spread": {
        "dmean": 19.5832977295,
        "dmean2": 31.1618404388,
        "dvar": 403.85269165,
        "dvar2": 1050.75744629,
        "max": 139.729873657,
        "mean": 52.5346374512,
        "median": 38.9590301514,
        "min": 5.53052377701,
        "stdev": 34.318611145,
        "var": 1177.76696777
    },
    "hfc": {
        "dmean": 2.12585473061,
        "dmean2": 3.66257214546,
        "dvar": 41.6079826355,
        "dvar2": 72.1090087891,
        "max": 42.1165275574,
        "mean": 2.62164473534,
        "median": 0.0440885424614,
        "min": 8.26430408551e-08,
        "stdev": 7.276055336,
        "var": 52.9409790039
    },
    "loudness_ebu128": {
        "integrated": -21.4635696411,
        "loudness_range": 0,
        "momentary": {
            "dmean": 4.95561695099,
            "dmean2": 7.22002077103,
            "dvar": 29.2289295197,
            "dvar2": 61.0951538086,
            "max": -17.4163608551,
            "mean": -31.8109741211,
            "median": -31.0259628296,
            "min": -58.9642562866,
            "stdev": 12.2621240616,
            "var": 150.359680176
        },
        "short_term": {
            "dmean": 0,
            "dmean2": 0,
            "dvar": 0,
            "dvar2": 0,
            "max": -25.7585926056,
            "mean": -25.7585926056,
            "median": -25.7585926056,
            "min": -25.7585926056,
            "stdev": 0,
            "var": 0
        }
    },
    "melbands_crest": {
        "dmean": 3.73153424263,
        "dmean2": 5.96613788605,
        "dvar": 10.5592288971,
        "dvar2": 24.7167682648,
        "max": 31.3120498657,
        "mean": 16.1057929993,
        "median": 15.979883194,
        "min": 3.05060386658,
        "stdev": 8.76064968109,
        "var": 76.7489776611
    },
    "melbands_flatness_db": {
        "dmean": 0.0395317301154,
        "dmean2": 0.0511825717986,
        "dvar": 0.00163253897335,
        "dvar2": 0.00257284799591,
        "max": 0.453169643879,
        "mean": 0.153640851378,
        "median": 0.125835418701,
        "min": 0.0239916741848,
        "stdev": 0.119080305099,
        "var": 0.0141801191494
    },
    "melbands_kurtosis": {
        "dmean": 28.307598114,
        "dmean2": 43.6140823364,
        "dvar": 2027.62438965,
        "dvar2": 5064.11376953,
        "max": 408.754577637,
        "mean": 43.0362472534,
        "median": 6.42766189575,
        "min": -1.35279095173,
        "stdev": 79.0904998779,
        "var": 6255.30761719
    },
    "melbands_skewness": {
        "dmean": 1.56001889706,
        "dmean2": 2.38450574875,
        "dvar": 2.72504758835,
        "dvar2": 5.87885904312,
        "max": 15.5264253616,
        "mean": 3.83880758286,
        "median": 2.71867847443,
        "min": -0.555951535702,
        "stdev": 4.13458538055,
        "var": 17.0947952271
    },
    "melbands_spread": {
        "dmean": 18.7806167603,
        "dmean2": 30.2389011383,
        "dvar": 535.256652832,
        "dvar2": 1136.9387207,
        "max": 180.684234619,
        "mean": 53.3196334839,
        "median": 45.1400413513,
        "min": 0.807877123356,
        "stdev": 47.5913963318,
        "var": 2264.94116211
    },
    "pitch_salience": {
        "dmean": 0.0869415849447,
        "dmean2": 0.131585210562,
        "dvar": 0.00796974822879,
        "dvar2": 0.0178721081465,
        "max": 0.815199136734,
        "mean": 0.577095150948,
        "median": 0.628069579601,
        "min": 0.0890325605869,
        "stdev": 0.204797148705,
        "var": 0.0419418737292
    },
    "silence_rate_20dB": {
        "dmean": 0,
        "dmean2": 0,
        "dvar": 0,
        "dvar2": 0,
        "max": 1,
        "mean": 1,
        "median": 1,
        "min": 1,
        "stdev": 0,
        "var": 0
    },
    "silence_rate_30dB": {
        "dmean": 0.0253164563328,
        "dmean2": 0.0512820519507,
        "dvar": 0.0246754921973,
        "dvar2": 0.0486521348357,
        "max": 1,
        "mean": 0.975000023842,
        "median": 1,
        "min": 0,
        "stdev": 0.156124979258,
        "var": 0.0243750102818
    },
    "silence_rate_60dB": {
        "dmean": 0.0759493634105,
        "dmean2": 0.153846159577,
        "dvar": 0.0701810494065,
        "dvar2": 0.13017731905,
        "max": 1,
        "mean": 0.862500011921,
        "median": 1,
        "min": 0,
        "stdev": 0.344374716282,
        "var": 0.118593946099
    },
    "spectral_centroid": {
        "dmean": 575.618469238,
        "dmean2": 823.985839844,
        "dvar": 881876.75,
        "dvar2": 1172421.625,
        "max": 11376.53125,
        "mean": 2225.89550781,
        "median": 2372.35864258,
        "min": 257.738433838,
        "stdev": 1601.84436035,
        "var": 2565905.5
    },
    "spectral_complexity": {
        "dmean": 1.36708855629,
        "dmean2": 1.5897436142,
        "dvar": 7.27031946182,
        "dvar2": 11.3701505661,
        "max": 24,
        "mean": 1.72500002384,
        "median": 0,
        "min": 0,
        "stdev": 4.10479688644,
        "var": 16.8493556976
    },
    "spectral_decrease": {
        "dmean": 1.60362600976e-09,
        "dmean2": 2.73130251749e-09,
        "dvar": 3.84853092267e-17,
        "dvar2": 6.93296599677e-17,
        "max": -5.90109770116e-19,
        "mean": -1.59218971341e-09,
        "median": -4.64137756007e-12,
        "min": -4.2500897024e-08,
        "stdev": 6.71285249609e-09,
        "var": 4.50623910219e-17
    },
    "spectral_energy": {
        "dmean": 0.00623828778043,
        "dmean2": 0.0106405178085,
        "dvar": 0.000574404024519,
        "dvar2": 0.0010330757359,
        "max": 0.16401578486,
        "mean": 0.00624706642702,
        "median": 2.58083637164e-05,
        "min": 9.72317799192e-12,
        "stdev": 0.0259427949786,
        "var": 0.000673028640449
    },
    "spectral_energyband_high": {
        "dmean": 6.24175445409e-05,
        "dmean2": 8.40507127577e-05,
        "dvar": 3.83023923689e-08,
        "dvar2": 5.6612289967e-08,
        "max": 0.00178200472146,
        "mean": 9.64358478086e-05,
        "median": 1.5163009266e-06,
        "min": 5.30710935268e-12,
        "stdev": 0.000293578370474,
        "var": 8.61882512027e-08
    },
    "spectral_energyband_low": {
        "dmean": 0.000227287746384,
        "dmean2": 0.000432228436694,
        "dvar": 1.3926852489e-06,
        "dvar2": 4.03697049478e-06,
        "max": 0.00788805726916,
        "mean": 0.000128252009745,
        "median": 3.52955908056e-07,
        "min": 1.58825242454e-12,
        "stdev": 0.000884074019268,
        "var": 7.81586834364e-07
    },
    "spectral_energyband_middle_high": {
        "dmean": 0.00019267789321,
        "dmean2": 0.000272358447546,
        "dvar": 2.61429477177e-07,
        "dvar2": 5.59590205285e-07,
        "max": 0.00386142521165,
        "mean": 0.000241829780862,
        "median": 3.01658246826e-06,
        "min": 8.06662516731e-13,
        "stdev": 0.000615486758761,
        "var": 3.78823926894e-07
    },
    "spectral_energyband_middle_low": {
        "dmean": 0.00603924924508,
        "dmean2": 0.0104102985933,
        "dvar": 0.000575636164285,
        "dvar2": 0.00104554183781,
        "max": 0.162843316793,
        "mean": 0.00588500499725,
        "median": 3.64323727808e-06,
        "min": 9.55698953135e-13,
        "stdev": 0.0257894918323,
        "var": 0.00066509784665
    },
    "spectral_entropy": {
        "dmean": 0.285695046186,
        "dmean2": 0.382928073406,
        "dvar": 0.113866008818,
        "dvar2": 0.19068056345,
        "max": 9.79775428772,
        "mean": 7.97278213501,
        "median": 8.21430969238,
        "min": 5.56242179871,
        "stdev": 0.793409764767,
        "var": 0.629499077797
    },
    "spectral_flux": {
        "dmean": 0.0177448820323,
        "dmean2": 0.0243913475424,
        "dvar": 0.00222413893789,
        "dvar2": 0.00271715922281,
        "max": 0.38236066699,
        "mean": 0.0320623330772,
        "median": 0.00350266136229,
        "min": 2.24548057304e-05,
        "stdev": 0.0757232010365,
        "var": 0.00573400361463
    },
    "spectral_kurtosis": {
        "dmean": 1.52087986469,
        "dmean2": 2.11097955704,
        "dvar": 5.09024858475,
        "dvar2": 9.71687602997,
        "max": 21.9940414429,
        "mean": 3.41005706787,
        "median": 2.22147321701,
        "min": -1.25598561764,
        "stdev": 3.52288389206,
        "var": 12.4107112885
    },
    "spectral_rms": {
        "dmean": 0.000631493865512,
        "dmean2": 0.000910417700652,
        "dvar": 3.00576880363e-06,
        "dvar2": 4.44036140834e-06,
        "max": 0.0126497196034,
        "mean": 0.00093975069467,
        "median": 0.000158672977705,
        "min": 9.73962386297e-08,
        "stdev": 0.00228288536891,
        "var": 5.21156562172e-06
    },
    "spectral_rolloff": {
        "dmean": 1511.95788574,
        "dmean2": 2275.89379883,
        "dvar": 5162266.5,
        "dvar2": 9778623,
        "max": 18346.2890625,
        "mean": 6005.87841797,
        "median": 5329.46777344,
        "min": 193.798828125,
        "stdev": 5153.56542969,
        "var": 26559236
    },
    "spectral_skewness": {
        "dmean": 0.249404489994,
        "dmean2": 0.342004835606,
        "dvar": 0.0980239585042,
        "dvar2": 0.184389621019,
        "max": 3.53736424446,
        "mean": 1.31872880459,
        "median": 1.18011522293,
        "min": -0.0517813079059,
        "stdev": 0.553873717785,
        "var": 0.306776106358
    },
    "spectral_spread": {
        "dmean": 1610151.5,
        "dmean2": 2302036.5,
        "dvar": 1.47605264794e+13,
        "dvar2": 1.69565287875e+13,
        "max": 42846544,
        "mean": 7370752,
        "median": 6473026,
        "min": 1961878.625,
        "stdev": 4848632.5,
        "var": 2.35092374979e+13
    },
    "spectral_strongpeak": {
        "dmean": 0.260411143303,
        "dmean2": 0.422663062811,
        "dvar": 0.376543462276,
        "dvar2": 0.977971971035,
        "max": 4.08274507523,
        "mean": 0.269803196192,
        "median": 0.0379494987428,
        "min": 0,
        "stdev": 0.617071628571,
        "var": 0.380777418613
    },
    "zerocrossingrate": {
        "dmean": 0.030638102442,
        "dmean2": 0.0360576920211,
        "dvar": 0.00139570538886,
        "dvar2": 0.00205502822064,
        "max": 0.48388671875,
        "mean": 0.156414791942,
        "median": 0.1640625,
        "min": 0.01416015625,
        "stdev": 0.085585705936,
        "var": 0.00732491258532
    },
    "barkbands": {
        "dmean": [3.90036211684e-06, 4.02297501978e-07, 4.5290820708e-05, 0.000388185755583, 0.00571012217551, 0.000184422926395, 0.000125492209918, 0.000181062758202, 3.15463657898e-05, 3.79197967959e-06, 7.18315322956e-06, 5.75745252718e-06, 5.73570514462e-06, 2.59107673628e-05, 8.98454527487e-05, 1.19163423733e-05, 1.21387638501e-05, 2.34513754549e-05, 2.77126764558e-05, 3.25093606079e-05, 1.70840339706e-05, 1.38914738272e-05, 8.32523710415e-06, 8.66442314873e-06, 1.30518301376e-05, 2.13398584492e-06, 5.05940079165e-07],
        "dmean2": [6.6527677518e-06, 6.95946823726e-07, 8.91936506378e-05, 0.000623299041763, 0.00999931059778, 0.000335937918862, 0.000222907372518, 0.000351221067831, 5.5410546338e-05, 6.00461999056e-06, 1.06930228867e-05, 7.94574134488e-06, 1.00880588434e-05, 4.28143939644e-05, 0.000141081764014, 1.72220225068e-05, 1.88004214579e-05, 3.2472624298e-05, 4.1433286242e-05, 4.91372848046e-05, 2.48291144089e-05, 2.1555197236e-05, 1.2780695215e-05, 1.30986582008e-05, 2.00531976589e-05, 3.54089206667e-06, 8.14412658201e-07],
        "dvar": [1.95185756446e-10, 1.32784267522e-12, 5.83460888492e-08, 3.20670324072e-06, 0.000550549419131, 4.6665391551e-07, 2.02809602001e-07, 5.65911363992e-07, 1.14570868348e-08, 9.92032081482e-11, 2.80151429832e-10, 2.24978091712e-10, 1.56994334199e-10, 2.98197933013e-09, 1.16262839356e-07, 1.1391890764e-09, 2.28921592793e-09, 2.49980769418e-09, 5.50091883156e-09, 1.13595497453e-08, 2.36745889559e-09, 2.08795269963e-09, 5.82908998847e-10, 7.99026289577e-10, 3.15389203642e-09, 9.67416632913e-11, 5.10365361084e-12],
        "dvar2": [6.29575780398e-10, 3.4787843179e-12, 1.72575255419e-07, 7.69924827182e-06, 0.00106382917147, 1.30401235765e-06, 5.4681987649e-07, 1.638635581e-06, 3.05284473257e-08, 2.38485980963e-10, 5.2583093435e-10, 3.46461970224e-10, 3.56309010074e-10, 7.03029501281e-09, 2.88487512989e-07, 2.34206476435e-09, 5.78192693723e-09, 4.97227770069e-09, 1.19237899554e-08, 2.24997780407e-08, 5.36466782108e-09, 3.75258579766e-09, 1.38685607443e-09, 1.9001096252e-09, 7.66772423333e-09, 2.56469151472e-10, 1.28883301601e-11],
        "max": [8.44369933475e-05, 7.14940870239e-06, 0.00157296913676, 0.0131813660264, 0.154653698206, 0.00425450783223, 0.00277142273262, 0.00470492010936, 0.000693919078913, 5.88111724937e-05, 0.000143918514368, 0.000145196492667, 6.43740204396e-05, 0.000307735346723, 0.00262745749205, 0.00020841168589, 0.000412593421061, 0.000320670864312, 0.000471846404253, 0.000952475005761, 0.000397081108531, 0.000390559405787, 0.000187908226508, 0.000242025387706, 0.000448642269475, 7.37042209948e-05, 1.7515527361e-05],
        "mean": [3.24987991007e-06, 3.45979941585e-07, 2.40125937125e-05, 0.000294193800073, 0.00526638422161, 0.000114909060358, 8.08939075796e-05, 0.000101731580799, 2.5186154744e-05, 3.43288229487e-06, 8.30325734569e-06, 8.36485287437e-06, 7.06555647412e-06, 2.98714730889e-05, 7.92314021965e-05, 1.43107590702e-05, 1.30977177832e-05, 2.61600835074e-05, 2.98867034871e-05, 4.44484030595e-05, 1.90113041754e-05, 1.86672368727e-05, 1.08573694888e-05, 1.02468429759e-05, 1.11395111162e-05, 1.63891252214e-06, 4.27840404882e-07],
        "median": [7.02134705932e-09, 3.49360718133e-09, 6.95193307365e-08, 5.39200016192e-07, 1.01329874269e-06, 1.4467048004e-07, 1.66259567891e-07, 1.65753064607e-07, 9.2958302389e-08, 2.75388920556e-08, 7.98056873919e-08, 9.85129275932e-08, 1.32326434255e-07, 3.08127198423e-07, 1.94552200128e-07, 1.34477630809e-07, 1.04881280549e-07, 3.75219997295e-07, 1.95709958462e-07, 1.7928385887e-07, 1.82625200296e-07, 1.65108730243e-07, 2.4980249691e-07, 2.76792889053e-07, 1.12611729719e-07, 6.55795986404e-08, 6.52287184266e-08],
        "min": [9.96276086802e-13, 7.92974301674e-13, 2.13471587954e-13, 2.09042987998e-13, 3.9430061321e-13, 1.51350787914e-13, 8.34517323951e-14, 1.02664404755e-13, 1.25471286938e-14, 1.21782805737e-14, 1.38323163687e-13, 8.24683339196e-14, 6.87372793233e-14, 5.26820950687e-14, 3.7695154886e-14, 4.83426775173e-14, 2.0912660709e-13, 8.94440026059e-14, 6.52215301623e-14, 9.60654082324e-14, 1.74316981748e-13, 2.63923865401e-13, 4.08104729481e-13, 6.27212203615e-13, 1.00542436789e-12, 9.21651969153e-13, 1.9633524407e-12],
        "stdev": [1.34065248858e-05, 1.15460136385e-06, 0.000175312627107, 0.00161828577984, 0.0240967851132, 0.000545114337001, 0.000369106797734, 0.000562447239645, 9.10200324142e-05, 1.0104429748e-05, 2.22336402658e-05, 2.29215620493e-05, 1.50616251631e-05, 6.52640519547e-05, 0.000318108825013, 4.30656582466e-05, 5.17688240507e-05, 6.17982368567e-05, 8.35472237668e-05, 0.000158618611749, 5.41167755728e-05, 5.99841368967e-05, 3.09245951939e-05, 3.27429224853e-05, 5.37041960342e-05, 8.52820539876e-06, 2.04734897125e-06],
        "var": [1.79734921391e-10, 1.33310441679e-12, 3.07345189299e-08, 2.61884883912e-06, 0.00058065506164, 2.97149654216e-07, 1.36239833637e-07, 3.16346870477e-07, 8.28464585823e-09, 1.02099495525e-10, 4.9433479532e-10, 5.25398002882e-10, 2.26852564511e-10, 4.25939639115e-09, 1.0119322269e-07, 1.85465087732e-09, 2.68001110193e-09, 3.81902198754e-09, 6.98013868927e-09, 2.51598635259e-08, 2.92862534224e-09, 3.59809648742e-09, 9.56330681312e-10, 1.07209885414e-09, 2.884140482e-09, 7.27302801318e-11, 4.19163748849e-12]
    },
    "erbbands": {
        "dmean": [3.63017206837e-05, 0.000710107560735, 0.0390741825104, 0.741618037224, 9.87868881226, 24.4104366302, 20.3912639618, 1.14973175526, 0.473405182362, 5.68754863739, 1.74585866928, 0.723509609699, 0.186938807368, 0.154891267419, 0.345169097185, 0.193865448236, 0.249224841595, 0.824817240238, 3.65963077545, 2.77169704437, 0.404691338539, 0.635612130165, 1.03401052952, 2.11302447319, 0.95201921463, 1.58902823925, 0.968786120415, 0.517012834549, 0.545792520046, 0.30115121603, 0.202960684896, 0.159967541695, 0.183130785823, 0.163331001997, 0.0832835435867, 0.01523171179, 0.00304623064585, 0.000584047636949, 8.53363890201e-05, 1.07834703158e-05],
        "dmean2": [5.33774982614e-05, 0.00112328934483, 0.0707480832934, 1.14578056335, 18.6279582977, 42.0625267029, 36.5080070496, 1.99417352676, 0.817733049393, 11.0519208908, 3.0039908886, 1.27799117565, 0.31965944171, 0.234080538154, 0.529007792473, 0.267359644175, 0.42414277792, 1.14698898792, 5.97929143906, 4.29611110687, 0.533627748489, 0.865539133549, 1.38067376614, 2.94658756256, 1.44417500496, 2.37506604195, 1.27107429504, 0.696688950062, 0.872568845749, 0.517428934574, 0.31978598237, 0.237764328718, 0.273634016514, 0.25930288434, 0.121051058173, 0.0246736388654, 0.00510539440438, 0.000939304532949, 0.000131643842906, 1.76380563062e-05],
        "dvar": [1.64690714399e-08, 9.09100890567e-06, 0.0382855795324, 11.1571874619, 1896.15881348, 9760.83789062, 7609.96142578, 16.1305999756, 2.28128314018, 569.119445801, 32.2876205444, 6.56123828888, 0.30010330677, 0.153780788183, 0.730361282825, 0.180334717035, 0.303163737059, 3.0492579937, 165.05821228, 95.6667785645, 1.23420512676, 4.64210128784, 4.59183645248, 26.4641895294, 7.3668847084, 25.2954998016, 7.91119003296, 2.11773371696, 3.31862854958, 0.984366238117, 0.407193243504, 0.227324903011, 0.427493870258, 0.498605549335, 0.122288942337, 0.00481681944802, 0.000193680098164, 6.64415483698e-06, 1.29201879417e-07, 9.65914348505e-10],
        "dvar2": [2.54863383731e-08, 2.30607420235e-05, 0.10691255331, 26.0516719818, 5398.74609375, 18877.7832031, 21125.0605469, 42.9040718079, 4.61763954163, 1647.8314209, 84.8837280273, 17.4645233154, 0.638938963413, 0.334231078625, 1.29309606552, 0.305122941732, 0.649744272232, 6.49064159393, 395.524932861, 231.239532471, 2.33395195007, 10.2563066483, 8.30434894562, 58.7594223022, 12.4114274979, 50.9992256165, 16.2090950012, 4.34202671051, 6.21579217911, 2.11831736565, 0.948775053024, 0.473731607199, 1.08054196835, 1.27530956268, 0.276192724705, 0.0125829875469, 0.000517119246069, 1.68657170434e-05, 3.1834906622e-07, 1.86569937277e-09],
        "max": [0.000992507557385, 0.0224972274154, 1.36058199406, 24.6351661682, 282.51449585, 647.835266113, 579.941040039, 27.1498985291, 8.53410625458, 145.355499268, 36.0161933899, 17.2030162811, 2.87837409973, 3.3240506649, 7.05977535248, 3.94933772087, 3.16350984573, 10.5263376236, 100.988540649, 75.5570602417, 7.23063373566, 19.8623447418, 13.8404579163, 30.7790851593, 21.9495258331, 43.4623641968, 25.2704257965, 12.5819940567, 14.3135662079, 6.81518936157, 5.46738529205, 4.12264728546, 5.30028295517, 5.51915597916, 2.83828878403, 0.527032077312, 0.103946968913, 0.0200644936413, 0.00284268264659, 0.000194823835045],
        "mean": [4.37778580817e-05, 0.000546716386452, 0.0245924256742, 0.578833222389, 5.6239900589, 22.4620952606, 12.6308193207, 0.769312143326, 0.424193531275, 3.16468644142, 1.20787870884, 0.584059536457, 0.181014984846, 0.159366086125, 0.415201812983, 0.2848700881, 0.33649212122, 1.05545663834, 3.5095076561, 2.79924893379, 0.553462088108, 0.743852972984, 1.18543851376, 2.06147313118, 1.35854566097, 2.15599989891, 1.12267041206, 0.644696176052, 0.692144334316, 0.468786865473, 0.269142180681, 0.231599614024, 0.173265248537, 0.137311667204, 0.0720970854163, 0.0117376958951, 0.00235478347167, 0.000490821257699, 7.37740192562e-05, 1.07381220005e-05],
        "median": [2.00238289949e-07, 3.27970064973e-06, 9.51573019847e-05, 0.00111662782729, 0.00299082743004, 0.00315786129795, 0.00404050620273, 0.00155008898582, 0.00166161125526, 0.00364791532047, 0.00360524095595, 0.00228329119273, 0.000935243442655, 0.00124478375074, 0.00387594173662, 0.00470225699246, 0.00666131731123, 0.0148052973673, 0.0148818083107, 0.00966459233314, 0.00862378440797, 0.00684374710545, 0.0160331986845, 0.0110754221678, 0.0104695204645, 0.00963131897151, 0.00849516410381, 0.00429770164192, 0.00460250861943, 0.0101516535506, 0.00542769348249, 0.00477580912411, 0.00436045415699, 0.00172005209606, 0.000803393311799, 0.000282033055555, 0.000113308458822, 4.33707682532e-05, 9.1195852292e-06, 8.88161594048e-07],
        "min": [3.85230285171e-11, 1.26221491592e-10, 2.42149383878e-10, 5.17304643566e-10, 9.84690995409e-10, 1.3693253198e-09, 1.42463196795e-09, 1.15997067507e-09, 1.00205455045e-09, 2.02788696946e-09, 1.72871705839e-09, 3.32362415367e-10, 2.50561238424e-10, 1.80499803992e-09, 6.52653397992e-09, 2.80872058944e-09, 3.33205374403e-09, 2.52555776292e-09, 2.29910890326e-09, 2.1147696927e-09, 4.75863259908e-09, 1.22110179746e-08, 6.02864380639e-09, 3.55919249628e-09, 2.00358996061e-09, 3.88502030546e-09, 7.62620189221e-09, 6.62469989976e-09, 1.1404982736e-08, 1.07595843346e-08, 1.26327641681e-08, 1.72049379188e-08, 5.98986193978e-09, 8.62928839496e-09, 7.4531003591e-09, 4.69066563369e-09, 1.73128356096e-09, 7.36381733368e-10, 2.4503346574e-10, 3.082552269e-11],
        "stdev": [0.000171151797986, 0.00270262197591, 0.154170021415, 3.09767866135, 33.4978370667, 101.89099884, 69.6526107788, 3.40499734879, 1.52032411098, 17.7930164337, 4.88510847092, 2.17234730721, 0.55322855711, 0.481899708509, 1.14887773991, 0.680074572563, 0.71165394783, 2.27585458755, 12.477935791, 9.55476474762, 1.54567754269, 2.6611058712, 2.83316755295, 5.64460039139, 4.09652090073, 7.60199356079, 3.40494728088, 1.82363474369, 2.26049113274, 1.36596393585, 0.793026566505, 0.675492525101, 0.648357927799, 0.649342298508, 0.349695473909, 0.0611301511526, 0.0120814433321, 0.00235410733148, 0.000334996875608, 3.32372364937e-05],
        "var": [2.92929378531e-08, 7.30416559236e-06, 0.0237683933228, 9.59561347961, 1122.10510254, 10381.7763672, 4851.48583984, 11.5940074921, 2.31138539314, 316.591461182, 23.8642864227, 4.71909332275, 0.306061863899, 0.232227325439, 1.31992006302, 0.462501436472, 0.506451368332, 5.17951440811, 155.698883057, 91.2935333252, 2.38911914825, 7.08148431778, 8.02683830261, 31.8615150452, 16.7814826965, 57.7903060913, 11.5936660767, 3.32564353943, 5.10982036591, 1.86585736275, 0.628891170025, 0.456290155649, 0.420368015766, 0.421645402908, 0.12228693068, 0.00373689527623, 0.000145961268572, 5.54182133783e-06, 1.12222906523e-07, 1.10471387593e-09]
    },
    "gfcc": {
        "mean": [-387.568847656, -1.46567952633, -103.58354187, 21.7398052216, -59.2463874817, -4.90166950226, -53.4287605286, -17.8831768036, -35.476852417, -10.547873497, -23.1972122192, -13.4822359085, -17.6696662903],
        "cov": [[60168.0507812, 5886.39013672, -7432.68847656, 909.815002441, -3462.60717773, -1560.56591797, -2998.00683594, -1134.88452148, -1267.36364746, -182.389831543, -137.341018677, -1688.40014648, -122.330551147], [5886.39013672, 2031.97839355, 162.593841553, 104.560470581, -42.5514945984, -509.37298584, -399.173919678, -262.963134766, -343.459869385, -232.19078064, 40.4397544861, -380.815032959, 29.9610233307], [-7432.68847656, 162.593841553, 2462.95996094, -9.64804649353, 737.280639648, -2.92445850372, 359.75994873, 75.585144043, -80.7164459229, -207.434188843, -88.5573577881, 65.6390075684, 20.6819839478], [909.815002441, 104.560470581, -9.64804649353, 196.217651367, 14.8980093002, 28.4402599335, -10.7195577621, -58.6769180298, -65.9222717285, -41.4583244324, -72.6081466675, -62.780620575, -23.6454868317], [-3462.60717773, -42.5514945984, 737.280639648, 14.8980093002, 515.028747559, 68.7858657837, 198.13772583, 31.7689685822, -3.58727788925, -74.3969192505, -21.3322639465, -11.3627023697, -27.1861095428], [-1560.56591797, -509.37298584, -2.92445850372, 28.4402599335, 68.7858657837, 223.210540771, 132.103729248, 46.7591667175, 89.0617218018, 38.6920814514, -45.410030365, 82.4943618774, -18.846113205], [-2998.00683594, -399.173919678, 359.75994873, -10.7195577621, 198.13772583, 132.103729248, 248.006454468, 98.4199371338, 77.3504714966, 37.5653266907, -20.0079994202, 70.6344528198, -5.13365697861], [-1134.88452148, -262.963134766, 75.585144043, -58.6769180298, 31.7689685822, 46.7591667175, 98.4199371338, 130.967193604, 78.8905792236, 59.2511177063, 26.7477741241, 49.0175476074, 15.6483802795], [-1267.36364746, -343.459869385, -80.7164459229, -65.9222717285, -3.58727788925, 89.0617218018, 77.3504714966, 78.8905792236, 143.296585083, 66.3412246704, 31.4380874634, 82.5944442749, 4.63424777985], [-182.389831543, -232.19078064, -207.434188843, -41.4583244324, -74.3969192505, 38.6920814514, 37.5653266907, 59.2511177063, 66.3412246704, 101.072479248, 43.2164154053, 43.7152175903, 17.9230918884], [-137.341018677, 40.4397544861, -88.5573577881, -72.6081466675, -21.3322639465, -45.410030365, -20.0079994202, 26.7477741241, 31.4380874634, 43.2164154053, 98.6187973022, 29.4151287079, 41.9131088257], [-1688.40014648, -380.815032959, 65.6390075684, -62.780620575, -11.3627023697, 82.4943618774, 70.6344528198, 49.0175476074, 82.5944442749, 43.7152175903, 29.4151287079, 151.216430664, 33.5169181824], [-122.330551147, 29.9610233307, 20.6819839478, -23.6454868317, -27.1861095428, -18.846113205, -5.13365697861, 15.6483802795, 4.63424777985, 17.9230918884, 41.9131088257, 33.5169181824, 65.0211639404]],
        "icov": [[0.000135674505145, -0.000292454235023, 0.0002289829863, -0.000191184226424, 0.000308501388645, -0.000282497145236, 0.000823691720143, -0.000574793317355, 0.000455463625258, -0.000334676878992, 0.0005138097913, 0.000311871786835, 6.59535944578e-05], [-0.000292454235023, 0.00422098487616, -0.00111027015373, -4.84682313981e-05, 0.000128408151795, 0.0036755099427, -0.00125954777468, 0.00404575280845, -0.00156748050358, 0.00458066584542, -0.00471722893417, 0.00633017113432, -0.00348701607436], [0.0002289829863, -0.00111027015373, 0.00177513831295, 3.55648035111e-06, -0.000818831205834, 0.000437983195297, -5.72258832108e-05, -0.00222828262486, 0.00155086652376, 0.000763205578551, 0.00298446789384, -0.00210522813722, -0.000464123324491], [-0.000191184226424, -4.84682313981e-05, 3.55648035111e-06, 0.00972512271255, -0.000516241008881, -0.00269350269809, -0.00211755046621, 0.0028714814689, 0.00202719517983, -0.000284718145849, 0.00432063220069, 0.00196111761034, -0.00251869554631], [0.000308501388645, 0.000128408151795, -0.000818831205834, -0.000516241008881, 0.00739901326597, -0.00298833358102, -0.00259130657651, 4.6547727834e-05, 0.00116793601774, 0.00561608653516, -0.00655658775941, 0.00581633253023, 0.002202546224], [-0.000282497145236, 0.0036755099427, 0.000437983195297, -0.00269350269809, -0.00298833358102, 0.0175530631095, -0.00435951817781, 0.00453480985016, -0.00648842100054, 0.000973341928329, 0.00537988590077, -0.00145648838952, -0.00346428062767], [0.000823691720143, -0.00125954777468, -5.72258832108e-05, -0.00211755046621, -0.00259130657651, -0.00435951817781, 0.0210175197572, -0.00808167457581, 0.00174647534732, -0.0104816295207, 0.00774857774377, 0.00071745144669, 3.57303688361e-05], [-0.000574793317355, 0.00404575280845, -0.00222828262486, 0.0028714814689, 4.6547727834e-05, 0.00453480985016, -0.00808167457581, 0.0225170552731, -0.00830445531756, -0.00183259055484, -0.00421271426603, 0.00709810247645, -0.00576227391139], [0.000455463625258, -0.00156748050358, 0.00155086652376, 0.00202719517983, 0.00116793601774, -0.00648842100054, 0.00174647534732, -0.00830445531756, 0.0212785992771, -0.00309796328656, -0.00251354882494, -0.00475204410031, 0.00597445387393], [-0.000334676878992, 0.00458066584542, 0.000763205578551, -0.000284718145849, 0.00561608653516, 0.000973341928329, -0.0104816295207, -0.00183259055484, -0.00309796328656, 0.0368357896805, -0.0179656818509, 0.00800463370979, -0.00332131655887], [0.0005138097913, -0.00471722893417, 0.00298446789384, 0.00432063220069, -0.00655658775941, 0.00537988590077, 0.00774857774377, -0.00421271426603, -0.00251354882494, -0.0179656818509, 0.0384531021118, -0.00995184108615, -0.0103199649602], [0.000311871786835, 0.00633017113432, -0.00210522813722, 0.00196111761034, 0.00581633253023, -0.00145648838952, 0.00071745144669, 0.00709810247645, -0.00475204410031, 0.00800463370979, -0.00995184108615, 0.0312736518681, -0.01216282323], [6.59535944578e-05, -0.00348701607436, -0.000464123324491, -0.00251869554631, 0.002202546224, -0.00346428062767, 3.57303688361e-05, -0.00576227391139, 0.00597445387393, -0.00332131655887, -0.0103199649602, -0.01216282323, 0.0310602467507]]
    },
    "melbands": {
        "dmean": [2.44004382921e-07, 2.11545739148e-05, 0.000281123066088, 0.00142076145858, 0.000947896915022, 1.519502257e-05, 1.00855650089e-05, 6.09056842222e-05, 9.95324808173e-06, 4.03259946324e-06, 8.83785787664e-07, 5.66267999602e-07, 1.12077998438e-06, 8.11606980733e-07, 4.42538890866e-07, 6.14319617398e-07, 1.78409356977e-06, 5.25135828866e-06, 6.58816907162e-06, 1.647798058e-06, 2.48036485573e-07, 5.56080578917e-07, 9.09233108359e-07, 1.22450319395e-06, 1.89645311366e-06, 6.61857257001e-07, 1.10502082862e-06, 1.02837839222e-06, 6.33824413399e-07, 4.51468025631e-07, 2.79806499748e-07, 3.85390904967e-07, 2.00638993419e-07, 1.64317711437e-07, 1.18420835804e-07, 1.20801033177e-07, 8.89733371423e-08, 1.25622236169e-07, 1.22737674246e-07, 1.4743280019e-07],
        "dmean2": [4.21607694534e-07, 4.07489678764e-05, 0.000458083901322, 0.00223498162813, 0.00159014353994, 2.62130670308e-05, 1.6567102648e-05, 0.000118951960758, 1.66265017469e-05, 7.19905710866e-06, 1.45738158608e-06, 9.13690769266e-07, 1.65531582752e-06, 1.19639321383e-06, 6.28396946922e-07, 1.07721302811e-06, 2.77317144537e-06, 8.39302538225e-06, 9.93538742478e-06, 2.60989486378e-06, 3.32145958737e-07, 8.2051786876e-07, 1.29361740164e-06, 1.69729878507e-06, 2.73199589174e-06, 9.19945136957e-07, 1.83729252967e-06, 1.47377352278e-06, 8.32263481243e-07, 7.22009701803e-07, 3.27829980051e-07, 5.72586657199e-07, 3.20555017197e-07, 2.87495339535e-07, 1.78361162284e-07, 1.84324051133e-07, 1.23352222658e-07, 1.8577264882e-07, 1.94256855934e-07, 2.36682510035e-07],
        "dvar": [6.58396351761e-13, 1.23454233503e-08, 1.34741151214e-06, 3.0294426324e-05, 1.56445275934e-05, 2.21615348295e-09, 9.91219439861e-10, 6.70324027396e-08, 8.89948281735e-10, 2.19657916856e-10, 6.4274518867e-12, 2.33858071796e-12, 7.22378363724e-12, 4.76360660986e-12, 8.46095437636e-13, 1.79408137652e-12, 1.58088160618e-11, 2.67854349811e-10, 5.60319179943e-10, 2.98989964731e-11, 4.09201942079e-13, 3.71230737123e-12, 8.04826257722e-12, 6.53779157547e-12, 2.31869887873e-11, 3.12765134972e-12, 1.85565087601e-11, 1.08240265709e-11, 3.56092434185e-12, 1.75255589121e-12, 5.8211432636e-13, 1.71388727863e-12, 4.93534033086e-13, 2.72089805114e-13, 1.58636965326e-13, 1.1677507919e-13, 6.85842035291e-14, 1.79601532214e-13, 2.24008244137e-13, 4.43259849398e-13],
        "dvar2": [1.74572628488e-12, 3.60381555708e-08, 3.15374882121e-06, 7.32320040697e-05, 4.14044952777e-05, 5.86989123974e-09, 2.23436003033e-09, 1.94846251134e-07, 2.08028816395e-09, 5.97156490922e-10, 1.49276025568e-11, 5.43948566745e-12, 1.25776680737e-11, 8.55316772269e-12, 1.78915964075e-12, 4.17752941614e-12, 3.6520855784e-11, 6.18566420307e-10, 1.34404110064e-09, 7.22594137303e-11, 5.56403935512e-13, 8.27637177542e-12, 1.87766521081e-11, 1.23552635137e-11, 5.29072341493e-11, 6.25712892957e-12, 4.27483048959e-11, 1.9564738718e-11, 6.28446947259e-12, 4.57450700583e-12, 1.10224015245e-12, 3.40798613288e-12, 1.07261075022e-12, 6.4751611191e-13, 3.98980626098e-13, 2.54006668129e-13, 1.37130703928e-13, 4.50312015324e-13, 5.67230398936e-13, 1.14238295473e-12],
        "max": [5.87108161199e-06, 0.000735578360036, 0.00813834369183, 0.0390567295253, 0.0274392366409, 0.000292796408758, 0.000186926801689, 0.00158175267279, 0.000168514277902, 9.81609846349e-05, 1.4173630916e-05, 1.25141268654e-05, 2.34269718931e-05, 2.04036205105e-05, 4.70254644824e-06, 8.54020800034e-06, 2.43481899815e-05, 0.000130637388793, 0.000184514094144, 3.92308938899e-05, 5.68267159906e-06, 1.7502128685e-05, 2.44513521466e-05, 1.45820440594e-05, 2.82355413219e-05, 1.20697013699e-05, 3.92257461499e-05, 3.13571144943e-05, 1.73226271727e-05, 9.61905516306e-06, 6.89572652846e-06, 1.06157804112e-05, 5.52802930542e-06, 3.61755428457e-06, 3.35838763021e-06, 2.67944960797e-06, 2.26191173169e-06, 3.44838713318e-06, 3.73045577362e-06, 5.14478733749e-06],
        "mean": [2.63129095401e-07, 1.17128747661e-05, 0.00020585861057, 0.00103187025525, 0.000643747975118, 1.04853770608e-05, 8.09223911347e-06, 3.35696640832e-05, 8.12062353361e-06, 3.23009226122e-06, 7.88201930391e-07, 5.5691526768e-07, 1.2988087974e-06, 1.08201595594e-06, 5.86169278449e-07, 7.93832441559e-07, 2.11853398469e-06, 5.20569392393e-06, 5.96321524426e-06, 1.81831967438e-06, 4.02104348041e-07, 6.83365044551e-07, 9.02942986158e-07, 1.35728646455e-06, 1.78730920197e-06, 7.99578458555e-07, 1.33553442083e-06, 1.46259537814e-06, 7.62947365729e-07, 4.43392025318e-07, 3.51377309471e-07, 4.32629803981e-07, 3.06709296183e-07, 2.36120882846e-07, 1.42013021787e-07, 1.6978401618e-07, 1.23950059105e-07, 1.19094998752e-07, 1.09269059578e-07, 1.20934601e-07],
        "median": [1.87693349751e-09, 4.03756494904e-08, 2.39370280042e-07, 2.14637225326e-07, 1.38951250506e-07, 1.73465579678e-08, 2.57391228331e-08, 4.15198186943e-08, 2.69103601624e-08, 1.29471544597e-08, 4.29663327139e-09, 4.25133839244e-09, 1.14638893933e-08, 1.14286828889e-08, 1.19416965205e-08, 1.51862167286e-08, 2.61708947846e-08, 2.5131075887e-08, 1.43947911369e-08, 7.41356354084e-09, 6.82235690164e-09, 5.69522828897e-09, 7.01436686512e-09, 1.4481608801e-08, 7.11400982567e-09, 5.68171643067e-09, 1.02651016576e-08, 5.20380716296e-09, 4.61064564306e-09, 3.72081521149e-09, 2.18865414681e-09, 2.39717712347e-09, 3.22275495179e-09, 5.93212590161e-09, 2.72026312587e-09, 2.90146262572e-09, 2.82997714152e-09, 3.2238824943e-09, 1.7448429368e-09, 1.0166085751e-09],
        "min": [3.29754073439e-13, 1.38545343817e-13, 1.02713159972e-13, 8.56352478078e-14, 5.33123960017e-14, 2.62594799556e-14, 1.57534202968e-14, 2.34653012217e-14, 1.18889485184e-14, 1.48724967143e-15, 1.04141493843e-15, 5.74895999675e-15, 2.12888246528e-14, 1.21029412282e-14, 5.78750296046e-15, 6.69956940334e-15, 4.61016782136e-15, 4.04454928885e-15, 2.52464480325e-15, 3.34527912167e-15, 5.91162886262e-15, 1.48145723662e-14, 6.20294848065e-15, 3.87147801136e-15, 2.78703146987e-15, 2.54137073934e-15, 3.2274409039e-16, 3.33420098951e-15, 5.50326411435e-15, 4.97262507795e-15, 2.7920520459e-15, 5.84539258021e-15, 5.94661428796e-15, 6.5227872745e-15, 5.80294691219e-15, 1.23201043822e-14, 8.35986959996e-15, 4.11101850532e-15, 4.15127713427e-15, 8.46275615096e-15],
        "stdev": [9.547868558e-07, 8.2237253082e-05, 0.00107068161014, 0.0050557134673, 0.00334592536092, 4.08068044635e-05, 3.00952015095e-05, 0.000192034480278, 2.86349568341e-05, 1.22486208056e-05, 2.45317710323e-06, 1.77349750174e-06, 3.59935575034e-06, 3.09959204969e-06, 1.20748961763e-06, 1.70694170265e-06, 4.72628062198e-06, 1.67310645338e-05, 2.29154120461e-05, 5.67419237996e-06, 1.11086274046e-06, 2.42127316596e-06, 3.13562054544e-06, 3.17999001709e-06, 5.08935045218e-06, 2.19048001782e-06, 5.30131046617e-06, 5.14843941346e-06, 2.39906216848e-06, 1.30034186441e-06, 1.01379146145e-06, 1.52441100454e-06, 9.16193755529e-07, 6.78905507812e-07, 4.458384808e-07, 4.81712731926e-07, 3.68334781342e-07, 4.29990109296e-07, 4.46926520681e-07, 6.04420847594e-07],
