{
"lowlevel": {
    "average_loudness": 0.978597342968,
    "barkbands_crest": {
        "dmean": 2.0852560997,
        "dmean2": 3.56548523903,
        "dvar": 3.71864771843,
        "dvar2": 10.2822628021,
        "max": 21.2096595764,
        "mean": 8.91348457336,
        "median": 8.5455198288,
        "min": 2.7798781395,
        "stdev": 3.14528226852,
        "var": 9.89280033112
    },
    "barkbands_flatness_db": {
        "dmean": 0.0264893770218,
        "dmean2": 0.0424486733973,
        "dvar": 0.00121451145969,
        "dvar2": 0.00297252112068,
        "max": 0.342314720154,
        "mean": 0.148405373096,
        "median": 0.147868156433,
        "min": 0.0349487550557,
        "stdev": 0.0649683251977,
        "var": 0.004220883362
    },
    "barkbands_kurtosis": {
        "dmean": 3.35396432877,
        "dmean2": 5.59727191925,
        "dvar": 26.9431037903,
        "dvar2": 68.9292907715,
        "max": 35.6901092529,
        "mean": 4.13276815414,
        "median": 1.04900836945,
        "min": -1.91904437542,
        "stdev": 7.64240884781,
        "var": 58.406414032
    },
    "barkbands_skewness": {
        "dmean": 0.682102382183,
        "dmean2": 1.11719501019,
        "dvar": 0.544328212738,
        "dvar2": 1.28680503368,
        "max": 1.13154792786,
        "mean": -1.58749461174,
        "median": -1.54866075516,
        "min": -5.45600605011,
        "stdev": 1.45660471916,
        "var": 2.12169742584
    },
    "barkbands_spread": {
        "dmean": 7.01948547363,
        "dmean2": 11.6743946075,
        "dvar": 66.6646575928,
        "dvar2": 151.348724365,
        "max": 87.5674209595,
        "mean": 27.1716938019,
        "median": 25.588306427,
        "min": 1.49797785282,
        "stdev": 15.3370914459,
        "var": 235.226379395
    },
    "dissonance": {
        "dmean": 0.0102137876675,
        "dmean2": 0.0184424351901,
        "dvar": 0.00018440221902,
        "dvar2": 0.00053206802113,
        "max": 0.5,
        "mean": 0.489613860846,
        "median": 0.49293372035,
        "min": 0.400044679642,
        "stdev": 0.0124306743965,
        "var": 0.000154521665536
    },
    "dynamic_complexity": 7.27454328537,
    "erbbands_crest": {
        "dmean": 1.94605314732,
        "dmean2": 3.28549671173,
        "dvar": 2.71054005623,
        "dvar2": 6.80942392349,
        "max": 19.795539856,
        "mean": 9.3668718338,
        "median": 9.10190296173,
        "min": 3.36656737328,
        "stdev": 3.10162568092,
        "var": 9.62008190155
    },
    "erbbands_flatness_db": {
        "dmean": 0.0260654911399,
        "dmean2": 0.0423738881946,
        "dvar": 0.00130659062415,
        "dvar2": 0.00307190837339,
        "max": 0.406627207994,
        "mean": 0.219837844372,
        "median": 0.220353886485,
        "min": 0.0813119411469,
        "stdev": 0.068030141294,
        "var": 0.00462810043246
    },
    "erbbands_kurtosis": {
        "dmean": 3.22125053406,
        "dmean2": 5.39164590836,
        "dvar": 20.8302745819,
        "dvar2": 53.605014801,
        "max": 32.8585166931,
        "mean": 4.64636564255,
        "median": 1.9711728096,
        "min": -1.79753756523,
        "stdev": 6.76142501831,
        "var": 45.7168655396
    },
    "erbbands_skewness": {
        "dmean": 0.56306886673,
        "dmean2": 0.932071983814,
        "dvar": 0.37438416481,
        "dvar2": 0.828461825848,
        "max": 0.657187402248,
        "mean": -1.71126699448,
        "median": -1.62762844563,
        "min": -4.88453960419,
        "stdev": 1.22617948055,
        "var": 1.503516078
    },
    "erbbands_spread": {
        "dmean": 8.77098464966,
        "dmean2": 15.0567970276,
        "dvar": 104.703086853,
        "dvar2": 244.06048584,
        "max": 78.8303604126,
        "mean": 32.2376098633,
        "median": 28.8857498169,
        "min": 3.32924127579,
        "stdev": 18.8897762299,
        "var": 356.823669434
    },
    "hfc": {
        "dmean": 28.6710395813,
        "dmean2": 39.5450172424,
        "dvar": 1784.59814453,
        "dvar2": 2973.75146484,
        "max": 427.59552002,
        "mean": 53.3260231018,
        "median": 19.4890136719,
        "min": 2.78812677834e-07,
        "stdev": 82.1335906982,
        "var": 6745.92626953
    },
    "loudness_ebu128": {
        "integrated": -14.5968208313,
        "loudness_range": 1.33118152618,
        "momentary": {
            "dmean": 2.07361936569,
            "dmean2": 2.4910171032,
            "dvar": 3.73438596725,
            "dvar2": 5.50035858154,
            "max": -10.6144685745,
            "mean": -16.4461612701,
            "median": -15.0540885925,
            "min": -30.6094760895,
            "stdev": 4.45211410522,
            "var": 19.8213195801
        },
        "short_term": {
            "dmean": 0.183627575636,
            "dmean2": 0.263661295176,
            "dvar": 0.0357123985887,
            "dvar2": 0.0508366115391,
            "max": -14.0181360245,
            "mean": -14.6380491257,
            "median": -14.5159111023,
            "min": -15.990442276,
            "stdev": 0.561027646065,
            "var": 0.314752042294
        }
    },
    "melbands_crest": {
        "dmean": 2.50854158401,
        "dmean2": 4.31131076813,
        "dvar": 6.77817440033,
        "dvar2": 18.5182971954,
        "max": 22.3233566284,
        "mean": 7.20480203629,
        "median": 6.46776008606,
        "min": 2.86795091629,
        "stdev": 3.09717583656,
        "var": 9.5924987793
    },
    "melbands_flatness_db": {
        "dmean": 0.0183169078082,
        "dmean2": 0.0314453318715,
        "dvar": 0.000369318702724,
        "dvar2": 0.00100921676494,
        "max": 0.192630842328,
        "mean": 0.075445458293,
        "median": 0.0690642893314,
        "min": 0.0298358965665,
        "stdev": 0.0281838439405,
        "var": 0.000794329040218
    },
    "melbands_kurtosis": {
        "dmean": 1.35471200943,
        "dmean2": 2.2322435379,
        "dvar": 3.16138339043,
        "dvar2": 7.73680067062,
        "max": 13.7932567596,
        "mean": 0.355930566788,
        "median": -0.828956604004,
        "min": -1.89070641994,
        "stdev": 2.60176849365,
        "var": 6.76919937134
    },
    "melbands_skewness": {
        "dmean": 0.582044780254,
        "dmean2": 0.966666996479,
        "dvar": 0.407556027174,
        "dvar2": 0.98367524147,
        "max": 2.86351060867,
        "mean": 0.0448236353695,
        "median": 0.0341492295265,
        "min": -2.97101974487,
        "stdev": 1.25060534477,
        "var": 1.56401383877
    },
    "melbands_spread": {
        "dmean": 21.4274215698,
        "dmean2": 34.7981796265,
        "dvar": 394.300109863,
        "dvar2": 918.87286377,
        "max": 177.132904053,
        "mean": 97.0941696167,
        "median": 100.186012268,
        "min": 11.2782831192,
        "stdev": 33.5463905334,
        "var": 1125.36022949
    },
    "pitch_salience": {
        "dmean": 0.0510756932199,
        "dmean2": 0.0878534317017,
        "dvar": 0.00282338215038,
        "dvar2": 0.00691128475592,
        "max": 0.978554904461,
        "mean": 0.775570511818,
        "median": 0.778855621815,
        "min": 0.537586987019,
        "stdev": 0.073190331459,
        "var": 0.00535682449117
    },
    "silence_rate_20dB": {
        "dmean": 0,
        "dmean2": 0,
        "dvar": 0,
        "dvar2": 0,
        "max": 1,
        "mean": 1,
        "median": 1,
        "min": 1,
        "stdev": 0,
        "var": 0
    },
    "silence_rate_30dB": {
        "dmean": 0,
        "dmean2": 0,
        "dvar": 0,
        "dvar2": 0,
        "max": 1,
        "mean": 1,
        "median": 1,
        "min": 1,
        "stdev": 0,
        "var": 0
    },
    "silence_rate_60dB": {
        "dmean": 0.108527131379,
        "dmean2": 0.217898830771,
        "dvar": 0.0967488288879,
        "dvar2": 0.185983717442,
        "max": 1,
        "mean": 0.416988402605,
        "median": 0,
        "min": 0,
        "stdev": 0.493060201406,
        "var": 0.243108361959
    },
    "spectral_centroid": {
        "dmean": 387.188293457,
        "dmean2": 619.631103516,
        "dvar": 226265.921875,
        "dvar2": 460745.4375,
        "max": 5443.36181641,
        "mean": 3900.69213867,
        "median": 4174.19287109,
        "min": 1366.49438477,
        "stdev": 985.729003906,
        "var": 971661.625
    },
    "spectral_complexity": {
        "dmean": 4.81395339966,
        "dmean2": 6.87159538269,
        "dvar": 40.058380127,
        "dvar2": 73.1936416626,
        "max": 59,
        "mean": 11.5559844971,
        "median": 3,
        "min": 0,
        "stdev": 14.5925216675,
        "var": 212.941696167
    },
    "spectral_decrease": {
        "dmean": 7.15355719105e-10,
        "dmean2": 9.92112725307e-10,
        "dvar": 9.52024087274e-19,
        "dvar2": 1.49204160895e-18,
        "max": -1.00370519457e-18,
        "mean": -1.46051337691e-09,
        "median": -5.42627609512e-10,
        "min": -1.09087467948e-08,
        "stdev": 2.10682382651e-09,
        "var": 4.43870658806e-18
    },
    "spectral_energy": {
        "dmean": 0.00528004439548,
        "dmean2": 0.00728065986186,
        "dvar": 5.44153663213e-05,
        "dvar2": 8.64472021931e-05,
        "max": 0.0799562856555,
        "mean": 0.0103491377085,
        "median": 0.00363806006499,
        "min": 2.90773464334e-11,
        "stdev": 0.0152783542871,
        "var": 0.000233428101637
    },
    "spectral_energyband_high": {
        "dmean": 0.00441861851141,
        "dmean2": 0.00605015922338,
        "dvar": 4.37080525444e-05,
        "dvar2": 7.18924566172e-05,
        "max": 0.065812908113,
        "mean": 0.00808587204665,
        "median": 0.00295504671521,
        "min": 1.85312026141e-11,
        "stdev": 0.0127107994631,
        "var": 0.000161564428709
    },
    "spectral_energyband_low": {
        "dmean": 9.65628896665e-06,
        "dmean2": 1.54098142957e-05,
        "dvar": 7.49767248287e-10,
        "dvar2": 1.95862859265e-09,
        "max": 0.000292460987112,
        "mean": 9.63032016443e-06,
        "median": 6.0476611452e-07,
        "min": 3.33845104339e-12,
        "stdev": 2.91525011562e-05,
        "var": 8.49868342367e-10
    },
    "spectral_energyband_middle_high": {
        "dmean": 0.000729451247025,
        "dmean2": 0.00112381752115,
        "dvar": 1.50592723003e-06,
        "dvar2": 3.39841039931e-06,
        "max": 0.0105855558068,
        "mean": 0.00143654795829,
        "median": 0.000386525556678,
        "min": 2.94791187988e-12,
        "stdev": 0.00214654346928,
        "var": 4.60764931631e-06
    },
    "spectral_energyband_middle_low": {
        "dmean": 0.000490449485369,
        "dmean2": 0.000769766920712,
        "dvar": 1.00913518963e-06,
        "dvar2": 2.25805138143e-06,
        "max": 0.0115381889045,
        "mean": 0.000859961088281,
        "median": 0.00017317844322,
        "min": 9.09283119719e-13,
        "stdev": 0.00166894064751,
        "var": 2.78536299447e-06
    },
    "spectral_entropy": {
        "dmean": 0.0873357057571,
        "dmean2": 0.147593662143,
        "dvar": 0.00818325951695,
        "dvar2": 0.0200418885797,
        "max": 8.96112251282,
        "mean": 8.27109050751,
        "median": 8.30446910858,
        "min": 7.79380130768,
        "stdev": 0.133431732655,
        "var": 0.0178040284663
    },
    "spectral_flux": {
        "dmean": 0.0165644213557,
        "dmean2": 0.0238083768636,
        "dvar": 0.000478934351122,
        "dvar2": 0.000925108848605,
        "max": 0.189136847854,
        "mean": 0.0558264926076,
        "median": 0.0534660257399,
        "min": 0.000238548629568,
        "stdev": 0.0484658144414,
        "var": 0.00234893499874
    },
    "spectral_kurtosis": {
        "dmean": 0.625706732273,
        "dmean2": 1.06523823738,
        "dvar": 0.355933815241,
        "dvar2": 1.01345312595,
        "max": 3.34943056107,
        "mean": 0.885544717312,
        "median": 0.833915710449,
        "min": -0.952162265778,
        "stdev": 0.800649762154,
        "var": 0.641040086746
    },
    "spectral_rms": {
        "dmean": 0.000790625868831,
        "dmean2": 0.0010782944737,
        "dvar": 7.74264435677e-07,
        "dvar2": 1.23989934764e-06,
        "max": 0.0088321082294,
        "mean": 0.00229112128727,
        "median": 0.00188396580052,
        "min": 1.68428456959e-07,
        "stdev": 0.00220170011744,
        "var": 4.84748306917e-06
    },
    "spectral_rolloff": {
        "dmean": 373.826324463,
        "dmean2": 601.002563477,
        "dvar": 652316.1875,
        "dvar2": 1026600.5625,
        "max": 17291.1621094,
        "mean": 6683.52490234,
        "median": 6739.89257812,
        "min": 2497.8515625,
        "stdev": 869.52520752,
        "var": 756074.125
    },
    "spectral_skewness": {
        "dmean": 0.18650841713,
        "dmean2": 0.288113951683,
        "dvar": 0.0425570942461,
        "dvar2": 0.0945463180542,
        "max": 1.61917591095,
        "mean": 0.302607685328,
        "median": 0.244501069188,
        "min": -0.705490231514,
        "stdev": 0.39267551899,
        "var": 0.154194056988
    },
    "spectral_spread": {
        "dmean": 546528.875,
        "dmean2": 855589,
        "dvar": 710257999872,
        "dvar2": 1.19498198221e+12,
        "max": 15603852,
        "mean": 4933854,
        "median": 4810671,
        "min": 2171210.5,
        "stdev": 1331677.375,
        "var": 1.77336457626e+12
    },
    "spectral_strongpeak": {
        "dmean": 1.87093341351,
        "dmean2": 2.96599388123,
        "dvar": 6.4389834404,
        "dvar2": 15.5376262665,
        "max": 22.0342979431,
        "mean": 2.42256736755,
        "median": 0.9953302145,
        "min": 0,
        "stdev": 3.35013914108,
        "var": 11.2234315872
    },
    "zerocrossingrate": {
        "dmean": 0.0141961146146,
        "dmean2": 0.0152051160112,
        "dvar": 0.000515521562193,
        "dvar2": 0.000566609611269,
        "max": 0.48876953125,
        "mean": 0.221131071448,
        "median": 0.22998046875,
        "min": 0.0703125,
        "stdev": 0.0401032157242,
        "var": 0.00160826800857
    },
    "barkbands": {
        "dmean": [1.2390179549e-08, 5.72337000904e-07, 6.58900808048e-06, 1.07237719931e-05, 7.38118396839e-05, 7.65557997511e-05, 0.00011775582243, 0.000171899198904, 0.000192550651263, 0.000149421553942, 0.000137814204209, 7.37033842597e-05, 7.16891518096e-05, 9.39288947848e-05, 7.24530691514e-05, 6.23268424533e-05, 8.39601270854e-05, 9.68144813669e-05, 0.000132567292894, 0.000242107678787, 0.000665740983095, 0.00232468103059, 0.0014962006826, 0.00023301190231, 2.74293815892e-05, 5.81934591537e-06, 1.43135139297e-05],
        "dmean2": [2.320013337e-08, 9.86367467704e-07, 1.14627400762e-05, 1.91610688489e-05, 0.00012449476344, 0.000133589303005, 0.000202914961847, 0.000292612880003, 0.000335098884534, 0.000250826502452, 0.000238981258008, 0.00012447667541, 0.000120025142678, 0.000159879680723, 0.00012359637185, 9.96951712295e-05, 0.00013274406956, 0.000149828847498, 0.00019426032668, 0.000298789906083, 0.000904821965378, 0.00345421163365, 0.00208662659861, 0.00036831831676, 3.77867909265e-05, 9.84291182249e-06, 2.61675195361e-05],
        "dvar": [4.63022344397e-15, 2.31962452718e-12, 6.38390063035e-10, 4.74400685402e-10, 3.11623118421e-08, 3.73163011602e-08, 8.28073183357e-08, 1.58120471383e-07, 2.60954124087e-07, 9.54786401053e-08, 1.12030527077e-07, 2.19871516549e-08, 2.23345377748e-08, 3.64491903326e-08, 2.96125488575e-08, 1.34212161385e-08, 3.06999403676e-08, 3.9395647633e-08, 5.64943576364e-08, 1.88302649917e-07, 1.31093327127e-06, 1.54682838911e-05, 5.60968783248e-06, 2.25625043981e-07, 2.4771253937e-09, 2.11749645596e-10, 4.05133304682e-09],
        "dvar2": [1.37216288137e-14, 6.69678635462e-12, 1.87412974029e-09, 1.2062172372e-09, 8.83089725789e-08, 8.41591614176e-08, 1.82256698622e-07, 4.29161275406e-07, 7.27140843537e-07, 2.51804522122e-07, 3.19106817415e-07, 6.34793480003e-08, 6.4993827209e-08, 9.84011165883e-08, 8.73033840776e-08, 3.61641596669e-08, 7.71152457446e-08, 1.01228629035e-07, 1.14987848576e-07, 2.602766358e-07, 2.3273350962e-06, 3.41244085575e-05, 1.12527359306e-05, 5.46495869003e-07, 4.10314360266e-09, 5.62858148978e-10, 1.24246719579e-08],
        "max": [6.32665035027e-07, 1.23444679048e-05, 0.000235834013438, 0.000172538522747, 0.00149142299779, 0.00188947678544, 0.00363387865946, 0.00341900903732, 0.00471283309162, 0.00275810505264, 0.00307539151981, 0.0011847486021, 0.00128546496853, 0.0018456610851, 0.00181856146082, 0.00126145873219, 0.0016457925085, 0.00200865976512, 0.00238232803531, 0.00786831788719, 0.0158309489489, 0.0351670794189, 0.0241008419544, 0.004780897405, 0.000581093365327, 0.000133262350573, 0.000594911631197],
        "mean": [8.12286948815e-09, 5.1742136975e-07, 5.2617547226e-06, 1.18041725727e-05, 9.61977348197e-05, 9.2674359621e-05, 0.000155248388182, 0.000197714965907, 0.000253345147939, 0.000191301340237, 0.000166153360624, 9.86837912933e-05, 8.8553664682e-05, 0.000112161658762, 9.28818481043e-05, 9.08521542442e-05, 0.000114124173706, 0.000142348158988, 0.000211702543311, 0.000437484908616, 0.00113214540761, 0.00360057712533, 0.00259172567166, 0.000397086580051, 5.18103552167e-05, 6.89079797667e-06, 9.53766539169e-06],
        "median": [3.82566367474e-10, 2.09194759293e-08, 1.50932550014e-07, 7.59593206112e-07, 4.66280198452e-06, 8.7858952611e-06, 2.12437316804e-05, 2.57934170804e-05, 3.66406202374e-05, 3.01981563098e-05, 2.36513842538e-05, 1.68712249433e-05, 1.52044076458e-05, 2.16504868149e-05, 1.28989295263e-05, 2.00679714908e-05, 3.63974140782e-05, 2.77616636595e-05, 5.89304399909e-05, 0.000127842737129, 0.000328145484673, 0.00104161631316, 0.000797784887254, 8.79862855072e-05, 9.59386215982e-06, 7.85560928307e-07, 1.95258440527e-08],
        "min": [2.71035494395e-12, 1.70564148742e-12, 2.63709247581e-13, 1.88507033334e-13, 3.9033302957e-13, 1.59109555501e-13, 1.22372611718e-14, 4.70173487817e-14, 6.45636972704e-14, 9.13200789402e-14, 4.29967307147e-14, 2.83240499197e-13, 4.83952342176e-14, 9.34385218938e-14, 1.84188845816e-13, 2.86158114348e-13, 3.16867246417e-13, 5.27913921345e-13, 4.37258627743e-13, 8.20102720542e-13, 1.08071104149e-12, 1.54811482644e-12, 9.25279275941e-13, 1.70239625348e-12, 2.72177527912e-12, 6.12659359009e-12, 4.49167612826e-12],
        "stdev": [5.20992031738e-08, 1.40220436151e-06, 2.15739510168e-05, 2.51861820288e-05, 0.000216562242713, 0.000237282642047, 0.000393049238482, 0.000486628036015, 0.000591066782363, 0.000358809717, 0.000364600098692, 0.000184748452739, 0.000159638308105, 0.0002352258889, 0.000203593881452, 0.000161742951605, 0.000219243956963, 0.000280278094579, 0.000379860168323, 0.0008641758468, 0.00203013210557, 0.00615914724767, 0.00411060219631, 0.000730262254365, 9.64041755651e-05, 1.64172961377e-05, 5.48936477571e-05],
        "var": [2.71432682036e-15, 1.9661770042e-12, 4.65435384678e-10, 6.34343744199e-10, 4.68992027436e-08, 5.63030511103e-08, 1.54487693749e-07, 2.36806855014e-07, 3.49359964957e-07, 1.28744417793e-07, 1.3293322354e-07, 3.41319932318e-08, 2.5484391486e-08, 5.53312169416e-08, 4.14504697233e-08, 2.61607819851e-08, 4.80679140935e-08, 7.85558071925e-08, 1.44293750282e-07, 7.46799855733e-07, 4.12143663198e-06, 3.79350967705e-05, 1.68970491359e-05, 5.33282957349e-07, 9.2937648688e-09, 2.69527594687e-10, 3.01331248842e-09]
    },
    "erbbands": {
        "dmean": [5.12988071932e-06, 0.000243866626988, 0.00498751690611, 0.0216708797961, 0.134576141834, 0.324801504612, 0.321660012007, 0.765314936638, 1.69828522205, 2.59083843231, 3.96137738228, 4.55361509323, 4.34174776077, 5.2041683197, 4.64193534851, 2.87817001343, 3.26151275635, 4.12347745895, 4.70136642456, 2.99043297768, 3.63953518867, 4.60707139969, 4.69718074799, 5.62518501282, 8.20191192627, 10.9942483902, 21.5611400604, 32.9851341248, 73.7831802368, 86.3032989502, 34.6239471436, 8.86074924469, 2.08236718178, 0.499336600304, 0.133387058973, 0.0311587508768, 0.00910270493478, 0.00558068277314, 0.00230221636593, 0.000222370028496],
        "dmean2": [8.51676395541e-06, 0.0004383775522, 0.0087085319683, 0.0367164760828, 0.235115230083, 0.556613087654, 0.545100152493, 1.28925037384, 2.83468174934, 4.17866230011, 6.97883033752, 7.84015226364, 7.63122940063, 8.68924427032, 7.79809761047, 4.84908771515, 5.51664543152, 6.92518043518, 8.10120296478, 4.92753648758, 5.65263080597, 7.18144893646, 6.86787080765, 8.88255691528, 11.8890562057, 14.3288831711, 29.1813201904, 47.7796821594, 107.15687561, 128.623626709, 49.8853645325, 13.7414035797, 3.22307395935, 0.678062856197, 0.202903658152, 0.0499013625085, 0.0155605003238, 0.00980569887906, 0.00416662869975, 0.000402514066081],
        "dvar": [1.5721929314e-10, 5.96069867242e-07, 0.000335996999638, 0.00219964957796, 0.150702521205, 0.599903166294, 0.393766522408, 4.06521081924, 29.742975235, 49.6819419861, 105.490081787, 146.083877563, 89.4963607788, 150.958938599, 123.396591187, 33.8577690125, 45.9251441956, 78.1788482666, 106.64201355, 24.9235572815, 54.7280693054, 91.3197479248, 97.6011886597, 118.006988525, 230.128570557, 365.496765137, 1456.17321777, 3405.05712891, 16621.3554688, 19416.9941406, 2690.31591797, 247.894851685, 15.9139204025, 0.913201510906, 0.0639854446054, 0.00423076143488, 0.000676654861309, 0.000480591435917, 0.000111357825517, 1.01705018096e-06],
        "dvar2": [4.08686418041e-10, 1.72353782091e-06, 0.000975495902821, 0.0055816010572, 0.479787528515, 1.6471709013, 1.05746078491, 8.68081951141, 86.1044006348, 145.578689575, 284.804504395, 403.677734375, 251.280288696, 398.974090576, 349.62310791, 95.6005020142, 132.187713623, 210.574356079, 306.519348145, 65.9570159912, 143.723052979, 231.553543091, 249.603042603, 266.367492676, 491.592529297, 558.379516602, 2260.46191406, 5647.55957031, 32986.1757812, 42554.4804688, 4928.94433594, 603.781616211, 31.667596817, 1.44902050495, 0.138472899795, 0.0103388363495, 0.00184744491708, 0.00135033577681, 0.000316181773087, 3.29777935804e-06],
        "max": [0.000114954993478, 0.00720181083307, 0.172743812203, 0.393892228603, 3.83980441093, 6.14886760712, 6.43705892563, 22.7449474335, 70.5858459473, 89.7979736328, 78.4628372192, 113.360694885, 66.0977401733, 127.496292114, 107.144584656, 48.8486709595, 56.907951355, 89.2163238525, 104.221672058, 54.4454345703, 69.0419006348, 93.8645935059, 114.462272644, 96.7602310181, 139.387329102, 313.833068848, 551.986816406, 650.161804199, 1440.52587891, 1044.13256836, 501.78012085, 170.516098022, 42.8993453979, 13.4257297516, 2.42657065392, 0.606491267681, 0.244881749153, 0.241485729814, 0.0985537618399, 0.00852696225047],
        "mean": [6.08645586908e-06, 0.000233337646932, 0.00432058656588, 0.0245626308024, 0.152198731899, 0.381914198399, 0.386663168669, 0.921697735786, 1.88401806355, 3.22381091118, 4.67526912689, 5.73653173447, 5.69157361984, 6.89022064209, 6.11115598679, 4.00037336349, 4.14231014252, 5.19993114471, 5.96248149872, 4.46709012985, 5.29103899002, 6.36923933029, 7.05949354172, 9.31856632233, 12.6909160614, 20.4026298523, 37.209236145, 57.5007629395, 116.053604126, 135.245407104, 61.0050773621, 15.0423660278, 3.99595427513, 0.988833725452, 0.217526391149, 0.0444191657007, 0.0100592765957, 0.00464417412877, 0.00157970155124, 0.000159231261932],
        "median": [4.32776317894e-07, 1.01708328657e-05, 0.00018947191711, 0.00153314566705, 0.00748305628076, 0.0135294431821, 0.0248372536153, 0.0866832286119, 0.247851327062, 0.486863613129, 0.719806790352, 0.787291646004, 0.992180764675, 1.16571807861, 0.806393325329, 0.794009923935, 0.711733460426, 1.03696119785, 0.896563112736, 0.943901360035, 1.33121073246, 1.94245934486, 1.50994586945, 2.30346703529, 3.77458500862, 5.97195053101, 9.5625295639, 16.1644916534, 33.1276893616, 41.1079177856, 18.3897323608, 3.74917864799, 1.02556324005, 0.191609710455, 0.033170863986, 0.00759689323604, 0.00106495199725, 0.000113915019028, 1.94989552256e-05, 1.11781264422e-05],
        "min": [9.13933997926e-11, 2.43243619691e-10, 3.33959998544e-10, 4.95098462228e-10, 9.32134147646e-10, 1.32550281862e-09, 1.66424685144e-09, 1.08228626061e-09, 3.42413458698e-10, 3.78053255368e-10, 1.09991094011e-09, 1.1858929394e-09, 3.51384543684e-09, 1.66348279595e-09, 4.43142722517e-09, 1.0959976926e-08, 2.76519074305e-09, 4.52974946441e-09, 8.3503701731e-09, 1.20256711256e-08, 1.82132477988e-08, 1.50972958579e-08, 2.75674842953e-08, 2.70973110617e-08, 2.90970429973e-08, 4.29636521915e-08, 4.72180090583e-08, 2.94061628381e-08, 4.77719162006e-08, 4.84848001747e-08, 2.88062675935e-08, 2.60204622293e-08, 3.67261776546e-08, 2.72312146166e-08, 1.78535639606e-08, 1.34372042382e-08, 1.48212473405e-08, 4.13601064508e-09, 7.95011556587e-10, 6.08604208696e-11],
        "stdev": [1.40974234455e-05, 0.000693930429406, 0.0161104593426, 0.0558344163001, 0.386145085096, 0.904047012329, 0.771122455597, 2.53867030144, 5.56833934784, 7.48304224014, 11.9768209457, 13.7644729614, 10.7460889816, 14.6492433548, 12.4826087952, 7.45624494553, 7.38531255722, 10.6865139008, 13.2483129501, 7.51037979126, 9.75741577148, 12.234331131, 14.256020546, 16.8715076447, 22.3188896179, 38.0472869873, 69.2950439453, 102.179878235, 206.029510498, 217.377944946, 97.0951156616, 25.1640110016, 7.13244771957, 1.8484544754, 0.412584513426, 0.086624674499, 0.0270385313779, 0.0218269117177, 0.00903158821166, 0.000831190496683],
        "var": [1.98737346024e-10, 4.81539473185e-07, 0.000259546912275, 0.00311748194508, 0.149108037353, 0.817300975323, 0.594629883766, 6.44484710693, 31.0064048767, 55.9959182739, 143.444244385, 189.460708618, 115.478431702, 214.600326538, 155.81552124, 55.5955886841, 54.5428390503, 114.201576233, 175.517791748, 56.4058074951, 95.2071609497, 149.678863525, 203.234130859, 284.647796631, 498.132843018, 1447.59594727, 4801.80273438, 10440.7275391, 42448.15625, 47253.1679688, 9427.4609375, 633.227478027, 50.8718109131, 3.41678380966, 0.170225992799, 0.00750383455306, 0.000731082225684, 0.000476414104924, 8.15695821075e-05, 6.90877641318e-07]
    },
    "gfcc": {
        "mean": [-196.679519653, -25.9604110718, -167.267807007, 27.5029830933, -123.790626526, 5.92209196091, -40.3312187195, -18.5082912445, -17.3065719604, -13.9897880554, -22.1445903778, -4.98575115204, -15.3812046051],
        "cov": [[48895.1796875, -2952.05517578, -4515.11767578, 1300.93676758, -3625.63134766, -234.310089111, -129.476379395, 294.992492676, 310.815826416, -125.500839233, -140.369842529, -274.197784424, -58.126663208], [-2952.05517578, 1220.3951416, 697.205932617, -45.8987846375, 427.183105469, 90.881187439, -172.354614258, -65.1971130371, -137.47428894, -10.5399637222, -13.9837722778, -37.3810768127, -43.4809417725], [-4515.11767578, 697.205932617, 1230.06713867, -1.24282026291, 692.112182617, 24.2012462616, -75.7593994141, -131.614105225, -114.904411316, 39.0425987244, -19.6965198517, 44.2812652588, -41.1580581665], [1300.93676758, -45.8987846375, -1.24282026291, 420.645782471, -117.685668945, -37.8461036682, 40.0742607117, 31.5733261108, 30.0400218964, -6.42144727707, -10.0858058929, -40.8952713013, 5.60616207123], [-3625.63134766, 427.183105469, 692.112182617, -117.685668945, 643.389770508, 118.331352234, -68.3579101562, -59.0091362, -111.132659912, 22.0983829498, -16.5581054688, 30.0912742615, -2.37640619278], [-234.310089111, 90.881187439, 24.2012462616, -37.8461036682, 118.331352234, 143.628372192, -18.1335754395, 4.99618673325, -43.424911499, -20.8006381989, -16.076002121, -13.7586631775, 6.45402526855], [-129.476379395, -172.354614258, -75.7593994141, 40.0742607117, -68.3579101562, -18.1335754395, 145.640548706, 26.9049701691, 43.6229400635, -8.79291915894, -0.0729009956121, -1.68843734264, 4.11605882645], [294.992492676, -65.1971130371, -131.614105225, 31.5733261108, -59.0091362, 4.99618673325, 26.9049701691, 100.027572632, 40.9093704224, -5.60316610336, 0.403603434563, -16.7276725769, 9.81748485565], [310.815826416, -137.47428894, -114.904411316, 30.0400218964, -111.132659912, -43.424911499, 43.6229400635, 40.9093704224, 124.407806396, 42.7830085754, 16.3947486877, -6.76142597198, -6.8867430687], [-125.500839233, -10.5399637222, 39.0425987244, -6.42144727707, 22.0983829498, -20.8006381989, -8.79291915894, -5.60316610336, 42.7830085754, 87.0718612671, 27.9202785492, 8.21487140656, -13.021938324], [-140.369842529, -13.9837722778, -19.6965198517, -10.0858058929, -16.5581054688, -16.076002121, -0.0729009956121, 0.403603434563, 16.3947486877, 27.9202785492, 59.2014961243, 21.2257766724, -2.23027324677], [-274.197784424, -37.3810768127, 44.2812652588, -40.8952713013, 30.0912742615, -13.7586631775, -1.68843734264, -16.7276725769, -6.76142597198, 8.21487140656, 21.2257766724, 56.5061340332, 15.0765047073], [-58.126663208, -43.4809417725, -41.1580581665, 5.60616207123, -2.37640619278, 6.45402526855, 4.11605882645, 9.81748485565, -6.8867430687, -13.021938324, -2.23027324677, 15.0765047073, 47.2454605103]],
        "icov": [[5.09476121806e-05, 5.77196988161e-05, 6.99566007825e-05, -0.000142788732774, 0.000241865200223, -0.000148941137013, 0.000226367585128, -2.66995880338e-06, 0.000138819290441, -0.000131569278892, 0.000250602548476, -0.0001577976509, 0.000253190053627], [5.77196988161e-05, 0.001809478621, -0.00111707509495, 0.000133520399686, 0.000613546057139, -0.000720370386261, 0.0016659925459, -0.000532000500243, 0.000812325219158, 0.000375653646188, -0.000965889834333, 0.00215664529242, 0.000330142938765], [6.99566007825e-05, -0.00111707509495, 0.00425885338336, -0.00159080128651, -0.00390427536331, 0.00235545891337, -0.000511499412823, 0.00229013105854, -0.000600620813202, -5.4056731642e-06, 0.0020139683038, -0.00321117741987, 0.00303816096857], [-0.000142788732774, 0.000133520399686, -0.00159080128651, 0.00368516566232, 0.00101143436041, 0.000364789942978, -0.000991495209746, -0.00100438948721, 4.94789346703e-05, 8.7610562332e-05, -0.00133720471058, 0.00377966999076, -0.00281767291017], [0.000241865200223, 0.000613546057139, -0.00390427536331, 0.00101143436041, 0.00846961326897, -0.00514623895288, 0.00127509841695, -0.00223448546603, 0.00315184355713, -0.00331116421148, 0.00130182632711, -0.000248795869993, -0.00148911389988], [-0.000148941137013, -0.000720370386261, 0.00235545891337, 0.000364789942978, -0.00514623895288, 0.0119118783623, -0.000924295338336, -0.000214525847696, 0.00112951628398, 0.00178960885387, -0.000119890195492, 0.0029232527595, -0.000879117404111], [0.000226367585128, 0.0016659925459, -0.000511499412823, -0.000991495209746, 0.00127509841695, -0.000924295338336, 0.0105045037344, -0.00106866564602, -0.00225539179519, 0.00234845513478, 0.000327263318468, -0.000117871393741, 0.00135270610917], [-2.66995880338e-06, -0.000532000500243, 0.00229013105854, -0.00100438948721, -0.00223448546603, -0.000214525847696, -0.00106866564602, 0.0151527253911, -0.00568730896339, 0.00273268530145, -0.00111068971455, 0.002714589471, -0.00251184450462], [0.000138819290441, 0.000812325219158, -0.000600620813202, 4.94789346703e-05, 0.00315184355713, 0.00112951628398, -0.00225539179519, -0.00568730896339, 0.0170704834163, -0.00907958950847, 0.000695348950103, 0.00129721791018, 0.00137642875779], [-0.000131569278892, 0.000375653646188, -5.4056731642e-06, 8.7610562332e-05, -0.00331116421148, 0.00178960885387, 0.00234845513478, 0.00273268530145, -0.00907958950847, 0.0203496273607, -0.00802639499307, 0.00104330736212, 0.00255879480392], [0.000250602548476, -0.000965889834333, 0.0020139683038, -0.00133720471058, 0.00130182632711, -0.000119890195492, 0.000327263318468, -0.00111068971455, 0.000695348950103, -0.00802639499307, 0.0264849271625, -0.0130192637444, 0.00491061294451], [-0.0001577976509, 0.00215664529242, -0.00321117741987, 0.00377966999076, -0.000248795869993, 0.0029232527595, -0.000117871393741, 0.002714589471, 0.00129721791018, 0.00104330736212, -0.0130192637444, 0.0337006039917, -0.0133130708709], [0.000253190053627, 0.000330142938765, 0.00303816096857, -0.00281767291017, -0.00148911389988, -0.000879117404111, 0.00135270610917, -0.00251184450462, 0.00137642875779, 0.00255879480392, 0.00491061294451, -0.0133130708709, 0.0305977892131]]
    },
    "melbands": {
        "dmean": [9.28754957386e-08, 1.89739012058e-06, 6.29047644907e-06, 1.73560747498e-05, 1.21209950521e-05, 1.75543846126e-05, 2.52706395258e-05, 3.05992689391e-05, 3.27106608893e-05, 2.89747586066e-05, 2.22070193558e-05, 2.11500282603e-05, 1.80595761776e-05, 8.53075744089e-06, 7.39266533856e-06, 7.39924553272e-06, 8.10449455457e-06, 8.08474760561e-06, 4.62999287265e-06, 3.90736704503e-06, 4.75432352687e-06, 5.41264580534e-06, 3.9134315557e-06, 4.95559652336e-06, 4.74554872198e-06, 5.65460550206e-06, 6.58271937937e-06, 7.8728180597e-06, 1.22704395835e-05, 1.60579293151e-05, 2.21141108341e-05, 3.76521747967e-05, 5.72945864405e-05, 4.55289336969e-05, 2.44950751949e-05, 8.552626241e-06, 4.25179496233e-06, 1.65549556641e-06, 7.43676650927e-07, 3.39598841492e-07],
        "dmean2": [1.58818025398e-07, 3.22149548992e-06, 1.07769001261e-05, 2.92237309623e-05, 2.07628054341e-05, 2.96140387945e-05, 4.09991152992e-05, 4.97380751767e-05, 5.76313395868e-05, 5.0558737712e-05, 3.92860274587e-05, 3.5170258343e-05, 3.08247144858e-05, 1.42954713738e-05, 1.29163272504e-05, 1.224108928e-05, 1.37996739795e-05, 1.40189404192e-05, 7.63252046454e-06, 6.41870519758e-06, 7.53632184569e-06, 8.51754430187e-06, 6.1185537561e-06, 7.67058827478e-06, 7.7015001807e-06, 8.35605987959e-06, 9.76873434411e-06, 1.04989576357e-05, 1.71373430931e-05, 2.22247272177e-05, 3.36678494932e-05, 5.22085429111e-05, 9.23626503209e-05, 6.66538180667e-05, 3.68602268281e-05, 1.28061547002e-05, 6.77399930282e-06, 2.61076047536e-06, 1.09781001356e-06, 4.98258941661e-07],
        "dvar": [5.44655127748e-14, 4.33410148049e-11, 2.08943237712e-10, 1.92531834919e-09, 5.82280945682e-10, 2.39563902049e-09, 4.77143213828e-09, 6.0295404225e-09, 7.01918878576e-09, 5.87667514651e-09, 2.27551355536e-09, 2.52838638914e-09, 2.03875405447e-09, 2.69168937139e-10, 2.00007510553e-10, 2.47131037856e-10, 2.90734852859e-10, 2.9204064167e-10, 8.10531086692e-11, 5.35560762405e-11, 1.14561950204e-10, 1.25963586783e-10, 1.0220661123e-10, 9.19845102865e-11, 8.34777524883e-11, 1.25787505412e-10, 1.3729523074e-10, 2.10855458094e-10, 5.17235532183e-10, 8.84329776074e-10, 1.64885083365e-09, 5.01086372395e-09, 1.09718367725e-08, 5.73850078567e-09, 1.51057377717e-09, 1.56252732975e-10, 9.04681884961e-11, 1.06289508445e-11, 2.33092733483e-12, 4.77823130455e-13],
        "dvar2": [1.51954918917e-13, 1.22906740341e-10, 6.17728701524e-10, 5.70399460997e-09, 1.58343538281e-09, 5.54775958506e-09, 1.31338184772e-08, 1.7550613407e-08, 1.91342035549e-08, 1.61947806276e-08, 6.41654640532e-09, 6.62808252727e-09, 5.79316772331e-09, 7.40304484381e-10, 5.79037040538e-10, 7.03204827701e-10, 7.87946263792e-10, 8.1832268739e-10, 2.38768976812e-10, 1.38799499672e-10, 2.99833408102e-10, 3.24871296531e-10, 2.94770513554e-10, 2.07992054135e-10, 2.00623517799e-10, 2.71202948987e-10, 2.96783514431e-10, 3.47462641992e-10, 7.68516583705e-10, 1.6340290232e-09, 3.1068814188e-09, 9.18522857773e-09, 2.77853615671e-08, 1.24349783803e-08, 2.87597234916e-09, 2.93026269915e-10, 2.6351215654e-10, 2.26891908039e-11, 3.96758841059e-12, 9.3381238072e-13],
        "max": [2.04427601602e-06, 6.30446811556e-05, 0.000127156119561, 0.000375010393327, 0.000239134562435, 0.000553261081222, 0.000926826440264, 0.00093983404804, 0.000699303927831, 0.000691042514518, 0.000339051795891, 0.000525082054082, 0.000420397205744, 0.000122124736663, 0.000112131259812, 0.000121011420561, 0.000166062571225, 0.000180152783287, 8.13361621113e-05, 8.13232109067e-05, 9.75806469796e-05, 0.00010749881767, 0.000126793805975, 8.77955244505e-05, 7.62981944717e-05, 0.000123692385387, 0.000114494483569, 0.000248392461799, 0.000305331486743, 0.000441535928985, 0.000396436895244, 0.00092039979063, 0.000775400083512, 0.000710429041646, 0.000382220896427, 0.000128682004288, 9.44824787439e-05, 3.69030603906e-05, 2.00918893825e-05, 9.28466306505e-06],
        "mean": [8.89921452085e-08, 1.70619534856e-06, 7.40037012292e-06, 2.03606723517e-05, 1.43902352647e-05, 2.09281770367e-05, 2.97742008115e-05, 3.74339870177e-05, 3.87639229302e-05, 3.61028178304e-05, 2.81788361463e-05, 2.76067603409e-05, 2.20224719669e-05, 1.23177187561e-05, 9.37857021199e-06, 8.82831045601e-06, 9.77798299573e-06, 1.01079631349e-05, 6.37272296444e-06, 5.73743409404e-06, 6.42072973278e-06, 6.87989722792e-06, 5.29927319803e-06, 7.55308428779e-06, 7.3369292295e-06, 8.32524347061e-06, 1.00903334896e-05, 1.41756017911e-05, 2.13687144424e-05, 2.62392495642e-05, 3.57509234163e-05, 5.95837518631e-05, 8.26112882351e-05, 7.21195028746e-05, 4.0948332753e-05, 1.46535712702e-05, 6.54490349916e-06, 2.98503982776e-06, 1.41893633554e-06, 6.00894452418e-07],
        "median": [4.3426013896e-09, 7.45883141917e-08, 5.18664535321e-07, 9.77651097855e-07, 9.64426590144e-07, 2.14548595068e-06, 3.942091098e-06, 5.37854475624e-06, 5.63326011616e-06, 4.63716742161e-06, 4.70341728942e-06, 4.0549480218e-06, 2.87272268906e-06, 2.21141863221e-06, 1.74190074631e-06, 1.40415568239e-06, 1.80657912097e-06, 1.53322753249e-06, 1.08145172817e-06, 1.25628889691e-06, 1.49255413362e-06, 2.21728464567e-06, 1.31379385948e-06, 1.40994302456e-06, 1.67299378973e-06, 2.26590373131e-06, 3.00143346976e-06, 3.94035305362e-06, 5.73479383092e-06, 7.01755971022e-06, 9.56597341428e-06, 1.73012376763e-05, 2.04058233066e-05, 2.3241595045e-05, 1.28354131448e-05, 4.17148430643e-06, 1.41196574077e-06, 7.65192169183e-07, 2.91669095986e-07, 1.14259407269e-07],
        "min": [7.74800145917e-13, 2.15005801791e-13, 9.83514078555e-14, 8.18547161476e-14, 5.96722920642e-14, 2.49235328149e-14, 4.3375223152e-15, 5.44222014391e-15, 8.70559795584e-15, 8.59307725209e-15, 1.77186366843e-14, 6.47127327175e-15, 8.94312886414e-15, 3.37655047694e-14, 1.30102380285e-14, 6.12093282147e-15, 8.18343602518e-15, 1.21284267555e-14, 1.4870535833e-14, 1.94565128169e-14, 2.35935301515e-14, 2.00165354262e-14, 8.83865920856e-15, 3.29568356384e-14, 2.09483902528e-14, 1.26779359919e-14, 3.57415513201e-14, 2.3510170251e-14, 2.37078779053e-14, 3.19309601546e-14, 1.12144604177e-14, 2.36902460675e-14, 3.64883294478e-14, 2.07165776639e-14, 1.70545577714e-14, 1.30535298824e-14, 1.58091279596e-14, 3.09789798252e-14, 2.04482393203e-14, 2.2705614312e-14],
        "stdev": [2.28381040301e-07, 6.05594641456e-06, 1.6177433281e-05, 4.969116344e-05, 2.91267115244e-05, 5.85724737903e-05, 8.06738389656e-05, 8.53392848512e-05, 9.59030658123e-05, 8.72991950018e-05, 5.33030797669e-05, 5.92944015807e-05, 4.79872032884e-05, 2.24690120376e-05, 1.65403707797e-05, 1.70063267433e-05, 2.05417763937e-05, 2.24895029532e-05, 1.22303645185e-05, 1.01599653135e-05, 1.28296969706e-05, 1.34140273076e-05, 1.20844824778e-05, 1.45824469655e-05, 1.35257423608e-05, 1.59252322192e-05, 1.76532321348e-05, 2.80052827293e-05, 4.07836305385e-05, 5.05324314872e-05, 6.53982278891e-05, 0.000112199777504, 0.00014197564451, 0.000116413262731, 6.80208977428e-05, 2.25762887567e-05, 1.23615436678e-05, 5.44181648365e-06, 2.82840619548e-06, 1.15270040624e-06],
